J:/: 0.076415751 0.923584249 0.000000000
J:/cr: 0.017490063 0.041451301 0.941058636
J:/rr: 0.000000000 0.999676082 0.000323918
JJ:/cc/: 0.001514353 0.998485647 0.000000000
JJ:/cc/cr: 0.999982106 0.000008947 0.000008947
JJ:/cc/rr: 0.000000000 0.991151188 0.008848812
JJ:/crc/: 0.952130184 0.047869816 0.000000000
JJ:/crc/cr: 0.996998560 0.001500720 0.001500720
JJ:/crc/rr: 0.000000000 0.999886823 0.000113177
JJ:/crrc/: 0.914408325 0.085591675 0.000000000
JJ:/crrc/cr: 0.996021616 0.001989192 0.001989192
JJ:/crrc/rr: 0.000000000 0.999720707 0.000279293
JJ:/rc/: 0.790009197 0.209990803 0.000000000
JJ:/rc/cr: 0.998971642 0.000514179 0.000514179
JJ:/rc/rr: 0.000000000 0.999794991 0.000205009
JJ:/rrc/: 0.997259498 0.002740502 0.000000000
JJ:/rrc/cr: 0.960588304 0.019705848 0.019705848
JJ:/rrc/rr: 0.000000000 0.999918772 0.000081228
JK:/cc/: 0.079128383 0.920871617 0.000000000
JK:/cc/cr: 0.000352032 0.000009701 0.999638267
JK:/cc/rr: 0.000000000 0.000169348 0.999830652
JK:/crc/: 0.048451586 0.951548414 0.000000000
JK:/crc/cr: 0.025732353 0.000075497 0.974192150
JK:/crc/rr: 0.000000000 0.002224051 0.997775949
JK:/crrc/: 0.998353127 0.001646873 0.000000000
JK:/crrc/cr: 0.103382746 0.103382746 0.793234508
JK:/crrc/rr: 0.000000000 0.000255809 0.999744191
JK:/rc/: 0.972948314 0.027051686 0.000000000
JK:/rc/cr: 0.793529900 0.003991353 0.202478747
JK:/rc/rr: 0.000000000 0.000166462 0.999833538
JK:/rrc/: 0.517079101 0.482920899 0.000000000
JK:/rrc/cr: 0.622932130 0.000111828 0.376956043
JK:/rrc/rr: 0.000000000 0.000156660 0.999843340
JQ:/cc/: 0.212229526 0.787770474 0.000000000
JQ:/cc/cr: 0.000047946 0.000011340 0.999940714
JQ:/cc/rr: 0.000000000 0.000063140 0.999936860
JQ:/crc/: 0.949305209 0.050694791 0.000000000
JQ:/crc/cr: 0.040050843 0.001417092 0.958532065
JQ:/crc/rr: 0.000000000 0.000113513 0.999886487
JQ:/crrc/: 0.014087835 0.985912165 0.000000000
JQ:/crrc/cr: 0.137497467 0.000172691 0.862329842
JQ:/crrc/rr: 0.000000000 0.018128223 0.981871777
JQ:/rc/: 0.983322651 0.016677349 0.000000000
JQ:/rc/cr: 0.006474221 0.006474221 0.987051559
JQ:/rc/rr: 0.000000000 0.000164706 0.999835294
JQ:/rrc/: 0.135398365 0.864601635 0.000000000
JQ:/rrc/cr: 0.024815929 0.000062461 0.975121610
JQ:/rrc/rr: 0.000000000 0.000598278 0.999401722
K:/: 0.749416150 0.250583850 0.000000000
K:/cr: 0.663931432 0.336002715 0.000065853
K:/rr: 0.000000000 0.999966971 0.000033029
KJ:/cc/: 0.000281820 0.999718180 0.000000000
KJ:/cc/cr: 0.000240639 0.000041244 0.999718117
KJ:/cc/rr: 0.000000000 0.824747871 0.175252129
KJ:/crc/: 0.002167268 0.997832732 0.000000000
KJ:/crc/cr: 0.002683357 0.997283907 0.000032736
KJ:/crc/rr: 0.000000000 0.977392167 0.022607833
KJ:/crrc/: 0.060812225 0.939187775 0.000000000
KJ:/crrc/cr: 0.067789341 0.915784364 0.016426296
KJ:/crrc/rr: 0.000000000 0.690512597 0.309487403
KJ:/rc/: 0.068672099 0.931327901 0.000000000
KJ:/rc/cr: 0.037926596 0.896869573 0.065203831
KJ:/rc/rr: 0.000000000 0.441198000 0.558802000
KJ:/rrc/: 0.103453859 0.896546141 0.000000000
KJ:/rrc/cr: 0.003506454 0.996079598 0.000413948
KJ:/rrc/rr: 0.000000000 0.599980479 0.400019521
KK:/cc/: 0.996932676 0.003067324 0.000000000
KK:/cc/cr: 0.978530862 0.010734569 0.010734569
KK:/cc/rr: 0.000000000 0.999950458 0.000049542
KK:/crc/: 0.159389021 0.840610979 0.000000000
KK:/crc/cr: 0.999922283 0.000038858 0.000038858
KK:/crc/rr: 0.000000000 0.999692593 0.000307407
KK:/crrc/: 0.938878333 0.061121667 0.000000000
KK:/crrc/cr: 0.262765301 0.736964238 0.000270461
KK:/crrc/rr: 0.000000000 0.999973589 0.000026411
KK:/rc/: 0.853852547 0.146147453 0.000000000
KK:/rc/cr: 0.999829936 0.000094732 0.000075333
KK:/rc/rr: 0.000000000 0.999980659 0.000019341
KK:/rrc/: 0.469884248 0.530115752 0.000000000
KK:/rrc/cr: 0.770952341 0.229037275 0.000010385
KK:/rrc/rr: 0.000000000 0.999982426 0.000017574
KQ:/cc/: 0.000583452 0.999416548 0.000000000
KQ:/cc/cr: 0.000239108 0.429440663 0.570320229
KQ:/cc/rr: 0.000000000 0.915349367 0.084650633
KQ:/crc/: 0.810929906 0.189070094 0.000000000
KQ:/crc/cr: 0.001532368 0.604592889 0.393874743
KQ:/crc/rr: 0.000000000 0.000060421 0.999939579
KQ:/crrc/: 0.041690141 0.958309859 0.000000000
KQ:/crrc/cr: 0.010336695 0.709538414 0.280124891
KQ:/crrc/rr: 0.000000000 0.592961928 0.407038072
KQ:/rc/: 0.011272381 0.988727619 0.000000000
KQ:/rc/cr: 0.000225704 0.515651031 0.484123265
KQ:/rc/rr: 0.000000000 0.017329442 0.982670558
KQ:/rrc/: 0.649073214 0.350926786 0.000000000
KQ:/rrc/cr: 0.048969565 0.739190613 0.211839823
KQ:/rrc/rr: 0.000000000 0.388253903 0.611746097
Q:/: 0.716857600 0.283142400 0.000000000
Q:/cr: 0.147421847 0.845633065 0.006945088
Q:/rr: 0.000000000 0.999965471 0.000034529
QJ:/cc/: 0.000087421 0.999912579 0.000000000
QJ:/cc/cr: 0.000126365 0.000029143 0.999844492
QJ:/cc/rr: 0.000000000 0.500000000 0.500000000
QJ:/crc/: 0.029105594 0.970894406 0.000000000
QJ:/crc/cr: 0.004598026 0.000011831 0.995390143
QJ:/crc/rr: 0.000000000 0.000591976 0.999408024
QJ:/crrc/: 0.014270018 0.985729982 0.000000000
QJ:/crrc/cr: 0.000066842 0.000066842 0.999866315
QJ:/crrc/rr: 0.000000000 0.006925898 0.993074102
QJ:/rc/: 0.006673369 0.993326631 0.000000000
QJ:/rc/cr: 0.000320065 0.000011587 0.999668348
QJ:/rc/rr: 0.000000000 0.002587085 0.997412915
QJ:/rrc/: 0.000017265 0.999982735 0.000000000
QJ:/rrc/cr: 0.000020701 0.000005755 0.999973544
QJ:/rrc/rr: 0.000000000 0.500000000 0.500000000
QK:/cc/: 0.587230362 0.412769638 0.000000000
QK:/cc/cr: 0.492753147 0.507142493 0.000104359
QK:/cc/rr: 0.000000000 0.606507780 0.393492220
QK:/crc/: 0.001052227 0.998947773 0.000000000
QK:/crc/cr: 0.000011499 0.562913768 0.437074733
QK:/crc/rr: 0.000000000 0.016374616 0.983625384
QK:/crrc/: 0.818286660 0.181713340 0.000000000
QK:/crrc/cr: 0.000537401 0.392866635 0.606595964
QK:/crrc/rr: 0.000000000 0.006034231 0.993965769
QK:/rc/: 0.498449789 0.501550211 0.000000000
QK:/rc/cr: 0.014431850 0.504838796 0.480729355
QK:/rc/rr: 0.000000000 0.212376814 0.787623186
QK:/rrc/: 0.079533448 0.920466552 0.000000000
QK:/rrc/cr: 0.000006252 0.319608750 0.680384998
QK:/rrc/rr: 0.000000000 0.006157827 0.993842173
QQ:/cc/: 0.532504757 0.467495243 0.000000000
QQ:/cc/cr: 0.999875335 0.000062333 0.000062333
QQ:/cc/rr: 0.000000000 0.999917916 0.000082084
QQ:/crc/: 0.981756609 0.018243391 0.000000000
QQ:/crc/cr: 0.998740745 0.000629628 0.000629628
QQ:/crc/rr: 0.000000000 0.999982450 0.000017550
QQ:/crrc/: 0.211626899 0.788373101 0.000000000
QQ:/crrc/cr: 0.999832850 0.000083575 0.000083575
QQ:/crrc/rr: 0.000000000 0.999532986 0.000467014
QQ:/rc/: 0.537743512 0.462256488 0.000000000
QQ:/rc/cr: 0.059384674 0.940590427 0.000024899
QQ:/rc/rr: 0.000000000 0.999967894 0.000032106
QQ:/rrc/: 0.951483773 0.048516227 0.000000000
QQ:/rrc/cr: 0.999762758 0.000118621 0.000118621
QQ:/rrc/rr: 0.000000000 0.999990927 0.000009073
