J:/c: 0.263802606 0.736197394 0.000000000
J:/crr: 0.000000000 0.999052322 0.000947678
J:/r: 0.065144825 0.143824218 0.791030957
JJ:/cc/c: 0.999660417 0.000339583 0.000000000
JJ:/cc/crr: 0.000000000 0.999830151 0.000169849
JJ:/cc/r: 0.999547223 0.000226389 0.000226389
JJ:/crc/c: 0.999052322 0.000947678 0.000000000
JJ:/crc/crr: 0.000000000 0.999525711 0.000474289
JJ:/crc/r: 0.993845838 0.005522377 0.000631786
JJ:/crrc/c: 0.999525711 0.000474289 0.000000000
JJ:/crrc/crr: 0.000000000 0.999762743 0.000237257
JJ:/crrc/r: 0.998524214 0.001159594 0.000316192
JJ:/rc/c: 0.998841178 0.001158822 0.000000000
JJ:/rc/crr: 0.000000000 0.999419917 0.000580083
JJ:/rc/r: 0.998389682 0.000837770 0.000772548
JJ:/rrc/c: 0.997441598 0.002558402 0.000000000
JJ:/rrc/crr: 0.000000000 0.998717518 0.001282482
JJ:/rrc/r: 0.993298799 0.004995599 0.001705602
JK:/cc/c: 0.008157977 0.991842023 0.000000000
JK:/cc/crr: 0.000000000 0.020812932 0.979187068
JK:/cc/r: 0.000226389 0.000226389 0.999547223
JK:/crc/c: 0.577911008 0.422088992 0.000000000
JK:/crc/crr: 0.000000000 0.000819917 0.999180083
JK:/crc/r: 0.178189839 0.000631786 0.821178375
JK:/crrc/c: 0.792780660 0.207219340 0.000000000
JK:/crrc/crr: 0.000000000 0.000302629 0.999697371
JK:/crrc/r: 0.112585473 0.000316192 0.887098334
JK:/rc/c: 0.387239140 0.612760860 0.000000000
JK:/rc/crr: 0.000000000 0.001496261 0.998503739
JK:/rc/r: 0.303135120 0.000772548 0.696092332
JK:/rrc/c: 0.997441598 0.002558402 0.000000000
JK:/rrc/crr: 0.000000000 0.001282482 0.998717518
JK:/rrc/r: 0.196332525 0.001705602 0.801961874
JQ:/cc/c: 0.082949709 0.917050291 0.000000000
JQ:/cc/crr: 0.000000000 0.002046920 0.997953080
JQ:/cc/r: 0.016627219 0.000226389 0.983146393
JQ:/crc/c: 0.308174306 0.691825694 0.000000000
JQ:/crc/crr: 0.000000000 0.001537569 0.998462431
JQ:/crc/r: 0.003533874 0.000631786 0.995834341
JQ:/crrc/c: 0.064600591 0.935399409 0.000000000
JQ:/crrc/crr: 0.000000000 0.003670931 0.996329069
JQ:/crrc/r: 0.039139962 0.000316192 0.960543846
JQ:/rc/c: 0.906090238 0.093909762 0.000000000
JQ:/rc/crr: 0.000000000 0.000639463 0.999360537
JQ:/rc/r: 0.000772548 0.000772548 0.998454904
JQ:/rrc/c: 0.245063815 0.754936185 0.000000000
JQ:/rrc/crr: 0.000000000 0.005219869 0.994780131
JQ:/rrc/r: 0.411453271 0.001705602 0.586841128
K:/c: 0.998493948 0.001506052 0.000000000
K:/crr: 0.000000000 0.999749623 0.000250377
K:/r: 0.576040187 0.423626480 0.000333333
KJ:/cc/c: 0.165996884 0.834003116 0.000000000
KJ:/cc/crr: 0.000000000 0.500000000 0.500000000
KJ:/cc/r: 0.487256163 0.246401250 0.266342587
KJ:/crc/c: 0.098257582 0.901742418 0.000000000
KJ:/crc/crr: 0.000000000 0.998725915 0.001274085
KJ:/crc/r: 0.001389962 0.825127014 0.173483025
KJ:/crrc/c: 0.277205400 0.722794600 0.000000000
KJ:/crrc/crr: 0.000000000 0.999774139 0.000225861
KJ:/crrc/r: 0.134895377 0.818829699 0.046274924
KJ:/rc/c: 0.516994669 0.483005331 0.000000000
KJ:/rc/crr: 0.000000000 0.662982547 0.337017453
KJ:/rc/r: 0.051635970 0.746788006 0.201576025
KJ:/rrc/c: 0.405891134 0.594108866 0.000000000
KJ:/rrc/crr: 0.000000000 0.999643585 0.000356415
KJ:/rrc/r: 0.043397789 0.930323250 0.026278961
KK:/cc/c: 0.834003116 0.165996884 0.000000000
KK:/cc/crr: 0.000000000 0.900481856 0.099518144
KK:/cc/r: 0.596255980 0.293079431 0.110664590
KK:/crc/c: 0.999749623 0.000250377 0.000000000
KK:/crc/crr: 0.000000000 0.999874780 0.000125220
KK:/crc/r: 0.684834428 0.314998654 0.000166918
KK:/crrc/c: 0.999874780 0.000125220 0.000000000
KK:/crrc/crr: 0.000000000 0.999937382 0.000062618
KK:/crrc/r: 0.999749863 0.000166657 0.000083480
KK:/rc/c: 0.999606572 0.000393428 0.000000000
KK:/rc/crr: 0.000000000 0.999803208 0.000196792
KK:/rc/r: 0.999031604 0.000706111 0.000262286
KK:/rrc/c: 0.999710668 0.000289332 0.000000000
KK:/rrc/crr: 0.000000000 0.999855292 0.000144708
KK:/rrc/r: 0.976952382 0.022854730 0.000192888
KQ:/cc/c: 0.494947515 0.505052485 0.000000000
KQ:/cc/crr: 0.000000000 0.832308599 0.167691401
KQ:/cc/r: 0.461721436 0.427268325 0.111010240
KQ:/crc/c: 0.327209336 0.672790664 0.000000000
KQ:/crc/crr: 0.000000000 0.220288334 0.779711666
KQ:/crc/r: 0.000437271 0.481284175 0.518278554
KQ:/crrc/c: 0.607693075 0.392306925 0.000000000
KQ:/crrc/crr: 0.000000000 0.498293254 0.501706746
KQ:/crrc/r: 0.030351164 0.736575006 0.233073830
KQ:/rc/c: 0.005373988 0.994626012 0.000000000
KQ:/rc/crr: 0.000000000 0.963395123 0.036604877
KQ:/rc/r: 0.000966250 0.271844499 0.727189251
KQ:/rrc/c: 0.344503734 0.655496266 0.000000000
KQ:/rrc/crr: 0.000000000 0.778029791 0.221970209
KQ:/rrc/r: 0.033833489 0.656487491 0.309679020
Q:/c: 0.809049288 0.190950712 0.000000000
Q:/crr: 0.000000000 0.999690995 0.000309005
Q:/r: 0.330947433 0.667086613 0.001965954
QJ:/cc/c: 0.001309238 0.998690762 0.000000000
QJ:/cc/crr: 0.000000000 0.500000000 0.500000000
QJ:/cc/r: 0.000872826 0.000872826 0.998254349
QJ:/crc/c: 0.409351088 0.590648912 0.000000000
QJ:/crc/crr: 0.000000000 0.002655260 0.997344740
QJ:/crc/r: 0.013081595 0.000206003 0.986712402
QJ:/crrc/c: 0.000373344 0.999626656 0.000000000
QJ:/crrc/crr: 0.000000000 0.206980969 0.793019031
QJ:/crrc/r: 0.048574242 0.000103033 0.951322725
QJ:/rc/c: 0.002196855 0.997803145 0.000000000
QJ:/rc/crr: 0.000000000 0.056863709 0.943136291
QJ:/rc/r: 0.000818224 0.000166562 0.999015214
QJ:/rrc/c: 0.006551068 0.993448932 0.000000000
QJ:/rrc/crr: 0.000000000 0.038436834 0.961563166
QJ:/rrc/r: 0.004352021 0.000335736 0.995312243
QK:/cc/c: 0.126643505 0.873356495 0.000000000
QK:/cc/crr: 0.000000000 0.994831009 0.005168991
QK:/cc/r: 0.003750233 0.705501079 0.290748688
QK:/crc/c: 0.334563321 0.665436679 0.000000000
QK:/crc/crr: 0.000000000 0.037212487 0.962787513
QK:/crc/r: 0.002871271 0.421552062 0.575576667
QK:/crrc/c: 0.036475535 0.963524465 0.000000000
QK:/crrc/crr: 0.000000000 0.997881456 0.002118544
QK:/crrc/r: 0.003936672 0.385682861 0.610380467
QK:/rc/c: 0.355807253 0.644192747 0.000000000
QK:/rc/crr: 0.000000000 0.021935458 0.978064542
QK:/rc/r: 0.000620052 0.351036206 0.648343742
QK:/rrc/c: 0.379510251 0.620489749 0.000000000
QK:/rrc/crr: 0.000000000 0.045766083 0.954233917
QK:/rrc/r: 0.003985344 0.537946495 0.458068161
QQ:/cc/c: 0.998690762 0.001309238 0.000000000
QQ:/cc/crr: 0.000000000 0.999344523 0.000655477
QQ:/cc/r: 0.990038268 0.009088907 0.000872826
QQ:/crc/c: 0.999690995 0.000309005 0.000000000
QQ:/crc/crr: 0.000000000 0.999845450 0.000154550
QQ:/crc/r: 0.997556674 0.002237323 0.000206003
QQ:/crrc/c: 0.999845450 0.000154550 0.000000000
QQ:/crrc/crr: 0.000000000 0.999922713 0.000077287
QQ:/crrc/r: 0.999793933 0.000103033 0.000103033
QQ:/rc/c: 0.999750157 0.000249843 0.000000000
QQ:/rc/crr: 0.000000000 0.999875047 0.000124953
QQ:/rc/r: 0.649732768 0.350100670 0.000166562
QQ:/rrc/c: 0.999496395 0.000503605 0.000000000
QQ:/rrc/crr: 0.000000000 0.999748071 0.000251929
QQ:/rrc/r: 0.997427476 0.002236787 0.000335736
