J:/: 0.073645756 0.926354244 0.000000000
J:/cr: 0.017305268 0.034676577 0.948018155
J:/rr: 0.000000000 0.999932107 0.000067893
JJ:/cc/: 0.000265224 0.999734776 0.000000000
JJ:/cc/cr: 0.999996401 0.000001800 0.000001800
JJ:/cc/rr: 0.000000000 0.989824645 0.010175355
JJ:/crc/: 0.987441500 0.012558500 0.000000000
JJ:/crc/cr: 0.997245731 0.001377135 0.001377135
JJ:/crc/rr: 0.000000000 0.999973728 0.000026272
JJ:/crrc/: 0.988256471 0.011743529 0.000000000
JJ:/crrc/cr: 0.994097942 0.002951029 0.002951029
JJ:/crrc/rr: 0.000000000 0.999947399 0.000052601
JJ:/rc/: 0.934798071 0.065201929 0.000000000
JJ:/rc/cr: 0.999305822 0.000347089 0.000347089
JJ:/rc/rr: 0.000000000 0.999963686 0.000036314
JJ:/rrc/: 0.999895063 0.000104937 0.000000000
JJ:/rrc/cr: 0.784323807 0.107838097 0.107838097
JJ:/rrc/rr: 0.000000000 0.999983024 0.000016976
JK:/cc/: 0.081476854 0.918523146 0.000000000
JK:/cc/cr: 0.000314797 0.000001959 0.999683245
JK:/cc/rr: 0.000000000 0.000033123 0.999966877
JK:/crc/: 0.036339197 0.963660803 0.000000000
JK:/crc/cr: 0.002242472 0.000017947 0.997739581
JK:/crc/rr: 0.000000000 0.000713888 0.999286112
JK:/crrc/: 0.999896034 0.000103966 0.000000000
JK:/crrc/cr: 0.333333333 0.333333333 0.333333333
JK:/crrc/rr: 0.000000000 0.000051989 0.999948011
JK:/rc/: 0.999932107 0.000067893 0.000000000
JK:/rc/cr: 0.333333333 0.333333333 0.333333333
JK:/rc/rr: 0.000000000 0.000033949 0.999966051
JK:/rrc/: 0.559391140 0.440608860 0.000000000
JK:/rrc/cr: 0.950166731 0.000025683 0.049807586
JK:/rrc/rr: 0.000000000 0.000030344 0.999969656
JQ:/cc/: 0.178533412 0.821466588 0.000000000
JQ:/cc/cr: 0.000002190 0.000002190 0.999995620
JQ:/cc/rr: 0.000000000 0.000015116 0.999984884
JQ:/crc/: 0.998130543 0.001869457 0.000000000
JQ:/crc/cr: 0.009251212 0.009251212 0.981497577
JQ:/crc/rr: 0.000000000 0.000025991 0.999974009
JQ:/crrc/: 0.028728030 0.971271970 0.000000000
JQ:/crrc/cr: 0.207564338 0.000035681 0.792399982
JQ:/crrc/rr: 0.000000000 0.001809495 0.998190505
JQ:/rc/: 0.997669445 0.002330555 0.000000000
JQ:/rc/cr: 0.009710503 0.009710503 0.980578995
JQ:/rc/rr: 0.000000000 0.000034026 0.999965974
JQ:/rrc/: 0.106257176 0.893742824 0.000000000
JQ:/rrc/cr: 0.001229823 0.000012662 0.998757515
JQ:/rrc/rr: 0.000000000 0.000159747 0.999840253
K:/: 0.747610971 0.252389029 0.000000000
K:/cr: 0.683553921 0.316432872 0.000013207
K:/rr: 0.000000000 0.999993312 0.000006688
KJ:/cc/: 0.000019811 0.999980189 0.000000000
KJ:/cc/cr: 0.000045667 0.000024731 0.999929602
KJ:/cc/rr: 0.000000000 0.500000000 0.500000000
KJ:/crc/: 0.000051615 0.999948385 0.000000000
KJ:/crc/cr: 0.000267081 0.999725962 0.000006957
KJ:/crc/rr: 0.000000000 0.797841598 0.202158402
KJ:/crrc/: 0.025328501 0.974671499 0.000000000
KJ:/crrc/cr: 0.000440371 0.998001147 0.001558482
KJ:/crrc/rr: 0.000000000 0.428398212 0.571601788
KJ:/rc/: 0.053131858 0.946868142 0.000000000
KJ:/rc/cr: 0.005234522 0.978692888 0.016072590
KJ:/rc/rr: 0.000000000 0.389348936 0.610651064
KJ:/rrc/: 0.087888206 0.912111794 0.000000000
KJ:/rrc/cr: 0.000001222 0.999997556 0.000001222
KJ:/rrc/rr: 0.000000000 0.999980976 0.000019024
KK:/cc/: 0.997858263 0.002141737 0.000000000
KK:/cc/cr: 0.993833452 0.003083274 0.003083274
KK:/cc/rr: 0.000000000 0.999990073 0.000009927
KK:/crc/: 0.077735061 0.922264939 0.000000000
KK:/crc/cr: 0.999984915 0.000007543 0.000007543
KK:/crc/rr: 0.000000000 0.999865770 0.000134230
KK:/crrc/: 0.990023552 0.009976448 0.000000000
KK:/crrc/cr: 0.999354437 0.000322781 0.000322781
KK:/crrc/rr: 0.000000000 0.999995121 0.000004879
KK:/rc/: 0.812475546 0.187524454 0.000000000
KK:/rc/cr: 0.999976224 0.000011888 0.000011888
KK:/rc/rr: 0.000000000 0.999995884 0.000004116
KK:/rrc/: 0.521929947 0.478070053 0.000000000
KK:/rrc/cr: 0.999995337 0.000002332 0.000002332
KK:/rrc/rr: 0.000000000 0.999996796 0.000003204
KQ:/cc/: 0.000052524 0.999947476 0.000000000
KQ:/cc/cr: 0.000035843 0.421857967 0.578106191
KQ:/cc/rr: 0.000000000 0.811412558 0.188587442
KQ:/crc/: 0.849004124 0.150995876 0.000000000
KQ:/crc/cr: 0.000212906 0.559314389 0.440472706
KQ:/crc/rr: 0.000000000 0.000051391 0.999948609
KQ:/crrc/: 0.006821811 0.993178189 0.000000000
KQ:/crrc/cr: 0.002157213 0.700216844 0.297625943
KQ:/crrc/rr: 0.000000000 0.181884457 0.818115543
KQ:/rc/: 0.000052013 0.999947987 0.000000000
KQ:/rc/cr: 0.000012815 0.487737020 0.512250165
KQ:/rc/rr: 0.000000000 0.064291140 0.935708860
KQ:/rrc/: 0.725298510 0.274701490 0.000000000
KQ:/rrc/cr: 0.018068413 0.886866199 0.095065388
KQ:/rrc/rr: 0.000000000 0.401162067 0.598837933
Q:/: 0.745619664 0.254380336 0.000000000
Q:/cr: 0.160531644 0.839146894 0.000321461
Q:/rr: 0.000000000 0.999993294 0.000006706
QJ:/cc/: 0.000019656 0.999980344 0.000000000
QJ:/cc/cr: 0.000006552 0.000006552 0.999986896
QJ:/cc/rr: 0.000000000 0.500000000 0.500000000
QJ:/crc/: 0.028102827 0.971897173 0.000000000
QJ:/crc/cr: 0.001100378 0.000002678 0.998896944
QJ:/crc/rr: 0.000000000 0.000138914 0.999861086
QJ:/crrc/: 0.048132127 0.951867873 0.000000000
QJ:/crrc/cr: 0.000132012 0.000014292 0.999853696
QJ:/crrc/rr: 0.000000000 0.000423974 0.999576026
QJ:/rc/: 0.009834100 0.990165900 0.000000000
QJ:/rc/cr: 0.000002257 0.000002257 0.999995485
QJ:/rc/rr: 0.000000000 0.000340948 0.999659052
QJ:/rrc/: 0.000003353 0.999996647 0.000000000
QJ:/rrc/cr: 0.000001118 0.000001118 0.999997765
QJ:/rrc/rr: 0.000000000 0.500000000 0.500000000
QK:/cc/: 0.547283442 0.452716558 0.000000000
QK:/cc/cr: 0.988721549 0.011253233 0.000025218
QK:/cc/rr: 0.000000000 0.999982043 0.000017957
QK:/crc/: 0.002460463 0.997539537 0.000000000
QK:/crc/cr: 0.000002609 0.550096023 0.449901368
QK:/crc/rr: 0.000000000 0.001586648 0.998413352
QK:/crrc/: 0.978131913 0.021868087 0.000000000
QK:/crrc/cr: 0.001306725 0.284064656 0.714628619
QK:/crrc/rr: 0.000000000 0.000591936 0.999408064
QK:/rc/: 0.427084612 0.572915388 0.000000000
QK:/rc/cr: 0.009351419 0.525806278 0.464842303
QK:/rc/rr: 0.000000000 0.202099048 0.797900952
QK:/rrc/: 0.119043451 0.880956549 0.000000000
QK:/rrc/cr: 0.000001269 0.301703932 0.698294799
QK:/rrc/rr: 0.000000000 0.000503707 0.999496293
QQ:/cc/: 0.501335382 0.498664618 0.000000000
QQ:/cc/cr: 0.999973722 0.000013139 0.000013139
QQ:/cc/rr: 0.000000000 0.999980397 0.000019603
QQ:/crc/: 0.983750003 0.016249997 0.000000000
QQ:/crc/cr: 0.999679681 0.000160159 0.000160159
QQ:/crc/rr: 0.000000000 0.999996032 0.000003968
QQ:/crrc/: 0.104172476 0.895827524 0.000000000
QQ:/crrc/cr: 0.999969627 0.000015187 0.000015187
QQ:/crrc/rr: 0.000000000 0.999804106 0.000195894
QQ:/rc/: 0.489646281 0.510353719 0.000000000
QQ:/rc/cr: 0.999989474 0.000006146 0.000004380
QQ:/rc/rr: 0.000000000 0.999993152 0.000006848
QQ:/rrc/: 0.985331057 0.014668943 0.000000000
QQ:/rrc/cr: 0.999847617 0.000076191 0.000076191
QQ:/rrc/rr: 0.000000000 0.999998299 0.000001701
