J:/c: 0.319259740 0.680740260 0.000000000
J:/crr: 0.000000000 0.999984339 0.000015661
J:/r: 0.056646648 0.124656425 0.818696927
JJ:/cc/c: 0.999992655 0.000007345 0.000000000
JJ:/cc/crr: 0.000000000 0.999996328 0.000003672
JJ:/cc/r: 0.999980375 0.000014729 0.000004897
JJ:/crc/c: 0.999984339 0.000015661 0.000000000
JJ:/crc/crr: 0.000000000 0.999992169 0.000007831
JJ:/crc/r: 0.999705374 0.000284185 0.000010441
JJ:/crrc/c: 0.999992169 0.000007831 0.000000000
JJ:/crrc/crr: 0.000000000 0.999996085 0.000003915
JJ:/crrc/r: 0.999989559 0.000005220 0.000005220
JJ:/rc/c: 0.999973260 0.000026740 0.000000000
JJ:/rc/crr: 0.000000000 0.999986630 0.000013370
JJ:/rc/r: 0.999964346 0.000017827 0.000017827
JJ:/rrc/c: 0.999941156 0.000058844 0.000000000
JJ:/rrc/crr: 0.000000000 0.999970576 0.000029424
JJ:/rrc/r: 0.999921541 0.000039230 0.000039230
JK:/cc/c: 0.000007345 0.999992655 0.000000000
JK:/cc/crr: 0.000000000 0.500000000 0.500000000
JK:/cc/r: 0.000004897 0.000004897 0.999990207
JK:/crc/c: 0.514240939 0.485759061 0.000000000
JK:/crc/crr: 0.000000000 0.000015228 0.999984772
JK:/crc/r: 0.014536036 0.000010441 0.985453523
JK:/crrc/c: 0.999992169 0.000007831 0.000000000
JK:/crrc/crr: 0.000000000 0.000003915 0.999996085
JK:/crrc/r: 0.285964384 0.000005220 0.714030395
JK:/rc/c: 0.374897118 0.625102882 0.000000000
JK:/rc/crr: 0.000000000 0.000035663 0.999964337
JK:/rc/r: 0.358647329 0.000017827 0.641334844
JK:/rrc/c: 0.999941156 0.000058844 0.000000000
JK:/rrc/crr: 0.000000000 0.000029424 0.999970576
JK:/rrc/r: 0.329357800 0.000039230 0.670602970
JQ:/cc/c: 0.060215301 0.939784699 0.000000000
JQ:/cc/crr: 0.000000000 0.000060989 0.999939011
JQ:/cc/r: 0.048258215 0.000004897 0.951736889
JQ:/crc/c: 0.000015661 0.999984339 0.000000000
JQ:/crc/crr: 0.000000000 0.500000000 0.500000000
JQ:/crc/r: 0.000010441 0.000010441 0.999979118
JQ:/crrc/c: 0.000007831 0.999992169 0.000000000
JQ:/crrc/crr: 0.000000000 0.500000000 0.500000000
JQ:/crrc/r: 0.002813688 0.000005220 0.997181091
JQ:/rc/c: 0.999973260 0.000026740 0.000000000
JQ:/rc/crr: 0.000000000 0.000013370 0.999986630
JQ:/rc/r: 0.000017827 0.000017827 0.999964346
JQ:/rrc/c: 0.000058844 0.999941156 0.000000000
JQ:/rrc/crr: 0.000000000 0.500000000 0.500000000
JQ:/rrc/r: 0.400132140 0.000039230 0.599828631
K:/c: 0.999990000 0.000010000 0.000000000
K:/crr: 0.000000000 0.999995000 0.000005000
K:/r: 0.600379121 0.399614212 0.000006667
KJ:/cc/c: 0.500000000 0.500000000 0.000000000
KJ:/cc/crr: 0.000000000 0.500000000 0.500000000
KJ:/cc/r: 0.333333333 0.333333333 0.333333333
KJ:/crc/c: 0.181059942 0.818940058 0.000000000
KJ:/crc/crr: 0.000000000 0.999986192 0.000013808
KJ:/crc/r: 0.000003333 0.999993333 0.000003333
KJ:/crrc/c: 0.281916963 0.718083037 0.000000000
KJ:/crrc/crr: 0.000000000 0.999995566 0.000004434
KJ:/crrc/r: 0.027389377 0.842440335 0.130170289
KJ:/rc/c: 0.492366218 0.507633782 0.000000000
KJ:/rc/crr: 0.000000000 0.999991529 0.000008471
KJ:/rc/r: 0.017984047 0.981993691 0.000022262
KJ:/rrc/c: 0.110390844 0.889609156 0.000000000
KJ:/rrc/crr: 0.000000000 0.999974853 0.000025147
KJ:/rrc/r: 0.000018802 0.999904262 0.000076936
KK:/cc/c: 0.500000000 0.500000000 0.000000000
KK:/cc/crr: 0.000000000 0.500000000 0.500000000
KK:/cc/r: 0.333333333 0.333333333 0.333333333
KK:/crc/c: 0.999995000 0.000005000 0.000000000
KK:/crc/crr: 0.000000000 0.999997500 0.000002500
KK:/crc/r: 0.992871374 0.007125292 0.000003333
KK:/crrc/c: 0.999997500 0.000002500 0.000000000
KK:/crrc/crr: 0.000000000 0.999998750 0.000001250
KK:/crrc/r: 0.998049839 0.001948494 0.000001667
KK:/rc/c: 0.999991659 0.000008341 0.000000000
KK:/rc/crr: 0.000000000 0.999995829 0.000004171
KK:/rc/r: 0.999965572 0.000028867 0.000005561
KK:/rrc/c: 0.999994448 0.000005552 0.000000000
KK:/rrc/crr: 0.000000000 0.999997224 0.000002776
KK:/rrc/r: 0.998993352 0.001002947 0.000003701
KQ:/cc/c: 0.500000000 0.500000000 0.000000000
KQ:/cc/crr: 0.000000000 0.500000000 0.500000000
KQ:/cc/r: 0.333333333 0.333333333 0.333333333
KQ:/crc/c: 0.000005000 0.999995000 0.000000000
KQ:/crc/crr: 0.000000000 0.500000000 0.500000000
KQ:/crc/r: 0.000004824 0.486163739 0.513831437
KQ:/crrc/c: 0.691831596 0.308168404 0.000000000
KQ:/crrc/crr: 0.000000000 0.443041631 0.556958369
KQ:/crrc/r: 0.000010461 0.936225695 0.063763844
KQ:/rc/c: 0.000008341 0.999991659 0.000000000
KQ:/rc/crr: 0.000000000 0.500000000 0.500000000
KQ:/rc/r: 0.000005561 0.319385004 0.680609436
KQ:/rrc/c: 0.512231570 0.487768430 0.000000000
KQ:/rrc/crr: 0.000000000 0.546596669 0.453403331
KQ:/rrc/r: 0.091058758 0.533584730 0.375356512
Q:/c: 0.868496665 0.131503335 0.000000000
Q:/crr: 0.000000000 0.999994243 0.000005757
Q:/r: 0.373700615 0.626264192 0.000035193
QJ:/cc/c: 0.000038022 0.999961978 0.000000000
QJ:/cc/crr: 0.000000000 0.500000000 0.500000000
QJ:/cc/r: 0.000025348 0.000025348 0.999949304
QJ:/crc/c: 0.427729465 0.572270535 0.000000000
QJ:/crc/crr: 0.000000000 0.000051827 0.999948173
QJ:/crc/r: 0.000003838 0.000003838 0.999992324
QJ:/crrc/c: 0.000002879 0.999997121 0.000000000
QJ:/crrc/crr: 0.000000000 0.500000000 0.500000000
QJ:/crrc/r: 0.015875859 0.000001919 0.984122222
QJ:/rc/c: 0.000005323 0.999994677 0.000000000
QJ:/rc/crr: 0.000000000 0.500000000 0.500000000
QJ:/rc/r: 0.000038962 0.000003548 0.999957490
QJ:/rrc/c: 0.000008920 0.999991080 0.000000000
QJ:/rrc/crr: 0.000000000 0.500000000 0.500000000
QJ:/rrc/r: 0.000005947 0.000005947 0.999988107
QK:/cc/c: 0.001415274 0.998584726 0.000000000
QK:/cc/crr: 0.000000000 0.986567318 0.013432682
QK:/cc/r: 0.000025348 0.781911571 0.218063081
QK:/crc/c: 0.257153263 0.742846737 0.000000000
QK:/crc/crr: 0.000000000 0.000427131 0.999572869
QK:/crc/r: 0.000017378 0.467766626 0.532215996
QK:/crrc/c: 0.000017995 0.999982005 0.000000000
QK:/crrc/crr: 0.000000000 0.920020045 0.079979955
QK:/crrc/r: 0.000014021 0.223191307 0.776794672
QK:/rc/c: 0.364582957 0.635417043 0.000000000
QK:/rc/crr: 0.000000000 0.000634989 0.999365011
QK:/rc/r: 0.000003548 0.330770911 0.669225541
QK:/rrc/c: 0.430743558 0.569256442 0.000000000
QK:/rrc/crr: 0.000000000 0.000151397 0.999848603
QK:/rrc/r: 0.000005947 0.478751999 0.521242055
QQ:/cc/c: 0.999961978 0.000038022 0.000000000
QQ:/cc/crr: 0.000000000 0.999980988 0.000019012
QQ:/cc/r: 0.999572780 0.000401872 0.000025348
QQ:/crc/c: 0.999994243 0.000005757 0.000000000
QQ:/crc/crr: 0.000000000 0.999997121 0.000002879
QQ:/crc/r: 0.960837829 0.039158333 0.000003838
QQ:/crrc/c: 0.999997121 0.000002879 0.000000000
QQ:/crrc/crr: 0.000000000 0.999998561 0.000001439
QQ:/crrc/r: 0.999973975 0.000024106 0.000001919
QQ:/rc/c: 0.999994677 0.000005323 0.000000000
QQ:/rc/crr: 0.000000000 0.999997339 0.000002661
QQ:/rc/r: 0.992132318 0.007864134 0.000003548
QQ:/rrc/c: 0.999991080 0.000008920 0.000000000
QQ:/rrc/crr: 0.000000000 0.999995540 0.000004460
QQ:/rrc/r: 0.999984576 0.000009478 0.000005947
