J:/: 0.079862059 0.920137941 0.000000000
J:/cr: 0.016572139 0.037931867 0.945495994
J:/rr: 0.000000000 0.999937392 0.000062608
JJ:/cc/: 0.000311001 0.999688999 0.000000000
JJ:/cc/cr: 0.999996376 0.000001812 0.000001812
JJ:/cc/rr: 0.000000000 0.991263732 0.008736268
JJ:/crc/: 0.977874224 0.022125776 0.000000000
JJ:/crc/cr: 0.998561195 0.000719402 0.000719402
JJ:/crc/rr: 0.000000000 0.999975584 0.000024416
JJ:/crrc/: 0.939362090 0.060637910 0.000000000
JJ:/crrc/cr: 0.998798340 0.000600830 0.000600830
JJ:/crrc/rr: 0.000000000 0.999941823 0.000058177
JJ:/rc/: 0.933598340 0.066401660 0.000000000
JJ:/rc/cr: 0.999371422 0.000314289 0.000314289
JJ:/rc/rr: 0.000000000 0.999966470 0.000033530
JJ:/rrc/: 0.994629942 0.005370058 0.000000000
JJ:/rrc/cr: 0.996113520 0.001943240 0.001943240
JJ:/rrc/rr: 0.000000000 0.999984263 0.000015737
JK:/cc/: 0.080619324 0.919380676 0.000000000
JK:/cc/cr: 0.000006934 0.000001970 0.999991095
JK:/cc/rr: 0.000000000 0.000033701 0.999966299
JK:/crc/: 0.099080418 0.900919582 0.000000000
JK:/crc/cr: 0.079198892 0.000017668 0.920783440
JK:/crc/rr: 0.000000000 0.000240976 0.999759024
JK:/crrc/: 0.999798729 0.000201271 0.000000000
JK:/crrc/cr: 0.181015273 0.181015273 0.637969454
JK:/crrc/rr: 0.000000000 0.000054661 0.999945339
JK:/rc/: 0.976791822 0.023208178 0.000000000
JK:/rc/cr: 0.946727823 0.000899223 0.052372954
JK:/rc/rr: 0.000000000 0.000032048 0.999967952
JK:/rrc/: 0.515325363 0.484674637 0.000000000
JK:/rrc/cr: 0.771409089 0.000021531 0.228569380
JK:/rrc/rr: 0.000000000 0.000030375 0.999969625
JQ:/cc/: 0.196065946 0.803934054 0.000000000
JQ:/cc/cr: 0.000008236 0.000002253 0.999989511
JQ:/cc/rr: 0.000000000 0.000013858 0.999986142
JQ:/crc/: 0.992809277 0.007190723 0.000000000
JQ:/crc/cr: 0.091701984 0.002213593 0.906084423
JQ:/crc/rr: 0.000000000 0.000024049 0.999975951
JQ:/crrc/: 0.070882385 0.929117615 0.000000000
JQ:/crrc/cr: 0.171357575 0.000039213 0.828603213
JQ:/crrc/rr: 0.000000000 0.000770990 0.999229010
JQ:/rc/: 0.993385423 0.006614577 0.000000000
JQ:/rc/cr: 0.003155050 0.003155050 0.993689901
JQ:/rc/rr: 0.000000000 0.000031512 0.999968488
JQ:/rrc/: 0.131133455 0.868866545 0.000000000
JQ:/rrc/cr: 0.003268290 0.000012010 0.996719700
JQ:/rrc/rr: 0.000000000 0.000119367 0.999880633
K:/: 0.761838534 0.238161466 0.000000000
K:/cr: 0.656021215 0.343964789 0.000013996
K:/rr: 0.000000000 0.999993437 0.000006563
KJ:/cc/: 0.000059144 0.999940856 0.000000000
KJ:/cc/cr: 0.000050663 0.000008940 0.999940397
KJ:/cc/rr: 0.000000000 0.822516495 0.177483505
KJ:/crc/: 0.000043726 0.999956274 0.000000000
KJ:/crc/cr: 0.000362561 0.999630657 0.000006782
KJ:/crc/rr: 0.000000000 0.767357376 0.232642624
KJ:/crrc/: 0.079748612 0.920251388 0.000000000
KJ:/crrc/cr: 0.004079308 0.987542791 0.008377901
KJ:/crrc/rr: 0.000000000 0.591152842 0.408847158
KJ:/rc/: 0.061128818 0.938871182 0.000000000
KJ:/rc/cr: 0.007448512 0.973202414 0.019349075
KJ:/rc/rr: 0.000000000 0.431890266 0.568109734
KJ:/rrc/: 0.092114383 0.907885617 0.000000000
KJ:/rrc/cr: 0.000494621 0.999275159 0.000230221
KJ:/rrc/rr: 0.000000000 0.624113429 0.375886571
KK:/cc/: 0.999724125 0.000275875 0.000000000
KK:/cc/cr: 0.949266482 0.025366759 0.025366759
KK:/cc/rr: 0.000000000 0.999989500 0.000010500
KK:/crc/: 0.221775315 0.778224685 0.000000000
KK:/crc/cr: 0.999982571 0.000008714 0.000008714
KK:/crc/rr: 0.000000000 0.999954131 0.000045869
KK:/crrc/: 0.976729942 0.023270058 0.000000000
KK:/crrc/cr: 0.999694388 0.000152806 0.000152806
KK:/crrc/rr: 0.000000000 0.999994539 0.000005461
KK:/rc/: 0.855704625 0.144295375 0.000000000
KK:/rc/cr: 0.999969678 0.000015161 0.000015161
KK:/rc/rr: 0.000000000 0.999996165 0.000003835
KK:/rrc/: 0.537031248 0.462968752 0.000000000
KK:/rrc/cr: 0.999995275 0.000002363 0.000002363
KK:/rrc/rr: 0.000000000 0.999996945 0.000003055
KQ:/cc/: 0.000623363 0.999376637 0.000000000
KQ:/cc/cr: 0.000054802 0.423952038 0.575993160
KQ:/cc/rr: 0.000000000 0.983160553 0.016839447
KQ:/crc/: 0.805765773 0.194234227 0.000000000
KQ:/crc/cr: 0.000274057 0.594490588 0.405235356
KQ:/crc/rr: 0.000000000 0.000018628 0.999981372
KQ:/crrc/: 0.014247513 0.985752487 0.000000000
KQ:/crrc/cr: 0.013263723 0.706742692 0.279993585
KQ:/crrc/rr: 0.000000000 0.086933806 0.913066194
KQ:/rc/: 0.000310284 0.999689716 0.000000000
KQ:/rc/cr: 0.000050090 0.502841578 0.497108332
KQ:/rc/rr: 0.000000000 0.125713910 0.874286090
KQ:/rrc/: 0.678807122 0.321192878 0.000000000
KQ:/rrc/cr: 0.019659964 0.898273858 0.082066177
KQ:/rrc/rr: 0.000000000 0.388592763 0.611407237
Q:/: 0.732775553 0.267224447 0.000000000
Q:/cr: 0.146842374 0.852150933 0.001006693
Q:/rr: 0.000000000 0.999993177 0.000006823
QJ:/cc/: 0.000018711 0.999981289 0.000000000
QJ:/cc/cr: 0.000020908 0.000006237 0.999972855
QJ:/cc/rr: 0.000000000 0.500000000 0.500000000
QJ:/crc/: 0.029685849 0.970314151 0.000000000
QJ:/crc/cr: 0.001711769 0.000002514 0.998285717
QJ:/crc/rr: 0.000000000 0.000123275 0.999876725
QJ:/crrc/: 0.016138055 0.983861945 0.000000000
QJ:/crrc/cr: 0.000150677 0.000014390 0.999834933
QJ:/crrc/rr: 0.000000000 0.001315952 0.998684048
QJ:/rc/: 0.010443288 0.989556712 0.000000000
QJ:/rc/cr: 0.000036974 0.000002298 0.999960728
QJ:/rc/rr: 0.000000000 0.000326687 0.999673313
QJ:/rrc/: 0.000003412 0.999996588 0.000000000
QJ:/rrc/cr: 0.000001563 0.000001137 0.999997300
QJ:/rrc/rr: 0.000000000 0.500000000 0.500000000
QK:/cc/: 0.267168840 0.732831160 0.000000000
QK:/cc/cr: 0.003594121 0.996387936 0.000017943
QK:/cc/rr: 0.000000000 0.332398067 0.667601933
QK:/crc/: 0.009877960 0.990122040 0.000000000
QK:/crc/cr: 0.000002464 0.561463715 0.438533821
QK:/crc/rr: 0.000000000 0.000370475 0.999629525
QK:/crrc/: 0.879043661 0.120956339 0.000000000
QK:/crrc/cr: 0.000203276 0.596045202 0.403751523
QK:/crrc/rr: 0.000000000 0.000640544 0.999359456
QK:/rc/: 0.475660224 0.524339776 0.000000000
QK:/rc/cr: 0.021395773 0.518942772 0.459661455
QK:/rc/rr: 0.000000000 0.202365094 0.797634906
QK:/rrc/: 0.128942414 0.871057586 0.000000000
QK:/rrc/cr: 0.000001306 0.299509821 0.700488874
QK:/rrc/rr: 0.000000000 0.000633625 0.999366375
QQ:/cc/: 0.542652929 0.457347071 0.000000000
QQ:/cc/cr: 0.999972726 0.000013637 0.000013637
QQ:/cc/rr: 0.000000000 0.999982760 0.000017240
QQ:/crc/: 0.973413388 0.026586612 0.000000000
QQ:/crc/cr: 0.999816472 0.000091764 0.000091764
QQ:/crc/rr: 0.000000000 0.999996241 0.000003759
QQ:/crrc/: 0.210536156 0.789463844 0.000000000
QQ:/crrc/cr: 0.999964133 0.000017934 0.000017934
QQ:/crrc/rr: 0.000000000 0.999899129 0.000100871
QQ:/rc/: 0.546105131 0.453894869 0.000000000
QQ:/rc/cr: 0.999989978 0.000005011 0.000005011
QQ:/rc/rr: 0.000000000 0.999993753 0.000006247
QQ:/rrc/: 0.980627816 0.019372184 0.000000000
QQ:/rrc/cr: 0.999882591 0.000058705 0.000058705
QQ:/rrc/rr: 0.000000000 0.999998260 0.000001740
