J:/: 0.075594622 0.924405378 0.000000000
J:/cr: 0.017695661 0.034170769 0.948133570
J:/rr: 0.000000000 0.999933858 0.000066142
JJ:/cc/: 0.000248611 0.999751389 0.000000000
JJ:/cc/cr: 0.999996393 0.000001803 0.000001803
JJ:/cc/rr: 0.000000000 0.989121814 0.010878186
JJ:/crc/: 0.883922442 0.116077558 0.000000000
JJ:/crc/cr: 0.999696966 0.000151517 0.000151517
JJ:/crc/rr: 0.000000000 0.999970154 0.000029846
JJ:/crrc/: 0.989097818 0.010902182 0.000000000
JJ:/crrc/cr: 0.993769616 0.003115192 0.003115192
JJ:/crrc/rr: 0.000000000 0.999948495 0.000051505
JJ:/rc/: 0.938100677 0.061899323 0.000000000
JJ:/rc/cr: 0.999287636 0.000356182 0.000356182
JJ:/rc/rr: 0.000000000 0.999964747 0.000035253
JJ:/rrc/: 0.999455641 0.000544359 0.000000000
JJ:/rrc/cr: 0.959495720 0.020252140 0.020252140
JJ:/rrc/rr: 0.000000000 0.999983454 0.000016546
JK:/cc/: 0.081679786 0.918320214 0.000000000
JK:/cc/cr: 0.000001963 0.000001963 0.999996073
JK:/cc/rr: 0.000000000 0.000033110 0.999966890
JK:/crc/: 0.072588932 0.927411068 0.000000000
JK:/crc/cr: 0.028805296 0.000018964 0.971175740
JK:/crc/rr: 0.000000000 0.000363439 0.999636561
JK:/crrc/: 0.999898113 0.000101887 0.000000000
JK:/crrc/cr: 0.333333333 0.333333333 0.333333333
JK:/crrc/rr: 0.000000000 0.000050949 0.999949051
JK:/rc/: 0.994706453 0.005293547 0.000000000
JK:/rc/cr: 0.991670075 0.004164962 0.004164962
JK:/rc/rr: 0.000000000 0.000033247 0.999966753
JK:/rrc/: 0.545856751 0.454143249 0.000000000
JK:/rrc/cr: 0.904457221 0.000024275 0.095518504
JK:/rrc/rr: 0.000000000 0.000030295 0.999969705
JQ:/cc/: 0.167194425 0.832805575 0.000000000
JQ:/cc/cr: 0.000002165 0.000002165 0.999995670
JQ:/cc/rr: 0.000000000 0.000016175 0.999983825
JQ:/crc/: 0.991050740 0.008949260 0.000000000
JQ:/crc/cr: 0.360390941 0.001965274 0.637643784
JQ:/crc/rr: 0.000000000 0.000026620 0.999973380
JQ:/crrc/: 0.039125242 0.960874758 0.000000000
JQ:/crrc/cr: 0.134580228 0.000035345 0.865384427
JQ:/crrc/rr: 0.000000000 0.001302064 0.998697936
JQ:/rc/: 0.996761059 0.003238941 0.000000000
JQ:/rc/cr: 0.006806984 0.006806984 0.986386031
JQ:/rc/rr: 0.000000000 0.000033179 0.999966821
JQ:/rrc/: 0.122808259 0.877191741 0.000000000
JQ:/rrc/cr: 0.000012568 0.000012568 0.999974864
JQ:/rrc/rr: 0.000000000 0.000134654 0.999865346
K:/: 0.756137504 0.243862496 0.000000000
K:/cr: 0.698708022 0.301278309 0.000013669
K:/rr: 0.000000000 0.999993387 0.000006613
KJ:/cc/: 0.000020503 0.999979497 0.000000000
KJ:/cc/cr: 0.000055279 0.000021164 0.999923556
KJ:/cc/rr: 0.000000000 0.500000000 0.500000000
KJ:/crc/: 0.000050831 0.999949169 0.000000000
KJ:/crc/cr: 0.000031288 0.999961150 0.000007562
KJ:/crc/rr: 0.000000000 0.776860410 0.223139590
KJ:/crrc/: 0.071014054 0.928985946 0.000000000
KJ:/crrc/cr: 0.004472761 0.992737151 0.002790089
KJ:/crrc/rr: 0.000000000 0.408106321 0.591893679
KJ:/rc/: 0.076033956 0.923966044 0.000000000
KJ:/rc/cr: 0.009440434 0.972572583 0.017986983
KJ:/rc/rr: 0.000000000 0.333175257 0.666824743
KJ:/rrc/: 0.112033272 0.887966728 0.000000000
KJ:/rrc/cr: 0.000030142 0.999968616 0.000001241
KJ:/rrc/rr: 0.000000000 0.664039724 0.335960276
KK:/cc/: 0.999517095 0.000482905 0.000000000
KK:/cc/cr: 0.971694408 0.014152796 0.014152796
KK:/cc/rr: 0.000000000 0.999989743 0.000010257
KK:/crc/: 0.159555170 0.840444830 0.000000000
KK:/crc/cr: 0.999982006 0.000008997 0.000008997
KK:/crc/rr: 0.000000000 0.999928912 0.000071088
KK:/crrc/: 0.995714722 0.004285278 0.000000000
KK:/crrc/cr: 0.998478270 0.000760865 0.000760865
KK:/crrc/rr: 0.000000000 0.999995088 0.000004912
KK:/rc/: 0.833190433 0.166809567 0.000000000
KK:/rc/cr: 0.999973572 0.000013214 0.000013214
KK:/rc/rr: 0.000000000 0.999996032 0.000003968
KK:/rrc/: 0.530287871 0.469712129 0.000000000
KK:/rrc/cr: 0.999995307 0.000002346 0.000002346
KK:/rrc/rr: 0.000000000 0.999996883 0.000003117
KQ:/cc/: 0.000054136 0.999945864 0.000000000
KQ:/cc/cr: 0.000043155 0.436390264 0.563566582
KQ:/cc/rr: 0.000000000 0.810632345 0.189367655
KQ:/crc/: 0.889740531 0.110259469 0.000000000
KQ:/crc/cr: 0.000464913 0.599983396 0.399551691
KQ:/crc/rr: 0.000000000 0.000022732 0.999977268
KQ:/crrc/: 0.004839167 0.995160833 0.000000000
KQ:/crrc/cr: 0.027626069 0.666684926 0.305689006
KQ:/crrc/rr: 0.000000000 0.182449647 0.817550353
KQ:/rc/: 0.000129523 0.999870477 0.000000000
KQ:/rc/cr: 0.000002204 0.493086018 0.506911777
KQ:/rc/rr: 0.000000000 0.517281083 0.482718917
KQ:/rrc/: 0.714094870 0.285905130 0.000000000
KQ:/rrc/cr: 0.024094813 0.896948023 0.078957165
KQ:/rrc/rr: 0.000000000 0.394065366 0.605934634
Q:/: 0.750108659 0.249891341 0.000000000
Q:/cr: 0.167515859 0.831929283 0.000554858
Q:/rr: 0.000000000 0.999993334 0.000006666
QJ:/cc/: 0.000020009 0.999979991 0.000000000
QJ:/cc/cr: 0.000006670 0.000006670 0.999986661
QJ:/cc/rr: 0.000000000 0.500000000 0.500000000
QJ:/crc/: 0.025965890 0.974034110 0.000000000
QJ:/crc/cr: 0.003064349 0.000002744 0.996932907
QJ:/crc/rr: 0.000000000 0.000154375 0.999845625
QJ:/crrc/: 0.012683900 0.987316100 0.000000000
QJ:/crrc/cr: 0.000086600 0.000013442 0.999899958
QJ:/crrc/rr: 0.000000000 0.001569491 0.998430509
QJ:/rc/: 0.007775307 0.992224693 0.000000000
QJ:/rc/cr: 0.000002239 0.000002239 0.999995521
QJ:/rc/rr: 0.000000000 0.000428646 0.999571354
QJ:/rrc/: 0.000003333 0.999996667 0.000000000
QJ:/rrc/cr: 0.000001111 0.000001111 0.999997778
QJ:/rrc/rr: 0.000000000 0.500000000 0.500000000
QK:/cc/: 0.459667780 0.540332220 0.000000000
QK:/cc/cr: 0.150751776 0.849228314 0.000019910
QK:/cc/rr: 0.000000000 0.999978236 0.000021764
QK:/crc/: 0.000008946 0.999991054 0.000000000
QK:/crc/cr: 0.000003635 0.560070438 0.439925927
QK:/crc/rr: 0.000000000 0.551901556 0.448098444
QK:/crrc/: 0.974752793 0.025247207 0.000000000
QK:/crrc/cr: 0.000829462 0.576201889 0.422968649
QK:/crrc/rr: 0.000000000 0.000546569 0.999453431
QK:/rc/: 0.447430152 0.552569848 0.000000000
QK:/rc/cr: 0.020933387 0.518860204 0.460206408
QK:/rc/rr: 0.000000000 0.196847432 0.803152568
QK:/rrc/: 0.123445433 0.876554567 0.000000000
QK:/rrc/cr: 0.000001267 0.303753597 0.696245135
QK:/rrc/rr: 0.000000000 0.000414107 0.999585893
QQ:/cc/: 0.494617930 0.505382070 0.000000000
QQ:/cc/cr: 0.999973606 0.000013197 0.000013197
QQ:/cc/rr: 0.000000000 0.999979774 0.000020226
QQ:/crc/: 0.994051535 0.005948465 0.000000000
QQ:/crc/cr: 0.999101507 0.000449247 0.000449247
QQ:/crc/rr: 0.000000000 0.999995968 0.000004032
QQ:/crrc/: 0.119159256 0.880840744 0.000000000
QQ:/crrc/cr: 0.999969866 0.000015067 0.000015067
QQ:/crrc/rr: 0.000000000 0.999832936 0.000167064
QQ:/rc/: 0.511501811 0.488498189 0.000000000
QQ:/rc/cr: 0.999990455 0.000004997 0.000004548
QQ:/rc/rr: 0.000000000 0.999993484 0.000006516
QQ:/rrc/: 0.986239690 0.013760310 0.000000000
QQ:/rrc/cr: 0.999838527 0.000080736 0.000080736
QQ:/rrc/rr: 0.000000000 0.999998310 0.000001690
