J:/c: 0.301377707 0.698622293 0.000000000
J:/crr: 0.000000000 0.999983410 0.000016590
J:/r: 0.054555763 0.126462938 0.818981299
JJ:/cc/c: 0.999992843 0.000007157 0.000000000
JJ:/cc/crr: 0.000000000 0.999996422 0.000003578
JJ:/cc/r: 0.999990457 0.000004771 0.000004771
JJ:/crc/c: 0.999983410 0.000016590 0.000000000
JJ:/crc/crr: 0.000000000 0.999991705 0.000008295
JJ:/crc/r: 0.999905824 0.000083115 0.000011060
JJ:/crrc/c: 0.999991705 0.000008295 0.000000000
JJ:/crrc/crr: 0.000000000 0.999995852 0.000004148
JJ:/crrc/r: 0.999975525 0.000018945 0.000005530
JJ:/rc/c: 0.999973642 0.000026358 0.000000000
JJ:/rc/crr: 0.000000000 0.999986821 0.000013179
JJ:/rc/r: 0.999960369 0.000022059 0.000017572
JJ:/rrc/c: 0.999938900 0.000061100 0.000000000
JJ:/rrc/crr: 0.000000000 0.999969448 0.000030552
JJ:/rrc/r: 0.999803247 0.000156020 0.000040733
JK:/cc/c: 0.005404028 0.994595972 0.000000000
JK:/cc/crr: 0.000000000 0.000662186 0.999337814
JK:/cc/r: 0.000004771 0.000004771 0.999990457
JK:/crc/c: 0.530773168 0.469226832 0.000000000
JK:/crc/crr: 0.000000000 0.000015629 0.999984371
JK:/crc/r: 0.017570559 0.000011060 0.982418381
JK:/crrc/c: 0.481447527 0.518552473 0.000000000
JK:/crrc/crr: 0.000000000 0.000008615 0.999991385
JK:/crrc/r: 0.191371733 0.000005530 0.808622737
JK:/rc/c: 0.373463441 0.626536559 0.000000000
JK:/rc/crr: 0.000000000 0.000035289 0.999964711
JK:/rc/r: 0.359421617 0.000017572 0.640560811
JK:/rrc/c: 0.999893796 0.000106204 0.000000000
JK:/rrc/crr: 0.000000000 0.000030553 0.999969447
JK:/rrc/r: 0.308775449 0.000040733 0.691183818
JQ:/cc/c: 0.071352351 0.928647649 0.000000000
JQ:/cc/crr: 0.000000000 0.000050152 0.999949848
JQ:/cc/r: 0.034195607 0.000004771 0.965799622
JQ:/crc/c: 0.496334896 0.503665104 0.000000000
JQ:/crc/crr: 0.000000000 0.000016713 0.999983287
JQ:/crc/r: 0.002553479 0.000011060 0.997435460
JQ:/crrc/c: 0.049812421 0.950187579 0.000000000
JQ:/crrc/crr: 0.000000000 0.000083266 0.999916734
JQ:/crrc/r: 0.234641855 0.000005530 0.765352614
JQ:/rc/c: 0.996843593 0.003156407 0.000000000
JQ:/rc/crr: 0.000000000 0.000013221 0.999986779
JQ:/rc/r: 0.000017572 0.000017572 0.999964856
JQ:/rrc/c: 0.004471933 0.995528067 0.000000000
JQ:/rrc/crr: 0.000000000 0.006831449 0.993168551
JQ:/rrc/r: 0.443862711 0.000040733 0.556096556
K:/c: 0.999969687 0.000030313 0.000000000
K:/crr: 0.000000000 0.999995000 0.000005000
K:/r: 0.584454105 0.415539228 0.000006667
KJ:/cc/c: 0.168522245 0.831477755 0.000000000
KJ:/cc/crr: 0.000000000 0.510618667 0.489381333
KJ:/cc/r: 0.516644604 0.233843914 0.249511483
KJ:/crc/c: 0.162729633 0.837270367 0.000000000
KJ:/crc/crr: 0.000000000 0.999984637 0.000015363
KJ:/crc/r: 0.000043387 0.720847356 0.279109257
KJ:/crrc/c: 0.247514686 0.752485314 0.000000000
KJ:/crrc/crr: 0.000000000 0.677615039 0.322384961
KJ:/crrc/r: 0.018271280 0.893427217 0.088301503
KJ:/rc/c: 0.410970940 0.589029060 0.000000000
KJ:/rc/crr: 0.000000000 0.851039555 0.148960445
KJ:/rc/r: 0.020270214 0.750953046 0.228776740
KJ:/rrc/c: 0.142294942 0.857705058 0.000000000
KJ:/rrc/crr: 0.000000000 0.999979959 0.000020041
KJ:/rrc/r: 0.048819342 0.880195591 0.070985067
KK:/cc/c: 0.835056718 0.164943282 0.000000000
KK:/cc/crr: 0.000000000 0.901238276 0.098761724
KK:/cc/r: 0.575457651 0.314580161 0.109962188
KK:/crc/c: 0.999995000 0.000005000 0.000000000
KK:/crc/crr: 0.000000000 0.999997500 0.000002500
KK:/crc/r: 0.999978909 0.000017758 0.000003333
KK:/crrc/c: 0.999997500 0.000002500 0.000000000
KK:/crrc/crr: 0.000000000 0.999998750 0.000001250
KK:/crrc/r: 0.999994189 0.000004144 0.000001667
KK:/rc/c: 0.999991978 0.000008022 0.000000000
KK:/rc/crr: 0.000000000 0.999995989 0.000004011
KK:/rc/r: 0.999980406 0.000014246 0.000005348
KK:/rrc/c: 0.999994297 0.000005703 0.000000000
KK:/rrc/crr: 0.000000000 0.999997148 0.000002852
KK:/rrc/r: 0.999844833 0.000151365 0.000003802
KQ:/cc/c: 0.829927291 0.170072709 0.000000000
KQ:/cc/crr: 0.000000000 0.900627872 0.099372128
KQ:/cc/r: 0.493800554 0.394715858 0.111483589
KQ:/crc/c: 0.286540647 0.713459353 0.000000000
KQ:/crc/crr: 0.000000000 0.000909913 0.999090087
KQ:/crc/r: 0.000014635 0.439241060 0.560744305
KQ:/crrc/c: 0.602539941 0.397460059 0.000000000
KQ:/crrc/crr: 0.000000000 0.442611527 0.557388473
KQ:/crrc/r: 0.001739270 0.620886648 0.377374082
KQ:/rc/c: 0.000196444 0.999803556 0.000000000
KQ:/rc/crr: 0.000000000 0.020417259 0.979582741
KQ:/rc/r: 0.000019664 0.303224582 0.696755755
KQ:/rrc/c: 0.512683285 0.487316715 0.000000000
KQ:/rrc/crr: 0.000000000 0.521688775 0.478311225
KQ:/rrc/r: 0.077093987 0.549252238 0.373653775
Q:/c: 0.848556785 0.151443215 0.000000000
Q:/crr: 0.000000000 0.999994108 0.000005892
Q:/r: 0.367634258 0.632326903 0.000038839
QJ:/cc/c: 0.000398303 0.999601697 0.000000000
QJ:/cc/crr: 0.000000000 0.041445417 0.958554583
QJ:/cc/r: 0.000022010 0.000022010 0.999955979
QJ:/crc/c: 0.410080801 0.589919199 0.000000000
QJ:/crc/crr: 0.000000000 0.002461098 0.997538902
QJ:/crc/r: 0.000367101 0.000003928 0.999628970
QJ:/crrc/c: 0.000062250 0.999937750 0.000000000
QJ:/crrc/crr: 0.000000000 0.023664135 0.976335865
QJ:/crrc/r: 0.033185068 0.000001964 0.966812968
QJ:/rc/c: 0.000044035 0.999955965 0.000000000
QJ:/rc/crr: 0.000000000 0.059856066 0.940143934
QJ:/rc/r: 0.020831648 0.000003514 0.979164838
QJ:/rrc/c: 0.000169232 0.999830768 0.000000000
QJ:/rrc/crr: 0.000000000 0.026788554 0.973211446
QJ:/rrc/r: 0.000079444 0.000006045 0.999914512
QK:/cc/c: 0.130431495 0.869568505 0.000000000
QK:/cc/crr: 0.000000000 0.999873437 0.000126563
QK:/cc/r: 0.000090747 0.721628635 0.278280618
QK:/crc/c: 0.314271160 0.685728840 0.000000000
QK:/crc/crr: 0.000000000 0.010262778 0.989737222
QK:/crc/r: 0.000819964 0.467328533 0.531851503
QK:/crrc/c: 0.087042003 0.912957997 0.000000000
QK:/crrc/crr: 0.000000000 0.004584589 0.995415411
QK:/crrc/r: 0.000052048 0.291036197 0.708911755
QK:/rc/c: 0.376757763 0.623242237 0.000000000
QK:/rc/crr: 0.000000000 0.009856764 0.990143236
QK:/rc/r: 0.000019204 0.314246304 0.685734492
QK:/rrc/c: 0.426834076 0.573165924 0.000000000
QK:/rrc/crr: 0.000000000 0.033455283 0.966544717
QK:/rrc/r: 0.000073396 0.496705768 0.503220836
QQ:/cc/c: 0.999966984 0.000033016 0.000000000
QQ:/cc/crr: 0.000000000 0.999983492 0.000016508
QQ:/cc/r: 0.999935311 0.000042679 0.000022010
QQ:/crc/c: 0.999994108 0.000005892 0.000000000
QQ:/crc/crr: 0.000000000 0.999997054 0.000002946
QQ:/crc/r: 0.999958126 0.000037945 0.000003928
QQ:/crrc/c: 0.999997054 0.000002946 0.000000000
QQ:/crrc/crr: 0.000000000 0.999998527 0.000001473
QQ:/crrc/r: 0.999996072 0.000001964 0.000001964
QQ:/rc/c: 0.999994728 0.000005272 0.000000000
QQ:/rc/crr: 0.000000000 0.999997364 0.000002636
QQ:/rc/r: 0.999992116 0.000004370 0.000003514
QQ:/rrc/c: 0.999990933 0.000009067 0.000000000
QQ:/rrc/crr: 0.000000000 0.999995466 0.000004534
QQ:/rrc/r: 0.999956995 0.000036960 0.000006045
