J:/c: 0.297938343 0.702061657 0.000000000
J:/crr: 0.000000000 0.999983218 0.000016782
J:/r: 0.054644872 0.133786006 0.811569122
JJ:/cc/c: 0.999992878 0.000007122 0.000000000
JJ:/cc/crr: 0.000000000 0.999996439 0.000003561
JJ:/cc/r: 0.999990504 0.000004748 0.000004748
JJ:/crc/c: 0.999983218 0.000016782 0.000000000
JJ:/crc/crr: 0.000000000 0.999991609 0.000008391
JJ:/crc/r: 0.999957132 0.000031680 0.000011188
JJ:/crrc/c: 0.999991609 0.000008391 0.000000000
JJ:/crrc/crr: 0.000000000 0.999995804 0.000004196
JJ:/crrc/r: 0.999976522 0.000017884 0.000005594
JJ:/rc/c: 0.999975085 0.000024915 0.000000000
JJ:/rc/crr: 0.000000000 0.999987542 0.000012458
JJ:/rc/r: 0.999957791 0.000025599 0.000016610
JJ:/rrc/c: 0.999939000 0.000061000 0.000000000
JJ:/rrc/crr: 0.000000000 0.999969498 0.000030502
JJ:/rrc/r: 0.999847249 0.000112084 0.000040667
JK:/cc/c: 0.003618702 0.996381298 0.000000000
JK:/cc/crr: 0.000000000 0.000984038 0.999015962
JK:/cc/r: 0.000031365 0.000004748 0.999963887
JK:/crc/c: 0.557848733 0.442151267 0.000000000
JK:/crc/crr: 0.000000000 0.000015042 0.999984958
JK:/crc/r: 0.017292284 0.000011188 0.982696528
JK:/crrc/c: 0.434428686 0.565571314 0.000000000
JK:/crrc/crr: 0.000000000 0.000009658 0.999990342
JK:/crrc/r: 0.131925533 0.000005594 0.868068873
JK:/rc/c: 0.382262457 0.617737543 0.000000000
JK:/rc/crr: 0.000000000 0.000032589 0.999967411
JK:/rc/r: 0.347014847 0.000016610 0.652968543
JK:/rrc/c: 0.999939000 0.000061000 0.000000000
JK:/rrc/crr: 0.000000000 0.000030502 0.999969498
JK:/rrc/r: 0.288053170 0.000040667 0.711906163
JQ:/cc/c: 0.075849455 0.924150545 0.000000000
JQ:/cc/crr: 0.000000000 0.000046947 0.999953053
JQ:/cc/r: 0.034984069 0.000004748 0.965011183
JQ:/crc/c: 0.473216285 0.526783715 0.000000000
JQ:/crc/crr: 0.000000000 0.000017732 0.999982268
JQ:/crc/r: 0.079133886 0.000011188 0.920854926
JQ:/crrc/c: 0.069038085 0.930961915 0.000000000
JQ:/crrc/crr: 0.000000000 0.000060772 0.999939228
JQ:/crrc/r: 0.260662725 0.000005594 0.739331681
JQ:/rc/c: 0.993568656 0.006431344 0.000000000
JQ:/rc/crr: 0.000000000 0.000012538 0.999987462
JQ:/rc/r: 0.000016610 0.000016610 0.999966779
JQ:/rrc/c: 0.001085746 0.998914254 0.000000000
JQ:/rrc/crr: 0.000000000 0.028091263 0.971908737
JQ:/rrc/r: 0.345324056 0.000040667 0.654635278
K:/c: 0.999894887 0.000105113 0.000000000
K:/crr: 0.000000000 0.999994999 0.000005001
K:/r: 0.560558157 0.439435177 0.000006667
KJ:/cc/c: 0.047567950 0.952432050 0.000000000
KJ:/cc/crr: 0.000000000 0.500000000 0.500000000
KJ:/cc/r: 0.031711967 0.031711967 0.936576067
KJ:/crc/c: 0.105431474 0.894568526 0.000000000
KJ:/crc/crr: 0.000000000 0.999976285 0.000023715
KJ:/crc/r: 0.000037230 0.738065122 0.261897648
KJ:/crrc/c: 0.311455213 0.688544787 0.000000000
KJ:/crrc/crr: 0.000000000 0.999733190 0.000266810
KJ:/crrc/r: 0.112257329 0.731223349 0.156519323
KJ:/rc/c: 0.495870723 0.504129277 0.000000000
KJ:/rc/crr: 0.000000000 0.731369033 0.268630967
KJ:/rc/r: 0.009030704 0.779276123 0.211693174
KJ:/rrc/c: 0.136825337 0.863174663 0.000000000
KJ:/rrc/crr: 0.000000000 0.999978270 0.000021730
KJ:/rrc/r: 0.034602348 0.965393688 0.000003964
KK:/cc/c: 0.952432050 0.047567950 0.000000000
KK:/cc/crr: 0.000000000 0.975028166 0.024971834
KK:/cc/r: 0.936576067 0.031711967 0.031711967
KK:/crc/c: 0.999994999 0.000005001 0.000000000
KK:/crc/crr: 0.000000000 0.999997500 0.000002500
KK:/crc/r: 0.872151221 0.127845446 0.000003334
KK:/crrc/c: 0.999997500 0.000002500 0.000000000
KK:/crrc/crr: 0.000000000 0.999998750 0.000001250
KK:/crrc/r: 0.999970420 0.000027913 0.000001667
KK:/rc/c: 0.999992415 0.000007585 0.000000000
KK:/rc/crr: 0.000000000 0.999996207 0.000003793
KK:/rc/r: 0.999978544 0.000016399 0.000005057
KK:/rrc/c: 0.999994054 0.000005946 0.000000000
KK:/rrc/crr: 0.000000000 0.999997027 0.000002973
KK:/rrc/r: 0.999896573 0.000099463 0.000003964
KQ:/cc/c: 0.047567950 0.952432050 0.000000000
KQ:/cc/crr: 0.000000000 0.500000000 0.500000000
KQ:/cc/r: 0.031711967 0.936576067 0.031711967
KQ:/crc/c: 0.179498421 0.820501579 0.000000000
KQ:/crc/crr: 0.000000000 0.118844773 0.881155227
KQ:/crc/r: 0.000025492 0.439707293 0.560267215
KQ:/crrc/c: 0.566955187 0.433044813 0.000000000
KQ:/crrc/crr: 0.000000000 0.379106951 0.620893049
KQ:/crrc/r: 0.001248747 0.617657168 0.381094085
KQ:/rc/c: 0.000033002 0.999966998 0.000000000
KQ:/rc/crr: 0.000000000 0.885075117 0.114924883
KQ:/rc/r: 0.000017308 0.303229042 0.696753650
KQ:/rrc/c: 0.507168186 0.492831814 0.000000000
KQ:/rrc/crr: 0.000000000 0.562883231 0.437116769
KQ:/rrc/r: 0.101149243 0.527408105 0.371442652
Q:/c: 0.847000491 0.152999509 0.000000000
Q:/crr: 0.000000000 0.999994097 0.000005903
Q:/r: 0.333405490 0.666564344 0.000030166
QJ:/cc/c: 0.000032680 0.999967320 0.000000000
QJ:/cc/crr: 0.000000000 0.500000000 0.500000000
QJ:/cc/r: 0.000021787 0.000021787 0.999956427
QJ:/crc/c: 0.461008619 0.538991381 0.000000000
QJ:/crc/crr: 0.000000000 0.000006402 0.999993598
QJ:/crc/r: 0.000003935 0.000003935 0.999992129
QJ:/crrc/c: 0.000007429 0.999992571 0.000000000
QJ:/crrc/crr: 0.000000000 0.198656143 0.801343857
QJ:/crrc/r: 0.000001968 0.000001968 0.999996065
QJ:/rc/c: 0.000099548 0.999900452 0.000000000
QJ:/rc/crr: 0.000000000 0.025117345 0.974882655
QJ:/rc/r: 0.021029076 0.000003334 0.978967590
QJ:/rrc/c: 0.000086223 0.999913777 0.000000000
QJ:/rrc/crr: 0.000000000 0.057976788 0.942023212
QJ:/rrc/r: 0.000051153 0.000006665 0.999942182
QK:/cc/c: 0.006733142 0.993266858 0.000000000
QK:/cc/crr: 0.000000000 0.997573210 0.002426790
QK:/cc/r: 0.000101460 0.735119077 0.264779463
QK:/crc/c: 0.287026607 0.712973393 0.000000000
QK:/crc/crr: 0.000000000 0.000543623 0.999456377
QK:/crc/r: 0.000161195 0.467308647 0.532530158
QK:/crrc/c: 0.080175993 0.919824007 0.000000000
QK:/crrc/crr: 0.000000000 0.002170189 0.997829811
QK:/crrc/r: 0.000055741 0.289729721 0.710214538
QK:/rc/c: 0.370093675 0.629906325 0.000000000
QK:/rc/crr: 0.000000000 0.030895390 0.969104610
QK:/rc/r: 0.000019599 0.332356993 0.667623408
QK:/rrc/c: 0.422984609 0.577015391 0.000000000
QK:/rrc/crr: 0.000000000 0.000268038 0.999731962
QK:/rrc/r: 0.000073429 0.491756525 0.508170046
QQ:/cc/c: 0.999967320 0.000032680 0.000000000
QQ:/cc/crr: 0.000000000 0.999983660 0.000016340
QQ:/cc/r: 0.996226151 0.003752063 0.000021787
QQ:/crc/c: 0.999994097 0.000005903 0.000000000
QQ:/crc/crr: 0.000000000 0.999997048 0.000002952
QQ:/crc/r: 0.999949468 0.000046597 0.000003935
QQ:/crrc/c: 0.999997048 0.000002952 0.000000000
QQ:/crrc/crr: 0.000000000 0.999998524 0.000001476
QQ:/crrc/r: 0.999623410 0.000374622 0.000001968
QQ:/rc/c: 0.999994999 0.000005001 0.000000000
QQ:/rc/crr: 0.000000000 0.999997500 0.000002500
QQ:/rc/r: 0.999992424 0.000004242 0.000003334
QQ:/rrc/c: 0.999990002 0.000009998 0.000000000
QQ:/rrc/crr: 0.000000000 0.999995001 0.000004999
QQ:/rrc/r: 0.999950027 0.000043308 0.000006665
