J:/c: 0.302862252 0.697137748 0.000000000
J:/crr: 0.000000000 0.999983491 0.000016509
J:/r: 0.053822121 0.123926700 0.822251179
JJ:/cc/c: 0.999992828 0.000007172 0.000000000
JJ:/cc/crr: 0.000000000 0.999996414 0.000003586
JJ:/cc/r: 0.999986677 0.000008541 0.000004781
JJ:/crc/c: 0.999983491 0.000016509 0.000000000
JJ:/crc/crr: 0.000000000 0.999991745 0.000008255
JJ:/crc/r: 0.999977988 0.000011006 0.000011006
JJ:/crrc/c: 0.999991745 0.000008255 0.000000000
JJ:/crrc/crr: 0.000000000 0.999995873 0.000004127
JJ:/crrc/r: 0.999988994 0.000005503 0.000005503
JJ:/rc/c: 0.999973102 0.000026898 0.000000000
JJ:/rc/crr: 0.000000000 0.999986551 0.000013449
JJ:/rc/r: 0.999964137 0.000017932 0.000017932
JJ:/rrc/c: 0.999938068 0.000061932 0.000000000
JJ:/rrc/crr: 0.000000000 0.999969032 0.000030968
JJ:/rrc/r: 0.999803391 0.000155320 0.000041288
JK:/cc/c: 0.005127588 0.994872412 0.000000000
JK:/cc/crr: 0.000000000 0.000699372 0.999300628
JK:/cc/r: 0.000010007 0.000004781 0.999985212
JK:/crc/c: 0.503749869 0.496250131 0.000000000
JK:/crc/crr: 0.000000000 0.000016386 0.999983614
JK:/crc/r: 0.007083432 0.000011006 0.992905561
JK:/crrc/c: 0.492373377 0.507626623 0.000000000
JK:/crrc/crr: 0.000000000 0.000008383 0.999991617
JK:/crrc/r: 0.224231355 0.000005503 0.775763142
JK:/rc/c: 0.388315365 0.611684635 0.000000000
JK:/rc/crr: 0.000000000 0.000034634 0.999965366
JK:/rc/r: 0.361072484 0.000017932 0.638909584
JK:/rrc/c: 0.999881885 0.000118115 0.000000000
JK:/rrc/crr: 0.000000000 0.000030970 0.999969030
JK:/rrc/r: 0.302741486 0.000041288 0.697217225
JQ:/cc/c: 0.071217061 0.928782939 0.000000000
JQ:/cc/crr: 0.000000000 0.000050354 0.999949646
JQ:/cc/r: 0.035549853 0.000004781 0.964445365
JQ:/crc/c: 0.450963013 0.549036987 0.000000000
JQ:/crc/crr: 0.000000000 0.000018304 0.999981696
JQ:/crc/r: 0.039308153 0.000011006 0.960680841
JQ:/crrc/c: 0.036857162 0.963142838 0.000000000
JQ:/crrc/crr: 0.000000000 0.000111982 0.999888018
JQ:/crrc/r: 0.262025001 0.000005503 0.737969496
JQ:/rc/c: 0.996761278 0.003238722 0.000000000
JQ:/rc/crr: 0.000000000 0.000013493 0.999986507
JQ:/rc/r: 0.000017932 0.000017932 0.999964137
JQ:/rrc/c: 0.015714144 0.984285856 0.000000000
JQ:/rrc/crr: 0.000000000 0.001970594 0.998029406
JQ:/rrc/r: 0.488267897 0.000041288 0.511690814
K:/c: 0.999969561 0.000030439 0.000000000
K:/crr: 0.000000000 0.999995000 0.000005000
K:/r: 0.586535772 0.413457561 0.000006667
KJ:/cc/c: 0.164265444 0.835734556 0.000000000
KJ:/cc/crr: 0.000000000 0.500000000 0.500000000
KJ:/cc/r: 0.517742475 0.227008753 0.255248772
KJ:/crc/c: 0.135713910 0.864286090 0.000000000
KJ:/crc/crr: 0.000000000 0.999981578 0.000018422
KJ:/crc/r: 0.000097581 0.729611109 0.270291310
KJ:/crrc/c: 0.299949747 0.700050253 0.000000000
KJ:/crrc/crr: 0.000000000 0.999995832 0.000004168
KJ:/crrc/r: 0.009119632 0.892818814 0.098061554
KJ:/rc/c: 0.455968135 0.544031865 0.000000000
KJ:/rc/crr: 0.000000000 0.871122114 0.128877886
KJ:/rc/r: 0.021788745 0.765127787 0.213083468
KJ:/rrc/c: 0.162508134 0.837491866 0.000000000
KJ:/rrc/crr: 0.000000000 0.999982514 0.000017486
KJ:/rrc/r: 0.038894854 0.911911169 0.049193977
KK:/cc/c: 0.835734556 0.164265444 0.000000000
KK:/cc/crr: 0.000000000 0.901723913 0.098276087
KK:/cc/r: 0.590945050 0.299544654 0.109510296
KK:/crc/c: 0.999995000 0.000005000 0.000000000
KK:/crc/crr: 0.000000000 0.999997500 0.000002500
KK:/crc/r: 0.986748158 0.013248508 0.000003333
KK:/crrc/c: 0.999997500 0.000002500 0.000000000
KK:/crrc/crr: 0.000000000 0.999998750 0.000001250
KK:/crrc/r: 0.999964813 0.000033520 0.000001667
KK:/rc/c: 0.999991938 0.000008062 0.000000000
KK:/rc/crr: 0.000000000 0.999995969 0.000004031
KK:/rc/r: 0.999978329 0.000016297 0.000005375
KK:/rrc/c: 0.999994317 0.000005683 0.000000000
KK:/rrc/crr: 0.000000000 0.999997158 0.000002842
KK:/rrc/r: 0.999849580 0.000146632 0.000003789
KQ:/cc/c: 0.496049596 0.503950404 0.000000000
KQ:/cc/crr: 0.000000000 0.834426391 0.165573609
KQ:/cc/r: 0.505972545 0.380194796 0.113832659
KQ:/crc/c: 0.145502244 0.854497756 0.000000000
KQ:/crc/crr: 0.000000000 0.001598374 0.998401626
KQ:/crc/r: 0.000029176 0.435368115 0.564602710
KQ:/crrc/c: 0.619962605 0.380037395 0.000000000
KQ:/crrc/crr: 0.000000000 0.401155419 0.598844581
KQ:/crrc/r: 0.001052180 0.720193657 0.278754163
KQ:/rc/c: 0.000080067 0.999919933 0.000000000
KQ:/rc/crr: 0.000000000 0.151897994 0.848102006
KQ:/rc/r: 0.000022348 0.291255977 0.708721675
KQ:/rrc/c: 0.528303643 0.471696357 0.000000000
KQ:/rrc/crr: 0.000000000 0.468845063 0.531154937
KQ:/rrc/r: 0.070057808 0.552350869 0.377591323
Q:/c: 0.847824231 0.152175769 0.000000000
Q:/crr: 0.000000000 0.999994103 0.000005897
Q:/r: 0.381369666 0.618576338 0.000053996
QJ:/cc/c: 0.000309116 0.999690884 0.000000000
QJ:/cc/crr: 0.000000000 0.053146372 0.946853628
QJ:/cc/r: 0.000021904 0.000021904 0.999956191
QJ:/crc/c: 0.421815069 0.578184931 0.000000000
QJ:/crc/crr: 0.000000000 0.057903258 0.942096742
QJ:/crc/r: 0.000003932 0.000003932 0.999992137
QJ:/crrc/c: 0.000002949 0.999997051 0.000000000
QJ:/crrc/crr: 0.000000000 0.500000000 0.500000000
QJ:/crrc/r: 0.013003840 0.000001966 0.986994195
QJ:/rc/c: 0.000057774 0.999942226 0.000000000
QJ:/rc/crr: 0.000000000 0.046636374 0.953363626
QJ:/rc/r: 0.015910909 0.000003592 0.984085499
QJ:/rrc/c: 0.000160287 0.999839713 0.000000000
QJ:/rrc/crr: 0.000000000 0.027265005 0.972734995
QJ:/rrc/r: 0.000062264 0.000005827 0.999931909
QK:/cc/c: 0.009753810 0.990246190 0.000000000
QK:/cc/crr: 0.000000000 0.998315697 0.001684303
QK:/cc/r: 0.000108876 0.725919350 0.273971774
QK:/crc/c: 0.368550826 0.631449174 0.000000000
QK:/crc/crr: 0.000000000 0.003700594 0.996299406
QK:/crc/r: 0.000209640 0.543860676 0.455929684
QK:/crrc/c: 0.018667619 0.981332381 0.000000000
QK:/crrc/crr: 0.000000000 0.028828385 0.971171615
QK:/crrc/r: 0.000029998 0.285151668 0.714818334
QK:/rc/c: 0.372549913 0.627450087 0.000000000
QK:/rc/crr: 0.000000000 0.004910246 0.995089754
QK:/rc/r: 0.000010390 0.306218020 0.693771590
QK:/rrc/c: 0.422326369 0.577673631 0.000000000
QK:/rrc/crr: 0.000000000 0.080199638 0.919800362
QK:/rrc/r: 0.000096426 0.515142462 0.484761112
QQ:/cc/c: 0.999967143 0.000032857 0.000000000
QQ:/cc/crr: 0.000000000 0.999983571 0.000016429
QQ:/cc/r: 0.999935270 0.000042826 0.000021904
QQ:/crc/c: 0.999994103 0.000005897 0.000000000
QQ:/crc/crr: 0.000000000 0.999997051 0.000002949
QQ:/crc/r: 0.860840159 0.139155910 0.000003932
QQ:/crrc/c: 0.999997051 0.000002949 0.000000000
QQ:/crrc/crr: 0.000000000 0.999998526 0.000001474
QQ:/crrc/r: 0.999996068 0.000001966 0.000001966
QQ:/rc/c: 0.999994611 0.000005389 0.000000000
QQ:/rc/crr: 0.000000000 0.999997306 0.000002694
QQ:/rc/r: 0.999992400 0.000004008 0.000003592
QQ:/rrc/c: 0.999991260 0.000008740 0.000000000
QQ:/rrc/crr: 0.000000000 0.999995630 0.000004370
QQ:/rrc/r: 0.999961571 0.000032602 0.000005827
