J:/: 0.077782575 0.922217425 0.000000000
J:/cr: 0.017713622 0.034916735 0.947369644
J:/rr: 0.000000000 0.999935718 0.000064282
JJ:/cc/: 0.000267829 0.999732171 0.000000000
JJ:/cc/cr: 0.999996385 0.000001808 0.000001808
JJ:/cc/rr: 0.000000000 0.989878399 0.010121601
JJ:/crc/: 0.916050835 0.083949165 0.000000000
JJ:/crc/cr: 0.999588969 0.000205515 0.000205515
JJ:/crc/rr: 0.000000000 0.999971749 0.000028251
JJ:/crrc/: 0.990057867 0.009942133 0.000000000
JJ:/crrc/cr: 0.993158722 0.003420639 0.003420639
JJ:/crrc/rr: 0.000000000 0.999948475 0.000051525
JJ:/rc/: 0.935631140 0.064368860 0.000000000
JJ:/rc/cr: 0.999334236 0.000332882 0.000332882
JJ:/rc/rr: 0.000000000 0.999965648 0.000034352
JJ:/rrc/: 0.995826890 0.004173110 0.000000000
JJ:/rrc/cr: 0.994865071 0.002567465 0.002567465
JJ:/rrc/rr: 0.000000000 0.999983861 0.000016139
JK:/cc/: 0.082235376 0.917764624 0.000000000
JK:/cc/cr: 0.000001969 0.000001969 0.999996062
JK:/cc/rr: 0.000000000 0.000032965 0.999967035
JK:/crc/: 0.050359978 0.949640022 0.000000000
JK:/crc/cr: 0.006556359 0.000018168 0.993425473
JK:/crc/rr: 0.000000000 0.000513885 0.999486115
JK:/crrc/: 0.999785125 0.000214875 0.000000000
JK:/crrc/cr: 0.158270972 0.158270972 0.683458056
JK:/crrc/rr: 0.000000000 0.000051024 0.999948976
JK:/rc/: 0.997343706 0.002656294 0.000000000
JK:/rc/cr: 0.983866809 0.008066596 0.008066596
JK:/rc/rr: 0.000000000 0.000032226 0.999967774
JK:/rrc/: 0.544773390 0.455226610 0.000000000
JK:/rrc/cr: 0.902406464 0.000023536 0.097570000
JK:/rrc/rr: 0.000000000 0.000029501 0.999970499
JQ:/cc/: 0.185894706 0.814105294 0.000000000
JQ:/cc/cr: 0.000002220 0.000002220 0.999995560
JQ:/cc/rr: 0.000000000 0.000014583 0.999985417
JQ:/crc/: 0.993477358 0.006522642 0.000000000
JQ:/crc/cr: 0.219761332 0.002645069 0.777593599
JQ:/crc/rr: 0.000000000 0.000026049 0.999973951
JQ:/crrc/: 0.022937362 0.977062638 0.000000000
JQ:/crrc/cr: 0.202854483 0.000034807 0.797110710
JQ:/crrc/rr: 0.000000000 0.002223999 0.997776001
JQ:/rc/: 0.999935718 0.000064282 0.000000000
JQ:/rc/cr: 0.333333333 0.333333333 0.333333333
JQ:/rc/rr: 0.000000000 0.000032143 0.999967857
JQ:/rrc/: 0.136976318 0.863023682 0.000000000
JQ:/rrc/cr: 0.000012415 0.000012415 0.999975170
JQ:/rrc/rr: 0.000000000 0.000117330 0.999882670
K:/: 0.760444041 0.239555959 0.000000000
K:/cr: 0.687741425 0.312244661 0.000013915
K:/rr: 0.000000000 0.999993425 0.000006575
KJ:/cc/: 0.000020872 0.999979128 0.000000000
KJ:/cc/cr: 0.000049189 0.000024085 0.999926726
KJ:/cc/rr: 0.000000000 0.500000000 0.500000000
KJ:/crc/: 0.000049604 0.999950396 0.000000000
KJ:/crc/cr: 0.000030644 0.999961929 0.000007428
KJ:/crc/rr: 0.000000000 0.775403433 0.224596567
KJ:/crrc/: 0.031698061 0.968301939 0.000000000
KJ:/crrc/cr: 0.000073402 0.999907777 0.000018821
KJ:/crrc/rr: 0.000000000 0.281323160 0.718676840
KJ:/rc/: 0.058545491 0.941454509 0.000000000
KJ:/rc/cr: 0.004921270 0.971857332 0.023221398
KJ:/rc/rr: 0.000000000 0.263077366 0.736922634
KJ:/rrc/: 0.093301752 0.906698248 0.000000000
KJ:/rrc/cr: 0.000069549 0.999769474 0.000160977
KJ:/rrc/rr: 0.000000000 0.560452595 0.439547405
KK:/cc/: 0.999633083 0.000366917 0.000000000
KK:/cc/cr: 0.962076925 0.018961537 0.018961537
KK:/cc/rr: 0.000000000 0.999989560 0.000010440
KK:/crc/: 0.081114481 0.918885519 0.000000000
KK:/crc/cr: 0.999983834 0.000008083 0.000008083
KK:/crc/rr: 0.000000000 0.999862653 0.000137347
KK:/crrc/: 0.996480497 0.003519503 0.000000000
KK:/crrc/cr: 0.998083786 0.000958107 0.000958107
KK:/crrc/rr: 0.000000000 0.999994924 0.000005076
KK:/rc/: 0.842683131 0.157316869 0.000000000
KK:/rc/cr: 0.999972136 0.000013932 0.000013932
KK:/rc/rr: 0.000000000 0.999996099 0.000003901
KK:/rrc/: 0.527806361 0.472193639 0.000000000
KK:/rrc/cr: 0.999995358 0.000002321 0.000002321
KK:/rrc/rr: 0.000000000 0.999996886 0.000003114
KQ:/cc/: 0.000054402 0.999945598 0.000000000
KQ:/cc/cr: 0.000037493 0.444241562 0.555720945
KQ:/cc/rr: 0.000000000 0.808169069 0.191830931
KQ:/crc/: 0.871627103 0.128372897 0.000000000
KQ:/crc/cr: 0.000424231 0.612611736 0.386964033
KQ:/crc/rr: 0.000000000 0.000012904 0.999987096
KQ:/crrc/: 0.002083700 0.997916300 0.000000000
KQ:/crrc/cr: 0.007365626 0.692555775 0.300078599
KQ:/crrc/rr: 0.000000000 0.080411789 0.919588211
KQ:/rc/: 0.000028106 0.999971894 0.000000000
KQ:/rc/cr: 0.000005775 0.490261751 0.509732474
KQ:/rc/rr: 0.000000000 0.883031406 0.116968594
KQ:/rrc/: 0.695948314 0.304051686 0.000000000
KQ:/rrc/cr: 0.019049010 0.899463980 0.081487010
KQ:/rrc/rr: 0.000000000 0.390522018 0.609477982
Q:/: 0.748080572 0.251919428 0.000000000
Q:/cr: 0.159513412 0.840064088 0.000422500
Q:/rr: 0.000000000 0.999993316 0.000006684
QJ:/cc/: 0.000019848 0.999980152 0.000000000
QJ:/cc/cr: 0.000006616 0.000006616 0.999986768
QJ:/cc/rr: 0.000000000 0.500000000 0.500000000
QJ:/crc/: 0.028079475 0.971920525 0.000000000
QJ:/crc/cr: 0.002892618 0.000002701 0.997104681
QJ:/crc/rr: 0.000000000 0.000140235 0.999859765
QJ:/crrc/: 0.036041964 0.963958036 0.000000000
QJ:/crrc/cr: 0.000029406 0.000014342 0.999956252
QJ:/crrc/rr: 0.000000000 0.000575376 0.999424624
QJ:/rc/: 0.010384758 0.989615242 0.000000000
QJ:/rc/cr: 0.000002251 0.000002251 0.999995497
QJ:/rc/rr: 0.000000000 0.000321807 0.999678193
QJ:/rrc/: 0.000003342 0.999996658 0.000000000
QJ:/rrc/cr: 0.000001114 0.000001114 0.999997772
QJ:/rrc/rr: 0.000000000 0.500000000 0.500000000
QK:/cc/: 0.444670229 0.555329771 0.000000000
QK:/cc/cr: 0.939731636 0.060250885 0.000017479
QK:/cc/rr: 0.000000000 0.999977683 0.000022317
QK:/crc/: 0.000009073 0.999990927 0.000000000
QK:/crc/cr: 0.000003237 0.559804327 0.440192436
QK:/crc/rr: 0.000000000 0.566016581 0.433983419
QK:/crrc/: 0.955648925 0.044351075 0.000000000
QK:/crrc/cr: 0.000374560 0.754055878 0.245569563
QK:/crrc/rr: 0.000000000 0.000561140 0.999438860
QK:/rc/: 0.440788607 0.559211393 0.000000000
QK:/rc/cr: 0.023886475 0.532729746 0.443383778
QK:/rc/rr: 0.000000000 0.183972154 0.816027846
QK:/rrc/: 0.115286924 0.884713076 0.000000000
QK:/rrc/cr: 0.000001259 0.297080801 0.702917940
QK:/rrc/rr: 0.000000000 0.000456651 0.999543349
QQ:/cc/: 0.527619365 0.472380635 0.000000000
QQ:/cc/cr: 0.999971989 0.000014005 0.000014005
QQ:/cc/rr: 0.000000000 0.999981191 0.000018809
QQ:/crc/: 0.990934296 0.009065704 0.000000000
QQ:/crc/cr: 0.999420862 0.000289569 0.000289569
QQ:/crc/rr: 0.000000000 0.999996026 0.000003974
QQ:/crrc/: 0.079063005 0.920936995 0.000000000
QQ:/crrc/cr: 0.999969976 0.000015012 0.000015012
QQ:/crrc/rr: 0.000000000 0.999737707 0.000262293
QQ:/rc/: 0.523059450 0.476940550 0.000000000
QQ:/rc/cr: 0.999988536 0.000006792 0.000004671
QQ:/rc/rr: 0.000000000 0.999993611 0.000006389
QQ:/rrc/: 0.982721966 0.017278034 0.000000000
QQ:/rrc/cr: 0.999871054 0.000064473 0.000064473
QQ:/rrc/rr: 0.000000000 0.999998300 0.000001700
