J:/: 0.071839498 0.928160502 0.000000000
J:/cr: 0.018345494 0.034045894 0.947608612
J:/rr: 0.000000000 0.999930400 0.000069600
JJ:/cc/: 0.000136461 0.999863539 0.000000000
JJ:/cc/cr: 0.998613721 0.001384483 0.000001796
JJ:/cc/rr: 0.000000000 0.980261751 0.019738249
JJ:/crc/: 0.962646094 0.037353906 0.000000000
JJ:/crc/cr: 0.999058688 0.000470656 0.000470656
JJ:/crc/rr: 0.000000000 0.999972605 0.000027395
JJ:/crrc/: 0.970444408 0.029555592 0.000000000
JJ:/crrc/cr: 0.997792172 0.001103914 0.001103914
JJ:/crrc/rr: 0.000000000 0.999949569 0.000050431
JJ:/rc/: 0.947669232 0.052330768 0.000000000
JJ:/rc/cr: 0.999113337 0.000443331 0.000443331
JJ:/rc/rr: 0.000000000 0.999963279 0.000036721
JJ:/rrc/: 0.999965198 0.000034802 0.000000000
JJ:/rrc/cr: 0.333333333 0.333333333 0.333333333
JJ:/rrc/rr: 0.000000000 0.999982598 0.000017402
JK:/cc/: 0.077936837 0.922063163 0.000000000
JK:/cc/cr: 0.000039787 0.000001947 0.999958265
JK:/cc/rr: 0.000000000 0.000034560 0.999965440
JK:/crc/: 0.031958273 0.968041727 0.000000000
JK:/crc/cr: 0.002025022 0.000018161 0.997956817
JK:/crc/rr: 0.000000000 0.000825178 0.999174822
JK:/crrc/: 0.999902119 0.000097881 0.000000000
JK:/crrc/cr: 0.333333333 0.333333333 0.333333333
JK:/crrc/rr: 0.000000000 0.000048945 0.999951055
JK:/rc/: 0.999930400 0.000069600 0.000000000
JK:/rc/cr: 0.333333333 0.333333333 0.333333333
JK:/rc/rr: 0.000000000 0.000034802 0.999965198
JK:/rrc/: 0.552906266 0.447093734 0.000000000
JK:/rrc/cr: 0.972344565 0.000025947 0.027629488
JK:/rrc/rr: 0.000000000 0.000031472 0.999968528
JQ:/cc/: 0.187664429 0.812335571 0.000000000
JQ:/cc/cr: 0.000002210 0.000002210 0.999995579
JQ:/cc/rr: 0.000000000 0.000014353 0.999985647
JQ:/crc/: 0.995439976 0.004560024 0.000000000
JQ:/crc/cr: 0.350874821 0.003855427 0.645269752
JQ:/crc/rr: 0.000000000 0.000026492 0.999973508
JQ:/crrc/: 0.065143354 0.934856646 0.000000000
JQ:/crrc/cr: 0.199686811 0.000034900 0.800278289
JQ:/crrc/rr: 0.000000000 0.000751270 0.999248730
JQ:/rc/: 0.999007321 0.000992679 0.000000000
JQ:/rc/cr: 0.023370966 0.023370966 0.953258068
JQ:/rc/rr: 0.000000000 0.000034834 0.999965166
JQ:/rrc/: 0.154515693 0.845484307 0.000000000
JQ:/rrc/cr: 0.000013721 0.000013721 0.999972558
JQ:/rrc/rr: 0.000000000 0.000112617 0.999887383
K:/: 0.753028833 0.246971167 0.000000000
K:/cr: 0.693821727 0.306164776 0.000013497
K:/rr: 0.000000000 0.999993360 0.000006640
KJ:/cc/: 0.000020245 0.999979755 0.000000000
KJ:/cc/cr: 0.000006749 0.000006749 0.999986503
KJ:/cc/rr: 0.000000000 0.500000000 0.500000000
KJ:/crc/: 0.000107616 0.999892384 0.000000000
KJ:/crc/cr: 0.000007348 0.999985304 0.000007348
KJ:/crc/rr: 0.000000000 0.897590196 0.102409804
KJ:/crrc/: 0.070343746 0.929656254 0.000000000
KJ:/crrc/cr: 0.001581993 0.996848643 0.001569365
KJ:/crrc/rr: 0.000000000 0.463096282 0.536903718
KJ:/rc/: 0.033421706 0.966578294 0.000000000
KJ:/rc/cr: 0.002802719 0.987203314 0.009993967
KJ:/rc/rr: 0.000000000 0.355768888 0.644231112
KJ:/rrc/: 0.076480491 0.923519509 0.000000000
KJ:/rrc/cr: 0.000158151 0.999840651 0.000001198
KJ:/rrc/rr: 0.000000000 0.454673483 0.545326517
KK:/cc/: 0.999557028 0.000442972 0.000000000
KK:/cc/cr: 0.969531143 0.015234428 0.015234428
KK:/cc/rr: 0.000000000 0.999989873 0.000010127
KK:/crc/: 0.084693793 0.915306207 0.000000000
KK:/crc/cr: 0.999983946 0.000008027 0.000008027
KK:/crc/rr: 0.000000000 0.999869874 0.000130126
KK:/crrc/: 0.999052046 0.000947954 0.000000000
KK:/crrc/cr: 0.993159682 0.003420159 0.003420159
KK:/crrc/rr: 0.000000000 0.999995132 0.000004868
KK:/rc/: 0.807266246 0.192733754 0.000000000
KK:/rc/cr: 0.999977033 0.000011484 0.000011484
KK:/rc/rr: 0.000000000 0.999995887 0.000004113
KK:/rrc/: 0.528410616 0.471589384 0.000000000
KK:/rrc/cr: 0.999995307 0.000002347 0.000002347
KK:/rrc/rr: 0.000000000 0.999996859 0.000003141
KQ:/cc/: 0.000020245 0.999979755 0.000000000
KQ:/cc/cr: 0.000006749 0.431270579 0.568722672
KQ:/cc/rr: 0.000000000 0.500000000 0.500000000
KQ:/crc/: 0.905016326 0.094983674 0.000000000
KQ:/crc/cr: 0.000077353 0.630365676 0.369556971
KQ:/crc/rr: 0.000000000 0.000012178 0.999987822
KQ:/crrc/: 0.004449896 0.995550104 0.000000000
KQ:/crrc/cr: 0.000003257 0.740668149 0.259328594
KQ:/crrc/rr: 0.000000000 0.001092886 0.998907114
KQ:/rc/: 0.000040441 0.999959559 0.000000000
KQ:/rc/cr: 0.000013216 0.485471292 0.514515491
KQ:/rc/rr: 0.000000000 0.917907012 0.082092988
KQ:/rrc/: 0.704160177 0.295839823 0.000000000
KQ:/rrc/cr: 0.011985214 0.940941768 0.047073018
KQ:/rrc/rr: 0.000000000 0.389453259 0.610546741
Q:/: 0.749099177 0.250900823 0.000000000
Q:/cr: 0.161730976 0.838124871 0.000144153
Q:/rr: 0.000000000 0.999993325 0.000006675
QJ:/cc/: 0.000019928 0.999980072 0.000000000
QJ:/cc/cr: 0.000006643 0.000006643 0.999986714
QJ:/cc/rr: 0.000000000 0.500000000 0.500000000
QJ:/crc/: 0.027935437 0.972064563 0.000000000
QJ:/crc/cr: 0.001439419 0.000002718 0.998557863
QJ:/crc/rr: 0.000000000 0.000141858 0.999858142
QJ:/crrc/: 0.011267678 0.988732322 0.000000000
QJ:/crrc/cr: 0.000376592 0.000013847 0.999609561
QJ:/crrc/rr: 0.000000000 0.001822590 0.998177410
QJ:/rc/: 0.013825721 0.986174279 0.000000000
QJ:/rc/cr: 0.000002256 0.000002256 0.999995488
QJ:/rc/rr: 0.000000000 0.000241386 0.999758614
QJ:/rrc/: 0.000003337 0.999996663 0.000000000
QJ:/rrc/cr: 0.000001112 0.000001112 0.999997775
QJ:/rrc/rr: 0.000000000 0.500000000 0.500000000
QK:/cc/: 0.566191124 0.433808876 0.000000000
QK:/cc/cr: 0.001419241 0.998565447 0.000015313
QK:/cc/rr: 0.000000000 0.240790210 0.759209790
QK:/crc/: 0.001671178 0.998328822 0.000000000
QK:/crc/cr: 0.000002801 0.555467836 0.444529363
QK:/crc/rr: 0.000000000 0.002371293 0.997628707
QK:/crrc/: 0.993475686 0.006524314 0.000000000
QK:/crrc/cr: 0.002098444 0.538299692 0.459601865
QK:/crrc/rr: 0.000000000 0.000524281 0.999475719
QK:/rc/: 0.431192741 0.568807259 0.000000000
QK:/rc/cr: 0.004745194 0.526719677 0.468535129
QK:/rc/rr: 0.000000000 0.208238101 0.791761899
QK:/rrc/: 0.126386115 0.873613885 0.000000000
QK:/rrc/cr: 0.000009533 0.299015473 0.700974994
QK:/rrc/rr: 0.000000000 0.000013203 0.999986797
QQ:/cc/: 0.532263210 0.467736790 0.000000000
QQ:/cc/cr: 0.984969203 0.015016596 0.000014202
QQ:/cc/rr: 0.000000000 0.999981280 0.000018720
QQ:/crc/: 0.996809204 0.003190796 0.000000000
QQ:/crc/cr: 0.998344049 0.000827976 0.000827976
QQ:/crc/rr: 0.000000000 0.999996024 0.000003976
QQ:/crrc/: 0.154606299 0.845393701 0.000000000
QQ:/crrc/cr: 0.999967611 0.000016195 0.000016195
QQ:/crrc/rr: 0.000000000 0.999867170 0.000132830
QQ:/rc/: 0.492910132 0.507089868 0.000000000
QQ:/rc/cr: 0.999987359 0.000008254 0.000004388
QQ:/rc/rr: 0.000000000 0.999993229 0.000006771
QQ:/rrc/: 0.990936567 0.009063433 0.000000000
QQ:/rrc/cr: 0.999754518 0.000122741 0.000122741
QQ:/rrc/rr: 0.000000000 0.999998316 0.000001684
