J:/c: 0.321364991 0.678635009 0.000000000
J:/crr: 0.000000000 0.999984441 0.000015559
J:/r: 0.051007127 0.123118386 0.825874488
JJ:/cc/c: 0.999992632 0.000007368 0.000000000
JJ:/cc/crr: 0.000000000 0.999996316 0.000003684
JJ:/cc/r: 0.999990176 0.000004912 0.000004912
JJ:/crc/c: 0.999984441 0.000015559 0.000000000
JJ:/crc/crr: 0.000000000 0.999992221 0.000007779
JJ:/crc/r: 0.999947921 0.000041707 0.000010372
JJ:/crrc/c: 0.999992221 0.000007779 0.000000000
JJ:/crrc/crr: 0.000000000 0.999996110 0.000003890
JJ:/crrc/r: 0.999960217 0.000034597 0.000005186
JJ:/rc/c: 0.999972926 0.000027074 0.000000000
JJ:/rc/crr: 0.000000000 0.999986463 0.000013537
JJ:/rc/r: 0.999963047 0.000018903 0.000018049
JJ:/rrc/c: 0.999934650 0.000065350 0.000000000
JJ:/rrc/crr: 0.000000000 0.999967323 0.000032677
JJ:/rrc/r: 0.999912866 0.000043567 0.000043567
JK:/cc/c: 0.002557104 0.997442896 0.000000000
JK:/cc/crr: 0.000000000 0.001440640 0.998559360
JK:/cc/r: 0.000004912 0.000004912 0.999990176
JK:/crc/c: 0.519704139 0.480295861 0.000000000
JK:/crc/crr: 0.000000000 0.000014969 0.999985031
JK:/crc/r: 0.003853775 0.000010372 0.996135853
JK:/crrc/c: 0.062402475 0.937597525 0.000000000
JK:/crrc/crr: 0.000000000 0.000062333 0.999937667
JK:/crrc/r: 0.166950773 0.000005186 0.833044041
JK:/rc/c: 0.373737624 0.626262376 0.000000000
JK:/rc/crr: 0.000000000 0.000036221 0.999963779
JK:/rc/r: 0.355207250 0.000018049 0.644774700
JK:/rrc/c: 0.999934650 0.000065350 0.000000000
JK:/rrc/crr: 0.000000000 0.000032677 0.999967323
JK:/rrc/r: 0.385118702 0.000043567 0.614837731
JQ:/cc/c: 0.088755451 0.911244549 0.000000000
JQ:/cc/crr: 0.000000000 0.000041506 0.999958494
JQ:/cc/r: 0.000004912 0.000004912 0.999990176
JQ:/crc/c: 0.999946725 0.000053275 0.000000000
JQ:/crc/crr: 0.000000000 0.000007780 0.999992220
JQ:/crc/r: 0.000038248 0.000010372 0.999951379
JQ:/crrc/c: 0.000007779 0.999992221 0.000000000
JQ:/crrc/crr: 0.000000000 0.500000000 0.500000000
JQ:/crrc/r: 0.193828189 0.000005186 0.806166625
JQ:/rc/c: 0.999972926 0.000027074 0.000000000
JQ:/rc/crr: 0.000000000 0.000013537 0.999986463
JQ:/rc/r: 0.000018049 0.000018049 0.999963901
JQ:/rrc/c: 0.000065350 0.999934650 0.000000000
JQ:/rrc/crr: 0.000000000 0.500000000 0.500000000
JQ:/rrc/r: 0.677436297 0.000043567 0.322520136
K:/c: 0.999990000 0.000010000 0.000000000
K:/crr: 0.000000000 0.999995000 0.000005000
K:/r: 0.591451348 0.408541985 0.000006667
KJ:/cc/c: 0.500000000 0.500000000 0.000000000
KJ:/cc/crr: 0.000000000 0.500000000 0.500000000
KJ:/cc/r: 0.333333333 0.333333333 0.333333333
KJ:/crc/c: 0.068039701 0.931960299 0.000000000
KJ:/crc/crr: 0.000000000 0.999963256 0.000036744
KJ:/crc/r: 0.000003333 0.714368948 0.285627719
KJ:/crrc/c: 0.553258822 0.446741178 0.000000000
KJ:/crrc/crr: 0.000000000 0.999997741 0.000002259
KJ:/crrc/r: 0.112874656 0.887100952 0.000024392
KJ:/rc/c: 0.423765430 0.576234570 0.000000000
KJ:/rc/crr: 0.000000000 0.999990373 0.000009627
KJ:/rc/r: 0.000291305 0.870138657 0.129570039
KJ:/rrc/c: 0.233398250 0.766601750 0.000000000
KJ:/rrc/crr: 0.000000000 0.999987927 0.000012073
KJ:/rrc/r: 0.001497408 0.968476023 0.030026569
KK:/cc/c: 0.500000000 0.500000000 0.000000000
KK:/cc/crr: 0.000000000 0.500000000 0.500000000
KK:/cc/r: 0.333333333 0.333333333 0.333333333
KK:/crc/c: 0.999995000 0.000005000 0.000000000
KK:/crc/crr: 0.000000000 0.999997500 0.000002500
KK:/crc/r: 0.993707197 0.006289469 0.000003333
KK:/crrc/c: 0.999997500 0.000002500 0.000000000
KK:/crrc/crr: 0.000000000 0.999998750 0.000001250
KK:/crrc/r: 0.999266980 0.000731354 0.000001667
KK:/rc/c: 0.999991841 0.000008159 0.000000000
KK:/rc/crr: 0.000000000 0.999995920 0.000004080
KK:/rc/r: 0.999966625 0.000027935 0.000005439
KK:/rrc/c: 0.999994364 0.000005636 0.000000000
KK:/rrc/crr: 0.000000000 0.999997182 0.000002818
KK:/rrc/r: 0.997220791 0.002775452 0.000003757
KQ:/cc/c: 0.500000000 0.500000000 0.000000000
KQ:/cc/crr: 0.000000000 0.500000000 0.500000000
KQ:/cc/r: 0.333333333 0.333333333 0.333333333
KQ:/crc/c: 0.000005000 0.999995000 0.000000000
KQ:/crc/crr: 0.000000000 0.500000000 0.500000000
KQ:/crc/r: 0.000004225 0.437780497 0.562215279
KQ:/crrc/c: 0.645208980 0.354791020 0.000000000
KQ:/crrc/crr: 0.000000000 0.451628944 0.548371056
KQ:/crrc/r: 0.000015080 0.619980116 0.380004804
KQ:/rc/c: 0.000008159 0.999991841 0.000000000
KQ:/rc/crr: 0.000000000 0.500000000 0.500000000
KQ:/rc/r: 0.000005439 0.302116598 0.697877962
KQ:/rrc/c: 0.536216507 0.463783493 0.000000000
KQ:/rrc/crr: 0.000000000 0.471352657 0.528647343
KQ:/rrc/r: 0.000035760 0.673853507 0.326110734
Q:/c: 0.815430847 0.184569153 0.000000000
Q:/crr: 0.000000000 0.999993868 0.000006132
Q:/r: 0.385579013 0.614385810 0.000035177
QJ:/cc/c: 0.000027090 0.999972910 0.000000000
QJ:/cc/crr: 0.000000000 0.500000000 0.500000000
QJ:/cc/r: 0.000018060 0.000018060 0.999963880
QJ:/crc/c: 0.440356312 0.559643688 0.000000000
QJ:/crc/crr: 0.000000000 0.000036684 0.999963316
QJ:/crc/r: 0.000004088 0.000004088 0.999991824
QJ:/crrc/c: 0.000003066 0.999996934 0.000000000
QJ:/crrc/crr: 0.000000000 0.500000000 0.500000000
QJ:/crrc/r: 0.000004031 0.000002044 0.999993925
QJ:/rc/c: 0.000005425 0.999994575 0.000000000
QJ:/rc/crr: 0.000000000 0.500000000 0.500000000
QJ:/rc/r: 0.000014148 0.000003617 0.999982235
QJ:/rrc/c: 0.000008645 0.999991355 0.000000000
QJ:/rrc/crr: 0.000000000 0.500000000 0.500000000
QJ:/rrc/r: 0.000005763 0.000005763 0.999988473
QK:/cc/c: 0.023375920 0.976624080 0.000000000
QK:/cc/crr: 0.000000000 0.999420555 0.000579445
QK:/cc/r: 0.000018060 0.931950206 0.068031734
QK:/crc/c: 0.291022902 0.708977098 0.000000000
QK:/crc/crr: 0.000000000 0.000010535 0.999989465
QK:/crc/r: 0.000020473 0.467060475 0.532919052
QK:/crrc/c: 0.376541711 0.623458289 0.000000000
QK:/crrc/crr: 0.000000000 0.000100517 0.999899483
QK:/crrc/r: 0.000012856 0.321138279 0.678848865
QK:/rc/c: 0.382252227 0.617747773 0.000000000
QK:/rc/crr: 0.000000000 0.000007097 0.999992903
QK:/rc/r: 0.000003617 0.317533009 0.682463374
QK:/rrc/c: 0.439664490 0.560335510 0.000000000
QK:/rrc/crr: 0.000000000 0.000120676 0.999879324
QK:/rrc/r: 0.000005763 0.465935349 0.534058887
QQ:/cc/c: 0.999972910 0.000027090 0.000000000
QQ:/cc/crr: 0.000000000 0.999986455 0.000013545
QQ:/cc/r: 0.999445828 0.000536111 0.000018060
QQ:/crc/c: 0.999993868 0.000006132 0.000000000
QQ:/crc/crr: 0.000000000 0.999996934 0.000003066
QQ:/crc/r: 0.980988078 0.019007834 0.000004088
QQ:/crrc/c: 0.999996934 0.000003066 0.000000000
QQ:/crrc/crr: 0.000000000 0.999998467 0.000001533
QQ:/crrc/r: 0.999973442 0.000024514 0.000002044
QQ:/rc/c: 0.999994575 0.000005425 0.000000000
QQ:/rc/crr: 0.000000000 0.999997287 0.000002713
QQ:/rc/r: 0.999987666 0.000008717 0.000003617
QQ:/rrc/c: 0.999991355 0.000008645 0.000000000
QQ:/rrc/crr: 0.000000000 0.999995677 0.000004323
QQ:/rrc/r: 0.999985339 0.000008897 0.000005763
