J:/c: 0.303020191 0.696979809 0.000000000
J:/crr: 0.000000000 0.999983499 0.000016501
J:/r: 0.054122855 0.127677647 0.818199498
JJ:/cc/c: 0.999992826 0.000007174 0.000000000
JJ:/cc/crr: 0.000000000 0.999996413 0.000003587
JJ:/cc/r: 0.999986758 0.000008460 0.000004783
JJ:/crc/c: 0.999983499 0.000016501 0.000000000
JJ:/crc/crr: 0.000000000 0.999991750 0.000008250
JJ:/crc/r: 0.999977999 0.000011000 0.000011000
JJ:/crrc/c: 0.999991750 0.000008250 0.000000000
JJ:/crrc/crr: 0.000000000 0.999995875 0.000004125
JJ:/crrc/r: 0.999936540 0.000057960 0.000005500
JJ:/rc/c: 0.999973893 0.000026107 0.000000000
JJ:/rc/crr: 0.000000000 0.999986946 0.000013054
JJ:/rc/r: 0.999965190 0.000017405 0.000017405
JJ:/rrc/c: 0.999938412 0.000061588 0.000000000
JJ:/rrc/crr: 0.000000000 0.999969204 0.000030796
JJ:/rrc/r: 0.999846056 0.000112885 0.000041059
JK:/cc/c: 0.008818430 0.991181570 0.000000000
JK:/cc/crr: 0.000000000 0.000406751 0.999593249
JK:/cc/r: 0.000008933 0.000004783 0.999986285
JK:/crc/c: 0.514927949 0.485072051 0.000000000
JK:/crc/crr: 0.000000000 0.000016022 0.999983978
JK:/crc/r: 0.017973074 0.000011000 0.982015926
JK:/crrc/c: 0.514726529 0.485273471 0.000000000
JK:/crrc/crr: 0.000000000 0.000008014 0.999991986
JK:/crrc/r: 0.155263318 0.000005500 0.844731181
JK:/rc/c: 0.385387871 0.614612129 0.000000000
JK:/rc/crr: 0.000000000 0.000033872 0.999966128
JK:/rc/r: 0.366878400 0.000017405 0.633104195
JK:/rrc/c: 0.999938412 0.000061588 0.000000000
JK:/rrc/crr: 0.000000000 0.000030796 0.999969204
JK:/rrc/r: 0.275952168 0.000041059 0.724006773
JQ:/cc/c: 0.076537389 0.923462611 0.000000000
JQ:/cc/crr: 0.000000000 0.000046865 0.999953135
JQ:/cc/r: 0.034631372 0.000004783 0.965363845
JQ:/crc/c: 0.626025917 0.373974083 0.000000000
JQ:/crc/crr: 0.000000000 0.000013179 0.999986821
JQ:/crc/r: 0.008903916 0.000011000 0.991085084
JQ:/crrc/c: 0.052325507 0.947674493 0.000000000
JQ:/crrc/crr: 0.000000000 0.000078837 0.999921163
JQ:/crrc/r: 0.257653976 0.000005500 0.742340524
JQ:/rc/c: 0.998348056 0.001651944 0.000000000
JQ:/rc/crr: 0.000000000 0.000013075 0.999986925
JQ:/rc/r: 0.000017405 0.000017405 0.999965190
JQ:/rrc/c: 0.026698702 0.973301298 0.000000000
JQ:/rrc/crr: 0.000000000 0.001153395 0.998846605
JQ:/rrc/r: 0.429544407 0.000041059 0.570414534
K:/c: 0.999969809 0.000030191 0.000000000
K:/crr: 0.000000000 0.999995000 0.000005000
K:/r: 0.572600952 0.427392381 0.000006667
KJ:/cc/c: 0.165614550 0.834385450 0.000000000
KJ:/cc/crr: 0.000000000 0.500000000 0.500000000
KJ:/cc/r: 0.489973847 0.239674271 0.270351881
KJ:/crc/c: 0.080169084 0.919830916 0.000000000
KJ:/crc/crr: 0.000000000 0.999968815 0.000031185
KJ:/crc/r: 0.000032229 0.717121318 0.282846452
KJ:/crrc/c: 0.412900358 0.587099642 0.000000000
KJ:/crrc/crr: 0.000000000 0.885849081 0.114150919
KJ:/crrc/r: 0.001553597 0.874488319 0.123958084
KJ:/rc/c: 0.441997295 0.558002705 0.000000000
KJ:/rc/crr: 0.000000000 0.851150478 0.148849522
KJ:/rc/r: 0.048406301 0.745361374 0.206232325
KJ:/rrc/c: 0.139756196 0.860243804 0.000000000
KJ:/rrc/crr: 0.000000000 0.999979173 0.000020827
KJ:/rrc/r: 0.034729739 0.914835931 0.050434330
KK:/cc/c: 0.834385450 0.165614550 0.000000000
KK:/cc/crr: 0.000000000 0.900756569 0.099243431
KK:/cc/r: 0.583292993 0.306297307 0.110409700
KK:/crc/c: 0.999995000 0.000005000 0.000000000
KK:/crc/crr: 0.000000000 0.999997500 0.000002500
KK:/crc/r: 0.990766790 0.009229876 0.000003333
KK:/crrc/c: 0.999997500 0.000002500 0.000000000
KK:/crrc/crr: 0.000000000 0.999998750 0.000001250
KK:/crrc/r: 0.999973726 0.000024607 0.000001667
KK:/rc/c: 0.999992201 0.000007799 0.000000000
KK:/rc/crr: 0.000000000 0.999996100 0.000003900
KK:/rc/r: 0.999979047 0.000015754 0.000005199
KK:/rrc/c: 0.999994179 0.000005821 0.000000000
KK:/rrc/crr: 0.000000000 0.999997089 0.000002911
KK:/rrc/r: 0.999706828 0.000289291 0.000003881
KQ:/cc/c: 0.482787306 0.517212694 0.000000000
KQ:/cc/crr: 0.000000000 0.828480837 0.171519163
KQ:/cc/r: 0.474897473 0.413874382 0.111228145
KQ:/crc/c: 0.031119622 0.968880378 0.000000000
KQ:/crc/crr: 0.000000000 0.009351031 0.990648969
KQ:/crc/r: 0.000010534 0.443227610 0.556761857
KQ:/crrc/c: 0.583529447 0.416470553 0.000000000
KQ:/crrc/crr: 0.000000000 0.395698036 0.604301964
KQ:/crrc/r: 0.000047013 0.636125833 0.363827154
KQ:/rc/c: 0.000016247 0.999983753 0.000000000
KQ:/rc/crr: 0.000000000 0.240022612 0.759977388
KQ:/rc/r: 0.000019162 0.298562233 0.701418605
KQ:/rrc/c: 0.498978154 0.501021846 0.000000000
KQ:/rrc/crr: 0.000000000 0.584336906 0.415663094
KQ:/rrc/r: 0.077627010 0.556348769 0.366024220
Q:/c: 0.839429696 0.160570304 0.000000000
Q:/crr: 0.000000000 0.999994044 0.000005956
Q:/r: 0.356699602 0.643259153 0.000041245
QJ:/cc/c: 0.000031139 0.999968861 0.000000000
QJ:/cc/crr: 0.000000000 0.500000000 0.500000000
QJ:/cc/r: 0.000020759 0.000020759 0.999958481
QJ:/crc/c: 0.402204207 0.597795793 0.000000000
QJ:/crc/crr: 0.000000000 0.003345556 0.996654444
QJ:/crc/r: 0.000003971 0.000003971 0.999992058
QJ:/crrc/c: 0.000002978 0.999997022 0.000000000
QJ:/crrc/crr: 0.000000000 0.500000000 0.500000000
QJ:/crrc/r: 0.040676750 0.000001985 0.959321265
QJ:/rc/c: 0.000041309 0.999958691 0.000000000
QJ:/rc/crr: 0.000000000 0.062721288 0.937278712
QJ:/rc/r: 0.000003455 0.000003455 0.999993091
QJ:/rrc/c: 0.000165470 0.999834530 0.000000000
QJ:/rrc/crr: 0.000000000 0.028237620 0.971762380
QJ:/rrc/r: 0.000051958 0.000006230 0.999941812
QK:/cc/c: 0.029243911 0.970756089 0.000000000
QK:/cc/crr: 0.000000000 0.999467598 0.000532402
QK:/cc/r: 0.000090974 0.706195027 0.293713999
QK:/crc/c: 0.355119508 0.644880492 0.000000000
QK:/crc/crr: 0.000000000 0.000820452 0.999179548
QK:/crc/r: 0.000167538 0.454668111 0.545164351
QK:/crrc/c: 0.030061250 0.969938750 0.000000000
QK:/crrc/crr: 0.000000000 0.014641713 0.985358287
QK:/crrc/r: 0.000040202 0.315088846 0.684870951
QK:/rc/c: 0.380558320 0.619441680 0.000000000
QK:/rc/crr: 0.000000000 0.004129299 0.995870701
QK:/rc/r: 0.000007521 0.312027581 0.687964898
QK:/rrc/c: 0.421119660 0.578880340 0.000000000
QK:/rrc/crr: 0.000000000 0.051017477 0.948982523
QK:/rrc/r: 0.000074631 0.511872947 0.488052422
QQ:/cc/c: 0.999968861 0.000031139 0.000000000
QQ:/cc/crr: 0.000000000 0.999984430 0.000015570
QQ:/cc/r: 0.999933054 0.000046187 0.000020759
QQ:/crc/c: 0.999994044 0.000005956 0.000000000
QQ:/crc/crr: 0.000000000 0.999997022 0.000002978
QQ:/crc/r: 0.998783364 0.001212665 0.000003971
QQ:/crrc/c: 0.999997022 0.000002978 0.000000000
QQ:/crrc/crr: 0.000000000 0.999998511 0.000001489
QQ:/crrc/r: 0.999996029 0.000001985 0.000001985
QQ:/rc/c: 0.999994818 0.000005182 0.000000000
QQ:/rc/crr: 0.000000000 0.999997409 0.000002591
QQ:/rc/r: 0.999992254 0.000004291 0.000003455
QQ:/rrc/c: 0.999990655 0.000009345 0.000000000
QQ:/rrc/crr: 0.000000000 0.999995327 0.000004673
QQ:/rrc/r: 0.999953014 0.000040756 0.000006230
