J:/c: 0.260125119 0.739874881 0.000000000
J:/crr: 0.000000000 0.999980778 0.000019222
J:/r: 0.052856170 0.138986609 0.808157222
JJ:/cc/c: 0.999993242 0.000006758 0.000000000
JJ:/cc/crr: 0.000000000 0.999996621 0.000003379
JJ:/cc/r: 0.999979892 0.000015602 0.000004505
JJ:/crc/c: 0.999980778 0.000019222 0.000000000
JJ:/crc/crr: 0.000000000 0.999990389 0.000009611
JJ:/crc/r: 0.999735930 0.000251256 0.000012814
JJ:/crrc/c: 0.999990389 0.000009611 0.000000000
JJ:/crrc/crr: 0.000000000 0.999995194 0.000004806
JJ:/crrc/r: 0.999987185 0.000006407 0.000006407
JJ:/rc/c: 0.999976017 0.000023983 0.000000000
JJ:/rc/crr: 0.000000000 0.999988008 0.000011992
JJ:/rc/r: 0.999967081 0.000016930 0.000015989
JJ:/rrc/c: 0.999936936 0.000063064 0.000000000
JJ:/rrc/crr: 0.000000000 0.999968466 0.000031534
JJ:/rrc/r: 0.999915914 0.000042043 0.000042043
JK:/cc/c: 0.000006758 0.999993242 0.000000000
JK:/cc/crr: 0.000000000 0.500000000 0.500000000
JK:/cc/r: 0.000005485 0.000004505 0.999990009
JK:/crc/c: 0.634985056 0.365014944 0.000000000
JK:/crc/crr: 0.000000000 0.000015135 0.999984865
JK:/crc/r: 0.012242741 0.000012814 0.987744444
JK:/crrc/c: 0.151632338 0.848367662 0.000000000
JK:/crrc/crr: 0.000000000 0.000031692 0.999968308
JK:/crrc/r: 0.272374433 0.000006407 0.727619159
JK:/rc/c: 0.397102233 0.602897767 0.000000000
JK:/rc/crr: 0.000000000 0.000030198 0.999969802
JK:/rc/r: 0.349923268 0.000015989 0.650060743
JK:/rrc/c: 0.999936936 0.000063064 0.000000000
JK:/rrc/crr: 0.000000000 0.000031534 0.999968466
JK:/rrc/r: 0.168891886 0.000042043 0.831066071
JQ:/cc/c: 0.067111148 0.932888852 0.000000000
JQ:/cc/crr: 0.000000000 0.000050349 0.999949651
JQ:/cc/r: 0.051884765 0.000004505 0.948110730
JQ:/crc/c: 0.770052004 0.229947996 0.000000000
JQ:/crc/crr: 0.000000000 0.000012481 0.999987519
JQ:/crc/r: 0.017339146 0.000012814 0.982648039
JQ:/crrc/c: 0.000009611 0.999990389 0.000000000
JQ:/crrc/crr: 0.000000000 0.500000000 0.500000000
JQ:/crrc/r: 0.002636631 0.000006407 0.997356962
JQ:/rc/c: 0.999976017 0.000023983 0.000000000
JQ:/rc/crr: 0.000000000 0.000011992 0.999988008
JQ:/rc/r: 0.000015989 0.000015989 0.999968022
JQ:/rrc/c: 0.000063064 0.999936936 0.000000000
JQ:/rrc/crr: 0.000000000 0.500000000 0.500000000
JQ:/rrc/r: 0.304778845 0.000042043 0.695179112
K:/c: 0.999990000 0.000010000 0.000000000
K:/crr: 0.000000000 0.999995000 0.000005000
K:/r: 0.548976858 0.451016475 0.000006667
KJ:/cc/c: 0.500000000 0.500000000 0.000000000
KJ:/cc/crr: 0.000000000 0.500000000 0.500000000
KJ:/cc/r: 0.333333333 0.333333333 0.333333333
KJ:/crc/c: 0.177219531 0.822780469 0.000000000
KJ:/crc/crr: 0.000000000 0.999985893 0.000014107
KJ:/crc/r: 0.000003333 0.732019968 0.267976698
KJ:/crrc/c: 0.260451275 0.739548725 0.000000000
KJ:/crrc/crr: 0.000000000 0.999995201 0.000004799
KJ:/crrc/r: 0.000061644 0.904862835 0.095075521
KJ:/rc/c: 0.410031062 0.589968938 0.000000000
KJ:/rc/crr: 0.000000000 0.624372810 0.375627190
KJ:/rc/r: 0.000017513 0.828576252 0.171406235
KJ:/rrc/c: 0.080505692 0.919494308 0.000000000
KJ:/rrc/crr: 0.000000000 0.999962289 0.000037711
KJ:/rrc/r: 0.000037345 0.953877856 0.046084799
KK:/cc/c: 0.500000000 0.500000000 0.000000000
KK:/cc/crr: 0.000000000 0.500000000 0.500000000
KK:/cc/r: 0.333333333 0.333333333 0.333333333
KK:/crc/c: 0.999995000 0.000005000 0.000000000
KK:/crc/crr: 0.000000000 0.999997500 0.000002500
KK:/crc/r: 0.987982575 0.012014091 0.000003333
KK:/crrc/c: 0.999997500 0.000002500 0.000000000
KK:/crrc/crr: 0.000000000 0.999998750 0.000001250
KK:/crrc/r: 0.998016927 0.001981406 0.000001667
KK:/rc/c: 0.999992609 0.000007391 0.000000000
KK:/rc/crr: 0.000000000 0.999996305 0.000003695
KK:/rc/r: 0.999969608 0.000025464 0.000004927
KK:/rrc/c: 0.999993928 0.000006072 0.000000000
KK:/rrc/crr: 0.000000000 0.999996964 0.000003036
KK:/rrc/r: 0.998926906 0.001069046 0.000004048
KQ:/cc/c: 0.500000000 0.500000000 0.000000000
KQ:/cc/crr: 0.000000000 0.500000000 0.500000000
KQ:/cc/r: 0.333333333 0.333333333 0.333333333
KQ:/crc/c: 0.000005000 0.999995000 0.000000000
KQ:/crc/crr: 0.000000000 0.500000000 0.500000000
KQ:/crc/r: 0.000005412 0.523282721 0.476711866
KQ:/crrc/c: 0.680760557 0.319239443 0.000000000
KQ:/crrc/crr: 0.000000000 0.472391789 0.527608211
KQ:/crrc/r: 0.000124503 0.961557295 0.038318202
KQ:/rc/c: 0.000007391 0.999992609 0.000000000
KQ:/rc/crr: 0.000000000 0.500000000 0.500000000
KQ:/rc/r: 0.000004927 0.309808638 0.690186435
KQ:/rrc/c: 0.432700701 0.567299299 0.000000000
KQ:/rrc/crr: 0.000000000 0.432709712 0.567290288
KQ:/rrc/r: 0.099066890 0.554533671 0.346399439
Q:/c: 0.851116808 0.148883192 0.000000000
Q:/crr: 0.000000000 0.999994125 0.000005875
Q:/r: 0.300946670 0.699004139 0.000049191
QJ:/cc/c: 0.000063233 0.999936767 0.000000000
QJ:/cc/crr: 0.000000000 0.265551110 0.734448890
QJ:/cc/r: 0.000022389 0.000022389 0.999955222
QJ:/crc/c: 0.413476990 0.586523010 0.000000000
QJ:/crc/crr: 0.000000000 0.000052007 0.999947993
QJ:/crc/r: 0.000003916 0.000003916 0.999992167
QJ:/crrc/c: 0.000002937 0.999997063 0.000000000
QJ:/crrc/crr: 0.000000000 0.500000000 0.500000000
QJ:/crrc/r: 0.000001958 0.000001958 0.999996084
QJ:/rc/c: 0.000004769 0.999995231 0.000000000
QJ:/rc/crr: 0.000000000 0.500000000 0.500000000
QJ:/rc/r: 0.011878361 0.000003179 0.988118460
QJ:/rrc/c: 0.000011076 0.999988924 0.000000000
QJ:/rrc/crr: 0.000000000 0.500000000 0.500000000
QJ:/rrc/r: 0.000007384 0.000007384 0.999985232
QK:/cc/c: 0.001350180 0.998649820 0.000000000
QK:/cc/crr: 0.000000000 0.987563370 0.012436630
QK:/cc/r: 0.000022389 0.999723742 0.000253870
QK:/crc/c: 0.273521476 0.726478524 0.000000000
QK:/crc/crr: 0.000000000 0.000010739 0.999989261
QK:/crc/r: 0.000026069 0.446158980 0.553814951
QK:/crrc/c: 0.007146719 0.992853281 0.000000000
QK:/crrc/crr: 0.000000000 0.000205502 0.999794498
QK:/crrc/r: 0.000012930 0.230373798 0.769613272
QK:/rc/c: 0.320413226 0.679586774 0.000000000
QK:/rc/crr: 0.000000000 0.000199652 0.999800348
QK:/rc/r: 0.000003179 0.317118989 0.682877832
QK:/rrc/c: 0.418617095 0.581382905 0.000000000
QK:/rrc/crr: 0.000000000 0.000041976 0.999958024
QK:/rrc/r: 0.000007384 0.533722039 0.466270577
QQ:/cc/c: 0.999966417 0.000033583 0.000000000
QQ:/cc/crr: 0.000000000 0.999983208 0.000016792
QQ:/cc/r: 0.999430715 0.000546896 0.000022389
QQ:/crc/c: 0.999994125 0.000005875 0.000000000
QQ:/crc/crr: 0.000000000 0.999997063 0.000002937
QQ:/crc/r: 0.999785058 0.000211025 0.000003916
QQ:/crrc/c: 0.999997063 0.000002937 0.000000000
QQ:/crrc/crr: 0.000000000 0.999998531 0.000001469
QQ:/crrc/r: 0.999896675 0.000101366 0.000001958
QQ:/rc/c: 0.999995231 0.000004769 0.000000000
QQ:/rc/crr: 0.000000000 0.999997616 0.000002384
QQ:/rc/r: 0.999991546 0.000005275 0.000003179
QQ:/rrc/c: 0.999988924 0.000011076 0.000000000
QQ:/rrc/crr: 0.000000000 0.999994462 0.000005538
QQ:/rrc/r: 0.999984072 0.000008544 0.000007384
