J:/c: 0.289304901 0.710695099 0.000000000
J:/crr: 0.000000000 0.999982717 0.000017283
J:/r: 0.056337232 0.126915040 0.816747728
JJ:/cc/c: 0.999992965 0.000007035 0.000000000
JJ:/cc/crr: 0.000000000 0.999996482 0.000003518
JJ:/cc/r: 0.999982746 0.000012563 0.000004690
JJ:/crc/c: 0.999982717 0.000017283 0.000000000
JJ:/crc/crr: 0.000000000 0.999991358 0.000008642
JJ:/crc/r: 0.999976956 0.000011522 0.000011522
JJ:/crrc/c: 0.999991358 0.000008642 0.000000000
JJ:/crrc/crr: 0.000000000 0.999995679 0.000004321
JJ:/crrc/r: 0.999988478 0.000005761 0.000005761
JJ:/rc/c: 0.999973736 0.000026264 0.000000000
JJ:/rc/crr: 0.000000000 0.999986868 0.000013132
JJ:/rc/r: 0.999963266 0.000019224 0.000017510
JJ:/rrc/c: 0.999940832 0.000059168 0.000000000
JJ:/rrc/crr: 0.000000000 0.999970414 0.000029586
JJ:/rrc/r: 0.999741515 0.000219040 0.000039445
JK:/cc/c: 0.006458720 0.993541280 0.000000000
JK:/cc/crr: 0.000000000 0.000544641 0.999455359
JK:/cc/r: 0.000012936 0.000004690 0.999982374
JK:/crc/c: 0.555169525 0.444830475 0.000000000
JK:/crc/crr: 0.000000000 0.000015565 0.999984435
JK:/crc/r: 0.000044114 0.000011522 0.999944364
JK:/crrc/c: 0.445959965 0.554040035 0.000000000
JK:/crrc/crr: 0.000000000 0.000009689 0.999990311
JK:/crrc/r: 0.217211772 0.000005761 0.782782467
JK:/rc/c: 0.373899137 0.626100863 0.000000000
JK:/rc/crr: 0.000000000 0.000035122 0.999964878
JK:/rc/r: 0.357788133 0.000017510 0.642194357
JK:/rrc/c: 0.999795906 0.000204094 0.000000000
JK:/rrc/crr: 0.000000000 0.000029590 0.999970410
JK:/rrc/r: 0.289664715 0.000039445 0.710295840
JQ:/cc/c: 0.073852286 0.926147714 0.000000000
JQ:/cc/crr: 0.000000000 0.000047631 0.999952369
JQ:/cc/r: 0.038668059 0.000004690 0.961327250
JQ:/crc/c: 0.421557160 0.578442840 0.000000000
JQ:/crc/crr: 0.000000000 0.000020499 0.999979501
JQ:/crc/r: 0.022406136 0.000011522 0.977582342
JQ:/crrc/c: 0.043368929 0.956631071 0.000000000
JQ:/crrc/crr: 0.000000000 0.000099628 0.999900372
JQ:/crrc/r: 0.235382278 0.000005761 0.764611961
JQ:/rc/c: 0.989177188 0.010822812 0.000000000
JQ:/rc/crr: 0.000000000 0.000013276 0.999986724
JQ:/rc/r: 0.000017510 0.000017510 0.999964981
JQ:/rrc/c: 0.023670479 0.976329521 0.000000000
JQ:/rrc/crr: 0.000000000 0.001249816 0.998750184
JQ:/rrc/r: 0.449345183 0.000039445 0.550615372
K:/c: 0.999969301 0.000030699 0.000000000
K:/crr: 0.000000000 0.999995000 0.000005000
K:/r: 0.589479569 0.410513764 0.000006667
KJ:/cc/c: 0.497917431 0.502082569 0.000000000
KJ:/cc/crr: 0.000000000 0.836445063 0.163554937
KJ:/cc/r: 0.549752000 0.220840932 0.229407068
KJ:/crc/c: 0.131393110 0.868606890 0.000000000
KJ:/crc/crr: 0.000000000 0.999980973 0.000019027
KJ:/crc/r: 0.000097585 0.748574907 0.251327507
KJ:/crrc/c: 0.471844388 0.528155612 0.000000000
KJ:/crrc/crr: 0.000000000 0.999997351 0.000002649
KJ:/crrc/r: 0.054266250 0.815077599 0.130656151
KJ:/rc/c: 0.438069701 0.561930299 0.000000000
KJ:/rc/crr: 0.000000000 0.812791198 0.187208802
KJ:/rc/r: 0.044777255 0.716975012 0.238247733
KJ:/rrc/c: 0.289490580 0.710509420 0.000000000
KJ:/rrc/crr: 0.000000000 0.999990233 0.000009767
KJ:/rrc/r: 0.036340410 0.907703069 0.055956521
KK:/cc/c: 0.837126292 0.162873708 0.000000000
KK:/cc/crr: 0.000000000 0.902718557 0.097281443
KK:/cc/r: 0.591777627 0.299639901 0.108582472
KK:/crc/c: 0.999995000 0.000005000 0.000000000
KK:/crc/crr: 0.000000000 0.999997500 0.000002500
KK:/crc/r: 0.976696821 0.023299845 0.000003333
KK:/crrc/c: 0.999997500 0.000002500 0.000000000
KK:/crrc/crr: 0.000000000 0.999998750 0.000001250
KK:/crrc/r: 0.999996667 0.000001667 0.000001667
KK:/rc/c: 0.999991880 0.000008120 0.000000000
KK:/rc/crr: 0.000000000 0.999995940 0.000004060
KK:/rc/r: 0.999979531 0.000015056 0.000005413
KK:/rrc/c: 0.999994345 0.000005655 0.000000000
KK:/rrc/crr: 0.000000000 0.999997173 0.000002827
KK:/rrc/r: 0.999978073 0.000018158 0.000003770
KQ:/cc/c: 0.837126292 0.162873708 0.000000000
KQ:/cc/crr: 0.000000000 0.902718557 0.097281443
KQ:/cc/r: 0.549533838 0.252207881 0.198258281
KQ:/crc/c: 0.266165484 0.733834516 0.000000000
KQ:/crc/crr: 0.000000000 0.022072530 0.977927470
KQ:/crc/r: 0.000081357 0.439171362 0.560747281
KQ:/crrc/c: 0.615862088 0.384137912 0.000000000
KQ:/crrc/crr: 0.000000000 0.397691440 0.602308560
KQ:/crrc/r: 0.000015706 0.663211484 0.336772810
KQ:/rc/c: 0.000475197 0.999524803 0.000000000
KQ:/rc/crr: 0.000000000 0.174829169 0.825170831
KQ:/rc/r: 0.000025430 0.311799256 0.688175314
KQ:/rrc/c: 0.498901871 0.501098129 0.000000000
KQ:/rrc/crr: 0.000000000 0.502224286 0.497775714
KQ:/rrc/r: 0.076559105 0.544701929 0.378738966
Q:/c: 0.844579423 0.155420577 0.000000000
Q:/crr: 0.000000000 0.999994080 0.000005920
Q:/r: 0.377223188 0.622663806 0.000113006
QJ:/cc/c: 0.000662170 0.999337830 0.000000000
QJ:/cc/crr: 0.000000000 0.024291936 0.975708064
QJ:/cc/r: 0.000047780 0.000021447 0.999930773
QJ:/crc/c: 0.418123295 0.581876705 0.000000000
QJ:/crc/crr: 0.000000000 0.000946798 0.999053202
QJ:/crc/r: 0.000009861 0.000003947 0.999986192
QJ:/crrc/c: 0.000142839 0.999857161 0.000000000
QJ:/crrc/crr: 0.000000000 0.010361596 0.989638404
QJ:/crrc/r: 0.029468540 0.000001973 0.970529486
QJ:/rc/c: 0.000095578 0.999904422 0.000000000
QJ:/rc/crr: 0.000000000 0.028005175 0.971994825
QJ:/rc/r: 0.015148118 0.000003569 0.984848313
QJ:/rrc/c: 0.000254393 0.999745607 0.000000000
QJ:/rrc/crr: 0.000000000 0.017367793 0.982632207
QJ:/rrc/r: 0.000084667 0.000009585 0.999905749
QK:/cc/c: 0.042281340 0.957718660 0.000000000
QK:/cc/crr: 0.000000000 0.999619563 0.000380437
QK:/cc/r: 0.000241132 0.774740493 0.225018375
QK:/crc/c: 0.315178964 0.684821036 0.000000000
QK:/crc/crr: 0.000000000 0.006516628 0.993483372
QK:/crc/r: 0.000358316 0.481297119 0.518344566
QK:/crrc/c: 0.158097406 0.841902594 0.000000000
QK:/crrc/crr: 0.000000000 0.001676172 0.998323828
QK:/crrc/r: 0.000146903 0.288838207 0.711014891
QK:/rc/c: 0.360024506 0.639975494 0.000000000
QK:/rc/crr: 0.000000000 0.013328431 0.986671569
QK:/rc/r: 0.000006980 0.294880115 0.705112905
QK:/rrc/c: 0.425160769 0.574839231 0.000000000
QK:/rrc/crr: 0.000000000 0.061721321 0.938278679
QK:/rrc/r: 0.000086163 0.521441806 0.478472031
QQ:/cc/c: 0.999967829 0.000032171 0.000000000
QQ:/cc/crr: 0.000000000 0.999983914 0.000016086
QQ:/cc/r: 0.999920060 0.000058493 0.000021447
QQ:/crc/c: 0.999994080 0.000005920 0.000000000
QQ:/crc/crr: 0.000000000 0.999997040 0.000002960
QQ:/crc/r: 0.842380139 0.157615914 0.000003947
QQ:/crrc/c: 0.999997040 0.000002960 0.000000000
QQ:/crrc/crr: 0.000000000 0.999998520 0.000001480
QQ:/crrc/r: 0.999996053 0.000001973 0.000001973
QQ:/rc/c: 0.999994647 0.000005353 0.000000000
QQ:/rc/crr: 0.000000000 0.999997323 0.000002677
QQ:/rc/r: 0.999992591 0.000003841 0.000003569
QQ:/rrc/c: 0.999991163 0.000008837 0.000000000
QQ:/rrc/crr: 0.000000000 0.999995582 0.000004418
QQ:/rrc/r: 0.999958688 0.000035421 0.000005891
