J:/c: 0.304606406 0.695393594 0.000000000
J:/crr: 0.000000000 0.999983585 0.000016415
J:/r: 0.055923510 0.125209623 0.818866867
JJ:/cc/c: 0.999992810 0.000007190 0.000000000
JJ:/cc/crr: 0.000000000 0.999996405 0.000003595
JJ:/cc/r: 0.999990413 0.000004793 0.000004793
JJ:/crc/c: 0.999983585 0.000016415 0.000000000
JJ:/crc/crr: 0.000000000 0.999991793 0.000008207
JJ:/crc/r: 0.999929450 0.000059607 0.000010943
JJ:/crrc/c: 0.999991793 0.000008207 0.000000000
JJ:/crrc/crr: 0.000000000 0.999995896 0.000004104
JJ:/crrc/r: 0.999935138 0.000059390 0.000005472
JJ:/rc/c: 0.999973378 0.000026622 0.000000000
JJ:/rc/crr: 0.000000000 0.999986689 0.000013311
JJ:/rc/r: 0.999964504 0.000017748 0.000017748
JJ:/rrc/c: 0.999940395 0.000059605 0.000000000
JJ:/rrc/crr: 0.000000000 0.999970196 0.000029804
JJ:/rrc/r: 0.999920526 0.000039737 0.000039737
JK:/cc/c: 0.000007190 0.999992810 0.000000000
JK:/cc/crr: 0.000000000 0.500000000 0.500000000
JK:/cc/r: 0.000004793 0.000004793 0.999990413
JK:/crc/c: 0.517400942 0.482599058 0.000000000
JK:/crc/crr: 0.000000000 0.000015863 0.999984137
JK:/crc/r: 0.033759563 0.000010943 0.966229494
JK:/crrc/c: 0.912533800 0.087466200 0.000000000
JK:/crrc/crr: 0.000000000 0.000004497 0.999995503
JK:/crrc/r: 0.277655625 0.000005472 0.722338904
JK:/rc/c: 0.394121319 0.605878681 0.000000000
JK:/rc/crr: 0.000000000 0.000033774 0.999966226
JK:/rc/r: 0.370265715 0.000017748 0.629716537
JK:/rrc/c: 0.999940395 0.000059605 0.000000000
JK:/rrc/crr: 0.000000000 0.000029804 0.999970196
JK:/rrc/r: 0.301358704 0.000039737 0.698601559
JQ:/cc/c: 0.067405654 0.932594346 0.000000000
JQ:/cc/crr: 0.000000000 0.000053335 0.999946665
JQ:/cc/r: 0.036951087 0.000004793 0.963044120
JQ:/crc/c: 0.641776598 0.358223402 0.000000000
JQ:/crc/crr: 0.000000000 0.000012788 0.999987212
JQ:/crc/r: 0.000050698 0.000010943 0.999938359
JQ:/crrc/c: 0.000008207 0.999991793 0.000000000
JQ:/crrc/crr: 0.000000000 0.500000000 0.500000000
JQ:/crrc/r: 0.000338802 0.000005472 0.999655727
JQ:/rc/c: 0.999973378 0.000026622 0.000000000
JQ:/rc/crr: 0.000000000 0.000013311 0.999986689
JQ:/rc/r: 0.000017748 0.000017748 0.999964504
JQ:/rrc/c: 0.000059605 0.999940395 0.000000000
JQ:/rrc/crr: 0.000000000 0.500000000 0.500000000
JQ:/rrc/r: 0.587487479 0.000039737 0.412472784
K:/c: 0.999990000 0.000010000 0.000000000
K:/crr: 0.000000000 0.999995000 0.000005000
K:/r: 0.585074089 0.414919244 0.000006667
KJ:/cc/c: 0.500000000 0.500000000 0.000000000
KJ:/cc/crr: 0.000000000 0.500000000 0.500000000
KJ:/cc/r: 0.333333333 0.333333333 0.333333333
KJ:/crc/c: 0.050154805 0.949845195 0.000000000
KJ:/crc/crr: 0.000000000 0.999950154 0.000049846
KJ:/crc/r: 0.000003333 0.721102075 0.278894592
KJ:/crrc/c: 0.267350994 0.732649006 0.000000000
KJ:/crrc/crr: 0.000000000 0.760818931 0.239181069
KJ:/crrc/r: 0.000120181 0.999845518 0.000034300
KJ:/rc/c: 0.472902010 0.527097990 0.000000000
KJ:/rc/crr: 0.000000000 0.999991506 0.000008494
KJ:/rc/r: 0.000011989 0.999982655 0.000005356
KJ:/rrc/c: 0.492040642 0.507959358 0.000000000
KJ:/rrc/crr: 0.000000000 0.999994211 0.000005789
KJ:/rrc/r: 0.044596022 0.955400180 0.000003798
KK:/cc/c: 0.500000000 0.500000000 0.000000000
KK:/cc/crr: 0.000000000 0.500000000 0.500000000
KK:/cc/r: 0.333333333 0.333333333 0.333333333
KK:/crc/c: 0.999995000 0.000005000 0.000000000
KK:/crc/crr: 0.000000000 0.999997500 0.000002500
KK:/crc/r: 0.993467156 0.006529511 0.000003333
KK:/crrc/c: 0.999997500 0.000002500 0.000000000
KK:/crrc/crr: 0.000000000 0.999998750 0.000001250
KK:/crrc/r: 0.999623626 0.000374707 0.000001667
KK:/rc/c: 0.999991966 0.000008034 0.000000000
KK:/rc/crr: 0.000000000 0.999995983 0.000004017
KK:/rc/r: 0.999947593 0.000047051 0.000005356
KK:/rrc/c: 0.999994303 0.000005697 0.000000000
KK:/rrc/crr: 0.000000000 0.999997151 0.000002849
KK:/rrc/r: 0.997635942 0.002360260 0.000003798
KQ:/cc/c: 0.500000000 0.500000000 0.000000000
KQ:/cc/crr: 0.000000000 0.500000000 0.500000000
KQ:/cc/r: 0.333333333 0.333333333 0.333333333
KQ:/crc/c: 0.000328724 0.999671276 0.000000000
KQ:/crc/crr: 0.000000000 0.667864658 0.332135342
KQ:/crc/r: 0.000003586 0.433477455 0.566518959
KQ:/crrc/c: 0.679584851 0.320415149 0.000000000
KQ:/crrc/crr: 0.000000000 0.439501588 0.560498412
KQ:/crrc/r: 0.000025828 0.999972505 0.000001667
KQ:/rc/c: 0.000008034 0.999991966 0.000000000
KQ:/rc/crr: 0.000000000 0.500000000 0.500000000
KQ:/rc/r: 0.000005356 0.297884707 0.702109937
KQ:/rrc/c: 0.495727811 0.504272189 0.000000000
KQ:/rrc/crr: 0.000000000 0.607872366 0.392127634
KQ:/rrc/r: 0.000126159 0.690593272 0.309280570
Q:/c: 0.851486045 0.148513955 0.000000000
Q:/crr: 0.000000000 0.999994128 0.000005872
Q:/r: 0.358759971 0.641200264 0.000039765
QJ:/cc/c: 0.000033667 0.999966333 0.000000000
QJ:/cc/crr: 0.000000000 0.500000000 0.500000000
QJ:/cc/r: 0.000022445 0.000022445 0.999955111
QJ:/crc/c: 0.378202791 0.621797209 0.000000000
QJ:/crc/crr: 0.000000000 0.000041165 0.999958835
QJ:/crc/r: 0.000003915 0.000003915 0.999992171
QJ:/crrc/c: 0.000002936 0.999997064 0.000000000
QJ:/crrc/crr: 0.000000000 0.500000000 0.500000000
QJ:/crrc/r: 0.000050917 0.000001957 0.999947126
QJ:/rc/c: 0.000005199 0.999994801 0.000000000
QJ:/rc/crr: 0.000000000 0.500000000 0.500000000
QJ:/rc/r: 0.000003466 0.000003466 0.999993069
QJ:/rrc/c: 0.000009291 0.999990709 0.000000000
QJ:/rrc/crr: 0.000000000 0.500000000 0.500000000
QJ:/rrc/r: 0.000006194 0.000006194 0.999987612
QK:/cc/c: 0.001229383 0.998770617 0.000000000
QK:/cc/crr: 0.000000000 0.986307414 0.013692586
QK:/cc/r: 0.000022445 0.763733983 0.236243572
QK:/crc/c: 0.349993051 0.650006949 0.000000000
QK:/crc/crr: 0.000000000 0.000008389 0.999991611
QK:/crc/r: 0.000029437 0.445883463 0.554087100
QK:/crrc/c: 0.036914807 0.963085193 0.000000000
QK:/crrc/crr: 0.000000000 0.004656962 0.995343038
QK:/crrc/r: 0.000021433 0.223962463 0.776016104
QK:/rc/c: 0.367311139 0.632688861 0.000000000
QK:/rc/crr: 0.000000000 0.000007077 0.999992923
QK:/rc/r: 0.000003621 0.320964513 0.679031866
QK:/rrc/c: 0.432457505 0.567542495 0.000000000
QK:/rrc/crr: 0.000000000 0.000010742 0.999989258
QK:/rrc/r: 0.000006194 0.498037466 0.501956340
QQ:/cc/c: 0.999966333 0.000033667 0.000000000
QQ:/cc/crr: 0.000000000 0.999983166 0.000016834
QQ:/cc/r: 0.999196914 0.000780641 0.000022445
QQ:/crc/c: 0.999994128 0.000005872 0.000000000
QQ:/crc/crr: 0.000000000 0.999997064 0.000002936
QQ:/crc/r: 0.993434181 0.006561904 0.000003915
QQ:/crrc/c: 0.999997064 0.000002936 0.000000000
QQ:/crrc/crr: 0.000000000 0.999998532 0.000001468
QQ:/crrc/r: 0.999890598 0.000107445 0.000001957
QQ:/rc/c: 0.999994801 0.000005199 0.000000000
QQ:/rc/crr: 0.000000000 0.999997401 0.000002599
QQ:/rc/r: 0.999989644 0.000006890 0.000003466
QQ:/rrc/c: 0.999990709 0.000009291 0.000000000
QQ:/rrc/crr: 0.000000000 0.999995354 0.000004646
QQ:/rrc/r: 0.999987612 0.000006194 0.000006194
