J:/c: 0.291026139 0.708973861 0.000000000
J:/crr: 0.000000000 0.999982819 0.000017181
J:/r: 0.052467228 0.137584627 0.809948145
JJ:/cc/c: 0.999992948 0.000007052 0.000000000
JJ:/cc/crr: 0.000000000 0.999996474 0.000003526
JJ:/cc/r: 0.999990597 0.000004702 0.000004702
JJ:/crc/c: 0.999982819 0.000017181 0.000000000
JJ:/crc/crr: 0.000000000 0.999991410 0.000008590
JJ:/crc/r: 0.999489263 0.000499283 0.000011454
JJ:/crrc/c: 0.999991410 0.000008590 0.000000000
JJ:/crrc/crr: 0.000000000 0.999995705 0.000004295
JJ:/crrc/r: 0.999946392 0.000047881 0.000005727
JJ:/rc/c: 0.999975772 0.000024228 0.000000000
JJ:/rc/crr: 0.000000000 0.999987886 0.000012114
JJ:/rc/r: 0.999967697 0.000016152 0.000016152
JJ:/rrc/c: 0.999936468 0.000063532 0.000000000
JJ:/rrc/crr: 0.000000000 0.999968232 0.000031768
JJ:/rrc/r: 0.999915291 0.000042354 0.000042354
JK:/cc/c: 0.000007052 0.999992948 0.000000000
JK:/cc/crr: 0.000000000 0.500000000 0.500000000
JK:/cc/r: 0.000004702 0.000004702 0.999990597
JK:/crc/c: 0.574095680 0.425904320 0.000000000
JK:/crc/crr: 0.000000000 0.000014963 0.999985037
JK:/crc/r: 0.000106220 0.000011454 0.999882327
JK:/crrc/c: 0.999991410 0.000008590 0.000000000
JK:/crrc/crr: 0.000000000 0.000004295 0.999995705
JK:/crrc/r: 0.235755493 0.000005727 0.764238780
JK:/rc/c: 0.379358632 0.620641368 0.000000000
JK:/rc/crr: 0.000000000 0.000031932 0.999968068
JK:/rc/r: 0.333549689 0.000016152 0.666434159
JK:/rrc/c: 0.999936468 0.000063532 0.000000000
JK:/rrc/crr: 0.000000000 0.000031768 0.999968232
JK:/rrc/r: 0.247956363 0.000042354 0.752001283
JQ:/cc/c: 0.069318326 0.930681674 0.000000000
JQ:/cc/crr: 0.000000000 0.000050870 0.999949130
JQ:/cc/r: 0.030109054 0.000004702 0.969886245
JQ:/crc/c: 0.477568639 0.522431361 0.000000000
JQ:/crc/crr: 0.000000000 0.000017988 0.999982012
JQ:/crc/r: 0.000054389 0.000011454 0.999934157
JQ:/crrc/c: 0.002463643 0.997536357 0.000000000
JQ:/crrc/crr: 0.000000000 0.001743442 0.998256558
JQ:/crrc/r: 0.000827454 0.000005727 0.999166819
JQ:/rc/c: 0.999975772 0.000024228 0.000000000
JQ:/rc/crr: 0.000000000 0.000012114 0.999987886
JQ:/rc/r: 0.000016152 0.000016152 0.999967697
JQ:/rrc/c: 0.000063532 0.999936468 0.000000000
JQ:/rrc/crr: 0.000000000 0.500000000 0.500000000
JQ:/rrc/r: 0.519026907 0.000042354 0.480930738
K:/c: 0.999990000 0.000010000 0.000000000
K:/crr: 0.000000000 0.999995000 0.000005000
K:/r: 0.537938781 0.462054552 0.000006667
KJ:/cc/c: 0.500000000 0.500000000 0.000000000
KJ:/cc/crr: 0.000000000 0.500000000 0.500000000
KJ:/cc/r: 0.333333333 0.333333333 0.333333333
KJ:/crc/c: 0.082827459 0.917172541 0.000000000
KJ:/crc/crr: 0.000000000 0.999969816 0.000030184
KJ:/crc/r: 0.000003333 0.999923370 0.000073297
KJ:/crrc/c: 0.363548397 0.636451603 0.000000000
KJ:/crrc/crr: 0.000000000 0.999996562 0.000003438
KJ:/crrc/r: 0.004385962 0.889580703 0.106033335
KJ:/rc/c: 0.424324968 0.575675032 0.000000000
KJ:/rc/crr: 0.000000000 0.999991499 0.000008501
KJ:/rc/r: 0.012800603 0.827780163 0.159419234
KJ:/rrc/c: 0.465890896 0.534109104 0.000000000
KJ:/rrc/crr: 0.000000000 0.999993350 0.000006650
KJ:/rrc/r: 0.010686778 0.945356409 0.043956813
KK:/cc/c: 0.500000000 0.500000000 0.000000000
KK:/cc/crr: 0.000000000 0.500000000 0.500000000
KK:/cc/r: 0.333333333 0.333333333 0.333333333
KK:/crc/c: 0.999995000 0.000005000 0.000000000
KK:/crc/crr: 0.000000000 0.999997500 0.000002500
KK:/crc/r: 0.990368002 0.009628665 0.000003333
KK:/crrc/c: 0.999997500 0.000002500 0.000000000
KK:/crrc/crr: 0.000000000 0.999998750 0.000001250
KK:/crrc/r: 0.999808481 0.000189852 0.000001667
KK:/rc/c: 0.999992786 0.000007214 0.000000000
KK:/rc/crr: 0.000000000 0.999996393 0.000003607
KK:/rc/r: 0.999967991 0.000027199 0.000004809
KK:/rrc/c: 0.999993804 0.000006196 0.000000000
KK:/rrc/crr: 0.000000000 0.999996902 0.000003098
KK:/rrc/r: 0.997052950 0.002942919 0.000004131
KQ:/cc/c: 0.500000000 0.500000000 0.000000000
KQ:/cc/crr: 0.000000000 0.500000000 0.500000000
KQ:/cc/r: 0.333333333 0.333333333 0.333333333
KQ:/crc/c: 0.037274307 0.962725693 0.000000000
KQ:/crc/crr: 0.000000000 0.002441560 0.997558440
KQ:/crc/r: 0.000004173 0.499434338 0.500561490
KQ:/crrc/c: 0.660847855 0.339152145 0.000000000
KQ:/crrc/crr: 0.000000000 0.492859331 0.507140669
KQ:/crrc/r: 0.000027589 0.995093717 0.004878694
KQ:/rc/c: 0.000007214 0.999992786 0.000000000
KQ:/rc/crr: 0.000000000 0.500000000 0.500000000
KQ:/rc/r: 0.000004809 0.305685154 0.694310036
KQ:/rrc/c: 0.466893776 0.533106224 0.000000000
KQ:/rrc/crr: 0.000000000 0.489600219 0.510399781
KQ:/rrc/r: 0.000253456 0.708330946 0.291415598
Q:/c: 0.838057818 0.161942182 0.000000000
Q:/crr: 0.000000000 0.999994034 0.000005966
Q:/r: 0.314101071 0.685845326 0.000053603
QJ:/cc/c: 0.000154254 0.999845746 0.000000000
QJ:/cc/crr: 0.000000000 0.100079234 0.899920766
QJ:/cc/r: 0.000020583 0.000020583 0.999958833
QJ:/crc/c: 0.383738375 0.616261625 0.000000000
QJ:/crc/crr: 0.000000000 0.000065540 0.999934460
QJ:/crc/r: 0.000003977 0.000003977 0.999992045
QJ:/crrc/c: 0.000002983 0.999997017 0.000000000
QJ:/crrc/crr: 0.000000000 0.500000000 0.500000000
QJ:/crrc/r: 0.000001989 0.000001989 0.999996023
QJ:/rc/c: 0.000004860 0.999995140 0.000000000
QJ:/rc/crr: 0.000000000 0.500000000 0.500000000
QJ:/rc/r: 0.000003240 0.000003240 0.999993520
QJ:/rrc/c: 0.000010612 0.999989388 0.000000000
QJ:/rrc/crr: 0.000000000 0.500000000 0.500000000
QJ:/rrc/r: 0.000007075 0.000007075 0.999985850
QK:/cc/c: 0.000839191 0.999160809 0.000000000
QK:/cc/crr: 0.000000000 0.981604170 0.018395830
QK:/cc/r: 0.000020583 0.998627801 0.001351616
QK:/crc/c: 0.243482468 0.756517532 0.000000000
QK:/crc/crr: 0.000000000 0.000012252 0.999987748
QK:/crc/r: 0.000020097 0.471215115 0.528764788
QK:/crrc/c: 0.000002983 0.999997017 0.000000000
QK:/crrc/crr: 0.000000000 0.500000000 0.500000000
QK:/crrc/r: 0.000017341 0.240568055 0.759414604
QK:/rc/c: 0.385105145 0.614894855 0.000000000
QK:/rc/crr: 0.000000000 0.000006310 0.999993690
QK:/rc/r: 0.000003240 0.332649513 0.667347247
QK:/rrc/c: 0.420836793 0.579163207 0.000000000
QK:/rrc/crr: 0.000000000 0.000384067 0.999615933
QK:/rrc/r: 0.000007075 0.497180081 0.502812844
QQ:/cc/c: 0.999969125 0.000030875 0.000000000
QQ:/cc/crr: 0.000000000 0.999984562 0.000015438
QQ:/cc/r: 0.996539017 0.003440399 0.000020583
QQ:/crc/c: 0.999994034 0.000005966 0.000000000
QQ:/crc/crr: 0.000000000 0.999997017 0.000002983
QQ:/crc/r: 0.990684191 0.009311831 0.000003977
QQ:/crrc/c: 0.999997017 0.000002983 0.000000000
QQ:/crrc/crr: 0.000000000 0.999998508 0.000001492
QQ:/crrc/r: 0.999853219 0.000144792 0.000001989
QQ:/rc/c: 0.999995140 0.000004860 0.000000000
QQ:/rc/crr: 0.000000000 0.999997570 0.000002430
QQ:/rc/r: 0.999992866 0.000003894 0.000003240
QQ:/rrc/c: 0.999989388 0.000010612 0.000000000
QQ:/rrc/crr: 0.000000000 0.999994694 0.000005306
QQ:/rrc/r: 0.999985447 0.000007478 0.000007075
