J:/: 0.079564359 0.920435641 0.000000000
J:/cr: 0.018860565 0.033618503 0.947520931
J:/rr: 0.000000000 0.999937158 0.000062842
JJ:/cc/: 0.000277208 0.999722792 0.000000000
JJ:/cc/cr: 0.999996378 0.000001811 0.000001811
JJ:/cc/rr: 0.000000000 0.990201931 0.009798069
JJ:/crc/: 0.955684286 0.044315714 0.000000000
JJ:/crc/cr: 0.999189733 0.000405133 0.000405133
JJ:/crc/rr: 0.000000000 0.999971821 0.000028179
JJ:/crrc/: 0.939887440 0.060112560 0.000000000
JJ:/crrc/cr: 0.998935259 0.000532371 0.000532371
JJ:/crrc/rr: 0.000000000 0.999948927 0.000051073
JJ:/rc/: 0.879084306 0.120915694 0.000000000
JJ:/rc/cr: 0.999653521 0.000173240 0.000173240
JJ:/rc/rr: 0.000000000 0.999964257 0.000035743
JJ:/rrc/: 0.997704589 0.002295411 0.000000000
JJ:/rrc/cr: 0.990873653 0.004563173 0.004563173
JJ:/rrc/rr: 0.000000000 0.999984252 0.000015748
JK:/cc/: 0.084083806 0.915916194 0.000000000
JK:/cc/cr: 0.000206441 0.000001977 0.999791582
JK:/cc/rr: 0.000000000 0.000032302 0.999967698
JK:/crc/: 0.051141743 0.948858257 0.000000000
JK:/crc/cr: 0.010045711 0.000018921 0.989935368
JK:/crc/rr: 0.000000000 0.000526589 0.999473411
JK:/crrc/: 0.999903994 0.000096006 0.000000000
JK:/crrc/cr: 0.333333333 0.333333333 0.333333333
JK:/crrc/rr: 0.000000000 0.000048008 0.999951992
JK:/rc/: 0.996324171 0.003675829 0.000000000
JK:/rc/cr: 0.866999824 0.005698689 0.127301488
JK:/rc/rr: 0.000000000 0.000031537 0.999968463
JK:/rrc/: 0.502271614 0.497728386 0.000000000
JK:/rrc/cr: 0.764961695 0.000021044 0.235017260
JK:/rrc/rr: 0.000000000 0.000031281 0.999968719
JQ:/cc/: 0.163177258 0.836822742 0.000000000
JQ:/cc/cr: 0.000003527 0.000002164 0.999994310
JQ:/cc/rr: 0.000000000 0.000016645 0.999983355
JQ:/crc/: 0.994645079 0.005354921 0.000000000
JQ:/crc/cr: 0.003352761 0.003352761 0.993294478
JQ:/crc/rr: 0.000000000 0.000027076 0.999972924
JQ:/crrc/: 0.030227173 0.969772827 0.000000000
JQ:/crrc/cr: 0.174984518 0.000033000 0.824982482
JQ:/crrc/rr: 0.000000000 0.001588083 0.998411917
JQ:/rc/: 0.997140296 0.002859704 0.000000000
JQ:/rc/cr: 0.007325025 0.007325025 0.985349950
JQ:/rc/rr: 0.000000000 0.000031511 0.999968489
JQ:/rrc/: 0.128159303 0.871840697 0.000000000
JQ:/rrc/cr: 0.000524197 0.000012014 0.999463789
JQ:/rrc/rr: 0.000000000 0.000122594 0.999877406
K:/: 0.756154387 0.243845613 0.000000000
K:/cr: 0.705835644 0.294150686 0.000013670
K:/rr: 0.000000000 0.999993388 0.000006612
KJ:/cc/: 0.000035053 0.999964947 0.000000000
KJ:/cc/cr: 0.000053522 0.000018970 0.999927509
KJ:/cc/rr: 0.000000000 0.707515175 0.292484825
KJ:/crc/: 0.000050321 0.999949679 0.000000000
KJ:/crc/cr: 0.000034551 0.999957703 0.000007746
KJ:/crc/rr: 0.000000000 0.769122984 0.230877016
KJ:/crrc/: 0.067479674 0.932520326 0.000000000
KJ:/crrc/cr: 0.002339708 0.992804954 0.004855339
KJ:/crrc/rr: 0.000000000 0.421738634 0.578261366
KJ:/rc/: 0.070691192 0.929308808 0.000000000
KJ:/rc/cr: 0.005413865 0.969573794 0.025012341
KJ:/rc/rr: 0.000000000 0.403337651 0.596662349
KJ:/rrc/: 0.101428178 0.898571822 0.000000000
KJ:/rrc/cr: 0.000012365 0.999843600 0.000144035
KJ:/rrc/rr: 0.000000000 0.553460749 0.446539251
KK:/cc/: 0.997560118 0.002439882 0.000000000
KK:/cc/cr: 0.994397330 0.002801335 0.002801335
KK:/cc/rr: 0.000000000 0.999989723 0.000010277
KK:/crc/: 0.130638796 0.869361204 0.000000000
KK:/crc/cr: 0.999982181 0.000008909 0.000008909
KK:/crc/rr: 0.000000000 0.999911067 0.000088933
KK:/crrc/: 0.993289062 0.006710938 0.000000000
KK:/crrc/cr: 0.999038043 0.000480979 0.000480979
KK:/crrc/rr: 0.000000000 0.999995126 0.000004874
KK:/rc/: 0.854267970 0.145732030 0.000000000
KK:/rc/cr: 0.999969751 0.000015125 0.000015125
KK:/rc/rr: 0.000000000 0.999996130 0.000003870
KK:/rrc/: 0.518606778 0.481393222 0.000000000
KK:/rrc/cr: 0.999995421 0.000002289 0.000002289
KK:/rrc/rr: 0.000000000 0.999996812 0.000003188
KQ:/cc/: 0.000055569 0.999944431 0.000000000
KQ:/cc/cr: 0.000046087 0.448618695 0.551335218
KQ:/cc/rr: 0.000000000 0.815500013 0.184499987
KQ:/crc/: 0.875060346 0.124939654 0.000000000
KQ:/crc/cr: 0.000402823 0.549733322 0.449863855
KQ:/crc/rr: 0.000000000 0.000026529 0.999973471
KQ:/crrc/: 0.015178923 0.984821077 0.000000000
KQ:/crrc/cr: 0.007692033 0.705379479 0.286928489
KQ:/crrc/rr: 0.000000000 0.308089047 0.691910953
KQ:/rc/: 0.000035541 0.999964459 0.000000000
KQ:/rc/cr: 0.000023245 0.492204069 0.507772687
KQ:/rc/rr: 0.000000000 0.906975276 0.093024724
KQ:/rrc/: 0.694299896 0.305700104 0.000000000
KQ:/rrc/cr: 0.033444021 0.802929971 0.163626008
KQ:/rrc/rr: 0.000000000 0.392294022 0.607705978
Q:/: 0.754058831 0.245941169 0.000000000
Q:/cr: 0.175755526 0.823254510 0.000989964
Q:/rr: 0.000000000 0.999993369 0.000006631
QJ:/cc/: 0.000020330 0.999979670 0.000000000
QJ:/cc/cr: 0.000010629 0.000006777 0.999982594
QJ:/cc/rr: 0.000000000 0.500000000 0.500000000
QJ:/crc/: 0.033689679 0.966310321 0.000000000
QJ:/crc/cr: 0.003179960 0.000002840 0.996817201
QJ:/crc/rr: 0.000000000 0.000122168 0.999877832
QJ:/crrc/: 0.007394696 0.992605304 0.000000000
QJ:/crrc/cr: 0.000148843 0.000012948 0.999838209
QJ:/crrc/rr: 0.000000000 0.002607103 0.997392897
QJ:/rc/: 0.007747014 0.992252986 0.000000000
QJ:/rc/cr: 0.000003015 0.000002228 0.999994758
QJ:/rc/rr: 0.000000000 0.000427957 0.999572043
QJ:/rrc/: 0.000003315 0.999996685 0.000000000
QJ:/rrc/cr: 0.000001105 0.000001105 0.999997790
QJ:/rrc/rr: 0.000000000 0.500000000 0.500000000
QK:/cc/: 0.519585773 0.480414227 0.000000000
QK:/cc/cr: 0.117139431 0.882837982 0.000022587
QK:/cc/rr: 0.000000000 0.999980436 0.000019564
QK:/crc/: 0.009349420 0.990650580 0.000000000
QK:/crc/cr: 0.000002788 0.560172600 0.439824612
QK:/crc/rr: 0.000000000 0.000471024 0.999528976
QK:/crrc/: 0.918882447 0.081117553 0.000000000
QK:/crrc/cr: 0.000278350 0.659939653 0.339781997
QK:/crrc/rr: 0.000000000 0.000559173 0.999440827
QK:/rc/: 0.446434007 0.553565993 0.000000000
QK:/rc/cr: 0.046413798 0.503912841 0.449673361
QK:/rc/rr: 0.000000000 0.202846421 0.797153579
QK:/rrc/: 0.118096492 0.881903508 0.000000000
QK:/rrc/cr: 0.000001253 0.304514073 0.695484674
QK:/rrc/rr: 0.000000000 0.000561317 0.999438683
QQ:/cc/: 0.479933112 0.520066888 0.000000000
QQ:/cc/cr: 0.999973939 0.000013030 0.000013030
QQ:/cc/rr: 0.000000000 0.999978820 0.000021180
QQ:/crc/: 0.984039107 0.015960893 0.000000000
QQ:/crc/cr: 0.999656177 0.000171912 0.000171912
QQ:/crc/rr: 0.000000000 0.999995817 0.000004183
QQ:/crrc/: 0.155751749 0.844248251 0.000000000
QQ:/crrc/cr: 0.999969553 0.000015224 0.000015224
QQ:/crrc/rr: 0.000000000 0.999876221 0.000123779
QQ:/rc/: 0.526273724 0.473726276 0.000000000
QQ:/rc/cr: 0.999990669 0.000004666 0.000004666
QQ:/rc/rr: 0.000000000 0.999993700 0.000006300
QQ:/rrc/: 0.966764087 0.033235913 0.000000000
QQ:/rrc/cr: 0.999933497 0.000033251 0.000033251
QQ:/rrc/rr: 0.000000000 0.999998285 0.000001715
