J:/c: 0.290206409 0.709793591 0.000000000
J:/crr: 0.000000000 0.999982771 0.000017229
J:/r: 0.054658176 0.130310706 0.815031118
JJ:/cc/c: 0.999992956 0.000007044 0.000000000
JJ:/cc/crr: 0.000000000 0.999996478 0.000003522
JJ:/cc/r: 0.999982726 0.000012578 0.000004696
JJ:/crc/c: 0.999982771 0.000017229 0.000000000
JJ:/crc/crr: 0.000000000 0.999991385 0.000008615
JJ:/crc/r: 0.999977028 0.000011486 0.000011486
JJ:/crrc/c: 0.999991385 0.000008615 0.000000000
JJ:/crrc/crr: 0.000000000 0.999995693 0.000004307
JJ:/crrc/r: 0.999988514 0.000005743 0.000005743
JJ:/rc/c: 0.999974420 0.000025580 0.000000000
JJ:/rc/crr: 0.000000000 0.999987210 0.000012790
JJ:/rc/r: 0.999956263 0.000026684 0.000017053
JJ:/rrc/c: 0.999939015 0.000060985 0.000000000
JJ:/rrc/crr: 0.000000000 0.999969506 0.000030494
JJ:/rrc/r: 0.999734532 0.000224811 0.000040657
JK:/cc/c: 0.003778695 0.996221305 0.000000000
JK:/cc/crr: 0.000000000 0.000932108 0.999067892
JK:/cc/r: 0.000010494 0.000004696 0.999984810
JK:/crc/c: 0.529994385 0.470005615 0.000000000
JK:/crc/crr: 0.000000000 0.000016254 0.999983746
JK:/crc/r: 0.018729004 0.000011486 0.981259510
JK:/crrc/c: 0.391141232 0.608858768 0.000000000
JK:/crrc/crr: 0.000000000 0.000011012 0.999988988
JK:/crrc/r: 0.185932843 0.000005743 0.814061414
JK:/rc/c: 0.399508432 0.600491568 0.000000000
JK:/rc/crr: 0.000000000 0.000032014 0.999967986
JK:/rc/r: 0.352630976 0.000017053 0.647351971
JK:/rrc/c: 0.999488076 0.000511924 0.000000000
JK:/rrc/crr: 0.000000000 0.000207668 0.999792332
JK:/rrc/r: 0.269722798 0.000040657 0.730236545
JQ:/cc/c: 0.075001705 0.924998295 0.000000000
JQ:/cc/crr: 0.000000000 0.000046961 0.999953039
JQ:/cc/r: 0.032898647 0.000004696 0.967096657
JQ:/crc/c: 0.445808654 0.554191346 0.000000000
JQ:/crc/crr: 0.000000000 0.000019323 0.999980677
JQ:/crc/r: 0.084519401 0.000011486 0.915469113
JQ:/crrc/c: 0.051102559 0.948897441 0.000000000
JQ:/crrc/crr: 0.000000000 0.000084288 0.999915712
JQ:/crrc/r: 0.196161408 0.000005743 0.803832849
JQ:/rc/c: 0.986414347 0.013585653 0.000000000
JQ:/rc/crr: 0.000000000 0.000012966 0.999987034
JQ:/rc/r: 0.000017571 0.000017053 0.999965376
JQ:/rrc/c: 0.012775544 0.987224456 0.000000000
JQ:/rrc/crr: 0.000000000 0.002386790 0.997613210
JQ:/rrc/r: 0.460635185 0.000040657 0.539324159
K:/c: 0.999969267 0.000030733 0.000000000
K:/crr: 0.000000000 0.999995000 0.000005000
K:/r: 0.577184552 0.422808781 0.000006667
KJ:/cc/c: 0.497461503 0.502538497 0.000000000
KJ:/cc/crr: 0.000000000 0.836476138 0.163523862
KJ:/cc/r: 0.547632300 0.220238982 0.232128718
KJ:/crc/c: 0.177370126 0.822629874 0.000000000
KJ:/crc/crr: 0.000000000 0.999985905 0.000014095
KJ:/crc/r: 0.000098465 0.790899003 0.209002532
KJ:/crrc/c: 0.329165865 0.670834135 0.000000000
KJ:/crrc/crr: 0.000000000 0.999996202 0.000003798
KJ:/crrc/r: 0.048728852 0.813486616 0.137784532
KJ:/rc/c: 0.421472444 0.578527556 0.000000000
KJ:/rc/crr: 0.000000000 0.784163365 0.215836635
KJ:/rc/r: 0.034791910 0.735292347 0.229915743
KJ:/rrc/c: 0.223095033 0.776904967 0.000000000
KJ:/rrc/crr: 0.000000000 0.997496790 0.002503210
KJ:/rrc/r: 0.039037643 0.897027925 0.063934432
KK:/cc/c: 0.837306348 0.162693652 0.000000000
KK:/cc/crr: 0.000000000 0.902846997 0.097153003
KK:/cc/r: 0.603624421 0.287913144 0.108462435
KK:/crc/c: 0.999995000 0.000005000 0.000000000
KK:/crc/crr: 0.000000000 0.999997500 0.000002500
KK:/crc/r: 0.990714017 0.009282649 0.000003333
KK:/crrc/c: 0.999997500 0.000002500 0.000000000
KK:/crrc/crr: 0.000000000 0.999998750 0.000001250
KK:/crrc/r: 0.999996667 0.000001667 0.000001667
KK:/rc/c: 0.999992116 0.000007884 0.000000000
KK:/rc/crr: 0.000000000 0.999996058 0.000003942
KK:/rc/r: 0.999979930 0.000014814 0.000005256
KK:/rrc/c: 0.999994225 0.000005775 0.000000000
KK:/rrc/crr: 0.000000000 0.999997112 0.000002888
KK:/rrc/r: 0.999977680 0.000018470 0.000003850
KQ:/cc/c: 0.837306348 0.162693652 0.000000000
KQ:/cc/crr: 0.000000000 0.902846997 0.097153003
KQ:/cc/r: 0.546565364 0.257347943 0.196086693
KQ:/crc/c: 0.218048364 0.781951636 0.000000000
KQ:/crc/crr: 0.000000000 0.189234118 0.810765882
KQ:/crc/r: 0.000084122 0.444274627 0.555641252
KQ:/crrc/c: 0.602653332 0.397346668 0.000000000
KQ:/crrc/crr: 0.000000000 0.391398038 0.608601962
KQ:/crrc/r: 0.001277719 0.732724435 0.265997846
KQ:/rc/c: 0.000717417 0.999282583 0.000000000
KQ:/rc/crr: 0.000000000 0.132001393 0.867998607
KQ:/rc/r: 0.000025505 0.304715231 0.695259263
KQ:/rrc/c: 0.500657149 0.499342851 0.000000000
KQ:/rrc/crr: 0.000000000 0.534719088 0.465280912
KQ:/rrc/r: 0.063900378 0.573948820 0.362150802
Q:/c: 0.843849041 0.156150959 0.000000000
Q:/crr: 0.000000000 0.999994075 0.000005925
Q:/r: 0.360383368 0.639580579 0.000036053
QJ:/cc/c: 0.000499834 0.999500166 0.000000000
QJ:/cc/crr: 0.000000000 0.032030945 0.967969055
QJ:/cc/r: 0.000047260 0.000021347 0.999931393
QJ:/crc/c: 0.444415228 0.555584772 0.000000000
QJ:/crc/crr: 0.000000000 0.000057090 0.999942910
QJ:/crc/r: 0.000487365 0.000003950 0.999508684
QJ:/crrc/c: 0.000118653 0.999881347 0.000000000
QJ:/crrc/crr: 0.000000000 0.012484465 0.987515535
QJ:/crrc/r: 0.018941042 0.000001975 0.981056983
QJ:/rc/c: 0.000184537 0.999815463 0.000000000
QJ:/rc/crr: 0.000000000 0.014121117 0.985878883
QJ:/rc/r: 0.016545469 0.000003474 0.983451056
QJ:/rrc/c: 0.000268660 0.999731340 0.000000000
QJ:/rrc/crr: 0.000000000 0.017213947 0.982786053
QJ:/rrc/r: 0.000088654 0.000010438 0.999900908
QK:/cc/c: 0.024182997 0.975817003 0.000000000
QK:/cc/crr: 0.000000000 0.999337958 0.000662042
QK:/cc/r: 0.000151726 0.775588670 0.224259604
QK:/crc/c: 0.376631270 0.623368730 0.000000000
QK:/crc/crr: 0.000000000 0.004787845 0.995212155
QK:/crc/r: 0.000391582 0.440512319 0.559096099
QK:/crrc/c: 0.044719461 0.955280539 0.000000000
QK:/crrc/crr: 0.000000000 0.005741110 0.994258890
QK:/crrc/r: 0.000067681 0.287477534 0.712454785
QK:/rc/c: 0.354887355 0.645112645 0.000000000
QK:/rc/crr: 0.000000000 0.004664106 0.995335894
QK:/rc/r: 0.000007638 0.303963016 0.696029346
QK:/rrc/c: 0.418004619 0.581995381 0.000000000
QK:/rrc/crr: 0.000000000 0.074429543 0.925570457
QK:/rrc/r: 0.000128044 0.517924907 0.481947049
QQ:/cc/c: 0.999967980 0.000032020 0.000000000
QQ:/cc/crr: 0.000000000 0.999983989 0.000016011
QQ:/cc/r: 0.999920476 0.000058177 0.000021347
QQ:/crc/c: 0.999994075 0.000005925 0.000000000
QQ:/crc/crr: 0.000000000 0.999997037 0.000002963
QQ:/crc/r: 0.850606270 0.149389780 0.000003950
QQ:/crrc/c: 0.999997037 0.000002963 0.000000000
QQ:/crrc/crr: 0.000000000 0.999998519 0.000001481
QQ:/crrc/r: 0.999996050 0.000001975 0.000001975
QQ:/rc/c: 0.999994788 0.000005212 0.000000000
QQ:/rc/crr: 0.000000000 0.999997394 0.000002606
QQ:/rc/r: 0.999973406 0.000023119 0.000003474
QQ:/rrc/c: 0.999990751 0.000009249 0.000000000
QQ:/rrc/crr: 0.000000000 0.999995375 0.000004625
QQ:/rrc/r: 0.999956905 0.000036929 0.000006166
