J:/: 0.076024034 0.923975966 0.000000000
J:/cr: 0.018491551 0.033738887 0.947769562
J:/rr: 0.000000000 0.999934231 0.000065769
JJ:/cc/: 0.000030878 0.999969122 0.000000000
JJ:/cc/cr: 0.999996392 0.000001804 0.000001804
JJ:/cc/rr: 0.000000000 0.912375694 0.087624306
JJ:/crc/: 0.989854107 0.010145893 0.000000000
JJ:/crc/cr: 0.996487019 0.001756490 0.001756490
JJ:/crc/rr: 0.000000000 0.999972994 0.000027006
JJ:/crrc/: 0.999892903 0.000107097 0.000000000
JJ:/crrc/cr: 0.392781652 0.303609174 0.303609174
JJ:/crrc/rr: 0.000000000 0.999951221 0.000048779
JJ:/rc/: 0.934179383 0.065820617 0.000000000
JJ:/rc/cr: 0.999333859 0.000333070 0.000333070
JJ:/rc/rr: 0.000000000 0.999964799 0.000035201
JJ:/rrc/: 0.999197466 0.000802534 0.000000000
JJ:/rrc/cr: 0.972681131 0.013659435 0.013659435
JJ:/rrc/rr: 0.000000000 0.999983544 0.000016456
JK:/cc/: 0.086017764 0.913982236 0.000000000
JK:/cc/cr: 0.001114582 0.000001974 0.998883444
JK:/cc/rr: 0.000000000 0.000031455 0.999968545
JK:/crc/: 0.039718231 0.960281769 0.000000000
JK:/crc/cr: 0.001483797 0.000018558 0.998497645
JK:/crc/rr: 0.000000000 0.000673035 0.999326965
JK:/crrc/: 0.999902453 0.000097547 0.000000000
JK:/crrc/cr: 0.333333333 0.333333333 0.333333333
JK:/crrc/rr: 0.000000000 0.000048778 0.999951222
JK:/rc/: 0.998351604 0.001648396 0.000000000
JK:/rc/cr: 0.973400940 0.013299530 0.013299530
JK:/rc/rr: 0.000000000 0.000032939 0.999967061
JK:/rrc/: 0.528314255 0.471685745 0.000000000
JK:/rrc/cr: 0.873390879 0.000023240 0.126585881
JK:/rrc/rr: 0.000000000 0.000031124 0.999968876
JQ:/cc/: 0.167522403 0.832477597 0.000000000
JQ:/cc/cr: 0.000002167 0.000002167 0.999995666
JQ:/cc/rr: 0.000000000 0.000016151 0.999983849
JQ:/crc/: 0.996637125 0.003362875 0.000000000
JQ:/crc/cr: 0.005299384 0.005299384 0.989401232
JQ:/crc/rr: 0.000000000 0.000026822 0.999973178
JQ:/crrc/: 0.052334345 0.947665655 0.000000000
JQ:/crrc/cr: 0.152420005 0.000034311 0.847545683
JQ:/crrc/rr: 0.000000000 0.000931961 0.999068039
JQ:/rc/: 0.997291515 0.002708485 0.000000000
JQ:/rc/cr: 0.008094153 0.008094153 0.983811694
JQ:/rc/rr: 0.000000000 0.000032974 0.999967026
JQ:/rrc/: 0.117005931 0.882994069 0.000000000
JQ:/rrc/cr: 0.000012415 0.000012415 0.999975170
JQ:/rrc/rr: 0.000000000 0.000140533 0.999859467
K:/: 0.753100744 0.246899256 0.000000000
K:/cr: 0.681940212 0.318046288 0.000013501
K:/rr: 0.000000000 0.999993361 0.000006639
KJ:/cc/: 0.000020251 0.999979749 0.000000000
KJ:/cc/cr: 0.000006751 0.000006751 0.999986499
KJ:/cc/rr: 0.000000000 0.500000000 0.500000000
KJ:/crc/: 0.000047674 0.999952326 0.000000000
KJ:/crc/cr: 0.000030274 0.999962650 0.000007075
KJ:/crc/rr: 0.000000000 0.777399482 0.222600518
KJ:/crrc/: 0.072953860 0.927046140 0.000000000
KJ:/crrc/cr: 0.000390751 0.999605690 0.000003559
KJ:/crrc/rr: 0.000000000 0.454890399 0.545109601
KJ:/rc/: 0.034119206 0.965880794 0.000000000
KJ:/rc/cr: 0.002618650 0.971310687 0.026070663
KJ:/rc/rr: 0.000000000 0.068944080 0.931055920
KJ:/rrc/: 0.085095159 0.914904841 0.000000000
KJ:/rrc/cr: 0.000005981 0.999889490 0.000104529
KJ:/rrc/rr: 0.000000000 0.679210316 0.320789684
KK:/cc/: 0.999025273 0.000974727 0.000000000
KK:/cc/cr: 0.986149158 0.006925421 0.006925421
KK:/cc/rr: 0.000000000 0.999989865 0.000010135
KK:/crc/: 0.100815161 0.899184839 0.000000000
KK:/crc/cr: 0.999984264 0.000007868 0.000007868
KK:/crc/rr: 0.000000000 0.999894735 0.000105265
KK:/crrc/: 0.995959588 0.004040412 0.000000000
KK:/crrc/cr: 0.998366701 0.000816650 0.000816650
KK:/crrc/rr: 0.000000000 0.999995031 0.000004969
KK:/rc/: 0.823538797 0.176461203 0.000000000
KK:/rc/cr: 0.999974917 0.000012541 0.000012541
KK:/rc/rr: 0.000000000 0.999995969 0.000004031
KK:/rrc/: 0.531193841 0.468806159 0.000000000
KK:/rrc/cr: 0.999995279 0.000002360 0.000002360
KK:/rrc/rr: 0.000000000 0.999996875 0.000003125
KQ:/cc/: 0.000052303 0.999947697 0.000000000
KQ:/cc/cr: 0.000036441 0.435056216 0.564907342
KQ:/cc/rr: 0.000000000 0.806406859 0.193593141
KQ:/crc/: 0.862207272 0.137792728 0.000000000
KQ:/crc/cr: 0.000051344 0.523189253 0.476759403
KQ:/crc/rr: 0.000000000 0.000083637 0.999916363
KQ:/crrc/: 0.011942460 0.988057540 0.000000000
KQ:/crrc/cr: 0.009790518 0.694066533 0.296142949
KQ:/crrc/rr: 0.000000000 0.222284451 0.777715549
KQ:/rc/: 0.000006639 0.999993361 0.000000000
KQ:/rc/cr: 0.000011279 0.481433427 0.518555294
KQ:/rc/rr: 0.000000000 0.500000000 0.500000000
KQ:/rrc/: 0.714025414 0.285974586 0.000000000
KQ:/rrc/cr: 0.018889481 0.894363170 0.086747349
KQ:/rrc/rr: 0.000000000 0.392403291 0.607596709
Q:/: 0.748387067 0.251612933 0.000000000
Q:/cr: 0.167924066 0.831395657 0.000680277
Q:/rr: 0.000000000 0.999993319 0.000006681
QJ:/cc/: 0.000019872 0.999980128 0.000000000
QJ:/cc/cr: 0.000006624 0.000006624 0.999986752
QJ:/cc/rr: 0.000000000 0.500000000 0.500000000
QJ:/crc/: 0.030024502 0.969975498 0.000000000
QJ:/crc/cr: 0.000261883 0.000002738 0.999735379
QJ:/crc/rr: 0.000000000 0.000132679 0.999867321
QJ:/crrc/: 0.011221649 0.988778351 0.000000000
QJ:/crrc/cr: 0.000063889 0.000013298 0.999922813
QJ:/crrc/rr: 0.000000000 0.001757584 0.998242416
QJ:/rc/: 0.014842819 0.985157181 0.000000000
QJ:/rc/cr: 0.000002261 0.000002261 0.999995479
QJ:/rc/rr: 0.000000000 0.000225059 0.999774941
QJ:/rrc/: 0.000003341 0.999996659 0.000000000
QJ:/rrc/cr: 0.000001114 0.000001114 0.999997773
QJ:/rrc/rr: 0.000000000 0.500000000 0.500000000
QK:/cc/: 0.470550552 0.529449448 0.000000000
QK:/cc/cr: 0.008348657 0.991631342 0.000020001
QK:/cc/rr: 0.000000000 0.999978885 0.000021115
QK:/crc/: 0.000008269 0.999991731 0.000000000
QK:/crc/cr: 0.000003634 0.556066745 0.443929621
QK:/crc/rr: 0.000000000 0.518245224 0.481754776
QK:/crrc/: 0.911666475 0.088333525 0.000000000
QK:/crrc/cr: 0.000196825 0.849274940 0.150528235
QK:/crrc/rr: 0.000000000 0.000572519 0.999427481
QK:/rc/: 0.432617156 0.567382844 0.000000000
QK:/rc/cr: 0.019581081 0.518477071 0.461941848
QK:/rc/rr: 0.000000000 0.197644329 0.802355671
QK:/rrc/: 0.122907378 0.877092622 0.000000000
QK:/rrc/cr: 0.000001270 0.302004010 0.697994720
QK:/rrc/rr: 0.000000000 0.000220258 0.999779742
QQ:/cc/: 0.503839391 0.496160609 0.000000000
QQ:/cc/cr: 0.999973299 0.000013350 0.000013350
QQ:/cc/rr: 0.000000000 0.999980280 0.000019720
QQ:/crc/: 0.991423481 0.008576519 0.000000000
QQ:/crc/cr: 0.999380693 0.000309653 0.000309653
QQ:/crc/rr: 0.000000000 0.999995982 0.000004018
QQ:/crrc/: 0.174791118 0.825208882 0.000000000
QQ:/crrc/cr: 0.999968133 0.000015934 0.000015934
QQ:/crrc/rr: 0.000000000 0.999887162 0.000112838
QQ:/rc/: 0.511736430 0.488263570 0.000000000
QQ:/rc/cr: 0.999989925 0.000005514 0.000004561
QQ:/rc/rr: 0.000000000 0.999993472 0.000006528
QQ:/rrc/: 0.984461167 0.015538833 0.000000000
QQ:/rrc/cr: 0.999856680 0.000071660 0.000071660
QQ:/rrc/rr: 0.000000000 0.999998303 0.000001697
