J:/c: 0.304324147 0.695675853 0.000000000
J:/crr: 0.000000000 0.999983570 0.000016430
J:/r: 0.053141911 0.122370139 0.824487951
JJ:/cc/c: 0.999992813 0.000007187 0.000000000
JJ:/cc/crr: 0.000000000 0.999996406 0.000003594
JJ:/cc/r: 0.999990417 0.000004792 0.000004792
JJ:/crc/c: 0.999983570 0.000016430 0.000000000
JJ:/crc/crr: 0.000000000 0.999991785 0.000008215
JJ:/crc/r: 0.999898611 0.000090436 0.000010953
JJ:/crrc/c: 0.999991785 0.000008215 0.000000000
JJ:/crrc/crr: 0.000000000 0.999995892 0.000004108
JJ:/crrc/r: 0.999960862 0.000033661 0.000005477
JJ:/rc/c: 0.999972760 0.000027240 0.000000000
JJ:/rc/crr: 0.000000000 0.999986380 0.000013620
JJ:/rc/r: 0.999927002 0.000054838 0.000018160
JJ:/rrc/c: 0.999937275 0.000062725 0.000000000
JJ:/rrc/crr: 0.000000000 0.999968635 0.000031365
JJ:/rrc/r: 0.999916366 0.000041817 0.000041817
JK:/cc/c: 0.000007187 0.999992813 0.000000000
JK:/cc/crr: 0.000000000 0.500000000 0.500000000
JK:/cc/r: 0.000004792 0.000004792 0.999990417
JK:/crc/c: 0.505517940 0.494482060 0.000000000
JK:/crc/crr: 0.000000000 0.000016251 0.999983749
JK:/crc/r: 0.034165452 0.000010953 0.965823595
JK:/crrc/c: 0.579713261 0.420286739 0.000000000
JK:/crrc/crr: 0.000000000 0.000007085 0.999992915
JK:/crrc/r: 0.244324224 0.000005477 0.755670299
JK:/rc/c: 0.425754469 0.574245531 0.000000000
JK:/rc/crr: 0.000000000 0.000031990 0.999968010
JK:/rc/r: 0.378207743 0.000018160 0.621774098
JK:/rrc/c: 0.999937275 0.000062725 0.000000000
JK:/rrc/crr: 0.000000000 0.000031365 0.999968635
JK:/rrc/r: 0.372260781 0.000041817 0.627697402
JQ:/cc/c: 0.068901735 0.931098265 0.000000000
JQ:/cc/crr: 0.000000000 0.000052156 0.999947844
JQ:/cc/r: 0.037337782 0.000004792 0.962657427
JQ:/crc/c: 0.380577281 0.619422719 0.000000000
JQ:/crc/crr: 0.000000000 0.000021585 0.999978415
JQ:/crc/r: 0.000961783 0.000010953 0.999027264
JQ:/crrc/c: 0.039365777 0.960634223 0.000000000
JQ:/crrc/crr: 0.000000000 0.000104343 0.999895657
JQ:/crrc/r: 0.028277547 0.000005477 0.971716977
JQ:/rc/c: 0.999029721 0.000970279 0.000000000
JQ:/rc/crr: 0.000000000 0.000013633 0.999986367
JQ:/rc/r: 0.000018160 0.000018160 0.999963680
JQ:/rrc/c: 0.006181101 0.993818899 0.000000000
JQ:/rrc/crr: 0.000000000 0.005073945 0.994926055
JQ:/rrc/r: 0.666583678 0.000041817 0.333374505
K:/c: 0.999990000 0.000010000 0.000000000
K:/crr: 0.000000000 0.999995000 0.000005000
K:/r: 0.582409837 0.417583496 0.000006667
KJ:/cc/c: 0.500000000 0.500000000 0.000000000
KJ:/cc/crr: 0.000000000 0.500000000 0.500000000
KJ:/cc/r: 0.333333333 0.333333333 0.333333333
KJ:/crc/c: 0.102502935 0.897497065 0.000000000
KJ:/crc/crr: 0.000000000 0.999975610 0.000024390
KJ:/crc/r: 0.000013872 0.771335876 0.228650252
KJ:/crrc/c: 0.287518101 0.712481899 0.000000000
KJ:/crrc/crr: 0.000000000 0.921939453 0.078060547
KJ:/crrc/r: 0.033229200 0.830351440 0.136419360
KJ:/rc/c: 0.417689127 0.582310873 0.000000000
KJ:/rc/crr: 0.000000000 0.855771103 0.144228897
KJ:/rc/r: 0.041740840 0.734425606 0.223833554
KJ:/rrc/c: 0.090777902 0.909222098 0.000000000
KJ:/rrc/crr: 0.000000000 0.999968476 0.000031524
KJ:/rrc/r: 0.002105618 0.955816334 0.042078048
KK:/cc/c: 0.500000000 0.500000000 0.000000000
KK:/cc/crr: 0.000000000 0.500000000 0.500000000
KK:/cc/r: 0.333333333 0.333333333 0.333333333
KK:/crc/c: 0.999995000 0.000005000 0.000000000
KK:/crc/crr: 0.000000000 0.999997500 0.000002500
KK:/crc/r: 0.997921401 0.002075266 0.000003333
KK:/crrc/c: 0.999997500 0.000002500 0.000000000
KK:/crrc/crr: 0.000000000 0.999998750 0.000001250
KK:/crrc/r: 0.999936813 0.000061520 0.000001667
KK:/rc/c: 0.999992018 0.000007982 0.000000000
KK:/rc/crr: 0.000000000 0.999996009 0.000003991
KK:/rc/r: 0.999975982 0.000018697 0.000005322
KK:/rrc/c: 0.999994277 0.000005723 0.000000000
KK:/rrc/crr: 0.000000000 0.999997138 0.000002862
KK:/rrc/r: 0.999107687 0.000888498 0.000003816
KQ:/cc/c: 0.500000000 0.500000000 0.000000000
KQ:/cc/crr: 0.000000000 0.500000000 0.500000000
KQ:/cc/r: 0.333333333 0.333333333 0.333333333
KQ:/crc/c: 0.237682867 0.762317133 0.000000000
KQ:/crc/crr: 0.000000000 0.002087049 0.997912951
KQ:/crc/r: 0.000016276 0.446250394 0.553733330
KQ:/crrc/c: 0.628695919 0.371304081 0.000000000
KQ:/crrc/crr: 0.000000000 0.428812432 0.571187568
KQ:/crrc/r: 0.000120842 0.882063359 0.117815799
KQ:/rc/c: 0.000007982 0.999992018 0.000000000
KQ:/rc/crr: 0.000000000 0.500000000 0.500000000
KQ:/rc/r: 0.000014085 0.297345706 0.702640209
KQ:/rrc/c: 0.533256937 0.466743063 0.000000000
KQ:/rrc/crr: 0.000000000 0.435989247 0.564010753
KQ:/rrc/r: 0.000090966 0.657936757 0.341972277
Q:/c: 0.852897518 0.147102482 0.000000000
Q:/crr: 0.000000000 0.999994138 0.000005862
Q:/r: 0.390509380 0.609441073 0.000049547
QJ:/cc/c: 0.000033990 0.999966010 0.000000000
QJ:/cc/crr: 0.000000000 0.500000000 0.500000000
QJ:/cc/r: 0.000022660 0.000022660 0.999954680
QJ:/crc/c: 0.409887775 0.590112225 0.000000000
QJ:/crc/crr: 0.000000000 0.000033912 0.999966088
QJ:/crc/r: 0.000003915 0.000003908 0.999992177
QJ:/crrc/c: 0.000002931 0.999997069 0.000000000
QJ:/crrc/crr: 0.000000000 0.500000000 0.500000000
QJ:/crrc/r: 0.008881279 0.000001954 0.991116767
QJ:/rc/c: 0.000005469 0.999994531 0.000000000
QJ:/rc/crr: 0.000000000 0.500000000 0.500000000
QJ:/rc/r: 0.008537363 0.000003646 0.991458991
QJ:/rrc/c: 0.000008536 0.999991464 0.000000000
QJ:/rrc/crr: 0.000000000 0.500000000 0.500000000
QJ:/rrc/r: 0.000010431 0.000005691 0.999983878
QK:/cc/c: 0.000244096 0.999755904 0.000000000
QK:/cc/crr: 0.000000000 0.930375975 0.069624025
QK:/cc/r: 0.000043004 0.742624238 0.257332757
QK:/crc/c: 0.354192204 0.645807796 0.000000000
QK:/crc/crr: 0.000000000 0.000310330 0.999689670
QK:/crc/r: 0.000044049 0.461056616 0.538899336
QK:/crrc/c: 0.000267609 0.999732391 0.000000000
QK:/crrc/crr: 0.000000000 0.306988036 0.693011964
QK:/crrc/r: 0.000005721 0.258681505 0.741312774
QK:/rc/c: 0.342955389 0.657044611 0.000000000
QK:/rc/crr: 0.000000000 0.000471243 0.999528757
QK:/rc/r: 0.000006518 0.275070516 0.724922966
QK:/rrc/c: 0.434134363 0.565865637 0.000000000
QK:/rrc/crr: 0.000000000 0.085277146 0.914722854
QK:/rrc/r: 0.000061513 0.507806615 0.492131872
QQ:/cc/c: 0.999966010 0.000033990 0.000000000
QQ:/cc/crr: 0.000000000 0.999983004 0.000016996
QQ:/cc/r: 0.999777745 0.000199595 0.000022660
QQ:/crc/c: 0.999994138 0.000005862 0.000000000
QQ:/crc/crr: 0.000000000 0.999997069 0.000002931
QQ:/crc/r: 0.999944160 0.000051932 0.000003908
QQ:/crrc/c: 0.999997069 0.000002931 0.000000000
QQ:/crrc/crr: 0.000000000 0.999998534 0.000001466
QQ:/crrc/r: 0.999922078 0.000075968 0.000001954
QQ:/rc/c: 0.999994531 0.000005469 0.000000000
QQ:/rc/crr: 0.000000000 0.999997265 0.000002735
QQ:/rc/r: 0.984278504 0.015717849 0.000003646
QQ:/rrc/c: 0.999991464 0.000008536 0.000000000
QQ:/rrc/crr: 0.000000000 0.999995732 0.000004268
QQ:/rrc/r: 0.999957220 0.000037089 0.000005691
