J:/c: 0.296970745 0.703029255 0.000000000
J:/crr: 0.000000000 0.999983163 0.000016837
J:/r: 0.054526394 0.130142637 0.815330969
JJ:/cc/c: 0.999992888 0.000007112 0.000000000
JJ:/cc/crr: 0.000000000 0.999996444 0.000003556
JJ:/cc/r: 0.999982558 0.000012701 0.000004741
JJ:/crc/c: 0.999983163 0.000016837 0.000000000
JJ:/crc/crr: 0.000000000 0.999991582 0.000008418
JJ:/crc/r: 0.999977551 0.000011224 0.000011224
JJ:/crrc/c: 0.999991582 0.000008418 0.000000000
JJ:/crrc/crr: 0.000000000 0.999995791 0.000004209
JJ:/crrc/r: 0.999988775 0.000005612 0.000005612
JJ:/rc/c: 0.999974387 0.000025613 0.000000000
JJ:/rc/crr: 0.000000000 0.999987193 0.000012807
JJ:/rc/r: 0.999962818 0.000020106 0.000017075
JJ:/rrc/c: 0.999938868 0.000061132 0.000000000
JJ:/rrc/crr: 0.000000000 0.999969432 0.000030568
JJ:/rrc/r: 0.999728167 0.000231078 0.000040755
JK:/cc/c: 0.005891546 0.994108454 0.000000000
JK:/cc/crr: 0.000000000 0.000603583 0.999396417
JK:/cc/r: 0.000010720 0.000004741 0.999984538
JK:/crc/c: 0.525576351 0.474423649 0.000000000
JK:/crc/crr: 0.000000000 0.000016017 0.999983983
JK:/crc/r: 0.113362119 0.000011224 0.886626656
JK:/crrc/c: 0.459606085 0.540393915 0.000000000
JK:/crrc/crr: 0.000000000 0.000009158 0.999990842
JK:/crrc/r: 0.209577741 0.000005612 0.790416646
JK:/rc/c: 0.394418549 0.605581451 0.000000000
JK:/rc/crr: 0.000000000 0.000032469 0.999967531
JK:/rc/r: 0.356699324 0.000017075 0.643283600
JK:/rrc/c: 0.999812010 0.000187990 0.000000000
JK:/rrc/crr: 0.000000000 0.000030572 0.999969428
JK:/rrc/r: 0.274772172 0.000042016 0.725185812
JQ:/cc/c: 0.072051899 0.927948101 0.000000000
JQ:/cc/crr: 0.000000000 0.000049354 0.999950646
JQ:/cc/r: 0.035951720 0.000004741 0.964043538
JQ:/crc/c: 0.485363663 0.514636337 0.000000000
JQ:/crc/crr: 0.000000000 0.000017344 0.999982656
JQ:/crc/r: 0.046656881 0.000011224 0.953331894
JQ:/crrc/c: 0.036800750 0.963199250 0.000000000
JQ:/crrc/crr: 0.000000000 0.000114379 0.999885621
JQ:/crrc/r: 0.345912237 0.000005612 0.654082151
JQ:/rc/c: 0.986676258 0.013323742 0.000000000
JQ:/rc/crr: 0.000000000 0.000012979 0.999987021
JQ:/rc/r: 0.000017667 0.000017075 0.999965258
JQ:/rrc/c: 0.008572106 0.991427894 0.000000000
JQ:/rrc/crr: 0.000000000 0.003565779 0.996434221
JQ:/rrc/r: 0.428999065 0.000040755 0.570960180
K:/c: 0.999947085 0.000052915 0.000000000
K:/crr: 0.000000000 0.999995000 0.000005000
K:/r: 0.567875949 0.432117384 0.000006667
KJ:/cc/c: 0.293535683 0.706464317 0.000000000
KJ:/cc/crr: 0.000000000 0.839047138 0.160952862
KJ:/cc/r: 0.314944349 0.125826636 0.559229015
KJ:/crc/c: 0.173983196 0.826016804 0.000000000
KJ:/crc/crr: 0.000000000 0.999985630 0.000014370
KJ:/crc/r: 0.000111468 0.724223459 0.275665073
KJ:/crrc/c: 0.424589513 0.575410487 0.000000000
KJ:/crrc/crr: 0.000000000 0.993183772 0.006816228
KJ:/crrc/r: 0.082313415 0.750719285 0.166967300
KJ:/rc/c: 0.422729265 0.577270735 0.000000000
KJ:/rc/crr: 0.000000000 0.693247656 0.306752344
KJ:/rc/r: 0.024480878 0.734325642 0.241193480
KJ:/rrc/c: 0.427607191 0.572392809 0.000000000
KJ:/rrc/crr: 0.000000000 0.987690818 0.012309182
KJ:/rrc/r: 0.036747233 0.897926398 0.065326369
KK:/cc/c: 0.905509184 0.094490816 0.000000000
KK:/cc/crr: 0.000000000 0.947824485 0.052175515
KK:/cc/r: 0.770273215 0.166732908 0.062993878
KK:/crc/c: 0.999995000 0.000005000 0.000000000
KK:/crc/crr: 0.000000000 0.999997500 0.000002500
KK:/crc/r: 0.890124573 0.109872094 0.000003334
KK:/crrc/c: 0.999997500 0.000002500 0.000000000
KK:/crrc/crr: 0.000000000 0.999998750 0.000001250
KK:/crrc/r: 0.999996666 0.000001667 0.000001667
KK:/rc/c: 0.999992286 0.000007714 0.000000000
KK:/rc/crr: 0.000000000 0.999996143 0.000003857
KK:/rc/r: 0.999980465 0.000014393 0.000005143
KK:/rrc/c: 0.999994130 0.000005870 0.000000000
KK:/rrc/crr: 0.000000000 0.999997065 0.000002935
KK:/rrc/r: 0.999977186 0.000018901 0.000003913
KQ:/cc/c: 0.485764506 0.514235494 0.000000000
KQ:/cc/crr: 0.000000000 0.902740098 0.097259902
KQ:/cc/r: 0.319861067 0.566967792 0.113171142
KQ:/crc/c: 0.190960971 0.809039029 0.000000000
KQ:/crc/crr: 0.000000000 0.075404473 0.924595527
KQ:/crc/r: 0.000086511 0.440017295 0.559896194
KQ:/crrc/c: 0.620010716 0.379989284 0.000000000
KQ:/crrc/crr: 0.000000000 0.394916958 0.605083042
KQ:/crrc/r: 0.006648101 0.626305745 0.367046154
KQ:/rc/c: 0.000714099 0.999285901 0.000000000
KQ:/rc/crr: 0.000000000 0.102544391 0.897455609
KQ:/rc/r: 0.000024673 0.297045708 0.702929619
KQ:/rrc/c: 0.508775568 0.491224432 0.000000000
KQ:/rrc/crr: 0.000000000 0.534044996 0.465955004
KQ:/rrc/r: 0.080150261 0.544613890 0.375235849
Q:/c: 0.847874045 0.152125955 0.000000000
Q:/crr: 0.000000000 0.999994103 0.000005897
Q:/r: 0.359850991 0.640009110 0.000139899
QJ:/cc/c: 0.000610095 0.999389905 0.000000000
QJ:/cc/crr: 0.000000000 0.026936361 0.973063639
QJ:/cc/r: 0.000047944 0.000021912 0.999930145
QJ:/crc/c: 0.422913056 0.577086944 0.000000000
QJ:/crc/crr: 0.000000000 0.005782384 0.994217616
QJ:/crc/r: 0.000037748 0.000003931 0.999958320
QJ:/crrc/c: 0.000121466 0.999878534 0.000000000
QJ:/crrc/crr: 0.000000000 0.012137437 0.987862563
QJ:/crrc/r: 0.009961057 0.000001966 0.990036977
QJ:/rc/c: 0.000207761 0.999792239 0.000000000
QJ:/rc/crr: 0.000000000 0.012534275 0.987465725
QJ:/rc/r: 0.020442287 0.000003472 0.979554241
QJ:/rrc/c: 0.000291703 0.999708297 0.000000000
QJ:/rrc/crr: 0.000000000 0.015877601 0.984122399
QJ:/rrc/r: 0.000091261 0.000009861 0.999898878
QK:/cc/c: 0.093145116 0.906854884 0.000000000
QK:/cc/crr: 0.000000000 0.999823568 0.000176432
QK:/cc/r: 0.000173995 0.727202278 0.272623727
QK:/crc/c: 0.348720315 0.651279685 0.000000000
QK:/crc/crr: 0.000000000 0.008021937 0.991978063
QK:/crc/r: 0.000403048 0.442368829 0.557228122
QK:/crrc/c: 0.078059781 0.921940219 0.000000000
QK:/crrc/crr: 0.000000000 0.003170992 0.996829008
QK:/crrc/r: 0.000068241 0.285643384 0.714288375
QK:/rc/c: 0.368126567 0.631873433 0.000000000
QK:/rc/crr: 0.000000000 0.008926149 0.991073851
QK:/rc/r: 0.000008617 0.311560842 0.688430541
QK:/rrc/c: 0.413184269 0.586815731 0.000000000
QK:/rrc/crr: 0.000000000 0.083546786 0.916453214
QK:/rrc/r: 0.000090441 0.522469839 0.477439721
QQ:/cc/c: 0.999967132 0.000032868 0.000000000
QQ:/cc/crr: 0.000000000 0.999983566 0.000016434
QQ:/cc/r: 0.999918134 0.000059954 0.000021912
QQ:/crc/c: 0.999994103 0.000005897 0.000000000
QQ:/crc/crr: 0.000000000 0.999997051 0.000002949
QQ:/crc/r: 0.809848974 0.190147094 0.000003931
QQ:/crrc/c: 0.999997051 0.000002949 0.000000000
QQ:/crrc/crr: 0.000000000 0.999998526 0.000001474
QQ:/crrc/r: 0.999996069 0.000001966 0.000001966
QQ:/rc/c: 0.999994792 0.000005208 0.000000000
QQ:/rc/crr: 0.000000000 0.999997396 0.000002604
QQ:/rc/r: 0.999978733 0.000017795 0.000003472
QQ:/rrc/c: 0.999990737 0.000009263 0.000000000
QQ:/rrc/crr: 0.000000000 0.999995368 0.000004632
QQ:/rrc/r: 0.999956462 0.000037362 0.000006175
