J:/c: 0.305607018 0.694392982 0.000000000
J:/crr: 0.000000000 0.999983639 0.000016361
J:/r: 0.053642366 0.125930401 0.820427233
JJ:/cc/c: 0.999992799 0.000007201 0.000000000
JJ:/cc/crr: 0.000000000 0.999996400 0.000003600
JJ:/cc/r: 0.999990399 0.000004800 0.000004800
JJ:/crc/c: 0.999983639 0.000016361 0.000000000
JJ:/crc/crr: 0.000000000 0.999991819 0.000008181
JJ:/crc/r: 0.999869257 0.000119836 0.000010907
JJ:/crrc/c: 0.999991819 0.000008181 0.000000000
JJ:/crrc/crr: 0.000000000 0.999995910 0.000004090
JJ:/crrc/r: 0.999961434 0.000033112 0.000005454
JJ:/rc/c: 0.999973530 0.000026470 0.000000000
JJ:/rc/crr: 0.000000000 0.999986765 0.000013235
JJ:/rc/r: 0.999963250 0.000019103 0.000017646
JJ:/rrc/c: 0.999937860 0.000062140 0.000000000
JJ:/rrc/crr: 0.000000000 0.999968928 0.000031072
JJ:/rrc/r: 0.999837371 0.000121202 0.000041427
JK:/cc/c: 0.008939690 0.991060310 0.000000000
JK:/cc/crr: 0.000000000 0.000402728 0.999597272
JK:/cc/r: 0.000004800 0.000004800 0.999990399
JK:/crc/c: 0.505671944 0.494328056 0.000000000
JK:/crc/crr: 0.000000000 0.000016177 0.999983823
JK:/crc/r: 0.048847981 0.000010907 0.951141112
JK:/crrc/c: 0.453547873 0.546452127 0.000000000
JK:/crrc/crr: 0.000000000 0.000009018 0.999990982
JK:/crrc/r: 0.214586828 0.000005454 0.785407718
JK:/rc/c: 0.379719074 0.620280926 0.000000000
JK:/rc/crr: 0.000000000 0.000034854 0.999965146
JK:/rc/r: 0.360675323 0.000017646 0.639307031
JK:/rrc/c: 0.999937860 0.000062140 0.000000000
JK:/rrc/crr: 0.000000000 0.000031072 0.999968928
JK:/rrc/r: 0.360823539 0.000041427 0.639135034
JQ:/cc/c: 0.073084484 0.926915516 0.000000000
JQ:/cc/crr: 0.000000000 0.000049262 0.999950738
JQ:/cc/r: 0.034188926 0.000004800 0.965806274
JQ:/crc/c: 0.525817194 0.474182806 0.000000000
JQ:/crc/crr: 0.000000000 0.000015558 0.999984442
JQ:/crc/r: 0.046156385 0.000010907 0.953832708
JQ:/crrc/c: 0.045824632 0.954175368 0.000000000
JQ:/crrc/crr: 0.000000000 0.000089260 0.999910740
JQ:/crrc/r: 0.226643055 0.000005454 0.773351492
JQ:/rc/c: 0.997525092 0.002474908 0.000000000
JQ:/rc/crr: 0.000000000 0.000013268 0.999986732
JQ:/rc/r: 0.000017646 0.000017646 0.999964707
JQ:/rrc/c: 0.000062140 0.999937860 0.000000000
JQ:/rrc/crr: 0.000000000 0.500000000 0.500000000
JQ:/rrc/r: 0.620563385 0.000041427 0.379395188
K:/c: 0.999969830 0.000030170 0.000000000
K:/crr: 0.000000000 0.999995000 0.000005000
K:/r: 0.581650325 0.418343009 0.000006667
KJ:/cc/c: 0.165726307 0.834273693 0.000000000
KJ:/cc/crr: 0.000000000 0.500000000 0.500000000
KJ:/cc/r: 0.490631341 0.236655666 0.272712992
KJ:/crc/c: 0.112184341 0.887815659 0.000000000
KJ:/crc/crr: 0.000000000 0.999977715 0.000022285
KJ:/crc/r: 0.000035765 0.719364625 0.280599610
KJ:/crrc/c: 0.267961292 0.732038708 0.000000000
KJ:/crrc/crr: 0.000000000 0.824799887 0.175200113
KJ:/crrc/r: 0.041060266 0.825422015 0.133517720
KJ:/rc/c: 0.409820377 0.590179623 0.000000000
KJ:/rc/crr: 0.000000000 0.897024884 0.102975116
KJ:/rc/r: 0.057537615 0.731109133 0.211353252
KJ:/rrc/c: 0.078744971 0.921255029 0.000000000
KJ:/rrc/crr: 0.000000000 0.999888375 0.000111625
KJ:/rrc/r: 0.022298697 0.928116771 0.049584532
KK:/cc/c: 0.834273693 0.165726307 0.000000000
KK:/cc/crr: 0.000000000 0.900676295 0.099323705
KK:/cc/r: 0.681349219 0.208166576 0.110484205
KK:/crc/c: 0.999995000 0.000005000 0.000000000
KK:/crc/crr: 0.000000000 0.999997500 0.000002500
KK:/crc/r: 0.957948655 0.042048011 0.000003333
KK:/crrc/c: 0.999997500 0.000002500 0.000000000
KK:/crrc/crr: 0.000000000 0.999998750 0.000001250
KK:/crrc/r: 0.999993059 0.000005275 0.000001667
KK:/rc/c: 0.999992032 0.000007968 0.000000000
KK:/rc/crr: 0.000000000 0.999996016 0.000003984
KK:/rc/r: 0.999979053 0.000015635 0.000005312
KK:/rrc/c: 0.999994269 0.000005731 0.000000000
KK:/rrc/crr: 0.000000000 0.999997135 0.000002865
KK:/rrc/r: 0.999591578 0.000404602 0.000003821
KQ:/cc/c: 0.494471652 0.505528348 0.000000000
KQ:/cc/crr: 0.000000000 0.832420821 0.167579179
KQ:/cc/r: 0.470694311 0.417844571 0.111461118
KQ:/crc/c: 0.000167734 0.999832266 0.000000000
KQ:/crc/crr: 0.000000000 0.985094970 0.014905030
KQ:/crc/r: 0.000011239 0.436924882 0.563063879
KQ:/crrc/c: 0.624645498 0.375354502 0.000000000
KQ:/crrc/crr: 0.000000000 0.398907875 0.601092125
KQ:/crrc/r: 0.000741646 0.690252526 0.309005828
KQ:/rc/c: 0.000099312 0.999900688 0.000000000
KQ:/rc/crr: 0.000000000 0.040115899 0.959884101
KQ:/rc/r: 0.000019113 0.291953615 0.708027273
KQ:/rrc/c: 0.520329301 0.479670699 0.000000000
KQ:/rrc/crr: 0.000000000 0.463487043 0.536512957
KQ:/rrc/r: 0.000100426 0.673386533 0.326513042
Q:/c: 0.845860723 0.154139277 0.000000000
Q:/crr: 0.000000000 0.999994089 0.000005911
Q:/r: 0.372374146 0.627567407 0.000058447
QJ:/cc/c: 0.000032438 0.999967562 0.000000000
QJ:/cc/crr: 0.000000000 0.500000000 0.500000000
QJ:/cc/r: 0.000021625 0.000021625 0.999956749
QJ:/crc/c: 0.424375692 0.575624308 0.000000000
QJ:/crc/crr: 0.000000000 0.000077690 0.999922310
QJ:/crc/r: 0.000299301 0.000003941 0.999696758
QJ:/crrc/c: 0.000002956 0.999997044 0.000000000
QJ:/crrc/crr: 0.000000000 0.500000000 0.500000000
QJ:/crrc/r: 0.017860773 0.000001970 0.982137257
QJ:/rc/c: 0.000015707 0.999984293 0.000000000
QJ:/rc/crr: 0.000000000 0.169078734 0.830921266
QJ:/rc/r: 0.007673177 0.000003541 0.992323282
QJ:/rrc/c: 0.000154102 0.999845898 0.000000000
QJ:/rrc/crr: 0.000000000 0.029044293 0.970955707
QJ:/rrc/r: 0.000078075 0.000005968 0.999915957
QK:/cc/c: 0.052332345 0.947667655 0.000000000
QK:/cc/crr: 0.000000000 0.999690075 0.000309925
QK:/cc/r: 0.000081205 0.728638232 0.271280563
QK:/crc/c: 0.368161563 0.631838437 0.000000000
QK:/crc/crr: 0.000000000 0.001090722 0.998909278
QK:/crc/r: 0.000062593 0.469597718 0.530339689
QK:/crrc/c: 0.016264930 0.983735070 0.000000000
QK:/crrc/crr: 0.000000000 0.030254119 0.969745881
QK:/crrc/r: 0.000070010 0.279625257 0.720304734
QK:/rc/c: 0.380785603 0.619214397 0.000000000
QK:/rc/crr: 0.000000000 0.000554605 0.999445395
QK:/rc/r: 0.000015164 0.311709852 0.688274984
QK:/rrc/c: 0.434428895 0.565571105 0.000000000
QK:/rrc/crr: 0.000000000 0.000451834 0.999548166
QK:/rrc/r: 0.000071278 0.472479818 0.527448904
QQ:/cc/c: 0.999967562 0.000032438 0.000000000
QQ:/cc/crr: 0.000000000 0.999983780 0.000016220
QQ:/cc/r: 0.999195965 0.000782410 0.000021625
QQ:/crc/c: 0.999994089 0.000005911 0.000000000
QQ:/crc/crr: 0.000000000 0.999997044 0.000002956
QQ:/crc/r: 0.999943711 0.000052348 0.000003941
QQ:/crrc/c: 0.999997044 0.000002956 0.000000000
QQ:/crrc/crr: 0.000000000 0.999998522 0.000001478
QQ:/crrc/r: 0.999996059 0.000001970 0.000001970
QQ:/rc/c: 0.999994688 0.000005312 0.000000000
QQ:/rc/crr: 0.000000000 0.999997344 0.000002656
QQ:/rc/r: 0.999991975 0.000004484 0.000003541
QQ:/rrc/c: 0.999991048 0.000008952 0.000000000
QQ:/rrc/crr: 0.000000000 0.999995524 0.000004476
QQ:/rrc/r: 0.999948256 0.000045777 0.000005968
