J:/: 0.082523904 0.917476096 0.000000000
J:/cr: 0.018348329 0.034317812 0.947333859
J:/rr: 0.000000000 0.999939411 0.000060589
JJ:/cc/: 0.000323954 0.999676046 0.000000000
JJ:/cc/cr: 0.999996366 0.000001817 0.000001817
JJ:/cc/rr: 0.000000000 0.991588725 0.008411275
JJ:/crc/: 0.893093760 0.106906240 0.000000000
JJ:/crc/cr: 0.999669904 0.000165048 0.000165048
JJ:/crc/rr: 0.000000000 0.999970365 0.000029635
JJ:/crrc/: 0.899551459 0.100448541 0.000000000
JJ:/crrc/cr: 0.999342913 0.000328543 0.000328543
JJ:/crrc/rr: 0.000000000 0.999944970 0.000055030
JJ:/rc/: 0.858771909 0.141228091 0.000000000
JJ:/rc/cr: 0.999713992 0.000143004 0.000143004
JJ:/rc/rr: 0.000000000 0.999964724 0.000035276
JJ:/rrc/: 0.993325782 0.006674218 0.000000000
JJ:/rrc/cr: 0.996973819 0.001513091 0.001513091
JJ:/rrc/rr: 0.000000000 0.999984750 0.000015250
JK:/cc/: 0.080331987 0.919668013 0.000000000
JK:/cc/cr: 0.000006823 0.000001975 0.999991201
JK:/cc/rr: 0.000000000 0.000033920 0.999966080
JK:/crc/: 0.047396823 0.952603177 0.000000000
JK:/crc/cr: 0.033380759 0.000018523 0.966600718
JK:/crc/rr: 0.000000000 0.000558413 0.999441587
JK:/crrc/: 0.999823058 0.000176942 0.000000000
JK:/crrc/cr: 0.186511448 0.186511448 0.626977104
JK:/crrc/rr: 0.000000000 0.000049511 0.999950489
JK:/rc/: 0.994794931 0.005205069 0.000000000
JK:/rc/cr: 0.742320402 0.003880096 0.253799502
JK:/rc/rr: 0.000000000 0.000030453 0.999969547
JK:/rrc/: 0.493057223 0.506942777 0.000000000
JK:/rrc/cr: 0.730372286 0.000019921 0.269607793
JK:/rrc/rr: 0.000000000 0.000030723 0.999969277
JQ:/cc/: 0.180568754 0.819431246 0.000000000
JQ:/cc/cr: 0.000008099 0.000002217 0.999989684
JQ:/cc/rr: 0.000000000 0.000015090 0.999984910
JQ:/crc/: 0.988646614 0.011353386 0.000000000
JQ:/crc/cr: 0.079910393 0.001554131 0.918535476
JQ:/crc/rr: 0.000000000 0.000026771 0.999973229
JQ:/crrc/: 0.029538089 0.970461911 0.000000000
JQ:/crrc/cr: 0.118140711 0.000034006 0.881825282
JQ:/crrc/rr: 0.000000000 0.001675888 0.998324112
JQ:/rc/: 0.992473939 0.007526061 0.000000000
JQ:/rc/cr: 0.002683498 0.002683498 0.994633004
JQ:/rc/rr: 0.000000000 0.000030524 0.999969476
JQ:/rrc/: 0.139391546 0.860608454 0.000000000
JQ:/rrc/cr: 0.000888308 0.000011734 0.999099957
JQ:/rrc/rr: 0.000000000 0.000108673 0.999891327
K:/: 0.761560396 0.238439604 0.000000000
K:/cr: 0.699269070 0.300716951 0.000013980
K:/rr: 0.000000000 0.999993435 0.000006565
KJ:/cc/: 0.000057798 0.999942202 0.000000000
KJ:/cc/cr: 0.000051175 0.000009596 0.999939229
KJ:/cc/rr: 0.000000000 0.818596468 0.181403532
KJ:/crc/: 0.000049562 0.999950438 0.000000000
KJ:/crc/cr: 0.000673750 0.999318501 0.000007748
KJ:/crc/rr: 0.000000000 0.765507087 0.234492913
KJ:/crrc/: 0.053913052 0.946086948 0.000000000
KJ:/crrc/cr: 0.002504909 0.987830230 0.009664860
KJ:/crrc/rr: 0.000000000 0.459988279 0.540011721
KJ:/rc/: 0.058321186 0.941678814 0.000000000
KJ:/rc/cr: 0.010113552 0.948818069 0.041068379
KJ:/rc/rr: 0.000000000 0.265013933 0.734986067
KJ:/rrc/: 0.090823149 0.909176851 0.000000000
KJ:/rrc/cr: 0.001181433 0.997487470 0.001331098
KJ:/rrc/rr: 0.000000000 0.500219800 0.499780200
KK:/cc/: 0.999686456 0.000313544 0.000000000
KK:/cc/cr: 0.955413719 0.022293141 0.022293141
KK:/cc/rr: 0.000000000 0.999989512 0.000010488
KK:/crc/: 0.133896260 0.866103740 0.000000000
KK:/crc/cr: 0.999982108 0.000008946 0.000008946
KK:/crc/rr: 0.000000000 0.999913201 0.000086799
KK:/crrc/: 0.985927562 0.014072438 0.000000000
KK:/crrc/cr: 0.999526450 0.000236775 0.000236775
KK:/crrc/rr: 0.000000000 0.999994931 0.000005069
KK:/rc/: 0.880129817 0.119870183 0.000000000
KK:/rc/cr: 0.999963486 0.000018257 0.000018257
KK:/rc/rr: 0.000000000 0.999996270 0.000003730
KK:/rrc/: 0.542667446 0.457332554 0.000000000
KK:/rrc/cr: 0.999995215 0.000002393 0.000002393
KK:/rrc/rr: 0.000000000 0.999996975 0.000003025
KQ:/cc/: 0.000530645 0.999469355 0.000000000
KQ:/cc/cr: 0.000052832 0.439319057 0.560628111
KQ:/cc/rr: 0.000000000 0.980241348 0.019758652
KQ:/crc/: 0.926244198 0.073755802 0.000000000
KQ:/crc/cr: 0.000863178 0.627453089 0.371683734
KQ:/crc/rr: 0.000000000 0.000015373 0.999984627
KQ:/crrc/: 0.033153852 0.966846148 0.000000000
KQ:/crrc/cr: 0.029638584 0.694762117 0.275599299
KQ:/crrc/rr: 0.000000000 0.240215437 0.759784563
KQ:/rc/: 0.000044256 0.999955744 0.000000000
KQ:/rc/cr: 0.000043899 0.491647490 0.508308611
KQ:/rc/rr: 0.000000000 0.925824286 0.074175714
KQ:/rrc/: 0.678637433 0.321362567 0.000000000
KQ:/rrc/cr: 0.040512835 0.832589192 0.126897973
KQ:/rrc/rr: 0.000000000 0.386891890 0.613108110
Q:/: 0.747155687 0.252844313 0.000000000
Q:/cr: 0.175850287 0.822827605 0.001322108
Q:/rr: 0.000000000 0.999993308 0.000006692
QJ:/cc/: 0.000019775 0.999980225 0.000000000
QJ:/cc/cr: 0.000022982 0.000006592 0.999970426
QJ:/cc/rr: 0.000000000 0.500000000 0.500000000
QJ:/crc/: 0.027346720 0.972653280 0.000000000
QJ:/crc/cr: 0.010905670 0.000002745 0.989091585
QJ:/crc/rr: 0.000000000 0.000146471 0.999853529
QJ:/crrc/: 0.014836101 0.985163899 0.000000000
QJ:/crrc/cr: 0.000187553 0.000012683 0.999799763
QJ:/crrc/rr: 0.000000000 0.001263289 0.998736711
QJ:/rc/: 0.010113782 0.989886218 0.000000000
QJ:/rc/cr: 0.000002738 0.000002253 0.999995009
QJ:/rc/rr: 0.000000000 0.000330838 0.999669162
QJ:/rrc/: 0.000003346 0.999996654 0.000000000
QJ:/rrc/cr: 0.000001163 0.000001115 0.999997722
QJ:/rrc/rr: 0.000000000 0.500000000 0.500000000
QK:/cc/: 0.539723303 0.460276697 0.000000000
QK:/cc/cr: 0.011879465 0.988090217 0.000030318
QK:/cc/rr: 0.000000000 0.593599584 0.406400416
QK:/crc/: 0.013420663 0.986579337 0.000000000
QK:/crc/cr: 0.000002707 0.558262444 0.441734850
QK:/crc/rr: 0.000000000 0.000298458 0.999701542
QK:/crrc/: 0.844108425 0.155891575 0.000000000
QK:/crrc/cr: 0.000134929 0.870413683 0.129451388
QK:/crrc/rr: 0.000000000 0.000586430 0.999413570
QK:/rc/: 0.460610649 0.539389351 0.000000000
QK:/rc/cr: 0.059999959 0.498910477 0.441089563
QK:/rc/rr: 0.000000000 0.194450993 0.805549007
QK:/rrc/: 0.135104196 0.864895804 0.000000000
QK:/rrc/cr: 0.000001290 0.304980261 0.695018449
QK:/rrc/rr: 0.000000000 0.000624785 0.999375215
QQ:/cc/: 0.533032830 0.466967170 0.000000000
QQ:/cc/cr: 0.999971768 0.000014116 0.000014116
QQ:/cc/rr: 0.000000000 0.999981450 0.000018550
QQ:/crc/: 0.995491491 0.004508509 0.000000000
QQ:/crc/cr: 0.998815425 0.000592287 0.000592287
QQ:/crc/rr: 0.000000000 0.999995976 0.000004024
QQ:/crrc/: 0.279979451 0.720020549 0.000000000
QQ:/crrc/cr: 0.999965293 0.000017353 0.000017353
QQ:/crrc/rr: 0.000000000 0.999933058 0.000066942
QQ:/rc/: 0.547891181 0.452108819 0.000000000
QQ:/rc/cr: 0.999990132 0.000004934 0.000004934
QQ:/rc/rr: 0.000000000 0.999993893 0.000006107
QQ:/rrc/: 0.974061076 0.025938924 0.000000000
QQ:/rrc/cr: 0.999914002 0.000042999 0.000042999
QQ:/rrc/rr: 0.000000000 0.999998282 0.000001718
