J:/: 0.075920278 0.924079722 0.000000000
J:/cr: 0.017287849 0.036525762 0.946186389
J:/rr: 0.000000000 0.999934141 0.000065859
JJ:/cc/: 0.000115006 0.999884994 0.000000000
JJ:/cc/cr: 0.999996392 0.000001804 0.000001804
JJ:/cc/rr: 0.000000000 0.976475993 0.023524007
JJ:/crc/: 0.998703439 0.001296561 0.000000000
JJ:/crc/cr: 0.974610412 0.012694794 0.012694794
JJ:/crc/rr: 0.000000000 0.999975279 0.000024721
JJ:/crrc/: 0.999895673 0.000104327 0.000000000
JJ:/crrc/cr: 0.333333333 0.333333333 0.333333333
JJ:/crrc/rr: 0.000000000 0.999947831 0.000052169
JJ:/rc/: 0.902487706 0.097512294 0.000000000
JJ:/rc/cr: 0.999549742 0.000225129 0.000225129
JJ:/rc/rr: 0.000000000 0.999963513 0.000036487
JJ:/rrc/: 0.999756441 0.000243559 0.000000000
JJ:/rrc/cr: 0.909860357 0.045069822 0.045069822
JJ:/rrc/rr: 0.000000000 0.999983530 0.000016470
JK:/cc/: 0.079891589 0.920108411 0.000000000
JK:/cc/cr: 0.000763922 0.000001960 0.999234118
JK:/cc/rr: 0.000000000 0.000033863 0.999966137
JK:/crc/: 0.066284431 0.933715569 0.000000000
JK:/crc/cr: 0.004948496 0.000017628 0.995033876
JK:/crc/rr: 0.000000000 0.000372476 0.999627524
JK:/crrc/: 0.999895673 0.000104327 0.000000000
JK:/crrc/cr: 0.333333333 0.333333333 0.333333333
JK:/crrc/rr: 0.000000000 0.000052169 0.999947831
JK:/rc/: 0.996336354 0.003663646 0.000000000
JK:/rc/cr: 0.988015845 0.005992077 0.005992077
JK:/rc/rr: 0.000000000 0.000033050 0.999966950
JK:/rrc/: 0.553306091 0.446693909 0.000000000
JK:/rrc/cr: 0.943596526 0.000024574 0.056378900
JK:/rrc/rr: 0.000000000 0.000029759 0.999970241
JQ:/cc/: 0.196185727 0.803814273 0.000000000
JQ:/cc/cr: 0.000002244 0.000002244 0.999995512
JQ:/cc/rr: 0.000000000 0.000013790 0.999986210
JQ:/crc/: 0.992461710 0.007538290 0.000000000
JQ:/crc/cr: 0.689736653 0.002183463 0.308079883
JQ:/crc/rr: 0.000000000 0.000024877 0.999975123
JQ:/crrc/: 0.031062102 0.968937898 0.000000000
JQ:/crrc/cr: 0.182470928 0.000035891 0.817493181
JQ:/crrc/rr: 0.000000000 0.001679336 0.998320664
JQ:/rc/: 0.999723528 0.000276472 0.000000000
JQ:/rc/cr: 0.079403534 0.079403534 0.841192932
JQ:/rc/rr: 0.000000000 0.000032938 0.999967062
JQ:/rrc/: 0.123508546 0.876491454 0.000000000
JQ:/rrc/cr: 0.000012524 0.000012524 0.999974952
JQ:/rrc/rr: 0.000000000 0.000133316 0.999866684
K:/: 0.757325619 0.242674381 0.000000000
K:/cr: 0.672638339 0.327347925 0.000013736
K:/rr: 0.000000000 0.999993398 0.000006602
KJ:/cc/: 0.000020604 0.999979396 0.000000000
KJ:/cc/cr: 0.000006868 0.000006868 0.999986264
KJ:/cc/rr: 0.000000000 0.500000000 0.500000000
KJ:/crc/: 0.000020980 0.999979020 0.000000000
KJ:/crc/cr: 0.000411627 0.999581379 0.000006994
KJ:/crc/rr: 0.000000000 0.500000000 0.500000000
KJ:/crrc/: 0.066243507 0.933756493 0.000000000
KJ:/crrc/cr: 0.000435722 0.999560633 0.000003645
KJ:/crrc/rr: 0.000000000 0.558543596 0.441456404
KJ:/rc/: 0.062017125 0.937982875 0.000000000
KJ:/rc/cr: 0.005837627 0.967321479 0.026840895
KJ:/rc/rr: 0.000000000 0.332364904 0.667635096
KJ:/rrc/: 0.087776093 0.912223907 0.000000000
KJ:/rrc/cr: 0.000004478 0.999994316 0.000001206
KJ:/rrc/rr: 0.000000000 0.548214405 0.451785595
KK:/cc/: 0.993112621 0.006887379 0.000000000
KK:/cc/cr: 0.998005652 0.000997174 0.000997174
KK:/cc/rr: 0.000000000 0.999989627 0.000010373
KK:/crc/: 0.109691816 0.890308184 0.000000000
KK:/crc/cr: 0.999984290 0.000007855 0.000007855
KK:/crc/rr: 0.000000000 0.999904366 0.000095634
KK:/crrc/: 0.995277126 0.004722874 0.000000000
KK:/crrc/cr: 0.998558729 0.000720635 0.000720635
KK:/crrc/rr: 0.000000000 0.999994871 0.000005129
KK:/rc/: 0.830075032 0.169924968 0.000000000
KK:/rc/cr: 0.999974098 0.000012951 0.000012951
KK:/rc/rr: 0.000000000 0.999996023 0.000003977
KK:/rrc/: 0.535786945 0.464213055 0.000000000
KK:/rrc/cr: 0.999995259 0.000002370 0.000002370
KK:/rrc/rr: 0.000000000 0.999996919 0.000003081
KQ:/cc/: 0.000021121 0.999978879 0.000000000
KQ:/cc/cr: 0.000006868 0.427761897 0.572231235
KQ:/cc/rr: 0.000000000 0.512237177 0.487762823
KQ:/crc/: 0.904840035 0.095159965 0.000000000
KQ:/crc/cr: 0.000073492 0.607835885 0.392090623
KQ:/crc/rr: 0.000000000 0.000011593 0.999988407
KQ:/crrc/: 0.005203682 0.994796318 0.000000000
KQ:/crrc/cr: 0.010742278 0.689143723 0.300113999
KQ:/crrc/rr: 0.000000000 0.225822552 0.774177448
KQ:/rc/: 0.000372253 0.999627747 0.000000000
KQ:/rc/cr: 0.000013958 0.489395818 0.510590223
KQ:/rc/rr: 0.000000000 0.147278861 0.852721139
KQ:/rrc/: 0.703100889 0.296899111 0.000000000
KQ:/rrc/cr: 0.022320476 0.920647458 0.057032067
KQ:/rrc/rr: 0.000000000 0.394032425 0.605967575
Q:/: 0.735450983 0.264549017 0.000000000
Q:/cr: 0.152012821 0.847830196 0.000156982
Q:/rr: 0.000000000 0.999993201 0.000006799
QJ:/cc/: 0.000018900 0.999981100 0.000000000
QJ:/cc/cr: 0.000006300 0.000006300 0.999987400
QJ:/cc/rr: 0.000000000 0.500000000 0.500000000
QJ:/crc/: 0.034759913 0.965240087 0.000000000
QJ:/crc/cr: 0.000002566 0.000002566 0.999994868
QJ:/crc/rr: 0.000000000 0.000106887 0.999893113
QJ:/crrc/: 0.011464406 0.988535594 0.000000000
QJ:/crrc/cr: 0.000066588 0.000013975 0.999919437
QJ:/crrc/rr: 0.000000000 0.001807511 0.998192489
QJ:/rc/: 0.008464476 0.991535524 0.000000000
QJ:/rc/cr: 0.000002286 0.000002286 0.999995429
QJ:/rc/rr: 0.000000000 0.000401593 0.999598407
QJ:/rrc/: 0.000003399 0.999996601 0.000000000
QJ:/rrc/cr: 0.000001133 0.000001133 0.999997734
QJ:/rrc/rr: 0.000000000 0.500000000 0.500000000
QK:/cc/: 0.604767042 0.395232958 0.000000000
QK:/cc/cr: 0.988563147 0.011418535 0.000018318
QK:/cc/rr: 0.000000000 0.999984374 0.000015626
QK:/crc/: 0.000885974 0.999114026 0.000000000
QK:/crc/cr: 0.000004375 0.558682274 0.441313351
QK:/crc/rr: 0.000000000 0.006226729 0.993773271
QK:/crrc/: 0.957120041 0.042879959 0.000000000
QK:/crrc/cr: 0.000446000 0.690932717 0.308621284
QK:/crrc/rr: 0.000000000 0.000574197 0.999425803
QK:/rc/: 0.454880013 0.545119987 0.000000000
QK:/rc/cr: 0.003322532 0.538222019 0.458455449
QK:/rc/rr: 0.000000000 0.199063548 0.800936452
QK:/rrc/: 0.124707881 0.875292119 0.000000000
QK:/rrc/cr: 0.000007777 0.292436134 0.707556089
QK:/rrc/rr: 0.000000000 0.000033807 0.999966193
QQ:/cc/: 0.541103428 0.458896572 0.000000000
QQ:/cc/cr: 0.999972543 0.000013729 0.000013729
QQ:/cc/rr: 0.000000000 0.999982536 0.000017464
QQ:/crc/: 0.995258369 0.004741631 0.000000000
QQ:/crc/cr: 0.998955245 0.000522378 0.000522378
QQ:/crc/rr: 0.000000000 0.999996267 0.000003733
QQ:/crrc/: 0.088691045 0.911308955 0.000000000
QQ:/crrc/cr: 0.999969326 0.000015514 0.000015159
QQ:/crrc/rr: 0.000000000 0.999766357 0.000233643
QQ:/rc/: 0.511933656 0.488066344 0.000000000
QQ:/rc/cr: 0.999989167 0.000006190 0.000004643
QQ:/rc/rr: 0.000000000 0.999993360 0.000006640
QQ:/rrc/: 0.988555741 0.011444259 0.000000000
QQ:/rrc/cr: 0.999801979 0.000099010 0.000099010
QQ:/rrc/rr: 0.000000000 0.999998281 0.000001719
