J:/c: 0.294196203 0.705803797 0.000000000
J:/crr: 0.000000000 0.999983005 0.000016995
J:/r: 0.054550220 0.124458479 0.820991302
JJ:/cc/c: 0.999992916 0.000007084 0.000000000
JJ:/cc/crr: 0.000000000 0.999996458 0.000003542
JJ:/cc/r: 0.999990555 0.000004723 0.000004723
JJ:/crc/c: 0.999983005 0.000016995 0.000000000
JJ:/crc/crr: 0.000000000 0.999991502 0.000008498
JJ:/crc/r: 0.999955009 0.000033660 0.000011330
JJ:/crrc/c: 0.999991502 0.000008498 0.000000000
JJ:/crrc/crr: 0.000000000 0.999995751 0.000004249
JJ:/crrc/r: 0.999974792 0.000019543 0.000005665
JJ:/rc/c: 0.999973217 0.000026783 0.000000000
JJ:/rc/crr: 0.000000000 0.999986608 0.000013392
JJ:/rc/r: 0.999951887 0.000030258 0.000017855
JJ:/rrc/c: 0.999938894 0.000061106 0.000000000
JJ:/rrc/crr: 0.000000000 0.999969445 0.000030555
JJ:/rrc/r: 0.999760305 0.000198958 0.000040737
JK:/cc/c: 0.003035505 0.996964495 0.000000000
JK:/cc/crr: 0.000000000 0.001166877 0.998833123
JK:/cc/r: 0.000004723 0.000004723 0.999990555
JK:/crc/c: 0.519609851 0.480390149 0.000000000
JK:/crc/crr: 0.000000000 0.000016354 0.999983646
JK:/crc/r: 0.031515682 0.000011330 0.968472988
JK:/crrc/c: 0.435922292 0.564077708 0.000000000
JK:/crrc/crr: 0.000000000 0.000009747 0.999990253
JK:/crrc/r: 0.229121875 0.000005665 0.770872460
JK:/rc/c: 0.405430506 0.594569494 0.000000000
JK:/rc/crr: 0.000000000 0.000033030 0.999966970
JK:/rc/r: 0.364659946 0.000017855 0.635322198
JK:/rrc/c: 0.999785082 0.000214918 0.000000000
JK:/rrc/crr: 0.000000000 0.000030559 0.999969441
JK:/rrc/r: 0.336468146 0.000040737 0.663491117
JQ:/cc/c: 0.072551808 0.927448192 0.000000000
JQ:/cc/crr: 0.000000000 0.000048821 0.999951179
JQ:/cc/r: 0.038238712 0.000004723 0.961756565
JQ:/crc/c: 0.485929877 0.514070123 0.000000000
JQ:/crc/crr: 0.000000000 0.000017488 0.999982512
JQ:/crc/r: 0.000067425 0.000011330 0.999921245
JQ:/crrc/c: 0.034569428 0.965430572 0.000000000
JQ:/crrc/crr: 0.000000000 0.000122910 0.999877090
JQ:/crrc/r: 0.120966479 0.000005665 0.879027855
JQ:/rc/c: 0.995823724 0.004176276 0.000000000
JQ:/rc/crr: 0.000000000 0.000013448 0.999986552
JQ:/rc/r: 0.000057513 0.000017855 0.999924632
JQ:/rrc/c: 0.018249324 0.981750676 0.000000000
JQ:/rrc/crr: 0.000000000 0.001674193 0.998325807
JQ:/rrc/r: 0.471780060 0.000040737 0.528179203
K:/c: 0.999904780 0.000095220 0.000000000
K:/crr: 0.000000000 0.999995000 0.000005000
K:/r: 0.589025765 0.410967568 0.000006667
KJ:/cc/c: 0.124094249 0.875905751 0.000000000
KJ:/cc/crr: 0.000000000 0.788427324 0.211572676
KJ:/cc/r: 0.169583602 0.072178923 0.758237475
KJ:/crc/c: 0.120169075 0.879830925 0.000000000
KJ:/crc/crr: 0.000000000 0.999979194 0.000020806
KJ:/crc/r: 0.000101269 0.769739854 0.230158876
KJ:/crrc/c: 0.430409103 0.569590897 0.000000000
KJ:/crrc/crr: 0.000000000 0.999997095 0.000002905
KJ:/crrc/r: 0.038131534 0.833504194 0.128364272
KJ:/rc/c: 0.442994544 0.557005456 0.000000000
KJ:/rc/crr: 0.000000000 0.710412392 0.289587608
KJ:/rc/r: 0.040291411 0.717435955 0.242272634
KJ:/rrc/c: 0.164146489 0.835853511 0.000000000
KJ:/rrc/crr: 0.000000000 0.999982762 0.000017238
KJ:/rrc/r: 0.036216012 0.896349634 0.067434354
KK:/cc/c: 0.947490095 0.052509905 0.000000000
KK:/cc/crr: 0.000000000 0.972289998 0.027710002
KK:/cc/r: 0.870362544 0.094630853 0.035006603
KK:/crc/c: 0.999995000 0.000005000 0.000000000
KK:/crc/crr: 0.000000000 0.999997500 0.000002500
KK:/crc/r: 0.999987522 0.000009144 0.000003334
KK:/crrc/c: 0.999997500 0.000002500 0.000000000
KK:/crrc/crr: 0.000000000 0.999998750 0.000001250
KK:/crrc/r: 0.999994580 0.000003753 0.000001667
KK:/rc/c: 0.999991889 0.000008111 0.000000000
KK:/rc/crr: 0.000000000 0.999995944 0.000004056
KK:/rc/r: 0.999977819 0.000016774 0.000005407
KK:/rrc/c: 0.999994341 0.000005659 0.000000000
KK:/rrc/crr: 0.000000000 0.999997170 0.000002830
KK:/rrc/r: 0.999810865 0.000185362 0.000003773
KQ:/cc/c: 0.265915522 0.734084478 0.000000000
KQ:/cc/crr: 0.000000000 0.901265815 0.098734185
KQ:/cc/r: 0.170277249 0.792166107 0.037556644
KQ:/crc/c: 0.223982598 0.776017402 0.000000000
KQ:/crc/crr: 0.000000000 0.002526041 0.997473959
KQ:/crc/r: 0.000044132 0.447663295 0.552292574
KQ:/crrc/c: 0.623077865 0.376922135 0.000000000
KQ:/crrc/crr: 0.000000000 0.396936788 0.603063212
KQ:/crrc/r: 0.001004361 0.758545967 0.240449671
KQ:/rc/c: 0.000034887 0.999965113 0.000000000
KQ:/rc/crr: 0.000000000 0.883754331 0.116245669
KQ:/rc/r: 0.000026145 0.302113058 0.697860797
KQ:/rrc/c: 0.515512354 0.484487646 0.000000000
KQ:/rrc/crr: 0.000000000 0.507890152 0.492109848
KQ:/rrc/r: 0.066632111 0.564938391 0.368429499
Q:/c: 0.849433494 0.150566506 0.000000000
Q:/crr: 0.000000000 0.999994114 0.000005886
Q:/r: 0.382400796 0.617566038 0.000033166
QJ:/cc/c: 0.000334540 0.999665460 0.000000000
QJ:/cc/crr: 0.000000000 0.049632209 0.950367791
QJ:/cc/r: 0.000025710 0.000022139 0.999952151
QJ:/crc/c: 0.397888679 0.602111321 0.000000000
QJ:/crc/crr: 0.000000000 0.000725283 0.999274717
QJ:/crc/r: 0.000003924 0.000003924 0.999992152
QJ:/crrc/c: 0.000071303 0.999928697 0.000000000
QJ:/crrc/crr: 0.000000000 0.020638479 0.979361521
QJ:/crrc/r: 0.022175241 0.000001962 0.977822797
QJ:/rc/c: 0.000032881 0.999967119 0.000000000
QJ:/rc/crr: 0.000000000 0.082078025 0.917921975
QJ:/rc/r: 0.015395467 0.000003598 0.984600934
QJ:/rrc/c: 0.000238751 0.999761249 0.000000000
QJ:/rrc/crr: 0.000000000 0.030857941 0.969142059
QJ:/rrc/r: 0.000081962 0.000005811 0.999912227
QK:/cc/c: 0.012245027 0.987754973 0.000000000
QK:/cc/crr: 0.000000000 0.998644024 0.001355976
QK:/cc/r: 0.000100898 0.749609315 0.250289788
QK:/crc/c: 0.370640578 0.629359422 0.000000000
QK:/crc/crr: 0.000000000 0.012639344 0.987360656
QK:/crc/r: 0.002331248 0.448028420 0.549640332
QK:/crrc/c: 0.095065333 0.904934667 0.000000000
QK:/crrc/crr: 0.000000000 0.005425756 0.994574244
QK:/crrc/r: 0.000058312 0.280278521 0.719663167
QK:/rc/c: 0.357860335 0.642139665 0.000000000
QK:/rc/crr: 0.000000000 0.000727595 0.999272405
QK:/rc/r: 0.000009448 0.297270682 0.702719871
QK:/rrc/c: 0.434869800 0.565130200 0.000000000
QK:/rrc/crr: 0.000000000 0.077843953 0.922156047
QK:/rrc/r: 0.000075573 0.505878260 0.494046167
QQ:/cc/c: 0.999966792 0.000033208 0.000000000
QQ:/cc/crr: 0.000000000 0.999983395 0.000016605
QQ:/cc/r: 0.999935749 0.000042112 0.000022139
QQ:/crc/c: 0.999994114 0.000005886 0.000000000
QQ:/crc/crr: 0.000000000 0.999997057 0.000002943
QQ:/crc/r: 0.999910606 0.000085470 0.000003924
QQ:/crrc/c: 0.999997057 0.000002943 0.000000000
QQ:/crrc/crr: 0.000000000 0.999998528 0.000001472
QQ:/crrc/r: 0.999996076 0.000001962 0.000001962
QQ:/rc/c: 0.999994602 0.000005398 0.000000000
QQ:/rc/crr: 0.000000000 0.999997301 0.000002699
QQ:/rc/r: 0.921443569 0.078552833 0.000003598
QQ:/rrc/c: 0.999991283 0.000008717 0.000000000
QQ:/rrc/crr: 0.000000000 0.999995642 0.000004358
QQ:/rrc/r: 0.999961620 0.000032569 0.000005811
