J:/: 0.070970071 0.929029929 0.000000000
J:/cr: 0.018842046 0.034224478 0.946933477
J:/rr: 0.000000000 0.999929548 0.000070452
JJ:/cc/: 0.000246868 0.999753132 0.000000000
JJ:/cc/cr: 0.999996411 0.000001794 0.000001794
JJ:/cc/rr: 0.000000000 0.989099504 0.010900496
JJ:/crc/: 0.964689256 0.035310744 0.000000000
JJ:/crc/cr: 0.999010344 0.000494828 0.000494828
JJ:/crc/rr: 0.000000000 0.999972832 0.000027168
JJ:/crrc/: 0.995568408 0.004431592 0.000000000
JJ:/crrc/cr: 0.985676802 0.007161599 0.007161599
JJ:/crrc/rr: 0.000000000 0.999952182 0.000047818
JJ:/rc/: 0.865494190 0.134505810 0.000000000
JJ:/rc/cr: 0.999650809 0.000174595 0.000174595
JJ:/rc/rr: 0.000000000 0.999959299 0.000040701
JJ:/rrc/: 0.997875055 0.002124945 0.000000000
JJ:/rrc/cr: 0.988947605 0.005526198 0.005526198
JJ:/rrc/rr: 0.000000000 0.999982348 0.000017652
JK:/cc/: 0.078447852 0.921552148 0.000000000
JK:/cc/cr: 0.000217223 0.000001947 0.999780830
JK:/cc/rr: 0.000000000 0.000034303 0.999965697
JK:/crc/: 0.068036550 0.931963450 0.000000000
JK:/crc/cr: 0.053881950 0.000018748 0.946099302
JK:/crc/rr: 0.000000000 0.000385221 0.999614779
JK:/crrc/: 0.999904788 0.000095212 0.000000000
JK:/crrc/cr: 0.333333333 0.333333333 0.333333333
JK:/crrc/rr: 0.000000000 0.000047610 0.999952390
JK:/rc/: 0.996874255 0.003125745 0.000000000
JK:/rc/cr: 0.984973773 0.007513114 0.007513114
JK:/rc/rr: 0.000000000 0.000035337 0.999964663
JK:/rrc/: 0.547217357 0.452782643 0.000000000
JK:/rrc/cr: 0.933604620 0.000025935 0.066369445
JK:/rrc/rr: 0.000000000 0.000032189 0.999967811
JQ:/cc/: 0.179679180 0.820320820 0.000000000
JQ:/cc/cr: 0.000004890 0.000002187 0.999992923
JQ:/cc/rr: 0.000000000 0.000014977 0.999985023
JQ:/crc/: 0.994091180 0.005908820 0.000000000
JQ:/crc/cr: 0.071749892 0.002957060 0.925293048
JQ:/crc/rr: 0.000000000 0.000026365 0.999973635
JQ:/crrc/: 0.037526534 0.962473466 0.000000000
JQ:/crrc/cr: 0.120406935 0.000032975 0.879560090
JQ:/crrc/rr: 0.000000000 0.001268594 0.998731406
JQ:/rc/: 0.994170523 0.005829477 0.000000000
JQ:/rc/cr: 0.077122809 0.004028505 0.918848686
JQ:/rc/rr: 0.000000000 0.000035433 0.999964567
JQ:/rrc/: 0.118525198 0.881474802 0.000000000
JQ:/rrc/cr: 0.003973357 0.000013322 0.996013321
JQ:/rrc/rr: 0.000000000 0.000148612 0.999851388
K:/: 0.748043198 0.251956802 0.000000000
K:/cr: 0.703416856 0.296569914 0.000013230
K:/rr: 0.000000000 0.999993316 0.000006684
KJ:/cc/: 0.000051836 0.999948164 0.000000000
KJ:/cc/cr: 0.000047519 0.000009314 0.999943167
KJ:/cc/rr: 0.000000000 0.808580718 0.191419282
KJ:/crc/: 0.000054258 0.999945742 0.000000000
KJ:/crc/cr: 0.000195962 0.999796603 0.000007435
KJ:/crc/rr: 0.000000000 0.794457996 0.205542004
KJ:/crrc/: 0.086600762 0.913399238 0.000000000
KJ:/crrc/cr: 0.000120814 0.998156508 0.001722677
KJ:/crrc/rr: 0.000000000 0.757195515 0.242804485
KJ:/rc/: 0.058722010 0.941277990 0.000000000
KJ:/rc/cr: 0.012277995 0.952089080 0.035632926
KJ:/rc/rr: 0.000000000 0.283429868 0.716570132
KJ:/rrc/: 0.076450925 0.923549075 0.000000000
KJ:/rrc/cr: 0.000167614 0.997950110 0.001882276
KJ:/rrc/rr: 0.000000000 0.529052847 0.470947153
KK:/cc/: 0.988060129 0.011939871 0.000000000
KK:/cc/cr: 0.998891966 0.000554017 0.000554017
KK:/cc/rr: 0.000000000 0.999989958 0.000010042
KK:/crc/: 0.161342522 0.838657478 0.000000000
KK:/crc/cr: 0.999982270 0.000008865 0.000008865
KK:/crc/rr: 0.000000000 0.999930878 0.000069122
KK:/crrc/: 0.993202016 0.006797984 0.000000000
KK:/crrc/cr: 0.999077772 0.000461114 0.000461114
KK:/crrc/rr: 0.000000000 0.999995266 0.000004734
KK:/rc/: 0.806763827 0.193236173 0.000000000
KK:/rc/cr: 0.999976940 0.000011530 0.000011530
KK:/rc/rr: 0.000000000 0.999995857 0.000004143
KK:/rrc/: 0.507752178 0.492247822 0.000000000
KK:/rrc/cr: 0.999995474 0.000002263 0.000002263
KK:/rrc/rr: 0.000000000 0.999996709 0.000003291
KQ:/cc/: 0.000245720 0.999754280 0.000000000
KQ:/cc/cr: 0.000042795 0.415302628 0.584654577
KQ:/cc/rr: 0.000000000 0.959619370 0.040380630
KQ:/crc/: 0.904585343 0.095414657 0.000000000
KQ:/crc/cr: 0.000456315 0.496434783 0.503108902
KQ:/crc/rr: 0.000000000 0.000042609 0.999957391
KQ:/crrc/: 0.015402844 0.984597156 0.000000000
KQ:/crrc/cr: 0.034326256 0.690316152 0.275357592
KQ:/crrc/rr: 0.000000000 0.158438136 0.841561864
KQ:/rc/: 0.000374005 0.999625995 0.000000000
KQ:/rc/cr: 0.000036747 0.475471866 0.524491386
KQ:/rc/rr: 0.000000000 0.107235221 0.892764779
KQ:/rrc/: 0.707943102 0.292056898 0.000000000
KQ:/rrc/cr: 0.039860320 0.809381154 0.150758526
KQ:/rrc/rr: 0.000000000 0.393566054 0.606433946
Q:/: 0.744803087 0.255196913 0.000000000
Q:/cr: 0.170829040 0.828611807 0.000559153
Q:/rr: 0.000000000 0.999993287 0.000006713
QJ:/cc/: 0.000019593 0.999980407 0.000000000
QJ:/cc/cr: 0.000006531 0.000006531 0.999986938
QJ:/cc/rr: 0.000000000 0.500000000 0.500000000
QJ:/crc/: 0.029201924 0.970798076 0.000000000
QJ:/crc/cr: 0.004290427 0.000002706 0.995706867
QJ:/crc/rr: 0.000000000 0.000134952 0.999865048
QJ:/crrc/: 0.023879906 0.976120094 0.000000000
QJ:/crrc/cr: 0.000167183 0.000013055 0.999819762
QJ:/crrc/rr: 0.000000000 0.000800477 0.999199523
QJ:/rc/: 0.007764393 0.992235607 0.000000000
QJ:/rc/cr: 0.000005185 0.000002255 0.999992560
QJ:/rc/rr: 0.000000000 0.000432306 0.999567694
QJ:/rrc/: 0.000003357 0.999996643 0.000000000
QJ:/rrc/cr: 0.000001119 0.000001119 0.999997762
QJ:/rrc/rr: 0.000000000 0.500000000 0.500000000
QK:/cc/: 0.517168086 0.482831914 0.000000000
QK:/cc/cr: 0.101435347 0.898511674 0.000052978
QK:/cc/rr: 0.000000000 0.167459094 0.832540906
QK:/crc/: 0.001731477 0.998268523 0.000000000
QK:/crc/cr: 0.000002632 0.554331057 0.445666311
QK:/crc/rr: 0.000000000 0.002276016 0.997723984
QK:/crrc/: 0.953199446 0.046800554 0.000000000
QK:/crrc/cr: 0.000739855 0.523049440 0.476210706
QK:/crrc/rr: 0.000000000 0.000608076 0.999391924
QK:/rc/: 0.436020660 0.563979340 0.000000000
QK:/rc/cr: 0.000004819 0.537809044 0.462186137
QK:/rc/rr: 0.000000000 0.204177713 0.795822287
QK:/rrc/: 0.116915362 0.883084638 0.000000000
QK:/rrc/cr: 0.000001267 0.296487742 0.703510991
QK:/rrc/rr: 0.000000000 0.000409037 0.999590963
QQ:/cc/: 0.491984395 0.508015605 0.000000000
QQ:/cc/cr: 0.999974289 0.000012856 0.000012856
QQ:/cc/rr: 0.000000000 0.999980088 0.000019912
QQ:/crc/: 0.987814742 0.012185258 0.000000000
QQ:/crc/cr: 0.999568783 0.000215609 0.000215609
QQ:/crc/rr: 0.000000000 0.999996011 0.000003989
QQ:/crrc/: 0.217723733 0.782276267 0.000000000
QQ:/crrc/cr: 0.999967419 0.000016290 0.000016290
QQ:/crrc/rr: 0.000000000 0.999912204 0.000087796
QQ:/rc/: 0.482301838 0.517698162 0.000000000
QQ:/rc/cr: 0.999990005 0.000005673 0.000004322
QQ:/rc/rr: 0.000000000 0.999993040 0.000006960
QQ:/rrc/: 0.970851852 0.029148148 0.000000000
QQ:/rrc/cr: 0.999923229 0.000038386 0.000038386
QQ:/rrc/rr: 0.000000000 0.999998271 0.000001729
