J:/: 0.076416337 0.923583663 0.000000000
J:/cr: 0.017842706 0.036524258 0.945633036
J:/rr: 0.000000000 0.999934569 0.000065431
JJ:/cc/: 0.000301029 0.999698971 0.000000000
JJ:/cc/cr: 0.999996390 0.000001805 0.000001805
JJ:/cc/rr: 0.000000000 0.991008019 0.008991981
JJ:/crc/: 0.920813276 0.079186724 0.000000000
JJ:/crc/cr: 0.999584044 0.000207978 0.000207978
JJ:/crc/rr: 0.000000000 0.999973172 0.000026828
JJ:/crrc/: 0.971027062 0.028972938 0.000000000
JJ:/crrc/cr: 0.997672831 0.001163585 0.001163585
JJ:/crrc/rr: 0.000000000 0.999947922 0.000052078
JJ:/rc/: 0.856734529 0.143265471 0.000000000
JJ:/rc/cr: 0.999695525 0.000152237 0.000152237
JJ:/rc/rr: 0.000000000 0.999961814 0.000038186
JJ:/rrc/: 0.999408513 0.000591487 0.000000000
JJ:/rrc/cr: 0.963123855 0.018438072 0.018438072
JJ:/rrc/rr: 0.000000000 0.999983631 0.000016369
JK:/cc/: 0.073943300 0.926056700 0.000000000
JK:/cc/cr: 0.000003118 0.000001949 0.999994934
JK:/cc/rr: 0.000000000 0.000036607 0.999963393
JK:/crc/: 0.047517493 0.952482507 0.000000000
JK:/crc/cr: 0.012918182 0.000017291 0.987064527
JK:/crc/rr: 0.000000000 0.000519885 0.999480115
JK:/crrc/: 0.999898863 0.000101137 0.000000000
JK:/crrc/cr: 0.333333333 0.333333333 0.333333333
JK:/crrc/rr: 0.000000000 0.000050574 0.999949426
JK:/rc/: 0.987462971 0.012537029 0.000000000
JK:/rc/cr: 0.966111998 0.001739674 0.032148328
JK:/rc/rr: 0.000000000 0.000033131 0.999966869
JK:/rrc/: 0.538298059 0.461701941 0.000000000
JK:/rrc/cr: 0.834055266 0.000023621 0.165921113
JK:/rrc/rr: 0.000000000 0.000030390 0.999969610
JQ:/cc/: 0.207053709 0.792946291 0.000000000
JQ:/cc/cr: 0.000004952 0.000002276 0.999992772
JQ:/cc/rr: 0.000000000 0.000013073 0.999986927
JQ:/crc/: 0.994894172 0.005105828 0.000000000
JQ:/crc/cr: 0.003225549 0.003225549 0.993548902
JQ:/crc/rr: 0.000000000 0.000024830 0.999975170
JQ:/crrc/: 0.011268201 0.988731799 0.000000000
JQ:/crrc/cr: 0.078834508 0.000034097 0.921131396
JQ:/crrc/rr: 0.000000000 0.004487735 0.995512265
JQ:/rc/: 0.998701695 0.001298305 0.000000000
JQ:/rc/cr: 0.016799090 0.016799090 0.966401821
JQ:/rc/rr: 0.000000000 0.000032758 0.999967242
JQ:/rrc/: 0.132211270 0.867788730 0.000000000
JQ:/rrc/cr: 0.001472905 0.000012567 0.998514527
JQ:/rrc/rr: 0.000000000 0.000123732 0.999876268
K:/: 0.755271028 0.244728972 0.000000000
K:/cr: 0.664837797 0.335148583 0.000013621
K:/rr: 0.000000000 0.999993380 0.000006620
KJ:/cc/: 0.000040934 0.999959066 0.000000000
KJ:/cc/cr: 0.000050669 0.000016622 0.999932710
KJ:/cc/rr: 0.000000000 0.750440809 0.249559191
KJ:/crc/: 0.000046162 0.999953838 0.000000000
KJ:/crc/cr: 0.000143300 0.999849926 0.000006774
KJ:/crc/rr: 0.000000000 0.779905409 0.220094591
KJ:/crrc/: 0.045846037 0.954153963 0.000000000
KJ:/crrc/cr: 0.001258487 0.994712598 0.004028915
KJ:/crrc/rr: 0.000000000 0.305013298 0.694986702
KJ:/rc/: 0.051448453 0.948551547 0.000000000
KJ:/rc/cr: 0.010712183 0.945429993 0.043857824
KJ:/rc/rr: 0.000000000 0.376688695 0.623311305
KJ:/rrc/: 0.086580566 0.913419434 0.000000000
KJ:/rrc/cr: 0.000409285 0.999589507 0.000001208
KJ:/rrc/rr: 0.000000000 0.561162469 0.438837531
KK:/cc/: 0.999611443 0.000388557 0.000000000
KK:/cc/cr: 0.964945943 0.017527028 0.017527028
KK:/cc/rr: 0.000000000 0.999989781 0.000010219
KK:/crc/: 0.107287717 0.892712283 0.000000000
KK:/crc/cr: 0.999984825 0.000007587 0.000007587
KK:/crc/rr: 0.000000000 0.999905301 0.000094699
KK:/crrc/: 0.987156216 0.012843784 0.000000000
KK:/crrc/cr: 0.999468304 0.000265848 0.000265848
KK:/crrc/rr: 0.000000000 0.999994812 0.000005188
KK:/rc/: 0.826153636 0.173846364 0.000000000
KK:/rc/cr: 0.999974613 0.000012693 0.000012693
KK:/rc/rr: 0.000000000 0.999995993 0.000004007
KK:/rrc/: 0.513216270 0.486783730 0.000000000
KK:/rrc/cr: 0.999995467 0.000002267 0.000002267
KK:/rrc/rr: 0.000000000 0.999996775 0.000003225
KQ:/cc/: 0.000056687 0.999943313 0.000000000
KQ:/cc/cr: 0.000044289 0.423483255 0.576472456
KQ:/cc/rr: 0.000000000 0.819793605 0.180206395
KQ:/crc/: 0.891261311 0.108738689 0.000000000
KQ:/crc/cr: 0.000341069 0.519612093 0.480046838
KQ:/crc/rr: 0.000000000 0.000037667 0.999962333
KQ:/crrc/: 0.016997496 0.983002504 0.000000000
KQ:/crrc/cr: 0.040669530 0.670857794 0.288472676
KQ:/crrc/rr: 0.000000000 0.494837778 0.505162222
KQ:/rc/: 0.000157854 0.999842146 0.000000000
KQ:/rc/cr: 0.000004458 0.491617638 0.508377904
KQ:/rc/rr: 0.000000000 0.510988426 0.489011574
KQ:/rrc/: 0.688754267 0.311245733 0.000000000
KQ:/rrc/cr: 0.022223510 0.885862694 0.091913796
KQ:/rrc/rr: 0.000000000 0.392574574 0.607425426
Q:/: 0.734434793 0.265565207 0.000000000
Q:/cr: 0.140111945 0.858874967 0.001013088
Q:/rr: 0.000000000 0.999993192 0.000006808
QJ:/cc/: 0.000018828 0.999981172 0.000000000
QJ:/cc/cr: 0.000009027 0.000006276 0.999984697
QJ:/cc/rr: 0.000000000 0.500000000 0.500000000
QJ:/crc/: 0.027676222 0.972323778 0.000000000
QJ:/crc/cr: 0.001245368 0.000002505 0.998752127
QJ:/crc/rr: 0.000000000 0.000132011 0.999867989
QJ:/crrc/: 0.035845977 0.964154023 0.000000000
QJ:/crrc/cr: 0.000193489 0.000015486 0.999791025
QJ:/crrc/rr: 0.000000000 0.000624787 0.999375213
QJ:/rc/: 0.009787313 0.990212687 0.000000000
QJ:/rc/cr: 0.000002949 0.000002292 0.999994759
QJ:/rc/rr: 0.000000000 0.000347795 0.999652205
QJ:/rrc/: 0.000003404 0.999996596 0.000000000
QJ:/rrc/cr: 0.000001135 0.000001135 0.999997731
QJ:/rrc/rr: 0.000000000 0.500000000 0.500000000
QK:/cc/: 0.470235034 0.529764966 0.000000000
QK:/cc/cr: 0.001151010 0.996807715 0.002041275
QK:/cc/rr: 0.000000000 0.092337160 0.907662840
QK:/crc/: 0.000007307 0.999992693 0.000000000
QK:/crc/cr: 0.000002436 0.552675176 0.447322388
QK:/crc/rr: 0.000000000 0.500000000 0.500000000
QK:/crrc/: 0.940738913 0.059261087 0.000000000
QK:/crrc/cr: 0.000694365 0.611702015 0.387603620
QK:/crrc/rr: 0.000000000 0.000688407 0.999311593
QK:/rc/: 0.447160131 0.552839869 0.000000000
QK:/rc/cr: 0.009051391 0.521163374 0.469785235
QK:/rc/rr: 0.000000000 0.201540869 0.798459131
QK:/rrc/: 0.113138286 0.886861714 0.000000000
QK:/rrc/cr: 0.000001279 0.298895947 0.701102773
QK:/rrc/rr: 0.000000000 0.000431944 0.999568056
QQ:/cc/: 0.553699490 0.446300510 0.000000000
QQ:/cc/cr: 0.999971876 0.000014062 0.000014062
QQ:/cc/rr: 0.000000000 0.999982998 0.000017002
QQ:/crc/: 0.981674287 0.018325713 0.000000000
QQ:/crc/cr: 0.999734175 0.000132912 0.000132912
QQ:/crc/rr: 0.000000000 0.999996278 0.000003722
QQ:/crrc/: 0.139856387 0.860143613 0.000000000
QQ:/crrc/cr: 0.999965283 0.000017358 0.000017358
QQ:/crrc/rr: 0.000000000 0.999839864 0.000160136
QQ:/rc/: 0.528263571 0.471736429 0.000000000
QQ:/rc/cr: 0.999990379 0.000004811 0.000004811
QQ:/rc/rr: 0.000000000 0.999993556 0.000006444
QQ:/rrc/: 0.982111075 0.017888925 0.000000000
QQ:/rrc/cr: 0.999873143 0.000063428 0.000063428
QQ:/rrc/rr: 0.000000000 0.999998267 0.000001733
