J:/: 0.073092281 0.926907719 0.000000000
J:/cr: 0.018468384 0.033219219 0.948312396
J:/rr: 0.000000000 0.999931593 0.000068407
JJ:/cc/: 0.000248642 0.999751358 0.000000000
JJ:/cc/cr: 0.999996403 0.000001799 0.000001799
JJ:/cc/rr: 0.000000000 0.989152508 0.010847492
JJ:/crc/: 0.958733614 0.041266386 0.000000000
JJ:/crc/cr: 0.999125550 0.000437225 0.000437225
JJ:/crc/rr: 0.000000000 0.999971771 0.000028229
JJ:/crrc/: 0.979501181 0.020498819 0.000000000
JJ:/crrc/cr: 0.996833618 0.001583191 0.001583191
JJ:/crrc/rr: 0.000000000 0.999950301 0.000049699
JJ:/rc/: 0.928842479 0.071157521 0.000000000
JJ:/rc/cr: 0.999359106 0.000320447 0.000320447
JJ:/rc/rr: 0.000000000 0.999963176 0.000036824
JJ:/rrc/: 0.995810886 0.004189114 0.000000000
JJ:/rrc/cr: 0.994556418 0.002721791 0.002721791
JJ:/rrc/rr: 0.000000000 0.999982825 0.000017175
JK:/cc/: 0.077540606 0.922459394 0.000000000
JK:/cc/cr: 0.000001949 0.000001949 0.999996102
JK:/cc/rr: 0.000000000 0.000034784 0.999965216
JK:/crc/: 0.051577849 0.948422151 0.000000000
JK:/crc/cr: 0.029375161 0.000019024 0.970605815
JK:/crc/rr: 0.000000000 0.000524722 0.999475278
JK:/crrc/: 0.999902639 0.000097361 0.000000000
JK:/crrc/cr: 0.333333333 0.333333333 0.333333333
JK:/crrc/rr: 0.000000000 0.000048685 0.999951315
JK:/rc/: 0.993808473 0.006191527 0.000000000
JK:/rc/cr: 0.992634378 0.003682811 0.003682811
JK:/rc/rr: 0.000000000 0.000034416 0.999965584
JK:/rrc/: 0.530954397 0.469045603 0.000000000
JK:/rrc/cr: 0.859532629 0.000024309 0.140443062
JK:/rrc/rr: 0.000000000 0.000032212 0.999967788
JQ:/cc/: 0.177298269 0.822701731 0.000000000
JQ:/cc/cr: 0.000002186 0.000002186 0.999995629
JQ:/cc/rr: 0.000000000 0.000015212 0.999984788
JQ:/crc/: 0.992766104 0.007233896 0.000000000
JQ:/crc/cr: 0.157827212 0.002494189 0.839678599
JQ:/crc/rr: 0.000000000 0.000027261 0.999972739
JQ:/crrc/: 0.037227013 0.962772987 0.000000000
JQ:/crrc/cr: 0.183509407 0.000033708 0.816456885
JQ:/crrc/rr: 0.000000000 0.001307661 0.998692339
JQ:/rc/: 0.998276030 0.001723970 0.000000000
JQ:/rc/cr: 0.013226580 0.013226580 0.973546839
JQ:/rc/rr: 0.000000000 0.000034262 0.999965738
JQ:/rrc/: 0.194429754 0.805570246 0.000000000
JQ:/rrc/cr: 0.000014154 0.000014154 0.999971692
JQ:/rrc/rr: 0.000000000 0.000087964 0.999912036
K:/: 0.755998751 0.244001249 0.000000000
K:/cr: 0.703478119 0.296508220 0.000013661
K:/rr: 0.000000000 0.999993386 0.000006614
KJ:/cc/: 0.000047834 0.999952166 0.000000000
KJ:/cc/cr: 0.000048729 0.000010926 0.999940345
KJ:/cc/rr: 0.000000000 0.785804327 0.214195673
KJ:/crc/: 0.000053084 0.999946916 0.000000000
KJ:/crc/cr: 0.000033761 0.999958559 0.000007679
KJ:/crc/rr: 0.000000000 0.783018522 0.216981478
KJ:/crrc/: 0.061324366 0.938675634 0.000000000
KJ:/crrc/cr: 0.002153277 0.996134518 0.001712205
KJ:/crrc/rr: 0.000000000 0.522150699 0.477849301
KJ:/rc/: 0.072621374 0.927378626 0.000000000
KJ:/rc/cr: 0.005641591 0.973238220 0.021120189
KJ:/rc/rr: 0.000000000 0.314017623 0.685982377
KJ:/rrc/: 0.078005981 0.921994019 0.000000000
KJ:/rrc/cr: 0.000202973 0.999526663 0.000270364
KJ:/rrc/rr: 0.000000000 0.479000622 0.520999378
KK:/cc/: 0.999704622 0.000295378 0.000000000
KK:/cc/cr: 0.953750365 0.023124818 0.023124818
KK:/cc/rr: 0.000000000 0.999989751 0.000010249
KK:/crc/: 0.128349018 0.871650982 0.000000000
KK:/crc/cr: 0.999982381 0.000008810 0.000008810
KK:/crc/rr: 0.000000000 0.999910258 0.000089742
KK:/crrc/: 0.992781490 0.007218510 0.000000000
KK:/crrc/cr: 0.999103258 0.000448371 0.000448371
KK:/crrc/rr: 0.000000000 0.999995110 0.000004890
KK:/rc/: 0.825875458 0.174124542 0.000000000
KK:/rc/cr: 0.999974678 0.000012661 0.000012661
KK:/rc/rr: 0.000000000 0.999995996 0.000004004
KK:/rrc/: 0.503168208 0.496831792 0.000000000
KK:/rrc/cr: 0.999995563 0.000002219 0.000002219
KK:/rrc/rr: 0.000000000 0.999996714 0.000003286
KQ:/cc/: 0.000054156 0.999945844 0.000000000
KQ:/cc/cr: 0.000042022 0.439872421 0.560085557
KQ:/cc/rr: 0.000000000 0.810809244 0.189190756
KQ:/crc/: 0.909460580 0.090539420 0.000000000
KQ:/crc/cr: 0.000467867 0.663045667 0.336486466
KQ:/crc/rr: 0.000000000 0.000042859 0.999957141
KQ:/crrc/: 0.004727517 0.995272483 0.000000000
KQ:/crrc/cr: 0.009892962 0.686585172 0.303521866
KQ:/crrc/rr: 0.000000000 0.419074544 0.580925456
KQ:/rc/: 0.000261508 0.999738492 0.000000000
KQ:/rc/cr: 0.000002516 0.485877824 0.514119660
KQ:/rc/rr: 0.000000000 0.252062954 0.747937046
KQ:/rrc/: 0.668742031 0.331257969 0.000000000
KQ:/rrc/cr: 0.040694599 0.834729664 0.124575738
KQ:/rrc/rr: 0.000000000 0.389072918 0.610927082
Q:/: 0.751385000 0.248615000 0.000000000
Q:/cr: 0.177854367 0.821875633 0.000269999
Q:/rr: 0.000000000 0.999993346 0.000006654
QJ:/cc/: 0.000020111 0.999979889 0.000000000
QJ:/cc/cr: 0.000006704 0.000006704 0.999986592
QJ:/cc/rr: 0.000000000 0.500000000 0.500000000
QJ:/crc/: 0.029055703 0.970944297 0.000000000
QJ:/crc/cr: 0.002104498 0.000002800 0.997892701
QJ:/crc/rr: 0.000000000 0.000140363 0.999859637
QJ:/crrc/: 0.012617857 0.987382143 0.000000000
QJ:/crrc/cr: 0.000043995 0.000012725 0.999943280
QJ:/crrc/rr: 0.000000000 0.001493624 0.998506376
QJ:/rc/: 0.006676596 0.993323404 0.000000000
QJ:/rc/cr: 0.000004109 0.000002233 0.999993658
QJ:/rc/rr: 0.000000000 0.000498336 0.999501664
QJ:/rrc/: 0.000003327 0.999996673 0.000000000
QJ:/rrc/cr: 0.000001109 0.000001109 0.999997782
QJ:/rrc/rr: 0.000000000 0.500000000 0.500000000
QK:/cc/: 0.475892754 0.524107246 0.000000000
QK:/cc/cr: 0.034208753 0.965760094 0.000031153
QK:/cc/rr: 0.000000000 0.999978870 0.000021130
QK:/crc/: 0.012744753 0.987255247 0.000000000
QK:/crc/cr: 0.000003272 0.555466930 0.444529798
QK:/crc/rr: 0.000000000 0.000416388 0.999583612
QK:/crrc/: 0.905476613 0.094523387 0.000000000
QK:/crrc/cr: 0.000251821 0.659097246 0.340650933
QK:/crrc/rr: 0.000000000 0.000565278 0.999434722
QK:/rc/: 0.453725009 0.546274991 0.000000000
QK:/rc/cr: 0.012031758 0.515790702 0.472177540
QK:/rc/rr: 0.000000000 0.206967781 0.793032219
QK:/rrc/: 0.116136015 0.883863985 0.000000000
QK:/rrc/cr: 0.000001464 0.299498515 0.700500020
QK:/rrc/rr: 0.000000000 0.000272299 0.999727701
QQ:/cc/: 0.520861971 0.479138029 0.000000000
QQ:/cc/cr: 0.999972017 0.000013991 0.000013991
QQ:/cc/rr: 0.000000000 0.999980694 0.000019306
QQ:/crc/: 0.992390655 0.007609345 0.000000000
QQ:/crc/cr: 0.999285377 0.000357311 0.000357311
QQ:/crc/rr: 0.000000000 0.999995890 0.000004110
QQ:/crrc/: 0.135235081 0.864764919 0.000000000
QQ:/crrc/cr: 0.999970942 0.000014529 0.000014529
QQ:/crrc/rr: 0.000000000 0.999860640 0.000139360
QQ:/rc/: 0.484010509 0.515989491 0.000000000
QQ:/rc/cr: 0.999988653 0.000007048 0.000004299
QQ:/rc/rr: 0.000000000 0.999993126 0.000006874
QQ:/rrc/: 0.974600640 0.025399360 0.000000000
QQ:/rrc/cr: 0.999912669 0.000043665 0.000043665
QQ:/rrc/rr: 0.000000000 0.999998293 0.000001707
