J:/: 0.075799954 0.924200046 0.000000000
J:/cr: 0.018958808 0.032920619 0.948120574
J:/rr: 0.000000000 0.999934037 0.000065963
JJ:/cc/: 0.000122162 0.999877838 0.000000000
JJ:/cc/cr: 0.999993524 0.000004672 0.000001804
JJ:/cc/rr: 0.000000000 0.977856943 0.022143057
JJ:/crc/: 0.937738096 0.062261904 0.000000000
JJ:/crc/cr: 0.999413455 0.000293272 0.000293272
JJ:/crc/rr: 0.000000000 0.999970792 0.000029208
JJ:/crrc/: 0.999280800 0.000719200 0.000000000
JJ:/crrc/cr: 0.911828002 0.044085999 0.044085999
JJ:/crrc/rr: 0.000000000 0.999952406 0.000047594
JJ:/rc/: 0.886850848 0.113149152 0.000000000
JJ:/rc/cr: 0.999611350 0.000194325 0.000194325
JJ:/rc/rr: 0.000000000 0.999962810 0.000037190
JJ:/rrc/: 0.997356045 0.002643955 0.000000000
JJ:/rrc/cr: 0.991683235 0.004158383 0.004158383
JJ:/rrc/rr: 0.000000000 0.999983464 0.000016536
JK:/cc/: 0.076537017 0.923462983 0.000000000
JK:/cc/cr: 0.000001953 0.000001953 0.999996094
JK:/cc/rr: 0.000000000 0.000035343 0.999964657
JK:/crc/: 0.041475389 0.958524611 0.000000000
JK:/crc/cr: 0.024745477 0.000019050 0.975235473
JK:/crc/rr: 0.000000000 0.000660381 0.999339619
JK:/crrc/: 0.999904880 0.000095120 0.000000000
JK:/crrc/cr: 0.333333333 0.333333333 0.333333333
JK:/crrc/rr: 0.000000000 0.000047565 0.999952435
JK:/rc/: 0.989200305 0.010799695 0.000000000
JK:/rc/cr: 0.995928089 0.002035956 0.002035956
JK:/rc/rr: 0.000000000 0.000033342 0.999966658
JK:/rrc/: 0.542162514 0.457837486 0.000000000
JK:/rrc/cr: 0.919681045 0.000024014 0.080294941
JK:/rrc/rr: 0.000000000 0.000030419 0.999969581
JQ:/cc/: 0.163599007 0.836400993 0.000000000
JQ:/cc/cr: 0.000002156 0.000002156 0.999995688
JQ:/cc/rr: 0.000000000 0.000016535 0.999983465
JQ:/crc/: 0.993232695 0.006767305 0.000000000
JQ:/crc/cr: 0.213505629 0.002698223 0.783796148
JQ:/crc/rr: 0.000000000 0.000027576 0.999972424
JQ:/crrc/: 0.019511641 0.980488359 0.000000000
JQ:/crrc/cr: 0.200508914 0.000032338 0.799458748
JQ:/crrc/rr: 0.000000000 0.002437519 0.997562481
JQ:/rc/: 0.999055831 0.000944169 0.000000000
JQ:/rc/cr: 0.023287892 0.023287892 0.953424217
JQ:/rc/rr: 0.000000000 0.000033013 0.999966987
JQ:/rrc/: 0.202278525 0.797721475 0.000000000
JQ:/rrc/cr: 0.000013782 0.000013782 0.999972435
JQ:/rrc/rr: 0.000000000 0.000081530 0.999918470
K:/: 0.755044226 0.244955774 0.000000000
K:/cr: 0.708192498 0.291793894 0.000013608
K:/rr: 0.000000000 0.999993378 0.000006622
KJ:/cc/: 0.000020412 0.999979588 0.000000000
KJ:/cc/cr: 0.000006804 0.000006804 0.999986392
KJ:/cc/rr: 0.000000000 0.500000000 0.500000000
KJ:/crc/: 0.000123197 0.999876803 0.000000000
KJ:/crc/cr: 0.000007774 0.999984453 0.000007774
KJ:/crc/rr: 0.000000000 0.905364139 0.094635861
KJ:/crrc/: 0.024157386 0.975842614 0.000000000
KJ:/crrc/cr: 0.000347440 0.999649278 0.000003282
KJ:/crrc/rr: 0.000000000 0.200690727 0.799309273
KJ:/rc/: 0.032345691 0.967654309 0.000000000
KJ:/rc/cr: 0.005699897 0.975101241 0.019198862
KJ:/rc/rr: 0.000000000 0.059877718 0.940122282
KJ:/rrc/: 0.083094322 0.916905678 0.000000000
KJ:/rrc/cr: 0.000017251 0.999912173 0.000070576
KJ:/rrc/rr: 0.000000000 0.585137209 0.414862791
KK:/cc/: 0.999438554 0.000561446 0.000000000
KK:/cc/cr: 0.975762759 0.012118620 0.012118620
KK:/cc/rr: 0.000000000 0.999989788 0.000010212
KK:/crc/: 0.104897669 0.895102331 0.000000000
KK:/crc/cr: 0.999982633 0.000008683 0.000008683
KK:/crc/rr: 0.000000000 0.999888855 0.000111145
KK:/crrc/: 0.989048028 0.010951972 0.000000000
KK:/crrc/cr: 0.999415175 0.000292413 0.000292413
KK:/crrc/rr: 0.000000000 0.999995143 0.000004857
KK:/rc/: 0.824938577 0.175061423 0.000000000
KK:/rc/cr: 0.999974782 0.000012609 0.000012609
KK:/rc/rr: 0.000000000 0.999995986 0.000004014
KK:/rrc/: 0.523701231 0.476298769 0.000000000
KK:/rrc/cr: 0.999995366 0.000002317 0.000002317
KK:/rrc/rr: 0.000000000 0.999996839 0.000003161
KQ:/cc/: 0.000085869 0.999914131 0.000000000
KQ:/cc/cr: 0.000006805 0.433000910 0.566992285
KQ:/cc/rr: 0.000000000 0.881144981 0.118855019
KQ:/crc/: 0.883545173 0.116454827 0.000000000
KQ:/crc/cr: 0.000066743 0.476377862 0.523555395
KQ:/crc/rr: 0.000000000 0.000059892 0.999940108
KQ:/crrc/: 0.008410307 0.991589693 0.000000000
KQ:/crrc/cr: 0.004444898 0.705217869 0.290337233
KQ:/crrc/rr: 0.000000000 0.013423162 0.986576838
KQ:/rc/: 0.000044616 0.999955384 0.000000000
KQ:/rc/cr: 0.000012645 0.477154394 0.522832961
KQ:/rc/rr: 0.000000000 0.925786890 0.074213110
KQ:/rrc/: 0.680904367 0.319095633 0.000000000
KQ:/rrc/cr: 0.023030582 0.898043676 0.078925742
KQ:/rrc/rr: 0.000000000 0.381919129 0.618080871
Q:/: 0.756159477 0.243840523 0.000000000
Q:/cr: 0.173979793 0.825623692 0.000396514
Q:/rr: 0.000000000 0.999993388 0.000006612
QJ:/cc/: 0.000020505 0.999979495 0.000000000
QJ:/cc/cr: 0.000006835 0.000006835 0.999986330
QJ:/cc/rr: 0.000000000 0.500000000 0.500000000
QJ:/crc/: 0.028691044 0.971308956 0.000000000
QJ:/crc/cr: 0.002200878 0.000002841 0.997796281
QJ:/crc/rr: 0.000000000 0.000144273 0.999855727
QJ:/crrc/: 0.042581606 0.957418394 0.000000000
QJ:/crrc/cr: 0.000013678 0.000013678 0.999972644
QJ:/crrc/rr: 0.000000000 0.000461309 0.999538691
QJ:/rc/: 0.012523038 0.987476962 0.000000000
QJ:/rc/cr: 0.000002232 0.000002232 0.999995536
QJ:/rc/rr: 0.000000000 0.000264008 0.999735992
QJ:/rrc/: 0.000003306 0.999996694 0.000000000
QJ:/rrc/cr: 0.000001102 0.000001102 0.999997796
QJ:/rrc/rr: 0.000000000 0.500000000 0.500000000
QK:/cc/: 0.459522574 0.540477426 0.000000000
QK:/cc/cr: 0.401526619 0.598460057 0.000013323
QK:/cc/rr: 0.000000000 0.999977689 0.000022311
QK:/crc/: 0.002821841 0.997178159 0.000000000
QK:/crc/cr: 0.000005493 0.556209225 0.443785281
QK:/crc/rr: 0.000000000 0.001708858 0.998291142
QK:/crrc/: 0.953269384 0.046730616 0.000000000
QK:/crrc/cr: 0.000280234 0.547035243 0.452684523
QK:/crrc/rr: 0.000000000 0.000584946 0.999415054
QK:/rc/: 0.435096386 0.564903614 0.000000000
QK:/rc/cr: 0.011815143 0.531595439 0.456589418
QK:/rc/rr: 0.000000000 0.208622610 0.791377390
QK:/rrc/: 0.116209086 0.883790914 0.000000000
QK:/rrc/cr: 0.000008120 0.302375832 0.697616049
QK:/rrc/rr: 0.000000000 0.000016976 0.999983024
QQ:/cc/: 0.489729687 0.510270313 0.000000000
QQ:/cc/cr: 0.999973210 0.000013395 0.000013395
QQ:/cc/rr: 0.000000000 0.999979065 0.000020935
QQ:/crc/: 0.986362530 0.013637470 0.000000000
QQ:/crc/cr: 0.999595298 0.000202351 0.000202351
QQ:/crc/rr: 0.000000000 0.999995803 0.000004197
QQ:/crrc/: 0.110959534 0.889040466 0.000000000
QQ:/crrc/cr: 0.999969379 0.000015891 0.000014730
QQ:/crrc/rr: 0.000000000 0.999822969 0.000177031
QQ:/rc/: 0.502033766 0.497966234 0.000000000
QQ:/rc/cr: 0.999991148 0.000004426 0.000004426
QQ:/rc/rr: 0.000000000 0.999993414 0.000006586
QQ:/rrc/: 0.984468234 0.015531766 0.000000000
QQ:/rrc/cr: 0.999858089 0.000070956 0.000070956
QQ:/rrc/rr: 0.000000000 0.999998321 0.000001679
