J:/: 0.073439629 0.926560371 0.000000000
J:/cr: 0.019046695 0.034386066 0.946567239
J:/rr: 0.000000000 0.999931917 0.000068083
JJ:/cc/: 0.000268050 0.999731950 0.000000000
JJ:/cc/cr: 0.999996402 0.000001799 0.000001799
JJ:/cc/rr: 0.000000000 0.989934148 0.010065852
JJ:/crc/: 0.884309639 0.115690361 0.000000000
JJ:/crc/cr: 0.999698558 0.000150721 0.000150721
JJ:/crc/rr: 0.000000000 0.999970423 0.000029577
JJ:/crrc/: 0.967563464 0.032436536 0.000000000
JJ:/crrc/cr: 0.998058982 0.000970509 0.000970509
JJ:/crrc/rr: 0.000000000 0.999951197 0.000048803
JJ:/rc/: 0.898911407 0.101088593 0.000000000
JJ:/rc/cr: 0.999551000 0.000224500 0.000224500
JJ:/rc/rr: 0.000000000 0.999962130 0.000037870
JJ:/rrc/: 0.999840536 0.000159464 0.000000000
JJ:/rrc/cr: 0.857673899 0.071163051 0.071163051
JJ:/rrc/rr: 0.000000000 0.999982975 0.000017025
JK:/cc/: 0.080114608 0.919885392 0.000000000
JK:/cc/cr: 0.000001955 0.000001955 0.999996089
JK:/cc/rr: 0.000000000 0.000033679 0.999966321
JK:/crc/: 0.032210881 0.967789119 0.000000000
JK:/crc/cr: 0.008168898 0.000018017 0.991813085
JK:/crc/rr: 0.000000000 0.000812007 0.999187993
JK:/crrc/: 0.999905560 0.000094440 0.000000000
JK:/crrc/cr: 0.333333333 0.333333333 0.333333333
JK:/crrc/rr: 0.000000000 0.000047224 0.999952776
JK:/rc/: 0.994460461 0.005539539 0.000000000
JK:/rc/cr: 0.991806402 0.004096799 0.004096799
JK:/rc/rr: 0.000000000 0.000034231 0.999965769
JK:/rrc/: 0.551297490 0.448702510 0.000000000
JK:/rrc/cr: 0.957458340 0.000025291 0.042516369
JK:/rrc/rr: 0.000000000 0.000030876 0.999969124
JQ:/cc/: 0.169775586 0.830224414 0.000000000
JQ:/cc/cr: 0.000002167 0.000002167 0.999995667
JQ:/cc/rr: 0.000000000 0.000015892 0.999984108
JQ:/crc/: 0.994659475 0.005340525 0.000000000
JQ:/crc/cr: 0.006140329 0.003265031 0.990594640
JQ:/crc/rr: 0.000000000 0.000026296 0.999973704
JQ:/crrc/: 0.020729156 0.979270844 0.000000000
JQ:/crrc/cr: 0.178663914 0.000032146 0.821303940
JQ:/crrc/rr: 0.000000000 0.002277948 0.997722052
JQ:/rc/: 0.997217111 0.002782889 0.000000000
JQ:/rc/cr: 0.008154970 0.008154970 0.983690060
JQ:/rc/rr: 0.000000000 0.000034137 0.999965863
JQ:/rrc/: 0.124742475 0.875257525 0.000000000
JQ:/rrc/cr: 0.000053681 0.000012965 0.999933354
JQ:/rrc/rr: 0.000000000 0.000136457 0.999863543
K:/: 0.750627338 0.249372662 0.000000000
K:/cr: 0.710865515 0.289121118 0.000013367
K:/rr: 0.000000000 0.999993339 0.000006661
KJ:/cc/: 0.000045833 0.999954167 0.000000000
KJ:/cc/cr: 0.000047792 0.000010927 0.999941281
KJ:/cc/rr: 0.000000000 0.781267889 0.218732111
KJ:/crc/: 0.000053418 0.999946582 0.000000000
KJ:/crc/cr: 0.000084523 0.999907772 0.000007706
KJ:/crc/rr: 0.000000000 0.783629283 0.216370717
KJ:/crrc/: 0.075356484 0.924643516 0.000000000
KJ:/crrc/cr: 0.000173660 0.998369718 0.001456622
KJ:/crrc/rr: 0.000000000 0.521060049 0.478939951
KJ:/rc/: 0.055773936 0.944226064 0.000000000
KJ:/rc/cr: 0.009712416 0.963957145 0.026330438
KJ:/rc/rr: 0.000000000 0.259594650 0.740405350
KJ:/rrc/: 0.091668676 0.908331324 0.000000000
KJ:/rrc/cr: 0.000024063 0.999974714 0.000001222
KJ:/rrc/rr: 0.000000000 0.584760378 0.415239622
KK:/cc/: 0.999635775 0.000364225 0.000000000
KK:/cc/cr: 0.963300504 0.018349748 0.018349748
KK:/cc/rr: 0.000000000 0.999989971 0.000010029
KK:/crc/: 0.088625514 0.911374486 0.000000000
KK:/crc/cr: 0.999983090 0.000008455 0.000008455
KK:/crc/rr: 0.000000000 0.999869584 0.000130416
KK:/crrc/: 0.989252893 0.010747107 0.000000000
KK:/crrc/cr: 0.999416784 0.000291608 0.000291608
KK:/crrc/rr: 0.000000000 0.999995248 0.000004752
KK:/rc/: 0.816834647 0.183165353 0.000000000
KK:/rc/cr: 0.999975756 0.000012122 0.000012122
KK:/rc/rr: 0.000000000 0.999995923 0.000004077
KK:/rrc/: 0.535183030 0.464816970 0.000000000
KK:/rrc/cr: 0.999995223 0.000002388 0.000002388
KK:/rrc/rr: 0.000000000 0.999996888 0.000003112
KQ:/cc/: 0.000053369 0.999946631 0.000000000
KQ:/cc/cr: 0.000041291 0.437089478 0.562869230
KQ:/cc/rr: 0.000000000 0.812154655 0.187845345
KQ:/crc/: 0.885039288 0.114960712 0.000000000
KQ:/crc/cr: 0.000377826 0.386200332 0.613421842
KQ:/crc/rr: 0.000000000 0.000046543 0.999953457
KQ:/crrc/: 0.008768834 0.991231166 0.000000000
KQ:/crrc/cr: 0.006106977 0.716333501 0.277559522
KQ:/crrc/rr: 0.000000000 0.385742996 0.614257004
KQ:/rc/: 0.000068024 0.999931976 0.000000000
KQ:/rc/cr: 0.000002591 0.478838724 0.521158686
KQ:/rc/rr: 0.000000000 0.951038525 0.048961475
KQ:/rrc/: 0.719784749 0.280215251 0.000000000
KQ:/rrc/cr: 0.019979265 0.910772913 0.069247822
KQ:/rrc/rr: 0.000000000 0.391593667 0.608406333
Q:/: 0.747649229 0.252350771 0.000000000
Q:/cr: 0.170539706 0.828994239 0.000466055
Q:/rr: 0.000000000 0.999993312 0.000006688
QJ:/cc/: 0.000019814 0.999980186 0.000000000
QJ:/cc/cr: 0.000006605 0.000006605 0.999986791
QJ:/cc/rr: 0.000000000 0.500000000 0.500000000
QJ:/crc/: 0.028283948 0.971716052 0.000000000
QJ:/crc/cr: 0.006243425 0.000002733 0.993753842
QJ:/crc/rr: 0.000000000 0.000140839 0.999859161
QJ:/crrc/: 0.000422802 0.999577198 0.000000000
QJ:/crrc/cr: 0.000046352 0.000012915 0.999940734
QJ:/crrc/rr: 0.000000000 0.045798547 0.954201453
QJ:/rc/: 0.009487848 0.990512152 0.000000000
QJ:/rc/cr: 0.000002251 0.000002251 0.999995499
QJ:/rc/rr: 0.000000000 0.000352431 0.999647569
QJ:/rrc/: 0.000003344 0.999996656 0.000000000
QJ:/rrc/cr: 0.000001115 0.000001115 0.999997771
QJ:/rrc/rr: 0.000000000 0.500000000 0.500000000
QK:/cc/: 0.458203278 0.541796722 0.000000000
QK:/cc/cr: 0.112930797 0.887049077 0.000020125
QK:/cc/rr: 0.000000000 0.999978379 0.000021621
QK:/crc/: 0.014247603 0.985752397 0.000000000
QK:/crc/cr: 0.000002911 0.557664292 0.442332797
QK:/crc/rr: 0.000000000 0.000345166 0.999654834
QK:/crrc/: 0.968915857 0.031084143 0.000000000
QK:/crrc/cr: 0.000610615 0.414930296 0.584459089
QK:/crrc/rr: 0.000000000 0.000552985 0.999447015
QK:/rc/: 0.437795893 0.562204107 0.000000000
QK:/rc/cr: 0.002676575 0.533761217 0.463562208
QK:/rc/rr: 0.000000000 0.204151880 0.795848120
QK:/rrc/: 0.125801337 0.874198663 0.000000000
QK:/rrc/cr: 0.000001326 0.300734233 0.699264442
QK:/rrc/rr: 0.000000000 0.000382250 0.999617750
QQ:/cc/: 0.532784379 0.467215621 0.000000000
QQ:/cc/cr: 0.999971728 0.000014136 0.000014136
QQ:/cc/rr: 0.000000000 0.999981406 0.000018594
QQ:/crc/: 0.981499976 0.018500024 0.000000000
QQ:/crc/cr: 0.999712903 0.000143549 0.000143549
QQ:/crc/rr: 0.000000000 0.999995941 0.000004059
QQ:/crrc/: 0.148071073 0.851928927 0.000000000
QQ:/crrc/cr: 0.999969694 0.000015153 0.000015153
QQ:/crrc/rr: 0.000000000 0.999869227 0.000130773
QQ:/rc/: 0.482252283 0.517747717 0.000000000
QQ:/rc/cr: 0.999989741 0.000005953 0.000004306
QQ:/rc/rr: 0.000000000 0.999993066 0.000006934
QQ:/rrc/: 0.987669324 0.012330676 0.000000000
QQ:/rrc/cr: 0.999819213 0.000090393 0.000090393
QQ:/rrc/rr: 0.000000000 0.999998307 0.000001693
