J:/: 0.075099047 0.924900953 0.000000000
J:/cr: 0.017721621 0.034317334 0.947961045
J:/rr: 0.000000000 0.999933421 0.000066579
JJ:/cc/: 0.000252886 0.999747114 0.000000000
JJ:/cc/cr: 0.999996395 0.000001802 0.000001802
JJ:/cc/rr: 0.000000000 0.989311438 0.010688562
JJ:/crc/: 0.990781813 0.009218187 0.000000000
JJ:/crc/cr: 0.996202452 0.001898774 0.001898774
JJ:/crc/rr: 0.000000000 0.999973501 0.000026499
JJ:/crrc/: 0.971896826 0.028103174 0.000000000
JJ:/crrc/cr: 0.997587855 0.001206073 0.001206073
JJ:/crrc/rr: 0.000000000 0.999947688 0.000052312
JJ:/rc/: 0.927016211 0.072983789 0.000000000
JJ:/rc/cr: 0.999391840 0.000304080 0.000304080
JJ:/rc/rr: 0.000000000 0.999964090 0.000035910
JJ:/rrc/: 0.999587040 0.000412960 0.000000000
JJ:/rrc/cr: 0.946255395 0.026872302 0.026872302
JJ:/rrc/rr: 0.000000000 0.999983347 0.000016653
JK:/cc/: 0.078483954 0.921516046 0.000000000
JK:/cc/cr: 0.000001955 0.000001955 0.999996089
JK:/cc/rr: 0.000000000 0.000034440 0.999965560
JK:/crc/: 0.063523766 0.936476234 0.000000000
JK:/crc/cr: 0.021832669 0.000018691 0.978148641
JK:/crc/rr: 0.000000000 0.000413308 0.999586692
JK:/crrc/: 0.999898317 0.000101683 0.000000000
JK:/crrc/cr: 0.333333333 0.333333333 0.333333333
JK:/crrc/rr: 0.000000000 0.000050847 0.999949153
JK:/rc/: 0.996647005 0.003352995 0.000000000
JK:/rc/cr: 0.986762332 0.006618834 0.006618834
JK:/rc/rr: 0.000000000 0.000033401 0.999966599
JK:/rrc/: 0.535552389 0.464447611 0.000000000
JK:/rrc/cr: 0.908877789 0.000023893 0.091098317
JK:/rrc/rr: 0.000000000 0.000031082 0.999968918
JQ:/cc/: 0.185715560 0.814284440 0.000000000
JQ:/cc/cr: 0.000002213 0.000002213 0.999995574
JQ:/cc/rr: 0.000000000 0.000014554 0.999985446
JQ:/crc/: 0.997928921 0.002071079 0.000000000
JQ:/crc/cr: 0.008451273 0.008451273 0.983097455
JQ:/crc/rr: 0.000000000 0.000026309 0.999973691
JQ:/crrc/: 0.029059711 0.970940289 0.000000000
JQ:/crrc/cr: 0.183296947 0.000034909 0.816668144
JQ:/crrc/rr: 0.000000000 0.001749560 0.998250440
JQ:/rc/: 0.999003833 0.000996167 0.000000000
JQ:/rc/cr: 0.022278317 0.022278317 0.955443365
JQ:/rc/rr: 0.000000000 0.000033323 0.999966677
JQ:/rrc/: 0.133782162 0.866217838 0.000000000
JQ:/rrc/cr: 0.000740026 0.000012811 0.999247163
JQ:/rrc/rr: 0.000000000 0.000124425 0.999875575
K:/: 0.757456775 0.242543225 0.000000000
K:/cr: 0.683187573 0.316798684 0.000013743
K:/rr: 0.000000000 0.999993399 0.000006601
KJ:/cc/: 0.000020615 0.999979385 0.000000000
KJ:/cc/cr: 0.000042619 0.000030186 0.999927195
KJ:/cc/rr: 0.000000000 0.500000000 0.500000000
KJ:/crc/: 0.000050538 0.999949462 0.000000000
KJ:/crc/cr: 0.000872989 0.999119780 0.000007231
KJ:/crc/rr: 0.000000000 0.785400918 0.214599082
KJ:/crrc/: 0.071757666 0.928242334 0.000000000
KJ:/crrc/cr: 0.000270577 0.997449789 0.002279634
KJ:/crrc/rr: 0.000000000 0.494293454 0.505706546
KJ:/rc/: 0.028036544 0.971963456 0.000000000
KJ:/rc/cr: 0.009706016 0.967905134 0.022388849
KJ:/rc/rr: 0.000000000 0.192964916 0.807035084
KJ:/rrc/: 0.084509612 0.915490388 0.000000000
KJ:/rrc/cr: 0.000094720 0.999904079 0.000001202
KJ:/rrc/rr: 0.000000000 0.557361807 0.442638193
KK:/cc/: 0.999568651 0.000431349 0.000000000
KK:/cc/cr: 0.968138930 0.015930535 0.015930535
KK:/cc/rr: 0.000000000 0.999989688 0.000010312
KK:/crc/: 0.126365572 0.873634428 0.000000000
KK:/crc/cr: 0.999983448 0.000008276 0.000008276
KK:/crc/rr: 0.000000000 0.999914174 0.000085826
KK:/crrc/: 0.992870548 0.007129452 0.000000000
KK:/crrc/cr: 0.999059471 0.000470265 0.000470265
KK:/crrc/rr: 0.000000000 0.999994935 0.000005065
KK:/rc/: 0.818869502 0.181130498 0.000000000
KK:/rc/cr: 0.999975704 0.000012148 0.000012148
KK:/rc/rr: 0.000000000 0.999995969 0.000004031
KK:/rrc/: 0.517884646 0.482115354 0.000000000
KK:/rrc/cr: 0.999995436 0.000002282 0.000002282
KK:/rrc/rr: 0.000000000 0.999996813 0.000003187
KQ:/cc/: 0.000054089 0.999945911 0.000000000
KQ:/cc/cr: 0.000036332 0.433156936 0.566806732
KQ:/cc/rr: 0.000000000 0.809436421 0.190563579
KQ:/crc/: 0.899458598 0.100541402 0.000000000
KQ:/crc/cr: 0.000351642 0.602507862 0.397140496
KQ:/crc/rr: 0.000000000 0.000047211 0.999952789
KQ:/crrc/: 0.006376971 0.993623029 0.000000000
KQ:/crrc/cr: 0.005469935 0.688507506 0.306022559
KQ:/crrc/rr: 0.000000000 0.052718961 0.947281039
KQ:/rc/: 0.000218789 0.999781211 0.000000000
KQ:/rc/cr: 0.000002201 0.488525862 0.511471937
KQ:/rc/rr: 0.000000000 0.274008564 0.725991436
KQ:/rrc/: 0.706782126 0.293217874 0.000000000
KQ:/rrc/cr: 0.017084535 0.935044446 0.047871020
KQ:/rrc/rr: 0.000000000 0.398803056 0.601196944
Q:/: 0.746080163 0.253919837 0.000000000
Q:/cr: 0.162383893 0.837272664 0.000343444
Q:/rr: 0.000000000 0.999993298 0.000006702
QJ:/cc/: 0.000019691 0.999980309 0.000000000
QJ:/cc/cr: 0.000006564 0.000006564 0.999986872
QJ:/cc/rr: 0.000000000 0.500000000 0.500000000
QJ:/crc/: 0.029182171 0.970817829 0.000000000
QJ:/crc/cr: 0.000729636 0.000002692 0.999267672
QJ:/crc/rr: 0.000000000 0.000134319 0.999865681
QJ:/crrc/: 0.007632798 0.992367202 0.000000000
QJ:/crrc/cr: 0.000081061 0.000013577 0.999905362
QJ:/crrc/rr: 0.000000000 0.002647862 0.997352138
QJ:/rc/: 0.014441359 0.985558641 0.000000000
QJ:/rc/cr: 0.000002267 0.000002267 0.999995467
QJ:/rc/rr: 0.000000000 0.000232031 0.999767969
QJ:/rrc/: 0.000003351 0.999996649 0.000000000
QJ:/rrc/cr: 0.000001117 0.000001117 0.999997766
QJ:/rrc/rr: 0.000000000 0.500000000 0.500000000
QK:/cc/: 0.399179705 0.600820295 0.000000000
QK:/cc/cr: 0.007941546 0.992039700 0.000018754
QK:/cc/rr: 0.000000000 0.112771305 0.887228695
QK:/crc/: 0.000007968 0.999992032 0.000000000
QK:/crc/cr: 0.000004562 0.570741343 0.429254095
QK:/crc/rr: 0.000000000 0.508060775 0.491939225
QK:/crrc/: 0.940780318 0.059219682 0.000000000
QK:/crrc/cr: 0.000345111 0.720582553 0.279072336
QK:/crrc/rr: 0.000000000 0.000570832 0.999429168
QK:/rc/: 0.423290649 0.576709351 0.000000000
QK:/rc/cr: 0.012210197 0.521689343 0.466100460
QK:/rc/rr: 0.000000000 0.182328444 0.817671556
QK:/rrc/: 0.121932357 0.878067643 0.000000000
QK:/rrc/cr: 0.000001272 0.291199698 0.708799030
QK:/rrc/rr: 0.000000000 0.000215642 0.999784358
QQ:/cc/: 0.531313228 0.468686772 0.000000000
QQ:/cc/cr: 0.999971991 0.000014005 0.000014005
QQ:/cc/rr: 0.000000000 0.999981469 0.000018531
QQ:/crc/: 0.991833474 0.008166526 0.000000000
QQ:/crc/cr: 0.999360034 0.000319983 0.000319983
QQ:/crc/rr: 0.000000000 0.999996048 0.000003952
QQ:/crrc/: 0.105595051 0.894404949 0.000000000
QQ:/crrc/cr: 0.999969697 0.000015239 0.000015064
QQ:/crrc/rr: 0.000000000 0.999808603 0.000191397
QQ:/rc/: 0.501884017 0.498115983 0.000000000
QQ:/rc/cr: 0.999991031 0.000004485 0.000004485
QQ:/rc/rr: 0.000000000 0.999993323 0.000006677
QQ:/rrc/: 0.990507494 0.009492506 0.000000000
QQ:/rrc/cr: 0.999764666 0.000117667 0.000117667
QQ:/rrc/rr: 0.000000000 0.999998309 0.000001691
