J:/c: 0.325452641 0.674547359 0.000000000
J:/crr: 0.000000000 0.999984637 0.000015363
J:/r: 0.052088592 0.124221403 0.823690005
JJ:/cc/c: 0.999992588 0.000007412 0.000000000
JJ:/cc/crr: 0.000000000 0.999996294 0.000003706
JJ:/cc/r: 0.999983897 0.000011162 0.000004942
JJ:/crc/c: 0.999984637 0.000015363 0.000000000
JJ:/crc/crr: 0.000000000 0.999992318 0.000007682
JJ:/crc/r: 0.999955592 0.000034166 0.000010242
JJ:/crrc/c: 0.999992318 0.000007682 0.000000000
JJ:/crrc/crr: 0.000000000 0.999996159 0.000003841
JJ:/crrc/r: 0.999989758 0.000005121 0.000005121
JJ:/rc/c: 0.999973166 0.000026834 0.000000000
JJ:/rc/crr: 0.000000000 0.999986583 0.000013417
JJ:/rc/r: 0.999964222 0.000017889 0.000017889
JJ:/rrc/c: 0.999936006 0.000063994 0.000000000
JJ:/rrc/crr: 0.000000000 0.999968001 0.000031999
JJ:/rrc/r: 0.999914675 0.000042662 0.000042662
JK:/cc/c: 0.000007412 0.999992588 0.000000000
JK:/cc/crr: 0.000000000 0.500000000 0.500000000
JK:/cc/r: 0.000030836 0.000004942 0.999964223
JK:/crc/c: 0.479563972 0.520436028 0.000000000
JK:/crc/crr: 0.000000000 0.000016018 0.999983982
JK:/crc/r: 0.027002147 0.000010242 0.972987611
JK:/crrc/c: 0.999992318 0.000007682 0.000000000
JK:/crrc/crr: 0.000000000 0.000003841 0.999996159
JK:/crrc/r: 0.137725187 0.000005121 0.862269692
JK:/rc/c: 0.413617934 0.586382066 0.000000000
JK:/rc/crr: 0.000000000 0.000032438 0.999967562
JK:/rc/r: 0.360531198 0.000017889 0.639450913
JK:/rrc/c: 0.999936006 0.000063994 0.000000000
JK:/rrc/crr: 0.000000000 0.000031999 0.999968001
JK:/rrc/r: 0.295504877 0.000042662 0.704452461
JQ:/cc/c: 0.054002361 0.945997639 0.000000000
JQ:/cc/crr: 0.000000000 0.000068630 0.999931370
JQ:/cc/r: 0.026045953 0.000004942 0.973949105
JQ:/crc/c: 0.510909407 0.489090593 0.000000000
JQ:/crc/crr: 0.000000000 0.000015035 0.999984965
JQ:/crc/r: 0.000010242 0.000010242 0.999979516
JQ:/crrc/c: 0.000007682 0.999992318 0.000000000
JQ:/crrc/crr: 0.000000000 0.500000000 0.500000000
JQ:/crrc/r: 0.000495960 0.000005121 0.999498919
JQ:/rc/c: 0.999973166 0.000026834 0.000000000
JQ:/rc/crr: 0.000000000 0.000013417 0.999986583
JQ:/rc/r: 0.000017889 0.000017889 0.999964222
JQ:/rrc/c: 0.000063994 0.999936006 0.000000000
JQ:/rrc/crr: 0.000000000 0.500000000 0.500000000
JQ:/rrc/r: 0.650894476 0.000042662 0.349062861
K:/c: 0.999990000 0.000010000 0.000000000
K:/crr: 0.000000000 0.999995000 0.000005000
K:/r: 0.590571121 0.409422212 0.000006667
KJ:/cc/c: 0.500000000 0.500000000 0.000000000
KJ:/cc/crr: 0.000000000 0.500000000 0.500000000
KJ:/cc/r: 0.333333333 0.333333333 0.333333333
KJ:/crc/c: 0.302590372 0.697409628 0.000000000
KJ:/crc/crr: 0.000000000 0.999991738 0.000008262
KJ:/crc/r: 0.000003333 0.999351960 0.000644706
KJ:/crrc/c: 0.612449088 0.387550912 0.000000000
KJ:/crrc/crr: 0.000000000 0.999997959 0.000002041
KJ:/crrc/r: 0.137715798 0.862264764 0.000019438
KJ:/rc/c: 0.455260794 0.544739206 0.000000000
KJ:/rc/crr: 0.000000000 0.673552691 0.326447309
KJ:/rc/r: 0.002577384 0.802669074 0.194753542
KJ:/rrc/c: 0.089015366 0.910984634 0.000000000
KJ:/rrc/crr: 0.000000000 0.999968296 0.000031704
KJ:/rrc/r: 0.000022473 0.966623048 0.033354479
KK:/cc/c: 0.500000000 0.500000000 0.000000000
KK:/cc/crr: 0.000000000 0.500000000 0.500000000
KK:/cc/r: 0.333333333 0.333333333 0.333333333
KK:/crc/c: 0.999995000 0.000005000 0.000000000
KK:/crc/crr: 0.000000000 0.999997500 0.000002500
KK:/crc/r: 0.992714256 0.007282411 0.000003333
KK:/crrc/c: 0.999997500 0.000002500 0.000000000
KK:/crrc/crr: 0.000000000 0.999998750 0.000001250
KK:/crrc/r: 0.996916106 0.003082227 0.000001667
KK:/rc/c: 0.999991858 0.000008142 0.000000000
KK:/rc/crr: 0.000000000 0.999995929 0.000004071
KK:/rc/r: 0.999968489 0.000026083 0.000005428
KK:/rrc/c: 0.999994356 0.000005644 0.000000000
KK:/rrc/crr: 0.000000000 0.999997178 0.000002822
KK:/rrc/r: 0.996981408 0.003014829 0.000003763
KQ:/cc/c: 0.500000000 0.500000000 0.000000000
KQ:/cc/crr: 0.000000000 0.500000000 0.500000000
KQ:/cc/r: 0.333333333 0.333333333 0.333333333
KQ:/crc/c: 0.000005000 0.999995000 0.000000000
KQ:/crc/crr: 0.000000000 0.500000000 0.500000000
KQ:/crc/r: 0.000005669 0.500198927 0.499795404
KQ:/crrc/c: 0.653672626 0.346327374 0.000000000
KQ:/crrc/crr: 0.000000000 0.399062675 0.600937325
KQ:/crrc/r: 0.000011927 0.747172914 0.252815159
KQ:/rc/c: 0.000008142 0.999991858 0.000000000
KQ:/rc/crr: 0.000000000 0.500000000 0.500000000
KQ:/rc/r: 0.000005428 0.289523109 0.710471463
KQ:/rrc/c: 0.508675123 0.491324877 0.000000000
KQ:/rrc/crr: 0.000000000 0.489275082 0.510724918
KQ:/rrc/r: 0.000301077 0.669321802 0.330377121
Q:/c: 0.851405449 0.148594551 0.000000000
Q:/crr: 0.000000000 0.999994127 0.000005873
Q:/r: 0.377545295 0.622421273 0.000033431
QJ:/cc/c: 0.000033649 0.999966351 0.000000000
QJ:/cc/crr: 0.000000000 0.500000000 0.500000000
QJ:/cc/r: 0.000022432 0.000022432 0.999955135
QJ:/crc/c: 0.406616449 0.593383551 0.000000000
QJ:/crc/crr: 0.000000000 0.000038463 0.999961537
QJ:/crc/r: 0.000003915 0.000003915 0.999992170
QJ:/crrc/c: 0.000002936 0.999997064 0.000000000
QJ:/crrc/crr: 0.000000000 0.500000000 0.500000000
QJ:/crrc/r: 0.000004883 0.000001958 0.999993159
QJ:/rc/c: 0.000005355 0.999994645 0.000000000
QJ:/rc/crr: 0.000000000 0.500000000 0.500000000
QJ:/rc/r: 0.000003570 0.000003570 0.999992859
QJ:/rrc/c: 0.000008829 0.999991171 0.000000000
QJ:/rrc/crr: 0.000000000 0.500000000 0.500000000
QJ:/rrc/r: 0.000005886 0.000005886 0.999988228
QK:/cc/c: 0.001016635 0.998983365 0.000000000
QK:/cc/crr: 0.000000000 0.983450996 0.016549004
QK:/cc/r: 0.000022432 0.760497966 0.239479601
QK:/crc/c: 0.360819469 0.639180531 0.000000000
QK:/crc/crr: 0.000000000 0.000008138 0.999991862
QK:/crc/r: 0.000029698 0.473241347 0.526728955
QK:/crrc/c: 0.000039644 0.999960356 0.000000000
QK:/crrc/crr: 0.000000000 0.037034172 0.962965828
QK:/crrc/r: 0.000012575 0.339307455 0.660679970
QK:/rc/c: 0.335437989 0.664562011 0.000000000
QK:/rc/crr: 0.000000000 0.000007983 0.999992017
QK:/rc/r: 0.000003570 0.295447989 0.704548441
QK:/rrc/c: 0.433476572 0.566523428 0.000000000
QK:/rrc/crr: 0.000000000 0.030629696 0.969370304
QK:/rrc/r: 0.000005886 0.509412743 0.490581371
QQ:/cc/c: 0.999966351 0.000033649 0.000000000
QQ:/cc/crr: 0.000000000 0.999983175 0.000016825
QQ:/cc/r: 0.999283808 0.000693759 0.000022432
QQ:/crc/c: 0.999994127 0.000005873 0.000000000
QQ:/crc/crr: 0.000000000 0.999997064 0.000002936
QQ:/crc/r: 0.959391460 0.040604625 0.000003915
QQ:/crrc/c: 0.999997064 0.000002936 0.000000000
QQ:/crrc/crr: 0.000000000 0.999998532 0.000001468
QQ:/crrc/r: 0.999976472 0.000021570 0.000001958
QQ:/rc/c: 0.999994645 0.000005355 0.000000000
QQ:/rc/crr: 0.000000000 0.999997322 0.000002678
QQ:/rc/r: 0.999987384 0.000009046 0.000003570
QQ:/rrc/c: 0.999991171 0.000008829 0.000000000
QQ:/rrc/crr: 0.000000000 0.999995585 0.000004415
QQ:/rrc/r: 0.999983238 0.000010876 0.000005886
