J:/: 0.073980257 0.926019743 0.000000000
J:/cr: 0.018408317 0.034863139 0.946728544
J:/rr: 0.000000000 0.999932414 0.000067586
JJ:/cc/: 0.000276144 0.999723856 0.000000000
JJ:/cc/cr: 0.999993494 0.000004706 0.000001800
JJ:/cc/rr: 0.000000000 0.990223500 0.009776500
JJ:/crc/: 0.955940462 0.044059538 0.000000000
JJ:/crc/cr: 0.999218857 0.000390572 0.000390572
JJ:/crc/rr: 0.000000000 0.999972998 0.000027002
JJ:/crrc/: 0.991653460 0.008346540 0.000000000
JJ:/crrc/cr: 0.992190618 0.003904691 0.003904691
JJ:/crrc/rr: 0.000000000 0.999950703 0.000049297
JJ:/rc/: 0.931716903 0.068283097 0.000000000
JJ:/rc/cr: 0.999340143 0.000329928 0.000329928
JJ:/rc/rr: 0.000000000 0.999963731 0.000036269
JJ:/rrc/: 0.999509597 0.000490403 0.000000000
JJ:/rrc/cr: 0.954058126 0.022970937 0.022970937
JJ:/rrc/rr: 0.000000000 0.999983094 0.000016906
JK:/cc/: 0.074770417 0.925229583 0.000000000
JK:/cc/cr: 0.000001945 0.000001945 0.999996109
JK:/cc/rr: 0.000000000 0.000036107 0.999963893
JK:/crc/: 0.059594075 0.940405925 0.000000000
JK:/crc/cr: 0.031472208 0.000018299 0.968509493
JK:/crc/rr: 0.000000000 0.000433141 0.999566859
JK:/crrc/: 0.999871200 0.000128800 0.000000000
JK:/crrc/cr: 0.253033509 0.253033509 0.493932981
JK:/crrc/rr: 0.000000000 0.000048892 0.999951108
JK:/rc/: 0.997698847 0.002301153 0.000000000
JK:/rc/cr: 0.980419789 0.009790105 0.009790105
JK:/rc/rr: 0.000000000 0.000033871 0.999966129
JK:/rrc/: 0.535838368 0.464161632 0.000000000
JK:/rrc/cr: 0.934013193 0.000024270 0.065962537
JK:/rrc/rr: 0.000000000 0.000031535 0.999968465
JQ:/cc/: 0.186439600 0.813560400 0.000000000
JQ:/cc/cr: 0.000002212 0.000002212 0.999995575
JQ:/cc/rr: 0.000000000 0.000014480 0.999985520
JQ:/crc/: 0.990613625 0.009386375 0.000000000
JQ:/crc/cr: 0.687637742 0.001833339 0.310528918
JQ:/crc/rr: 0.000000000 0.000026057 0.999973943
JQ:/crrc/: 0.023601067 0.976398933 0.000000000
JQ:/crrc/cr: 0.133968660 0.000033378 0.865997961
JQ:/crrc/rr: 0.000000000 0.002071347 0.997928653
JQ:/rc/: 0.999378495 0.000621505 0.000000000
JQ:/rc/cr: 0.036248348 0.036248348 0.927503304
JQ:/rc/rr: 0.000000000 0.000033814 0.999966186
JQ:/rrc/: 0.120970603 0.879029397 0.000000000
JQ:/rrc/cr: 0.000012815 0.000012815 0.999974369
JQ:/rrc/rr: 0.000000000 0.000139683 0.999860317
K:/: 0.754697514 0.245302486 0.000000000
K:/cr: 0.686790009 0.313196402 0.000013589
K:/rr: 0.000000000 0.999993375 0.000006625
KJ:/cc/: 0.000020383 0.999979617 0.000000000
KJ:/cc/cr: 0.000051103 0.000021108 0.999927789
KJ:/cc/rr: 0.000000000 0.500000000 0.500000000
KJ:/crc/: 0.000051365 0.999948635 0.000000000
KJ:/crc/cr: 0.000032128 0.999960640 0.000007232
KJ:/crc/rr: 0.000000000 0.788830831 0.211169169
KJ:/crrc/: 0.059200503 0.940799497 0.000000000
KJ:/crrc/cr: 0.001868823 0.996994910 0.001136267
KJ:/crrc/rr: 0.000000000 0.414631493 0.585368507
KJ:/rc/: 0.050815634 0.949184366 0.000000000
KJ:/rc/cr: 0.002394235 0.980216024 0.017389740
KJ:/rc/rr: 0.000000000 0.289279720 0.710720280
KJ:/rrc/: 0.083799550 0.916200450 0.000000000
KJ:/rrc/cr: 0.000311797 0.999686998 0.000001205
KJ:/rrc/rr: 0.000000000 0.526119116 0.473880884
KK:/cc/: 0.999581016 0.000418984 0.000000000
KK:/cc/cr: 0.967567613 0.016216194 0.016216194
KK:/cc/rr: 0.000000000 0.999989804 0.000010196
KK:/crc/: 0.169091878 0.830908122 0.000000000
KK:/crc/cr: 0.999982595 0.000008703 0.000008703
KK:/crc/rr: 0.000000000 0.999935853 0.000064147
KK:/crrc/: 0.997702476 0.002297524 0.000000000
KK:/crrc/cr: 0.997129408 0.001435296 0.001435296
KK:/crrc/rr: 0.000000000 0.999995042 0.000004958
KK:/rc/: 0.816855739 0.183144261 0.000000000
KK:/rc/cr: 0.999975884 0.000012058 0.000012058
KK:/rc/rr: 0.000000000 0.999995945 0.000004055
KK:/rrc/: 0.518306695 0.481693305 0.000000000
KK:/rrc/cr: 0.999995415 0.000002292 0.000002292
KK:/rrc/rr: 0.000000000 0.999996804 0.000003196
KQ:/cc/: 0.000054778 0.999945222 0.000000000
KQ:/cc/cr: 0.000036823 0.452952063 0.547011114
KQ:/cc/rr: 0.000000000 0.813949274 0.186050726
KQ:/crc/: 0.888305362 0.111694638 0.000000000
KQ:/crc/cr: 0.000389231 0.641695039 0.357915730
KQ:/crc/rr: 0.000000000 0.000039865 0.999960135
KQ:/crrc/: 0.008481408 0.991518592 0.000000000
KQ:/crrc/cr: 0.029383815 0.668914602 0.301701583
KQ:/crrc/rr: 0.000000000 0.317370038 0.682629962
KQ:/rc/: 0.000095200 0.999904800 0.000000000
KQ:/rc/cr: 0.000002209 0.483931262 0.516066529
KQ:/rc/rr: 0.000000000 0.589674133 0.410325867
KQ:/rrc/: 0.719821544 0.280178456 0.000000000
KQ:/rrc/cr: 0.012203300 0.938204158 0.049592542
KQ:/rrc/rr: 0.000000000 0.394190215 0.605809785
Q:/: 0.745833915 0.254166085 0.000000000
Q:/cr: 0.158629735 0.840866492 0.000503773
Q:/rr: 0.000000000 0.999993296 0.000006704
QJ:/cc/: 0.000019672 0.999980328 0.000000000
QJ:/cc/cr: 0.000006558 0.000006558 0.999986885
QJ:/cc/rr: 0.000000000 0.500000000 0.500000000
QJ:/crc/: 0.030986863 0.969013137 0.000000000
QJ:/crc/cr: 0.000440048 0.000002683 0.999557270
QJ:/crc/rr: 0.000000000 0.000125834 0.999874166
QJ:/crrc/: 0.019566713 0.980433287 0.000000000
QJ:/crrc/cr: 0.000014054 0.000014054 0.999971892
QJ:/crrc/rr: 0.000000000 0.001056328 0.998943672
QJ:/rc/: 0.012238447 0.987761553 0.000000000
QJ:/rc/cr: 0.000002262 0.000002262 0.999995475
QJ:/rc/rr: 0.000000000 0.000273887 0.999726113
QJ:/rrc/: 0.000003352 0.999996648 0.000000000
QJ:/rrc/cr: 0.000001117 0.000001117 0.999997765
QJ:/rrc/rr: 0.000000000 0.500000000 0.500000000
QK:/cc/: 0.559249274 0.440750726 0.000000000
QK:/cc/cr: 0.008791931 0.991185932 0.000022137
QK:/cc/rr: 0.000000000 0.999982412 0.000017588
QK:/crc/: 0.018393524 0.981606476 0.000000000
QK:/crc/cr: 0.000003971 0.556952011 0.443044018
QK:/crc/rr: 0.000000000 0.000211987 0.999788013
QK:/crrc/: 0.976396071 0.023603929 0.000000000
QK:/crrc/cr: 0.000789754 0.745655360 0.253554886
QK:/crrc/rr: 0.000000000 0.000563353 0.999436647
QK:/rc/: 0.424010415 0.575989585 0.000000000
QK:/rc/cr: 0.005598431 0.534033979 0.460367590
QK:/rc/rr: 0.000000000 0.185848821 0.814151179
QK:/rrc/: 0.122840252 0.877159748 0.000000000
QK:/rrc/cr: 0.000001274 0.291181708 0.708817019
QK:/rrc/rr: 0.000000000 0.000264572 0.999735428
QQ:/cc/: 0.571290578 0.428709422 0.000000000
QQ:/cc/cr: 0.999969409 0.000015296 0.000015296
QQ:/cc/rr: 0.000000000 0.999982783 0.000017217
QQ:/crc/: 0.992478438 0.007521562 0.000000000
QQ:/crc/cr: 0.999308798 0.000345601 0.000345601
QQ:/crc/rr: 0.000000000 0.999996071 0.000003929
QQ:/crrc/: 0.127674173 0.872325827 0.000000000
QQ:/crrc/cr: 0.999968408 0.000015796 0.000015796
QQ:/crrc/rr: 0.000000000 0.999838112 0.000161888
QQ:/rc/: 0.494277047 0.505722953 0.000000000
QQ:/rc/cr: 0.999987874 0.000007707 0.000004419
QQ:/rc/rr: 0.000000000 0.999993218 0.000006782
QQ:/rrc/: 0.993586371 0.006413629 0.000000000
QQ:/rrc/cr: 0.999651578 0.000174211 0.000174211
QQ:/rrc/rr: 0.000000000 0.999998313 0.000001687
