J:/c: 0.304822495 0.695177505 0.000000000
J:/crr: 0.000000000 0.999983597 0.000016403
J:/r: 0.054862519 0.122527870 0.822609611
JJ:/cc/c: 0.999992808 0.000007192 0.000000000
JJ:/cc/crr: 0.000000000 0.999996404 0.000003596
JJ:/cc/r: 0.999990410 0.000004795 0.000004795
JJ:/crc/c: 0.999983597 0.000016403 0.000000000
JJ:/crc/crr: 0.000000000 0.999991798 0.000008202
JJ:/crc/r: 0.999880921 0.000108143 0.000010935
JJ:/crrc/c: 0.999991798 0.000008202 0.000000000
JJ:/crrc/crr: 0.000000000 0.999995899 0.000004101
JJ:/crrc/r: 0.999962220 0.000032312 0.000005468
JJ:/rc/c: 0.999972795 0.000027205 0.000000000
JJ:/rc/crr: 0.000000000 0.999986397 0.000013603
JJ:/rc/r: 0.999963727 0.000018136 0.000018136
JJ:/rrc/c: 0.999939242 0.000060758 0.000000000
JJ:/rrc/crr: 0.000000000 0.999969619 0.000030381
JJ:/rrc/r: 0.999753740 0.000205755 0.000040505
JK:/cc/c: 0.009746880 0.990253120 0.000000000
JK:/cc/crr: 0.000000000 0.000368959 0.999631041
JK:/cc/r: 0.000004795 0.000004795 0.999990410
JK:/crc/c: 0.499687968 0.500312032 0.000000000
JK:/crc/crr: 0.000000000 0.000016413 0.999983587
JK:/crc/r: 0.016544837 0.000010935 0.983444228
JK:/crrc/c: 0.502440582 0.497559418 0.000000000
JK:/crrc/crr: 0.000000000 0.000008162 0.999991838
JK:/crrc/r: 0.200462161 0.000005468 0.799532372
JK:/rc/c: 0.367929030 0.632070970 0.000000000
JK:/rc/crr: 0.000000000 0.000036970 0.999963030
JK:/rc/r: 0.356341167 0.000018136 0.643640697
JK:/rrc/c: 0.999858791 0.000141209 0.000000000
JK:/rrc/crr: 0.000000000 0.000030383 0.999969617
JK:/rrc/r: 0.383920983 0.000040505 0.616038511
JQ:/cc/c: 0.069085917 0.930914083 0.000000000
JQ:/cc/crr: 0.000000000 0.000052054 0.999947946
JQ:/cc/r: 0.038396770 0.000004795 0.961598435
JQ:/crc/c: 0.478422118 0.521577882 0.000000000
JQ:/crc/crr: 0.000000000 0.000017143 0.999982857
JQ:/crc/r: 0.086327736 0.000010935 0.913661329
JQ:/crrc/c: 0.059724249 0.940275751 0.000000000
JQ:/crrc/crr: 0.000000000 0.000068662 0.999931338
JQ:/crrc/r: 0.192512210 0.000005468 0.807482322
JQ:/rc/c: 0.995163659 0.004836341 0.000000000
JQ:/rc/crr: 0.000000000 0.000013668 0.999986332
JQ:/rc/r: 0.000018136 0.000018136 0.999963727
JQ:/rrc/c: 0.027270426 0.972729574 0.000000000
JQ:/rrc/crr: 0.000000000 0.001113989 0.998886011
JQ:/rrc/r: 0.547043565 0.000040505 0.452915930
K:/c: 0.999969169 0.000030831 0.000000000
K:/crr: 0.000000000 0.999995000 0.000005000
K:/r: 0.598246828 0.401746506 0.000006667
KJ:/cc/c: 0.440967123 0.559032877 0.000000000
KJ:/cc/crr: 0.000000000 0.816116231 0.183883769
KJ:/cc/r: 0.542707741 0.255191612 0.202100648
KJ:/crc/c: 0.110308195 0.889691805 0.000000000
KJ:/crc/crr: 0.000000000 0.999977336 0.000022664
KJ:/crc/r: 0.000098083 0.725560698 0.274341219
KJ:/crrc/c: 0.426005223 0.573994777 0.000000000
KJ:/crrc/crr: 0.000000000 0.999997066 0.000002934
KJ:/crrc/r: 0.047177460 0.773622283 0.179200257
KJ:/rc/c: 0.475329754 0.524670246 0.000000000
KJ:/rc/crr: 0.000000000 0.645329103 0.354670897
KJ:/rc/r: 0.062583287 0.697629755 0.239786958
KJ:/rrc/c: 0.194811899 0.805188101 0.000000000
KJ:/rrc/crr: 0.000000000 0.999985699 0.000014301
KJ:/rrc/r: 0.039153502 0.890747305 0.070099193
KK:/cc/c: 0.837826607 0.162173393 0.000000000
KK:/cc/crr: 0.000000000 0.903217807 0.096782193
KK:/cc/r: 0.607587866 0.284296538 0.108115595
KK:/crc/c: 0.999995000 0.000005000 0.000000000
KK:/crc/crr: 0.000000000 0.999997500 0.000002500
KK:/crc/r: 0.999008349 0.000988318 0.000003333
KK:/crrc/c: 0.999997500 0.000002500 0.000000000
KK:/crrc/crr: 0.000000000 0.999998750 0.000001250
KK:/crrc/r: 0.999996667 0.000001667 0.000001667
KK:/rc/c: 0.999991703 0.000008297 0.000000000
KK:/rc/crr: 0.000000000 0.999995851 0.000004149
KK:/rc/r: 0.999977650 0.000016818 0.000005531
KK:/rrc/c: 0.999994428 0.000005572 0.000000000
KK:/rrc/crr: 0.000000000 0.999997214 0.000002786
KK:/rrc/r: 0.999870098 0.000126188 0.000003715
KQ:/cc/c: 0.494402945 0.505597055 0.000000000
KQ:/cc/crr: 0.000000000 0.835990668 0.164009332
KQ:/cc/r: 0.526436371 0.333712829 0.139850800
KQ:/crc/c: 0.208924353 0.791075647 0.000000000
KQ:/crc/crr: 0.000000000 0.068778062 0.931221938
KQ:/crc/r: 0.000055754 0.424969880 0.574974366
KQ:/crrc/c: 0.597151594 0.402848406 0.000000000
KQ:/crrc/crr: 0.000000000 0.396242813 0.603757187
KQ:/crrc/r: 0.003479943 0.696339894 0.300180163
KQ:/rc/c: 0.000324570 0.999675430 0.000000000
KQ:/rc/crr: 0.000000000 0.074347102 0.925652898
KQ:/rc/r: 0.000025286 0.309103770 0.690870944
KQ:/rrc/c: 0.505538646 0.494461354 0.000000000
KQ:/rrc/crr: 0.000000000 0.529275840 0.470724160
KQ:/rrc/r: 0.044837028 0.588375455 0.366787517
Q:/c: 0.852635905 0.147364095 0.000000000
Q:/crr: 0.000000000 0.999994136 0.000005864
Q:/r: 0.391645524 0.608321690 0.000032786
QJ:/cc/c: 0.000175558 0.999824442 0.000000000
QJ:/cc/crr: 0.000000000 0.096633489 0.903366511
QJ:/cc/r: 0.000030440 0.000022620 0.999946940
QJ:/crc/c: 0.456383617 0.543616383 0.000000000
QJ:/crc/crr: 0.000000000 0.004247955 0.995752045
QJ:/crc/r: 0.000270419 0.000003909 0.999725671
QJ:/crrc/c: 0.000002932 0.999997068 0.000000000
QJ:/crrc/crr: 0.000000000 0.500000000 0.500000000
QJ:/crrc/r: 0.023168232 0.000001955 0.976829813
QJ:/rc/c: 0.000100302 0.999899698 0.000000000
QJ:/rc/crr: 0.000000000 0.027315304 0.972684696
QJ:/rc/r: 0.016982575 0.000003653 0.983013772
QJ:/rrc/c: 0.000216682 0.999783318 0.000000000
QJ:/rrc/crr: 0.000000000 0.019639570 0.980360430
QJ:/rrc/r: 0.000078731 0.000005674 0.999915595
QK:/cc/c: 0.265173645 0.734826355 0.000000000
QK:/cc/crr: 0.000000000 0.999936024 0.000063976
QK:/cc/r: 0.000121377 0.732046463 0.267832160
QK:/crc/c: 0.369995793 0.630004207 0.000000000
QK:/crc/crr: 0.000000000 0.008477933 0.991522067
QK:/crc/r: 0.000204294 0.524524643 0.475271063
QK:/crrc/c: 0.069701113 0.930298887 0.000000000
QK:/crrc/crr: 0.000000000 0.014563594 0.985436406
QK:/crrc/r: 0.000072099 0.281974948 0.717952953
QK:/rc/c: 0.385264099 0.614735901 0.000000000
QK:/rc/crr: 0.000000000 0.017467364 0.982532636
QK:/rc/r: 0.000005285 0.320920564 0.679074151
QK:/rrc/c: 0.437542714 0.562457286 0.000000000
QK:/rrc/crr: 0.000000000 0.000275703 0.999724297
QK:/rrc/r: 0.000077900 0.471253834 0.528668265
QQ:/cc/c: 0.999966070 0.000033930 0.000000000
QQ:/cc/crr: 0.000000000 0.999983035 0.000016965
QQ:/cc/r: 0.999934657 0.000042723 0.000022620
QQ:/crc/c: 0.999994136 0.000005864 0.000000000
QQ:/crc/crr: 0.000000000 0.999997068 0.000002932
QQ:/crc/r: 0.999931456 0.000064634 0.000003909
QQ:/crrc/c: 0.999997068 0.000002932 0.000000000
QQ:/crrc/crr: 0.000000000 0.999998534 0.000001466
QQ:/crrc/r: 0.999995339 0.000002706 0.000001955
QQ:/rc/c: 0.999994520 0.000005480 0.000000000
QQ:/rc/crr: 0.000000000 0.999997260 0.000002740
QQ:/rc/r: 0.999992694 0.000003653 0.000003653
QQ:/rrc/c: 0.999991489 0.000008511 0.000000000
QQ:/rrc/crr: 0.000000000 0.999995744 0.000004256
QQ:/rrc/r: 0.999959449 0.000034877 0.000005674
