J:/c: 0.310825550 0.689174450 0.000000000
J:/crr: 0.000000000 0.999983914 0.000016086
J:/r: 0.057002625 0.112595711 0.830401664
JJ:/cc/c: 0.999992745 0.000007255 0.000000000
JJ:/cc/crr: 0.000000000 0.999996372 0.000003628
JJ:/cc/r: 0.999990327 0.000004837 0.000004837
JJ:/crc/c: 0.999983914 0.000016086 0.000000000
JJ:/crc/crr: 0.000000000 0.999991957 0.000008043
JJ:/crc/r: 0.999904104 0.000085172 0.000010724
JJ:/crrc/c: 0.999991957 0.000008043 0.000000000
JJ:/crrc/crr: 0.000000000 0.999995978 0.000004022
JJ:/crrc/r: 0.999962083 0.000032555 0.000005362
JJ:/rc/c: 0.999970396 0.000029604 0.000000000
JJ:/rc/crr: 0.000000000 0.999985197 0.000014803
JJ:/rc/r: 0.999960527 0.000019736 0.000019736
JJ:/rrc/c: 0.999941523 0.000058477 0.000000000
JJ:/rrc/crr: 0.000000000 0.999970760 0.000029240
JJ:/rrc/r: 0.999922031 0.000038985 0.000038985
JK:/cc/c: 0.005517649 0.994482351 0.000000000
JK:/cc/crr: 0.000000000 0.000657441 0.999342559
JK:/cc/r: 0.000004837 0.000004837 0.999990327
JK:/crc/c: 0.516663225 0.483336775 0.000000000
JK:/crc/crr: 0.000000000 0.000015567 0.999984433
JK:/crc/r: 0.010705576 0.000010724 0.989283700
JK:/crrc/c: 0.316702375 0.683297625 0.000000000
JK:/crrc/crr: 0.000000000 0.000012698 0.999987302
JK:/crrc/r: 0.237611333 0.000005362 0.762383304
JK:/rc/c: 0.395774065 0.604225935 0.000000000
JK:/rc/crr: 0.000000000 0.000037401 0.999962599
JK:/rc/r: 0.358138470 0.000019736 0.641841794
JK:/rrc/c: 0.999941523 0.000058477 0.000000000
JK:/rrc/crr: 0.000000000 0.000029240 0.999970760
JK:/rrc/r: 0.475220578 0.000038985 0.524740437
JQ:/cc/c: 0.070676457 0.929323543 0.000000000
JQ:/cc/crr: 0.000000000 0.000051326 0.999948674
JQ:/cc/r: 0.035657133 0.000004837 0.964338031
JQ:/crc/c: 0.614250402 0.385749598 0.000000000
JQ:/crc/crr: 0.000000000 0.000013094 0.999986906
JQ:/crc/r: 0.008411224 0.000010724 0.991578052
JQ:/crrc/c: 0.025429110 0.974570890 0.000000000
JQ:/crrc/crr: 0.000000000 0.000158150 0.999841850
JQ:/crrc/r: 0.194831174 0.000005362 0.805163464
JQ:/rc/c: 0.999541914 0.000458086 0.000000000
JQ:/rc/crr: 0.000000000 0.000014809 0.999985191
JQ:/rc/r: 0.000019736 0.000019736 0.999960527
JQ:/rrc/c: 0.103128092 0.896871908 0.000000000
JQ:/rrc/crr: 0.000000000 0.000283516 0.999716484
JQ:/rrc/r: 0.627085599 0.000038985 0.372875416
K:/c: 0.999990000 0.000010000 0.000000000
K:/crr: 0.000000000 0.999995000 0.000005000
K:/r: 0.629747019 0.370246315 0.000006667
KJ:/cc/c: 0.500000000 0.500000000 0.000000000
KJ:/cc/crr: 0.000000000 0.500000000 0.500000000
KJ:/cc/r: 0.333333333 0.333333333 0.333333333
KJ:/crc/c: 0.192484867 0.807515133 0.000000000
KJ:/crc/crr: 0.000000000 0.999987012 0.000012988
KJ:/crc/r: 0.000009201 0.752704344 0.247286455
KJ:/crrc/c: 0.365340812 0.634659188 0.000000000
KJ:/crrc/crr: 0.000000000 0.999996578 0.000003422
KJ:/crrc/r: 0.000695581 0.861962368 0.137342050
KJ:/rc/c: 0.443807558 0.556192442 0.000000000
KJ:/rc/crr: 0.000000000 0.810604867 0.189395133
KJ:/rc/r: 0.038150184 0.786282140 0.175567676
KJ:/rrc/c: 0.176811078 0.823188922 0.000000000
KJ:/rrc/crr: 0.000000000 0.999985032 0.000014968
KJ:/rrc/r: 0.034548861 0.965447610 0.000003529
KK:/cc/c: 0.500000000 0.500000000 0.000000000
KK:/cc/crr: 0.000000000 0.500000000 0.500000000
KK:/cc/r: 0.333333333 0.333333333 0.333333333
KK:/crc/c: 0.999995000 0.000005000 0.000000000
KK:/crc/crr: 0.000000000 0.999997500 0.000002500
KK:/crc/r: 0.984137307 0.015859360 0.000003333
KK:/crrc/c: 0.999997500 0.000002500 0.000000000
KK:/crrc/crr: 0.000000000 0.999998750 0.000001250
KK:/crrc/r: 0.999928569 0.000069764 0.000001667
KK:/rc/c: 0.999990997 0.000009003 0.000000000
KK:/rc/crr: 0.000000000 0.999995498 0.000004502
KK:/rc/r: 0.999977587 0.000016411 0.000006002
KK:/rrc/c: 0.999994707 0.000005293 0.000000000
KK:/rrc/crr: 0.000000000 0.999997353 0.000002647
KK:/rrc/r: 0.999127665 0.000868806 0.000003529
KQ:/cc/c: 0.500000000 0.500000000 0.000000000
KQ:/cc/crr: 0.000000000 0.500000000 0.500000000
KQ:/cc/r: 0.333333333 0.333333333 0.333333333
KQ:/crc/c: 0.018348748 0.981651252 0.000000000
KQ:/crc/crr: 0.000000000 0.007544556 0.992455444
KQ:/crc/r: 0.000024601 0.436081834 0.563893565
KQ:/crrc/c: 0.637603863 0.362396137 0.000000000
KQ:/crrc/crr: 0.000000000 0.411403300 0.588596700
KQ:/crrc/r: 0.000041462 0.760611735 0.239346802
KQ:/rc/c: 0.000196834 0.999803166 0.000000000
KQ:/rc/crr: 0.000000000 0.022869512 0.977130488
KQ:/rc/r: 0.000014728 0.310294739 0.689690533
KQ:/rrc/c: 0.503912645 0.496087355 0.000000000
KQ:/rrc/crr: 0.000000000 0.452652591 0.547347409
KQ:/rrc/r: 0.032485079 0.576161637 0.391353284
Q:/c: 0.853405413 0.146594587 0.000000000
Q:/crr: 0.000000000 0.999994141 0.000005859
Q:/r: 0.434837493 0.565101511 0.000060996
QJ:/cc/c: 0.000034108 0.999965892 0.000000000
QJ:/cc/crr: 0.000000000 0.500000000 0.500000000
QJ:/cc/r: 0.000022738 0.000022738 0.999954523
QJ:/crc/c: 0.442051937 0.557948063 0.000000000
QJ:/crc/crr: 0.000000000 0.000015378 0.999984622
QJ:/crc/r: 0.000003906 0.000003906 0.999992188
QJ:/crrc/c: 0.000002929 0.999997071 0.000000000
QJ:/crrc/crr: 0.000000000 0.500000000 0.500000000
QJ:/crrc/r: 0.034669008 0.000001953 0.965329039
QJ:/rc/c: 0.000005899 0.999994101 0.000000000
QJ:/rc/crr: 0.000000000 0.500000000 0.500000000
QJ:/rc/r: 0.000017480 0.000003932 0.999978587
QJ:/rrc/c: 0.000007666 0.999992334 0.000000000
QJ:/rrc/crr: 0.000000000 0.500000000 0.500000000
QJ:/rrc/r: 0.000034649 0.000005110 0.999960240
QK:/cc/c: 0.018654248 0.981345752 0.000000000
QK:/cc/crr: 0.000000000 0.999085793 0.000914207
QK:/cc/r: 0.000077132 0.748505852 0.251417016
QK:/crc/c: 0.308287077 0.691712923 0.000000000
QK:/crc/crr: 0.000000000 0.000473569 0.999526431
QK:/crc/r: 0.000021813 0.469002707 0.530975479
QK:/crrc/c: 0.318428962 0.681571038 0.000000000
QK:/crrc/crr: 0.000000000 0.000697588 0.999302412
QK:/crrc/r: 0.000001953 0.309180475 0.690817572
QK:/rc/c: 0.368147484 0.631852516 0.000000000
QK:/rc/crr: 0.000000000 0.033700966 0.966299034
QK:/rc/r: 0.000019611 0.319759713 0.680220676
QK:/rrc/c: 0.426327074 0.573672926 0.000000000
QK:/rrc/crr: 0.000000000 0.000406791 0.999593209
QK:/rrc/r: 0.000061588 0.448627960 0.551310452
QQ:/cc/c: 0.999965892 0.000034108 0.000000000
QQ:/cc/crr: 0.000000000 0.999982946 0.000017054
QQ:/cc/r: 0.999927195 0.000050067 0.000022738
QQ:/crc/c: 0.999994141 0.000005859 0.000000000
QQ:/crc/crr: 0.000000000 0.999997071 0.000002929
QQ:/crc/r: 0.999948954 0.000047140 0.000003906
QQ:/crrc/c: 0.999997071 0.000002929 0.000000000
QQ:/crrc/crr: 0.000000000 0.999998535 0.000001465
QQ:/crrc/r: 0.999931610 0.000066437 0.000001953
QQ:/rc/c: 0.999994101 0.000005899 0.000000000
QQ:/rc/crr: 0.000000000 0.999997051 0.000002949
QQ:/rc/r: 0.986185556 0.013810511 0.000003932
QQ:/rrc/c: 0.999992334 0.000007666 0.000000000
QQ:/rrc/crr: 0.000000000 0.999996167 0.000003833
QQ:/rrc/r: 0.999963310 0.000031580 0.000005110
