J:/: 0.069702771 0.930297229 0.000000000
J:/cr: 0.019393824 0.030700436 0.949905740
J:/rr: 0.000000000 0.999928267 0.000071733
JJ:/cc/: 0.000265955 0.999734045 0.000000000
JJ:/cc/cr: 0.999996416 0.000001792 0.000001792
JJ:/cc/rr: 0.000000000 0.989895612 0.010104388
JJ:/crc/: 0.940874963 0.059125037 0.000000000
JJ:/crc/cr: 0.999342009 0.000328995 0.000328995
JJ:/crc/rr: 0.000000000 0.999968989 0.000031011
JJ:/crrc/: 0.968371281 0.031628719 0.000000000
JJ:/crrc/cr: 0.998052889 0.000973555 0.000973555
JJ:/crrc/rr: 0.000000000 0.999952303 0.000047697
JJ:/rc/: 0.915003690 0.084996310 0.000000000
JJ:/rc/cr: 0.999437363 0.000281319 0.000281319
JJ:/rc/rr: 0.000000000 0.999960802 0.000039198
JJ:/rrc/: 0.999934420 0.000065580 0.000000000
JJ:/rrc/cr: 0.635362500 0.182318750 0.182318750
JJ:/rrc/rr: 0.000000000 0.999982064 0.000017936
JK:/cc/: 0.092102011 0.907897989 0.000000000
JK:/cc/cr: 0.000089526 0.000001973 0.999908500
JK:/cc/rr: 0.000000000 0.000029178 0.999970822
JK:/crc/: 0.059184372 0.940815628 0.000000000
JK:/crc/cr: 0.022119521 0.000020676 0.977859803
JK:/crc/rr: 0.000000000 0.000492998 0.999507002
JK:/crrc/: 0.999907623 0.000092377 0.000000000
JK:/crrc/cr: 0.333333333 0.333333333 0.333333333
JK:/crrc/rr: 0.000000000 0.000046193 0.999953807
JK:/rc/: 0.997618241 0.002381759 0.000000000
JK:/rc/cr: 0.979921521 0.010039240 0.010039240
JK:/rc/rr: 0.000000000 0.000035952 0.999964048
JK:/rrc/: 0.533522989 0.466477011 0.000000000
JK:/rrc/cr: 0.985010151 0.000025631 0.014964218
JK:/rrc/rr: 0.000000000 0.000033615 0.999966385
JQ:/cc/: 0.136250949 0.863749051 0.000000000
JQ:/cc/cr: 0.000002074 0.000002074 0.999995852
JQ:/cc/rr: 0.000000000 0.000019723 0.999980277
JQ:/crc/: 0.997973073 0.002026927 0.000000000
JQ:/crc/cr: 0.009596728 0.009596728 0.980806545
JQ:/crc/rr: 0.000000000 0.000029237 0.999970763
JQ:/crrc/: 0.011582790 0.988417210 0.000000000
JQ:/crrc/cr: 0.203511905 0.000031153 0.796456942
JQ:/crrc/rr: 0.000000000 0.003987681 0.996012319
JQ:/rc/: 0.999381419 0.000618581 0.000000000
JQ:/rc/cr: 0.038654681 0.038654681 0.922690637
JQ:/rc/rr: 0.000000000 0.000035889 0.999964111
JQ:/rrc/: 0.145890993 0.854109007 0.000000000
JQ:/rrc/cr: 0.000013999 0.000013999 0.999972003
JQ:/rrc/rr: 0.000000000 0.000122931 0.999877069
K:/: 0.747595474 0.252404526 0.000000000
K:/cr: 0.732050831 0.267935962 0.000013206
K:/rr: 0.000000000 0.999993312 0.000006688
KJ:/cc/: 0.000019809 0.999980191 0.000000000
KJ:/cc/cr: 0.000046886 0.000024854 0.999928260
KJ:/cc/rr: 0.000000000 0.500000000 0.500000000
KJ:/crc/: 0.000055945 0.999944055 0.000000000
KJ:/crc/cr: 0.000031269 0.999960515 0.000008215
KJ:/crc/rr: 0.000000000 0.779743883 0.220256117
KJ:/crrc/: 0.075299949 0.924700051 0.000000000
KJ:/crrc/cr: 0.001562245 0.993734562 0.004703194
KJ:/crrc/rr: 0.000000000 0.451162072 0.548837928
KJ:/rc/: 0.070940995 0.929059005 0.000000000
KJ:/rc/cr: 0.019171870 0.953609761 0.027218368
KJ:/rc/rr: 0.000000000 0.335833106 0.664166894
KJ:/rrc/: 0.078898359 0.921101641 0.000000000
KJ:/rrc/cr: 0.000001210 0.999994914 0.000003876
KJ:/rrc/rr: 0.000000000 0.469212743 0.530787257
KK:/cc/: 0.999313701 0.000686299 0.000000000
KK:/cc/cr: 0.980757201 0.009621399 0.009621399
KK:/cc/rr: 0.000000000 0.999990088 0.000009912
KK:/crc/: 0.117529896 0.882470104 0.000000000
KK:/crc/cr: 0.999981382 0.000009309 0.000009309
KK:/crc/rr: 0.000000000 0.999895156 0.000104844
KK:/crrc/: 0.998564428 0.001435572 0.000000000
KK:/crrc/cr: 0.995811156 0.002094422 0.002094422
KK:/crrc/rr: 0.000000000 0.999995483 0.000004517
KK:/rc/: 0.803609113 0.196390887 0.000000000
KK:/rc/cr: 0.999977297 0.000011352 0.000011352
KK:/rc/rr: 0.000000000 0.999995839 0.000004161
KK:/rrc/: 0.519486337 0.480513663 0.000000000
KK:/rrc/cr: 0.999995360 0.000002320 0.000002320
KK:/rrc/rr: 0.000000000 0.999996781 0.000003219
KQ:/cc/: 0.000188972 0.999811028 0.000000000
KQ:/cc/cr: 0.000036104 0.423701974 0.576261922
KQ:/cc/rr: 0.000000000 0.947586202 0.052413798
KQ:/crc/: 0.883926026 0.116073974 0.000000000
KQ:/crc/cr: 0.000478223 0.666298848 0.333222929
KQ:/crc/rr: 0.000000000 0.000024066 0.999975934
KQ:/crrc/: 0.007503562 0.992496438 0.000000000
KQ:/crrc/cr: 0.004774351 0.693675838 0.301549811
KQ:/crrc/rr: 0.000000000 0.508999503 0.491000497
KQ:/rc/: 0.000058705 0.999941295 0.000000000
KQ:/rc/cr: 0.000002230 0.469310672 0.530687099
KQ:/rc/rr: 0.000000000 0.943036443 0.056963557
KQ:/rrc/: 0.722430385 0.277569615 0.000000000
KQ:/rrc/cr: 0.045624421 0.801861849 0.152513730
KQ:/rrc/rr: 0.000000000 0.392344480 0.607655520
Q:/: 0.766447730 0.233552270 0.000000000
Q:/cr: 0.194487277 0.805352098 0.000160625
Q:/rr: 0.000000000 0.999993476 0.000006524
QJ:/cc/: 0.000021408 0.999978592 0.000000000
QJ:/cc/cr: 0.000007136 0.000007136 0.999985727
QJ:/cc/rr: 0.000000000 0.500000000 0.500000000
QJ:/crc/: 0.028136055 0.971863945 0.000000000
QJ:/crc/cr: 0.002000778 0.000003039 0.997996183
QJ:/crc/rr: 0.000000000 0.000157466 0.999842534
QJ:/crrc/: 0.009423428 0.990576572 0.000000000
QJ:/crrc/cr: 0.000166933 0.000012347 0.999820720
QJ:/crrc/rr: 0.000000000 0.001946859 0.998053141
QJ:/rc/: 0.005835570 0.994164430 0.000000000
QJ:/rc/cr: 0.000002187 0.000002187 0.999995625
QJ:/rc/rr: 0.000000000 0.000558952 0.999441048
QJ:/rrc/: 0.000003262 0.999996738 0.000000000
QJ:/rrc/cr: 0.000001087 0.000001087 0.999997825
QJ:/rrc/rr: 0.000000000 0.500000000 0.500000000
QK:/cc/: 0.370478519 0.629521481 0.000000000
QK:/cc/cr: 0.031150325 0.968835192 0.000014483
QK:/cc/rr: 0.000000000 0.999971107 0.000028893
QK:/crc/: 0.000009504 0.999990496 0.000000000
QK:/crc/cr: 0.000002987 0.553544358 0.446452655
QK:/crc/rr: 0.000000000 0.533811708 0.466188292
QK:/crrc/: 0.962752569 0.037247431 0.000000000
QK:/crrc/cr: 0.000328364 0.818152977 0.181518659
QK:/crrc/rr: 0.000000000 0.000534936 0.999465064
QK:/rc/: 0.430773236 0.569226764 0.000000000
QK:/rc/cr: 0.004846139 0.527017790 0.468136071
QK:/rc/rr: 0.000000000 0.210517780 0.789482220
QK:/rrc/: 0.120803806 0.879196194 0.000000000
QK:/rrc/cr: 0.000001237 0.302409355 0.697589408
QK:/rrc/rr: 0.000000000 0.000315682 0.999684318
QQ:/cc/: 0.410921568 0.589078432 0.000000000
QQ:/cc/cr: 0.999975772 0.000012114 0.000012114
QQ:/cc/rr: 0.000000000 0.999973951 0.000026049
QQ:/crc/: 0.994127902 0.005872098 0.000000000
QQ:/crc/cr: 0.998994009 0.000502996 0.000502996
QQ:/crc/rr: 0.000000000 0.999995543 0.000004457
QQ:/crrc/: 0.072857852 0.927142148 0.000000000
QQ:/crrc/cr: 0.999973616 0.000013192 0.000013192
QQ:/crrc/rr: 0.000000000 0.999748193 0.000251807
QQ:/rc/: 0.453946758 0.546053242 0.000000000
QQ:/rc/cr: 0.999990510 0.000005508 0.000003982
QQ:/rc/rr: 0.000000000 0.999992815 0.000007185
QQ:/rrc/: 0.975435199 0.024564801 0.000000000
QQ:/rrc/cr: 0.999911477 0.000044261 0.000044261
QQ:/rrc/rr: 0.000000000 0.999998328 0.000001672
