J:/c: 0.289247366 0.710752634 0.000000000
J:/crr: 0.000000000 0.999982714 0.000017286
J:/r: 0.055594823 0.133058551 0.811346626
JJ:/cc/c: 0.999992965 0.000007035 0.000000000
JJ:/cc/crr: 0.000000000 0.999996483 0.000003517
JJ:/cc/r: 0.999982747 0.000012563 0.000004690
JJ:/crc/c: 0.999982714 0.000017286 0.000000000
JJ:/crc/crr: 0.000000000 0.999991357 0.000008643
JJ:/crc/r: 0.999976952 0.000011524 0.000011524
JJ:/crrc/c: 0.999991357 0.000008643 0.000000000
JJ:/crrc/crr: 0.000000000 0.999995678 0.000004322
JJ:/crrc/r: 0.999988476 0.000005762 0.000005762
JJ:/rc/c: 0.999974948 0.000025052 0.000000000
JJ:/rc/crr: 0.000000000 0.999987474 0.000012526
JJ:/rc/r: 0.999962797 0.000020501 0.000016701
JJ:/rrc/c: 0.999940042 0.000059958 0.000000000
JJ:/rrc/crr: 0.000000000 0.999970019 0.000029981
JJ:/rrc/r: 0.999734340 0.000225688 0.000039972
JK:/cc/c: 0.010288190 0.989711810 0.000000000
JK:/cc/crr: 0.000000000 0.000341887 0.999658113
JK:/cc/r: 0.000011723 0.000004690 0.999983587
JK:/crc/c: 0.535738236 0.464261764 0.000000000
JK:/crc/crr: 0.000000000 0.000016133 0.999983867
JK:/crc/r: 0.038598076 0.000011524 0.961390400
JK:/crrc/c: 0.482672058 0.517327942 0.000000000
JK:/crrc/crr: 0.000000000 0.000008954 0.999991046
JK:/crrc/r: 0.160825805 0.000005762 0.839168433
JK:/rc/c: 0.378742434 0.621257566 0.000000000
JK:/rc/crr: 0.000000000 0.000033072 0.999966928
JK:/rc/r: 0.352061828 0.000016701 0.647921470
JK:/rrc/c: 0.999774673 0.000225327 0.000000000
JK:/rrc/crr: 0.000000000 0.000029986 0.999970014
JK:/rrc/r: 0.246372282 0.000039972 0.753587746
JQ:/cc/c: 0.078150796 0.921849204 0.000000000
JQ:/cc/crr: 0.000000000 0.000045008 0.999954992
JQ:/cc/r: 0.033268852 0.000004690 0.966726458
JQ:/crc/c: 0.445847048 0.554152952 0.000000000
JQ:/crc/crr: 0.000000000 0.000019386 0.999980614
JQ:/crc/r: 0.018404399 0.000011524 0.981584077
JQ:/crrc/c: 0.065799583 0.934200417 0.000000000
JQ:/crrc/crr: 0.000000000 0.000065679 0.999934321
JQ:/crrc/r: 0.286279915 0.000005762 0.713714323
JQ:/rc/c: 0.991777706 0.008222294 0.000000000
JQ:/rc/crr: 0.000000000 0.000012630 0.999987370
JQ:/rc/r: 0.000017069 0.000016701 0.999966230
JQ:/rrc/c: 0.005412673 0.994587327 0.000000000
JQ:/rrc/crr: 0.000000000 0.005538634 0.994461366
JQ:/rrc/r: 0.357814369 0.000039972 0.642145659
K:/c: 0.999939970 0.000060030 0.000000000
K:/crr: 0.000000000 0.999995000 0.000005000
K:/r: 0.564200976 0.435792357 0.000006667
KJ:/cc/c: 0.256693202 0.743306798 0.000000000
KJ:/cc/crr: 0.000000000 0.837759609 0.162240391
KJ:/cc/r: 0.279040187 0.111958910 0.609000904
KJ:/crc/c: 0.095302056 0.904697944 0.000000000
KJ:/crc/crr: 0.000000000 0.999973766 0.000026234
KJ:/crc/r: 0.000107581 0.728187487 0.271704932
KJ:/crrc/c: 0.360792741 0.639207259 0.000000000
KJ:/crrc/crr: 0.000000000 0.999996535 0.000003465
KJ:/crrc/r: 0.023856272 0.836272465 0.139871263
KJ:/rc/c: 0.409269681 0.590730319 0.000000000
KJ:/rc/crr: 0.000000000 0.635712363 0.364287637
KJ:/rc/r: 0.027149284 0.750225585 0.222625131
KJ:/rrc/c: 0.301637822 0.698362178 0.000000000
KJ:/rrc/crr: 0.000000000 0.997712733 0.002287267
KJ:/rrc/r: 0.043760094 0.874457983 0.081781923
KK:/cc/c: 0.916707989 0.083292011 0.000000000
KK:/cc/crr: 0.000000000 0.954570042 0.045429958
KK:/cc/r: 0.795077950 0.149394042 0.055528007
KK:/crc/c: 0.999995000 0.000005000 0.000000000
KK:/crc/crr: 0.000000000 0.999997500 0.000002500
KK:/crc/r: 0.942151171 0.057845495 0.000003334
KK:/crrc/c: 0.999997500 0.000002500 0.000000000
KK:/crrc/crr: 0.000000000 0.999998750 0.000001250
KK:/crrc/r: 0.999996666 0.000001667 0.000001667
KK:/rc/c: 0.999992351 0.000007649 0.000000000
KK:/rc/crr: 0.000000000 0.999996176 0.000003824
KK:/rc/r: 0.999980608 0.000014293 0.000005099
KK:/rrc/c: 0.999994092 0.000005908 0.000000000
KK:/rrc/crr: 0.000000000 0.999997046 0.000002954
KK:/rrc/r: 0.999977108 0.000018953 0.000003939
KQ:/cc/c: 0.428329111 0.571670889 0.000000000
KQ:/cc/crr: 0.000000000 0.902771013 0.097228987
KQ:/cc/r: 0.280933986 0.616063344 0.103002670
KQ:/crc/c: 0.140762420 0.859237580 0.000000000
KQ:/crc/crr: 0.000000000 0.010147228 0.989852772
KQ:/crc/r: 0.000085537 0.447762311 0.552152152
KQ:/crrc/c: 0.567530914 0.432469086 0.000000000
KQ:/crrc/crr: 0.000000000 0.396621147 0.603378853
KQ:/crrc/r: 0.000008777 0.606746024 0.393245200
KQ:/rc/c: 0.000418033 0.999581967 0.000000000
KQ:/rc/crr: 0.000000000 0.192141748 0.807858252
KQ:/rc/r: 0.000024438 0.307090436 0.692885127
KQ:/rrc/c: 0.505355319 0.494644681 0.000000000
KQ:/rrc/crr: 0.000000000 0.543380299 0.456619701
KQ:/rrc/r: 0.093701882 0.537936951 0.368361166
Q:/c: 0.840519690 0.159480310 0.000000000
Q:/crr: 0.000000000 0.999994051 0.000005949
Q:/r: 0.338817527 0.661148708 0.000033766
QJ:/cc/c: 0.000589888 0.999410112 0.000000000
QJ:/cc/crr: 0.000000000 0.026574402 0.973425598
QJ:/cc/r: 0.000046086 0.000020901 0.999933013
QJ:/crc/c: 0.399407295 0.600592705 0.000000000
QJ:/crc/crr: 0.000000000 0.003999451 0.996000549
QJ:/crc/r: 0.000003966 0.000003966 0.999992068
QJ:/crrc/c: 0.000129122 0.999870878 0.000000000
QJ:/crrc/crr: 0.000000000 0.011517639 0.988482361
QJ:/crrc/r: 0.022627762 0.000001983 0.977370255
QJ:/rc/c: 0.000207052 0.999792948 0.000000000
QJ:/rc/crr: 0.000000000 0.012175023 0.987824977
QJ:/rc/r: 0.019904643 0.000003361 0.980091996
QJ:/rrc/c: 0.000295090 0.999704910 0.000000000
QJ:/rrc/crr: 0.000000000 0.016669695 0.983330305
QJ:/rrc/r: 0.000097533 0.000010341 0.999892126
QK:/cc/c: 0.300836935 0.699163065 0.000000000
QK:/cc/crr: 0.000000000 0.999947892 0.000052108
QK:/cc/r: 0.000200154 0.708246630 0.291553216
QK:/crc/c: 0.346017019 0.653982981 0.000000000
QK:/crc/crr: 0.000000000 0.006554510 0.993445490
QK:/crc/r: 0.001158881 0.426175110 0.572666009
QK:/crrc/c: 0.024529758 0.975470242 0.000000000
QK:/crrc/crr: 0.000000000 0.010293666 0.989706334
QK:/crrc/r: 0.000198876 0.294392513 0.705408611
QK:/rc/c: 0.371766050 0.628233950 0.000000000
QK:/rc/crr: 0.000000000 0.038113651 0.961886349
QK:/rc/r: 0.000006734 0.320334602 0.679658664
QK:/rrc/c: 0.413702382 0.586297618 0.000000000
QK:/rrc/crr: 0.000000000 0.043278694 0.956721306
QK:/rrc/r: 0.000587249 0.509844274 0.489568477
QQ:/cc/c: 0.999968648 0.000031352 0.000000000
QQ:/cc/crr: 0.000000000 0.999984324 0.000015676
QQ:/cc/r: 0.999921986 0.000057113 0.000020901
QQ:/crc/c: 0.999994051 0.000005949 0.000000000
QQ:/crc/crr: 0.000000000 0.999997026 0.000002974
QQ:/crc/r: 0.822748598 0.177247436 0.000003966
QQ:/crrc/c: 0.999997026 0.000002974 0.000000000
QQ:/crrc/crr: 0.000000000 0.999998513 0.000001487
QQ:/crrc/r: 0.999996034 0.000001983 0.000001983
QQ:/rc/c: 0.999994958 0.000005042 0.000000000
QQ:/rc/crr: 0.000000000 0.999997479 0.000002521
QQ:/rc/r: 0.999974751 0.000021888 0.000003361
QQ:/rrc/c: 0.999990162 0.000009838 0.000000000
QQ:/rrc/crr: 0.000000000 0.999995081 0.000004919
QQ:/rrc/r: 0.999953956 0.000039485 0.000006559
