J:/: 0.084604916 0.915395084 0.000000000
J:/cr: 0.017721308 0.035656595 0.946622097
J:/rr: 0.000000000 0.999940902 0.000059098
JJ:/cc/: 0.000324228 0.999675772 0.000000000
JJ:/cc/cr: 0.999996357 0.000001821 0.000001821
JJ:/cc/rr: 0.000000000 0.991576736 0.008423264
JJ:/crc/: 0.925472933 0.074527067 0.000000000
JJ:/crc/cr: 0.999543233 0.000228384 0.000228384
JJ:/crc/rr: 0.000000000 0.999972413 0.000027587
JJ:/crrc/: 0.925707083 0.074292917 0.000000000
JJ:/crrc/cr: 0.999078053 0.000460973 0.000460973
JJ:/crrc/rr: 0.000000000 0.999944507 0.000055493
JJ:/rc/: 0.845765745 0.154234255 0.000000000
JJ:/rc/cr: 0.999744552 0.000127724 0.000127724
JJ:/rc/rr: 0.000000000 0.999965062 0.000034938
JJ:/rrc/: 0.986694347 0.013305653 0.000000000
JJ:/rrc/cr: 0.998519383 0.000740308 0.000740308
JJ:/rrc/rr: 0.000000000 0.999985025 0.000014975
JK:/cc/: 0.077029293 0.922970707 0.000000000
JK:/cc/cr: 0.000114904 0.000001973 0.999883124
JK:/cc/rr: 0.000000000 0.000035455 0.999964545
JK:/crc/: 0.054907180 0.945092820 0.000000000
JK:/crc/cr: 0.034537855 0.000018010 0.965444135
JK:/crc/rr: 0.000000000 0.000464987 0.999535013
JK:/crrc/: 0.999811255 0.000188745 0.000000000
JK:/crrc/cr: 0.181446137 0.181446137 0.637107727
JK:/crrc/rr: 0.000000000 0.000051380 0.999948620
JK:/rc/: 0.962179349 0.037820651 0.000000000
JK:/rc/cr: 0.960787011 0.000520864 0.038692125
JK:/rc/rr: 0.000000000 0.000030711 0.999969289
JK:/rrc/: 0.499786939 0.500213061 0.000000000
JK:/rrc/cr: 0.698819554 0.000019692 0.301160753
JK:/rrc/rr: 0.000000000 0.000029563 0.999970437
JQ:/cc/: 0.197736665 0.802263335 0.000000000
JQ:/cc/cr: 0.000008222 0.000002269 0.999989508
JQ:/cc/rr: 0.000000000 0.000013812 0.999986188
JQ:/crc/: 0.993576718 0.006423282 0.000000000
JQ:/crc/cr: 0.072054460 0.002649855 0.925295686
JQ:/crc/rr: 0.000000000 0.000025696 0.999974304
JQ:/crrc/: 0.033823308 0.966176692 0.000000000
JQ:/crrc/cr: 0.139615548 0.000035446 0.860349006
JQ:/crrc/rr: 0.000000000 0.001518792 0.998481208
JQ:/rc/: 0.993834348 0.006165652 0.000000000
JQ:/rc/cr: 0.003195024 0.003195024 0.993609951
JQ:/rc/rr: 0.000000000 0.000029732 0.999970268
JQ:/rrc/: 0.116497730 0.883502270 0.000000000
JQ:/rrc/cr: 0.001099352 0.000011149 0.998889499
JQ:/rrc/rr: 0.000000000 0.000126830 0.999873170
K:/: 0.763450902 0.236549098 0.000000000
K:/cr: 0.678707350 0.321278559 0.000014092
K:/rr: 0.000000000 0.999993451 0.000006549
KJ:/cc/: 0.000058171 0.999941829 0.000000000
KJ:/cc/cr: 0.000051676 0.000009613 0.999938711
KJ:/cc/rr: 0.000000000 0.818318407 0.181681593
KJ:/crc/: 0.000047274 0.999952726 0.000000000
KJ:/crc/cr: 0.000533789 0.999458901 0.000007310
KJ:/crc/rr: 0.000000000 0.768050717 0.231949283
KJ:/crrc/: 0.039554873 0.960445127 0.000000000
KJ:/crrc/cr: 0.002952068 0.988824589 0.008223343
KJ:/crrc/rr: 0.000000000 0.590632062 0.409367938
KJ:/rc/: 0.057934563 0.942065437 0.000000000
KJ:/rc/cr: 0.015546694 0.930234480 0.054218826
KJ:/rc/rr: 0.000000000 0.319448000 0.680552000
KJ:/rrc/: 0.088009400 0.911990600 0.000000000
KJ:/rrc/cr: 0.000490089 0.997937934 0.001571977
KJ:/rrc/rr: 0.000000000 0.520637477 0.479362523
KK:/cc/: 0.993613269 0.006386731 0.000000000
KK:/cc/cr: 0.997793627 0.001103186 0.001103186
KK:/cc/rr: 0.000000000 0.999989363 0.000010637
KK:/crc/: 0.138027425 0.861972575 0.000000000
KK:/crc/cr: 0.999983039 0.000008481 0.000008481
KK:/crc/rr: 0.000000000 0.999920558 0.000079442
KK:/crrc/: 0.987885154 0.012114846 0.000000000
KK:/crrc/cr: 0.999428737 0.000285631 0.000285631
KK:/crrc/rr: 0.000000000 0.999994746 0.000005254
KK:/rc/: 0.880131196 0.119868804 0.000000000
KK:/rc/cr: 0.999963576 0.000018212 0.000018212
KK:/rc/rr: 0.000000000 0.999996279 0.000003721
KK:/rrc/: 0.534855545 0.465144455 0.000000000
KK:/rrc/cr: 0.999995307 0.000002347 0.000002347
KK:/rrc/rr: 0.000000000 0.999996939 0.000003061
KQ:/cc/: 0.000060161 0.999939839 0.000000000
KQ:/cc/cr: 0.000052312 0.425594280 0.574353407
KQ:/cc/rr: 0.000000000 0.824328752 0.175671248
KQ:/crc/: 0.909252438 0.090747562 0.000000000
KQ:/crc/cr: 0.000568532 0.522356434 0.477075034
KQ:/crc/rr: 0.000000000 0.000026002 0.999973998
KQ:/crrc/: 0.024482623 0.975517377 0.000000000
KQ:/crrc/cr: 0.020441652 0.686358338 0.293200010
KQ:/crrc/rr: 0.000000000 0.588897221 0.411102779
KQ:/rc/: 0.000056074 0.999943926 0.000000000
KQ:/rc/cr: 0.000037964 0.500824454 0.499137582
KQ:/rc/rr: 0.000000000 0.941602420 0.058397580
KQ:/rrc/: 0.687557827 0.312442173 0.000000000
KQ:/rrc/cr: 0.026026665 0.877143121 0.096830213
KQ:/rrc/rr: 0.000000000 0.385789642 0.614210358
Q:/: 0.739833592 0.260166408 0.000000000
Q:/cr: 0.158660583 0.840554674 0.000784743
Q:/rr: 0.000000000 0.999993242 0.000006758
QJ:/cc/: 0.000019218 0.999980782 0.000000000
QJ:/cc/cr: 0.000022093 0.000006406 0.999971500
QJ:/cc/rr: 0.000000000 0.500000000 0.500000000
QJ:/crc/: 0.027112371 0.972887629 0.000000000
QJ:/crc/cr: 0.003273315 0.000002611 0.996724074
QJ:/crc/rr: 0.000000000 0.000140551 0.999859449
QJ:/crrc/: 0.046563659 0.953436341 0.000000000
QJ:/crrc/cr: 0.000237532 0.000014116 0.999748352
QJ:/crrc/rr: 0.000000000 0.000433562 0.999566438
QJ:/rc/: 0.009227119 0.990772881 0.000000000
QJ:/rc/cr: 0.000003104 0.000002274 0.999994622
QJ:/rc/rr: 0.000000000 0.000366218 0.999633782
QJ:/rrc/: 0.000003379 0.999996621 0.000000000
QJ:/rrc/cr: 0.000001774 0.000001126 0.999997099
QJ:/rrc/rr: 0.000000000 0.500000000 0.500000000
QK:/cc/: 0.422522420 0.577477580 0.000000000
QK:/cc/cr: 0.034476776 0.965501662 0.000021562
QK:/cc/rr: 0.000000000 0.999977257 0.000022743
QK:/crc/: 0.010411878 0.989588122 0.000000000
QK:/crc/cr: 0.000002567 0.557669976 0.442327457
QK:/crc/rr: 0.000000000 0.000365993 0.999634007
QK:/crrc/: 0.895277237 0.104722763 0.000000000
QK:/crrc/cr: 0.000208801 0.628021435 0.371769764
QK:/crrc/rr: 0.000000000 0.000594673 0.999405327
QK:/rc/: 0.473604585 0.526395415 0.000000000
QK:/rc/cr: 0.034739696 0.514909123 0.450351181
QK:/rc/rr: 0.000000000 0.194555846 0.805444154
QK:/rrc/: 0.128941229 0.871058771 0.000000000
QK:/rrc/cr: 0.000001293 0.304103267 0.695895440
QK:/rrc/rr: 0.000000000 0.000669075 0.999330925
QQ:/cc/: 0.526465727 0.473534273 0.000000000
QQ:/cc/cr: 0.999972943 0.000013528 0.000013528
QQ:/cc/rr: 0.000000000 0.999981748 0.000018252
QQ:/crc/: 0.989881408 0.010118592 0.000000000
QQ:/crc/cr: 0.999497865 0.000251067 0.000251067
QQ:/crc/rr: 0.000000000 0.999996150 0.000003850
QQ:/crrc/: 0.175144484 0.824855516 0.000000000
QQ:/crrc/cr: 0.999967367 0.000016317 0.000016317
QQ:/crrc/rr: 0.000000000 0.999884734 0.000115266
QQ:/rc/: 0.570882329 0.429117671 0.000000000
QQ:/rc/cr: 0.999989501 0.000005250 0.000005250
QQ:/rc/rr: 0.000000000 0.999994081 0.000005919
QQ:/rrc/: 0.979212933 0.020787067 0.000000000
QQ:/rrc/cr: 0.999891626 0.000054187 0.000054187
QQ:/rrc/rr: 0.000000000 0.999998275 0.000001725
