J:/c: 0.298541302 0.701458698 0.000000000
J:/crr: 0.000000000 0.999983252 0.000016748
J:/r: 0.055400751 0.128769283 0.815829966
JJ:/cc/c: 0.999992872 0.000007128 0.000000000
JJ:/cc/crr: 0.000000000 0.999996436 0.000003564
JJ:/cc/r: 0.999990496 0.000004752 0.000004752
JJ:/crc/c: 0.999983252 0.000016748 0.000000000
JJ:/crc/crr: 0.000000000 0.999991626 0.000008374
JJ:/crc/r: 0.999851466 0.000137369 0.000011165
JJ:/crrc/c: 0.999991626 0.000008374 0.000000000
JJ:/crrc/crr: 0.000000000 0.999995813 0.000004187
JJ:/crrc/r: 0.999973383 0.000021034 0.000005583
JJ:/rc/c: 0.999974114 0.000025886 0.000000000
JJ:/rc/crr: 0.000000000 0.999987057 0.000012943
JJ:/rc/r: 0.999950430 0.000032313 0.000017257
JJ:/rrc/c: 0.999939832 0.000060168 0.000000000
JJ:/rrc/crr: 0.000000000 0.999969914 0.000030086
JJ:/rrc/r: 0.999801047 0.000158841 0.000040112
JK:/cc/c: 0.006213808 0.993786192 0.000000000
JK:/cc/crr: 0.000000000 0.000573562 0.999426438
JK:/cc/r: 0.000004752 0.000004752 0.999990496
JK:/crc/c: 0.528645641 0.471354359 0.000000000
JK:/crc/crr: 0.000000000 0.000015841 0.999984159
JK:/crc/r: 0.023363796 0.000011165 0.976625038
JK:/crrc/c: 0.588913536 0.411086464 0.000000000
JK:/crrc/crr: 0.000000000 0.000007110 0.999992890
JK:/crrc/r: 0.192997502 0.000005583 0.806996915
JK:/rc/c: 0.380730671 0.619269329 0.000000000
JK:/rc/crr: 0.000000000 0.000033995 0.999966005
JK:/rc/r: 0.364052183 0.000017257 0.635930560
JK:/rrc/c: 0.999890372 0.000109628 0.000000000
JK:/rrc/crr: 0.000000000 0.000030087 0.999969913
JK:/rrc/r: 0.303984708 0.000040112 0.695975181
JQ:/cc/c: 0.067414104 0.932585896 0.000000000
JQ:/cc/crr: 0.000000000 0.000052867 0.999947133
JQ:/cc/r: 0.038432929 0.000004752 0.961562319
JQ:/crc/c: 0.499490637 0.500509363 0.000000000
JQ:/crc/crr: 0.000000000 0.000016765 0.999983235
JQ:/crc/r: 0.029263225 0.000011165 0.970725610
JQ:/crrc/c: 0.054340180 0.945659820 0.000000000
JQ:/crrc/crr: 0.000000000 0.000077053 0.999922947
JQ:/crrc/r: 0.159029133 0.000005583 0.840965284
JQ:/rc/c: 0.996602497 0.003397503 0.000000000
JQ:/rc/crr: 0.000000000 0.000012987 0.999987013
JQ:/rc/r: 0.000017257 0.000017257 0.999965485
JQ:/rrc/c: 0.007737781 0.992262219 0.000000000
JQ:/rrc/crr: 0.000000000 0.003887914 0.996112086
JQ:/rrc/r: 0.446038012 0.000040112 0.553921876
K:/c: 0.999969636 0.000030364 0.000000000
K:/crr: 0.000000000 0.999995000 0.000005000
K:/r: 0.577686168 0.422307165 0.000006667
KJ:/cc/c: 0.424100964 0.575899036 0.000000000
KJ:/cc/crr: 0.000000000 0.805861070 0.194138930
KJ:/cc/r: 0.479031644 0.207793399 0.313174957
KJ:/crc/c: 0.134456035 0.865543965 0.000000000
KJ:/crc/crr: 0.000000000 0.999981406 0.000018594
KJ:/crc/r: 0.000047272 0.723015367 0.276937360
KJ:/crrc/c: 0.436731044 0.563268956 0.000000000
KJ:/crrc/crr: 0.000000000 0.999997138 0.000002862
KJ:/crrc/r: 0.066200750 0.777282338 0.156516912
KJ:/rc/c: 0.423834684 0.576165316 0.000000000
KJ:/rc/crr: 0.000000000 0.955092857 0.044907143
KJ:/rc/r: 0.022460966 0.748110181 0.229428852
KJ:/rrc/c: 0.489119037 0.510880963 0.000000000
KJ:/rrc/crr: 0.000000000 0.999994101 0.000005899
KJ:/rrc/r: 0.042492281 0.900902719 0.056605000
KK:/cc/c: 0.835330986 0.164669014 0.000000000
KK:/cc/crr: 0.000000000 0.901434870 0.098565130
KK:/cc/r: 0.614400384 0.275820273 0.109779343
KK:/crc/c: 0.999995000 0.000005000 0.000000000
KK:/crc/crr: 0.000000000 0.999997500 0.000002500
KK:/crc/r: 0.999976068 0.000020599 0.000003333
KK:/crrc/c: 0.999997500 0.000002500 0.000000000
KK:/crrc/crr: 0.000000000 0.999998750 0.000001250
KK:/crrc/r: 0.999994180 0.000004153 0.000001667
KK:/rc/c: 0.999992107 0.000007893 0.000000000
KK:/rc/crr: 0.000000000 0.999996053 0.000003947
KK:/rc/r: 0.999980185 0.000014553 0.000005262
KK:/rrc/c: 0.999994230 0.000005770 0.000000000
KK:/rrc/crr: 0.000000000 0.999997115 0.000002885
KK:/rrc/r: 0.999645783 0.000350370 0.000003847
KQ:/cc/c: 0.829466127 0.170533873 0.000000000
KQ:/cc/crr: 0.000000000 0.900737951 0.099262049
KQ:/cc/r: 0.494832931 0.393469743 0.111697326
KQ:/crc/c: 0.168416885 0.831583115 0.000000000
KQ:/crc/crr: 0.000000000 0.003027192 0.996972808
KQ:/crc/r: 0.000016011 0.436667372 0.563316617
KQ:/crrc/c: 0.590709505 0.409290495 0.000000000
KQ:/crrc/crr: 0.000000000 0.406371759 0.593628241
KQ:/crrc/r: 0.000383081 0.727719347 0.271897571
KQ:/rc/c: 0.000172685 0.999827315 0.000000000
KQ:/rc/crr: 0.000000000 0.022854226 0.977145774
KQ:/rc/r: 0.000019958 0.301497733 0.698482310
KQ:/rrc/c: 0.493357171 0.506642829 0.000000000
KQ:/rrc/crr: 0.000000000 0.599288861 0.400711139
KQ:/rrc/r: 0.066968603 0.570558594 0.362472803
Q:/c: 0.849533874 0.150466126 0.000000000
Q:/crr: 0.000000000 0.999994114 0.000005886
Q:/r: 0.358454607 0.641504390 0.000041002
QJ:/cc/c: 0.000628769 0.999371231 0.000000000
QJ:/cc/crr: 0.000000000 0.026424687 0.973575313
QJ:/cc/r: 0.000022153 0.000022153 0.999955693
QJ:/crc/c: 0.420702372 0.579297628 0.000000000
QJ:/crc/crr: 0.000000000 0.000684431 0.999315569
QJ:/crc/r: 0.000326759 0.000003924 0.999669317
QJ:/crrc/c: 0.000064068 0.999935932 0.000000000
QJ:/crrc/crr: 0.000000000 0.022966160 0.977033840
QJ:/crrc/r: 0.007110092 0.000001962 0.992887946
QJ:/rc/c: 0.000041401 0.999958599 0.000000000
QJ:/rc/crr: 0.000000000 0.062754061 0.937245939
QJ:/rc/r: 0.017316799 0.000003464 0.982679737
QJ:/rrc/c: 0.000189705 0.999810295 0.000000000
QJ:/rrc/crr: 0.000000000 0.024509593 0.975490407
QJ:/rrc/r: 0.000082513 0.000006199 0.999911288
QK:/cc/c: 0.019844527 0.980155473 0.000000000
QK:/cc/crr: 0.000000000 0.999162740 0.000837260
QK:/cc/r: 0.000094420 0.729813084 0.270092497
QK:/crc/c: 0.335606449 0.664393551 0.000000000
QK:/crc/crr: 0.000000000 0.004492132 0.995507868
QK:/crc/r: 0.000121837 0.456070647 0.543807517
QK:/crrc/c: 0.002416621 0.997583379 0.000000000
QK:/crrc/crr: 0.000000000 0.212927778 0.787072222
QK:/crrc/r: 0.000050777 0.279840922 0.720108301
QK:/rc/c: 0.367216194 0.632783806 0.000000000
QK:/rc/crr: 0.000000000 0.008592430 0.991407570
QK:/rc/r: 0.000018626 0.310060343 0.689921031
QK:/rrc/c: 0.428771209 0.571228791 0.000000000
QK:/rrc/crr: 0.000000000 0.060673940 0.939326060
QK:/rrc/r: 0.000074489 0.510115190 0.489810321
QQ:/cc/c: 0.999966770 0.000033230 0.000000000
QQ:/cc/crr: 0.000000000 0.999983384 0.000016616
QQ:/cc/r: 0.999934890 0.000042956 0.000022153
QQ:/crc/c: 0.999994114 0.000005886 0.000000000
QQ:/crc/crr: 0.000000000 0.999997057 0.000002943
QQ:/crc/r: 0.999960266 0.000035810 0.000003924
QQ:/crrc/c: 0.999997057 0.000002943 0.000000000
QQ:/crrc/crr: 0.000000000 0.999998529 0.000001471
QQ:/crrc/r: 0.999996076 0.000001962 0.000001962
QQ:/rc/c: 0.999994804 0.000005196 0.000000000
QQ:/rc/crr: 0.000000000 0.999997402 0.000002598
QQ:/rc/r: 0.999992176 0.000004360 0.000003464
QQ:/rrc/c: 0.999990701 0.000009299 0.000000000
QQ:/rrc/crr: 0.000000000 0.999995350 0.000004650
QQ:/rrc/r: 0.999960125 0.000033675 0.000006199
