J:/c: 0.316471384 0.683528616 0.000000000
J:/crr: 0.000000000 0.999984201 0.000015799
J:/r: 0.056365571 0.125013300 0.818621129
JJ:/cc/c: 0.999992685 0.000007315 0.000000000
JJ:/cc/crr: 0.000000000 0.999996342 0.000003658
JJ:/cc/r: 0.999990247 0.000004877 0.000004877
JJ:/crc/c: 0.999984201 0.000015799 0.000000000
JJ:/crc/crr: 0.000000000 0.999992100 0.000007900
JJ:/crc/r: 0.999951899 0.000037569 0.000010533
JJ:/crrc/c: 0.999992100 0.000007900 0.000000000
JJ:/crrc/crr: 0.000000000 0.999996050 0.000003950
JJ:/crrc/r: 0.999959858 0.000034876 0.000005266
JJ:/rc/c: 0.999973336 0.000026664 0.000000000
JJ:/rc/crr: 0.000000000 0.999986668 0.000013332
JJ:/rc/r: 0.999964448 0.000017776 0.000017776
JJ:/rrc/c: 0.999940862 0.000059138 0.000000000
JJ:/rrc/crr: 0.000000000 0.999970429 0.000029571
JJ:/rrc/r: 0.999921150 0.000039425 0.000039425
JK:/cc/c: 0.000007315 0.999992685 0.000000000
JK:/cc/crr: 0.000000000 0.500000000 0.500000000
JK:/cc/r: 0.000004877 0.000004877 0.999990247
JK:/crc/c: 0.482008403 0.517991597 0.000000000
JK:/crc/crr: 0.000000000 0.000016389 0.999983611
JK:/crc/r: 0.010815468 0.000010533 0.989174000
JK:/crrc/c: 0.415216637 0.584783363 0.000000000
JK:/crrc/crr: 0.000000000 0.000009513 0.999990487
JK:/crrc/r: 0.151734544 0.000005266 0.848260190
JK:/rc/c: 0.390524024 0.609475976 0.000000000
JK:/rc/crr: 0.000000000 0.000034139 0.999965861
JK:/rc/r: 0.357377791 0.000017776 0.642604433
JK:/rrc/c: 0.999940862 0.000059138 0.000000000
JK:/rrc/crr: 0.000000000 0.000029571 0.999970429
JK:/rrc/r: 0.378733769 0.000039425 0.621226806
JQ:/cc/c: 0.072314614 0.927685386 0.000000000
JQ:/cc/crr: 0.000000000 0.000050577 0.999949423
JQ:/cc/r: 0.035035108 0.000004877 0.964960016
JQ:/crc/c: 0.524194245 0.475805755 0.000000000
JQ:/crc/crr: 0.000000000 0.000015070 0.999984930
JQ:/crc/r: 0.000047705 0.000010533 0.999941762
JQ:/crrc/c: 0.059637589 0.940362411 0.000000000
JQ:/crrc/crr: 0.000000000 0.000066231 0.999933769
JQ:/crrc/r: 0.216931610 0.000005266 0.783063123
JQ:/rc/c: 0.998404878 0.001595122 0.000000000
JQ:/rc/crr: 0.000000000 0.000013353 0.999986647
JQ:/rc/r: 0.000017776 0.000017776 0.999964448
JQ:/rrc/c: 0.019237158 0.980762842 0.000000000
JQ:/rrc/crr: 0.000000000 0.001537071 0.998462929
JQ:/rrc/r: 0.490301872 0.000039425 0.509658703
K:/c: 0.999990000 0.000010000 0.000000000
K:/crr: 0.000000000 0.999995000 0.000005000
K:/r: 0.595396746 0.404596587 0.000006667
KJ:/cc/c: 0.500000000 0.500000000 0.000000000
KJ:/cc/crr: 0.000000000 0.500000000 0.500000000
KJ:/cc/r: 0.333333333 0.333333333 0.333333333
KJ:/crc/c: 0.065356361 0.934643639 0.000000000
KJ:/crc/crr: 0.000000000 0.999961748 0.000038252
KJ:/crc/r: 0.000005280 0.718563865 0.281430856
KJ:/crrc/c: 0.278547770 0.721452230 0.000000000
KJ:/crrc/crr: 0.000000000 0.632075447 0.367924553
KJ:/crrc/r: 0.000063702 0.999913905 0.000022393
KJ:/rc/c: 0.460135860 0.539864140 0.000000000
KJ:/rc/crr: 0.000000000 0.999991048 0.000008952
KJ:/rc/r: 0.000300996 0.999678617 0.000020387
KJ:/rrc/c: 0.140267081 0.859732919 0.000000000
KJ:/rrc/crr: 0.000000000 0.999980043 0.000019957
KJ:/rrc/r: 0.001024758 0.964820703 0.034154538
KK:/cc/c: 0.500000000 0.500000000 0.000000000
KK:/cc/crr: 0.000000000 0.500000000 0.500000000
KK:/cc/r: 0.333333333 0.333333333 0.333333333
KK:/crc/c: 0.999995000 0.000005000 0.000000000
KK:/crc/crr: 0.000000000 0.999997500 0.000002500
KK:/crc/r: 0.980651409 0.019345258 0.000003333
KK:/crrc/c: 0.999997500 0.000002500 0.000000000
KK:/crrc/crr: 0.000000000 0.999998750 0.000001250
KK:/crrc/r: 0.999359540 0.000638793 0.000001667
KK:/rc/c: 0.999991761 0.000008239 0.000000000
KK:/rc/crr: 0.000000000 0.999995881 0.000004119
KK:/rc/r: 0.999968280 0.000026228 0.000005492
KK:/rrc/c: 0.999994401 0.000005599 0.000000000
KK:/rrc/crr: 0.000000000 0.999997201 0.000002799
KK:/rrc/r: 0.997422185 0.002574083 0.000003732
KQ:/cc/c: 0.500000000 0.500000000 0.000000000
KQ:/cc/crr: 0.000000000 0.500000000 0.500000000
KQ:/cc/r: 0.333333333 0.333333333 0.333333333
KQ:/crc/c: 0.000111744 0.999888256 0.000000000
KQ:/crc/crr: 0.000000000 0.022372772 0.977627228
KQ:/crc/r: 0.000009988 0.423715068 0.576274944
KQ:/crrc/c: 0.589673893 0.410326107 0.000000000
KQ:/crrc/crr: 0.000000000 0.379896558 0.620103442
KQ:/crrc/r: 0.000045439 0.677054957 0.322899604
KQ:/rc/c: 0.000008239 0.999991761 0.000000000
KQ:/rc/crr: 0.000000000 0.500000000 0.500000000
KQ:/rc/r: 0.000006727 0.315326983 0.684666290
KQ:/rrc/c: 0.504485021 0.495514979 0.000000000
KQ:/rrc/crr: 0.000000000 0.446824810 0.553175190
KQ:/rrc/r: 0.053979085 0.581724878 0.364296037
Q:/c: 0.848989847 0.151010153 0.000000000
Q:/crr: 0.000000000 0.999994111 0.000005889
Q:/r: 0.377565919 0.622385325 0.000048756
QJ:/cc/c: 0.000033110 0.999966890 0.000000000
QJ:/cc/crr: 0.000000000 0.500000000 0.500000000
QJ:/cc/r: 0.000022074 0.000022074 0.999955853
QJ:/crc/c: 0.380429330 0.619570670 0.000000000
QJ:/crc/crr: 0.000000000 0.000032769 0.999967231
QJ:/crc/r: 0.000003926 0.000003926 0.999992148
QJ:/crrc/c: 0.000002945 0.999997055 0.000000000
QJ:/crrc/crr: 0.000000000 0.500000000 0.500000000
QJ:/crrc/r: 0.000006673 0.000001963 0.999991364
QJ:/rc/c: 0.000005356 0.999994644 0.000000000
QJ:/rc/crr: 0.000000000 0.500000000 0.500000000
QJ:/rc/r: 0.000003570 0.000003570 0.999992859
QJ:/rrc/c: 0.000008828 0.999991172 0.000000000
QJ:/rrc/crr: 0.000000000 0.500000000 0.500000000
QJ:/rrc/r: 0.000005886 0.000005886 0.999988229
QK:/cc/c: 0.001421164 0.998578836 0.000000000
QK:/cc/crr: 0.000000000 0.988350974 0.011649026
QK:/cc/r: 0.000022074 0.711334023 0.288643904
QK:/crc/c: 0.380487891 0.619512109 0.000000000
QK:/crc/crr: 0.000000000 0.000075252 0.999924748
QK:/crc/r: 0.000031561 0.552236161 0.447732279
QK:/crrc/c: 0.000214690 0.999785310 0.000000000
QK:/crrc/crr: 0.000000000 0.993141975 0.006858025
QK:/crrc/r: 0.000027548 0.303445583 0.696526869
QK:/rc/c: 0.362891448 0.637108552 0.000000000
QK:/rc/crr: 0.000000000 0.003680947 0.996319053
QK:/rc/r: 0.000003570 0.322491029 0.677505400
QK:/rrc/c: 0.421713559 0.578286441 0.000000000
QK:/rrc/crr: 0.000000000 0.000254364 0.999745636
QK:/rrc/r: 0.000005886 0.475086459 0.524907655
QQ:/cc/c: 0.999966890 0.000033110 0.000000000
QQ:/cc/crr: 0.000000000 0.999983444 0.000016556
QQ:/cc/r: 0.999784432 0.000193494 0.000022074
QQ:/crc/c: 0.999994111 0.000005889 0.000000000
QQ:/crc/crr: 0.000000000 0.999997055 0.000002945
QQ:/crc/r: 0.999946935 0.000049139 0.000003926
QQ:/crrc/c: 0.999997055 0.000002945 0.000000000
QQ:/crrc/crr: 0.000000000 0.999998528 0.000001472
QQ:/crrc/r: 0.999698479 0.000299558 0.000001963
QQ:/rc/c: 0.999994644 0.000005356 0.000000000
QQ:/rc/crr: 0.000000000 0.999997322 0.000002678
QQ:/rc/r: 0.999992859 0.000003570 0.000003570
QQ:/rrc/c: 0.999991172 0.000008828 0.000000000
QQ:/rrc/crr: 0.000000000 0.999995586 0.000004414
QQ:/rrc/r: 0.999985610 0.000008504 0.000005886
