J:/c: 0.299716106 0.700283894 0.000000000
J:/crr: 0.000000000 0.999983318 0.000016682
J:/r: 0.055264315 0.130591679 0.814144006
JJ:/cc/c: 0.999992860 0.000007140 0.000000000
JJ:/cc/crr: 0.000000000 0.999996430 0.000003570
JJ:/cc/r: 0.999982659 0.000012581 0.000004760
JJ:/crc/c: 0.999983318 0.000016682 0.000000000
JJ:/crc/crr: 0.000000000 0.999991659 0.000008341
JJ:/crc/r: 0.999977757 0.000011122 0.000011122
JJ:/crrc/c: 0.999991659 0.000008341 0.000000000
JJ:/crrc/crr: 0.000000000 0.999995829 0.000004171
JJ:/crrc/r: 0.999988878 0.000005561 0.000005561
JJ:/rc/c: 0.999974475 0.000025525 0.000000000
JJ:/rc/crr: 0.000000000 0.999987237 0.000012763
JJ:/rc/r: 0.999963064 0.000019920 0.000017017
JJ:/rrc/c: 0.999939684 0.000060316 0.000000000
JJ:/rrc/crr: 0.000000000 0.999969840 0.000030160
JJ:/rrc/r: 0.999755795 0.000203994 0.000040211
JK:/cc/c: 0.005060835 0.994939165 0.000000000
JK:/cc/crr: 0.000000000 0.000705413 0.999294587
JK:/cc/r: 0.000010762 0.000004760 0.999984478
JK:/crc/c: 0.503495063 0.496504937 0.000000000
JK:/crc/crr: 0.000000000 0.000016567 0.999983433
JK:/crc/r: 0.081263112 0.000011122 0.918725766
JK:/crrc/c: 0.473985883 0.526014117 0.000000000
JK:/crrc/crr: 0.000000000 0.000008799 0.999991201
JK:/crrc/r: 0.199673633 0.000005561 0.800320806
JK:/rc/c: 0.381360520 0.618639480 0.000000000
JK:/rc/crr: 0.000000000 0.000033466 0.999966534
JK:/rc/r: 0.366257168 0.000017017 0.633725815
JK:/rrc/c: 0.999732143 0.000267857 0.000000000
JK:/rrc/crr: 0.000000000 0.000030166 0.999969834
JK:/rrc/r: 0.276439388 0.000040211 0.723520402
JQ:/cc/c: 0.068872009 0.931127991 0.000000000
JQ:/cc/crr: 0.000000000 0.000051835 0.999948165
JQ:/cc/r: 0.027784597 0.000004760 0.972210643
JQ:/crc/c: 0.453310518 0.546689482 0.000000000
JQ:/crc/crr: 0.000000000 0.000018401 0.999981599
JQ:/crc/r: 0.068192952 0.000011122 0.931795926
JQ:/crrc/c: 0.038125680 0.961874320 0.000000000
JQ:/crrc/crr: 0.000000000 0.000109393 0.999890607
JQ:/crrc/r: 0.227632158 0.000005561 0.772362281
JQ:/rc/c: 0.992448445 0.007551555 0.000000000
JQ:/rc/crr: 0.000000000 0.000012860 0.999987140
JQ:/rc/r: 0.000017017 0.000017017 0.999965967
JQ:/rrc/c: 0.018150023 0.981849977 0.000000000
JQ:/rrc/crr: 0.000000000 0.001661601 0.998338399
JQ:/rrc/r: 0.392653748 0.000040211 0.607306042
K:/c: 0.999969358 0.000030642 0.000000000
K:/crr: 0.000000000 0.999995000 0.000005000
K:/r: 0.570339601 0.429653732 0.000006667
KJ:/cc/c: 0.467137174 0.532862826 0.000000000
KJ:/cc/crr: 0.000000000 0.825348263 0.174651737
KJ:/cc/r: 0.536403539 0.220280321 0.243316140
KJ:/crc/c: 0.141235651 0.858764349 0.000000000
KJ:/crc/crr: 0.000000000 0.999982299 0.000017701
KJ:/crc/r: 0.000106168 0.722536818 0.277357014
KJ:/crrc/c: 0.305999010 0.694000990 0.000000000
KJ:/crrc/crr: 0.000000000 0.999995915 0.000004085
KJ:/crrc/r: 0.125169813 0.727918758 0.146911429
KJ:/rc/c: 0.481313154 0.518686846 0.000000000
KJ:/rc/crr: 0.000000000 0.713223553 0.286776447
KJ:/rc/r: 0.026516632 0.740795362 0.232688006
KJ:/rrc/c: 0.180690864 0.819309136 0.000000000
KJ:/rrc/crr: 0.000000000 0.993753968 0.006246032
KJ:/rrc/r: 0.059952403 0.863702672 0.076344925
KK:/cc/c: 0.836827362 0.163172638 0.000000000
KK:/cc/crr: 0.000000000 0.902505197 0.097494803
KK:/cc/r: 0.593721491 0.297496750 0.108781759
KK:/crc/c: 0.999995000 0.000005000 0.000000000
KK:/crc/crr: 0.000000000 0.999997500 0.000002500
KK:/crc/r: 0.793879211 0.206117456 0.000003333
KK:/crrc/c: 0.999997500 0.000002500 0.000000000
KK:/crrc/crr: 0.000000000 0.999998750 0.000001250
KK:/crrc/r: 0.999980242 0.000018091 0.000001667
KK:/rc/c: 0.999992242 0.000007758 0.000000000
KK:/rc/crr: 0.000000000 0.999996121 0.000003879
KK:/rc/r: 0.999980600 0.000014228 0.000005172
KK:/rrc/c: 0.999994156 0.000005844 0.000000000
KK:/rrc/crr: 0.000000000 0.999997078 0.000002922
KK:/rrc/r: 0.999975385 0.000020718 0.000003896
KQ:/cc/c: 0.836827362 0.163172638 0.000000000
KQ:/cc/crr: 0.000000000 0.902505197 0.097494803
KQ:/cc/r: 0.532990584 0.297674207 0.169335209
KQ:/crc/c: 0.198857454 0.801142546 0.000000000
KQ:/crc/crr: 0.000000000 0.014974540 0.985025460
KQ:/crc/r: 0.000060799 0.439069152 0.560870049
KQ:/crrc/c: 0.600087075 0.399912925 0.000000000
KQ:/crrc/crr: 0.000000000 0.422606311 0.577393689
KQ:/crrc/r: 0.001375590 0.651585594 0.347038816
KQ:/rc/c: 0.000519296 0.999480704 0.000000000
KQ:/rc/crr: 0.000000000 0.081794888 0.918205112
KQ:/rc/r: 0.000022618 0.311895361 0.688082021
KQ:/rrc/c: 0.504033730 0.495966270 0.000000000
KQ:/rrc/crr: 0.000000000 0.562265942 0.437734058
KQ:/rrc/r: 0.086751518 0.539433514 0.373814968
Q:/c: 0.833462950 0.166537050 0.000000000
Q:/crr: 0.000000000 0.999994001 0.000005999
Q:/r: 0.351740421 0.648212417 0.000047163
QJ:/cc/c: 0.000274269 0.999725731 0.000000000
QJ:/cc/crr: 0.000000000 0.054733410 0.945266590
QJ:/cc/r: 0.000035436 0.000020016 0.999944548
QJ:/crc/c: 0.436054580 0.563945420 0.000000000
QJ:/crc/crr: 0.000000000 0.030433482 0.969566518
QJ:/crc/r: 0.000122976 0.000003999 0.999873024
QJ:/crrc/c: 0.000003000 0.999997000 0.000000000
QJ:/crrc/crr: 0.000000000 0.500000000 0.500000000
QJ:/crrc/r: 0.009763405 0.000002000 0.990234595
QJ:/rc/c: 0.000082423 0.999917577 0.000000000
QJ:/rc/crr: 0.000000000 0.031194794 0.968805206
QJ:/rc/r: 0.018070113 0.000003428 0.981926459
QJ:/rrc/c: 0.000238887 0.999761113 0.000000000
QJ:/rrc/crr: 0.000000000 0.019835064 0.980164936
QJ:/rrc/r: 0.000088811 0.000006318 0.999904871
QK:/cc/c: 0.134146318 0.865853682 0.000000000
QK:/cc/crr: 0.000000000 0.999888095 0.000111905
QK:/cc/r: 0.000140061 0.685685705 0.314174234
QK:/crc/c: 0.385995298 0.614004702 0.000000000
QK:/crc/crr: 0.000000000 0.004953096 0.995046904
QK:/crc/r: 0.000189222 0.424734212 0.575076566
QK:/crrc/c: 0.059071161 0.940928839 0.000000000
QK:/crrc/crr: 0.000000000 0.012155870 0.987844130
QK:/crrc/r: 0.000039890 0.289268257 0.710691853
QK:/rc/c: 0.370726480 0.629273520 0.000000000
QK:/rc/crr: 0.000000000 0.006137827 0.993862173
QK:/rc/r: 0.000009992 0.306714117 0.693275891
QK:/rrc/c: 0.418261467 0.581738533 0.000000000
QK:/rrc/crr: 0.000000000 0.043384524 0.956615476
QK:/rrc/r: 0.000090598 0.512350725 0.487558678
QQ:/cc/c: 0.999969977 0.000030023 0.000000000
QQ:/cc/crr: 0.000000000 0.999984988 0.000015012
QQ:/cc/r: 0.999924711 0.000055274 0.000020016
QQ:/crc/c: 0.999994001 0.000005999 0.000000000
QQ:/crc/crr: 0.000000000 0.999997000 0.000003000
QQ:/crc/r: 0.974717721 0.025278280 0.000003999
QQ:/crrc/c: 0.999997000 0.000003000 0.000000000
QQ:/crrc/crr: 0.000000000 0.999998500 0.000001500
QQ:/crrc/r: 0.999996001 0.000002000 0.000002000
QQ:/rc/c: 0.999994858 0.000005142 0.000000000
QQ:/rc/crr: 0.000000000 0.999997429 0.000002571
QQ:/rc/r: 0.999992633 0.000003939 0.000003428
QQ:/rrc/c: 0.999990523 0.000009477 0.000000000
QQ:/rrc/crr: 0.000000000 0.999995262 0.000004738
QQ:/rrc/r: 0.999957502 0.000036180 0.000006318
