J:/: 0.072316484 0.927683516 0.000000000
J:/cr: 0.020088723 0.030423024 0.949488252
J:/rr: 0.000000000 0.999930859 0.000069141
JJ:/cc/: 0.000248110 0.999751890 0.000000000
JJ:/cc/cr: 0.999996406 0.000001797 0.000001797
JJ:/cc/rr: 0.000000000 0.989138364 0.010861636
JJ:/crc/: 0.953781365 0.046218635 0.000000000
JJ:/crc/cr: 0.999148199 0.000425901 0.000425901
JJ:/crc/rr: 0.000000000 0.999969042 0.000030958
JJ:/crrc/: 0.983532158 0.016467842 0.000000000
JJ:/crrc/cr: 0.996379499 0.001810250 0.001810250
JJ:/crrc/rr: 0.000000000 0.999954535 0.000045465
JJ:/rc/: 0.898980324 0.101019676 0.000000000
JJ:/rc/cr: 0.999543716 0.000228142 0.000228142
JJ:/rc/rr: 0.000000000 0.999961545 0.000038455
JJ:/rrc/: 0.996828775 0.003171225 0.000000000
JJ:/rrc/cr: 0.992732009 0.003633996 0.003633996
JJ:/rrc/rr: 0.000000000 0.999982659 0.000017341
JK:/cc/: 0.086503411 0.913496589 0.000000000
JK:/cc/cr: 0.000001967 0.000001967 0.999996067
JK:/cc/rr: 0.000000000 0.000031154 0.999968846
JK:/crc/: 0.044604288 0.955395712 0.000000000
JK:/crc/cr: 0.008715469 0.000020604 0.991263928
JK:/crc/rr: 0.000000000 0.000661972 0.999338028
JK:/crrc/: 0.999910567 0.000089433 0.000000000
JK:/crrc/cr: 0.333333333 0.333333333 0.333333333
JK:/crrc/rr: 0.000000000 0.000044720 0.999955280
JK:/rc/: 0.993306085 0.006693915 0.000000000
JK:/rc/cr: 0.993114091 0.003442954 0.003442954
JK:/rc/rr: 0.000000000 0.000034803 0.999965197
JK:/rrc/: 0.539868871 0.460131129 0.000000000
JK:/rrc/cr: 0.926391531 0.000025046 0.073583423
JK:/rrc/rr: 0.000000000 0.000032019 0.999967981
JQ:/cc/: 0.134015418 0.865984582 0.000000000
JQ:/cc/cr: 0.000002936 0.000002075 0.999994990
JQ:/cc/rr: 0.000000000 0.000020109 0.999979891
JQ:/crc/: 0.995929284 0.004070716 0.000000000
JQ:/crc/cr: 0.009819323 0.004835645 0.985345032
JQ:/crc/rr: 0.000000000 0.000029647 0.999970353
JQ:/crrc/: 0.019429982 0.980570018 0.000000000
JQ:/crrc/cr: 0.184215678 0.000030402 0.815753920
JQ:/crrc/rr: 0.000000000 0.002301411 0.997698589
JQ:/rc/: 0.995963724 0.004036276 0.000000000
JQ:/rc/cr: 0.005709928 0.005709928 0.988580144
JQ:/rc/rr: 0.000000000 0.000034710 0.999965290
JQ:/rrc/: 0.170783627 0.829216373 0.000000000
JQ:/rrc/cr: 0.000013898 0.000013898 0.999972205
JQ:/rrc/rr: 0.000000000 0.000101218 0.999898782
K:/: 0.747062837 0.252937163 0.000000000
K:/cr: 0.734541186 0.265445636 0.000013179
K:/rr: 0.000000000 0.999993307 0.000006693
KJ:/cc/: 0.000048027 0.999951973 0.000000000
KJ:/cc/cr: 0.000046749 0.000009990 0.999943261
KJ:/cc/rr: 0.000000000 0.794200425 0.205799575
KJ:/crc/: 0.000056939 0.999943061 0.000000000
KJ:/crc/cr: 0.000372272 0.999619454 0.000008275
KJ:/crc/rr: 0.000000000 0.782018971 0.217981029
KJ:/crrc/: 0.085328105 0.914671895 0.000000000
KJ:/crrc/cr: 0.001302114 0.995539086 0.003158800
KJ:/crrc/rr: 0.000000000 0.623694297 0.376305703
KJ:/rc/: 0.072909122 0.927090878 0.000000000
KJ:/rc/cr: 0.004175914 0.971819397 0.024004689
KJ:/rc/rr: 0.000000000 0.436310985 0.563689015
KJ:/rrc/: 0.081696671 0.918303329 0.000000000
KJ:/rrc/cr: 0.000362746 0.999457625 0.000179630
KJ:/rrc/rr: 0.000000000 0.617546097 0.382453903
KK:/cc/: 0.999672725 0.000327275 0.000000000
KK:/cc/cr: 0.959732643 0.020133678 0.020133678
KK:/cc/rr: 0.000000000 0.999990113 0.000009887
KK:/crc/: 0.110341028 0.889658972 0.000000000
KK:/crc/cr: 0.999981399 0.000009301 0.000009301
KK:/crc/rr: 0.000000000 0.999887515 0.000112485
KK:/crrc/: 0.995751608 0.004248392 0.000000000
KK:/crrc/cr: 0.998592320 0.000703840 0.000703840
KK:/crrc/rr: 0.000000000 0.999995496 0.000004504
KK:/rc/: 0.824848311 0.175151689 0.000000000
KK:/rc/cr: 0.999974525 0.000012737 0.000012737
KK:/rc/rr: 0.000000000 0.999995943 0.000004057
KK:/rrc/: 0.525959311 0.474040689 0.000000000
KK:/rrc/cr: 0.999995294 0.000002353 0.000002353
KK:/rrc/rr: 0.000000000 0.999996819 0.000003181
KQ:/cc/: 0.000052898 0.999947102 0.000000000
KQ:/cc/cr: 0.000039452 0.443936513 0.556024036
KQ:/cc/rr: 0.000000000 0.813151794 0.186848206
KQ:/crc/: 0.886872103 0.113127897 0.000000000
KQ:/crc/cr: 0.000404603 0.463654879 0.535940517
KQ:/crc/rr: 0.000000000 0.000048681 0.999951319
KQ:/crrc/: 0.015315190 0.984684810 0.000000000
KQ:/crrc/cr: 0.003687732 0.698576769 0.297735498
KQ:/crrc/rr: 0.000000000 0.494974916 0.505025084
KQ:/rc/: 0.000077538 0.999922462 0.000000000
KQ:/rc/cr: 0.000002231 0.473348746 0.526649023
KQ:/rc/rr: 0.000000000 0.933694189 0.066305811
KQ:/rrc/: 0.708011138 0.291988862 0.000000000
KQ:/rrc/cr: 0.032884391 0.841567094 0.125548515
KQ:/rrc/rr: 0.000000000 0.385698990 0.614301010
Q:/: 0.765018665 0.234981335 0.000000000
Q:/cr: 0.195806949 0.803200913 0.000992138
Q:/rr: 0.000000000 0.999993464 0.000006536
QJ:/cc/: 0.000021278 0.999978722 0.000000000
QJ:/cc/cr: 0.000007093 0.000007093 0.999985814
QJ:/cc/rr: 0.000000000 0.500000000 0.500000000
QJ:/crc/: 0.030175308 0.969824692 0.000000000
QJ:/crc/cr: 0.002565606 0.000003035 0.997431359
QJ:/crc/rr: 0.000000000 0.000146322 0.999853678
QJ:/crrc/: 0.004962049 0.995037951 0.000000000
QJ:/crrc/cr: 0.000069849 0.000012135 0.999918017
QJ:/crrc/rr: 0.000000000 0.003650028 0.996349972
QJ:/rc/: 0.005647813 0.994352187 0.000000000
QJ:/rc/cr: 0.000002191 0.000002191 0.999995618
QJ:/rc/rr: 0.000000000 0.000578612 0.999421388
QJ:/rrc/: 0.000003268 0.999996732 0.000000000
QJ:/rrc/cr: 0.000001089 0.000001089 0.999997821
QJ:/rrc/rr: 0.000000000 0.500000000 0.500000000
QK:/cc/: 0.461751839 0.538248161 0.000000000
QK:/cc/cr: 0.001341181 0.998525905 0.000132914
QK:/cc/rr: 0.000000000 0.202803213 0.797196787
QK:/crc/: 0.002895309 0.997104691 0.000000000
QK:/crc/cr: 0.000002952 0.553403250 0.446593798
QK:/crc/rr: 0.000000000 0.003291024 0.996708976
QK:/crrc/: 0.942505021 0.057494979 0.000000000
QK:/crrc/cr: 0.000353767 0.672449356 0.327196877
QK:/crrc/rr: 0.000000000 0.000509444 0.999490556
QK:/rc/: 0.434506630 0.565493370 0.000000000
QK:/rc/cr: 0.007145035 0.538772144 0.454082821
QK:/rc/rr: 0.000000000 0.205385078 0.794614922
QK:/rrc/: 0.120949443 0.879050557 0.000000000
QK:/rrc/cr: 0.000001700 0.312708977 0.687289323
QK:/rrc/rr: 0.000000000 0.000259788 0.999740212
QQ:/cc/: 0.433960976 0.566039024 0.000000000
QQ:/cc/cr: 0.999974939 0.000012531 0.000012531
QQ:/cc/rr: 0.000000000 0.999975484 0.000024516
QQ:/crc/: 0.982128847 0.017871153 0.000000000
QQ:/crc/cr: 0.999670582 0.000164709 0.000164709
QQ:/crc/rr: 0.000000000 0.999995504 0.000004496
QQ:/crrc/: 0.113997790 0.886002210 0.000000000
QQ:/crrc/cr: 0.999972744 0.000013628 0.000013628
QQ:/crrc/rr: 0.000000000 0.999841123 0.000158877
QQ:/rc/: 0.470116575 0.529883425 0.000000000
QQ:/rc/cr: 0.999991777 0.000004111 0.000004111
QQ:/rc/rr: 0.000000000 0.999993049 0.000006951
QQ:/rrc/: 0.977300230 0.022699770 0.000000000
QQ:/rrc/cr: 0.999904025 0.000047987 0.000047987
QQ:/rrc/rr: 0.000000000 0.999998328 0.000001672
