J:/c: 0.292891136 0.707108864 0.000000000
J:/crr: 0.000000000 0.999982929 0.000017071
J:/r: 0.054621132 0.129745209 0.815633659
JJ:/cc/c: 0.999992929 0.000007071 0.000000000
JJ:/cc/crr: 0.000000000 0.999996464 0.000003536
JJ:/cc/r: 0.999986778 0.000008508 0.000004714
JJ:/crc/c: 0.999982929 0.000017071 0.000000000
JJ:/crc/crr: 0.000000000 0.999991464 0.000008536
JJ:/crc/r: 0.999977238 0.000011381 0.000011381
JJ:/crrc/c: 0.999991464 0.000008536 0.000000000
JJ:/crrc/crr: 0.000000000 0.999995732 0.000004268
JJ:/crrc/r: 0.999988619 0.000005690 0.000005690
JJ:/rc/c: 0.999974309 0.000025691 0.000000000
JJ:/rc/crr: 0.000000000 0.999987154 0.000012846
JJ:/rc/r: 0.999959647 0.000023225 0.000017128
JJ:/rrc/c: 0.999938974 0.000061026 0.000000000
JJ:/rrc/crr: 0.000000000 0.999969485 0.000030515
JJ:/rrc/r: 0.999767830 0.000191485 0.000040684
JK:/cc/c: 0.005181871 0.994818129 0.000000000
JK:/cc/crr: 0.000000000 0.000682287 0.999317713
JK:/cc/r: 0.000012516 0.000004714 0.999982770
JK:/crc/c: 0.521312198 0.478687802 0.000000000
JK:/crc/crr: 0.000000000 0.000016373 0.999983627
JK:/crc/r: 0.038845991 0.000011381 0.961142629
JK:/crrc/c: 0.477977486 0.522022514 0.000000000
JK:/crrc/crr: 0.000000000 0.000008929 0.999991071
JK:/crrc/r: 0.218659377 0.000005690 0.781334932
JK:/rc/c: 0.384061018 0.615938982 0.000000000
JK:/rc/crr: 0.000000000 0.000033447 0.999966553
JK:/rc/r: 0.367026542 0.000017128 0.632956331
JK:/rrc/c: 0.999832048 0.000167952 0.000000000
JK:/rrc/crr: 0.000000000 0.000030518 0.999969482
JK:/rrc/r: 0.276150960 0.000040684 0.723808355
JQ:/cc/c: 0.081647974 0.918352026 0.000000000
JQ:/cc/crr: 0.000000000 0.000043302 0.999956698
JQ:/cc/r: 0.034169292 0.000004714 0.965825994
JQ:/crc/c: 0.499098260 0.500901740 0.000000000
JQ:/crc/crr: 0.000000000 0.000017102 0.999982898
JQ:/crc/r: 0.082433097 0.000011381 0.917555522
JQ:/crrc/c: 0.030836655 0.969163345 0.000000000
JQ:/crrc/crr: 0.000000000 0.000138403 0.999861597
JQ:/crrc/r: 0.293273961 0.000005690 0.706720349
JQ:/rc/c: 0.996022885 0.003977115 0.000000000
JQ:/rc/crr: 0.000000000 0.000012897 0.999987103
JQ:/rc/r: 0.000033798 0.000017128 0.999949074
JQ:/rrc/c: 0.010227903 0.989772097 0.000000000
JQ:/rrc/crr: 0.000000000 0.002983331 0.997016669
JQ:/rrc/r: 0.372015004 0.000040684 0.627944312
K:/c: 0.999969442 0.000030558 0.000000000
K:/crr: 0.000000000 0.999995000 0.000005000
K:/r: 0.567033430 0.432959903 0.000006667
KJ:/cc/c: 0.389728429 0.610271571 0.000000000
KJ:/cc/crr: 0.000000000 0.790078956 0.209921044
KJ:/cc/r: 0.535483817 0.227068724 0.237447459
KJ:/crc/c: 0.123573101 0.876426899 0.000000000
KJ:/crc/crr: 0.000000000 0.999979768 0.000020232
KJ:/crc/r: 0.000095359 0.751760573 0.248144068
KJ:/crrc/c: 0.452083146 0.547916854 0.000000000
KJ:/crrc/crr: 0.000000000 0.999997235 0.000002765
KJ:/crrc/r: 0.034700773 0.851186818 0.114112409
KJ:/rc/c: 0.429827042 0.570172958 0.000000000
KJ:/rc/crr: 0.000000000 0.775022214 0.224977786
KJ:/rc/r: 0.032358368 0.735013498 0.232628134
KJ:/rrc/c: 0.184916721 0.815083279 0.000000000
KJ:/rrc/crr: 0.000000000 0.999984105 0.000015895
KJ:/rrc/r: 0.036817008 0.894319788 0.068863204
KK:/cc/c: 0.836375603 0.163624397 0.000000000
KK:/cc/crr: 0.000000000 0.902182467 0.097817533
KK:/cc/r: 0.586064073 0.304852996 0.109082931
KK:/crc/c: 0.999995000 0.000005000 0.000000000
KK:/crc/crr: 0.000000000 0.999997500 0.000002500
KK:/crc/r: 0.890097904 0.109898763 0.000003333
KK:/crrc/c: 0.999997500 0.000002500 0.000000000
KK:/crrc/crr: 0.000000000 0.999998750 0.000001250
KK:/crrc/r: 0.999970952 0.000027381 0.000001667
KK:/rc/c: 0.999992301 0.000007699 0.000000000
KK:/rc/crr: 0.000000000 0.999996150 0.000003850
KK:/rc/r: 0.999979496 0.000015371 0.000005133
KK:/rrc/c: 0.999994121 0.000005879 0.000000000
KK:/rrc/crr: 0.000000000 0.999997061 0.000002939
KK:/rrc/r: 0.999913968 0.000082113 0.000003919
KQ:/cc/c: 0.836375603 0.163624397 0.000000000
KQ:/cc/crr: 0.000000000 0.902182467 0.097817533
KQ:/cc/r: 0.521570819 0.343137245 0.135291936
KQ:/crc/c: 0.268109029 0.731890971 0.000000000
KQ:/crc/crr: 0.000000000 0.028516059 0.971483941
KQ:/crc/r: 0.000041852 0.431989319 0.567968829
KQ:/crrc/c: 0.632898111 0.367101889 0.000000000
KQ:/crrc/crr: 0.000000000 0.411582549 0.588417451
KQ:/crrc/r: 0.000003320 0.711968210 0.288028470
KQ:/rc/c: 0.001145762 0.998854238 0.000000000
KQ:/rc/crr: 0.000000000 0.039969480 0.960030520
KQ:/rc/r: 0.000023760 0.294967093 0.705009147
KQ:/rrc/c: 0.485090231 0.514909769 0.000000000
KQ:/rrc/crr: 0.000000000 0.582152672 0.417847328
KQ:/rrc/r: 0.094812536 0.533330979 0.371856485
Q:/c: 0.842869146 0.157130854 0.000000000
Q:/crr: 0.000000000 0.999994068 0.000005932
Q:/r: 0.344267617 0.655705633 0.000026750
QJ:/cc/c: 0.000396995 0.999603005 0.000000000
QJ:/cc/crr: 0.000000000 0.040076797 0.959923203
QJ:/cc/r: 0.000026188 0.000021214 0.999952599
QJ:/crc/c: 0.439386466 0.560613534 0.000000000
QJ:/crc/crr: 0.000000000 0.064573816 0.935426184
QJ:/crc/r: 0.000185386 0.000003955 0.999810659
QJ:/crrc/c: 0.000002966 0.999997034 0.000000000
QJ:/crrc/crr: 0.000000000 0.500000000 0.500000000
QJ:/crrc/r: 0.017975987 0.000001977 0.982022035
QJ:/rc/c: 0.000032585 0.999967415 0.000000000
QJ:/rc/crr: 0.000000000 0.078004169 0.921995831
QJ:/rc/r: 0.016690816 0.000003389 0.983305795
QJ:/rrc/c: 0.000243002 0.999756998 0.000000000
QJ:/rrc/crr: 0.000000000 0.020214454 0.979785546
QJ:/rrc/r: 0.000081705 0.000006455 0.999911840
QK:/cc/c: 0.017321601 0.982678399 0.000000000
QK:/cc/crr: 0.000000000 0.999081476 0.000918524
QK:/cc/r: 0.000194329 0.707692098 0.292113573
QK:/crc/c: 0.365797243 0.634202757 0.000000000
QK:/crc/crr: 0.000000000 0.004489160 0.995510840
QK:/crc/r: 0.000280218 0.525887734 0.473832048
QK:/crrc/c: 0.048793543 0.951206457 0.000000000
QK:/crrc/crr: 0.000000000 0.013726948 0.986273052
QK:/crrc/r: 0.000026467 0.285819907 0.714153626
QK:/rc/c: 0.375693152 0.624306848 0.000000000
QK:/rc/crr: 0.000000000 0.010429212 0.989570788
QK:/rc/r: 0.000006922 0.320958592 0.679034486
QK:/rrc/c: 0.421015189 0.578984811 0.000000000
QK:/rrc/crr: 0.000000000 0.033605446 0.966394554
QK:/rrc/r: 0.000083056 0.506319876 0.493597069
QQ:/cc/c: 0.999968179 0.000031821 0.000000000
QQ:/cc/crr: 0.000000000 0.999984089 0.000015911
QQ:/cc/r: 0.999918595 0.000060191 0.000021214
QQ:/crc/c: 0.999994068 0.000005932 0.000000000
QQ:/crc/crr: 0.000000000 0.999997034 0.000002966
QQ:/crc/r: 0.907079549 0.092916496 0.000003955
QQ:/crrc/c: 0.999997034 0.000002966 0.000000000
QQ:/crrc/crr: 0.000000000 0.999998517 0.000001483
QQ:/crrc/r: 0.999800649 0.000197373 0.000001977
QQ:/rc/c: 0.999994916 0.000005084 0.000000000
QQ:/rc/crr: 0.000000000 0.999997458 0.000002542
QQ:/rc/r: 0.999931912 0.000064699 0.000003389
QQ:/rrc/c: 0.999990318 0.000009682 0.000000000
QQ:/rrc/crr: 0.000000000 0.999995159 0.000004841
QQ:/rrc/r: 0.999957807 0.000035739 0.000006455
