J:/c: 0.304633409 0.695366591 0.000000000
J:/crr: 0.000000000 0.999983587 0.000016413
J:/r: 0.054985281 0.129371567 0.815643152
JJ:/cc/c: 0.999992810 0.000007190 0.000000000
JJ:/cc/crr: 0.000000000 0.999996405 0.000003595
JJ:/cc/r: 0.999990413 0.000004794 0.000004794
JJ:/crc/c: 0.999983587 0.000016413 0.000000000
JJ:/crc/crr: 0.000000000 0.999991793 0.000008207
JJ:/crc/r: 0.999675489 0.000313569 0.000010942
JJ:/crrc/c: 0.999991793 0.000008207 0.000000000
JJ:/crrc/crr: 0.000000000 0.999995897 0.000004103
JJ:/crrc/r: 0.999961891 0.000032638 0.000005471
JJ:/rc/c: 0.999974234 0.000025766 0.000000000
JJ:/rc/crr: 0.000000000 0.999987117 0.000012883
JJ:/rc/r: 0.999866244 0.000116579 0.000017177
JJ:/rrc/c: 0.999939378 0.000060622 0.000000000
JJ:/rrc/crr: 0.000000000 0.999969687 0.000030313
JJ:/rrc/r: 0.999885302 0.000074283 0.000040415
JK:/cc/c: 0.000007190 0.999992810 0.000000000
JK:/cc/crr: 0.000000000 0.500000000 0.500000000
JK:/cc/r: 0.000004794 0.000004794 0.999990413
JK:/crc/c: 0.505944312 0.494055688 0.000000000
JK:/crc/crr: 0.000000000 0.000016220 0.999983780
JK:/crc/r: 0.029254041 0.000010942 0.970735016
JK:/crrc/c: 0.540351904 0.459648096 0.000000000
JK:/crrc/crr: 0.000000000 0.000007594 0.999992406
JK:/crrc/r: 0.220204370 0.000005471 0.779790159
JK:/rc/c: 0.350334267 0.649665733 0.000000000
JK:/rc/crr: 0.000000000 0.000036773 0.999963227
JK:/rc/r: 0.358186911 0.000017177 0.641795912
JK:/rrc/c: 0.999939378 0.000060622 0.000000000
JK:/rrc/crr: 0.000000000 0.000030313 0.999969687
JK:/rrc/r: 0.291940845 0.000040415 0.708018740
JQ:/cc/c: 0.072782637 0.927217363 0.000000000
JQ:/cc/crr: 0.000000000 0.000049397 0.999950603
JQ:/cc/r: 0.038157650 0.000004794 0.961837557
JQ:/crc/c: 0.429004931 0.570995069 0.000000000
JQ:/crc/crr: 0.000000000 0.000019129 0.999980871
JQ:/crc/r: 0.059817105 0.000010942 0.940171953
JQ:/crrc/c: 0.027663475 0.972336525 0.000000000
JQ:/crrc/crr: 0.000000000 0.000148331 0.999851669
JQ:/crrc/r: 0.213236264 0.000005471 0.786758265
JQ:/rc/c: 0.997060909 0.002939091 0.000000000
JQ:/rc/crr: 0.000000000 0.000012921 0.999987079
JQ:/rc/r: 0.000017177 0.000017177 0.999965646
JQ:/rrc/c: 0.002105012 0.997894988 0.000000000
JQ:/rrc/crr: 0.000000000 0.014399509 0.985600491
JQ:/rrc/r: 0.390811566 0.000040415 0.609148020
K:/c: 0.999990000 0.000010000 0.000000000
K:/crr: 0.000000000 0.999995000 0.000005000
K:/r: 0.581163551 0.418829782 0.000006667
KJ:/cc/c: 0.500000000 0.500000000 0.000000000
KJ:/cc/crr: 0.000000000 0.500000000 0.500000000
KJ:/cc/r: 0.333333333 0.333333333 0.333333333
KJ:/crc/c: 0.092694626 0.907305374 0.000000000
KJ:/crc/crr: 0.000000000 0.999973029 0.000026971
KJ:/crc/r: 0.000035196 0.761560423 0.238404381
KJ:/crrc/c: 0.261428572 0.738571428 0.000000000
KJ:/crrc/crr: 0.000000000 0.999995219 0.000004781
KJ:/crrc/r: 0.028443534 0.823509059 0.148047406
KJ:/rc/c: 0.443856303 0.556143697 0.000000000
KJ:/rc/crr: 0.000000000 0.920792015 0.079207985
KJ:/rc/r: 0.022395967 0.776878642 0.200725391
KJ:/rrc/c: 0.107548947 0.892451053 0.000000000
KJ:/rrc/crr: 0.000000000 0.999973335 0.000026665
KJ:/rrc/r: 0.022498109 0.927170433 0.050331458
KK:/cc/c: 0.500000000 0.500000000 0.000000000
KK:/cc/crr: 0.000000000 0.500000000 0.500000000
KK:/cc/r: 0.333333333 0.333333333 0.333333333
KK:/crc/c: 0.999995000 0.000005000 0.000000000
KK:/crc/crr: 0.000000000 0.999997500 0.000002500
KK:/crc/r: 0.997597044 0.002399623 0.000003333
KK:/crrc/c: 0.999997500 0.000002500 0.000000000
KK:/crrc/crr: 0.000000000 0.999998750 0.000001250
KK:/crrc/r: 0.999961066 0.000037267 0.000001667
KK:/rc/c: 0.999992041 0.000007959 0.000000000
KK:/rc/crr: 0.000000000 0.999996021 0.000003979
KK:/rc/r: 0.999980710 0.000013984 0.000005306
KK:/rrc/c: 0.999994264 0.000005736 0.000000000
KK:/rrc/crr: 0.000000000 0.999997132 0.000002868
KK:/rrc/r: 0.999887548 0.000108629 0.000003824
KQ:/cc/c: 0.500000000 0.500000000 0.000000000
KQ:/cc/crr: 0.000000000 0.500000000 0.500000000
KQ:/cc/r: 0.333333333 0.333333333 0.333333333
KQ:/crc/c: 0.247540882 0.752459118 0.000000000
KQ:/crc/crr: 0.000000000 0.006483572 0.993516428
KQ:/crc/r: 0.000019395 0.439767276 0.560213330
KQ:/crrc/c: 0.642352927 0.357647073 0.000000000
KQ:/crrc/crr: 0.000000000 0.424552125 0.575447875
KQ:/crrc/r: 0.000016208 0.678012694 0.321971098
KQ:/rc/c: 0.000010514 0.999989486 0.000000000
KQ:/rc/crr: 0.000000000 0.621514893 0.378485107
KQ:/rc/r: 0.000016760 0.305290741 0.694692499
KQ:/rrc/c: 0.490886601 0.509113399 0.000000000
KQ:/rrc/crr: 0.000000000 0.594357858 0.405642142
KQ:/rrc/r: 0.092698128 0.531852268 0.375449604
Q:/c: 0.852559926 0.147440074 0.000000000
Q:/crr: 0.000000000 0.999994135 0.000005865
Q:/r: 0.359649119 0.640313610 0.000037271
QJ:/cc/c: 0.000033912 0.999966088 0.000000000
QJ:/cc/crr: 0.000000000 0.500000000 0.500000000
QJ:/cc/r: 0.000022608 0.000022608 0.999954784
QJ:/crc/c: 0.429770817 0.570229183 0.000000000
QJ:/crc/crr: 0.000000000 0.000050180 0.999949820
QJ:/crc/r: 0.000003910 0.000003910 0.999992180
QJ:/crrc/c: 0.000002932 0.999997068 0.000000000
QJ:/crrc/crr: 0.000000000 0.500000000 0.500000000
QJ:/crrc/r: 0.022045286 0.000001955 0.977952759
QJ:/rc/c: 0.000065740 0.999934260 0.000000000
QJ:/rc/crr: 0.000000000 0.039593718 0.960406282
QJ:/rc/r: 0.020145910 0.000003471 0.979850619
QJ:/rrc/c: 0.000058670 0.999941330 0.000000000
QJ:/rrc/crr: 0.000000000 0.078987220 0.921012780
QJ:/rrc/r: 0.000067010 0.000006179 0.999926811
QK:/cc/c: 0.000220316 0.999779684 0.000000000
QK:/cc/crr: 0.000000000 0.923037725 0.076962275
QK:/cc/r: 0.000058751 0.771319402 0.228621846
QK:/crc/c: 0.359894151 0.640105849 0.000000000
QK:/crc/crr: 0.000000000 0.004726613 0.995273387
QK:/crc/r: 0.000052037 0.489581582 0.510366380
QK:/crrc/c: 0.013298372 0.986701628 0.000000000
QK:/crrc/crr: 0.000000000 0.028180244 0.971819756
QK:/crrc/r: 0.000040439 0.272788276 0.727171285
QK:/rc/c: 0.384943452 0.615056548 0.000000000
QK:/rc/crr: 0.000000000 0.005862485 0.994137515
QK:/rc/r: 0.000007533 0.311813347 0.688179120
QK:/rrc/c: 0.429809596 0.570190404 0.000000000
QK:/rrc/crr: 0.000000000 0.043560354 0.956439646
QK:/rrc/r: 0.000068963 0.515891794 0.484039243
QQ:/cc/c: 0.999966088 0.000033912 0.000000000
QQ:/cc/crr: 0.000000000 0.999983043 0.000016957
QQ:/cc/r: 0.999872761 0.000104631 0.000022608
QQ:/crc/c: 0.999994135 0.000005865 0.000000000
QQ:/crc/crr: 0.000000000 0.999997068 0.000002932
QQ:/crc/r: 0.999940115 0.000055976 0.000003910
QQ:/crrc/c: 0.999997068 0.000002932 0.000000000
QQ:/crrc/crr: 0.000000000 0.999998534 0.000001466
QQ:/crrc/r: 0.999911432 0.000086613 0.000001955
QQ:/rc/c: 0.999994794 0.000005206 0.000000000
QQ:/rc/crr: 0.000000000 0.999997397 0.000002603
QQ:/rc/r: 0.975818284 0.024178246 0.000003471
QQ:/rrc/c: 0.999990732 0.000009268 0.000000000
QQ:/rrc/crr: 0.000000000 0.999995366 0.000004634
QQ:/rrc/r: 0.999956100 0.000037721 0.000006179
