J:/c: 0.304659507 0.695340493 0.000000000
J:/crr: 0.000000000 0.999983588 0.000016412
J:/r: 0.055184377 0.124080826 0.820734797
JJ:/cc/c: 0.999992809 0.000007191 0.000000000
JJ:/cc/crr: 0.000000000 0.999996405 0.000003595
JJ:/cc/r: 0.999990412 0.000004794 0.000004794
JJ:/crc/c: 0.999983588 0.000016412 0.000000000
JJ:/crc/crr: 0.000000000 0.999991794 0.000008206
JJ:/crc/r: 0.999780105 0.000208954 0.000010941
JJ:/crrc/c: 0.999991794 0.000008206 0.000000000
JJ:/crrc/crr: 0.000000000 0.999995897 0.000004103
JJ:/crrc/r: 0.999970010 0.000024519 0.000005471
JJ:/rc/c: 0.999973136 0.000026864 0.000000000
JJ:/rc/crr: 0.000000000 0.999986568 0.000013432
JJ:/rc/r: 0.999782750 0.000199340 0.000017909
JJ:/rrc/c: 0.999939596 0.000060404 0.000000000
JJ:/rrc/crr: 0.000000000 0.999969796 0.000030204
JJ:/rrc/r: 0.999919462 0.000040269 0.000040269
JK:/cc/c: 0.000007191 0.999992809 0.000000000
JK:/cc/crr: 0.000000000 0.500000000 0.500000000
JK:/cc/r: 0.000004794 0.000004794 0.999990412
JK:/crc/c: 0.513512494 0.486487506 0.000000000
JK:/crc/crr: 0.000000000 0.000015980 0.999984020
JK:/crc/r: 0.031528751 0.000010941 0.968460308
JK:/crrc/c: 0.473703410 0.526296590 0.000000000
JK:/crrc/crr: 0.000000000 0.000008662 0.999991338
JK:/crrc/r: 0.180189060 0.000005471 0.819805470
JK:/rc/c: 0.405131495 0.594868505 0.000000000
JK:/rc/crr: 0.000000000 0.000033155 0.999966845
JK:/rc/r: 0.366186335 0.000017909 0.633795756
JK:/rrc/c: 0.999939596 0.000060404 0.000000000
JK:/rrc/crr: 0.000000000 0.000030204 0.999969796
JK:/rrc/r: 0.350711008 0.000040269 0.649248723
JQ:/cc/c: 0.074634108 0.925365892 0.000000000
JQ:/cc/crr: 0.000000000 0.000048173 0.999951827
JQ:/cc/r: 0.037395411 0.000004794 0.962599795
JQ:/crc/c: 0.639453897 0.360546103 0.000000000
JQ:/crc/crr: 0.000000000 0.000012833 0.999987167
JQ:/crc/r: 0.000058402 0.000010941 0.999930656
JQ:/crrc/c: 0.041926993 0.958073007 0.000000000
JQ:/crrc/crr: 0.000000000 0.000097861 0.999902139
JQ:/crrc/r: 0.132542164 0.000005471 0.867452365
JQ:/rc/c: 0.999600673 0.000399327 0.000000000
JQ:/rc/crr: 0.000000000 0.000013437 0.999986563
JQ:/rc/r: 0.000017909 0.000017909 0.999964181
JQ:/rrc/c: 0.000458144 0.999541856 0.000000000
JQ:/rrc/crr: 0.000000000 0.065922087 0.934077913
JQ:/rrc/r: 0.470537146 0.000040269 0.529422585
K:/c: 0.999990000 0.000010000 0.000000000
K:/crr: 0.000000000 0.999995000 0.000005000
K:/r: 0.588911105 0.411082228 0.000006667
KJ:/cc/c: 0.500000000 0.500000000 0.000000000
KJ:/cc/crr: 0.000000000 0.500000000 0.500000000
KJ:/cc/r: 0.333333333 0.333333333 0.333333333
KJ:/crc/c: 0.063010794 0.936989206 0.000000000
KJ:/crc/crr: 0.000000000 0.999960324 0.000039676
KJ:/crc/r: 0.000018023 0.725038157 0.274943821
KJ:/crrc/c: 0.321169906 0.678830094 0.000000000
KJ:/crrc/crr: 0.000000000 0.999996108 0.000003892
KJ:/crrc/r: 0.009916483 0.900485840 0.089597677
KJ:/rc/c: 0.405385425 0.594614575 0.000000000
KJ:/rc/crr: 0.000000000 0.665631275 0.334368725
KJ:/rc/r: 0.000022116 0.807490219 0.192487664
KJ:/rrc/c: 0.087597133 0.912402867 0.000000000
KJ:/rrc/crr: 0.000000000 0.999967692 0.000032308
KJ:/rrc/r: 0.026664327 0.918085571 0.055250102
KK:/cc/c: 0.500000000 0.500000000 0.000000000
KK:/cc/crr: 0.000000000 0.500000000 0.500000000
KK:/cc/r: 0.333333333 0.333333333 0.333333333
KK:/crc/c: 0.999995000 0.000005000 0.000000000
KK:/crc/crr: 0.000000000 0.999997500 0.000002500
KK:/crc/r: 0.981156387 0.018840280 0.000003333
KK:/crrc/c: 0.999997500 0.000002500 0.000000000
KK:/crrc/crr: 0.000000000 0.999998750 0.000001250
KK:/crrc/r: 0.999927342 0.000070992 0.000001667
KK:/rc/c: 0.999991891 0.000008109 0.000000000
KK:/rc/crr: 0.000000000 0.999995946 0.000004054
KK:/rc/r: 0.999978744 0.000015850 0.000005406
KK:/rrc/c: 0.999994340 0.000005660 0.000000000
KK:/rrc/crr: 0.000000000 0.999997170 0.000002830
KK:/rrc/r: 0.997140010 0.002856216 0.000003773
KQ:/cc/c: 0.500000000 0.500000000 0.000000000
KQ:/cc/crr: 0.000000000 0.500000000 0.500000000
KQ:/cc/r: 0.333333333 0.333333333 0.333333333
KQ:/crc/c: 0.000354756 0.999645244 0.000000000
KQ:/crc/crr: 0.000000000 0.992952837 0.007047163
KQ:/crc/r: 0.000016336 0.433230217 0.566753447
KQ:/crrc/c: 0.597913788 0.402086212 0.000000000
KQ:/crrc/crr: 0.000000000 0.381134058 0.618865942
KQ:/crrc/r: 0.000343815 0.738581523 0.261074662
KQ:/rc/c: 0.000008109 0.999991891 0.000000000
KQ:/rc/crr: 0.000000000 0.500000000 0.500000000
KQ:/rc/r: 0.000012965 0.301668412 0.698318623
KQ:/rrc/c: 0.532133853 0.467866147 0.000000000
KQ:/rrc/crr: 0.000000000 0.471315157 0.528684843
KQ:/rrc/r: 0.067722345 0.562430367 0.369847288
Q:/c: 0.849130011 0.150869989 0.000000000
Q:/crr: 0.000000000 0.999994112 0.000005888
Q:/r: 0.376924749 0.623042724 0.000032527
QJ:/cc/c: 0.000033141 0.999966859 0.000000000
QJ:/cc/crr: 0.000000000 0.500000000 0.500000000
QJ:/cc/r: 0.000022094 0.000022094 0.999955812
QJ:/crc/c: 0.396606127 0.603393873 0.000000000
QJ:/crc/crr: 0.000000000 0.000077272 0.999922728
QJ:/crc/r: 0.000003926 0.000003926 0.999992149
QJ:/crrc/c: 0.000002944 0.999997056 0.000000000
QJ:/crrc/crr: 0.000000000 0.500000000 0.500000000
QJ:/crrc/r: 0.000001963 0.000001963 0.999996074
QJ:/rc/c: 0.000005350 0.999994650 0.000000000
QJ:/rc/crr: 0.000000000 0.500000000 0.500000000
QJ:/rc/r: 0.023046177 0.000003567 0.976950257
QJ:/rrc/c: 0.000008843 0.999991157 0.000000000
QJ:/rrc/crr: 0.000000000 0.500000000 0.500000000
QJ:/rrc/r: 0.000066396 0.000005896 0.999927708
QK:/cc/c: 0.000212028 0.999787972 0.000000000
QK:/cc/crr: 0.000000000 0.921847277 0.078152723
QK:/cc/r: 0.000040634 0.747139133 0.252820234
QK:/crc/c: 0.340060453 0.659939547 0.000000000
QK:/crc/crr: 0.000000000 0.000277512 0.999722488
QK:/crc/r: 0.000024787 0.482547654 0.517427559
QK:/crrc/c: 0.000182845 0.999817155 0.000000000
QK:/crrc/crr: 0.000000000 0.559471688 0.440528312
QK:/crrc/r: 0.000018499 0.290657825 0.709323676
QK:/rc/c: 0.339137987 0.660862013 0.000000000
QK:/rc/crr: 0.000000000 0.007321207 0.992678793
QK:/rc/r: 0.000006175 0.302532719 0.697461106
QK:/rrc/c: 0.427216906 0.572783094 0.000000000
QK:/rrc/crr: 0.000000000 0.044324819 0.955675181
QK:/rrc/r: 0.000057029 0.494854881 0.505088090
QQ:/cc/c: 0.999966859 0.000033141 0.000000000
QQ:/cc/crr: 0.000000000 0.999983429 0.000016571
QQ:/cc/r: 0.999521455 0.000456451 0.000022094
QQ:/crc/c: 0.999994112 0.000005888 0.000000000
QQ:/crc/crr: 0.000000000 0.999997056 0.000002944
QQ:/crc/r: 0.999952554 0.000043521 0.000003926
QQ:/crrc/c: 0.999997056 0.000002944 0.000000000
QQ:/crrc/crr: 0.000000000 0.999998528 0.000001472
QQ:/crrc/r: 0.999760943 0.000237094 0.000001963
QQ:/rc/c: 0.999994650 0.000005350 0.000000000
QQ:/rc/crr: 0.000000000 0.999997325 0.000002675
QQ:/rc/r: 0.997250752 0.002745681 0.000003567
QQ:/rrc/c: 0.999991157 0.000008843 0.000000000
QQ:/rrc/crr: 0.000000000 0.999995578 0.000004422
QQ:/rrc/r: 0.999959676 0.000034428 0.000005896
