J:/c: 0.321210259 0.678789741 0.000000000
J:/crr: 0.000000000 0.999984434 0.000015566
J:/r: 0.054638566 0.124684906 0.820676527
JJ:/cc/c: 0.999992634 0.000007366 0.000000000
JJ:/cc/crr: 0.000000000 0.999996317 0.000003683
JJ:/cc/r: 0.999990179 0.000004911 0.000004911
JJ:/crc/c: 0.999984434 0.000015566 0.000000000
JJ:/crc/crr: 0.000000000 0.999992217 0.000007783
JJ:/crc/r: 0.999883648 0.000105975 0.000010377
JJ:/crrc/c: 0.999992217 0.000007783 0.000000000
JJ:/crrc/crr: 0.000000000 0.999996108 0.000003892
JJ:/crrc/r: 0.999971738 0.000023073 0.000005189
JJ:/rc/c: 0.999973266 0.000026734 0.000000000
JJ:/rc/crr: 0.000000000 0.999986633 0.000013367
JJ:/rc/r: 0.999964355 0.000017823 0.000017823
JJ:/rrc/c: 0.999938993 0.000061007 0.000000000
JJ:/rrc/crr: 0.000000000 0.999969495 0.000030505
JJ:/rrc/r: 0.999918657 0.000040671 0.000040671
JK:/cc/c: 0.009399708 0.990600292 0.000000000
JK:/cc/crr: 0.000000000 0.000391823 0.999608177
JK:/cc/r: 0.000004911 0.000004911 0.999990179
JK:/crc/c: 0.459364837 0.540635163 0.000000000
JK:/crc/crr: 0.000000000 0.000016943 0.999983057
JK:/crc/r: 0.043783468 0.000010377 0.956206154
JK:/crrc/c: 0.428264035 0.571735965 0.000000000
JK:/crrc/crr: 0.000000000 0.000009087 0.999990913
JK:/crrc/r: 0.236805033 0.000005189 0.763189778
JK:/rc/c: 0.383192126 0.616807874 0.000000000
JK:/rc/crr: 0.000000000 0.000034883 0.999965117
JK:/rc/r: 0.368926923 0.000017823 0.631055255
JK:/rrc/c: 0.999938993 0.000061007 0.000000000
JK:/rrc/crr: 0.000000000 0.000030505 0.999969495
JK:/rrc/r: 0.339620334 0.000040671 0.660338995
JQ:/cc/c: 0.073518251 0.926481749 0.000000000
JQ:/cc/crr: 0.000000000 0.000050097 0.999949903
JQ:/cc/r: 0.036581975 0.000004911 0.963413114
JQ:/crc/c: 0.573507791 0.426492209 0.000000000
JQ:/crc/crr: 0.000000000 0.000013571 0.999986429
JQ:/crc/r: 0.000057320 0.000010377 0.999932302
JQ:/crrc/c: 0.095231333 0.904768667 0.000000000
JQ:/crrc/crr: 0.000000000 0.000040865 0.999959135
JQ:/crrc/r: 0.087137575 0.000005189 0.912857236
JQ:/rc/c: 0.999845251 0.000154749 0.000000000
JQ:/rc/crr: 0.000000000 0.000013369 0.999986631
JQ:/rc/r: 0.000064894 0.000017823 0.999917283
JQ:/rrc/c: 0.000061007 0.999938993 0.000000000
JQ:/rrc/crr: 0.000000000 0.500000000 0.500000000
JQ:/rrc/r: 0.620111938 0.000040671 0.379847391
K:/c: 0.999990000 0.000010000 0.000000000
K:/crr: 0.000000000 0.999995000 0.000005000
K:/r: 0.585490728 0.414502606 0.000006667
KJ:/cc/c: 0.500000000 0.500000000 0.000000000
KJ:/cc/crr: 0.000000000 0.500000000 0.500000000
KJ:/cc/r: 0.333333333 0.333333333 0.333333333
KJ:/crc/c: 0.066842658 0.933157342 0.000000000
KJ:/crc/crr: 0.000000000 0.999962598 0.000037402
KJ:/crc/r: 0.000003333 0.759238701 0.240757966
KJ:/crrc/c: 0.379292257 0.620707743 0.000000000
KJ:/crrc/crr: 0.000000000 0.999996704 0.000003296
KJ:/crrc/r: 0.002083579 0.864276134 0.133640287
KJ:/rc/c: 0.419417698 0.580582302 0.000000000
KJ:/rc/crr: 0.000000000 0.983788444 0.016211556
KJ:/rc/r: 0.051673913 0.722365753 0.225960334
KJ:/rrc/c: 0.104428452 0.895571548 0.000000000
KJ:/rrc/crr: 0.000000000 0.999972741 0.000027259
KJ:/rrc/r: 0.000519958 0.973366644 0.026113398
KK:/cc/c: 0.500000000 0.500000000 0.000000000
KK:/cc/crr: 0.000000000 0.500000000 0.500000000
KK:/cc/r: 0.333333333 0.333333333 0.333333333
KK:/crc/c: 0.999995000 0.000005000 0.000000000
KK:/crc/crr: 0.000000000 0.999997500 0.000002500
KK:/crc/r: 0.999727682 0.000268985 0.000003333
KK:/crrc/c: 0.999997500 0.000002500 0.000000000
KK:/crrc/crr: 0.000000000 0.999998750 0.000001250
KK:/crrc/r: 0.999937282 0.000061051 0.000001667
KK:/rc/c: 0.999991958 0.000008042 0.000000000
KK:/rc/crr: 0.000000000 0.999995979 0.000004021
KK:/rc/r: 0.999979724 0.000014915 0.000005361
KK:/rrc/c: 0.999994307 0.000005693 0.000000000
KK:/rrc/crr: 0.000000000 0.999997153 0.000002847
KK:/rrc/r: 0.996943511 0.003052693 0.000003795
KQ:/cc/c: 0.500000000 0.500000000 0.000000000
KQ:/cc/crr: 0.000000000 0.500000000 0.500000000
KQ:/cc/r: 0.333333333 0.333333333 0.333333333
KQ:/crc/c: 0.116500689 0.883499311 0.000000000
KQ:/crc/crr: 0.000000000 0.018850042 0.981149958
KQ:/crc/r: 0.000015749 0.437169651 0.562814600
KQ:/crrc/c: 0.534952599 0.465047401 0.000000000
KQ:/crrc/crr: 0.000000000 0.420881759 0.579118241
KQ:/crrc/r: 0.000018777 0.791331396 0.208649827
KQ:/rc/c: 0.000008042 0.999991958 0.000000000
KQ:/rc/crr: 0.000000000 0.500000000 0.500000000
KQ:/rc/r: 0.000015736 0.299658815 0.700325449
KQ:/rrc/c: 0.517207574 0.482792426 0.000000000
KQ:/rrc/crr: 0.000000000 0.446531731 0.553468269
KQ:/rrc/r: 0.000550977 0.666651707 0.332797316
Q:/c: 0.854675829 0.145324171 0.000000000
Q:/crr: 0.000000000 0.999994150 0.000005850
Q:/r: 0.377490618 0.622457522 0.000051860
QJ:/cc/c: 0.000034406 0.999965594 0.000000000
QJ:/cc/crr: 0.000000000 0.500000000 0.500000000
QJ:/cc/r: 0.000022937 0.000022937 0.999954126
QJ:/crc/c: 0.401394266 0.598605734 0.000000000
QJ:/crc/crr: 0.000000000 0.000039672 0.999960328
QJ:/crc/r: 0.000003900 0.000003900 0.999992200
QJ:/crrc/c: 0.000002925 0.999997075 0.000000000
QJ:/crrc/crr: 0.000000000 0.500000000 0.500000000
QJ:/crrc/r: 0.000001950 0.000001950 0.999996100
QJ:/rc/c: 0.000005355 0.999994645 0.000000000
QJ:/rc/crr: 0.000000000 0.500000000 0.500000000
QJ:/rc/r: 0.000089878 0.000003570 0.999906552
QJ:/rrc/c: 0.000008830 0.999991170 0.000000000
QJ:/rrc/crr: 0.000000000 0.500000000 0.500000000
QJ:/rrc/r: 0.000011436 0.000005887 0.999982677
QK:/cc/c: 0.034904188 0.965095812 0.000000000
QK:/cc/crr: 0.000000000 0.999507139 0.000492861
QK:/cc/r: 0.000048499 0.761599791 0.238351709
QK:/crc/c: 0.379119606 0.620880394 0.000000000
QK:/crc/crr: 0.000000000 0.014520156 0.985479844
QK:/crc/r: 0.000050277 0.479236893 0.520712830
QK:/crrc/c: 0.003152898 0.996847102 0.000000000
QK:/crrc/crr: 0.000000000 0.004485397 0.995514603
QK:/crrc/r: 0.000006714 0.209891209 0.790102078
QK:/rc/c: 0.372616727 0.627383273 0.000000000
QK:/rc/crr: 0.000000000 0.000640431 0.999359569
QK:/rc/r: 0.000006561 0.302056170 0.697937269
QK:/rrc/c: 0.428945809 0.571054191 0.000000000
QK:/rrc/crr: 0.000000000 0.044363040 0.955636960
QK:/rrc/r: 0.000058154 0.493993597 0.505948248
QQ:/cc/c: 0.999965594 0.000034406 0.000000000
QQ:/cc/crr: 0.000000000 0.999982796 0.000017204
QQ:/cc/r: 0.998255866 0.001721197 0.000022937
QQ:/crc/c: 0.999994150 0.000005850 0.000000000
QQ:/crc/crr: 0.000000000 0.999997075 0.000002925
QQ:/crc/r: 0.999943651 0.000052449 0.000003900
QQ:/crrc/c: 0.999997075 0.000002925 0.000000000
QQ:/crrc/crr: 0.000000000 0.999998537 0.000001463
QQ:/crrc/r: 0.999856676 0.000141374 0.000001950
QQ:/rc/c: 0.999994645 0.000005355 0.000000000
QQ:/rc/crr: 0.000000000 0.999997322 0.000002678
QQ:/rc/r: 0.989994932 0.010001497 0.000003570
QQ:/rrc/c: 0.999991170 0.000008830 0.000000000
QQ:/rrc/crr: 0.000000000 0.999995585 0.000004415
QQ:/rrc/r: 0.999958559 0.000035554 0.000005887
