J:/: 0.076868384 0.923131616 0.000000000
J:/cr: 0.019764286 0.034052827 0.946182888
J:/rr: 0.000000000 0.999934954 0.000065046
JJ:/cc/: 0.000332207 0.999667793 0.000000000
JJ:/cc/cr: 0.999996388 0.000001806 0.000001806
JJ:/cc/rr: 0.000000000 0.991847941 0.008152059
JJ:/crc/: 0.901238283 0.098761717 0.000000000
JJ:/crc/cr: 0.999642108 0.000178946 0.000178946
JJ:/crc/rr: 0.000000000 0.999970585 0.000029415
JJ:/crrc/: 0.932348944 0.067651056 0.000000000
JJ:/crrc/cr: 0.999099802 0.000450099 0.000450099
JJ:/crrc/rr: 0.000000000 0.999951011 0.000048989
JJ:/rc/: 0.871687015 0.128312985 0.000000000
JJ:/rc/cr: 0.999662044 0.000168978 0.000168978
JJ:/rc/rr: 0.000000000 0.999962689 0.000037311
JJ:/rrc/: 0.991440256 0.008559744 0.000000000
JJ:/rrc/cr: 0.997466806 0.001266597 0.001266597
JJ:/rrc/rr: 0.000000000 0.999983597 0.000016403
JK:/cc/: 0.079330973 0.920669027 0.000000000
JK:/cc/cr: 0.000438657 0.000001961 0.999559382
JK:/cc/rr: 0.000000000 0.000034138 0.999965862
JK:/crc/: 0.070081197 0.929918803 0.000000000
JK:/crc/cr: 0.056163589 0.000019005 0.943817407
JK:/crc/rr: 0.000000000 0.000378269 0.999621731
JK:/crrc/: 0.999831575 0.000168425 0.000000000
JK:/crrc/cr: 0.180790466 0.180790466 0.638419067
JK:/crrc/rr: 0.000000000 0.000045682 0.999954318
JK:/rc/: 0.997382842 0.002617158 0.000000000
JK:/rc/cr: 0.546279522 0.008284590 0.445435888
JK:/rc/rr: 0.000000000 0.000032608 0.999967392
JK:/rrc/: 0.512683616 0.487316384 0.000000000
JK:/rrc/cr: 0.837856998 0.000022248 0.162120755
JK:/rrc/rr: 0.000000000 0.000031721 0.999968279
JQ:/cc/: 0.164952652 0.835047348 0.000000000
JQ:/cc/cr: 0.000007898 0.000002162 0.999989940
JQ:/cc/rr: 0.000000000 0.000016418 0.999983582
JQ:/crc/: 0.987308329 0.012691671 0.000000000
JQ:/crc/cr: 0.445028070 0.001392489 0.553579440
JQ:/crc/rr: 0.000000000 0.000026850 0.999973150
JQ:/crrc/: 0.030999570 0.969000430 0.000000000
JQ:/crrc/cr: 0.122554600 0.000031424 0.877413976
JQ:/crrc/rr: 0.000000000 0.001473392 0.998526608
JQ:/rc/: 0.996729410 0.003270590 0.000000000
JQ:/rc/cr: 0.006629410 0.006629410 0.986741180
JQ:/rc/rr: 0.000000000 0.000032630 0.999967370
JQ:/rrc/: 0.125285895 0.874714105 0.000000000
JQ:/rrc/cr: 0.001228253 0.000012395 0.998759353
JQ:/rrc/rr: 0.000000000 0.000129804 0.999870196
K:/: 0.752436414 0.247563586 0.000000000
K:/cr: 0.712186034 0.287800501 0.000013465
K:/rr: 0.000000000 0.999993355 0.000006645
KJ:/cc/: 0.000056799 0.999943201 0.000000000
KJ:/cc/cr: 0.000048742 0.000008586 0.999942672
KJ:/cc/rr: 0.000000000 0.822208561 0.177791439
KJ:/crc/: 0.000052323 0.999947677 0.000000000
KJ:/crc/cr: 0.000418444 0.999573758 0.000007798
KJ:/crc/rr: 0.000000000 0.776465077 0.223534923
KJ:/crrc/: 0.054440317 0.945559683 0.000000000
KJ:/crrc/cr: 0.008543952 0.983023812 0.008432236
KJ:/crrc/rr: 0.000000000 0.446791768 0.553208232
KJ:/rc/: 0.046932942 0.953067058 0.000000000
KJ:/rc/cr: 0.007763507 0.952620807 0.039615685
KJ:/rc/rr: 0.000000000 0.430813425 0.569186575
KJ:/rrc/: 0.086308410 0.913691590 0.000000000
KJ:/rrc/cr: 0.000510341 0.998577734 0.000911925
KJ:/rrc/rr: 0.000000000 0.534281326 0.465718674
KK:/cc/: 0.996208928 0.003791072 0.000000000
KK:/cc/cr: 0.996448352 0.001775824 0.001775824
KK:/cc/rr: 0.000000000 0.999989863 0.000010137
KK:/crc/: 0.194096854 0.805903146 0.000000000
KK:/crc/cr: 0.999980649 0.000009675 0.000009675
KK:/crc/rr: 0.000000000 0.999939741 0.000060259
KK:/crrc/: 0.973801103 0.026198897 0.000000000
KK:/crrc/cr: 0.999759456 0.000120272 0.000120272
KK:/crrc/rr: 0.000000000 0.999995146 0.000004854
KK:/rc/: 0.843651177 0.156348823 0.000000000
KK:/rc/cr: 0.999971666 0.000014167 0.000014167
KK:/rc/rr: 0.000000000 0.999996062 0.000003938
KK:/rrc/: 0.522206908 0.477793092 0.000000000
KK:/rrc/cr: 0.999995364 0.000002318 0.000002318
KK:/rrc/rr: 0.000000000 0.999996819 0.000003181
KQ:/cc/: 0.000502107 0.999497893 0.000000000
KQ:/cc/cr: 0.000050884 0.435610145 0.564338972
KQ:/cc/rr: 0.000000000 0.979887924 0.020112076
KQ:/crc/: 0.846672820 0.153327180 0.000000000
KQ:/crc/cr: 0.000395360 0.548754764 0.450849876
KQ:/crc/rr: 0.000000000 0.000022511 0.999977489
KQ:/crrc/: 0.016495480 0.983504520 0.000000000
KQ:/crrc/cr: 0.028465375 0.689255832 0.282278793
KQ:/crrc/rr: 0.000000000 0.305727641 0.694272359
KQ:/rc/: 0.000071301 0.999928699 0.000000000
KQ:/rc/cr: 0.000024542 0.489898310 0.510077148
KQ:/rc/rr: 0.000000000 0.953401161 0.046598839
KQ:/rrc/: 0.710970784 0.289029216 0.000000000
KQ:/rrc/cr: 0.036362584 0.801956884 0.161680533
KQ:/rrc/rr: 0.000000000 0.392740022 0.607259978
Q:/: 0.754092221 0.245907779 0.000000000
Q:/cr: 0.171490864 0.827759682 0.000749455
Q:/rr: 0.000000000 0.999993370 0.000006630
QJ:/cc/: 0.000020333 0.999979667 0.000000000
QJ:/cc/cr: 0.000022743 0.000006778 0.999970479
QJ:/cc/rr: 0.000000000 0.500000000 0.500000000
QJ:/crc/: 0.027949309 0.972050691 0.000000000
QJ:/crc/cr: 0.003596722 0.000002808 0.996400470
QJ:/crc/rr: 0.000000000 0.000146478 0.999853522
QJ:/crrc/: 0.035726497 0.964273503 0.000000000
QJ:/crrc/cr: 0.000202623 0.000013662 0.999783715
QJ:/crrc/rr: 0.000000000 0.000553115 0.999446885
QJ:/rc/: 0.012189948 0.987810052 0.000000000
QJ:/rc/cr: 0.000002888 0.000002237 0.999994874
QJ:/rc/rr: 0.000000000 0.000271965 0.999728035
QJ:/rrc/: 0.000003315 0.999996685 0.000000000
QJ:/rrc/cr: 0.000001855 0.000001105 0.999997040
QJ:/rrc/rr: 0.000000000 0.500000000 0.500000000
QK:/cc/: 0.374480961 0.625519039 0.000000000
QK:/cc/cr: 0.006298166 0.993678887 0.000022946
QK:/cc/rr: 0.000000000 0.999972852 0.000027148
QK:/crc/: 0.016467219 0.983532781 0.000000000
QK:/crc/cr: 0.000002775 0.562095553 0.437901672
QK:/crc/rr: 0.000000000 0.000248612 0.999751388
QK:/crrc/: 0.884524541 0.115475459 0.000000000
QK:/crrc/cr: 0.000191218 0.661510119 0.338298663
QK:/crrc/rr: 0.000000000 0.000590236 0.999409764
QK:/rc/: 0.443378706 0.556621294 0.000000000
QK:/rc/cr: 0.034472058 0.503238193 0.462289749
QK:/rc/rr: 0.000000000 0.196419570 0.803580430
QK:/rrc/: 0.122304917 0.877695083 0.000000000
QK:/rrc/cr: 0.000001259 0.302105229 0.697893512
QK:/rrc/rr: 0.000000000 0.000650839 0.999349161
QQ:/cc/: 0.479023027 0.520976973 0.000000000
QQ:/cc/cr: 0.999973981 0.000013009 0.000013009
QQ:/cc/rr: 0.000000000 0.999978777 0.000021223
QQ:/crc/: 0.983189820 0.016810180 0.000000000
QQ:/crc/cr: 0.999675280 0.000162360 0.000162360
QQ:/crc/rr: 0.000000000 0.999995836 0.000004164
QQ:/crrc/: 0.176981200 0.823018800 0.000000000
QQ:/crrc/cr: 0.999967986 0.000016007 0.000016007
QQ:/crrc/rr: 0.000000000 0.999888345 0.000111655
QQ:/rc/: 0.522981029 0.477018971 0.000000000
QQ:/rc/cr: 0.999990733 0.000004633 0.000004633
QQ:/rc/rr: 0.000000000 0.999993661 0.000006339
QQ:/rrc/: 0.972347806 0.027652194 0.000000000
QQ:/rrc/cr: 0.999920072 0.000039964 0.000039964
QQ:/rrc/rr: 0.000000000 0.999998295 0.000001705
