J:/c: 0.305341720 0.694658280 0.000000000
J:/crr: 0.000000000 0.999983625 0.000016375
J:/r: 0.056327040 0.129700965 0.813971996
JJ:/cc/c: 0.999992802 0.000007198 0.000000000
JJ:/cc/crr: 0.000000000 0.999996401 0.000003599
JJ:/cc/r: 0.999986775 0.000008427 0.000004799
JJ:/crc/c: 0.999983625 0.000016375 0.000000000
JJ:/crc/crr: 0.000000000 0.999991812 0.000008188
JJ:/crc/r: 0.999899546 0.000089537 0.000010917
JJ:/crrc/c: 0.999991812 0.000008188 0.000000000
JJ:/crrc/crr: 0.000000000 0.999995906 0.000004094
JJ:/crrc/r: 0.999989083 0.000005458 0.000005458
JJ:/rc/c: 0.999974300 0.000025700 0.000000000
JJ:/rc/crr: 0.000000000 0.999987150 0.000012850
JJ:/rc/r: 0.999965733 0.000017133 0.000017133
JJ:/rrc/c: 0.999940822 0.000059178 0.000000000
JJ:/rrc/crr: 0.000000000 0.999970409 0.000029591
JJ:/rrc/r: 0.999889802 0.000070746 0.000039452
JK:/cc/c: 0.004920283 0.995079717 0.000000000
JK:/cc/crr: 0.000000000 0.000731440 0.999268560
JK:/cc/r: 0.000012025 0.000004799 0.999983177
JK:/crc/c: 0.512734124 0.487265876 0.000000000
JK:/crc/crr: 0.000000000 0.000015968 0.999984032
JK:/crc/r: 0.035487375 0.000010917 0.964501708
JK:/crrc/c: 0.490148430 0.509851570 0.000000000
JK:/crrc/crr: 0.000000000 0.000008352 0.999991648
JK:/crrc/r: 0.218808758 0.000005458 0.781185784
JK:/rc/c: 0.373301479 0.626698521 0.000000000
JK:/rc/crr: 0.000000000 0.000034423 0.999965577
JK:/rc/r: 0.358200746 0.000017133 0.641782121
JK:/rrc/c: 0.999940822 0.000059178 0.000000000
JK:/rrc/crr: 0.000000000 0.000029591 0.999970409
JK:/rrc/r: 0.270937756 0.000039452 0.729022792
JQ:/cc/c: 0.072694081 0.927305919 0.000000000
JQ:/cc/crr: 0.000000000 0.000049507 0.999950493
JQ:/cc/r: 0.033950250 0.000004799 0.966044952
JQ:/crc/c: 0.667288883 0.332711117 0.000000000
JQ:/crc/crr: 0.000000000 0.000012270 0.999987730
JQ:/crc/r: 0.011052461 0.000010917 0.988936622
JQ:/crrc/c: 0.033994077 0.966005923 0.000000000
JQ:/crrc/crr: 0.000000000 0.000120428 0.999879572
JQ:/crrc/r: 0.252721582 0.000005458 0.747272959
JQ:/rc/c: 0.999732420 0.000267580 0.000000000
JQ:/rc/crr: 0.000000000 0.000012854 0.999987146
JQ:/rc/r: 0.000017133 0.000017133 0.999965733
JQ:/rrc/c: 0.005947798 0.994052202 0.000000000
JQ:/rrc/crr: 0.000000000 0.004974800 0.995025200
JQ:/rrc/r: 0.374090987 0.000039452 0.625869561
K:/c: 0.999990000 0.000010000 0.000000000
K:/crr: 0.000000000 0.999995000 0.000005000
K:/r: 0.579609082 0.420384251 0.000006667
KJ:/cc/c: 0.500000000 0.500000000 0.000000000
KJ:/cc/crr: 0.000000000 0.500000000 0.500000000
KJ:/cc/r: 0.333333333 0.333333333 0.333333333
KJ:/crc/c: 0.146880148 0.853119852 0.000000000
KJ:/crc/crr: 0.000000000 0.999982979 0.000017021
KJ:/crc/r: 0.000032792 0.722138702 0.277828505
KJ:/crrc/c: 0.262215695 0.737784305 0.000000000
KJ:/crrc/crr: 0.000000000 0.999995233 0.000004767
KJ:/crrc/r: 0.000634432 0.894662121 0.104703447
KJ:/rc/c: 0.453550876 0.546449124 0.000000000
KJ:/rc/crr: 0.000000000 0.881174388 0.118825612
KJ:/rc/r: 0.036930324 0.783265794 0.179803882
KJ:/rrc/c: 0.173228589 0.826771411 0.000000000
KJ:/rrc/crr: 0.000000000 0.999983401 0.000016599
KJ:/rrc/r: 0.048614247 0.882261385 0.069124368
KK:/cc/c: 0.500000000 0.500000000 0.000000000
KK:/cc/crr: 0.000000000 0.500000000 0.500000000
KK:/cc/r: 0.333333333 0.333333333 0.333333333
KK:/crc/c: 0.999995000 0.000005000 0.000000000
KK:/crc/crr: 0.000000000 0.999997500 0.000002500
KK:/crc/r: 0.997091004 0.002905663 0.000003333
KK:/crrc/c: 0.999997500 0.000002500 0.000000000
KK:/crrc/crr: 0.000000000 0.999998750 0.000001250
KK:/crrc/r: 0.999892739 0.000105595 0.000001667
KK:/rc/c: 0.999992071 0.000007929 0.000000000
KK:/rc/crr: 0.000000000 0.999996035 0.000003965
KK:/rc/r: 0.999981459 0.000013255 0.000005286
KK:/rrc/c: 0.999994249 0.000005751 0.000000000
KK:/rrc/crr: 0.000000000 0.999997124 0.000002876
KK:/rrc/r: 0.999705770 0.000290396 0.000003834
KQ:/cc/c: 0.500000000 0.500000000 0.000000000
KQ:/cc/crr: 0.000000000 0.500000000 0.500000000
KQ:/cc/r: 0.333333333 0.333333333 0.333333333
KQ:/crc/c: 0.109347798 0.890652202 0.000000000
KQ:/crc/crr: 0.000000000 0.062591309 0.937408691
KQ:/crc/r: 0.000019536 0.440701847 0.559278616
KQ:/crrc/c: 0.631233694 0.368766306 0.000000000
KQ:/crrc/crr: 0.000000000 0.425921869 0.574078131
KQ:/crrc/r: 0.000018226 0.669285320 0.330696454
KQ:/rc/c: 0.000153157 0.999846843 0.000000000
KQ:/rc/crr: 0.000000000 0.025886052 0.974113948
KQ:/rc/r: 0.000016066 0.303206158 0.696777776
KQ:/rrc/c: 0.504752348 0.495247652 0.000000000
KQ:/rrc/crr: 0.000000000 0.473820126 0.526179874
KQ:/rrc/r: 0.092508425 0.534813878 0.372677697
Q:/c: 0.848698010 0.151301990 0.000000000
Q:/crr: 0.000000000 0.999994109 0.000005891
Q:/r: 0.351328548 0.648634199 0.000037253
QJ:/cc/c: 0.000033046 0.999966954 0.000000000
QJ:/cc/crr: 0.000000000 0.500000000 0.500000000
QJ:/cc/r: 0.000022031 0.000022031 0.999955938
QJ:/crc/c: 0.385882026 0.614117974 0.000000000
QJ:/crc/crr: 0.000000000 0.001896596 0.998103404
QJ:/crc/r: 0.000003928 0.000003928 0.999992145
QJ:/crrc/c: 0.000002946 0.999997054 0.000000000
QJ:/crrc/crr: 0.000000000 0.500000000 0.500000000
QJ:/crrc/r: 0.035354761 0.000001964 0.964643275
QJ:/rc/c: 0.000025670 0.999974330 0.000000000
QJ:/rc/crr: 0.000000000 0.100097016 0.899902984
QJ:/rc/r: 0.000025390 0.000003426 0.999971184
QJ:/rrc/c: 0.000009488 0.999990512 0.000000000
QJ:/rrc/crr: 0.000000000 0.500000000 0.500000000
QJ:/rrc/r: 0.000070930 0.000006325 0.999922745
QK:/cc/c: 0.014332795 0.985667205 0.000000000
QK:/cc/crr: 0.000000000 0.998847172 0.001152828
QK:/cc/r: 0.000102508 0.716843060 0.283054432
QK:/crc/c: 0.375259849 0.624740151 0.000000000
QK:/crc/crr: 0.000000000 0.000557563 0.999442437
QK:/crc/r: 0.000706225 0.471984510 0.527309265
QK:/crrc/c: 0.007640305 0.992359695 0.000000000
QK:/crrc/crr: 0.000000000 0.009703377 0.990296623
QK:/crrc/r: 0.000020429 0.280181766 0.719797805
QK:/rc/c: 0.371832654 0.628167346 0.000000000
QK:/rc/crr: 0.000000000 0.009803374 0.990196626
QK:/rc/r: 0.000004299 0.319438534 0.680557168
QK:/rrc/c: 0.425718194 0.574281806 0.000000000
QK:/rrc/crr: 0.000000000 0.023657274 0.976342726
QK:/rrc/r: 0.000073107 0.502417184 0.497509709
QQ:/cc/c: 0.999966954 0.000033046 0.000000000
QQ:/cc/crr: 0.000000000 0.999983476 0.000016524
QQ:/cc/r: 0.999920164 0.000057805 0.000022031
QQ:/crc/c: 0.999994109 0.000005891 0.000000000
QQ:/crc/crr: 0.000000000 0.999997054 0.000002946
QQ:/crc/r: 0.929927240 0.070068832 0.000003928
QQ:/crrc/c: 0.999997054 0.000002946 0.000000000
QQ:/crrc/crr: 0.000000000 0.999998527 0.000001473
QQ:/crrc/r: 0.999817528 0.000180508 0.000001964
QQ:/rc/c: 0.999994861 0.000005139 0.000000000
QQ:/rc/crr: 0.000000000 0.999997430 0.000002570
QQ:/rc/r: 0.986155776 0.013840798 0.000003426
QQ:/rrc/c: 0.999990512 0.000009488 0.000000000
QQ:/rrc/crr: 0.000000000 0.999995256 0.000004744
QQ:/rrc/r: 0.999953022 0.000040653 0.000006325
