J:/c: 0.305939778 0.694060222 0.000000000
J:/crr: 0.000000000 0.999983657 0.000016343
J:/r: 0.054937664 0.130290963 0.814771372
JJ:/cc/c: 0.999992796 0.000007204 0.000000000
JJ:/cc/crr: 0.000000000 0.999996398 0.000003602
JJ:/cc/r: 0.999986538 0.000008659 0.000004803
JJ:/crc/c: 0.999983657 0.000016343 0.000000000
JJ:/crc/crr: 0.000000000 0.999991828 0.000008172
JJ:/crc/r: 0.999943380 0.000045725 0.000010895
JJ:/crrc/c: 0.999991828 0.000008172 0.000000000
JJ:/crrc/crr: 0.000000000 0.999995914 0.000004086
JJ:/crrc/r: 0.999989104 0.000005448 0.000005448
JJ:/rc/c: 0.999974416 0.000025584 0.000000000
JJ:/rc/crr: 0.000000000 0.999987208 0.000012792
JJ:/rc/r: 0.999960611 0.000022333 0.000017056
JJ:/rrc/c: 0.999939325 0.000060675 0.000000000
JJ:/rrc/crr: 0.000000000 0.999969661 0.000030339
JJ:/rrc/r: 0.999773990 0.000185560 0.000040450
JK:/cc/c: 0.008314028 0.991685972 0.000000000
JK:/cc/crr: 0.000000000 0.000433243 0.999566757
JK:/cc/r: 0.000006228 0.000004803 0.999988969
JK:/crc/c: 0.505530400 0.494469600 0.000000000
JK:/crc/crr: 0.000000000 0.000016164 0.999983836
JK:/crc/r: 0.008622037 0.000010895 0.991367067
JK:/crrc/c: 0.437660019 0.562339981 0.000000000
JK:/crrc/crr: 0.000000000 0.000009336 0.999990664
JK:/crrc/r: 0.222348763 0.000005448 0.777645789
JK:/rc/c: 0.362101782 0.637898218 0.000000000
JK:/rc/crr: 0.000000000 0.000035327 0.999964673
JK:/rc/r: 0.352687737 0.000017056 0.647295207
JK:/rrc/c: 0.999749414 0.000250586 0.000000000
JK:/rrc/crr: 0.000000000 0.000030345 0.999969655
JK:/rrc/r: 0.289862720 0.000040450 0.710096830
JQ:/cc/c: 0.070679340 0.929320660 0.000000000
JQ:/cc/crr: 0.000000000 0.000050962 0.999949038
JQ:/cc/r: 0.035460681 0.000004803 0.964534516
JQ:/crc/c: 0.398234946 0.601765054 0.000000000
JQ:/crc/crr: 0.000000000 0.000020519 0.999979481
JQ:/crc/r: 0.000079461 0.000010895 0.999909644
JQ:/crrc/c: 0.032581283 0.967418717 0.000000000
JQ:/crrc/crr: 0.000000000 0.000125404 0.999874596
JQ:/crrc/r: 0.162325535 0.000005448 0.837669017
JQ:/rc/c: 0.993542216 0.006457784 0.000000000
JQ:/rc/crr: 0.000000000 0.000012875 0.999987125
JQ:/rc/r: 0.000029348 0.000017056 0.999953596
JQ:/rrc/c: 0.021661122 0.978338878 0.000000000
JQ:/rrc/crr: 0.000000000 0.001400547 0.998599453
JQ:/rrc/r: 0.394988460 0.000040450 0.604971090
K:/c: 0.999969207 0.000030793 0.000000000
K:/crr: 0.000000000 0.999995000 0.000005000
K:/r: 0.576124542 0.423868791 0.000006667
KJ:/cc/c: 0.370386399 0.629613601 0.000000000
KJ:/cc/crr: 0.000000000 0.780804527 0.219195473
KJ:/cc/r: 0.523746487 0.223038004 0.253215509
KJ:/crc/c: 0.104991758 0.895008242 0.000000000
KJ:/crc/crr: 0.000000000 0.999976188 0.000023812
KJ:/crc/r: 0.000066856 0.727045598 0.272887546
KJ:/crrc/c: 0.316716856 0.683283144 0.000000000
KJ:/crrc/crr: 0.000000000 0.958880780 0.041119220
KJ:/crrc/r: 0.066267150 0.769198490 0.164534360
KJ:/rc/c: 0.408060634 0.591939366 0.000000000
KJ:/rc/crr: 0.000000000 0.711411720 0.288588280
KJ:/rc/r: 0.046954403 0.711707221 0.241338376
KJ:/rrc/c: 0.226373785 0.773626215 0.000000000
KJ:/rrc/crr: 0.000000000 0.999987221 0.000012779
KJ:/rrc/r: 0.063804375 0.876796658 0.059398966
KK:/cc/c: 0.837625956 0.162374044 0.000000000
KK:/cc/crr: 0.000000000 0.903074850 0.096925150
KK:/cc/r: 0.611902092 0.279848545 0.108249362
KK:/crc/c: 0.999995000 0.000005000 0.000000000
KK:/crc/crr: 0.000000000 0.999997500 0.000002500
KK:/crc/r: 0.999056153 0.000940514 0.000003333
KK:/crrc/c: 0.999997500 0.000002500 0.000000000
KK:/crrc/crr: 0.000000000 0.999998750 0.000001250
KK:/crrc/r: 0.999949736 0.000048598 0.000001667
KK:/rc/c: 0.999992136 0.000007864 0.000000000
KK:/rc/crr: 0.000000000 0.999996068 0.000003932
KK:/rc/r: 0.999978595 0.000016162 0.000005243
KK:/rrc/c: 0.999994214 0.000005786 0.000000000
KK:/rrc/crr: 0.000000000 0.999997107 0.000002893
KK:/rrc/r: 0.999860745 0.000135398 0.000003857
KQ:/cc/c: 0.837625956 0.162374044 0.000000000
KQ:/cc/crr: 0.000000000 0.903074850 0.096925150
KQ:/cc/r: 0.512071344 0.340784319 0.147144337
KQ:/crc/c: 0.232553451 0.767446549 0.000000000
KQ:/crc/crr: 0.000000000 0.000948261 0.999051739
KQ:/crc/r: 0.000052421 0.434539960 0.565407619
KQ:/crrc/c: 0.627888683 0.372111317 0.000000000
KQ:/crrc/crr: 0.000000000 0.403524196 0.596475804
KQ:/crrc/r: 0.000003823 0.746554828 0.253441350
KQ:/rc/c: 0.000652019 0.999347981 0.000000000
KQ:/rc/crr: 0.000000000 0.063403884 0.936596116
KQ:/rc/r: 0.000025601 0.300209903 0.699764496
KQ:/rrc/c: 0.483112970 0.516887030 0.000000000
KQ:/rrc/crr: 0.000000000 0.542479437 0.457520563
KQ:/rrc/r: 0.086465097 0.540115381 0.373419522
Q:/c: 0.851274236 0.148725764 0.000000000
Q:/crr: 0.000000000 0.999994126 0.000005874
Q:/r: 0.353430207 0.646504171 0.000065622
QJ:/cc/c: 0.000311523 0.999688477 0.000000000
QJ:/cc/crr: 0.000000000 0.053958995 0.946041005
QJ:/cc/r: 0.000026141 0.000022413 0.999951447
QJ:/crc/c: 0.391851133 0.608148867 0.000000000
QJ:/crc/crr: 0.000000000 0.001000981 0.998999019
QJ:/crc/r: 0.000180239 0.000003916 0.999815846
QJ:/crrc/c: 0.000002937 0.999997063 0.000000000
QJ:/crrc/crr: 0.000000000 0.500000000 0.500000000
QJ:/crrc/r: 0.005565879 0.000001958 0.994432163
QJ:/rc/c: 0.000048456 0.999951544 0.000000000
QJ:/rc/crr: 0.000000000 0.053202471 0.946797529
QJ:/rc/r: 0.014999978 0.000003437 0.984996585
QJ:/rrc/c: 0.000203385 0.999796615 0.000000000
QJ:/rrc/crr: 0.000000000 0.053875429 0.946124571
QJ:/rrc/r: 0.000073181 0.000006288 0.999920531
QK:/cc/c: 0.018794494 0.981205506 0.000000000
QK:/cc/crr: 0.000000000 0.999105618 0.000894382
QK:/cc/r: 0.000105406 0.737571756 0.262322838
QK:/crc/c: 0.357484820 0.642515180 0.000000000
QK:/crc/crr: 0.000000000 0.013855014 0.986144986
QK:/crc/r: 0.003847407 0.481469911 0.514682681
QK:/crrc/c: 0.027231054 0.972768946 0.000000000
QK:/crrc/crr: 0.000000000 0.019567534 0.980432466
QK:/crrc/r: 0.000016513 0.266494705 0.733488782
QK:/rc/c: 0.381997565 0.618002435 0.000000000
QK:/rc/crr: 0.000000000 0.013575234 0.986424766
QK:/rc/r: 0.000013760 0.317494996 0.682491244
QK:/rrc/c: 0.423616214 0.576383786 0.000000000
QK:/rrc/crr: 0.000000000 0.050489685 0.949510315
QK:/rrc/r: 0.000116241 0.512555976 0.487327783
QQ:/cc/c: 0.999966381 0.000033619 0.000000000
QQ:/cc/crr: 0.000000000 0.999983190 0.000016810
QQ:/cc/r: 0.999914361 0.000063226 0.000022413
QQ:/crc/c: 0.999994126 0.000005874 0.000000000
QQ:/crc/crr: 0.000000000 0.999997063 0.000002937
QQ:/crc/r: 0.992887969 0.007108115 0.000003916
QQ:/crrc/c: 0.999997063 0.000002937 0.000000000
QQ:/crrc/crr: 0.000000000 0.999998532 0.000001468
QQ:/crrc/r: 0.999968202 0.000029840 0.000001958
QQ:/rc/c: 0.999994844 0.000005156 0.000000000
QQ:/rc/crr: 0.000000000 0.999997422 0.000002578
QQ:/rc/r: 0.976901467 0.023095096 0.000003437
QQ:/rrc/c: 0.999990569 0.000009431 0.000000000
QQ:/rrc/crr: 0.000000000 0.999995284 0.000004716
QQ:/rrc/r: 0.999959018 0.000034695 0.000006288
