J:/c: 0.307258083 0.692741917 0.000000000
J:/crr: 0.000000000 0.999983727 0.000016273
J:/r: 0.055430832 0.128661078 0.815908090
JJ:/cc/c: 0.999992782 0.000007218 0.000000000
JJ:/cc/crr: 0.000000000 0.999996391 0.000003609
JJ:/cc/r: 0.999986734 0.000008454 0.000004812
JJ:/crc/c: 0.999983727 0.000016273 0.000000000
JJ:/crc/crr: 0.000000000 0.999991863 0.000008137
JJ:/crc/r: 0.999945376 0.000043776 0.000010849
JJ:/crrc/c: 0.999991863 0.000008137 0.000000000
JJ:/crrc/crr: 0.000000000 0.999995932 0.000004068
JJ:/crrc/r: 0.999989151 0.000005424 0.000005424
JJ:/rc/c: 0.999974092 0.000025908 0.000000000
JJ:/rc/crr: 0.000000000 0.999987046 0.000012954
JJ:/rc/r: 0.999961084 0.000021644 0.000017272
JJ:/rrc/c: 0.999939865 0.000060135 0.000000000
JJ:/rrc/crr: 0.000000000 0.999969931 0.000030069
JJ:/rrc/r: 0.999879955 0.000079955 0.000040090
JK:/cc/c: 0.008425887 0.991574113 0.000000000
JK:/cc/crr: 0.000000000 0.000428305 0.999571695
JK:/cc/r: 0.000011634 0.000004812 0.999983554
JK:/crc/c: 0.541256596 0.458743404 0.000000000
JK:/crc/crr: 0.000000000 0.000015033 0.999984967
JK:/crc/r: 0.013313877 0.000010849 0.986675274
JK:/crrc/c: 0.381481404 0.618518596 0.000000000
JK:/crrc/crr: 0.000000000 0.000010664 0.999989336
JK:/crrc/r: 0.208183284 0.000005424 0.791811292
JK:/rc/c: 0.386154898 0.613845102 0.000000000
JK:/rc/crr: 0.000000000 0.000033546 0.999966454
JK:/rc/r: 0.363222828 0.000017272 0.636759900
JK:/rrc/c: 0.999939865 0.000060135 0.000000000
JK:/rrc/crr: 0.000000000 0.000030069 0.999969931
JK:/rrc/r: 0.265524002 0.000040090 0.734435908
JQ:/cc/c: 0.070092752 0.929907248 0.000000000
JQ:/cc/crr: 0.000000000 0.000051487 0.999948513
JQ:/cc/r: 0.035505002 0.000004812 0.964490186
JQ:/crc/c: 0.467997290 0.532002710 0.000000000
JQ:/crc/crr: 0.000000000 0.000017386 0.999982614
JQ:/crc/r: 0.049506856 0.000010849 0.950482296
JQ:/crrc/c: 0.011117164 0.988882836 0.000000000
JQ:/crrc/crr: 0.000000000 0.000365948 0.999634052
JQ:/crrc/r: 0.198845818 0.000005424 0.801148758
JQ:/rc/c: 0.998403137 0.001596863 0.000000000
JQ:/rc/crr: 0.000000000 0.000012975 0.999987025
JQ:/rc/r: 0.000017272 0.000017272 0.999965456
JQ:/rrc/c: 0.003829847 0.996170153 0.000000000
JQ:/rrc/crr: 0.000000000 0.007850837 0.992149163
JQ:/rrc/r: 0.399485588 0.000040090 0.600474322
K:/c: 0.999990000 0.000010000 0.000000000
K:/crr: 0.000000000 0.999995000 0.000005000
K:/r: 0.572815768 0.427177566 0.000006667
KJ:/cc/c: 0.500000000 0.500000000 0.000000000
KJ:/cc/crr: 0.000000000 0.500000000 0.500000000
KJ:/cc/r: 0.333333333 0.333333333 0.333333333
KJ:/crc/c: 0.143713092 0.856286908 0.000000000
KJ:/crc/crr: 0.000000000 0.999982604 0.000017396
KJ:/crc/r: 0.000034619 0.740570520 0.259394861
KJ:/crrc/c: 0.435839332 0.564160668 0.000000000
KJ:/crrc/crr: 0.000000000 0.999997132 0.000002868
KJ:/crrc/r: 0.114443026 0.715510245 0.170046729
KJ:/rc/c: 0.429081621 0.570918379 0.000000000
KJ:/rc/crr: 0.000000000 0.963681792 0.036318208
KJ:/rc/r: 0.025948007 0.769441376 0.204610617
KJ:/rrc/c: 0.105604967 0.894395033 0.000000000
KJ:/rrc/crr: 0.000000000 0.999972448 0.000027552
KJ:/rrc/r: 0.018812416 0.941167482 0.040020102
KK:/cc/c: 0.500000000 0.500000000 0.000000000
KK:/cc/crr: 0.000000000 0.500000000 0.500000000
KK:/cc/r: 0.333333333 0.333333333 0.333333333
KK:/crc/c: 0.999995000 0.000005000 0.000000000
KK:/crc/crr: 0.000000000 0.999997500 0.000002500
KK:/crc/r: 0.967225835 0.032770832 0.000003333
KK:/crrc/c: 0.999997500 0.000002500 0.000000000
KK:/crrc/crr: 0.000000000 0.999998750 0.000001250
KK:/crrc/r: 0.999882320 0.000116013 0.000001667
KK:/rc/c: 0.999992197 0.000007803 0.000000000
KK:/rc/crr: 0.000000000 0.999996098 0.000003902
KK:/rc/r: 0.999980469 0.000014329 0.000005202
KK:/rrc/c: 0.999994181 0.000005819 0.000000000
KK:/rrc/crr: 0.000000000 0.999997090 0.000002910
KK:/rrc/r: 0.999066388 0.000929733 0.000003879
KQ:/cc/c: 0.500000000 0.500000000 0.000000000
KQ:/cc/crr: 0.000000000 0.500000000 0.500000000
KQ:/cc/r: 0.333333333 0.333333333 0.333333333
KQ:/crc/c: 0.140968705 0.859031295 0.000000000
KQ:/crc/crr: 0.000000000 0.000745313 0.999254687
KQ:/crc/r: 0.000040887 0.426839900 0.573119213
KQ:/crrc/c: 0.648312321 0.351687679 0.000000000
KQ:/crrc/crr: 0.000000000 0.427309615 0.572690385
KQ:/crrc/r: 0.000022952 0.637932921 0.362044127
KQ:/rc/c: 0.000097502 0.999902498 0.000000000
KQ:/rc/crr: 0.000000000 0.136691059 0.863308941
KQ:/rc/r: 0.000014654 0.301737468 0.698247878
KQ:/rrc/c: 0.518781237 0.481218763 0.000000000
KQ:/rrc/crr: 0.000000000 0.489657200 0.510342800
KQ:/rrc/r: 0.088246361 0.534003596 0.377750043
Q:/c: 0.845257749 0.154742251 0.000000000
Q:/crr: 0.000000000 0.999994085 0.000005915
Q:/r: 0.356348780 0.643620240 0.000030979
QJ:/cc/c: 0.000032312 0.999967688 0.000000000
QJ:/cc/crr: 0.000000000 0.500000000 0.500000000
QJ:/cc/r: 0.000021541 0.000021541 0.999956918
QJ:/crc/c: 0.455370009 0.544629991 0.000000000
QJ:/crc/crr: 0.000000000 0.006943514 0.993056486
QJ:/crc/r: 0.000003944 0.000003944 0.999992113
QJ:/crrc/c: 0.000002958 0.999997042 0.000000000
QJ:/crrc/crr: 0.000000000 0.500000000 0.500000000
QJ:/crrc/r: 0.000001972 0.000001972 0.999996056
QJ:/rc/c: 0.000005179 0.999994821 0.000000000
QJ:/rc/crr: 0.000000000 0.500000000 0.500000000
QJ:/rc/r: 0.022165205 0.000003453 0.977831343
QJ:/rrc/c: 0.000009354 0.999990646 0.000000000
QJ:/rrc/crr: 0.000000000 0.500000000 0.500000000
QJ:/rrc/r: 0.000071257 0.000006236 0.999922507
QK:/cc/c: 0.015033721 0.984966279 0.000000000
QK:/cc/crr: 0.000000000 0.998925356 0.001074644
QK:/cc/r: 0.000104506 0.709183211 0.290712283
QK:/crc/c: 0.272862080 0.727137920 0.000000000
QK:/crc/crr: 0.000000000 0.000832829 0.999167171
QK:/crc/r: 0.000054173 0.457746808 0.542199019
QK:/crrc/c: 0.211203600 0.788796400 0.000000000
QK:/crrc/crr: 0.000000000 0.001956422 0.998043578
QK:/crrc/r: 0.000024817 0.290028172 0.709947010
QK:/rc/c: 0.374092643 0.625907357 0.000000000
QK:/rc/crr: 0.000000000 0.004267135 0.995732865
QK:/rc/r: 0.000008028 0.313164856 0.686827116
QK:/rrc/c: 0.408304087 0.591695913 0.000000000
QK:/rrc/crr: 0.000000000 0.037445953 0.962554047
QK:/rrc/r: 0.000066053 0.520698027 0.479235920
QQ:/cc/c: 0.999967688 0.000032312 0.000000000
QQ:/cc/crr: 0.000000000 0.999983844 0.000016156
QQ:/cc/r: 0.999921908 0.000056550 0.000021541
QQ:/crc/c: 0.999994085 0.000005915 0.000000000
QQ:/crc/crr: 0.000000000 0.999997042 0.000002958
QQ:/crc/r: 0.999872022 0.000124034 0.000003944
QQ:/crrc/c: 0.999997042 0.000002958 0.000000000
QQ:/crrc/crr: 0.000000000 0.999998521 0.000001479
QQ:/crrc/r: 0.999812060 0.000185969 0.000001972
QQ:/rc/c: 0.999994821 0.000005179 0.000000000
QQ:/rc/crr: 0.000000000 0.999997410 0.000002590
QQ:/rc/r: 0.999991860 0.000004688 0.000003453
QQ:/rrc/c: 0.999990646 0.000009354 0.000000000
QQ:/rrc/crr: 0.000000000 0.999995323 0.000004677
QQ:/rrc/r: 0.999954913 0.000038851 0.000006236
