J:/c: 0.301891224 0.698108776 0.000000000
J:/crr: 0.000000000 0.999983438 0.000016562
J:/r: 0.054774430 0.128908614 0.816316956
JJ:/cc/c: 0.999992838 0.000007162 0.000000000
JJ:/cc/crr: 0.000000000 0.999996419 0.000003581
JJ:/cc/r: 0.999990450 0.000004775 0.000004775
JJ:/crc/c: 0.999983438 0.000016562 0.000000000
JJ:/crc/crr: 0.000000000 0.999991719 0.000008281
JJ:/crc/r: 0.999530880 0.000458078 0.000011042
JJ:/crrc/c: 0.999991719 0.000008281 0.000000000
JJ:/crrc/crr: 0.000000000 0.999995859 0.000004141
JJ:/crrc/r: 0.999700496 0.000293983 0.000005521
JJ:/rc/c: 0.999974142 0.000025858 0.000000000
JJ:/rc/crr: 0.000000000 0.999987071 0.000012929
JJ:/rc/r: 0.999965523 0.000017239 0.000017239
JJ:/rrc/c: 0.999939144 0.000060856 0.000000000
JJ:/rrc/crr: 0.000000000 0.999969570 0.000030430
JJ:/rrc/r: 0.999843953 0.000115476 0.000040570
JK:/cc/c: 0.000018984 0.999981016 0.000000000
JK:/cc/crr: 0.000000000 0.188642044 0.811357956
JK:/cc/r: 0.000004775 0.000004775 0.999990450
JK:/crc/c: 0.511910240 0.488089760 0.000000000
JK:/crc/crr: 0.000000000 0.000016177 0.999983823
JK:/crc/r: 0.018642105 0.000011042 0.981346853
JK:/crrc/c: 0.437760570 0.562239430 0.000000000
JK:/crrc/crr: 0.000000000 0.000009459 0.999990541
JK:/crrc/r: 0.185971313 0.000005521 0.814023167
JK:/rc/c: 0.389749452 0.610250548 0.000000000
JK:/rc/crr: 0.000000000 0.000033173 0.999966827
JK:/rc/r: 0.359650609 0.000017239 0.640332152
JK:/rrc/c: 0.999939144 0.000060856 0.000000000
JK:/rrc/crr: 0.000000000 0.000030430 0.999969570
JK:/rrc/r: 0.283291483 0.000040570 0.716667946
JQ:/cc/c: 0.072126442 0.927873558 0.000000000
JQ:/cc/crr: 0.000000000 0.000049650 0.999950350
JQ:/cc/r: 0.036745122 0.000004775 0.963250104
JQ:/crc/c: 0.439143210 0.560856790 0.000000000
JQ:/crc/crr: 0.000000000 0.000018857 0.999981143
JQ:/crc/r: 0.005439669 0.000011042 0.994549290
JQ:/crrc/c: 0.030647197 0.969352803 0.000000000
JQ:/crrc/crr: 0.000000000 0.000135106 0.999864894
JQ:/crrc/r: 0.248197132 0.000005521 0.751797348
JQ:/rc/c: 0.996970231 0.003029769 0.000000000
JQ:/rc/crr: 0.000000000 0.000012968 0.999987032
JQ:/rc/r: 0.000017239 0.000017239 0.999965523
JQ:/rrc/c: 0.018016123 0.981983877 0.000000000
JQ:/rrc/crr: 0.000000000 0.001688922 0.998311078
JQ:/rrc/r: 0.435084037 0.000040570 0.564875392
K:/c: 0.999948004 0.000051996 0.000000000
K:/crr: 0.000000000 0.999995000 0.000005000
K:/r: 0.577907017 0.422086317 0.000006667
KJ:/cc/c: 0.096161941 0.903838059 0.000000000
KJ:/cc/crr: 0.000000000 0.500000000 0.500000000
KJ:/cc/r: 0.064107961 0.064107961 0.871784079
KJ:/crc/c: 0.086198515 0.913801485 0.000000000
KJ:/crc/crr: 0.000000000 0.999970996 0.000029004
KJ:/crc/r: 0.000042039 0.750748590 0.249209371
KJ:/crrc/c: 0.363647279 0.636352721 0.000000000
KJ:/crrc/crr: 0.000000000 0.999996562 0.000003438
KJ:/crrc/r: 0.006024201 0.884369457 0.109606343
KJ:/rc/c: 0.454248435 0.545751565 0.000000000
KJ:/rc/crr: 0.000000000 0.632640314 0.367359686
KJ:/rc/r: 0.022308273 0.743546767 0.234144960
KJ:/rrc/c: 0.445107058 0.554892942 0.000000000
KJ:/rrc/crr: 0.000000000 0.999993521 0.000006479
KJ:/rrc/r: 0.042373090 0.895561128 0.062065781
KK:/cc/c: 0.903838059 0.096161941 0.000000000
KK:/cc/crr: 0.000000000 0.946803556 0.053196444
KK:/cc/r: 0.871784079 0.064107961 0.064107961
KK:/crc/c: 0.999995000 0.000005000 0.000000000
KK:/crc/crr: 0.000000000 0.999997500 0.000002500
KK:/crc/r: 0.938350542 0.061646125 0.000003334
KK:/crrc/c: 0.999997500 0.000002500 0.000000000
KK:/crrc/crr: 0.000000000 0.999998750 0.000001250
KK:/crrc/r: 0.999982873 0.000015461 0.000001667
KK:/rc/c: 0.999992103 0.000007897 0.000000000
KK:/rc/crr: 0.000000000 0.999996051 0.000003949
KK:/rc/r: 0.999980753 0.000013982 0.000005265
KK:/rrc/c: 0.999994232 0.000005768 0.000000000
KK:/rrc/crr: 0.000000000 0.999997116 0.000002884
KK:/rrc/r: 0.999880384 0.000115771 0.000003845
KQ:/cc/c: 0.096161941 0.903838059 0.000000000
KQ:/cc/crr: 0.000000000 0.500000000 0.500000000
KQ:/cc/r: 0.064107961 0.871784079 0.064107961
KQ:/crc/c: 0.241518118 0.758481882 0.000000000
KQ:/crc/crr: 0.000000000 0.002876318 0.997123682
KQ:/crc/r: 0.000022554 0.441063865 0.558913582
KQ:/crrc/c: 0.618054141 0.381945859 0.000000000
KQ:/crrc/crr: 0.000000000 0.397544129 0.602455871
KQ:/crrc/r: 0.007545690 0.608068126 0.384386183
KQ:/rc/c: 0.000121417 0.999878583 0.000000000
KQ:/rc/crr: 0.000000000 0.192855115 0.807144885
KQ:/rc/r: 0.000016707 0.302675120 0.697308173
KQ:/rrc/c: 0.479437996 0.520562004 0.000000000
KQ:/rrc/crr: 0.000000000 0.469578797 0.530421203
KQ:/rrc/r: 0.070723205 0.557524560 0.371752235
Q:/c: 0.848270844 0.151729156 0.000000000
Q:/crr: 0.000000000 0.999994106 0.000005894
Q:/r: 0.357621007 0.642311437 0.000067556
QJ:/cc/c: 0.000032953 0.999967047 0.000000000
QJ:/cc/crr: 0.000000000 0.500000000 0.500000000
QJ:/cc/r: 0.000021969 0.000021969 0.999956062
QJ:/crc/c: 0.387937498 0.612062502 0.000000000
QJ:/crc/crr: 0.000000000 0.021074650 0.978925350
QJ:/crc/r: 0.000059993 0.000003930 0.999936077
QJ:/crrc/c: 0.000002947 0.999997053 0.000000000
QJ:/crrc/crr: 0.000000000 0.500000000 0.500000000
QJ:/crrc/r: 0.015696438 0.000001965 0.984301597
QJ:/rc/c: 0.000058337 0.999941663 0.000000000
QJ:/rc/crr: 0.000000000 0.044479199 0.955520801
QJ:/rc/r: 0.021401083 0.000003460 0.978595457
QJ:/rrc/c: 0.000214191 0.999785809 0.000000000
QJ:/rrc/crr: 0.000000000 0.021758272 0.978241728
QJ:/rrc/r: 0.000063382 0.000006214 0.999930404
QK:/cc/c: 0.005188136 0.994811864 0.000000000
QK:/cc/crr: 0.000000000 0.996824153 0.003175847
QK:/cc/r: 0.000077774 0.725973254 0.273948971
QK:/crc/c: 0.371721227 0.628278773 0.000000000
QK:/crc/crr: 0.000000000 0.002894105 0.997105895
QK:/crc/r: 0.000060786 0.474537209 0.525402005
QK:/crrc/c: 0.100565728 0.899434272 0.000000000
QK:/crrc/crr: 0.000000000 0.001461440 0.998538560
QK:/crrc/r: 0.000049544 0.289485631 0.710464825
QK:/rc/c: 0.350628917 0.649371083 0.000000000
QK:/rc/crr: 0.000000000 0.007419641 0.992580359
QK:/rc/r: 0.000011457 0.310141764 0.689846779
QK:/rrc/c: 0.433779026 0.566220974 0.000000000
QK:/rrc/crr: 0.000000000 0.053203379 0.946796621
QK:/rrc/r: 0.000073413 0.508808060 0.491118527
QQ:/cc/c: 0.999967047 0.000032953 0.000000000
QQ:/cc/crr: 0.000000000 0.999983523 0.000016477
QQ:/cc/r: 0.999343164 0.000634867 0.000021969
QQ:/crc/c: 0.999994106 0.000005894 0.000000000
QQ:/crc/crr: 0.000000000 0.999997053 0.000002947
QQ:/crc/r: 0.999945786 0.000050285 0.000003930
QQ:/crrc/c: 0.999997053 0.000002947 0.000000000
QQ:/crrc/crr: 0.000000000 0.999998526 0.000001474
QQ:/crrc/r: 0.999988907 0.000009129 0.000001965
QQ:/rc/c: 0.999994810 0.000005190 0.000000000
QQ:/rc/crr: 0.000000000 0.999997405 0.000002595
QQ:/rc/r: 0.999991930 0.000004610 0.000003460
QQ:/rrc/c: 0.999990679 0.000009321 0.000000000
QQ:/rrc/crr: 0.000000000 0.999995340 0.000004660
QQ:/rrc/r: 0.999955396 0.000038390 0.000006214
