J:/c: 0.294548239 0.705451761 0.000000000
J:/crr: 0.000000000 0.999983025 0.000016975
J:/r: 0.054713910 0.127463777 0.817822314
JJ:/cc/c: 0.999992912 0.000007088 0.000000000
JJ:/cc/crr: 0.000000000 0.999996456 0.000003544
JJ:/cc/r: 0.999982619 0.000012656 0.000004725
JJ:/crc/c: 0.999983025 0.000016975 0.000000000
JJ:/crc/crr: 0.000000000 0.999991512 0.000008488
JJ:/crc/r: 0.999977366 0.000011317 0.000011317
JJ:/crrc/c: 0.999991512 0.000008488 0.000000000
JJ:/crrc/crr: 0.000000000 0.999995756 0.000004244
JJ:/crrc/r: 0.999988683 0.000005658 0.000005658
JJ:/rc/c: 0.999973849 0.000026151 0.000000000
JJ:/rc/crr: 0.000000000 0.999986924 0.000013076
JJ:/rc/r: 0.999961852 0.000020714 0.000017434
JJ:/rrc/c: 0.999939077 0.000060923 0.000000000
JJ:/rrc/crr: 0.000000000 0.999969537 0.000030463
JJ:/rrc/r: 0.999733727 0.000225658 0.000040615
JK:/cc/c: 0.006676892 0.993323108 0.000000000
JK:/cc/crr: 0.000000000 0.000530760 0.999469240
JK:/cc/r: 0.000010613 0.000004725 0.999984662
JK:/crc/c: 0.551602328 0.448397672 0.000000000
JK:/crc/crr: 0.000000000 0.000015387 0.999984613
JK:/crc/r: 0.070021004 0.000011317 0.929967679
JK:/crrc/c: 0.327113943 0.672886057 0.000000000
JK:/crrc/crr: 0.000000000 0.000012974 0.999987026
JK:/crrc/r: 0.184657396 0.000005658 0.815336946
JK:/rc/c: 0.385473406 0.614526594 0.000000000
JK:/rc/crr: 0.000000000 0.000033921 0.999966079
JK:/rc/r: 0.365775694 0.000017434 0.634206872
JK:/rrc/c: 0.999684616 0.000315384 0.000000000
JK:/rrc/crr: 0.000000000 0.000030471 0.999969529
JK:/rrc/r: 0.302811857 0.000040615 0.697147528
JQ:/cc/c: 0.069338119 0.930661881 0.000000000
JQ:/cc/crr: 0.000000000 0.000051109 0.999948891
JQ:/cc/r: 0.034223716 0.000004725 0.965771559
JQ:/crc/c: 0.467038490 0.532961510 0.000000000
JQ:/crc/crr: 0.000000000 0.000018173 0.999981827
JQ:/crc/r: 0.062410232 0.000011317 0.937578452
JQ:/crrc/c: 0.051745817 0.948254183 0.000000000
JQ:/crrc/crr: 0.000000000 0.000082014 0.999917986
JQ:/crrc/r: 0.235536343 0.000005658 0.764457998
JQ:/rc/c: 0.992720725 0.007279275 0.000000000
JQ:/rc/crr: 0.000000000 0.000013171 0.999986829
JQ:/rc/r: 0.000017434 0.000017434 0.999965132
JQ:/rrc/c: 0.009446769 0.990553231 0.000000000
JQ:/rrc/crr: 0.000000000 0.003224540 0.996775460
JQ:/rrc/r: 0.451640263 0.000040615 0.548319122
K:/c: 0.999907044 0.000092956 0.000000000
K:/crr: 0.000000000 0.999995000 0.000005000
K:/r: 0.578820399 0.421172934 0.000006667
KJ:/cc/c: 0.164475350 0.835524650 0.000000000
KJ:/cc/crr: 0.000000000 0.836483078 0.163516922
KJ:/cc/r: 0.181292659 0.072878300 0.745829042
KJ:/crc/c: 0.129363195 0.870636805 0.000000000
KJ:/crc/crr: 0.000000000 0.999980673 0.000019327
KJ:/crc/r: 0.000110981 0.737965612 0.261923407
KJ:/crrc/c: 0.452851920 0.547148080 0.000000000
KJ:/crrc/crr: 0.000000000 0.987990078 0.012009922
KJ:/crrc/r: 0.017586526 0.878449632 0.103963842
KJ:/rc/c: 0.406937986 0.593062014 0.000000000
KJ:/rc/crr: 0.000000000 0.859053061 0.140946939
KJ:/rc/r: 0.032204124 0.722940053 0.244855823
KJ:/rrc/c: 0.282309837 0.717690163 0.000000000
KJ:/rrc/crr: 0.000000000 0.891908291 0.108091709
KJ:/rrc/r: 0.030012471 0.918195189 0.051792340
KK:/cc/c: 0.946210994 0.053789006 0.000000000
KK:/cc/crr: 0.000000000 0.971576632 0.028423368
KK:/cc/r: 0.868240582 0.095900081 0.035859337
KK:/crc/c: 0.999995000 0.000005000 0.000000000
KK:/crc/crr: 0.000000000 0.999997500 0.000002500
KK:/crc/r: 0.762758995 0.237237671 0.000003334
KK:/crrc/c: 0.999997500 0.000002500 0.000000000
KK:/crrc/crr: 0.000000000 0.999998750 0.000001250
KK:/crrc/r: 0.999996666 0.000001667 0.000001667
KK:/rc/c: 0.999992086 0.000007914 0.000000000
KK:/rc/crr: 0.000000000 0.999996043 0.000003957
KK:/rc/r: 0.999979870 0.000014854 0.000005276
KK:/rrc/c: 0.999994241 0.000005759 0.000000000
KK:/rrc/crr: 0.000000000 0.999997121 0.000002879
KK:/rrc/r: 0.999977632 0.000018529 0.000003839
KQ:/cc/c: 0.276676058 0.723323942 0.000000000
KQ:/cc/crr: 0.000000000 0.902794253 0.097205747
KQ:/cc/r: 0.180806341 0.753338689 0.065854970
KQ:/crc/c: 0.140820498 0.859179502 0.000000000
KQ:/crc/crr: 0.000000000 0.003345306 0.996654694
KQ:/crc/r: 0.000084025 0.433836142 0.566079832
KQ:/crrc/c: 0.589370253 0.410629747 0.000000000
KQ:/crrc/crr: 0.000000000 0.393707843 0.606292157
KQ:/crrc/r: 0.008828332 0.692126916 0.299044752
KQ:/rc/c: 0.000833262 0.999166738 0.000000000
KQ:/rc/crr: 0.000000000 0.053797854 0.946202146
KQ:/rc/r: 0.000025019 0.321615647 0.678359334
KQ:/rrc/c: 0.512916756 0.487083244 0.000000000
KQ:/rrc/crr: 0.000000000 0.496208792 0.503791208
KQ:/rrc/r: 0.071503457 0.556889227 0.371607316
Q:/c: 0.845957106 0.154042894 0.000000000
Q:/crr: 0.000000000 0.999994090 0.000005910
Q:/r: 0.367248803 0.632669867 0.000081330
QJ:/cc/c: 0.000559024 0.999440976 0.000000000
QJ:/cc/crr: 0.000000000 0.029031393 0.970968607
QJ:/cc/r: 0.000048049 0.000021639 0.999930312
QJ:/crc/c: 0.451635825 0.548364175 0.000000000
QJ:/crc/crr: 0.000000000 0.052539102 0.947460898
QJ:/crc/r: 0.000014186 0.000003940 0.999981874
QJ:/crrc/c: 0.000126581 0.999873419 0.000000000
QJ:/crrc/crr: 0.000000000 0.011673368 0.988326632
QJ:/crrc/r: 0.016266362 0.000001970 0.983731667
QJ:/rc/c: 0.000122176 0.999877824 0.000000000
QJ:/rc/crr: 0.000000000 0.021561841 0.978438159
QJ:/rc/r: 0.019014592 0.000003512 0.980981895
QJ:/rrc/c: 0.000281700 0.999718300 0.000000000
QJ:/rrc/crr: 0.000000000 0.016110247 0.983889753
QJ:/rrc/r: 0.000088789 0.000009827 0.999901384
QK:/cc/c: 0.016236074 0.983763926 0.000000000
QK:/cc/crr: 0.000000000 0.999000421 0.000999579
QK:/cc/r: 0.000154276 0.756341619 0.243504105
QK:/crc/c: 0.300480121 0.699519879 0.000000000
QK:/crc/crr: 0.000000000 0.006391918 0.993608082
QK:/crc/r: 0.000373892 0.440165699 0.559460409
QK:/crrc/c: 0.223183203 0.776816797 0.000000000
QK:/crrc/crr: 0.000000000 0.001121378 0.998878622
QK:/crrc/r: 0.000068707 0.288009823 0.711921471
QK:/rc/c: 0.370816587 0.629183413 0.000000000
QK:/rc/crr: 0.000000000 0.009699054 0.990300946
QK:/rc/r: 0.000008249 0.299162713 0.700829038
QK:/rrc/c: 0.426140524 0.573859476 0.000000000
QK:/rrc/crr: 0.000000000 0.054212447 0.945787553
QK:/rrc/r: 0.000087590 0.510137160 0.489775251
QQ:/cc/c: 0.999967542 0.000032458 0.000000000
QQ:/cc/crr: 0.000000000 0.999983770 0.000016230
QQ:/cc/r: 0.999919380 0.000058981 0.000021639
QQ:/crc/c: 0.999994090 0.000005910 0.000000000
QQ:/crc/crr: 0.000000000 0.999997045 0.000002955
QQ:/crc/r: 0.821371975 0.178624084 0.000003940
QQ:/crrc/c: 0.999997045 0.000002955 0.000000000
QQ:/crrc/crr: 0.000000000 0.999998522 0.000001478
QQ:/crrc/r: 0.999996060 0.000001970 0.000001970
QQ:/rc/c: 0.999994731 0.000005269 0.000000000
QQ:/rc/crr: 0.000000000 0.999997366 0.000002634
QQ:/rc/r: 0.999992688 0.000003800 0.000003512
QQ:/rrc/c: 0.999990924 0.000009076 0.000000000
QQ:/rrc/crr: 0.000000000 0.999995462 0.000004538
QQ:/rrc/r: 0.999957543 0.000036406 0.000006051
