J:/: 0.074876735 0.925123265 0.000000000
J:/cr: 0.018900644 0.034599062 0.946500295
J:/rr: 0.000000000 0.999933224 0.000066776
JJ:/cc/: 0.000278243 0.999721757 0.000000000
JJ:/cc/cr: 0.999996396 0.000001802 0.000001802
JJ:/cc/rr: 0.000000000 0.990287844 0.009712156
JJ:/crc/: 0.912218787 0.087781213 0.000000000
JJ:/crc/cr: 0.999604550 0.000197725 0.000197725
JJ:/crc/rr: 0.000000000 0.999971460 0.000028540
JJ:/crrc/: 0.963666498 0.036333502 0.000000000
JJ:/crrc/cr: 0.998251064 0.000874468 0.000874468
JJ:/crrc/rr: 0.000000000 0.999950544 0.000049456
JJ:/rc/: 0.896707289 0.103292711 0.000000000
JJ:/rc/cr: 0.999569015 0.000215493 0.000215493
JJ:/rc/rr: 0.000000000 0.999962766 0.000037234
JJ:/rrc/: 0.999502935 0.000497065 0.000000000
JJ:/rrc/cr: 0.955216566 0.022391717 0.022391717
JJ:/rrc/rr: 0.000000000 0.999983296 0.000016704
JK:/cc/: 0.081287650 0.918712350 0.000000000
JK:/cc/cr: 0.000003200 0.000001961 0.999994839
JK:/cc/rr: 0.000000000 0.000033244 0.999966756
JK:/crc/: 0.060130723 0.939869277 0.000000000
JK:/crc/cr: 0.019685503 0.000018467 0.980296030
JK:/crc/rr: 0.000000000 0.000432971 0.999567029
JK:/crrc/: 0.999904683 0.000095317 0.000000000
JK:/crrc/cr: 0.333333333 0.333333333 0.333333333
JK:/crrc/rr: 0.000000000 0.000047663 0.999952337
JK:/rc/: 0.996231826 0.003768174 0.000000000
JK:/rc/cr: 0.840217048 0.005907054 0.153875898
JK:/rc/rr: 0.000000000 0.000033514 0.999966486
JK:/rrc/: 0.523488328 0.476511672 0.000000000
JK:/rrc/cr: 0.900196060 0.000023358 0.099780582
JK:/rrc/rr: 0.000000000 0.000031892 0.999968108
JQ:/cc/: 0.181209904 0.818790096 0.000000000
JQ:/cc/cr: 0.000004317 0.000002200 0.999993482
JQ:/cc/rr: 0.000000000 0.000014913 0.999985087
JQ:/crc/: 0.992566143 0.007433857 0.000000000
JQ:/crc/cr: 0.268255026 0.002334798 0.729410176
JQ:/crc/rr: 0.000000000 0.000026230 0.999973770
JQ:/crrc/: 0.014709165 0.985290835 0.000000000
JQ:/crrc/cr: 0.103348860 0.000032247 0.896618893
JQ:/crrc/rr: 0.000000000 0.003240071 0.996759929
JQ:/rc/: 0.996961709 0.003038291 0.000000000
JQ:/rc/cr: 0.007326093 0.007326093 0.985347814
JQ:/rc/rr: 0.000000000 0.000033490 0.999966510
JQ:/rrc/: 0.141386014 0.858613986 0.000000000
JQ:/rrc/cr: 0.000524408 0.000012963 0.999462629
JQ:/rrc/rr: 0.000000000 0.000118083 0.999881917
K:/: 0.750194134 0.249805866 0.000000000
K:/cr: 0.699168522 0.300818134 0.000013344
K:/rr: 0.000000000 0.999993335 0.000006665
KJ:/cc/: 0.000040762 0.999959238 0.000000000
KJ:/cc/cr: 0.000050996 0.000014486 0.999934519
KJ:/cc/rr: 0.000000000 0.754485797 0.245514203
KJ:/crc/: 0.000050320 0.999949680 0.000000000
KJ:/crc/cr: 0.000068778 0.999923829 0.000007393
KJ:/crc/rr: 0.000000000 0.779618300 0.220381700
KJ:/crrc/: 0.050222408 0.949777592 0.000000000
KJ:/crrc/cr: 0.001131411 0.997025046 0.001843543
KJ:/crrc/rr: 0.000000000 0.471797254 0.528202746
KJ:/rc/: 0.067880710 0.932119290 0.000000000
KJ:/rc/cr: 0.009664700 0.966072555 0.024262745
KJ:/rc/rr: 0.000000000 0.392376767 0.607623233
KJ:/rrc/: 0.085434163 0.914565837 0.000000000
KJ:/rrc/cr: 0.000158119 0.999840666 0.000001215
KJ:/rrc/rr: 0.000000000 0.481636724 0.518363276
KK:/cc/: 0.999503175 0.000496825 0.000000000
KK:/cc/cr: 0.973142038 0.013428981 0.013428981
KK:/cc/rr: 0.000000000 0.999989987 0.000010013
KK:/crc/: 0.143799445 0.856200555 0.000000000
KK:/crc/cr: 0.999982731 0.000008635 0.000008635
KK:/crc/rr: 0.000000000 0.999922882 0.000077118
KK:/crrc/: 0.977895220 0.022104780 0.000000000
KK:/crrc/cr: 0.999712203 0.000143899 0.000143899
KK:/crrc/rr: 0.000000000 0.999995121 0.000004879
KK:/rc/: 0.824009281 0.175990719 0.000000000
KK:/rc/cr: 0.999974753 0.000012624 0.000012624
KK:/rc/rr: 0.000000000 0.999995956 0.000004044
KK:/rrc/: 0.525135270 0.474864730 0.000000000
KK:/rrc/cr: 0.999995321 0.000002339 0.000002339
KK:/rrc/rr: 0.000000000 0.999996827 0.000003173
KQ:/cc/: 0.000055218 0.999944782 0.000000000
KQ:/cc/cr: 0.000043872 0.434898134 0.565057995
KQ:/cc/rr: 0.000000000 0.818757654 0.181242346
KQ:/crc/: 0.887105283 0.112894717 0.000000000
KQ:/crc/cr: 0.000400737 0.625641799 0.373957464
KQ:/crc/rr: 0.000000000 0.000038371 0.999961629
KQ:/crrc/: 0.022105821 0.977894179 0.000000000
KQ:/crrc/cr: 0.040240684 0.673062513 0.286696804
KQ:/crrc/rr: 0.000000000 0.490915268 0.509084732
KQ:/rc/: 0.000034513 0.999965487 0.000000000
KQ:/rc/cr: 0.000024032 0.483140427 0.516835541
KQ:/rc/rr: 0.000000000 0.903443073 0.096556927
KQ:/rrc/: 0.707519947 0.292480053 0.000000000
KQ:/rrc/cr: 0.036594058 0.863974982 0.099430960
KQ:/rrc/rr: 0.000000000 0.392013101 0.607986899
Q:/: 0.749555412 0.250444588 0.000000000
Q:/cr: 0.163253452 0.835067883 0.001678665
Q:/rr: 0.000000000 0.999993329 0.000006671
QJ:/cc/: 0.000019964 0.999980036 0.000000000
QJ:/cc/cr: 0.000007796 0.000006655 0.999985549
QJ:/cc/rr: 0.000000000 0.500000000 0.500000000
QJ:/crc/: 0.027553697 0.972446303 0.000000000
QJ:/crc/cr: 0.002748230 0.000002732 0.997249038
QJ:/crc/rr: 0.000000000 0.000144612 0.999855388
QJ:/crrc/: 0.018509953 0.981490047 0.000000000
QJ:/crrc/cr: 0.000134785 0.000013844 0.999851371
QJ:/crrc/rr: 0.000000000 0.001101132 0.998898868
QJ:/rc/: 0.007169706 0.992830294 0.000000000
QJ:/rc/cr: 0.000002240 0.000002240 0.999995521
QJ:/rc/rr: 0.000000000 0.000465195 0.999534805
QJ:/rrc/: 0.000003335 0.999996665 0.000000000
QJ:/rrc/cr: 0.000001112 0.000001112 0.999997776
QJ:/rrc/rr: 0.000000000 0.500000000 0.500000000
QK:/cc/: 0.491161781 0.508838219 0.000000000
QK:/cc/cr: 0.063004788 0.936966221 0.000028992
QK:/cc/rr: 0.000000000 0.999979676 0.000020324
QK:/crc/: 0.006339161 0.993660839 0.000000000
QK:/crc/cr: 0.000002711 0.556454473 0.443542816
QK:/crc/rr: 0.000000000 0.000636695 0.999363305
QK:/crrc/: 0.922319708 0.077680292 0.000000000
QK:/crrc/cr: 0.000328872 0.340284731 0.659386397
QK:/crrc/rr: 0.000000000 0.000591592 0.999408408
QK:/rc/: 0.433137194 0.566862806 0.000000000
QK:/rc/cr: 0.014918060 0.522438219 0.462643720
QK:/rc/rr: 0.000000000 0.201645184 0.798354816
QK:/rrc/: 0.127100981 0.872899019 0.000000000
QK:/rrc/cr: 0.000001274 0.296561401 0.703437325
QK:/rrc/rr: 0.000000000 0.000518362 0.999481638
QQ:/cc/: 0.516305386 0.483694614 0.000000000
QQ:/cc/cr: 0.999972483 0.000013758 0.000013758
QQ:/cc/rr: 0.000000000 0.999980666 0.000019334
QQ:/crc/: 0.989550247 0.010449753 0.000000000
QQ:/crc/cr: 0.999491585 0.000254207 0.000254207
QQ:/crc/rr: 0.000000000 0.999995973 0.000004027
QQ:/crrc/: 0.165620936 0.834379064 0.000000000
QQ:/crrc/cr: 0.999967430 0.000016285 0.000016285
QQ:/crrc/rr: 0.000000000 0.999876936 0.000123064
QQ:/rc/: 0.496086689 0.503913311 0.000000000
QQ:/rc/cr: 0.999991175 0.000004413 0.000004413
QQ:/rc/rr: 0.000000000 0.999993277 0.000006723
QQ:/rrc/: 0.982789158 0.017210842 0.000000000
QQ:/rrc/cr: 0.999870805 0.000064598 0.000064598
QQ:/rrc/rr: 0.000000000 0.999998303 0.000001697
