J:/: 0.081593845 0.918406155 0.000000000
J:/cr: 0.018496322 0.033837589 0.947666090
J:/rr: 0.000000000 0.999938721 0.000061279
JJ:/cc/: 0.000310399 0.999689601 0.000000000
JJ:/cc/cr: 0.999996369 0.000001815 0.000001815
JJ:/cc/rr: 0.000000000 0.991230309 0.008769691
JJ:/crc/: 0.896163952 0.103836048 0.000000000
JJ:/crc/cr: 0.999655670 0.000172165 0.000172165
JJ:/crc/rr: 0.000000000 0.999970078 0.000029922
JJ:/crrc/: 0.965600982 0.034399018 0.000000000
JJ:/crrc/cr: 0.998098522 0.000950739 0.000950739
JJ:/crrc/rr: 0.000000000 0.999949196 0.000050804
JJ:/rc/: 0.888107473 0.111892527 0.000000000
JJ:/rc/cr: 0.999634893 0.000182554 0.000182554
JJ:/rc/rr: 0.000000000 0.999965500 0.000034500
JJ:/rrc/: 0.996185197 0.003814803 0.000000000
JJ:/rrc/cr: 0.994645168 0.002677416 0.002677416
JJ:/rrc/rr: 0.000000000 0.999984621 0.000015379
JK:/cc/: 0.083068733 0.916931267 0.000000000
JK:/cc/cr: 0.000162094 0.000001979 0.999835926
JK:/cc/rr: 0.000000000 0.000032769 0.999967231
JK:/crc/: 0.069129739 0.930870261 0.000000000
JK:/crc/cr: 0.045395112 0.000019205 0.954585683
JK:/crc/rr: 0.000000000 0.000387900 0.999612100
JK:/crrc/: 0.999820669 0.000179331 0.000000000
JK:/crrc/cr: 0.182369789 0.182369789 0.635260421
JK:/crrc/rr: 0.000000000 0.000049066 0.999950934
JK:/rc/: 0.983762594 0.016237406 0.000000000
JK:/rc/cr: 0.905405847 0.001257983 0.093336170
JK:/rc/rr: 0.000000000 0.000031145 0.999968855
JK:/rrc/: 0.508508660 0.491491340 0.000000000
JK:/rrc/cr: 0.749137930 0.000020781 0.250841289
JK:/rrc/rr: 0.000000000 0.000030129 0.999969871
JQ:/cc/: 0.168605253 0.831394747 0.000000000
JQ:/cc/cr: 0.000007961 0.000002183 0.999989856
JQ:/cc/rr: 0.000000000 0.000016145 0.999983855
JQ:/crc/: 0.992051760 0.007948240 0.000000000
JQ:/crc/cr: 0.420465009 0.002249170 0.577285820
JQ:/crc/rr: 0.000000000 0.000027030 0.999972970
JQ:/crrc/: 0.031439403 0.968560597 0.000000000
JQ:/crrc/cr: 0.158103876 0.000033766 0.841862358
JQ:/crrc/rr: 0.000000000 0.001560358 0.998439642
JQ:/rc/: 0.994282022 0.005717978 0.000000000
JQ:/rc/cr: 0.003572308 0.003572308 0.992855385
JQ:/rc/rr: 0.000000000 0.000030816 0.999969184
JQ:/rrc/: 0.112118231 0.887881769 0.000000000
JQ:/rrc/cr: 0.000161645 0.000011504 0.999826851
JQ:/rrc/rr: 0.000000000 0.000136648 0.999863352
K:/: 0.754555477 0.245444523 0.000000000
K:/cr: 0.697795547 0.302190872 0.000013581
K:/rr: 0.000000000 0.999993374 0.000006626
KJ:/cc/: 0.000056291 0.999943709 0.000000000
KJ:/cc/cr: 0.000049686 0.000009172 0.999941142
KJ:/cc/rr: 0.000000000 0.819053151 0.180946849
KJ:/crc/: 0.000048506 0.999951494 0.000000000
KJ:/crc/cr: 0.000474848 0.999517661 0.000007491
KJ:/crc/rr: 0.000000000 0.768371734 0.231628266
KJ:/crrc/: 0.058980602 0.941019398 0.000000000
KJ:/crrc/cr: 0.019549887 0.974573555 0.005876558
KJ:/crrc/rr: 0.000000000 0.439073512 0.560926488
KJ:/rc/: 0.080165960 0.919834040 0.000000000
KJ:/rc/cr: 0.004762547 0.966512606 0.028724847
KJ:/rc/rr: 0.000000000 0.390772761 0.609227239
KJ:/rrc/: 0.091659708 0.908340292 0.000000000
KJ:/rrc/cr: 0.000520052 0.998356956 0.001122993
KJ:/rrc/rr: 0.000000000 0.604974673 0.395025327
KK:/cc/: 0.996344383 0.003655617 0.000000000
KK:/cc/cr: 0.996284949 0.001857525 0.001857525
KK:/cc/rr: 0.000000000 0.999989777 0.000010223
KK:/crc/: 0.165751051 0.834248949 0.000000000
KK:/crc/cr: 0.999982043 0.000008978 0.000008978
KK:/crc/rr: 0.000000000 0.999932216 0.000067784
KK:/crrc/: 0.987099971 0.012900029 0.000000000
KK:/crrc/cr: 0.999497096 0.000251452 0.000251452
KK:/crrc/rr: 0.000000000 0.999995071 0.000004929
KK:/rc/: 0.886850315 0.113149685 0.000000000
KK:/rc/cr: 0.999960958 0.000019521 0.000019521
KK:/rc/rr: 0.000000000 0.999996264 0.000003736
KK:/rrc/: 0.529832742 0.470167258 0.000000000
KK:/rrc/cr: 0.999995302 0.000002349 0.000002349
KK:/rrc/rr: 0.000000000 0.999996873 0.000003127
KQ:/cc/: 0.000282201 0.999717799 0.000000000
KQ:/cc/cr: 0.000050691 0.446862420 0.553086889
KQ:/cc/rr: 0.000000000 0.963906585 0.036093415
KQ:/crc/: 0.905135926 0.094864074 0.000000000
KQ:/crc/cr: 0.000541957 0.503697248 0.495760795
KQ:/crc/rr: 0.000000000 0.000029222 0.999970778
KQ:/crrc/: 0.018179827 0.981820173 0.000000000
KQ:/crrc/cr: 0.016349489 0.700782073 0.282868438
KQ:/crrc/rr: 0.000000000 0.289204888 0.710795112
KQ:/rc/: 0.000050726 0.999949274 0.000000000
KQ:/rc/cr: 0.000036672 0.492699383 0.507263945
KQ:/rc/rr: 0.000000000 0.934684748 0.065315252
KQ:/rrc/: 0.689956949 0.310043051 0.000000000
KQ:/rrc/cr: 0.056297410 0.744379879 0.199322711
KQ:/rrc/rr: 0.000000000 0.385645996 0.614354004
Q:/: 0.744259528 0.255740472 0.000000000
Q:/cr: 0.170206604 0.828866253 0.000927143
Q:/rr: 0.000000000 0.999993282 0.000006718
QJ:/cc/: 0.000019551 0.999980449 0.000000000
QJ:/cc/cr: 0.000022530 0.000006517 0.999970953
QJ:/cc/rr: 0.000000000 0.500000000 0.500000000
QJ:/crc/: 0.025280355 0.974719645 0.000000000
QJ:/crc/cr: 0.003226336 0.000002689 0.996770976
QJ:/crc/rr: 0.000000000 0.000155508 0.999844492
QJ:/crrc/: 0.011838541 0.988161459 0.000000000
QJ:/crrc/cr: 0.000182429 0.000012916 0.999804655
QJ:/crrc/rr: 0.000000000 0.001617129 0.998382871
QJ:/rc/: 0.008013765 0.991986235 0.000000000
QJ:/rc/cr: 0.000040506 0.000002257 0.999957236
QJ:/rc/rr: 0.000000000 0.000419159 0.999580841
QJ:/rrc/: 0.000003359 0.999996641 0.000000000
QJ:/rrc/cr: 0.000001573 0.000001120 0.999997307
QJ:/rrc/rr: 0.000000000 0.500000000 0.500000000
QK:/cc/: 0.437426254 0.562573746 0.000000000
QK:/cc/cr: 0.008250900 0.991724977 0.000024123
QK:/cc/rr: 0.000000000 0.064618475 0.935381525
QK:/crc/: 0.015417870 0.984582130 0.000000000
QK:/crc/cr: 0.000002662 0.552213035 0.447784303
QK:/crc/rr: 0.000000000 0.000254983 0.999745017
QK:/crrc/: 0.921787179 0.078212821 0.000000000
QK:/crrc/cr: 0.000275784 0.623173152 0.376551064
QK:/crrc/rr: 0.000000000 0.000548930 0.999451070
QK:/rc/: 0.478322396 0.521677604 0.000000000
QK:/rc/cr: 0.057833257 0.497293851 0.444872892
QK:/rc/rr: 0.000000000 0.199175740 0.800824260
QK:/rrc/: 0.120669800 0.879330200 0.000000000
QK:/rrc/cr: 0.000001273 0.310110503 0.689888223
QK:/rrc/rr: 0.000000000 0.000669496 0.999330504
QQ:/cc/: 0.542987034 0.457012966 0.000000000
QQ:/cc/cr: 0.999971480 0.000014260 0.000014260
QQ:/cc/rr: 0.000000000 0.999981997 0.000018003
QQ:/crc/: 0.983441169 0.016558831 0.000000000
QQ:/crc/cr: 0.999683449 0.000158276 0.000158276
QQ:/crc/rr: 0.000000000 0.999996003 0.000003997
QQ:/crrc/: 0.187344335 0.812655665 0.000000000
QQ:/crrc/cr: 0.999968589 0.000015705 0.000015705
QQ:/crrc/rr: 0.000000000 0.999897811 0.000102189
QQ:/rc/: 0.538648258 0.461351742 0.000000000
QQ:/rc/cr: 0.999990292 0.000004854 0.000004854
QQ:/rc/rr: 0.000000000 0.999993764 0.000006236
QQ:/rrc/: 0.963139312 0.036860688 0.000000000
QQ:/rrc/cr: 0.999939248 0.000030376 0.000030376
QQ:/rrc/rr: 0.000000000 0.999998256 0.000001744
