J:/c: 0.293314338 0.706685662 0.000000000
J:/crr: 0.000000000 0.999982953 0.000017047
J:/r: 0.055403571 0.126987481 0.817608948
JJ:/cc/c: 0.999992925 0.000007075 0.000000000
JJ:/cc/crr: 0.000000000 0.999996462 0.000003538
JJ:/cc/r: 0.999990566 0.000004717 0.000004717
JJ:/crc/c: 0.999982953 0.000017047 0.000000000
JJ:/crc/crr: 0.000000000 0.999991477 0.000008523
JJ:/crc/r: 0.999861266 0.000127369 0.000011364
JJ:/crrc/c: 0.999991477 0.000008523 0.000000000
JJ:/crrc/crr: 0.000000000 0.999995738 0.000004262
JJ:/crrc/r: 0.999972979 0.000021339 0.000005682
JJ:/rc/c: 0.999973751 0.000026249 0.000000000
JJ:/rc/crr: 0.000000000 0.999986875 0.000013125
JJ:/rc/r: 0.999965001 0.000017500 0.000017500
JJ:/rrc/c: 0.999939835 0.000060165 0.000000000
JJ:/rrc/crr: 0.000000000 0.999969916 0.000030084
JJ:/rrc/r: 0.999898761 0.000061129 0.000040110
JK:/cc/c: 0.000007075 0.999992925 0.000000000
JK:/cc/crr: 0.000000000 0.500000000 0.500000000
JK:/cc/r: 0.000004717 0.000004717 0.999990566
JK:/crc/c: 0.536844310 0.463155690 0.000000000
JK:/crc/crr: 0.000000000 0.000015877 0.999984123
JK:/crc/r: 0.061229879 0.000011364 0.938758757
JK:/crrc/c: 0.988896049 0.011103951 0.000000000
JK:/crrc/crr: 0.000000000 0.000084656 0.999915344
JK:/crrc/r: 0.240425823 0.000005682 0.759568494
JK:/rc/c: 0.386208224 0.613791776 0.000000000
JK:/rc/crr: 0.000000000 0.000033983 0.999966017
JK:/rc/r: 0.365050472 0.000017500 0.634932028
JK:/rrc/c: 0.999939835 0.000060165 0.000000000
JK:/rrc/crr: 0.000000000 0.000030084 0.999969916
JK:/rrc/r: 0.279312618 0.000040110 0.720647272
JQ:/cc/c: 0.070425011 0.929574989 0.000000000
JQ:/cc/crr: 0.000000000 0.000050233 0.999949767
JQ:/cc/r: 0.032689124 0.000004717 0.967306159
JQ:/crc/c: 0.535540005 0.464459995 0.000000000
JQ:/crc/crr: 0.000000000 0.000015915 0.999984085
JQ:/crc/r: 0.000061589 0.000011364 0.999927046
JQ:/crrc/c: 0.013734188 0.986265812 0.000000000
JQ:/crrc/crr: 0.000000000 0.000310300 0.999689700
JQ:/crrc/r: 0.155267175 0.000005682 0.844727143
JQ:/rc/c: 0.999521912 0.000478088 0.000000000
JQ:/rc/crr: 0.000000000 0.000013131 0.999986869
JQ:/rc/r: 0.000017500 0.000017500 0.999965001
JQ:/rrc/c: 0.001170759 0.998829241 0.000000000
JQ:/rrc/crr: 0.000000000 0.025694687 0.974305313
JQ:/rrc/r: 0.591744917 0.000040110 0.408214974
K:/c: 0.999990000 0.000010000 0.000000000
K:/crr: 0.000000000 0.999995000 0.000005000
K:/r: 0.581422372 0.418570961 0.000006667
KJ:/cc/c: 0.500000000 0.500000000 0.000000000
KJ:/cc/crr: 0.000000000 0.500000000 0.500000000
KJ:/cc/r: 0.333333333 0.333333333 0.333333333
KJ:/crc/c: 0.203253521 0.796746479 0.000000000
KJ:/crc/crr: 0.000000000 0.999987700 0.000012300
KJ:/crc/r: 0.000026209 0.735766472 0.264207319
KJ:/crrc/c: 0.428682301 0.571317699 0.000000000
KJ:/crrc/crr: 0.000000000 0.992369145 0.007630855
KJ:/crrc/r: 0.042801973 0.833268420 0.123929608
KJ:/rc/c: 0.447718365 0.552281635 0.000000000
KJ:/rc/crr: 0.000000000 0.852544560 0.147455440
KJ:/rc/r: 0.143172982 0.636168656 0.220658362
KJ:/rrc/c: 0.516204740 0.483795260 0.000000000
KJ:/rrc/crr: 0.000000000 0.999994447 0.000005553
KJ:/rrc/r: 0.039756605 0.960239573 0.000003822
KK:/cc/c: 0.500000000 0.500000000 0.000000000
KK:/cc/crr: 0.000000000 0.500000000 0.500000000
KK:/cc/r: 0.333333333 0.333333333 0.333333333
KK:/crc/c: 0.999995000 0.000005000 0.000000000
KK:/crc/crr: 0.000000000 0.999997500 0.000002500
KK:/crc/r: 0.980515863 0.019480804 0.000003333
KK:/crrc/c: 0.999997500 0.000002500 0.000000000
KK:/crrc/crr: 0.000000000 0.999998750 0.000001250
KK:/crrc/r: 0.999952298 0.000046035 0.000001667
KK:/rc/c: 0.999992036 0.000007964 0.000000000
KK:/rc/crr: 0.000000000 0.999996018 0.000003982
KK:/rc/r: 0.999979318 0.000015373 0.000005309
KK:/rrc/c: 0.999994267 0.000005733 0.000000000
KK:/rrc/crr: 0.000000000 0.999997133 0.000002867
KK:/rrc/r: 0.997915610 0.002080568 0.000003822
KQ:/cc/c: 0.500000000 0.500000000 0.000000000
KQ:/cc/crr: 0.000000000 0.500000000 0.500000000
KQ:/cc/r: 0.333333333 0.333333333 0.333333333
KQ:/crc/c: 0.003877346 0.996122654 0.000000000
KQ:/crc/crr: 0.000000000 0.089591345 0.910408655
KQ:/crc/r: 0.000018676 0.455436534 0.544544790
KQ:/crrc/c: 0.669043339 0.330956661 0.000000000
KQ:/crrc/crr: 0.000000000 0.450176052 0.549823948
KQ:/crrc/r: 0.000554054 0.751656321 0.247789625
KQ:/rc/c: 0.000010055 0.999989945 0.000000000
KQ:/rc/crr: 0.000000000 0.603978900 0.396021100
KQ:/rc/r: 0.000017646 0.302536931 0.697445423
KQ:/rrc/c: 0.508444923 0.491555077 0.000000000
KQ:/rrc/crr: 0.000000000 0.468195440 0.531804560
KQ:/rrc/r: 0.001770581 0.668973418 0.329256002
Q:/c: 0.847244152 0.152755848 0.000000000
Q:/crr: 0.000000000 0.999994099 0.000005901
Q:/r: 0.364355876 0.635598461 0.000045663
QJ:/cc/c: 0.000032732 0.999967268 0.000000000
QJ:/cc/crr: 0.000000000 0.500000000 0.500000000
QJ:/cc/r: 0.000021821 0.000021821 0.999956357
QJ:/crc/c: 0.393640041 0.606359959 0.000000000
QJ:/crc/crr: 0.000000000 0.000607984 0.999392016
QJ:/crc/r: 0.000163959 0.000003934 0.999832107
QJ:/crrc/c: 0.000002951 0.999997049 0.000000000
QJ:/crrc/crr: 0.000000000 0.500000000 0.500000000
QJ:/crrc/r: 0.000001967 0.000001967 0.999996066
QJ:/rc/c: 0.000046396 0.999953604 0.000000000
QJ:/rc/crr: 0.000000000 0.056517925 0.943482075
QJ:/rc/r: 0.000003496 0.000003496 0.999993007
QJ:/rrc/c: 0.000109156 0.999890844 0.000000000
QJ:/rrc/crr: 0.000000000 0.041905821 0.958094179
QJ:/rrc/r: 0.000013436 0.000006099 0.999980465
QK:/cc/c: 0.000224122 0.999775878 0.000000000
QK:/cc/crr: 0.000000000 0.926977390 0.073022610
QK:/cc/r: 0.000056634 0.729398798 0.270544568
QK:/crc/c: 0.335939250 0.664060750 0.000000000
QK:/crc/crr: 0.000000000 0.000387278 0.999612722
QK:/crc/r: 0.000047444 0.479251032 0.520701524
QK:/crrc/c: 0.000312210 0.999687790 0.000000000
QK:/crrc/crr: 0.000000000 0.995274398 0.004725602
QK:/crrc/r: 0.000034714 0.275374272 0.724591014
QK:/rc/c: 0.368107585 0.631892415 0.000000000
QK:/rc/crr: 0.000000000 0.005967053 0.994032947
QK:/rc/r: 0.000006620 0.309676880 0.690316501
QK:/rrc/c: 0.423098705 0.576901295 0.000000000
QK:/rrc/crr: 0.000000000 0.060952461 0.939047539
QK:/rrc/r: 0.000072913 0.516747834 0.483179253
QQ:/cc/c: 0.999967268 0.000032732 0.000000000
QQ:/cc/crr: 0.000000000 0.999983633 0.000016367
QQ:/cc/r: 0.999296073 0.000682106 0.000021821
QQ:/crc/c: 0.999994099 0.000005901 0.000000000
QQ:/crc/crr: 0.000000000 0.999997049 0.000002951
QQ:/crc/r: 0.999944570 0.000051496 0.000003934
QQ:/crrc/c: 0.999997049 0.000002951 0.000000000
QQ:/crrc/crr: 0.000000000 0.999998525 0.000001475
QQ:/crrc/r: 0.999378473 0.000619560 0.000001967
QQ:/rc/c: 0.999994756 0.000005244 0.000000000
QQ:/rc/crr: 0.000000000 0.999997378 0.000002622
QQ:/rc/r: 0.992739570 0.007256934 0.000003496
QQ:/rrc/c: 0.999990851 0.000009149 0.000000000
QQ:/rrc/crr: 0.000000000 0.999995426 0.000004574
QQ:/rrc/r: 0.999946859 0.000047042 0.000006099
