J:/c: 0.312521537 0.687478463 0.000000000
J:/crr: 0.000000000 0.999984001 0.000015999
J:/r: 0.054108769 0.120990980 0.824900251
JJ:/cc/c: 0.999992727 0.000007273 0.000000000
JJ:/cc/crr: 0.000000000 0.999996363 0.000003637
JJ:/cc/r: 0.999990303 0.000004849 0.000004849
JJ:/crc/c: 0.999984001 0.000015999 0.000000000
JJ:/crc/crr: 0.000000000 0.999992000 0.000008000
JJ:/crc/r: 0.999923331 0.000066003 0.000010666
JJ:/crrc/c: 0.999992000 0.000008000 0.000000000
JJ:/crrc/crr: 0.000000000 0.999996000 0.000004000
JJ:/crrc/r: 0.999966745 0.000027922 0.000005333
JJ:/rc/c: 0.999972450 0.000027550 0.000000000
JJ:/rc/crr: 0.000000000 0.999986224 0.000013776
JJ:/rc/r: 0.999806284 0.000175349 0.000018367
JJ:/rrc/c: 0.999938396 0.000061604 0.000000000
JJ:/rrc/crr: 0.000000000 0.999969196 0.000030804
JJ:/rrc/r: 0.999886662 0.000072268 0.000041070
JK:/cc/c: 0.001684713 0.998315287 0.000000000
JK:/cc/crr: 0.000000000 0.002158514 0.997841486
JK:/cc/r: 0.000004849 0.000004849 0.999990303
JK:/crc/c: 0.489192759 0.510807241 0.000000000
JK:/crc/crr: 0.000000000 0.000016352 0.999983648
JK:/crc/r: 0.030331282 0.000010666 0.969658052
JK:/crrc/c: 0.322757732 0.677242268 0.000000000
JK:/crrc/crr: 0.000000000 0.000012393 0.999987607
JK:/crrc/r: 0.237371671 0.000005333 0.762622996
JK:/rc/c: 0.403057012 0.596942988 0.000000000
JK:/rc/crr: 0.000000000 0.000034177 0.999965823
JK:/rc/r: 0.366320734 0.000018367 0.633660899
JK:/rrc/c: 0.999938396 0.000061604 0.000000000
JK:/rrc/crr: 0.000000000 0.000030804 0.999969196
JK:/rrc/r: 0.378934777 0.000041070 0.621024154
JQ:/cc/c: 0.063372908 0.936627092 0.000000000
JQ:/cc/crr: 0.000000000 0.000057382 0.999942618
JQ:/cc/r: 0.034649517 0.000004849 0.965345634
JQ:/crc/c: 0.516125758 0.483874242 0.000000000
JQ:/crc/crr: 0.000000000 0.000015499 0.999984501
JQ:/crc/r: 0.000058317 0.000010666 0.999931017
JQ:/crrc/c: 0.032394492 0.967605508 0.000000000
JQ:/crrc/crr: 0.000000000 0.000123471 0.999876529
JQ:/crrc/r: 0.027657343 0.000005333 0.972337324
JQ:/rc/c: 0.998644407 0.001355593 0.000000000
JQ:/rc/crr: 0.000000000 0.000013794 0.999986206
JQ:/rc/r: 0.000018367 0.000018367 0.999963266
JQ:/rrc/c: 0.018907462 0.981092538 0.000000000
JQ:/rrc/crr: 0.000000000 0.001629100 0.998370900
JQ:/rrc/r: 0.638228657 0.000041070 0.361730273
K:/c: 0.999990000 0.000010000 0.000000000
K:/crr: 0.000000000 0.999995000 0.000005000
K:/r: 0.593071139 0.406922194 0.000006667
KJ:/cc/c: 0.500000000 0.500000000 0.000000000
KJ:/cc/crr: 0.000000000 0.500000000 0.500000000
KJ:/cc/r: 0.333333333 0.333333333 0.333333333
KJ:/crc/c: 0.082173795 0.917826205 0.000000000
KJ:/crc/crr: 0.000000000 0.999969576 0.000030424
KJ:/crc/r: 0.000025175 0.739352249 0.260622576
KJ:/crrc/c: 0.472373628 0.527626372 0.000000000
KJ:/crrc/crr: 0.000000000 0.999997354 0.000002646
KJ:/crrc/r: 0.001182282 0.909392301 0.089425417
KJ:/rc/c: 0.407867507 0.592132493 0.000000000
KJ:/rc/crr: 0.000000000 0.985087823 0.014912177
KJ:/rc/r: 0.039693398 0.750037048 0.210269554
KJ:/rrc/c: 0.433820160 0.566179840 0.000000000
KJ:/rrc/crr: 0.000000000 0.955256449 0.044743551
KJ:/rrc/r: 0.042798788 0.896228169 0.060973043
KK:/cc/c: 0.500000000 0.500000000 0.000000000
KK:/cc/crr: 0.000000000 0.500000000 0.500000000
KK:/cc/r: 0.333333333 0.333333333 0.333333333
KK:/crc/c: 0.999995000 0.000005000 0.000000000
KK:/crc/crr: 0.000000000 0.999997500 0.000002500
KK:/crc/r: 0.999735959 0.000260707 0.000003333
KK:/crrc/c: 0.999997500 0.000002500 0.000000000
KK:/crrc/crr: 0.000000000 0.999998750 0.000001250
KK:/crrc/r: 0.999959574 0.000038759 0.000001667
KK:/rc/c: 0.999991808 0.000008192 0.000000000
KK:/rc/crr: 0.000000000 0.999995904 0.000004096
KK:/rc/r: 0.999979865 0.000014674 0.000005461
KK:/rrc/c: 0.999994380 0.000005620 0.000000000
KK:/rrc/crr: 0.000000000 0.999997190 0.000002810
KK:/rrc/r: 0.999886689 0.000109564 0.000003747
KQ:/cc/c: 0.500000000 0.500000000 0.000000000
KQ:/cc/crr: 0.000000000 0.500000000 0.500000000
KQ:/cc/r: 0.333333333 0.333333333 0.333333333
KQ:/crc/c: 0.002938051 0.997061949 0.000000000
KQ:/crc/crr: 0.000000000 0.044765773 0.955234227
KQ:/crc/r: 0.000017895 0.438146554 0.561835551
KQ:/crrc/c: 0.633008189 0.366991811 0.000000000
KQ:/crrc/crr: 0.000000000 0.408966456 0.591033544
KQ:/crrc/r: 0.000148585 0.893281299 0.106570117
KQ:/rc/c: 0.000010590 0.999989410 0.000000000
KQ:/rc/crr: 0.000000000 0.613257941 0.386742059
KQ:/rc/r: 0.000015666 0.296777285 0.703207050
KQ:/rrc/c: 0.534903102 0.465096898 0.000000000
KQ:/rrc/crr: 0.000000000 0.460190078 0.539809922
KQ:/rrc/r: 0.009012069 0.649470392 0.341517539
Q:/c: 0.852837084 0.147162916 0.000000000
Q:/crr: 0.000000000 0.999994137 0.000005863
Q:/r: 0.392644272 0.607306377 0.000049350
QJ:/cc/c: 0.000033976 0.999966024 0.000000000
QJ:/cc/crr: 0.000000000 0.500000000 0.500000000
QJ:/cc/r: 0.000022651 0.000022651 0.999954699
QJ:/crc/c: 0.405951190 0.594048810 0.000000000
QJ:/crc/crr: 0.000000000 0.000083331 0.999916669
QJ:/crc/r: 0.000073845 0.000003909 0.999922247
QJ:/crrc/c: 0.000002931 0.999997069 0.000000000
QJ:/crrc/crr: 0.000000000 0.500000000 0.500000000
QJ:/crrc/r: 0.009052692 0.000001954 0.990945354
QJ:/rc/c: 0.000047783 0.999952217 0.000000000
QJ:/rc/crr: 0.000000000 0.057434275 0.942565725
QJ:/rc/r: 0.009755115 0.000003659 0.990241226
QJ:/rrc/c: 0.000008489 0.999991511 0.000000000
QJ:/rrc/crr: 0.000000000 0.500000000 0.500000000
QJ:/rrc/r: 0.000057443 0.000005660 0.999936897
QK:/cc/c: 0.008329979 0.991670021 0.000000000
QK:/cc/crr: 0.000000000 0.997960622 0.002039378
QK:/cc/r: 0.000063709 0.719950648 0.279985643
QK:/crc/c: 0.360876744 0.639123256 0.000000000
QK:/crc/crr: 0.000000000 0.000775446 0.999224554
QK:/crc/r: 0.000053727 0.445858749 0.554087523
QK:/crrc/c: 0.296388479 0.703611521 0.000000000
QK:/crrc/crr: 0.000000000 0.000396967 0.999603033
QK:/crrc/r: 0.000028607 0.256967200 0.743004193
QK:/rc/c: 0.362285952 0.637714048 0.000000000
QK:/rc/crr: 0.000000000 0.002660368 0.997339632
QK:/rc/r: 0.000011090 0.302562922 0.697425988
QK:/rrc/c: 0.439071697 0.560928303 0.000000000
QK:/rrc/crr: 0.000000000 0.053448427 0.946551573
QK:/rrc/r: 0.000059742 0.496121520 0.503818738
QQ:/cc/c: 0.999966024 0.000033976 0.000000000
QQ:/cc/crr: 0.000000000 0.999983011 0.000016989
QQ:/cc/r: 0.999923905 0.000053445 0.000022651
QQ:/crc/c: 0.999994137 0.000005863 0.000000000
QQ:/crc/crr: 0.000000000 0.999997069 0.000002931
QQ:/crc/r: 0.999946026 0.000050065 0.000003909
QQ:/crrc/c: 0.999997069 0.000002931 0.000000000
QQ:/crrc/crr: 0.000000000 0.999998534 0.000001466
QQ:/crrc/r: 0.999956100 0.000041946 0.000001954
QQ:/rc/c: 0.999994511 0.000005489 0.000000000
QQ:/rc/crr: 0.000000000 0.999997256 0.000002744
QQ:/rc/r: 0.999991232 0.000005108 0.000003659
QQ:/rrc/c: 0.999991511 0.000008489 0.000000000
QQ:/rrc/crr: 0.000000000 0.999995755 0.000004245
QQ:/rrc/r: 0.999959032 0.000035309 0.000005660
