J:/: 0.084604067 0.915395933 0.000000000
J:/cr: 0.016617292 0.037480663 0.945902045
J:/rr: 0.000000000 0.999940901 0.000059099
JJ:/cc/: 0.000313112 0.999686888 0.000000000
JJ:/cc/cr: 0.999996357 0.000001821 0.000001821
JJ:/cc/rr: 0.000000000 0.991277698 0.008722302
JJ:/crc/: 0.916631244 0.083368756 0.000000000
JJ:/crc/cr: 0.999611547 0.000194226 0.000194226
JJ:/crc/rr: 0.000000000 0.999973502 0.000026498
JJ:/crrc/: 0.975074621 0.024925379 0.000000000
JJ:/crrc/cr: 0.997069468 0.001465266 0.001465266
JJ:/crrc/rr: 0.000000000 0.999943816 0.000056184
JJ:/rc/: 0.843917273 0.156082727 0.000000000
JJ:/rc/cr: 0.999747575 0.000126213 0.000126213
JJ:/rc/rr: 0.000000000 0.999964985 0.000035015
JJ:/rrc/: 0.994198027 0.005801973 0.000000000
JJ:/rrc/cr: 0.996604471 0.001697765 0.001697765
JJ:/rrc/rr: 0.000000000 0.999985138 0.000014862
JK:/cc/: 0.070787848 0.929212152 0.000000000
JK:/cc/cr: 0.000087227 0.000001959 0.999910813
JK:/cc/rr: 0.000000000 0.000038581 0.999961419
JK:/crc/: 0.047764807 0.952235193 0.000000000
JK:/crc/cr: 0.025993275 0.000017005 0.973989720
JK:/crc/rr: 0.000000000 0.000508504 0.999491496
JK:/crrc/: 0.999797071 0.000202929 0.000000000
JK:/crrc/cr: 0.179975381 0.179975381 0.640049239
JK:/crrc/rr: 0.000000000 0.000054795 0.999945205
JK:/rc/: 0.975022589 0.024977411 0.000000000
JK:/rc/cr: 0.938679436 0.000788697 0.060531867
JK:/rc/rr: 0.000000000 0.000030306 0.999969694
JK:/rrc/: 0.516270939 0.483729061 0.000000000
JK:/rrc/cr: 0.764116035 0.000020363 0.235863602
JK:/rrc/rr: 0.000000000 0.000028620 0.999971380
JQ:/cc/: 0.203830882 0.796169118 0.000000000
JQ:/cc/cr: 0.000008351 0.000002287 0.999989362
JQ:/cc/rr: 0.000000000 0.000013399 0.999986601
JQ:/crc/: 0.993038703 0.006961297 0.000000000
JQ:/crc/cr: 0.193016482 0.002326061 0.804657457
JQ:/crc/rr: 0.000000000 0.000024459 0.999975541
JQ:/crrc/: 0.029536945 0.970463055 0.000000000
JQ:/crrc/cr: 0.171878118 0.000037634 0.828084248
JQ:/crrc/rr: 0.000000000 0.001854744 0.998145256
JQ:/rc/: 0.993159718 0.006840282 0.000000000
JQ:/rc/cr: 0.002879940 0.002879940 0.994240119
JQ:/rc/rr: 0.000000000 0.000029753 0.999970247
JQ:/rrc/: 0.109330223 0.890669777 0.000000000
JQ:/rrc/cr: 0.000747193 0.000011060 0.999241748
JQ:/rrc/rr: 0.000000000 0.000135146 0.999864854
K:/: 0.764524104 0.235475896 0.000000000
K:/cr: 0.661782978 0.338202866 0.000014156
K:/rr: 0.000000000 0.999993460 0.000006540
KJ:/cc/: 0.000059703 0.999940297 0.000000000
KJ:/cc/cr: 0.000051253 0.000009030 0.999939716
KJ:/cc/rr: 0.000000000 0.822172082 0.177827918
KJ:/crc/: 0.000044401 0.999955599 0.000000000
KJ:/crc/cr: 0.000252129 0.999740895 0.000006976
KJ:/crc/rr: 0.000000000 0.764332798 0.235667202
KJ:/crrc/: 0.071472340 0.928527660 0.000000000
KJ:/crrc/cr: 0.007040926 0.986557121 0.006401953
KJ:/crrc/rr: 0.000000000 0.430799759 0.569200241
KJ:/rc/: 0.070048001 0.929951999 0.000000000
KJ:/rc/cr: 0.007121117 0.951876791 0.041002092
KJ:/rc/rr: 0.000000000 0.299426797 0.700573203
KJ:/rrc/: 0.089329841 0.910670159 0.000000000
KJ:/rrc/cr: 0.000412133 0.998308771 0.001279096
KJ:/rrc/rr: 0.000000000 0.476373699 0.523626301
KK:/cc/: 0.993279855 0.006720145 0.000000000
KK:/cc/cr: 0.997893538 0.001053231 0.001053231
KK:/cc/rr: 0.000000000 0.999989311 0.000010689
KK:/crc/: 0.112865573 0.887134427 0.000000000
KK:/crc/cr: 0.999984273 0.000007863 0.000007863
KK:/crc/rr: 0.000000000 0.999907289 0.000092711
KK:/crrc/: 0.989022839 0.010977161 0.000000000
KK:/crrc/cr: 0.999350461 0.000324770 0.000324770
KK:/crrc/rr: 0.000000000 0.999994593 0.000005407
KK:/rc/: 0.881000495 0.118999505 0.000000000
KK:/rc/cr: 0.999963361 0.000018319 0.000018319
KK:/rc/rr: 0.000000000 0.999996288 0.000003712
KK:/rrc/: 0.547757390 0.452242610 0.000000000
KK:/rrc/cr: 0.999995180 0.000002410 0.000002410
KK:/rrc/rr: 0.000000000 0.999997015 0.000002985
KQ:/cc/: 0.000083561 0.999916439 0.000000000
KQ:/cc/cr: 0.000053557 0.467215259 0.532731184
KQ:/cc/rr: 0.000000000 0.872944805 0.127055195
KQ:/crc/: 0.860356162 0.139643838 0.000000000
KQ:/crc/cr: 0.000364793 0.561186017 0.438449190
KQ:/crc/rr: 0.000000000 0.000023806 0.999976194
KQ:/crrc/: 0.016389947 0.983610053 0.000000000
KQ:/crrc/cr: 0.009272543 0.705212334 0.285515123
KQ:/crrc/rr: 0.000000000 0.254632739 0.745367261
KQ:/rc/: 0.000493520 0.999506480 0.000000000
KQ:/rc/cr: 0.000028700 0.500468625 0.499502675
KQ:/rc/rr: 0.000000000 0.123684405 0.876315595
KQ:/rrc/: 0.686117331 0.313882669 0.000000000
KQ:/rrc/cr: 0.030469965 0.885012922 0.084517112
KQ:/rrc/rr: 0.000000000 0.391932127 0.608067873
Q:/: 0.732748560 0.267251440 0.000000000
Q:/cr: 0.145409240 0.853799908 0.000790852
Q:/rr: 0.000000000 0.999993176 0.000006824
QJ:/cc/: 0.000018709 0.999981291 0.000000000
QJ:/cc/cr: 0.000020884 0.000006236 0.999972879
QJ:/cc/rr: 0.000000000 0.500000000 0.500000000
QJ:/crc/: 0.029657345 0.970342655 0.000000000
QJ:/crc/cr: 0.006812421 0.000002509 0.993185070
QJ:/crc/rr: 0.000000000 0.000123143 0.999876857
QJ:/crrc/: 0.013697129 0.986302871 0.000000000
QJ:/crrc/cr: 0.000217722 0.000014495 0.999767783
QJ:/crrc/rr: 0.000000000 0.001565587 0.998434413
QJ:/rc/: 0.008463413 0.991536587 0.000000000
QJ:/rc/cr: 0.000003463 0.000002294 0.999994243
QJ:/rc/rr: 0.000000000 0.000403125 0.999596875
QJ:/rrc/: 0.000003412 0.999996588 0.000000000
QJ:/rrc/cr: 0.000001556 0.000001137 0.999997306
QJ:/rrc/rr: 0.000000000 0.500000000 0.500000000
QK:/cc/: 0.476283603 0.523716397 0.000000000
QK:/cc/cr: 0.013233279 0.986741234 0.000025487
QK:/cc/rr: 0.000000000 0.327949055 0.672050945
QK:/crc/: 0.003220241 0.996779759 0.000000000
QK:/crc/cr: 0.000002443 0.555554859 0.444442698
QK:/crc/rr: 0.000000000 0.001134108 0.998865892
QK:/crrc/: 0.915834551 0.084165449 0.000000000
QK:/crrc/cr: 0.000275255 0.616958347 0.382766398
QK:/crrc/rr: 0.000000000 0.000621024 0.999378976
QK:/rc/: 0.477736862 0.522263138 0.000000000
QK:/rc/cr: 0.038268813 0.519581995 0.442149192
QK:/rc/rr: 0.000000000 0.193003919 0.806996081
QK:/rrc/: 0.124329480 0.875670520 0.000000000
QK:/rrc/cr: 0.000001299 0.295597433 0.704401268
QK:/rrc/rr: 0.000000000 0.000659877 0.999340123
QQ:/cc/: 0.523111561 0.476888439 0.000000000
QQ:/cc/cr: 0.999973846 0.000013077 0.000013077
QQ:/cc/rr: 0.000000000 0.999982118 0.000017882
QQ:/crc/: 0.984226541 0.015773459 0.000000000
QQ:/crc/cr: 0.999691287 0.000154356 0.000154356
QQ:/crc/rr: 0.000000000 0.999996289 0.000003711
QQ:/crrc/: 0.151485982 0.848514018 0.000000000
QQ:/crrc/cr: 0.999966303 0.000016848 0.000016848
QQ:/crrc/rr: 0.000000000 0.999858442 0.000141558
QQ:/rc/: 0.572718326 0.427281674 0.000000000
QQ:/rc/cr: 0.999989353 0.000005323 0.000005323
QQ:/rc/rr: 0.000000000 0.999994043 0.000005957
QQ:/rrc/: 0.980663905 0.019336095 0.000000000
QQ:/rrc/cr: 0.999882367 0.000058816 0.000058816
QQ:/rrc/rr: 0.000000000 0.999998260 0.000001740
