J:/: 0.073149198 0.926850802 0.000000000
J:/cr: 0.017551379 0.035880078 0.946568543
J:/rr: 0.000000000 0.999931647 0.000068353
JJ:/cc/: 0.000114554 0.999885446 0.000000000
JJ:/cc/cr: 0.999985953 0.000012248 0.000001798
JJ:/cc/rr: 0.000000000 0.976453843 0.023546157
JJ:/crc/: 0.998159787 0.001840213 0.000000000
JJ:/crc/cr: 0.981843747 0.009078127 0.009078127
JJ:/crc/rr: 0.000000000 0.999974895 0.000025105
JJ:/crrc/: 0.999897546 0.000102454 0.000000000
JJ:/crrc/cr: 0.333333333 0.333333333 0.333333333
JJ:/crrc/rr: 0.000000000 0.999948768 0.000051232
JJ:/rc/: 0.991995048 0.008004952 0.000000000
JJ:/rc/cr: 0.994307403 0.002846299 0.002846299
JJ:/rc/rr: 0.000000000 0.999965547 0.000034453
JJ:/rrc/: 0.999813253 0.000186747 0.000000000
JJ:/rrc/cr: 0.877984693 0.061007653 0.061007653
JJ:/rrc/rr: 0.000000000 0.999982907 0.000017093
JK:/cc/: 0.075790816 0.924209184 0.000000000
JK:/cc/cr: 0.000001946 0.000001946 0.999996109
JK:/cc/rr: 0.000000000 0.000035589 0.999964411
JK:/crc/: 0.037487315 0.962512685 0.000000000
JK:/crc/cr: 0.000996703 0.000017356 0.998985941
JK:/crc/rr: 0.000000000 0.000668454 0.999331546
JK:/crrc/: 0.999897546 0.000102454 0.000000000
JK:/crrc/cr: 0.333333333 0.333333333 0.333333333
JK:/crrc/rr: 0.000000000 0.000051232 0.999948768
JK:/rc/: 0.999931647 0.000068353 0.000000000
JK:/rc/cr: 0.333333333 0.333333333 0.333333333
JK:/rc/rr: 0.000000000 0.000034179 0.999965821
JK:/rrc/: 0.554831725 0.445168275 0.000000000
JK:/rrc/cr: 0.976667623 0.000025593 0.023306785
JK:/rrc/rr: 0.000000000 0.000030801 0.999969199
JQ:/cc/: 0.197595388 0.802404612 0.000000000
JQ:/cc/cr: 0.000002241 0.000002241 0.999995518
JQ:/cc/rr: 0.000000000 0.000013651 0.999986349
JQ:/crc/: 0.997404236 0.002595764 0.000000000
JQ:/crc/cr: 0.006435750 0.006435750 0.987128501
JQ:/crc/rr: 0.000000000 0.000025124 0.999974876
JQ:/crrc/: 0.011627057 0.988372943 0.000000000
JQ:/crrc/cr: 0.198904761 0.000034553 0.801060686
JQ:/crrc/rr: 0.000000000 0.004405831 0.995594169
JQ:/rc/: 0.999931647 0.000068353 0.000000000
JQ:/rc/cr: 0.333333333 0.333333333 0.333333333
JQ:/rc/rr: 0.000000000 0.000034179 0.999965821
JQ:/rrc/: 0.105538680 0.894461320 0.000000000
JQ:/rrc/cr: 0.000180748 0.000012737 0.999806515
JQ:/rrc/rr: 0.000000000 0.000161927 0.999838073
K:/: 0.756215711 0.243784289 0.000000000
K:/cr: 0.674951193 0.325035134 0.000013673
K:/rr: 0.000000000 0.999993388 0.000006612
KJ:/cc/: 0.000020510 0.999979490 0.000000000
KJ:/cc/cr: 0.000006837 0.000006837 0.999986326
KJ:/cc/rr: 0.000000000 0.500000000 0.500000000
KJ:/crc/: 0.000021034 0.999978966 0.000000000
KJ:/crc/cr: 0.000007011 0.999985977 0.000007011
KJ:/crc/rr: 0.000000000 0.500000000 0.500000000
KJ:/crrc/: 0.013633971 0.986366029 0.000000000
KJ:/crrc/cr: 0.000246305 0.999750272 0.000003423
KJ:/crrc/rr: 0.000000000 0.045760082 0.954239918
KJ:/rc/: 0.000072273 0.999927727 0.000000000
KJ:/rc/cr: 0.000891426 0.996999410 0.002109165
KJ:/rc/rr: 0.000000000 0.954257926 0.045742074
KJ:/rrc/: 0.082848196 0.917151804 0.000000000
KJ:/rrc/cr: 0.000078810 0.999919988 0.000001202
KJ:/rrc/rr: 0.000000000 0.524428341 0.475571659
KK:/cc/: 0.999904193 0.000095807 0.000000000
KK:/cc/cr: 0.857283659 0.071358171 0.071358171
KK:/cc/rr: 0.000000000 0.999989744 0.000010256
KK:/crc/: 0.063475654 0.936524346 0.000000000
KK:/crc/cr: 0.999985027 0.000007486 0.000007486
KK:/crc/rr: 0.000000000 0.999834318 0.000165682
KK:/crrc/: 0.999989871 0.000010129 0.000000000
KK:/crrc/cr: 0.333333333 0.333333333 0.333333333
KK:/crrc/rr: 0.000000000 0.999994935 0.000005065
KK:/rc/: 0.809961020 0.190038980 0.000000000
KK:/rc/cr: 0.999976795 0.000011608 0.000011597
KK:/rc/rr: 0.000000000 0.999995918 0.000004082
KK:/rrc/: 0.536292370 0.463707630 0.000000000
KK:/rrc/cr: 0.999995247 0.000002376 0.000002376
KK:/rrc/rr: 0.000000000 0.999996918 0.000003082
KQ:/cc/: 0.000020510 0.999979490 0.000000000
KQ:/cc/cr: 0.000006837 0.435269851 0.564723312
KQ:/cc/rr: 0.000000000 0.500000000 0.500000000
KQ:/crc/: 0.871346557 0.128653443 0.000000000
KQ:/crc/cr: 0.000054497 0.806870884 0.193074619
KQ:/crc/rr: 0.000000000 0.000012070 0.999987930
KQ:/crrc/: 0.002999003 0.997000997 0.000000000
KQ:/crrc/cr: 0.003193092 0.694423061 0.302383846
KQ:/crrc/rr: 0.000000000 0.553688205 0.446311795
KQ:/rc/: 0.000006612 0.999993388 0.000000000
KQ:/rc/cr: 0.000008846 0.492013868 0.507977286
KQ:/rc/rr: 0.000000000 0.500000000 0.500000000
KQ:/rrc/: 0.717016063 0.282983937 0.000000000
KQ:/rrc/cr: 0.013166094 0.937752149 0.049081757
KQ:/rrc/rr: 0.000000000 0.398538088 0.601461912
Q:/: 0.742022883 0.257977117 0.000000000
Q:/cr: 0.152058349 0.847837272 0.000104379
Q:/rr: 0.000000000 0.999993262 0.000006738
QJ:/cc/: 0.000019382 0.999980618 0.000000000
QJ:/cc/cr: 0.000006461 0.000006461 0.999987079
QJ:/cc/rr: 0.000000000 0.500000000 0.500000000
QJ:/crc/: 0.030029671 0.969970329 0.000000000
QJ:/crc/cr: 0.000085808 0.000002619 0.999911574
QJ:/crc/rr: 0.000000000 0.000126875 0.999873125
QJ:/crrc/: 0.051374117 0.948625883 0.000000000
QJ:/crrc/cr: 0.000068888 0.000014929 0.999916182
QJ:/crrc/rr: 0.000000000 0.000413507 0.999586493
QJ:/rc/: 0.020860571 0.979139429 0.000000000
QJ:/rc/cr: 0.000002294 0.000002294 0.999995412
QJ:/rc/rr: 0.000000000 0.000161509 0.999838491
QJ:/rrc/: 0.000003369 0.999996631 0.000000000
QJ:/rrc/cr: 0.000001123 0.000001123 0.999997754
QJ:/rrc/rr: 0.000000000 0.500000000 0.500000000
QK:/cc/: 0.584573582 0.415426418 0.000000000
QK:/cc/cr: 0.000147925 0.999836523 0.000015552
QK:/cc/rr: 0.000000000 0.486799859 0.513200141
QK:/crc/: 0.001198637 0.998801363 0.000000000
QK:/crc/cr: 0.000002543 0.555968265 0.444029192
QK:/crc/rr: 0.000000000 0.003178610 0.996821390
QK:/crrc/: 0.999025641 0.000974359 0.000000000
QK:/crrc/cr: 0.015529446 0.953217997 0.031252557
QK:/crrc/rr: 0.000000000 0.000532329 0.999467671
QK:/rc/: 0.433988499 0.566011501 0.000000000
QK:/rc/cr: 0.006026570 0.525088205 0.468885225
QK:/rc/rr: 0.000000000 0.192286966 0.807713034
QK:/rrc/: 0.131553376 0.868446624 0.000000000
QK:/rrc/cr: 0.000004128 0.288995687 0.711000185
QK:/rrc/rr: 0.000000000 0.000130092 0.999869908
QQ:/cc/: 0.538835403 0.461164597 0.000000000
QQ:/cc/cr: 0.996614301 0.003371690 0.000014009
QQ:/cc/rr: 0.000000000 0.999982015 0.000017985
QQ:/crc/: 0.999081029 0.000918971 0.000000000
QQ:/crc/cr: 0.994472077 0.002763961 0.002763961
QQ:/crc/rr: 0.000000000 0.999996186 0.000003814
QQ:/crrc/: 0.028399527 0.971600473 0.000000000
QQ:/crrc/cr: 0.999970847 0.000014576 0.000014576
QQ:/crrc/rr: 0.000000000 0.999251975 0.000748025
QQ:/rc/: 0.507405779 0.492594221 0.000000000
QQ:/rc/cr: 0.999985395 0.000010045 0.000004560
QQ:/rc/rr: 0.000000000 0.999993360 0.000006640
QQ:/rrc/: 0.991992338 0.008007662 0.000000000
QQ:/rrc/cr: 0.999719503 0.000140249 0.000140249
QQ:/rrc/rr: 0.000000000 0.999998302 0.000001698
