J:/: 0.074920894 0.925079106 0.000000000
J:/cr: 0.018050377 0.034767165 0.947182457
J:/rr: 0.000000000 0.999933263 0.000066737
JJ:/cc/: 0.000115786 0.999884214 0.000000000
JJ:/cc/cr: 0.998815680 0.001182518 0.000001802
JJ:/cc/rr: 0.000000000 0.976659681 0.023340319
JJ:/crc/: 0.998972592 0.001027408 0.000000000
JJ:/crc/cr: 0.966374676 0.016812662 0.016812662
JJ:/crc/rr: 0.000000000 0.999974063 0.000025937
JJ:/crrc/: 0.999784172 0.000215828 0.000000000
JJ:/crrc/cr: 0.691692640 0.154153680 0.154153680
JJ:/crrc/rr: 0.000000000 0.999950083 0.000049917
JJ:/rc/: 0.919387762 0.080612238 0.000000000
JJ:/rc/cr: 0.999448082 0.000275959 0.000275959
JJ:/rc/rr: 0.000000000 0.999963706 0.000036294
JJ:/rrc/: 0.999691141 0.000308859 0.000000000
JJ:/rrc/cr: 0.927969778 0.036015111 0.036015111
JJ:/rrc/rr: 0.000000000 0.999983309 0.000016691
JK:/cc/: 0.080953480 0.919046520 0.000000000
JK:/cc/cr: 0.000001960 0.000001960 0.999996079
JK:/cc/rr: 0.000000000 0.000033383 0.999966617
JK:/crc/: 0.046796779 0.953203221 0.000000000
JK:/crc/cr: 0.010540784 0.000018121 0.989441094
JK:/crc/rr: 0.000000000 0.000553675 0.999446325
JK:/crrc/: 0.999900188 0.000099812 0.000000000
JK:/crrc/cr: 0.333333333 0.333333333 0.333333333
JK:/crrc/rr: 0.000000000 0.000049911 0.999950089
JK:/rc/: 0.999249100 0.000750900 0.000000000
JK:/rc/cr: 0.940749275 0.029625362 0.029625362
JK:/rc/rr: 0.000000000 0.000033394 0.999966606
JK:/rrc/: 0.554854491 0.445145509 0.000000000
JK:/rrc/cr: 0.908511725 0.000024989 0.091463287
JK:/rrc/rr: 0.000000000 0.000030072 0.999969928
JQ:/cc/: 0.183135627 0.816864373 0.000000000
JQ:/cc/cr: 0.000002206 0.000002206 0.999995589
JQ:/cc/rr: 0.000000000 0.000014757 0.999985243
JQ:/crc/: 0.992874498 0.007125502 0.000000000
JQ:/crc/cr: 0.002424174 0.002424174 0.995151651
JQ:/crc/rr: 0.000000000 0.000026096 0.999973904
JQ:/crrc/: 0.033431781 0.966568219 0.000000000
JQ:/crrc/cr: 0.161416996 0.000034422 0.838548583
JQ:/crrc/rr: 0.000000000 0.001492774 0.998507226
JQ:/rc/: 0.998782544 0.001217456 0.000000000
JQ:/rc/cr: 0.018272275 0.018272275 0.963455450
JQ:/rc/rr: 0.000000000 0.000033409 0.999966591
JQ:/rrc/: 0.128576959 0.871423041 0.000000000
JQ:/rrc/cr: 0.000455236 0.000012765 0.999531999
JQ:/rrc/rr: 0.000000000 0.000129770 0.999870230
K:/: 0.753710921 0.246289079 0.000000000
K:/cr: 0.683643698 0.316342768 0.000013534
K:/rr: 0.000000000 0.999993366 0.000006634
KJ:/cc/: 0.000020301 0.999979699 0.000000000
KJ:/cc/cr: 0.000006767 0.000041619 0.999951614
KJ:/cc/rr: 0.000000000 0.500000000 0.500000000
KJ:/crc/: 0.000079765 0.999920235 0.000000000
KJ:/crc/cr: 0.000007131 0.999985738 0.000007131
KJ:/crc/rr: 0.000000000 0.865907121 0.134092879
KJ:/crrc/: 0.079507150 0.920492850 0.000000000
KJ:/crrc/cr: 0.000021088 0.999975328 0.000003585
KJ:/crrc/rr: 0.000000000 0.471898180 0.528101820
KJ:/rc/: 0.025608169 0.974391831 0.000000000
KJ:/rc/cr: 0.006898616 0.973483895 0.019617489
KJ:/rc/rr: 0.000000000 0.352347156 0.647652844
KJ:/rrc/: 0.082835592 0.917164408 0.000000000
KJ:/rrc/cr: 0.000046911 0.999951884 0.000001206
KJ:/rrc/rr: 0.000000000 0.611822548 0.388177452
KK:/cc/: 0.999836285 0.000163715 0.000000000
KK:/cc/cr: 0.917330348 0.041334826 0.041334826
KK:/cc/rr: 0.000000000 0.999989848 0.000010152
KK:/crc/: 0.125604059 0.874395941 0.000000000
KK:/crc/cr: 0.999983690 0.000008155 0.000008155
KK:/crc/rr: 0.000000000 0.999914845 0.000085155
KK:/crrc/: 0.995678493 0.004321507 0.000000000
KK:/crrc/cr: 0.998472971 0.000763515 0.000763515
KK:/crrc/rr: 0.000000000 0.999995029 0.000004971
KK:/rc/: 0.812486633 0.187513367 0.000000000
KK:/rc/cr: 0.999976415 0.000011793 0.000011793
KK:/rc/rr: 0.000000000 0.999995918 0.000004082
KK:/rrc/: 0.538765012 0.461234988 0.000000000
KK:/rrc/cr: 0.999995206 0.000002397 0.000002397
KK:/rrc/rr: 0.000000000 0.999996922 0.000003078
KQ:/cc/: 0.000020301 0.999979699 0.000000000
KQ:/cc/cr: 0.000006767 0.439587087 0.560406145
KQ:/cc/rr: 0.000000000 0.500000000 0.500000000
KQ:/crc/: 0.907609437 0.092390563 0.000000000
KQ:/crc/cr: 0.000077179 0.675706073 0.324216749
KQ:/crc/rr: 0.000000000 0.010275651 0.989724349
KQ:/crrc/: 0.003197601 0.996802399 0.000000000
KQ:/crrc/cr: 0.016299288 0.689392803 0.294307909
KQ:/crrc/rr: 0.000000000 0.165028287 0.834971713
KQ:/rc/: 0.000048709 0.999951291 0.000000000
KQ:/rc/cr: 0.000010206 0.483806217 0.516183577
KQ:/rc/rr: 0.000000000 0.931903393 0.068096607
KQ:/rrc/: 0.711576507 0.288423493 0.000000000
KQ:/rrc/cr: 0.015108043 0.907276307 0.077615650
KQ:/rrc/rr: 0.000000000 0.393843647 0.606156353
Q:/: 0.745619901 0.254380099 0.000000000
Q:/cr: 0.153731538 0.846085132 0.000183330
Q:/rr: 0.000000000 0.999993294 0.000006706
QJ:/cc/: 0.000019656 0.999980344 0.000000000
QJ:/cc/cr: 0.000006552 0.000006552 0.999986896
QJ:/cc/rr: 0.000000000 0.500000000 0.500000000
QJ:/crc/: 0.028956331 0.971043669 0.000000000
QJ:/crc/cr: 0.000077321 0.000002658 0.999920021
QJ:/crc/rr: 0.000000000 0.000133714 0.999866286
QJ:/crrc/: 0.013510376 0.986489624 0.000000000
QJ:/crrc/cr: 0.000014401 0.000014401 0.999971198
QJ:/crrc/rr: 0.000000000 0.001577267 0.998422733
QJ:/rc/: 0.017145909 0.982854091 0.000000000
QJ:/rc/cr: 0.000002274 0.000002274 0.999995451
QJ:/rc/rr: 0.000000000 0.000195552 0.999804448
QJ:/rrc/: 0.000003353 0.999996647 0.000000000
QJ:/rrc/cr: 0.000001118 0.000001118 0.999997765
QJ:/rrc/rr: 0.000000000 0.500000000 0.500000000
QK:/cc/: 0.487308968 0.512691032 0.000000000
QK:/cc/cr: 0.002370673 0.997616548 0.000012779
QK:/cc/rr: 0.000000000 0.069680929 0.930319071
QK:/crc/: 0.000007744 0.999992256 0.000000000
QK:/crc/cr: 0.000002731 0.556325395 0.443671875
QK:/crc/rr: 0.000000000 0.500000000 0.500000000
QK:/crrc/: 0.978758465 0.021241535 0.000000000
QK:/crrc/cr: 0.000668799 0.608875476 0.390455725
QK:/crrc/rr: 0.000000000 0.000549286 0.999450714
QK:/rc/: 0.424715036 0.575284964 0.000000000
QK:/rc/cr: 0.009111552 0.526539109 0.464349340
QK:/rc/rr: 0.000000000 0.195168704 0.804831296
QK:/rrc/: 0.119966594 0.880033406 0.000000000
QK:/rrc/cr: 0.000009486 0.305771765 0.694218749
QK:/rrc/rr: 0.000000000 0.000013974 0.999986026
QQ:/cc/: 0.548161881 0.451838119 0.000000000
QQ:/cc/cr: 0.990466243 0.009519256 0.000014500
QQ:/cc/rr: 0.000000000 0.999982071 0.000017929
QQ:/crc/: 0.995109783 0.004890217 0.000000000
QQ:/crc/cr: 0.998944320 0.000527840 0.000527840
QQ:/crc/rr: 0.000000000 0.999996109 0.000003891
QQ:/crrc/: 0.066171373 0.933828627 0.000000000
QQ:/crrc/cr: 0.999969574 0.000015213 0.000015213
QQ:/crrc/rr: 0.000000000 0.999677965 0.000322035
QQ:/rc/: 0.498562461 0.501437539 0.000000000
QQ:/rc/cr: 0.999991085 0.000004458 0.000004458
QQ:/rc/rr: 0.000000000 0.999993275 0.000006725
QQ:/rrc/: 0.985161892 0.014838108 0.000000000
QQ:/rrc/cr: 0.999849355 0.000075323 0.000075323
QQ:/rrc/rr: 0.000000000 0.999998298 0.000001702
