J:/c: 0.306419284 0.693580716 0.000000000
J:/crr: 0.000000000 0.999983682 0.000016318
J:/r: 0.054522827 0.126881732 0.818595440
JJ:/cc/c: 0.999992791 0.000007209 0.000000000
JJ:/cc/crr: 0.000000000 0.999996395 0.000003605
JJ:/cc/r: 0.999990388 0.000004806 0.000004806
JJ:/crc/c: 0.999983682 0.000016318 0.000000000
JJ:/crc/crr: 0.000000000 0.999991841 0.000008159
JJ:/crc/r: 0.999950245 0.000038877 0.000010878
JJ:/crrc/c: 0.999991841 0.000008159 0.000000000
JJ:/crrc/crr: 0.000000000 0.999995921 0.000004079
JJ:/crrc/r: 0.999963228 0.000031332 0.000005439
JJ:/rc/c: 0.999973729 0.000026271 0.000000000
JJ:/rc/crr: 0.000000000 0.999986864 0.000013136
JJ:/rc/r: 0.999964672 0.000017814 0.000017514
JJ:/rrc/c: 0.999938864 0.000061136 0.000000000
JJ:/rrc/crr: 0.000000000 0.999969430 0.000030570
JJ:/rrc/r: 0.999918485 0.000040758 0.000040758
JK:/cc/c: 0.000007209 0.999992791 0.000000000
JK:/cc/crr: 0.000000000 0.500000000 0.500000000
JK:/cc/r: 0.000004806 0.000004806 0.999990388
JK:/crc/c: 0.491978226 0.508021774 0.000000000
JK:/crc/crr: 0.000000000 0.000016584 0.999983416
JK:/crc/r: 0.237268684 0.000010878 0.762720438
JK:/crrc/c: 0.000008159 0.999991841 0.000000000
JK:/crrc/crr: 0.000000000 0.500000000 0.500000000
JK:/crrc/r: 0.261509422 0.000005439 0.738485139
JK:/rc/c: 0.388635015 0.611364985 0.000000000
JK:/rc/crr: 0.000000000 0.000033799 0.999966201
JK:/rc/r: 0.370213896 0.000017514 0.629768590
JK:/rrc/c: 0.999938864 0.000061136 0.000000000
JK:/rrc/crr: 0.000000000 0.000030570 0.999969430
JK:/rrc/r: 0.316916931 0.000040758 0.683042311
JQ:/cc/c: 0.065967806 0.934032194 0.000000000
JQ:/cc/crr: 0.000000000 0.000054640 0.999945360
JQ:/cc/r: 0.032486354 0.000004806 0.967508840
JQ:/crc/c: 0.592419464 0.407580536 0.000000000
JQ:/crc/crr: 0.000000000 0.000013772 0.999986228
JQ:/crc/r: 0.000034811 0.000010878 0.999954311
JQ:/crrc/c: 0.000484827 0.999515173 0.000000000
JQ:/crrc/crr: 0.000000000 0.008414225 0.991585775
JQ:/crrc/r: 0.000074145 0.000005439 0.999920416
JQ:/rc/c: 0.999510360 0.000489640 0.000000000
JQ:/rc/crr: 0.000000000 0.000013142 0.999986858
JQ:/rc/r: 0.000017514 0.000017514 0.999964972
JQ:/rrc/c: 0.000061136 0.999938864 0.000000000
JQ:/rrc/crr: 0.000000000 0.500000000 0.500000000
JQ:/rrc/r: 0.608257785 0.000040758 0.391701458
K:/c: 0.999990000 0.000010000 0.000000000
K:/crr: 0.000000000 0.999995000 0.000005000
K:/r: 0.576007538 0.423985796 0.000006667
KJ:/cc/c: 0.500000000 0.500000000 0.000000000
KJ:/cc/crr: 0.000000000 0.500000000 0.500000000
KJ:/cc/r: 0.333333333 0.333333333 0.333333333
KJ:/crc/c: 0.070259567 0.929740433 0.000000000
KJ:/crc/crr: 0.000000000 0.999964417 0.000035583
KJ:/crc/r: 0.000003333 0.712843673 0.287152994
KJ:/crrc/c: 0.266202240 0.733797760 0.000000000
KJ:/crrc/crr: 0.000000000 0.999995304 0.000004696
KJ:/crrc/r: 0.000001667 0.915058497 0.084939836
KJ:/rc/c: 0.396377037 0.603622963 0.000000000
KJ:/rc/crr: 0.000000000 0.999990083 0.000009917
KJ:/rc/r: 0.000014331 0.887500203 0.112485466
KJ:/rrc/c: 0.508709727 0.491290273 0.000000000
KJ:/rrc/crr: 0.000000000 0.939401337 0.060598663
KJ:/rrc/r: 0.000027800 0.999968342 0.000003858
KK:/cc/c: 0.500000000 0.500000000 0.000000000
KK:/cc/crr: 0.000000000 0.500000000 0.500000000
KK:/cc/r: 0.333333333 0.333333333 0.333333333
KK:/crc/c: 0.999995000 0.000005000 0.000000000
KK:/crc/crr: 0.000000000 0.999997500 0.000002500
KK:/crc/r: 0.999505986 0.000490680 0.000003333
KK:/crrc/c: 0.999997500 0.000002500 0.000000000
KK:/crrc/crr: 0.000000000 0.999998750 0.000001250
KK:/crrc/r: 0.999307667 0.000690667 0.000001667
KK:/rc/c: 0.999992138 0.000007862 0.000000000
KK:/rc/crr: 0.000000000 0.999996069 0.000003931
KK:/rc/r: 0.999964154 0.000030605 0.000005241
KK:/rrc/c: 0.999994213 0.000005787 0.000000000
KK:/rrc/crr: 0.000000000 0.999997107 0.000002893
KK:/rrc/r: 0.997798233 0.002197909 0.000003858
KQ:/cc/c: 0.500000000 0.500000000 0.000000000
KQ:/cc/crr: 0.000000000 0.500000000 0.500000000
KQ:/cc/r: 0.333333333 0.333333333 0.333333333
KQ:/crc/c: 0.000005000 0.999995000 0.000000000
KQ:/crc/crr: 0.000000000 0.500000000 0.500000000
KQ:/crc/r: 0.000003488 0.457989593 0.542006919
KQ:/crrc/c: 0.674680457 0.325319543 0.000000000
KQ:/crrc/crr: 0.000000000 0.442664021 0.557335979
KQ:/crrc/r: 0.000026364 0.999890000 0.000083635
KQ:/rc/c: 0.000007862 0.999992138 0.000000000
KQ:/rc/crr: 0.000000000 0.500000000 0.500000000
KQ:/rc/r: 0.000005241 0.291535376 0.708459383
KQ:/rrc/c: 0.510221124 0.489778876 0.000000000
KQ:/rrc/crr: 0.000000000 0.548902432 0.451097568
KQ:/rrc/r: 0.000047441 0.677747440 0.322205119
Q:/c: 0.848520420 0.151479580 0.000000000
Q:/crr: 0.000000000 0.999994107 0.000005893
Q:/r: 0.365282452 0.634683042 0.000034507
QJ:/cc/c: 0.000033008 0.999966992 0.000000000
QJ:/cc/crr: 0.000000000 0.500000000 0.500000000
QJ:/cc/r: 0.000022005 0.000022005 0.999955990
QJ:/crc/c: 0.355719322 0.644280678 0.000000000
QJ:/crc/crr: 0.000000000 0.000044983 0.999955017
QJ:/crc/r: 0.000003928 0.000003928 0.999992143
QJ:/crrc/c: 0.000002946 0.999997054 0.000000000
QJ:/crrc/crr: 0.000000000 0.500000000 0.500000000
QJ:/crrc/r: 0.000001964 0.000001964 0.999996072
QJ:/rc/c: 0.000005252 0.999994748 0.000000000
QJ:/rc/crr: 0.000000000 0.500000000 0.500000000
QJ:/rc/r: 0.003714427 0.000003501 0.996282072
QJ:/rrc/c: 0.000009125 0.999990875 0.000000000
QJ:/rrc/crr: 0.000000000 0.500000000 0.500000000
QJ:/rrc/r: 0.000006084 0.000006084 0.999987833
QK:/cc/c: 0.001057959 0.998942041 0.000000000
QK:/cc/crr: 0.000000000 0.984400273 0.015599727
QK:/cc/r: 0.000022005 0.999756584 0.000221411
QK:/crc/c: 0.380908610 0.619091390 0.000000000
QK:/crc/crr: 0.000000000 0.000179552 0.999820448
QK:/crc/r: 0.000031967 0.396824125 0.603143908
QK:/crrc/c: 0.375450603 0.624549397 0.000000000
QK:/crrc/crr: 0.000000000 0.000003924 0.999996076
QK:/crrc/r: 0.000008427 0.223046235 0.776945338
QK:/rc/c: 0.370223725 0.629776275 0.000000000
QK:/rc/crr: 0.000000000 0.000327974 0.999672026
QK:/rc/r: 0.000003501 0.309804075 0.690192424
QK:/rrc/c: 0.426893453 0.573106547 0.000000000
QK:/rrc/crr: 0.000000000 0.044991370 0.955008630
QK:/rrc/r: 0.000006084 0.505359608 0.494634309
QQ:/cc/c: 0.999966992 0.000033008 0.000000000
QQ:/cc/crr: 0.000000000 0.999983496 0.000016504
QQ:/cc/r: 0.999938129 0.000039866 0.000022005
QQ:/crc/c: 0.999994107 0.000005893 0.000000000
QQ:/crc/crr: 0.000000000 0.999997054 0.000002946
QQ:/crc/r: 0.980034955 0.019961117 0.000003928
QQ:/crrc/c: 0.999997054 0.000002946 0.000000000
QQ:/crrc/crr: 0.000000000 0.999998527 0.000001473
QQ:/crrc/r: 0.999970974 0.000027062 0.000001964
QQ:/rc/c: 0.999994748 0.000005252 0.000000000
QQ:/rc/crr: 0.000000000 0.999997374 0.000002626
QQ:/rc/r: 0.999972463 0.000024035 0.000003501
QQ:/rrc/c: 0.999990875 0.000009125 0.000000000
QQ:/rrc/crr: 0.000000000 0.999995437 0.000004563
QQ:/rrc/r: 0.999982050 0.000011867 0.000006084
