J:/c: 0.295272874 0.704727126 0.000000000
J:/crr: 0.000000000 0.999983067 0.000016933
J:/r: 0.055436012 0.131214739 0.813349250
JJ:/cc/c: 0.999992905 0.000007095 0.000000000
JJ:/cc/crr: 0.000000000 0.999996453 0.000003547
JJ:/cc/r: 0.999982601 0.000012669 0.000004730
JJ:/crc/c: 0.999983067 0.000016933 0.000000000
JJ:/crc/crr: 0.000000000 0.999991533 0.000008467
JJ:/crc/r: 0.999977422 0.000011289 0.000011289
JJ:/crrc/c: 0.999991533 0.000008467 0.000000000
JJ:/crrc/crr: 0.000000000 0.999995767 0.000004233
JJ:/crrc/r: 0.999988711 0.000005645 0.000005645
JJ:/rc/c: 0.999974596 0.000025404 0.000000000
JJ:/rc/crr: 0.000000000 0.999987298 0.000012702
JJ:/rc/r: 0.999956531 0.000026533 0.000016936
JJ:/rrc/c: 0.999939871 0.000060129 0.000000000
JJ:/rrc/crr: 0.000000000 0.999969933 0.000030067
JJ:/rrc/r: 0.999736132 0.000223782 0.000040086
JK:/cc/c: 0.007190738 0.992809262 0.000000000
JK:/cc/crr: 0.000000000 0.000493339 0.999506661
JK:/cc/r: 0.000010647 0.000004730 0.999984624
JK:/crc/c: 0.526694227 0.473305773 0.000000000
JK:/crc/crr: 0.000000000 0.000016075 0.999983925
JK:/crc/r: 0.044984359 0.000011289 0.955004352
JK:/crrc/c: 0.637624236 0.362375764 0.000000000
JK:/crrc/crr: 0.000000000 0.000006639 0.999993361
JK:/crrc/r: 0.183322393 0.000005645 0.816671962
JK:/rc/c: 0.378554397 0.621445603 0.000000000
JK:/rc/crr: 0.000000000 0.000033554 0.999966446
JK:/rc/r: 0.361384828 0.000016936 0.638598236
JK:/rrc/c: 0.999627785 0.000372215 0.000000000
JK:/rrc/crr: 0.000000000 0.000030076 0.999969924
JK:/rrc/r: 0.253069280 0.000040086 0.746890634
JQ:/cc/c: 0.074405186 0.925594814 0.000000000
JQ:/cc/crr: 0.000000000 0.000047678 0.999952322
JQ:/cc/r: 0.032788350 0.000004730 0.967206920
JQ:/crc/c: 0.560321506 0.439678494 0.000000000
JQ:/crc/crr: 0.000000000 0.000015111 0.999984889
JQ:/crc/r: 0.064116971 0.000011289 0.935871740
JQ:/crrc/c: 0.049539717 0.950460283 0.000000000
JQ:/crrc/crr: 0.000000000 0.000085456 0.999914544
JQ:/crrc/r: 0.239669612 0.000005645 0.760324744
JQ:/rc/c: 0.991623287 0.008376713 0.000000000
JQ:/rc/crr: 0.000000000 0.000012809 0.999987191
JQ:/rc/r: 0.000017317 0.000016936 0.999965747
JQ:/rrc/c: 0.008640604 0.991359396 0.000000000
JQ:/rrc/crr: 0.000000000 0.003479467 0.996520533
JQ:/rrc/r: 0.414048816 0.000040086 0.585911097
K:/c: 0.999961111 0.000038889 0.000000000
K:/crr: 0.000000000 0.999995000 0.000005000
K:/r: 0.575000162 0.424993171 0.000006667
KJ:/cc/c: 0.393048130 0.606951870 0.000000000
KJ:/cc/crr: 0.000000000 0.836443683 0.163556317
KJ:/cc/r: 0.433866930 0.174324255 0.391808815
KJ:/crc/c: 0.124229321 0.875770679 0.000000000
KJ:/crc/crr: 0.000000000 0.999979875 0.000020125
KJ:/crc/r: 0.000108615 0.724985195 0.274906190
KJ:/crrc/c: 0.285718401 0.714281599 0.000000000
KJ:/crrc/crr: 0.000000000 0.999995625 0.000004375
KJ:/crrc/r: 0.061869165 0.814599854 0.123530981
KJ:/rc/c: 0.448564249 0.551435751 0.000000000
KJ:/rc/crr: 0.000000000 0.634965997 0.365034003
KJ:/rc/r: 0.021762452 0.762514116 0.215723432
KJ:/rrc/c: 0.198189295 0.801810705 0.000000000
KJ:/rrc/crr: 0.000000000 0.996132962 0.003867038
KJ:/rrc/r: 0.066180014 0.864138285 0.069681701
KK:/cc/c: 0.871428991 0.128571009 0.000000000
KK:/cc/crr: 0.000000000 0.926229784 0.073770216
KK:/cc/r: 0.683555657 0.230730337 0.085714006
KK:/crc/c: 0.999995000 0.000005000 0.000000000
KK:/crc/crr: 0.000000000 0.999997500 0.000002500
KK:/crc/r: 0.695142413 0.304854253 0.000003333
KK:/crrc/c: 0.999997500 0.000002500 0.000000000
KK:/crrc/crr: 0.000000000 0.999998750 0.000001250
KK:/crrc/r: 0.999996667 0.000001667 0.000001667
KK:/rc/c: 0.999992157 0.000007843 0.000000000
KK:/rc/crr: 0.000000000 0.999996078 0.000003922
KK:/rc/r: 0.999980291 0.000014481 0.000005229
KK:/rrc/c: 0.999994203 0.000005797 0.000000000
KK:/rrc/crr: 0.000000000 0.999997101 0.000002899
KK:/rrc/r: 0.999977439 0.000018696 0.000003865
KQ:/cc/c: 0.660858236 0.339141764 0.000000000
KQ:/cc/crr: 0.000000000 0.902724214 0.097275786
KQ:/cc/r: 0.433340463 0.411361555 0.155297981
KQ:/crc/c: 0.082715054 0.917284946 0.000000000
KQ:/crc/crr: 0.000000000 0.180595868 0.819404132
KQ:/crc/r: 0.000087636 0.440703656 0.559208708
KQ:/crrc/c: 0.599858803 0.400141197 0.000000000
KQ:/crrc/crr: 0.000000000 0.392935583 0.607064417
KQ:/crrc/r: 0.000624183 0.704530660 0.294845158
KQ:/rc/c: 0.001246958 0.998753042 0.000000000
KQ:/rc/crr: 0.000000000 0.076470456 0.923529544
KQ:/rc/r: 0.000024851 0.307121415 0.692853735
KQ:/rrc/c: 0.518955965 0.481044035 0.000000000
KQ:/rrc/crr: 0.000000000 0.492223561 0.507776439
KQ:/rrc/r: 0.071943628 0.567570778 0.360485594
Q:/c: 0.843671106 0.156328894 0.000000000
Q:/crr: 0.000000000 0.999994074 0.000005926
Q:/r: 0.347333280 0.652624255 0.000042465
QJ:/cc/c: 0.000583768 0.999416232 0.000000000
QJ:/cc/crr: 0.000000000 0.027394316 0.972605684
QJ:/cc/r: 0.000047450 0.000021323 0.999931228
QJ:/crc/c: 0.448283182 0.551716818 0.000000000
QJ:/crc/crr: 0.000000000 0.086879478 0.913120522
QJ:/crc/r: 0.000168289 0.000003951 0.999827760
QJ:/crrc/c: 0.000113595 0.999886405 0.000000000
QJ:/crrc/crr: 0.000000000 0.013043090 0.986956910
QJ:/crrc/r: 0.015060202 0.000001976 0.984937822
QJ:/rc/c: 0.000214631 0.999785369 0.000000000
QJ:/rc/crr: 0.000000000 0.011898532 0.988101468
QJ:/rc/r: 0.020636135 0.000003405 0.979360460
QJ:/rrc/c: 0.000272511 0.999727489 0.000000000
QJ:/rrc/crr: 0.000000000 0.017608310 0.982391690
QJ:/rrc/r: 0.000094482 0.000010012 0.999895506
QK:/cc/c: 0.015021269 0.984978731 0.000000000
QK:/cc/crr: 0.000000000 0.998935381 0.001064619
QK:/cc/r: 0.000148948 0.736756039 0.263095013
QK:/crc/c: 0.336984263 0.663015737 0.000000000
QK:/crc/crr: 0.000000000 0.000862157 0.999137843
QK:/crc/r: 0.000345709 0.438445847 0.561208444
QK:/crrc/c: 0.169105849 0.830894151 0.000000000
QK:/crrc/crr: 0.000000000 0.001424596 0.998575404
QK:/crrc/r: 0.000068873 0.293279249 0.706651878
QK:/rc/c: 0.366174252 0.633825748 0.000000000
QK:/rc/crr: 0.000000000 0.007074503 0.992925497
QK:/rc/r: 0.000010516 0.312961416 0.687028068
QK:/rrc/c: 0.430072375 0.569927625 0.000000000
QK:/rrc/crr: 0.000000000 0.055540894 0.944459106
QK:/rrc/r: 0.000186076 0.531962151 0.467851773
QQ:/cc/c: 0.999968016 0.000031984 0.000000000
QQ:/cc/crr: 0.000000000 0.999984008 0.000015992
QQ:/cc/r: 0.999920426 0.000058252 0.000021323
QQ:/crc/c: 0.999994074 0.000005926 0.000000000
QQ:/crc/crr: 0.000000000 0.999997037 0.000002963
QQ:/crc/r: 0.841455007 0.158541042 0.000003951
QQ:/crrc/c: 0.999997037 0.000002963 0.000000000
QQ:/crrc/crr: 0.000000000 0.999998518 0.000001482
QQ:/crrc/r: 0.999996049 0.000001976 0.000001976
QQ:/rc/c: 0.999994892 0.000005108 0.000000000
QQ:/rc/crr: 0.000000000 0.999997446 0.000002554
QQ:/rc/r: 0.999970188 0.000026407 0.000003405
QQ:/rrc/c: 0.999990403 0.000009597 0.000000000
QQ:/rrc/crr: 0.000000000 0.999995201 0.000004799
QQ:/rrc/r: 0.999955136 0.000038466 0.000006398
