J:/c: 0.319425035 0.680574965 0.000000000
J:/crr: 0.000000000 0.999984347 0.000015653
J:/r: 0.053685612 0.115881373 0.830433015
JJ:/cc/c: 0.999992653 0.000007347 0.000000000
JJ:/cc/crr: 0.000000000 0.999996327 0.000003673
JJ:/cc/r: 0.999990204 0.000004898 0.000004898
JJ:/crc/c: 0.999984347 0.000015653 0.000000000
JJ:/crc/crr: 0.000000000 0.999992173 0.000007827
JJ:/crc/r: 0.999861022 0.000128543 0.000010435
JJ:/crrc/c: 0.999992173 0.000007827 0.000000000
JJ:/crrc/crr: 0.000000000 0.999996087 0.000003913
JJ:/crrc/r: 0.999967820 0.000026963 0.000005218
JJ:/rc/c: 0.999971235 0.000028765 0.000000000
JJ:/rc/crr: 0.000000000 0.999985617 0.000014383
JJ:/rc/r: 0.999961647 0.000019177 0.000019177
JJ:/rrc/c: 0.999937910 0.000062090 0.000000000
JJ:/rrc/crr: 0.000000000 0.999968953 0.000031047
JJ:/rrc/r: 0.999917213 0.000041393 0.000041393
JK:/cc/c: 0.000093196 0.999906804 0.000000000
JK:/cc/crr: 0.000000000 0.039415472 0.960584528
JK:/cc/r: 0.000004898 0.000004898 0.999990204
JK:/crc/c: 0.463730234 0.536269766 0.000000000
JK:/crc/crr: 0.000000000 0.000016877 0.999983123
JK:/crc/r: 0.102280148 0.000010435 0.897709416
JK:/crrc/c: 0.442925670 0.557074330 0.000000000
JK:/crrc/crr: 0.000000000 0.000008835 0.999991165
JK:/crrc/r: 0.280493207 0.000005218 0.719501575
JK:/rc/c: 0.298390561 0.701609439 0.000000000
JK:/rc/crr: 0.000000000 0.000048200 0.999951800
JK:/rc/r: 0.349289243 0.000019177 0.650691580
JK:/rrc/c: 0.999937910 0.000062090 0.000000000
JK:/rrc/crr: 0.000000000 0.000031047 0.999968953
JK:/rrc/r: 0.465542803 0.000041393 0.534415803
JQ:/cc/c: 0.054775619 0.945224381 0.000000000
JQ:/cc/crr: 0.000000000 0.000067062 0.999932938
JQ:/cc/r: 0.053165635 0.000004898 0.946829467
JQ:/crc/c: 0.435382822 0.564617178 0.000000000
JQ:/crc/crr: 0.000000000 0.000017976 0.999982024
JQ:/crc/r: 0.000027439 0.000010435 0.999962126
JQ:/crrc/c: 0.105479476 0.894520524 0.000000000
JQ:/crrc/crr: 0.000000000 0.000037101 0.999962899
JQ:/crrc/r: 0.000875262 0.000005218 0.999119520
JQ:/rc/c: 0.999971235 0.000028765 0.000000000
JQ:/rc/crr: 0.000000000 0.000014383 0.999985617
JQ:/rc/r: 0.000019177 0.000019177 0.999961647
JQ:/rrc/c: 0.000062090 0.999937910 0.000000000
JQ:/rrc/crr: 0.000000000 0.500000000 0.500000000
JQ:/rrc/r: 0.699516593 0.000041393 0.300442014
K:/c: 0.999990000 0.000010000 0.000000000
K:/crr: 0.000000000 0.999995000 0.000005000
K:/r: 0.624593883 0.375399450 0.000006667
KJ:/cc/c: 0.500000000 0.500000000 0.000000000
KJ:/cc/crr: 0.000000000 0.500000000 0.500000000
KJ:/cc/r: 0.333333333 0.333333333 0.333333333
KJ:/crc/c: 0.103604202 0.896395798 0.000000000
KJ:/crc/crr: 0.000000000 0.999975869 0.000024131
KJ:/crc/r: 0.000003333 0.731366270 0.268630397
KJ:/crrc/c: 0.429120206 0.570879794 0.000000000
KJ:/crrc/crr: 0.000000000 0.999997087 0.000002913
KJ:/crrc/r: 0.000002795 0.865287418 0.134709788
KJ:/rc/c: 0.421507461 0.578492539 0.000000000
KJ:/rc/crr: 0.000000000 0.999989467 0.000010533
KJ:/rc/r: 0.000394052 0.999600028 0.000005920
KJ:/rrc/c: 0.126108143 0.873891857 0.000000000
KJ:/rrc/crr: 0.000000000 0.999978840 0.000021160
KJ:/rrc/r: 0.000018125 0.999978317 0.000003558
KK:/cc/c: 0.500000000 0.500000000 0.000000000
KK:/cc/crr: 0.000000000 0.500000000 0.500000000
KK:/cc/r: 0.333333333 0.333333333 0.333333333
KK:/crc/c: 0.999995000 0.000005000 0.000000000
KK:/crc/crr: 0.000000000 0.999997500 0.000002500
KK:/crc/r: 0.999851239 0.000145428 0.000003333
KK:/crrc/c: 0.999997500 0.000002500 0.000000000
KK:/crrc/crr: 0.000000000 0.999998750 0.000001250
KK:/crrc/r: 0.998965499 0.001032834 0.000001667
KK:/rc/c: 0.999991121 0.000008879 0.000000000
KK:/rc/crr: 0.000000000 0.999995560 0.000004440
KK:/rc/r: 0.999970485 0.000023595 0.000005920
KK:/rrc/c: 0.999994663 0.000005337 0.000000000
KK:/rrc/crr: 0.000000000 0.999997332 0.000002668
KK:/rrc/r: 0.996489144 0.003507298 0.000003558
KQ:/cc/c: 0.500000000 0.500000000 0.000000000
KQ:/cc/crr: 0.000000000 0.500000000 0.500000000
KQ:/cc/r: 0.333333333 0.333333333 0.333333333
KQ:/crc/c: 0.231302225 0.768697775 0.000000000
KQ:/crc/crr: 0.000000000 0.000504766 0.999495234
KQ:/crc/r: 0.000004749 0.424030971 0.575964281
KQ:/crrc/c: 0.500641214 0.499358786 0.000000000
KQ:/crrc/crr: 0.000000000 0.347902736 0.652097264
KQ:/crrc/r: 0.000009108 0.939773678 0.060217214
KQ:/rc/c: 0.000008879 0.999991121 0.000000000
KQ:/rc/crr: 0.000000000 0.500000000 0.500000000
KQ:/rc/r: 0.000005920 0.294344423 0.705649657
KQ:/rrc/c: 0.526478434 0.473521566 0.000000000
KQ:/rrc/crr: 0.000000000 0.424036271 0.575963729
KQ:/rrc/r: 0.000110599 0.658033481 0.341855920
Q:/c: 0.876092580 0.123907420 0.000000000
Q:/crr: 0.000000000 0.999994293 0.000005707
Q:/r: 0.418556524 0.581408379 0.000035096
QJ:/cc/c: 0.000040353 0.999959647 0.000000000
QJ:/cc/crr: 0.000000000 0.500000000 0.500000000
QJ:/cc/r: 0.000026902 0.000026902 0.999946196
QJ:/crc/c: 0.410985352 0.589014648 0.000000000
QJ:/crc/crr: 0.000000000 0.000031854 0.999968146
QJ:/crc/r: 0.000003805 0.000003805 0.999992390
QJ:/crrc/c: 0.000002854 0.999997146 0.000000000
QJ:/crrc/crr: 0.000000000 0.500000000 0.500000000
QJ:/crrc/r: 0.000001902 0.000001902 0.999996195
QJ:/rc/c: 0.000005733 0.999994267 0.000000000
QJ:/rc/crr: 0.000000000 0.500000000 0.500000000
QJ:/rc/r: 0.000003822 0.000003822 0.999992356
QJ:/rrc/c: 0.000007964 0.999992036 0.000000000
QJ:/rrc/crr: 0.000000000 0.500000000 0.500000000
QJ:/rrc/r: 0.000005309 0.000005309 0.999989381
QK:/cc/c: 0.000913831 0.999086169 0.000000000
QK:/cc/crr: 0.000000000 0.977921136 0.022078864
QK:/cc/r: 0.000026902 0.999549512 0.000423586
QK:/crc/c: 0.387238985 0.612761015 0.000000000
QK:/crc/crr: 0.000000000 0.007370008 0.992629992
QK:/crc/r: 0.000029075 0.437344207 0.562626719
QK:/crrc/c: 0.000002854 0.999997146 0.000000000
QK:/crrc/crr: 0.000000000 0.500000000 0.500000000
QK:/crrc/r: 0.000011567 0.162447841 0.837540593
QK:/rc/c: 0.396985027 0.603014973 0.000000000
QK:/rc/crr: 0.000000000 0.051370394 0.948629606
QK:/rc/r: 0.000003822 0.339065374 0.660930804
QK:/rrc/c: 0.436928789 0.563071211 0.000000000
QK:/rrc/crr: 0.000000000 0.000184280 0.999815720
QK:/rrc/r: 0.000005309 0.443027929 0.556966761
QQ:/cc/c: 0.999959647 0.000040353 0.000000000
QQ:/cc/crr: 0.000000000 0.999979823 0.000020177
QQ:/cc/r: 0.999871662 0.000101436 0.000026902
QQ:/crc/c: 0.999994293 0.000005707 0.000000000
QQ:/crc/crr: 0.000000000 0.999997146 0.000002854
QQ:/crc/r: 0.985869662 0.014126533 0.000003805
QQ:/crrc/c: 0.999997146 0.000002854 0.000000000
QQ:/crrc/crr: 0.000000000 0.999998573 0.000001427
QQ:/crrc/r: 0.999390070 0.000608028 0.000001902
QQ:/rc/c: 0.999994267 0.000005733 0.000000000
QQ:/rc/crr: 0.000000000 0.999997133 0.000002867
QQ:/rc/r: 0.990145124 0.009851054 0.000003822
QQ:/rrc/c: 0.999992036 0.000007964 0.000000000
QQ:/rrc/crr: 0.000000000 0.999996018 0.000003982
QQ:/rrc/r: 0.999982562 0.000012129 0.000005309
