J:/c: 0.311723007 0.688276993 0.000000000
J:/crr: 0.000000000 0.999983960 0.000016040
J:/r: 0.053076770 0.127948771 0.818974459
JJ:/cc/c: 0.999992735 0.000007265 0.000000000
JJ:/cc/crr: 0.000000000 0.999996368 0.000003632
JJ:/cc/r: 0.999990314 0.000004843 0.000004843
JJ:/crc/c: 0.999983960 0.000016040 0.000000000
JJ:/crc/crr: 0.000000000 0.999991980 0.000008020
JJ:/crc/r: 0.999943854 0.000045452 0.000010693
JJ:/crrc/c: 0.999991980 0.000008020 0.000000000
JJ:/crrc/crr: 0.000000000 0.999995990 0.000004010
JJ:/crrc/r: 0.999951244 0.000043409 0.000005347
JJ:/rc/c: 0.999973948 0.000026052 0.000000000
JJ:/rc/crr: 0.000000000 0.999986974 0.000013026
JJ:/rc/r: 0.999901162 0.000081470 0.000017368
JJ:/rrc/c: 0.999937198 0.000062802 0.000000000
JJ:/rrc/crr: 0.000000000 0.999968597 0.000031403
JJ:/rrc/r: 0.999916264 0.000041868 0.000041868
JK:/cc/c: 0.002977745 0.997022255 0.000000000
JK:/cc/crr: 0.000000000 0.001219802 0.998780198
JK:/cc/r: 0.000004843 0.000004843 0.999990314
JK:/crc/c: 0.487237473 0.512762527 0.000000000
JK:/crc/crr: 0.000000000 0.000016460 0.999983540
JK:/crc/r: 0.007779036 0.000010693 0.992210270
JK:/crrc/c: 0.909033613 0.090966387 0.000000000
JK:/crrc/crr: 0.000000000 0.000004411 0.999995589
JK:/crrc/r: 0.271745973 0.000005347 0.728248681
JK:/rc/c: 0.397035988 0.602964012 0.000000000
JK:/rc/crr: 0.000000000 0.000032808 0.999967192
JK:/rc/r: 0.364325676 0.000017368 0.635656955
JK:/rrc/c: 0.999937198 0.000062802 0.000000000
JK:/rrc/crr: 0.000000000 0.000031403 0.999968597
JK:/rrc/r: 0.312439911 0.000041868 0.687518221
JQ:/cc/c: 0.071542581 0.928457419 0.000000000
JQ:/cc/crr: 0.000000000 0.000050771 0.999949229
JQ:/cc/r: 0.036409645 0.000004843 0.963585512
JQ:/crc/c: 0.538239940 0.461760060 0.000000000
JQ:/crc/crr: 0.000000000 0.000014900 0.999985100
JQ:/crc/r: 0.002074137 0.000010693 0.997915170
JQ:/crrc/c: 0.000008020 0.999991980 0.000000000
JQ:/crrc/crr: 0.000000000 0.500000000 0.500000000
JQ:/crrc/r: 0.143054695 0.000005347 0.856939958
JQ:/rc/c: 0.999889051 0.000110949 0.000000000
JQ:/rc/crr: 0.000000000 0.000013027 0.999986973
JQ:/rc/r: 0.000017368 0.000017368 0.999965264
JQ:/rrc/c: 0.000062802 0.999937198 0.000000000
JQ:/rrc/crr: 0.000000000 0.500000000 0.500000000
JQ:/rrc/r: 0.605204484 0.000041868 0.394753648
K:/c: 0.999990000 0.000010000 0.000000000
K:/crr: 0.000000000 0.999995000 0.000005000
K:/r: 0.578036172 0.421957161 0.000006667
KJ:/cc/c: 0.500000000 0.500000000 0.000000000
KJ:/cc/crr: 0.000000000 0.500000000 0.500000000
KJ:/cc/r: 0.333333333 0.333333333 0.333333333
KJ:/crc/c: 0.053404148 0.946595852 0.000000000
KJ:/crc/crr: 0.000000000 0.999953187 0.000046813
KJ:/crc/r: 0.000004608 0.715755193 0.284240199
KJ:/crrc/c: 0.295555371 0.704444629 0.000000000
KJ:/crrc/crr: 0.000000000 0.999995771 0.000004229
KJ:/crrc/r: 0.012073650 0.842494845 0.145431505
KJ:/rc/c: 0.420123647 0.579876353 0.000000000
KJ:/rc/crr: 0.000000000 0.999990598 0.000009402
KJ:/rc/r: 0.017375114 0.767726251 0.214898635
KJ:/rrc/c: 0.480401653 0.519598347 0.000000000
KJ:/rrc/crr: 0.000000000 0.999993998 0.000006002
KJ:/rrc/r: 0.007180092 0.960069346 0.032750562
KK:/cc/c: 0.500000000 0.500000000 0.000000000
KK:/cc/crr: 0.000000000 0.500000000 0.500000000
KK:/cc/r: 0.333333333 0.333333333 0.333333333
KK:/crc/c: 0.999995000 0.000005000 0.000000000
KK:/crc/crr: 0.000000000 0.999997500 0.000002500
KK:/crc/r: 0.984607849 0.015388818 0.000003333
KK:/crrc/c: 0.999997500 0.000002500 0.000000000
KK:/crrc/crr: 0.000000000 0.999998750 0.000001250
KK:/crrc/r: 0.999874565 0.000123768 0.000001667
KK:/rc/c: 0.999992100 0.000007900 0.000000000
KK:/rc/crr: 0.000000000 0.999996050 0.000003950
KK:/rc/r: 0.999970996 0.000023738 0.000005266
KK:/rrc/c: 0.999994233 0.000005767 0.000000000
KK:/rrc/crr: 0.000000000 0.999997117 0.000002883
KK:/rrc/r: 0.996942446 0.003053709 0.000003844
KQ:/cc/c: 0.500000000 0.500000000 0.000000000
KQ:/cc/crr: 0.000000000 0.500000000 0.500000000
KQ:/cc/r: 0.333333333 0.333333333 0.333333333
KQ:/crc/c: 0.000092518 0.999907482 0.000000000
KQ:/crc/crr: 0.000000000 0.972978084 0.027021916
KQ:/crc/r: 0.000011294 0.442529658 0.557459048
KQ:/crrc/c: 0.683554892 0.316445108 0.000000000
KQ:/crrc/crr: 0.000000000 0.448182972 0.551817028
KQ:/crrc/r: 0.000121099 0.868445106 0.131433795
KQ:/rc/c: 0.000007900 0.999992100 0.000000000
KQ:/rc/crr: 0.000000000 0.500000000 0.500000000
KQ:/rc/r: 0.000006287 0.303357652 0.696636061
KQ:/rrc/c: 0.519628678 0.480371322 0.000000000
KQ:/rrc/crr: 0.000000000 0.535040475 0.464959525
KQ:/rrc/r: 0.001005282 0.684102868 0.314891850
Q:/c: 0.847869257 0.152130743 0.000000000
Q:/crr: 0.000000000 0.999994103 0.000005897
Q:/r: 0.359286196 0.640665550 0.000048253
QJ:/cc/c: 0.000100195 0.999899805 0.000000000
QJ:/cc/crr: 0.000000000 0.164013138 0.835986862
QJ:/cc/r: 0.000021911 0.000021911 0.999956178
QJ:/crc/c: 0.386472359 0.613527641 0.000000000
QJ:/crc/crr: 0.000000000 0.000044851 0.999955149
QJ:/crc/r: 0.000003931 0.000003931 0.999992137
QJ:/crrc/c: 0.000002949 0.999997051 0.000000000
QJ:/crrc/crr: 0.000000000 0.500000000 0.500000000
QJ:/crrc/r: 0.040199542 0.000001966 0.959798492
QJ:/rc/c: 0.000005203 0.999994797 0.000000000
QJ:/rc/crr: 0.000000000 0.500000000 0.500000000
QJ:/rc/r: 0.018689080 0.000003469 0.981307451
QJ:/rrc/c: 0.000009278 0.999990722 0.000000000
QJ:/rrc/crr: 0.000000000 0.500000000 0.500000000
QJ:/rrc/r: 0.000006185 0.000006185 0.999987630
QK:/cc/c: 0.050664835 0.949335165 0.000000000
QK:/cc/crr: 0.000000000 0.999675648 0.000324352
QK:/cc/r: 0.000021911 0.719128838 0.280849251
QK:/crc/c: 0.368936248 0.631063752 0.000000000
QK:/crc/crr: 0.000000000 0.000594995 0.999405005
QK:/crc/r: 0.000029506 0.510796622 0.489173872
QK:/crrc/c: 0.000128975 0.999871025 0.000000000
QK:/crrc/crr: 0.000000000 0.011430884 0.988569116
QK:/crrc/r: 0.000030055 0.248932027 0.751037919
QK:/rc/c: 0.366358351 0.633641649 0.000000000
QK:/rc/crr: 0.000000000 0.000150196 0.999849804
QK:/rc/r: 0.000003469 0.304671396 0.695325135
QK:/rrc/c: 0.434287454 0.565712546 0.000000000
QK:/rrc/crr: 0.000000000 0.070277692 0.929722308
QK:/rrc/r: 0.000006185 0.510409163 0.489584652
QQ:/cc/c: 0.999967134 0.000032866 0.000000000
QQ:/cc/crr: 0.000000000 0.999983566 0.000016434
QQ:/cc/r: 0.999951296 0.000026794 0.000021911
QQ:/crc/c: 0.999994103 0.000005897 0.000000000
QQ:/crc/crr: 0.000000000 0.999997051 0.000002949
QQ:/crc/r: 0.999953377 0.000042691 0.000003931
QQ:/crrc/c: 0.999997051 0.000002949 0.000000000
QQ:/crrc/crr: 0.000000000 0.999998526 0.000001474
QQ:/crrc/r: 0.999931121 0.000066913 0.000001966
QQ:/rc/c: 0.999994797 0.000005203 0.000000000
QQ:/rc/crr: 0.000000000 0.999997399 0.000002601
QQ:/rc/r: 0.999993063 0.000003469 0.000003469
QQ:/rrc/c: 0.999990722 0.000009278 0.000000000
QQ:/rrc/crr: 0.000000000 0.999995361 0.000004639
QQ:/rrc/r: 0.999983646 0.000010169 0.000006185
