J:/: 0.075268918 0.924731082 0.000000000
J:/cr: 0.018712581 0.034574590 0.946712830
J:/rr: 0.000000000 0.999933572 0.000066428
JJ:/cc/: 0.000032565 0.999967435 0.000000000
JJ:/cc/cr: 0.999996395 0.000001802 0.000001802
JJ:/cc/rr: 0.000000000 0.916981162 0.083018838
JJ:/crc/: 0.936203195 0.063796805 0.000000000
JJ:/crc/cr: 0.999455264 0.000272368 0.000272368
JJ:/crc/rr: 0.000000000 0.999972160 0.000027840
JJ:/crrc/: 0.972667876 0.027332124 0.000000000
JJ:/crrc/cr: 0.997650719 0.001174640 0.001174640
JJ:/crrc/rr: 0.000000000 0.999950489 0.000049511
JJ:/rc/: 0.913709294 0.086290706 0.000000000
JJ:/rc/cr: 0.999486785 0.000256607 0.000256607
JJ:/rc/rr: 0.000000000 0.999963649 0.000036351
JJ:/rrc/: 0.999966784 0.000033216 0.000000000
JJ:/rrc/cr: 0.333333333 0.333333333 0.333333333
JJ:/rrc/rr: 0.000000000 0.999983391 0.000016609
JK:/cc/: 0.080057321 0.919942679 0.000000000
JK:/cc/cr: 0.000001959 0.000001959 0.999996082
JK:/cc/rr: 0.000000000 0.719911631 0.280088369
JK:/crc/: 0.036591405 0.963408595 0.000000000
JK:/crc/cr: 0.000516445 0.000018036 0.999465519
JK:/crc/rr: 0.000000000 0.000712307 0.999287693
JK:/crrc/: 0.999903684 0.000096316 0.000000000
JK:/crrc/cr: 0.333333333 0.333333333 0.333333333
JK:/crrc/rr: 0.000000000 0.000048163 0.999951837
JK:/rc/: 0.996403907 0.003596093 0.000000000
JK:/rc/cr: 0.987685065 0.006157468 0.006157468
JK:/rc/rr: 0.000000000 0.000033334 0.999966666
JK:/rrc/: 0.519036074 0.480963926 0.000000000
JK:/rrc/cr: 0.808096832 0.000023021 0.191880147
JK:/rrc/rr: 0.000000000 0.000031998 0.999968002
JQ:/cc/: 0.171645700 0.828354300 0.000000000
JQ:/cc/cr: 0.000002176 0.000002176 0.999995648
JQ:/cc/rr: 0.000000000 0.000015750 0.999984250
JQ:/crc/: 0.997346277 0.002653723 0.000000000
JQ:/crc/cr: 0.006547860 0.006547860 0.986904280
JQ:/crc/rr: 0.000000000 0.000026134 0.999973866
JQ:/crrc/: 0.001038981 0.998961019 0.000000000
JQ:/crrc/cr: 0.175871553 0.000032139 0.824096308
JQ:/crrc/rr: 0.000000000 0.046351297 0.953648703
JQ:/rc/: 0.998459737 0.001540263 0.000000000
JQ:/rc/cr: 0.014376003 0.014376003 0.971247995
JQ:/rc/rr: 0.000000000 0.000033265 0.999966735
JQ:/rrc/: 0.157096054 0.842903946 0.000000000
JQ:/rrc/cr: 0.001885978 0.000013136 0.998100886
JQ:/rrc/rr: 0.000000000 0.000105720 0.999894280
K:/: 0.754011163 0.245988837 0.000000000
K:/cr: 0.691819586 0.308166863 0.000013551
K:/rr: 0.000000000 0.999993369 0.000006631
KJ:/cc/: 0.000020326 0.999979674 0.000000000
KJ:/cc/cr: 0.000006776 0.000006776 0.999986449
KJ:/cc/rr: 0.000000000 0.500000000 0.500000000
KJ:/crc/: 0.000051414 0.999948586 0.000000000
KJ:/crc/cr: 0.000031403 0.999961268 0.000007329
KJ:/crc/rr: 0.000000000 0.786186387 0.213813613
KJ:/crrc/: 0.077679549 0.922320451 0.000000000
KJ:/crrc/cr: 0.000756842 0.998203670 0.001039489
KJ:/crrc/rr: 0.000000000 0.441264788 0.558735212
KJ:/rc/: 0.069012120 0.930987880 0.000000000
KJ:/rc/cr: 0.005280292 0.976307634 0.018412073
KJ:/rc/rr: 0.000000000 0.366020946 0.633979054
KJ:/rrc/: 0.083261030 0.916738970 0.000000000
KJ:/rrc/cr: 0.000136221 0.999862574 0.000001206
KJ:/rrc/rr: 0.000000000 0.675532542 0.324467458
KK:/cc/: 0.999524598 0.000475402 0.000000000
KK:/cc/cr: 0.971496242 0.014251879 0.014251879
KK:/cc/rr: 0.000000000 0.999989832 0.000010168
KK:/crc/: 0.130747731 0.869252269 0.000000000
KK:/crc/cr: 0.999983138 0.000008431 0.000008431
KK:/crc/rr: 0.000000000 0.999915922 0.000084078
KK:/crrc/: 0.999115394 0.000884606 0.000000000
KK:/crrc/cr: 0.992619268 0.003690366 0.003690366
KK:/crrc/rr: 0.000000000 0.999995099 0.000004901
KK:/rc/: 0.833243840 0.166756160 0.000000000
KK:/rc/cr: 0.999973489 0.000013255 0.000013255
KK:/rc/rr: 0.000000000 0.999996021 0.000003979
KK:/rrc/: 0.514174970 0.485825030 0.000000000
KK:/rrc/cr: 0.999995450 0.000002275 0.000002275
KK:/rrc/rr: 0.000000000 0.999996776 0.000003224
KQ:/cc/: 0.000057563 0.999942437 0.000000000
KQ:/cc/cr: 0.000035355 0.458234200 0.541730445
KQ:/cc/rr: 0.000000000 0.823444072 0.176555928
KQ:/crc/: 0.898463419 0.101536581 0.000000000
KQ:/crc/cr: 0.000355959 0.585779759 0.413864282
KQ:/crc/rr: 0.000000000 0.000043417 0.999956583
KQ:/crrc/: 0.000966500 0.999033500 0.000000000
KQ:/crrc/cr: 0.005480386 0.694327057 0.300192557
KQ:/crrc/rr: 0.000000000 0.314651890 0.685348110
KQ:/rc/: 0.000057182 0.999942818 0.000000000
KQ:/rc/cr: 0.000002211 0.487575361 0.512422428
KQ:/rc/rr: 0.000000000 0.942016519 0.057983481
KQ:/rrc/: 0.693228685 0.306771315 0.000000000
KQ:/rrc/cr: 0.017218626 0.899468033 0.083313341
KQ:/rrc/rr: 0.000000000 0.386695865 0.613304135
Q:/: 0.745169294 0.254830706 0.000000000
Q:/cr: 0.154533930 0.845011059 0.000455011
Q:/rr: 0.000000000 0.999993290 0.000006710
QJ:/cc/: 0.000019621 0.999980379 0.000000000
QJ:/cc/cr: 0.000006540 0.000006540 0.999986919
QJ:/cc/rr: 0.000000000 0.500000000 0.500000000
QJ:/crc/: 0.027409694 0.972590306 0.000000000
QJ:/crc/cr: 0.002773200 0.000002653 0.997224147
QJ:/crc/rr: 0.000000000 0.000141189 0.999858811
QJ:/crrc/: 0.006917338 0.993082662 0.000000000
QJ:/crrc/cr: 0.000014206 0.000014206 0.999971588
QJ:/crrc/rr: 0.000000000 0.003059174 0.996940826
QJ:/rc/: 0.009189073 0.990810927 0.000000000
QJ:/rc/cr: 0.000002257 0.000002257 0.999995485
QJ:/rc/rr: 0.000000000 0.000365101 0.999634899
QJ:/rrc/: 0.000003355 0.999996645 0.000000000
QJ:/rrc/cr: 0.000001118 0.000001118 0.999997763
QJ:/rrc/rr: 0.000000000 0.500000000 0.500000000
QK:/cc/: 0.557734938 0.442265062 0.000000000
QK:/cc/cr: 0.015989468 0.983986995 0.000023537
QK:/cc/rr: 0.000000000 0.999982410 0.000017590
QK:/crc/: 0.007079735 0.992920265 0.000000000
QK:/crc/cr: 0.000003904 0.564753840 0.435242256
QK:/crc/rr: 0.000000000 0.000546623 0.999453377
QK:/crrc/: 0.991579689 0.008420311 0.000000000
QK:/crrc/cr: 0.002602032 0.844821860 0.152576108
QK:/crrc/rr: 0.000000000 0.000558817 0.999441183
QK:/rc/: 0.444399545 0.555600455 0.000000000
QK:/rc/cr: 0.024446782 0.519860206 0.455693012
QK:/rc/rr: 0.000000000 0.197050068 0.802949932
QK:/rrc/: 0.122622188 0.877377812 0.000000000
QK:/rrc/cr: 0.000001304 0.306924433 0.693074263
QK:/rrc/rr: 0.000000000 0.000228569 0.999771431
QQ:/cc/: 0.554841447 0.445158553 0.000000000
QQ:/cc/cr: 0.999970616 0.000014692 0.000014692
QQ:/cc/rr: 0.000000000 0.999982318 0.000017682
QQ:/crc/: 0.988735272 0.011264728 0.000000000
QQ:/crc/cr: 0.999541940 0.000229030 0.000229030
QQ:/crc/rr: 0.000000000 0.999996086 0.000003914
QQ:/crrc/: 0.008521030 0.991478970 0.000000000
QQ:/crrc/cr: 0.999971542 0.000014229 0.000014229
QQ:/crrc/rr: 0.000000000 0.997516575 0.002483425
QQ:/rc/: 0.508581858 0.491418142 0.000000000
QQ:/rc/cr: 0.999989446 0.000006002 0.000004551
QQ:/rc/rr: 0.000000000 0.999993403 0.000006597
QQ:/rrc/: 0.982580440 0.017419560 0.000000000
QQ:/rrc/cr: 0.999871602 0.000064199 0.000064199
QQ:/rrc/rr: 0.000000000 0.999998293 0.000001707
