J:/c: 0.299660182 0.700339818 0.000000000
J:/crr: 0.000000000 0.999983314 0.000016686
J:/r: 0.054550363 0.126809982 0.818639655
JJ:/cc/c: 0.999992861 0.000007139 0.000000000
JJ:/cc/crr: 0.000000000 0.999996430 0.000003570
JJ:/cc/r: 0.999990481 0.000004760 0.000004760
JJ:/crc/c: 0.999983314 0.000016686 0.000000000
JJ:/crc/crr: 0.000000000 0.999991657 0.000008343
JJ:/crc/r: 0.999604839 0.000384038 0.000011124
JJ:/crrc/c: 0.999991657 0.000008343 0.000000000
JJ:/crrc/crr: 0.000000000 0.999995829 0.000004171
JJ:/crrc/r: 0.999960667 0.000033771 0.000005562
JJ:/rc/c: 0.999973714 0.000026286 0.000000000
JJ:/rc/crr: 0.000000000 0.999986857 0.000013143
JJ:/rc/r: 0.999794847 0.000187629 0.000017524
JJ:/rrc/c: 0.999938894 0.000061106 0.000000000
JJ:/rrc/crr: 0.000000000 0.999969445 0.000030555
JJ:/rrc/r: 0.999882499 0.000076764 0.000040737
JK:/cc/c: 0.002434380 0.997565620 0.000000000
JK:/cc/crr: 0.000000000 0.001466368 0.998533632
JK:/cc/r: 0.000004760 0.000004760 0.999990481
JK:/crc/c: 0.534170365 0.465829635 0.000000000
JK:/crc/crr: 0.000000000 0.000015618 0.999984382
JK:/crc/r: 0.004683326 0.000011124 0.995305550
JK:/crrc/c: 0.445530054 0.554469946 0.000000000
JK:/crrc/crr: 0.000000000 0.000009363 0.999990637
JK:/crrc/r: 0.213060413 0.000005562 0.786934025
JK:/rc/c: 0.393546884 0.606453116 0.000000000
JK:/rc/crr: 0.000000000 0.000033396 0.999966604
JK:/rc/r: 0.363141207 0.000017524 0.636841269
JK:/rrc/c: 0.999938894 0.000061106 0.000000000
JK:/rrc/crr: 0.000000000 0.000030555 0.999969445
JK:/rrc/r: 0.315584242 0.000040737 0.684375020
JQ:/cc/c: 0.071832644 0.928167356 0.000000000
JQ:/cc/crr: 0.000000000 0.000049695 0.999950305
JQ:/cc/r: 0.038434678 0.000004760 0.961560562
JQ:/crc/c: 0.525629256 0.474370744 0.000000000
JQ:/crc/crr: 0.000000000 0.000015872 0.999984128
JQ:/crc/r: 0.042434184 0.000011124 0.957554692
JQ:/crrc/c: 0.032256655 0.967743345 0.000000000
JQ:/crrc/crr: 0.000000000 0.000129321 0.999870679
JQ:/crrc/r: 0.203396710 0.000005562 0.796597728
JQ:/rc/c: 0.997646079 0.002353921 0.000000000
JQ:/rc/crr: 0.000000000 0.000013174 0.999986826
JQ:/rc/r: 0.000017524 0.000017524 0.999964952
JQ:/rrc/c: 0.023635941 0.976364059 0.000000000
JQ:/rrc/crr: 0.000000000 0.001292642 0.998707358
JQ:/rrc/r: 0.475398909 0.000040737 0.524560354
K:/c: 0.999952109 0.000047891 0.000000000
K:/crr: 0.000000000 0.999995000 0.000005000
K:/r: 0.578176344 0.421816990 0.000006667
KJ:/cc/c: 0.104403286 0.895596714 0.000000000
KJ:/cc/crr: 0.000000000 0.500000000 0.500000000
KJ:/cc/r: 0.069602191 0.069602191 0.860795619
KJ:/crc/c: 0.147307802 0.852692198 0.000000000
KJ:/crc/crr: 0.000000000 0.999983028 0.000016972
KJ:/crc/r: 0.000035195 0.744805792 0.255159013
KJ:/crrc/c: 0.439416882 0.560583118 0.000000000
KJ:/crrc/crr: 0.000000000 0.999997155 0.000002845
KJ:/crrc/r: 0.024410166 0.825042246 0.150547588
KJ:/rc/c: 0.420121095 0.579878905 0.000000000
KJ:/rc/crr: 0.000000000 0.992059226 0.007940774
KJ:/rc/r: 0.017283065 0.778612917 0.204104017
KJ:/rrc/c: 0.400771718 0.599228282 0.000000000
KJ:/rrc/crr: 0.000000000 0.999992807 0.000007193
KJ:/rrc/r: 0.044630465 0.881118893 0.074250642
KK:/cc/c: 0.895596714 0.104403286 0.000000000
KK:/cc/crr: 0.000000000 0.941713003 0.058286997
KK:/cc/r: 0.860795619 0.069602191 0.069602191
KK:/crc/c: 0.999995000 0.000005000 0.000000000
KK:/crc/crr: 0.000000000 0.999997500 0.000002500
KK:/crc/r: 0.996949511 0.003047155 0.000003333
KK:/crrc/c: 0.999997500 0.000002500 0.000000000
KK:/crrc/crr: 0.000000000 0.999998750 0.000001250
KK:/crrc/r: 0.999952158 0.000046175 0.000001667
KK:/rc/c: 0.999992098 0.000007902 0.000000000
KK:/rc/crr: 0.000000000 0.999996049 0.000003951
KK:/rc/r: 0.999980960 0.000013771 0.000005268
KK:/rrc/c: 0.999994235 0.000005765 0.000000000
KK:/rrc/crr: 0.000000000 0.999997117 0.000002883
KK:/rrc/r: 0.999873052 0.000123104 0.000003844
KQ:/cc/c: 0.104403286 0.895596714 0.000000000
KQ:/cc/crr: 0.000000000 0.500000000 0.500000000
KQ:/cc/r: 0.069602191 0.860795619 0.069602191
KQ:/crc/c: 0.099597316 0.900402684 0.000000000
KQ:/crc/crr: 0.000000000 0.001244716 0.998755284
KQ:/crc/r: 0.000019313 0.428548937 0.571431750
KQ:/crrc/c: 0.627663553 0.372336447 0.000000000
KQ:/crrc/crr: 0.000000000 0.408135693 0.591864307
KQ:/crrc/r: 0.000751920 0.722146824 0.277101256
KQ:/rc/c: 0.000007902 0.999992098 0.000000000
KQ:/rc/crr: 0.000000000 0.500000000 0.500000000
KQ:/rc/r: 0.000014074 0.302644043 0.697341882
KQ:/rrc/c: 0.501827314 0.498172686 0.000000000
KQ:/rrc/crr: 0.000000000 0.524017436 0.475982564
KQ:/rrc/r: 0.065947058 0.557749625 0.376303317
Q:/c: 0.851597513 0.148402487 0.000000000
Q:/crr: 0.000000000 0.999994129 0.000005871
Q:/r: 0.368968071 0.630992375 0.000039554
QJ:/cc/c: 0.000557046 0.999442954 0.000000000
QJ:/cc/crr: 0.000000000 0.030241823 0.969758177
QJ:/cc/r: 0.000022461 0.000022461 0.999955077
QJ:/crc/c: 0.428737578 0.571262422 0.000000000
QJ:/crc/crr: 0.000000000 0.000087170 0.999912830
QJ:/crc/r: 0.000003914 0.000003914 0.999992172
QJ:/crrc/c: 0.000002936 0.999997064 0.000000000
QJ:/crrc/crr: 0.000000000 0.500000000 0.500000000
QJ:/crrc/r: 0.055568928 0.000001957 0.944429115
QJ:/rc/c: 0.000066613 0.999933387 0.000000000
QJ:/rc/crr: 0.000000000 0.039651768 0.960348232
QJ:/rc/r: 0.020288314 0.000003522 0.979708164
QJ:/rrc/c: 0.000009034 0.999990966 0.000000000
QJ:/rrc/crr: 0.000000000 0.500000000 0.500000000
QJ:/rrc/r: 0.000075271 0.000006023 0.999918707
QK:/cc/c: 0.013107206 0.986892794 0.000000000
QK:/cc/crr: 0.000000000 0.998714747 0.001285253
QK:/cc/r: 0.000063589 0.769440413 0.230495998
QK:/crc/c: 0.319759977 0.680240023 0.000000000
QK:/crc/crr: 0.000000000 0.004159909 0.995840091
QK:/crc/r: 0.000042263 0.506195261 0.493762476
QK:/crrc/c: 0.035703455 0.964296545 0.000000000
QK:/crrc/crr: 0.000000000 0.003042640 0.996957360
QK:/crrc/r: 0.000030383 0.287676601 0.712293016
QK:/rc/c: 0.367450982 0.632549018 0.000000000
QK:/rc/crr: 0.000000000 0.000047115 0.999952885
QK:/rc/r: 0.000010096 0.305212354 0.694777550
QK:/rrc/c: 0.430191948 0.569808052 0.000000000
QK:/rrc/crr: 0.000000000 0.072670810 0.927329190
QK:/rrc/r: 0.000065259 0.513775273 0.486159468
QQ:/cc/c: 0.999966308 0.000033692 0.000000000
QQ:/cc/crr: 0.000000000 0.999983153 0.000016847
QQ:/cc/r: 0.999890087 0.000087452 0.000022461
QQ:/crc/c: 0.999994129 0.000005871 0.000000000
QQ:/crc/crr: 0.000000000 0.999997064 0.000002936
QQ:/crc/r: 0.999950749 0.000045336 0.000003914
QQ:/crrc/c: 0.999997064 0.000002936 0.000000000
QQ:/crrc/crr: 0.000000000 0.999998532 0.000001468
QQ:/crrc/r: 0.999619845 0.000378197 0.000001957
QQ:/rc/c: 0.999994717 0.000005283 0.000000000
QQ:/rc/crr: 0.000000000 0.999997359 0.000002641
QQ:/rc/r: 0.999991693 0.000004785 0.000003522
QQ:/rrc/c: 0.999990966 0.000009034 0.000000000
QQ:/rrc/crr: 0.000000000 0.999995483 0.000004517
QQ:/rrc/r: 0.999954712 0.000039265 0.000006023
