J:/c: 0.304073025 0.695926975 0.000000000
J:/crr: 0.000000000 0.999983557 0.000016443
J:/r: 0.055280887 0.129536776 0.815182337
JJ:/cc/c: 0.999992815 0.000007185 0.000000000
JJ:/cc/crr: 0.000000000 0.999996408 0.000003592
JJ:/cc/r: 0.999990420 0.000004790 0.000004790
JJ:/crc/c: 0.999983557 0.000016443 0.000000000
JJ:/crc/crr: 0.000000000 0.999991778 0.000008222
JJ:/crc/r: 0.999933770 0.000055267 0.000010962
JJ:/crrc/c: 0.999991778 0.000008222 0.000000000
JJ:/crrc/crr: 0.000000000 0.999995889 0.000004111
JJ:/crrc/r: 0.999972659 0.000021860 0.000005481
JJ:/rc/c: 0.999974267 0.000025733 0.000000000
JJ:/rc/crr: 0.000000000 0.999987133 0.000012867
JJ:/rc/r: 0.999960220 0.000022625 0.000017155
JJ:/rrc/c: 0.999939702 0.000060298 0.000000000
JJ:/rrc/crr: 0.000000000 0.999969849 0.000030151
JJ:/rrc/r: 0.999887785 0.000072016 0.000040199
JK:/cc/c: 0.007074902 0.992925098 0.000000000
JK:/cc/crr: 0.000000000 0.000507757 0.999492243
JK:/cc/r: 0.000004790 0.000004790 0.999990420
JK:/crc/c: 0.547155627 0.452844373 0.000000000
JK:/crc/crr: 0.000000000 0.000015026 0.999984974
JK:/crc/r: 0.000047394 0.000010962 0.999941643
JK:/crrc/c: 0.479344418 0.520655582 0.000000000
JK:/crrc/crr: 0.000000000 0.000008576 0.999991424
JK:/crrc/r: 0.204909482 0.000005481 0.795085037
JK:/rc/c: 0.367117634 0.632882366 0.000000000
JK:/rc/crr: 0.000000000 0.000035047 0.999964953
JK:/rc/r: 0.360426689 0.000017155 0.639556156
JK:/rrc/c: 0.999939702 0.000060298 0.000000000
JK:/rrc/crr: 0.000000000 0.000030151 0.999969849
JK:/rrc/r: 0.323039010 0.000040199 0.676920791
JQ:/cc/c: 0.066124832 0.933875168 0.000000000
JQ:/cc/crr: 0.000000000 0.000054327 0.999945673
JQ:/cc/r: 0.035396823 0.000004790 0.964598387
JQ:/crc/c: 0.590639256 0.409360744 0.000000000
JQ:/crc/crr: 0.000000000 0.000013920 0.999986080
JQ:/crc/r: 0.022154904 0.000010962 0.977834134
JQ:/crrc/c: 0.036202560 0.963797440 0.000000000
JQ:/crrc/crr: 0.000000000 0.000113553 0.999886447
JQ:/crrc/r: 0.208981959 0.000005481 0.791012559
JQ:/rc/c: 0.998374121 0.001625879 0.000000000
JQ:/rc/crr: 0.000000000 0.000012887 0.999987113
JQ:/rc/r: 0.000529711 0.000017155 0.999453134
JQ:/rrc/c: 0.002506554 0.997493446 0.000000000
JQ:/rrc/crr: 0.000000000 0.012028091 0.987971909
JQ:/rrc/r: 0.447114774 0.000040199 0.552845027
K:/c: 0.999990000 0.000010000 0.000000000
K:/crr: 0.000000000 0.999995000 0.000005000
K:/r: 0.577363857 0.422629477 0.000006667
KJ:/cc/c: 0.500000000 0.500000000 0.000000000
KJ:/cc/crr: 0.000000000 0.500000000 0.500000000
KJ:/cc/r: 0.333333333 0.333333333 0.333333333
KJ:/crc/c: 0.171230059 0.828769941 0.000000000
KJ:/crc/crr: 0.000000000 0.999985400 0.000014600
KJ:/crc/r: 0.000032714 0.734173040 0.265794246
KJ:/crrc/c: 0.303019223 0.696980777 0.000000000
KJ:/crrc/crr: 0.000000000 0.999995875 0.000004125
KJ:/crrc/r: 0.004620133 0.910209626 0.085170241
KJ:/rc/c: 0.438643609 0.561356391 0.000000000
KJ:/rc/crr: 0.000000000 0.741275011 0.258724989
KJ:/rc/r: 0.004192486 0.820674229 0.175133286
KJ:/rrc/c: 0.190617034 0.809382966 0.000000000
KJ:/rrc/crr: 0.000000000 0.999984856 0.000015144
KJ:/rrc/r: 0.037900007 0.893273360 0.068826634
KK:/cc/c: 0.500000000 0.500000000 0.000000000
KK:/cc/crr: 0.000000000 0.500000000 0.500000000
KK:/cc/r: 0.333333333 0.333333333 0.333333333
KK:/crc/c: 0.999995000 0.000005000 0.000000000
KK:/crc/crr: 0.000000000 0.999997500 0.000002500
KK:/crc/r: 0.999987045 0.000009621 0.000003333
KK:/crrc/c: 0.999997500 0.000002500 0.000000000
KK:/crrc/crr: 0.000000000 0.999998750 0.000001250
KK:/crrc/r: 0.999957989 0.000040344 0.000001667
KK:/rc/c: 0.999992113 0.000007887 0.000000000
KK:/rc/crr: 0.000000000 0.999996056 0.000003944
KK:/rc/r: 0.999981706 0.000013036 0.000005258
KK:/rrc/c: 0.999994227 0.000005773 0.000000000
KK:/rrc/crr: 0.000000000 0.999997113 0.000002887
KK:/rrc/r: 0.999887442 0.000108709 0.000003849
KQ:/cc/c: 0.500000000 0.500000000 0.000000000
KQ:/cc/crr: 0.000000000 0.500000000 0.500000000
KQ:/cc/r: 0.333333333 0.333333333 0.333333333
KQ:/crc/c: 0.001845647 0.998154353 0.000000000
KQ:/crc/crr: 0.000000000 0.073139124 0.926860876
KQ:/crc/r: 0.000019285 0.442347010 0.557633705
KQ:/crrc/c: 0.618674984 0.381325016 0.000000000
KQ:/crrc/crr: 0.000000000 0.398531259 0.601468741
KQ:/crrc/r: 0.000284454 0.702959047 0.296756499
KQ:/rc/c: 0.000020318 0.999979682 0.000000000
KQ:/rc/crr: 0.000000000 0.805909774 0.194090226
KQ:/rc/r: 0.000017980 0.300739703 0.699242318
KQ:/rrc/c: 0.487067990 0.512932010 0.000000000
KQ:/rrc/crr: 0.000000000 0.500222633 0.499777367
KQ:/rrc/r: 0.061311079 0.580853036 0.357835885
Q:/c: 0.850981388 0.149018612 0.000000000
Q:/crr: 0.000000000 0.999994124 0.000005876
Q:/r: 0.353322494 0.646654264 0.000023242
QJ:/cc/c: 0.000374135 0.999625865 0.000000000
QJ:/cc/crr: 0.000000000 0.044840578 0.955159422
QJ:/cc/r: 0.000022369 0.000022369 0.999955263
QJ:/crc/c: 0.439967329 0.560032671 0.000000000
QJ:/crc/crr: 0.000000000 0.000055758 0.999944242
QJ:/crc/r: 0.000116702 0.000003917 0.999879381
QJ:/crrc/c: 0.000002938 0.999997062 0.000000000
QJ:/crrc/crr: 0.000000000 0.500000000 0.500000000
QJ:/crrc/r: 0.000047479 0.000001959 0.999950562
QJ:/rc/c: 0.000005155 0.999994845 0.000000000
QJ:/rc/crr: 0.000000000 0.500000000 0.500000000
QJ:/rc/r: 0.011204938 0.000003436 0.988791625
QJ:/rrc/c: 0.000009434 0.999990566 0.000000000
QJ:/rrc/crr: 0.000000000 0.500000000 0.500000000
QJ:/rrc/r: 0.000109293 0.000006290 0.999884418
QK:/cc/c: 0.186765161 0.813234839 0.000000000
QK:/cc/crr: 0.000000000 0.999910174 0.000089826
QK:/cc/r: 0.000064125 0.747892408 0.252043467
QK:/crc/c: 0.260274304 0.739725696 0.000000000
QK:/crc/crr: 0.000000000 0.000636568 0.999363432
QK:/crc/r: 0.000082061 0.460439730 0.539478209
QK:/crrc/c: 0.000126470 0.999873530 0.000000000
QK:/crrc/crr: 0.000000000 0.910618805 0.089381195
QK:/crrc/r: 0.000007504 0.284471684 0.715520812
QK:/rc/c: 0.376628958 0.623371042 0.000000000
QK:/rc/crr: 0.000000000 0.017033544 0.982966456
QK:/rc/r: 0.000007879 0.323622584 0.676369538
QK:/rrc/c: 0.430608664 0.569391336 0.000000000
QK:/rrc/crr: 0.000000000 0.041269709 0.958730291
QK:/rrc/r: 0.000092130 0.497621844 0.502286026
QQ:/cc/c: 0.999966447 0.000033553 0.000000000
QQ:/cc/crr: 0.000000000 0.999983223 0.000016777
QQ:/cc/r: 0.998173947 0.001803685 0.000022369
QQ:/crc/c: 0.999994124 0.000005876 0.000000000
QQ:/crc/crr: 0.000000000 0.999997062 0.000002938
QQ:/crc/r: 0.999945292 0.000050791 0.000003917
QQ:/crrc/c: 0.999997062 0.000002938 0.000000000
QQ:/crrc/crr: 0.000000000 0.999998531 0.000001469
QQ:/crrc/r: 0.999962362 0.000035679 0.000001959
QQ:/rc/c: 0.999994845 0.000005155 0.000000000
QQ:/rc/crr: 0.000000000 0.999997423 0.000002577
QQ:/rc/r: 0.989742985 0.010253578 0.000003436
QQ:/rrc/c: 0.999990566 0.000009434 0.000000000
QQ:/rrc/crr: 0.000000000 0.999995283 0.000004717
QQ:/rrc/r: 0.999944730 0.000048980 0.000006290
