J:/c: 0.292419922 0.707580078 0.000000000
J:/crr: 0.000000000 0.999982901 0.000017099
J:/r: 0.054662806 0.126631343 0.818705852
JJ:/cc/c: 0.999992934 0.000007066 0.000000000
JJ:/cc/crr: 0.000000000 0.999996467 0.000003533
JJ:/cc/r: 0.999990578 0.000004711 0.000004711
JJ:/crc/c: 0.999982901 0.000017099 0.000000000
JJ:/crc/crr: 0.000000000 0.999991451 0.000008549
JJ:/crc/r: 0.999955429 0.000033172 0.000011399
JJ:/crrc/c: 0.999991451 0.000008549 0.000000000
JJ:/crrc/crr: 0.000000000 0.999995725 0.000004275
JJ:/crrc/r: 0.999974832 0.000019468 0.000005700
JJ:/rc/c: 0.999973677 0.000026323 0.000000000
JJ:/rc/crr: 0.000000000 0.999986838 0.000013162
JJ:/rc/r: 0.999956078 0.000026373 0.000017549
JJ:/rrc/c: 0.999939020 0.000060980 0.000000000
JJ:/rrc/crr: 0.000000000 0.999969508 0.000030492
JJ:/rrc/r: 0.999765148 0.000194198 0.000040653
JK:/cc/c: 0.003991557 0.996008443 0.000000000
JK:/cc/crr: 0.000000000 0.000885161 0.999114839
JK:/cc/r: 0.000004711 0.000004711 0.999990578
JK:/crc/c: 0.538964006 0.461035994 0.000000000
JK:/crc/crr: 0.000000000 0.000015863 0.999984137
JK:/crc/r: 0.027138982 0.000011399 0.972849619
JK:/crrc/c: 0.640022982 0.359977018 0.000000000
JK:/crrc/crr: 0.000000000 0.000006679 0.999993321
JK:/crrc/r: 0.191982011 0.000005700 0.808012290
JK:/rc/c: 0.390296652 0.609703348 0.000000000
JK:/rc/crr: 0.000000000 0.000033722 0.999966278
JK:/rc/r: 0.361724187 0.000017549 0.638258264
JK:/rrc/c: 0.999809656 0.000190344 0.000000000
JK:/rrc/crr: 0.000000000 0.000030496 0.999969504
JK:/rrc/r: 0.296377115 0.000040653 0.703582231
JQ:/cc/c: 0.073824174 0.926175826 0.000000000
JQ:/cc/crr: 0.000000000 0.000047859 0.999952141
JQ:/cc/r: 0.037884539 0.000004711 0.962110751
JQ:/crc/c: 0.574872222 0.425127778 0.000000000
JQ:/crc/crr: 0.000000000 0.000014872 0.999985128
JQ:/crc/r: 0.040899717 0.000011399 0.959088884
JQ:/crrc/c: 0.072964203 0.927035797 0.000000000
JQ:/crrc/crr: 0.000000000 0.000058587 0.999941413
JQ:/crrc/r: 0.219452273 0.000005700 0.780542027
JQ:/rc/c: 0.993391247 0.006608753 0.000000000
JQ:/rc/crr: 0.000000000 0.000013249 0.999986751
JQ:/rc/r: 0.000017549 0.000017549 0.999964902
JQ:/rrc/c: 0.009598077 0.990401923 0.000000000
JQ:/rrc/crr: 0.000000000 0.003176674 0.996823326
JQ:/rrc/r: 0.459186473 0.000040653 0.540772873
K:/c: 0.999969419 0.000030581 0.000000000
K:/crr: 0.000000000 0.999995000 0.000005000
K:/r: 0.585735528 0.414257805 0.000006667
KJ:/cc/c: 0.396870178 0.603129822 0.000000000
KJ:/cc/crr: 0.000000000 0.794012996 0.205987004
KJ:/cc/r: 0.532894316 0.226631556 0.240474128
KJ:/crc/c: 0.119958332 0.880041668 0.000000000
KJ:/crc/crr: 0.000000000 0.999979159 0.000020841
KJ:/crc/r: 0.000103086 0.724135831 0.275761083
KJ:/crrc/c: 0.359952506 0.640047494 0.000000000
KJ:/crrc/crr: 0.000000000 0.870741293 0.129258707
KJ:/crrc/r: 0.059324988 0.801242425 0.139432586
KJ:/rc/c: 0.433386827 0.566613173 0.000000000
KJ:/rc/crr: 0.000000000 0.694365750 0.305634250
KJ:/rc/r: 0.041501388 0.750551443 0.207947169
KJ:/rrc/c: 0.348208349 0.651791651 0.000000000
KJ:/rrc/crr: 0.000000000 0.999991828 0.000008172
KJ:/rrc/r: 0.041300730 0.888066153 0.070633116
KK:/cc/c: 0.836499803 0.163500197 0.000000000
KK:/cc/crr: 0.000000000 0.902271228 0.097728772
KK:/cc/r: 0.603559731 0.287440138 0.109000132
KK:/crc/c: 0.999995000 0.000005000 0.000000000
KK:/crc/crr: 0.000000000 0.999997500 0.000002500
KK:/crc/r: 0.999988779 0.000007888 0.000003333
KK:/crrc/c: 0.999997500 0.000002500 0.000000000
KK:/crrc/crr: 0.000000000 0.999998750 0.000001250
KK:/crrc/r: 0.999996667 0.000001667 0.000001667
KK:/rc/c: 0.999991953 0.000008047 0.000000000
KK:/rc/crr: 0.000000000 0.999995977 0.000004023
KK:/rc/r: 0.999978909 0.000015726 0.000005364
KK:/rrc/c: 0.999994309 0.000005691 0.000000000
KK:/rrc/crr: 0.000000000 0.999997155 0.000002845
KK:/rrc/r: 0.999800482 0.000195724 0.000003794
KQ:/cc/c: 0.827418860 0.172581140 0.000000000
KQ:/cc/crr: 0.000000000 0.901198652 0.098801348
KQ:/cc/r: 0.522840455 0.343592045 0.133567500
KQ:/crc/c: 0.038322841 0.961677159 0.000000000
KQ:/crc/crr: 0.000000000 0.031506092 0.968493908
KQ:/crc/r: 0.000023347 0.436842917 0.563133735
KQ:/crrc/c: 0.559632742 0.440367258 0.000000000
KQ:/crrc/crr: 0.000000000 0.438055998 0.561944002
KQ:/crrc/r: 0.002801626 0.698354897 0.298843476
KQ:/rc/c: 0.000446420 0.999553580 0.000000000
KQ:/rc/crr: 0.000000000 0.169312871 0.830687129
KQ:/rc/r: 0.000023657 0.304273014 0.695703328
KQ:/rrc/c: 0.501929444 0.498070556 0.000000000
KQ:/rrc/crr: 0.000000000 0.499677288 0.500322712
KQ:/rrc/r: 0.075967650 0.549322156 0.374710194
Q:/c: 0.845870240 0.154129760 0.000000000
Q:/crr: 0.000000000 0.999994089 0.000005911
Q:/r: 0.371102320 0.628790449 0.000107231
QJ:/cc/c: 0.000371298 0.999628702 0.000000000
QJ:/cc/crr: 0.000000000 0.043684845 0.956315155
QJ:/cc/r: 0.000026239 0.000021627 0.999952135
QJ:/crc/c: 0.436313632 0.563686368 0.000000000
QJ:/crc/crr: 0.000000000 0.002733533 0.997266467
QJ:/crc/r: 0.000359269 0.000003941 0.999636790
QJ:/crrc/c: 0.000066563 0.999933437 0.000000000
QJ:/crrc/crr: 0.000000000 0.022201318 0.977798682
QJ:/crrc/r: 0.013855441 0.000001970 0.986142588
QJ:/rc/c: 0.000044807 0.999955193 0.000000000
QJ:/rc/crr: 0.000000000 0.059156038 0.940843962
QJ:/rc/r: 0.013413568 0.000003534 0.986582898
QJ:/rrc/c: 0.000228293 0.999771707 0.000000000
QJ:/rrc/crr: 0.000000000 0.044552236 0.955447764
QJ:/rrc/r: 0.000083374 0.000005988 0.999910637
QK:/cc/c: 0.027264113 0.972735887 0.000000000
QK:/cc/crr: 0.000000000 0.999405075 0.000594925
QK:/cc/r: 0.000099202 0.756648675 0.243252124
QK:/crc/c: 0.316963181 0.683036819 0.000000000
QK:/crc/crr: 0.000000000 0.004398332 0.995601668
QK:/crc/r: 0.000282718 0.483895596 0.515821686
QK:/crrc/c: 0.095266379 0.904733621 0.000000000
QK:/crrc/crr: 0.000000000 0.004330026 0.995669974
QK:/crrc/r: 0.000084886 0.280309774 0.719605340
QK:/rc/c: 0.357368574 0.642631426 0.000000000
QK:/rc/crr: 0.000000000 0.003440277 0.996559723
QK:/rc/r: 0.000012269 0.303812146 0.696175585
QK:/rrc/c: 0.427022920 0.572977080 0.000000000
QK:/rrc/crr: 0.000000000 0.055328850 0.944671150
QK:/rrc/r: 0.000075667 0.508437818 0.491486515
QQ:/cc/c: 0.999967560 0.000032440 0.000000000
QQ:/cc/crr: 0.000000000 0.999983779 0.000016221
QQ:/cc/r: 0.999429493 0.000548881 0.000021627
QQ:/crc/c: 0.999994089 0.000005911 0.000000000
QQ:/crc/crr: 0.000000000 0.999997044 0.000002956
QQ:/crc/r: 0.999847020 0.000149039 0.000003941
QQ:/crrc/c: 0.999997044 0.000002956 0.000000000
QQ:/crrc/crr: 0.000000000 0.999998522 0.000001478
QQ:/crrc/r: 0.999996059 0.000001970 0.000001970
QQ:/rc/c: 0.999994699 0.000005301 0.000000000
QQ:/rc/crr: 0.000000000 0.999997349 0.000002651
QQ:/rc/r: 0.999992248 0.000004218 0.000003534
QQ:/rrc/c: 0.999991018 0.000008982 0.000000000
QQ:/rrc/crr: 0.000000000 0.999995509 0.000004491
QQ:/rrc/r: 0.999960750 0.000033262 0.000005988
