J:/c: 0.296037322 0.703962678 0.000000000
J:/crr: 0.000000000 0.999983110 0.000016890
J:/r: 0.053865144 0.125156504 0.820978352
JJ:/cc/c: 0.999992897 0.000007103 0.000000000
JJ:/cc/crr: 0.000000000 0.999996449 0.000003551
JJ:/cc/r: 0.999990530 0.000004735 0.000004735
JJ:/crc/c: 0.999983110 0.000016890 0.000000000
JJ:/crc/crr: 0.000000000 0.999991555 0.000008445
JJ:/crc/r: 0.999957509 0.000031231 0.000011260
JJ:/crrc/c: 0.999991555 0.000008445 0.000000000
JJ:/crrc/crr: 0.000000000 0.999995777 0.000004223
JJ:/crrc/r: 0.999974983 0.000019387 0.000005630
JJ:/rc/c: 0.999973367 0.000026633 0.000000000
JJ:/rc/crr: 0.000000000 0.999986683 0.000013317
JJ:/rc/r: 0.999964489 0.000017756 0.000017756
JJ:/rrc/c: 0.999938117 0.000061883 0.000000000
JJ:/rrc/crr: 0.000000000 0.999969057 0.000030943
JJ:/rrc/r: 0.999750521 0.000208223 0.000041255
JK:/cc/c: 0.006733881 0.993266119 0.000000000
JK:/cc/crr: 0.000000000 0.000527382 0.999472618
JK:/cc/r: 0.000004735 0.000004735 0.999990530
JK:/crc/c: 0.538148575 0.461851425 0.000000000
JK:/crc/crr: 0.000000000 0.000092080 0.999907920
JK:/crc/r: 0.068310567 0.000011260 0.931678173
JK:/crrc/c: 0.488854415 0.511145585 0.000000000
JK:/crrc/crr: 0.000000000 0.000008638 0.999991362
JK:/crrc/r: 0.186623160 0.000005630 0.813371210
JK:/rc/c: 0.393868271 0.606131729 0.000000000
JK:/rc/crr: 0.000000000 0.000033810 0.999966190
JK:/rc/r: 0.364319854 0.000017756 0.635662391
JK:/rrc/c: 0.999671432 0.000328568 0.000000000
JK:/rrc/crr: 0.000000000 0.000030952 0.999969048
JK:/rrc/r: 0.324611705 0.000041255 0.675347040
JQ:/cc/c: 0.071300848 0.928699152 0.000000000
JQ:/cc/crr: 0.000000000 0.000049808 0.999950192
JQ:/cc/r: 0.038705714 0.000004735 0.961289551
JQ:/crc/c: 0.599630816 0.400369184 0.000000000
JQ:/crc/crr: 0.000000000 0.000014083 0.999985917
JQ:/crc/r: 0.042605837 0.000011260 0.957382903
JQ:/crrc/c: 0.044042597 0.955957403 0.000000000
JQ:/crrc/crr: 0.000000000 0.000095873 0.999904127
JQ:/crrc/r: 0.236871323 0.000005630 0.763123047
JQ:/rc/c: 0.992133830 0.007866170 0.000000000
JQ:/rc/crr: 0.000000000 0.000013422 0.999986578
JQ:/rc/r: 0.000017756 0.000017756 0.999964489
JQ:/rrc/c: 0.018514976 0.981485024 0.000000000
JQ:/rrc/crr: 0.000000000 0.001671159 0.998328841
JQ:/rrc/r: 0.468881505 0.000041255 0.531077240
K:/c: 0.999969221 0.000030779 0.000000000
K:/crr: 0.000000000 0.999995000 0.000005000
K:/r: 0.586672185 0.413321149 0.000006667
KJ:/cc/c: 0.491506101 0.508493899 0.000000000
KJ:/cc/crr: 0.000000000 0.834742951 0.165257049
KJ:/cc/r: 0.527801693 0.216092058 0.256106249
KJ:/crc/c: 0.099316015 0.900683985 0.000000000
KJ:/crc/crr: 0.000000000 0.999974827 0.000025173
KJ:/crc/r: 0.000116012 0.748942514 0.250941473
KJ:/crrc/c: 0.428714441 0.571285559 0.000000000
KJ:/crrc/crr: 0.000000000 0.833529263 0.166470737
KJ:/crrc/r: 0.031501379 0.851665055 0.116833566
KJ:/rc/c: 0.449251059 0.550748941 0.000000000
KJ:/rc/crr: 0.000000000 0.893219668 0.106780332
KJ:/rc/r: 0.007679052 0.790408192 0.201912756
KJ:/rrc/c: 0.218047388 0.781952612 0.000000000
KJ:/rrc/crr: 0.000000000 0.999986971 0.000013029
KJ:/rrc/r: 0.047262950 0.883386824 0.069350226
KK:/cc/c: 0.837550305 0.162449695 0.000000000
KK:/cc/crr: 0.000000000 0.903020932 0.096979068
KK:/cc/r: 0.610691825 0.281008378 0.108299797
KK:/crc/c: 0.999995000 0.000005000 0.000000000
KK:/crc/crr: 0.000000000 0.999997500 0.000002500
KK:/crc/r: 0.999983510 0.000013157 0.000003333
KK:/crrc/c: 0.999997500 0.000002500 0.000000000
KK:/crrc/crr: 0.000000000 0.999998750 0.000001250
KK:/crrc/r: 0.999996667 0.000001667 0.000001667
KK:/rc/c: 0.999991935 0.000008065 0.000000000
KK:/rc/crr: 0.000000000 0.999995968 0.000004032
KK:/rc/r: 0.999976684 0.000017939 0.000005377
KK:/rrc/c: 0.999994318 0.000005682 0.000000000
KK:/rrc/crr: 0.000000000 0.999997159 0.000002841
KK:/rrc/r: 0.999970366 0.000025847 0.000003788
KQ:/cc/c: 0.837550305 0.162449695 0.000000000
KQ:/cc/crr: 0.000000000 0.903020932 0.096979068
KQ:/cc/r: 0.529817097 0.293640089 0.176542814
KQ:/crc/c: 0.261766635 0.738233365 0.000000000
KQ:/crc/crr: 0.000000000 0.006351312 0.993648688
KQ:/crc/r: 0.000073109 0.437641380 0.562285512
KQ:/crrc/c: 0.610047058 0.389952942 0.000000000
KQ:/crrc/crr: 0.000000000 0.384614671 0.615385329
KQ:/crrc/r: 0.000004341 0.639005642 0.360990017
KQ:/rc/c: 0.000547579 0.999452421 0.000000000
KQ:/rc/crr: 0.000000000 0.020334038 0.979665962
KQ:/rc/r: 0.000029077 0.301453318 0.698517605
KQ:/rrc/c: 0.511042406 0.488957594 0.000000000
KQ:/rrc/crr: 0.000000000 0.490508622 0.509491378
KQ:/rrc/r: 0.072461436 0.546514858 0.381023706
Q:/c: 0.850354583 0.149645417 0.000000000
Q:/crr: 0.000000000 0.999994120 0.000005880
Q:/r: 0.377897127 0.622065586 0.000037286
QJ:/cc/c: 0.000523985 0.999476015 0.000000000
QJ:/cc/crr: 0.000000000 0.031882888 0.968117112
QJ:/cc/r: 0.000038025 0.000022275 0.999939700
QJ:/crc/c: 0.440515736 0.559484264 0.000000000
QJ:/crc/crr: 0.000000000 0.025799704 0.974200296
QJ:/crc/r: 0.000225451 0.000003920 0.999770629
QJ:/crrc/c: 0.000068949 0.999931051 0.000000000
QJ:/crrc/crr: 0.000000000 0.021319751 0.978680249
QJ:/crrc/r: 0.014920071 0.000001960 0.985077969
QJ:/rc/c: 0.000117202 0.999882798 0.000000000
QJ:/rc/crr: 0.000000000 0.022860030 0.977139970
QJ:/rc/r: 0.023353715 0.000003572 0.976642712
QJ:/rrc/c: 0.000249183 0.999750817 0.000000000
QJ:/rrc/crr: 0.000000000 0.017699340 0.982300660
QJ:/rrc/r: 0.000076411 0.000005880 0.999917708
QK:/cc/c: 0.294471315 0.705528685 0.000000000
QK:/cc/crr: 0.000000000 0.999943267 0.000056733
QK:/cc/r: 0.000111929 0.768097766 0.231790306
QK:/crc/c: 0.323936756 0.676063244 0.000000000
QK:/crc/crr: 0.000000000 0.007083083 0.992916917
QK:/crc/r: 0.000339576 0.438087062 0.561573361
QK:/crrc/c: 0.032811172 0.967188828 0.000000000
QK:/crrc/crr: 0.000000000 0.030791539 0.969208461
QK:/crrc/r: 0.000074699 0.305546833 0.694378468
QK:/rc/c: 0.364776723 0.635223277 0.000000000
QK:/rc/crr: 0.000000000 0.008467265 0.991532735
QK:/rc/r: 0.000015653 0.302926922 0.697057425
QK:/rrc/c: 0.433169381 0.566830619 0.000000000
QK:/rrc/crr: 0.000000000 0.085854104 0.914145896
QK:/rrc/r: 0.000083989 0.517253081 0.482662929
QQ:/cc/c: 0.999966588 0.000033412 0.000000000
QQ:/cc/crr: 0.000000000 0.999983293 0.000016707
QQ:/cc/r: 0.971773691 0.028204034 0.000022275
QQ:/crc/c: 0.999994120 0.000005880 0.000000000
QQ:/crc/crr: 0.000000000 0.999997060 0.000002940
QQ:/crc/r: 0.999937484 0.000058597 0.000003920
QQ:/crrc/c: 0.999997060 0.000002940 0.000000000
QQ:/crrc/crr: 0.000000000 0.999998530 0.000001470
QQ:/crrc/r: 0.999996080 0.000001960 0.000001960
QQ:/rc/c: 0.999994642 0.000005358 0.000000000
QQ:/rc/crr: 0.000000000 0.999997321 0.000002679
QQ:/rc/r: 0.999992855 0.000003572 0.000003572
QQ:/rrc/c: 0.999991179 0.000008821 0.000000000
QQ:/rrc/crr: 0.000000000 0.999995590 0.000004410
QQ:/rrc/r: 0.999959175 0.000034945 0.000005880
