J:/: 0.079425619 0.920574381 0.000000000
J:/cr: 0.017847766 0.036063473 0.946088761
J:/rr: 0.000000000 0.999937048 0.000062952
JJ:/cc/: 0.000319125 0.999680875 0.000000000
JJ:/cc/cr: 0.999996378 0.000001811 0.000001811
JJ:/cc/rr: 0.000000000 0.991490177 0.008509823
JJ:/crc/: 0.970133660 0.029866340 0.000000000
JJ:/crc/cr: 0.998879404 0.000560298 0.000560298
JJ:/crc/rr: 0.000000000 0.999974126 0.000025874
JJ:/crrc/: 0.967889484 0.032110516 0.000000000
JJ:/crrc/cr: 0.997893956 0.001053022 0.001053022
JJ:/crrc/rr: 0.000000000 0.999947598 0.000052402
JJ:/rc/: 0.871707207 0.128292793 0.000000000
JJ:/rc/cr: 0.999672873 0.000163563 0.000163563
JJ:/rc/rr: 0.000000000 0.999963892 0.000036108
JJ:/rrc/: 0.968155130 0.031844870 0.000000000
JJ:/rrc/cr: 0.999341014 0.000329493 0.000329493
JJ:/rrc/rr: 0.000000000 0.999983743 0.000016257
JK:/cc/: 0.083560642 0.916439358 0.000000000
JK:/cc/cr: 0.000070439 0.000001976 0.999927586
JK:/cc/rr: 0.000000000 0.000032500 0.999967500
JK:/crc/: 0.065441457 0.934558543 0.000000000
JK:/crc/cr: 0.026709587 0.000017906 0.973272507
JK:/crc/rr: 0.000000000 0.000383565 0.999616435
JK:/crrc/: 0.999815694 0.000184306 0.000000000
JK:/crrc/cr: 0.183462132 0.183462132 0.633075736
JK:/crrc/rr: 0.000000000 0.000050729 0.999949271
JK:/rc/: 0.989857149 0.010142851 0.000000000
JK:/rc/cr: 0.855982182 0.002068846 0.141948972
JK:/rc/rr: 0.000000000 0.000031799 0.999968201
JK:/rrc/: 0.494139220 0.505860780 0.000000000
JK:/rrc/cr: 0.720782934 0.000020742 0.279196324
JK:/rrc/rr: 0.000000000 0.000031851 0.999968149
JQ:/cc/: 0.176531197 0.823468803 0.000000000
JQ:/cc/cr: 0.000008161 0.000002199 0.999989640
JQ:/cc/rr: 0.000000000 0.000015384 0.999984616
JQ:/crc/: 0.985634015 0.014365985 0.000000000
JQ:/crc/cr: 0.321339367 0.001164838 0.677495794
JQ:/crc/rr: 0.000000000 0.000025467 0.999974533
JQ:/crrc/: 0.013211553 0.986788447 0.000000000
JQ:/crrc/cr: 0.097887826 0.000034266 0.902077908
JQ:/crrc/rr: 0.000000000 0.003839036 0.996160964
JQ:/rc/: 0.990401698 0.009598302 0.000000000
JQ:/rc/cr: 0.002186219 0.002186219 0.995627561
JQ:/rc/rr: 0.000000000 0.000031781 0.999968219
JQ:/rrc/: 0.113459594 0.886540406 0.000000000
JQ:/rrc/cr: 0.000117741 0.000011836 0.999870424
JQ:/rrc/rr: 0.000000000 0.000138719 0.999861281
K:/: 0.756695416 0.243304584 0.000000000
K:/cr: 0.680096267 0.319890032 0.000013700
K:/rr: 0.000000000 0.999993392 0.000006608
KJ:/cc/: 0.000057625 0.999942375 0.000000000
KJ:/cc/cr: 0.000049657 0.000008779 0.999941564
KJ:/cc/rr: 0.000000000 0.821687568 0.178312432
KJ:/crc/: 0.000045777 0.999954223 0.000000000
KJ:/crc/cr: 0.000226996 0.999765865 0.000007138
KJ:/crc/rr: 0.000000000 0.766103653 0.233896347
KJ:/crrc/: 0.068606436 0.931393564 0.000000000
KJ:/crrc/cr: 0.004675378 0.989752550 0.005572072
KJ:/crrc/rr: 0.000000000 0.527805030 0.472194970
KJ:/rc/: 0.055831300 0.944168700 0.000000000
KJ:/rc/cr: 0.018561821 0.948009309 0.033428870
KJ:/rc/rr: 0.000000000 0.370790189 0.629209811
KJ:/rrc/: 0.092134541 0.907865459 0.000000000
KJ:/rrc/cr: 0.000473337 0.998200840 0.001325823
KJ:/rrc/rr: 0.000000000 0.655081847 0.344918153
KK:/cc/: 0.999294700 0.000705300 0.000000000
KK:/cc/cr: 0.980575276 0.009712362 0.009712362
KK:/cc/rr: 0.000000000 0.999989718 0.000010282
KK:/crc/: 0.156665632 0.843334368 0.000000000
KK:/crc/cr: 0.999983072 0.000008464 0.000008464
KK:/crc/rr: 0.000000000 0.999931657 0.000068343
KK:/crrc/: 0.984248590 0.015751410 0.000000000
KK:/crrc/cr: 0.999573698 0.000213151 0.000213151
KK:/crrc/rr: 0.000000000 0.999994883 0.000005117
KK:/rc/: 0.861947686 0.138052314 0.000000000
KK:/rc/cr: 0.999968091 0.000015955 0.000015955
KK:/rc/rr: 0.000000000 0.999996167 0.000003833
KK:/rrc/: 0.516055066 0.483944934 0.000000000
KK:/rrc/cr: 0.999995449 0.000002276 0.000002276
KK:/rrc/rr: 0.000000000 0.999996799 0.000003201
KQ:/cc/: 0.000060906 0.999939094 0.000000000
KQ:/cc/cr: 0.000052758 0.460641384 0.539305858
KQ:/cc/rr: 0.000000000 0.831293895 0.168706105
KQ:/crc/: 0.860978790 0.139021210 0.000000000
KQ:/crc/cr: 0.000379952 0.501491639 0.498128410
KQ:/crc/rr: 0.000000000 0.000023528 0.999976472
KQ:/crrc/: 0.027750502 0.972249498 0.000000000
KQ:/crrc/cr: 0.037496640 0.684497451 0.278005909
KQ:/crrc/rr: 0.000000000 0.330320921 0.669679079
KQ:/rc/: 0.000071791 0.999928209 0.000000000
KQ:/rc/cr: 0.000023460 0.495086066 0.504890474
KQ:/rc/rr: 0.000000000 0.953979744 0.046020256
KQ:/rrc/: 0.703408550 0.296591450 0.000000000
KQ:/rrc/cr: 0.049297511 0.746410546 0.204291944
KQ:/rrc/rr: 0.000000000 0.400441612 0.599558388
Q:/: 0.743343190 0.256656810 0.000000000
Q:/cr: 0.154212332 0.844790213 0.000997454
Q:/rr: 0.000000000 0.999993274 0.000006726
QJ:/cc/: 0.000019481 0.999980519 0.000000000
QJ:/cc/cr: 0.000021549 0.000006494 0.999971957
QJ:/cc/rr: 0.000000000 0.500000000 0.500000000
QJ:/crc/: 0.032424496 0.967575504 0.000000000
QJ:/crc/cr: 0.001948571 0.000002648 0.998048781
QJ:/crc/rr: 0.000000000 0.000118534 0.999881466
QJ:/crrc/: 0.006302329 0.993697671 0.000000000
QJ:/crrc/cr: 0.000250890 0.000014125 0.999734985
QJ:/crrc/rr: 0.000000000 0.003340764 0.996659236
QJ:/rc/: 0.009809143 0.990190857 0.000000000
QJ:/rc/cr: 0.000003372 0.000002264 0.999994364
QJ:/rc/rr: 0.000000000 0.000342862 0.999657138
QJ:/rrc/: 0.000003363 0.999996637 0.000000000
QJ:/rrc/cr: 0.000001643 0.000001121 0.999997235
QJ:/rrc/rr: 0.000000000 0.500000000 0.500000000
QK:/cc/: 0.525466819 0.474533181 0.000000000
QK:/cc/cr: 0.098027132 0.901946264 0.000026605
QK:/cc/rr: 0.000000000 0.999981463 0.000018537
QK:/crc/: 0.006795008 0.993204992 0.000000000
QK:/crc/cr: 0.000002580 0.567725137 0.432272283
QK:/crc/rr: 0.000000000 0.000565623 0.999434377
QK:/crrc/: 0.942795178 0.057204822 0.000000000
QK:/crrc/cr: 0.000382388 0.543974941 0.455642671
QK:/crrc/rr: 0.000000000 0.000592098 0.999407902
QK:/rc/: 0.461622537 0.538377463 0.000000000
QK:/rc/cr: 0.043138031 0.505329584 0.451532384
QK:/rc/rr: 0.000000000 0.195725429 0.804274571
QK:/rrc/: 0.123300573 0.876699427 0.000000000
QK:/rrc/cr: 0.000001279 0.302188355 0.697810366
QK:/rrc/rr: 0.000000000 0.000654752 0.999345248
QQ:/cc/: 0.586911798 0.413088202 0.000000000
QQ:/cc/cr: 0.999968560 0.000015720 0.000015720
QQ:/cc/rr: 0.000000000 0.999983404 0.000016596
QQ:/crc/: 0.981560161 0.018439839 0.000000000
QQ:/crc/cr: 0.999722094 0.000138953 0.000138953
QQ:/crc/rr: 0.000000000 0.999996084 0.000003916
QQ:/crrc/: 0.217905669 0.782094331 0.000000000
QQ:/crrc/cr: 0.999964106 0.000017947 0.000017947
QQ:/crrc/rr: 0.000000000 0.999903377 0.000096623
QQ:/rc/: 0.530120141 0.469879859 0.000000000
QQ:/rc/cr: 0.999989531 0.000005698 0.000004772
QQ:/rc/rr: 0.000000000 0.999993656 0.000006344
QQ:/rrc/: 0.965900196 0.034099804 0.000000000
QQ:/rrc/cr: 0.999934248 0.000032876 0.000032876
QQ:/rrc/rr: 0.000000000 0.999998259 0.000001741
