J:/c: 0.297279639 0.702720361 0.000000000
J:/crr: 0.000000000 0.999983181 0.000016819
J:/r: 0.054924247 0.129618161 0.815457592
JJ:/cc/c: 0.999992885 0.000007115 0.000000000
JJ:/cc/crr: 0.000000000 0.999996442 0.000003558
JJ:/cc/r: 0.999990513 0.000004743 0.000004743
JJ:/crc/c: 0.999983181 0.000016819 0.000000000
JJ:/crc/crr: 0.000000000 0.999991590 0.000008410
JJ:/crc/r: 0.999956268 0.000032519 0.000011213
JJ:/crrc/c: 0.999991590 0.000008410 0.000000000
JJ:/crrc/crr: 0.000000000 0.999995795 0.000004205
JJ:/crrc/r: 0.999974906 0.000019488 0.000005606
JJ:/rc/c: 0.999974283 0.000025717 0.000000000
JJ:/rc/crr: 0.000000000 0.999987141 0.000012859
JJ:/rc/r: 0.999954341 0.000028515 0.000017144
JJ:/rrc/c: 0.999939310 0.000060690 0.000000000
JJ:/rrc/crr: 0.000000000 0.999969653 0.000030347
JJ:/rrc/r: 0.999763611 0.000195930 0.000040460
JK:/cc/c: 0.007020906 0.992979094 0.000000000
JK:/cc/crr: 0.000000000 0.000506716 0.999493284
JK:/cc/r: 0.000004743 0.000004743 0.999990513
JK:/crc/c: 0.517466957 0.482533043 0.000000000
JK:/crc/crr: 0.000000000 0.000016251 0.999983749
JK:/crc/r: 0.037529229 0.000011213 0.962459558
JK:/crrc/c: 0.447455882 0.552544118 0.000000000
JK:/crrc/crr: 0.000000000 0.000009397 0.999990603
JK:/crrc/r: 0.223120894 0.000005606 0.776873500
JK:/rc/c: 0.376834063 0.623165937 0.000000000
JK:/rc/crr: 0.000000000 0.000034122 0.999965878
JK:/rc/r: 0.366659824 0.000017144 0.633323032
JK:/rrc/c: 0.999770265 0.000229735 0.000000000
JK:/rrc/crr: 0.000000000 0.000030352 0.999969648
JK:/rrc/r: 0.281074900 0.000040460 0.718884640
JQ:/cc/c: 0.074589010 0.925410990 0.000000000
JQ:/cc/crr: 0.000000000 0.000047696 0.999952304
JQ:/cc/r: 0.038371693 0.000004743 0.961623564
JQ:/crc/c: 0.487230833 0.512769167 0.000000000
JQ:/crc/crr: 0.000000000 0.000017260 0.999982740
JQ:/crc/r: 0.081037004 0.000011213 0.918951784
JQ:/crrc/c: 0.028690795 0.971309205 0.000000000
JQ:/crrc/crr: 0.000000000 0.000146558 0.999853442
JQ:/crrc/r: 0.303015718 0.000005606 0.696978675
JQ:/rc/c: 0.997036614 0.002963386 0.000000000
JQ:/rc/crr: 0.000000000 0.000012896 0.999987104
JQ:/rc/r: 0.000017144 0.000017144 0.999965711
JQ:/rrc/c: 0.005302168 0.994697832 0.000000000
JQ:/rrc/crr: 0.000000000 0.005723098 0.994276902
JQ:/rrc/r: 0.440533263 0.000040460 0.559426277
K:/c: 0.999969444 0.000030556 0.000000000
K:/crr: 0.000000000 0.999995000 0.000005000
K:/r: 0.573190244 0.426803090 0.000006667
KJ:/cc/c: 0.471499131 0.528500869 0.000000000
KJ:/cc/crr: 0.000000000 0.826476974 0.173523026
KJ:/cc/r: 0.504783586 0.211342053 0.283874360
KJ:/crc/c: 0.139596863 0.860403137 0.000000000
KJ:/crc/crr: 0.000000000 0.999982091 0.000017909
KJ:/crc/r: 0.000091856 0.736389975 0.263518168
KJ:/crrc/c: 0.468579656 0.531420344 0.000000000
KJ:/crrc/crr: 0.000000000 0.999997332 0.000002668
KJ:/crrc/r: 0.032201190 0.804739634 0.163059176
KJ:/rc/c: 0.443948695 0.556051305 0.000000000
KJ:/rc/crr: 0.000000000 0.960458051 0.039541949
KJ:/rc/r: 0.043598529 0.768555851 0.187845620
KJ:/rrc/c: 0.464411191 0.535588809 0.000000000
KJ:/rrc/crr: 0.000000000 0.999993739 0.000006261
KJ:/rrc/r: 0.023990384 0.927154524 0.048855092
KK:/cc/c: 0.836368088 0.163631912 0.000000000
KK:/cc/crr: 0.000000000 0.902177095 0.097822905
KK:/cc/r: 0.610762035 0.280150024 0.109087941
KK:/crc/c: 0.999995000 0.000005000 0.000000000
KK:/crc/crr: 0.000000000 0.999997500 0.000002500
KK:/crc/r: 0.999988630 0.000008037 0.000003333
KK:/crrc/c: 0.999997500 0.000002500 0.000000000
KK:/crrc/crr: 0.000000000 0.999998750 0.000001250
KK:/crrc/r: 0.999996667 0.000001667 0.000001667
KK:/rc/c: 0.999992190 0.000007810 0.000000000
KK:/rc/crr: 0.000000000 0.999996095 0.000003905
KK:/rc/r: 0.999979291 0.000015502 0.000005207
KK:/rrc/c: 0.999994185 0.000005815 0.000000000
KK:/rrc/crr: 0.000000000 0.999997092 0.000002908
KK:/rrc/r: 0.999644474 0.000351649 0.000003877
KQ:/cc/c: 0.828620128 0.171379872 0.000000000
KQ:/cc/crr: 0.000000000 0.901262408 0.098737592
KQ:/cc/r: 0.528272544 0.355269189 0.116458268
KQ:/crc/c: 0.153740216 0.846259784 0.000000000
KQ:/crc/crr: 0.000000000 0.007324801 0.992675199
KQ:/crc/r: 0.000031624 0.432191718 0.567776658
KQ:/crrc/c: 0.629116195 0.370883805 0.000000000
KQ:/crrc/crr: 0.000000000 0.438270329 0.561729671
KQ:/crrc/r: 0.000999156 0.728001630 0.270999215
KQ:/rc/c: 0.004631443 0.995368557 0.000000000
KQ:/rc/crr: 0.000000000 0.002436742 0.997563258
KQ:/rc/r: 0.000023263 0.305892090 0.694084647
KQ:/rrc/c: 0.513074002 0.486925998 0.000000000
KQ:/rrc/crr: 0.000000000 0.473439704 0.526560296
KQ:/rrc/r: 0.065595024 0.575236296 0.359168681
Q:/c: 0.844541261 0.155458739 0.000000000
Q:/crr: 0.000000000 0.999994080 0.000005920
Q:/r: 0.354724978 0.645174009 0.000101013
QJ:/cc/c: 0.000400080 0.999599920 0.000000000
QJ:/cc/crr: 0.000000000 0.040195541 0.959804459
QJ:/cc/r: 0.000021442 0.000021442 0.999957116
QJ:/crc/c: 0.446506302 0.553493698 0.000000000
QJ:/crc/crr: 0.000000000 0.034857566 0.965142434
QJ:/crc/r: 0.000277761 0.000003947 0.999718292
QJ:/crrc/c: 0.000074253 0.999925747 0.000000000
QJ:/crrc/crr: 0.000000000 0.019933124 0.980066876
QJ:/crrc/r: 0.022669350 0.000001973 0.977328676
QJ:/rc/c: 0.000052849 0.999947151 0.000000000
QJ:/rc/crr: 0.000000000 0.048880594 0.951119406
QJ:/rc/r: 0.015997254 0.000003444 0.983999302
QJ:/rrc/c: 0.000222080 0.999777920 0.000000000
QJ:/rrc/crr: 0.000000000 0.044719397 0.955280603
QJ:/rrc/r: 0.000083433 0.000006265 0.999910302
QK:/cc/c: 0.020595895 0.979404105 0.000000000
QK:/cc/crr: 0.000000000 0.999219192 0.000780808
QK:/cc/r: 0.000098985 0.717021803 0.282879212
QK:/crc/c: 0.370503875 0.629496125 0.000000000
QK:/crc/crr: 0.000000000 0.003577575 0.996422425
QK:/crc/r: 0.000236170 0.490734057 0.509029773
QK:/crrc/c: 0.057685934 0.942314066 0.000000000
QK:/crrc/crr: 0.000000000 0.039339806 0.960660194
QK:/crrc/r: 0.000113344 0.277465973 0.722420684
QK:/rc/c: 0.376788709 0.623211291 0.000000000
QK:/rc/crr: 0.000000000 0.012762948 0.987237052
QK:/rc/r: 0.000008913 0.311197927 0.688793160
QK:/rrc/c: 0.421272703 0.578727297 0.000000000
QK:/rrc/crr: 0.000000000 0.069328264 0.930671736
QK:/rrc/r: 0.000077843 0.526011673 0.473910484
QQ:/cc/c: 0.999967837 0.000032163 0.000000000
QQ:/cc/crr: 0.000000000 0.999983918 0.000016082
QQ:/cc/r: 0.999937735 0.000040824 0.000021442
QQ:/crc/c: 0.999994080 0.000005920 0.000000000
QQ:/crc/crr: 0.000000000 0.999997040 0.000002960
QQ:/crc/r: 0.999956360 0.000039693 0.000003947
QQ:/crrc/c: 0.999997040 0.000002960 0.000000000
QQ:/crrc/crr: 0.000000000 0.999998520 0.000001480
QQ:/crrc/r: 0.999996053 0.000001973 0.000001973
QQ:/rc/c: 0.999994833 0.000005167 0.000000000
QQ:/rc/crr: 0.000000000 0.999997417 0.000002583
QQ:/rc/r: 0.999992314 0.000004242 0.000003444
QQ:/rrc/c: 0.999990603 0.000009397 0.000000000
QQ:/rrc/crr: 0.000000000 0.999995301 0.000004699
QQ:/rrc/r: 0.999959165 0.000034571 0.000006265
