J:/: 0.081166155 0.918833845 0.000000000
J:/cr: 0.017510961 0.033723223 0.948765816
J:/rr: 0.000000000 0.999938398 0.000061602
JJ:/cc/: 0.000340401 0.999659599 0.000000000
JJ:/cc/cr: 0.999996371 0.000001815 0.000001815
JJ:/cc/rr: 0.000000000 0.992006945 0.007993055
JJ:/crc/: 0.861311009 0.138688991 0.000000000
JJ:/crc/cr: 0.999741447 0.000129276 0.000129276
JJ:/crc/rr: 0.000000000 0.999968776 0.000031224
JJ:/crrc/: 0.964706611 0.035293389 0.000000000
JJ:/crrc/cr: 0.998043332 0.000978334 0.000978334
JJ:/crrc/rr: 0.000000000 0.999946312 0.000053688
JJ:/rc/: 0.921407257 0.078592743 0.000000000
JJ:/rc/cr: 0.999477458 0.000261271 0.000261271
JJ:/rc/rr: 0.000000000 0.999966572 0.000033428
JJ:/rrc/: 0.991323114 0.008676886 0.000000000
JJ:/rrc/cr: 0.997633336 0.001183332 0.001183332
JJ:/rrc/rr: 0.000000000 0.999984464 0.000015536
JK:/cc/: 0.075505682 0.924494318 0.000000000
JK:/cc/cr: 0.000005258 0.000001962 0.999992780
JK:/cc/rr: 0.000000000 0.000036035 0.999963965
JK:/crc/: 0.073866486 0.926133514 0.000000000
JK:/crc/cr: 0.020561211 0.000019359 0.979419430
JK:/crc/rr: 0.000000000 0.000364087 0.999635913
JK:/crrc/: 0.999845307 0.000154693 0.000000000
JK:/crrc/cr: 0.373898134 0.223207582 0.402894284
JK:/crrc/rr: 0.000000000 0.000051801 0.999948199
JK:/rc/: 0.980575313 0.019424687 0.000000000
JK:/rc/cr: 0.940710667 0.001057109 0.058232224
JK:/rc/rr: 0.000000000 0.000031411 0.999968589
JK:/rrc/: 0.492683106 0.507316894 0.000000000
JK:/rrc/cr: 0.728460982 0.000020239 0.271518778
JK:/rrc/rr: 0.000000000 0.000031260 0.999968740
JQ:/cc/: 0.191256633 0.808743367 0.000000000
JQ:/cc/cr: 0.000006076 0.000002243 0.999991681
JQ:/cc/rr: 0.000000000 0.000014226 0.999985774
JQ:/crc/: 0.989843309 0.010156691 0.000000000
JQ:/crc/cr: 0.091759705 0.001765262 0.906475033
JQ:/crc/rr: 0.000000000 0.000027170 0.999972830
JQ:/crrc/: 0.070437338 0.929562662 0.000000000
JQ:/crrc/cr: 0.195026184 0.000037145 0.804936671
JQ:/crrc/rr: 0.000000000 0.000735307 0.999264693
JQ:/rc/: 0.997092533 0.002907467 0.000000000
JQ:/rc/cr: 0.007062510 0.007062510 0.985874981
JQ:/rc/rr: 0.000000000 0.000030891 0.999969109
JQ:/rrc/: 0.185187485 0.814812515 0.000000000
JQ:/rrc/cr: 0.000479134 0.000012601 0.999508265
JQ:/rrc/rr: 0.000000000 0.000083167 0.999916833
K:/: 0.761964353 0.238035647 0.000000000
K:/cr: 0.691700031 0.308285965 0.000014004
K:/rr: 0.000000000 0.999993438 0.000006562
KJ:/cc/: 0.000056110 0.999943890 0.000000000
KJ:/cc/cr: 0.000050982 0.000009584 0.999939434
KJ:/cc/rr: 0.000000000 0.812819538 0.187180462
KJ:/crc/: 0.000052312 0.999947688 0.000000000
KJ:/crc/cr: 0.001182152 0.998810277 0.000007571
KJ:/crc/rr: 0.000000000 0.782920127 0.217079873
KJ:/crrc/: 0.074280971 0.925719029 0.000000000
KJ:/crrc/cr: 0.002379677 0.991497742 0.006122582
KJ:/crrc/rr: 0.000000000 0.456007871 0.543992129
KJ:/rc/: 0.055804187 0.944195813 0.000000000
KJ:/rc/cr: 0.005362324 0.972109600 0.022528076
KJ:/rc/rr: 0.000000000 0.318446463 0.681553537
KJ:/rrc/: 0.084313723 0.915686277 0.000000000
KJ:/rrc/cr: 0.001156042 0.997639242 0.001204717
KJ:/rrc/rr: 0.000000000 0.447463345 0.552536655
KK:/cc/: 0.999599092 0.000400908 0.000000000
KK:/cc/cr: 0.965070525 0.017464737 0.017464737
KK:/cc/rr: 0.000000000 0.999989493 0.000010507
KK:/crc/: 0.115494896 0.884505104 0.000000000
KK:/crc/cr: 0.999982882 0.000008559 0.000008559
KK:/crc/rr: 0.000000000 0.999901676 0.000098324
KK:/crrc/: 0.989427310 0.010572690 0.000000000
KK:/crrc/cr: 0.999361719 0.000319141 0.000319141
KK:/crrc/rr: 0.000000000 0.999994885 0.000005115
KK:/rc/: 0.866814450 0.133185550 0.000000000
KK:/rc/cr: 0.999967154 0.000016423 0.000016423
KK:/rc/rr: 0.000000000 0.999996215 0.000003785
KK:/rrc/: 0.511329139 0.488670861 0.000000000
KK:/rrc/cr: 0.999995524 0.000002238 0.000002238
KK:/rrc/rr: 0.000000000 0.999996792 0.000003208
KQ:/cc/: 0.000059814 0.999940186 0.000000000
KQ:/cc/cr: 0.000048371 0.450893348 0.549058280
KQ:/cc/rr: 0.000000000 0.824410813 0.175589187
KQ:/crc/: 0.913169640 0.086830360 0.000000000
KQ:/crc/cr: 0.000545635 0.538213073 0.461241293
KQ:/crc/rr: 0.000000000 0.000034515 0.999965485
KQ:/crrc/: 0.010927437 0.989072563 0.000000000
KQ:/crrc/cr: 0.018754461 0.680917050 0.300328489
KQ:/crrc/rr: 0.000000000 0.066495146 0.933504854
KQ:/rc/: 0.000121065 0.999878935 0.000000000
KQ:/rc/cr: 0.000020558 0.498829792 0.501149651
KQ:/rc/rr: 0.000000000 0.447001682 0.552998318
KQ:/rrc/: 0.653769704 0.346230296 0.000000000
KQ:/rrc/cr: 0.049123102 0.809059563 0.141817335
KQ:/rrc/rr: 0.000000000 0.381101979 0.618898021
Q:/: 0.748313081 0.251686919 0.000000000
Q:/cr: 0.179708663 0.819617729 0.000673608
Q:/rr: 0.000000000 0.999993318 0.000006682
QJ:/cc/: 0.000019866 0.999980134 0.000000000
QJ:/cc/cr: 0.000013546 0.000006622 0.999979832
QJ:/cc/rr: 0.000000000 0.500000000 0.500000000
QJ:/crc/: 0.024672471 0.975327529 0.000000000
QJ:/crc/cr: 0.004079604 0.000002761 0.995917635
QJ:/crc/rr: 0.000000000 0.000163732 0.999836268
QJ:/crrc/: 0.008836829 0.991163171 0.000000000
QJ:/crrc/cr: 0.000172947 0.000012392 0.999814661
QJ:/crrc/rr: 0.000000000 0.002084936 0.997915064
QJ:/rc/: 0.012089607 0.987910393 0.000000000
QJ:/rc/cr: 0.000003225 0.000002254 0.999994520
QJ:/rc/rr: 0.000000000 0.000276340 0.999723660
QJ:/rrc/: 0.000003341 0.999996659 0.000000000
QJ:/rrc/cr: 0.000022810 0.000001114 0.999976076
QJ:/rrc/rr: 0.000000000 0.500000000 0.500000000
QK:/cc/: 0.463703561 0.536296439 0.000000000
QK:/cc/cr: 0.182656834 0.817321537 0.000021629
QK:/cc/rr: 0.000000000 0.999978579 0.000021421
QK:/crc/: 0.000008079 0.999991921 0.000000000
QK:/crc/cr: 0.000002693 0.558066990 0.441930316
QK:/crc/rr: 0.000000000 0.500000000 0.500000000
QK:/crrc/: 0.852494376 0.147505624 0.000000000
QK:/crrc/cr: 0.000135906 0.836629053 0.163235041
QK:/crrc/rr: 0.000000000 0.000575420 0.999424580
QK:/rc/: 0.469860891 0.530139109 0.000000000
QK:/rc/cr: 0.034727449 0.513786123 0.451486428
QK:/rc/rr: 0.000000000 0.195983226 0.804016774
QK:/rrc/: 0.117227571 0.882772429 0.000000000
QK:/rrc/cr: 0.000001262 0.297351076 0.702647663
QK:/rrc/rr: 0.000000000 0.000684682 0.999315318
QQ:/cc/: 0.534184429 0.465815571 0.000000000
QQ:/cc/cr: 0.999971568 0.000014216 0.000014216
QQ:/cc/rr: 0.000000000 0.999981405 0.000018595
QQ:/crc/: 0.988867093 0.011132907 0.000000000
QQ:/crc/cr: 0.999516188 0.000241906 0.000241906
QQ:/crc/rr: 0.000000000 0.999995915 0.000004085
QQ:/crrc/: 0.208565797 0.791434203 0.000000000
QQ:/crrc/cr: 0.999968961 0.000015520 0.000015520
QQ:/crrc/rr: 0.000000000 0.999911662 0.000088338
QQ:/rc/: 0.552433452 0.447566548 0.000000000
QQ:/rc/cr: 0.999987582 0.000007442 0.000004976
QQ:/rc/rr: 0.000000000 0.999993952 0.000006048
QQ:/rrc/: 0.969327699 0.030672301 0.000000000
QQ:/rrc/cr: 0.999927386 0.000036307 0.000036307
QQ:/rrc/rr: 0.000000000 0.999998277 0.000001723
