J:/: 0.072951275 0.927048725 0.000000000
J:/cr: 0.019284021 0.032667808 0.948048171
J:/rr: 0.000000000 0.999931461 0.000068539
JJ:/cc/: 0.000109746 0.999890254 0.000000000
JJ:/cc/cr: 0.999993655 0.000004547 0.000001798
JJ:/cc/rr: 0.000000000 0.975427602 0.024572398
JJ:/crc/: 0.919545182 0.080454818 0.000000000
JJ:/crc/cr: 0.999543981 0.000228009 0.000228009
JJ:/crc/rr: 0.000000000 0.999970076 0.000029924
JJ:/crrc/: 0.999136877 0.000863123 0.000000000
JJ:/crrc/cr: 0.927991374 0.036004313 0.036004313
JJ:/crrc/rr: 0.000000000 0.999953345 0.000046655
JJ:/rc/: 0.973962696 0.026037304 0.000000000
JJ:/rc/cr: 0.998245110 0.000877445 0.000877445
JJ:/rc/rr: 0.000000000 0.999964814 0.000035186
JJ:/rrc/: 0.999965728 0.000034272 0.000000000
JJ:/rrc/cr: 0.333333333 0.333333333 0.333333333
JJ:/rrc/rr: 0.000000000 0.999982864 0.000017136
JK:/cc/: 0.084832621 0.915167379 0.000000000
JK:/cc/cr: 0.000001964 0.000001964 0.999996071
JK:/cc/rr: 0.000000000 0.000031789 0.999968211
JK:/crc/: 0.034141439 0.965858561 0.000000000
JK:/crc/cr: 0.039832628 0.000018993 0.960148379
JK:/crc/rr: 0.000000000 0.000805962 0.999194038
JK:/crrc/: 0.999906772 0.000093228 0.000000000
JK:/crrc/cr: 0.333333333 0.333333333 0.333333333
JK:/crrc/rr: 0.000000000 0.000046619 0.999953381
JK:/rc/: 0.999671882 0.000328118 0.000000000
JK:/rc/cr: 0.860743367 0.069628317 0.069628317
JK:/rc/rr: 0.000000000 0.000034281 0.999965719
JK:/rrc/: 0.541019173 0.458980827 0.000000000
JK:/rrc/cr: 0.912401730 0.000024890 0.087573380
JK:/rrc/rr: 0.000000000 0.000031673 0.999968327
JQ:/cc/: 0.164804083 0.835195917 0.000000000
JQ:/cc/cr: 0.000002153 0.000002153 0.999995695
JQ:/cc/rr: 0.000000000 0.000016363 0.999983637
JQ:/crc/: 0.997949645 0.002050355 0.000000000
JQ:/crc/cr: 0.605501626 0.008946969 0.385551405
JQ:/crc/rr: 0.000000000 0.000027573 0.999972427
JQ:/crrc/: 0.026152766 0.973847234 0.000000000
JQ:/crrc/cr: 0.214914347 0.000031911 0.785053742
JQ:/crrc/rr: 0.000000000 0.001782383 0.998217617
JQ:/rc/: 0.999483176 0.000516824 0.000000000
JQ:/rc/cr: 0.044205193 0.044205193 0.911589614
JQ:/rc/rr: 0.000000000 0.000034287 0.999965713
JQ:/rrc/: 0.223697456 0.776302544 0.000000000
JQ:/rrc/cr: 0.000014716 0.000014716 0.999970568
JQ:/rrc/rr: 0.000000000 0.000076603 0.999923397
K:/: 0.751180272 0.248819728 0.000000000
K:/cr: 0.715033368 0.284953236 0.000013397
K:/rr: 0.000000000 0.999993344 0.000006656
KJ:/cc/: 0.000020095 0.999979905 0.000000000
KJ:/cc/cr: 0.000006698 0.000006698 0.999986603
KJ:/cc/rr: 0.000000000 0.500000000 0.500000000
KJ:/crc/: 0.000054072 0.999945928 0.000000000
KJ:/crc/cr: 0.000007836 0.999984328 0.000007836
KJ:/crc/rr: 0.000000000 0.782636765 0.217363235
KJ:/crrc/: 0.022756842 0.977243158 0.000000000
KJ:/crrc/cr: 0.000044029 0.999952776 0.000003195
KJ:/crrc/rr: 0.000000000 0.257476693 0.742523307
KJ:/rc/: 0.019579732 0.980420268 0.000000000
KJ:/rc/cr: 0.002771384 0.990589818 0.006638797
KJ:/rc/rr: 0.000000000 0.002670678 0.997329322
KJ:/rrc/: 0.081205036 0.918794964 0.000000000
KJ:/rrc/cr: 0.000010899 0.999987893 0.000001207
KJ:/rrc/rr: 0.000000000 0.707287303 0.292712697
KK:/cc/: 0.999561862 0.000438138 0.000000000
KK:/cc/cr: 0.969423828 0.015288086 0.015288086
KK:/cc/rr: 0.000000000 0.999989948 0.000010052
KK:/crc/: 0.091349516 0.908650484 0.000000000
KK:/crc/cr: 0.999982753 0.000008623 0.000008623
KK:/crc/rr: 0.000000000 0.999871337 0.000128663
KK:/crrc/: 0.992086466 0.007913534 0.000000000
KK:/crrc/cr: 0.999210820 0.000394590 0.000394590
KK:/crrc/rr: 0.000000000 0.999995279 0.000004721
KK:/rc/: 0.818016634 0.181983366 0.000000000
KK:/rc/cr: 0.999975616 0.000012192 0.000012192
KK:/rc/rr: 0.000000000 0.999995932 0.000004068
KK:/rrc/: 0.516252339 0.483747661 0.000000000
KK:/rrc/cr: 0.999995413 0.000002293 0.000002293
KK:/rrc/rr: 0.000000000 0.999996777 0.000003223
KQ:/cc/: 0.000106207 0.999893793 0.000000000
KQ:/cc/cr: 0.000006699 0.425392948 0.574600353
KQ:/cc/rr: 0.000000000 0.905397515 0.094602485
KQ:/crc/: 0.931092216 0.068907784 0.000000000
KQ:/crc/cr: 0.000113711 0.660253318 0.339632972
KQ:/crc/rr: 0.000000000 0.012589152 0.987410848
KQ:/crrc/: 0.004873831 0.995126169 0.000000000
KQ:/crrc/cr: 0.003559701 0.718862309 0.277577990
KQ:/crrc/rr: 0.000000000 0.273546818 0.726453182
KQ:/rc/: 0.000041855 0.999958145 0.000000000
KQ:/rc/cr: 0.000010319 0.479875069 0.520114613
KQ:/rc/rr: 0.000000000 0.920485795 0.079514205
KQ:/rrc/: 0.677278434 0.322721566 0.000000000
KQ:/rrc/cr: 0.014920840 0.926973358 0.058105802
KQ:/rrc/rr: 0.000000000 0.373970292 0.626029708
Q:/: 0.757535942 0.242464058 0.000000000
Q:/cr: 0.172614744 0.827369599 0.000015657
Q:/rr: 0.000000000 0.999993400 0.000006600
QJ:/cc/: 0.000020622 0.999979378 0.000000000
QJ:/cc/cr: 0.000006874 0.000006874 0.999986252
QJ:/cc/rr: 0.000000000 0.500000000 0.500000000
QJ:/crc/: 0.027651423 0.972348577 0.000000000
QJ:/crc/cr: 0.004002463 0.000002848 0.995994689
QJ:/crc/rr: 0.000000000 0.000150229 0.999849771
QJ:/crrc/: 0.042364153 0.957635847 0.000000000
QJ:/crrc/cr: 0.000013861 0.000013861 0.999972278
QJ:/crrc/rr: 0.000000000 0.000469997 0.999530003
QJ:/rc/: 0.017988337 0.982011663 0.000000000
QJ:/rc/cr: 0.000002240 0.000002240 0.999995519
QJ:/rc/rr: 0.000000000 0.000183462 0.999816538
QJ:/rrc/: 0.000003300 0.999996700 0.000000000
QJ:/rrc/cr: 0.000001100 0.000001100 0.999997800
QJ:/rrc/rr: 0.000000000 0.500000000 0.500000000
QK:/cc/: 0.520896005 0.479103995 0.000000000
QK:/cc/cr: 0.192675962 0.807309269 0.000014768
QK:/cc/rr: 0.000000000 0.999980206 0.000019794
QK:/crc/: 0.004444843 0.995555157 0.000000000
QK:/crc/cr: 0.000003577 0.552330481 0.447665941
QK:/crc/rr: 0.000000000 0.000934578 0.999065422
QK:/crrc/: 0.972216820 0.027783180 0.000000000
QK:/crrc/cr: 0.000477772 0.586860425 0.412661804
QK:/crrc/rr: 0.000000000 0.000528651 0.999471349
QK:/rc/: 0.425081642 0.574918358 0.000000000
QK:/rc/cr: 0.009546906 0.538176968 0.452276126
QK:/rc/rr: 0.000000000 0.190549616 0.809450384
QK:/rrc/: 0.115807594 0.884192406 0.000000000
QK:/rrc/cr: 0.000008134 0.308563135 0.691428732
QK:/rrc/rr: 0.000000000 0.000014249 0.999985751
QQ:/cc/: 0.480783776 0.519216224 0.000000000
QQ:/cc/cr: 0.999949669 0.000037092 0.000013239
QQ:/cc/rr: 0.000000000 0.999978554 0.000021446
QQ:/crc/: 0.994581467 0.005418533 0.000000000
QQ:/crc/cr: 0.998977817 0.000511092 0.000511092
QQ:/crc/rr: 0.000000000 0.999995823 0.000004177
QQ:/crrc/: 0.118586102 0.881413898 0.000000000
QQ:/crrc/cr: 0.999969880 0.000015060 0.000015060
QQ:/crrc/rr: 0.000000000 0.999832097 0.000167903
QQ:/rc/: 0.480036180 0.519963820 0.000000000
QQ:/rc/cr: 0.999991537 0.000004231 0.000004231
QQ:/rc/rr: 0.000000000 0.999993125 0.000006875
QQ:/rrc/: 0.988872218 0.011127782 0.000000000
QQ:/rrc/cr: 0.999802285 0.000098858 0.000098858
QQ:/rrc/rr: 0.000000000 0.999998331 0.000001669
