J:/c: 0.303438673 0.696561327 0.000000000
J:/crr: 0.000000000 0.999983522 0.000016478
J:/r: 0.054136805 0.126197219 0.819665976
JJ:/cc/c: 0.999992822 0.000007178 0.000000000
JJ:/cc/crr: 0.000000000 0.999996411 0.000003589
JJ:/cc/r: 0.999990429 0.000004785 0.000004785
JJ:/crc/c: 0.999983522 0.000016478 0.000000000
JJ:/crc/crr: 0.000000000 0.999991761 0.000008239
JJ:/crc/r: 0.999735604 0.000253411 0.000010985
JJ:/crrc/c: 0.999991761 0.000008239 0.000000000
JJ:/crrc/crr: 0.000000000 0.999995880 0.000004120
JJ:/crrc/r: 0.999973964 0.000020543 0.000005493
JJ:/rc/c: 0.999973586 0.000026414 0.000000000
JJ:/rc/crr: 0.000000000 0.999986793 0.000013207
JJ:/rc/r: 0.999898713 0.000083678 0.000017609
JJ:/rrc/c: 0.999938428 0.000061572 0.000000000
JJ:/rrc/crr: 0.000000000 0.999969212 0.000030788
JJ:/rrc/r: 0.999886911 0.000072041 0.000041048
JK:/cc/c: 0.007670749 0.992329251 0.000000000
JK:/cc/crr: 0.000000000 0.000467889 0.999532111
JK:/cc/r: 0.000004785 0.000004785 0.999990429
JK:/crc/c: 0.521454891 0.478545109 0.000000000
JK:/crc/crr: 0.000000000 0.000015800 0.999984200
JK:/crc/r: 0.004381549 0.000010985 0.995607466
JK:/crrc/c: 0.307559705 0.692440295 0.000000000
JK:/crrc/crr: 0.000000000 0.000013394 0.999986606
JK:/crrc/r: 0.231556328 0.000005493 0.768438179
JK:/rc/c: 0.387953022 0.612046978 0.000000000
JK:/rc/crr: 0.000000000 0.000034042 0.999965958
JK:/rc/r: 0.349984398 0.000017609 0.649997993
JK:/rrc/c: 0.999938428 0.000061572 0.000000000
JK:/rrc/crr: 0.000000000 0.000030788 0.999969212
JK:/rrc/r: 0.289572076 0.000041048 0.710386875
JQ:/cc/c: 0.072272768 0.927727232 0.000000000
JQ:/cc/crr: 0.000000000 0.000049660 0.999950340
JQ:/cc/r: 0.033675563 0.000004785 0.966319652
JQ:/crc/c: 0.368306174 0.631693826 0.000000000
JQ:/crc/crr: 0.000000000 0.000022370 0.999977630
JQ:/crc/r: 0.001504186 0.000010985 0.998484828
JQ:/crrc/c: 0.024314807 0.975685193 0.000000000
JQ:/crrc/crr: 0.000000000 0.000169424 0.999830576
JQ:/crrc/r: 0.233563195 0.000005493 0.766431312
JQ:/rc/c: 0.997266866 0.002733134 0.000000000
JQ:/rc/crr: 0.000000000 0.000013243 0.999986757
JQ:/rc/r: 0.000017609 0.000017609 0.999964782
JQ:/rrc/c: 0.002927072 0.997072928 0.000000000
JQ:/rrc/crr: 0.000000000 0.010517749 0.989482251
JQ:/rrc/r: 0.443972048 0.000041048 0.555986904
K:/c: 0.999899572 0.000100428 0.000000000
K:/crr: 0.000000000 0.999994999 0.000005001
K:/r: 0.584626589 0.415366744 0.000006667
KJ:/cc/c: 0.049786816 0.950213184 0.000000000
KJ:/cc/crr: 0.000000000 0.500000000 0.500000000
KJ:/cc/r: 0.033191210 0.033191210 0.933617579
KJ:/crc/c: 0.146515717 0.853484283 0.000000000
KJ:/crc/crr: 0.000000000 0.999982935 0.000017065
KJ:/crc/r: 0.000035694 0.730664770 0.269299536
KJ:/crrc/c: 0.401026695 0.598973305 0.000000000
KJ:/crrc/crr: 0.000000000 0.999996883 0.000003117
KJ:/crrc/r: 0.008473739 0.901178298 0.090347963
KJ:/rc/c: 0.416682102 0.583317898 0.000000000
KJ:/rc/crr: 0.000000000 0.644708303 0.355291697
KJ:/rc/r: 0.000038588 0.897524336 0.102437077
KJ:/rrc/c: 0.115998610 0.884001390 0.000000000
KJ:/rrc/crr: 0.000000000 0.999975424 0.000024576
KJ:/rrc/r: 0.042846080 0.884252371 0.072901549
KK:/cc/c: 0.950213184 0.049786816 0.000000000
KK:/cc/crr: 0.000000000 0.973802292 0.026197708
KK:/cc/r: 0.933617579 0.033191210 0.033191210
KK:/crc/c: 0.999994999 0.000005001 0.000000000
KK:/crc/crr: 0.000000000 0.999997500 0.000002500
KK:/crc/r: 0.996729876 0.003266791 0.000003334
KK:/crrc/c: 0.999997500 0.000002500 0.000000000
KK:/crrc/crr: 0.000000000 0.999998750 0.000001250
KK:/crrc/r: 0.999962775 0.000035558 0.000001667
KK:/rc/c: 0.999991975 0.000008025 0.000000000
KK:/rc/crr: 0.000000000 0.999995987 0.000004013
KK:/rc/r: 0.999980514 0.000014136 0.000005350
KK:/rrc/c: 0.999994298 0.000005702 0.000000000
KK:/rrc/crr: 0.000000000 0.999997149 0.000002851
KK:/rrc/r: 0.999874694 0.000121505 0.000003801
KQ:/cc/c: 0.049786816 0.950213184 0.000000000
KQ:/cc/crr: 0.000000000 0.500000000 0.500000000
KQ:/cc/r: 0.033191210 0.933617579 0.033191210
KQ:/crc/c: 0.315180861 0.684819139 0.000000000
KQ:/crc/crr: 0.000000000 0.002648970 0.997351030
KQ:/crc/r: 0.000018869 0.443530273 0.556450858
KQ:/crrc/c: 0.631999232 0.368000768 0.000000000
KQ:/crrc/crr: 0.000000000 0.419699485 0.580300515
KQ:/crrc/r: 0.000016745 0.757074196 0.242909060
KQ:/rc/c: 0.000059706 0.999940294 0.000000000
KQ:/rc/crr: 0.000000000 0.932795464 0.067204536
KQ:/rc/r: 0.000016550 0.304224068 0.695759383
KQ:/rrc/c: 0.514643276 0.485356724 0.000000000
KQ:/rrc/crr: 0.000000000 0.511558686 0.488441314
KQ:/rrc/r: 0.079007937 0.544616186 0.376375876
Q:/c: 0.848442549 0.151557451 0.000000000
Q:/crr: 0.000000000 0.999994107 0.000005893
Q:/r: 0.370980262 0.628990705 0.000029033
QJ:/cc/c: 0.000032991 0.999967009 0.000000000
QJ:/cc/crr: 0.000000000 0.500000000 0.500000000
QJ:/cc/r: 0.000021994 0.000021994 0.999956012
QJ:/crc/c: 0.405719755 0.594280245 0.000000000
QJ:/crc/crr: 0.000000000 0.000053098 0.999946902
QJ:/crc/r: 0.000003929 0.000003929 0.999992142
QJ:/crrc/c: 0.000002947 0.999997053 0.000000000
QJ:/crrc/crr: 0.000000000 0.500000000 0.500000000
QJ:/crrc/r: 0.000001964 0.000001964 0.999996071
QJ:/rc/c: 0.000030639 0.999969361 0.000000000
QJ:/rc/crr: 0.000000000 0.086482694 0.913517306
QJ:/rc/r: 0.007893713 0.000003533 0.992102754
QJ:/rrc/c: 0.000008985 0.999991015 0.000000000
QJ:/rrc/crr: 0.000000000 0.500000000 0.500000000
QJ:/rrc/r: 0.000075388 0.000005990 0.999918622
QK:/cc/c: 0.025040911 0.974959089 0.000000000
QK:/cc/crr: 0.000000000 0.999341262 0.000658738
QK:/cc/r: 0.000065174 0.738055275 0.261879551
QK:/crc/c: 0.346256573 0.653743427 0.000000000
QK:/crc/crr: 0.000000000 0.001194592 0.998805408
QK:/crc/r: 0.000041187 0.470722381 0.529236432
QK:/crrc/c: 0.256104983 0.743895017 0.000000000
QK:/crrc/crr: 0.000000000 0.000446780 0.999553220
QK:/crrc/r: 0.000037245 0.285973097 0.713989658
QK:/rc/c: 0.360832656 0.639167344 0.000000000
QK:/rc/crr: 0.000000000 0.000182729 0.999817271
QK:/rc/r: 0.000006260 0.305953672 0.694040068
QK:/rrc/c: 0.430959514 0.569040486 0.000000000
QK:/rrc/crr: 0.000000000 0.070695316 0.929304684
QK:/rrc/r: 0.000073295 0.518301634 0.481625071
QQ:/cc/c: 0.999967009 0.000032991 0.000000000
QQ:/cc/crr: 0.000000000 0.999983504 0.000016496
QQ:/cc/r: 0.999644300 0.000333706 0.000021994
QQ:/crc/c: 0.999994107 0.000005893 0.000000000
QQ:/crc/crr: 0.000000000 0.999997053 0.000002947
QQ:/crc/r: 0.999942177 0.000053894 0.000003929
QQ:/crrc/c: 0.999997053 0.000002947 0.000000000
QQ:/crrc/crr: 0.000000000 0.999998527 0.000001473
QQ:/crrc/r: 0.999936067 0.000061969 0.000001964
QQ:/rc/c: 0.999994701 0.000005299 0.000000000
QQ:/rc/crr: 0.000000000 0.999997350 0.000002650
QQ:/rc/r: 0.968954682 0.031041785 0.000003533
QQ:/rrc/c: 0.999991015 0.000008985 0.000000000
QQ:/rrc/crr: 0.000000000 0.999995507 0.000004493
QQ:/rrc/r: 0.999952374 0.000041636 0.000005990
