J:/c: 0.291558649 0.708441351 0.000000000
J:/crr: 0.000000000 0.999982851 0.000017149
J:/r: 0.055794176 0.130983561 0.813222264
JJ:/cc/c: 0.999992942 0.000007058 0.000000000
JJ:/cc/crr: 0.000000000 0.999996471 0.000003529
JJ:/cc/r: 0.999990590 0.000004705 0.000004705
JJ:/crc/c: 0.999982851 0.000017149 0.000000000
JJ:/crc/crr: 0.000000000 0.999991425 0.000008575
JJ:/crc/r: 0.999568259 0.000420308 0.000011433
JJ:/crrc/c: 0.999991425 0.000008575 0.000000000
JJ:/crrc/crr: 0.000000000 0.999995713 0.000004287
JJ:/crrc/r: 0.999799864 0.000194420 0.000005717
JJ:/rc/c: 0.999974552 0.000025448 0.000000000
JJ:/rc/crr: 0.000000000 0.999987275 0.000012725
JJ:/rc/r: 0.999966069 0.000016966 0.000016966
JJ:/rrc/c: 0.999940257 0.000059743 0.000000000
JJ:/rrc/crr: 0.000000000 0.999970127 0.000029873
JJ:/rrc/r: 0.999844627 0.000115544 0.000039829
JK:/cc/c: 0.000066656 0.999933344 0.000000000
JK:/cc/crr: 0.000000000 0.052941413 0.947058587
JK:/cc/r: 0.000004705 0.000004705 0.999990590
JK:/crc/c: 0.529461958 0.470538042 0.000000000
JK:/crc/crr: 0.000000000 0.000016195 0.999983805
JK:/crc/r: 0.020023061 0.000011433 0.979965506
JK:/crrc/c: 0.544160216 0.455839784 0.000000000
JK:/crrc/crr: 0.000000000 0.000007879 0.999992121
JK:/crrc/r: 0.272922878 0.000005717 0.727071406
JK:/rc/c: 0.379619512 0.620380488 0.000000000
JK:/rc/crr: 0.000000000 0.000033518 0.999966482
JK:/rc/r: 0.371699543 0.000016966 0.628283491
JK:/rrc/c: 0.999940257 0.000059743 0.000000000
JK:/rrc/crr: 0.000000000 0.000029873 0.999970127
JK:/rrc/r: 0.278153443 0.000039829 0.721806729
JQ:/cc/c: 0.070281088 0.929718912 0.000000000
JQ:/cc/crr: 0.000000000 0.000050211 0.999949789
JQ:/cc/r: 0.039726963 0.000004705 0.960268332
JQ:/crc/c: 0.479052610 0.520947390 0.000000000
JQ:/crc/crr: 0.000000000 0.000017899 0.999982101
JQ:/crc/r: 0.025272339 0.000011433 0.974716228
JQ:/crrc/c: 0.014878027 0.985121973 0.000000000
JQ:/crrc/crr: 0.000000000 0.000288168 0.999711832
JQ:/crrc/r: 0.172451065 0.000005717 0.827543218
JQ:/rc/c: 0.997249731 0.002750269 0.000000000
JQ:/rc/crr: 0.000000000 0.000012759 0.999987241
JQ:/rc/r: 0.000016966 0.000016966 0.999966069
JQ:/rrc/c: 0.015515365 0.984484635 0.000000000
JQ:/rrc/crr: 0.000000000 0.001925298 0.998074702
JQ:/rrc/r: 0.400448058 0.000039829 0.599512113
K:/c: 0.999910503 0.000089497 0.000000000
K:/crr: 0.000000000 0.999995000 0.000005000
K:/r: 0.574448116 0.425545217 0.000006667
KJ:/cc/c: 0.055867565 0.944132435 0.000000000
KJ:/cc/crr: 0.000000000 0.500000000 0.500000000
KJ:/cc/r: 0.037245043 0.037245043 0.925509913
KJ:/crc/c: 0.180602185 0.819397815 0.000000000
KJ:/crc/crr: 0.000000000 0.999986156 0.000013844
KJ:/crc/r: 0.000038871 0.738982362 0.260978767
KJ:/crrc/c: 0.398776280 0.601223720 0.000000000
KJ:/crrc/crr: 0.000000000 0.694630438 0.305369562
KJ:/crrc/r: 0.005669324 0.858896596 0.135434080
KJ:/rc/c: 0.407045774 0.592954226 0.000000000
KJ:/rc/crr: 0.000000000 0.958159084 0.041840916
KJ:/rc/r: 0.000552963 0.824349903 0.175097134
KJ:/rrc/c: 0.322140643 0.677859357 0.000000000
KJ:/rrc/crr: 0.000000000 0.999990994 0.000009006
KJ:/rrc/r: 0.046314323 0.885775310 0.067910367
KK:/cc/c: 0.944132435 0.055867565 0.000000000
KK:/cc/crr: 0.000000000 0.970413280 0.029586720
KK:/cc/r: 0.925509913 0.037245043 0.037245043
KK:/crc/c: 0.999995000 0.000005000 0.000000000
KK:/crc/crr: 0.000000000 0.999997500 0.000002500
KK:/crc/r: 0.942404293 0.057592373 0.000003334
KK:/crrc/c: 0.999997500 0.000002500 0.000000000
KK:/crrc/crr: 0.000000000 0.999998750 0.000001250
KK:/crrc/r: 0.999983335 0.000014998 0.000001667
KK:/rc/c: 0.999992167 0.000007833 0.000000000
KK:/rc/crr: 0.000000000 0.999996083 0.000003917
KK:/rc/r: 0.999981455 0.000013323 0.000005222
KK:/rrc/c: 0.999994197 0.000005803 0.000000000
KK:/rrc/crr: 0.000000000 0.999997099 0.000002901
KK:/rrc/r: 0.999808156 0.000187975 0.000003868
KQ:/cc/c: 0.055867565 0.944132435 0.000000000
KQ:/cc/crr: 0.000000000 0.500000000 0.500000000
KQ:/cc/r: 0.037245043 0.925509913 0.037245043
KQ:/crc/c: 0.101906944 0.898093056 0.000000000
KQ:/crc/crr: 0.000000000 0.001101352 0.998898648
KQ:/crc/r: 0.000022829 0.436148295 0.563828876
KQ:/crrc/c: 0.663322287 0.336677713 0.000000000
KQ:/crrc/crr: 0.000000000 0.428808648 0.571191352
KQ:/crrc/r: 0.000016914 0.872166028 0.127817058
KQ:/rc/c: 0.000022590 0.999977410 0.000000000
KQ:/rc/crr: 0.000000000 0.826623031 0.173376969
KQ:/rc/r: 0.000016366 0.306437355 0.693546279
KQ:/rrc/c: 0.474127860 0.525872140 0.000000000
KQ:/rrc/crr: 0.000000000 0.596611476 0.403388524
KQ:/rrc/r: 0.078889410 0.548833238 0.372277352
Q:/c: 0.850935350 0.149064650 0.000000000
Q:/crr: 0.000000000 0.999994124 0.000005876
Q:/r: 0.347669453 0.652306791 0.000023756
QJ:/cc/c: 0.000480815 0.999519185 0.000000000
QJ:/cc/crr: 0.000000000 0.034880877 0.965119123
QJ:/cc/r: 0.000022362 0.000022362 0.999955277
QJ:/crc/c: 0.393652776 0.606347224 0.000000000
QJ:/crc/crr: 0.000000000 0.005010382 0.994989618
QJ:/crc/r: 0.000003917 0.000003917 0.999992165
QJ:/crrc/c: 0.000002938 0.999997062 0.000000000
QJ:/crrc/crr: 0.000000000 0.500000000 0.500000000
QJ:/crrc/r: 0.027420498 0.000001959 0.972577544
QJ:/rc/c: 0.000058523 0.999941477 0.000000000
QJ:/rc/crr: 0.000000000 0.043658434 0.956341566
QJ:/rc/r: 0.000003407 0.000003407 0.999993187
QJ:/rrc/c: 0.000015266 0.999984734 0.000000000
QJ:/rrc/crr: 0.000000000 0.314016873 0.685983127
QJ:/rrc/r: 0.000088771 0.000006392 0.999904837
QK:/cc/c: 0.001498073 0.998501927 0.000000000
QK:/cc/crr: 0.000000000 0.988804788 0.011195212
QK:/cc/r: 0.000080194 0.758011687 0.241908119
QK:/crc/c: 0.358974312 0.641025688 0.000000000
QK:/crc/crr: 0.000000000 0.000344198 0.999655802
QK:/crc/r: 0.000052880 0.509205079 0.490742041
QK:/crrc/c: 0.204042963 0.795957037 0.000000000
QK:/crrc/crr: 0.000000000 0.000619267 0.999380733
QK:/crrc/r: 0.000048663 0.249501564 0.750449773
QK:/rc/c: 0.370533968 0.629466032 0.000000000
QK:/rc/crr: 0.000000000 0.001415379 0.998584621
QK:/rc/r: 0.000007365 0.314829920 0.685162715
QK:/rrc/c: 0.424617998 0.575382002 0.000000000
QK:/rrc/crr: 0.000000000 0.000335061 0.999664939
QK:/rrc/r: 0.000081027 0.491238327 0.508680646
QQ:/cc/c: 0.999966458 0.000033542 0.000000000
QQ:/cc/crr: 0.000000000 0.999983228 0.000016772
QQ:/cc/r: 0.999815594 0.000162045 0.000022362
QQ:/crc/c: 0.999994124 0.000005876 0.000000000
QQ:/crc/crr: 0.000000000 0.999997062 0.000002938
QQ:/crc/r: 0.999947281 0.000048802 0.000003917
QQ:/crrc/c: 0.999997062 0.000002938 0.000000000
QQ:/crrc/crr: 0.000000000 0.999998531 0.000001469
QQ:/crrc/r: 0.998075302 0.001922740 0.000001959
QQ:/rc/c: 0.999994890 0.000005110 0.000000000
QQ:/rc/crr: 0.000000000 0.999997445 0.000002555
QQ:/rc/r: 0.999992803 0.000003791 0.000003407
QQ:/rrc/c: 0.999990412 0.000009588 0.000000000
QQ:/rrc/crr: 0.000000000 0.999995206 0.000004794
QQ:/rrc/r: 0.999944926 0.000048682 0.000006392
