J:/c: 0.322189221 0.677810779 0.000000000
J:/crr: 0.000000000 0.999984481 0.000015519
J:/r: 0.054619288 0.130686472 0.814694240
JJ:/cc/c: 0.999992623 0.000007377 0.000000000
JJ:/cc/crr: 0.000000000 0.999996312 0.000003688
JJ:/cc/r: 0.999990164 0.000004918 0.000004918
JJ:/crc/c: 0.999984481 0.000015519 0.000000000
JJ:/crc/crr: 0.000000000 0.999992240 0.000007760
JJ:/crc/r: 0.999952135 0.000037519 0.000010346
JJ:/crrc/c: 0.999992240 0.000007760 0.000000000
JJ:/crrc/crr: 0.000000000 0.999996120 0.000003880
JJ:/crrc/r: 0.999960727 0.000034100 0.000005173
JJ:/rc/c: 0.999974494 0.000025506 0.000000000
JJ:/rc/crr: 0.000000000 0.999987247 0.000012753
JJ:/rc/r: 0.999965992 0.000017004 0.000017004
JJ:/rrc/c: 0.999938971 0.000061029 0.000000000
JJ:/rrc/crr: 0.000000000 0.999969484 0.000030516
JJ:/rrc/r: 0.999862767 0.000096547 0.000040686
JK:/cc/c: 0.000007377 0.999992623 0.000000000
JK:/cc/crr: 0.000000000 0.500000000 0.500000000
JK:/cc/r: 0.000004918 0.000004918 0.999990164
JK:/crc/c: 0.478975317 0.521024683 0.000000000
JK:/crc/crr: 0.000000000 0.000016200 0.999983800
JK:/crc/r: 0.000010346 0.000010346 0.999979308
JK:/crrc/c: 0.443549381 0.556450619 0.000000000
JK:/crrc/crr: 0.000000000 0.000143038 0.999856962
JK:/crrc/r: 0.000075913 0.000005173 0.999918914
JK:/rc/c: 0.403000884 0.596999116 0.000000000
JK:/rc/crr: 0.000000000 0.000031646 0.999968354
JK:/rc/r: 0.370110273 0.000017004 0.629872723
JK:/rrc/c: 0.999938971 0.000061029 0.000000000
JK:/rrc/crr: 0.000000000 0.000030516 0.999969484
JK:/rrc/r: 0.262771119 0.000040686 0.737188196
JQ:/cc/c: 0.073316779 0.926683221 0.000000000
JQ:/cc/crr: 0.000000000 0.000050307 0.999949693
JQ:/cc/r: 0.035531783 0.000004918 0.964463299
JQ:/crc/c: 0.349682146 0.650317854 0.000000000
JQ:/crc/crr: 0.000000000 0.000022190 0.999977810
JQ:/crc/r: 0.000043830 0.000010346 0.999945825
JQ:/crrc/c: 0.073566623 0.926433377 0.000000000
JQ:/crrc/crr: 0.000000000 0.000052738 0.999947262
JQ:/crrc/r: 0.235118176 0.000005173 0.764876651
JQ:/rc/c: 0.999755470 0.000244530 0.000000000
JQ:/rc/crr: 0.000000000 0.000012756 0.999987244
JQ:/rc/r: 0.000017004 0.000017004 0.999965992
JQ:/rrc/c: 0.000061029 0.999938971 0.000000000
JQ:/rrc/crr: 0.000000000 0.500000000 0.500000000
JQ:/rrc/r: 0.553411246 0.000040686 0.446548069
K:/c: 0.999990000 0.000010000 0.000000000
K:/crr: 0.000000000 0.999995000 0.000005000
K:/r: 0.565060942 0.434932392 0.000006667
KJ:/cc/c: 0.500000000 0.500000000 0.000000000
KJ:/cc/crr: 0.000000000 0.500000000 0.500000000
KJ:/cc/r: 0.333333333 0.333333333 0.333333333
KJ:/crc/c: 0.090863995 0.909136005 0.000000000
KJ:/crc/crr: 0.000000000 0.999972486 0.000027514
KJ:/crc/r: 0.000004503 0.731901960 0.268093537
KJ:/crrc/c: 0.394817617 0.605182383 0.000000000
KJ:/crrc/crr: 0.000000000 0.999996834 0.000003166
KJ:/crrc/r: 0.072397540 0.758800967 0.168801493
KJ:/rc/c: 0.444875456 0.555124544 0.000000000
KJ:/rc/crr: 0.000000000 0.671620271 0.328379729
KJ:/rc/r: 0.011309601 0.770720102 0.217970296
KJ:/rrc/c: 0.456181889 0.543818111 0.000000000
KJ:/rrc/crr: 0.000000000 0.999993534 0.000006466
KJ:/rrc/r: 0.000033485 0.973272425 0.026694090
KK:/cc/c: 0.500000000 0.500000000 0.000000000
KK:/cc/crr: 0.000000000 0.500000000 0.500000000
KK:/cc/r: 0.333333333 0.333333333 0.333333333
KK:/crc/c: 0.999995000 0.000005000 0.000000000
KK:/crc/crr: 0.000000000 0.999997500 0.000002500
KK:/crc/r: 0.999987193 0.000009473 0.000003333
KK:/crrc/c: 0.999997500 0.000002500 0.000000000
KK:/crrc/crr: 0.000000000 0.999998750 0.000001250
KK:/crrc/r: 0.999960233 0.000038101 0.000001667
KK:/rc/c: 0.999992336 0.000007664 0.000000000
KK:/rc/crr: 0.000000000 0.999996168 0.000003832
KK:/rc/r: 0.999971671 0.000023220 0.000005109
KK:/rrc/c: 0.999994101 0.000005899 0.000000000
KK:/rrc/crr: 0.000000000 0.999997050 0.000002950
KK:/rrc/r: 0.997352202 0.002643865 0.000003933
KQ:/cc/c: 0.500000000 0.500000000 0.000000000
KQ:/cc/crr: 0.000000000 0.500000000 0.500000000
KQ:/cc/r: 0.333333333 0.333333333 0.333333333
KQ:/crc/c: 0.223484845 0.776515155 0.000000000
KQ:/crc/crr: 0.000000000 0.000011187 0.999988813
KQ:/crc/r: 0.000008923 0.439771214 0.560219863
KQ:/crrc/c: 0.556807676 0.443192324 0.000000000
KQ:/crrc/crr: 0.000000000 0.350867949 0.649132051
KQ:/crrc/r: 0.000016796 0.607938529 0.392044674
KQ:/rc/c: 0.000007664 0.999992336 0.000000000
KQ:/rc/crr: 0.000000000 0.500000000 0.500000000
KQ:/rc/r: 0.000007957 0.302332488 0.697659555
KQ:/rrc/c: 0.514585328 0.485414672 0.000000000
KQ:/rrc/crr: 0.000000000 0.480195395 0.519804605
KQ:/rrc/r: 0.000264771 0.699867976 0.299867253
Q:/c: 0.854525864 0.145474136 0.000000000
Q:/crr: 0.000000000 0.999994149 0.000005851
Q:/r: 0.342343590 0.657607217 0.000049193
QJ:/cc/c: 0.000034370 0.999965630 0.000000000
QJ:/cc/crr: 0.000000000 0.500000000 0.500000000
QJ:/cc/r: 0.000022914 0.000022914 0.999954173
QJ:/crc/c: 0.379919515 0.620080485 0.000000000
QJ:/crc/crr: 0.000000000 0.001260629 0.998739371
QJ:/crc/r: 0.000003901 0.000003901 0.999992198
QJ:/crrc/c: 0.000002926 0.999997074 0.000000000
QJ:/crrc/crr: 0.000000000 0.500000000 0.500000000
QJ:/crrc/r: 0.000005963 0.000001950 0.999992086
QJ:/rc/c: 0.000005069 0.999994931 0.000000000
QJ:/rc/crr: 0.000000000 0.500000000 0.500000000
QJ:/rc/r: 0.000003379 0.000003379 0.999993241
QJ:/rrc/c: 0.000009737 0.999990263 0.000000000
QJ:/rrc/crr: 0.000000000 0.500000000 0.500000000
QJ:/rrc/r: 0.000006491 0.000006491 0.999987018
QK:/cc/c: 0.001291355 0.998708645 0.000000000
QK:/cc/crr: 0.000000000 0.986692126 0.013307874
QK:/cc/r: 0.000022914 0.721956355 0.278020731
QK:/crc/c: 0.356092826 0.643907174 0.000000000
QK:/crc/crr: 0.000000000 0.000483307 0.999516693
QK:/crc/r: 0.000023570 0.575837045 0.424139385
QK:/crrc/c: 0.000302088 0.999697912 0.000000000
QK:/crrc/crr: 0.000000000 0.995157670 0.004842330
QK:/crrc/r: 0.000030233 0.351591788 0.648377978
QK:/rc/c: 0.367321738 0.632678262 0.000000000
QK:/rc/crr: 0.000000000 0.003944291 0.996055709
QK:/rc/r: 0.000003379 0.300124049 0.699872572
QK:/rrc/c: 0.418692422 0.581307578 0.000000000
QK:/rrc/crr: 0.000000000 0.042945306 0.957054694
QK:/rrc/r: 0.000006491 0.501923362 0.498070147
QQ:/cc/c: 0.999965630 0.000034370 0.000000000
QQ:/cc/crr: 0.000000000 0.999982814 0.000017186
QQ:/cc/r: 0.999797013 0.000180073 0.000022914
QQ:/crc/c: 0.999994149 0.000005851 0.000000000
QQ:/crc/crr: 0.000000000 0.999997074 0.000002926
QQ:/crc/r: 0.994831694 0.005164405 0.000003901
QQ:/crrc/c: 0.999997074 0.000002926 0.000000000
QQ:/crrc/crr: 0.000000000 0.999998537 0.000001463
QQ:/crrc/r: 0.999945667 0.000052383 0.000001950
QQ:/rc/c: 0.999994931 0.000005069 0.000000000
QQ:/rc/crr: 0.000000000 0.999997466 0.000002534
QQ:/rc/r: 0.990535493 0.009461128 0.000003379
QQ:/rrc/c: 0.999990263 0.000009737 0.000000000
QQ:/rrc/crr: 0.000000000 0.999995132 0.000004868
QQ:/rrc/r: 0.999982280 0.000011229 0.000006491
