J:/c: 0.302217542 0.697782458 0.000000000
J:/crr: 0.000000000 0.999983456 0.000016544
J:/r: 0.055378181 0.132390056 0.812231763
JJ:/cc/c: 0.999992834 0.000007166 0.000000000
JJ:/cc/crr: 0.000000000 0.999996417 0.000003583
JJ:/cc/r: 0.999875097 0.000120126 0.000004777
JJ:/crc/c: 0.999983456 0.000016544 0.000000000
JJ:/crc/crr: 0.000000000 0.999991728 0.000008272
JJ:/crc/r: 0.999701037 0.000287933 0.000011030
JJ:/crrc/c: 0.999991728 0.000008272 0.000000000
JJ:/crrc/crr: 0.000000000 0.999995864 0.000004136
JJ:/crrc/r: 0.999983999 0.000010486 0.000005515
JJ:/rc/c: 0.999974822 0.000025178 0.000000000
JJ:/rc/crr: 0.000000000 0.999987411 0.000012589
JJ:/rc/r: 0.999882553 0.000100662 0.000016785
JJ:/rrc/c: 0.999939808 0.000060192 0.000000000
JJ:/rrc/crr: 0.000000000 0.999969902 0.000030098
JJ:/rrc/r: 0.999919744 0.000040128 0.000040128
JK:/cc/c: 0.004495578 0.995504422 0.000000000
JK:/cc/crr: 0.000000000 0.000796956 0.999203044
JK:/cc/r: 0.000007604 0.000004777 0.999987619
JK:/crc/c: 0.550535595 0.449464405 0.000000000
JK:/crc/crr: 0.000000000 0.000015026 0.999984974
JK:/crc/r: 0.032655275 0.000011030 0.967333695
JK:/crrc/c: 0.367114163 0.632885837 0.000000000
JK:/crrc/crr: 0.000000000 0.000011267 0.999988733
JK:/crrc/r: 0.250060929 0.000005515 0.749933556
JK:/rc/c: 0.392751985 0.607248015 0.000000000
JK:/rc/crr: 0.000000000 0.000032053 0.999967947
JK:/rc/r: 0.358617198 0.000016785 0.641366016
JK:/rrc/c: 0.999939808 0.000060192 0.000000000
JK:/rrc/crr: 0.000000000 0.000030098 0.999969902
JK:/rrc/r: 0.251153769 0.000040128 0.748806103
JQ:/cc/c: 0.071676134 0.928323866 0.000000000
JQ:/cc/crr: 0.000000000 0.000049986 0.999950014
JQ:/cc/r: 0.037782687 0.000004777 0.962212536
JQ:/crc/c: 0.616779407 0.383220593 0.000000000
JQ:/crc/crr: 0.000000000 0.000013412 0.999986588
JQ:/crc/r: 0.055368146 0.000011030 0.944620825
JQ:/crrc/c: 0.021440765 0.978559235 0.000000000
JQ:/crrc/crr: 0.000000000 0.000192911 0.999807089
JQ:/crrc/r: 0.086886488 0.000005515 0.913107998
JQ:/rc/c: 0.999553338 0.000446662 0.000000000
JQ:/rc/crr: 0.000000000 0.000012595 0.999987405
JQ:/rc/r: 0.000016785 0.000016785 0.999966429
JQ:/rrc/c: 0.004123131 0.995876869 0.000000000
JQ:/rrc/crr: 0.000000000 0.007299329 0.992700671
JQ:/rrc/r: 0.368927741 0.000040128 0.631032131
K:/c: 0.999990000 0.000010000 0.000000000
K:/crr: 0.000000000 0.999995000 0.000005000
K:/r: 0.567788634 0.432204699 0.000006667
KJ:/cc/c: 0.500000000 0.500000000 0.000000000
KJ:/cc/crr: 0.000000000 0.500000000 0.500000000
KJ:/cc/r: 0.333333333 0.333333333 0.333333333
KJ:/crc/c: 0.150836218 0.849163782 0.000000000
KJ:/crc/crr: 0.000000000 0.999983426 0.000016574
KJ:/crc/r: 0.000005236 0.745097026 0.254897739
KJ:/crrc/c: 0.317660864 0.682339136 0.000000000
KJ:/crrc/crr: 0.000000000 0.999996065 0.000003935
KJ:/crrc/r: 0.001994110 0.895059634 0.102946256
KJ:/rc/c: 0.429444831 0.570555169 0.000000000
KJ:/rc/crr: 0.000000000 0.825093136 0.174906864
KJ:/rc/r: 0.000019839 0.781607743 0.218372418
KJ:/rrc/c: 0.212344866 0.787655134 0.000000000
KJ:/rrc/crr: 0.000000000 0.999986176 0.000013824
KJ:/rrc/r: 0.001175368 0.953277324 0.045547308
KK:/cc/c: 0.500000000 0.500000000 0.000000000
KK:/cc/crr: 0.000000000 0.500000000 0.500000000
KK:/cc/r: 0.333333333 0.333333333 0.333333333
KK:/crc/c: 0.999995000 0.000005000 0.000000000
KK:/crc/crr: 0.000000000 0.999997500 0.000002500
KK:/crc/r: 0.979186231 0.020810435 0.000003333
KK:/crrc/c: 0.999997500 0.000002500 0.000000000
KK:/crrc/crr: 0.000000000 0.999998750 0.000001250
KK:/crrc/r: 0.998486105 0.001512228 0.000001667
KK:/rc/c: 0.999992288 0.000007712 0.000000000
KK:/rc/crr: 0.000000000 0.999996144 0.000003856
KK:/rc/r: 0.999972308 0.000022551 0.000005142
KK:/rrc/c: 0.999994129 0.000005871 0.000000000
KK:/rrc/crr: 0.000000000 0.999997065 0.000002935
KK:/rrc/r: 0.998966778 0.001029309 0.000003914
KQ:/cc/c: 0.500000000 0.500000000 0.000000000
KQ:/cc/crr: 0.000000000 0.500000000 0.500000000
KQ:/cc/r: 0.333333333 0.333333333 0.333333333
KQ:/crc/c: 0.000005000 0.999995000 0.000000000
KQ:/crc/crr: 0.000000000 0.500000000 0.500000000
KQ:/crc/r: 0.000011523 0.450271924 0.549716554
KQ:/crrc/c: 0.649399616 0.350600384 0.000000000
KQ:/crrc/crr: 0.000000000 0.429052000 0.570948000
KQ:/crrc/r: 0.000045601 0.878826535 0.121127863
KQ:/rc/c: 0.000007712 0.999992288 0.000000000
KQ:/rc/crr: 0.000000000 0.500000000 0.500000000
KQ:/rc/r: 0.000006415 0.307515971 0.692477614
KQ:/rrc/c: 0.471156234 0.528843766 0.000000000
KQ:/rrc/crr: 0.000000000 0.460685351 0.539314649
KQ:/rrc/r: 0.085812239 0.555264462 0.358923300
Q:/c: 0.849689421 0.150310579 0.000000000
Q:/crr: 0.000000000 0.999994115 0.000005885
Q:/r: 0.338820074 0.661131616 0.000048310
QJ:/cc/c: 0.000272240 0.999727760 0.000000000
QJ:/cc/crr: 0.000000000 0.061094089 0.938905911
QJ:/cc/r: 0.000022176 0.000022176 0.999955647
QJ:/crc/c: 0.447010791 0.552989209 0.000000000
QJ:/crc/crr: 0.000000000 0.000043097 0.999956903
QJ:/crc/r: 0.000003923 0.000003923 0.999992154
QJ:/crrc/c: 0.000002942 0.999997058 0.000000000
QJ:/crrc/crr: 0.000000000 0.500000000 0.500000000
QJ:/crrc/r: 0.000001962 0.000001962 0.999996077
QJ:/rc/c: 0.000005042 0.999994958 0.000000000
QJ:/rc/crr: 0.000000000 0.500000000 0.500000000
QJ:/rc/r: 0.022316241 0.000003361 0.977680397
QJ:/rrc/c: 0.000009838 0.999990162 0.000000000
QJ:/rrc/crr: 0.000000000 0.500000000 0.500000000
QJ:/rrc/r: 0.000006559 0.000006559 0.999986883
QK:/cc/c: 0.072134611 0.927865389 0.000000000
QK:/cc/crr: 0.000000000 0.999769428 0.000230572
QK:/cc/r: 0.000022176 0.759532349 0.240445475
QK:/crc/c: 0.294983702 0.705016298 0.000000000
QK:/crc/crr: 0.000000000 0.000018319 0.999981681
QK:/crc/r: 0.000035616 0.454488176 0.545476208
QK:/crrc/c: 0.142467264 0.857532736 0.000000000
QK:/crrc/crr: 0.000000000 0.000202123 0.999797877
QK:/crrc/r: 0.000027144 0.243014418 0.756958438
QK:/rc/c: 0.372972841 0.627027159 0.000000000
QK:/rc/crr: 0.000000000 0.000105063 0.999894937
QK:/rc/r: 0.000003361 0.322541951 0.677454688
QK:/rrc/c: 0.425134014 0.574865986 0.000000000
QK:/rrc/crr: 0.000000000 0.000257199 0.999742801
QK:/rrc/r: 0.000006559 0.502354291 0.497639151
QQ:/cc/c: 0.999966736 0.000033264 0.000000000
QQ:/cc/crr: 0.000000000 0.999983367 0.000016633
QQ:/cc/r: 0.999946704 0.000031120 0.000022176
QQ:/crc/c: 0.999994115 0.000005885 0.000000000
QQ:/crc/crr: 0.000000000 0.999997058 0.000002942
QQ:/crc/r: 0.999893754 0.000102323 0.000003923
QQ:/crrc/c: 0.999997058 0.000002942 0.000000000
QQ:/crrc/crr: 0.000000000 0.999998529 0.000001471
QQ:/crrc/r: 0.999838795 0.000159243 0.000001962
QQ:/rc/c: 0.999994958 0.000005042 0.000000000
QQ:/rc/crr: 0.000000000 0.999997479 0.000002521
QQ:/rc/r: 0.999993278 0.000003361 0.000003361
QQ:/rrc/c: 0.999990162 0.000009838 0.000000000
QQ:/rrc/crr: 0.000000000 0.999995081 0.000004919
QQ:/rrc/r: 0.999983951 0.000009490 0.000006559
