J:/c: 0.289774465 0.710225535 0.000000000
J:/crr: 0.000000000 0.999982745 0.000017255
J:/r: 0.055291992 0.126115667 0.818592341
JJ:/cc/c: 0.999992960 0.000007040 0.000000000
JJ:/cc/crr: 0.000000000 0.999996480 0.000003520
JJ:/cc/r: 0.999982735 0.000012572 0.000004693
JJ:/crc/c: 0.999982745 0.000017255 0.000000000
JJ:/crc/crr: 0.000000000 0.999991372 0.000008628
JJ:/crc/r: 0.999976994 0.000011503 0.000011503
JJ:/crrc/c: 0.999991372 0.000008628 0.000000000
JJ:/crrc/crr: 0.000000000 0.999995686 0.000004314
JJ:/crrc/r: 0.999988497 0.000005752 0.000005752
JJ:/rc/c: 0.999973569 0.000026431 0.000000000
JJ:/rc/crr: 0.000000000 0.999986784 0.000013216
JJ:/rc/r: 0.999961975 0.000020404 0.000017621
JJ:/rrc/c: 0.999939714 0.000060286 0.000000000
JJ:/rrc/crr: 0.000000000 0.999969855 0.000030145
JJ:/rrc/r: 0.999735207 0.000224602 0.000040191
JK:/cc/c: 0.005885857 0.994114143 0.000000000
JK:/cc/crr: 0.000000000 0.000598045 0.999401955
JK:/cc/r: 0.000012399 0.000004693 0.999982907
JK:/crc/c: 0.524383815 0.475616185 0.000000000
JK:/crc/crr: 0.000000000 0.000016452 0.999983548
JK:/crc/r: 0.113682734 0.000011503 0.886305763
JK:/crrc/c: 0.439633674 0.560366326 0.000000000
JK:/crrc/crr: 0.000000000 0.000009812 0.999990188
JK:/crrc/r: 0.192862171 0.000005752 0.807132078
JK:/rc/c: 0.389989370 0.610010630 0.000000000
JK:/rc/crr: 0.000000000 0.000033887 0.999966113
JK:/rc/r: 0.362274705 0.000017621 0.637707674
JK:/rrc/c: 0.999595230 0.000404770 0.000000000
JK:/rrc/crr: 0.000000000 0.000030155 0.999969845
JK:/rrc/r: 0.317391229 0.000040750 0.682568020
JQ:/cc/c: 0.068391172 0.931608828 0.000000000
JQ:/cc/crr: 0.000000000 0.000051469 0.999948531
JQ:/cc/r: 0.038779874 0.000004693 0.961215433
JQ:/crc/c: 0.393867956 0.606132044 0.000000000
JQ:/crc/crr: 0.000000000 0.000021904 0.999978096
JQ:/crc/r: 0.078001854 0.000011503 0.921986643
JQ:/crrc/c: 0.050080551 0.949919449 0.000000000
JQ:/crrc/crr: 0.000000000 0.000086137 0.999913863
JQ:/crrc/r: 0.242746431 0.000005752 0.757247817
JQ:/rc/c: 0.989237303 0.010762697 0.000000000
JQ:/rc/crr: 0.000000000 0.000013359 0.999986641
JQ:/rc/r: 0.000155022 0.000017621 0.999827357
JQ:/rrc/c: 0.010758180 0.989241820 0.000000000
JQ:/rrc/crr: 0.000000000 0.002801868 0.997198132
JQ:/rrc/r: 0.437514373 0.000040191 0.562445436
K:/c: 0.999932440 0.000067560 0.000000000
K:/crr: 0.000000000 0.999995000 0.000005000
K:/r: 0.585222483 0.414770851 0.000006667
KJ:/cc/c: 0.226458304 0.773541696 0.000000000
KJ:/cc/crr: 0.000000000 0.836595208 0.163404792
KJ:/cc/r: 0.249996192 0.100484520 0.649519289
KJ:/crc/c: 0.151752684 0.848247316 0.000000000
KJ:/crc/crr: 0.000000000 0.999983525 0.000016475
KJ:/crc/r: 0.000106132 0.776206757 0.223687111
KJ:/crrc/c: 0.245857766 0.754142234 0.000000000
KJ:/crrc/crr: 0.000000000 0.999994915 0.000005085
KJ:/crrc/r: 0.047076683 0.825978459 0.126944859
KJ:/rc/c: 0.425532581 0.574467419 0.000000000
KJ:/rc/crr: 0.000000000 0.734429683 0.265570317
KJ:/rc/r: 0.025959678 0.725278271 0.248762051
KJ:/rrc/c: 0.181954855 0.818045145 0.000000000
KJ:/rrc/crr: 0.000000000 0.996257844 0.003742156
KJ:/rrc/r: 0.044988218 0.879191479 0.075820303
KK:/cc/c: 0.925991256 0.074008744 0.000000000
KK:/cc/crr: 0.000000000 0.960038098 0.039961902
KK:/cc/r: 0.816501463 0.134159374 0.049339163
KK:/crc/c: 0.999995000 0.000005000 0.000000000
KK:/crc/crr: 0.000000000 0.999997500 0.000002500
KK:/crc/r: 0.721493020 0.278503647 0.000003334
KK:/crrc/c: 0.999997500 0.000002500 0.000000000
KK:/crrc/crr: 0.000000000 0.999998750 0.000001250
KK:/crrc/r: 0.999996666 0.000001667 0.000001667
KK:/rc/c: 0.999991963 0.000008037 0.000000000
KK:/rc/crr: 0.000000000 0.999995982 0.000004018
KK:/rc/r: 0.999979864 0.000014778 0.000005358
KK:/rrc/c: 0.999994304 0.000005696 0.000000000
KK:/rrc/crr: 0.000000000 0.999997152 0.000002848
KK:/rrc/r: 0.999977876 0.000018327 0.000003797
KQ:/cc/c: 0.380504157 0.619495843 0.000000000
KQ:/cc/crr: 0.000000000 0.902749099 0.097250901
KQ:/cc/r: 0.250389761 0.660300392 0.089309847
KQ:/crc/c: 0.293553401 0.706446599 0.000000000
KQ:/crc/crr: 0.000000000 0.001386650 0.998613350
KQ:/crc/r: 0.000081771 0.438473751 0.561444479
KQ:/crrc/c: 0.598203890 0.401796110 0.000000000
KQ:/crrc/crr: 0.000000000 0.394237342 0.605762658
KQ:/crrc/r: 0.000017907 0.705119348 0.294862745
KQ:/rc/c: 0.001225614 0.998774386 0.000000000
KQ:/rc/crr: 0.000000000 0.066769581 0.933230419
KQ:/rc/r: 0.000025373 0.301743874 0.698230753
KQ:/rrc/c: 0.514080967 0.485919033 0.000000000
KQ:/rrc/crr: 0.000000000 0.471996692 0.528003308
KQ:/rrc/r: 0.077322660 0.550184568 0.372492772
Q:/c: 0.852129843 0.147870157 0.000000000
Q:/crr: 0.000000000 0.999994132 0.000005868
Q:/r: 0.372426306 0.627529718 0.000043976
QJ:/cc/c: 0.000624021 0.999375979 0.000000000
QJ:/cc/crr: 0.000000000 0.027093184 0.972906816
QJ:/cc/r: 0.000050277 0.000022542 0.999927181
QJ:/crc/c: 0.440774296 0.559225704 0.000000000
QJ:/crc/crr: 0.000000000 0.017475104 0.982524896
QJ:/crc/r: 0.000003912 0.000003912 0.999992176
QJ:/crrc/c: 0.000136256 0.999863744 0.000000000
QJ:/crrc/crr: 0.000000000 0.010765904 0.989234096
QJ:/crrc/r: 0.013885611 0.000001956 0.986112433
QJ:/rc/c: 0.000093309 0.999906691 0.000000000
QJ:/rc/crr: 0.000000000 0.028463626 0.971536374
QJ:/rc/r: 0.019244003 0.000003541 0.980752456
QJ:/rrc/c: 0.000261934 0.999738066 0.000000000
QJ:/rrc/crr: 0.000000000 0.017085060 0.982914940
QJ:/rrc/r: 0.000087223 0.000009399 0.999903378
QK:/cc/c: 0.320004945 0.679995055 0.000000000
QK:/cc/crr: 0.000000000 0.999947167 0.000052833
QK:/cc/r: 0.000236996 0.737435157 0.262327847
QK:/crc/c: 0.378034052 0.621965948 0.000000000
QK:/crc/crr: 0.000000000 0.005598320 0.994401680
QK:/crc/r: 0.000353636 0.458388619 0.541257745
QK:/crrc/c: 0.041656430 0.958343570 0.000000000
QK:/crrc/crr: 0.000000000 0.006114666 0.993885334
QK:/crrc/r: 0.000067648 0.288701680 0.711230672
QK:/rc/c: 0.363082781 0.636917219 0.000000000
QK:/rc/crr: 0.000000000 0.012055418 0.987944582
QK:/rc/r: 0.000008288 0.306811768 0.693179944
QK:/rrc/c: 0.418200217 0.581799783 0.000000000
QK:/rrc/crr: 0.000000000 0.038489412 0.961510588
QK:/rrc/r: 0.000087641 0.503225496 0.496686863
QQ:/cc/c: 0.999966187 0.000033813 0.000000000
QQ:/cc/crr: 0.000000000 0.999983093 0.000016907
QQ:/cc/r: 0.999915747 0.000061711 0.000022542
QQ:/crc/c: 0.999994132 0.000005868 0.000000000
QQ:/crc/crr: 0.000000000 0.999997066 0.000002934
QQ:/crc/r: 0.821394645 0.178601444 0.000003912
QQ:/crrc/c: 0.999997066 0.000002934 0.000000000
QQ:/crrc/crr: 0.000000000 0.999998533 0.000001467
QQ:/crrc/r: 0.999996088 0.000001956 0.000001956
QQ:/rc/c: 0.999994688 0.000005312 0.000000000
QQ:/rc/crr: 0.000000000 0.999997344 0.000002656
QQ:/rc/r: 0.773628958 0.226367501 0.000003541
QQ:/rrc/c: 0.999991050 0.000008950 0.000000000
QQ:/rrc/crr: 0.000000000 0.999995525 0.000004475
QQ:/rrc/r: 0.999958116 0.000035917 0.000005967
