J:/: 0.073202154 0.926797846 0.000000000
J:/cr: 0.019299995 0.032960915 0.947739090
J:/rr: 0.000000000 0.999931696 0.000068304
JJ:/cc/: 0.000106950 0.999893050 0.000000000
JJ:/cc/cr: 0.999993666 0.000004536 0.000001798
JJ:/cc/rr: 0.000000000 0.974778401 0.025221599
JJ:/crc/: 0.742412969 0.257587031 0.000000000
JJ:/crc/cr: 0.999858795 0.000070602 0.000070602
JJ:/crc/rr: 0.000000000 0.999963256 0.000036744
JJ:/crrc/: 0.964892959 0.035107041 0.000000000
JJ:/crrc/cr: 0.998230620 0.000884690 0.000884690
JJ:/crrc/rr: 0.000000000 0.999951717 0.000048283
JJ:/rc/: 0.957783102 0.042216898 0.000000000
JJ:/rc/cr: 0.998921380 0.000539310 0.000539310
JJ:/rc/rr: 0.000000000 0.999964343 0.000035657
JJ:/rrc/: 0.999965846 0.000034154 0.000000000
JJ:/rrc/cr: 0.333333333 0.333333333 0.333333333
JJ:/rrc/rr: 0.000000000 0.999982922 0.000017078
JK:/cc/: 0.077145585 0.922854415 0.000000000
JK:/cc/cr: 0.000091772 0.000001949 0.999906279
JK:/cc/rr: 0.000000000 0.000034966 0.999965034
JK:/crc/: 0.026289766 0.973710234 0.000000000
JK:/crc/cr: 0.000018677 0.000018677 0.999962645
JK:/crc/rr: 0.000000000 0.001037643 0.998962357
JK:/crrc/: 0.999906823 0.000093177 0.000000000
JK:/crrc/cr: 0.333333333 0.333333333 0.333333333
JK:/crrc/rr: 0.000000000 0.000046593 0.999953407
JK:/rc/: 0.999931696 0.000068304 0.000000000
JK:/rc/cr: 0.333333333 0.333333333 0.333333333
JK:/rc/rr: 0.000000000 0.000034154 0.999965846
JK:/rrc/: 0.542458848 0.457541152 0.000000000
JK:/rrc/cr: 0.946925576 0.000024883 0.053049542
JK:/rrc/rr: 0.000000000 0.000031481 0.999968519
JQ:/cc/: 0.166314967 0.833685033 0.000000000
JQ:/cc/cr: 0.000002157 0.000002157 0.999995686
JQ:/cc/rr: 0.000000000 0.000016219 0.999983781
JQ:/crc/: 0.998456120 0.001543880 0.000000000
JQ:/crc/cr: 0.011779575 0.011779575 0.976440850
JQ:/crc/rr: 0.000000000 0.000027322 0.999972678
JQ:/crrc/: 0.013819170 0.986180830 0.000000000
JQ:/crrc/cr: 0.175537897 0.000031494 0.824430609
JQ:/crrc/rr: 0.000000000 0.003371278 0.996628722
JQ:/rc/: 0.999923122 0.000076878 0.000000000
JQ:/rc/cr: 0.296156346 0.296156346 0.407687308
JQ:/rc/rr: 0.000000000 0.000034155 0.999965845
JQ:/rrc/: 0.139292432 0.860707568 0.000000000
JQ:/rrc/cr: 0.000013227 0.000013227 0.999973546
JQ:/rrc/rr: 0.000000000 0.000122599 0.999877401
K:/: 0.753287817 0.246712183 0.000000000
K:/cr: 0.728035709 0.271950780 0.000013511
K:/rr: 0.000000000 0.999993362 0.000006638
KJ:/cc/: 0.000020267 0.999979733 0.000000000
KJ:/cc/cr: 0.000006756 0.000006756 0.999986489
KJ:/cc/rr: 0.000000000 0.500000000 0.500000000
KJ:/crc/: 0.000051137 0.999948863 0.000000000
KJ:/crc/cr: 0.000008281 0.999983439 0.000008281
KJ:/crc/rr: 0.000000000 0.757113970 0.242886030
KJ:/crrc/: 0.073116609 0.926883391 0.000000000
KJ:/crrc/cr: 0.000094977 0.999643332 0.000261691
KJ:/crrc/rr: 0.000000000 0.467736290 0.532263710
KJ:/rc/: 0.075885748 0.924114252 0.000000000
KJ:/rc/cr: 0.002898966 0.986398096 0.010702937
KJ:/rc/rr: 0.000000000 0.310146914 0.689853086
KJ:/rrc/: 0.081698344 0.918301656 0.000000000
KJ:/rrc/cr: 0.000001888 0.999996907 0.000001205
KJ:/rrc/rr: 0.000000000 0.516672306 0.483327694
KK:/cc/: 0.990669043 0.009330957 0.000000000
KK:/cc/cr: 0.998552022 0.000723989 0.000723989
KK:/cc/rr: 0.000000000 0.999989771 0.000010229
KK:/crc/: 0.075497478 0.924502522 0.000000000
KK:/crc/cr: 0.999982087 0.000008957 0.000008957
KK:/crc/rr: 0.000000000 0.999835485 0.000164515
KK:/crrc/: 0.985401670 0.014598330 0.000000000
KK:/crrc/cr: 0.999576249 0.000211876 0.000211876
KK:/crrc/rr: 0.000000000 0.999995292 0.000004708
KK:/rc/: 0.820669848 0.179330152 0.000000000
KK:/rc/cr: 0.999975325 0.000012338 0.000012338
KK:/rc/rr: 0.000000000 0.999995956 0.000004044
KK:/rrc/: 0.533609809 0.466390191 0.000000000
KK:/rrc/cr: 0.999995256 0.000002372 0.000002372
KK:/rrc/rr: 0.000000000 0.999996890 0.000003110
KQ:/cc/: 0.000140118 0.999859882 0.000000000
KQ:/cc/cr: 0.000006756 0.428449429 0.571543814
KQ:/cc/rr: 0.000000000 0.927680453 0.072319547
KQ:/crc/: 0.945624693 0.054375307 0.000000000
KQ:/crc/cr: 0.000152281 0.503837219 0.496010501
KQ:/crc/rr: 0.000000000 0.000013135 0.999986865
KQ:/crrc/: 0.012087029 0.987912971 0.000000000
KQ:/crrc/cr: 0.009402794 0.693340445 0.297256761
KQ:/crrc/rr: 0.000000000 0.395540091 0.604459909
KQ:/rc/: 0.000006638 0.999993362 0.000000000
KQ:/rc/cr: 0.000021404 0.480602642 0.519375953
KQ:/rc/rr: 0.000000000 0.500000000 0.500000000
KQ:/rrc/: 0.721643246 0.278356754 0.000000000
KQ:/rrc/cr: 0.026083503 0.914811501 0.059104997
KQ:/rrc/rr: 0.000000000 0.389014387 0.610985613
Q:/: 0.754934251 0.245065749 0.000000000
Q:/cr: 0.177141452 0.822829529 0.000029019
Q:/rr: 0.000000000 0.999993377 0.000006623
QJ:/cc/: 0.000020403 0.999979597 0.000000000
QJ:/cc/cr: 0.000006801 0.000006801 0.999986398
QJ:/cc/rr: 0.000000000 0.500000000 0.500000000
QJ:/crc/: 0.022439974 0.977560026 0.000000000
QJ:/crc/cr: 0.009021937 0.000002818 0.990975244
QJ:/crc/rr: 0.000000000 0.000184164 0.999815836
QJ:/crrc/: 0.007917025 0.992082975 0.000000000
QJ:/crrc/cr: 0.000012900 0.000012900 0.999974201
QJ:/crrc/rr: 0.000000000 0.002424677 0.997575323
QJ:/rc/: 0.007159504 0.992840496 0.000000000
QJ:/rc/cr: 0.000002224 0.000002224 0.999995553
QJ:/rc/rr: 0.000000000 0.000462539 0.999537461
QJ:/rrc/: 0.000003312 0.999996688 0.000000000
QJ:/rrc/cr: 0.000001104 0.000001104 0.999997792
QJ:/rrc/rr: 0.000000000 0.500000000 0.500000000
QK:/cc/: 0.383260041 0.616739959 0.000000000
QK:/cc/cr: 0.166181966 0.833806401 0.000011633
QK:/cc/rr: 0.000000000 0.999973383 0.000026617
QK:/crc/: 0.002745056 0.997254944 0.000000000
QK:/crc/cr: 0.000003004 0.556275324 0.443721673
QK:/crc/rr: 0.000000000 0.001505480 0.998494520
QK:/crrc/: 0.970473260 0.029526740 0.000000000
QK:/crrc/cr: 0.000433420 0.547348261 0.452218319
QK:/crrc/rr: 0.000000000 0.000531774 0.999468226
QK:/rc/: 0.436855926 0.563144074 0.000000000
QK:/rc/cr: 0.006794211 0.546198066 0.447007723
QK:/rc/rr: 0.000000000 0.208141956 0.791858044
QK:/rrc/: 0.131836753 0.868163247 0.000000000
QK:/rrc/cr: 0.000008830 0.301057066 0.698934104
QK:/rrc/rr: 0.000000000 0.000012559 0.999987441
QQ:/cc/: 0.474573962 0.525426038 0.000000000
QQ:/cc/cr: 0.999950808 0.000036249 0.000012944
QQ:/cc/rr: 0.000000000 0.999978504 0.000021496
QQ:/crc/: 0.991911300 0.008088700 0.000000000
QQ:/crc/cr: 0.999318782 0.000340609 0.000340609
QQ:/crc/rr: 0.000000000 0.999995834 0.000004166
QQ:/crrc/: 0.080970838 0.919029162 0.000000000
QQ:/crrc/cr: 0.999971340 0.000014735 0.000013925
QQ:/crrc/rr: 0.000000000 0.999762924 0.000237076
QQ:/rc/: 0.486849925 0.513150075 0.000000000
QQ:/rc/cr: 0.999981252 0.000014445 0.000004302
QQ:/rc/rr: 0.000000000 0.999993198 0.000006802
QQ:/rrc/: 0.991522861 0.008477139 0.000000000
QQ:/rrc/cr: 0.999739569 0.000130216 0.000130216
QQ:/rrc/rr: 0.000000000 0.999998330 0.000001670
