J:/c: 0.302291740 0.697708260 0.000000000
J:/crr: 0.000000000 0.999983460 0.000016540
J:/r: 0.054068314 0.126404414 0.819527272
JJ:/cc/c: 0.999992834 0.000007166 0.000000000
JJ:/cc/crr: 0.000000000 0.999996417 0.000003583
JJ:/cc/r: 0.999990445 0.000004778 0.000004778
JJ:/crc/c: 0.999983460 0.000016540 0.000000000
JJ:/crc/crr: 0.000000000 0.999991730 0.000008270
JJ:/crc/r: 0.999053824 0.000935149 0.000011027
JJ:/crrc/c: 0.999991730 0.000008270 0.000000000
JJ:/crrc/crr: 0.000000000 0.999995865 0.000004135
JJ:/crrc/r: 0.999729657 0.000264829 0.000005514
JJ:/rc/c: 0.999973630 0.000026370 0.000000000
JJ:/rc/crr: 0.000000000 0.999986814 0.000013186
JJ:/rc/r: 0.999677872 0.000304548 0.000017580
JJ:/rrc/c: 0.999938350 0.000061650 0.000000000
JJ:/rrc/crr: 0.000000000 0.999969173 0.000030827
JJ:/rrc/r: 0.999890735 0.000068164 0.000041100
JK:/cc/c: 0.007579049 0.992420951 0.000000000
JK:/cc/crr: 0.000000000 0.000472772 0.999527228
JK:/cc/r: 0.000004778 0.000004778 0.999990445
JK:/crc/c: 0.534131003 0.465868997 0.000000000
JK:/crc/crr: 0.000000000 0.000015483 0.999984517
JK:/crc/r: 0.000069270 0.000011027 0.999919703
JK:/crrc/c: 0.417141532 0.582858468 0.000000000
JK:/crrc/crr: 0.000000000 0.000009913 0.999990087
JK:/crrc/r: 0.243967455 0.000005514 0.756027031
JK:/rc/c: 0.386175250 0.613824750 0.000000000
JK:/rc/crr: 0.000000000 0.000034143 0.999965857
JK:/rc/r: 0.358463652 0.000017580 0.641518768
JK:/rrc/c: 0.999938350 0.000061650 0.000000000
JK:/rrc/crr: 0.000000000 0.000030827 0.999969173
JK:/rrc/r: 0.322411447 0.000041100 0.677547453
JQ:/cc/c: 0.076619561 0.923380439 0.000000000
JQ:/cc/crr: 0.000000000 0.000046766 0.999953234
JQ:/cc/r: 0.038395771 0.000004778 0.961599451
JQ:/crc/c: 0.560048444 0.439951556 0.000000000
JQ:/crc/crr: 0.000000000 0.000014767 0.999985233
JQ:/crc/r: 0.000058089 0.000011027 0.999930884
JQ:/crrc/c: 0.000685552 0.999314448 0.000000000
JQ:/crrc/crr: 0.000000000 0.006031852 0.993968148
JQ:/crrc/r: 0.301459010 0.000005514 0.698535476
JQ:/rc/c: 0.999125087 0.000874913 0.000000000
JQ:/rc/crr: 0.000000000 0.000013197 0.999986803
JQ:/rc/r: 0.000017580 0.000017580 0.999964839
JQ:/rrc/c: 0.006362412 0.993637588 0.000000000
JQ:/rrc/crr: 0.000000000 0.004844892 0.995155108
JQ:/rrc/r: 0.518389282 0.000041100 0.481569617
K:/c: 0.999990000 0.000010000 0.000000000
K:/crr: 0.000000000 0.999995000 0.000005000
K:/r: 0.576981157 0.423012177 0.000006667
KJ:/cc/c: 0.500000000 0.500000000 0.000000000
KJ:/cc/crr: 0.000000000 0.500000000 0.500000000
KJ:/cc/r: 0.333333333 0.333333333 0.333333333
KJ:/crc/c: 0.178520763 0.821479237 0.000000000
KJ:/crc/crr: 0.000000000 0.999985996 0.000014004
KJ:/crc/r: 0.000029134 0.742820657 0.257150210
KJ:/crrc/c: 0.393225267 0.606774733 0.000000000
KJ:/crrc/crr: 0.000000000 0.989890931 0.010109069
KJ:/crrc/r: 0.000012922 0.943944570 0.056042508
KJ:/rc/c: 0.400981345 0.599018655 0.000000000
KJ:/rc/crr: 0.000000000 0.834730785 0.165269215
KJ:/rc/r: 0.000026291 0.983838036 0.016135673
KJ:/rrc/c: 0.122619712 0.877380288 0.000000000
KJ:/rrc/crr: 0.000000000 0.999976443 0.000023557
KJ:/rrc/r: 0.040510307 0.896046823 0.063442869
KK:/cc/c: 0.500000000 0.500000000 0.000000000
KK:/cc/crr: 0.000000000 0.500000000 0.500000000
KK:/cc/r: 0.333333333 0.333333333 0.333333333
KK:/crc/c: 0.999995000 0.000005000 0.000000000
KK:/crc/crr: 0.000000000 0.999997500 0.000002500
KK:/crc/r: 0.999668694 0.000327973 0.000003333
KK:/crrc/c: 0.999997500 0.000002500 0.000000000
KK:/crrc/crr: 0.000000000 0.999998750 0.000001250
KK:/crrc/r: 0.999966874 0.000031459 0.000001667
KK:/rc/c: 0.999992120 0.000007880 0.000000000
KK:/rc/crr: 0.000000000 0.999996060 0.000003940
KK:/rc/r: 0.999980106 0.000014640 0.000005253
KK:/rrc/c: 0.999994223 0.000005777 0.000000000
KK:/rrc/crr: 0.000000000 0.999997111 0.000002889
KK:/rrc/r: 0.999447076 0.000549072 0.000003851
KQ:/cc/c: 0.500000000 0.500000000 0.000000000
KQ:/cc/crr: 0.000000000 0.500000000 0.500000000
KQ:/cc/r: 0.333333333 0.333333333 0.333333333
KQ:/crc/c: 0.028182913 0.971817087 0.000000000
KQ:/crc/crr: 0.000000000 0.004460477 0.995539523
KQ:/crc/r: 0.000016997 0.443330088 0.556652915
KQ:/crrc/c: 0.676239873 0.323760127 0.000000000
KQ:/crrc/crr: 0.000000000 0.440566978 0.559433022
KQ:/crrc/r: 0.000456764 0.718526869 0.281016367
KQ:/rc/c: 0.000734484 0.999265516 0.000000000
KQ:/rc/crr: 0.000000000 0.039470001 0.960529999
KQ:/rc/r: 0.000019616 0.310307514 0.689672870
KQ:/rrc/c: 0.507210987 0.492789013 0.000000000
KQ:/rrc/crr: 0.000000000 0.470679648 0.529320352
KQ:/rrc/r: 0.045638464 0.591317461 0.363044075
Q:/c: 0.850101357 0.149898643 0.000000000
Q:/crr: 0.000000000 0.999994118 0.000005882
Q:/r: 0.367579059 0.632364786 0.000056156
QJ:/cc/c: 0.000033356 0.999966644 0.000000000
QJ:/cc/crr: 0.000000000 0.500000000 0.500000000
QJ:/cc/r: 0.000022237 0.000022237 0.999955526
QJ:/crc/c: 0.427518266 0.572481734 0.000000000
QJ:/crc/crr: 0.000000000 0.000026541 0.999973459
QJ:/crc/r: 0.000003921 0.000003921 0.999992158
QJ:/crrc/c: 0.000002941 0.999997059 0.000000000
QJ:/crrc/crr: 0.000000000 0.500000000 0.500000000
QJ:/crrc/r: 0.006725019 0.000001961 0.993273020
QJ:/rc/c: 0.000005271 0.999994729 0.000000000
QJ:/rc/crr: 0.000000000 0.500000000 0.500000000
QJ:/rc/r: 0.001321542 0.000003514 0.998674944
QJ:/rrc/c: 0.000009068 0.999990932 0.000000000
QJ:/rrc/crr: 0.000000000 0.500000000 0.500000000
QJ:/rrc/r: 0.000074095 0.000006046 0.999919859
QK:/cc/c: 0.037887973 0.962112027 0.000000000
QK:/cc/crr: 0.000000000 0.999559809 0.000440191
QK:/cc/r: 0.000060263 0.759063292 0.240876446
QK:/crc/c: 0.299523823 0.700476177 0.000000000
QK:/crc/crr: 0.000000000 0.000481435 0.999518565
QK:/crc/r: 0.000045696 0.457475112 0.542479192
QK:/crrc/c: 0.184059092 0.815940908 0.000000000
QK:/crrc/crr: 0.000000000 0.000591865 0.999408135
QK:/crrc/r: 0.000030973 0.272163842 0.727805185
QK:/rc/c: 0.374486612 0.625513388 0.000000000
QK:/rc/crr: 0.000000000 0.018195561 0.981804439
QK:/rc/r: 0.000009345 0.315311235 0.684679419
QK:/rrc/c: 0.429643428 0.570356572 0.000000000
QK:/rrc/crr: 0.000000000 0.065771744 0.934228256
QK:/rrc/r: 0.000074329 0.511312726 0.488612945
QQ:/cc/c: 0.999966644 0.000033356 0.000000000
QQ:/cc/crr: 0.000000000 0.999983322 0.000016678
QQ:/cc/r: 0.999776151 0.000201612 0.000022237
QQ:/crc/c: 0.999994118 0.000005882 0.000000000
QQ:/crc/crr: 0.000000000 0.999997059 0.000002941
QQ:/crc/r: 0.999937066 0.000059013 0.000003921
QQ:/crrc/c: 0.999997059 0.000002941 0.000000000
QQ:/crrc/crr: 0.000000000 0.999998530 0.000001470
QQ:/crrc/r: 0.999902823 0.000095217 0.000001961
QQ:/rc/c: 0.999994729 0.000005271 0.000000000
QQ:/rc/crr: 0.000000000 0.999997364 0.000002636
QQ:/rc/r: 0.988323647 0.011672839 0.000003514
QQ:/rrc/c: 0.999990932 0.000009068 0.000000000
QQ:/rrc/crr: 0.000000000 0.999995466 0.000004534
QQ:/rrc/r: 0.999953154 0.000040801 0.000006046
