J:/c: 0.305661539 0.694338461 0.000000000
J:/crr: 0.000000000 0.999983642 0.000016358
J:/r: 0.054591108 0.125986927 0.819421964
JJ:/cc/c: 0.999992799 0.000007201 0.000000000
JJ:/cc/crr: 0.000000000 0.999996399 0.000003601
JJ:/cc/r: 0.999990399 0.000004801 0.000004801
JJ:/crc/c: 0.999983642 0.000016358 0.000000000
JJ:/crc/crr: 0.000000000 0.999991821 0.000008179
JJ:/crc/r: 0.999838839 0.000150255 0.000010905
JJ:/crrc/c: 0.999991821 0.000008179 0.000000000
JJ:/crrc/crr: 0.000000000 0.999995910 0.000004090
JJ:/crrc/r: 0.999974465 0.000020082 0.000005453
JJ:/rc/c: 0.999973542 0.000026458 0.000000000
JJ:/rc/crr: 0.000000000 0.999986771 0.000013229
JJ:/rc/r: 0.999957244 0.000025118 0.000017639
JJ:/rrc/c: 0.999938940 0.000061060 0.000000000
JJ:/rrc/crr: 0.000000000 0.999969468 0.000030532
JJ:/rrc/r: 0.999788344 0.000170949 0.000040707
JK:/cc/c: 0.001793227 0.998206773 0.000000000
JK:/cc/crr: 0.000000000 0.002007861 0.997992139
JK:/cc/r: 0.000004801 0.000004801 0.999990399
JK:/crc/c: 0.507175402 0.492824598 0.000000000
JK:/crc/crr: 0.000000000 0.000016127 0.999983873
JK:/crc/r: 0.012698891 0.000010905 0.987290204
JK:/crrc/c: 0.445493741 0.554506259 0.000000000
JK:/crrc/crr: 0.000000000 0.000009180 0.999990820
JK:/crrc/r: 0.187877247 0.000005453 0.812117300
JK:/rc/c: 0.385714191 0.614285809 0.000000000
JK:/rc/crr: 0.000000000 0.000034297 0.999965703
JK:/rc/r: 0.374618548 0.000017639 0.625363813
JK:/rrc/c: 0.999897648 0.000102352 0.000000000
JK:/rrc/crr: 0.000000000 0.000030533 0.999969467
JK:/rrc/r: 0.302540889 0.000040707 0.697418404
JQ:/cc/c: 0.072050248 0.927949752 0.000000000
JQ:/cc/crr: 0.000000000 0.000049973 0.999950027
JQ:/cc/r: 0.033762443 0.000004801 0.966232757
JQ:/crc/c: 0.396928126 0.603071874 0.000000000
JQ:/crc/crr: 0.000000000 0.000020606 0.999979394
JQ:/crc/r: 0.000064251 0.000010905 0.999924844
JQ:/crrc/c: 0.060215905 0.939784095 0.000000000
JQ:/crrc/crr: 0.000000000 0.000067915 0.999932085
JQ:/crrc/r: 0.264395319 0.000005453 0.735599228
JQ:/rc/c: 0.995989151 0.004010849 0.000000000
JQ:/rc/crr: 0.000000000 0.000013282 0.999986718
JQ:/rc/r: 0.000030231 0.000017639 0.999952131
JQ:/rrc/c: 0.010435372 0.989564628 0.000000000
JQ:/rrc/crr: 0.000000000 0.002925627 0.997074373
JQ:/rrc/r: 0.451940134 0.000040707 0.548019160
K:/c: 0.999969593 0.000030407 0.000000000
K:/crr: 0.000000000 0.999995000 0.000005000
K:/r: 0.580357878 0.419635455 0.000006667
KJ:/cc/c: 0.324260679 0.675739321 0.000000000
KJ:/cc/crr: 0.000000000 0.746448863 0.253551137
KJ:/cc/r: 0.498569970 0.217061231 0.284368799
KJ:/crc/c: 0.195238504 0.804761496 0.000000000
KJ:/crc/crr: 0.000000000 0.999987195 0.000012805
KJ:/crc/r: 0.000056622 0.720214823 0.279728555
KJ:/crrc/c: 0.354285199 0.645714801 0.000000000
KJ:/crrc/crr: 0.000000000 0.999996472 0.000003528
KJ:/crrc/r: 0.071675796 0.745334721 0.182989484
KJ:/rc/c: 0.418370443 0.581629557 0.000000000
KJ:/rc/crr: 0.000000000 0.807728432 0.192271568
KJ:/rc/r: 0.031434218 0.726260770 0.242305012
KJ:/rrc/c: 0.229637629 0.770362371 0.000000000
KJ:/rrc/crr: 0.000000000 0.999987494 0.000012506
KJ:/rrc/r: 0.044439352 0.881813650 0.073746998
KK:/cc/c: 0.835566673 0.164433327 0.000000000
KK:/cc/crr: 0.000000000 0.901603706 0.098396294
KK:/cc/r: 0.573698317 0.316679465 0.109622218
KK:/crc/c: 0.999995000 0.000005000 0.000000000
KK:/crc/crr: 0.000000000 0.999997500 0.000002500
KK:/crc/r: 0.999970994 0.000025673 0.000003333
KK:/crrc/c: 0.999997500 0.000002500 0.000000000
KK:/crrc/crr: 0.000000000 0.999998750 0.000001250
KK:/crrc/r: 0.999993559 0.000004774 0.000001667
KK:/rc/c: 0.999992057 0.000007943 0.000000000
KK:/rc/crr: 0.000000000 0.999996028 0.000003972
KK:/rc/r: 0.999979072 0.000015632 0.000005296
KK:/rrc/c: 0.999994256 0.000005744 0.000000000
KK:/rrc/crr: 0.000000000 0.999997128 0.000002872
KK:/rrc/r: 0.999839307 0.000156864 0.000003829
KQ:/cc/c: 0.490732127 0.509267873 0.000000000
KQ:/cc/crr: 0.000000000 0.832461216 0.167538784
KQ:/cc/r: 0.501005898 0.384636557 0.114357544
KQ:/crc/c: 0.251599529 0.748400471 0.000000000
KQ:/crc/crr: 0.000000000 0.000736910 0.999263090
KQ:/crc/r: 0.000019451 0.441601644 0.558378905
KQ:/crrc/c: 0.592585501 0.407414499 0.000000000
KQ:/crrc/crr: 0.000000000 0.397416783 0.602583217
KQ:/crrc/r: 0.001383310 0.670816385 0.327800305
KQ:/rc/c: 0.000106290 0.999893710 0.000000000
KQ:/rc/crr: 0.000000000 0.962633377 0.037366623
KQ:/rc/r: 0.000024151 0.296912136 0.703063712
KQ:/rrc/c: 0.500896662 0.499103338 0.000000000
KQ:/rrc/crr: 0.000000000 0.500225440 0.499774560
KQ:/rrc/r: 0.075503846 0.550129623 0.374366530
Q:/c: 0.850041652 0.149958348 0.000000000
Q:/crr: 0.000000000 0.999994118 0.000005882
Q:/r: 0.368682666 0.631229093 0.000088240
QJ:/cc/c: 0.000514594 0.999485406 0.000000000
QJ:/cc/crr: 0.000000000 0.032397011 0.967602989
QJ:/cc/r: 0.000022228 0.000022228 0.999955543
QJ:/crc/c: 0.396400643 0.603599357 0.000000000
QJ:/crc/crr: 0.000000000 0.036565974 0.963434026
QJ:/crc/r: 0.000198265 0.000003921 0.999797813
QJ:/crrc/c: 0.000058490 0.999941510 0.000000000
QJ:/crrc/crr: 0.000000000 0.025141307 0.974858693
QJ:/crrc/r: 0.028497250 0.000001961 0.971500789
QJ:/rc/c: 0.000045404 0.999954596 0.000000000
QJ:/rc/crr: 0.000000000 0.058152909 0.941847091
QJ:/rc/r: 0.019285790 0.000003520 0.980710689
QJ:/rrc/c: 0.000225263 0.999774737 0.000000000
QJ:/rrc/crr: 0.000000000 0.020068067 0.979931933
QJ:/rrc/r: 0.000072653 0.000006027 0.999921320
QK:/cc/c: 0.082018331 0.917981669 0.000000000
QK:/cc/crr: 0.000000000 0.999796737 0.000203263
QK:/cc/r: 0.000091670 0.725027581 0.274880749
QK:/crc/c: 0.349479930 0.650520070 0.000000000
QK:/crc/crr: 0.000000000 0.006349516 0.993650484
QK:/crc/r: 0.000121172 0.526985585 0.472893244
QK:/crrc/c: 0.046421161 0.953578839 0.000000000
QK:/crrc/crr: 0.000000000 0.007168998 0.992831002
QK:/crrc/r: 0.000041273 0.289955230 0.710003496
QK:/rc/c: 0.371012914 0.628987086 0.000000000
QK:/rc/crr: 0.000000000 0.005509749 0.994490251
QK:/rc/r: 0.000014635 0.303351669 0.696633696
QK:/rrc/c: 0.427066006 0.572933994 0.000000000
QK:/rrc/crr: 0.000000000 0.071293508 0.928706492
QK:/rrc/r: 0.000074279 0.513665958 0.486259764
QQ:/cc/c: 0.999966657 0.000033343 0.000000000
QQ:/cc/crr: 0.000000000 0.999983328 0.000016672
QQ:/cc/r: 0.999934604 0.000043168 0.000022228
QQ:/crc/c: 0.999994118 0.000005882 0.000000000
QQ:/crc/crr: 0.000000000 0.999997059 0.000002941
QQ:/crc/r: 0.999937587 0.000058492 0.000003921
QQ:/crrc/c: 0.999997059 0.000002941 0.000000000
QQ:/crrc/crr: 0.000000000 0.999998529 0.000001471
QQ:/crrc/r: 0.999996079 0.000001961 0.000001961
QQ:/rc/c: 0.999994719 0.000005281 0.000000000
QQ:/rc/crr: 0.000000000 0.999997360 0.000002640
QQ:/rc/r: 0.982380066 0.017616413 0.000003520
QQ:/rrc/c: 0.999990959 0.000009041 0.000000000
QQ:/rrc/crr: 0.000000000 0.999995479 0.000004521
QQ:/rrc/r: 0.999961397 0.000032576 0.000006027
