J:/c: 0.293552337 0.706447663 0.000000000
J:/crr: 0.000000000 0.999982967 0.000017033
J:/r: 0.055068401 0.133021316 0.811910283
JJ:/cc/c: 0.999992922 0.000007078 0.000000000
JJ:/cc/crr: 0.000000000 0.999996461 0.000003539
JJ:/cc/r: 0.999982810 0.000012472 0.000004718
JJ:/crc/c: 0.999982967 0.000017033 0.000000000
JJ:/crc/crr: 0.000000000 0.999991483 0.000008517
JJ:/crc/r: 0.999977290 0.000011355 0.000011355
JJ:/crrc/c: 0.999991483 0.000008517 0.000000000
JJ:/crrc/crr: 0.000000000 0.999995742 0.000004258
JJ:/crrc/r: 0.999988645 0.000005678 0.000005678
JJ:/rc/c: 0.999974941 0.000025059 0.000000000
JJ:/rc/crr: 0.000000000 0.999987470 0.000012530
JJ:/rc/r: 0.999965342 0.000017952 0.000016706
JJ:/rrc/c: 0.999939469 0.000060531 0.000000000
JJ:/rrc/crr: 0.000000000 0.999969733 0.000030267
JJ:/rrc/r: 0.999757314 0.000202332 0.000040354
JK:/cc/c: 0.005307576 0.994692424 0.000000000
JK:/cc/crr: 0.000000000 0.133928781 0.866071219
JK:/cc/r: 0.000009892 0.000004718 0.999985390
JK:/crc/c: 0.531177470 0.468822530 0.000000000
JK:/crc/crr: 0.000000000 0.000016033 0.999983967
JK:/crc/r: 0.062256802 0.000011355 0.937731843
JK:/crrc/c: 0.416572089 0.583427911 0.000000000
JK:/crrc/crr: 0.000000000 0.000010222 0.999989778
JK:/crrc/r: 0.239755508 0.000005678 0.760238814
JK:/rc/c: 0.364796042 0.635203958 0.000000000
JK:/rc/crr: 0.000000000 0.000034346 0.999965654
JK:/rc/r: 0.356535296 0.000016706 0.643447998
JK:/rrc/c: 0.999801791 0.000198209 0.000000000
JK:/rrc/crr: 0.000000000 0.000030271 0.999969729
JK:/rrc/r: 0.268586756 0.000040354 0.731372890
JQ:/cc/c: 0.070325610 0.929674390 0.000000000
JQ:/cc/crr: 0.000000000 0.000050321 0.999949679
JQ:/cc/r: 0.041628520 0.000004718 0.958366762
JQ:/crc/c: 0.459951129 0.540048871 0.000000000
JQ:/crc/crr: 0.000000000 0.000018516 0.999981484
JQ:/crc/r: 0.036785714 0.000011355 0.963202931
JQ:/crrc/c: 0.029060448 0.970939552 0.000000000
JQ:/crrc/crr: 0.000000000 0.000146531 0.999853469
JQ:/crrc/r: 0.142010217 0.000005678 0.857984105
JQ:/rc/c: 0.983524523 0.016475477 0.000000000
JQ:/rc/crr: 0.000000000 0.000012739 0.999987261
JQ:/rc/r: 0.000016706 0.000016706 0.999966588
JQ:/rrc/c: 0.010074164 0.989925836 0.000000000
JQ:/rrc/crr: 0.000000000 0.003004258 0.996995742
JQ:/rrc/r: 0.390357796 0.000040354 0.609601850
K:/c: 0.999853275 0.000146725 0.000000000
K:/crr: 0.000000000 0.999994999 0.000005001
K:/r: 0.568296908 0.431696425 0.000006667
KJ:/cc/c: 0.101913502 0.898086498 0.000000000
KJ:/cc/crr: 0.000000000 0.832811800 0.167188200
KJ:/cc/r: 0.109359023 0.044494619 0.846146358
KJ:/crc/c: 0.107352869 0.892647131 0.000000000
KJ:/crc/crr: 0.000000000 0.999976709 0.000023291
KJ:/crc/r: 0.000107194 0.733266186 0.266626620
KJ:/crrc/c: 0.412479289 0.587520711 0.000000000
KJ:/crrc/crr: 0.000000000 0.895760062 0.104239938
KJ:/crrc/r: 0.012653987 0.854549304 0.132796709
KJ:/rc/c: 0.417600721 0.582399279 0.000000000
KJ:/rc/crr: 0.000000000 0.798446641 0.201553359
KJ:/rc/r: 0.036456270 0.727170564 0.236373166
KJ:/rrc/c: 0.256230939 0.743769061 0.000000000
KJ:/rrc/crr: 0.000000000 0.994517295 0.005482705
KJ:/rrc/r: 0.036776984 0.896661656 0.066561360
KK:/cc/c: 0.965922530 0.034077470 0.000000000
KK:/cc/crr: 0.000000000 0.982360143 0.017639857
KK:/cc/r: 0.916741093 0.060540594 0.022718313
KK:/crc/c: 0.999994999 0.000005001 0.000000000
KK:/crc/crr: 0.000000000 0.999997500 0.000002500
KK:/crc/r: 0.794099990 0.205896676 0.000003334
KK:/crrc/c: 0.999997500 0.000002500 0.000000000
KK:/crrc/crr: 0.000000000 0.999998750 0.000001250
KK:/crrc/r: 0.999996666 0.000001667 0.000001667
KK:/rc/c: 0.999992279 0.000007721 0.000000000
KK:/rc/crr: 0.000000000 0.999996139 0.000003861
KK:/rc/r: 0.999980214 0.000014639 0.000005148
KK:/rrc/c: 0.999994135 0.000005865 0.000000000
KK:/rrc/crr: 0.000000000 0.999997067 0.000002933
KK:/rrc/r: 0.999975341 0.000020748 0.000003910
KQ:/cc/c: 0.174813384 0.825186616 0.000000000
KQ:/cc/crr: 0.000000000 0.902531863 0.097468137
KQ:/cc/r: 0.111674882 0.852215527 0.036109591
KQ:/crc/c: 0.239137455 0.760862545 0.000000000
KQ:/crc/crr: 0.000000000 0.001253433 0.998746567
KQ:/crc/r: 0.000059831 0.435464630 0.564475538
KQ:/crrc/c: 0.634940059 0.365059941 0.000000000
KQ:/crrc/crr: 0.000000000 0.424037091 0.575962909
KQ:/crrc/r: 0.000003016 0.817717561 0.182279423
KQ:/rc/c: 0.001657395 0.998342605 0.000000000
KQ:/rc/crr: 0.000000000 0.023488067 0.976511933
KQ:/rc/r: 0.000023121 0.304384217 0.695592662
KQ:/rrc/c: 0.482808878 0.517191122 0.000000000
KQ:/rrc/crr: 0.000000000 0.463292185 0.536707815
KQ:/rrc/r: 0.083947397 0.546418524 0.369634079
Q:/c: 0.838112606 0.161887394 0.000000000
Q:/crr: 0.000000000 0.999994034 0.000005966
Q:/r: 0.346096023 0.653547212 0.000356764
QJ:/cc/c: 0.000469946 0.999530054 0.000000000
QJ:/cc/crr: 0.000000000 0.032860872 0.967139128
QJ:/cc/r: 0.000034349 0.000020590 0.999945061
QJ:/crc/c: 0.408998414 0.591001586 0.000000000
QJ:/crc/crr: 0.000000000 0.008407658 0.991592342
QJ:/crc/r: 0.000234137 0.000003977 0.999761886
QJ:/crrc/c: 0.000002983 0.999997017 0.000000000
QJ:/crrc/crr: 0.000000000 0.500000000 0.500000000
QJ:/crrc/r: 0.022297659 0.000001989 0.977700352
QJ:/rc/c: 0.000129126 0.999870874 0.000000000
QJ:/rc/crr: 0.000000000 0.019749663 0.980250337
QJ:/rc/r: 0.014580059 0.000003400 0.985416541
QJ:/rrc/c: 0.000266043 0.999733957 0.000000000
QJ:/rrc/crr: 0.000000000 0.018100920 0.981899080
QJ:/rrc/r: 0.000081729 0.000006421 0.999911850
QK:/cc/c: 0.121487382 0.878512618 0.000000000
QK:/cc/crr: 0.000000000 0.999872885 0.000127115
QK:/cc/r: 0.000120195 0.713389105 0.286490700
QK:/crc/c: 0.348667986 0.651332014 0.000000000
QK:/crc/crr: 0.000000000 0.000773785 0.999226215
QK:/crc/r: 0.000204778 0.482065504 0.517729718
QK:/crrc/c: 0.101479589 0.898520411 0.000000000
QK:/crrc/crr: 0.000000000 0.006475027 0.993524973
QK:/crrc/r: 0.000068255 0.271381069 0.728550676
QK:/rc/c: 0.381869513 0.618130487 0.000000000
QK:/rc/crr: 0.000000000 0.006843149 0.993156851
QK:/rc/r: 0.000009194 0.312936501 0.687054305
QK:/rrc/c: 0.419092824 0.580907176 0.000000000
QK:/rrc/crr: 0.000000000 0.037462510 0.962537490
QK:/rrc/r: 0.000092293 0.509268427 0.490639280
QQ:/cc/c: 0.999969114 0.000030886 0.000000000
QQ:/cc/crr: 0.000000000 0.999984557 0.000015443
QQ:/cc/r: 0.999922069 0.000057340 0.000020590
QQ:/crc/c: 0.999994034 0.000005966 0.000000000
QQ:/crc/crr: 0.000000000 0.999997017 0.000002983
QQ:/crc/r: 0.920206667 0.079789356 0.000003977
QQ:/crrc/c: 0.999997017 0.000002983 0.000000000
QQ:/crrc/crr: 0.000000000 0.999998509 0.000001491
QQ:/crrc/r: 0.999347765 0.000650246 0.000001989
QQ:/rc/c: 0.999994900 0.000005100 0.000000000
QQ:/rc/crr: 0.000000000 0.999997450 0.000002550
QQ:/rc/r: 0.999992628 0.000003972 0.000003400
QQ:/rrc/c: 0.999990369 0.000009631 0.000000000
QQ:/rrc/crr: 0.000000000 0.999995184 0.000004816
QQ:/rrc/r: 0.999956998 0.000036581 0.000006421
