J:/c: 0.291408577 0.708591423 0.000000000
J:/crr: 0.000000000 0.999982842 0.000017158
J:/r: 0.054561221 0.128480220 0.816958559
JJ:/cc/c: 0.999992944 0.000007056 0.000000000
JJ:/cc/crr: 0.000000000 0.999996472 0.000003528
JJ:/cc/r: 0.999982696 0.000012600 0.000004704
JJ:/crc/c: 0.999982842 0.000017158 0.000000000
JJ:/crc/crr: 0.000000000 0.999991421 0.000008579
JJ:/crc/r: 0.999977123 0.000011439 0.000011439
JJ:/crrc/c: 0.999991421 0.000008579 0.000000000
JJ:/crrc/crr: 0.000000000 0.999995710 0.000004290
JJ:/crrc/r: 0.999988561 0.000005719 0.000005719
JJ:/rc/c: 0.999974056 0.000025944 0.000000000
JJ:/rc/crr: 0.000000000 0.999987027 0.000012973
JJ:/rc/r: 0.999963609 0.000019094 0.000017296
JJ:/rrc/c: 0.999938907 0.000061093 0.000000000
JJ:/rrc/crr: 0.000000000 0.999969451 0.000030549
JJ:/rrc/r: 0.999733026 0.000226245 0.000040729
JK:/cc/c: 0.006723728 0.993276272 0.000000000
JK:/cc/crr: 0.000000000 0.000524728 0.999475272
JK:/cc/r: 0.000012949 0.000004704 0.999982347
JK:/crc/c: 0.534823124 0.465176876 0.000000000
JK:/crc/crr: 0.000000000 0.000016041 0.999983959
JK:/crc/r: 0.023323285 0.000011439 0.976665276
JK:/crrc/c: 0.468743105 0.531256895 0.000000000
JK:/crrc/crr: 0.000000000 0.000009151 0.999990849
JK:/crrc/r: 0.223227814 0.000005719 0.776766467
JK:/rc/c: 0.375629850 0.624370150 0.000000000
JK:/rc/crr: 0.000000000 0.000034534 0.999965466
JK:/rc/r: 0.359618977 0.000017296 0.640363727
JK:/rrc/c: 0.999745259 0.000254741 0.000000000
JK:/rrc/crr: 0.000000000 0.000030555 0.999969445
JK:/rrc/r: 0.293706692 0.000040729 0.706252579
JQ:/cc/c: 0.071887971 0.928112029 0.000000000
JQ:/cc/crr: 0.000000000 0.000049078 0.999950922
JQ:/cc/r: 0.035752097 0.000004704 0.964243199
JQ:/crc/c: 0.427396369 0.572603631 0.000000000
JQ:/crc/crr: 0.000000000 0.000020073 0.999979927
JQ:/crc/r: 0.075007483 0.000011439 0.924981078
JQ:/crrc/c: 0.039255091 0.960744909 0.000000000
JQ:/crrc/crr: 0.000000000 0.000109275 0.999890725
JQ:/crrc/r: 0.289859739 0.000005719 0.710134541
JQ:/rc/c: 0.987826607 0.012173393 0.000000000
JQ:/rc/crr: 0.000000000 0.000013132 0.999986868
JQ:/rc/r: 0.000017296 0.000017296 0.999965408
JQ:/rrc/c: 0.050509417 0.949490583 0.000000000
JQ:/rrc/crr: 0.000000000 0.000604773 0.999395227
JQ:/rrc/r: 0.449679352 0.000040729 0.550279919
K:/c: 0.999969301 0.000030699 0.000000000
K:/crr: 0.000000000 0.999995000 0.000005000
K:/r: 0.576511211 0.423482123 0.000006667
KJ:/cc/c: 0.497757473 0.502242527 0.000000000
KJ:/cc/crr: 0.000000000 0.836396451 0.163603549
KJ:/cc/r: 0.549111198 0.220817871 0.230070931
KJ:/crc/c: 0.098488445 0.901511555 0.000000000
KJ:/crc/crr: 0.000000000 0.999974616 0.000025384
KJ:/crc/r: 0.000099065 0.735061510 0.264839425
KJ:/crrc/c: 0.240367948 0.759632052 0.000000000
KJ:/crrc/crr: 0.000000000 0.886377178 0.113622822
KJ:/crrc/r: 0.044143973 0.840651099 0.115204929
KJ:/rc/c: 0.506814756 0.493185244 0.000000000
KJ:/rc/crr: 0.000000000 0.723815190 0.276184810
KJ:/rc/r: 0.063653385 0.749780384 0.186566231
KJ:/rrc/c: 0.472479592 0.527520408 0.000000000
KJ:/rrc/crr: 0.000000000 0.998222521 0.001777479
KJ:/rrc/r: 0.044673253 0.888420038 0.066906709
KK:/cc/c: 0.837130222 0.162869778 0.000000000
KK:/cc/crr: 0.000000000 0.902721361 0.097278639
KK:/cc/r: 0.592236692 0.299183456 0.108579852
KK:/crc/c: 0.999995000 0.000005000 0.000000000
KK:/crc/crr: 0.000000000 0.999997500 0.000002500
KK:/crc/r: 0.731844144 0.268152522 0.000003333
KK:/crrc/c: 0.999997500 0.000002500 0.000000000
KK:/crrc/crr: 0.000000000 0.999998750 0.000001250
KK:/crrc/r: 0.999996667 0.000001667 0.000001667
KK:/rc/c: 0.999992129 0.000007871 0.000000000
KK:/rc/crr: 0.000000000 0.999996064 0.000003936
KK:/rc/r: 0.999980223 0.000014530 0.000005247
KK:/rrc/c: 0.999994218 0.000005782 0.000000000
KK:/rrc/crr: 0.000000000 0.999997109 0.000002891
KK:/rrc/r: 0.999977543 0.000018603 0.000003855
KQ:/cc/c: 0.837130222 0.162869778 0.000000000
KQ:/cc/crr: 0.000000000 0.902721361 0.097278639
KQ:/cc/r: 0.549571241 0.253943789 0.196484970
KQ:/crc/c: 0.333132706 0.666867294 0.000000000
KQ:/crc/crr: 0.000000000 0.008215588 0.991784412
KQ:/crc/r: 0.000078871 0.431711342 0.568209787
KQ:/crrc/c: 0.640503225 0.359496775 0.000000000
KQ:/crrc/crr: 0.000000000 0.416809283 0.583190717
KQ:/crrc/r: 0.037834196 0.609654540 0.352511264
KQ:/rc/c: 0.001189970 0.998810030 0.000000000
KQ:/rc/crr: 0.000000000 0.055433265 0.944566735
KQ:/rc/r: 0.000024495 0.303536611 0.696438894
KQ:/rrc/c: 0.470091149 0.529908851 0.000000000
KQ:/rrc/crr: 0.000000000 0.620098309 0.379901691
KQ:/rrc/r: 0.069821559 0.552052305 0.378126136
Q:/c: 0.848073859 0.151926141 0.000000000
Q:/crr: 0.000000000 0.999994104 0.000005896
Q:/r: 0.362690293 0.637263931 0.000045777
QJ:/cc/c: 0.000684019 0.999315981 0.000000000
QJ:/cc/crr: 0.000000000 0.024056897 0.975943103
QJ:/cc/r: 0.000048730 0.000021940 0.999929330
QJ:/crc/c: 0.454423773 0.545576227 0.000000000
QJ:/crc/crr: 0.000000000 0.051330922 0.948669078
QJ:/crc/r: 0.000010002 0.000003930 0.999986068
QJ:/crrc/c: 0.000149552 0.999850448 0.000000000
QJ:/crrc/crr: 0.000000000 0.009855703 0.990144297
QJ:/crrc/r: 0.020545971 0.000001965 0.979452064
QJ:/rc/c: 0.000130558 0.999869442 0.000000000
QJ:/rc/crr: 0.000000000 0.020032077 0.979967923
QJ:/rc/r: 0.010371314 0.000003487 0.989625199
QJ:/rrc/c: 0.000289177 0.999710823 0.000000000
QJ:/rrc/crr: 0.000000000 0.015890898 0.984109102
QJ:/rrc/r: 0.000089050 0.000010087 0.999900863
QK:/cc/c: 0.027183591 0.972816409 0.000000000
QK:/cc/crr: 0.000000000 0.999394658 0.000605342
QK:/cc/r: 0.000266230 0.733793707 0.265940063
QK:/crc/c: 0.348737105 0.651262895 0.000000000
QK:/crc/crr: 0.000000000 0.011044575 0.988955425
QK:/crc/r: 0.000333319 0.473363675 0.526303006
QK:/crrc/c: 0.051158915 0.948841085 0.000000000
QK:/crrc/crr: 0.000000000 0.005077837 0.994922163
QK:/crrc/r: 0.000068867 0.298467198 0.701463935
QK:/rc/c: 0.380370655 0.619629345 0.000000000
QK:/rc/crr: 0.000000000 0.016283908 0.983716092
QK:/rc/r: 0.000006691 0.317113591 0.682879717
QK:/rrc/c: 0.428435354 0.571564646 0.000000000
QK:/rrc/crr: 0.000000000 0.063275437 0.936724563
QK:/rrc/r: 0.000090154 0.511408067 0.488501780
QQ:/cc/c: 0.999967089 0.000032911 0.000000000
QQ:/cc/crr: 0.000000000 0.999983544 0.000016456
QQ:/cc/r: 0.999918156 0.000059903 0.000021940
QQ:/crc/c: 0.999994104 0.000005896 0.000000000
QQ:/crc/crr: 0.000000000 0.999997052 0.000002948
QQ:/crc/r: 0.820097665 0.179898405 0.000003930
QQ:/crrc/c: 0.999997052 0.000002948 0.000000000
QQ:/crrc/crr: 0.000000000 0.999998526 0.000001474
QQ:/crrc/r: 0.999996070 0.000001965 0.000001965
QQ:/rc/c: 0.999994769 0.000005231 0.000000000
QQ:/rc/crr: 0.000000000 0.999997385 0.000002615
QQ:/rc/r: 0.999992763 0.000003750 0.000003487
QQ:/rrc/c: 0.999990809 0.000009191 0.000000000
QQ:/rrc/crr: 0.000000000 0.999995405 0.000004595
QQ:/rrc/r: 0.999956964 0.000036909 0.000006127
