J:/c: 0.298510774 0.701489226 0.000000000
J:/crr: 0.000000000 0.999983250 0.000016750
J:/r: 0.055520321 0.121875796 0.822603883
JJ:/cc/c: 0.999992872 0.000007128 0.000000000
JJ:/cc/crr: 0.000000000 0.999996436 0.000003564
JJ:/cc/r: 0.999990496 0.000004752 0.000004752
JJ:/crc/c: 0.999983250 0.000016750 0.000000000
JJ:/crc/crr: 0.000000000 0.999991625 0.000008375
JJ:/crc/r: 0.999934735 0.000054098 0.000011167
JJ:/crrc/c: 0.999991625 0.000008375 0.000000000
JJ:/crrc/crr: 0.000000000 0.999995812 0.000004188
JJ:/crrc/r: 0.999973934 0.000020483 0.000005583
JJ:/rc/c: 0.999972650 0.000027350 0.000000000
JJ:/rc/crr: 0.000000000 0.999986325 0.000013675
JJ:/rc/r: 0.999957665 0.000024101 0.000018233
JJ:/rrc/c: 0.999939962 0.000060038 0.000000000
JJ:/rrc/crr: 0.000000000 0.999969979 0.000030021
JJ:/rrc/r: 0.999765795 0.000194180 0.000040025
JK:/cc/c: 0.007498384 0.992501616 0.000000000
JK:/cc/crr: 0.000000000 0.000475282 0.999524718
JK:/cc/r: 0.000004752 0.000004752 0.999990496
JK:/crc/c: 0.516721449 0.483278551 0.000000000
JK:/crc/crr: 0.000000000 0.000016278 0.999983722
JK:/crc/r: 0.025883226 0.000011167 0.974105608
JK:/crrc/c: 0.310432425 0.689567575 0.000000000
JK:/crrc/crr: 0.000000000 0.000013489 0.999986511
JK:/crrc/r: 0.223228664 0.000005583 0.776765753
JK:/rc/c: 0.383097242 0.616902758 0.000000000
JK:/rc/crr: 0.000000000 0.000035696 0.999964304
JK:/rc/r: 0.363001529 0.000018233 0.636980237
JK:/rrc/c: 0.999819475 0.000180525 0.000000000
JK:/rrc/crr: 0.000000000 0.000030024 0.999969976
JK:/rrc/r: 0.373764079 0.000040025 0.626195896
JQ:/cc/c: 0.069273441 0.930726559 0.000000000
JQ:/cc/crr: 0.000000000 0.000051446 0.999948554
JQ:/cc/r: 0.036218837 0.000004752 0.963776411
JQ:/crc/c: 0.441286192 0.558713808 0.000000000
JQ:/crc/crr: 0.000000000 0.000018978 0.999981022
JQ:/crc/r: 0.064296867 0.000011167 0.935691967
JQ:/crrc/c: 0.034284420 0.965715580 0.000000000
JQ:/crrc/crr: 0.000000000 0.000122141 0.999877859
JQ:/crrc/r: 0.142448131 0.000005583 0.857546286
JQ:/rc/c: 0.993577684 0.006422316 0.000000000
JQ:/rc/crr: 0.000000000 0.000013764 0.999986236
JQ:/rc/r: 0.000039826 0.000018233 0.999941940
JQ:/rrc/c: 0.022674320 0.977325680 0.000000000
JQ:/rrc/crr: 0.000000000 0.001323922 0.998676078
JQ:/rrc/r: 0.500089902 0.000040025 0.499870072
K:/c: 0.999969238 0.000030762 0.000000000
K:/crr: 0.000000000 0.999995000 0.000005000
K:/r: 0.601189010 0.398804324 0.000006667
KJ:/cc/c: 0.427366515 0.572633485 0.000000000
KJ:/cc/crr: 0.000000000 0.809837774 0.190162226
KJ:/cc/r: 0.536600235 0.243149686 0.220250079
KJ:/crc/c: 0.119762066 0.880237934 0.000000000
KJ:/crc/crr: 0.000000000 0.999979125 0.000020875
KJ:/crc/r: 0.000112852 0.731769244 0.268117903
KJ:/crrc/c: 0.350068785 0.649931215 0.000000000
KJ:/crrc/crr: 0.000000000 0.999996429 0.000003571
KJ:/crrc/r: 0.019437030 0.871611169 0.108951801
KJ:/rc/c: 0.435785533 0.564214467 0.000000000
KJ:/rc/crr: 0.000000000 0.758647093 0.241352907
KJ:/rc/r: 0.022345716 0.740058318 0.237595966
KJ:/rrc/c: 0.201981170 0.798018830 0.000000000
KJ:/rrc/crr: 0.000000000 0.999986275 0.000013725
KJ:/rrc/r: 0.045614982 0.908410217 0.045974801
KK:/cc/c: 0.837462064 0.162537936 0.000000000
KK:/cc/crr: 0.000000000 0.902958031 0.097041969
KK:/cc/r: 0.601367954 0.290273422 0.108358624
KK:/crc/c: 0.999995000 0.000005000 0.000000000
KK:/crc/crr: 0.000000000 0.999997500 0.000002500
KK:/crc/r: 0.999973539 0.000023127 0.000003333
KK:/crrc/c: 0.999997500 0.000002500 0.000000000
KK:/crrc/crr: 0.000000000 0.999998750 0.000001250
KK:/crrc/r: 0.999994911 0.000003423 0.000001667
KK:/rc/c: 0.999991642 0.000008358 0.000000000
KK:/rc/crr: 0.000000000 0.999995821 0.000004179
KK:/rc/r: 0.999977023 0.000017405 0.000005572
KK:/rrc/c: 0.999994455 0.000005545 0.000000000
KK:/rrc/crr: 0.000000000 0.999997228 0.000002772
KK:/rrc/r: 0.999902987 0.000093316 0.000003696
KQ:/cc/c: 0.500570493 0.499429507 0.000000000
KQ:/cc/crr: 0.000000000 0.837647307 0.162352693
KQ:/cc/r: 0.533905131 0.343784370 0.122310500
KQ:/crc/c: 0.257827699 0.742172301 0.000000000
KQ:/crc/crr: 0.000000000 0.006637556 0.993362444
KQ:/crc/r: 0.000057630 0.429810741 0.570131629
KQ:/crrc/c: 0.623097233 0.376902767 0.000000000
KQ:/crrc/crr: 0.000000000 0.406021237 0.593978763
KQ:/crrc/r: 0.000537266 0.732349442 0.267113292
KQ:/rc/c: 0.000594894 0.999405106 0.000000000
KQ:/rc/crr: 0.000000000 0.072049347 0.927950653
KQ:/rc/r: 0.000027524 0.299737189 0.700235287
KQ:/rrc/c: 0.520308253 0.479691747 0.000000000
KQ:/rrc/crr: 0.000000000 0.487866394 0.512133606
KQ:/rrc/r: 0.065019869 0.553226837 0.381753294
Q:/c: 0.850506524 0.149493476 0.000000000
Q:/crr: 0.000000000 0.999994121 0.000005879
Q:/r: 0.394735503 0.605233410 0.000031087
QJ:/cc/c: 0.000493021 0.999506979 0.000000000
QJ:/cc/crr: 0.000000000 0.033919751 0.966080249
QJ:/cc/r: 0.000028270 0.000022298 0.999949433
QJ:/crc/c: 0.447155349 0.552844651 0.000000000
QJ:/crc/crr: 0.000000000 0.020154767 0.979845233
QJ:/crc/r: 0.000178081 0.000003919 0.999818000
QJ:/crrc/c: 0.000026642 0.999973358 0.000000000
QJ:/crrc/crr: 0.000000000 0.055165574 0.944834426
QJ:/crrc/r: 0.021674003 0.000001960 0.978324037
QJ:/rc/c: 0.000038546 0.999961454 0.000000000
QJ:/rc/crr: 0.000000000 0.071440239 0.928559761
QJ:/rc/r: 0.018467455 0.000003672 0.981528873
QJ:/rrc/c: 0.000215704 0.999784296 0.000000000
QJ:/rrc/crr: 0.000000000 0.019574223 0.980425777
QJ:/rrc/r: 0.000069567 0.000005630 0.999924803
QK:/cc/c: 0.015793276 0.984206724 0.000000000
QK:/cc/crr: 0.000000000 0.998941123 0.001058877
QK:/cc/r: 0.000117675 0.731761675 0.268120650
QK:/crc/c: 0.352843657 0.647156343 0.000000000
QK:/crc/crr: 0.000000000 0.002231037 0.997768963
QK:/crc/r: 0.000217584 0.453144062 0.546638354
QK:/crrc/c: 0.216677396 0.783322604 0.000000000
QK:/crrc/crr: 0.000000000 0.002515461 0.997484539
QK:/crrc/r: 0.000051152 0.284405410 0.715543438
QK:/rc/c: 0.364148774 0.635851226 0.000000000
QK:/rc/crr: 0.000000000 0.017652071 0.982347929
QK:/rc/r: 0.000008079 0.309529863 0.690462059
QK:/rrc/c: 0.431275265 0.568724735 0.000000000
QK:/rrc/crr: 0.000000000 0.054368045 0.945631955
QK:/rrc/r: 0.000072139 0.492084254 0.507843607
QQ:/cc/c: 0.999966554 0.000033446 0.000000000
QQ:/cc/crr: 0.000000000 0.999983276 0.000016724
QQ:/cc/r: 0.999935524 0.000042178 0.000022298
QQ:/crc/c: 0.999994121 0.000005879 0.000000000
QQ:/crc/crr: 0.000000000 0.999997061 0.000002939
QQ:/crc/r: 0.999928101 0.000067979 0.000003919
QQ:/crrc/c: 0.999997061 0.000002939 0.000000000
QQ:/crrc/crr: 0.000000000 0.999998530 0.000001470
QQ:/crrc/r: 0.999996081 0.000001960 0.000001960
QQ:/rc/c: 0.999994492 0.000005508 0.000000000
QQ:/rc/crr: 0.000000000 0.999997246 0.000002754
QQ:/rc/r: 0.999974278 0.000022050 0.000003672
QQ:/rrc/c: 0.999991556 0.000008444 0.000000000
QQ:/rrc/crr: 0.000000000 0.999995778 0.000004222
QQ:/rrc/r: 0.999962312 0.000032058 0.000005630
