J:/: 0.081004432 0.918995568 0.000000000
J:/cr: 0.016909700 0.039571687 0.943518613
J:/rr: 0.000000000 0.999938275 0.000061725
JJ:/cc/: 0.000282617 0.999717383 0.000000000
JJ:/cc/cr: 0.999996372 0.000001814 0.000001814
JJ:/cc/rr: 0.000000000 0.990374398 0.009625602
JJ:/crc/: 0.974851423 0.025148577 0.000000000
JJ:/crc/cr: 0.998785084 0.000607458 0.000607458
JJ:/crc/rr: 0.000000000 0.999976494 0.000023506
JJ:/crrc/: 0.965022931 0.034977069 0.000000000
JJ:/crrc/cr: 0.997955794 0.001022103 0.001022103
JJ:/crrc/rr: 0.000000000 0.999944431 0.000055569
JJ:/rc/: 0.927078573 0.072921427 0.000000000
JJ:/rc/cr: 0.999435694 0.000282153 0.000282153
JJ:/rc/rr: 0.000000000 0.999966710 0.000033290
JJ:/rrc/: 0.999428816 0.000571184 0.000000000
JJ:/rrc/cr: 0.963976119 0.018011940 0.018011940
JJ:/rrc/rr: 0.000000000 0.999984559 0.000015441
JK:/cc/: 0.079474076 0.920525924 0.000000000
JK:/cc/cr: 0.000575253 0.000001970 0.999422777
JK:/cc/rr: 0.000000000 0.000034230 0.999965770
JK:/crc/: 0.095849270 0.904150730 0.000000000
JK:/crc/cr: 0.078321166 0.000016896 0.921661938
JK:/crc/rr: 0.000000000 0.000239074 0.999760926
JK:/crrc/: 0.999826962 0.000173038 0.000000000
JK:/crrc/cr: 0.529922160 0.206602668 0.263475172
JK:/crrc/rr: 0.000000000 0.000053635 0.999946365
JK:/rc/: 0.996776735 0.003223265 0.000000000
JK:/rc/cr: 0.784323536 0.006383280 0.209293183
JK:/rc/rr: 0.000000000 0.000030962 0.999969038
JK:/rrc/: 0.512877760 0.487122240 0.000000000
JK:/rrc/cr: 0.738481692 0.000021120 0.261497187
JK:/rrc/rr: 0.000000000 0.000030089 0.999969911
JQ:/cc/: 0.207158333 0.792841667 0.000000000
JQ:/cc/cr: 0.000006512 0.000002287 0.999991200
JQ:/cc/rr: 0.000000000 0.000013132 0.999986868
JQ:/crc/: 0.992888887 0.007111113 0.000000000
JQ:/crc/cr: 0.002148285 0.002148285 0.995703430
JQ:/crc/rr: 0.000000000 0.000023079 0.999976921
JQ:/crrc/: 0.016083095 0.983916905 0.000000000
JQ:/crrc/cr: 0.109303150 0.000036335 0.890660516
JQ:/crrc/rr: 0.000000000 0.003334263 0.996665737
JQ:/rc/: 0.997758574 0.002241426 0.000000000
JQ:/rc/cr: 0.009179426 0.009179426 0.981641148
JQ:/rc/rr: 0.000000000 0.000030932 0.999969068
JQ:/rrc/: 0.093621321 0.906378679 0.000000000
JQ:/rrc/cr: 0.001328527 0.000011351 0.998660123
JQ:/rrc/rr: 0.000000000 0.000164836 0.999835164
K:/: 0.758979148 0.241020852 0.000000000
K:/cr: 0.653394509 0.346591661 0.000013830
K:/rr: 0.000000000 0.999993412 0.000006588
KJ:/cc/: 0.000052211 0.999947789 0.000000000
KJ:/cc/cr: 0.000051683 0.000011117 0.999937200
KJ:/cc/rr: 0.000000000 0.801335162 0.198664838
KJ:/crc/: 0.000073670 0.999926330 0.000000000
KJ:/crc/cr: 0.000286522 0.999706827 0.000006651
KJ:/crc/rr: 0.000000000 0.864589126 0.135410874
KJ:/crrc/: 0.071450996 0.928549004 0.000000000
KJ:/crrc/cr: 0.005984607 0.991546649 0.002468744
KJ:/crrc/rr: 0.000000000 0.411764441 0.588235559
KJ:/rc/: 0.082565367 0.917434633 0.000000000
KJ:/rc/cr: 0.006943285 0.966499258 0.026557457
KJ:/rc/rr: 0.000000000 0.337284450 0.662715550
KJ:/rrc/: 0.099323708 0.900676292 0.000000000
KJ:/rrc/cr: 0.000166153 0.999832628 0.000001219
KJ:/rrc/rr: 0.000000000 0.580190848 0.419809152
KK:/cc/: 0.995652779 0.004347221 0.000000000
KK:/cc/cr: 0.996818643 0.001590678 0.001590678
KK:/cc/rr: 0.000000000 0.999989582 0.000010418
KK:/crc/: 0.220564165 0.779435835 0.000000000
KK:/crc/cr: 0.999982935 0.000008532 0.000008532
KK:/crc/rr: 0.000000000 0.999954772 0.000045228
KK:/crrc/: 0.975002356 0.024997644 0.000000000
KK:/crrc/cr: 0.999717754 0.000141123 0.000141123
KK:/crrc/rr: 0.000000000 0.999994573 0.000005427
KK:/rc/: 0.861535576 0.138464424 0.000000000
KK:/rc/cr: 0.999968282 0.000015859 0.000015859
KK:/rc/rr: 0.000000000 0.999996177 0.000003823
KK:/rrc/: 0.524075403 0.475924597 0.000000000
KK:/rrc/cr: 0.999995386 0.000002307 0.000002307
KK:/rrc/rr: 0.000000000 0.999996857 0.000003143
KQ:/cc/: 0.000058481 0.999941519 0.000000000
KQ:/cc/cr: 0.000047679 0.428400739 0.571551582
KQ:/cc/rr: 0.000000000 0.822634153 0.177365847
KQ:/crc/: 0.868181864 0.131818136 0.000000000
KQ:/crc/cr: 0.000290365 0.652603071 0.347106564
KQ:/crc/rr: 0.000000000 0.000035659 0.999964341
KQ:/crrc/: 0.018123207 0.981876793 0.000000000
KQ:/crrc/cr: 0.035450389 0.668675246 0.295874364
KQ:/crrc/rr: 0.000000000 0.422416806 0.577583194
KQ:/rc/: 0.000130224 0.999869776 0.000000000
KQ:/rc/cr: 0.000037181 0.506302011 0.493660808
KQ:/rc/rr: 0.000000000 0.286351157 0.713648843
KQ:/rrc/: 0.695001409 0.304998591 0.000000000
KQ:/rrc/cr: 0.017323991 0.910638980 0.072037029
KQ:/rrc/rr: 0.000000000 0.398596901 0.601403099
Q:/: 0.724246551 0.275753449 0.000000000
Q:/cr: 0.139312684 0.858901260 0.001786055
Q:/rr: 0.000000000 0.999993096 0.000006904
QJ:/cc/: 0.000018132 0.999981868 0.000000000
QJ:/cc/cr: 0.000014576 0.000006044 0.999979379
QJ:/cc/rr: 0.000000000 0.500000000 0.500000000
QJ:/crc/: 0.029055657 0.970944343 0.000000000
QJ:/crc/cr: 0.002720040 0.000002416 0.997277544
QJ:/crc/rr: 0.000000000 0.000121094 0.999878906
QJ:/crrc/: 0.006934462 0.993065538 0.000000000
QJ:/crrc/cr: 0.000217335 0.000014563 0.999768103
QJ:/crrc/rr: 0.000000000 0.003128199 0.996871801
QJ:/rc/: 0.008475667 0.991524333 0.000000000
QJ:/rc/cr: 0.000004098 0.000002321 0.999993581
QJ:/rc/rr: 0.000000000 0.000407267 0.999592733
QJ:/rrc/: 0.000003452 0.999996548 0.000000000
QJ:/rrc/cr: 0.000001151 0.000001151 0.999997699
QJ:/rrc/rr: 0.000000000 0.500000000 0.500000000
QK:/cc/: 0.247920843 0.752079157 0.000000000
QK:/cc/cr: 0.980311437 0.019670148 0.000018416
QK:/cc/rr: 0.000000000 0.999963432 0.000036568
QK:/crc/: 0.007852916 0.992147084 0.000000000
QK:/crc/cr: 0.000002364 0.552353599 0.447644037
QK:/crc/rr: 0.000000000 0.000448047 0.999551953
QK:/crrc/: 0.948064387 0.051935613 0.000000000
QK:/crrc/cr: 0.000501617 0.376265073 0.623233310
QK:/crrc/rr: 0.000000000 0.000612082 0.999387918
QK:/rc/: 0.460460435 0.539539565 0.000000000
QK:/rc/cr: 0.036774066 0.510061705 0.453164229
QK:/rc/rr: 0.000000000 0.196425401 0.803574599
QK:/rrc/: 0.118076998 0.881923002 0.000000000
QK:/rrc/cr: 0.000001305 0.297211179 0.702787517
QK:/rrc/rr: 0.000000000 0.000714784 0.999285216
QQ:/cc/: 0.535565834 0.464434166 0.000000000
QQ:/cc/cr: 0.999973972 0.000013014 0.000013014
QQ:/cc/rr: 0.000000000 0.999983072 0.000016928
QQ:/crc/: 0.988784767 0.011215233 0.000000000
QQ:/crc/cr: 0.999581703 0.000209149 0.000209149
QQ:/crc/rr: 0.000000000 0.999996442 0.000003558
QQ:/crrc/: 0.150985356 0.849014644 0.000000000
QQ:/crrc/cr: 0.999965933 0.000017033 0.000017033
QQ:/crrc/rr: 0.000000000 0.999856328 0.000143672
QQ:/rc/: 0.567881696 0.432118304 0.000000000
QQ:/rc/cr: 0.999988948 0.000005727 0.000005325
QQ:/rc/rr: 0.000000000 0.999993922 0.000006078
QQ:/rrc/: 0.985719170 0.014280830 0.000000000
QQ:/rrc/cr: 0.999838857 0.000080572 0.000080572
QQ:/rrc/rr: 0.000000000 0.999998249 0.000001751
