J:/c: 0.293937173 0.706062827 0.000000000
J:/crr: 0.000000000 0.999982990 0.000017010
J:/r: 0.053473253 0.127809532 0.818717216
JJ:/cc/c: 0.999992918 0.000007082 0.000000000
JJ:/cc/crr: 0.000000000 0.999996459 0.000003541
JJ:/cc/r: 0.999986835 0.000008444 0.000004721
JJ:/crc/c: 0.999982990 0.000017010 0.000000000
JJ:/crc/crr: 0.000000000 0.999991495 0.000008505
JJ:/crc/r: 0.999977319 0.000011340 0.000011340
JJ:/crrc/c: 0.999991495 0.000008505 0.000000000
JJ:/crrc/crr: 0.000000000 0.999995747 0.000004253
JJ:/crrc/r: 0.999988660 0.000005670 0.000005670
JJ:/rc/c: 0.999973920 0.000026080 0.000000000
JJ:/rc/crr: 0.000000000 0.999986959 0.000013041
JJ:/rc/r: 0.999965038 0.000017575 0.000017387
JJ:/rrc/c: 0.999937664 0.000062336 0.000000000
JJ:/rrc/crr: 0.000000000 0.999968830 0.000031170
JJ:/rrc/r: 0.999791364 0.000167078 0.000041558
JK:/cc/c: 0.004403019 0.995596981 0.000000000
JK:/cc/crr: 0.000000000 0.000804167 0.999195833
JK:/cc/r: 0.000007320 0.000004721 0.999987959
JK:/crc/c: 0.513731037 0.486268963 0.000000000
JK:/crc/crr: 0.000000000 0.000016556 0.999983444
JK:/crc/r: 0.087352752 0.000011340 0.912635907
JK:/crrc/c: 0.471891647 0.528108353 0.000000000
JK:/crrc/crr: 0.000000000 0.000009012 0.999990988
JK:/crrc/r: 0.196344098 0.000005670 0.803650232
JK:/rc/c: 0.389051541 0.610948459 0.000000000
JK:/rc/crr: 0.000000000 0.000033518 0.999966482
JK:/rc/r: 0.362309864 0.000017387 0.637672749
JK:/rrc/c: 0.999910518 0.000089482 0.000000000
JK:/rrc/crr: 0.000000000 0.000031171 0.999968829
JK:/rrc/r: 0.312762273 0.000041558 0.687196169
JQ:/cc/c: 0.069269077 0.930730923 0.000000000
JQ:/cc/crr: 0.000000000 0.000051116 0.999948884
JQ:/cc/r: 0.035458572 0.000004721 0.964536707
JQ:/crc/c: 0.388692063 0.611307937 0.000000000
JQ:/crc/crr: 0.000000000 0.000021882 0.999978118
JQ:/crc/r: 0.073264703 0.000011340 0.926723957
JQ:/crrc/c: 0.029399481 0.970600519 0.000000000
JQ:/crrc/crr: 0.000000000 0.000144652 0.999855348
JQ:/crrc/r: 0.254349026 0.000005670 0.745645304
JQ:/rc/c: 0.993350397 0.006649603 0.000000000
JQ:/rc/crr: 0.000000000 0.000013128 0.999986872
JQ:/rc/r: 0.000022886 0.000017387 0.999959727
JQ:/rrc/c: 0.005776733 0.994223267 0.000000000
JQ:/rrc/crr: 0.000000000 0.005395477 0.994604523
JQ:/rrc/r: 0.456792543 0.000041558 0.543165899
K:/c: 0.999969590 0.000030410 0.000000000
K:/crr: 0.000000000 0.999995000 0.000005000
K:/r: 0.581162492 0.418830842 0.000006667
KJ:/cc/c: 0.241514854 0.758485146 0.000000000
KJ:/cc/crr: 0.000000000 0.659602615 0.340397385
KJ:/cc/r: 0.504268988 0.220255025 0.275475987
KJ:/crc/c: 0.100289143 0.899710857 0.000000000
KJ:/crc/crr: 0.000000000 0.999975071 0.000024929
KJ:/crc/r: 0.000099229 0.759443833 0.240456938
KJ:/crrc/c: 0.356842511 0.643157489 0.000000000
KJ:/crrc/crr: 0.000000000 0.999996497 0.000003503
KJ:/crrc/r: 0.014353038 0.897989706 0.087657257
KJ:/rc/c: 0.443208889 0.556791111 0.000000000
KJ:/rc/crr: 0.000000000 0.783392559 0.216607441
KJ:/rc/r: 0.022253369 0.740044834 0.237701797
KJ:/rrc/c: 0.193503552 0.806496448 0.000000000
KJ:/rrc/crr: 0.000000000 0.999985180 0.000014820
KJ:/rrc/r: 0.046918973 0.890157584 0.062923444
KK:/cc/c: 0.835577950 0.164422050 0.000000000
KK:/cc/crr: 0.000000000 0.901611783 0.098388217
KK:/cc/r: 0.604326837 0.286058463 0.109614700
KK:/crc/c: 0.999995000 0.000005000 0.000000000
KK:/crc/crr: 0.000000000 0.999997500 0.000002500
KK:/crc/r: 0.964805624 0.035191043 0.000003333
KK:/crrc/c: 0.999997500 0.000002500 0.000000000
KK:/crrc/crr: 0.000000000 0.999998750 0.000001250
KK:/crrc/r: 0.999956917 0.000041416 0.000001667
KK:/rc/c: 0.999992041 0.000007959 0.000000000
KK:/rc/crr: 0.000000000 0.999996021 0.000003979
KK:/rc/r: 0.999979547 0.000015147 0.000005306
KK:/rrc/c: 0.999994264 0.000005736 0.000000000
KK:/rrc/crr: 0.000000000 0.999997132 0.000002868
KK:/rrc/r: 0.999821004 0.000175172 0.000003824
KQ:/cc/c: 0.835577950 0.164422050 0.000000000
KQ:/cc/crr: 0.000000000 0.901611783 0.098388217
KQ:/cc/r: 0.498667388 0.388670917 0.112661696
KQ:/crc/c: 0.255921228 0.744078772 0.000000000
KQ:/crc/crr: 0.000000000 0.000365526 0.999634474
KQ:/crc/r: 0.000025105 0.443007411 0.556967484
KQ:/crrc/c: 0.619513278 0.380486722 0.000000000
KQ:/crrc/crr: 0.000000000 0.413741324 0.586258676
KQ:/crrc/r: 0.011837294 0.700667802 0.287494904
KQ:/rc/c: 0.000683515 0.999316485 0.000000000
KQ:/rc/crr: 0.000000000 0.111905208 0.888094792
KQ:/rc/r: 0.000021527 0.310477755 0.689500718
KQ:/rrc/c: 0.502007473 0.497992527 0.000000000
KQ:/rrc/crr: 0.000000000 0.465464918 0.534535082
KQ:/rrc/r: 0.073928203 0.551801944 0.374269853
Q:/c: 0.849185816 0.150814184 0.000000000
Q:/crr: 0.000000000 0.999994112 0.000005888
Q:/r: 0.367434396 0.632509594 0.000056009
QJ:/cc/c: 0.000346432 0.999653568 0.000000000
QJ:/cc/crr: 0.000000000 0.047849701 0.952150299
QJ:/cc/r: 0.000022102 0.000022102 0.999955795
QJ:/crc/c: 0.440681868 0.559318132 0.000000000
QJ:/crc/crr: 0.000000000 0.002317075 0.997682925
QJ:/crc/r: 0.000003925 0.000003925 0.999992149
QJ:/crrc/c: 0.000002944 0.999997056 0.000000000
QJ:/crrc/crr: 0.000000000 0.500000000 0.500000000
QJ:/crrc/r: 0.011059801 0.000001963 0.988938236
QJ:/rc/c: 0.000059614 0.999940386 0.000000000
QJ:/rc/crr: 0.000000000 0.044201391 0.955798609
QJ:/rc/r: 0.018864361 0.000003513 0.981132126
QJ:/rrc/c: 0.000154513 0.999845487 0.000000000
QJ:/rrc/crr: 0.000000000 0.029356393 0.970643607
QJ:/rrc/r: 0.000070869 0.000006048 0.999923083
QK:/cc/c: 0.260667239 0.739332761 0.000000000
QK:/cc/crr: 0.000000000 0.999936407 0.000063593
QK:/cc/r: 0.000102558 0.739355878 0.260541564
QK:/crc/c: 0.384152259 0.615847741 0.000000000
QK:/crc/crr: 0.000000000 0.003502154 0.996497846
QK:/crc/r: 0.000209437 0.450209372 0.549581191
QK:/crrc/c: 0.066433119 0.933566881 0.000000000
QK:/crrc/crr: 0.000000000 0.005363956 0.994636044
QK:/crrc/r: 0.000029628 0.293245349 0.706725023
QK:/rc/c: 0.353472958 0.646527042 0.000000000
QK:/rc/crr: 0.000000000 0.000359603 0.999640397
QK:/rc/r: 0.000004202 0.294597114 0.705398684
QK:/rrc/c: 0.444157199 0.555842801 0.000000000
QK:/rrc/crr: 0.000000000 0.086235690 0.913764310
QK:/rrc/r: 0.000080556 0.526514299 0.473405145
QQ:/cc/c: 0.999966847 0.000033153 0.000000000
QQ:/cc/crr: 0.000000000 0.999983423 0.000016577
QQ:/cc/r: 0.999933486 0.000044412 0.000022102
QQ:/crc/c: 0.999994112 0.000005888 0.000000000
QQ:/crc/crr: 0.000000000 0.999997056 0.000002944
QQ:/crc/r: 0.853089498 0.146906576 0.000003925
QQ:/crrc/c: 0.999997056 0.000002944 0.000000000
QQ:/crrc/crr: 0.000000000 0.999998528 0.000001472
QQ:/crrc/r: 0.999996075 0.000001963 0.000001963
QQ:/rc/c: 0.999994730 0.000005270 0.000000000
QQ:/rc/crr: 0.000000000 0.999997365 0.000002635
QQ:/rc/r: 0.930939683 0.069056803 0.000003513
QQ:/rrc/c: 0.999990928 0.000009072 0.000000000
QQ:/rrc/crr: 0.000000000 0.999995464 0.000004536
QQ:/rrc/r: 0.999959517 0.000034435 0.000006048
