J:/: 0.074024371 0.925975629 0.000000000
J:/cr: 0.018578951 0.035524617 0.945896431
J:/rr: 0.000000000 0.999932455 0.000067545
JJ:/cc/: 0.000105685 0.999894315 0.000000000
JJ:/cc/cr: 0.999993782 0.000004418 0.000001800
JJ:/cc/rr: 0.000000000 0.974453739 0.025546261
JJ:/crc/: 0.976905085 0.023094915 0.000000000
JJ:/crc/cr: 0.998537445 0.000731277 0.000731277
JJ:/crc/rr: 0.000000000 0.999974068 0.000025932
JJ:/crrc/: 0.995188455 0.004811545 0.000000000
JJ:/crrc/cr: 0.986576921 0.006711540 0.006711540
JJ:/crrc/rr: 0.000000000 0.999951326 0.000048674
JJ:/rc/: 0.947691885 0.052308115 0.000000000
JJ:/rc/cr: 0.999139135 0.000430432 0.000430432
JJ:/rc/rr: 0.000000000 0.999964363 0.000035637
JJ:/rrc/: 0.999966225 0.000033775 0.000000000
JJ:/rrc/cr: 0.333333333 0.333333333 0.333333333
JJ:/rrc/rr: 0.000000000 0.999983112 0.000016888
JK:/cc/: 0.079734599 0.920265401 0.000000000
JK:/cc/cr: 0.000001956 0.000001956 0.999996088
JK:/cc/rr: 0.000000000 0.000033861 0.999966139
JK:/crc/: 0.031530517 0.968469483 0.000000000
JK:/crc/cr: 0.008797271 0.000017439 0.991185290
JK:/crc/rr: 0.000000000 0.000803450 0.999196550
JK:/crrc/: 0.999903121 0.000096879 0.000000000
JK:/crrc/cr: 0.333333333 0.333333333 0.333333333
JK:/crrc/rr: 0.000000000 0.000048444 0.999951556
JK:/rc/: 0.999932455 0.000067545 0.000000000
JK:/rc/cr: 0.333333333 0.333333333 0.333333333
JK:/rc/rr: 0.000000000 0.000033775 0.999966225
JK:/rrc/: 0.568420321 0.431579679 0.000000000
JK:/rrc/cr: 0.983548410 0.000026086 0.016425503
JK:/rrc/rr: 0.000000000 0.000029709 0.999970291
JQ:/cc/: 0.178697962 0.821302038 0.000000000
JQ:/cc/cr: 0.000002192 0.000002192 0.999995617
JQ:/cc/rr: 0.000000000 0.000015108 0.999984892
JQ:/crc/: 0.996821827 0.003178173 0.000000000
JQ:/crc/cr: 0.851792289 0.005313993 0.142893718
JQ:/crc/rr: 0.000000000 0.000025414 0.999974586
JQ:/crrc/: 0.020768635 0.979231365 0.000000000
JQ:/crrc/cr: 0.184606970 0.000032978 0.815360052
JQ:/crrc/rr: 0.000000000 0.002332330 0.997667670
JQ:/rc/: 0.999897946 0.000102054 0.000000000
JQ:/rc/cr: 0.220618655 0.220618655 0.558762689
JQ:/rc/rr: 0.000000000 0.000033776 0.999966224
JQ:/rrc/: 0.121475163 0.878524837 0.000000000
JQ:/rrc/cr: 0.000012815 0.000012815 0.999974370
JQ:/rrc/rr: 0.000000000 0.000139020 0.999860980
K:/: 0.752790559 0.247209441 0.000000000
K:/cr: 0.689467681 0.310518835 0.000013484
K:/rr: 0.000000000 0.999993358 0.000006642
KJ:/cc/: 0.000020226 0.999979774 0.000000000
KJ:/cc/cr: 0.000006742 0.000006742 0.999986516
KJ:/cc/rr: 0.000000000 0.500000000 0.500000000
KJ:/crc/: 0.000021712 0.999978288 0.000000000
KJ:/crc/cr: 0.000007237 0.999985525 0.000007237
KJ:/crc/rr: 0.000000000 0.500000000 0.500000000
KJ:/crrc/: 0.069747501 0.930252499 0.000000000
KJ:/crrc/cr: 0.000003504 0.999992992 0.000003504
KJ:/crrc/rr: 0.000000000 0.999929901 0.000070099
KJ:/rc/: 0.069751650 0.930248350 0.000000000
KJ:/rc/cr: 0.002283619 0.988130455 0.009585926
KJ:/rc/rr: 0.000000000 0.320644690 0.679355310
KJ:/rrc/: 0.114770851 0.885229149 0.000000000
KJ:/rrc/cr: 0.000040373 0.999958376 0.000001251
KJ:/rrc/rr: 0.000000000 0.763718531 0.236281469
KK:/cc/: 0.999774674 0.000225326 0.000000000
KK:/cc/cr: 0.940158518 0.029920741 0.029920741
KK:/cc/rr: 0.000000000 0.999989885 0.000010115
KK:/crc/: 0.071068845 0.928931155 0.000000000
KK:/crc/cr: 0.999984418 0.000007791 0.000007791
KK:/crc/rr: 0.000000000 0.999847248 0.000152752
KK:/crrc/: 0.999112655 0.000887345 0.000000000
KK:/crrc/cr: 0.992653407 0.003673296 0.003673296
KK:/crrc/rr: 0.000000000 0.999995106 0.000004894
KK:/rc/: 0.817383664 0.182616336 0.000000000
KK:/rc/cr: 0.999975753 0.000012124 0.000012124
KK:/rc/rr: 0.000000000 0.999995937 0.000004063
KK:/rrc/: 0.533277506 0.466722494 0.000000000
KK:/rrc/cr: 0.999995256 0.000002372 0.000002372
KK:/rrc/rr: 0.000000000 0.999996886 0.000003114
KQ:/cc/: 0.000210602 0.999789398 0.000000000
KQ:/cc/cr: 0.000006743 0.468482378 0.531510878
KQ:/cc/rr: 0.000000000 0.951981083 0.048018917
KQ:/crc/: 0.904177977 0.095822023 0.000000000
KQ:/crc/cr: 0.000075528 0.552778628 0.447145843
KQ:/crc/rr: 0.000000000 0.000012006 0.999987994
KQ:/crrc/: 0.005958441 0.994041559 0.000000000
KQ:/crrc/cr: 0.012458134 0.691645521 0.295896345
KQ:/crrc/rr: 0.000000000 0.535057184 0.464942816
KQ:/rc/: 0.000006642 0.999993358 0.000000000
KQ:/rc/cr: 0.000006355 0.486235229 0.513758415
KQ:/rc/rr: 0.000000000 0.500000000 0.500000000
KQ:/rrc/: 0.715544780 0.284455220 0.000000000
KQ:/rrc/cr: 0.004987201 0.963784744 0.031228055
KQ:/rrc/rr: 0.000000000 0.391132970 0.608867030
Q:/: 0.742079397 0.257920603 0.000000000
Q:/cr: 0.153573260 0.846249863 0.000176877
Q:/rr: 0.000000000 0.999993262 0.000006738
QJ:/cc/: 0.000019386 0.999980614 0.000000000
QJ:/cc/cr: 0.000006462 0.000006462 0.999987076
QJ:/cc/rr: 0.000000000 0.500000000 0.500000000
QJ:/crc/: 0.032451753 0.967548247 0.000000000
QJ:/crc/cr: 0.001431592 0.000002631 0.998565777
QJ:/crc/rr: 0.000000000 0.000117651 0.999882349
QJ:/crrc/: 0.000042077 0.999957923 0.000000000
QJ:/crrc/cr: 0.000014026 0.000014026 0.999971947
QJ:/crrc/rr: 0.000000000 0.500000000 0.500000000
QJ:/rc/: 0.008145456 0.991854544 0.000000000
QJ:/rc/cr: 0.000002264 0.000002264 0.999995471
QJ:/rc/rr: 0.000000000 0.000413594 0.999586406
QJ:/rrc/: 0.000003369 0.999996631 0.000000000
QJ:/rrc/cr: 0.000001123 0.000001123 0.999997754
QJ:/rrc/rr: 0.000000000 0.500000000 0.500000000
QK:/cc/: 0.530982599 0.469017401 0.000000000
QK:/cc/cr: 0.045225500 0.954760722 0.000013778
QK:/cc/rr: 0.000000000 0.999981745 0.000018255
QK:/crc/: 0.001396924 0.998603076 0.000000000
QK:/crc/cr: 0.000002549 0.561573867 0.438423584
QK:/crc/rr: 0.000000000 0.002733136 0.997266864
QK:/crrc/: 0.999028231 0.000971769 0.000000000
QK:/crrc/cr: 0.014433202 0.568016896 0.417549903
QK:/crrc/rr: 0.000000000 0.000021059 0.999978941
QK:/rc/: 0.439495551 0.560504449 0.000000000
QK:/rc/cr: 0.001172621 0.534327579 0.464499801
QK:/rc/rr: 0.000000000 0.205889312 0.794110688
QK:/rrc/: 0.122820547 0.877179453 0.000000000
QK:/rrc/cr: 0.000028153 0.298578322 0.701393524
QK:/rrc/rr: 0.000000000 0.000013715 0.999986285
QQ:/cc/: 0.500054568 0.499945432 0.000000000
QQ:/cc/cr: 0.999974149 0.000012925 0.000012925
QQ:/cc/rr: 0.000000000 0.999980616 0.000019384
QQ:/crc/: 0.990368927 0.009631073 0.000000000
QQ:/crc/cr: 0.999471435 0.000264282 0.000264282
QQ:/crc/rr: 0.000000000 0.999996145 0.000003855
QQ:/crrc/: 0.060034143 0.939965857 0.000000000
QQ:/crrc/cr: 0.999970157 0.000014922 0.000014922
QQ:/crrc/rr: 0.000000000 0.999649556 0.000350444
QQ:/rc/: 0.501241547 0.498758453 0.000000000
QQ:/rc/cr: 0.999990935 0.000004562 0.000004503
QQ:/rc/rr: 0.000000000 0.999993279 0.000006721
QQ:/rrc/: 0.993498665 0.006501335 0.000000000
QQ:/rrc/cr: 0.999654539 0.000172730 0.000172730
QQ:/rrc/rr: 0.000000000 0.999998305 0.000001695
