J:/c: 0.302277702 0.697722298 0.000000000
J:/crr: 0.000000000 0.999983459 0.000016541
J:/r: 0.055910606 0.125421886 0.818667508
JJ:/cc/c: 0.999992834 0.000007166 0.000000000
JJ:/cc/crr: 0.000000000 0.999996417 0.000003583
JJ:/cc/r: 0.999485327 0.000509895 0.000004777
JJ:/crc/c: 0.999983459 0.000016541 0.000000000
JJ:/crc/crr: 0.000000000 0.999991729 0.000008271
JJ:/crc/r: 0.998858384 0.001130589 0.000011027
JJ:/crrc/c: 0.999991729 0.000008271 0.000000000
JJ:/crrc/crr: 0.000000000 0.999995865 0.000004135
JJ:/crrc/r: 0.999971018 0.000023468 0.000005514
JJ:/rc/c: 0.999973423 0.000026577 0.000000000
JJ:/rc/crr: 0.000000000 0.999986711 0.000013289
JJ:/rc/r: 0.999814491 0.000167791 0.000017718
JJ:/rrc/c: 0.999940381 0.000059619 0.000000000
JJ:/rrc/crr: 0.000000000 0.999970189 0.000029811
JJ:/rrc/r: 0.999920508 0.000039746 0.000039746
JK:/cc/c: 0.004078810 0.995921190 0.000000000
JK:/cc/crr: 0.000000000 0.000878464 0.999121536
JK:/cc/r: 0.000008963 0.000004777 0.999986259
JK:/crc/c: 0.540772326 0.459227674 0.000000000
JK:/crc/crr: 0.000000000 0.000015294 0.999984706
JK:/crc/r: 0.007437850 0.000011027 0.992551122
JK:/crrc/c: 0.445682673 0.554317327 0.000000000
JK:/crrc/crr: 0.000000000 0.000009279 0.999990721
JK:/crrc/r: 0.228629126 0.000005514 0.771365360
JK:/rc/c: 0.399525837 0.600474163 0.000000000
JK:/rc/crr: 0.000000000 0.000033261 0.999966739
JK:/rc/r: 0.361371887 0.000017718 0.638610395
JK:/rrc/c: 0.999940381 0.000059619 0.000000000
JK:/rrc/crr: 0.000000000 0.000029811 0.999970189
JK:/rrc/r: 0.313788347 0.000039746 0.686171907
JQ:/cc/c: 0.073599843 0.926400157 0.000000000
JQ:/cc/crr: 0.000000000 0.000048683 0.999951317
JQ:/cc/r: 0.040068496 0.000004777 0.959926726
JQ:/crc/c: 0.577418206 0.422581794 0.000000000
JQ:/crc/crr: 0.000000000 0.000014323 0.999985677
JQ:/crc/r: 0.062647524 0.000011027 0.937341449
JQ:/crrc/c: 0.026266955 0.973733045 0.000000000
JQ:/crrc/crr: 0.000000000 0.000157435 0.999842565
JQ:/crrc/r: 0.223796587 0.000005514 0.776197899
JQ:/rc/c: 0.999310150 0.000689850 0.000000000
JQ:/rc/crr: 0.000000000 0.000013298 0.999986702
JQ:/rc/r: 0.000017718 0.000017718 0.999964564
JQ:/rrc/c: 0.010972404 0.989027596 0.000000000
JQ:/rrc/crr: 0.000000000 0.002716769 0.997283231
JQ:/rrc/r: 0.431576305 0.000039746 0.568383949
K:/c: 0.999990000 0.000010000 0.000000000
K:/crr: 0.000000000 0.999995000 0.000005000
K:/r: 0.592172759 0.407820574 0.000006667
KJ:/cc/c: 0.500000000 0.500000000 0.000000000
KJ:/cc/crr: 0.000000000 0.500000000 0.500000000
KJ:/cc/r: 0.333333333 0.333333333 0.333333333
KJ:/crc/c: 0.110947840 0.889052160 0.000000000
KJ:/crc/crr: 0.000000000 0.999977467 0.000022533
KJ:/crc/r: 0.000018933 0.733916308 0.266064759
KJ:/crrc/c: 0.261059153 0.738940847 0.000000000
KJ:/crrc/crr: 0.000000000 0.999995212 0.000004788
KJ:/crrc/r: 0.043044503 0.849500937 0.107454560
KJ:/rc/c: 0.417105427 0.582894573 0.000000000
KJ:/rc/crr: 0.000000000 0.679024738 0.320975262
KJ:/rc/r: 0.007569259 0.760869305 0.231561436
KJ:/rrc/c: 0.152815192 0.847184808 0.000000000
KJ:/rrc/crr: 0.000000000 0.999981582 0.000018418
KJ:/rrc/r: 0.000589183 0.963450374 0.035960442
KK:/cc/c: 0.500000000 0.500000000 0.000000000
KK:/cc/crr: 0.000000000 0.500000000 0.500000000
KK:/cc/r: 0.333333333 0.333333333 0.333333333
KK:/crc/c: 0.999995000 0.000005000 0.000000000
KK:/crc/crr: 0.000000000 0.999997500 0.000002500
KK:/crc/r: 0.993388098 0.006608569 0.000003333
KK:/crrc/c: 0.999997500 0.000002500 0.000000000
KK:/crrc/crr: 0.000000000 0.999998750 0.000001250
KK:/crrc/r: 0.999897637 0.000100696 0.000001667
KK:/rc/c: 0.999991826 0.000008174 0.000000000
KK:/rc/crr: 0.000000000 0.999995913 0.000004087
KK:/rc/r: 0.999979476 0.000015075 0.000005449
KK:/rrc/c: 0.999994371 0.000005629 0.000000000
KK:/rrc/crr: 0.000000000 0.999997185 0.000002815
KK:/rrc/r: 0.996775691 0.003220556 0.000003753
KQ:/cc/c: 0.500000000 0.500000000 0.000000000
KQ:/cc/crr: 0.000000000 0.500000000 0.500000000
KQ:/cc/r: 0.333333333 0.333333333 0.333333333
KQ:/crc/c: 0.000083712 0.999916288 0.000000000
KQ:/crc/crr: 0.000000000 0.970135269 0.029864731
KQ:/crc/r: 0.000015475 0.427806972 0.572177553
KQ:/crrc/c: 0.640826908 0.359173092 0.000000000
KQ:/crrc/crr: 0.000000000 0.407843920 0.592156080
KQ:/crrc/r: 0.000617139 0.746339673 0.253043187
KQ:/rc/c: 0.000008174 0.999991826 0.000000000
KQ:/rc/crr: 0.000000000 0.500000000 0.500000000
KQ:/rc/r: 0.000010717 0.305105137 0.694884146
KQ:/rrc/c: 0.493027327 0.506972673 0.000000000
KQ:/rrc/crr: 0.000000000 0.466724763 0.533275237
KQ:/rrc/r: 0.080053215 0.542373203 0.377573582
Q:/c: 0.851628485 0.148371515 0.000000000
Q:/crr: 0.000000000 0.999994129 0.000005871
Q:/r: 0.369916417 0.630054185 0.000029398
QJ:/cc/c: 0.000453804 0.999546196 0.000000000
QJ:/cc/crr: 0.000000000 0.037129660 0.962870340
QJ:/cc/r: 0.000022466 0.000022466 0.999955068
QJ:/crc/c: 0.453278899 0.546721101 0.000000000
QJ:/crc/crr: 0.000000000 0.000073243 0.999926757
QJ:/crc/r: 0.000003914 0.000003914 0.999992172
QJ:/crrc/c: 0.000002936 0.999997064 0.000000000
QJ:/crrc/crr: 0.000000000 0.500000000 0.500000000
QJ:/crrc/r: 0.000001957 0.000001957 0.999996086
QJ:/rc/c: 0.000005291 0.999994709 0.000000000
QJ:/rc/crr: 0.000000000 0.500000000 0.500000000
QJ:/rc/r: 0.022432589 0.000003527 0.977563884
QJ:/rrc/c: 0.000009011 0.999990989 0.000000000
QJ:/rrc/crr: 0.000000000 0.500000000 0.500000000
QJ:/rrc/r: 0.000018459 0.000006007 0.999975534
QK:/cc/c: 0.008651504 0.991348496 0.000000000
QK:/cc/crr: 0.000000000 0.998052409 0.001947591
QK:/cc/r: 0.000106200 0.766413934 0.233479867
QK:/crc/c: 0.291686552 0.708313448 0.000000000
QK:/crc/crr: 0.000000000 0.000292083 0.999707917
QK:/crc/r: 0.000159843 0.479420891 0.520419266
QK:/crrc/c: 0.083258964 0.916741036 0.000000000
QK:/crrc/crr: 0.000000000 0.001515514 0.998484486
QK:/crrc/r: 0.000034082 0.271571126 0.728394792
QK:/rc/c: 0.354043642 0.645956358 0.000000000
QK:/rc/crr: 0.000000000 0.000206309 0.999793691
QK:/rc/r: 0.000007874 0.311349189 0.688642937
QK:/rrc/c: 0.427466040 0.572533960 0.000000000
QK:/rrc/crr: 0.000000000 0.000352181 0.999647819
QK:/rrc/r: 0.000044128 0.485186350 0.514769522
QQ:/cc/c: 0.999966301 0.000033699 0.000000000
QQ:/cc/crr: 0.000000000 0.999983150 0.000016850
QQ:/cc/r: 0.997775355 0.002202179 0.000022466
QQ:/crc/c: 0.999994129 0.000005871 0.000000000
QQ:/crc/crr: 0.000000000 0.999997064 0.000002936
QQ:/crc/r: 0.989938189 0.010057897 0.000003914
QQ:/crrc/c: 0.999997064 0.000002936 0.000000000
QQ:/crrc/crr: 0.000000000 0.999998532 0.000001468
QQ:/crrc/r: 0.999784671 0.000213372 0.000001957
QQ:/rc/c: 0.999994709 0.000005291 0.000000000
QQ:/rc/crr: 0.000000000 0.999997355 0.000002645
QQ:/rc/r: 0.999992414 0.000004059 0.000003527
QQ:/rrc/c: 0.999990989 0.000009011 0.000000000
QQ:/rrc/crr: 0.000000000 0.999995494 0.000004506
QQ:/rrc/r: 0.999966610 0.000027383 0.000006007
