J:/c: 0.306141683 0.693858317 0.000000000
J:/crr: 0.000000000 0.999983668 0.000016332
J:/r: 0.046369755 0.110994949 0.842635296
JJ:/cc/c: 0.999992794 0.000007206 0.000000000
JJ:/cc/crr: 0.000000000 0.999996397 0.000003603
JJ:/cc/r: 0.999990392 0.000004804 0.000004804
JJ:/crc/c: 0.999983668 0.000016332 0.000000000
JJ:/crc/crr: 0.000000000 0.999991834 0.000008166
JJ:/crc/r: 0.999949108 0.000040004 0.000010888
JJ:/crrc/c: 0.999991834 0.000008166 0.000000000
JJ:/crrc/crr: 0.000000000 0.999995917 0.000004083
JJ:/crrc/r: 0.999960453 0.000034103 0.000005444
JJ:/rc/c: 0.999969969 0.000030031 0.000000000
JJ:/rc/crr: 0.000000000 0.999984984 0.000015016
JJ:/rc/r: 0.999731369 0.000248610 0.000020021
JJ:/rrc/c: 0.999928114 0.000071886 0.000000000
JJ:/rrc/crr: 0.000000000 0.999964054 0.000035946
JJ:/rrc/r: 0.999904152 0.000047924 0.000047924
JK:/cc/c: 0.000725309 0.999274691 0.000000000
JK:/cc/crr: 0.000000000 0.004967594 0.995032406
JK:/cc/r: 0.000004804 0.000004804 0.999990392
JK:/crc/c: 0.528101243 0.471898757 0.000000000
JK:/crc/crr: 0.000000000 0.000015463 0.999984537
JK:/crc/r: 0.000018951 0.000010888 0.999970160
JK:/crrc/c: 0.384922762 0.615077238 0.000000000
JK:/crrc/crr: 0.000000000 0.000010608 0.999989392
JK:/crrc/r: 0.230293150 0.000005444 0.769701406
JK:/rc/c: 0.564146830 0.435853170 0.000000000
JK:/rc/crr: 0.000000000 0.000026617 0.999973383
JK:/rc/r: 0.000020021 0.000020021 0.999959958
JK:/rrc/c: 0.999928114 0.000071886 0.000000000
JK:/rrc/crr: 0.000000000 0.000035946 0.999964054
JK:/rrc/r: 0.999647508 0.000047924 0.000304568
JQ:/cc/c: 0.000007206 0.999992794 0.000000000
JQ:/cc/crr: 0.000000000 0.500000000 0.500000000
JQ:/cc/r: 0.060318591 0.000004804 0.939676605
JQ:/crc/c: 0.580431173 0.419568827 0.000000000
JQ:/crc/crr: 0.000000000 0.000014069 0.999985931
JQ:/crc/r: 0.007319045 0.000010888 0.992670067
JQ:/crrc/c: 0.066769444 0.933230556 0.000000000
JQ:/crrc/crr: 0.000000000 0.000061153 0.999938847
JQ:/crrc/r: 0.000443212 0.000005444 0.999551344
JQ:/rc/c: 0.999969969 0.000030031 0.000000000
JQ:/rc/crr: 0.000000000 0.000015016 0.999984984
JQ:/rc/r: 0.000020021 0.000020021 0.999959958
JQ:/rrc/c: 0.279229095 0.720770905 0.000000000
JQ:/rrc/crr: 0.000000000 0.000128722 0.999871278
JQ:/rrc/r: 0.853427160 0.000047924 0.146524916
K:/c: 0.999990000 0.000010000 0.000000000
K:/crr: 0.000000000 0.999995000 0.000005000
K:/r: 0.592812003 0.407181331 0.000006667
KJ:/cc/c: 0.500000000 0.500000000 0.000000000
KJ:/cc/crr: 0.000000000 0.500000000 0.500000000
KJ:/cc/r: 0.333333333 0.333333333 0.333333333
KJ:/crc/c: 0.097245786 0.902754214 0.000000000
KJ:/crc/crr: 0.000000000 0.999974292 0.000025708
KJ:/crc/r: 0.000003333 0.745127182 0.254869484
KJ:/crrc/c: 0.276588592 0.723411408 0.000000000
KJ:/crrc/crr: 0.000000000 0.999995481 0.000004519
KJ:/crrc/r: 0.000042756 0.888089732 0.111867512
KJ:/rc/c: 0.367402898 0.632597102 0.000000000
KJ:/rc/crr: 0.000000000 0.999988859 0.000011141
KJ:/rc/r: 0.000014924 0.791672395 0.208312681
KJ:/rrc/c: 0.090787181 0.909212819 0.000000000
KJ:/rrc/crr: 0.000000000 0.999969032 0.000030968
KJ:/rrc/r: 0.000048396 0.999947856 0.000003749
KK:/cc/c: 0.500000000 0.500000000 0.000000000
KK:/cc/crr: 0.000000000 0.500000000 0.500000000
KK:/cc/r: 0.333333333 0.333333333 0.333333333
KK:/crc/c: 0.999995000 0.000005000 0.000000000
KK:/crc/crr: 0.000000000 0.999997500 0.000002500
KK:/crc/r: 0.998366933 0.001629734 0.000003333
KK:/crrc/c: 0.999997500 0.000002500 0.000000000
KK:/crrc/crr: 0.000000000 0.999998750 0.000001250
KK:/crrc/r: 0.999479855 0.000518478 0.000001667
KK:/rc/c: 0.999991814 0.000008186 0.000000000
KK:/rc/crr: 0.000000000 0.999995907 0.000004093
KK:/rc/r: 0.999968982 0.000025560 0.000005458
KK:/rrc/c: 0.999994377 0.000005623 0.000000000
KK:/rrc/crr: 0.000000000 0.999997189 0.000002811
KK:/rrc/r: 0.999448326 0.000547926 0.000003749
KQ:/cc/c: 0.500000000 0.500000000 0.000000000
KQ:/cc/crr: 0.000000000 0.500000000 0.500000000
KQ:/cc/r: 0.333333333 0.333333333 0.333333333
KQ:/crc/c: 0.000005000 0.999995000 0.000000000
KQ:/crc/crr: 0.000000000 0.500000000 0.500000000
KQ:/crc/r: 0.000006559 0.415714710 0.584278731
KQ:/crrc/c: 0.595006485 0.404993515 0.000000000
KQ:/crrc/crr: 0.000000000 0.414819316 0.585180684
KQ:/crrc/r: 0.000018672 0.789740035 0.210241293
KQ:/rc/c: 0.000008186 0.999991814 0.000000000
KQ:/rc/crr: 0.000000000 0.500000000 0.500000000
KQ:/rc/r: 0.000005458 0.270773583 0.729220959
KQ:/rrc/c: 0.489822149 0.510177851 0.000000000
KQ:/rrc/crr: 0.000000000 0.435231727 0.564768273
KQ:/rrc/r: 0.000062642 0.594031404 0.405905955
Q:/c: 0.889308427 0.110691573 0.000000000
Q:/crr: 0.000000000 0.999994378 0.000005622
Q:/r: 0.445988812 0.553975533 0.000035655
QJ:/cc/c: 0.000045171 0.999954829 0.000000000
QJ:/cc/crr: 0.000000000 0.500000000 0.500000000
QJ:/cc/r: 0.000030114 0.000030114 0.999939773
QJ:/crc/c: 0.435832167 0.564167833 0.000000000
QJ:/crc/crr: 0.000000000 0.000039143 0.999960857
QJ:/crc/r: 0.000003748 0.000003748 0.999992504
QJ:/crrc/c: 0.000002811 0.999997189 0.000000000
QJ:/crrc/crr: 0.000000000 0.500000000 0.500000000
QJ:/crrc/r: 0.000001874 0.000001874 0.999996252
QJ:/rc/c: 0.000006017 0.999993983 0.000000000
QJ:/rc/crr: 0.000000000 0.500000000 0.500000000
QJ:/rc/r: 0.025024378 0.000004011 0.974971611
QJ:/rrc/c: 0.000007474 0.999992526 0.000000000
QJ:/rrc/crr: 0.000000000 0.500000000 0.500000000
QJ:/rrc/r: 0.000004983 0.000004983 0.999990035
QK:/cc/c: 0.002330654 0.997669346 0.000000000
QK:/cc/crr: 0.000000000 0.990309469 0.009690531
QK:/cc/r: 0.000030114 0.926657016 0.073312871
QK:/crc/c: 0.279726236 0.720273764 0.000000000
QK:/crc/crr: 0.000000000 0.000192493 0.999807507
QK:/crc/r: 0.000016609 0.459489041 0.540494350
QK:/crrc/c: 0.000002811 0.999997189 0.000000000
QK:/crrc/crr: 0.000000000 0.500000000 0.500000000
QK:/crrc/r: 0.000013084 0.281922103 0.718064813
QK:/rc/c: 0.256019464 0.743980536 0.000000000
QK:/rc/crr: 0.000000000 0.000011751 0.999988249
QK:/rc/r: 0.000004015 0.469685137 0.530310848
QK:/rrc/c: 0.476303663 0.523696337 0.000000000
QK:/rrc/crr: 0.000000000 0.000271514 0.999728486
QK:/rrc/r: 0.000004983 0.375776586 0.624218431
QQ:/cc/c: 0.999954829 0.000045171 0.000000000
QQ:/cc/crr: 0.000000000 0.999977414 0.000022586
QQ:/cc/r: 0.999933482 0.000036405 0.000030114
QQ:/crc/c: 0.999994378 0.000005622 0.000000000
QQ:/crc/crr: 0.000000000 0.999997189 0.000002811
QQ:/crc/r: 0.998238971 0.001757281 0.000003748
QQ:/crrc/c: 0.999997189 0.000002811 0.000000000
QQ:/crrc/crr: 0.000000000 0.999998594 0.000001406
QQ:/crrc/r: 0.999978274 0.000019852 0.000001874
QQ:/rc/c: 0.999993983 0.000006017 0.000000000
QQ:/rc/crr: 0.000000000 0.999996991 0.000003009
QQ:/rc/r: 0.994796736 0.005199253 0.000004011
QQ:/rrc/c: 0.999992526 0.000007474 0.000000000
QQ:/rrc/crr: 0.000000000 0.999996263 0.000003737
QQ:/rrc/r: 0.999987412 0.000007605 0.000004983
