J:/c: 0.302649119 0.697350881 0.000000000
J:/crr: 0.000000000 0.999983479 0.000016521
J:/r: 0.055764147 0.123215597 0.821020256
JJ:/cc/c: 0.999992830 0.000007170 0.000000000
JJ:/cc/crr: 0.000000000 0.999996415 0.000003585
JJ:/cc/r: 0.999986922 0.000008298 0.000004780
JJ:/crc/c: 0.999983479 0.000016521 0.000000000
JJ:/crc/crr: 0.000000000 0.999991739 0.000008261
JJ:/crc/r: 0.999947378 0.000041608 0.000011014
JJ:/crrc/c: 0.999991739 0.000008261 0.000000000
JJ:/crrc/crr: 0.000000000 0.999995870 0.000004130
JJ:/crrc/r: 0.999988986 0.000005507 0.000005507
JJ:/rc/c: 0.999972947 0.000027053 0.000000000
JJ:/rc/crr: 0.000000000 0.999986473 0.000013527
JJ:/rc/r: 0.999775914 0.000206050 0.000018035
JJ:/rrc/c: 0.999940224 0.000059776 0.000000000
JJ:/rrc/crr: 0.000000000 0.999970110 0.000029890
JJ:/rrc/r: 0.999920299 0.000039850 0.000039850
JK:/cc/c: 0.005987667 0.994012333 0.000000000
JK:/cc/crr: 0.000000000 0.000598730 0.999401270
JK:/cc/r: 0.000009936 0.000004780 0.999985284
JK:/crc/c: 0.521205848 0.478794152 0.000000000
JK:/crc/crr: 0.000000000 0.000015849 0.999984151
JK:/crc/r: 0.050637228 0.000011014 0.949351758
JK:/crrc/c: 0.416911378 0.583088622 0.000000000
JK:/crrc/crr: 0.000000000 0.000009907 0.999990093
JK:/crrc/r: 0.215505694 0.000005507 0.784488799
JK:/rc/c: 0.375050010 0.624949990 0.000000000
JK:/rc/crr: 0.000000000 0.000036066 0.999963934
JK:/rc/r: 0.363756755 0.000018035 0.636225210
JK:/rrc/c: 0.999940224 0.000059776 0.000000000
JK:/rrc/crr: 0.000000000 0.000029890 0.999970110
JK:/rrc/r: 0.338459975 0.000039850 0.661500174
JQ:/cc/c: 0.071326281 0.928673719 0.000000000
JQ:/cc/crr: 0.000000000 0.000050262 0.999949738
JQ:/cc/r: 0.036930889 0.000004780 0.963064331
JQ:/crc/c: 0.592336947 0.407663053 0.000000000
JQ:/crc/crr: 0.000000000 0.000013945 0.999986055
JQ:/crc/r: 0.000011014 0.000011014 0.999977972
JQ:/crrc/c: 0.041168696 0.958831304 0.000000000
JQ:/crrc/crr: 0.000000000 0.000100325 0.999899675
JQ:/crrc/r: 0.262546999 0.000005507 0.737447494
JQ:/rc/c: 0.999206686 0.000793314 0.000000000
JQ:/rc/crr: 0.000000000 0.000013537 0.999986463
JQ:/rc/r: 0.000018035 0.000018035 0.999963930
JQ:/rrc/c: 0.012559957 0.987440043 0.000000000
JQ:/rrc/crr: 0.000000000 0.002379609 0.997620391
JQ:/rrc/r: 0.613694930 0.000039850 0.386265220
K:/c: 0.999990000 0.000010000 0.000000000
K:/crr: 0.000000000 0.999995000 0.000005000
K:/r: 0.594865158 0.405128176 0.000006667
KJ:/cc/c: 0.500000000 0.500000000 0.000000000
KJ:/cc/crr: 0.000000000 0.500000000 0.500000000
KJ:/cc/r: 0.333333333 0.333333333 0.333333333
KJ:/crc/c: 0.142965165 0.857034835 0.000000000
KJ:/crc/crr: 0.000000000 0.999982513 0.000017487
KJ:/crc/r: 0.000019074 0.776165781 0.223815146
KJ:/crrc/c: 0.432001832 0.567998168 0.000000000
KJ:/crrc/crr: 0.000000000 0.999997106 0.000002894
KJ:/crrc/r: 0.070529668 0.767029826 0.162440506
KJ:/rc/c: 0.432716398 0.567283602 0.000000000
KJ:/rc/crr: 0.000000000 0.999990493 0.000009507
KJ:/rc/r: 0.030644726 0.766184335 0.203170938
KJ:/rrc/c: 0.078348670 0.921651330 0.000000000
KJ:/rrc/crr: 0.000000000 0.999964240 0.000035760
KJ:/rrc/r: 0.018956828 0.934813025 0.046230147
KK:/cc/c: 0.500000000 0.500000000 0.000000000
KK:/cc/crr: 0.000000000 0.500000000 0.500000000
KK:/cc/r: 0.333333333 0.333333333 0.333333333
KK:/crc/c: 0.999995000 0.000005000 0.000000000
KK:/crc/crr: 0.000000000 0.999997500 0.000002500
KK:/crc/r: 0.967215656 0.032781011 0.000003333
KK:/crrc/c: 0.999997500 0.000002500 0.000000000
KK:/crrc/crr: 0.000000000 0.999998750 0.000001250
KK:/crrc/r: 0.999856663 0.000141670 0.000001667
KK:/rc/c: 0.999991772 0.000008228 0.000000000
KK:/rc/crr: 0.000000000 0.999995886 0.000004114
KK:/rc/r: 0.999975582 0.000018933 0.000005485
KK:/rrc/c: 0.999994396 0.000005604 0.000000000
KK:/rrc/crr: 0.000000000 0.999997198 0.000002802
KK:/rrc/r: 0.998269030 0.001727234 0.000003736
KQ:/cc/c: 0.500000000 0.500000000 0.000000000
KQ:/cc/crr: 0.000000000 0.500000000 0.500000000
KQ:/cc/r: 0.333333333 0.333333333 0.333333333
KQ:/crc/c: 0.000077736 0.999922264 0.000000000
KQ:/crc/crr: 0.000000000 0.967839345 0.032160655
KQ:/crc/r: 0.000016772 0.445235443 0.554747785
KQ:/crrc/c: 0.608176330 0.391823670 0.000000000
KQ:/crrc/crr: 0.000000000 0.390368120 0.609631880
KQ:/crrc/r: 0.000539883 0.676247270 0.323212847
KQ:/rc/c: 0.000008228 0.999991772 0.000000000
KQ:/rc/crr: 0.000000000 0.500000000 0.500000000
KQ:/rc/r: 0.000014883 0.295921422 0.704063695
KQ:/rrc/c: 0.528589291 0.471410709 0.000000000
KQ:/rrc/crr: 0.000000000 0.464716667 0.535283333
KQ:/rrc/r: 0.003298713 0.667766279 0.328935008
Q:/c: 0.846663991 0.153336009 0.000000000
Q:/crr: 0.000000000 0.999994094 0.000005906
Q:/r: 0.384417387 0.615551366 0.000031246
QJ:/cc/c: 0.000032608 0.999967392 0.000000000
QJ:/cc/crr: 0.000000000 0.500000000 0.500000000
QJ:/cc/r: 0.000021739 0.000021739 0.999956522
QJ:/crc/c: 0.403021542 0.596978458 0.000000000
QJ:/crc/crr: 0.000000000 0.002011191 0.997988809
QJ:/crc/r: 0.000003937 0.000003937 0.999992126
QJ:/crrc/c: 0.000002953 0.999997047 0.000000000
QJ:/crrc/crr: 0.000000000 0.500000000 0.500000000
QJ:/crrc/r: 0.003671388 0.000001969 0.996326643
QJ:/rc/c: 0.000005415 0.999994585 0.000000000
QJ:/rc/crr: 0.000000000 0.500000000 0.500000000
QJ:/rc/r: 0.019670479 0.000003610 0.980325911
QJ:/rrc/c: 0.000008671 0.999991329 0.000000000
QJ:/rrc/crr: 0.000000000 0.500000000 0.500000000
QJ:/rrc/r: 0.000066478 0.000005781 0.999927742
QK:/cc/c: 0.137532195 0.862467805 0.000000000
QK:/cc/crr: 0.000000000 0.999881453 0.000118547
QK:/cc/r: 0.000072945 0.725939061 0.273987994
QK:/crc/c: 0.328975672 0.671024328 0.000000000
QK:/crc/crr: 0.000000000 0.000301761 0.999698239
QK:/crc/r: 0.000026007 0.481230259 0.518743734
QK:/crrc/c: 0.096353038 0.903646962 0.000000000
QK:/crrc/crr: 0.000000000 0.001325448 0.998674552
QK:/crrc/r: 0.000016762 0.283417553 0.716565685
QK:/rc/c: 0.366704704 0.633295296 0.000000000
QK:/rc/crr: 0.000000000 0.000007384 0.999992616
QK:/rc/r: 0.000006895 0.301615735 0.698377370
QK:/rrc/c: 0.426565602 0.573434398 0.000000000
QK:/rrc/crr: 0.000000000 0.040916050 0.959083950
QK:/rrc/r: 0.000056781 0.492414581 0.507528638
QQ:/cc/c: 0.999967392 0.000032608 0.000000000
QQ:/cc/crr: 0.000000000 0.999983695 0.000016305
QQ:/cc/r: 0.999682841 0.000295421 0.000021739
QQ:/crc/c: 0.999994094 0.000005906 0.000000000
QQ:/crc/crr: 0.000000000 0.999997047 0.000002953
QQ:/crc/r: 0.947219395 0.052776668 0.000003937
QQ:/crrc/c: 0.999997047 0.000002953 0.000000000
QQ:/crrc/crr: 0.000000000 0.999998524 0.000001476
QQ:/crrc/r: 0.999865231 0.000132800 0.000001969
QQ:/rc/c: 0.999994585 0.000005415 0.000000000
QQ:/rc/crr: 0.000000000 0.999997292 0.000002708
QQ:/rc/r: 0.984994131 0.015002259 0.000003610
QQ:/rrc/c: 0.999991329 0.000008671 0.000000000
QQ:/rrc/crr: 0.000000000 0.999995664 0.000004336
QQ:/rrc/r: 0.999960754 0.000033465 0.000005781
