J:/: 0.073986284 0.926013716 0.000000000
J:/cr: 0.018233382 0.033004487 0.948762131
J:/rr: 0.000000000 0.999932420 0.000067580
JJ:/cc/: 0.000103565 0.999896435 0.000000000
JJ:/cc/cr: 0.999996400 0.000001800 0.000001800
JJ:/cc/rr: 0.000000000 0.973931950 0.026068050
JJ:/crc/: 0.996109882 0.003890118 0.000000000
JJ:/crc/cr: 0.990654461 0.004672770 0.004672770
JJ:/crc/rr: 0.000000000 0.999972627 0.000027373
JJ:/crrc/: 0.999639397 0.000360603 0.000000000
JJ:/crrc/cr: 0.817508229 0.091245885 0.091245885
JJ:/crrc/rr: 0.000000000 0.999950627 0.000049373
JJ:/rc/: 0.912958177 0.087041823 0.000000000
JJ:/rc/cr: 0.999482394 0.000258803 0.000258803
JJ:/rc/rr: 0.000000000 0.999962988 0.000037012
JJ:/rrc/: 0.999966208 0.000033792 0.000000000
JJ:/rrc/cr: 0.333333333 0.333333333 0.333333333
JJ:/rrc/rr: 0.000000000 0.999983103 0.000016897
JK:/cc/: 0.075822666 0.924177334 0.000000000
JK:/cc/cr: 0.000036660 0.000001947 0.999961392
JK:/cc/rr: 0.000000000 0.000035606 0.999964394
JK:/crc/: 0.053244800 0.946755200 0.000000000
JK:/crc/cr: 0.002910678 0.000019200 0.997070122
JK:/crc/rr: 0.000000000 0.000512096 0.999487904
JK:/crrc/: 0.999901289 0.000098711 0.000000000
JK:/crrc/cr: 0.333333333 0.333333333 0.333333333
JK:/crrc/rr: 0.000000000 0.000049360 0.999950640
JK:/rc/: 0.999179716 0.000820284 0.000000000
JK:/rc/cr: 0.945075871 0.027462064 0.027462064
JK:/rc/rr: 0.000000000 0.000033818 0.999966182
JK:/rrc/: 0.532316107 0.467683893 0.000000000
JK:/rrc/cr: 0.904118826 0.000024085 0.095857089
JK:/rrc/rr: 0.000000000 0.000031741 0.999968259
JQ:/cc/: 0.184043777 0.815956223 0.000000000
JQ:/cc/cr: 0.000002206 0.000002206 0.999995588
JQ:/cc/rr: 0.000000000 0.000014669 0.999985331
JQ:/crc/: 0.995403650 0.004596350 0.000000000
JQ:/crc/cr: 0.003954795 0.003954795 0.992090410
JQ:/crc/rr: 0.000000000 0.000027392 0.999972608
JQ:/crrc/: 0.023334367 0.976665633 0.000000000
JQ:/crrc/cr: 0.189914779 0.000033690 0.810051532
JQ:/crrc/rr: 0.000000000 0.002115135 0.997884865
JQ:/rc/: 0.998504131 0.001495869 0.000000000
JQ:/rc/cr: 0.015059269 0.015059269 0.969881462
JQ:/rc/rr: 0.000000000 0.000033841 0.999966159
JQ:/rrc/: 0.119885137 0.880114863 0.000000000
JQ:/rrc/cr: 0.000012798 0.000012798 0.999974403
JQ:/rrc/rr: 0.000000000 0.000140936 0.999859064
K:/: 0.753634841 0.246365159 0.000000000
K:/cr: 0.701084644 0.298901826 0.000013530
K:/rr: 0.000000000 0.999993365 0.000006635
KJ:/cc/: 0.000020295 0.999979705 0.000000000
KJ:/cc/cr: 0.000006765 0.000006765 0.999986470
KJ:/cc/rr: 0.000000000 0.500000000 0.500000000
KJ:/crc/: 0.000022633 0.999977367 0.000000000
KJ:/crc/cr: 0.000007544 0.999984911 0.000007544
KJ:/crc/rr: 0.000000000 0.500000000 0.500000000
KJ:/crrc/: 0.049873562 0.950126438 0.000000000
KJ:/crrc/cr: 0.000007056 0.999989558 0.000003385
KJ:/crrc/rr: 0.000000000 0.441438964 0.558561036
KJ:/rc/: 0.021348714 0.978651286 0.000000000
KJ:/rc/cr: 0.001080109 0.978521824 0.020398066
KJ:/rc/rr: 0.000000000 0.032172399 0.967827601
KJ:/rrc/: 0.079381657 0.920618343 0.000000000
KJ:/rrc/cr: 0.000001332 0.999997467 0.000001201
KJ:/rrc/rr: 0.000000000 0.496348691 0.503651309
KK:/cc/: 0.999507909 0.000492091 0.000000000
KK:/cc/cr: 0.972504991 0.013747504 0.013747504
KK:/cc/rr: 0.000000000 0.999989847 0.000010153
KK:/crc/: 0.088605483 0.911394517 0.000000000
KK:/crc/cr: 0.999983444 0.000008278 0.000008278
KK:/crc/rr: 0.000000000 0.999872283 0.000127717
KK:/crrc/: 0.994224911 0.005775089 0.000000000
KK:/crrc/cr: 0.998886093 0.000556954 0.000556954
KK:/crrc/rr: 0.000000000 0.999995147 0.000004853
KK:/rc/: 0.811834572 0.188165428 0.000000000
KK:/rc/cr: 0.999976494 0.000011753 0.000011753
KK:/rc/rr: 0.000000000 0.999995914 0.000004086
KK:/rrc/: 0.526375491 0.473624509 0.000000000
KK:/rrc/cr: 0.999995331 0.000002335 0.000002335
KK:/rrc/rr: 0.000000000 0.999996849 0.000003151
KQ:/cc/: 0.000020295 0.999979705 0.000000000
KQ:/cc/cr: 0.000006765 0.429463743 0.570529492
KQ:/cc/rr: 0.000000000 0.500000000 0.500000000
KQ:/crc/: 0.875779627 0.124220373 0.000000000
KQ:/crc/cr: 0.000060733 0.531280127 0.468659140
KQ:/crc/rr: 0.000000000 0.007791969 0.992208031
KQ:/crrc/: 0.011888555 0.988111445 0.000000000
KQ:/crrc/cr: 0.004354312 0.718276402 0.277369286
KQ:/crrc/rr: 0.000000000 0.292997506 0.707002494
KQ:/rc/: 0.000006635 0.999993365 0.000000000
KQ:/rc/cr: 0.000018980 0.483560980 0.516420040
KQ:/rc/rr: 0.000000000 0.500000000 0.500000000
KQ:/rrc/: 0.725593264 0.274406736 0.000000000
KQ:/rrc/cr: 0.014788762 0.952743634 0.032467604
KQ:/rrc/rr: 0.000000000 0.400881835 0.599118165
Q:/: 0.752865077 0.247134923 0.000000000
Q:/cr: 0.173457555 0.826444410 0.000098035
Q:/rr: 0.000000000 0.999993359 0.000006641
QJ:/cc/: 0.000020232 0.999979768 0.000000000
QJ:/cc/cr: 0.000006744 0.000006744 0.999986512
QJ:/cc/rr: 0.000000000 0.500000000 0.500000000
QJ:/crc/: 0.030350206 0.969649794 0.000000000
QJ:/crc/cr: 0.000116878 0.000002805 0.999880317
QJ:/crc/rr: 0.000000000 0.000134434 0.999865566
QJ:/crrc/: 0.020291835 0.979708165 0.000000000
QJ:/crrc/cr: 0.000013228 0.000013228 0.999973543
QJ:/crrc/rr: 0.000000000 0.000958010 0.999041990
QJ:/rc/: 0.014929743 0.985070257 0.000000000
QJ:/rc/cr: 0.000002247 0.000002247 0.999995505
QJ:/rc/rr: 0.000000000 0.000222418 0.999777582
QJ:/rrc/: 0.000003321 0.999996679 0.000000000
QJ:/rrc/cr: 0.000001107 0.000001107 0.999997786
QJ:/rrc/rr: 0.000000000 0.500000000 0.500000000
QK:/cc/: 0.512308306 0.487691694 0.000000000
QK:/cc/cr: 0.000080279 0.999904011 0.000015710
QK:/cc/rr: 0.000000000 0.999980254 0.000019746
QK:/crc/: 0.000008379 0.999991621 0.000000000
QK:/crc/cr: 0.000004281 0.554455938 0.445539781
QK:/crc/rr: 0.000000000 0.513030290 0.486969710
QK:/crrc/: 0.914346047 0.085653953 0.000000000
QK:/crrc/cr: 0.000151305 0.778957268 0.220891427
QK:/crrc/rr: 0.000000000 0.000557599 0.999442401
QK:/rc/: 0.421417163 0.578582837 0.000000000
QK:/rc/cr: 0.010388267 0.524229659 0.465382074
QK:/rc/rr: 0.000000000 0.188541065 0.811458935
QK:/rrc/: 0.130098352 0.869901648 0.000000000
QK:/rrc/cr: 0.000008252 0.301492244 0.698499504
QK:/rrc/rr: 0.000000000 0.000012762 0.999987238
QQ:/cc/: 0.513897819 0.486102181 0.000000000
QQ:/cc/cr: 0.999972253 0.000013874 0.000013874
QQ:/cc/rr: 0.000000000 0.999980315 0.000019685
QQ:/crc/: 0.990865536 0.009134464 0.000000000
QQ:/crc/cr: 0.999404438 0.000297781 0.000297781
QQ:/crc/rr: 0.000000000 0.999995882 0.000004118
QQ:/crrc/: 0.124011645 0.875988355 0.000000000
QQ:/crrc/cr: 0.999970411 0.000014795 0.000014795
QQ:/crrc/rr: 0.000000000 0.999843242 0.000156758
QQ:/rc/: 0.493228245 0.506771755 0.000000000
QQ:/rc/cr: 0.999985954 0.000009678 0.000004368
QQ:/rc/rr: 0.000000000 0.999993268 0.000006732
QQ:/rrc/: 0.990524632 0.009475368 0.000000000
QQ:/rrc/cr: 0.999766365 0.000116818 0.000116818
QQ:/rrc/rr: 0.000000000 0.999998324 0.000001676
