J:/: 0.075286544 0.924713456 0.000000000
J:/cr: 0.019240392 0.033564929 0.947194678
J:/rr: 0.000000000 0.999933587 0.000066413
JJ:/cc/: 0.000295800 0.999704200 0.000000000
JJ:/cc/cr: 0.999996394 0.000001803 0.000001803
JJ:/cc/rr: 0.000000000 0.990860254 0.009139746
JJ:/crc/: 0.958457452 0.041542548 0.000000000
JJ:/crc/cr: 0.999138270 0.000430865 0.000430865
JJ:/crc/rr: 0.000000000 0.999971987 0.000028013
JJ:/crrc/: 0.961590028 0.038409972 0.000000000
JJ:/crrc/cr: 0.998374105 0.000812947 0.000812947
JJ:/crrc/rr: 0.000000000 0.999951291 0.000048709
JJ:/rc/: 0.901968451 0.098031549 0.000000000
JJ:/rc/cr: 0.999548357 0.000225822 0.000225822
JJ:/rc/rr: 0.000000000 0.999963184 0.000036816
JJ:/rrc/: 0.999092344 0.000907656 0.000000000
JJ:/rrc/cr: 0.975608482 0.012195759 0.012195759
JJ:/rrc/rr: 0.000000000 0.999983381 0.000016619
JK:/cc/: 0.078462143 0.921537857 0.000000000
JK:/cc/cr: 0.001229991 0.000001956 0.998768054
JK:/cc/rr: 0.000000000 0.000034457 0.999965543
JK:/crc/: 0.063198379 0.936801621 0.000000000
JK:/crc/cr: 0.047763210 0.000019107 0.952217684
JK:/crc/rr: 0.000000000 0.000424835 0.999575165
JK:/crrc/: 0.999827010 0.000172990 0.000000000
JK:/crrc/cr: 0.180503669 0.180503669 0.638992661
JK:/crrc/rr: 0.000000000 0.000046846 0.999953154
JK:/rc/: 0.979844351 0.020155649 0.000000000
JK:/rc/cr: 0.932042754 0.001098334 0.066858912
JK:/rc/rr: 0.000000000 0.000033890 0.999966110
JK:/rrc/: 0.524186450 0.475813550 0.000000000
JK:/rrc/cr: 0.876111684 0.000023264 0.123865051
JK:/rrc/rr: 0.000000000 0.000031676 0.999968324
JQ:/cc/: 0.170956128 0.829043872 0.000000000
JQ:/cc/cr: 0.000007706 0.000002174 0.999990120
JQ:/cc/rr: 0.000000000 0.000015814 0.999984186
JQ:/crc/: 0.984961789 0.015038211 0.000000000
JQ:/crc/cr: 0.440350305 0.001190251 0.558459445
JQ:/crc/rr: 0.000000000 0.000027259 0.999972741
JQ:/crrc/: 0.021260087 0.978739913 0.000000000
JQ:/crrc/cr: 0.113505085 0.000031904 0.886463012
JQ:/crrc/rr: 0.000000000 0.002203092 0.997796908
JQ:/rc/: 0.993003938 0.006996062 0.000000000
JQ:/rc/cr: 0.003164300 0.003164300 0.993671399
JQ:/rc/rr: 0.000000000 0.000033440 0.999966560
JQ:/rrc/: 0.124738558 0.875261442 0.000000000
JQ:/rrc/cr: 0.000012647 0.000012647 0.999974706
JQ:/rrc/rr: 0.000000000 0.000133113 0.999866887
K:/: 0.751576476 0.248423524 0.000000000
K:/cr: 0.706260050 0.293726532 0.000013418
K:/rr: 0.000000000 0.999993347 0.000006653
KJ:/cc/: 0.000055577 0.999944423 0.000000000
KJ:/cc/cr: 0.000049083 0.000008999 0.999941918
KJ:/cc/rr: 0.000000000 0.818929044 0.181070956
KJ:/crc/: 0.000048828 0.999951172 0.000000000
KJ:/crc/cr: 0.000398058 0.999594328 0.000007614
KJ:/crc/rr: 0.000000000 0.766107020 0.233892980
KJ:/crrc/: 0.072744078 0.927255922 0.000000000
KJ:/crrc/cr: 0.001595653 0.992574682 0.005829664
KJ:/crrc/rr: 0.000000000 0.554588792 0.445411208
KJ:/rc/: 0.073284582 0.926715418 0.000000000
KJ:/rc/cr: 0.016986730 0.946027022 0.036986248
KJ:/rc/rr: 0.000000000 0.321224288 0.678775712
KJ:/rrc/: 0.084394474 0.915605526 0.000000000
KJ:/rrc/cr: 0.000048269 0.999812922 0.000138809
KJ:/rrc/rr: 0.000000000 0.718426025 0.281573975
KK:/cc/: 0.970695500 0.029304500 0.000000000
KK:/cc/cr: 0.999542120 0.000228940 0.000228940
KK:/cc/rr: 0.000000000 0.999989633 0.000010367
KK:/crc/: 0.182578938 0.817421062 0.000000000
KK:/crc/cr: 0.999981372 0.000009314 0.000009314
KK:/crc/rr: 0.000000000 0.999937449 0.000062551
KK:/crrc/: 0.995888987 0.004111013 0.000000000
KK:/crrc/cr: 0.998459537 0.000770231 0.000770231
KK:/crrc/rr: 0.000000000 0.999995231 0.000004769
KK:/rc/: 0.830743026 0.169256974 0.000000000
KK:/rc/cr: 0.999973797 0.000013102 0.000013102
KK:/rc/rr: 0.000000000 0.999995996 0.000004004
KK:/rrc/: 0.523753948 0.476246052 0.000000000
KK:/rrc/cr: 0.999995344 0.000002328 0.000002328
KK:/rrc/rr: 0.000000000 0.999996824 0.000003176
KQ:/cc/: 0.000543925 0.999456075 0.000000000
KQ:/cc/cr: 0.000051008 0.435395753 0.564553239
KQ:/cc/rr: 0.000000000 0.981498457 0.018501543
KQ:/crc/: 0.872201779 0.127798221 0.000000000
KQ:/crc/cr: 0.000407449 0.554354313 0.445238238
KQ:/crc/rr: 0.000000000 0.000031057 0.999968943
KQ:/crrc/: 0.045973730 0.954026270 0.000000000
KQ:/crrc/cr: 0.026259574 0.713240320 0.260500105
KQ:/crrc/rr: 0.000000000 0.613502769 0.386497231
KQ:/rc/: 0.000026247 0.999973753 0.000000000
KQ:/rc/cr: 0.000064802 0.484386452 0.515548746
KQ:/rc/rr: 0.000000000 0.873268719 0.126731281
KQ:/rrc/: 0.713951191 0.286048809 0.000000000
KQ:/rrc/cr: 0.037822090 0.805838124 0.156339787
KQ:/rrc/rr: 0.000000000 0.395662926 0.604337074
Q:/: 0.754275187 0.245724813 0.000000000
Q:/cr: 0.168569652 0.830463188 0.000967160
Q:/rr: 0.000000000 0.999993371 0.000006629
QJ:/cc/: 0.000020348 0.999979652 0.000000000
QJ:/cc/cr: 0.000022537 0.000006783 0.999970680
QJ:/cc/rr: 0.000000000 0.500000000 0.500000000
QJ:/crc/: 0.027199962 0.972800038 0.000000000
QJ:/crc/cr: 0.002994789 0.000002799 0.997002412
QJ:/crc/rr: 0.000000000 0.000150135 0.999849865
QJ:/crrc/: 0.012504212 0.987495788 0.000000000
QJ:/crrc/cr: 0.000183253 0.000013582 0.999803165
QJ:/crrc/rr: 0.000000000 0.001608918 0.998391082
QJ:/rc/: 0.009521712 0.990478288 0.000000000
QJ:/rc/cr: 0.000022184 0.000002231 0.999975586
QJ:/rc/rr: 0.000000000 0.000348093 0.999651907
QJ:/rrc/: 0.000003314 0.999996686 0.000000000
QJ:/rrc/cr: 0.000001257 0.000001105 0.999997638
QJ:/rrc/rr: 0.000000000 0.500000000 0.500000000
QK:/cc/: 0.570273215 0.429726785 0.000000000
QK:/cc/cr: 0.265959056 0.734010493 0.000030451
QK:/cc/rr: 0.000000000 0.999982159 0.000017841
QK:/crc/: 0.017404041 0.982595959 0.000000000
QK:/crc/cr: 0.000002771 0.558983146 0.441014083
QK:/crc/rr: 0.000000000 0.000234638 0.999765362
QK:/crrc/: 0.976317146 0.023682854 0.000000000
QK:/crrc/cr: 0.000911603 0.608729166 0.390359231
QK:/crrc/rr: 0.000000000 0.000545362 0.999454638
QK:/rc/: 0.444221847 0.555778153 0.000000000
QK:/rc/cr: 0.010825439 0.537577947 0.451596614
QK:/rc/rr: 0.000000000 0.201492179 0.798507821
QK:/rrc/: 0.126184414 0.873815586 0.000000000
QK:/rrc/cr: 0.000001264 0.305840219 0.694158516
QK:/rrc/rr: 0.000000000 0.000631016 0.999368984
QQ:/cc/: 0.521780818 0.478219182 0.000000000
QQ:/cc/cr: 0.999971634 0.000014183 0.000014183
QQ:/cc/rr: 0.000000000 0.999980501 0.000019499
QQ:/crc/: 0.987001424 0.012998576 0.000000000
QQ:/crc/cr: 0.999581117 0.000209441 0.000209441
QQ:/crc/rr: 0.000000000 0.999995863 0.000004137
QQ:/crrc/: 0.261352066 0.738647934 0.000000000
QQ:/crrc/cr: 0.999963685 0.000018158 0.000018158
QQ:/crrc/rr: 0.000000000 0.999923022 0.000076978
QQ:/rc/: 0.496929925 0.503070075 0.000000000
QQ:/rc/cr: 0.999991215 0.000004392 0.000004392
QQ:/rc/rr: 0.000000000 0.999993330 0.000006670
QQ:/rrc/: 0.969873849 0.030126151 0.000000000
QQ:/rrc/cr: 0.999926654 0.000036673 0.000036673
QQ:/rrc/rr: 0.000000000 0.999998291 0.000001709
