J:/c: 0.291752230 0.708247770 0.000000000
J:/crr: 0.000000000 0.999982862 0.000017138
J:/r: 0.054905961 0.131759366 0.813334673
JJ:/cc/c: 0.999992940 0.000007060 0.000000000
JJ:/cc/crr: 0.000000000 0.999996470 0.000003530
JJ:/cc/r: 0.999982855 0.000012439 0.000004706
JJ:/crc/c: 0.999982862 0.000017138 0.000000000
JJ:/crc/crr: 0.000000000 0.999991431 0.000008569
JJ:/crc/r: 0.999977150 0.000011425 0.000011425
JJ:/crrc/c: 0.999991431 0.000008569 0.000000000
JJ:/crrc/crr: 0.000000000 0.999995715 0.000004285
JJ:/crrc/r: 0.999988575 0.000005713 0.000005713
JJ:/rc/c: 0.999974701 0.000025299 0.000000000
JJ:/rc/crr: 0.000000000 0.999987350 0.000012650
JJ:/rc/r: 0.999964475 0.000018659 0.000016866
JJ:/rrc/c: 0.999939290 0.000060710 0.000000000
JJ:/rrc/crr: 0.000000000 0.999969643 0.000030357
JJ:/rrc/r: 0.999758430 0.000201096 0.000040473
JK:/cc/c: 0.008246376 0.991753624 0.000000000
JK:/cc/crr: 0.000000000 0.000428047 0.999571953
JK:/cc/r: 0.000008494 0.000004706 0.999986800
JK:/crc/c: 0.533769171 0.466230829 0.000000000
JK:/crc/crr: 0.000000000 0.000016054 0.999983946
JK:/crc/r: 0.041353072 0.000011425 0.958635503
JK:/crrc/c: 0.423364690 0.576635310 0.000000000
JK:/crrc/crr: 0.000000000 0.000010120 0.999989880
JK:/crrc/r: 0.197244093 0.000005713 0.802750195
JK:/rc/c: 0.363225879 0.636774121 0.000000000
JK:/rc/crr: 0.000000000 0.000034825 0.999965175
JK:/rc/r: 0.356613605 0.000016866 0.643369529
JK:/rrc/c: 0.999772277 0.000227723 0.000000000
JK:/rrc/crr: 0.000000000 0.000030362 0.999969638
JK:/rrc/r: 0.345935080 0.000040473 0.654024447
JQ:/cc/c: 0.071284370 0.928715630 0.000000000
JQ:/cc/crr: 0.000000000 0.000049518 0.999950482
JQ:/cc/r: 0.037556776 0.000004706 0.962438517
JQ:/crc/c: 0.319372795 0.680627205 0.000000000
JQ:/crc/crr: 0.000000000 0.000026830 0.999973170
JQ:/crc/r: 0.088092544 0.000011425 0.911896030
JQ:/crrc/c: 0.042526680 0.957473320 0.000000000
JQ:/crrc/crr: 0.000000000 0.000100749 0.999899251
JQ:/crrc/r: 0.359910715 0.000005713 0.640083572
JQ:/rc/c: 0.992396228 0.007603772 0.000000000
JQ:/rc/crr: 0.000000000 0.000012746 0.999987254
JQ:/rc/r: 0.000016866 0.000016866 0.999966268
JQ:/rrc/c: 0.003474478 0.996525522 0.000000000
JQ:/rrc/crr: 0.000000000 0.008736545 0.991263455
JQ:/rrc/r: 0.426849447 0.000040473 0.573110080
K:/c: 0.999969364 0.000030636 0.000000000
K:/crr: 0.000000000 0.999995000 0.000005000
K:/r: 0.570713146 0.429280188 0.000006667
KJ:/cc/c: 0.467444891 0.532555109 0.000000000
KJ:/cc/crr: 0.000000000 0.825428905 0.174571095
KJ:/cc/r: 0.537015324 0.220459162 0.242525514
KJ:/crc/c: 0.097679183 0.902320817 0.000000000
KJ:/crc/crr: 0.000000000 0.999974405 0.000025595
KJ:/crc/r: 0.000122590 0.737778865 0.262098546
KJ:/crrc/c: 0.466247836 0.533752164 0.000000000
KJ:/crrc/crr: 0.000000000 0.999997319 0.000002681
KJ:/crrc/r: 0.048994764 0.794426273 0.156578963
KJ:/rc/c: 0.423179145 0.576820855 0.000000000
KJ:/rc/crr: 0.000000000 0.709621458 0.290378542
KJ:/rc/r: 0.035717454 0.726044989 0.238237557
KJ:/rrc/c: 0.246075129 0.753924871 0.000000000
KJ:/rrc/crr: 0.000000000 0.999988132 0.000011868
KJ:/rrc/r: 0.039209438 0.921200002 0.039590560
KK:/cc/c: 0.836795267 0.163204733 0.000000000
KK:/cc/crr: 0.000000000 0.902482280 0.097517720
KK:/cc/r: 0.603283579 0.287913266 0.108803155
KK:/crc/c: 0.999995000 0.000005000 0.000000000
KK:/crc/crr: 0.000000000 0.999997500 0.000002500
KK:/crc/r: 0.989385171 0.010611496 0.000003333
KK:/crrc/c: 0.999997500 0.000002500 0.000000000
KK:/crrc/crr: 0.000000000 0.999998750 0.000001250
KK:/crrc/r: 0.999996667 0.000001667 0.000001667
KK:/rc/c: 0.999992235 0.000007765 0.000000000
KK:/rc/crr: 0.000000000 0.999996118 0.000003882
KK:/rc/r: 0.999980529 0.000014294 0.000005177
KK:/rrc/c: 0.999994159 0.000005841 0.000000000
KK:/rrc/crr: 0.000000000 0.999997080 0.000002920
KK:/rrc/r: 0.999976025 0.000020081 0.000003894
KQ:/cc/c: 0.836795267 0.163204733 0.000000000
KQ:/cc/crr: 0.000000000 0.902482280 0.097517720
KQ:/cc/r: 0.531599755 0.296083244 0.172317001
KQ:/crc/c: 0.339211578 0.660788422 0.000000000
KQ:/crc/crr: 0.000000000 0.127167492 0.872832508
KQ:/crc/r: 0.000063441 0.429147468 0.570789091
KQ:/crrc/c: 0.611325917 0.388674083 0.000000000
KQ:/crrc/crr: 0.000000000 0.394888396 0.605111604
KQ:/crrc/r: 0.000013840 0.614197972 0.385788188
KQ:/rc/c: 0.000060243 0.999939757 0.000000000
KQ:/rc/crr: 0.000000000 0.935553355 0.064446645
KQ:/rc/r: 0.000022674 0.303997301 0.695980024
KQ:/rrc/c: 0.486315462 0.513684538 0.000000000
KQ:/rrc/crr: 0.000000000 0.478702712 0.521297288
KQ:/rrc/r: 0.069767778 0.575839404 0.354392818
Q:/c: 0.849734622 0.150265378 0.000000000
Q:/crr: 0.000000000 0.999994116 0.000005884
Q:/r: 0.345201308 0.654599887 0.000198805
QJ:/cc/c: 0.000326561 0.999673439 0.000000000
QJ:/cc/crr: 0.000000000 0.050946849 0.949053151
QJ:/cc/r: 0.000039282 0.000022183 0.999938535
QJ:/crc/c: 0.455944286 0.544055714 0.000000000
QJ:/crc/crr: 0.000000000 0.000527070 0.999472930
QJ:/crc/r: 0.000192175 0.000003923 0.999803902
QJ:/crrc/c: 0.000002942 0.999997058 0.000000000
QJ:/crrc/crr: 0.000000000 0.500000000 0.500000000
QJ:/crrc/r: 0.013829902 0.000001961 0.986168136
QJ:/rc/c: 0.000069230 0.999930770 0.000000000
QJ:/rc/crr: 0.000000000 0.036777271 0.963222729
QJ:/rc/r: 0.018258589 0.000003395 0.981738017
QJ:/rrc/c: 0.000285469 0.999714531 0.000000000
QJ:/rrc/crr: 0.000000000 0.016912856 0.983087144
QJ:/rrc/r: 0.000076701 0.000006437 0.999916861
QK:/cc/c: 0.362763147 0.637236853 0.000000000
QK:/cc/crr: 0.000000000 0.999954137 0.000045863
QK:/cc/r: 0.000113979 0.731774732 0.268111288
QK:/crc/c: 0.335669307 0.664330693 0.000000000
QK:/crc/crr: 0.000000000 0.009677008 0.990322992
QK:/crc/r: 0.000233597 0.484270143 0.515496260
QK:/crrc/c: 0.094743987 0.905256013 0.000000000
QK:/crrc/crr: 0.000000000 0.002323816 0.997676184
QK:/crrc/r: 0.000077407 0.283140676 0.716781917
QK:/rc/c: 0.375903819 0.624096181 0.000000000
QK:/rc/crr: 0.000000000 0.018239792 0.981760208
QK:/rc/r: 0.000008207 0.318916681 0.681075112
QK:/rrc/c: 0.433374794 0.566625206 0.000000000
QK:/rrc/crr: 0.000000000 0.049274967 0.950725033
QK:/rrc/r: 0.000090857 0.501898801 0.498010342
QQ:/cc/c: 0.999966726 0.000033274 0.000000000
QQ:/cc/crr: 0.000000000 0.999983362 0.000016638
QQ:/cc/r: 0.999916857 0.000060960 0.000022183
QQ:/crc/c: 0.999994116 0.000005884 0.000000000
QQ:/crc/crr: 0.000000000 0.999997058 0.000002942
QQ:/crc/r: 0.925531570 0.074464507 0.000003923
QQ:/crrc/c: 0.999997058 0.000002942 0.000000000
QQ:/crrc/crr: 0.000000000 0.999998529 0.000001471
QQ:/crrc/r: 0.999996077 0.000001961 0.000001961
QQ:/rc/c: 0.999994908 0.000005092 0.000000000
QQ:/rc/crr: 0.000000000 0.999997454 0.000002546
QQ:/rc/r: 0.999992378 0.000004227 0.000003395
QQ:/rrc/c: 0.999990344 0.000009656 0.000000000
QQ:/rrc/crr: 0.000000000 0.999995172 0.000004828
QQ:/rrc/r: 0.999956862 0.000036701 0.000006437
