J:/c: 0.295682582 0.704317418 0.000000000
J:/crr: 0.000000000 0.999983090 0.000016910
J:/r: 0.053884653 0.128895316 0.817220030
JJ:/cc/c: 0.999992901 0.000007099 0.000000000
JJ:/cc/crr: 0.000000000 0.999996450 0.000003550
JJ:/cc/r: 0.999982591 0.000012677 0.000004733
JJ:/crc/c: 0.999983090 0.000016910 0.000000000
JJ:/crc/crr: 0.000000000 0.999991545 0.000008455
JJ:/crc/r: 0.999977453 0.000011273 0.000011273
JJ:/crrc/c: 0.999991545 0.000008455 0.000000000
JJ:/crrc/crr: 0.000000000 0.999995772 0.000004228
JJ:/crrc/r: 0.999988726 0.000005637 0.000005637
JJ:/rc/c: 0.999974139 0.000025861 0.000000000
JJ:/rc/crr: 0.000000000 0.999987069 0.000012931
JJ:/rc/r: 0.999961702 0.000021058 0.000017241
JJ:/rrc/c: 0.999938139 0.000061861 0.000000000
JJ:/rrc/crr: 0.000000000 0.999969068 0.000030932
JJ:/rrc/r: 0.999728070 0.000230689 0.000041240
JK:/cc/c: 0.006013555 0.993986445 0.000000000
JK:/cc/crr: 0.000000000 0.000590256 0.999409744
JK:/cc/r: 0.000010585 0.000004733 0.999984682
JK:/crc/c: 0.524207953 0.475792047 0.000000000
JK:/crc/crr: 0.000000000 0.000016129 0.999983871
JK:/crc/r: 0.094632773 0.000011273 0.905355954
JK:/crrc/c: 0.489886944 0.510113056 0.000000000
JK:/crrc/crr: 0.000000000 0.000008630 0.999991370
JK:/crrc/r: 0.223949351 0.000005637 0.776045012
JK:/rc/c: 0.376326297 0.623673703 0.000000000
JK:/rc/crr: 0.000000000 0.000034360 0.999965640
JK:/rc/r: 0.349207444 0.000017241 0.650775316
JK:/rrc/c: 0.999751425 0.000248575 0.000000000
JK:/rrc/crr: 0.000000000 0.000030938 0.999969062
JK:/rrc/r: 0.302178268 0.000041240 0.697780491
JQ:/cc/c: 0.068040364 0.931959636 0.000000000
JQ:/cc/crr: 0.000000000 0.000052168 0.999947832
JQ:/cc/r: 0.032728096 0.000004733 0.967267172
JQ:/crc/c: 0.484225639 0.515774361 0.000000000
JQ:/crc/crr: 0.000000000 0.000017461 0.999982539
JQ:/crc/r: 0.077485770 0.000011273 0.922502956
JQ:/crrc/c: 0.033714427 0.966285573 0.000000000
JQ:/crrc/crr: 0.000000000 0.000125394 0.999874606
JQ:/crrc/r: 0.114668066 0.000005637 0.885326298
JQ:/rc/c: 0.985651990 0.014348010 0.000000000
JQ:/rc/crr: 0.000000000 0.000013119 0.999986881
JQ:/rc/r: 0.000017241 0.000017241 0.999965519
JQ:/rrc/c: 0.046525825 0.953474175 0.000000000
JQ:/rrc/crr: 0.000000000 0.000664798 0.999335202
JQ:/rrc/r: 0.509027190 0.000041240 0.490931569
K:/c: 0.999952072 0.000047928 0.000000000
K:/crr: 0.000000000 0.999995000 0.000005000
K:/r: 0.578610419 0.421382914 0.000006667
KJ:/cc/c: 0.319061868 0.680938132 0.000000000
KJ:/cc/crr: 0.000000000 0.836517383 0.163482617
KJ:/cc/r: 0.351968442 0.141464705 0.506566854
KJ:/crc/c: 0.141081953 0.858918047 0.000000000
KJ:/crc/crr: 0.000000000 0.999982279 0.000017721
KJ:/crc/r: 0.000101957 0.748257599 0.251640444
KJ:/crrc/c: 0.520864358 0.479135642 0.000000000
KJ:/crrc/crr: 0.000000000 0.896852615 0.103147385
KJ:/crrc/r: 0.062822082 0.772271392 0.164906527
KJ:/rc/c: 0.465647822 0.534352178 0.000000000
KJ:/rc/crr: 0.000000000 0.923321446 0.076678554
KJ:/rc/r: 0.044900382 0.719001406 0.236098212
KJ:/rrc/c: 0.253155996 0.746844004 0.000000000
KJ:/rrc/crr: 0.000000000 0.995887081 0.004112919
KJ:/rrc/r: 0.044696395 0.881926050 0.073377555
KK:/cc/c: 0.895677862 0.104322138 0.000000000
KK:/cc/crr: 0.000000000 0.941763583 0.058236417
KK:/cc/r: 0.744763731 0.185688177 0.069548092
KK:/crc/c: 0.999995000 0.000005000 0.000000000
KK:/crc/crr: 0.000000000 0.999997500 0.000002500
KK:/crc/r: 0.730708900 0.269287767 0.000003333
KK:/crrc/c: 0.999997500 0.000002500 0.000000000
KK:/crrc/crr: 0.000000000 0.999998750 0.000001250
KK:/crrc/r: 0.999996666 0.000001667 0.000001667
KK:/rc/c: 0.999992090 0.000007910 0.000000000
KK:/rc/crr: 0.000000000 0.999996045 0.000003955
KK:/rc/r: 0.999980172 0.000014554 0.000005274
KK:/rrc/c: 0.999994239 0.000005761 0.000000000
KK:/rrc/crr: 0.000000000 0.999997120 0.000002880
KK:/rrc/r: 0.999977481 0.000018679 0.000003841
KQ:/cc/c: 0.536455680 0.463544320 0.000000000
KQ:/cc/crr: 0.000000000 0.902767235 0.097232765
KQ:/cc/r: 0.352655812 0.521518084 0.125826104
KQ:/crc/c: 0.174390672 0.825609328 0.000000000
KQ:/crc/crr: 0.000000000 0.168313668 0.831686332
KQ:/crc/r: 0.000081139 0.441220289 0.558698572
KQ:/crrc/c: 0.627149391 0.372850609 0.000000000
KQ:/crrc/crr: 0.000000000 0.427043077 0.572956923
KQ:/crrc/r: 0.000005257 0.801330890 0.198663852
KQ:/rc/c: 0.002279143 0.997720857 0.000000000
KQ:/rc/crr: 0.000000000 0.018088713 0.981911287
KQ:/rc/r: 0.000024704 0.303043142 0.696932154
KQ:/rrc/c: 0.501654035 0.498345965 0.000000000
KQ:/rrc/crr: 0.000000000 0.526132706 0.473867294
KQ:/rrc/r: 0.050419862 0.585843030 0.363737108
Q:/c: 0.846084184 0.153915816 0.000000000
Q:/crr: 0.000000000 0.999994090 0.000005910
Q:/r: 0.369378283 0.630570219 0.000051498
QJ:/cc/c: 0.000523459 0.999476541 0.000000000
QJ:/cc/crr: 0.000000000 0.031029426 0.968970574
QJ:/cc/r: 0.000048188 0.000021657 0.999930155
QJ:/crc/c: 0.460675489 0.539324511 0.000000000
QJ:/crc/crr: 0.000000000 0.009543281 0.990456719
QJ:/crc/r: 0.000003940 0.000003940 0.999992121
QJ:/crrc/c: 0.000114097 0.999885903 0.000000000
QJ:/crrc/crr: 0.000000000 0.012948655 0.987051345
QJ:/crrc/r: 0.014000440 0.000001970 0.985997590
QJ:/rc/c: 0.000149911 0.999850089 0.000000000
QJ:/rc/crr: 0.000000000 0.017631250 0.982368750
QJ:/rc/r: 0.015691225 0.000003524 0.984305251
QJ:/rrc/c: 0.000323571 0.999676429 0.000000000
QJ:/rrc/crr: 0.000000000 0.013944671 0.986055329
QJ:/rrc/r: 0.000090091 0.000009351 0.999900559
QK:/cc/c: 0.016239854 0.983760146 0.000000000
QK:/cc/crr: 0.000000000 0.998999828 0.001000172
QK:/cc/r: 0.000150040 0.727075242 0.272774719
QK:/crc/c: 0.349652379 0.650347621 0.000000000
QK:/crc/crr: 0.000000000 0.008962991 0.991037009
QK:/crc/r: 0.000402920 0.430532738 0.569064341
QK:/crrc/c: 0.043001033 0.956998967 0.000000000
QK:/crrc/crr: 0.000000000 0.005547569 0.994452431
QK:/crrc/r: 0.000069341 0.287456983 0.712473676
QK:/rc/c: 0.371255595 0.628744405 0.000000000
QK:/rc/crr: 0.000000000 0.010230174 0.989769826
QK:/rc/r: 0.000008005 0.310030055 0.689961940
QK:/rrc/c: 0.426697478 0.573302522 0.000000000
QK:/rrc/crr: 0.000000000 0.069735606 0.930264394
QK:/rrc/r: 0.000087068 0.516413576 0.483499356
QQ:/cc/c: 0.999967515 0.000032485 0.000000000
QQ:/cc/crr: 0.000000000 0.999983757 0.000016243
QQ:/cc/r: 0.999918989 0.000059354 0.000021657
QQ:/crc/c: 0.999994090 0.000005910 0.000000000
QQ:/crc/crr: 0.000000000 0.999997045 0.000002955
QQ:/crc/r: 0.797337068 0.202658992 0.000003940
QQ:/crrc/c: 0.999997045 0.000002955 0.000000000
QQ:/crrc/crr: 0.000000000 0.999998523 0.000001477
QQ:/crrc/r: 0.999996060 0.000001970 0.000001970
QQ:/rc/c: 0.999994714 0.000005286 0.000000000
QQ:/rc/crr: 0.000000000 0.999997357 0.000002643
QQ:/rc/r: 0.999992722 0.000003754 0.000003524
QQ:/rrc/c: 0.999990976 0.000009024 0.000000000
QQ:/rrc/crr: 0.000000000 0.999995488 0.000004512
QQ:/rrc/r: 0.999957714 0.000036270 0.000006016
