J:/: 0.084453657 0.915546343 0.000000000
J:/cr: 0.016575110 0.041803560 0.941621331
J:/rr: 0.000000000 0.999940796 0.000059204
JJ:/cc/: 0.000035588 0.999964412 0.000000000
JJ:/cc/cr: 0.999996359 0.000001820 0.000001820
JJ:/cc/rr: 0.000000000 0.923272214 0.076727786
JJ:/crc/: 0.950257395 0.049742605 0.000000000
JJ:/crc/cr: 0.999416373 0.000291813 0.000291813
JJ:/crc/rr: 0.000000000 0.999977087 0.000022913
JJ:/crrc/: 0.966974040 0.033025960 0.000000000
JJ:/crrc/cr: 0.997783002 0.001108499 0.001108499
JJ:/crrc/rr: 0.000000000 0.999943211 0.000056789
JJ:/rc/: 0.966722718 0.033277282 0.000000000
JJ:/rc/cr: 0.998813924 0.000593038 0.000593038
JJ:/rc/rr: 0.000000000 0.999969379 0.000030621
JJ:/rrc/: 0.999186375 0.000813625 0.000000000
JJ:/rrc/cr: 0.975743287 0.012128357 0.012128357
JJ:/rrc/rr: 0.000000000 0.999985186 0.000014814
JK:/cc/: 0.073403142 0.926596858 0.000000000
JK:/cc/cr: 0.000099509 0.000001965 0.999898526
JK:/cc/rr: 0.000000000 0.000037200 0.999962800
JK:/crc/: 0.037996370 0.962003630 0.000000000
JK:/crc/cr: 0.011297904 0.000015089 0.988687007
JK:/crc/rr: 0.000000000 0.000573038 0.999426962
JK:/crrc/: 0.999890172 0.000109828 0.000000000
JK:/crrc/cr: 0.333333333 0.333333333 0.333333333
JK:/crrc/rr: 0.000000000 0.000054920 0.999945080
JK:/rc/: 0.999940796 0.000059204 0.000000000
JK:/rc/cr: 0.333333333 0.333333333 0.333333333
JK:/rc/rr: 0.000000000 0.000029604 0.999970396
JK:/rrc/: 0.493994920 0.506005080 0.000000000
JK:/rrc/cr: 0.640195426 0.000019502 0.359785073
JK:/rrc/rr: 0.000000000 0.000029964 0.999970036
JQ:/cc/: 0.233407485 0.766592515 0.000000000
JQ:/cc/cr: 0.000002375 0.000002375 0.999995251
JQ:/cc/rr: 0.000000000 0.000011699 0.999988301
JQ:/crc/: 0.996603688 0.003396312 0.000000000
JQ:/crc/cr: 0.004273919 0.004273919 0.991452162
JQ:/crc/rr: 0.000000000 0.000021848 0.999978152
JQ:/crrc/: 0.052185726 0.947814274 0.000000000
JQ:/crrc/cr: 0.165023541 0.000038625 0.834937834
JQ:/crrc/rr: 0.000000000 0.001052277 0.998947723
JQ:/rc/: 0.999718624 0.000281376 0.000000000
JQ:/rc/cr: 0.070136424 0.070136424 0.859727153
JQ:/rc/rr: 0.000000000 0.000029610 0.999970390
JQ:/rrc/: 0.118876909 0.881123091 0.000000000
JQ:/rrc/cr: 0.000011199 0.000011199 0.999977601
JQ:/rrc/rr: 0.000000000 0.000124514 0.999875486
K:/: 0.758358997 0.241641003 0.000000000
K:/cr: 0.629398079 0.370588126 0.000013795
K:/rr: 0.000000000 0.999993407 0.000006593
KJ:/cc/: 0.000020692 0.999979308 0.000000000
KJ:/cc/cr: 0.000006897 0.000006897 0.999986205
KJ:/cc/rr: 0.000000000 0.500000000 0.500000000
KJ:/crc/: 0.000045648 0.999954352 0.000000000
KJ:/crc/cr: 0.000024262 0.999969533 0.000006204
KJ:/crc/rr: 0.000000000 0.796136572 0.203863428
KJ:/crrc/: 0.085827294 0.914172706 0.000000000
KJ:/crrc/cr: 0.000238463 0.998683212 0.001078325
KJ:/crrc/rr: 0.000000000 0.534502895 0.465497105
KJ:/rc/: 0.043063370 0.956936630 0.000000000
KJ:/rc/cr: 0.002350469 0.987307781 0.010341750
KJ:/rc/rr: 0.000000000 0.279688524 0.720311476
KJ:/rrc/: 0.099636955 0.900363045 0.000000000
KJ:/rrc/cr: 0.000560610 0.999334537 0.000104853
KJ:/rrc/rr: 0.000000000 0.595611526 0.404388474
KK:/cc/: 0.999035860 0.000964140 0.000000000
KK:/cc/cr: 0.985692365 0.007153818 0.007153818
KK:/cc/rr: 0.000000000 0.999989644 0.000010356
KK:/crc/: 0.077190565 0.922809435 0.000000000
KK:/crc/cr: 0.999986554 0.000006723 0.000006723
KK:/crc/rr: 0.000000000 0.999879443 0.000120557
KK:/crrc/: 0.995743120 0.004256880 0.000000000
KK:/crrc/cr: 0.998283791 0.000858104 0.000858104
KK:/crrc/rr: 0.000000000 0.999994497 0.000005503
KK:/rc/: 0.899958958 0.100041042 0.000000000
KK:/rc/cr: 0.999956063 0.000021968 0.000021968
KK:/rc/rr: 0.000000000 0.999996337 0.000003663
KK:/rrc/: 0.534646816 0.465353184 0.000000000
KK:/rrc/cr: 0.999995277 0.000002361 0.000002361
KK:/rrc/rr: 0.000000000 0.999996917 0.000003083
KQ:/cc/: 0.000054578 0.999945422 0.000000000
KQ:/cc/cr: 0.000036111 0.452126720 0.547837168
KQ:/cc/rr: 0.000000000 0.810436592 0.189563408
KQ:/crc/: 0.902916541 0.097083459 0.000000000
KQ:/crc/cr: 0.000465498 0.499824034 0.499710468
KQ:/crc/rr: 0.000000000 0.000018796 0.999981204
KQ:/crrc/: 0.005760414 0.994239586 0.000000000
KQ:/crrc/cr: 0.012118438 0.703499555 0.284382007
KQ:/crrc/rr: 0.000000000 0.003026531 0.996973469
KQ:/rc/: 0.000057267 0.999942733 0.000000000
KQ:/rc/cr: 0.000002198 0.515982463 0.484015339
KQ:/rc/rr: 0.000000000 0.942434632 0.057565368
KQ:/rrc/: 0.668610535 0.331389465 0.000000000
KQ:/rrc/cr: 0.024066463 0.884914070 0.091019467
KQ:/rrc/rr: 0.000000000 0.392662189 0.607337811
Q:/: 0.709597902 0.290402098 0.000000000
Q:/cr: 0.126636116 0.873065930 0.000297953
Q:/rr: 0.000000000 0.999992954 0.000007046
QJ:/cc/: 0.000017218 0.999982782 0.000000000
QJ:/cc/cr: 0.000005739 0.000005739 0.999988521
QJ:/cc/rr: 0.000000000 0.500000000 0.500000000
QJ:/crc/: 0.029358588 0.970641412 0.000000000
QJ:/crc/cr: 0.004823617 0.000002257 0.995174126
QJ:/crc/rr: 0.000000000 0.000111953 0.999888047
QJ:/crrc/: 0.011748686 0.988251314 0.000000000
QJ:/crrc/cr: 0.000129712 0.000015286 0.999855002
QJ:/crrc/rr: 0.000000000 0.001928733 0.998071267
QJ:/rc/: 0.016222998 0.983777002 0.000000000
QJ:/rc/cr: 0.000002387 0.000002387 0.999995225
QJ:/rc/rr: 0.000000000 0.000217168 0.999782832
QJ:/rrc/: 0.000003523 0.999996477 0.000000000
QJ:/rrc/cr: 0.000001174 0.000001174 0.999997651
QJ:/rrc/rr: 0.000000000 0.500000000 0.500000000
QK:/cc/: 0.452902658 0.547097342 0.000000000
QK:/cc/cr: 0.002264521 0.997698476 0.000037004
QK:/cc/rr: 0.000000000 0.999980992 0.000019008
QK:/crc/: 0.000006574 0.999993426 0.000000000
QK:/crc/cr: 0.000002191 0.546724306 0.453273502
QK:/crc/rr: 0.000000000 0.500000000 0.500000000
QK:/crrc/: 0.973767206 0.026232794 0.000000000
QK:/crrc/cr: 0.001174610 0.451680161 0.547145230
QK:/crrc/rr: 0.000000000 0.000656712 0.999343288
QK:/rc/: 0.483023447 0.516976553 0.000000000
QK:/rc/cr: 0.074876464 0.482516551 0.442606985
QK:/rc/rr: 0.000000000 0.180433927 0.819566073
QK:/rrc/: 0.133608853 0.866391147 0.000000000
QK:/rrc/cr: 0.000001355 0.295777375 0.704221270
QK:/rrc/rr: 0.000000000 0.000196098 0.999803902
QQ:/cc/: 0.672033022 0.327966978 0.000000000
QQ:/cc/cr: 0.999965002 0.000017499 0.000017499
QQ:/cc/rr: 0.000000000 0.999987190 0.000012810
QQ:/crc/: 0.986528832 0.013471168 0.000000000
QQ:/crc/cr: 0.999674684 0.000162658 0.000162658
QQ:/crc/rr: 0.000000000 0.999996668 0.000003332
QQ:/crrc/: 0.110985946 0.889014054 0.000000000
QQ:/crrc/cr: 0.999966015 0.000016993 0.000016993
QQ:/crrc/rr: 0.000000000 0.999795829 0.000204171
QQ:/rc/: 0.597208118 0.402791882 0.000000000
QQ:/rc/cr: 0.999988338 0.000005831 0.000005831
QQ:/rc/rr: 0.000000000 0.999994101 0.000005899
QQ:/rrc/: 0.977618138 0.022381862 0.000000000
QQ:/rrc/cr: 0.999895059 0.000052470 0.000052470
QQ:/rrc/rr: 0.000000000 0.999998198 0.000001802
