J:/c: 0.297868915 0.702131085 0.000000000
J:/crr: 0.000000000 0.999983214 0.000016786
J:/r: 0.054560712 0.130375998 0.815063290
JJ:/cc/c: 0.999992879 0.000007121 0.000000000
JJ:/cc/crr: 0.000000000 0.999996439 0.000003561
JJ:/cc/r: 0.999982701 0.000012551 0.000004747
JJ:/crc/c: 0.999983214 0.000016786 0.000000000
JJ:/crc/crr: 0.000000000 0.999991607 0.000008393
JJ:/crc/r: 0.999977619 0.000011191 0.000011191
JJ:/crrc/c: 0.999991607 0.000008393 0.000000000
JJ:/crrc/crr: 0.000000000 0.999995803 0.000004197
JJ:/crrc/r: 0.999988809 0.000005595 0.000005595
JJ:/rc/c: 0.999974433 0.000025567 0.000000000
JJ:/rc/crr: 0.000000000 0.999987216 0.000012784
JJ:/rc/r: 0.999963788 0.000019167 0.000017045
JJ:/rrc/c: 0.999938906 0.000061094 0.000000000
JJ:/rrc/crr: 0.000000000 0.999969451 0.000030549
JJ:/rrc/r: 0.999753026 0.000206245 0.000040729
JK:/cc/c: 0.006282076 0.993717924 0.000000000
JK:/cc/crr: 0.000000000 0.000566785 0.999433215
JK:/cc/r: 0.000008988 0.000004747 0.999986265
JK:/crc/c: 0.502553717 0.497446283 0.000000000
JK:/crc/crr: 0.000000000 0.000016701 0.999983299
JK:/crc/r: 0.041152728 0.000011191 0.958836081
JK:/crrc/c: 0.501514324 0.498485676 0.000000000
JK:/crrc/crr: 0.000000000 0.000008368 0.999991632
JK:/crrc/r: 0.210199007 0.000005595 0.789795397
JK:/rc/c: 0.392552672 0.607447328 0.000000000
JK:/rc/crr: 0.000000000 0.000032565 0.999967435
JK:/rc/r: 0.350508212 0.000017045 0.649474743
JK:/rrc/c: 0.999796792 0.000203208 0.000000000
JK:/rrc/crr: 0.000000000 0.000030553 0.999969447
JK:/rrc/r: 0.280596007 0.000040729 0.719363263
JQ:/cc/c: 0.073464992 0.926535008 0.000000000
JQ:/cc/crr: 0.000000000 0.000048466 0.999951534
JQ:/cc/r: 0.031927519 0.000004747 0.968067734
JQ:/crc/c: 0.504888140 0.495111860 0.000000000
JQ:/crc/crr: 0.000000000 0.000016623 0.999983377
JQ:/crc/r: 0.065015799 0.000011191 0.934973010
JQ:/crrc/c: 0.029408483 0.970591517 0.000000000
JQ:/crrc/crr: 0.000000000 0.000142699 0.999857301
JQ:/crrc/r: 0.323527847 0.000005595 0.676466557
JQ:/rc/c: 0.993709369 0.006290631 0.000000000
JQ:/rc/crr: 0.000000000 0.000012864 0.999987136
JQ:/rc/r: 0.000017045 0.000017045 0.999965911
JQ:/rrc/c: 0.020871848 0.979128152 0.000000000
JQ:/rrc/crr: 0.000000000 0.001463551 0.998536449
JQ:/rrc/r: 0.431526370 0.000040729 0.568432901
K:/c: 0.999955433 0.000044567 0.000000000
K:/crr: 0.000000000 0.999995000 0.000005000
K:/r: 0.572687550 0.427305783 0.000006667
KJ:/cc/c: 0.321704289 0.678295711 0.000000000
KJ:/cc/crr: 0.000000000 0.825631048 0.174368952
KJ:/cc/r: 0.369859780 0.151779226 0.478360994
KJ:/crc/c: 0.182064418 0.817935582 0.000000000
KJ:/crc/crr: 0.000000000 0.999986268 0.000013732
KJ:/crc/r: 0.000080214 0.730474518 0.269445269
KJ:/crrc/c: 0.245336789 0.754663211 0.000000000
KJ:/crrc/crr: 0.000000000 0.892946346 0.107053654
KJ:/crrc/r: 0.025077542 0.816308150 0.158614308
KJ:/rc/c: 0.466708446 0.533291554 0.000000000
KJ:/rc/crr: 0.000000000 0.708530460 0.291469540
KJ:/rc/r: 0.018447655 0.751447207 0.230105138
KJ:/rrc/c: 0.260892342 0.739107658 0.000000000
KJ:/rrc/crr: 0.000000000 0.994316847 0.005683153
KJ:/rrc/r: 0.042990820 0.882785274 0.074223906
KK:/cc/c: 0.887809521 0.112190479 0.000000000
KK:/cc/crr: 0.000000000 0.936816132 0.063183868
KK:/cc/r: 0.720131031 0.205075316 0.074793653
KK:/crc/c: 0.999995000 0.000005000 0.000000000
KK:/crc/crr: 0.000000000 0.999997500 0.000002500
KK:/crc/r: 0.926199324 0.073797343 0.000003333
KK:/crrc/c: 0.999997500 0.000002500 0.000000000
KK:/crrc/crr: 0.000000000 0.999998750 0.000001250
KK:/crrc/r: 0.999996667 0.000001667 0.000001667
KK:/rc/c: 0.999992199 0.000007801 0.000000000
KK:/rc/crr: 0.000000000 0.999996100 0.000003900
KK:/rc/r: 0.999980498 0.000014302 0.000005201
KK:/rrc/c: 0.999994179 0.000005821 0.000000000
KK:/rrc/crr: 0.000000000 0.999997090 0.000002910
KK:/rrc/r: 0.999975719 0.000020401 0.000003880
KQ:/cc/c: 0.574655435 0.425344565 0.000000000
KQ:/cc/crr: 0.000000000 0.902384566 0.097615434
KQ:/cc/r: 0.365236210 0.514427663 0.120336128
KQ:/crc/c: 0.106548024 0.893451976 0.000000000
KQ:/crc/crr: 0.000000000 0.053143310 0.946856690
KQ:/crc/r: 0.000063558 0.446241356 0.553695087
KQ:/crrc/c: 0.630033480 0.369966520 0.000000000
KQ:/crrc/crr: 0.000000000 0.411849896 0.588150104
KQ:/crrc/r: 0.000016240 0.674712900 0.325270861
KQ:/rc/c: 0.001042873 0.998957127 0.000000000
KQ:/rc/crr: 0.000000000 0.085336599 0.914663401
KQ:/rc/r: 0.000022635 0.310808487 0.689168878
KQ:/rrc/c: 0.504979426 0.495020574 0.000000000
KQ:/rrc/crr: 0.000000000 0.500276290 0.499723710
KQ:/rrc/r: 0.071998768 0.561849568 0.366151664
Q:/c: 0.844937098 0.155062902 0.000000000
Q:/crr: 0.000000000 0.999994082 0.000005918
Q:/r: 0.352917407 0.646917406 0.000165188
QJ:/cc/c: 0.000313772 0.999686228 0.000000000
QJ:/cc/crr: 0.000000000 0.051382898 0.948617102
QJ:/cc/r: 0.000038355 0.000021497 0.999940149
QJ:/crc/c: 0.422035587 0.577964413 0.000000000
QJ:/crc/crr: 0.000000000 0.076323706 0.923676294
QJ:/crc/r: 0.000199467 0.000003945 0.999796588
QJ:/crrc/c: 0.000002959 0.999997041 0.000000000
QJ:/crrc/crr: 0.000000000 0.500000000 0.500000000
QJ:/crrc/r: 0.029855545 0.000001973 0.970142482
QJ:/rc/c: 0.000102663 0.999897337 0.000000000
QJ:/rc/crr: 0.000000000 0.025094966 0.974905034
QJ:/rc/r: 0.018602348 0.000003435 0.981394217
QJ:/rrc/c: 0.000237446 0.999762554 0.000000000
QJ:/rrc/crr: 0.000000000 0.019888891 0.980111109
QJ:/rrc/r: 0.000085022 0.000006297 0.999908681
QK:/cc/c: 0.040425714 0.959574286 0.000000000
QK:/cc/crr: 0.000000000 0.999601182 0.000398818
QK:/cc/r: 0.000108081 0.740586507 0.259305412
QK:/crc/c: 0.394399214 0.605600786 0.000000000
QK:/crc/crr: 0.000000000 0.020754375 0.979245625
QK:/crc/r: 0.000216589 0.535770915 0.464012496
QK:/crrc/c: 0.018030416 0.981969584 0.000000000
QK:/crrc/crr: 0.000000000 0.028088100 0.971911900
QK:/crrc/r: 0.000077974 0.280156939 0.719765088
QK:/rc/c: 0.343150042 0.656849958 0.000000000
QK:/rc/crr: 0.000000000 0.012523240 0.987476760
QK:/rc/r: 0.000007179 0.307797643 0.692195178
QK:/rrc/c: 0.430599673 0.569400327 0.000000000
QK:/rrc/crr: 0.000000000 0.062663702 0.937336298
QK:/rrc/r: 0.000090422 0.523203678 0.476705900
QQ:/cc/c: 0.999967755 0.000032245 0.000000000
QQ:/cc/crr: 0.000000000 0.999983877 0.000016123
QQ:/cc/r: 0.999919273 0.000059230 0.000021497
QQ:/crc/c: 0.999994082 0.000005918 0.000000000
QQ:/crc/crr: 0.000000000 0.999997041 0.000002959
QQ:/crc/r: 0.790876851 0.209119204 0.000003945
QQ:/crrc/c: 0.999997041 0.000002959 0.000000000
QQ:/crrc/crr: 0.000000000 0.999998521 0.000001479
QQ:/crrc/r: 0.999996055 0.000001973 0.000001973
QQ:/rc/c: 0.999994847 0.000005153 0.000000000
QQ:/rc/crr: 0.000000000 0.999997424 0.000002576
QQ:/rc/r: 0.999992565 0.000004000 0.000003435
QQ:/rrc/c: 0.999990555 0.000009445 0.000000000
QQ:/rrc/crr: 0.000000000 0.999995277 0.000004723
QQ:/rrc/r: 0.999957698 0.000036005 0.000006297
