J:/: 0.074565880 0.925434120 0.000000000
J:/cr: 0.018548555 0.033993200 0.947458245
J:/rr: 0.000000000 0.999932945 0.000067055
JJ:/cc/: 0.000243654 0.999756346 0.000000000
JJ:/cc/cr: 0.999996397 0.000001801 0.000001801
JJ:/cc/rr: 0.000000000 0.988912807 0.011087193
JJ:/crc/: 0.932626948 0.067373052 0.000000000
JJ:/crc/cr: 0.999475756 0.000262122 0.000262122
JJ:/crc/rr: 0.000000000 0.999971596 0.000028404
JJ:/crrc/: 0.890302096 0.109697904 0.000000000
JJ:/crrc/cr: 0.999409930 0.000295035 0.000295035
JJ:/crrc/rr: 0.000000000 0.999945471 0.000054529
JJ:/rc/: 0.947678186 0.052321814 0.000000000
JJ:/rc/cr: 0.999145611 0.000427195 0.000427195
JJ:/rc/rr: 0.000000000 0.999964622 0.000035378
JJ:/rrc/: 0.999357507 0.000642493 0.000000000
JJ:/rrc/cr: 0.965208784 0.017395608 0.017395608
JJ:/rrc/rr: 0.000000000 0.999983224 0.000016776
JK:/cc/: 0.077516086 0.922483914 0.000000000
JK:/cc/cr: 0.000429709 0.000001952 0.999568339
JK:/cc/rr: 0.000000000 0.000034850 0.999965150
JK:/crc/: 0.078569381 0.921430619 0.000000000
JK:/crc/cr: 0.029867507 0.000019166 0.970113327
JK:/crc/rr: 0.000000000 0.000337154 0.999662846
JK:/crrc/: 0.999902906 0.000097094 0.000000000
JK:/crrc/cr: 0.333333333 0.333333333 0.333333333
JK:/crrc/rr: 0.000000000 0.000048552 0.999951448
JK:/rc/: 0.996033833 0.003966167 0.000000000
JK:/rc/cr: 0.973068929 0.005635567 0.021295504
JK:/rc/rr: 0.000000000 0.000033661 0.999966339
JK:/rrc/: 0.542252892 0.457747108 0.000000000
JK:/rrc/cr: 0.936194947 0.000024416 0.063780636
JK:/rrc/rr: 0.000000000 0.000030917 0.999969083
JQ:/cc/: 0.169642638 0.830357362 0.000000000
JQ:/cc/cr: 0.000002169 0.000002169 0.999995662
JQ:/cc/rr: 0.000000000 0.000015924 0.999984076
JQ:/crc/: 0.995023118 0.004976882 0.000000000
JQ:/crc/cr: 0.005875953 0.003548400 0.990575647
JQ:/crc/rr: 0.000000000 0.000026622 0.999973378
JQ:/crrc/: 0.037467981 0.962532019 0.000000000
JQ:/crrc/cr: 0.122391276 0.000033625 0.877575100
JQ:/crrc/rr: 0.000000000 0.001295695 0.998704305
JQ:/rc/: 0.997754556 0.002245444 0.000000000
JQ:/rc/cr: 0.009954198 0.009954198 0.980091603
JQ:/rc/rr: 0.000000000 0.000033603 0.999966397
JQ:/rrc/: 0.148374276 0.851625724 0.000000000
JQ:/rrc/cr: 0.000013124 0.000013124 0.999973752
JQ:/rrc/rr: 0.000000000 0.000112990 0.999887010
K:/: 0.753501038 0.246498962 0.000000000
K:/cr: 0.704574553 0.295411925 0.000013523
K:/rr: 0.000000000 0.999993364 0.000006636
KJ:/cc/: 0.000047386 0.999952614 0.000000000
KJ:/cc/cr: 0.000048205 0.000010774 0.999941021
KJ:/cc/rr: 0.000000000 0.785969134 0.214030866
KJ:/crc/: 0.000052464 0.999947536 0.000000000
KJ:/crc/cr: 0.000030370 0.999962000 0.000007630
KJ:/crc/rr: 0.000000000 0.781870582 0.218129418
KJ:/crrc/: 0.045021742 0.954978258 0.000000000
KJ:/crrc/cr: 0.004257122 0.991235127 0.004507751
KJ:/crrc/rr: 0.000000000 0.451302424 0.548697576
KJ:/rc/: 0.063827285 0.936172715 0.000000000
KJ:/rc/cr: 0.006386608 0.977812978 0.015800414
KJ:/rc/rr: 0.000000000 0.269613395 0.730386605
KJ:/rrc/: 0.079194838 0.920805162 0.000000000
KJ:/rrc/cr: 0.000307548 0.999565148 0.000127304
KJ:/rrc/rr: 0.000000000 0.512939540 0.487060460
KK:/cc/: 0.996543849 0.003456151 0.000000000
KK:/cc/cr: 0.996087350 0.001956325 0.001956325
KK:/cc/rr: 0.000000000 0.999989823 0.000010177
KK:/crc/: 0.119678279 0.880321721 0.000000000
KK:/crc/cr: 0.999982667 0.000008666 0.000008666
KK:/crc/rr: 0.000000000 0.999904377 0.000095623
KK:/crrc/: 0.993891004 0.006108996 0.000000000
KK:/crrc/cr: 0.998952762 0.000523619 0.000523619
KK:/crrc/rr: 0.000000000 0.999995172 0.000004828
KK:/rc/: 0.827424131 0.172575869 0.000000000
KK:/rc/cr: 0.999974366 0.000012817 0.000012817
KK:/rc/rr: 0.000000000 0.999995990 0.000004010
KK:/rrc/: 0.534947983 0.465052017 0.000000000
KK:/rrc/cr: 0.999995244 0.000002378 0.000002378
KK:/rrc/rr: 0.000000000 0.999996899 0.000003101
KQ:/cc/: 0.000053806 0.999946194 0.000000000
KQ:/cc/cr: 0.000041389 0.419773281 0.580185330
KQ:/cc/rr: 0.000000000 0.811506601 0.188493399
KQ:/crc/: 0.893725982 0.106274018 0.000000000
KQ:/crc/cr: 0.000472613 0.399642057 0.599885330
KQ:/crc/rr: 0.000000000 0.000026420 0.999973580
KQ:/crrc/: 0.006439597 0.993560403 0.000000000
KQ:/crrc/cr: 0.032984985 0.688464845 0.278550170
KQ:/crrc/rr: 0.000000000 0.011797847 0.988202153
KQ:/rc/: 0.000018506 0.999981494 0.000000000
KQ:/rc/cr: 0.000016839 0.482589658 0.517393503
KQ:/rc/rr: 0.000000000 0.820719775 0.179280225
KQ:/rrc/: 0.701779179 0.298220821 0.000000000
KQ:/rrc/cr: 0.017909676 0.904037214 0.078053110
KQ:/rrc/rr: 0.000000000 0.390652274 0.609347726
Q:/: 0.751571956 0.248428044 0.000000000
Q:/cr: 0.166993387 0.832645470 0.000361143
Q:/rr: 0.000000000 0.999993347 0.000006653
QJ:/cc/: 0.000020127 0.999979873 0.000000000
QJ:/cc/cr: 0.000006709 0.000006709 0.999986582
QJ:/cc/rr: 0.000000000 0.500000000 0.500000000
QJ:/crc/: 0.030816684 0.969183316 0.000000000
QJ:/crc/cr: 0.003095011 0.000002771 0.996902218
QJ:/crc/rr: 0.000000000 0.000130729 0.999869271
QJ:/crrc/: 0.021576651 0.978423349 0.000000000
QJ:/crrc/cr: 0.000087296 0.000013687 0.999899017
QJ:/crrc/rr: 0.000000000 0.000930968 0.999069032
QJ:/rc/: 0.009146426 0.990853574 0.000000000
QJ:/rc/cr: 0.000002238 0.000002238 0.999995524
QJ:/rc/rr: 0.000000000 0.000363679 0.999636321
QJ:/rrc/: 0.000003326 0.999996674 0.000000000
QJ:/rrc/cr: 0.000001109 0.000001109 0.999997782
QJ:/rrc/rr: 0.000000000 0.500000000 0.500000000
QK:/cc/: 0.384541019 0.615458981 0.000000000
QK:/cc/cr: 0.012973076 0.986985532 0.000041392
QK:/cc/rr: 0.000000000 0.999973830 0.000026170
QK:/crc/: 0.000009004 0.999990996 0.000000000
QK:/crc/cr: 0.000002976 0.559663968 0.440333056
QK:/crc/rr: 0.000000000 0.552579564 0.447420436
QK:/crrc/: 0.969423032 0.030576968 0.000000000
QK:/crrc/cr: 0.000470474 0.670357355 0.329172171
QK:/crrc/rr: 0.000000000 0.000569467 0.999430533
QK:/rc/: 0.439419072 0.560580928 0.000000000
QK:/rc/cr: 0.013863532 0.539899081 0.446237386
QK:/rc/rr: 0.000000000 0.201604089 0.798395911
QK:/rrc/: 0.127454121 0.872545879 0.000000000
QK:/rrc/cr: 0.000001271 0.296203024 0.703795705
QK:/rrc/rr: 0.000000000 0.000514695 0.999485305
QQ:/cc/: 0.473818386 0.526181614 0.000000000
QQ:/cc/cr: 0.999974500 0.000012750 0.000012750
QQ:/cc/rr: 0.000000000 0.999978761 0.000021239
QQ:/crc/: 0.986003677 0.013996323 0.000000000
QQ:/crc/cr: 0.999616220 0.000191890 0.000191890
QQ:/crc/rr: 0.000000000 0.999995914 0.000004086
QQ:/crrc/: 0.182162933 0.817837067 0.000000000
QQ:/crrc/cr: 0.999967252 0.000016374 0.000016374
QQ:/crrc/rr: 0.000000000 0.999889730 0.000110270
QQ:/rc/: 0.499379654 0.500620346 0.000000000
QQ:/rc/cr: 0.999991141 0.000004430 0.000004430
QQ:/rc/rr: 0.000000000 0.999993339 0.000006661
QQ:/rrc/: 0.982155940 0.017844060 0.000000000
QQ:/rrc/cr: 0.999875724 0.000062138 0.000062138
QQ:/rrc/rr: 0.000000000 0.999998307 0.000001693
