J:/c: 0.289134833 0.710865167 0.000000000
J:/crr: 0.000000000 0.999982707 0.000017293
J:/r: 0.054905542 0.129456588 0.815637870
JJ:/cc/c: 0.999992966 0.000007034 0.000000000
JJ:/cc/crr: 0.000000000 0.999996483 0.000003517
JJ:/cc/r: 0.999982751 0.000012560 0.000004689
JJ:/crc/c: 0.999982707 0.000017293 0.000000000
JJ:/crc/crr: 0.000000000 0.999991353 0.000008647
JJ:/crc/r: 0.999976943 0.000011529 0.000011529
JJ:/crrc/c: 0.999991353 0.000008647 0.000000000
JJ:/crrc/crr: 0.000000000 0.999995677 0.000004323
JJ:/crrc/r: 0.999988471 0.000005764 0.000005764
JJ:/rc/c: 0.999974251 0.000025749 0.000000000
JJ:/rc/crr: 0.000000000 0.999987125 0.000012875
JJ:/rc/r: 0.999963610 0.000019224 0.000017166
JJ:/rrc/c: 0.999939290 0.000060710 0.000000000
JJ:/rrc/crr: 0.000000000 0.999969643 0.000030357
JJ:/rrc/r: 0.999734368 0.000225158 0.000040474
JK:/cc/c: 0.005367413 0.994632587 0.000000000
JK:/cc/crr: 0.000000000 0.000655221 0.999344779
JK:/cc/r: 0.000010678 0.000004689 0.999984633
JK:/crc/c: 0.531080158 0.468919842 0.000000000
JK:/crc/crr: 0.000000000 0.000016281 0.999983719
JK:/crc/r: 0.161914066 0.000011529 0.838074405
JK:/crrc/c: 0.443391691 0.556608309 0.000000000
JK:/crrc/crr: 0.000000000 0.000009751 0.999990249
JK:/crrc/r: 0.193493427 0.000005764 0.806500809
JK:/rc/c: 0.380709617 0.619290383 0.000000000
JK:/rc/crr: 0.000000000 0.000033817 0.999966183
JK:/rc/r: 0.357790243 0.000017166 0.642192591
JK:/rrc/c: 0.999779843 0.000220157 0.000000000
JK:/rrc/crr: 0.000000000 0.000030362 0.999969638
JK:/rrc/r: 0.283131326 0.000040891 0.716827783
JQ:/cc/c: 0.070421273 0.929578727 0.000000000
JQ:/cc/crr: 0.000000000 0.000049940 0.999950060
JQ:/cc/r: 0.033816072 0.000004689 0.966179239
JQ:/crc/c: 0.454500962 0.545499038 0.000000000
JQ:/crc/crr: 0.000000000 0.000019024 0.999980976
JQ:/crc/r: 0.114395784 0.000011529 0.885592687
JQ:/crrc/c: 0.051277391 0.948722609 0.000000000
JQ:/crrc/crr: 0.000000000 0.000084312 0.999915688
JQ:/crrc/r: 0.265370120 0.000005764 0.734624115
JQ:/rc/c: 0.991103820 0.008896180 0.000000000
JQ:/rc/crr: 0.000000000 0.000012990 0.999987010
JQ:/rc/r: 0.000017166 0.000017166 0.999965668
JQ:/rrc/c: 0.001848065 0.998151935 0.000000000
JQ:/rrc/crr: 0.000000000 0.016425374 0.983574626
JQ:/rrc/r: 0.413601828 0.000040474 0.586357699
K:/c: 0.999934365 0.000065635 0.000000000
K:/crr: 0.000000000 0.999995000 0.000005000
K:/r: 0.578462173 0.421531160 0.000006667
KJ:/cc/c: 0.233626492 0.766373508 0.000000000
KJ:/cc/crr: 0.000000000 0.836964087 0.163035913
KJ:/cc/r: 0.256221283 0.102878573 0.640900144
KJ:/crc/c: 0.090025272 0.909974728 0.000000000
KJ:/crc/crr: 0.000000000 0.999972228 0.000027772
KJ:/crc/r: 0.000110183 0.724945200 0.274944617
KJ:/crrc/c: 0.316115709 0.683884291 0.000000000
KJ:/crrc/crr: 0.000000000 0.999996045 0.000003955
KJ:/crrc/r: 0.044855856 0.818888329 0.136255814
KJ:/rc/c: 0.408795250 0.591204750 0.000000000
KJ:/rc/crr: 0.000000000 0.702646225 0.297353775
KJ:/rc/r: 0.054576634 0.699600181 0.245823185
KJ:/rrc/c: 0.351836022 0.648163978 0.000000000
KJ:/rrc/crr: 0.000000000 0.998024711 0.001975289
KJ:/rrc/r: 0.048482552 0.901181344 0.050336105
KK:/cc/c: 0.923820983 0.076179017 0.000000000
KK:/cc/crr: 0.000000000 0.958769600 0.041230400
KK:/cc/r: 0.810970166 0.138243822 0.050786011
KK:/crc/c: 0.999995000 0.000005000 0.000000000
KK:/crc/crr: 0.000000000 0.999997500 0.000002500
KK:/crc/r: 0.729933001 0.270063666 0.000003334
KK:/crrc/c: 0.999997500 0.000002500 0.000000000
KK:/crrc/crr: 0.000000000 0.999998750 0.000001250
KK:/crrc/r: 0.999996666 0.000001667 0.000001667
KK:/rc/c: 0.999992092 0.000007908 0.000000000
KK:/rc/crr: 0.000000000 0.999996046 0.000003954
KK:/rc/r: 0.999980273 0.000014456 0.000005272
KK:/rrc/c: 0.999994238 0.000005762 0.000000000
KK:/rrc/crr: 0.000000000 0.999997119 0.000002881
KK:/rrc/r: 0.999977398 0.000018760 0.000003842
KQ:/cc/c: 0.391303912 0.608696088 0.000000000
KQ:/cc/crr: 0.000000000 0.902660037 0.097339963
KQ:/cc/r: 0.257355141 0.651577140 0.091067719
KQ:/crc/c: 0.285000800 0.714999200 0.000000000
KQ:/crc/crr: 0.000000000 0.001753211 0.998246789
KQ:/crc/r: 0.000085242 0.424607243 0.575307515
KQ:/crrc/c: 0.592282873 0.407717127 0.000000000
KQ:/crrc/crr: 0.000000000 0.406920712 0.593079288
KQ:/crrc/r: 0.000007804 0.614299788 0.385692408
KQ:/rc/c: 0.001648580 0.998351420 0.000000000
KQ:/rc/crr: 0.000000000 0.039506704 0.960493296
KQ:/rc/r: 0.000024584 0.311568770 0.688406645
KQ:/rrc/c: 0.499483706 0.500516294 0.000000000
KQ:/rrc/crr: 0.000000000 0.474507144 0.525492856
KQ:/rrc/r: 0.084355127 0.543631073 0.372013799
Q:/c: 0.844463887 0.155536113 0.000000000
Q:/crr: 0.000000000 0.999994079 0.000005921
Q:/r: 0.362263781 0.637678971 0.000057248
QJ:/cc/c: 0.000454676 0.999545324 0.000000000
QJ:/cc/crr: 0.000000000 0.035351372 0.964648628
QJ:/cc/r: 0.000047485 0.000021431 0.999931083
QJ:/crc/c: 0.460591631 0.539408369 0.000000000
QJ:/crc/crr: 0.000000000 0.067138816 0.932861184
QJ:/crc/r: 0.000003947 0.000003947 0.999992105
QJ:/crrc/c: 0.000112228 0.999887772 0.000000000
QJ:/crrc/crr: 0.000000000 0.013189574 0.986810426
QJ:/crrc/r: 0.012930687 0.000001974 0.987067339
QJ:/rc/c: 0.000117712 0.999882288 0.000000000
QJ:/rc/crr: 0.000000000 0.022203718 0.977796282
QJ:/rc/r: 0.019791170 0.000003485 0.980205345
QJ:/rrc/c: 0.000299663 0.999700337 0.000000000
QJ:/rrc/crr: 0.000000000 0.015352900 0.984647100
QJ:/rrc/r: 0.000088774 0.000009853 0.999901374
QK:/cc/c: 0.045566685 0.954433315 0.000000000
QK:/cc/crr: 0.000000000 0.999647255 0.000352745
QK:/cc/r: 0.000153752 0.741742030 0.258104219
QK:/crc/c: 0.375256948 0.624743052 0.000000000
QK:/crc/crr: 0.000000000 0.026764910 0.973235090
QK:/crc/r: 0.005433916 0.435290613 0.559275471
QK:/crrc/c: 0.085189833 0.914810167 0.000000000
QK:/crrc/crr: 0.000000000 0.002941354 0.997058646
QK:/crrc/r: 0.000073470 0.293556451 0.706370079
QK:/rc/c: 0.366325353 0.633674647 0.000000000
QK:/rc/crr: 0.000000000 0.009969229 0.990030771
QK:/rc/r: 0.000007459 0.310953423 0.689039118
QK:/rrc/c: 0.422145824 0.577854176 0.000000000
QK:/rrc/crr: 0.000000000 0.051430570 0.948569430
QK:/rrc/r: 0.000190662 0.512223002 0.487586337
QQ:/cc/c: 0.999967853 0.000032147 0.000000000
QQ:/cc/crr: 0.000000000 0.999983926 0.000016074
QQ:/cc/r: 0.999919979 0.000058590 0.000021431
QQ:/crc/c: 0.999994079 0.000005921 0.000000000
QQ:/crc/crr: 0.000000000 0.999997040 0.000002960
QQ:/crc/r: 0.815569221 0.184426832 0.000003947
QQ:/crrc/c: 0.999997040 0.000002960 0.000000000
QQ:/crrc/crr: 0.000000000 0.999998520 0.000001480
QQ:/crrc/r: 0.999996053 0.000001974 0.000001974
QQ:/rc/c: 0.999994773 0.000005227 0.000000000
QQ:/rc/crr: 0.000000000 0.999997386 0.000002614
QQ:/rc/r: 0.999992782 0.000003733 0.000003485
QQ:/rrc/c: 0.999990799 0.000009201 0.000000000
QQ:/rrc/crr: 0.000000000 0.999995399 0.000004601
QQ:/rrc/r: 0.999956945 0.000036921 0.000006134
