J:/c: 0.311805920 0.688194080 0.000000000
J:/crr: 0.000000000 0.999983964 0.000016036
J:/r: 0.053328926 0.124625387 0.822045687
JJ:/cc/c: 0.999992735 0.000007265 0.000000000
JJ:/cc/crr: 0.000000000 0.999996367 0.000003633
JJ:/cc/r: 0.999990313 0.000004844 0.000004844
JJ:/crc/c: 0.999983964 0.000016036 0.000000000
JJ:/crc/crr: 0.000000000 0.999991982 0.000008018
JJ:/crc/r: 0.999945435 0.000043875 0.000010690
JJ:/crrc/c: 0.999991982 0.000008018 0.000000000
JJ:/crrc/crr: 0.000000000 0.999995991 0.000004009
JJ:/crrc/r: 0.999971902 0.000022753 0.000005345
JJ:/rc/c: 0.999973253 0.000026747 0.000000000
JJ:/rc/crr: 0.000000000 0.999986626 0.000013374
JJ:/rc/r: 0.999838296 0.000143873 0.000017831
JJ:/rrc/c: 0.999937495 0.000062505 0.000000000
JJ:/rrc/crr: 0.000000000 0.999968745 0.000031255
JJ:/rrc/r: 0.999910068 0.000048262 0.000041670
JK:/cc/c: 0.000007265 0.999992735 0.000000000
JK:/cc/crr: 0.000000000 0.500000000 0.500000000
JK:/cc/r: 0.000004844 0.000004844 0.999990313
JK:/crc/c: 0.518915778 0.481084222 0.000000000
JK:/crc/crr: 0.000000000 0.000015451 0.999984549
JK:/crc/r: 0.019415112 0.000010690 0.980574197
JK:/crrc/c: 0.400469288 0.599530712 0.000000000
JK:/crrc/crr: 0.000000000 0.000010011 0.999989989
JK:/crrc/r: 0.256165865 0.000005345 0.743828790
JK:/rc/c: 0.394372045 0.605627955 0.000000000
JK:/rc/crr: 0.000000000 0.000033911 0.999966089
JK:/rc/r: 0.368978987 0.000017831 0.631003182
JK:/rrc/c: 0.999937495 0.000062505 0.000000000
JK:/rrc/crr: 0.000000000 0.000031255 0.999968745
JK:/rrc/r: 0.328503894 0.000041670 0.671454436
JQ:/cc/c: 0.072792886 0.927207114 0.000000000
JQ:/cc/crr: 0.000000000 0.000049905 0.999950095
JQ:/cc/r: 0.033719485 0.000004844 0.966275671
JQ:/crc/c: 0.522942757 0.477057243 0.000000000
JQ:/crc/crr: 0.000000000 0.000015332 0.999984668
JQ:/crc/r: 0.000055802 0.000010690 0.999933507
JQ:/crrc/c: 0.017936071 0.982063929 0.000000000
JQ:/crrc/crr: 0.000000000 0.000223514 0.999776486
JQ:/crrc/r: 0.000071576 0.000005345 0.999923079
JQ:/rc/c: 0.998721660 0.001278340 0.000000000
JQ:/rc/crr: 0.000000000 0.000013391 0.999986609
JQ:/rc/r: 0.000017831 0.000017831 0.999964338
JQ:/rrc/c: 0.003118128 0.996881872 0.000000000
JQ:/rrc/crr: 0.000000000 0.010022868 0.989977132
JQ:/rrc/r: 0.642340404 0.000041670 0.357617926
K:/c: 0.999990000 0.000010000 0.000000000
K:/crr: 0.000000000 0.999995000 0.000005000
K:/r: 0.586667471 0.413325863 0.000006667
KJ:/cc/c: 0.500000000 0.500000000 0.000000000
KJ:/cc/crr: 0.000000000 0.500000000 0.500000000
KJ:/cc/r: 0.333333333 0.333333333 0.333333333
KJ:/crc/c: 0.116960517 0.883039483 0.000000000
KJ:/crc/crr: 0.000000000 0.999978625 0.000021375
KJ:/crc/r: 0.000019276 0.739245802 0.260734922
KJ:/crrc/c: 0.295681040 0.704318960 0.000000000
KJ:/crrc/crr: 0.000000000 0.999995772 0.000004228
KJ:/crrc/r: 0.009150401 0.877372861 0.113476737
KJ:/rc/c: 0.418429727 0.581570273 0.000000000
KJ:/rc/crr: 0.000000000 0.770931699 0.229068301
KJ:/rc/r: 0.000034243 0.887344310 0.112621447
KJ:/rrc/c: 0.161542822 0.838457178 0.000000000
KJ:/rrc/crr: 0.000000000 0.999982414 0.000017586
KJ:/rrc/r: 0.038763616 0.910523508 0.050712876
KK:/cc/c: 0.500000000 0.500000000 0.000000000
KK:/cc/crr: 0.000000000 0.500000000 0.500000000
KK:/cc/r: 0.333333333 0.333333333 0.333333333
KK:/crc/c: 0.999995000 0.000005000 0.000000000
KK:/crc/crr: 0.000000000 0.999997500 0.000002500
KK:/crc/r: 0.982535008 0.017461658 0.000003333
KK:/crrc/c: 0.999997500 0.000002500 0.000000000
KK:/crrc/crr: 0.000000000 0.999998750 0.000001250
KK:/crrc/r: 0.999928730 0.000069603 0.000001667
KK:/rc/c: 0.999991935 0.000008065 0.000000000
KK:/rc/crr: 0.000000000 0.999995968 0.000004032
KK:/rc/r: 0.999969858 0.000024766 0.000005376
KK:/rrc/c: 0.999994318 0.000005682 0.000000000
KK:/rrc/crr: 0.000000000 0.999997159 0.000002841
KK:/rrc/r: 0.997531517 0.002464695 0.000003788
KQ:/cc/c: 0.500000000 0.500000000 0.000000000
KQ:/cc/crr: 0.000000000 0.500000000 0.500000000
KQ:/cc/r: 0.333333333 0.333333333 0.333333333
KQ:/crc/c: 0.000149480 0.999850520 0.000000000
KQ:/crc/crr: 0.000000000 0.983275141 0.016724859
KQ:/crc/r: 0.000015571 0.437830381 0.562154048
KQ:/crrc/c: 0.648138651 0.351861349 0.000000000
KQ:/crrc/crr: 0.000000000 0.431568787 0.568431213
KQ:/crrc/r: 0.000037864 0.936489565 0.063472571
KQ:/rc/c: 0.000026833 0.999973167 0.000000000
KQ:/rc/crr: 0.000000000 0.849725032 0.150274968
KQ:/rc/r: 0.000010810 0.301021329 0.698967861
KQ:/rrc/c: 0.520726373 0.479273627 0.000000000
KQ:/rrc/crr: 0.000000000 0.476917153 0.523082847
KQ:/rrc/r: 0.002023921 0.667086553 0.330889526
Q:/c: 0.850968061 0.149031939 0.000000000
Q:/crr: 0.000000000 0.999994124 0.000005876
Q:/r: 0.379038005 0.620922382 0.000039613
QJ:/cc/c: 0.000033550 0.999966450 0.000000000
QJ:/cc/crr: 0.000000000 0.500000000 0.500000000
QJ:/cc/r: 0.000022367 0.000022367 0.999955267
QJ:/crc/c: 0.412968899 0.587031101 0.000000000
QJ:/crc/crr: 0.000000000 0.000041715 0.999958285
QJ:/crc/r: 0.000003917 0.000003917 0.999992166
QJ:/crrc/c: 0.000002938 0.999997062 0.000000000
QJ:/crrc/crr: 0.000000000 0.500000000 0.500000000
QJ:/crrc/r: 0.000001959 0.000001959 0.999996083
QJ:/rc/c: 0.000005368 0.999994632 0.000000000
QJ:/rc/crr: 0.000000000 0.500000000 0.500000000
QJ:/rc/r: 0.003254586 0.000003579 0.996741835
QJ:/rrc/c: 0.000008794 0.999991206 0.000000000
QJ:/rrc/crr: 0.000000000 0.500000000 0.500000000
QJ:/rrc/r: 0.000089996 0.000005863 0.999904141
QK:/cc/c: 0.000235795 0.999764205 0.000000000
QK:/cc/crr: 0.000000000 0.928857851 0.071142149
QK:/cc/r: 0.000044052 0.756016571 0.243939376
QK:/crc/c: 0.298452614 0.701547386 0.000000000
QK:/crc/crr: 0.000000000 0.000445203 0.999554797
QK:/crc/r: 0.000035070 0.476242470 0.523722460
QK:/crrc/c: 0.188522933 0.811477067 0.000000000
QK:/crrc/crr: 0.000000000 0.000542491 0.999457509
QK:/crrc/r: 0.000008588 0.249679926 0.750311485
QK:/rc/c: 0.358900440 0.641099560 0.000000000
QK:/rc/crr: 0.000000000 0.000102364 0.999897636
QK:/rc/r: 0.000008579 0.302259803 0.697731619
QK:/rrc/c: 0.429747851 0.570252149 0.000000000
QK:/rrc/crr: 0.000000000 0.069295352 0.930704648
QK:/rrc/r: 0.000235582 0.502567416 0.497197002
QQ:/cc/c: 0.999966450 0.000033550 0.000000000
QQ:/cc/crr: 0.000000000 0.999983225 0.000016775
QQ:/cc/r: 0.999020399 0.000957235 0.000022367
QQ:/crc/c: 0.999994124 0.000005876 0.000000000
QQ:/crc/crr: 0.000000000 0.999997062 0.000002938
QQ:/crc/r: 0.999939597 0.000056486 0.000003917
QQ:/crrc/c: 0.999997062 0.000002938 0.000000000
QQ:/crrc/crr: 0.000000000 0.999998531 0.000001469
QQ:/crrc/r: 0.999976549 0.000021492 0.000001959
QQ:/rc/c: 0.999994632 0.000005368 0.000000000
QQ:/rc/crr: 0.000000000 0.999997316 0.000002684
QQ:/rc/r: 0.999991972 0.000004449 0.000003579
QQ:/rrc/c: 0.999991206 0.000008794 0.000000000
QQ:/rrc/crr: 0.000000000 0.999995603 0.000004397
QQ:/rrc/r: 0.999953012 0.000041125 0.000005863
