J:/: 0.082943592 0.917056408 0.000000000
J:/cr: 0.017475069 0.036309795 0.946215135
J:/rr: 0.000000000 0.999939718 0.000060282
JJ:/cc/: 0.000321844 0.999678156 0.000000000
JJ:/cc/cr: 0.999996364 0.000001818 0.000001818
JJ:/cc/rr: 0.000000000 0.991529715 0.008470285
JJ:/crc/: 0.950749948 0.049250052 0.000000000
JJ:/crc/cr: 0.999322466 0.000338767 0.000338767
JJ:/crc/rr: 0.000000000 0.999973677 0.000026323
JJ:/crrc/: 0.926821048 0.073178952 0.000000000
JJ:/crrc/cr: 0.999052550 0.000473725 0.000473725
JJ:/crrc/rr: 0.000000000 0.999943894 0.000056106
JJ:/rc/: 0.875212025 0.124787975 0.000000000
JJ:/rc/cr: 0.999677950 0.000161025 0.000161025
JJ:/rc/rr: 0.000000000 0.999965562 0.000034438
JJ:/rrc/: 0.999521038 0.000478962 0.000000000
JJ:/rrc/cr: 0.958044316 0.020977842 0.020977842
JJ:/rrc/rr: 0.000000000 0.999984921 0.000015079
JK:/cc/: 0.079977279 0.920022721 0.000000000
JK:/cc/cr: 0.000003255 0.000001975 0.999994770
JK:/cc/rr: 0.000000000 0.000034086 0.999965914
JK:/crc/: 0.118092697 0.881907303 0.000000000
JK:/crc/cr: 0.057214272 0.000018918 0.942766810
JK:/crc/rr: 0.000000000 0.000211922 0.999788078
JK:/crrc/: 0.999896000 0.000104000 0.000000000
JK:/crrc/cr: 0.333333333 0.333333333 0.333333333
JK:/crrc/rr: 0.000000000 0.000052005 0.999947995
JK:/rc/: 0.995152438 0.004847562 0.000000000
JK:/rc/cr: 0.931232215 0.004145172 0.064622613
JK:/rc/rr: 0.000000000 0.000030288 0.999969712
JK:/rrc/: 0.502342425 0.497657575 0.000000000
JK:/rrc/cr: 0.772889177 0.000020190 0.227090633
JK:/rrc/rr: 0.000000000 0.000030002 0.999969998
JQ:/cc/: 0.182972549 0.817027451 0.000000000
JQ:/cc/cr: 0.000005112 0.000002224 0.999992664
JQ:/cc/rr: 0.000000000 0.000014899 0.999985101
JQ:/crc/: 0.993019702 0.006980298 0.000000000
JQ:/crc/cr: 0.040310691 0.002390197 0.957299112
JQ:/crc/rr: 0.000000000 0.000025202 0.999974798
JQ:/crrc/: 0.016559475 0.983440525 0.000000000
JQ:/crrc/cr: 0.157991978 0.000035250 0.841972771
JQ:/crrc/rr: 0.000000000 0.003140199 0.996859801
JQ:/rc/: 0.998269078 0.001730922 0.000000000
JQ:/rc/cr: 0.011608827 0.011608827 0.976782347
JQ:/rc/rr: 0.000000000 0.000030193 0.999969807
JQ:/rrc/: 0.133548702 0.866451298 0.000000000
JQ:/rrc/cr: 0.002021146 0.000011596 0.997967258
JQ:/rrc/rr: 0.000000000 0.000112853 0.999887147
K:/: 0.759983542 0.240016458 0.000000000
K:/cr: 0.683498949 0.316487163 0.000013888
K:/rr: 0.000000000 0.999993421 0.000006579
KJ:/cc/: 0.000041927 0.999958073 0.000000000
KJ:/cc/cr: 0.000051633 0.000016694 0.999931674
KJ:/cc/rr: 0.000000000 0.751571379 0.248428621
KJ:/crc/: 0.000273416 0.999726584 0.000000000
KJ:/crc/cr: 0.000257438 0.999735246 0.000007316
KJ:/crc/rr: 0.000000000 0.959876557 0.040123443
KJ:/crrc/: 0.049232612 0.950767388 0.000000000
KJ:/crrc/cr: 0.000225733 0.996077851 0.003696416
KJ:/crrc/rr: 0.000000000 0.559488731 0.440511269
KJ:/rc/: 0.040066729 0.959933271 0.000000000
KJ:/rc/cr: 0.008637990 0.954515010 0.036847000
KJ:/rc/rr: 0.000000000 0.157457835 0.842542165
KJ:/rrc/: 0.094182052 0.905817948 0.000000000
KJ:/rrc/cr: 0.000227677 0.999771112 0.000001211
KJ:/rrc/rr: 0.000000000 0.604776385 0.395223615
KK:/cc/: 0.999514957 0.000485043 0.000000000
KK:/cc/cr: 0.971367610 0.014316195 0.014316195
KK:/cc/rr: 0.000000000 0.999989579 0.000010421
KK:/crc/: 0.263614889 0.736385111 0.000000000
KK:/crc/cr: 0.999980137 0.000009932 0.000009932
KK:/crc/rr: 0.000000000 0.999958385 0.000041615
KK:/crrc/: 0.988754966 0.011245034 0.000000000
KK:/crrc/cr: 0.999397693 0.000301153 0.000301153
KK:/crrc/rr: 0.000000000 0.999994863 0.000005137
KK:/rc/: 0.882398572 0.117601428 0.000000000
KK:/rc/cr: 0.999962704 0.000018648 0.000018648
KK:/rc/rr: 0.000000000 0.999996272 0.000003728
KK:/rrc/: 0.538920222 0.461079778 0.000000000
KK:/rrc/cr: 0.999995244 0.000002378 0.000002378
KK:/rrc/rr: 0.000000000 0.999996948 0.000003052
KQ:/cc/: 0.000058162 0.999941838 0.000000000
KQ:/cc/cr: 0.000044794 0.442691911 0.557263296
KQ:/cc/rr: 0.000000000 0.820915128 0.179084872
KQ:/crc/: 0.849320923 0.150679077 0.000000000
KQ:/crc/cr: 0.000284845 0.624409490 0.375305665
KQ:/crc/rr: 0.000000000 0.000038204 0.999961796
KQ:/crrc/: 0.011121647 0.988878353 0.000000000
KQ:/crrc/cr: 0.012206293 0.705843940 0.281949767
KQ:/crrc/rr: 0.000000000 0.365985903 0.634014097
KQ:/rc/: 0.000108026 0.999891974 0.000000000
KQ:/rc/cr: 0.000029832 0.492873711 0.507096457
KQ:/rc/rr: 0.000000000 0.236608293 0.763391707
KQ:/rrc/: 0.681942337 0.318057663 0.000000000
KQ:/rrc/cr: 0.031500735 0.838470010 0.130029255
KQ:/rrc/rr: 0.000000000 0.388215275 0.611784725
Q:/: 0.747335026 0.252664974 0.000000000
Q:/cr: 0.155068656 0.844158146 0.000773197
Q:/rr: 0.000000000 0.999993310 0.000006690
QJ:/cc/: 0.000019789 0.999980211 0.000000000
QJ:/cc/cr: 0.000009698 0.000006596 0.999983706
QJ:/cc/rr: 0.000000000 0.500000000 0.500000000
QJ:/crc/: 0.031447456 0.968552544 0.000000000
QJ:/crc/cr: 0.001915127 0.000002689 0.998082184
QJ:/crc/rr: 0.000000000 0.000124241 0.999875759
QJ:/crrc/: 0.015434473 0.984565527 0.000000000
QJ:/crrc/cr: 0.000460974 0.000014402 0.999524624
QJ:/crrc/rr: 0.000000000 0.001378027 0.998621973
QJ:/rc/: 0.013692917 0.986307083 0.000000000
QJ:/rc/cr: 0.000002261 0.000002261 0.999995478
QJ:/rc/rr: 0.000000000 0.000244303 0.999755697
QJ:/rrc/: 0.000003345 0.999996655 0.000000000
QJ:/rrc/cr: 0.000001115 0.000001115 0.999997770
QJ:/rrc/rr: 0.000000000 0.500000000 0.500000000
QK:/cc/: 0.514060238 0.485939762 0.000000000
QK:/cc/cr: 0.001329551 0.998645570 0.000024879
QK:/cc/rr: 0.000000000 0.094423346 0.905576654
QK:/crc/: 0.008057483 0.991942517 0.000000000
QK:/crc/cr: 0.000002626 0.565949321 0.434048053
QK:/crc/rr: 0.000000000 0.000484898 0.999515102
QK:/crrc/: 0.950050033 0.049949967 0.000000000
QK:/crrc/cr: 0.000641480 0.583777571 0.415580949
QK:/crrc/rr: 0.000000000 0.000614116 0.999385884
QK:/rc/: 0.456781046 0.543218954 0.000000000
QK:/rc/cr: 0.060262906 0.496944211 0.442792883
QK:/rc/rr: 0.000000000 0.185087680 0.814912320
QK:/rrc/: 0.128243203 0.871756797 0.000000000
QK:/rrc/cr: 0.000001279 0.299305233 0.700693488
QK:/rrc/rr: 0.000000000 0.000601994 0.999398006
QQ:/cc/: 0.517995125 0.482004875 0.000000000
QQ:/cc/cr: 0.999972630 0.000013685 0.000013685
QQ:/cc/rr: 0.000000000 0.999980898 0.000019102
QQ:/crc/: 0.989676572 0.010323428 0.000000000
QQ:/crc/cr: 0.999495380 0.000252310 0.000252310
QQ:/crc/rr: 0.000000000 0.999996052 0.000003948
QQ:/crrc/: 0.106892297 0.893107703 0.000000000
QQ:/crrc/cr: 0.999968247 0.000015876 0.000015876
QQ:/crrc/rr: 0.000000000 0.999801023 0.000198977
QQ:/rc/: 0.557644275 0.442355725 0.000000000
QQ:/rc/cr: 0.999988808 0.000006151 0.000005042
QQ:/rc/rr: 0.000000000 0.999994001 0.000005999
QQ:/rrc/: 0.973327441 0.026672559 0.000000000
QQ:/rrc/cr: 0.999916387 0.000041806 0.000041806
QQ:/rrc/rr: 0.000000000 0.999998282 0.000001718
