J:/c: 0.305132338 0.694867662 0.000000000
J:/crr: 0.000000000 0.999983614 0.000016386
J:/r: 0.053421562 0.127749271 0.818829168
JJ:/cc/c: 0.999992804 0.000007196 0.000000000
JJ:/cc/crr: 0.000000000 0.999996402 0.000003598
JJ:/cc/r: 0.999990406 0.000004797 0.000004797
JJ:/crc/c: 0.999983614 0.000016386 0.000000000
JJ:/crc/crr: 0.000000000 0.999991807 0.000008193
JJ:/crc/r: 0.999954596 0.000034480 0.000010924
JJ:/crrc/c: 0.999991807 0.000008193 0.000000000
JJ:/crrc/crr: 0.000000000 0.999995903 0.000004097
JJ:/crrc/r: 0.999960045 0.000034493 0.000005462
JJ:/rc/c: 0.999973907 0.000026093 0.000000000
JJ:/rc/crr: 0.000000000 0.999986953 0.000013047
JJ:/rc/r: 0.999965210 0.000017395 0.000017395
JJ:/rrc/c: 0.999937603 0.000062397 0.000000000
JJ:/rrc/crr: 0.000000000 0.999968800 0.000031200
JJ:/rrc/r: 0.999916804 0.000041598 0.000041598
JK:/cc/c: 0.003945266 0.996054734 0.000000000
JK:/cc/crr: 0.000000000 0.000911930 0.999088070
JK:/cc/r: 0.000004797 0.000004797 0.999990406
JK:/crc/c: 0.520866831 0.479133169 0.000000000
JK:/crc/crr: 0.000000000 0.000015730 0.999984270
JK:/crc/r: 0.060437762 0.000010924 0.939551314
JK:/crrc/c: 0.326441250 0.673558750 0.000000000
JK:/crrc/crr: 0.000000000 0.000012549 0.999987451
JK:/crrc/r: 0.202792623 0.000005462 0.797201915
JK:/rc/c: 0.404426809 0.595573191 0.000000000
JK:/rc/crr: 0.000000000 0.000032259 0.999967741
JK:/rc/r: 0.368769299 0.000017395 0.631213306
JK:/rrc/c: 0.999937603 0.000062397 0.000000000
JK:/rrc/crr: 0.000000000 0.000031200 0.999968800
JK:/rrc/r: 0.294958189 0.000041598 0.705000213
JQ:/cc/c: 0.072973689 0.927026311 0.000000000
JQ:/cc/crr: 0.000000000 0.000049303 0.999950697
JQ:/cc/r: 0.031778562 0.000004797 0.968216641
JQ:/crc/c: 0.543673668 0.456326332 0.000000000
JQ:/crc/crr: 0.000000000 0.000015070 0.999984930
JQ:/crc/r: 0.000224170 0.000010924 0.999764906
JQ:/crrc/c: 0.004093712 0.995906288 0.000000000
JQ:/crrc/crr: 0.000000000 0.001000718 0.998999282
JQ:/crrc/r: 0.054648072 0.000005462 0.945346466
JQ:/rc/c: 0.999336881 0.000663119 0.000000000
JQ:/rc/crr: 0.000000000 0.000013055 0.999986945
JQ:/rc/r: 0.000017395 0.000017395 0.999965210
JQ:/rrc/c: 0.014635582 0.985364418 0.000000000
JQ:/rrc/crr: 0.000000000 0.002131681 0.997868319
JQ:/rrc/r: 0.591195923 0.000041598 0.408762479
K:/c: 0.999990000 0.000010000 0.000000000
K:/crr: 0.000000000 0.999995000 0.000005000
K:/r: 0.573915616 0.426077718 0.000006667
KJ:/cc/c: 0.500000000 0.500000000 0.000000000
KJ:/cc/crr: 0.000000000 0.500000000 0.500000000
KJ:/cc/r: 0.333333333 0.333333333 0.333333333
KJ:/crc/c: 0.091186515 0.908813485 0.000000000
KJ:/crc/crr: 0.000000000 0.999972583 0.000027417
KJ:/crc/r: 0.000021017 0.726125853 0.273853130
KJ:/crrc/c: 0.423931087 0.576068913 0.000000000
KJ:/crrc/crr: 0.000000000 0.999997051 0.000002949
KJ:/crrc/r: 0.000351119 0.862593030 0.137055851
KJ:/rc/c: 0.428213259 0.571786741 0.000000000
KJ:/rc/crr: 0.000000000 0.875138539 0.124861461
KJ:/rc/r: 0.000043614 0.807016936 0.192939450
KJ:/rrc/c: 0.126420084 0.873579916 0.000000000
KJ:/rrc/crr: 0.000000000 0.999977029 0.000022971
KJ:/rrc/r: 0.004163098 0.993798320 0.002038582
KK:/cc/c: 0.500000000 0.500000000 0.000000000
KK:/cc/crr: 0.000000000 0.500000000 0.500000000
KK:/cc/r: 0.333333333 0.333333333 0.333333333
KK:/crc/c: 0.999995000 0.000005000 0.000000000
KK:/crc/crr: 0.000000000 0.999997500 0.000002500
KK:/crc/r: 0.996145481 0.003851186 0.000003333
KK:/crrc/c: 0.999997500 0.000002500 0.000000000
KK:/crrc/crr: 0.000000000 0.999998750 0.000001250
KK:/crrc/r: 0.999800896 0.000197437 0.000001667
KK:/rc/c: 0.999992177 0.000007823 0.000000000
KK:/rc/crr: 0.000000000 0.999996088 0.000003912
KK:/rc/r: 0.999975968 0.000018817 0.000005216
KK:/rrc/c: 0.999994192 0.000005808 0.000000000
KK:/rrc/crr: 0.000000000 0.999997096 0.000002904
KK:/rrc/r: 0.997378799 0.002617329 0.000003872
KQ:/cc/c: 0.500000000 0.500000000 0.000000000
KQ:/cc/crr: 0.000000000 0.500000000 0.500000000
KQ:/cc/r: 0.333333333 0.333333333 0.333333333
KQ:/crc/c: 0.000579649 0.999420351 0.000000000
KQ:/crc/crr: 0.000000000 0.216766024 0.783233976
KQ:/crc/r: 0.000016829 0.432031214 0.567951957
KQ:/crrc/c: 0.679142121 0.320857879 0.000000000
KQ:/crrc/crr: 0.000000000 0.470479842 0.529520158
KQ:/crrc/r: 0.010628235 0.704225505 0.285146260
KQ:/rc/c: 0.000008929 0.999991071 0.000000000
KQ:/rc/crr: 0.000000000 0.561920071 0.438079929
KQ:/rc/r: 0.000013336 0.299068361 0.700918304
KQ:/rrc/c: 0.495453917 0.504546083 0.000000000
KQ:/rrc/crr: 0.000000000 0.538957359 0.461042641
KQ:/rrc/r: 0.012271293 0.656557140 0.331171567
Q:/c: 0.846749816 0.153250184 0.000000000
Q:/crr: 0.000000000 0.999994095 0.000005905
Q:/r: 0.361612725 0.638346174 0.000041101
QJ:/cc/c: 0.000032626 0.999967374 0.000000000
QJ:/cc/crr: 0.000000000 0.500000000 0.500000000
QJ:/cc/r: 0.000021751 0.000021751 0.999956498
QJ:/crc/c: 0.401876185 0.598123815 0.000000000
QJ:/crc/crr: 0.000000000 0.000630547 0.999369453
QJ:/crc/r: 0.000003937 0.000003937 0.999992127
QJ:/crrc/c: 0.000002952 0.999997048 0.000000000
QJ:/crrc/crr: 0.000000000 0.500000000 0.500000000
QJ:/crrc/r: 0.043731754 0.000001968 0.956266278
QJ:/rc/c: 0.000018981 0.999981019 0.000000000
QJ:/rc/crr: 0.000000000 0.137553800 0.862446200
QJ:/rc/r: 0.000003481 0.000003481 0.999993038
QJ:/rrc/c: 0.000009218 0.999990782 0.000000000
QJ:/rrc/crr: 0.000000000 0.500000000 0.500000000
QJ:/rrc/r: 0.000033205 0.000006145 0.999960650
QK:/cc/c: 0.331002413 0.668997587 0.000000000
QK:/cc/crr: 0.000000000 0.999950716 0.000049284
QK:/cc/r: 0.000057479 0.722733991 0.277208530
QK:/crc/c: 0.312276815 0.687723185 0.000000000
QK:/crc/crr: 0.000000000 0.000785464 0.999214536
QK:/crc/r: 0.000020256 0.440764012 0.559215733
QK:/crrc/c: 0.243278894 0.756721106 0.000000000
QK:/crrc/crr: 0.000000000 0.000356395 0.999643605
QK:/crrc/r: 0.000007527 0.290233198 0.709759274
QK:/rc/c: 0.371628152 0.628371848 0.000000000
QK:/rc/crr: 0.000000000 0.000007026 0.999992974
QK:/rc/r: 0.000006198 0.304419172 0.695574630
QK:/rrc/c: 0.441157044 0.558842956 0.000000000
QK:/rrc/crr: 0.000000000 0.076243253 0.923756747
QK:/rrc/r: 0.000057243 0.514905000 0.485037757
QQ:/cc/c: 0.999967374 0.000032626 0.000000000
QQ:/cc/crr: 0.000000000 0.999983686 0.000016314
QQ:/cc/r: 0.995274652 0.004703597 0.000021751
QQ:/crc/c: 0.999994095 0.000005905 0.000000000
QQ:/crc/crr: 0.000000000 0.999997048 0.000002952
QQ:/crc/r: 0.999953906 0.000042157 0.000003937
QQ:/crrc/c: 0.999997048 0.000002952 0.000000000
QQ:/crrc/crr: 0.000000000 0.999998524 0.000001476
QQ:/crrc/r: 0.999996063 0.000001968 0.000001968
QQ:/rc/c: 0.999994778 0.000005222 0.000000000
QQ:/rc/crr: 0.000000000 0.999997389 0.000002611
QQ:/rc/r: 0.984662871 0.015333648 0.000003481
QQ:/rrc/c: 0.999990782 0.000009218 0.000000000
QQ:/rrc/crr: 0.000000000 0.999995391 0.000004609
QQ:/rrc/r: 0.999958861 0.000034994 0.000006145
