J:/c: 0.368809795 0.631190205 0.000000000
J:/crr: 0.000000000 0.999986443 0.000013557
J:/r: 0.053546457 0.103890171 0.842563373
JJ:/cc/c: 0.999992078 0.000007922 0.000000000
JJ:/cc/crr: 0.000000000 0.999996039 0.000003961
JJ:/cc/r: 0.999989438 0.000005281 0.000005281
JJ:/crc/c: 0.999986443 0.000013557 0.000000000
JJ:/crc/crr: 0.000000000 0.999993221 0.000006779
JJ:/crc/r: 0.999959163 0.000031799 0.000009038
JJ:/crrc/c: 0.999993221 0.000006779 0.000000000
JJ:/crrc/crr: 0.000000000 0.999996611 0.000003389
JJ:/crrc/r: 0.999968063 0.000027418 0.000004519
JJ:/rc/c: 0.999967915 0.000032085 0.000000000
JJ:/rc/crr: 0.000000000 0.999983957 0.000016043
JJ:/rc/r: 0.999430376 0.000548234 0.000021390
JJ:/rrc/c: 0.999937749 0.000062251 0.000000000
JJ:/rrc/crr: 0.000000000 0.999968872 0.000031128
JJ:/rrc/r: 0.999916998 0.000041501 0.000041501
JK:/cc/c: 0.000007922 0.999992078 0.000000000
JK:/cc/crr: 0.000000000 0.500000000 0.500000000
JK:/cc/r: 0.000005281 0.000005281 0.999989438
JK:/crc/c: 0.404176360 0.595823640 0.000000000
JK:/crc/crr: 0.000000000 0.000016771 0.999983229
JK:/crc/r: 0.000047880 0.000009038 0.999943082
JK:/crrc/c: 0.222708533 0.777291467 0.000000000
JK:/crrc/crr: 0.000000000 0.000015219 0.999984781
JK:/crrc/r: 0.211715238 0.000004519 0.788280243
JK:/rc/c: 0.382558299 0.617441701 0.000000000
JK:/rc/crr: 0.000000000 0.000041935 0.999958065
JK:/rc/r: 0.372862777 0.000021390 0.627115833
JK:/rrc/c: 0.999937749 0.000062251 0.000000000
JK:/rrc/crr: 0.000000000 0.000031128 0.999968872
JK:/rrc/r: 0.665195384 0.000041501 0.334763116
JQ:/cc/c: 0.003714420 0.996285580 0.000000000
JQ:/cc/crr: 0.000000000 0.001066323 0.998933677
JQ:/cc/r: 0.001886519 0.000005281 0.998108200
JQ:/crc/c: 0.999358946 0.000641054 0.000000000
JQ:/crc/crr: 0.000000000 0.000006783 0.999993217
JQ:/crc/r: 0.000040972 0.000009038 0.999949990
JQ:/crrc/c: 0.041870479 0.958129521 0.000000000
JQ:/crrc/crr: 0.000000000 0.000080948 0.999919052
JQ:/crrc/r: 0.000049067 0.000004519 0.999946414
JQ:/rc/c: 0.999967915 0.000032085 0.000000000
JQ:/rc/crr: 0.000000000 0.000016043 0.999983957
JQ:/rc/r: 0.000021390 0.000021390 0.999957220
JQ:/rrc/c: 0.068163762 0.931836238 0.000000000
JQ:/rrc/crr: 0.000000000 0.000456630 0.999543370
JQ:/rrc/r: 0.814846371 0.000041501 0.185112129
K:/c: 0.999990000 0.000010000 0.000000000
K:/crr: 0.000000000 0.999995000 0.000005000
K:/r: 0.657863265 0.342130068 0.000006667
KJ:/cc/c: 0.500000000 0.500000000 0.000000000
KJ:/cc/crr: 0.000000000 0.500000000 0.500000000
KJ:/cc/r: 0.333333333 0.333333333 0.333333333
KJ:/crc/c: 0.109530771 0.890469229 0.000000000
KJ:/crc/crr: 0.000000000 0.999977175 0.000022825
KJ:/crc/r: 0.000003333 0.710327260 0.289669407
KJ:/crrc/c: 0.295781732 0.704218268 0.000000000
KJ:/crrc/crr: 0.000000000 0.651355186 0.348644814
KJ:/crrc/r: 0.000044185 0.873535754 0.126420061
KJ:/rc/c: 0.438832441 0.561167559 0.000000000
KJ:/rc/crr: 0.000000000 0.999988899 0.000011101
KJ:/rc/r: 0.000017986 0.938423394 0.061558620
KJ:/rrc/c: 0.087910639 0.912089361 0.000000000
KJ:/rrc/crr: 0.000000000 0.999971181 0.000028819
KJ:/rrc/r: 0.000370515 0.976290655 0.023338830
KK:/cc/c: 0.500000000 0.500000000 0.000000000
KK:/cc/crr: 0.000000000 0.500000000 0.500000000
KK:/cc/r: 0.333333333 0.333333333 0.333333333
KK:/crc/c: 0.999995000 0.000005000 0.000000000
KK:/crc/crr: 0.000000000 0.999997500 0.000002500
KK:/crc/r: 0.985164290 0.014832377 0.000003333
KK:/crrc/c: 0.999997500 0.000002500 0.000000000
KK:/crrc/crr: 0.000000000 0.999998750 0.000001250
KK:/crrc/r: 0.997653576 0.002344757 0.000001667
KK:/rc/c: 0.999990257 0.000009743 0.000000000
KK:/rc/crr: 0.000000000 0.999995129 0.000004871
KK:/rc/r: 0.999952778 0.000040726 0.000006495
KK:/rrc/c: 0.999994933 0.000005067 0.000000000
KK:/rrc/crr: 0.000000000 0.999997467 0.000002533
KK:/rrc/r: 0.999134401 0.000862222 0.000003378
KQ:/cc/c: 0.500000000 0.500000000 0.000000000
KQ:/cc/crr: 0.000000000 0.500000000 0.500000000
KQ:/cc/r: 0.333333333 0.333333333 0.333333333
KQ:/crc/c: 0.073668155 0.926331845 0.000000000
KQ:/crc/crr: 0.000000000 0.000033936 0.999966064
KQ:/crc/r: 0.000005680 0.445179452 0.554814867
KQ:/crrc/c: 0.600169412 0.399830588 0.000000000
KQ:/crrc/crr: 0.000000000 0.392941337 0.607058663
KQ:/crrc/r: 0.000036611 0.729199602 0.270763787
KQ:/rc/c: 0.000009743 0.999990257 0.000000000
KQ:/rc/crr: 0.000000000 0.500000000 0.500000000
KQ:/rc/r: 0.000006495 0.304642074 0.695351431
KQ:/rrc/c: 0.527974094 0.472025906 0.000000000
KQ:/rrc/crr: 0.000000000 0.389457307 0.610542693
KQ:/rrc/r: 0.000116373 0.608949055 0.390934572
Q:/c: 0.841950032 0.158049968 0.000000000
Q:/crr: 0.000000000 0.999994061 0.000005939
Q:/r: 0.478652048 0.521298585 0.000049367
QJ:/cc/c: 0.000031636 0.999968364 0.000000000
QJ:/cc/crr: 0.000000000 0.500000000 0.500000000
QJ:/cc/r: 0.000021090 0.000021090 0.999957819
QJ:/crc/c: 0.461379619 0.538620381 0.000000000
QJ:/crc/crr: 0.000000000 0.000006436 0.999993564
QJ:/crc/r: 0.000003959 0.000003959 0.999992082
QJ:/crrc/c: 0.000002969 0.999997031 0.000000000
QJ:/crrc/crr: 0.000000000 0.500000000 0.500000000
QJ:/crrc/r: 0.000003553 0.000001980 0.999994467
QJ:/rc/c: 0.000006394 0.999993606 0.000000000
QJ:/rc/crr: 0.000000000 0.500000000 0.500000000
QJ:/rc/r: 0.000005096 0.000004263 0.999990641
QJ:/rrc/c: 0.000006964 0.999993036 0.000000000
QJ:/rrc/crr: 0.000000000 0.500000000 0.500000000
QJ:/rrc/r: 0.000004643 0.000004643 0.999990715
QK:/cc/c: 0.000531335 0.999468665 0.000000000
QK:/cc/crr: 0.000000000 0.970230126 0.029769874
QK:/cc/r: 0.000021090 0.679048591 0.320930318
QK:/crc/c: 0.405914259 0.594085741 0.000000000
QK:/crc/crr: 0.000000000 0.003695579 0.996304421
QK:/crc/r: 0.000010459 0.553298321 0.446691221
QK:/crrc/c: 0.308603614 0.691396386 0.000000000
QK:/crrc/crr: 0.000000000 0.000335208 0.999664792
QK:/crrc/r: 0.000005980 0.282641489 0.717352531
QK:/rc/c: 0.371749305 0.628250695 0.000000000
QK:/rc/crr: 0.000000000 0.000159606 0.999840394
QK:/rc/r: 0.000004263 0.308250201 0.691745537
QK:/rrc/c: 0.473404940 0.526595060 0.000000000
QK:/rrc/crr: 0.000000000 0.002721349 0.997278651
QK:/rrc/r: 0.000004643 0.431616701 0.568378656
QQ:/cc/c: 0.999968364 0.000031636 0.000000000
QQ:/cc/crr: 0.000000000 0.999984182 0.000015818
QQ:/cc/r: 0.999948482 0.000030428 0.000021090
QQ:/crc/c: 0.999994061 0.000005939 0.000000000
QQ:/crc/crr: 0.000000000 0.999997031 0.000002969
QQ:/crc/r: 0.993313795 0.006682246 0.000003959
QQ:/crrc/c: 0.999997031 0.000002969 0.000000000
QQ:/crrc/crr: 0.000000000 0.999998515 0.000001485
QQ:/crrc/r: 0.999985657 0.000012364 0.000001980
QQ:/rc/c: 0.999993606 0.000006394 0.000000000
QQ:/rc/crr: 0.000000000 0.999996803 0.000003197
QQ:/rc/r: 0.990318118 0.009677619 0.000004263
QQ:/rrc/c: 0.999993036 0.000006964 0.000000000
QQ:/rrc/crr: 0.000000000 0.999996518 0.000003482
QQ:/rrc/r: 0.999986332 0.000009025 0.000004643
