J:/c: 0.303544945 0.696455055 0.000000000
J:/crr: 0.000000000 0.999983528 0.000016472
J:/r: 0.055202365 0.125380968 0.819416667
JJ:/cc/c: 0.999992821 0.000007179 0.000000000
JJ:/cc/crr: 0.000000000 0.999996410 0.000003590
JJ:/cc/r: 0.999990428 0.000004786 0.000004786
JJ:/crc/c: 0.999983528 0.000016472 0.000000000
JJ:/crc/crr: 0.000000000 0.999991764 0.000008236
JJ:/crc/r: 0.999925595 0.000063424 0.000010981
JJ:/crrc/c: 0.999991764 0.000008236 0.000000000
JJ:/crrc/crr: 0.000000000 0.999995882 0.000004118
JJ:/crrc/r: 0.999961636 0.000032874 0.000005491
JJ:/rc/c: 0.999973414 0.000026586 0.000000000
JJ:/rc/crr: 0.000000000 0.999986707 0.000013293
JJ:/rc/r: 0.999964552 0.000017724 0.000017724
JJ:/rrc/c: 0.999939616 0.000060384 0.000000000
JJ:/rrc/crr: 0.000000000 0.999969806 0.000030194
JJ:/rrc/r: 0.999919488 0.000040256 0.000040256
JK:/cc/c: 0.009678552 0.990321448 0.000000000
JK:/cc/crr: 0.000000000 0.000370883 0.999629117
JK:/cc/r: 0.000004786 0.000004786 0.999990428
JK:/crc/c: 0.525304491 0.474695509 0.000000000
JK:/crc/crr: 0.000000000 0.000015679 0.999984321
JK:/crc/r: 0.033773033 0.000010981 0.966215986
JK:/crrc/c: 0.484374564 0.515625436 0.000000000
JK:/crrc/crr: 0.000000000 0.000008502 0.999991498
JK:/crrc/r: 0.183705077 0.000005491 0.816289432
JK:/rc/c: 0.395723244 0.604276756 0.000000000
JK:/rc/crr: 0.000000000 0.000033591 0.999966409
JK:/rc/r: 0.366267247 0.000017724 0.633715030
JK:/rrc/c: 0.999939616 0.000060384 0.000000000
JK:/rrc/crr: 0.000000000 0.000030194 0.999969806
JK:/rrc/r: 0.295079846 0.000040256 0.704879898
JQ:/cc/c: 0.072895970 0.927104030 0.000000000
JQ:/cc/crr: 0.000000000 0.000049243 0.999950757
JQ:/cc/r: 0.036106657 0.000004786 0.963888557
JQ:/crc/c: 0.559392156 0.440607844 0.000000000
JQ:/crc/crr: 0.000000000 0.000014723 0.999985277
JQ:/crc/r: 0.000058031 0.000010981 0.999930987
JQ:/crrc/c: 0.049106942 0.950893058 0.000000000
JQ:/crrc/crr: 0.000000000 0.000083859 0.999916141
JQ:/crrc/r: 0.212996451 0.000005491 0.786998058
JQ:/rc/c: 0.998163201 0.001836799 0.000000000
JQ:/rc/crr: 0.000000000 0.000013317 0.999986683
JQ:/rc/r: 0.000017724 0.000017724 0.999964552
JQ:/rrc/c: 0.021331068 0.978668932 0.000000000
JQ:/rrc/crr: 0.000000000 0.001415398 0.998584602
JQ:/rrc/r: 0.436831747 0.000040256 0.563127997
K:/c: 0.999980314 0.000019686 0.000000000
K:/crr: 0.000000000 0.999995000 0.000005000
K:/r: 0.581832652 0.418160682 0.000006667
KJ:/cc/c: 0.253988471 0.746011529 0.000000000
KJ:/cc/crr: 0.000000000 0.500000000 0.500000000
KJ:/cc/r: 0.169325648 0.169325648 0.661348705
KJ:/crc/c: 0.110938632 0.889061368 0.000000000
KJ:/crc/crr: 0.000000000 0.999977465 0.000022535
KJ:/crc/r: 0.000018710 0.757100732 0.242880558
KJ:/crrc/c: 0.249659459 0.750340541 0.000000000
KJ:/crrc/crr: 0.000000000 0.999994993 0.000005007
KJ:/crrc/r: 0.091004221 0.748383732 0.160612047
KJ:/rc/c: 0.463385068 0.536614932 0.000000000
KJ:/rc/crr: 0.000000000 0.980807868 0.019192132
KJ:/rc/r: 0.126090162 0.644713023 0.229196815
KJ:/rrc/c: 0.425469347 0.574530653 0.000000000
KJ:/rrc/crr: 0.000000000 0.999993267 0.000006733
KJ:/rrc/r: 0.014925369 0.960761404 0.024313227
KK:/cc/c: 0.746011529 0.253988471 0.000000000
KK:/cc/crr: 0.000000000 0.829769071 0.170230929
KK:/cc/r: 0.661348705 0.169325648 0.169325648
KK:/crc/c: 0.999995000 0.000005000 0.000000000
KK:/crc/crr: 0.000000000 0.999997500 0.000002500
KK:/crc/r: 0.975508569 0.024488098 0.000003333
KK:/crrc/c: 0.999997500 0.000002500 0.000000000
KK:/crrc/crr: 0.000000000 0.999998750 0.000001250
KK:/crrc/r: 0.999907467 0.000090866 0.000001667
KK:/rc/c: 0.999992029 0.000007971 0.000000000
KK:/rc/crr: 0.000000000 0.999996014 0.000003986
KK:/rc/r: 0.999976954 0.000017732 0.000005314
KK:/rrc/c: 0.999994271 0.000005729 0.000000000
KK:/rrc/crr: 0.000000000 0.999997135 0.000002865
KK:/rrc/r: 0.996948937 0.003047244 0.000003819
KQ:/cc/c: 0.253988471 0.746011529 0.000000000
KQ:/cc/crr: 0.000000000 0.500000000 0.500000000
KQ:/cc/r: 0.169325648 0.661348705 0.169325648
KQ:/crc/c: 0.000484512 0.999515488 0.000000000
KQ:/crc/crr: 0.000000000 0.271739510 0.728260490
KQ:/crc/r: 0.000016139 0.437418511 0.562565350
KQ:/crrc/c: 0.591113102 0.408886898 0.000000000
KQ:/crrc/crr: 0.000000000 0.387356796 0.612643204
KQ:/crrc/r: 0.000330066 0.625940249 0.373729685
KQ:/rc/c: 0.000035066 0.999964934 0.000000000
KQ:/rc/crr: 0.000000000 0.886335645 0.113664355
KQ:/rc/r: 0.000013230 0.308537346 0.691449425
KQ:/rrc/c: 0.504228011 0.495771989 0.000000000
KQ:/rrc/crr: 0.000000000 0.436159533 0.563840467
KQ:/rrc/r: 0.080222310 0.540920358 0.378857332
Q:/c: 0.851025553 0.148974447 0.000000000
Q:/crr: 0.000000000 0.999994125 0.000005875
Q:/r: 0.370340460 0.629618051 0.000041489
QJ:/cc/c: 0.000033563 0.999966437 0.000000000
QJ:/cc/crr: 0.000000000 0.500000000 0.500000000
QJ:/cc/r: 0.000022375 0.000022375 0.999955250
QJ:/crc/c: 0.396730225 0.603269775 0.000000000
QJ:/crc/crr: 0.000000000 0.000046258 0.999953742
QJ:/crc/r: 0.000003917 0.000003917 0.999992166
QJ:/crrc/c: 0.000002938 0.999997062 0.000000000
QJ:/crrc/crr: 0.000000000 0.500000000 0.500000000
QJ:/crrc/r: 0.007803415 0.000001958 0.992194627
QJ:/rc/c: 0.000005294 0.999994706 0.000000000
QJ:/rc/crr: 0.000000000 0.500000000 0.500000000
QJ:/rc/r: 0.000014550 0.000003529 0.999981920
QJ:/rrc/c: 0.000009001 0.999990999 0.000000000
QJ:/rrc/crr: 0.000000000 0.500000000 0.500000000
QJ:/rrc/r: 0.000064033 0.000006000 0.999929966
QK:/cc/c: 0.057362463 0.942637537 0.000000000
QK:/cc/crr: 0.000000000 0.999707450 0.000292550
QK:/cc/r: 0.000045522 0.728082518 0.271871961
QK:/crc/c: 0.324589089 0.675410911 0.000000000
QK:/crc/crr: 0.000000000 0.000607339 0.999392661
QK:/crc/r: 0.000015555 0.455679334 0.544305111
QK:/crrc/c: 0.013076450 0.986923550 0.000000000
QK:/crrc/crr: 0.000000000 0.006550216 0.993449784
QK:/crrc/r: 0.000007060 0.288594043 0.711398897
QK:/rc/c: 0.361393530 0.638606470 0.000000000
QK:/rc/crr: 0.000000000 0.011097962 0.988902038
QK:/rc/r: 0.000007096 0.310721505 0.689271398
QK:/rrc/c: 0.426889385 0.573110615 0.000000000
QK:/rrc/crr: 0.000000000 0.059413158 0.940586842
QK:/rrc/r: 0.000058347 0.512914255 0.487027399
QQ:/cc/c: 0.999966437 0.000033563 0.000000000
QQ:/cc/crr: 0.000000000 0.999983218 0.000016782
QQ:/cc/r: 0.999308209 0.000669415 0.000022375
QQ:/crc/c: 0.999994125 0.000005875 0.000000000
QQ:/crc/crr: 0.000000000 0.999997062 0.000002938
QQ:/crc/r: 0.999953156 0.000042928 0.000003917
QQ:/crrc/c: 0.999997062 0.000002938 0.000000000
QQ:/crrc/crr: 0.000000000 0.999998531 0.000001469
QQ:/crrc/r: 0.999904697 0.000093345 0.000001958
QQ:/rc/c: 0.999994706 0.000005294 0.000000000
QQ:/rc/crr: 0.000000000 0.999997353 0.000002647
QQ:/rc/r: 0.977207295 0.022789175 0.000003529
QQ:/rrc/c: 0.999990999 0.000009001 0.000000000
QQ:/rrc/crr: 0.000000000 0.999995500 0.000004500
QQ:/rrc/r: 0.999960140 0.000033860 0.000006000
