J:/c: 0.283733053 0.716266947 0.000000000
J:/crr: 0.000000000 0.999982378 0.000017622
J:/r: 0.058022213 0.142191830 0.799785957
JJ:/cc/c: 0.999993019 0.000006981 0.000000000
JJ:/cc/crr: 0.000000000 0.999996510 0.000003490
JJ:/cc/r: 0.999990692 0.000004654 0.000004654
JJ:/crc/c: 0.999982378 0.000017622 0.000000000
JJ:/crc/crr: 0.000000000 0.999991189 0.000008811
JJ:/crc/r: 0.999948352 0.000039900 0.000011748
JJ:/crrc/c: 0.999991189 0.000008811 0.000000000
JJ:/crrc/crr: 0.000000000 0.999995594 0.000004406
JJ:/crrc/r: 0.999957821 0.000036305 0.000005874
JJ:/rc/c: 0.999976557 0.000023443 0.000000000
JJ:/rc/crr: 0.000000000 0.999988278 0.000011722
JJ:/rc/r: 0.999865724 0.000118648 0.000015628
JJ:/rrc/c: 0.999942551 0.000057449 0.000000000
JJ:/rrc/crr: 0.000000000 0.999971274 0.000028726
JJ:/rrc/r: 0.999923401 0.000038300 0.000038300
JK:/cc/c: 0.000006981 0.999993019 0.000000000
JK:/cc/crr: 0.000000000 0.500000000 0.500000000
JK:/cc/r: 0.000004654 0.000004654 0.999990692
JK:/crc/c: 0.556610800 0.443389200 0.000000000
JK:/crc/crr: 0.000000000 0.000015830 0.999984170
JK:/crc/r: 0.012860305 0.000011748 0.987127947
JK:/crrc/c: 0.000174388 0.999825612 0.000000000
JK:/crrc/crr: 0.000000000 0.025263327 0.974736673
JK:/crrc/r: 0.072919094 0.000005874 0.927075031
JK:/rc/c: 0.625808495 0.374191505 0.000000000
JK:/rc/crr: 0.000000000 0.000018730 0.999981270
JK:/rc/r: 0.347237232 0.000015628 0.652747140
JK:/rrc/c: 0.999942551 0.000057449 0.000000000
JK:/rrc/crr: 0.000000000 0.000028726 0.999971274
JK:/rrc/r: 0.093477092 0.000038300 0.906484609
JQ:/cc/c: 0.070217767 0.929782233 0.000000000
JQ:/cc/crr: 0.000000000 0.000049707 0.999950293
JQ:/cc/r: 0.043101523 0.000004654 0.956893823
JQ:/crc/c: 0.999911497 0.000088503 0.000000000
JQ:/crc/crr: 0.000000000 0.000008812 0.999991188
JQ:/crc/r: 0.000055375 0.000011748 0.999932877
JQ:/crrc/c: 0.000008811 0.999991189 0.000000000
JQ:/crrc/crr: 0.000000000 0.500000000 0.500000000
JQ:/crrc/r: 0.261439199 0.000005874 0.738554927
JQ:/rc/c: 0.999976557 0.000023443 0.000000000
JQ:/rc/crr: 0.000000000 0.000011722 0.999988278
JQ:/rc/r: 0.000015628 0.000015628 0.999968743
JQ:/rrc/c: 0.000057449 0.999942551 0.000000000
JQ:/rrc/crr: 0.000000000 0.500000000 0.500000000
JQ:/rrc/r: 0.442361987 0.000038300 0.557599714
K:/c: 0.999990000 0.000010000 0.000000000
K:/crr: 0.000000000 0.999995000 0.000005000
K:/r: 0.556409555 0.443583779 0.000006667
KJ:/cc/c: 0.500000000 0.500000000 0.000000000
KJ:/cc/crr: 0.000000000 0.500000000 0.500000000
KJ:/cc/r: 0.333333333 0.333333333 0.333333333
KJ:/crc/c: 0.000912144 0.999087856 0.000000000
KJ:/crc/crr: 0.000000000 0.997259178 0.002740822
KJ:/crc/r: 0.000003333 0.701237430 0.298759236
KJ:/crrc/c: 0.479917869 0.520082131 0.000000000
KJ:/crrc/crr: 0.000000000 0.999997395 0.000002605
KJ:/crrc/r: 0.000017926 0.981792671 0.018189404
KJ:/rc/c: 0.466168050 0.533831950 0.000000000
KJ:/rc/crr: 0.000000000 0.999991940 0.000008060
KJ:/rc/r: 0.000012606 0.888647966 0.111339428
KJ:/rrc/c: 0.096813682 0.903186318 0.000000000
KJ:/rrc/crr: 0.000000000 0.999969060 0.000030940
KJ:/rrc/r: 0.000032570 0.969633250 0.030334180
KK:/cc/c: 0.500000000 0.500000000 0.000000000
KK:/cc/crr: 0.000000000 0.500000000 0.500000000
KK:/cc/r: 0.333333333 0.333333333 0.333333333
KK:/crc/c: 0.999995000 0.000005000 0.000000000
KK:/crc/crr: 0.000000000 0.999997500 0.000002500
KK:/crc/r: 0.993313541 0.006683125 0.000003333
KK:/crrc/c: 0.999997500 0.000002500 0.000000000
KK:/crrc/crr: 0.000000000 0.999998750 0.000001250
KK:/crrc/r: 0.998536622 0.001461712 0.000001667
KK:/rc/c: 0.999992485 0.000007515 0.000000000
KK:/rc/crr: 0.000000000 0.999996243 0.000003757
KK:/rc/r: 0.999974592 0.000020398 0.000005010
KK:/rrc/c: 0.999994009 0.000005991 0.000000000
KK:/rrc/crr: 0.000000000 0.999997005 0.000002995
KK:/rrc/r: 0.998752449 0.001243557 0.000003994
KQ:/cc/c: 0.500000000 0.500000000 0.000000000
KQ:/cc/crr: 0.000000000 0.500000000 0.500000000
KQ:/cc/r: 0.333333333 0.333333333 0.333333333
KQ:/crc/c: 0.000099560 0.999900440 0.000000000
KQ:/crc/crr: 0.000000000 0.025110815 0.974889185
KQ:/crc/r: 0.000006365 0.425102519 0.574891116
KQ:/crrc/c: 0.676729040 0.323270960 0.000000000
KQ:/crrc/crr: 0.000000000 0.430299372 0.569700628
KQ:/crrc/r: 0.000014068 0.751198260 0.248787672
KQ:/rc/c: 0.000007515 0.999992485 0.000000000
KQ:/rc/crr: 0.000000000 0.500000000 0.500000000
KQ:/rc/r: 0.000005010 0.319269461 0.680725529
KQ:/rrc/c: 0.444113663 0.555886337 0.000000000
KQ:/rrc/crr: 0.000000000 0.820959064 0.179040936
KQ:/rrc/r: 0.000014168 0.744277621 0.255708210
Q:/c: 0.850375169 0.149624831 0.000000000
Q:/crr: 0.000000000 0.999994120 0.000005880
Q:/r: 0.291565472 0.708401875 0.000032653
QJ:/cc/c: 0.000033417 0.999966583 0.000000000
QJ:/cc/crr: 0.000000000 0.500000000 0.500000000
QJ:/cc/r: 0.000022278 0.000022278 0.999955444
QJ:/crc/c: 0.084972158 0.915027842 0.000000000
QJ:/crc/crr: 0.000000000 0.000034598 0.999965402
QJ:/crc/r: 0.000003920 0.000003920 0.999992160
QJ:/crrc/c: 0.000002940 0.999997060 0.000000000
QJ:/crrc/crr: 0.000000000 0.500000000 0.500000000
QJ:/crrc/r: 0.000072649 0.000001960 0.999925391
QJ:/rc/c: 0.000004705 0.999995295 0.000000000
QJ:/rc/crr: 0.000000000 0.500000000 0.500000000
QJ:/rc/r: 0.011651954 0.000003137 0.988344909
QJ:/rrc/c: 0.000011433 0.999988567 0.000000000
QJ:/rrc/crr: 0.000000000 0.500000000 0.500000000
QJ:/rrc/r: 0.000007622 0.000007622 0.999984757
QK:/cc/c: 0.000839702 0.999160298 0.000000000
QK:/cc/crr: 0.000000000 0.980101910 0.019898090
QK:/cc/r: 0.000022278 0.731309146 0.268668576
QK:/crc/c: 0.339191574 0.660808426 0.000000000
QK:/crc/crr: 0.000000000 0.000104529 0.999895471
QK:/crc/r: 0.000017672 0.535797258 0.464185071
QK:/crrc/c: 0.349653767 0.650346233 0.000000000
QK:/crrc/crr: 0.000000000 0.000011765 0.999988235
QK:/crrc/r: 0.000006546 0.300483843 0.699509611
QK:/rc/c: 0.000004705 0.999995295 0.000000000
QK:/rc/crr: 0.000000000 0.500000000 0.500000000
QK:/rc/r: 0.000003137 0.202541115 0.797455748
QK:/rrc/c: 0.399550550 0.600449450 0.000000000
QK:/rrc/crr: 0.000000000 0.000118901 0.999881099
QK:/rrc/r: 0.000007622 0.551609135 0.448383243
QQ:/cc/c: 0.999966583 0.000033417 0.000000000
QQ:/cc/crr: 0.000000000 0.999983291 0.000016709
QQ:/cc/r: 0.999359173 0.000618549 0.000022278
QQ:/crc/c: 0.999994120 0.000005880 0.000000000
QQ:/crc/crr: 0.000000000 0.999997060 0.000002940
QQ:/crc/r: 0.987092510 0.012903570 0.000003920
QQ:/crrc/c: 0.999997060 0.000002940 0.000000000
QQ:/crrc/crr: 0.000000000 0.999998530 0.000001470
QQ:/crrc/r: 0.999974532 0.000023508 0.000001960
QQ:/rc/c: 0.999995295 0.000004705 0.000000000
QQ:/rc/crr: 0.000000000 0.999997647 0.000002353
QQ:/rc/r: 0.996251454 0.003745409 0.000003137
QQ:/rrc/c: 0.999988567 0.000011433 0.000000000
QQ:/rrc/crr: 0.000000000 0.999994284 0.000005716
QQ:/rrc/r: 0.999956527 0.000035852 0.000007622
