J:/c: 0.295086685 0.704913315 0.000000000
J:/crr: 0.000000000 0.999983056 0.000016944
J:/r: 0.053359455 0.129592759 0.817047786
JJ:/cc/c: 0.999992907 0.000007093 0.000000000
JJ:/cc/crr: 0.000000000 0.999996453 0.000003547
JJ:/cc/r: 0.999986801 0.000008470 0.000004729
JJ:/crc/c: 0.999983056 0.000016944 0.000000000
JJ:/crc/crr: 0.000000000 0.999991528 0.000008472
JJ:/crc/r: 0.999977408 0.000011296 0.000011296
JJ:/crrc/c: 0.999991528 0.000008472 0.000000000
JJ:/crrc/crr: 0.000000000 0.999995764 0.000004236
JJ:/crrc/r: 0.999988704 0.000005648 0.000005648
JJ:/rc/c: 0.999974278 0.000025722 0.000000000
JJ:/rc/crr: 0.000000000 0.999987139 0.000012861
JJ:/rc/r: 0.999963198 0.000019654 0.000017148
JJ:/rrc/c: 0.999937531 0.000062469 0.000000000
JJ:/rrc/crr: 0.000000000 0.999968763 0.000031237
JJ:/rrc/r: 0.999795635 0.000162718 0.000041646
JK:/cc/c: 0.007429504 0.992570496 0.000000000
JK:/cc/crr: 0.000000000 0.000477358 0.999522642
JK:/cc/r: 0.000011905 0.000004729 0.999983366
JK:/crc/c: 0.548071415 0.451928585 0.000000000
JK:/crc/crr: 0.000000000 0.000015458 0.999984542
JK:/crc/r: 0.026748761 0.000011296 0.973239943
JK:/crrc/c: 0.475646168 0.524353832 0.000000000
JK:/crrc/crr: 0.000000000 0.000008906 0.999991094
JK:/crrc/r: 0.195748838 0.000005648 0.804245514
JK:/rc/c: 0.379352838 0.620647162 0.000000000
JK:/rc/crr: 0.000000000 0.000033902 0.999966098
JK:/rc/r: 0.359313056 0.000017148 0.640669796
JK:/rrc/c: 0.999914957 0.000085043 0.000000000
JK:/rrc/crr: 0.000000000 0.000031237 0.999968763
JK:/rrc/r: 0.322040579 0.000041646 0.677917774
JQ:/cc/c: 0.069122585 0.930877415 0.000000000
JQ:/cc/crr: 0.000000000 0.000051308 0.999948692
JQ:/cc/r: 0.039414658 0.000004729 0.960580613
JQ:/crc/c: 0.522003302 0.477996698 0.000000000
JQ:/crc/crr: 0.000000000 0.000016230 0.999983770
JQ:/crc/r: 0.029450117 0.000011296 0.970538587
JQ:/crrc/c: 0.046542614 0.953457386 0.000000000
JQ:/crrc/crr: 0.000000000 0.000091016 0.999908984
JQ:/crrc/r: 0.291013893 0.000005648 0.708980459
JQ:/rc/c: 0.993293097 0.006706903 0.000000000
JQ:/rc/crr: 0.000000000 0.000012948 0.999987052
JQ:/rc/r: 0.000017148 0.000017148 0.999965705
JQ:/rrc/c: 0.007178480 0.992821520 0.000000000
JQ:/rrc/crr: 0.000000000 0.004351158 0.995648842
JQ:/rrc/r: 0.418669596 0.000041646 0.581288758
K:/c: 0.999969704 0.000030296 0.000000000
K:/crr: 0.000000000 0.999995000 0.000005000
K:/r: 0.570251109 0.429742224 0.000006667
KJ:/cc/c: 0.283726039 0.716273961 0.000000000
KJ:/cc/crr: 0.000000000 0.709155048 0.290844952
KJ:/cc/r: 0.511238167 0.222738724 0.266023110
KJ:/crc/c: 0.152363368 0.847636632 0.000000000
KJ:/crc/crr: 0.000000000 0.999983591 0.000016409
KJ:/crc/r: 0.000094420 0.741653385 0.258252195
KJ:/crrc/c: 0.487660712 0.512339288 0.000000000
KJ:/crrc/crr: 0.000000000 0.999997437 0.000002563
KJ:/crrc/r: 0.000001667 0.930768592 0.069229741
KJ:/rc/c: 0.428179430 0.571820570 0.000000000
KJ:/rc/crr: 0.000000000 0.648734157 0.351265843
KJ:/rc/r: 0.032560660 0.731891545 0.235547795
KJ:/rrc/c: 0.191889799 0.808110201 0.000000000
KJ:/rrc/crr: 0.000000000 0.999984769 0.000015231
KJ:/rrc/r: 0.047923101 0.876073045 0.076003855
KK:/cc/c: 0.834959428 0.165040572 0.000000000
KK:/cc/crr: 0.000000000 0.901168508 0.098831492
KK:/cc/r: 0.583322827 0.306650125 0.110027048
KK:/crc/c: 0.999995000 0.000005000 0.000000000
KK:/crc/crr: 0.000000000 0.999997500 0.000002500
KK:/crc/r: 0.937674133 0.062322533 0.000003333
KK:/crrc/c: 0.999997500 0.000002500 0.000000000
KK:/crrc/crr: 0.000000000 0.999998750 0.000001250
KK:/crrc/r: 0.999962518 0.000035815 0.000001667
KK:/rc/c: 0.999992243 0.000007757 0.000000000
KK:/rc/crr: 0.000000000 0.999996122 0.000003878
KK:/rc/r: 0.999980012 0.000014817 0.000005171
KK:/rrc/c: 0.999994155 0.000005845 0.000000000
KK:/rrc/crr: 0.000000000 0.999997077 0.000002923
KK:/rrc/r: 0.999868786 0.000127317 0.000003897
KQ:/cc/c: 0.500726171 0.499273829 0.000000000
KQ:/cc/crr: 0.000000000 0.835198776 0.164801224
KQ:/cc/r: 0.498862216 0.389405460 0.111732324
KQ:/crc/c: 0.050612841 0.949387159 0.000000000
KQ:/crc/crr: 0.000000000 0.013057215 0.986942785
KQ:/crc/r: 0.000021983 0.435498454 0.564479563
KQ:/crrc/c: 0.607793800 0.392206200 0.000000000
KQ:/crrc/crr: 0.000000000 0.397504278 0.602495722
KQ:/crrc/r: 0.000858364 0.688079956 0.311061680
KQ:/rc/c: 0.000495654 0.999504346 0.000000000
KQ:/rc/crr: 0.000000000 0.081965459 0.918034541
KQ:/rc/r: 0.000021572 0.293241406 0.706737022
KQ:/rrc/c: 0.504908113 0.495091887 0.000000000
KQ:/rrc/crr: 0.000000000 0.544816887 0.455183113
KQ:/rrc/r: 0.083236060 0.546155411 0.370608529
Q:/c: 0.852686293 0.147313707 0.000000000
Q:/crr: 0.000000000 0.999994136 0.000005864
Q:/r: 0.355658501 0.644304243 0.000037256
QJ:/cc/c: 0.000300870 0.999699130 0.000000000
QJ:/cc/crr: 0.000000000 0.056405046 0.943594954
QJ:/cc/r: 0.000022627 0.000022627 0.999954745
QJ:/crc/c: 0.420129201 0.579870799 0.000000000
QJ:/crc/crr: 0.000000000 0.003713565 0.996286435
QJ:/crc/r: 0.000003909 0.000003909 0.999992182
QJ:/crrc/c: 0.000002932 0.999997068 0.000000000
QJ:/crrc/crr: 0.000000000 0.500000000 0.500000000
QJ:/crrc/r: 0.034639390 0.000001955 0.965358655
QJ:/rc/c: 0.000047377 0.999952623 0.000000000
QJ:/rc/crr: 0.000000000 0.054599534 0.945400466
QJ:/rc/r: 0.015003955 0.000003449 0.984992596
QJ:/rrc/c: 0.000144603 0.999855397 0.000000000
QJ:/rrc/crr: 0.000000000 0.032406941 0.967593059
QJ:/rrc/r: 0.000058057 0.000006248 0.999935694
QK:/cc/c: 0.015911768 0.984088232 0.000000000
QK:/cc/crr: 0.000000000 0.998933457 0.001066543
QK:/cc/r: 0.000145543 0.738229343 0.261625114
QK:/crc/c: 0.299713777 0.700286223 0.000000000
QK:/crc/crr: 0.000000000 0.005565862 0.994434138
QK:/crc/r: 0.000082680 0.442865336 0.557051984
QK:/crrc/c: 0.003264356 0.996735644 0.000000000
QK:/crrc/crr: 0.000000000 0.090625294 0.909374706
QK:/crrc/r: 0.000030485 0.299495206 0.700474309
QK:/rc/c: 0.382662975 0.617337025 0.000000000
QK:/rc/crr: 0.000000000 0.005936064 0.994063936
QK:/rc/r: 0.000012785 0.316512442 0.683474773
QK:/rrc/c: 0.431821362 0.568178638 0.000000000
QK:/rrc/crr: 0.000000000 0.054840283 0.945159717
QK:/rrc/r: 0.000075298 0.506811557 0.493113146
QQ:/cc/c: 0.999966059 0.000033941 0.000000000
QQ:/cc/crr: 0.000000000 0.999983029 0.000016971
QQ:/cc/r: 0.999930453 0.000046920 0.000022627
QQ:/crc/c: 0.999994136 0.000005864 0.000000000
QQ:/crc/crr: 0.000000000 0.999997068 0.000002932
QQ:/crc/r: 0.866026530 0.133969561 0.000003909
QQ:/crrc/c: 0.999997068 0.000002932 0.000000000
QQ:/crrc/crr: 0.000000000 0.999998534 0.000001466
QQ:/crrc/r: 0.999996091 0.000001955 0.000001955
QQ:/rc/c: 0.999994826 0.000005174 0.000000000
QQ:/rc/crr: 0.000000000 0.999997413 0.000002587
QQ:/rc/r: 0.968463430 0.031533121 0.000003449
QQ:/rrc/c: 0.999990628 0.000009372 0.000000000
QQ:/rrc/crr: 0.000000000 0.999995314 0.000004686
QQ:/rrc/r: 0.999960199 0.000033552 0.000006248
