J:/c: 0.300954397 0.699045603 0.000000000
J:/crr: 0.000000000 0.999983386 0.000016614
J:/r: 0.054427019 0.128778658 0.816794324
JJ:/cc/c: 0.999992847 0.000007153 0.000000000
JJ:/cc/crr: 0.000000000 0.999996424 0.000003576
JJ:/cc/r: 0.999990463 0.000004768 0.000004768
JJ:/crc/c: 0.999983386 0.000016614 0.000000000
JJ:/crc/crr: 0.000000000 0.999991693 0.000008307
JJ:/crc/r: 0.999689136 0.000299788 0.000011076
JJ:/crrc/c: 0.999991693 0.000008307 0.000000000
JJ:/crrc/crr: 0.000000000 0.999995846 0.000004154
JJ:/crrc/r: 0.999972945 0.000021517 0.000005538
JJ:/rc/c: 0.999974116 0.000025884 0.000000000
JJ:/rc/crr: 0.000000000 0.999987058 0.000012942
JJ:/rc/r: 0.999963034 0.000019710 0.000017256
JJ:/rrc/c: 0.999938756 0.000061244 0.000000000
JJ:/rrc/crr: 0.000000000 0.999969376 0.000030624
JJ:/rrc/r: 0.999802461 0.000156710 0.000040829
JK:/cc/c: 0.007468848 0.992531152 0.000000000
JK:/cc/crr: 0.000000000 0.000478829 0.999521171
JK:/cc/r: 0.000004768 0.000004768 0.999990463
JK:/crc/c: 0.523132849 0.476867151 0.000000000
JK:/crc/crr: 0.000000000 0.000015879 0.999984121
JK:/crc/r: 0.111944747 0.000011076 0.888044177
JK:/crrc/c: 0.489037586 0.510962414 0.000000000
JK:/crrc/crr: 0.000000000 0.000008493 0.999991507
JK:/crrc/r: 0.214943862 0.000005538 0.785050600
JK:/rc/c: 0.360155150 0.639844850 0.000000000
JK:/rc/crr: 0.000000000 0.000035935 0.999964065
JK:/rc/r: 0.362244399 0.000017256 0.637738345
JK:/rrc/c: 0.999895846 0.000104154 0.000000000
JK:/rrc/crr: 0.000000000 0.000030625 0.999969375
JK:/rrc/r: 0.291017793 0.000040829 0.708941378
JQ:/cc/c: 0.073430717 0.926569283 0.000000000
JQ:/cc/crr: 0.000000000 0.000048703 0.999951297
JQ:/cc/r: 0.034038514 0.000004768 0.965956718
JQ:/crc/c: 0.549374531 0.450625469 0.000000000
JQ:/crc/crr: 0.000000000 0.000015121 0.999984879
JQ:/crc/r: 0.000062496 0.000011076 0.999926428
JQ:/crrc/c: 0.036079031 0.963920969 0.000000000
JQ:/crrc/crr: 0.000000000 0.000115123 0.999884877
JQ:/crrc/r: 0.168877474 0.000005538 0.831116988
JQ:/rc/c: 0.995235114 0.004764886 0.000000000
JQ:/rc/crr: 0.000000000 0.000013004 0.999986996
JQ:/rc/r: 0.000017256 0.000017256 0.999965488
JQ:/rrc/c: 0.005238528 0.994761472 0.000000000
JQ:/rrc/crr: 0.000000000 0.005845544 0.994154456
JQ:/rrc/r: 0.427065730 0.000040829 0.572893441
K:/c: 0.999969570 0.000030430 0.000000000
K:/crr: 0.000000000 0.999995000 0.000005000
K:/r: 0.572998846 0.426994488 0.000006667
KJ:/cc/c: 0.399379237 0.600620763 0.000000000
KJ:/cc/crr: 0.000000000 0.794288767 0.205711233
KJ:/cc/r: 0.482903171 0.210070399 0.307026430
KJ:/crc/c: 0.105288988 0.894711012 0.000000000
KJ:/crc/crr: 0.000000000 0.999976255 0.000023745
KJ:/crc/r: 0.000064996 0.719746316 0.280188688
KJ:/crrc/c: 0.357886162 0.642113838 0.000000000
KJ:/crrc/crr: 0.000000000 0.824531933 0.175468067
KJ:/crrc/r: 0.006089621 0.857205788 0.136704591
KJ:/rc/c: 0.423762282 0.576237718 0.000000000
KJ:/rc/crr: 0.000000000 0.971375463 0.028624537
KJ:/rc/r: 0.077269700 0.688663818 0.234066482
KJ:/rrc/c: 0.100439898 0.899560102 0.000000000
KJ:/rrc/crr: 0.000000000 0.999971041 0.000028959
KJ:/rrc/r: 0.044982122 0.904455458 0.050562420
KK:/cc/c: 0.835686410 0.164313590 0.000000000
KK:/cc/crr: 0.000000000 0.901689444 0.098310556
KK:/cc/r: 0.598659126 0.291798480 0.109542394
KK:/crc/c: 0.999995000 0.000005000 0.000000000
KK:/crc/crr: 0.000000000 0.999997500 0.000002500
KK:/crc/r: 0.999861144 0.000135522 0.000003333
KK:/crrc/c: 0.999997500 0.000002500 0.000000000
KK:/crrc/crr: 0.000000000 0.999998750 0.000001250
KK:/crrc/r: 0.999993863 0.000004470 0.000001667
KK:/rc/c: 0.999992193 0.000007807 0.000000000
KK:/rc/crr: 0.000000000 0.999996097 0.000003903
KK:/rc/r: 0.999980428 0.000014368 0.000005204
KK:/rrc/c: 0.999994183 0.000005817 0.000000000
KK:/rrc/crr: 0.000000000 0.999997091 0.000002909
KK:/rrc/r: 0.999838481 0.000157641 0.000003878
KQ:/cc/c: 0.835686410 0.164313590 0.000000000
KQ:/cc/crr: 0.000000000 0.901689444 0.098310556
KQ:/cc/r: 0.501591289 0.383786343 0.114622367
KQ:/crc/c: 0.013300705 0.986699295 0.000000000
KQ:/crc/crr: 0.000000000 0.006666009 0.993333991
KQ:/crc/r: 0.000014499 0.439970864 0.560014637
KQ:/crrc/c: 0.623058955 0.376941045 0.000000000
KQ:/crrc/crr: 0.000000000 0.415241735 0.584758265
KQ:/crrc/r: 0.000004217 0.802564811 0.197430971
KQ:/rc/c: 0.000617875 0.999382125 0.000000000
KQ:/rc/crr: 0.000000000 0.096794651 0.903205349
KQ:/rc/r: 0.000019707 0.300865753 0.699114540
KQ:/rrc/c: 0.484668873 0.515331127 0.000000000
KQ:/rrc/crr: 0.000000000 0.445903293 0.554096707
KQ:/rrc/r: 0.075702599 0.552316529 0.371980873
Q:/c: 0.846146542 0.153853458 0.000000000
Q:/crr: 0.000000000 0.999994091 0.000005909
Q:/r: 0.356017213 0.643945412 0.000037375
QJ:/cc/c: 0.000614931 0.999385069 0.000000000
QJ:/cc/crr: 0.000000000 0.026424485 0.973575515
QJ:/cc/r: 0.000021666 0.000021666 0.999956669
QJ:/crc/c: 0.390768645 0.609231355 0.000000000
QJ:/crc/crr: 0.000000000 0.000311947 0.999688053
QJ:/crc/r: 0.000003939 0.000003939 0.999992121
QJ:/crrc/c: 0.000061133 0.999938867 0.000000000
QJ:/crrc/crr: 0.000000000 0.024165185 0.975834815
QJ:/crrc/r: 0.024842333 0.000001970 0.975155698
QJ:/rc/c: 0.000047100 0.999952900 0.000000000
QJ:/rc/crr: 0.000000000 0.054951029 0.945048971
QJ:/rc/r: 0.002937210 0.000003451 0.997059339
QJ:/rrc/c: 0.000193518 0.999806482 0.000000000
QJ:/rrc/crr: 0.000000000 0.024191149 0.975808851
QJ:/rrc/r: 0.000071796 0.000006242 0.999921962
QK:/cc/c: 0.028093872 0.971906128 0.000000000
QK:/cc/crr: 0.000000000 0.999421610 0.000578390
QK:/cc/r: 0.000095170 0.714479467 0.285425362
QK:/crc/c: 0.346703153 0.653296847 0.000000000
QK:/crc/crr: 0.000000000 0.015425058 0.984574942
QK:/crc/r: 0.000525549 0.445536837 0.553937615
QK:/crrc/c: 0.000996868 0.999003132 0.000000000
QK:/crrc/crr: 0.000000000 0.467037899 0.532962101
QK:/crrc/r: 0.000047958 0.284350200 0.715601842
QK:/rc/c: 0.387196598 0.612803402 0.000000000
QK:/rc/crr: 0.000000000 0.005025103 0.994974897
QK:/rc/r: 0.000018554 0.318580574 0.681400872
QK:/rrc/c: 0.421804069 0.578195931 0.000000000
QK:/rrc/crr: 0.000000000 0.044617427 0.955382573
QK:/rrc/r: 0.000075616 0.506596682 0.493327702
QQ:/cc/c: 0.999967502 0.000032498 0.000000000
QQ:/cc/crr: 0.000000000 0.999983750 0.000016250
QQ:/cc/r: 0.999927506 0.000050828 0.000021666
QQ:/crc/c: 0.999994091 0.000005909 0.000000000
QQ:/crc/crr: 0.000000000 0.999997045 0.000002955
QQ:/crc/r: 0.999960932 0.000035129 0.000003939
QQ:/crrc/c: 0.999997045 0.000002955 0.000000000
QQ:/crrc/crr: 0.000000000 0.999998523 0.000001477
QQ:/crrc/r: 0.997978699 0.002019331 0.000001970
QQ:/rc/c: 0.999994824 0.000005176 0.000000000
QQ:/rc/crr: 0.000000000 0.999997412 0.000002588
QQ:/rc/r: 0.999992157 0.000004392 0.000003451
QQ:/rrc/c: 0.999990637 0.000009363 0.000000000
QQ:/rrc/crr: 0.000000000 0.999995319 0.000004681
QQ:/rrc/r: 0.999960277 0.000033482 0.000006242
