J:/c: 0.302381628 0.697618372 0.000000000
J:/crr: 0.000000000 0.999983465 0.000016535
J:/r: 0.054935400 0.121628830 0.823435770
JJ:/cc/c: 0.999992833 0.000007167 0.000000000
JJ:/cc/crr: 0.000000000 0.999996416 0.000003584
JJ:/cc/r: 0.999990444 0.000004778 0.000004778
JJ:/crc/c: 0.999983465 0.000016535 0.000000000
JJ:/crc/crr: 0.000000000 0.999991732 0.000008268
JJ:/crc/r: 0.999881669 0.000107307 0.000011024
JJ:/crrc/c: 0.999991732 0.000008268 0.000000000
JJ:/crrc/crr: 0.000000000 0.999995866 0.000004134
JJ:/crrc/r: 0.999968123 0.000026365 0.000005512
JJ:/rc/c: 0.999972594 0.000027406 0.000000000
JJ:/rc/crr: 0.000000000 0.999986297 0.000013703
JJ:/rc/r: 0.999854608 0.000127121 0.000018271
JJ:/rrc/c: 0.999939323 0.000060677 0.000000000
JJ:/rrc/crr: 0.000000000 0.999969659 0.000030341
JJ:/rrc/r: 0.999919097 0.000040452 0.000040452
JK:/cc/c: 0.004103851 0.995896149 0.000000000
JK:/cc/crr: 0.000000000 0.000873234 0.999126766
JK:/cc/r: 0.000004778 0.000004778 0.999990444
JK:/crc/c: 0.533832568 0.466167432 0.000000000
JK:/crc/crr: 0.000000000 0.000015487 0.999984513
JK:/crc/r: 0.012108104 0.000011024 0.987880873
JK:/crrc/c: 0.383129742 0.616870258 0.000000000
JK:/crrc/crr: 0.000000000 0.000010790 0.999989210
JK:/crrc/r: 0.191465309 0.000005512 0.808529179
JK:/rc/c: 0.390442973 0.609557027 0.000000000
JK:/rc/crr: 0.000000000 0.000035096 0.999964904
JK:/rc/r: 0.372179770 0.000018271 0.627801960
JK:/rrc/c: 0.999939323 0.000060677 0.000000000
JK:/rrc/crr: 0.000000000 0.000030341 0.999969659
JK:/rrc/r: 0.379243185 0.000040452 0.620716363
JQ:/cc/c: 0.076487726 0.923512274 0.000000000
JQ:/cc/crr: 0.000000000 0.000046852 0.999953148
JQ:/cc/r: 0.034449789 0.000004778 0.965545433
JQ:/crc/c: 0.553362901 0.446637099 0.000000000
JQ:/crc/crr: 0.000000000 0.000014941 0.999985059
JQ:/crc/r: 0.000058118 0.000011024 0.999930858
JQ:/crrc/c: 0.037022487 0.962977513 0.000000000
JQ:/crrc/crr: 0.000000000 0.000111660 0.999888340
JQ:/crrc/r: 0.175452212 0.000005512 0.824542276
JQ:/rc/c: 0.998184355 0.001815645 0.000000000
JQ:/rc/crr: 0.000000000 0.000013728 0.999986272
JQ:/rc/r: 0.000018271 0.000018271 0.999963459
JQ:/rrc/c: 0.006805093 0.993194907 0.000000000
JQ:/rrc/crr: 0.000000000 0.004458229 0.995541771
JQ:/rrc/r: 0.637122536 0.000040452 0.362837012
K:/c: 0.999990000 0.000010000 0.000000000
K:/crr: 0.000000000 0.999995000 0.000005000
K:/r: 0.594212125 0.405781209 0.000006667
KJ:/cc/c: 0.500000000 0.500000000 0.000000000
KJ:/cc/crr: 0.000000000 0.500000000 0.500000000
KJ:/cc/r: 0.333333333 0.333333333 0.333333333
KJ:/crc/c: 0.103856782 0.896143218 0.000000000
KJ:/crc/crr: 0.000000000 0.999975928 0.000024072
KJ:/crc/r: 0.000017475 0.728032019 0.271950506
KJ:/crrc/c: 0.409326865 0.590673135 0.000000000
KJ:/crrc/crr: 0.000000000 0.922760929 0.077239071
KJ:/crrc/r: 0.108282449 0.719518761 0.172198790
KJ:/rc/c: 0.431740704 0.568259296 0.000000000
KJ:/rc/crr: 0.000000000 0.999990487 0.000009513
KJ:/rc/r: 0.028146648 0.760557679 0.211295673
KJ:/rrc/c: 0.082789660 0.917210340 0.000000000
KJ:/rrc/crr: 0.000000000 0.999966121 0.000033879
KJ:/rrc/r: 0.041503359 0.890335586 0.068161055
KK:/cc/c: 0.500000000 0.500000000 0.000000000
KK:/cc/crr: 0.000000000 0.500000000 0.500000000
KK:/cc/r: 0.333333333 0.333333333 0.333333333
KK:/crc/c: 0.999995000 0.000005000 0.000000000
KK:/crc/crr: 0.000000000 0.999997500 0.000002500
KK:/crc/r: 0.978752535 0.021244132 0.000003333
KK:/crrc/c: 0.999997500 0.000002500 0.000000000
KK:/crrc/crr: 0.000000000 0.999998750 0.000001250
KK:/crrc/r: 0.999934040 0.000064293 0.000001667
KK:/rc/c: 0.999991785 0.000008215 0.000000000
KK:/rc/crr: 0.000000000 0.999995893 0.000004107
KK:/rc/r: 0.999972399 0.000022125 0.000005476
KK:/rrc/c: 0.999994390 0.000005610 0.000000000
KK:/rrc/crr: 0.000000000 0.999997195 0.000002805
KK:/rrc/r: 0.997254463 0.002741797 0.000003740
KQ:/cc/c: 0.500000000 0.500000000 0.000000000
KQ:/cc/crr: 0.000000000 0.500000000 0.500000000
KQ:/cc/r: 0.333333333 0.333333333 0.333333333
KQ:/crc/c: 0.000188936 0.999811064 0.000000000
KQ:/crc/crr: 0.000000000 0.670107853 0.329892147
KQ:/crc/r: 0.000015367 0.435141725 0.564842908
KQ:/crrc/c: 0.602978650 0.397021350 0.000000000
KQ:/crrc/crr: 0.000000000 0.436114012 0.563885988
KQ:/crrc/r: 0.000042975 0.636053497 0.363903528
KQ:/rc/c: 0.000008215 0.999991785 0.000000000
KQ:/rc/crr: 0.000000000 0.500000000 0.500000000
KQ:/rc/r: 0.000011258 0.306465042 0.693523699
KQ:/rrc/c: 0.520323116 0.479676884 0.000000000
KQ:/rrc/crr: 0.000000000 0.458828335 0.541171665
KQ:/rrc/r: 0.000407599 0.666617431 0.332974970
Q:/c: 0.845459971 0.154540029 0.000000000
Q:/crr: 0.000000000 0.999994086 0.000005914
Q:/r: 0.390070307 0.609894333 0.000035360
QJ:/cc/c: 0.000032354 0.999967646 0.000000000
QJ:/cc/crr: 0.000000000 0.500000000 0.500000000
QJ:/cc/r: 0.000021569 0.000021569 0.999956861
QJ:/crc/c: 0.425494227 0.574505773 0.000000000
QJ:/crc/crr: 0.000000000 0.000036468 0.999963532
QJ:/crc/r: 0.000003943 0.000003943 0.999992115
QJ:/crrc/c: 0.000002957 0.999997043 0.000000000
QJ:/crrc/crr: 0.000000000 0.500000000 0.500000000
QJ:/crrc/r: 0.000001971 0.000001971 0.999996057
QJ:/rc/c: 0.000005465 0.999994535 0.000000000
QJ:/rc/crr: 0.000000000 0.500000000 0.500000000
QJ:/rc/r: 0.016502656 0.000003644 0.983493700
QJ:/rrc/c: 0.000008545 0.999991455 0.000000000
QJ:/rrc/crr: 0.000000000 0.500000000 0.500000000
QJ:/rrc/r: 0.000084675 0.000005697 0.999909628
QK:/cc/c: 0.019102324 0.980897676 0.000000000
QK:/cc/crr: 0.000000000 0.999153138 0.000846862
QK:/cc/r: 0.000044376 0.742753648 0.257201976
QK:/crc/c: 0.292731566 0.707268434 0.000000000
QK:/crc/crr: 0.000000000 0.000422215 0.999577785
QK:/crc/r: 0.000023128 0.456195883 0.543780989
QK:/crrc/c: 0.172336219 0.827663781 0.000000000
QK:/crrc/crr: 0.000000000 0.000555832 0.999444168
QK:/crrc/r: 0.000006364 0.291157995 0.708835641
QK:/rc/c: 0.369427448 0.630572552 0.000000000
QK:/rc/crr: 0.000000000 0.000007397 0.999992603
QK:/rc/r: 0.000009094 0.298883276 0.701107630
QK:/rrc/c: 0.429052623 0.570947377 0.000000000
QK:/rrc/crr: 0.000000000 0.033081249 0.966918751
QK:/rrc/r: 0.000062722 0.480990452 0.518946825
QQ:/cc/c: 0.999967646 0.000032354 0.000000000
QQ:/cc/crr: 0.000000000 0.999983822 0.000016178
QQ:/cc/r: 0.998050655 0.001927776 0.000021569
QQ:/crc/c: 0.999994086 0.000005914 0.000000000
QQ:/crc/crr: 0.000000000 0.999997043 0.000002957
QQ:/crc/r: 0.999943380 0.000052677 0.000003943
QQ:/crrc/c: 0.999997043 0.000002957 0.000000000
QQ:/crrc/crr: 0.000000000 0.999998522 0.000001478
QQ:/crrc/r: 0.999965025 0.000033004 0.000001971
QQ:/rc/c: 0.999994535 0.000005465 0.000000000
QQ:/rc/crr: 0.000000000 0.999997267 0.000002733
QQ:/rc/r: 0.999991447 0.000004910 0.000003644
QQ:/rrc/c: 0.999991455 0.000008545 0.000000000
QQ:/rrc/crr: 0.000000000 0.999995727 0.000004273
QQ:/rrc/r: 0.999956269 0.000038034 0.000005697
