J:/: 0.077168544 0.922831456 0.000000000
J:/cr: 0.018008386 0.036594716 0.945396898
J:/rr: 0.000000000 0.999935207 0.000064793
JJ:/cc/: 0.000291931 0.999708069 0.000000000
JJ:/cc/cr: 0.999996387 0.000001807 0.000001807
JJ:/cc/rr: 0.000000000 0.990720211 0.009279789
JJ:/crc/: 0.979426825 0.020573175 0.000000000
JJ:/crc/cr: 0.998400754 0.000799623 0.000799623
JJ:/crc/rr: 0.000000000 0.999974805 0.000025195
JJ:/crrc/: 0.936387949 0.063612051 0.000000000
JJ:/crrc/cr: 0.998948956 0.000525522 0.000525522
JJ:/crrc/rr: 0.000000000 0.999946449 0.000053551
JJ:/rc/: 0.939493107 0.060506893 0.000000000
JJ:/rc/cr: 0.999286106 0.000356947 0.000356947
JJ:/rc/rr: 0.000000000 0.999965517 0.000034483
JJ:/rrc/: 0.999422118 0.000577882 0.000000000
JJ:/rrc/cr: 0.962623590 0.018688205 0.018688205
JJ:/rrc/rr: 0.000000000 0.999983791 0.000016209
JK:/cc/: 0.078850222 0.921149778 0.000000000
JK:/cc/cr: 0.000003463 0.000001961 0.999994576
JK:/cc/rr: 0.000000000 0.000034357 0.999965643
JK:/crc/: 0.054159208 0.945840792 0.000000000
JK:/crc/cr: 0.015706386 0.000017393 0.984276221
JK:/crc/rr: 0.000000000 0.000455623 0.999544377
JK:/crrc/: 0.999899711 0.000100289 0.000000000
JK:/crrc/cr: 0.333333333 0.333333333 0.333333333
JK:/crrc/rr: 0.000000000 0.000050149 0.999949851
JK:/rc/: 0.989027607 0.010972393 0.000000000
JK:/rc/cr: 0.949413780 0.001968372 0.048617848
JK:/rc/rr: 0.000000000 0.000032756 0.999967244
JK:/rrc/: 0.514190556 0.485809444 0.000000000
JK:/rrc/cr: 0.796978201 0.000022230 0.202999569
JK:/rrc/rr: 0.000000000 0.000031505 0.999968495
JQ:/cc/: 0.191954930 0.808045070 0.000000000
JQ:/cc/cr: 0.000003666 0.000002235 0.999994099
JQ:/cc/rr: 0.000000000 0.000014113 0.999985887
JQ:/crc/: 0.993497999 0.006502001 0.000000000
JQ:/crc/cr: 0.093051551 0.002530112 0.904418337
JQ:/crc/rr: 0.000000000 0.000024838 0.999975162
JQ:/crrc/: 0.039420361 0.960579639 0.000000000
JQ:/crrc/cr: 0.174886596 0.000034801 0.825078602
JQ:/crrc/rr: 0.000000000 0.001272041 0.998727959
JQ:/rc/: 0.997348684 0.002651316 0.000000000
JQ:/rc/cr: 0.008146047 0.008146047 0.983707906
JQ:/rc/rr: 0.000000000 0.000032483 0.999967517
JQ:/rrc/: 0.154072156 0.845927844 0.000000000
JQ:/rrc/cr: 0.000012767 0.000012767 0.999974467
JQ:/rrc/rr: 0.000000000 0.000105141 0.999894859
K:/: 0.754795951 0.245204049 0.000000000
K:/cr: 0.672644189 0.327342217 0.000013594
K:/rr: 0.000000000 0.999993376 0.000006624
KJ:/cc/: 0.000041336 0.999958664 0.000000000
KJ:/cc/cr: 0.000052641 0.000014039 0.999933320
KJ:/cc/rr: 0.000000000 0.753349394 0.246650606
KJ:/crc/: 0.000230279 0.999769721 0.000000000
KJ:/crc/cr: 0.000746383 0.999246694 0.000006923
KJ:/crc/rr: 0.000000000 0.954914682 0.045085318
KJ:/crrc/: 0.077390376 0.922609624 0.000000000
KJ:/crrc/cr: 0.003802490 0.992564697 0.003632813
KJ:/crrc/rr: 0.000000000 0.555472611 0.444527389
KJ:/rc/: 0.058746724 0.941253276 0.000000000
KJ:/rc/cr: 0.006423394 0.976799067 0.016777539
KJ:/rc/rr: 0.000000000 0.262346815 0.737653185
KJ:/rrc/: 0.107977478 0.892022522 0.000000000
KJ:/rrc/cr: 0.000044694 0.999954069 0.000001238
KJ:/rrc/rr: 0.000000000 0.600112515 0.399887485
KK:/cc/: 0.999566106 0.000433894 0.000000000
KK:/cc/cr: 0.968669501 0.015665250 0.015665250
KK:/cc/rr: 0.000000000 0.999989800 0.000010200
KK:/crc/: 0.126842349 0.873157651 0.000000000
KK:/crc/cr: 0.999984146 0.000007927 0.000007927
KK:/crc/rr: 0.000000000 0.999918149 0.000081851
KK:/crrc/: 0.994513073 0.005486927 0.000000000
KK:/crrc/cr: 0.998772235 0.000613883 0.000613883
KK:/crrc/rr: 0.000000000 0.999994920 0.000005080
KK:/rc/: 0.853685546 0.146314454 0.000000000
KK:/rc/cr: 0.999969817 0.000015091 0.000015091
KK:/rc/rr: 0.000000000 0.999996120 0.000003880
KK:/rrc/: 0.521248175 0.478751825 0.000000000
KK:/rrc/cr: 0.999995388 0.000002306 0.000002306
KK:/rrc/rr: 0.000000000 0.999996823 0.000003177
KQ:/cc/: 0.000055597 0.999944403 0.000000000
KQ:/cc/cr: 0.000045587 0.435199087 0.564755326
KQ:/cc/rr: 0.000000000 0.816614600 0.183385400
KQ:/crc/: 0.874337456 0.125662544 0.000000000
KQ:/crc/cr: 0.000374940 0.579183021 0.420442040
KQ:/crc/rr: 0.000000000 0.000022673 0.999977327
KQ:/crrc/: 0.008865541 0.991134459 0.000000000
KQ:/crrc/cr: 0.019242258 0.681062927 0.299694816
KQ:/crrc/rr: 0.000000000 0.205952076 0.794047924
KQ:/rc/: 0.000084456 0.999915544 0.000000000
KQ:/rc/cr: 0.000004075 0.493257516 0.506738409
KQ:/rc/rr: 0.000000000 0.942109262 0.057890738
KQ:/rrc/: 0.668934266 0.331065734 0.000000000
KQ:/rrc/cr: 0.021240626 0.865499316 0.113260058
KQ:/rrc/rr: 0.000000000 0.392306410 0.607693590
Q:/: 0.736117555 0.263882445 0.000000000
Q:/cr: 0.156835370 0.842158562 0.001006068
Q:/rr: 0.000000000 0.999993208 0.000006792
QJ:/cc/: 0.000018948 0.999981052 0.000000000
QJ:/cc/cr: 0.000006316 0.000006316 0.999987368
QJ:/cc/rr: 0.000000000 0.500000000 0.500000000
QJ:/crc/: 0.029413414 0.970586586 0.000000000
QJ:/crc/cr: 0.001371006 0.000002576 0.998626419
QJ:/crc/rr: 0.000000000 0.000127488 0.999872512
QJ:/crrc/: 0.018900680 0.981099320 0.000000000
QJ:/crrc/cr: 0.000139503 0.000013682 0.999846814
QJ:/crrc/rr: 0.000000000 0.001065337 0.998934663
QJ:/rc/: 0.010434327 0.989565673 0.000000000
QJ:/rc/cr: 0.000002288 0.000002288 0.999995424
QJ:/rc/rr: 0.000000000 0.000325483 0.999674517
QJ:/rrc/: 0.000003396 0.999996604 0.000000000
QJ:/rrc/cr: 0.000001132 0.000001132 0.999997736
QJ:/rrc/rr: 0.000000000 0.500000000 0.500000000
QK:/cc/: 0.598940689 0.401059311 0.000000000
QK:/cc/cr: 0.156695105 0.843277673 0.000027221
QK:/cc/rr: 0.000000000 0.999984182 0.000015818
QK:/crc/: 0.000593104 0.999406896 0.000000000
QK:/crc/cr: 0.000002501 0.561348289 0.438649210
QK:/crc/rr: 0.000000000 0.006322420 0.993677580
QK:/crrc/: 0.946196169 0.053803831 0.000000000
QK:/crrc/cr: 0.000487654 0.505630856 0.493881489
QK:/crrc/rr: 0.000000000 0.000583570 0.999416430
QK:/rc/: 0.472782927 0.527217073 0.000000000
QK:/rc/cr: 0.025663131 0.516805245 0.457531624
QK:/rc/rr: 0.000000000 0.207717485 0.792282515
QK:/rrc/: 0.125093730 0.874906270 0.000000000
QK:/rrc/cr: 0.000001294 0.298349266 0.701649440
QK:/rrc/rr: 0.000000000 0.000525675 0.999474325
QQ:/cc/: 0.505069479 0.494930521 0.000000000
QQ:/cc/cr: 0.999974477 0.000012761 0.000012761
QQ:/cc/rr: 0.000000000 0.999981242 0.000018758
QQ:/crc/: 0.988332036 0.011667964 0.000000000
QQ:/crc/cr: 0.999571493 0.000214254 0.000214254
QQ:/crc/rr: 0.000000000 0.999996206 0.000003794
QQ:/crrc/: 0.125209376 0.874790624 0.000000000
QQ:/crrc/cr: 0.999969310 0.000015345 0.000015345
QQ:/crrc/rr: 0.000000000 0.999839185 0.000160815
QQ:/rc/: 0.524318319 0.475681681 0.000000000
QQ:/rc/cr: 0.999990081 0.000005159 0.000004760
QQ:/rc/rr: 0.000000000 0.999993523 0.000006477
QQ:/rrc/: 0.974309750 0.025690250 0.000000000
QQ:/rrc/cr: 0.999911867 0.000044066 0.000044066
QQ:/rrc/rr: 0.000000000 0.999998257 0.000001743
