J:/c: 0.299598672 0.700401328 0.000000000
J:/crr: 0.000000000 0.999983311 0.000016689
J:/r: 0.054558612 0.125816346 0.819625043
JJ:/cc/c: 0.999992861 0.000007139 0.000000000
JJ:/cc/crr: 0.000000000 0.999996431 0.000003569
JJ:/cc/r: 0.999990482 0.000004759 0.000004759
JJ:/crc/c: 0.999983311 0.000016689 0.000000000
JJ:/crc/crr: 0.000000000 0.999991655 0.000008345
JJ:/crc/r: 0.999034437 0.000954437 0.000011126
JJ:/crrc/c: 0.999991655 0.000008345 0.000000000
JJ:/crrc/crr: 0.000000000 0.999995828 0.000004172
JJ:/crrc/r: 0.999972013 0.000022424 0.000005563
JJ:/rc/c: 0.999973506 0.000026494 0.000000000
JJ:/rc/crr: 0.000000000 0.999986753 0.000013247
JJ:/rc/r: 0.999959267 0.000023071 0.000017662
JJ:/rrc/c: 0.999938904 0.000061096 0.000000000
JJ:/rrc/crr: 0.000000000 0.999969450 0.000030550
JJ:/rrc/r: 0.999843941 0.000115328 0.000040731
JK:/cc/c: 0.007556008 0.992443992 0.000000000
JK:/cc/crr: 0.000000000 0.000472390 0.999527610
JK:/cc/r: 0.000004759 0.000004759 0.999990482
JK:/crc/c: 0.509107910 0.490892090 0.000000000
JK:/crc/crr: 0.000000000 0.000016390 0.999983610
JK:/crc/r: 0.053924496 0.000011126 0.946064378
JK:/crrc/c: 0.449987198 0.550012802 0.000000000
JK:/crrc/crr: 0.000000000 0.000009272 0.999990728
JK:/crrc/r: 0.200543809 0.000005563 0.799450628
JK:/rc/c: 0.387624431 0.612375569 0.000000000
JK:/rc/crr: 0.000000000 0.000034174 0.999965826
JK:/rc/r: 0.366085199 0.000017662 0.633897139
JK:/rrc/c: 0.999938904 0.000061096 0.000000000
JK:/rrc/crr: 0.000000000 0.000030550 0.999969450
JK:/rrc/r: 0.311291182 0.000040731 0.688668087
JQ:/cc/c: 0.074760432 0.925239568 0.000000000
JQ:/cc/crr: 0.000000000 0.000047744 0.999952256
JQ:/cc/r: 0.034673841 0.000004759 0.965321400
JQ:/crc/c: 0.505858147 0.494141853 0.000000000
JQ:/crc/crr: 0.000000000 0.000016496 0.999983504
JQ:/crc/r: 0.000062574 0.000011126 0.999926300
JQ:/crrc/c: 0.040801153 0.959198847 0.000000000
JQ:/crrc/crr: 0.000000000 0.000102260 0.999897740
JQ:/crrc/r: 0.273614816 0.000005563 0.726379621
JQ:/rc/c: 0.998337413 0.001662587 0.000000000
JQ:/rc/crr: 0.000000000 0.000013269 0.999986731
JQ:/rc/r: 0.000017662 0.000017662 0.999964675
JQ:/rrc/c: 0.018438054 0.981561946 0.000000000
JQ:/rrc/crr: 0.000000000 0.001656801 0.998343199
JQ:/rrc/r: 0.588399504 0.000040731 0.411559765
K:/c: 0.999969770 0.000030230 0.000000000
K:/crr: 0.000000000 0.999995000 0.000005000
K:/r: 0.575429639 0.424563695 0.000006667
KJ:/cc/c: 0.165398572 0.834601428 0.000000000
KJ:/cc/crr: 0.000000000 0.500000000 0.500000000
KJ:/cc/r: 0.492375238 0.231671351 0.275953411
KJ:/crc/c: 0.114314125 0.885685875 0.000000000
KJ:/crc/crr: 0.000000000 0.999978130 0.000021870
KJ:/crc/r: 0.000028573 0.717556128 0.282415299
KJ:/crrc/c: 0.413626454 0.586373546 0.000000000
KJ:/crrc/crr: 0.000000000 0.999996978 0.000003022
KJ:/crrc/r: 0.060371906 0.786945704 0.152682390
KJ:/rc/c: 0.411590432 0.588409568 0.000000000
KJ:/rc/crr: 0.000000000 0.996366712 0.003633288
KJ:/rc/r: 0.071411316 0.723523365 0.205065319
KJ:/rrc/c: 0.270392581 0.729607419 0.000000000
KJ:/rrc/crr: 0.000000000 0.993327588 0.006672412
KJ:/rrc/r: 0.040935864 0.889969195 0.069094941
KK:/cc/c: 0.834601428 0.165398572 0.000000000
KK:/cc/crr: 0.000000000 0.900911641 0.099088359
KK:/cc/r: 0.683228955 0.206505330 0.110265714
KK:/crc/c: 0.999995000 0.000005000 0.000000000
KK:/crc/crr: 0.000000000 0.999997500 0.000002500
KK:/crc/r: 0.995305672 0.004690995 0.000003333
KK:/crrc/c: 0.999997500 0.000002500 0.000000000
KK:/crrc/crr: 0.000000000 0.999998750 0.000001250
KK:/crrc/r: 0.999993159 0.000005174 0.000001667
KK:/rc/c: 0.999992149 0.000007851 0.000000000
KK:/rc/crr: 0.000000000 0.999996074 0.000003926
KK:/rc/r: 0.999980846 0.000013920 0.000005234
KK:/rrc/c: 0.999994207 0.000005793 0.000000000
KK:/rrc/crr: 0.000000000 0.999997104 0.000002896
KK:/rrc/r: 0.999022192 0.000973946 0.000003862
KQ:/cc/c: 0.830866018 0.169133982 0.000000000
KQ:/cc/crr: 0.000000000 0.900466159 0.099533841
KQ:/cc/r: 0.459937829 0.428922564 0.111139607
KQ:/crc/c: 0.004002159 0.995997841 0.000000000
KQ:/crc/crr: 0.000000000 0.026690932 0.973309068
KQ:/crc/r: 0.000009900 0.438457641 0.561532459
KQ:/crrc/c: 0.613986873 0.386013127 0.000000000
KQ:/crrc/crr: 0.000000000 0.394340000 0.605660000
KQ:/crrc/r: 0.000732919 0.630812242 0.368454839
KQ:/rc/c: 0.000067046 0.999932954 0.000000000
KQ:/rc/crr: 0.000000000 0.223993229 0.776006771
KQ:/rc/r: 0.000017392 0.299498614 0.700483994
KQ:/rrc/c: 0.509367705 0.490632295 0.000000000
KQ:/rrc/crr: 0.000000000 0.459037611 0.540962389
KQ:/rrc/r: 0.010081835 0.649669279 0.340248885
Q:/c: 0.846869936 0.153130064 0.000000000
Q:/crr: 0.000000000 0.999994096 0.000005904
Q:/r: 0.366786368 0.633141242 0.000072390
QJ:/cc/c: 0.000032652 0.999967348 0.000000000
QJ:/cc/crr: 0.000000000 0.500000000 0.500000000
QJ:/cc/r: 0.000021768 0.000021768 0.999956464
QJ:/crc/c: 0.380815182 0.619184818 0.000000000
QJ:/crc/crr: 0.000000000 0.000046036 0.999953964
QJ:/crc/r: 0.000003936 0.000003936 0.999992128
QJ:/crrc/c: 0.000035716 0.999964284 0.000000000
QJ:/crrc/crr: 0.000000000 0.041326450 0.958673550
QJ:/crrc/r: 0.004771302 0.000001968 0.995226730
QJ:/rc/c: 0.000015870 0.999984130 0.000000000
QJ:/rc/crr: 0.000000000 0.165869192 0.834130808
QJ:/rc/r: 0.004633342 0.000003510 0.995363148
QJ:/rrc/c: 0.000116124 0.999883876 0.000000000
QJ:/rrc/crr: 0.000000000 0.039130280 0.960869720
QJ:/rrc/r: 0.000088120 0.000006059 0.999905821
QK:/cc/c: 0.037040728 0.962959272 0.000000000
QK:/cc/crr: 0.000000000 0.999559242 0.000440758
QK:/cc/r: 0.000083692 0.758232503 0.241683804
QK:/crc/c: 0.382766502 0.617233498 0.000000000
QK:/crc/crr: 0.000000000 0.007000678 0.992999322
QK:/crc/r: 0.000060395 0.503680710 0.496258894
QK:/crrc/c: 0.075199639 0.924800361 0.000000000
QK:/crrc/crr: 0.000000000 0.003556951 0.996443049
QK:/crrc/r: 0.000056563 0.294023300 0.705920137
QK:/rc/c: 0.383898543 0.616101457 0.000000000
QK:/rc/crr: 0.000000000 0.000418775 0.999581225
QK:/rc/r: 0.000016597 0.316574178 0.683409226
QK:/rrc/c: 0.421783025 0.578216975 0.000000000
QK:/rrc/crr: 0.000000000 0.053494115 0.946505885
QK:/rrc/r: 0.000073829 0.503421353 0.496504818
QQ:/cc/c: 0.999967348 0.000032652 0.000000000
QQ:/cc/crr: 0.000000000 0.999983673 0.000016327
QQ:/cc/r: 0.999707153 0.000271079 0.000021768
QQ:/crc/c: 0.999994096 0.000005904 0.000000000
QQ:/crc/crr: 0.000000000 0.999997048 0.000002952
QQ:/crc/r: 0.999956574 0.000039490 0.000003936
QQ:/crrc/c: 0.999997048 0.000002952 0.000000000
QQ:/crrc/crr: 0.000000000 0.999998524 0.000001476
QQ:/crrc/r: 0.999996064 0.000001968 0.000001968
QQ:/rc/c: 0.999994735 0.000005265 0.000000000
QQ:/rc/crr: 0.000000000 0.999997368 0.000002632
QQ:/rc/r: 0.999992222 0.000004268 0.000003510
QQ:/rrc/c: 0.999990912 0.000009088 0.000000000
QQ:/rrc/crr: 0.000000000 0.999995456 0.000004544
QQ:/rrc/r: 0.999953305 0.000040637 0.000006059
