J:/c: 0.290454135 0.709545865 0.000000000
J:/crr: 0.000000000 0.999982786 0.000017214
J:/r: 0.055201487 0.134094317 0.810704195
JJ:/cc/c: 0.999992953 0.000007047 0.000000000
JJ:/cc/crr: 0.000000000 0.999996477 0.000003523
JJ:/cc/r: 0.999982880 0.000012423 0.000004698
JJ:/crc/c: 0.999982786 0.000017214 0.000000000
JJ:/crc/crr: 0.000000000 0.999991393 0.000008607
JJ:/crc/r: 0.999977047 0.000011476 0.000011476
JJ:/crrc/c: 0.999991393 0.000008607 0.000000000
JJ:/crrc/crr: 0.000000000 0.999995696 0.000004304
JJ:/crrc/r: 0.999988524 0.000005738 0.000005738
JJ:/rc/c: 0.999975142 0.000024858 0.000000000
JJ:/rc/crr: 0.000000000 0.999987571 0.000012429
JJ:/rc/r: 0.999964209 0.000019219 0.000016572
JJ:/rrc/c: 0.999939615 0.000060385 0.000000000
JJ:/rrc/crr: 0.000000000 0.999969806 0.000030194
JJ:/rrc/r: 0.999752273 0.000207470 0.000040257
JK:/cc/c: 0.004943027 0.995056973 0.000000000
JK:/cc/crr: 0.000000000 0.000712798 0.999287202
JK:/cc/r: 0.000008235 0.000004698 0.999987067
JK:/crc/c: 0.531458768 0.468541232 0.000000000
JK:/crc/crr: 0.000000000 0.000016195 0.999983805
JK:/crc/r: 0.000011476 0.000011476 0.999977047
JK:/crrc/c: 0.487322141 0.512677859 0.000000000
JK:/crrc/crr: 0.000000000 0.000008831 0.999991169
JK:/crrc/r: 0.206607569 0.000005738 0.793386693
JK:/rc/c: 0.366242264 0.633757736 0.000000000
JK:/rc/crr: 0.000000000 0.000033937 0.999966063
JK:/rc/r: 0.361275777 0.000016572 0.638707651
JK:/rrc/c: 0.999814314 0.000185686 0.000000000
JK:/rrc/crr: 0.000000000 0.000030198 0.999969802
JK:/rrc/r: 0.248739816 0.000040257 0.751219927
JQ:/cc/c: 0.073051581 0.926948419 0.000000000
JQ:/cc/crr: 0.000000000 0.000048231 0.999951769
JQ:/cc/r: 0.039359297 0.000004698 0.960636005
JQ:/crc/c: 0.506460041 0.493539959 0.000000000
JQ:/crc/crr: 0.000000000 0.000016995 0.999983005
JQ:/crc/r: 0.010003353 0.000011476 0.989985171
JQ:/crrc/c: 0.040604394 0.959395606 0.000000000
JQ:/crrc/crr: 0.000000000 0.000105990 0.999894010
JQ:/crrc/r: 0.143397284 0.000005738 0.856596978
JQ:/rc/c: 0.992846964 0.007153036 0.000000000
JQ:/rc/crr: 0.000000000 0.000012519 0.999987481
JQ:/rc/r: 0.000022795 0.000016572 0.999960633
JQ:/rrc/c: 0.003305941 0.996694059 0.000000000
JQ:/rrc/crr: 0.000000000 0.009132778 0.990867222
JQ:/rrc/r: 0.394763849 0.000040257 0.605195894
K:/c: 0.999969325 0.000030675 0.000000000
K:/crr: 0.000000000 0.999995000 0.000005000
K:/r: 0.563046891 0.436946442 0.000006667
KJ:/cc/c: 0.468220527 0.531779473 0.000000000
KJ:/cc/crr: 0.000000000 0.825936395 0.174063605
KJ:/cc/r: 0.536640357 0.220700847 0.242658796
KJ:/crc/c: 0.128409673 0.871590327 0.000000000
KJ:/crc/crr: 0.000000000 0.999980530 0.000019470
KJ:/crc/r: 0.000085806 0.785827101 0.214087094
KJ:/crrc/c: 0.461128203 0.538871797 0.000000000
KJ:/crrc/crr: 0.000000000 0.999997289 0.000002711
KJ:/crrc/r: 0.042390923 0.804764092 0.152844985
KJ:/rc/c: 0.453424092 0.546575908 0.000000000
KJ:/rc/crr: 0.000000000 0.691512753 0.308487247
KJ:/rc/r: 0.017870404 0.810095703 0.172033893
KJ:/rrc/c: 0.478754816 0.521245184 0.000000000
KJ:/rrc/crr: 0.000000000 0.982577834 0.017422166
KJ:/rrc/r: 0.038191253 0.906358832 0.055449915
KK:/cc/c: 0.836999694 0.163000306 0.000000000
KK:/cc/crr: 0.000000000 0.902628217 0.097371783
KK:/cc/r: 0.609742279 0.281590850 0.108666871
KK:/crc/c: 0.999995000 0.000005000 0.000000000
KK:/crc/crr: 0.000000000 0.999997500 0.000002500
KK:/crc/r: 0.999991531 0.000005135 0.000003333
KK:/crrc/c: 0.999997500 0.000002500 0.000000000
KK:/crrc/crr: 0.000000000 0.999998750 0.000001250
KK:/crrc/r: 0.999996667 0.000001667 0.000001667
KK:/rc/c: 0.999992371 0.000007629 0.000000000
KK:/rc/crr: 0.000000000 0.999996186 0.000003814
KK:/rc/r: 0.999980434 0.000014480 0.000005086
KK:/rrc/c: 0.999994080 0.000005920 0.000000000
KK:/rrc/crr: 0.000000000 0.999997040 0.000002960
KK:/rrc/r: 0.999974981 0.000021072 0.000003947
KQ:/cc/c: 0.836999694 0.163000306 0.000000000
KQ:/cc/crr: 0.000000000 0.902628217 0.097371783
KQ:/cc/r: 0.533388185 0.296562389 0.170049426
KQ:/crc/c: 0.023723176 0.976276824 0.000000000
KQ:/crc/crr: 0.000000000 0.008220996 0.991779004
KQ:/crc/r: 0.000060627 0.457878492 0.542060881
KQ:/crrc/c: 0.623222189 0.376777811 0.000000000
KQ:/crrc/crr: 0.000000000 0.431914756 0.568085244
KQ:/crrc/r: 0.000011895 0.807855670 0.192132436
KQ:/rc/c: 0.001944559 0.998055441 0.000000000
KQ:/rc/crr: 0.000000000 0.031645742 0.968354258
KQ:/rc/r: 0.000023650 0.306390457 0.693585893
KQ:/rrc/c: 0.497056937 0.502943063 0.000000000
KQ:/rrc/crr: 0.000000000 0.527086873 0.472913127
KQ:/rrc/r: 0.070088637 0.577372299 0.352539063
Q:/c: 0.850258273 0.149741727 0.000000000
Q:/crr: 0.000000000 0.999994119 0.000005881
Q:/r: 0.333059472 0.666747865 0.000192663
QJ:/cc/c: 0.000366750 0.999633250 0.000000000
QJ:/cc/crr: 0.000000000 0.045522557 0.954477443
QJ:/cc/r: 0.000039796 0.000022261 0.999937943
QJ:/crc/c: 0.390410743 0.609589257 0.000000000
QJ:/crc/crr: 0.000000000 0.000017562 0.999982438
QJ:/crc/r: 0.000003920 0.000003920 0.999992159
QJ:/crrc/c: 0.000002940 0.999997060 0.000000000
QJ:/crrc/crr: 0.000000000 0.500000000 0.500000000
QJ:/crrc/r: 0.017050897 0.000001960 0.982947143
QJ:/rc/c: 0.000064885 0.999935115 0.000000000
QJ:/rc/crr: 0.000000000 0.038524766 0.961475234
QJ:/rc/r: 0.012391151 0.000003333 0.987605516
QJ:/rrc/c: 0.000258934 0.999741066 0.000000000
QJ:/rrc/crr: 0.000000000 0.019325846 0.980674154
QJ:/rrc/r: 0.000092060 0.000006672 0.999901268
QK:/cc/c: 0.020649159 0.979350841 0.000000000
QK:/cc/crr: 0.000000000 0.999191472 0.000808528
QK:/cc/r: 0.000117064 0.730810776 0.269072160
QK:/crc/c: 0.351901367 0.648098633 0.000000000
QK:/crc/crr: 0.000000000 0.007771499 0.992228501
QK:/crc/r: 0.000240748 0.456617998 0.543141254
QK:/crrc/c: 0.010752615 0.989247385 0.000000000
QK:/crrc/crr: 0.000000000 0.042713216 0.957286784
QK:/crrc/r: 0.000069296 0.272459016 0.727471688
QK:/rc/c: 0.380550019 0.619449981 0.000000000
QK:/rc/crr: 0.000000000 0.023231114 0.976768886
QK:/rc/r: 0.000006808 0.322707302 0.677285890
QK:/rrc/c: 0.417031712 0.582968288 0.000000000
QK:/rrc/crr: 0.000000000 0.029505075 0.970494925
QK:/rrc/r: 0.000095808 0.515329320 0.484574872
QQ:/cc/c: 0.999966609 0.000033391 0.000000000
QQ:/cc/crr: 0.000000000 0.999983304 0.000016696
QQ:/cc/r: 0.999916175 0.000061564 0.000022261
QQ:/crc/c: 0.999994119 0.000005881 0.000000000
QQ:/crc/crr: 0.000000000 0.999997060 0.000002940
QQ:/crc/r: 0.787055538 0.212940541 0.000003920
QQ:/crrc/c: 0.999997060 0.000002940 0.000000000
QQ:/crrc/crr: 0.000000000 0.999998530 0.000001470
QQ:/crrc/r: 0.999996080 0.000001960 0.000001960
QQ:/rc/c: 0.999995001 0.000004999 0.000000000
QQ:/rc/crr: 0.000000000 0.999997500 0.000002500
QQ:/rc/r: 0.999977829 0.000018839 0.000003333
QQ:/rrc/c: 0.999989992 0.000010008 0.000000000
QQ:/rrc/crr: 0.000000000 0.999994996 0.000005004
QQ:/rrc/r: 0.999955056 0.000038272 0.000006672
