J:/c: 0.292272812 0.707727188 0.000000000
J:/crr: 0.000000000 0.999982893 0.000017107
J:/r: 0.055252208 0.112452862 0.832294929
JJ:/cc/c: 0.999992935 0.000007065 0.000000000
JJ:/cc/crr: 0.000000000 0.999996468 0.000003532
JJ:/cc/r: 0.999990580 0.000004710 0.000004710
JJ:/crc/c: 0.999982893 0.000017107 0.000000000
JJ:/crc/crr: 0.000000000 0.999991446 0.000008554
JJ:/crc/r: 0.999614372 0.000374223 0.000011405
JJ:/crrc/c: 0.999991446 0.000008554 0.000000000
JJ:/crrc/crr: 0.000000000 0.999995723 0.000004277
JJ:/crrc/r: 0.999959732 0.000034565 0.000005703
JJ:/rc/c: 0.999970358 0.000029642 0.000000000
JJ:/rc/crr: 0.000000000 0.999985179 0.000014821
JJ:/rc/r: 0.999883401 0.000096837 0.000019761
JJ:/rrc/c: 0.999939671 0.000060329 0.000000000
JJ:/rrc/crr: 0.000000000 0.999969833 0.000030167
JJ:/rrc/r: 0.999919561 0.000040220 0.000040220
JK:/cc/c: 0.000007065 0.999992935 0.000000000
JK:/cc/crr: 0.000000000 0.500000000 0.500000000
JK:/cc/r: 0.000004710 0.000004710 0.999990580
JK:/crc/c: 0.603325607 0.396674393 0.000000000
JK:/crc/crr: 0.000000000 0.000014178 0.999985822
JK:/crc/r: 0.000014368 0.000011405 0.999974227
JK:/crrc/c: 0.301006970 0.698993030 0.000000000
JK:/crrc/crr: 0.000000000 0.000014209 0.999985791
JK:/crrc/r: 0.222351190 0.000005703 0.777643107
JK:/rc/c: 0.370256630 0.629743370 0.000000000
JK:/rc/crr: 0.000000000 0.000040029 0.999959971
JK:/rc/r: 0.354530019 0.000019761 0.645450220
JK:/rrc/c: 0.999939671 0.000060329 0.000000000
JK:/rrc/crr: 0.000000000 0.000030167 0.999969833
JK:/rrc/r: 0.539912730 0.000040220 0.460047050
JQ:/cc/c: 0.000007065 0.999992935 0.000000000
JQ:/cc/crr: 0.000000000 0.500000000 0.500000000
JQ:/cc/r: 0.058633478 0.000004710 0.941361812
JQ:/crc/c: 0.003074365 0.996925635 0.000000000
JQ:/crc/crr: 0.000000000 0.002782250 0.997217750
JQ:/crc/r: 0.000048482 0.000011405 0.999940113
JQ:/crrc/c: 0.010443048 0.989556952 0.000000000
JQ:/crrc/crr: 0.000000000 0.000409545 0.999590455
JQ:/crrc/r: 0.223802805 0.000005703 0.776191492
JQ:/rc/c: 0.999970358 0.000029642 0.000000000
JQ:/rc/crr: 0.000000000 0.000014821 0.999985179
JQ:/rc/r: 0.000019761 0.000019761 0.999960477
JQ:/rrc/c: 0.104521351 0.895478649 0.000000000
JQ:/rrc/crr: 0.000000000 0.000288599 0.999711401
JQ:/rrc/r: 0.717055772 0.000040220 0.282904008
K:/c: 0.999990000 0.000010000 0.000000000
K:/crr: 0.000000000 0.999995000 0.000005000
K:/r: 0.630097130 0.369896204 0.000006667
KJ:/cc/c: 0.500000000 0.500000000 0.000000000
KJ:/cc/crr: 0.000000000 0.500000000 0.500000000
KJ:/cc/r: 0.333333333 0.333333333 0.333333333
KJ:/crc/c: 0.150624641 0.849375359 0.000000000
KJ:/crc/crr: 0.000000000 0.999983402 0.000016598
KJ:/crc/r: 0.000003333 0.759321583 0.240675083
KJ:/crrc/c: 0.508744826 0.491255174 0.000000000
KJ:/crrc/crr: 0.000000000 0.999997543 0.000002457
KJ:/crrc/r: 0.000095319 0.999601232 0.000303449
KJ:/rc/c: 0.568612247 0.431387753 0.000000000
KJ:/rc/crr: 0.000000000 0.701378999 0.298621001
KJ:/rc/r: 0.000013162 0.999969733 0.000017105
KJ:/rrc/c: 0.074759037 0.925240963 0.000000000
KJ:/rrc/crr: 0.000000000 0.999964618 0.000035382
KJ:/rrc/r: 0.034178453 0.965818020 0.000003527
KK:/cc/c: 0.500000000 0.500000000 0.000000000
KK:/cc/crr: 0.000000000 0.500000000 0.500000000
KK:/cc/r: 0.333333333 0.333333333 0.333333333
KK:/crc/c: 0.999995000 0.000005000 0.000000000
KK:/crc/crr: 0.000000000 0.999997500 0.000002500
KK:/crc/r: 0.995172766 0.004823901 0.000003333
KK:/crrc/c: 0.999997500 0.000002500 0.000000000
KK:/crrc/crr: 0.000000000 0.999998750 0.000001250
KK:/crrc/r: 0.999512889 0.000485444 0.000001667
KK:/rc/c: 0.999990988 0.000009012 0.000000000
KK:/rc/crr: 0.000000000 0.999995494 0.000004506
KK:/rc/r: 0.999963723 0.000030270 0.000006008
KK:/rrc/c: 0.999994710 0.000005290 0.000000000
KK:/rrc/crr: 0.000000000 0.999997355 0.000002645
KK:/rrc/r: 0.997928473 0.002068001 0.000003527
KQ:/cc/c: 0.500000000 0.500000000 0.000000000
KQ:/cc/crr: 0.000000000 0.500000000 0.500000000
KQ:/cc/r: 0.333333333 0.333333333 0.333333333
KQ:/crc/c: 0.000005000 0.999995000 0.000000000
KQ:/crc/crr: 0.000000000 0.500000000 0.500000000
KQ:/crc/r: 0.000005338 0.414008167 0.585986495
KQ:/crrc/c: 0.658798188 0.341201812 0.000000000
KQ:/crrc/crr: 0.000000000 0.381949610 0.618050390
KQ:/crrc/r: 0.000014130 0.694968368 0.305017502
KQ:/rc/c: 0.000009012 0.999990988 0.000000000
KQ:/rc/crr: 0.000000000 0.500000000 0.500000000
KQ:/rc/r: 0.000006008 0.337446867 0.662547126
KQ:/rrc/c: 0.492253926 0.507746074 0.000000000
KQ:/rrc/crr: 0.000000000 0.496085817 0.503914183
KQ:/rrc/r: 0.000151510 0.636318448 0.363530042
Q:/c: 0.886746608 0.113253392 0.000000000
Q:/crr: 0.000000000 0.999994361 0.000005639
Q:/r: 0.437343957 0.562622567 0.000033476
QJ:/cc/c: 0.000044149 0.999955851 0.000000000
QJ:/cc/crr: 0.000000000 0.500000000 0.500000000
QJ:/cc/r: 0.000029433 0.000029433 0.999941135
QJ:/crc/c: 0.444946290 0.555053710 0.000000000
QJ:/crc/crr: 0.000000000 0.000070024 0.999929976
QJ:/crc/r: 0.000003759 0.000003759 0.999992482
QJ:/crrc/c: 0.000002819 0.999997181 0.000000000
QJ:/crrc/crr: 0.000000000 0.500000000 0.500000000
QJ:/crrc/r: 0.000002985 0.000001880 0.999995136
QJ:/rc/c: 0.000005925 0.999994075 0.000000000
QJ:/rc/crr: 0.000000000 0.500000000 0.500000000
QJ:/rc/r: 0.000019984 0.000003950 0.999976066
QJ:/rrc/c: 0.000007622 0.999992378 0.000000000
QJ:/rrc/crr: 0.000000000 0.500000000 0.500000000
QJ:/rrc/r: 0.000005081 0.000005081 0.999989838
QK:/cc/c: 0.487635951 0.512364049 0.000000000
QK:/cc/crr: 0.000000000 0.999954732 0.000045268
QK:/cc/r: 0.000029433 0.999495837 0.000474731
QK:/crc/c: 0.161130443 0.838869557 0.000000000
QK:/crc/crr: 0.000000000 0.000712946 0.999287054
QK:/crc/r: 0.000008277 0.458400023 0.541591700
QK:/crrc/c: 0.299278771 0.700721229 0.000000000
QK:/crrc/crr: 0.000000000 0.000714777 0.999285223
QK:/crrc/r: 0.000012177 0.301053223 0.698934600
QK:/rc/c: 0.377648172 0.622351828 0.000000000
QK:/rc/crr: 0.000000000 0.000007844 0.999992156
QK:/rc/r: 0.000004279 0.323951227 0.676044494
QK:/rrc/c: 0.444484708 0.555515292 0.000000000
QK:/rrc/crr: 0.000000000 0.000263930 0.999736070
QK:/rrc/r: 0.000005081 0.434008328 0.565986591
QQ:/cc/c: 0.999955851 0.000044149 0.000000000
QQ:/cc/crr: 0.000000000 0.999977925 0.000022075
QQ:/cc/r: 0.999818465 0.000152102 0.000029433
QQ:/crc/c: 0.999994361 0.000005639 0.000000000
QQ:/crc/crr: 0.000000000 0.999997181 0.000002819
QQ:/crc/r: 0.996679337 0.003316904 0.000003759
QQ:/crrc/c: 0.999997181 0.000002819 0.000000000
QQ:/crrc/crr: 0.000000000 0.999998590 0.000001410
QQ:/crrc/r: 0.999974294 0.000023827 0.000001880
QQ:/rc/c: 0.999994075 0.000005925 0.000000000
QQ:/rc/crr: 0.000000000 0.999997038 0.000002962
QQ:/rc/r: 0.999956458 0.000039593 0.000003950
QQ:/rrc/c: 0.999992378 0.000007622 0.000000000
QQ:/rrc/crr: 0.000000000 0.999996189 0.000003811
QQ:/rrc/r: 0.999987257 0.000007662 0.000005081
