J:/c: 0.287497946 0.712502054 0.000000000
J:/crr: 0.000000000 0.999982609 0.000017391
J:/r: 0.055591129 0.127920979 0.816487892
JJ:/cc/c: 0.999992982 0.000007018 0.000000000
JJ:/cc/crr: 0.000000000 0.999996491 0.000003509
JJ:/cc/r: 0.999982789 0.000012533 0.000004678
JJ:/crc/c: 0.999982609 0.000017391 0.000000000
JJ:/crc/crr: 0.000000000 0.999991304 0.000008696
JJ:/crc/r: 0.999976811 0.000011594 0.000011594
JJ:/crrc/c: 0.999991304 0.000008696 0.000000000
JJ:/crrc/crr: 0.000000000 0.999995652 0.000004348
JJ:/crrc/r: 0.999988406 0.000005797 0.000005797
JJ:/rc/c: 0.999973942 0.000026058 0.000000000
JJ:/rc/crr: 0.000000000 0.999986971 0.000013029
JJ:/rc/r: 0.999963140 0.000019488 0.000017372
JJ:/rrc/c: 0.999940038 0.000059962 0.000000000
JJ:/rrc/crr: 0.000000000 0.999970017 0.000029983
JJ:/rrc/r: 0.999734612 0.000225414 0.000039974
JK:/cc/c: 0.008462278 0.991537722 0.000000000
JK:/cc/crr: 0.000000000 0.000414636 0.999585364
JK:/cc/r: 0.000010377 0.000004678 0.999984944
JK:/crc/c: 0.522298202 0.477701798 0.000000000
JK:/crc/crr: 0.000000000 0.000016649 0.999983351
JK:/crc/r: 0.000011594 0.000011594 0.999976811
JK:/crrc/c: 0.251611230 0.748388770 0.000000000
JK:/crrc/crr: 0.000000000 0.000017280 0.999982720
JK:/crrc/r: 0.183085556 0.000005797 0.816908647
JK:/rc/c: 0.375829132 0.624170868 0.000000000
JK:/rc/crr: 0.000000000 0.000034667 0.999965333
JK:/rc/r: 0.364116940 0.000017372 0.635865688
JK:/rrc/c: 0.999819053 0.000180947 0.000000000
JK:/rrc/crr: 0.000000000 0.000029986 0.999970014
JK:/rrc/r: 0.291173457 0.000039974 0.708786568
JQ:/cc/c: 0.071770201 0.928229799 0.000000000
JQ:/cc/crr: 0.000000000 0.000048889 0.999951111
JQ:/cc/r: 0.035236352 0.000004678 0.964758969
JQ:/crc/c: 0.540212619 0.459787381 0.000000000
JQ:/crc/crr: 0.000000000 0.000016097 0.999983903
JQ:/crc/r: 0.063347380 0.000011594 0.936641026
JQ:/crrc/c: 0.052209002 0.947790998 0.000000000
JQ:/crrc/crr: 0.000000000 0.000083279 0.999916721
JQ:/crrc/r: 0.242302819 0.000005797 0.757691384
JQ:/rc/c: 0.994679495 0.005320505 0.000000000
JQ:/rc/crr: 0.000000000 0.000013099 0.999986901
JQ:/rc/r: 0.000018360 0.000017372 0.999964268
JQ:/rrc/c: 0.004827822 0.995172178 0.000000000
JQ:/rrc/crr: 0.000000000 0.006210006 0.993789994
JQ:/rrc/r: 0.379174636 0.000039974 0.620785390
K:/c: 0.999944744 0.000055256 0.000000000
K:/crr: 0.000000000 0.999995000 0.000005000
K:/r: 0.581277425 0.418715909 0.000006667
KJ:/cc/c: 0.277080444 0.722919556 0.000000000
KJ:/cc/crr: 0.000000000 0.836710830 0.163289170
KJ:/cc/r: 0.305478631 0.122875808 0.571645561
KJ:/crc/c: 0.093431069 0.906568931 0.000000000
KJ:/crc/crr: 0.000000000 0.999973241 0.000026759
KJ:/crc/r: 0.000102673 0.726896181 0.273001146
KJ:/crrc/c: 0.324009485 0.675990515 0.000000000
KJ:/crrc/crr: 0.000000000 0.999996142 0.000003858
KJ:/crrc/r: 0.039522701 0.828172934 0.132304366
KJ:/rc/c: 0.420572983 0.579427017 0.000000000
KJ:/rc/crr: 0.000000000 0.773720893 0.226279107
KJ:/rc/r: 0.034204453 0.753863894 0.211931653
KJ:/rrc/c: 0.301033700 0.698966300 0.000000000
KJ:/rrc/crr: 0.000000000 0.985517124 0.014482876
KJ:/rrc/r: 0.060300246 0.868259540 0.071440214
KK:/cc/c: 0.909511529 0.090488471 0.000000000
KK:/cc/crr: 0.000000000 0.950254357 0.049745643
KK:/cc/r: 0.779855860 0.159818492 0.060325647
KK:/crc/c: 0.999995000 0.000005000 0.000000000
KK:/crc/crr: 0.000000000 0.999997500 0.000002500
KK:/crc/r: 0.992792813 0.007203853 0.000003334
KK:/crrc/c: 0.999997500 0.000002500 0.000000000
KK:/crrc/crr: 0.000000000 0.999998750 0.000001250
KK:/crrc/r: 0.999996666 0.000001667 0.000001667
KK:/rc/c: 0.999992039 0.000007961 0.000000000
KK:/rc/crr: 0.000000000 0.999996020 0.000003980
KK:/rc/r: 0.999979864 0.000014829 0.000005307
KK:/rrc/c: 0.999994266 0.000005734 0.000000000
KK:/rrc/crr: 0.000000000 0.999997133 0.000002867
KK:/rrc/r: 0.999977546 0.000018631 0.000003823
KQ:/cc/c: 0.465534401 0.534465599 0.000000000
KQ:/cc/crr: 0.000000000 0.902812262 0.097187738
KQ:/cc/r: 0.305624523 0.585266834 0.109108643
KQ:/crc/c: 0.098209289 0.901790711 0.000000000
KQ:/crc/crr: 0.000000000 0.014615129 0.985384871
KQ:/crc/r: 0.000082521 0.430466364 0.569451115
KQ:/crrc/c: 0.613080029 0.386919971 0.000000000
KQ:/crrc/crr: 0.000000000 0.392509199 0.607490801
KQ:/crrc/r: 0.002318745 0.635985824 0.361695431
KQ:/rc/c: 0.001073637 0.998926363 0.000000000
KQ:/rc/crr: 0.000000000 0.068352245 0.931647755
KQ:/rc/r: 0.000025396 0.302424531 0.697550074
KQ:/rrc/c: 0.497737702 0.502262298 0.000000000
KQ:/rrc/crr: 0.000000000 0.502196930 0.497803070
KQ:/rrc/r: 0.094232965 0.531958396 0.373808640
Q:/c: 0.849484593 0.150515407 0.000000000
Q:/crr: 0.000000000 0.999994114 0.000005886
Q:/r: 0.359929456 0.640033860 0.000036684
QJ:/cc/c: 0.000555158 0.999444842 0.000000000
QJ:/cc/crr: 0.000000000 0.029918665 0.970081335
QJ:/cc/r: 0.000049438 0.000022146 0.999928416
QJ:/crc/c: 0.422054997 0.577945003 0.000000000
QJ:/crc/crr: 0.000000000 0.084621226 0.915378774
QJ:/crc/r: 0.000003924 0.000003924 0.999992152
QJ:/crrc/c: 0.000121399 0.999878601 0.000000000
QJ:/crrc/crr: 0.000000000 0.012121131 0.987878869
QJ:/crrc/r: 0.015085290 0.000001962 0.984912748
QJ:/rc/c: 0.000069657 0.999930343 0.000000000
QJ:/rc/crr: 0.000000000 0.037383501 0.962616499
QJ:/rc/r: 0.015204783 0.000003472 0.984791745
QJ:/rrc/c: 0.000286501 0.999713499 0.000000000
QJ:/rrc/crr: 0.000000000 0.016162382 0.983837618
QJ:/rrc/r: 0.002027403 0.000009765 0.997962832
QK:/cc/c: 0.098650408 0.901349592 0.000000000
QK:/cc/crr: 0.000000000 0.999831632 0.000168368
QK:/cc/r: 0.000161937 0.741759620 0.258078444
QK:/crc/c: 0.381606191 0.618393809 0.000000000
QK:/crc/crr: 0.000000000 0.004934634 0.995065366
QK:/crc/r: 0.000418759 0.455769165 0.543812076
QK:/crrc/c: 0.271283811 0.728716189 0.000000000
QK:/crrc/crr: 0.000000000 0.001505596 0.998494404
QK:/crrc/r: 0.000062651 0.302011912 0.697925437
QK:/rc/c: 0.381149935 0.618850065 0.000000000
QK:/rc/crr: 0.000000000 0.017968131 0.982031869
QK:/rc/r: 0.000007457 0.317992209 0.682000335
QK:/rrc/c: 0.421737591 0.578262409 0.000000000
QK:/rrc/crr: 0.000000000 0.033548703 0.966451297
QK:/rrc/r: 0.000090263 0.502927990 0.496981747
QQ:/cc/c: 0.999966781 0.000033219 0.000000000
QQ:/cc/crr: 0.000000000 0.999983390 0.000016610
QQ:/cc/r: 0.999917394 0.000060460 0.000022146
QQ:/crc/c: 0.999994114 0.000005886 0.000000000
QQ:/crc/crr: 0.000000000 0.999997057 0.000002943
QQ:/crc/r: 0.760070747 0.239925329 0.000003924
QQ:/crrc/c: 0.999997057 0.000002943 0.000000000
QQ:/crrc/crr: 0.000000000 0.999998529 0.000001471
QQ:/crrc/r: 0.999996076 0.000001962 0.000001962
QQ:/rc/c: 0.999994792 0.000005208 0.000000000
QQ:/rc/crr: 0.000000000 0.999997396 0.000002604
QQ:/rc/r: 0.999978955 0.000017573 0.000003472
QQ:/rrc/c: 0.999990739 0.000009261 0.000000000
QQ:/rrc/crr: 0.000000000 0.999995369 0.000004631
QQ:/rrc/r: 0.999956689 0.000037137 0.000006174
