J:/: 0.075548073 0.924451927 0.000000000
J:/cr: 0.019316999 0.033755270 0.946927731
J:/rr: 0.000000000 0.999933817 0.000066183
JJ:/cc/: 0.000244488 0.999755512 0.000000000
JJ:/cc/cr: 0.999996393 0.000001803 0.000001803
JJ:/cc/rr: 0.000000000 0.988938885 0.011061115
JJ:/crc/: 0.980105839 0.019894161 0.000000000
JJ:/crc/cr: 0.998210194 0.000894903 0.000894903
JJ:/crc/rr: 0.000000000 0.999972753 0.000027247
JJ:/crrc/: 0.918807116 0.081192884 0.000000000
JJ:/crrc/cr: 0.999233671 0.000383165 0.000383165
JJ:/crrc/rr: 0.000000000 0.999949211 0.000050789
JJ:/rc/: 0.849431649 0.150568351 0.000000000
JJ:/rc/cr: 0.999706964 0.000146518 0.000146518
JJ:/rc/rr: 0.000000000 0.999961043 0.000038957
JJ:/rrc/: 0.997704971 0.002295029 0.000000000
JJ:/rrc/cr: 0.990386844 0.004806578 0.004806578
JJ:/rrc/rr: 0.000000000 0.999983415 0.000016585
JK:/cc/: 0.082963350 0.917036650 0.000000000
JK:/cc/cr: 0.000001966 0.000001966 0.999996068
JK:/cc/rr: 0.000000000 0.000032596 0.999967404
JK:/crc/: 0.044380364 0.955619636 0.000000000
JK:/crc/cr: 0.008945604 0.000018630 0.991035766
JK:/crc/rr: 0.000000000 0.000601730 0.999398270
JK:/crrc/: 0.999906669 0.000093331 0.000000000
JK:/crrc/cr: 0.333333333 0.333333333 0.333333333
JK:/crrc/rr: 0.000000000 0.000046670 0.999953330
JK:/rc/: 0.997045966 0.002954034 0.000000000
JK:/rc/cr: 0.985063810 0.007468095 0.007468095
JK:/rc/rr: 0.000000000 0.000033190 0.999966810
JK:/rrc/: 0.532511078 0.467488922 0.000000000
JK:/rrc/cr: 0.906563032 0.000023597 0.093413371
JK:/rrc/rr: 0.000000000 0.000031073 0.999968927
JQ:/cc/: 0.159755349 0.840244651 0.000000000
JQ:/cc/cr: 0.000002146 0.000002146 0.999995709
JQ:/cc/rr: 0.000000000 0.000016928 0.999983072
JQ:/crc/: 0.987609641 0.012390359 0.000000000
JQ:/crc/cr: 0.666722407 0.001436871 0.331840723
JQ:/crc/rr: 0.000000000 0.000027040 0.999972960
JQ:/crrc/: 0.041741219 0.958258781 0.000000000
JQ:/crrc/cr: 0.124893758 0.000032465 0.875073776
JQ:/crrc/rr: 0.000000000 0.001117969 0.998882031
JQ:/rc/: 0.998341567 0.001658433 0.000000000
JQ:/rc/cr: 0.013302324 0.013302324 0.973395351
JQ:/rc/rr: 0.000000000 0.000033146 0.999966854
JQ:/rrc/: 0.128532821 0.871467179 0.000000000
JQ:/rrc/cr: 0.000012658 0.000012658 0.999974684
JQ:/rrc/rr: 0.000000000 0.000128736 0.999871264
K:/: 0.752781120 0.247218880 0.000000000
K:/cr: 0.714589670 0.285396846 0.000013483
K:/rr: 0.000000000 0.999993358 0.000006642
KJ:/cc/: 0.000045664 0.999954336 0.000000000
KJ:/cc/cr: 0.000048348 0.000011225 0.999940428
KJ:/cc/rr: 0.000000000 0.778547187 0.221452813
KJ:/crc/: 0.000054666 0.999945334 0.000000000
KJ:/crc/cr: 0.000035179 0.999956947 0.000007874
KJ:/crc/rr: 0.000000000 0.783941446 0.216058554
KJ:/crrc/: 0.075347680 0.924652320 0.000000000
KJ:/crrc/cr: 0.002299506 0.989630560 0.008069934
KJ:/crrc/rr: 0.000000000 0.533546331 0.466453669
KJ:/rc/: 0.066809860 0.933190140 0.000000000
KJ:/rc/cr: 0.010137951 0.940319096 0.049542953
KJ:/rc/rr: 0.000000000 0.462701593 0.537298407
KJ:/rrc/: 0.082603677 0.917396323 0.000000000
KJ:/rrc/cr: 0.000016184 0.999873618 0.000110198
KJ:/rrc/rr: 0.000000000 0.540075139 0.459924861
KK:/cc/: 0.999450507 0.000549493 0.000000000
KK:/cc/cr: 0.975462238 0.012268881 0.012268881
KK:/cc/rr: 0.000000000 0.999989882 0.000010118
KK:/crc/: 0.092398360 0.907601640 0.000000000
KK:/crc/cr: 0.999982649 0.000008676 0.000008676
KK:/crc/rr: 0.000000000 0.999872173 0.000127827
KK:/crrc/: 0.995375198 0.004624802 0.000000000
KK:/crrc/cr: 0.998640040 0.000679980 0.000679980
KK:/crrc/rr: 0.000000000 0.999995261 0.000004739
KK:/rc/: 0.825839965 0.174160035 0.000000000
KK:/rc/cr: 0.999974575 0.000012713 0.000012713
KK:/rc/rr: 0.000000000 0.999995979 0.000004021
KK:/rrc/: 0.528372240 0.471627760 0.000000000
KK:/rrc/cr: 0.999995306 0.000002347 0.000002347
KK:/rrc/rr: 0.000000000 0.999996857 0.000003143
KQ:/cc/: 0.000639026 0.999360974 0.000000000
KQ:/cc/cr: 0.000041358 0.453888322 0.546070320
KQ:/cc/rr: 0.000000000 0.984175142 0.015824858
KQ:/crc/: 0.869451202 0.130548798 0.000000000
KQ:/crc/cr: 0.000355210 0.448593532 0.551051258
KQ:/crc/rr: 0.000000000 0.000043998 0.999956002
KQ:/crrc/: 0.005814438 0.994185562 0.000000000
KQ:/crrc/cr: 0.023537877 0.679247452 0.297214671
KQ:/crrc/rr: 0.000000000 0.164591103 0.835408897
KQ:/rc/: 0.000089094 0.999910906 0.000000000
KQ:/rc/cr: 0.000013559 0.478857099 0.521129343
KQ:/rc/rr: 0.000000000 0.239358227 0.760641773
KQ:/rrc/: 0.718279912 0.281720088 0.000000000
KQ:/rrc/cr: 0.028153377 0.880940004 0.090906618
KQ:/rrc/rr: 0.000000000 0.395299585 0.604700415
Q:/: 0.755572064 0.244427936 0.000000000
Q:/cr: 0.168437776 0.830509844 0.001052380
Q:/rr: 0.000000000 0.999993382 0.000006618
QJ:/cc/: 0.000020456 0.999979544 0.000000000
QJ:/cc/cr: 0.000006819 0.000006819 0.999986362
QJ:/cc/rr: 0.000000000 0.500000000 0.500000000
QJ:/crc/: 0.032054838 0.967945162 0.000000000
QJ:/crc/cr: 0.000848067 0.000002827 0.999149106
QJ:/crc/rr: 0.000000000 0.000128065 0.999871935
QJ:/crrc/: 0.007072044 0.992927956 0.000000000
QJ:/crrc/cr: 0.000099643 0.000013590 0.999886767
QJ:/crrc/rr: 0.000000000 0.002862091 0.997137909
QJ:/rc/: 0.007469465 0.992530535 0.000000000
QJ:/rc/cr: 0.000002222 0.000002222 0.999995555
QJ:/rc/rr: 0.000000000 0.000442970 0.999557030
QJ:/rrc/: 0.000003309 0.999996691 0.000000000
QJ:/rrc/cr: 0.000001103 0.000001103 0.999997794
QJ:/rrc/rr: 0.000000000 0.500000000 0.500000000
QK:/cc/: 0.545748379 0.454251621 0.000000000
QK:/cc/cr: 0.201748165 0.798226541 0.000025294
QK:/cc/rr: 0.000000000 0.999981259 0.000018741
QK:/crc/: 0.000008378 0.999991622 0.000000000
QK:/crc/cr: 0.000003089 0.556236719 0.443760192
QK:/crc/rr: 0.000000000 0.510029709 0.489970291
QK:/crrc/: 0.979392270 0.020607730 0.000000000
QK:/crrc/cr: 0.000844461 0.587500925 0.411654615
QK:/crrc/rr: 0.000000000 0.000541386 0.999458614
QK:/rc/: 0.436827708 0.563172292 0.000000000
QK:/rc/cr: 0.014633891 0.526870021 0.458496089
QK:/rc/rr: 0.000000000 0.198291546 0.801708454
QK:/rrc/: 0.127886989 0.872113011 0.000000000
QK:/rrc/cr: 0.000001265 0.301212413 0.698786322
QK:/rrc/rr: 0.000000000 0.000520720 0.999479280
QQ:/cc/: 0.530254750 0.469745250 0.000000000
QQ:/cc/cr: 0.999970969 0.000014516 0.000014516
QQ:/cc/rr: 0.000000000 0.999980711 0.000019289
QQ:/crc/: 0.984611878 0.015388122 0.000000000
QQ:/crc/cr: 0.999644306 0.000177847 0.000177847
QQ:/crc/rr: 0.000000000 0.999995831 0.000004169
QQ:/crrc/: 0.133117452 0.866882548 0.000000000
QQ:/crrc/cr: 0.999968868 0.000015566 0.000015566
QQ:/crrc/rr: 0.000000000 0.999847948 0.000152052
QQ:/rc/: 0.498141945 0.501858055 0.000000000
QQ:/rc/cr: 0.999991105 0.000004500 0.000004395
QQ:/rc/rr: 0.000000000 0.999993358 0.000006642
QQ:/rrc/: 0.983116317 0.016883683 0.000000000
QQ:/rrc/cr: 0.999869350 0.000065325 0.000065325
QQ:/rrc/rr: 0.000000000 0.999998317 0.000001683
