J:/: 0.078319590 0.921680410 0.000000000
J:/cr: 0.017894891 0.034038011 0.948067097
J:/rr: 0.000000000 0.999936159 0.000063841
JJ:/cc/: 0.000298176 0.999701824 0.000000000
JJ:/cc/cr: 0.999996382 0.000001809 0.000001809
JJ:/cc/rr: 0.000000000 0.990903233 0.009096767
JJ:/crc/: 0.927088884 0.072911116 0.000000000
JJ:/crc/cr: 0.999514243 0.000242879 0.000242879
JJ:/crc/rr: 0.000000000 0.999971348 0.000028652
JJ:/crrc/: 0.956705961 0.043294039 0.000000000
JJ:/crrc/cr: 0.998443963 0.000778019 0.000778019
JJ:/crrc/rr: 0.000000000 0.999947188 0.000052812
JJ:/rc/: 0.903615491 0.096384509 0.000000000
JJ:/rc/cr: 0.999558428 0.000220786 0.000220786
JJ:/rc/rr: 0.000000000 0.999964675 0.000035325
JJ:/rrc/: 0.996641142 0.003358858 0.000000000
JJ:/rrc/cr: 0.993664010 0.003167995 0.003167995
JJ:/rrc/rr: 0.000000000 0.999983985 0.000016015
JK:/cc/: 0.080206544 0.919793456 0.000000000
JK:/cc/cr: 0.000734270 0.000001966 0.999263764
JK:/cc/rr: 0.000000000 0.000033818 0.999966182
JK:/crc/: 0.051358257 0.948641743 0.000000000
JK:/crc/cr: 0.065287064 0.000018667 0.934694269
JK:/crc/rr: 0.000000000 0.000517206 0.999482794
JK:/crrc/: 0.999821255 0.000178745 0.000000000
JK:/crrc/cr: 0.479483385 0.188445223 0.332071393
JK:/crrc/rr: 0.000000000 0.000050534 0.999949466
JK:/rc/: 0.992406841 0.007593159 0.000000000
JK:/rc/cr: 0.887971600 0.002802566 0.109225834
JK:/rc/rr: 0.000000000 0.000032165 0.999967835
JK:/rrc/: 0.515770698 0.484229302 0.000000000
JK:/rrc/cr: 0.793863994 0.000021975 0.206114032
JK:/rrc/rr: 0.000000000 0.000030946 0.999969054
JQ:/cc/: 0.162737334 0.837262666 0.000000000
JQ:/cc/cr: 0.000005697 0.000002160 0.999992143
JQ:/cc/rr: 0.000000000 0.000016668 0.999983332
JQ:/crc/: 0.989181270 0.010818730 0.000000000
JQ:/crc/cr: 0.082330140 0.001636842 0.916033019
JQ:/crc/rr: 0.000000000 0.000026853 0.999973147
JQ:/crrc/: 0.045001101 0.954998899 0.000000000
JQ:/crrc/cr: 0.132512276 0.000035271 0.867452453
JQ:/crrc/rr: 0.000000000 0.001122758 0.998877242
JQ:/rc/: 0.995733586 0.004266414 0.000000000
JQ:/rc/cr: 0.004987872 0.004987872 0.990024255
JQ:/rc/rr: 0.000000000 0.000032057 0.999967943
JQ:/rrc/: 0.115619256 0.884380744 0.000000000
JQ:/rrc/cr: 0.000012032 0.000012032 0.999975936
JQ:/rrc/rr: 0.000000000 0.000138050 0.999861950
K:/: 0.754190615 0.245809385 0.000000000
K:/cr: 0.704615922 0.295370517 0.000013561
K:/rr: 0.000000000 0.999993370 0.000006630
KJ:/cc/: 0.000054178 0.999945822 0.000000000
KJ:/cc/cr: 0.000049468 0.000009382 0.999941150
KJ:/cc/rr: 0.000000000 0.812277199 0.187722801
KJ:/crc/: 0.000448112 0.999551888 0.000000000
KJ:/crc/cr: 0.000442054 0.999550291 0.000007655
KJ:/crc/rr: 0.000000000 0.974386634 0.025613366
KJ:/crrc/: 0.062192467 0.937807533 0.000000000
KJ:/crrc/cr: 0.006724614 0.987857374 0.005418012
KJ:/crrc/rr: 0.000000000 0.572870504 0.427129496
KJ:/rc/: 0.065520350 0.934479650 0.000000000
KJ:/rc/cr: 0.010102628 0.960097910 0.029799462
KJ:/rc/rr: 0.000000000 0.272329789 0.727670211
KJ:/rrc/: 0.098000761 0.901999239 0.000000000
KJ:/rrc/cr: 0.000001225 0.999809046 0.000189729
KJ:/rrc/rr: 0.000000000 0.647739014 0.352260986
KK:/cc/: 0.959209255 0.040790745 0.000000000
KK:/cc/cr: 0.999667556 0.000166222 0.000166222
KK:/cc/rr: 0.000000000 0.999989397 0.000010603
KK:/crc/: 0.150570657 0.849429343 0.000000000
KK:/crc/cr: 0.999981984 0.000009008 0.000009008
KK:/crc/rr: 0.000000000 0.999923772 0.000076228
KK:/crrc/: 0.986462471 0.013537529 0.000000000
KK:/crrc/cr: 0.999526121 0.000236939 0.000236939
KK:/crrc/rr: 0.000000000 0.999995123 0.000004877
KK:/rc/: 0.850512491 0.149487509 0.000000000
KK:/rc/cr: 0.999970434 0.000014783 0.000014783
KK:/rc/rr: 0.000000000 0.999996103 0.000003897
KK:/rrc/: 0.519795807 0.480204193 0.000000000
KK:/rrc/cr: 0.999995398 0.000002301 0.000002301
KK:/rrc/rr: 0.000000000 0.999996811 0.000003189
KQ:/cc/: 0.000057368 0.999942632 0.000000000
KQ:/cc/cr: 0.000047261 0.439952879 0.559999860
KQ:/cc/rr: 0.000000000 0.822714133 0.177285867
KQ:/crc/: 0.868105464 0.131894536 0.000000000
KQ:/crc/cr: 0.000408411 0.606787186 0.392804403
KQ:/crc/rr: 0.000000000 0.000026995 0.999973005
KQ:/crrc/: 0.007792397 0.992207603 0.000000000
KQ:/crrc/cr: 0.033801593 0.665004291 0.301194116
KQ:/crrc/rr: 0.000000000 0.091158326 0.908841674
KQ:/rc/: 0.000263306 0.999736694 0.000000000
KQ:/rc/cr: 0.000041408 0.492727644 0.507230948
KQ:/rc/rr: 0.000000000 0.122498913 0.877501087
KQ:/rrc/: 0.706554142 0.293445858 0.000000000
KQ:/rrc/cr: 0.036633932 0.825812578 0.137553490
KQ:/rrc/rr: 0.000000000 0.395444919 0.604555081
Q:/: 0.750007485 0.249992515 0.000000000
Q:/cr: 0.172544014 0.827053983 0.000402003
Q:/rr: 0.000000000 0.999993333 0.000006667
QJ:/cc/: 0.000020001 0.999979999 0.000000000
QJ:/cc/cr: 0.000013426 0.000006667 0.999979907
QJ:/cc/rr: 0.000000000 0.500000000 0.500000000
QJ:/crc/: 0.027576555 0.972423445 0.000000000
QJ:/crc/cr: 0.004657101 0.000002763 0.995340136
QJ:/crc/rr: 0.000000000 0.000512819 0.999487181
QJ:/crrc/: 0.007413134 0.992586866 0.000000000
QJ:/crrc/cr: 0.000165160 0.000012976 0.999821864
QJ:/crrc/rr: 0.000000000 0.002606093 0.997393907
QJ:/rc/: 0.008608546 0.991391454 0.000000000
QJ:/rc/cr: 0.000002241 0.000002241 0.999995517
QJ:/rc/rr: 0.000000000 0.000387208 0.999612792
QJ:/rrc/: 0.000003333 0.999996667 0.000000000
QJ:/rrc/cr: 0.000029314 0.000001111 0.999969575
QJ:/rrc/rr: 0.000000000 0.500000000 0.500000000
QK:/cc/: 0.555896187 0.444103813 0.000000000
QK:/cc/cr: 0.338929527 0.661040704 0.000029769
QK:/cc/rr: 0.000000000 0.999982010 0.000017990
QK:/crc/: 0.012534106 0.987465894 0.000000000
QK:/crc/cr: 0.000002721 0.552241898 0.447755381
QK:/crc/rr: 0.000000000 0.000321562 0.999678438
QK:/crrc/: 0.950717080 0.049282920 0.000000000
QK:/crrc/cr: 0.000429551 0.509953204 0.489617245
QK:/crrc/rr: 0.000000000 0.000549665 0.999450335
QK:/rc/: 0.445556891 0.554443109 0.000000000
QK:/rc/cr: 0.033293947 0.514364668 0.452341384
QK:/rc/rr: 0.000000000 0.197011458 0.802988542
QK:/rrc/: 0.117400863 0.882599137 0.000000000
QK:/rrc/cr: 0.000001259 0.304727455 0.695271286
QK:/rrc/rr: 0.000000000 0.000556642 0.999443358
QQ:/cc/: 0.480299113 0.519700887 0.000000000
QQ:/cc/cr: 0.999974343 0.000012828 0.000012828
QQ:/cc/rr: 0.000000000 0.999979179 0.000020821
QQ:/crc/: 0.987314337 0.012685663 0.000000000
QQ:/crc/cr: 0.999576373 0.000211813 0.000211813
QQ:/crc/rr: 0.000000000 0.999995918 0.000004082
QQ:/crrc/: 0.142315544 0.857684456 0.000000000
QQ:/crrc/cr: 0.999969967 0.000015017 0.000015017
QQ:/crrc/rr: 0.000000000 0.999864250 0.000135750
QQ:/rc/: 0.540935760 0.459064240 0.000000000
QQ:/rc/cr: 0.999990319 0.000004841 0.000004841
QQ:/rc/rr: 0.000000000 0.999993838 0.000006162
QQ:/rrc/: 0.974783003 0.025216997 0.000000000
QQ:/rrc/cr: 0.999911876 0.000044062 0.000044062
QQ:/rrc/rr: 0.000000000 0.999998290 0.000001710
