J:/c: 0.225092400 0.774907600 0.000000000
J:/crr: 0.000000000 0.999977787 0.000022213
J:/r: 0.052295624 0.143434754 0.804269622
JJ:/cc/c: 0.999993548 0.000006452 0.000000000
JJ:/cc/crr: 0.000000000 0.999996774 0.000003226
JJ:/cc/r: 0.999991397 0.000004302 0.000004302
JJ:/crc/c: 0.999977787 0.000022213 0.000000000
JJ:/crc/crr: 0.000000000 0.999988893 0.000011107
JJ:/crc/r: 0.999931276 0.000053915 0.000014809
JJ:/crrc/c: 0.999988893 0.000011107 0.000000000
JJ:/crrc/crr: 0.000000000 0.999994447 0.000005553
JJ:/crrc/r: 0.999945828 0.000046767 0.000007405
JJ:/rc/c: 0.999976761 0.000023239 0.000000000
JJ:/rc/crr: 0.000000000 0.999988380 0.000011620
JJ:/rc/r: 0.999969014 0.000015493 0.000015493
JJ:/rrc/c: 0.999936260 0.000063740 0.000000000
JJ:/rrc/crr: 0.000000000 0.999968128 0.000031872
JJ:/rrc/r: 0.999915013 0.000042493 0.000042493
JK:/cc/c: 0.007923762 0.992076238 0.000000000
JK:/cc/crr: 0.000000000 0.000407154 0.999592846
JK:/cc/r: 0.000004302 0.000004302 0.999991397
JK:/crc/c: 0.675868648 0.324131352 0.000000000
JK:/crc/crr: 0.000000000 0.000016433 0.999983567
JK:/crc/r: 0.000093317 0.000014809 0.999891874
JK:/crrc/c: 0.261611056 0.738388944 0.000000000
JK:/crrc/crr: 0.000000000 0.000021228 0.999978772
JK:/crrc/r: 0.206196900 0.000007405 0.793795696
JK:/rc/c: 0.526606886 0.473393114 0.000000000
JK:/rc/crr: 0.000000000 0.000022065 0.999977935
JK:/rc/r: 0.327227415 0.000015493 0.672757092
JK:/rrc/c: 0.999936260 0.000063740 0.000000000
JK:/rrc/crr: 0.000000000 0.000031872 0.999968128
JK:/rrc/r: 0.999915013 0.000042493 0.000042493
JQ:/cc/c: 0.073079265 0.926920735 0.000000000
JQ:/cc/crr: 0.000000000 0.000044146 0.999955854
JQ:/cc/r: 0.031758656 0.000004302 0.968237042
JQ:/crc/c: 0.741227308 0.258772692 0.000000000
JQ:/crc/crr: 0.000000000 0.000014984 0.999985016
JQ:/crc/r: 0.000076802 0.000014809 0.999908389
JQ:/crrc/c: 0.000011107 0.999988893 0.000000000
JQ:/crrc/crr: 0.000000000 0.500000000 0.500000000
JQ:/crrc/r: 0.330729447 0.000007405 0.669263148
JQ:/rc/c: 0.999963210 0.000036790 0.000000000
JQ:/rc/crr: 0.000000000 0.000011620 0.999988380
JQ:/rc/r: 0.000015493 0.000015493 0.999969014
JQ:/rrc/c: 0.000063740 0.999936260 0.000000000
JQ:/rrc/crr: 0.000000000 0.500000000 0.500000000
JQ:/rrc/r: 0.496527197 0.000042493 0.503430310
K:/c: 0.999990000 0.000010000 0.000000000
K:/crr: 0.000000000 0.999995000 0.000005000
K:/r: 0.580093743 0.419899590 0.000006667
KJ:/cc/c: 0.500000000 0.500000000 0.000000000
KJ:/cc/crr: 0.000000000 0.500000000 0.500000000
KJ:/cc/r: 0.333333333 0.333333333 0.333333333
KJ:/crc/c: 0.056467653 0.943532347 0.000000000
KJ:/crc/crr: 0.000000000 0.999955726 0.000044274
KJ:/crc/r: 0.000003333 0.995012012 0.004984655
KJ:/crrc/c: 0.489886232 0.510113768 0.000000000
KJ:/crrc/crr: 0.000000000 0.999997448 0.000002552
KJ:/crrc/r: 0.000091008 0.950881892 0.049027100
KJ:/rc/c: 0.449312548 0.550687452 0.000000000
KJ:/rc/crr: 0.000000000 0.999991166 0.000008834
KJ:/rc/r: 0.000013243 0.939162190 0.060824567
KJ:/rrc/c: 0.111499572 0.888500428 0.000000000
KJ:/rrc/crr: 0.000000000 0.999974232 0.000025768
KJ:/rrc/r: 0.000318686 0.964659745 0.035021569
KK:/cc/c: 0.500000000 0.500000000 0.000000000
KK:/cc/crr: 0.000000000 0.500000000 0.500000000
KK:/cc/r: 0.333333333 0.333333333 0.333333333
KK:/crc/c: 0.999995000 0.000005000 0.000000000
KK:/crc/crr: 0.000000000 0.999997500 0.000002500
KK:/crc/r: 0.993587945 0.006408722 0.000003333
KK:/crrc/c: 0.999997500 0.000002500 0.000000000
KK:/crrc/crr: 0.000000000 0.999998750 0.000001250
KK:/crrc/r: 0.996461773 0.003536560 0.000001667
KK:/rc/c: 0.999992062 0.000007938 0.000000000
KK:/rc/crr: 0.000000000 0.999996031 0.000003969
KK:/rc/r: 0.999942565 0.000052143 0.000005292
KK:/rrc/c: 0.999994254 0.000005746 0.000000000
KK:/rrc/crr: 0.000000000 0.999997127 0.000002873
KK:/rrc/r: 0.999615657 0.000380512 0.000003831
KQ:/cc/c: 0.500000000 0.500000000 0.000000000
KQ:/cc/crr: 0.000000000 0.500000000 0.500000000
KQ:/cc/r: 0.333333333 0.333333333 0.333333333
KQ:/crc/c: 0.000259052 0.999740948 0.000000000
KQ:/crc/crr: 0.000000000 0.990349337 0.009650663
KQ:/crc/r: 0.000006491 0.468889766 0.531103743
KQ:/crrc/c: 0.661012423 0.338987577 0.000000000
KQ:/crrc/crr: 0.000000000 0.455197252 0.544802748
KQ:/crrc/r: 0.000026827 0.608381457 0.391591716
KQ:/rc/c: 0.000007938 0.999992062 0.000000000
KQ:/rc/crr: 0.000000000 0.500000000 0.500000000
KQ:/rc/r: 0.000005292 0.342414134 0.657580573
KQ:/rrc/c: 0.404443722 0.595556278 0.000000000
KQ:/rrc/crr: 0.000000000 0.999992896 0.000007104
KQ:/rrc/r: 0.000232486 0.785675136 0.214092378
Q:/c: 0.827030681 0.172969319 0.000000000
Q:/crr: 0.000000000 0.999993954 0.000006046
Q:/r: 0.283189842 0.716771685 0.000038473
QJ:/cc/c: 0.000028907 0.999971093 0.000000000
QJ:/cc/crr: 0.000000000 0.500000000 0.500000000
QJ:/cc/r: 0.000019271 0.000019271 0.999961458
QJ:/crc/c: 0.311462160 0.688537840 0.000000000
QJ:/crc/crr: 0.000000000 0.000021696 0.999978304
QJ:/crc/r: 0.000004030 0.000004030 0.999991939
QJ:/crrc/c: 0.000003023 0.999996977 0.000000000
QJ:/crrc/crr: 0.000000000 0.500000000 0.500000000
QJ:/crrc/r: 0.000004041 0.000002015 0.999993944
QJ:/rc/c: 0.000004650 0.999995350 0.000000000
QJ:/rc/crr: 0.000000000 0.500000000 0.500000000
QJ:/rc/r: 0.000003100 0.000003100 0.999993799
QJ:/rrc/c: 0.000011771 0.999988229 0.000000000
QJ:/rrc/crr: 0.000000000 0.500000000 0.500000000
QJ:/rrc/r: 0.000007847 0.000007847 0.999984306
QK:/cc/c: 0.122285111 0.877714889 0.000000000
QK:/cc/crr: 0.000000000 0.999881805 0.000118195
QK:/cc/r: 0.000019271 0.717995771 0.281984958
QK:/crc/c: 0.381354651 0.618645349 0.000000000
QK:/crc/crr: 0.000000000 0.000007927 0.999992073
QK:/crc/r: 0.000004030 0.506237144 0.493758826
QK:/crrc/c: 0.000003023 0.999996977 0.000000000
QK:/crrc/crr: 0.000000000 0.500000000 0.500000000
QK:/crrc/r: 0.000002015 0.275061456 0.724936529
QK:/rc/c: 0.086052612 0.913947388 0.000000000
QK:/rc/crr: 0.000000000 0.000027021 0.999972979
QK:/rc/r: 0.000003515 0.290607528 0.709388957
QK:/rrc/c: 0.547502446 0.452497554 0.000000000
QK:/rrc/crr: 0.000000000 0.000010749 0.999989251
QK:/rrc/r: 0.000007847 0.375667641 0.624324511
QQ:/cc/c: 0.999971093 0.000028907 0.000000000
QQ:/cc/crr: 0.000000000 0.999985546 0.000014454
QQ:/cc/r: 0.999842279 0.000138450 0.000019271
QQ:/crc/c: 0.999993954 0.000006046 0.000000000
QQ:/crc/crr: 0.000000000 0.999996977 0.000003023
QQ:/crc/r: 0.999955131 0.000040839 0.000004030
QQ:/crrc/c: 0.999996977 0.000003023 0.000000000
QQ:/crrc/crr: 0.000000000 0.999998489 0.000001511
QQ:/crrc/r: 0.999922786 0.000075198 0.000002015
QQ:/rc/c: 0.999995350 0.000004650 0.000000000
QQ:/rc/crr: 0.000000000 0.999997675 0.000002325
QQ:/rc/r: 0.999990463 0.000006437 0.000003100
QQ:/rrc/c: 0.999988229 0.000011771 0.000000000
QQ:/rrc/crr: 0.000000000 0.999994115 0.000005885
QQ:/rrc/r: 0.999983817 0.000008336 0.000007847
