J:/: 0.075472984 0.924527016 0.000000000
J:/cr: 0.019052762 0.035479713 0.945467525
J:/rr: 0.000000000 0.999933751 0.000066249
JJ:/cc/: 0.000283988 0.999716012 0.000000000
JJ:/cc/cr: 0.999996394 0.000001803 0.000001803
JJ:/cc/rr: 0.000000000 0.990478176 0.009521824
JJ:/crc/: 0.968263174 0.031736826 0.000000000
JJ:/crc/cr: 0.998932681 0.000533660 0.000533660
JJ:/crc/rr: 0.000000000 0.999973762 0.000026238
JJ:/crrc/: 0.952786614 0.047213386 0.000000000
JJ:/crrc/cr: 0.998663974 0.000668013 0.000668013
JJ:/crrc/rr: 0.000000000 0.999950347 0.000049653
JJ:/rc/: 0.906192169 0.093807831 0.000000000
JJ:/rc/cr: 0.999529187 0.000235406 0.000235406
JJ:/rc/rr: 0.000000000 0.999963447 0.000036553
JJ:/rrc/: 0.999577926 0.000422074 0.000000000
JJ:/rrc/cr: 0.947676454 0.026161773 0.026161773
JJ:/rrc/rr: 0.000000000 0.999983430 0.000016570
JK:/cc/: 0.080038253 0.919961747 0.000000000
JK:/cc/cr: 0.000183888 0.000001960 0.999814152
JK:/cc/rr: 0.000000000 0.000033785 0.999966215
JK:/crc/: 0.052155099 0.947844901 0.000000000
JK:/crc/cr: 0.026655009 0.000017869 0.973327122
JK:/crc/rr: 0.000000000 0.000487105 0.999512895
JK:/crrc/: 0.999905383 0.000094617 0.000000000
JK:/crrc/cr: 0.333333333 0.333333333 0.333333333
JK:/crrc/rr: 0.000000000 0.000047313 0.999952687
JK:/rc/: 0.991257731 0.008742269 0.000000000
JK:/rc/cr: 0.994948004 0.002525998 0.002525998
JK:/rc/rr: 0.000000000 0.000033417 0.999966583
JK:/rrc/: 0.523979225 0.476020775 0.000000000
JK:/rrc/cr: 0.864111294 0.000023197 0.135865509
JK:/rrc/rr: 0.000000000 0.000031611 0.999968389
JQ:/cc/: 0.171460473 0.828539527 0.000000000
JQ:/cc/cr: 0.000002176 0.000002176 0.999995648
JQ:/cc/rr: 0.000000000 0.000015771 0.999984229
JQ:/crc/: 0.991476558 0.008523442 0.000000000
JQ:/crc/cr: 0.451185676 0.001987068 0.546827256
JQ:/crc/rr: 0.000000000 0.000025623 0.999974377
JQ:/crrc/: 0.028328599 0.971671401 0.000000000
JQ:/crrc/cr: 0.137950328 0.000032459 0.862017213
JQ:/crrc/rr: 0.000000000 0.001669999 0.998330001
JQ:/rc/: 0.996129051 0.003870949 0.000000000
JQ:/rc/cr: 0.005704792 0.005704792 0.988590416
JQ:/rc/rr: 0.000000000 0.000033253 0.999966747
JQ:/rrc/: 0.190047082 0.809952918 0.000000000
JQ:/rrc/cr: 0.000472451 0.000013633 0.999513915
JQ:/rrc/rr: 0.000000000 0.000087154 0.999912846
K:/: 0.747746569 0.252253431 0.000000000
K:/cr: 0.696074210 0.303912576 0.000013214
K:/rr: 0.000000000 0.999993313 0.000006687
KJ:/cc/: 0.000019821 0.999980179 0.000000000
KJ:/cc/cr: 0.000051225 0.000024646 0.999924129
KJ:/cc/rr: 0.000000000 0.500000000 0.500000000
KJ:/crc/: 0.000052232 0.999947768 0.000000000
KJ:/crc/cr: 0.000115154 0.999877599 0.000007247
KJ:/crc/rr: 0.000000000 0.791887985 0.208112015
KJ:/crrc/: 0.074321569 0.925678431 0.000000000
KJ:/crrc/cr: 0.001208191 0.996895383 0.001896426
KJ:/crrc/rr: 0.000000000 0.568782823 0.431217177
KJ:/rc/: 0.062533355 0.937466645 0.000000000
KJ:/rc/cr: 0.004456871 0.969462303 0.026080826
KJ:/rc/rr: 0.000000000 0.310932652 0.689067348
KJ:/rrc/: 0.082325825 0.917674175 0.000000000
KJ:/rrc/cr: 0.000047083 0.999951703 0.000001214
KJ:/rrc/rr: 0.000000000 0.531421546 0.468578454
KK:/cc/: 0.998413820 0.001586180 0.000000000
KK:/cc/cr: 0.991669153 0.004165423 0.004165423
KK:/cc/rr: 0.000000000 0.999990074 0.000009926
KK:/crc/: 0.114650543 0.885349457 0.000000000
KK:/crc/cr: 0.999983630 0.000008185 0.000008185
KK:/crc/rr: 0.000000000 0.999905189 0.000094811
KK:/crrc/: 0.995307477 0.004692523 0.000000000
KK:/crrc/cr: 0.998651477 0.000674262 0.000674262
KK:/crrc/rr: 0.000000000 0.999995232 0.000004768
KK:/rc/: 0.837595115 0.162404885 0.000000000
KK:/rc/cr: 0.999972551 0.000013724 0.000013724
KK:/rc/rr: 0.000000000 0.999996008 0.000003992
KK:/rrc/: 0.528075100 0.471924900 0.000000000
KK:/rrc/cr: 0.999995277 0.000002362 0.000002362
KK:/rrc/rr: 0.000000000 0.999996834 0.000003166
KQ:/cc/: 0.000282934 0.999717066 0.000000000
KQ:/cc/cr: 0.000040787 0.428062785 0.571896428
KQ:/cc/rr: 0.000000000 0.964971764 0.035028236
KQ:/crc/: 0.853419731 0.146580269 0.000000000
KQ:/crc/cr: 0.000355015 0.546258596 0.453386389
KQ:/crc/rr: 0.000000000 0.000019091 0.999980909
KQ:/crrc/: 0.009038341 0.990961659 0.000000000
KQ:/crrc/cr: 0.010043247 0.701766849 0.288189904
KQ:/crrc/rr: 0.000000000 0.004797580 0.995202420
KQ:/rc/: 0.000121272 0.999878728 0.000000000
KQ:/rc/cr: 0.000002747 0.485116779 0.514880474
KQ:/rc/rr: 0.000000000 0.576836689 0.423163311
KQ:/rrc/: 0.669243040 0.330756960 0.000000000
KQ:/rrc/cr: 0.026649368 0.894532125 0.078818507
KQ:/rrc/rr: 0.000000000 0.382800028 0.617199972
Q:/: 0.740703963 0.259296037 0.000000000
Q:/cr: 0.171252241 0.827710015 0.001037743
Q:/rr: 0.000000000 0.999993250 0.000006750
QJ:/cc/: 0.000019283 0.999980717 0.000000000
QJ:/cc/cr: 0.000006428 0.000006428 0.999987144
QJ:/cc/rr: 0.000000000 0.500000000 0.500000000
QJ:/crc/: 0.029710730 0.970289270 0.000000000
QJ:/crc/cr: 0.002569225 0.000002668 0.997428107
QJ:/crc/rr: 0.000000000 0.000130687 0.999869313
QJ:/crrc/: 0.017422882 0.982577118 0.000000000
QJ:/crrc/cr: 0.000121379 0.000012733 0.999865888
QJ:/crrc/rr: 0.000000000 0.001077126 0.998922874
QJ:/rc/: 0.009555031 0.990444969 0.000000000
QJ:/rc/cr: 0.000002272 0.000002272 0.999995456
QJ:/rc/rr: 0.000000000 0.000353235 0.999646765
QJ:/rrc/: 0.000003375 0.999996625 0.000000000
QJ:/rrc/cr: 0.000001125 0.000001125 0.999997750
QJ:/rrc/rr: 0.000000000 0.500000000 0.500000000
QK:/cc/: 0.471174464 0.528825536 0.000000000
QK:/cc/cr: 0.024077629 0.975898604 0.000023767
QK:/cc/rr: 0.000000000 0.999979537 0.000020463
QK:/crc/: 0.002641754 0.997358246 0.000000000
QK:/crc/cr: 0.000002667 0.541865778 0.458131555
QK:/crc/rr: 0.000000000 0.002277928 0.997722072
QK:/crrc/: 0.930666029 0.069333971 0.000000000
QK:/crrc/cr: 0.000389199 0.870406679 0.129204122
QK:/crrc/rr: 0.000000000 0.000557525 0.999442475
QK:/rc/: 0.451461734 0.548538266 0.000000000
QK:/rc/cr: 0.022354503 0.519470567 0.458174930
QK:/rc/rr: 0.000000000 0.207617138 0.792382862
QK:/rrc/: 0.122720149 0.877279851 0.000000000
QK:/rrc/cr: 0.000001516 0.297681002 0.702317482
QK:/rrc/rr: 0.000000000 0.000280565 0.999719435
QQ:/cc/: 0.469740338 0.530259662 0.000000000
QQ:/cc/cr: 0.999975757 0.000012122 0.000012122
QQ:/cc/rr: 0.000000000 0.999979475 0.000020525
QQ:/crc/: 0.986725220 0.013274780 0.000000000
QQ:/crc/cr: 0.999610008 0.000194996 0.000194996
QQ:/crc/rr: 0.000000000 0.999996065 0.000003935
QQ:/crrc/: 0.111024697 0.888975303 0.000000000
QQ:/crrc/cr: 0.999971853 0.000014074 0.000014074
QQ:/crrc/rr: 0.000000000 0.999830969 0.000169031
QQ:/rc/: 0.509787957 0.490212043 0.000000000
QQ:/rc/cr: 0.999988603 0.000006807 0.000004590
QQ:/rc/rr: 0.000000000 0.999993379 0.000006621
QQ:/rrc/: 0.983704544 0.016295456 0.000000000
QQ:/rrc/cr: 0.999861917 0.000069042 0.000069042
QQ:/rrc/rr: 0.000000000 0.999998284 0.000001716
