J:/c: 0.294475935 0.705524065 0.000000000
J:/crr: 0.000000000 0.999983021 0.000016979
J:/r: 0.055263476 0.127947384 0.816789140
JJ:/cc/c: 0.999992913 0.000007087 0.000000000
JJ:/cc/crr: 0.000000000 0.999996457 0.000003543
JJ:/cc/r: 0.999982617 0.000012658 0.000004725
JJ:/crc/c: 0.999983021 0.000016979 0.000000000
JJ:/crc/crr: 0.000000000 0.999991510 0.000008490
JJ:/crc/r: 0.999977361 0.000011320 0.000011320
JJ:/crrc/c: 0.999991510 0.000008490 0.000000000
JJ:/crrc/crr: 0.000000000 0.999995755 0.000004245
JJ:/crrc/r: 0.999988680 0.000005660 0.000005660
JJ:/rc/c: 0.999973948 0.000026052 0.000000000
JJ:/rc/crr: 0.000000000 0.999986973 0.000013027
JJ:/rc/r: 0.999962412 0.000020220 0.000017368
JJ:/rrc/c: 0.999939683 0.000060317 0.000000000
JJ:/rrc/crr: 0.000000000 0.999969840 0.000030160
JJ:/rrc/r: 0.999735685 0.000224104 0.000040211
JK:/cc/c: 0.008973181 0.991026819 0.000000000
JK:/cc/crr: 0.000000000 0.000394895 0.999605105
JK:/cc/r: 0.000012794 0.000004725 0.999982481
JK:/crc/c: 0.545561055 0.454438945 0.000000000
JK:/crc/crr: 0.000000000 0.000015561 0.999984439
JK:/crc/r: 0.072301165 0.000011320 0.927687516
JK:/crrc/c: 0.385919302 0.614080698 0.000000000
JK:/crrc/crr: 0.000000000 0.000010999 0.999989001
JK:/crrc/r: 0.206232960 0.000005660 0.793761380
JK:/rc/c: 0.382529520 0.617470480 0.000000000
JK:/rc/crr: 0.000000000 0.000034053 0.999965947
JK:/rc/r: 0.358649216 0.000017368 0.641333416
JK:/rrc/c: 0.999820476 0.000179524 0.000000000
JK:/rrc/crr: 0.000000000 0.000030164 0.999969836
JK:/rrc/r: 0.290190310 0.000043834 0.709765856
JQ:/cc/c: 0.068581635 0.931418365 0.000000000
JQ:/cc/crr: 0.000000000 0.000051668 0.999948332
JQ:/cc/r: 0.033718624 0.000004725 0.966276651
JQ:/crc/c: 0.488485723 0.511514277 0.000000000
JQ:/crc/crr: 0.000000000 0.000017380 0.999982620
JQ:/crc/r: 0.055537233 0.000011320 0.944451448
JQ:/crrc/c: 0.051994390 0.948005610 0.000000000
JQ:/crrc/crr: 0.000000000 0.000081642 0.999918358
JQ:/crrc/r: 0.150661711 0.000005660 0.849332629
JQ:/rc/c: 0.991255905 0.008744095 0.000000000
JQ:/rc/crr: 0.000000000 0.000013141 0.999986859
JQ:/rc/r: 0.000017368 0.000017368 0.999965263
JQ:/rrc/c: 0.012483164 0.987516836 0.000000000
JQ:/rrc/crr: 0.000000000 0.002415938 0.997584062
JQ:/rrc/r: 0.434704266 0.000040211 0.565255523
K:/c: 0.999927216 0.000072784 0.000000000
K:/crr: 0.000000000 0.999995000 0.000005000
K:/r: 0.581337522 0.418655812 0.000006667
KJ:/cc/c: 0.210168367 0.789831633 0.000000000
KJ:/cc/crr: 0.000000000 0.836569142 0.163430858
KJ:/cc/r: 0.233039982 0.093607579 0.673352439
KJ:/crc/c: 0.090260536 0.909739464 0.000000000
KJ:/crc/crr: 0.000000000 0.999972300 0.000027700
KJ:/crc/r: 0.000100350 0.725265989 0.274633660
KJ:/crrc/c: 0.275679898 0.724320102 0.000000000
KJ:/crrc/crr: 0.000000000 0.999995465 0.000004535
KJ:/crrc/r: 0.074166102 0.768680099 0.157153800
KJ:/rc/c: 0.482490059 0.517509941 0.000000000
KJ:/rc/crr: 0.000000000 0.831091369 0.168908631
KJ:/rc/r: 0.042076923 0.722728621 0.235194456
KJ:/rrc/c: 0.248976951 0.751023049 0.000000000
KJ:/rrc/crr: 0.000000000 0.991788748 0.008211252
KJ:/rrc/r: 0.042833791 0.880226431 0.076939777
KK:/cc/c: 0.931304007 0.068695993 0.000000000
KK:/cc/crr: 0.000000000 0.963118384 0.036881616
KK:/cc/r: 0.827235087 0.126967585 0.045797329
KK:/crc/c: 0.999995000 0.000005000 0.000000000
KK:/crc/crr: 0.000000000 0.999997500 0.000002500
KK:/crc/r: 0.679698055 0.320298611 0.000003334
KK:/crrc/c: 0.999997500 0.000002500 0.000000000
KK:/crrc/crr: 0.000000000 0.999998750 0.000001250
KK:/crrc/r: 0.999996666 0.000001667 0.000001667
KK:/rc/c: 0.999992038 0.000007962 0.000000000
KK:/rc/crr: 0.000000000 0.999996019 0.000003981
KK:/rc/r: 0.999979670 0.000015022 0.000005308
KK:/rrc/c: 0.999994266 0.000005734 0.000000000
KK:/rrc/crr: 0.000000000 0.999997133 0.000002867
KK:/rrc/r: 0.999977342 0.000018835 0.000003823
KQ:/cc/c: 0.352376011 0.647623989 0.000000000
KQ:/cc/crr: 0.000000000 0.902524589 0.097475411
KQ:/cc/r: 0.233822755 0.684669500 0.081507745
KQ:/crc/c: 0.128992203 0.871007797 0.000000000
KQ:/crc/crr: 0.000000000 0.059155372 0.940844628
KQ:/crc/r: 0.000084633 0.433795028 0.566120339
KQ:/crrc/c: 0.582757666 0.417242334 0.000000000
KQ:/crrc/crr: 0.000000000 0.469225872 0.530774128
KQ:/crrc/r: 0.000014518 0.745958741 0.254026741
KQ:/rc/c: 0.000630115 0.999369885 0.000000000
KQ:/rc/crr: 0.000000000 0.198631710 0.801368290
KQ:/rc/r: 0.000025178 0.302684342 0.697290480
KQ:/rrc/c: 0.531294913 0.468705087 0.000000000
KQ:/rrc/crr: 0.000000000 0.481970154 0.518029846
KQ:/rrc/r: 0.072307691 0.564096349 0.363595960
Q:/c: 0.840921279 0.159078721 0.000000000
Q:/crr: 0.000000000 0.999994054 0.000005946
Q:/r: 0.365146064 0.634690514 0.000163422
QJ:/cc/c: 0.000516281 0.999483719 0.000000000
QJ:/cc/crr: 0.000000000 0.030439772 0.969560228
QJ:/cc/r: 0.000047265 0.000020954 0.999931781
QJ:/crc/c: 0.448992834 0.551007166 0.000000000
QJ:/crc/crr: 0.000000000 0.000259577 0.999740423
QJ:/crc/r: 0.000003964 0.000003964 0.999992072
QJ:/crrc/c: 0.000130152 0.999869848 0.000000000
QJ:/crrc/crr: 0.000000000 0.011421067 0.988578933
QJ:/crrc/r: 0.004540274 0.000001982 0.995457744
QJ:/rc/c: 0.000152030 0.999847970 0.000000000
QJ:/rc/crr: 0.000000000 0.017272540 0.982727460
QJ:/rc/r: 0.017747670 0.000003501 0.982248829
QJ:/rrc/c: 0.000354880 0.999645120 0.000000000
QJ:/rrc/crr: 0.000000000 0.012861750 0.987138250
QJ:/rrc/r: 0.000083442 0.000008636 0.999907922
QK:/cc/c: 0.310999227 0.689000773 0.000000000
QK:/cc/crr: 0.000000000 0.999949468 0.000050532
QK:/cc/r: 0.000236539 0.731189814 0.268573647
QK:/crc/c: 0.311237889 0.688762111 0.000000000
QK:/crc/crr: 0.000000000 0.016904160 0.983095840
QK:/crc/r: 0.000372711 0.441347507 0.558279782
QK:/crrc/c: 0.133518482 0.866481518 0.000000000
QK:/crrc/crr: 0.000000000 0.001953159 0.998046841
QK:/crrc/r: 0.000078035 0.276712121 0.723209844
QK:/rc/c: 0.365873817 0.634126183 0.000000000
QK:/rc/crr: 0.000000000 0.018539729 0.981460271
QK:/rc/r: 0.000010178 0.306961783 0.693028039
QK:/rrc/c: 0.428909742 0.571090258 0.000000000
QK:/rrc/crr: 0.000000000 0.056853852 0.943146148
QK:/rrc/r: 0.000088085 0.515367231 0.484544684
QQ:/cc/c: 0.999968569 0.000031431 0.000000000
QQ:/cc/crr: 0.000000000 0.999984284 0.000015716
QQ:/cc/r: 0.999921581 0.000057465 0.000020954
QQ:/crc/c: 0.999994054 0.000005946 0.000000000
QQ:/crc/crr: 0.000000000 0.999997027 0.000002973
QQ:/crc/r: 0.866248691 0.133747345 0.000003964
QQ:/crrc/c: 0.999997027 0.000002973 0.000000000
QQ:/crrc/crr: 0.000000000 0.999998514 0.000001486
QQ:/crrc/r: 0.999996036 0.000001982 0.000001982
QQ:/rc/c: 0.999994748 0.000005252 0.000000000
QQ:/rc/crr: 0.000000000 0.999997374 0.000002626
QQ:/rc/r: 0.999992622 0.000003876 0.000003501
QQ:/rrc/c: 0.999990871 0.000009129 0.000000000
QQ:/rrc/crr: 0.000000000 0.999995436 0.000004564
QQ:/rrc/r: 0.999957748 0.000036166 0.000006086
