J:/: 0.077754325 0.922245675 0.000000000
J:/cr: 0.018948437 0.034205439 0.946846125
J:/rr: 0.000000000 0.999935695 0.000064305
JJ:/cc/: 0.000256094 0.999743906 0.000000000
JJ:/cc/cr: 0.999993527 0.000004666 0.000001808
JJ:/cc/rr: 0.000000000 0.989414919 0.010585081
JJ:/crc/: 0.997152617 0.002847383 0.000000000
JJ:/crc/cr: 0.987629995 0.006185003 0.006185003
JJ:/crc/rr: 0.000000000 0.999973508 0.000026492
JJ:/crrc/: 0.930203454 0.069796546 0.000000000
JJ:/crrc/cr: 0.999089031 0.000455484 0.000455484
JJ:/crrc/rr: 0.000000000 0.999948735 0.000051265
JJ:/rc/: 0.911423785 0.088576215 0.000000000
JJ:/rc/cr: 0.999516009 0.000241995 0.000241995
JJ:/rc/rr: 0.000000000 0.999964723 0.000035277
JJ:/rrc/: 0.999447752 0.000552248 0.000000000
JJ:/rrc/cr: 0.961183353 0.019408324 0.019408324
JJ:/rrc/rr: 0.000000000 0.999983914 0.000016086
JK:/cc/: 0.081182692 0.918817308 0.000000000
JK:/cc/cr: 0.000001967 0.000001967 0.999996066
JK:/cc/rr: 0.000000000 0.000033391 0.999966609
JK:/crc/: 0.036261891 0.963738109 0.000000000
JK:/crc/cr: 0.030461931 0.000018274 0.969519796
JK:/crc/rr: 0.000000000 0.000728495 0.999271505
JK:/crrc/: 0.999904626 0.000095374 0.000000000
JK:/crrc/cr: 0.333333333 0.333333333 0.333333333
JK:/crrc/rr: 0.000000000 0.000047691 0.999952309
JK:/rc/: 0.996493192 0.003506808 0.000000000
JK:/rc/cr: 0.987775186 0.006112407 0.006112407
JK:/rc/rr: 0.000000000 0.000032266 0.999967734
JK:/rrc/: 0.506179055 0.493820945 0.000000000
JK:/rrc/cr: 0.793211369 0.000021705 0.206766927
JK:/rrc/rr: 0.000000000 0.000031762 0.999968238
JQ:/cc/: 0.178612620 0.821387380 0.000000000
JQ:/cc/cr: 0.000002200 0.000002200 0.999995600
JQ:/cc/rr: 0.000000000 0.000015177 0.999984823
JQ:/crc/: 0.995811037 0.004188963 0.000000000
JQ:/crc/cr: 0.004204159 0.004204159 0.991591681
JQ:/crc/rr: 0.000000000 0.000026528 0.999973472
JQ:/crrc/: 0.027285432 0.972714568 0.000000000
JQ:/crrc/cr: 0.147376752 0.000032683 0.852590565
JQ:/crrc/rr: 0.000000000 0.001747704 0.998252296
JQ:/rc/: 0.999935695 0.000064305 0.000000000
JQ:/rc/cr: 0.333333333 0.333333333 0.333333333
JQ:/rc/rr: 0.000000000 0.000032155 0.999967845
JQ:/rrc/: 0.138217845 0.861782155 0.000000000
JQ:/rrc/cr: 0.000012437 0.000012437 0.999975125
JQ:/rrc/rr: 0.000000000 0.000116319 0.999883681
K:/: 0.753311644 0.246688356 0.000000000
K:/cr: 0.689190244 0.310796244 0.000013512
K:/rr: 0.000000000 0.999993363 0.000006637
KJ:/cc/: 0.000020268 0.999979732 0.000000000
KJ:/cc/cr: 0.000048841 0.000027041 0.999924117
KJ:/cc/rr: 0.000000000 0.500000000 0.500000000
KJ:/crc/: 0.000051025 0.999948975 0.000000000
KJ:/crc/cr: 0.000029426 0.999963328 0.000007246
KJ:/crc/rr: 0.000000000 0.786983995 0.213016005
KJ:/crrc/: 0.076974885 0.923025115 0.000000000
KJ:/crrc/cr: 0.003980547 0.989184197 0.006835256
KJ:/crrc/rr: 0.000000000 0.454575408 0.545424592
KJ:/rc/: 0.072497624 0.927502376 0.000000000
KJ:/rc/cr: 0.003300375 0.975180452 0.021519173
KJ:/rc/rr: 0.000000000 0.324139367 0.675860633
KJ:/rrc/: 0.089398789 0.910601211 0.000000000
KJ:/rrc/cr: 0.000001215 0.999955151 0.000043634
KJ:/rrc/rr: 0.000000000 0.604140023 0.395859977
KK:/cc/: 0.999096423 0.000903577 0.000000000
KK:/cc/cr: 0.985045744 0.007477128 0.007477128
KK:/cc/rr: 0.000000000 0.999989857 0.000010143
KK:/crc/: 0.113884131 0.886115869 0.000000000
KK:/crc/cr: 0.999983645 0.000008177 0.000008177
KK:/crc/rr: 0.000000000 0.999904560 0.000095440
KK:/crrc/: 0.990557415 0.009442585 0.000000000
KK:/crrc/cr: 0.999307884 0.000346058 0.000346058
KK:/crrc/rr: 0.000000000 0.999995052 0.000004948
KK:/rc/: 0.847096732 0.152903268 0.000000000
KK:/rc/cr: 0.999971061 0.000014470 0.000014470
KK:/rc/rr: 0.000000000 0.999996082 0.000003918
KK:/rrc/: 0.521209628 0.478790372 0.000000000
KK:/rrc/cr: 0.999995379 0.000002310 0.000002310
KK:/rrc/rr: 0.000000000 0.999996816 0.000003184
KQ:/cc/: 0.000053698 0.999946302 0.000000000
KQ:/cc/cr: 0.000038232 0.457400633 0.542561135
KQ:/cc/rr: 0.000000000 0.811273162 0.188726838
KQ:/crc/: 0.887505899 0.112494101 0.000000000
KQ:/crc/cr: 0.000064413 0.679003105 0.320932482
KQ:/crc/rr: 0.000000000 0.000083795 0.999916205
KQ:/crrc/: 0.004570497 0.995429503 0.000000000
KQ:/crrc/cr: 0.017131340 0.716544307 0.266324354
KQ:/crrc/rr: 0.000000000 0.066650174 0.933349826
KQ:/rc/: 0.000006637 0.999993363 0.000000000
KQ:/rc/cr: 0.000011034 0.486347327 0.513641639
KQ:/rc/rr: 0.000000000 0.500000000 0.500000000
KQ:/rrc/: 0.701550099 0.298449901 0.000000000
KQ:/rrc/cr: 0.028286228 0.860828629 0.110885144
KQ:/rrc/rr: 0.000000000 0.388909971 0.611090029
Q:/: 0.752171369 0.247828631 0.000000000
Q:/cr: 0.148815456 0.850842348 0.000342196
Q:/rr: 0.000000000 0.999993353 0.000006647
QJ:/cc/: 0.000020175 0.999979825 0.000000000
QJ:/cc/cr: 0.000006725 0.000006725 0.999986550
QJ:/cc/rr: 0.000000000 0.500000000 0.500000000
QJ:/crc/: 0.031740114 0.968259886 0.000000000
QJ:/crc/cr: 0.000153567 0.000002721 0.999843712
QJ:/crc/rr: 0.000000000 0.000124512 0.999875488
QJ:/crrc/: 0.004987073 0.995012927 0.000000000
QJ:/crrc/cr: 0.000021163 0.000015139 0.999963698
QJ:/crrc/rr: 0.000000000 0.004530786 0.995469214
QJ:/rc/: 0.008169056 0.991830944 0.000000000
QJ:/rc/cr: 0.000002234 0.000002234 0.999995532
QJ:/rc/rr: 0.000000000 0.000406866 0.999593134
QJ:/rrc/: 0.000003324 0.999996676 0.000000000
QJ:/rrc/cr: 0.000001108 0.000001108 0.999997784
QJ:/rrc/rr: 0.000000000 0.500000000 0.500000000
QK:/cc/: 0.362049096 0.637950904 0.000000000
QK:/cc/cr: 0.103066251 0.896920911 0.000012838
QK:/cc/rr: 0.000000000 0.999972137 0.000027863
QK:/crc/: 0.000009049 0.999990951 0.000000000
QK:/crc/cr: 0.000003369 0.554653559 0.445343073
QK:/crc/rr: 0.000000000 0.563263111 0.436736889
QK:/crrc/: 0.970846133 0.029153867 0.000000000
QK:/crrc/cr: 0.000718776 0.548957535 0.450323689
QK:/crrc/rr: 0.000000000 0.000610696 0.999389304
QK:/rc/: 0.442953358 0.557046642 0.000000000
QK:/rc/cr: 0.043171101 0.511167552 0.445661347
QK:/rc/rr: 0.000000000 0.195536982 0.804463018
QK:/rrc/: 0.126693833 0.873306167 0.000000000
QK:/rrc/cr: 0.000001269 0.303211379 0.696787352
QK:/rrc/rr: 0.000000000 0.000210103 0.999789897
QQ:/cc/: 0.541104769 0.458895231 0.000000000
QQ:/cc/cr: 0.999970690 0.000014655 0.000014655
QQ:/cc/rr: 0.000000000 0.999981357 0.000018643
QQ:/crc/: 0.992362663 0.007637337 0.000000000
QQ:/crc/cr: 0.999310054 0.000344973 0.000344973
QQ:/crc/rr: 0.000000000 0.999996018 0.000003982
QQ:/crrc/: 0.097911888 0.902088112 0.000000000
QQ:/crrc/cr: 0.999966603 0.000016699 0.000016699
QQ:/crrc/rr: 0.000000000 0.999769228 0.000230772
QQ:/rc/: 0.524209168 0.475790832 0.000000000
QQ:/rc/cr: 0.999990196 0.000005147 0.000004657
QQ:/rc/rr: 0.000000000 0.999993660 0.000006340
QQ:/rrc/: 0.973680252 0.026319748 0.000000000
QQ:/rrc/cr: 0.999915811 0.000042094 0.000042094
QQ:/rrc/rr: 0.000000000 0.999998293 0.000001707
