J:/c: 0.291390153 0.708609847 0.000000000
J:/crr: 0.000000000 0.999982841 0.000017159
J:/r: 0.054970991 0.128248795 0.816780214
JJ:/cc/c: 0.999992944 0.000007056 0.000000000
JJ:/cc/crr: 0.000000000 0.999996472 0.000003528
JJ:/cc/r: 0.999982696 0.000012600 0.000004704
JJ:/crc/c: 0.999982841 0.000017159 0.000000000
JJ:/crc/crr: 0.000000000 0.999991420 0.000008580
JJ:/crc/r: 0.999977121 0.000011439 0.000011439
JJ:/crrc/c: 0.999991420 0.000008580 0.000000000
JJ:/crrc/crr: 0.000000000 0.999995710 0.000004290
JJ:/crrc/r: 0.999988560 0.000005720 0.000005720
JJ:/rc/c: 0.999974009 0.000025991 0.000000000
JJ:/rc/crr: 0.000000000 0.999987004 0.000012996
JJ:/rc/r: 0.999964270 0.000018403 0.000017327
JJ:/rrc/c: 0.999939362 0.000060638 0.000000000
JJ:/rrc/crr: 0.000000000 0.999969679 0.000030321
JJ:/rrc/r: 0.999732551 0.000227023 0.000040425
JK:/cc/c: 0.007088969 0.992911031 0.000000000
JK:/cc/crr: 0.000000000 0.000497680 0.999502320
JK:/cc/r: 0.000010362 0.000004704 0.999984934
JK:/crc/c: 0.536376781 0.463623219 0.000000000
JK:/crc/crr: 0.000000000 0.000015995 0.999984005
JK:/crc/r: 0.126520637 0.000011439 0.873467923
JK:/crrc/c: 0.326025701 0.673974299 0.000000000
JK:/crrc/crr: 0.000000000 0.000013158 0.999986842
JK:/crrc/r: 0.145546978 0.000005720 0.854447302
JK:/rc/c: 0.375275387 0.624724613 0.000000000
JK:/rc/crr: 0.000000000 0.000034629 0.999965371
JK:/rc/r: 0.361331748 0.000017327 0.638650925
JK:/rrc/c: 0.999749354 0.000250646 0.000000000
JK:/rrc/crr: 0.000000000 0.000030327 0.999969673
JK:/rrc/r: 0.304341586 0.000044994 0.695613421
JQ:/cc/c: 0.072061502 0.927938498 0.000000000
JQ:/cc/crr: 0.000000000 0.000048959 0.999951041
JQ:/cc/r: 0.038073132 0.000004704 0.961922164
JQ:/crc/c: 0.631253713 0.368746287 0.000000000
JQ:/crc/crr: 0.000000000 0.000013591 0.999986409
JQ:/crc/r: 0.042821371 0.000011439 0.957167190
JQ:/crrc/c: 0.083610528 0.916389472 0.000000000
JQ:/crrc/crr: 0.000000000 0.000051308 0.999948692
JQ:/crrc/r: 0.240874529 0.000005720 0.759119751
JQ:/rc/c: 0.991893576 0.008106424 0.000000000
JQ:/rc/crr: 0.000000000 0.000013102 0.999986898
JQ:/rc/r: 0.000017327 0.000017327 0.999965345
JQ:/rrc/c: 0.015338882 0.984661118 0.000000000
JQ:/rrc/crr: 0.000000000 0.001976612 0.998023388
JQ:/rrc/r: 0.503614032 0.000041513 0.496344455
K:/c: 0.999930193 0.000069807 0.000000000
K:/crr: 0.000000000 0.999995000 0.000005000
K:/r: 0.581557589 0.418435744 0.000006667
KJ:/cc/c: 0.221933345 0.778066655 0.000000000
KJ:/cc/crr: 0.000000000 0.838631271 0.161368729
KJ:/cc/r: 0.240364212 0.096452712 0.663183075
KJ:/crc/c: 0.104813235 0.895186765 0.000000000
KJ:/crc/crr: 0.000000000 0.999976146 0.000023854
KJ:/crc/r: 0.000107962 0.762881152 0.237010887
KJ:/crrc/c: 0.318609263 0.681390737 0.000000000
KJ:/crrc/crr: 0.000000000 0.999996076 0.000003924
KJ:/crrc/r: 0.025424772 0.847836347 0.126738880
KJ:/rc/c: 0.453566175 0.546433825 0.000000000
KJ:/rc/crr: 0.000000000 0.860789293 0.139210707
KJ:/rc/r: 0.052987047 0.723627905 0.223385047
KJ:/rrc/c: 0.372573725 0.627426275 0.000000000
KJ:/rrc/crr: 0.000000000 0.997883392 0.002116608
KJ:/rrc/r: 0.048763240 0.898800870 0.052435890
KK:/cc/c: 0.928373796 0.071626204 0.000000000
KK:/cc/crr: 0.000000000 0.961423834 0.038576166
KK:/cc/r: 0.826453384 0.125795814 0.047750802
KK:/crc/c: 0.999995000 0.000005000 0.000000000
KK:/crc/crr: 0.000000000 0.999997500 0.000002500
KK:/crc/r: 0.775302274 0.224694393 0.000003334
KK:/crrc/c: 0.999997500 0.000002500 0.000000000
KK:/crrc/crr: 0.000000000 0.999998750 0.000001250
KK:/crrc/r: 0.999996666 0.000001667 0.000001667
KK:/rc/c: 0.999992034 0.000007966 0.000000000
KK:/rc/crr: 0.000000000 0.999996017 0.000003983
KK:/rc/r: 0.999979783 0.000014906 0.000005311
KK:/rrc/c: 0.999994268 0.000005732 0.000000000
KK:/rrc/crr: 0.000000000 0.999997134 0.000002866
KK:/rrc/r: 0.999977511 0.000018668 0.000003821
KQ:/cc/c: 0.369060424 0.630939576 0.000000000
KQ:/cc/crr: 0.000000000 0.902961414 0.097038586
KQ:/cc/r: 0.241444421 0.671424025 0.087131554
KQ:/crc/c: 0.258406486 0.741593514 0.000000000
KQ:/crc/crr: 0.000000000 0.005447011 0.994552989
KQ:/crc/r: 0.000085268 0.441157920 0.558756812
KQ:/crrc/c: 0.540552066 0.459447934 0.000000000
KQ:/crrc/crr: 0.000000000 0.384234212 0.615765788
KQ:/crrc/r: 0.000014111 0.617405604 0.382580285
KQ:/rc/c: 0.000240609 0.999759391 0.000000000
KQ:/rc/crr: 0.000000000 0.376013335 0.623986665
KQ:/rc/r: 0.000025009 0.306793394 0.693181597
KQ:/rrc/c: 0.507781181 0.492218819 0.000000000
KQ:/rrc/crr: 0.000000000 0.506738401 0.493261599
KQ:/rrc/r: 0.048515924 0.591598092 0.359885984
Q:/c: 0.850206500 0.149793500 0.000000000
Q:/crr: 0.000000000 0.999994119 0.000005881
Q:/r: 0.365700528 0.634250073 0.000049399
QJ:/cc/c: 0.000687094 0.999312906 0.000000000
QJ:/cc/crr: 0.000000000 0.024290197 0.975709803
QJ:/cc/r: 0.000049012 0.000022253 0.999928735
QJ:/crc/c: 0.429959129 0.570040871 0.000000000
QJ:/crc/crr: 0.000000000 0.000434475 0.999565525
QJ:/crc/r: 0.000009486 0.000003921 0.999986593
QJ:/crrc/c: 0.000132310 0.999867690 0.000000000
QJ:/crrc/crr: 0.000000000 0.011112067 0.988887933
QJ:/crrc/r: 0.042006070 0.000001960 0.957991969
QJ:/rc/c: 0.000181000 0.999819000 0.000000000
QJ:/rc/crr: 0.000000000 0.014518089 0.985481911
QJ:/rc/r: 0.010282885 0.000003597 0.989713518
QJ:/rrc/c: 0.000297040 0.999702960 0.000000000
QJ:/rrc/crr: 0.000000000 0.015342923 0.984657077
QJ:/rrc/r: 0.000088075 0.000010331 0.999901594
QK:/cc/c: 0.036375197 0.963624803 0.000000000
QK:/cc/crr: 0.000000000 0.999541181 0.000458819
QK:/cc/r: 0.000158473 0.738392775 0.261448752
QK:/crc/c: 0.342899142 0.657100858 0.000000000
QK:/crc/crr: 0.000000000 0.005074526 0.994925474
QK:/crc/r: 0.000384293 0.420604970 0.579010738
QK:/crrc/c: 0.280449622 0.719550378 0.000000000
QK:/crrc/crr: 0.000000000 0.000888032 0.999111968
QK:/crrc/r: 0.000063727 0.301974266 0.697962007
QK:/rc/c: 0.370736683 0.629263317 0.000000000
QK:/rc/crr: 0.000000000 0.008635925 0.991364075
QK:/rc/r: 0.000005967 0.307604915 0.692389119
QK:/rrc/c: 0.419332726 0.580667274 0.000000000
QK:/rrc/crr: 0.000000000 0.068325495 0.931674505
QK:/rrc/r: 0.000089568 0.511404637 0.488505795
QQ:/cc/c: 0.999966621 0.000033379 0.000000000
QQ:/cc/crr: 0.000000000 0.999983310 0.000016690
QQ:/cc/r: 0.999916929 0.000060818 0.000022253
QQ:/crc/c: 0.999994119 0.000005881 0.000000000
QQ:/crc/crr: 0.000000000 0.999997060 0.000002940
QQ:/crc/r: 0.871176869 0.128819211 0.000003921
QQ:/crrc/c: 0.999997060 0.000002940 0.000000000
QQ:/crrc/crr: 0.000000000 0.999998530 0.000001470
QQ:/crrc/r: 0.999996079 0.000001960 0.000001960
QQ:/rc/c: 0.999994744 0.000005256 0.000000000
QQ:/rc/crr: 0.000000000 0.999997372 0.000002628
QQ:/rc/r: 0.999992775 0.000003721 0.000003504
QQ:/rrc/c: 0.999990885 0.000009115 0.000000000
QQ:/rrc/crr: 0.000000000 0.999995442 0.000004558
QQ:/rrc/r: 0.999957067 0.000036856 0.000006077
