J:/c: 0.315790036 0.684209964 0.000000000
J:/crr: 0.000000000 0.999984167 0.000015833
J:/r: 0.054201969 0.119786427 0.826011604
JJ:/cc/c: 0.999992692 0.000007308 0.000000000
JJ:/cc/crr: 0.000000000 0.999996346 0.000003654
JJ:/cc/r: 0.999990256 0.000004872 0.000004872
JJ:/crc/c: 0.999984167 0.000015833 0.000000000
JJ:/crc/crr: 0.000000000 0.999992083 0.000007917
JJ:/crc/r: 0.999753516 0.000235929 0.000010556
JJ:/crrc/c: 0.999992083 0.000007917 0.000000000
JJ:/crrc/crr: 0.000000000 0.999996042 0.000003958
JJ:/crrc/r: 0.999950628 0.000044094 0.000005278
JJ:/rc/c: 0.999972173 0.000027827 0.000000000
JJ:/rc/crr: 0.000000000 0.999986086 0.000013914
JJ:/rc/r: 0.999962897 0.000018552 0.000018552
JJ:/rrc/c: 0.999938502 0.000061498 0.000000000
JJ:/rrc/crr: 0.000000000 0.999969249 0.000030751
JJ:/rrc/r: 0.999918002 0.000040999 0.000040999
JK:/cc/c: 0.002522547 0.997477453 0.000000000
JK:/cc/crr: 0.000000000 0.001448476 0.998551524
JK:/cc/r: 0.000004872 0.000004872 0.999990256
JK:/crc/c: 0.505888971 0.494111029 0.000000000
JK:/crc/crr: 0.000000000 0.000015649 0.999984351
JK:/crc/r: 0.165857680 0.000010556 0.834131765
JK:/crrc/c: 0.306701093 0.693298907 0.000000000
JK:/crrc/crr: 0.000000000 0.000012906 0.999987094
JK:/crrc/r: 0.189588254 0.000005278 0.810406468
JK:/rc/c: 0.388617560 0.611382440 0.000000000
JK:/rc/crr: 0.000000000 0.000035803 0.999964197
JK:/rc/r: 0.369907979 0.000018552 0.630073470
JK:/rrc/c: 0.999938502 0.000061498 0.000000000
JK:/rrc/crr: 0.000000000 0.000030751 0.999969249
JK:/rrc/r: 0.347705893 0.000040999 0.652253108
JQ:/cc/c: 0.073198484 0.926801516 0.000000000
JQ:/cc/crr: 0.000000000 0.000049917 0.999950083
JQ:/cc/r: 0.036471385 0.000004872 0.963523743
JQ:/crc/c: 0.415988004 0.584011996 0.000000000
JQ:/crc/crr: 0.000000000 0.000019031 0.999980969
JQ:/crc/r: 0.000073011 0.000010556 0.999916434
JQ:/crrc/c: 0.024096510 0.975903490 0.000000000
JQ:/crrc/crr: 0.000000000 0.000164272 0.999835728
JQ:/crrc/r: 0.245179984 0.000005278 0.754814738
JQ:/rc/c: 0.999899095 0.000100905 0.000000000
JQ:/rc/crr: 0.000000000 0.000013915 0.999986085
JQ:/rc/r: 0.000018552 0.000018552 0.999962897
JQ:/rrc/c: 0.281103825 0.718896175 0.000000000
JQ:/rrc/crr: 0.000000000 0.000109387 0.999890613
JQ:/rrc/r: 0.599537004 0.000040999 0.400421997
K:/c: 0.999990000 0.000010000 0.000000000
K:/crr: 0.000000000 0.999995000 0.000005000
K:/r: 0.600359346 0.399633987 0.000006667
KJ:/cc/c: 0.500000000 0.500000000 0.000000000
KJ:/cc/crr: 0.000000000 0.500000000 0.500000000
KJ:/cc/r: 0.333333333 0.333333333 0.333333333
KJ:/crc/c: 0.080116642 0.919883358 0.000000000
KJ:/crc/crr: 0.000000000 0.999968795 0.000031205
KJ:/crc/r: 0.000003333 0.900098120 0.099898547
KJ:/crrc/c: 0.334610545 0.665389455 0.000000000
KJ:/crrc/crr: 0.000000000 0.999996264 0.000003736
KJ:/crrc/r: 0.000007769 0.999986096 0.000006135
KJ:/rc/c: 0.416185151 0.583814849 0.000000000
KJ:/rc/crr: 0.000000000 0.999989979 0.000010021
KJ:/rc/r: 0.000020191 0.999974249 0.000005561
KJ:/rrc/c: 0.097494844 0.902505156 0.000000000
KJ:/rrc/crr: 0.000000000 0.999971526 0.000028474
KJ:/rrc/r: 0.036313963 0.963682336 0.000003701
KK:/cc/c: 0.500000000 0.500000000 0.000000000
KK:/cc/crr: 0.000000000 0.500000000 0.500000000
KK:/cc/r: 0.333333333 0.333333333 0.333333333
KK:/crc/c: 0.999995000 0.000005000 0.000000000
KK:/crc/crr: 0.000000000 0.999997500 0.000002500
KK:/crc/r: 0.999734728 0.000261938 0.000003333
KK:/crrc/c: 0.999997500 0.000002500 0.000000000
KK:/crrc/crr: 0.000000000 0.999998750 0.000001250
KK:/crrc/r: 0.999898564 0.000099769 0.000001667
KK:/rc/c: 0.999991659 0.000008341 0.000000000
KK:/rc/crr: 0.000000000 0.999995829 0.000004171
KK:/rc/r: 0.999968338 0.000026102 0.000005561
KK:/rrc/c: 0.999994448 0.000005552 0.000000000
KK:/rrc/crr: 0.000000000 0.999997224 0.000002776
KK:/rrc/r: 0.999775092 0.000221207 0.000003701
KQ:/cc/c: 0.500000000 0.500000000 0.000000000
KQ:/cc/crr: 0.000000000 0.500000000 0.500000000
KQ:/cc/r: 0.333333333 0.333333333 0.333333333
KQ:/crc/c: 0.267386978 0.732613022 0.000000000
KQ:/crc/crr: 0.000000000 0.000857974 0.999142026
KQ:/crc/r: 0.000013187 0.476722838 0.523263976
KQ:/crrc/c: 0.633051416 0.366948584 0.000000000
KQ:/crrc/crr: 0.000000000 0.419273386 0.580726614
KQ:/crrc/r: 0.000085557 0.738751034 0.261163409
KQ:/rc/c: 0.000008341 0.999991659 0.000000000
KQ:/rc/crr: 0.000000000 0.500000000 0.500000000
KQ:/rc/r: 0.000007407 0.303034601 0.696957992
KQ:/rrc/c: 0.366529491 0.633470509 0.000000000
KQ:/rrc/crr: 0.000000000 0.989900249 0.010099751
KQ:/rrc/r: 0.035950623 0.585308659 0.378740718
Q:/c: 0.847983872 0.152016128 0.000000000
Q:/crr: 0.000000000 0.999994104 0.000005896
Q:/r: 0.401364817 0.598586982 0.000048201
QJ:/cc/c: 0.000032891 0.999967109 0.000000000
QJ:/cc/crr: 0.000000000 0.500000000 0.500000000
QJ:/cc/r: 0.000021927 0.000021927 0.999956145
QJ:/crc/c: 0.421931968 0.578068032 0.000000000
QJ:/crc/crr: 0.000000000 0.009614125 0.990385875
QJ:/crc/r: 0.000003931 0.000003931 0.999992138
QJ:/crrc/c: 0.000002948 0.999997052 0.000000000
QJ:/crrc/crr: 0.000000000 0.500000000 0.500000000
QJ:/crrc/r: 0.000001965 0.000001965 0.999996069
QJ:/rc/c: 0.000005569 0.999994431 0.000000000
QJ:/rc/crr: 0.000000000 0.500000000 0.500000000
QJ:/rc/r: 0.000003712 0.000003712 0.999992575
QJ:/rrc/c: 0.000008305 0.999991695 0.000000000
QJ:/rrc/crr: 0.000000000 0.500000000 0.500000000
QJ:/rrc/r: 0.000005537 0.000005537 0.999988927
QK:/cc/c: 0.068437565 0.931562435 0.000000000
QK:/cc/crr: 0.000000000 0.999759699 0.000240301
QK:/cc/r: 0.000021927 0.761013863 0.238964209
QK:/crc/c: 0.357139719 0.642860281 0.000000000
QK:/crc/crr: 0.000000000 0.000524249 0.999475751
QK:/crc/r: 0.000028540 0.418984598 0.580986862
QK:/crrc/c: 0.288801446 0.711198554 0.000000000
QK:/crrc/crr: 0.000000000 0.000340173 0.999659827
QK:/crrc/r: 0.000012652 0.308479434 0.691507914
QK:/rc/c: 0.372637583 0.627362417 0.000000000
QK:/rc/crr: 0.000000000 0.000007472 0.999992528
QK:/rc/r: 0.000003712 0.302272547 0.697723741
QK:/rrc/c: 0.435603272 0.564396728 0.000000000
QK:/rrc/crr: 0.000000000 0.079005039 0.920994961
QK:/rrc/r: 0.000005537 0.513284546 0.486709917
QQ:/cc/c: 0.999967109 0.000032891 0.000000000
QQ:/cc/crr: 0.000000000 0.999983554 0.000016446
QQ:/cc/r: 0.997509317 0.002468755 0.000021927
QQ:/crc/c: 0.999994104 0.000005896 0.000000000
QQ:/crc/crr: 0.000000000 0.999997052 0.000002948
QQ:/crc/r: 0.999930240 0.000065829 0.000003931
QQ:/crrc/c: 0.999997052 0.000002948 0.000000000
QQ:/crrc/crr: 0.000000000 0.999998526 0.000001474
QQ:/crrc/r: 0.999981139 0.000016895 0.000001965
QQ:/rc/c: 0.999994431 0.000005569 0.000000000
QQ:/rc/crr: 0.000000000 0.999997216 0.000002784
QQ:/rc/r: 0.999992575 0.000003712 0.000003712
QQ:/rrc/c: 0.999991695 0.000008305 0.000000000
QQ:/rrc/crr: 0.000000000 0.999995847 0.000004153
QQ:/rrc/r: 0.999985781 0.000008682 0.000005537
