J:/: 0.075609447 0.924390553 0.000000000
J:/cr: 0.017178731 0.035223345 0.947597923
J:/rr: 0.000000000 0.999933871 0.000066129
JJ:/cc/: 0.000247161 0.999752839 0.000000000
JJ:/cc/cr: 0.999996393 0.000001803 0.000001803
JJ:/cc/rr: 0.000000000 0.989057812 0.010942188
JJ:/crc/: 0.941808662 0.058191338 0.000000000
JJ:/crc/cr: 0.999413574 0.000293213 0.000293213
JJ:/crc/rr: 0.000000000 0.999972825 0.000027175
JJ:/crrc/: 0.988772862 0.011227138 0.000000000
JJ:/crrc/cr: 0.993767793 0.003116103 0.003116103
JJ:/crrc/rr: 0.000000000 0.999946927 0.000053073
JJ:/rc/: 0.934553595 0.065446405 0.000000000
JJ:/rc/cr: 0.999326377 0.000336811 0.000336811
JJ:/rc/rr: 0.000000000 0.999964620 0.000035380
JJ:/rrc/: 0.999826377 0.000173623 0.000000000
JJ:/rrc/cr: 0.873031876 0.063484062 0.063484062
JJ:/rrc/rr: 0.000000000 0.999983464 0.000016536
JK:/cc/: 0.082142532 0.917857468 0.000000000
JK:/cc/cr: 0.000001964 0.000001964 0.999996071
JK:/cc/rr: 0.000000000 0.000032924 0.999967076
JK:/crc/: 0.048691476 0.951308524 0.000000000
JK:/crc/cr: 0.009966774 0.000017936 0.990015291
JK:/crc/rr: 0.000000000 0.000525629 0.999474371
JK:/crrc/: 0.999895045 0.000104955 0.000000000
JK:/crrc/cr: 0.333333333 0.333333333 0.333333333
JK:/crrc/rr: 0.000000000 0.000052483 0.999947517
JK:/rc/: 0.999933871 0.000066129 0.000000000
JK:/rc/cr: 0.333333333 0.333333333 0.333333333
JK:/rc/rr: 0.000000000 0.000033067 0.999966933
JK:/rrc/: 0.546482125 0.453517875 0.000000000
JK:/rrc/cr: 0.924049026 0.000024304 0.075926670
JK:/rrc/rr: 0.000000000 0.000030254 0.999969746
JQ:/cc/: 0.180149643 0.819850357 0.000000000
JQ:/cc/cr: 0.000002199 0.000002199 0.999995602
JQ:/cc/rr: 0.000000000 0.000015012 0.999984988
JQ:/crc/: 0.998454734 0.001545266 0.000000000
JQ:/crc/cr: 0.011041753 0.011041753 0.977916494
JQ:/crc/rr: 0.000000000 0.000025633 0.999974367
JQ:/crrc/: 0.018095484 0.981904516 0.000000000
JQ:/crrc/cr: 0.157507403 0.000035630 0.842456968
JQ:/crrc/rr: 0.000000000 0.002900027 0.997099973
JQ:/rc/: 0.999366651 0.000633349 0.000000000
JQ:/rc/cr: 0.034804012 0.034804012 0.930391977
JQ:/rc/rr: 0.000000000 0.000033086 0.999966914
JQ:/rrc/: 0.130486096 0.869513904 0.000000000
JQ:/rrc/cr: 0.000012676 0.000012676 0.999974647
JQ:/rrc/rr: 0.000000000 0.000126706 0.999873294
K:/: 0.758140921 0.241859079 0.000000000
K:/cr: 0.685648238 0.314337980 0.000013782
K:/rr: 0.000000000 0.999993405 0.000006595
KJ:/cc/: 0.000020673 0.999979327 0.000000000
KJ:/cc/cr: 0.000048081 0.000025298 0.999926622
KJ:/cc/rr: 0.000000000 0.500000000 0.500000000
KJ:/crc/: 0.000050949 0.999949051 0.000000000
KJ:/crc/cr: 0.000031827 0.999960865 0.000007308
KJ:/crc/rr: 0.000000000 0.784857849 0.215142151
KJ:/crrc/: 0.021213515 0.978786485 0.000000000
KJ:/crrc/cr: 0.000247610 0.998250774 0.001501616
KJ:/crrc/rr: 0.000000000 0.435317699 0.564682301
KJ:/rc/: 0.066448593 0.933551407 0.000000000
KJ:/rc/cr: 0.003931910 0.978403561 0.017664529
KJ:/rc/rr: 0.000000000 0.336229535 0.663770465
KJ:/rrc/: 0.085687560 0.914312440 0.000000000
KJ:/rrc/cr: 0.000044837 0.999953960 0.000001202
KJ:/rrc/rr: 0.000000000 0.502012889 0.497987111
KK:/cc/: 0.999239648 0.000760352 0.000000000
KK:/cc/cr: 0.981874018 0.009062991 0.009062991
KK:/cc/rr: 0.000000000 0.999989656 0.000010344
KK:/crc/: 0.107633369 0.892366631 0.000000000
KK:/crc/cr: 0.999983622 0.000008189 0.000008189
KK:/crc/rr: 0.000000000 0.999898161 0.000101839
KK:/crrc/: 0.997916042 0.002083958 0.000000000
KK:/crrc/cr: 0.996784824 0.001607588 0.001607588
KK:/crrc/rr: 0.000000000 0.999994964 0.000005036
KK:/rc/: 0.819096653 0.180903347 0.000000000
KK:/rc/cr: 0.999975696 0.000012152 0.000012152
KK:/rc/rr: 0.000000000 0.999995974 0.000004026
KK:/rrc/: 0.531699368 0.468300632 0.000000000
KK:/rrc/cr: 0.999995306 0.000002347 0.000002347
KK:/rrc/rr: 0.000000000 0.999996899 0.000003101
KQ:/cc/: 0.000053639 0.999946361 0.000000000
KQ:/cc/cr: 0.000037553 0.444883632 0.555078815
KQ:/cc/rr: 0.000000000 0.807294478 0.192705522
KQ:/crc/: 0.884586812 0.115413188 0.000000000
KQ:/crc/cr: 0.000390136 0.672097887 0.327511976
KQ:/crc/rr: 0.000000000 0.000041953 0.999958047
KQ:/crrc/: 0.006956656 0.993043344 0.000000000
KQ:/crrc/cr: 0.012230778 0.688168495 0.299600727
KQ:/crrc/rr: 0.000000000 0.287290908 0.712709092
KQ:/rc/: 0.000006595 0.999993405 0.000000000
KQ:/rc/cr: 0.000010832 0.488030019 0.511959149
KQ:/rc/rr: 0.000000000 0.500000000 0.500000000
KQ:/rrc/: 0.706417857 0.293582143 0.000000000
KQ:/rrc/cr: 0.023164135 0.930312832 0.046523033
KQ:/rrc/rr: 0.000000000 0.387244101 0.612755899
Q:/: 0.745624902 0.254375098 0.000000000
Q:/cr: 0.156713957 0.843027892 0.000258151
Q:/rr: 0.000000000 0.999993294 0.000006706
QJ:/cc/: 0.000019656 0.999980344 0.000000000
QJ:/cc/cr: 0.000006552 0.000006552 0.999986896
QJ:/cc/rr: 0.000000000 0.500000000 0.500000000
QJ:/crc/: 0.028942779 0.971057221 0.000000000
QJ:/crc/cr: 0.001109314 0.000002668 0.998888018
QJ:/crc/rr: 0.000000000 0.000134265 0.999865735
QJ:/crrc/: 0.049823103 0.950176897 0.000000000
QJ:/crrc/cr: 0.000061905 0.000014667 0.999923428
QJ:/crrc/rr: 0.000000000 0.000419571 0.999580429
QJ:/rc/: 0.010047618 0.989952382 0.000000000
QJ:/rc/cr: 0.000002258 0.000002258 0.999995484
QJ:/rc/rr: 0.000000000 0.000333700 0.999666300
QJ:/rrc/: 0.000003353 0.999996647 0.000000000
QJ:/rrc/cr: 0.000001118 0.000001118 0.999997765
QJ:/rrc/rr: 0.000000000 0.500000000 0.500000000
QK:/cc/: 0.355630577 0.644369423 0.000000000
QK:/cc/cr: 0.051057584 0.948927818 0.000014598
QK:/cc/rr: 0.000000000 0.999972365 0.000027635
QK:/crc/: 0.000429874 0.999570126 0.000000000
QK:/crc/cr: 0.000004092 0.565008364 0.434987544
QK:/crc/rr: 0.000000000 0.009039839 0.990960161
QK:/crrc/: 0.950564492 0.049435508 0.000000000
QK:/crrc/cr: 0.000391295 0.888332723 0.111275981
QK:/crrc/rr: 0.000000000 0.000574239 0.999425761
QK:/rc/: 0.441478535 0.558521465 0.000000000
QK:/rc/cr: 0.000154236 0.533323866 0.466521898
QK:/rc/rr: 0.000000000 0.214148380 0.785851620
QK:/rrc/: 0.121725289 0.878274711 0.000000000
QK:/rrc/cr: 0.000001273 0.295126036 0.704872692
QK:/rrc/rr: 0.000000000 0.000362710 0.999637290
QQ:/cc/: 0.525450819 0.474549181 0.000000000
QQ:/cc/cr: 0.999972386 0.000013807 0.000013807
QQ:/cc/rr: 0.000000000 0.999981296 0.000018704
QQ:/crc/: 0.990987038 0.009012962 0.000000000
QQ:/crc/cr: 0.999425125 0.000287438 0.000287438
QQ:/crc/rr: 0.000000000 0.999996079 0.000003921
QQ:/crrc/: 0.072554670 0.927445330 0.000000000
QQ:/crrc/cr: 0.999969947 0.000015026 0.000015026
QQ:/crrc/rr: 0.000000000 0.999711882 0.000288118
QQ:/rc/: 0.508578128 0.491421872 0.000000000
QQ:/rc/cr: 0.999990256 0.000005195 0.000004549
QQ:/rc/rr: 0.000000000 0.999993407 0.000006593
QQ:/rrc/: 0.990754896 0.009245104 0.000000000
QQ:/rrc/cr: 0.999758221 0.000120890 0.000120890
QQ:/rrc/rr: 0.000000000 0.999998308 0.000001692
