J:/c: 0.311877383 0.688122617 0.000000000
J:/crr: 0.000000000 0.999983968 0.000016032
J:/r: 0.055233378 0.125876788 0.818889834
JJ:/cc/c: 0.999992734 0.000007266 0.000000000
JJ:/cc/crr: 0.000000000 0.999996367 0.000003633
JJ:/cc/r: 0.999990312 0.000004844 0.000004844
JJ:/crc/c: 0.999983968 0.000016032 0.000000000
JJ:/crc/crr: 0.000000000 0.999991984 0.000008016
JJ:/crc/r: 0.999607643 0.000381669 0.000010688
JJ:/crrc/c: 0.999991984 0.000008016 0.000000000
JJ:/crrc/crr: 0.000000000 0.999995992 0.000004008
JJ:/crrc/r: 0.999960698 0.000033957 0.000005344
JJ:/rc/c: 0.999973519 0.000026481 0.000000000
JJ:/rc/crr: 0.000000000 0.999986759 0.000013241
JJ:/rc/r: 0.999964692 0.000017654 0.000017654
JJ:/rrc/c: 0.999939650 0.000060350 0.000000000
JJ:/rrc/crr: 0.000000000 0.999969823 0.000030177
JJ:/rrc/r: 0.999919533 0.000040233 0.000040233
JK:/cc/c: 0.002464261 0.997535739 0.000000000
JK:/cc/crr: 0.000000000 0.001474305 0.998525695
JK:/cc/r: 0.000004844 0.000004844 0.999990312
JK:/crc/c: 0.492279368 0.507720632 0.000000000
JK:/crc/crr: 0.000000000 0.000016283 0.999983717
JK:/crc/r: 0.003528168 0.000010688 0.996461144
JK:/crrc/c: 0.442675457 0.557324543 0.000000000
JK:/crrc/crr: 0.000000000 0.000009054 0.999990946
JK:/crrc/r: 0.140439594 0.000005344 0.859555062
JK:/rc/c: 0.359825864 0.640174136 0.000000000
JK:/rc/crr: 0.000000000 0.000036797 0.999963203
JK:/rc/r: 0.359993709 0.000017654 0.639988637
JK:/rrc/c: 0.999939650 0.000060350 0.000000000
JK:/rrc/crr: 0.000000000 0.000030177 0.999969823
JK:/rrc/r: 0.312352146 0.000040233 0.687607621
JQ:/cc/c: 0.074084409 0.925915591 0.000000000
JQ:/cc/crr: 0.000000000 0.000049040 0.999950960
JQ:/cc/r: 0.031285785 0.000004844 0.968709371
JQ:/crc/c: 0.556576761 0.443423239 0.000000000
JQ:/crc/crr: 0.000000000 0.000014402 0.999985598
JQ:/crc/r: 0.000053734 0.000010688 0.999935578
JQ:/crrc/c: 0.061693483 0.938306517 0.000000000
JQ:/crrc/crr: 0.000000000 0.000064967 0.999935033
JQ:/crrc/r: 0.191224337 0.000005344 0.808770319
JQ:/rc/c: 0.999560934 0.000439066 0.000000000
JQ:/rc/crr: 0.000000000 0.000013246 0.999986754
JQ:/rc/r: 0.000017654 0.000017654 0.999964692
JQ:/rrc/c: 0.013520138 0.986479862 0.000000000
JQ:/rrc/crr: 0.000000000 0.002231855 0.997768145
JQ:/rrc/r: 0.497870169 0.000040233 0.502089598
K:/c: 0.999990000 0.000010000 0.000000000
K:/crr: 0.000000000 0.999995000 0.000005000
K:/r: 0.589456584 0.410536749 0.000006667
KJ:/cc/c: 0.500000000 0.500000000 0.000000000
KJ:/cc/crr: 0.000000000 0.500000000 0.500000000
KJ:/cc/r: 0.333333333 0.333333333 0.333333333
KJ:/crc/c: 0.109394697 0.890605303 0.000000000
KJ:/crc/crr: 0.000000000 0.999977147 0.000022853
KJ:/crc/r: 0.000017994 0.757495456 0.242486550
KJ:/crrc/c: 0.320815812 0.679184188 0.000000000
KJ:/crrc/crr: 0.000000000 0.728139426 0.271860574
KJ:/crrc/r: 0.000152197 0.948315317 0.051532486
KJ:/rc/c: 0.426957248 0.573042752 0.000000000
KJ:/rc/crr: 0.000000000 0.999990491 0.000009509
KJ:/rc/r: 0.000442974 0.955689510 0.043867515
KJ:/rrc/c: 0.164339817 0.835660183 0.000000000
KJ:/rrc/crr: 0.000000000 0.999982795 0.000017205
KJ:/rrc/r: 0.048241506 0.910469210 0.041289285
KK:/cc/c: 0.500000000 0.500000000 0.000000000
KK:/cc/crr: 0.000000000 0.500000000 0.500000000
KK:/cc/r: 0.333333333 0.333333333 0.333333333
KK:/crc/c: 0.999995000 0.000005000 0.000000000
KK:/crc/crr: 0.000000000 0.999997500 0.000002500
KK:/crc/r: 0.973512930 0.026483737 0.000003333
KK:/crrc/c: 0.999997500 0.000002500 0.000000000
KK:/crrc/crr: 0.000000000 0.999998750 0.000001250
KK:/crrc/r: 0.999888084 0.000110249 0.000001667
KK:/rc/c: 0.999991881 0.000008119 0.000000000
KK:/rc/crr: 0.000000000 0.999995940 0.000004060
KK:/rc/r: 0.999977322 0.000017265 0.000005413
KK:/rrc/c: 0.999994345 0.000005655 0.000000000
KK:/rrc/crr: 0.000000000 0.999997173 0.000002827
KK:/rrc/r: 0.997062811 0.002933419 0.000003770
KQ:/cc/c: 0.500000000 0.500000000 0.000000000
KQ:/cc/crr: 0.000000000 0.500000000 0.500000000
KQ:/cc/r: 0.333333333 0.333333333 0.333333333
KQ:/crc/c: 0.000207545 0.999792455 0.000000000
KQ:/crc/crr: 0.000000000 0.202070510 0.797929490
KQ:/crc/r: 0.000014169 0.436120339 0.563865492
KQ:/crrc/c: 0.568152389 0.431847611 0.000000000
KQ:/crrc/crr: 0.000000000 0.372976660 0.627023340
KQ:/crrc/r: 0.000034663 0.673688530 0.326276807
KQ:/rc/c: 0.000008881 0.999991119 0.000000000
KQ:/rc/crr: 0.000000000 0.542891588 0.457108412
KQ:/rc/r: 0.000010545 0.304410097 0.695579358
KQ:/rrc/c: 0.531590054 0.468409946 0.000000000
KQ:/rrc/crr: 0.000000000 0.481312484 0.518687516
KQ:/rrc/r: 0.050117703 0.602105142 0.347777155
Q:/c: 0.847505629 0.152494371 0.000000000
Q:/crr: 0.000000000 0.999994100 0.000005900
Q:/r: 0.370889394 0.629071461 0.000039145
QJ:/cc/c: 0.000127487 0.999872513 0.000000000
QJ:/cc/crr: 0.000000000 0.128593940 0.871406060
QJ:/cc/r: 0.000021859 0.000021859 0.999956283
QJ:/crc/c: 0.396177059 0.603822941 0.000000000
QJ:/crc/crr: 0.000000000 0.000061407 0.999938593
QJ:/crc/r: 0.000003933 0.000003933 0.999992134
QJ:/crrc/c: 0.000002950 0.999997050 0.000000000
QJ:/crrc/crr: 0.000000000 0.500000000 0.500000000
QJ:/crrc/r: 0.001518697 0.000001967 0.998479336
QJ:/rc/c: 0.000005299 0.999994701 0.000000000
QJ:/rc/crr: 0.000000000 0.500000000 0.500000000
QJ:/rc/r: 0.000003533 0.000003533 0.999992935
QJ:/rrc/c: 0.000008987 0.999991013 0.000000000
QJ:/rrc/crr: 0.000000000 0.500000000 0.500000000
QJ:/rrc/r: 0.000028600 0.000005992 0.999965409
QK:/cc/c: 0.017840508 0.982159492 0.000000000
QK:/cc/crr: 0.000000000 0.999081077 0.000918923
QK:/cc/r: 0.000063293 0.718894995 0.281041712
QK:/crc/c: 0.359716958 0.640283042 0.000000000
QK:/crc/crr: 0.000000000 0.000922875 0.999077125
QK:/crc/r: 0.000025587 0.513497115 0.486477298
QK:/crrc/c: 0.000283534 0.999716466 0.000000000
QK:/crrc/crr: 0.000000000 0.994798059 0.005201941
QK:/crrc/r: 0.000021320 0.298969751 0.701008929
QK:/rc/c: 0.384297996 0.615702004 0.000000000
QK:/rc/crr: 0.000000000 0.013702834 0.986297166
QK:/rc/r: 0.000004247 0.319306377 0.680689376
QK:/rrc/c: 0.437613122 0.562386878 0.000000000
QK:/rrc/crr: 0.000000000 0.043242631 0.956757369
QK:/rrc/r: 0.000053747 0.505045386 0.494900867
QQ:/cc/c: 0.999967212 0.000032788 0.000000000
QQ:/cc/crr: 0.000000000 0.999983605 0.000016395
QQ:/cc/r: 0.998397434 0.001580707 0.000021859
QQ:/crc/c: 0.999994100 0.000005900 0.000000000
QQ:/crc/crr: 0.000000000 0.999997050 0.000002950
QQ:/crc/r: 0.999954175 0.000041892 0.000003933
QQ:/crrc/c: 0.999997050 0.000002950 0.000000000
QQ:/crrc/crr: 0.000000000 0.999998525 0.000001475
QQ:/crrc/r: 0.999597993 0.000400040 0.000001967
QQ:/rc/c: 0.999994701 0.000005299 0.000000000
QQ:/rc/crr: 0.000000000 0.999997351 0.000002649
QQ:/rc/r: 0.999992581 0.000003886 0.000003533
QQ:/rrc/c: 0.999991013 0.000008987 0.000000000
QQ:/rrc/crr: 0.000000000 0.999995506 0.000004494
QQ:/rrc/r: 0.999965545 0.000028463 0.000005992
