J:/: 0.071669733 0.928330267 0.000000000
J:/cr: 0.019389535 0.030966130 0.949644334
J:/rr: 0.000000000 0.999930236 0.000069764
JJ:/cc/: 0.000268441 0.999731559 0.000000000
JJ:/cc/cr: 0.999996408 0.000001796 0.000001796
JJ:/cc/rr: 0.000000000 0.989967984 0.010032016
JJ:/crc/: 0.959590511 0.040409489 0.000000000
JJ:/crc/cr: 0.999043501 0.000478250 0.000478250
JJ:/crc/rr: 0.000000000 0.999969791 0.000030209
JJ:/crrc/: 0.974966432 0.025033568 0.000000000
JJ:/crrc/cr: 0.997534160 0.001232920 0.001232920
JJ:/crrc/rr: 0.000000000 0.999952515 0.000047485
JJ:/rc/: 0.910788153 0.089211847 0.000000000
JJ:/rc/cr: 0.999478661 0.000260670 0.000260670
JJ:/rc/rr: 0.000000000 0.999961701 0.000038299
JJ:/rrc/: 0.998138925 0.001861075 0.000000000
JJ:/rrc/cr: 0.987503757 0.006248122 0.006248122
JJ:/rrc/rr: 0.000000000 0.999982525 0.000017475
JK:/cc/: 0.077679231 0.922320769 0.000000000
JK:/cc/cr: 0.000001947 0.000001947 0.999996107
JK:/cc/rr: 0.000000000 0.000034668 0.999965332
JK:/crc/: 0.048117324 0.951882676 0.000000000
JK:/crc/cr: 0.005329892 0.000020303 0.994649805
JK:/crc/rr: 0.000000000 0.000602459 0.999397541
JK:/crrc/: 0.999907407 0.000092593 0.000000000
JK:/crrc/cr: 0.333333333 0.333333333 0.333333333
JK:/crrc/rr: 0.000000000 0.000046301 0.999953699
JK:/rc/: 0.998569897 0.001430103 0.000000000
JK:/rc/cr: 0.967478129 0.016260935 0.016260935
JK:/rc/rr: 0.000000000 0.000034932 0.999965068
JK:/rrc/: 0.551745266 0.448254734 0.000000000
JK:/rrc/cr: 0.945303693 0.000025941 0.054670366
JK:/rrc/rr: 0.000000000 0.000031613 0.999968387
JQ:/cc/: 0.152569927 0.847430073 0.000000000
JQ:/cc/cr: 0.000002119 0.000002119 0.999995763
JQ:/cc/rr: 0.000000000 0.000017651 0.999982349
JQ:/crc/: 0.992243586 0.007756414 0.000000000
JQ:/crc/cr: 0.342373310 0.002491593 0.655135097
JQ:/crc/rr: 0.000000000 0.000029215 0.999970785
JQ:/crrc/: 0.027815511 0.972184489 0.000000000
JQ:/crrc/cr: 0.142942695 0.000031747 0.857025558
JQ:/crrc/rr: 0.000000000 0.001664416 0.998335584
JQ:/rc/: 0.997021495 0.002978505 0.000000000
JQ:/rc/cr: 0.007807547 0.007807547 0.984384905
JQ:/rc/rr: 0.000000000 0.000034986 0.999965014
JQ:/rrc/: 0.153493130 0.846506870 0.000000000
JQ:/rrc/cr: 0.000013737 0.000013737 0.999972527
JQ:/rrc/rr: 0.000000000 0.000113636 0.999886364
K:/: 0.749065996 0.250934004 0.000000000
K:/cr: 0.726019284 0.273967432 0.000013284
K:/rr: 0.000000000 0.999993325 0.000006675
KJ:/cc/: 0.000046566 0.999953434 0.000000000
KJ:/cc/cr: 0.000047325 0.000010607 0.999942068
KJ:/cc/rr: 0.000000000 0.786051670 0.213948330
KJ:/crc/: 0.000126682 0.999873318 0.000000000
KJ:/crc/cr: 0.000034817 0.999957101 0.000008082
KJ:/crc/rr: 0.000000000 0.904314965 0.095685035
KJ:/crrc/: 0.050161359 0.949838641 0.000000000
KJ:/crrc/cr: 0.000869491 0.996714133 0.002416377
KJ:/crrc/rr: 0.000000000 0.538826172 0.461173828
KJ:/rc/: 0.055832252 0.944167748 0.000000000
KJ:/rc/cr: 0.008111271 0.963101974 0.028786755
KJ:/rc/rr: 0.000000000 0.340176331 0.659823669
KJ:/rrc/: 0.090278785 0.909721215 0.000000000
KJ:/rrc/cr: 0.000577356 0.999275971 0.000146674
KJ:/rrc/rr: 0.000000000 0.629401973 0.370598027
KK:/cc/: 0.999723170 0.000276830 0.000000000
KK:/cc/cr: 0.952014996 0.023992502 0.023992502
KK:/cc/rr: 0.000000000 0.999990034 0.000009966
KK:/crc/: 0.134786153 0.865213847 0.000000000
KK:/crc/cr: 0.999981320 0.000009340 0.000009340
KK:/crc/rr: 0.000000000 0.999910068 0.000089932
KK:/crrc/: 0.997166565 0.002833435 0.000000000
KK:/crrc/cr: 0.997847532 0.001076234 0.001076234
KK:/crrc/rr: 0.000000000 0.999995413 0.000004587
KK:/rc/: 0.805094693 0.194905307 0.000000000
KK:/rc/cr: 0.999977168 0.000011416 0.000011416
KK:/rc/rr: 0.000000000 0.999995855 0.000004145
KK:/rrc/: 0.516130450 0.483869550 0.000000000
KK:/rrc/cr: 0.999995402 0.000002299 0.000002299
KK:/rrc/rr: 0.000000000 0.999996767 0.000003233
KQ:/cc/: 0.000053602 0.999946398 0.000000000
KQ:/cc/cr: 0.000040506 0.442088871 0.557870623
KQ:/cc/rr: 0.000000000 0.814132954 0.185867046
KQ:/crc/: 0.878467826 0.121532174 0.000000000
KQ:/crc/cr: 0.000450251 0.500363234 0.499186514
KQ:/crc/rr: 0.000000000 0.000027342 0.999972658
KQ:/crrc/: 0.012311924 0.987688076 0.000000000
KQ:/crrc/cr: 0.023052938 0.680347136 0.296599926
KQ:/crrc/rr: 0.000000000 0.237904854 0.762095146
KQ:/rc/: 0.000112742 0.999887258 0.000000000
KQ:/rc/cr: 0.000020569 0.475113987 0.524865443
KQ:/rc/rr: 0.000000000 0.101777999 0.898222001
KQ:/rrc/: 0.717725970 0.282274030 0.000000000
KQ:/rrc/cr: 0.023232093 0.847314540 0.129453367
KQ:/rrc/rr: 0.000000000 0.387064818 0.612935182
Q:/: 0.763330817 0.236669183 0.000000000
Q:/cr: 0.189690396 0.809906005 0.000403600
Q:/rr: 0.000000000 0.999993450 0.000006550
QJ:/cc/: 0.000021127 0.999978873 0.000000000
QJ:/cc/cr: 0.000007042 0.000007042 0.999985915
QJ:/cc/rr: 0.000000000 0.500000000 0.500000000
QJ:/crc/: 0.030796233 0.969203767 0.000000000
QJ:/crc/cr: 0.002201069 0.000002990 0.997795941
QJ:/crc/rr: 0.000000000 0.000141171 0.999858829
QJ:/crrc/: 0.017066845 0.982933155 0.000000000
QJ:/crrc/cr: 0.000382495 0.000012590 0.999604915
QJ:/crrc/rr: 0.000000000 0.001087623 0.998912377
QJ:/rc/: 0.010864120 0.989135880 0.000000000
QJ:/rc/cr: 0.000002207 0.000002207 0.999995585
QJ:/rc/rr: 0.000000000 0.000301462 0.999698538
QJ:/rrc/: 0.000003275 0.999996725 0.000000000
QJ:/rrc/cr: 0.000001092 0.000001092 0.999997817
QJ:/rrc/rr: 0.000000000 0.500000000 0.500000000
QK:/cc/: 0.545376494 0.454623506 0.000000000
QK:/cc/cr: 0.998215517 0.001760387 0.000024096
QK:/cc/rr: 0.000000000 0.999980631 0.000019369
QK:/crc/: 0.007473265 0.992526735 0.000000000
QK:/crc/cr: 0.000003276 0.560049163 0.439947561
QK:/crc/rr: 0.000000000 0.000794574 0.999205426
QK:/crrc/: 0.952401298 0.047598702 0.000000000
QK:/crrc/cr: 0.000486740 0.789531359 0.209981901
QK:/crrc/rr: 0.000000000 0.000524344 0.999475656
QK:/rc/: 0.435780490 0.564219510 0.000000000
QK:/rc/cr: 0.003007350 0.530587534 0.466405116
QK:/rc/rr: 0.000000000 0.212623435 0.787376565
QK:/rrc/: 0.117269087 0.882730913 0.000000000
QK:/rrc/cr: 0.000001280 0.316862332 0.683136388
QK:/rrc/rr: 0.000000000 0.000409209 0.999590791
QQ:/cc/: 0.458976488 0.541023512 0.000000000
QQ:/cc/cr: 0.999973967 0.000013016 0.000013016
QQ:/cc/rr: 0.000000000 0.999976985 0.000023015
QQ:/crc/: 0.985189316 0.014810684 0.000000000
QQ:/crc/cr: 0.999608613 0.000195693 0.000195693
QQ:/crc/rr: 0.000000000 0.999995587 0.000004413
QQ:/crrc/: 0.132569852 0.867430148 0.000000000
QQ:/crrc/cr: 0.999971468 0.000014266 0.000014266
QQ:/crrc/rr: 0.000000000 0.999859981 0.000140019
QQ:/rc/: 0.472620390 0.527379610 0.000000000
QQ:/rc/cr: 0.999991381 0.000004478 0.000004140
QQ:/rc/rr: 0.000000000 0.999993070 0.000006930
QQ:/rrc/: 0.976108902 0.023891098 0.000000000
QQ:/rrc/cr: 0.999908609 0.000045695 0.000045695
QQ:/rrc/rr: 0.000000000 0.999998322 0.000001678
