J:/c: 0.294960619 0.705039381 0.000000000
J:/crr: 0.000000000 0.999983049 0.000016951
J:/r: 0.053876977 0.129444881 0.816678142
JJ:/cc/c: 0.999992908 0.000007092 0.000000000
JJ:/cc/crr: 0.000000000 0.999996454 0.000003546
JJ:/cc/r: 0.999990544 0.000004728 0.000004728
JJ:/crc/c: 0.999983049 0.000016951 0.000000000
JJ:/crc/crr: 0.000000000 0.999991524 0.000008476
JJ:/crc/r: 0.999929632 0.000059067 0.000011301
JJ:/crrc/c: 0.999991524 0.000008476 0.000000000
JJ:/crrc/crr: 0.000000000 0.999995762 0.000004238
JJ:/crrc/r: 0.999789292 0.000205058 0.000005651
JJ:/rc/c: 0.999974249 0.000025751 0.000000000
JJ:/rc/crr: 0.000000000 0.999987124 0.000012876
JJ:/rc/r: 0.999659059 0.000323774 0.000017167
JJ:/rrc/c: 0.999938131 0.000061869 0.000000000
JJ:/rrc/crr: 0.000000000 0.999969063 0.000030937
JJ:/rrc/r: 0.999877995 0.000080759 0.000041246
JK:/cc/c: 0.006246717 0.993753283 0.000000000
JK:/cc/crr: 0.000000000 0.000567642 0.999432358
JK:/cc/r: 0.000004728 0.000004728 0.999990544
JK:/crc/c: 0.511591816 0.488408184 0.000000000
JK:/crc/crr: 0.000000000 0.000016567 0.999983433
JK:/crc/r: 0.052958674 0.000011301 0.947030025
JK:/crrc/c: 0.391985493 0.608014507 0.000000000
JK:/crrc/crr: 0.000000000 0.000010811 0.999989189
JK:/crrc/r: 0.194924167 0.000005651 0.805070183
JK:/rc/c: 0.410545468 0.589454532 0.000000000
JK:/rc/crr: 0.000000000 0.000031362 0.999968638
JK:/rc/r: 0.374721824 0.000017167 0.625261009
JK:/rrc/c: 0.999938131 0.000061869 0.000000000
JK:/rrc/crr: 0.000000000 0.000030937 0.999969063
JK:/rrc/r: 0.335456210 0.000041246 0.664502544
JQ:/cc/c: 0.076740511 0.923259489 0.000000000
JQ:/cc/crr: 0.000000000 0.000046206 0.999953794
JQ:/cc/r: 0.033745705 0.000004728 0.966249567
JQ:/crc/c: 0.508724731 0.491275269 0.000000000
JQ:/crc/crr: 0.000000000 0.000016661 0.999983339
JQ:/crc/r: 0.000065278 0.000011301 0.999923421
JQ:/crrc/c: 0.042752672 0.957247328 0.000000000
JQ:/crrc/crr: 0.000000000 0.000099127 0.999900873
JQ:/crrc/r: 0.254414602 0.000005651 0.745579748
JQ:/rc/c: 0.999066615 0.000933385 0.000000000
JQ:/rc/crr: 0.000000000 0.000012888 0.999987112
JQ:/rc/r: 0.000017167 0.000017167 0.999965665
JQ:/rrc/c: 0.076295087 0.923704913 0.000000000
JQ:/rrc/crr: 0.000000000 0.000405461 0.999594539
JQ:/rrc/r: 0.599877166 0.000041246 0.400081588
K:/c: 0.999990000 0.000010000 0.000000000
K:/crr: 0.000000000 0.999995000 0.000005000
K:/r: 0.564105443 0.435887890 0.000006667
KJ:/cc/c: 0.500000000 0.500000000 0.000000000
KJ:/cc/crr: 0.000000000 0.500000000 0.500000000
KJ:/cc/r: 0.333333333 0.333333333 0.333333333
KJ:/crc/c: 0.079335142 0.920664858 0.000000000
KJ:/crc/crr: 0.000000000 0.999968488 0.000031512
KJ:/crc/r: 0.000022942 0.716319289 0.283657769
KJ:/crrc/c: 0.251856444 0.748143556 0.000000000
KJ:/crrc/crr: 0.000000000 0.999995037 0.000004963
KJ:/crrc/r: 0.003521790 0.844273224 0.152204987
KJ:/rc/c: 0.395272853 0.604727147 0.000000000
KJ:/rc/crr: 0.000000000 0.991992809 0.008007191
KJ:/rc/r: 0.016035996 0.774609747 0.209354257
KJ:/rrc/c: 0.091009203 0.908990797 0.000000000
KJ:/rrc/crr: 0.000000000 0.999967536 0.000032464
KJ:/rrc/r: 0.031737523 0.906657598 0.061604880
KK:/cc/c: 0.500000000 0.500000000 0.000000000
KK:/cc/crr: 0.000000000 0.500000000 0.500000000
KK:/cc/r: 0.333333333 0.333333333 0.333333333
KK:/crc/c: 0.999995000 0.000005000 0.000000000
KK:/crc/crr: 0.000000000 0.999997500 0.000002500
KK:/crc/r: 0.996985496 0.003011171 0.000003333
KK:/crrc/c: 0.999997500 0.000002500 0.000000000
KK:/crrc/crr: 0.000000000 0.999998750 0.000001250
KK:/crrc/r: 0.999955314 0.000043020 0.000001667
KK:/rc/c: 0.999992353 0.000007647 0.000000000
KK:/rc/crr: 0.000000000 0.999996176 0.000003824
KK:/rc/r: 0.999981986 0.000012916 0.000005098
KK:/rrc/c: 0.999994091 0.000005909 0.000000000
KK:/rrc/crr: 0.000000000 0.999997045 0.000002955
KK:/rrc/r: 0.998353990 0.001642071 0.000003939
KQ:/cc/c: 0.500000000 0.500000000 0.000000000
KQ:/cc/crr: 0.000000000 0.500000000 0.500000000
KQ:/cc/r: 0.333333333 0.333333333 0.333333333
KQ:/crc/c: 0.001741222 0.998258778 0.000000000
KQ:/crc/crr: 0.000000000 0.072156542 0.927843458
KQ:/crc/r: 0.000020582 0.445599470 0.554379949
KQ:/crrc/c: 0.605992836 0.394007164 0.000000000
KQ:/crrc/crr: 0.000000000 0.428200738 0.571799262
KQ:/crrc/r: 0.000478126 0.710001090 0.289520785
KQ:/rc/c: 0.000007647 0.999992353 0.000000000
KQ:/rc/crr: 0.000000000 0.500000000 0.500000000
KQ:/rc/r: 0.000016397 0.296451568 0.703532035
KQ:/rrc/c: 0.469470646 0.530529354 0.000000000
KQ:/rrc/crr: 0.000000000 0.647876538 0.352123462
KQ:/rrc/r: 0.000066206 0.665717640 0.334216154
Q:/c: 0.844503829 0.155496171 0.000000000
Q:/crr: 0.000000000 0.999994079 0.000005921
Q:/r: 0.354331134 0.645617174 0.000051692
QJ:/cc/c: 0.000032155 0.999967845 0.000000000
QJ:/cc/crr: 0.000000000 0.500000000 0.500000000
QJ:/cc/r: 0.000021437 0.000021437 0.999957126
QJ:/crc/c: 0.373740698 0.626259302 0.000000000
QJ:/crc/crr: 0.000000000 0.000084964 0.999915036
QJ:/crc/r: 0.000128577 0.000003947 0.999867476
QJ:/crrc/c: 0.000002960 0.999997040 0.000000000
QJ:/crrc/crr: 0.000000000 0.500000000 0.500000000
QJ:/crrc/r: 0.042546190 0.000001974 0.957451836
QJ:/rc/c: 0.000005246 0.999994754 0.000000000
QJ:/rc/crr: 0.000000000 0.492057356 0.507942644
QJ:/rc/r: 0.022026244 0.000003442 0.977970314
QJ:/rrc/c: 0.000009407 0.999990593 0.000000000
QJ:/rrc/crr: 0.000000000 0.500000000 0.500000000
QJ:/rrc/r: 0.000077955 0.000006272 0.999915774
QK:/cc/c: 0.342093646 0.657906354 0.000000000
QK:/cc/crr: 0.000000000 0.999953002 0.000046998
QK:/cc/r: 0.000055485 0.736411541 0.263532973
QK:/crc/c: 0.367887685 0.632112315 0.000000000
QK:/crc/crr: 0.000000000 0.000594271 0.999405729
QK:/crc/r: 0.000041094 0.465422776 0.534536130
QK:/crrc/c: 0.143948099 0.856051901 0.000000000
QK:/crrc/crr: 0.000000000 0.000910010 0.999089990
QK:/crrc/r: 0.000012691 0.276200393 0.723786915
QK:/rc/c: 0.347157213 0.652842787 0.000000000
QK:/rc/crr: 0.000000000 0.000007436 0.999992564
QK:/rc/r: 0.000007442 0.277778266 0.722214292
QK:/rrc/c: 0.422906890 0.577093110 0.000000000
QK:/rrc/crr: 0.000000000 0.000541794 0.999458206
QK:/rrc/r: 0.000076222 0.489552163 0.510371616
QQ:/cc/c: 0.999967845 0.000032155 0.000000000
QQ:/cc/crr: 0.000000000 0.999983922 0.000016078
QQ:/cc/r: 0.999222552 0.000756011 0.000021437
QQ:/crc/c: 0.999994079 0.000005921 0.000000000
QQ:/crc/crr: 0.000000000 0.999997040 0.000002960
QQ:/crc/r: 0.999953021 0.000043032 0.000003947
QQ:/crrc/c: 0.999997040 0.000002960 0.000000000
QQ:/crrc/crr: 0.000000000 0.999998520 0.000001480
QQ:/crrc/r: 0.999921079 0.000076947 0.000001974
QQ:/rc/c: 0.999994837 0.000005163 0.000000000
QQ:/rc/crr: 0.000000000 0.999997418 0.000002582
QQ:/rc/r: 0.988262238 0.011734320 0.000003442
QQ:/rrc/c: 0.999990593 0.000009407 0.000000000
QQ:/rrc/crr: 0.000000000 0.999995296 0.000004704
QQ:/rrc/r: 0.999947160 0.000046569 0.000006272
