J:/: 0.075213635 0.924786365 0.000000000
J:/cr: 0.018440558 0.036279974 0.945279469
J:/rr: 0.000000000 0.999933523 0.000066477
JJ:/cc/: 0.000114286 0.999885714 0.000000000
JJ:/cc/cr: 0.999317159 0.000681038 0.000001802
JJ:/cc/rr: 0.000000000 0.976345885 0.023654115
JJ:/crc/: 0.939055483 0.060944517 0.000000000
JJ:/crc/cr: 0.999456606 0.000271697 0.000271697
JJ:/crc/rr: 0.000000000 0.999973550 0.000026450
JJ:/crrc/: 0.984118648 0.015881352 0.000000000
JJ:/crrc/cr: 0.995897444 0.002051278 0.002051278
JJ:/crrc/rr: 0.000000000 0.999950346 0.000049654
JJ:/rc/: 0.934640114 0.065359886 0.000000000
JJ:/rc/cr: 0.999321936 0.000339032 0.000339032
JJ:/rc/rr: 0.000000000 0.999964437 0.000035563
JJ:/rrc/: 0.999807038 0.000192962 0.000000000
JJ:/rrc/cr: 0.885155467 0.057422267 0.057422267
JJ:/rrc/rr: 0.000000000 0.999983376 0.000016624
JK:/cc/: 0.074984348 0.925015652 0.000000000
JK:/cc/cr: 0.000001948 0.000001948 0.999996103
JK:/cc/rr: 0.000000000 0.905099281 0.094900719
JK:/crc/: 0.036661386 0.963338614 0.000000000
JK:/crc/cr: 0.002235390 0.000017189 0.997747421
JK:/crc/rr: 0.000000000 0.000677488 0.999322512
JK:/crrc/: 0.999902269 0.000097731 0.000000000
JK:/crrc/cr: 0.333333333 0.333333333 0.333333333
JK:/crrc/rr: 0.000000000 0.000048870 0.999951130
JK:/rc/: 0.996032900 0.003967100 0.000000000
JK:/rc/cr: 0.988828565 0.005585718 0.005585718
JK:/rc/rr: 0.000000000 0.000033371 0.999966629
JK:/rrc/: 0.541933186 0.458066814 0.000000000
JK:/rrc/cr: 0.927356179 0.000024189 0.072619632
JK:/rrc/rr: 0.000000000 0.000030669 0.999969331
JQ:/cc/: 0.190598378 0.809401622 0.000000000
JQ:/cc/cr: 0.000002227 0.000002227 0.999995547
JQ:/cc/rr: 0.000000000 0.000014183 0.999985817
JQ:/crc/: 0.993308563 0.006691437 0.000000000
JQ:/crc/cr: 0.002474570 0.002474570 0.995050860
JQ:/crc/rr: 0.000000000 0.000025005 0.999974995
JQ:/crrc/: 0.003205388 0.996794612 0.000000000
JQ:/crrc/cr: 0.090143231 0.000032682 0.909824087
JQ:/crrc/rr: 0.000000000 0.015244832 0.984755168
JQ:/rc/: 0.999933523 0.000066477 0.000000000
JQ:/rc/cr: 0.333333333 0.333333333 0.333333333
JQ:/rc/rr: 0.000000000 0.000033241 0.999966759
JQ:/rrc/: 0.119265341 0.880734659 0.000000000
JQ:/rrc/cr: 0.000049943 0.000012581 0.999937476
JQ:/rrc/rr: 0.000000000 0.000139357 0.999860643
K:/: 0.756366056 0.243633944 0.000000000
K:/cr: 0.687473121 0.312513197 0.000013682
K:/rr: 0.000000000 0.999993389 0.000006611
KJ:/cc/: 0.000020523 0.999979477 0.000000000
KJ:/cc/cr: 0.000006841 0.000006841 0.999986318
KJ:/cc/rr: 0.000000000 0.500000000 0.500000000
KJ:/crc/: 0.000030771 0.999969229 0.000000000
KJ:/crc/cr: 0.000007297 0.999985406 0.000007297
KJ:/crc/rr: 0.000000000 0.644311695 0.355688305
KJ:/crrc/: 0.071845992 0.928154008 0.000000000
KJ:/crrc/cr: 0.000003574 0.994166271 0.005830156
KJ:/crrc/rr: 0.000000000 0.489130657 0.510869343
KJ:/rc/: 0.050251964 0.949748036 0.000000000
KJ:/rc/cr: 0.008806513 0.968326430 0.022867057
KJ:/rc/rr: 0.000000000 0.272535897 0.727464103
KJ:/rrc/: 0.087232103 0.912767897 0.000000000
KJ:/rrc/cr: 0.000412998 0.999585795 0.000001207
KJ:/rrc/rr: 0.000000000 0.505848612 0.494151388
KK:/cc/: 0.999833563 0.000166437 0.000000000
KK:/cc/cr: 0.917796346 0.041101827 0.041101827
KK:/cc/rr: 0.000000000 0.999989737 0.000010263
KK:/crc/: 0.088570570 0.911429430 0.000000000
KK:/crc/cr: 0.999983989 0.000008006 0.000008006
KK:/crc/rr: 0.000000000 0.999876427 0.000123573
KK:/crrc/: 0.997661305 0.002338695 0.000000000
KK:/crrc/cr: 0.997163451 0.001418275 0.001418275
KK:/crrc/rr: 0.000000000 0.999995013 0.000004987
KK:/rc/: 0.818301584 0.181698416 0.000000000
KK:/rc/cr: 0.999975745 0.000012127 0.000012127
KK:/rc/rr: 0.000000000 0.999995961 0.000004039
KK:/rrc/: 0.527455894 0.472544106 0.000000000
KK:/rrc/cr: 0.999995337 0.000002332 0.000002332
KK:/rrc/rr: 0.000000000 0.999996867 0.000003133
KQ:/cc/: 0.000040340 0.999959660 0.000000000
KQ:/cc/cr: 0.000006841 0.494007178 0.505985981
KQ:/cc/rr: 0.000000000 0.745627470 0.254372530
KQ:/crc/: 0.912032974 0.087967026 0.000000000
KQ:/crc/cr: 0.000082947 0.592254585 0.407662468
KQ:/crc/rr: 0.000000000 0.000012001 0.999987999
KQ:/crrc/: 0.014520694 0.985479306 0.000000000
KQ:/crrc/cr: 0.030342279 0.704947229 0.264710493
KQ:/crrc/rr: 0.000000000 0.194546248 0.805453752
KQ:/rc/: 0.000045220 0.999954780 0.000000000
KQ:/rc/cr: 0.000012428 0.488278121 0.511709451
KQ:/rc/rr: 0.000000000 0.926906609 0.073093391
KQ:/rrc/: 0.708951534 0.291048466 0.000000000
KQ:/rrc/cr: 0.019278539 0.908980770 0.071740690
KQ:/rrc/rr: 0.000000000 0.401958164 0.598041836
Q:/: 0.743736078 0.256263922 0.000000000
Q:/cr: 0.148861861 0.850919088 0.000219051
Q:/rr: 0.000000000 0.999993277 0.000006723
QJ:/cc/: 0.000019511 0.999980489 0.000000000
QJ:/cc/cr: 0.000006504 0.000006504 0.999986992
QJ:/cc/rr: 0.000000000 0.500000000 0.500000000
QJ:/crc/: 0.032359300 0.967640700 0.000000000
QJ:/crc/cr: 0.004398513 0.000002633 0.995598854
QJ:/crc/rr: 0.000000000 0.000118098 0.999881902
QJ:/crrc/: 0.013435926 0.986564074 0.000000000
QJ:/crrc/cr: 0.000014762 0.000014762 0.999970477
QJ:/crrc/rr: 0.000000000 0.001625849 0.998374151
QJ:/rc/: 0.013306623 0.986693377 0.000000000
QJ:/rc/cr: 0.000002271 0.000002271 0.999995458
QJ:/rc/rr: 0.000000000 0.000252612 0.999747388
QJ:/rrc/: 0.000003361 0.999996639 0.000000000
QJ:/rrc/cr: 0.000001120 0.000001120 0.999997759
QJ:/rrc/rr: 0.000000000 0.500000000 0.500000000
QK:/cc/: 0.570227350 0.429772650 0.000000000
QK:/cc/cr: 0.004466254 0.995518613 0.000015133
QK:/cc/rr: 0.000000000 0.999982892 0.000017108
QK:/crc/: 0.003519509 0.996480491 0.000000000
QK:/crc/cr: 0.000002610 0.568555054 0.431442336
QK:/crc/rr: 0.000000000 0.001085828 0.998914172
QK:/crrc/: 0.972244683 0.027755317 0.000000000
QK:/crrc/cr: 0.000558875 0.857661107 0.141780018
QK:/crrc/rr: 0.000000000 0.000561793 0.999438207
QK:/rc/: 0.436720385 0.563279615 0.000000000
QK:/rc/cr: 0.008918196 0.524521086 0.466560718
QK:/rc/rr: 0.000000000 0.202996291 0.797003709
QK:/rrc/: 0.125146339 0.874853661 0.000000000
QK:/rrc/cr: 0.000010188 0.289936214 0.710053599
QK:/rrc/rr: 0.000000000 0.000013430 0.999986570
QQ:/cc/: 0.725962854 0.274037146 0.000000000
QQ:/cc/cr: 0.985916467 0.014059800 0.000023733
QQ:/cc/rr: 0.000000000 0.999986562 0.000013438
QQ:/crc/: 0.995356217 0.004643783 0.000000000
QQ:/crc/cr: 0.998902739 0.000548630 0.000548630
QQ:/crc/rr: 0.000000000 0.999996161 0.000003839
QQ:/crrc/: 0.174482517 0.825517483 0.000000000
QQ:/crrc/cr: 0.999964717 0.000017641 0.000017641
QQ:/crrc/rr: 0.000000000 0.999874802 0.000125198
QQ:/rc/: 0.507818080 0.492181920 0.000000000
QQ:/rc/cr: 0.999987929 0.000007518 0.000004553
QQ:/rc/rr: 0.000000000 0.999993381 0.000006619
QQ:/rrc/: 0.985819125 0.014180875 0.000000000
QQ:/rrc/cr: 0.999841974 0.000079013 0.000079013
QQ:/rrc/rr: 0.000000000 0.999998295 0.000001705
