J:/c: 0.297154044 0.702845956 0.000000000
J:/crr: 0.000000000 0.999983174 0.000016826
J:/r: 0.054090363 0.127098707 0.818810931
JJ:/cc/c: 0.999992886 0.000007114 0.000000000
JJ:/cc/crr: 0.000000000 0.999996443 0.000003557
JJ:/cc/r: 0.999990515 0.000004743 0.000004743
JJ:/crc/c: 0.999983174 0.000016826 0.000000000
JJ:/crc/crr: 0.000000000 0.999991587 0.000008413
JJ:/crc/r: 0.999826583 0.000162199 0.000011218
JJ:/crrc/c: 0.999991587 0.000008413 0.000000000
JJ:/crrc/crr: 0.000000000 0.999995793 0.000004207
JJ:/crrc/r: 0.999973513 0.000020878 0.000005609
JJ:/rc/c: 0.999973774 0.000026226 0.000000000
JJ:/rc/crr: 0.000000000 0.999986886 0.000013114
JJ:/rc/r: 0.999953888 0.000028628 0.000017484
JJ:/rrc/c: 0.999938375 0.000061625 0.000000000
JJ:/rrc/crr: 0.000000000 0.999969185 0.000030815
JJ:/rrc/r: 0.999784126 0.000174790 0.000041084
JK:/cc/c: 0.004519909 0.995480091 0.000000000
JK:/cc/crr: 0.000000000 0.000786956 0.999213044
JK:/cc/r: 0.000004743 0.000004743 0.999990515
JK:/crc/c: 0.513993330 0.486006670 0.000000000
JK:/crc/crr: 0.000000000 0.000016368 0.999983632
JK:/crc/r: 0.077000660 0.000011218 0.922988122
JK:/crrc/c: 0.449142235 0.550857765 0.000000000
JK:/crrc/crr: 0.000000000 0.000009366 0.999990634
JK:/crrc/r: 0.204232564 0.000005609 0.795761827
JK:/rc/c: 0.394930517 0.605069483 0.000000000
JK:/rc/crr: 0.000000000 0.000033204 0.999966796
JK:/rc/r: 0.359882351 0.000017484 0.640100165
JK:/rrc/c: 0.999888934 0.000111066 0.000000000
JK:/rrc/crr: 0.000000000 0.000030816 0.999969184
JK:/rrc/r: 0.300058896 0.000041084 0.699900020
JQ:/cc/c: 0.070502354 0.929497646 0.000000000
JQ:/cc/crr: 0.000000000 0.000050452 0.999949548
JQ:/cc/r: 0.036657956 0.000004743 0.963337302
JQ:/crc/c: 0.420934366 0.579065634 0.000000000
JQ:/crc/crr: 0.000000000 0.000019987 0.999980013
JQ:/crc/r: 0.000065494 0.000011218 0.999923288
JQ:/crrc/c: 0.038178731 0.961821269 0.000000000
JQ:/crrc/crr: 0.000000000 0.000110183 0.999889817
JQ:/crrc/r: 0.234896857 0.000005609 0.765097534
JQ:/rc/c: 0.997834706 0.002165294 0.000000000
JQ:/rc/crr: 0.000000000 0.000013142 0.999986858
JQ:/rc/r: 0.000036720 0.000017484 0.999945796
JQ:/rrc/c: 0.041710126 0.958289874 0.000000000
JQ:/rrc/crr: 0.000000000 0.000738733 0.999261267
JQ:/rrc/r: 0.482050355 0.000041084 0.517908562
K:/c: 0.999969556 0.000030444 0.000000000
K:/crr: 0.000000000 0.999995000 0.000005000
K:/r: 0.573040427 0.426952907 0.000006667
KJ:/cc/c: 0.165548317 0.834451683 0.000000000
KJ:/cc/crr: 0.000000000 0.503963981 0.496036019
KJ:/cc/r: 0.511200064 0.223193360 0.265606576
KJ:/crc/c: 0.070336082 0.929663918 0.000000000
KJ:/crc/crr: 0.000000000 0.999964455 0.000035545
KJ:/crc/r: 0.000051431 0.720365138 0.279583432
KJ:/crrc/c: 0.382403001 0.617596999 0.000000000
KJ:/crrc/crr: 0.000000000 0.999996731 0.000003269
KJ:/crrc/r: 0.033892086 0.848584470 0.117523444
KJ:/rc/c: 0.440398123 0.559601877 0.000000000
KJ:/rc/crr: 0.000000000 0.937306349 0.062693651
KJ:/rc/r: 0.018368179 0.814973750 0.166658070
KJ:/rrc/c: 0.187405527 0.812594473 0.000000000
KJ:/rrc/crr: 0.000000000 0.999984480 0.000015520
KJ:/rrc/r: 0.031729295 0.918885482 0.049385223
KK:/cc/c: 0.835764144 0.164235856 0.000000000
KK:/cc/crr: 0.000000000 0.901745093 0.098254907
KK:/cc/r: 0.595328142 0.295181287 0.109490571
KK:/crc/c: 0.999995000 0.000005000 0.000000000
KK:/crc/crr: 0.000000000 0.999997500 0.000002500
KK:/crc/r: 0.999974260 0.000022406 0.000003333
KK:/crrc/c: 0.999997500 0.000002500 0.000000000
KK:/crrc/crr: 0.000000000 0.999998750 0.000001250
KK:/crrc/r: 0.999993588 0.000004745 0.000001667
KK:/rc/c: 0.999992193 0.000007807 0.000000000
KK:/rc/crr: 0.000000000 0.999996096 0.000003904
KK:/rc/r: 0.999979582 0.000015213 0.000005205
KK:/rrc/c: 0.999994183 0.000005817 0.000000000
KK:/rrc/crr: 0.000000000 0.999997092 0.000002908
KK:/rrc/r: 0.999825131 0.000170991 0.000003878
KQ:/cc/c: 0.500307574 0.499692426 0.000000000
KQ:/cc/crr: 0.000000000 0.835865111 0.164134889
KQ:/cc/r: 0.500110811 0.384528487 0.115360702
KQ:/crc/c: 0.220382388 0.779617612 0.000000000
KQ:/crc/crr: 0.000000000 0.001526825 0.998473175
KQ:/crc/r: 0.000018890 0.435204913 0.564776197
KQ:/crrc/c: 0.621741459 0.378258541 0.000000000
KQ:/crrc/crr: 0.000000000 0.405526398 0.594473602
KQ:/crrc/r: 0.000188232 0.680538072 0.319273696
KQ:/rc/c: 0.000049245 0.999950755 0.000000000
KQ:/rc/crr: 0.000000000 0.920729926 0.079270074
KQ:/rc/r: 0.000022155 0.314014896 0.685962949
KQ:/rrc/c: 0.494897069 0.505102931 0.000000000
KQ:/rrc/crr: 0.000000000 0.574948853 0.425051147
KQ:/rrc/r: 0.062058834 0.568501463 0.369439703
Q:/c: 0.851452146 0.148547854 0.000000000
Q:/crr: 0.000000000 0.999994128 0.000005872
Q:/r: 0.366455044 0.633491512 0.000053444
QJ:/cc/c: 0.000353326 0.999646674 0.000000000
QJ:/cc/crr: 0.000000000 0.047631963 0.952368037
QJ:/cc/r: 0.000022439 0.000022439 0.999955121
QJ:/crc/c: 0.385356253 0.614643747 0.000000000
QJ:/crc/crr: 0.000000000 0.000823637 0.999176363
QJ:/crc/r: 0.000302902 0.000003915 0.999693183
QJ:/crrc/c: 0.000058056 0.999941944 0.000000000
QJ:/crrc/crr: 0.000000000 0.025287495 0.974712505
QJ:/crrc/r: 0.013435602 0.000001957 0.986562441
QJ:/rc/c: 0.000033859 0.999966141 0.000000000
QJ:/rc/crr: 0.000000000 0.077701191 0.922298809
QJ:/rc/r: 0.009093645 0.000003508 0.990902847
QJ:/rrc/c: 0.000203418 0.999796582 0.000000000
QJ:/rrc/crr: 0.000000000 0.022358328 0.977641672
QJ:/rrc/r: 0.000087647 0.000006064 0.999906289
QK:/cc/c: 0.023471942 0.976528058 0.000000000
QK:/cc/crr: 0.000000000 0.999282991 0.000717009
QK:/cc/r: 0.000094142 0.744210397 0.255695461
QK:/crc/c: 0.355314557 0.644685443 0.000000000
QK:/crc/crr: 0.000000000 0.005557774 0.994442226
QK:/crc/r: 0.000159859 0.493562751 0.506277390
QK:/crrc/c: 0.001395748 0.998604252 0.000000000
QK:/crrc/crr: 0.000000000 0.428044969 0.571955031
QK:/crrc/r: 0.000043843 0.284704146 0.715252012
QK:/rc/c: 0.370123968 0.629876032 0.000000000
QK:/rc/crr: 0.000000000 0.000742290 0.999257710
QK:/rc/r: 0.000013641 0.305831360 0.694154999
QK:/rrc/c: 0.418516579 0.581483421 0.000000000
QK:/rrc/crr: 0.000000000 0.081651976 0.918348024
QK:/rrc/r: 0.000078378 0.510683884 0.489237739
QQ:/cc/c: 0.999966341 0.000033659 0.000000000
QQ:/cc/crr: 0.000000000 0.999983170 0.000016830
QQ:/cc/r: 0.999934198 0.000043363 0.000022439
QQ:/crc/c: 0.999994128 0.000005872 0.000000000
QQ:/crc/crr: 0.000000000 0.999997064 0.000002936
QQ:/crc/r: 0.999921724 0.000074361 0.000003915
QQ:/crrc/c: 0.999997064 0.000002936 0.000000000
QQ:/crrc/crr: 0.000000000 0.999998532 0.000001468
QQ:/crrc/r: 0.999996085 0.000001957 0.000001957
QQ:/rc/c: 0.999994738 0.000005262 0.000000000
QQ:/rc/crr: 0.000000000 0.999997369 0.000002631
QQ:/rc/r: 0.948992346 0.051004146 0.000003508
QQ:/rrc/c: 0.999990904 0.000009096 0.000000000
QQ:/rrc/crr: 0.000000000 0.999995452 0.000004548
QQ:/rrc/r: 0.999960069 0.000033867 0.000006064
