J:/c: 0.338493493 0.661506507 0.000000000
J:/crr: 0.000000000 0.999985229 0.000014771
J:/r: 0.055121526 0.142466418 0.802412056
JJ:/cc/c: 0.999992441 0.000007559 0.000000000
JJ:/cc/crr: 0.000000000 0.999996221 0.000003779
JJ:/cc/r: 0.999989922 0.000005039 0.000005039
JJ:/crc/c: 0.999985229 0.000014771 0.000000000
JJ:/crc/crr: 0.000000000 0.999992614 0.000007386
JJ:/crc/r: 0.999811308 0.000178844 0.000009848
JJ:/crrc/c: 0.999992614 0.000007386 0.000000000
JJ:/crrc/crr: 0.000000000 0.999996307 0.000003693
JJ:/crrc/r: 0.999968077 0.000026999 0.000004924
JJ:/rc/c: 0.999976603 0.000023397 0.000000000
JJ:/rc/crr: 0.000000000 0.999988301 0.000011699
JJ:/rc/r: 0.999968804 0.000015598 0.000015598
JJ:/rrc/c: 0.999939528 0.000060472 0.000000000
JJ:/rrc/crr: 0.000000000 0.999969762 0.000030238
JJ:/rrc/r: 0.999919370 0.000040315 0.000040315
JK:/cc/c: 0.000007559 0.999992441 0.000000000
JK:/cc/crr: 0.000000000 0.500000000 0.500000000
JK:/cc/r: 0.000005039 0.000005039 0.999989922
JK:/crc/c: 0.448984333 0.551015667 0.000000000
JK:/crc/crr: 0.000000000 0.000016450 0.999983550
JK:/crc/r: 0.000054726 0.000009848 0.999935427
JK:/crrc/c: 0.996879580 0.003120420 0.000000000
JK:/crrc/crr: 0.000000000 0.000003704 0.999996296
JK:/crrc/r: 0.234627287 0.000004924 0.765367789
JK:/rc/c: 0.374104501 0.625895499 0.000000000
JK:/rc/crr: 0.000000000 0.000031271 0.999968729
JK:/rc/r: 0.353187449 0.000015598 0.646796952
JK:/rrc/c: 0.999939528 0.000060472 0.000000000
JK:/rrc/crr: 0.000000000 0.000030238 0.999969762
JK:/rrc/r: 0.123514891 0.000040315 0.876444794
JQ:/cc/c: 0.081171132 0.918828868 0.000000000
JQ:/cc/crr: 0.000000000 0.000046559 0.999953441
JQ:/cc/r: 0.041386501 0.000005039 0.958608460
JQ:/crc/c: 0.000014771 0.999985229 0.000000000
JQ:/crc/crr: 0.000000000 0.500000000 0.500000000
JQ:/crc/r: 0.000036883 0.000009848 0.999953269
JQ:/crrc/c: 0.000007386 0.999992614 0.000000000
JQ:/crrc/crr: 0.000000000 0.500000000 0.500000000
JQ:/crrc/r: 0.228490660 0.000004924 0.771504416
JQ:/rc/c: 0.999976603 0.000023397 0.000000000
JQ:/rc/crr: 0.000000000 0.000011699 0.999988301
JQ:/rc/r: 0.000015598 0.000015598 0.999968804
JQ:/rrc/c: 0.000060472 0.999939528 0.000000000
JQ:/rrc/crr: 0.000000000 0.500000000 0.500000000
JQ:/rrc/r: 0.485969952 0.000040315 0.513989733
K:/c: 0.999990000 0.000010000 0.000000000
K:/crr: 0.000000000 0.999995000 0.000005000
K:/r: 0.537186314 0.462807019 0.000006667
KJ:/cc/c: 0.500000000 0.500000000 0.000000000
KJ:/cc/crr: 0.000000000 0.500000000 0.500000000
KJ:/cc/r: 0.333333333 0.333333333 0.333333333
KJ:/crc/c: 0.038653936 0.961346064 0.000000000
KJ:/crc/crr: 0.000000000 0.999935323 0.000064677
KJ:/crc/r: 0.000003333 0.703320903 0.296675764
KJ:/crrc/c: 0.266193643 0.733806357 0.000000000
KJ:/crrc/crr: 0.000000000 0.999995304 0.000004696
KJ:/crrc/r: 0.000001667 0.999989874 0.000008459
KJ:/rc/c: 0.505117139 0.494882861 0.000000000
KJ:/rc/crr: 0.000000000 0.999992871 0.000007129
KJ:/rc/r: 0.000010964 0.999969546 0.000019489
KJ:/rrc/c: 0.150531390 0.849468610 0.000000000
KJ:/rrc/crr: 0.000000000 0.999979389 0.000020611
KJ:/rrc/r: 0.000033716 0.999962147 0.000004137
KK:/cc/c: 0.500000000 0.500000000 0.000000000
KK:/cc/crr: 0.000000000 0.500000000 0.500000000
KK:/cc/r: 0.333333333 0.333333333 0.333333333
KK:/crc/c: 0.999995000 0.000005000 0.000000000
KK:/crc/crr: 0.000000000 0.999997500 0.000002500
KK:/crc/r: 0.996434682 0.003561985 0.000003333
KK:/crrc/c: 0.999997500 0.000002500 0.000000000
KK:/crrc/crr: 0.000000000 0.999998750 0.000001250
KK:/crrc/r: 0.999341195 0.000657139 0.000001667
KK:/rc/c: 0.999992798 0.000007202 0.000000000
KK:/rc/crr: 0.000000000 0.999996399 0.000003601
KK:/rc/r: 0.999966973 0.000028225 0.000004802
KK:/rrc/c: 0.999993795 0.000006205 0.000000000
KK:/rrc/crr: 0.000000000 0.999996897 0.000003103
KK:/rrc/r: 0.996978213 0.003017650 0.000004137
KQ:/cc/c: 0.500000000 0.500000000 0.000000000
KQ:/cc/crr: 0.000000000 0.500000000 0.500000000
KQ:/cc/r: 0.333333333 0.333333333 0.333333333
KQ:/crc/c: 0.000321968 0.999678032 0.000000000
KQ:/crc/crr: 0.000000000 0.007764817 0.992235183
KQ:/crc/r: 0.000003333 0.451358026 0.548638641
KQ:/crrc/c: 0.679811567 0.320188433 0.000000000
KQ:/crrc/crr: 0.000000000 0.466379855 0.533620145
KQ:/crrc/r: 0.000017230 0.823183055 0.176799716
KQ:/rc/c: 0.000007202 0.999992798 0.000000000
KQ:/rc/crr: 0.000000000 0.500000000 0.500000000
KQ:/rc/r: 0.000004802 0.311818191 0.688177007
KQ:/rrc/c: 0.453937256 0.546062744 0.000000000
KQ:/rrc/crr: 0.000000000 0.675159852 0.324840148
KQ:/rrc/r: 0.000398482 0.730357991 0.269243527
Q:/c: 0.825463413 0.174536587 0.000000000
Q:/crr: 0.000000000 0.999993943 0.000006057
Q:/r: 0.287168815 0.712795212 0.000035973
QJ:/cc/c: 0.000028647 0.999971353 0.000000000
QJ:/cc/crr: 0.000000000 0.500000000 0.500000000
QJ:/cc/r: 0.000019098 0.000019098 0.999961804
QJ:/crc/c: 0.371098460 0.628901540 0.000000000
QJ:/crc/crr: 0.000000000 0.000079509 0.999920491
QJ:/crc/r: 0.000004038 0.000004038 0.999991924
QJ:/crrc/c: 0.000003029 0.999996971 0.000000000
QJ:/crrc/crr: 0.000000000 0.500000000 0.500000000
QJ:/crrc/r: 0.000002019 0.000002019 0.999995962
QJ:/rc/c: 0.000004676 0.999995324 0.000000000
QJ:/rc/crr: 0.000000000 0.500000000 0.500000000
QJ:/rc/r: 0.000003118 0.000003118 0.999993765
QJ:/rrc/c: 0.000011608 0.999988392 0.000000000
QJ:/rrc/crr: 0.000000000 0.500000000 0.500000000
QJ:/rrc/r: 0.000007738 0.000007738 0.999984523
QK:/cc/c: 0.001176878 0.998823122 0.000000000
QK:/cc/crr: 0.000000000 0.987829121 0.012170879
QK:/cc/r: 0.000019098 0.666577469 0.333403433
QK:/crc/c: 0.390843026 0.609156974 0.000000000
QK:/crc/crr: 0.000000000 0.000007749 0.999992251
QK:/crc/r: 0.000010839 0.528095956 0.471893205
QK:/crrc/c: 0.037809547 0.962190453 0.000000000
QK:/crrc/crr: 0.000000000 0.000040051 0.999959949
QK:/crrc/r: 0.000014505 0.256316000 0.743669495
QK:/rc/c: 0.374594772 0.625405228 0.000000000
QK:/rc/crr: 0.000000000 0.000006242 0.999993758
QK:/rc/r: 0.000003118 0.332844823 0.667152060
QK:/rrc/c: 0.411342853 0.588657147 0.000000000
QK:/rrc/crr: 0.000000000 0.047138320 0.952861680
QK:/rrc/r: 0.000007738 0.561303230 0.438689032
QQ:/cc/c: 0.999971353 0.000028647 0.000000000
QQ:/cc/crr: 0.000000000 0.999985676 0.000014324
QQ:/cc/r: 0.994618400 0.005362502 0.000019098
QQ:/crc/c: 0.999993943 0.000006057 0.000000000
QQ:/crc/crr: 0.000000000 0.999996971 0.000003029
QQ:/crc/r: 0.988339036 0.011656926 0.000004038
QQ:/crrc/c: 0.999996971 0.000003029 0.000000000
QQ:/crrc/crr: 0.000000000 0.999998486 0.000001514
QQ:/crrc/r: 0.999974044 0.000023937 0.000002019
QQ:/rc/c: 0.999995324 0.000004676 0.000000000
QQ:/rc/crr: 0.000000000 0.999997662 0.000002338
QQ:/rc/r: 0.991965259 0.008031624 0.000003118
QQ:/rrc/c: 0.999988392 0.000011608 0.000000000
QQ:/rrc/crr: 0.000000000 0.999994196 0.000005804
QQ:/rrc/r: 0.999977488 0.000014773 0.000007738
