J:/c: 0.238007470 0.761992530 0.000000000
J:/crr: 0.000000000 0.999978992 0.000021008
J:/r: 0.054498737 0.139447550 0.806053713
JJ:/cc/c: 0.999993438 0.000006562 0.000000000
JJ:/cc/crr: 0.000000000 0.999996719 0.000003281
JJ:/cc/r: 0.999975771 0.000019855 0.000004374
JJ:/crc/c: 0.999978992 0.000021008 0.000000000
JJ:/crc/crr: 0.000000000 0.999989496 0.000010504
JJ:/crc/r: 0.999963798 0.000022197 0.000014005
JJ:/crrc/c: 0.999989496 0.000010504 0.000000000
JJ:/crrc/crr: 0.000000000 0.999994748 0.000005252
JJ:/crrc/r: 0.999985995 0.000007003 0.000007003
JJ:/rc/c: 0.999976096 0.000023904 0.000000000
JJ:/rc/crr: 0.000000000 0.999988048 0.000011952
JJ:/rc/r: 0.999968128 0.000015936 0.000015936
JJ:/rrc/c: 0.999938837 0.000061163 0.000000000
JJ:/rrc/crr: 0.000000000 0.999969416 0.000030584
JJ:/rrc/r: 0.999918449 0.000040776 0.000040776
JK:/cc/c: 0.000548861 0.999451139 0.000000000
JK:/cc/crr: 0.000000000 0.005977598 0.994022402
JK:/cc/r: 0.000010876 0.000004374 0.999984750
JK:/crc/c: 0.840721423 0.159278577 0.000000000
JK:/crc/crr: 0.000000000 0.000012494 0.999987506
JK:/crc/r: 0.000014005 0.000014005 0.999971990
JK:/crrc/c: 0.000019303 0.999980697 0.000000000
JK:/crrc/crr: 0.000000000 0.272088002 0.727911998
JK:/crrc/r: 0.379518472 0.000007003 0.620474525
JK:/rc/c: 0.371352974 0.628647026 0.000000000
JK:/rc/crr: 0.000000000 0.000032185 0.999967815
JK:/rc/r: 0.354247398 0.000015936 0.645736666
JK:/rrc/c: 0.999938837 0.000061163 0.000000000
JK:/rrc/crr: 0.000000000 0.000030584 0.999969416
JK:/rrc/r: 0.214574055 0.000040776 0.785385169
JQ:/cc/c: 0.051618617 0.948381383 0.000000000
JQ:/cc/crr: 0.000000000 0.000063560 0.999936440
JQ:/cc/r: 0.070334892 0.000004374 0.929660734
JQ:/crc/c: 0.740442878 0.259557122 0.000000000
JQ:/crc/crr: 0.000000000 0.000014186 0.999985814
JQ:/crc/r: 0.000164946 0.000014005 0.999821049
JQ:/crrc/c: 0.000787544 0.999212456 0.000000000
JQ:/crrc/crr: 0.000000000 0.006668896 0.993331104
JQ:/crrc/r: 0.491114414 0.000007003 0.508878584
JQ:/rc/c: 0.999976096 0.000023904 0.000000000
JQ:/rc/crr: 0.000000000 0.000011952 0.999988048
JQ:/rc/r: 0.000015936 0.000015936 0.999968128
JQ:/rrc/c: 0.000061163 0.999938837 0.000000000
JQ:/rrc/crr: 0.000000000 0.500000000 0.500000000
JQ:/rrc/r: 0.500671408 0.000040776 0.499287816
K:/c: 0.999990000 0.000010000 0.000000000
K:/crr: 0.000000000 0.999995000 0.000005000
K:/r: 0.548679937 0.451313397 0.000006667
KJ:/cc/c: 0.500000000 0.500000000 0.000000000
KJ:/cc/crr: 0.000000000 0.500000000 0.500000000
KJ:/cc/r: 0.333333333 0.333333333 0.333333333
KJ:/crc/c: 0.143212985 0.856787015 0.000000000
KJ:/crc/crr: 0.000000000 0.999982543 0.000017457
KJ:/crc/r: 0.000003333 0.744973100 0.255023567
KJ:/crrc/c: 0.302837236 0.697162764 0.000000000
KJ:/crrc/crr: 0.000000000 0.999995872 0.000004128
KJ:/crrc/r: 0.000256612 0.999729514 0.000013874
KJ:/rc/c: 0.420789840 0.579210160 0.000000000
KJ:/rc/crr: 0.000000000 0.999991224 0.000008776
KJ:/rc/r: 0.000014789 0.999968676 0.000016535
KJ:/rrc/c: 0.286326274 0.713673726 0.000000000
KJ:/rrc/crr: 0.000000000 0.999989391 0.000010609
KJ:/rrc/r: 0.000187368 0.968424017 0.031388615
KK:/cc/c: 0.500000000 0.500000000 0.000000000
KK:/cc/crr: 0.000000000 0.500000000 0.500000000
KK:/cc/r: 0.333333333 0.333333333 0.333333333
KK:/crc/c: 0.999995000 0.000005000 0.000000000
KK:/crc/crr: 0.000000000 0.999997500 0.000002500
KK:/crc/r: 0.985128312 0.014868355 0.000003333
KK:/crrc/c: 0.999997500 0.000002500 0.000000000
KK:/crrc/crr: 0.000000000 0.999998750 0.000001250
KK:/crrc/r: 0.999210903 0.000787430 0.000001667
KK:/rc/c: 0.999992614 0.000007386 0.000000000
KK:/rc/crr: 0.000000000 0.999996307 0.000003693
KK:/rc/r: 0.999967166 0.000027910 0.000004924
KK:/rrc/c: 0.999993925 0.000006075 0.000000000
KK:/rrc/crr: 0.000000000 0.999996962 0.000003038
KK:/rrc/r: 0.998719205 0.001276745 0.000004050
KQ:/cc/c: 0.500000000 0.500000000 0.000000000
KQ:/cc/crr: 0.000000000 0.500000000 0.500000000
KQ:/cc/r: 0.333333333 0.333333333 0.333333333
KQ:/crc/c: 0.001183532 0.998816468 0.000000000
KQ:/crc/crr: 0.000000000 0.002112342 0.997887658
KQ:/crc/r: 0.000004975 0.477910936 0.522084090
KQ:/crrc/c: 0.702147303 0.297852697 0.000000000
KQ:/crrc/crr: 0.000000000 0.598131204 0.401868796
KQ:/crrc/r: 0.000084027 0.874984415 0.124931557
KQ:/rc/c: 0.000007386 0.999992614 0.000000000
KQ:/rc/crr: 0.000000000 0.500000000 0.500000000
KQ:/rc/r: 0.000004924 0.309087551 0.690907525
KQ:/rrc/c: 0.415556454 0.584443546 0.000000000
KQ:/rrc/crr: 0.000000000 0.999992690 0.000007310
KQ:/rrc/r: 0.001251920 0.733428812 0.265319269
Q:/c: 0.881332027 0.118667973 0.000000000
Q:/crr: 0.000000000 0.999994327 0.000005673
Q:/r: 0.302147744 0.697816912 0.000035344
QJ:/cc/c: 0.000042134 0.999957866 0.000000000
QJ:/cc/crr: 0.000000000 0.500000000 0.500000000
QJ:/cc/r: 0.000028090 0.000028090 0.999943821
QJ:/crc/c: 0.449081240 0.550918760 0.000000000
QJ:/crc/crr: 0.000000000 0.000026895 0.999973105
QJ:/crc/r: 0.000003782 0.000003782 0.999992436
QJ:/crrc/c: 0.000002837 0.999997163 0.000000000
QJ:/crrc/crr: 0.000000000 0.500000000 0.500000000
QJ:/crrc/r: 0.000001891 0.000001891 0.999996218
QJ:/rc/c: 0.000004777 0.999995223 0.000000000
QJ:/rc/crr: 0.000000000 0.500000000 0.500000000
QJ:/rc/r: 0.000027999 0.000003185 0.999968816
QJ:/rrc/c: 0.000011032 0.999988968 0.000000000
QJ:/rrc/crr: 0.000000000 0.500000000 0.500000000
QJ:/rrc/r: 0.000007355 0.000007355 0.999985290
QK:/cc/c: 0.001372158 0.998627842 0.000000000
QK:/cc/crr: 0.000000000 0.984646673 0.015353327
QK:/cc/r: 0.000028090 0.985844923 0.014126987
QK:/crc/c: 0.000005673 0.999994327 0.000000000
QK:/crc/crr: 0.000000000 0.500000000 0.500000000
QK:/crc/r: 0.000016236 0.477764052 0.522219712
QK:/crrc/c: 0.382152439 0.617847561 0.000000000
QK:/crrc/crr: 0.000000000 0.000314080 0.999685920
QK:/crrc/r: 0.000014176 0.218639524 0.781346299
QK:/rc/c: 0.368443979 0.631556021 0.000000000
QK:/rc/crr: 0.000000000 0.000011495 0.999988505
QK:/rc/r: 0.000003185 0.321959798 0.678037018
QK:/rrc/c: 0.417102164 0.582897836 0.000000000
QK:/rrc/crr: 0.000000000 0.000138574 0.999861426
QK:/rrc/r: 0.000007355 0.523134119 0.476858527
QQ:/cc/c: 0.999957866 0.000042134 0.000000000
QQ:/cc/crr: 0.000000000 0.999978932 0.000021068
QQ:/cc/r: 0.997551942 0.002419968 0.000028090
QQ:/crc/c: 0.999994327 0.000005673 0.000000000
QQ:/crc/crr: 0.000000000 0.999997163 0.000002837
QQ:/crc/r: 0.955277568 0.044718650 0.000003782
QQ:/crrc/c: 0.999997163 0.000002837 0.000000000
QQ:/crrc/crr: 0.000000000 0.999998582 0.000001418
QQ:/crrc/r: 0.999966761 0.000031347 0.000001891
QQ:/rc/c: 0.999995223 0.000004777 0.000000000
QQ:/rc/crr: 0.000000000 0.999997612 0.000002388
QQ:/rc/r: 0.999973628 0.000023187 0.000003185
QQ:/rrc/c: 0.999988968 0.000011032 0.000000000
QQ:/rrc/crr: 0.000000000 0.999994484 0.000005516
QQ:/rrc/r: 0.999982625 0.000010020 0.000007355
