J:/: 0.073901850 0.926098150 0.000000000
J:/cr: 0.017879446 0.036333421 0.945787133
J:/rr: 0.000000000 0.999932343 0.000067657
JJ:/cc/: 0.000102978 0.999897022 0.000000000
JJ:/cc/cr: 0.999996400 0.000001800 0.000001800
JJ:/cc/rr: 0.000000000 0.973785599 0.026214401
JJ:/crc/: 0.995727225 0.004272775 0.000000000
JJ:/crc/cr: 0.992271697 0.003864151 0.003864151
JJ:/crc/rr: 0.000000000 0.999975128 0.000024872
JJ:/crrc/: 0.999454106 0.000545894 0.000000000
JJ:/crrc/cr: 0.877075696 0.061462152 0.061462152
JJ:/crrc/rr: 0.000000000 0.999949645 0.000050355
JJ:/rc/: 0.952748200 0.047251800 0.000000000
JJ:/rc/cr: 0.999045436 0.000477282 0.000477282
JJ:/rc/rr: 0.000000000 0.999964494 0.000035506
JJ:/rrc/: 0.999126801 0.000873199 0.000000000
JJ:/rrc/cr: 0.974170885 0.012914558 0.012914558
JJ:/rrc/rr: 0.000000000 0.999983070 0.000016930
JK:/cc/: 0.083863377 0.916136623 0.000000000
JK:/cc/cr: 0.000048728 0.000001964 0.999949308
JK:/cc/rr: 0.000000000 0.000032189 0.999967811
JK:/crc/: 0.055534254 0.944465746 0.000000000
JK:/crc/cr: 0.010821405 0.000017481 0.989161113
JK:/crc/rr: 0.000000000 0.000445959 0.999554041
JK:/crrc/: 0.999899344 0.000100656 0.000000000
JK:/crrc/cr: 0.333333333 0.333333333 0.333333333
JK:/crrc/rr: 0.000000000 0.000050333 0.999949667
JK:/rc/: 0.999932343 0.000067657 0.000000000
JK:/rc/cr: 0.333333333 0.333333333 0.333333333
JK:/rc/rr: 0.000000000 0.000033831 0.999966169
JK:/rrc/: 0.536855820 0.463144180 0.000000000
JK:/rrc/cr: 0.928909294 0.000024349 0.071066357
JK:/rrc/rr: 0.000000000 0.000031508 0.999968492
JQ:/cc/: 0.192795179 0.807204821 0.000000000
JQ:/cc/cr: 0.000002230 0.000002230 0.999995541
JQ:/cc/rr: 0.000000000 0.000014002 0.999985998
JQ:/crc/: 0.994908967 0.005091033 0.000000000
JQ:/crc/cr: 0.003243084 0.003243084 0.993513831
JQ:/crc/rr: 0.000000000 0.000024893 0.999975107
JQ:/crrc/: 0.018572125 0.981427875 0.000000000
JQ:/crrc/cr: 0.183231854 0.000034187 0.816733960
JQ:/crrc/rr: 0.000000000 0.002709855 0.997290145
JQ:/rc/: 0.999664791 0.000335209 0.000000000
JQ:/rc/cr: 0.067278714 0.067278714 0.865442572
JQ:/rc/rr: 0.000000000 0.000033840 0.999966160
JQ:/rrc/: 0.110293187 0.889706813 0.000000000
JQ:/rrc/cr: 0.000411232 0.000012675 0.999576093
JQ:/rrc/rr: 0.000000000 0.000153368 0.999846632
K:/: 0.756508263 0.243491737 0.000000000
K:/cr: 0.667241206 0.332745105 0.000013690
K:/rr: 0.000000000 0.999993391 0.000006609
KJ:/cc/: 0.000020535 0.999979465 0.000000000
KJ:/cc/cr: 0.000006845 0.000006845 0.999986310
KJ:/cc/rr: 0.000000000 0.500000000 0.500000000
KJ:/crc/: 0.000020571 0.999979429 0.000000000
KJ:/crc/cr: 0.000006857 0.999986286 0.000006857
KJ:/crc/rr: 0.000000000 0.500000000 0.500000000
KJ:/crrc/: 0.000556887 0.999443113 0.000000000
KJ:/crrc/cr: 0.000003421 0.999993157 0.000003421
KJ:/crrc/rr: 0.000000000 0.990789468 0.009210532
KJ:/rc/: 0.057387988 0.942612012 0.000000000
KJ:/rc/cr: 0.003915412 0.984112984 0.011971604
KJ:/rc/rr: 0.000000000 0.343031376 0.656968624
KJ:/rrc/: 0.092321854 0.907678146 0.000000000
KJ:/rrc/cr: 0.000009162 0.999989625 0.000001214
KJ:/rrc/rr: 0.000000000 0.747082923 0.252917077
KK:/cc/: 0.999945232 0.000054768 0.000000000
KK:/cc/cr: 0.750040596 0.124979702 0.124979702
KK:/cc/rr: 0.000000000 0.999989732 0.000010268
KK:/crc/: 0.115294897 0.884705103 0.000000000
KK:/crc/cr: 0.999984499 0.000007751 0.000007751
KK:/crc/rr: 0.000000000 0.999910790 0.000089210
KK:/crrc/: 0.999950062 0.000049938 0.000000000
KK:/crrc/cr: 0.863050096 0.068474952 0.068474952
KK:/crrc/rr: 0.000000000 0.999994871 0.000005129
KK:/rc/: 0.805865275 0.194134725 0.000000000
KK:/rc/cr: 0.999977303 0.000011348 0.000011348
KK:/rc/rr: 0.000000000 0.999995899 0.000004101
KK:/rrc/: 0.539797311 0.460202689 0.000000000
KK:/rrc/cr: 0.999995213 0.000002394 0.000002394
KK:/rrc/rr: 0.000000000 0.999996939 0.000003061
KQ:/cc/: 0.000020535 0.999979465 0.000000000
KQ:/cc/cr: 0.000006845 0.419657812 0.580335343
KQ:/cc/rr: 0.000000000 0.500000000 0.500000000
KQ:/crc/: 0.878949163 0.121050837 0.000000000
KQ:/crc/cr: 0.000056645 0.637651910 0.362291445
KQ:/crc/rr: 0.000000000 0.000011702 0.999988298
KQ:/crrc/: 0.002529784 0.997470216 0.000000000
KQ:/crrc/cr: 0.000435252 0.714841676 0.284723073
KQ:/crrc/rr: 0.000000000 0.002027534 0.997972466
KQ:/rc/: 0.000020389 0.999979611 0.000000000
KQ:/rc/cr: 0.000015647 0.488374060 0.511610293
KQ:/rc/rr: 0.000000000 0.837923324 0.162076676
KQ:/rrc/: 0.721365538 0.278634462 0.000000000
KQ:/rrc/cr: 0.012781226 0.919576789 0.067641985
KQ:/rrc/rr: 0.000000000 0.407435117 0.592564883
Q:/: 0.741671849 0.258328151 0.000000000
Q:/cr: 0.144534392 0.855417241 0.000048367
Q:/rr: 0.000000000 0.999993258 0.000006742
QJ:/cc/: 0.000019355 0.999980645 0.000000000
QJ:/cc/cr: 0.000006452 0.000006452 0.999987096
QJ:/cc/rr: 0.000000000 0.500000000 0.500000000
QJ:/crc/: 0.030786523 0.969213477 0.000000000
QJ:/crc/cr: 0.000278359 0.000002594 0.999719048
QJ:/crc/rr: 0.000000000 0.000122492 0.999877508
QJ:/crrc/: 0.068116092 0.931883908 0.000000000
QJ:/crrc/cr: 0.000015967 0.000015967 0.999968066
QJ:/crrc/rr: 0.000000000 0.000327662 0.999672338
QJ:/rc/: 0.010308441 0.989691559 0.000000000
QJ:/rc/cr: 0.000002271 0.000002271 0.999995459
QJ:/rc/rr: 0.000000000 0.000326991 0.999673009
QJ:/rrc/: 0.000003371 0.999996629 0.000000000
QJ:/rrc/cr: 0.000001124 0.000001124 0.999997753
QJ:/rrc/rr: 0.000000000 0.500000000 0.500000000
QK:/cc/: 0.517436033 0.482563967 0.000000000
QK:/cc/cr: 0.266376402 0.733608749 0.000014849
QK:/cc/rr: 0.000000000 0.999981297 0.000018703
QK:/crc/: 0.000007622 0.999992378 0.000000000
QK:/crc/cr: 0.000003844 0.562382155 0.437614001
QK:/crc/rr: 0.000000000 0.505249454 0.494750546
QK:/crrc/: 0.998410523 0.001589477 0.000000000
QK:/crrc/cr: 0.010336030 0.954150882 0.035513088
QK:/crrc/rr: 0.000000000 0.000576232 0.999423768
QK:/rc/: 0.432376961 0.567623039 0.000000000
QK:/rc/cr: 0.001357727 0.533380230 0.465262043
QK:/rc/rr: 0.000000000 0.198057552 0.801942448
QK:/rrc/: 0.129429403 0.870570597 0.000000000
QK:/rrc/cr: 0.000008361 0.292462349 0.707529290
QK:/rrc/rr: 0.000000000 0.000013022 0.999986978
QQ:/cc/: 0.520138707 0.479861293 0.000000000
QQ:/cc/cr: 0.999973110 0.000013445 0.000013445
QQ:/cc/rr: 0.000000000 0.999981394 0.000018606
QQ:/crc/: 0.994456800 0.005543200 0.000000000
QQ:/crc/cr: 0.999092917 0.000453542 0.000453542
QQ:/crc/rr: 0.000000000 0.999996208 0.000003792
QQ:/crrc/: 0.070789588 0.929210412 0.000000000
QQ:/crrc/cr: 0.999967760 0.000016227 0.000016013
QQ:/crrc/rr: 0.000000000 0.999684713 0.000315287
QQ:/rc/: 0.501217804 0.498782196 0.000000000
QQ:/rc/cr: 0.999990168 0.000005326 0.000004505
QQ:/rc/rr: 0.000000000 0.999993275 0.000006725
QQ:/rrc/: 0.986231915 0.013768085 0.000000000
QQ:/rrc/cr: 0.999836783 0.000081609 0.000081609
QQ:/rrc/rr: 0.000000000 0.999998291 0.000001709
