J:/c: 0.296391289 0.703608711 0.000000000
J:/crr: 0.000000000 0.999983130 0.000016870
J:/r: 0.056488180 0.125501856 0.818009963
JJ:/cc/c: 0.999992894 0.000007106 0.000000000
JJ:/cc/crr: 0.000000000 0.999996447 0.000003553
JJ:/cc/r: 0.999986870 0.000008392 0.000004737
JJ:/crc/c: 0.999983130 0.000016870 0.000000000
JJ:/crc/crr: 0.000000000 0.999991565 0.000008435
JJ:/crc/r: 0.999963708 0.000025046 0.000011246
JJ:/crrc/c: 0.999991565 0.000008435 0.000000000
JJ:/crrc/crr: 0.000000000 0.999995782 0.000004218
JJ:/crrc/r: 0.999988753 0.000005623 0.000005623
JJ:/rc/c: 0.999973440 0.000026560 0.000000000
JJ:/rc/crr: 0.000000000 0.999986720 0.000013280
JJ:/rc/r: 0.999959054 0.000023239 0.000017707
JJ:/rrc/c: 0.999940991 0.000059009 0.000000000
JJ:/rrc/crr: 0.000000000 0.999970494 0.000029506
JJ:/rrc/r: 0.999850826 0.000109834 0.000039340
JK:/cc/c: 0.005982562 0.994017438 0.000000000
JK:/cc/crr: 0.000000000 0.000593911 0.999406089
JK:/cc/r: 0.000010724 0.000004737 0.999984539
JK:/crc/c: 0.543264994 0.456735006 0.000000000
JK:/crc/crr: 0.000000000 0.000015526 0.999984474
JK:/crc/r: 0.024849828 0.000011246 0.975138926
JK:/crrc/c: 0.464788634 0.535211366 0.000000000
JK:/crrc/crr: 0.000000000 0.000009074 0.999990926
JK:/crrc/r: 0.225066722 0.000005623 0.774927654
JK:/rc/c: 0.379667274 0.620332726 0.000000000
JK:/rc/crr: 0.000000000 0.000034978 0.999965022
JK:/rc/r: 0.364199507 0.000017707 0.635782786
JK:/rrc/c: 0.999940991 0.000059009 0.000000000
JK:/rrc/crr: 0.000000000 0.000029506 0.999970494
JK:/rrc/r: 0.338909491 0.000039340 0.661051170
JQ:/cc/c: 0.068769871 0.931230129 0.000000000
JQ:/cc/crr: 0.000000000 0.000051667 0.999948333
JQ:/cc/r: 0.037153786 0.000004737 0.962841477
JQ:/crc/c: 0.579878165 0.420121835 0.000000000
JQ:/crc/crr: 0.000000000 0.000014546 0.999985454
JQ:/crc/r: 0.044161136 0.000011246 0.955827617
JQ:/crrc/c: 0.042993139 0.957006861 0.000000000
JQ:/crrc/crr: 0.000000000 0.000098096 0.999901904
JQ:/crrc/r: 0.241828805 0.000005623 0.758165572
JQ:/rc/c: 0.998400859 0.001599141 0.000000000
JQ:/rc/crr: 0.000000000 0.000013301 0.999986699
JQ:/rc/r: 0.000017707 0.000017707 0.999964587
JQ:/rrc/c: 0.020139359 0.979860641 0.000000000
JQ:/rrc/crr: 0.000000000 0.001465027 0.998534973
JQ:/rrc/r: 0.457517467 0.000039340 0.542443193
K:/c: 0.999969996 0.000030004 0.000000000
K:/crr: 0.000000000 0.999995000 0.000005000
K:/r: 0.588647209 0.411346124 0.000006667
KJ:/cc/c: 0.326637627 0.673362373 0.000000000
KJ:/cc/crr: 0.000000000 0.744906809 0.255093191
KJ:/cc/r: 0.313210791 0.133148167 0.553641042
KJ:/crc/c: 0.114646811 0.885353189 0.000000000
KJ:/crc/crr: 0.000000000 0.999978193 0.000021807
KJ:/crc/r: 0.000030004 0.741994559 0.257975436
KJ:/crrc/c: 0.410073178 0.589926822 0.000000000
KJ:/crrc/crr: 0.000000000 0.999996952 0.000003048
KJ:/crrc/r: 0.037768428 0.810819250 0.151412322
KJ:/rc/c: 0.402787868 0.597212132 0.000000000
KJ:/rc/crr: 0.000000000 0.770225553 0.229774447
KJ:/rc/r: 0.020284764 0.754075510 0.225639726
KJ:/rrc/c: 0.086715551 0.913284449 0.000000000
KJ:/rrc/crr: 0.000000000 0.999967349 0.000032651
KJ:/rrc/r: 0.046492033 0.891289608 0.062218359
KK:/cc/c: 0.833353931 0.166646069 0.000000000
KK:/cc/crr: 0.000000000 0.900014830 0.099985170
KK:/cc/r: 0.568641667 0.320260954 0.111097379
KK:/crc/c: 0.999995000 0.000005000 0.000000000
KK:/crc/crr: 0.000000000 0.999997500 0.000002500
KK:/crc/r: 0.985547371 0.014449295 0.000003333
KK:/crrc/c: 0.999997500 0.000002500 0.000000000
KK:/crrc/crr: 0.000000000 0.999998750 0.000001250
KK:/crrc/r: 0.999980790 0.000017544 0.000001667
KK:/rc/c: 0.999991897 0.000008103 0.000000000
KK:/rc/crr: 0.000000000 0.999995948 0.000004052
KK:/rc/r: 0.999979827 0.000014771 0.000005402
KK:/rrc/c: 0.999994337 0.000005663 0.000000000
KK:/rrc/crr: 0.000000000 0.999997169 0.000002831
KK:/rrc/r: 0.999726617 0.000269608 0.000003775
KQ:/cc/c: 0.491848265 0.508151735 0.000000000
KQ:/cc/crr: 0.000000000 0.830591993 0.169408007
KQ:/cc/r: 0.461084672 0.427812149 0.111103180
KQ:/crc/c: 0.001265545 0.998734455 0.000000000
KQ:/crc/crr: 0.000000000 0.036338816 0.963661184
KQ:/crc/r: 0.000009207 0.446940695 0.553050098
KQ:/crrc/c: 0.628056085 0.371943915 0.000000000
KQ:/crrc/crr: 0.000000000 0.395223815 0.604776185
KQ:/crrc/r: 0.000004278 0.719622757 0.280372965
KQ:/rc/c: 0.000601046 0.999398954 0.000000000
KQ:/rc/crr: 0.000000000 0.006741143 0.993258857
KQ:/rc/r: 0.000018030 0.297254677 0.702727294
KQ:/rrc/c: 0.506170420 0.493829580 0.000000000
KQ:/rrc/crr: 0.000000000 0.531635547 0.468364453
KQ:/rrc/r: 0.067479038 0.564895094 0.367625867
Q:/c: 0.850858721 0.149141279 0.000000000
Q:/crr: 0.000000000 0.999994124 0.000005876
Q:/r: 0.373551533 0.626416203 0.000032264
QJ:/cc/c: 0.000384965 0.999615035 0.000000000
QJ:/cc/crr: 0.000000000 0.043543227 0.956456773
QJ:/cc/r: 0.000022350 0.000022350 0.999955300
QJ:/crc/c: 0.445603798 0.554396202 0.000000000
QJ:/crc/crr: 0.000000000 0.009198457 0.990801543
QJ:/crc/r: 0.000003918 0.000003918 0.999992165
QJ:/crrc/c: 0.000002938 0.999997062 0.000000000
QJ:/crrc/crr: 0.000000000 0.500000000 0.500000000
QJ:/crrc/r: 0.016844311 0.000001959 0.983153730
QJ:/rc/c: 0.000005321 0.999994679 0.000000000
QJ:/rc/crr: 0.000000000 0.500000000 0.500000000
QJ:/rc/r: 0.020053451 0.000003548 0.979943001
QJ:/rrc/c: 0.000096710 0.999903290 0.000000000
QJ:/rrc/crr: 0.000000000 0.046134796 0.953865204
QJ:/rrc/r: 0.000055129 0.000005949 0.999938922
QK:/cc/c: 0.025761252 0.974238748 0.000000000
QK:/cc/crr: 0.000000000 0.999349308 0.000650692
QK:/cc/r: 0.000101016 0.772225228 0.227673755
QK:/crc/c: 0.305764693 0.694235307 0.000000000
QK:/crc/crr: 0.000000000 0.001141653 0.998858347
QK:/crc/r: 0.000073129 0.452374468 0.547552404
QK:/crrc/c: 0.055959741 0.944040259 0.000000000
QK:/crrc/crr: 0.000000000 0.006670977 0.993329023
QK:/crrc/r: 0.000027616 0.273671785 0.726300599
QK:/rc/c: 0.368647353 0.631352647 0.000000000
QK:/rc/crr: 0.000000000 0.005448869 0.994551131
QK:/rc/r: 0.000010062 0.307922080 0.692067858
QK:/rrc/c: 0.414315671 0.585684329 0.000000000
QK:/rrc/crr: 0.000000000 0.030546954 0.969453046
QK:/rrc/r: 0.000065863 0.499287921 0.500646216
QQ:/cc/c: 0.999966475 0.000033525 0.000000000
QQ:/cc/crr: 0.000000000 0.999983237 0.000016763
QQ:/cc/r: 0.999927855 0.000049795 0.000022350
QQ:/crc/c: 0.999994124 0.000005876 0.000000000
QQ:/crc/crr: 0.000000000 0.999997062 0.000002938
QQ:/crc/r: 0.883923947 0.116072135 0.000003918
QQ:/crrc/c: 0.999997062 0.000002938 0.000000000
QQ:/crrc/crr: 0.000000000 0.999998531 0.000001469
QQ:/crrc/r: 0.999681887 0.000316154 0.000001959
QQ:/rc/c: 0.999994679 0.000005321 0.000000000
QQ:/rc/crr: 0.000000000 0.999997339 0.000002661
QQ:/rc/r: 0.999991509 0.000004943 0.000003548
QQ:/rrc/c: 0.999991077 0.000008923 0.000000000
QQ:/rrc/crr: 0.000000000 0.999995538 0.000004462
QQ:/rrc/r: 0.999958364 0.000035687 0.000005949
