J:/c: 0.303239734 0.696760266 0.000000000
J:/crr: 0.000000000 0.999983511 0.000016489
J:/r: 0.054196688 0.125717015 0.820086297
JJ:/cc/c: 0.999992824 0.000007176 0.000000000
JJ:/cc/crr: 0.000000000 0.999996412 0.000003588
JJ:/cc/r: 0.999407950 0.000587266 0.000004784
JJ:/crc/c: 0.999983511 0.000016489 0.000000000
JJ:/crc/crr: 0.000000000 0.999991756 0.000008244
JJ:/crc/r: 0.999166005 0.000823002 0.000010992
JJ:/crrc/c: 0.999991756 0.000008244 0.000000000
JJ:/crrc/crr: 0.000000000 0.999995878 0.000004122
JJ:/crrc/r: 0.999987031 0.000007472 0.000005496
JJ:/rc/c: 0.999973485 0.000026515 0.000000000
JJ:/rc/crr: 0.000000000 0.999986742 0.000013258
JJ:/rc/r: 0.999934982 0.000047342 0.000017676
JJ:/rrc/c: 0.999938496 0.000061504 0.000000000
JJ:/rrc/crr: 0.000000000 0.999969246 0.000030754
JJ:/rrc/r: 0.999917994 0.000041003 0.000041003
JK:/cc/c: 0.007329924 0.992670076 0.000000000
JK:/cc/crr: 0.000000000 0.000489505 0.999510495
JK:/cc/r: 0.000013938 0.000004784 0.999981278
JK:/crc/c: 0.556258355 0.443741645 0.000000000
JK:/crc/crr: 0.000000000 0.000014821 0.999985179
JK:/crc/r: 0.004320148 0.000010992 0.995668860
JK:/crrc/c: 0.292891158 0.707108842 0.000000000
JK:/crrc/crr: 0.000000000 0.000014074 0.999985926
JK:/crrc/r: 0.285024231 0.000005496 0.714970273
JK:/rc/c: 0.377280968 0.622719032 0.000000000
JK:/rc/crr: 0.000000000 0.000035139 0.999964861
JK:/rc/r: 0.354811667 0.000017676 0.645170657
JK:/rrc/c: 0.999938496 0.000061504 0.000000000
JK:/rrc/crr: 0.000000000 0.000030754 0.999969246
JK:/rrc/r: 0.329910117 0.000041003 0.670048880
JQ:/cc/c: 0.067849096 0.932150904 0.000000000
JQ:/cc/crr: 0.000000000 0.000052883 0.999947117
JQ:/cc/r: 0.039773359 0.000004784 0.960221857
JQ:/crc/c: 0.437068022 0.562931978 0.000000000
JQ:/crc/crr: 0.000000000 0.000018863 0.999981137
JQ:/crc/r: 0.026626996 0.000010992 0.973362012
JQ:/crrc/c: 0.025686204 0.974313796 0.000000000
JQ:/crrc/crr: 0.000000000 0.000160484 0.999839516
JQ:/crrc/r: 0.212434003 0.000005496 0.787560501
JQ:/rc/c: 0.999051396 0.000948604 0.000000000
JQ:/rc/crr: 0.000000000 0.000013270 0.999986730
JQ:/rc/r: 0.000017676 0.000017676 0.999964647
JQ:/rrc/c: 0.033172701 0.966827299 0.000000000
JQ:/rrc/crr: 0.000000000 0.000927033 0.999072967
JQ:/rrc/r: 0.475314973 0.000041003 0.524644024
K:/c: 0.999990000 0.000010000 0.000000000
K:/crr: 0.000000000 0.999995000 0.000005000
K:/r: 0.583651907 0.416341426 0.000006667
KJ:/cc/c: 0.500000000 0.500000000 0.000000000
KJ:/cc/crr: 0.000000000 0.500000000 0.500000000
KJ:/cc/r: 0.333333333 0.333333333 0.333333333
KJ:/crc/c: 0.104267843 0.895732157 0.000000000
KJ:/crc/crr: 0.000000000 0.999976023 0.000023977
KJ:/crc/r: 0.000020962 0.729807084 0.270171954
KJ:/crrc/c: 0.453047851 0.546952149 0.000000000
KJ:/crrc/crr: 0.000000000 0.999997241 0.000002759
KJ:/crrc/r: 0.063886512 0.813118030 0.122995458
KJ:/rc/c: 0.434584536 0.565415464 0.000000000
KJ:/rc/crr: 0.000000000 0.893645591 0.106354409
KJ:/rc/r: 0.028603066 0.789668792 0.181728142
KJ:/rrc/c: 0.221681011 0.778318989 0.000000000
KJ:/rrc/crr: 0.000000000 0.999987119 0.000012881
KJ:/rrc/r: 0.024912605 0.915547368 0.059540027
KK:/cc/c: 0.500000000 0.500000000 0.000000000
KK:/cc/crr: 0.000000000 0.500000000 0.500000000
KK:/cc/r: 0.333333333 0.333333333 0.333333333
KK:/crc/c: 0.999995000 0.000005000 0.000000000
KK:/crc/crr: 0.000000000 0.999997500 0.000002500
KK:/crc/r: 0.985149201 0.014847466 0.000003333
KK:/crrc/c: 0.999997500 0.000002500 0.000000000
KK:/crrc/crr: 0.000000000 0.999998750 0.000001250
KK:/crrc/r: 0.999839041 0.000159292 0.000001667
KK:/rc/c: 0.999991994 0.000008006 0.000000000
KK:/rc/crr: 0.000000000 0.999995997 0.000004003
KK:/rc/r: 0.999976815 0.000017847 0.000005337
KK:/rrc/c: 0.999994289 0.000005711 0.000000000
KK:/rrc/crr: 0.000000000 0.999997144 0.000002856
KK:/rrc/r: 0.997641794 0.002354398 0.000003807
KQ:/cc/c: 0.500000000 0.500000000 0.000000000
KQ:/cc/crr: 0.000000000 0.500000000 0.500000000
KQ:/cc/r: 0.333333333 0.333333333 0.333333333
KQ:/crc/c: 0.133019757 0.866980243 0.000000000
KQ:/crc/crr: 0.000000000 0.000633757 0.999366243
KQ:/crc/r: 0.000015546 0.427180133 0.572804321
KQ:/crrc/c: 0.645387119 0.354612881 0.000000000
KQ:/crrc/crr: 0.000000000 0.476183752 0.523816248
KQ:/crrc/r: 0.000683404 0.832495729 0.166820867
KQ:/rc/c: 0.000424096 0.999575904 0.000000000
KQ:/rc/crr: 0.000000000 0.051803326 0.948196674
KQ:/rc/r: 0.000010731 0.299498021 0.700491249
KQ:/rrc/c: 0.497375808 0.502624192 0.000000000
KQ:/rrc/crr: 0.000000000 0.550291212 0.449708788
KQ:/rrc/r: 0.063714524 0.571319184 0.364966292
Q:/c: 0.852200418 0.147799582 0.000000000
Q:/crr: 0.000000000 0.999994133 0.000005867
Q:/r: 0.371459198 0.628515068 0.000025733
QJ:/cc/c: 0.000033830 0.999966170 0.000000000
QJ:/cc/crr: 0.000000000 0.500000000 0.500000000
QJ:/cc/r: 0.000022553 0.000022553 0.999954894
QJ:/crc/c: 0.445027550 0.554972450 0.000000000
QJ:/crc/crr: 0.000000000 0.008326169 0.991673831
QJ:/crc/r: 0.000003911 0.000003911 0.999992177
QJ:/crrc/c: 0.000002934 0.999997066 0.000000000
QJ:/crrc/crr: 0.000000000 0.500000000 0.500000000
QJ:/crrc/r: 0.000001956 0.000001956 0.999996089
QJ:/rc/c: 0.000005304 0.999994696 0.000000000
QJ:/rc/crr: 0.000000000 0.500000000 0.500000000
QJ:/rc/r: 0.015241811 0.000003536 0.984754654
QJ:/rrc/c: 0.000008974 0.999991026 0.000000000
QJ:/rrc/crr: 0.000000000 0.500000000 0.500000000
QJ:/rrc/r: 0.000047307 0.000005982 0.999946711
QK:/cc/c: 0.020374874 0.979625126 0.000000000
QK:/cc/crr: 0.000000000 0.999169821 0.000830179
QK:/cc/r: 0.000131489 0.727864470 0.272004042
QK:/crc/c: 0.272206565 0.727793435 0.000000000
QK:/crc/crr: 0.000000000 0.000695083 0.999304917
QK:/crc/r: 0.000034184 0.470816013 0.529149803
QK:/crrc/c: 0.302665391 0.697334609 0.000000000
QK:/crrc/crr: 0.000000000 0.000955661 0.999044339
QK:/crrc/r: 0.000033503 0.250532753 0.749433744
QK:/rc/c: 0.379093105 0.620906895 0.000000000
QK:/rc/crr: 0.000000000 0.000317677 0.999682323
QK:/rc/r: 0.000004425 0.319686651 0.680308924
QK:/rrc/c: 0.437869124 0.562130876 0.000000000
QK:/rrc/crr: 0.000000000 0.025521904 0.974478096
QK:/rrc/r: 0.000045014 0.495883770 0.504071216
QQ:/cc/c: 0.999966170 0.000033830 0.000000000
QQ:/cc/crr: 0.000000000 0.999983085 0.000016915
QQ:/cc/r: 0.994499574 0.005477873 0.000022553
QQ:/crc/c: 0.999994133 0.000005867 0.000000000
QQ:/crc/crr: 0.000000000 0.999997066 0.000002934
QQ:/crc/r: 0.967984281 0.032011807 0.000003911
QQ:/crrc/c: 0.999997066 0.000002934 0.000000000
QQ:/crrc/crr: 0.000000000 0.999998533 0.000001467
QQ:/crrc/r: 0.999893803 0.000104241 0.000001956
QQ:/rc/c: 0.999994696 0.000005304 0.000000000
QQ:/rc/crr: 0.000000000 0.999997348 0.000002652
QQ:/rc/r: 0.999992404 0.000004060 0.000003536
QQ:/rrc/c: 0.999991026 0.000008974 0.000000000
QQ:/rrc/crr: 0.000000000 0.999995513 0.000004487
QQ:/rrc/r: 0.999964816 0.000029202 0.000005982
