J:/: 0.073836744 0.926163256 0.000000000
J:/cr: 0.019225634 0.034852225 0.945922142
J:/rr: 0.000000000 0.999932283 0.000067717
JJ:/cc/: 0.000034195 0.999965805 0.000000000
JJ:/cc/cr: 0.999996401 0.000001800 0.000001800
JJ:/cc/rr: 0.000000000 0.921062272 0.078937728
JJ:/crc/: 0.971195359 0.028804641 0.000000000
JJ:/crc/cr: 0.998804975 0.000597512 0.000597512
JJ:/crc/rr: 0.000000000 0.999973418 0.000026582
JJ:/crrc/: 0.949832195 0.050167805 0.000000000
JJ:/crrc/cr: 0.998756161 0.000621920 0.000621920
JJ:/crrc/rr: 0.000000000 0.999950728 0.000049272
JJ:/rc/: 0.915276045 0.084723955 0.000000000
JJ:/rc/cr: 0.999467156 0.000266422 0.000266422
JJ:/rc/rr: 0.000000000 0.999963007 0.000036993
JJ:/rrc/: 0.999966139 0.000033861 0.000000000
JJ:/rrc/cr: 0.333333333 0.333333333 0.333333333
JJ:/rrc/rr: 0.000000000 0.999983069 0.000016931
JK:/cc/: 0.092306270 0.907693730 0.000000000
JK:/cc/cr: 0.000121632 0.000001983 0.999876385
JK:/cc/rr: 0.000000000 0.000029243 0.999970757
JK:/crc/: 0.037185437 0.962814563 0.000000000
JK:/crc/cr: 0.015544324 0.000017876 0.984437801
JK:/crc/rr: 0.000000000 0.000694269 0.999305731
JK:/crrc/: 0.999906399 0.000093601 0.000000000
JK:/crrc/cr: 0.333333333 0.333333333 0.333333333
JK:/crrc/rr: 0.000000000 0.000046805 0.999953195
JK:/rc/: 0.996172719 0.003827281 0.000000000
JK:/rc/cr: 0.988204512 0.005897744 0.005897744
JK:/rc/rr: 0.000000000 0.000033989 0.999966011
JK:/rrc/: 0.539254200 0.460745800 0.000000000
JK:/rrc/cr: 0.891744143 0.000024497 0.108231360
JK:/rrc/rr: 0.000000000 0.000031396 0.999968604
JQ:/cc/: 0.167050834 0.832949166 0.000000000
JQ:/cc/cr: 0.000002160 0.000002160 0.999995679
JQ:/cc/rr: 0.000000000 0.000016159 0.999983841
JQ:/crc/: 0.993583872 0.006416128 0.000000000
JQ:/crc/cr: 0.734518436 0.002682480 0.262799085
JQ:/crc/rr: 0.000000000 0.000025983 0.999974017
JQ:/crrc/: 0.045050593 0.954949407 0.000000000
JQ:/crrc/cr: 0.139614456 0.000032672 0.860352872
JQ:/crrc/rr: 0.000000000 0.001038843 0.998961157
JQ:/rc/: 0.997595491 0.002404509 0.000000000
JQ:/rc/cr: 0.009387496 0.009387496 0.981225007
JQ:/rc/rr: 0.000000000 0.000033940 0.999966060
JQ:/rrc/: 0.130297357 0.869702643 0.000000000
JQ:/rrc/cr: 0.000012978 0.000012978 0.999974044
JQ:/rrc/rr: 0.000000000 0.000129937 0.999870063
K:/: 0.753631667 0.246368333 0.000000000
K:/cr: 0.692326611 0.307659860 0.000013530
K:/rr: 0.000000000 0.999993365 0.000006635
KJ:/cc/: 0.000020295 0.999979705 0.000000000
KJ:/cc/cr: 0.000006765 0.000006765 0.999986470
KJ:/cc/rr: 0.000000000 0.500000000 0.500000000
KJ:/crc/: 0.000047664 0.999952336 0.000000000
KJ:/crc/cr: 0.000030996 0.999961674 0.000007330
KJ:/crc/rr: 0.000000000 0.769339957 0.230660043
KJ:/crrc/: 0.055715513 0.944284487 0.000000000
KJ:/crrc/cr: 0.000953019 0.998859999 0.000186983
KJ:/crrc/rr: 0.000000000 0.357766550 0.642233450
KJ:/rc/: 0.040529122 0.959470878 0.000000000
KJ:/rc/cr: 0.005310600 0.970598618 0.024090781
KJ:/rc/rr: 0.000000000 0.249284990 0.750715010
KJ:/rrc/: 0.081593036 0.918406964 0.000000000
KJ:/rrc/cr: 0.000176427 0.999822369 0.000001204
KJ:/rrc/rr: 0.000000000 0.512269098 0.487730902
KK:/cc/: 0.998722503 0.001277497 0.000000000
KK:/cc/cr: 0.989409077 0.005295461 0.005295461
KK:/cc/rr: 0.000000000 0.999989840 0.000010160
KK:/crc/: 0.078833655 0.921166345 0.000000000
KK:/crc/cr: 0.999984087 0.000007957 0.000007957
KK:/crc/rr: 0.000000000 0.999860539 0.000139461
KK:/crrc/: 0.997594998 0.002405002 0.000000000
KK:/crrc/cr: 0.997291392 0.001354304 0.001354304
KK:/crrc/rr: 0.000000000 0.999995103 0.000004897
KK:/rc/: 0.813507992 0.186492008 0.000000000
KK:/rc/cr: 0.999976283 0.000011858 0.000011858
KK:/rc/rr: 0.000000000 0.999995922 0.000004078
KK:/rrc/: 0.519457567 0.480542433 0.000000000
KK:/rrc/cr: 0.999995398 0.000002301 0.000002301
KK:/rrc/rr: 0.000000000 0.999996807 0.000003193
KQ:/cc/: 0.000053647 0.999946353 0.000000000
KQ:/cc/cr: 0.000035517 0.431950274 0.568014209
KQ:/cc/rr: 0.000000000 0.810847768 0.189152232
KQ:/crc/: 0.896774032 0.103225968 0.000000000
KQ:/crc/cr: 0.000496873 0.557850687 0.441652440
KQ:/crc/rr: 0.000000000 0.000016605 0.999983395
KQ:/crrc/: 0.004726096 0.995273904 0.000000000
KQ:/crrc/cr: 0.000066411 0.771168990 0.228764599
KQ:/crrc/rr: 0.000000000 0.005569231 0.994430769
KQ:/rc/: 0.000113554 0.999886446 0.000000000
KQ:/rc/cr: 0.000002212 0.478898019 0.521099769
KQ:/rc/rr: 0.000000000 0.450423589 0.549576411
KQ:/rrc/: 0.711066900 0.288933100 0.000000000
KQ:/rrc/cr: 0.024828035 0.879629635 0.095542330
KQ:/rrc/rr: 0.000000000 0.389434069 0.610565931
Q:/: 0.750513437 0.249486563 0.000000000
Q:/cr: 0.149367315 0.850535856 0.000096828
Q:/rr: 0.000000000 0.999993338 0.000006662
QJ:/cc/: 0.000020041 0.999979959 0.000000000
QJ:/cc/cr: 0.000006681 0.000006681 0.999986639
QJ:/cc/rr: 0.000000000 0.500000000 0.500000000
QJ:/crc/: 0.030429739 0.969570261 0.000000000
QJ:/crc/cr: 0.002628156 0.000002700 0.997369144
QJ:/crc/rr: 0.000000000 0.000129057 0.999870943
QJ:/crrc/: 0.018980949 0.981019051 0.000000000
QJ:/crrc/cr: 0.000542527 0.000015197 0.999442276
QJ:/crrc/rr: 0.000000000 0.001178143 0.998821857
QJ:/rc/: 0.012590709 0.987409291 0.000000000
QJ:/rc/cr: 0.000002249 0.000002249 0.999995502
QJ:/rc/rr: 0.000000000 0.000264564 0.999735436
QJ:/rrc/: 0.000003331 0.999996669 0.000000000
QJ:/rrc/cr: 0.000001110 0.000001110 0.999997779
QJ:/rrc/rr: 0.000000000 0.500000000 0.500000000
QK:/cc/: 0.561936287 0.438063713 0.000000000
QK:/cc/cr: 0.001736626 0.998232575 0.000030799
QK:/cc/rr: 0.000000000 0.148375298 0.851624702
QK:/crc/: 0.004746972 0.995253028 0.000000000
QK:/crc/cr: 0.000002670 0.560896588 0.439100742
QK:/crc/rr: 0.000000000 0.000827299 0.999172701
QK:/crrc/: 0.971832494 0.028167506 0.000000000
QK:/crrc/cr: 0.000783126 0.728997353 0.270219521
QK:/crrc/rr: 0.000000000 0.000656336 0.999343664
QK:/rc/: 0.426022306 0.573977694 0.000000000
QK:/rc/cr: 0.010160724 0.534320748 0.455518528
QK:/rc/rr: 0.000000000 0.192726814 0.807273186
QK:/rrc/: 0.123633791 0.876366209 0.000000000
QK:/rrc/cr: 0.000001267 0.301664773 0.698333960
QK:/rrc/rr: 0.000000000 0.000214047 0.999785953
QQ:/cc/: 0.510477258 0.489522742 0.000000000
QQ:/cc/cr: 0.999972707 0.000013647 0.000013647
QQ:/cc/rr: 0.000000000 0.999980370 0.000019630
QQ:/crc/: 0.993821018 0.006178982 0.000000000
QQ:/crc/cr: 0.999152576 0.000423712 0.000423712
QQ:/crc/rr: 0.000000000 0.999996048 0.000003952
QQ:/crrc/: 0.178643098 0.821356902 0.000000000
QQ:/crrc/cr: 0.999963699 0.000018151 0.000018151
QQ:/crrc/rr: 0.000000000 0.999874821 0.000125179
QQ:/rc/: 0.486630995 0.513369005 0.000000000
QQ:/rc/cr: 0.999990870 0.000004805 0.000004326
QQ:/rc/rr: 0.000000000 0.999993155 0.000006845
QQ:/rrc/: 0.983543204 0.016456796 0.000000000
QQ:/rrc/cr: 0.999865058 0.000067471 0.000067471
QQ:/rrc/rr: 0.000000000 0.999998307 0.000001693
