J:/c: 0.296896310 0.703103690 0.000000000
J:/crr: 0.000000000 0.999983159 0.000016841
J:/r: 0.054054480 0.130730729 0.815214792
JJ:/cc/c: 0.999992889 0.000007111 0.000000000
JJ:/cc/crr: 0.000000000 0.999996444 0.000003556
JJ:/cc/r: 0.999986783 0.000008476 0.000004741
JJ:/crc/c: 0.999983159 0.000016841 0.000000000
JJ:/crc/crr: 0.000000000 0.999991579 0.000008421
JJ:/crc/r: 0.999977545 0.000011227 0.000011227
JJ:/crrc/c: 0.999991579 0.000008421 0.000000000
JJ:/crrc/crr: 0.000000000 0.999995790 0.000004210
JJ:/crrc/r: 0.999988773 0.000005614 0.000005614
JJ:/rc/c: 0.999974502 0.000025498 0.000000000
JJ:/rc/crr: 0.000000000 0.999987251 0.000012749
JJ:/rc/r: 0.999952261 0.000030740 0.000016998
JJ:/rrc/c: 0.999938334 0.000061666 0.000000000
JJ:/rrc/crr: 0.000000000 0.999969165 0.000030835
JJ:/rrc/r: 0.999784713 0.000174176 0.000041111
JK:/cc/c: 0.005645505 0.994354495 0.000000000
JK:/cc/crr: 0.000000000 0.000629822 0.999370178
JK:/cc/r: 0.000009577 0.000004741 0.999985682
JK:/crc/c: 0.526363555 0.473636445 0.000000000
JK:/crc/crr: 0.000000000 0.000015997 0.999984003
JK:/crc/r: 0.072636717 0.000011227 0.927352056
JK:/crrc/c: 0.441679075 0.558320925 0.000000000
JK:/crrc/crr: 0.000000000 0.000009532 0.999990468
JK:/crrc/r: 0.204096987 0.000005614 0.795897399
JK:/rc/c: 0.380929091 0.619070909 0.000000000
JK:/rc/crr: 0.000000000 0.000033468 0.999966532
JK:/rc/r: 0.357884133 0.000016998 0.642098868
JK:/rrc/c: 0.999900942 0.000099058 0.000000000
JK:/rrc/crr: 0.000000000 0.000030836 0.999969164
JK:/rrc/r: 0.293687281 0.000041111 0.706271608
JQ:/cc/c: 0.068830500 0.931169500 0.000000000
JQ:/cc/crr: 0.000000000 0.000051658 0.999948342
JQ:/cc/r: 0.037173699 0.000004741 0.962821560
JQ:/crc/c: 0.553257868 0.446742132 0.000000000
JQ:/crc/crr: 0.000000000 0.000015220 0.999984780
JQ:/crc/r: 0.007780927 0.000011227 0.992207846
JQ:/crrc/c: 0.043290735 0.956709265 0.000000000
JQ:/crrc/crr: 0.000000000 0.000097256 0.999902744
JQ:/crrc/r: 0.242213033 0.000005614 0.757781354
JQ:/rc/c: 0.996903701 0.003096299 0.000000000
JQ:/rc/crr: 0.000000000 0.000012788 0.999987212
JQ:/rc/r: 0.000032888 0.000016998 0.999950114
JQ:/rrc/c: 0.015658431 0.984341569 0.000000000
JQ:/rrc/crr: 0.000000000 0.001969105 0.998030895
JQ:/rrc/r: 0.403887810 0.000041111 0.596071079
K:/c: 0.999969608 0.000030392 0.000000000
K:/crr: 0.000000000 0.999995000 0.000005000
K:/r: 0.566176620 0.433816713 0.000006667
KJ:/cc/c: 0.305849083 0.694150917 0.000000000
KJ:/cc/crr: 0.000000000 0.731044889 0.268955111
KJ:/cc/r: 0.495586019 0.215907630 0.288506351
KJ:/crc/c: 0.083512389 0.916487611 0.000000000
KJ:/crc/crr: 0.000000000 0.999970063 0.000029937
KJ:/crc/r: 0.000083007 0.725032047 0.274884946
KJ:/crrc/c: 0.370818388 0.629181612 0.000000000
KJ:/crrc/crr: 0.000000000 0.764112790 0.235887210
KJ:/crrc/r: 0.000967666 0.885548605 0.113483729
KJ:/rc/c: 0.407536528 0.592463472 0.000000000
KJ:/rc/crr: 0.000000000 0.831542038 0.168457962
KJ:/rc/r: 0.022866032 0.744522355 0.232611613
KJ:/rrc/c: 0.193596582 0.806403418 0.000000000
KJ:/rrc/crr: 0.000000000 0.999984795 0.000015205
KJ:/rrc/r: 0.040856336 0.886353029 0.072790635
KK:/cc/c: 0.835480652 0.164519348 0.000000000
KK:/cc/crr: 0.000000000 0.901542096 0.098457904
KK:/cc/r: 0.593355779 0.296964655 0.109679565
KK:/crc/c: 0.999995000 0.000005000 0.000000000
KK:/crc/crr: 0.000000000 0.999997500 0.000002500
KK:/crc/r: 0.931596896 0.068399771 0.000003333
KK:/crrc/c: 0.999997500 0.000002500 0.000000000
KK:/crrc/crr: 0.000000000 0.999998750 0.000001250
KK:/crrc/r: 0.999945976 0.000052357 0.000001667
KK:/rc/c: 0.999992316 0.000007684 0.000000000
KK:/rc/crr: 0.000000000 0.999996158 0.000003842
KK:/rc/r: 0.999981106 0.000013772 0.000005122
KK:/rrc/c: 0.999994113 0.000005887 0.000000000
KK:/rrc/crr: 0.000000000 0.999997056 0.000002944
KK:/rrc/r: 0.999838018 0.000158057 0.000003925
KQ:/cc/c: 0.835480652 0.164519348 0.000000000
KQ:/cc/crr: 0.000000000 0.901542096 0.098457904
KQ:/cc/r: 0.494104374 0.390991103 0.114904523
KQ:/crc/c: 0.037012206 0.962987794 0.000000000
KQ:/crc/crr: 0.000000000 0.002308041 0.997691959
KQ:/crc/r: 0.000022609 0.449934974 0.550042417
KQ:/crrc/c: 0.626738554 0.373261446 0.000000000
KQ:/crrc/crr: 0.000000000 0.404707887 0.595292113
KQ:/crrc/r: 0.000038159 0.731602332 0.268359508
KQ:/rc/c: 0.001403143 0.998596857 0.000000000
KQ:/rc/crr: 0.000000000 0.039875485 0.960124515
KQ:/rc/r: 0.000020144 0.302773055 0.697206800
KQ:/rrc/c: 0.491856813 0.508143187 0.000000000
KQ:/rrc/crr: 0.000000000 0.529980512 0.470019488
KQ:/rrc/r: 0.081313927 0.551334269 0.367351803
Q:/c: 0.849526399 0.150473601 0.000000000
Q:/crr: 0.000000000 0.999994114 0.000005886
Q:/r: 0.348552418 0.651384584 0.000062998
QJ:/cc/c: 0.000489507 0.999510493 0.000000000
QJ:/cc/crr: 0.000000000 0.033940697 0.966059303
QJ:/cc/r: 0.000022152 0.000022152 0.999955695
QJ:/crc/c: 0.387997307 0.612002693 0.000000000
QJ:/crc/crr: 0.000000000 0.095635786 0.904364214
QJ:/crc/r: 0.000003924 0.000003924 0.999992152
QJ:/crrc/c: 0.000002943 0.999997057 0.000000000
QJ:/crrc/crr: 0.000000000 0.500000000 0.500000000
QJ:/crrc/r: 0.020750556 0.000001962 0.979247482
QJ:/rc/c: 0.000040566 0.999959434 0.000000000
QJ:/rc/crr: 0.000000000 0.063073192 0.936926808
QJ:/rc/r: 0.022318356 0.000003412 0.977678233
QJ:/rrc/c: 0.000145089 0.999854911 0.000000000
QJ:/rrc/crr: 0.000000000 0.032956925 0.967043075
QJ:/rrc/r: 0.000089672 0.000006376 0.999903953
QK:/cc/c: 0.274889023 0.725110977 0.000000000
QK:/cc/crr: 0.000000000 0.999939560 0.000060440
QK:/cc/r: 0.000114180 0.752871877 0.247013943
QK:/crc/c: 0.340077460 0.659922540 0.000000000
QK:/crc/crr: 0.000000000 0.002334557 0.997665443
QK:/crc/r: 0.000184680 0.438930281 0.560885039
QK:/crrc/c: 0.060002457 0.939997543 0.000000000
QK:/crrc/crr: 0.000000000 0.007957071 0.992042929
QK:/crrc/r: 0.000027043 0.283203595 0.716769362
QK:/rc/c: 0.376945151 0.623054849 0.000000000
QK:/rc/crr: 0.000000000 0.000427828 0.999572172
QK:/rc/r: 0.000006633 0.310844982 0.689148386
QK:/rrc/c: 0.424595104 0.575404896 0.000000000
QK:/rrc/crr: 0.000000000 0.064890117 0.935109883
QK:/rrc/r: 0.000080209 0.514958234 0.484961557
QQ:/cc/c: 0.999966772 0.000033228 0.000000000
QQ:/cc/crr: 0.000000000 0.999983385 0.000016615
QQ:/cc/r: 0.999934682 0.000043166 0.000022152
QQ:/crc/c: 0.999994114 0.000005886 0.000000000
QQ:/crc/crr: 0.000000000 0.999997057 0.000002943
QQ:/crc/r: 0.851368100 0.148627976 0.000003924
QQ:/crrc/c: 0.999997057 0.000002943 0.000000000
QQ:/crrc/crr: 0.000000000 0.999998529 0.000001471
QQ:/crrc/r: 0.999996076 0.000001962 0.000001962
QQ:/rc/c: 0.999994883 0.000005117 0.000000000
QQ:/rc/crr: 0.000000000 0.999997441 0.000002559
QQ:/rc/r: 0.919458629 0.080537960 0.000003412
QQ:/rrc/c: 0.999990437 0.000009563 0.000000000
QQ:/rrc/crr: 0.000000000 0.999995218 0.000004782
QQ:/rrc/r: 0.999958554 0.000035071 0.000006376
