J:/: 0.079592142 0.920407858 0.000000000
J:/cr: 0.017345178 0.038981279 0.943673543
J:/rr: 0.000000000 0.999937180 0.000062820
JJ:/cc/: 0.000250487 0.999749513 0.000000000
JJ:/cc/cr: 0.999996378 0.000001811 0.000001811
JJ:/cc/rr: 0.000000000 0.989156369 0.010843631
JJ:/crc/: 0.920111586 0.079888414 0.000000000
JJ:/crc/cr: 0.999612352 0.000193824 0.000193824
JJ:/crc/rr: 0.000000000 0.999974757 0.000025243
JJ:/crrc/: 0.964118765 0.035881235 0.000000000
JJ:/crrc/cr: 0.998060316 0.000969842 0.000969842
JJ:/crrc/rr: 0.000000000 0.999945859 0.000054141
JJ:/rc/: 0.904511817 0.095488183 0.000000000
JJ:/rc/cr: 0.999561410 0.000219295 0.000219295
JJ:/rc/rr: 0.000000000 0.999965274 0.000034726
JJ:/rrc/: 0.998093492 0.001906508 0.000000000
JJ:/rrc/cr: 0.989015832 0.005492084 0.005492084
JJ:/rrc/rr: 0.000000000 0.999984264 0.000015736
JK:/cc/: 0.074074719 0.925925281 0.000000000
JK:/cc/cr: 0.000001956 0.000001956 0.999996089
JK:/cc/rr: 0.000000000 0.000036668 0.999963332
JK:/crc/: 0.042304461 0.957695539 0.000000000
JK:/crc/cr: 0.017135794 0.000016168 0.982848038
JK:/crc/rr: 0.000000000 0.000549030 0.999450970
JK:/crrc/: 0.999895603 0.000104397 0.000000000
JK:/crrc/cr: 0.333333333 0.333333333 0.333333333
JK:/crrc/rr: 0.000000000 0.000052204 0.999947796
JK:/rc/: 0.997081028 0.002918972 0.000000000
JK:/rc/cr: 0.985652421 0.007173789 0.007173789
JK:/rc/rr: 0.000000000 0.000031502 0.999968498
JK:/rrc/: 0.529965506 0.470034494 0.000000000
JK:/rrc/cr: 0.760384458 0.000022276 0.239593266
JK:/rrc/rr: 0.000000000 0.000029636 0.999970364
JQ:/cc/: 0.215578824 0.784421176 0.000000000
JQ:/cc/cr: 0.000002308 0.000002308 0.999995383
JQ:/cc/rr: 0.000000000 0.000012600 0.999987400
JQ:/crc/: 0.989765954 0.010234046 0.000000000
JQ:/crc/cr: 0.002690342 0.001513017 0.995796641
JQ:/crc/rr: 0.000000000 0.000023467 0.999976533
JQ:/crrc/: 0.038884815 0.961115185 0.000000000
JQ:/crrc/cr: 0.179899809 0.000036207 0.820063984
JQ:/crrc/rr: 0.000000000 0.001342393 0.998657607
JQ:/rc/: 0.998818536 0.001181464 0.000000000
JQ:/rc/cr: 0.017723846 0.017723846 0.964552307
JQ:/rc/rr: 0.000000000 0.000031447 0.999968553
JQ:/rrc/: 0.120905521 0.879094479 0.000000000
JQ:/rrc/cr: 0.000011911 0.000011911 0.999976178
JQ:/rrc/rr: 0.000000000 0.000129904 0.999870096
K:/: 0.760729267 0.239270733 0.000000000
K:/cr: 0.652676079 0.347309990 0.000013931
K:/rr: 0.000000000 0.999993427 0.000006573
KJ:/cc/: 0.000046215 0.999953785 0.000000000
KJ:/cc/cr: 0.000050099 0.000011877 0.999938024
KJ:/cc/rr: 0.000000000 0.773919448 0.226080552
KJ:/crc/: 0.000044916 0.999955084 0.000000000
KJ:/crc/cr: 0.000028216 0.999965099 0.000006686
KJ:/crc/rr: 0.000000000 0.776741011 0.223258989
KJ:/crrc/: 0.064590876 0.935409124 0.000000000
KJ:/crrc/cr: 0.000104903 0.998688496 0.001206601
KJ:/crrc/rr: 0.000000000 0.497743593 0.502256407
KJ:/rc/: 0.070701917 0.929298083 0.000000000
KJ:/rc/cr: 0.011085180 0.950355086 0.038559734
KJ:/rc/rr: 0.000000000 0.345572206 0.654427794
KJ:/rrc/: 0.111316541 0.888683459 0.000000000
KJ:/rrc/cr: 0.000025781 0.999772884 0.000201335
KJ:/rrc/rr: 0.000000000 0.812563578 0.187436422
KK:/cc/: 0.999401604 0.000598396 0.000000000
KK:/cc/cr: 0.976719070 0.011640465 0.011640465
KK:/cc/rr: 0.000000000 0.999989545 0.000010455
KK:/crc/: 0.115483364 0.884516636 0.000000000
KK:/crc/cr: 0.999984884 0.000007558 0.000007558
KK:/crc/rr: 0.000000000 0.999913165 0.000086835
KK:/crrc/: 0.998928809 0.001071191 0.000000000
KK:/crrc/cr: 0.993357930 0.003321035 0.003321035
KK:/crrc/rr: 0.000000000 0.999994658 0.000005342
KK:/rc/: 0.852807626 0.147192374 0.000000000
KK:/rc/cr: 0.999970231 0.000014884 0.000014884
KK:/rc/rr: 0.000000000 0.999996146 0.000003854
KK:/rrc/: 0.530306052 0.469693948 0.000000000
KK:/rrc/cr: 0.999995335 0.000002332 0.000002332
KK:/rrc/rr: 0.000000000 0.999996901 0.000003099
KQ:/cc/: 0.000058261 0.999941739 0.000000000
KQ:/cc/cr: 0.000043106 0.432199935 0.567756959
KQ:/cc/rr: 0.000000000 0.820662407 0.179337593
KQ:/crc/: 0.900536287 0.099463713 0.000000000
KQ:/crc/cr: 0.000456922 0.523195055 0.476348024
KQ:/crc/rr: 0.000000000 0.000022367 0.999977633
KQ:/crrc/: 0.007061322 0.992938678 0.000000000
KQ:/crrc/cr: 0.013331103 0.687187151 0.299481746
KQ:/crrc/rr: 0.000000000 0.483994133 0.516005867
KQ:/rc/: 0.000189948 0.999810052 0.000000000
KQ:/rc/cr: 0.000018101 0.499485988 0.500495911
KQ:/rc/rr: 0.000000000 0.055770804 0.944229196
KQ:/rrc/: 0.685729931 0.314270069 0.000000000
KQ:/rrc/cr: 0.020000823 0.914121239 0.065877938
KQ:/rrc/rr: 0.000000000 0.392050820 0.607949180
Q:/: 0.728152486 0.271847514 0.000000000
Q:/cr: 0.134240065 0.864470525 0.001289410
Q:/rr: 0.000000000 0.999993133 0.000006867
QJ:/cc/: 0.000018393 0.999981607 0.000000000
QJ:/cc/cr: 0.000006131 0.000006131 0.999987738
QJ:/cc/rr: 0.000000000 0.500000000 0.500000000
QJ:/crc/: 0.029631580 0.970368420 0.000000000
QJ:/crc/cr: 0.002804220 0.000002436 0.997193344
QJ:/crc/rr: 0.000000000 0.000119671 0.999880329
QJ:/crrc/: 0.014449096 0.985550904 0.000000000
QJ:/crrc/cr: 0.000304066 0.000015447 0.999680487
QJ:/crrc/rr: 0.000000000 0.001580413 0.998419587
QJ:/rc/: 0.010313280 0.989686720 0.000000000
QJ:/rc/cr: 0.000002313 0.000002313 0.999995375
QJ:/rc/rr: 0.000000000 0.000332905 0.999667095
QJ:/rrc/: 0.000003433 0.999996567 0.000000000
QJ:/rrc/cr: 0.000001144 0.000001144 0.999997711
QJ:/rrc/rr: 0.000000000 0.500000000 0.500000000
QK:/cc/: 0.457601341 0.542398659 0.000000000
QK:/cc/cr: 0.102575135 0.897405765 0.000019100
QK:/cc/rr: 0.000000000 0.999979903 0.000020097
QK:/crc/: 0.011716292 0.988283708 0.000000000
QK:/crc/cr: 0.000002878 0.559277571 0.440719552
QK:/crc/rr: 0.000000000 0.000332653 0.999667347
QK:/crrc/: 0.987136983 0.012863017 0.000000000
QK:/crrc/cr: 0.001949119 0.753303852 0.244747030
QK:/crrc/rr: 0.000000000 0.000606278 0.999393722
QK:/rc/: 0.460060744 0.539939256 0.000000000
QK:/rc/cr: 0.033309129 0.508102498 0.458588373
QK:/rc/rr: 0.000000000 0.189059926 0.810940074
QK:/rrc/: 0.120060584 0.879939416 0.000000000
QK:/rrc/cr: 0.000001651 0.306710789 0.693287560
QK:/rrc/rr: 0.000000000 0.000362319 0.999637681
QQ:/cc/: 0.582227213 0.417772787 0.000000000
QQ:/cc/cr: 0.999970650 0.000014675 0.000014675
QQ:/cc/rr: 0.000000000 0.999984205 0.000015795
QQ:/crc/: 0.989115824 0.010884176 0.000000000
QQ:/crc/cr: 0.999565603 0.000217198 0.000217198
QQ:/crc/rr: 0.000000000 0.999996415 0.000003585
QQ:/crrc/: 0.075102405 0.924897595 0.000000000
QQ:/crrc/cr: 0.999967080 0.000016460 0.000016460
QQ:/crrc/rr: 0.000000000 0.999695941 0.000304059
QQ:/rc/: 0.544106461 0.455893539 0.000000000
QQ:/rc/cr: 0.999989959 0.000005021 0.000005021
QQ:/rc/rr: 0.000000000 0.999993690 0.000006310
QQ:/rrc/: 0.986475619 0.013524381 0.000000000
QQ:/rrc/cr: 0.999830757 0.000084622 0.000084622
QQ:/rrc/rr: 0.000000000 0.999998260 0.000001740
