J:/c: 0.290047659 0.709952341 0.000000000
J:/crr: 0.000000000 0.999982761 0.000017239
J:/r: 0.055020767 0.127757561 0.817221671
JJ:/cc/c: 0.999992957 0.000007043 0.000000000
JJ:/cc/crr: 0.000000000 0.999996479 0.000003521
JJ:/cc/r: 0.999982895 0.000012409 0.000004695
JJ:/crc/c: 0.999982761 0.000017239 0.000000000
JJ:/crc/crr: 0.000000000 0.999991381 0.000008619
JJ:/crc/r: 0.999977015 0.000011492 0.000011492
JJ:/crrc/c: 0.999991381 0.000008619 0.000000000
JJ:/crrc/crr: 0.000000000 0.999995690 0.000004310
JJ:/crrc/r: 0.999988507 0.000005746 0.000005746
JJ:/rc/c: 0.999973909 0.000026091 0.000000000
JJ:/rc/crr: 0.000000000 0.999986954 0.000013046
JJ:/rc/r: 0.999961167 0.000021438 0.000017394
JJ:/rrc/c: 0.999939417 0.000060583 0.000000000
JJ:/rrc/crr: 0.000000000 0.999969707 0.000030293
JJ:/rrc/r: 0.999753383 0.000206228 0.000040389
JK:/cc/c: 0.009977619 0.990022381 0.000000000
JK:/cc/crr: 0.000000000 0.000352926 0.999647074
JK:/cc/r: 0.000008917 0.000004695 0.999986388
JK:/crc/c: 0.553774776 0.446225224 0.000000000
JK:/crc/crr: 0.000000000 0.000015565 0.999984435
JK:/crc/r: 0.021608463 0.000011492 0.978380045
JK:/crrc/c: 0.450319811 0.549680189 0.000000000
JK:/crrc/crr: 0.000000000 0.000009570 0.999990430
JK:/crrc/r: 0.206468341 0.000005746 0.793525913
JK:/rc/c: 0.382551765 0.617448235 0.000000000
JK:/rc/crr: 0.000000000 0.000034101 0.999965899
JK:/rc/r: 0.360370073 0.000017394 0.639612533
JK:/rrc/c: 0.999801965 0.000198035 0.000000000
JK:/rrc/crr: 0.000000000 0.000030298 0.999969702
JK:/rrc/r: 0.320466780 0.000040389 0.679492832
JQ:/cc/c: 0.072870603 0.927129397 0.000000000
JQ:/cc/crr: 0.000000000 0.000048324 0.999951676
JQ:/cc/r: 0.035755072 0.000004695 0.964240233
JQ:/crc/c: 0.413199474 0.586800526 0.000000000
JQ:/crc/crr: 0.000000000 0.000020860 0.999979140
JQ:/crc/r: 0.077560765 0.000011492 0.922427743
JQ:/crrc/c: 0.054421391 0.945578609 0.000000000
JQ:/crrc/crr: 0.000000000 0.000079191 0.999920809
JQ:/crrc/r: 0.267085156 0.000005746 0.732909097
JQ:/rc/c: 0.992692555 0.007307445 0.000000000
JQ:/rc/crr: 0.000000000 0.000013142 0.999986858
JQ:/rc/r: 0.000022003 0.000017394 0.999960603
JQ:/rrc/c: 0.011024618 0.988975382 0.000000000
JQ:/rrc/crr: 0.000000000 0.002747632 0.997252368
JQ:/rrc/r: 0.410991085 0.000040389 0.588968526
K:/c: 0.999969375 0.000030625 0.000000000
K:/crr: 0.000000000 0.999995000 0.000005000
K:/r: 0.581403155 0.418590178 0.000006667
KJ:/cc/c: 0.467780721 0.532219279 0.000000000
KJ:/cc/crr: 0.000000000 0.825491528 0.174508472
KJ:/cc/r: 0.536587790 0.220770175 0.242642035
KJ:/crc/c: 0.107060959 0.892939041 0.000000000
KJ:/crc/crr: 0.000000000 0.999976648 0.000023352
KJ:/crc/r: 0.000089955 0.730614994 0.269295051
KJ:/crrc/c: 0.350870268 0.649129732 0.000000000
KJ:/crrc/crr: 0.000000000 0.999996437 0.000003563
KJ:/crrc/r: 0.023418955 0.868336853 0.108244192
KJ:/rc/c: 0.503274926 0.496725074 0.000000000
KJ:/rc/crr: 0.000000000 0.665460505 0.334539495
KJ:/rc/r: 0.049506924 0.746781213 0.203711863
KJ:/rrc/c: 0.211475870 0.788524130 0.000000000
KJ:/rrc/crr: 0.000000000 0.996932051 0.003067949
KJ:/rrc/r: 0.032600523 0.908972083 0.058427394
KK:/cc/c: 0.836736602 0.163263398 0.000000000
KK:/cc/crr: 0.000000000 0.902440387 0.097559613
KK:/cc/r: 0.592751175 0.298406560 0.108842265
KK:/crc/c: 0.999995000 0.000005000 0.000000000
KK:/crc/crr: 0.000000000 0.999997500 0.000002500
KK:/crc/r: 0.784683544 0.215313122 0.000003333
KK:/crrc/c: 0.999997500 0.000002500 0.000000000
KK:/crrc/crr: 0.000000000 0.999998750 0.000001250
KK:/crrc/r: 0.999996667 0.000001667 0.000001667
KK:/rc/c: 0.999992037 0.000007963 0.000000000
KK:/rc/crr: 0.000000000 0.999996018 0.000003982
KK:/rc/r: 0.999979539 0.000015152 0.000005309
KK:/rrc/c: 0.999994267 0.000005733 0.000000000
KK:/rrc/crr: 0.000000000 0.999997133 0.000002867
KK:/rrc/r: 0.999976118 0.000020059 0.000003822
KQ:/cc/c: 0.836736602 0.163263398 0.000000000
KQ:/cc/crr: 0.000000000 0.902440387 0.097559613
KQ:/cc/r: 0.533622792 0.298051896 0.168325312
KQ:/crc/c: 0.273781106 0.726218894 0.000000000
KQ:/crc/crr: 0.000000000 0.042016836 0.957983164
KQ:/crc/r: 0.000061526 0.429414604 0.570523870
KQ:/crrc/c: 0.588721830 0.411278170 0.000000000
KQ:/crrc/crr: 0.000000000 0.386909522 0.613090478
KQ:/crrc/r: 0.000006552 0.706830328 0.293163120
KQ:/rc/c: 0.000571445 0.999428555 0.000000000
KQ:/rc/crr: 0.000000000 0.104678803 0.895321197
KQ:/rc/r: 0.000024654 0.300039172 0.699936174
KQ:/rrc/c: 0.497498753 0.502501247 0.000000000
KQ:/rrc/crr: 0.000000000 0.495023813 0.504976187
KQ:/rrc/r: 0.088630785 0.532283234 0.379085981
Q:/c: 0.846534323 0.153465677 0.000000000
Q:/crr: 0.000000000 0.999994094 0.000005906
Q:/r: 0.366063677 0.633917846 0.000018477
QJ:/cc/c: 0.000394678 0.999605322 0.000000000
QJ:/cc/crr: 0.000000000 0.041274862 0.958725138
QJ:/cc/r: 0.000038381 0.000021720 0.999939898
QJ:/crc/c: 0.465577309 0.534422691 0.000000000
QJ:/crc/crr: 0.000000000 0.000006343 0.999993657
QJ:/crc/r: 0.000003938 0.000003938 0.999992125
QJ:/crrc/c: 0.000002953 0.999997047 0.000000000
QJ:/crrc/crr: 0.000000000 0.500000000 0.500000000
QJ:/crrc/r: 0.012971556 0.000001969 0.987026475
QJ:/rc/c: 0.000172518 0.999827482 0.000000000
QJ:/rc/crr: 0.000000000 0.015239879 0.984760121
QJ:/rc/r: 0.012604127 0.000003506 0.987392368
QJ:/rrc/c: 0.000254900 0.999745100 0.000000000
QJ:/rrc/crr: 0.000000000 0.017861691 0.982138309
QJ:/rrc/r: 0.000080065 0.000006071 0.999913864
QK:/cc/c: 0.027525880 0.972474120 0.000000000
QK:/cc/crr: 0.000000000 0.999408183 0.000591817
QK:/cc/r: 0.000109062 0.736692720 0.263198218
QK:/crc/c: 0.304664218 0.695335782 0.000000000
QK:/crc/crr: 0.000000000 0.001571111 0.998428889
QK:/crc/r: 0.000211404 0.460625581 0.539163015
QK:/crrc/c: 0.059479253 0.940520747 0.000000000
QK:/crrc/crr: 0.000000000 0.008594723 0.991405277
QK:/crrc/r: 0.000078080 0.283764558 0.716157363
QK:/rc/c: 0.373657154 0.626342846 0.000000000
QK:/rc/crr: 0.000000000 0.003757622 0.996242378
QK:/rc/r: 0.000008617 0.308375322 0.691616061
QK:/rrc/c: 0.426752315 0.573247685 0.000000000
QK:/rrc/crr: 0.000000000 0.072500048 0.927499952
QK:/rrc/r: 0.000087447 0.515197526 0.484715027
QQ:/cc/c: 0.999967419 0.000032581 0.000000000
QQ:/cc/crr: 0.000000000 0.999983709 0.000016291
QQ:/cc/r: 0.999918378 0.000059902 0.000021720
QQ:/crc/c: 0.999994094 0.000005906 0.000000000
QQ:/crc/crr: 0.000000000 0.999997047 0.000002953
QQ:/crc/r: 0.778920019 0.221076043 0.000003938
QQ:/crrc/c: 0.999997047 0.000002953 0.000000000
QQ:/crrc/crr: 0.000000000 0.999998523 0.000001477
QQ:/crrc/r: 0.999996062 0.000001969 0.000001969
QQ:/rc/c: 0.999994742 0.000005258 0.000000000
QQ:/rc/crr: 0.000000000 0.999997371 0.000002629
QQ:/rc/r: 0.999982165 0.000014329 0.000003506
QQ:/rrc/c: 0.999990894 0.000009106 0.000000000
QQ:/rrc/crr: 0.000000000 0.999995447 0.000004553
QQ:/rrc/r: 0.999959366 0.000034564 0.000006071
