J:/c: 0.300678086 0.699321914 0.000000000
J:/crr: 0.000000000 0.999983371 0.000016629
J:/r: 0.054293847 0.126422311 0.819283842
JJ:/cc/c: 0.999992850 0.000007150 0.000000000
JJ:/cc/crr: 0.000000000 0.999996425 0.000003575
JJ:/cc/r: 0.999990467 0.000004767 0.000004767
JJ:/crc/c: 0.999983371 0.000016629 0.000000000
JJ:/crc/crr: 0.000000000 0.999991685 0.000008315
JJ:/crc/r: 0.999868384 0.000120530 0.000011086
JJ:/crrc/c: 0.999991685 0.000008315 0.000000000
JJ:/crrc/crr: 0.000000000 0.999995843 0.000004157
JJ:/crrc/r: 0.999961720 0.000032737 0.000005543
JJ:/rc/c: 0.999973633 0.000026367 0.000000000
JJ:/rc/crr: 0.000000000 0.999986816 0.000013184
JJ:/rc/r: 0.999955336 0.000027086 0.000017578
JJ:/rrc/c: 0.999938606 0.000061394 0.000000000
JJ:/rrc/crr: 0.000000000 0.999969301 0.000030699
JJ:/rrc/r: 0.999791185 0.000167885 0.000040930
JK:/cc/c: 0.006956178 0.993043822 0.000000000
JK:/cc/crr: 0.000000000 0.000513916 0.999486084
JK:/cc/r: 0.000004767 0.000004767 0.999990467
JK:/crc/c: 0.536542985 0.463457015 0.000000000
JK:/crc/crr: 0.000000000 0.000015497 0.999984503
JK:/crc/r: 0.019919162 0.000011086 0.980069752
JK:/crrc/c: 0.554184572 0.445815428 0.000000000
JK:/crrc/crr: 0.000000000 0.000007502 0.999992498
JK:/crrc/r: 0.225800259 0.000005543 0.774194198
JK:/rc/c: 0.368781078 0.631218922 0.000000000
JK:/rc/crr: 0.000000000 0.000035748 0.999964252
JK:/rc/r: 0.354489026 0.000017578 0.645493396
JK:/rrc/c: 0.999899894 0.000100106 0.000000000
JK:/rrc/crr: 0.000000000 0.000030700 0.999969300
JK:/rrc/r: 0.309131906 0.000040930 0.690827164
JQ:/cc/c: 0.074038655 0.925961345 0.000000000
JQ:/cc/crr: 0.000000000 0.000048284 0.999951716
JQ:/cc/r: 0.035532839 0.000004767 0.964462394
JQ:/crc/c: 0.458251215 0.541748785 0.000000000
JQ:/crc/crr: 0.000000000 0.000018144 0.999981856
JQ:/crc/r: 0.084754514 0.000011086 0.915234400
JQ:/crrc/c: 0.019536492 0.980463508 0.000000000
JQ:/crrc/crr: 0.000000000 0.000212799 0.999787201
JQ:/crrc/r: 0.222067070 0.000005543 0.777927386
JQ:/rc/c: 0.995071506 0.004928494 0.000000000
JQ:/rc/crr: 0.000000000 0.000013249 0.999986751
JQ:/rc/r: 0.000026386 0.000017578 0.999956037
JQ:/rrc/c: 0.016116917 0.983883083 0.000000000
JQ:/rrc/crr: 0.000000000 0.001904654 0.998095346
JQ:/rrc/r: 0.420160170 0.000040930 0.579798900
K:/c: 0.999969624 0.000030376 0.000000000
K:/crr: 0.000000000 0.999995000 0.000005000
K:/r: 0.583847016 0.416146317 0.000006667
KJ:/cc/c: 0.168340325 0.831659675 0.000000000
KJ:/cc/crr: 0.000000000 0.511104760 0.488895240
KJ:/cc/r: 0.514782803 0.230376829 0.254840368
KJ:/crc/c: 0.151824283 0.848175717 0.000000000
KJ:/crc/crr: 0.000000000 0.999983533 0.000016467
KJ:/crc/r: 0.000050261 0.738778024 0.261171715
KJ:/crrc/c: 0.267201033 0.732798967 0.000000000
KJ:/crrc/crr: 0.000000000 0.999995322 0.000004678
KJ:/crrc/r: 0.046228723 0.801497422 0.152273854
KJ:/rc/c: 0.449860614 0.550139386 0.000000000
KJ:/rc/crr: 0.000000000 0.917489454 0.082510546
KJ:/rc/r: 0.053437062 0.715742399 0.230820538
KJ:/rrc/c: 0.106918268 0.893081732 0.000000000
KJ:/rrc/crr: 0.000000000 0.999973301 0.000026699
KJ:/rrc/r: 0.043782148 0.893801861 0.062415990
KK:/cc/c: 0.835398433 0.164601567 0.000000000
KK:/cc/crr: 0.000000000 0.901483196 0.098516804
KK:/cc/r: 0.575649760 0.314615862 0.109734378
KK:/crc/c: 0.999995000 0.000005000 0.000000000
KK:/crc/crr: 0.000000000 0.999997500 0.000002500
KK:/crc/r: 0.992500674 0.007495992 0.000003333
KK:/crrc/c: 0.999997500 0.000002500 0.000000000
KK:/crrc/crr: 0.000000000 0.999998750 0.000001250
KK:/crrc/r: 0.999993836 0.000004497 0.000001667
KK:/rc/c: 0.999991990 0.000008010 0.000000000
KK:/rc/crr: 0.000000000 0.999995995 0.000004005
KK:/rc/r: 0.999979907 0.000014753 0.000005340
KK:/rrc/c: 0.999994291 0.000005709 0.000000000
KK:/rrc/crr: 0.000000000 0.999997145 0.000002855
KK:/rrc/r: 0.999839628 0.000156566 0.000003806
KQ:/cc/c: 0.829208041 0.170791959 0.000000000
KQ:/cc/crr: 0.000000000 0.900747726 0.099252274
KQ:/cc/r: 0.495983089 0.393980662 0.110036249
KQ:/crc/c: 0.202108286 0.797891714 0.000000000
KQ:/crc/crr: 0.000000000 0.002070187 0.997929813
KQ:/crc/r: 0.000015560 0.427654203 0.572330237
KQ:/crrc/c: 0.645075061 0.354924939 0.000000000
KQ:/crrc/crr: 0.000000000 0.434836817 0.565163183
KQ:/crrc/r: 0.000188322 0.682325391 0.317486286
KQ:/rc/c: 0.001117706 0.998882294 0.000000000
KQ:/rc/crr: 0.000000000 0.064542832 0.935457168
KQ:/rc/r: 0.000021760 0.304042067 0.695936173
KQ:/rrc/c: 0.507983677 0.492016323 0.000000000
KQ:/rrc/crr: 0.000000000 0.507034737 0.492965263
KQ:/rrc/r: 0.086443902 0.533596716 0.379959382
Q:/c: 0.847385288 0.152614712 0.000000000
Q:/crr: 0.000000000 0.999994099 0.000005901
Q:/r: 0.370617017 0.629347607 0.000035376
QJ:/cc/c: 0.000249530 0.999750470 0.000000000
QJ:/cc/crr: 0.000000000 0.065647933 0.934352067
QJ:/cc/r: 0.000021841 0.000021841 0.999956317
QJ:/crc/c: 0.473264808 0.526735192 0.000000000
QJ:/crc/crr: 0.000000000 0.000080108 0.999919892
QJ:/crc/r: 0.000268370 0.000003934 0.999727697
QJ:/crrc/c: 0.000046707 0.999953293 0.000000000
QJ:/crrc/crr: 0.000000000 0.031582648 0.968417352
QJ:/crrc/r: 0.027316972 0.000001967 0.972681061
QJ:/rc/c: 0.000048210 0.999951790 0.000000000
QJ:/rc/crr: 0.000000000 0.054931731 0.945068269
QJ:/rc/r: 0.019473076 0.000003531 0.980523393
QJ:/rrc/c: 0.000205113 0.999794887 0.000000000
QJ:/rrc/crr: 0.000000000 0.021924490 0.978075510
QJ:/rrc/r: 0.000074287 0.000005996 0.999919717
QK:/cc/c: 0.079780000 0.920220000 0.000000000
QK:/cc/crr: 0.000000000 0.999794671 0.000205329
QK:/cc/r: 0.000089813 0.783370519 0.216539668
QK:/crc/c: 0.305272071 0.694727929 0.000000000
QK:/crc/crr: 0.000000000 0.001353027 0.998646973
QK:/crc/r: 0.000111627 0.462235095 0.537653277
QK:/crrc/c: 0.063261633 0.936738367 0.000000000
QK:/crrc/crr: 0.000000000 0.011127613 0.988872387
QK:/crrc/r: 0.000058193 0.280942579 0.718999228
QK:/rc/c: 0.376671688 0.623328312 0.000000000
QK:/rc/crr: 0.000000000 0.009131588 0.990868412
QK:/rc/r: 0.000009879 0.314504831 0.685485290
QK:/rrc/c: 0.424816377 0.575183623 0.000000000
QK:/rrc/crr: 0.000000000 0.049073991 0.950926009
QK:/rrc/r: 0.000073715 0.504556360 0.495369925
QQ:/cc/c: 0.999967238 0.000032762 0.000000000
QQ:/cc/crr: 0.000000000 0.999983618 0.000016382
QQ:/cc/r: 0.999935749 0.000042409 0.000021841
QQ:/crc/c: 0.999994099 0.000005901 0.000000000
QQ:/crc/crr: 0.000000000 0.999997050 0.000002950
QQ:/crc/r: 0.999939704 0.000056363 0.000003934
QQ:/crrc/c: 0.999997050 0.000002950 0.000000000
QQ:/crrc/crr: 0.000000000 0.999998525 0.000001475
QQ:/crrc/r: 0.999995063 0.000002971 0.000001967
QQ:/rc/c: 0.999994704 0.000005296 0.000000000
QQ:/rc/crr: 0.000000000 0.999997352 0.000002648
QQ:/rc/r: 0.935833477 0.064162992 0.000003531
QQ:/rrc/c: 0.999991006 0.000008994 0.000000000
QQ:/rrc/crr: 0.000000000 0.999995503 0.000004497
QQ:/rrc/r: 0.999961609 0.000032395 0.000005996
