J:/c: 0.301195145 0.698804855 0.000000000
J:/crr: 0.000000000 0.999983399 0.000016601
J:/r: 0.055699503 0.128783978 0.815516519
JJ:/cc/c: 0.999992845 0.000007155 0.000000000
JJ:/cc/crr: 0.000000000 0.999996422 0.000003578
JJ:/cc/r: 0.999990460 0.000004770 0.000004770
JJ:/crc/c: 0.999983399 0.000016601 0.000000000
JJ:/crc/crr: 0.000000000 0.999991700 0.000008300
JJ:/crc/r: 0.999937760 0.000051172 0.000011067
JJ:/crrc/c: 0.999991700 0.000008300 0.000000000
JJ:/crrc/crr: 0.000000000 0.999995850 0.000004150
JJ:/crrc/r: 0.999975095 0.000019371 0.000005534
JJ:/rc/c: 0.999974117 0.000025883 0.000000000
JJ:/rc/crr: 0.000000000 0.999987058 0.000012942
JJ:/rc/r: 0.999962252 0.000020492 0.000017255
JJ:/rrc/c: 0.999940155 0.000059845 0.000000000
JJ:/rrc/crr: 0.000000000 0.999970076 0.000029924
JJ:/rrc/r: 0.999774816 0.000185287 0.000039897
JK:/cc/c: 0.005014428 0.994985572 0.000000000
JK:/cc/crr: 0.000000000 0.000713449 0.999286551
JK:/cc/r: 0.000004770 0.000004770 0.999990460
JK:/crc/c: 0.538748735 0.461251265 0.000000000
JK:/crc/crr: 0.000000000 0.000015407 0.999984593
JK:/crc/r: 0.014264499 0.000011067 0.985724434
JK:/crrc/c: 0.398344987 0.601655013 0.000000000
JK:/crrc/crr: 0.000000000 0.000010419 0.999989581
JK:/crrc/r: 0.194866991 0.000005534 0.805127475
JK:/rc/c: 0.384846140 0.615153860 0.000000000
JK:/rc/crr: 0.000000000 0.000033628 0.999966372
JK:/rc/r: 0.356538273 0.000017255 0.643444472
JK:/rrc/c: 0.999824610 0.000175390 0.000000000
JK:/rrc/crr: 0.000000000 0.000029928 0.999970072
JK:/rrc/r: 0.266117973 0.000039897 0.733842130
JQ:/cc/c: 0.068159393 0.931840607 0.000000000
JQ:/cc/crr: 0.000000000 0.000052488 0.999947512
JQ:/cc/r: 0.032592048 0.000004770 0.967403182
JQ:/crc/c: 0.393662506 0.606337494 0.000000000
JQ:/crc/crr: 0.000000000 0.000021085 0.999978915
JQ:/crc/r: 0.102861425 0.000011067 0.897127508
JQ:/crrc/c: 0.038218565 0.961781435 0.000000000
JQ:/crrc/crr: 0.000000000 0.000108591 0.999891409
JQ:/crrc/r: 0.215451607 0.000005534 0.784542860
JQ:/rc/c: 0.994435972 0.005564028 0.000000000
JQ:/rc/crr: 0.000000000 0.000013014 0.999986986
JQ:/rc/r: 0.000017255 0.000017255 0.999965489
JQ:/rrc/c: 0.017146865 0.982853135 0.000000000
JQ:/rrc/crr: 0.000000000 0.001745069 0.998254931
JQ:/rrc/r: 0.429328550 0.000039897 0.570631553
K:/c: 0.999969553 0.000030447 0.000000000
K:/crr: 0.000000000 0.999995000 0.000005000
K:/r: 0.574525331 0.425468003 0.000006667
KJ:/cc/c: 0.423983196 0.576016804 0.000000000
KJ:/cc/crr: 0.000000000 0.806333978 0.193666022
KJ:/cc/r: 0.527769749 0.223517957 0.248712294
KJ:/crc/c: 0.155207760 0.844792240 0.000000000
KJ:/crc/crr: 0.000000000 0.999983892 0.000016108
KJ:/crc/r: 0.000097307 0.728226539 0.271676154
KJ:/crrc/c: 0.293894373 0.706105627 0.000000000
KJ:/crrc/crr: 0.000000000 0.999995747 0.000004253
KJ:/crrc/r: 0.015978181 0.877428082 0.106593737
KJ:/rc/c: 0.421374961 0.578625039 0.000000000
KJ:/rc/crr: 0.000000000 0.643082332 0.356917668
KJ:/rc/r: 0.036903352 0.718654524 0.244442124
KJ:/rrc/c: 0.130886044 0.869113956 0.000000000
KJ:/rrc/crr: 0.000000000 0.999977836 0.000022164
KJ:/rrc/r: 0.046198517 0.878567634 0.075233849
KK:/cc/c: 0.835777722 0.164222278 0.000000000
KK:/cc/crr: 0.000000000 0.901754813 0.098245187
KK:/cc/r: 0.581225279 0.309293202 0.109481518
KK:/crc/c: 0.999995000 0.000005000 0.000000000
KK:/crc/crr: 0.000000000 0.999997500 0.000002500
KK:/crc/r: 0.999988808 0.000007858 0.000003333
KK:/crrc/c: 0.999997500 0.000002500 0.000000000
KK:/crrc/crr: 0.000000000 0.999998750 0.000001250
KK:/crrc/r: 0.999996667 0.000001667 0.000001667
KK:/rc/c: 0.999992165 0.000007835 0.000000000
KK:/rc/crr: 0.000000000 0.999996083 0.000003917
KK:/rc/r: 0.999979171 0.000015606 0.000005223
KK:/rrc/c: 0.999994198 0.000005802 0.000000000
KK:/rrc/crr: 0.000000000 0.999997099 0.000002901
KK:/rrc/r: 0.999876539 0.000119593 0.000003868
KQ:/cc/c: 0.504101702 0.495898298 0.000000000
KQ:/cc/crr: 0.000000000 0.837113942 0.162886058
KQ:/cc/r: 0.532744935 0.351277184 0.115977882
KQ:/crc/c: 0.274361929 0.725638071 0.000000000
KQ:/crc/crr: 0.000000000 0.095340869 0.904659131
KQ:/crc/r: 0.000024436 0.425410587 0.574564977
KQ:/crrc/c: 0.616962693 0.383037307 0.000000000
KQ:/crrc/crr: 0.000000000 0.396774240 0.603225760
KQ:/crrc/r: 0.001221727 0.727504102 0.271274172
KQ:/rc/c: 0.000481719 0.999518281 0.000000000
KQ:/rc/crr: 0.000000000 0.082407667 0.917592333
KQ:/rc/r: 0.000023505 0.298996254 0.700980241
KQ:/rrc/c: 0.524586202 0.475413798 0.000000000
KQ:/rrc/crr: 0.000000000 0.501478932 0.498521068
KQ:/rrc/r: 0.074812747 0.556463493 0.368723760
Q:/c: 0.844908806 0.155091194 0.000000000
Q:/crr: 0.000000000 0.999994082 0.000005918
Q:/r: 0.358434901 0.641403587 0.000161512
QJ:/cc/c: 0.000527200 0.999472800 0.000000000
QJ:/cc/crr: 0.000000000 0.030575789 0.969424211
QJ:/cc/r: 0.000024595 0.000021493 0.999953912
QJ:/crc/c: 0.482795845 0.517204155 0.000000000
QJ:/crc/crr: 0.000000000 0.008638580 0.991361420
QJ:/crc/r: 0.000281544 0.000003945 0.999714510
QJ:/crrc/c: 0.000069395 0.999930605 0.000000000
QJ:/crrc/crr: 0.000000000 0.021319395 0.978680605
QJ:/crrc/r: 0.018467001 0.000001973 0.981531027
QJ:/rc/c: 0.000064552 0.999935448 0.000000000
QJ:/rc/crr: 0.000000000 0.040253817 0.959746183
QJ:/rc/r: 0.015902132 0.000003465 0.984094404
QJ:/rrc/c: 0.000263490 0.999736510 0.000000000
QJ:/rrc/crr: 0.000000000 0.023578834 0.976421166
QJ:/rrc/r: 0.000074800 0.000006200 0.999919001
QK:/cc/c: 0.010009169 0.989990831 0.000000000
QK:/cc/crr: 0.000000000 0.998389522 0.001610478
QK:/cc/r: 0.000096975 0.733657030 0.266245995
QK:/crc/c: 0.303690304 0.696309696 0.000000000
QK:/crc/crr: 0.000000000 0.008147201 0.991852799
QK:/crc/r: 0.000216967 0.497535457 0.502247576
QK:/crrc/c: 0.093168164 0.906831836 0.000000000
QK:/crrc/crr: 0.000000000 0.004069584 0.995930416
QK:/crrc/r: 0.000091240 0.287916563 0.711992197
QK:/rc/c: 0.369061723 0.630938277 0.000000000
QK:/rc/crr: 0.000000000 0.009072000 0.990928000
QK:/rc/r: 0.000008488 0.311023390 0.688968122
QK:/rrc/c: 0.411060120 0.588939880 0.000000000
QK:/rrc/crr: 0.000000000 0.054919420 0.945080580
QK:/rrc/r: 0.000077927 0.522768176 0.477153897
QQ:/cc/c: 0.999967761 0.000032239 0.000000000
QQ:/cc/crr: 0.000000000 0.999983880 0.000016120
QQ:/cc/r: 0.999937383 0.000041124 0.000021493
QQ:/crc/c: 0.999994082 0.000005918 0.000000000
QQ:/crc/crr: 0.000000000 0.999997041 0.000002959
QQ:/crc/r: 0.999966796 0.000029258 0.000003945
QQ:/crrc/c: 0.999997041 0.000002959 0.000000000
QQ:/crrc/crr: 0.000000000 0.999998521 0.000001479
QQ:/crrc/r: 0.999996055 0.000001973 0.000001973
QQ:/rc/c: 0.999994803 0.000005197 0.000000000
QQ:/rc/crr: 0.000000000 0.999997402 0.000002598
QQ:/rc/r: 0.999992216 0.000004319 0.000003465
QQ:/rrc/c: 0.999990700 0.000009300 0.000000000
QQ:/rrc/crr: 0.000000000 0.999995350 0.000004650
QQ:/rrc/r: 0.999959929 0.000033871 0.000006200
