J:/: 0.073739223 0.926260777 0.000000000
J:/cr: 0.018556267 0.036135891 0.945307842
J:/rr: 0.000000000 0.999932193 0.000067807
JJ:/cc/: 0.002931319 0.997068681 0.000000000
JJ:/cc/cr: 0.999993487 0.000004708 0.000001805
JJ:/cc/rr: 0.000000000 0.999079246 0.000920754
JJ:/crc/: 0.961960508 0.038039492 0.000000000
JJ:/crc/cr: 0.999127329 0.000436336 0.000436336
JJ:/crc/rr: 0.000000000 0.999974118 0.000025882
JJ:/crrc/: 0.989028982 0.010971018 0.000000000
JJ:/crrc/cr: 0.994107675 0.002946162 0.002946162
JJ:/crrc/rr: 0.000000000 0.999950979 0.000049021
JJ:/rc/: 0.952447476 0.047552524 0.000000000
JJ:/rc/cr: 0.999049381 0.000475310 0.000475310
JJ:/rc/rr: 0.000000000 0.999964404 0.000035596
JJ:/rrc/: 0.992771216 0.007228784 0.000000000
JJ:/rrc/cr: 0.996873097 0.001563451 0.001563451
JJ:/rrc/rr: 0.000000000 0.999982924 0.000017076
JK:/cc/: 0.074990894 0.925009106 0.000000000
JK:/cc/cr: 0.000106631 0.000001945 0.999891424
JK:/cc/rr: 0.000000000 0.000035991 0.999964009
JK:/crc/: 0.041280602 0.958719398 0.000000000
JK:/crc/cr: 0.017002117 0.000017313 0.982980570
JK:/crc/rr: 0.000000000 0.000603116 0.999396884
JK:/crrc/: 0.999903033 0.000096967 0.000000000
JK:/crrc/cr: 0.333333333 0.333333333 0.333333333
JK:/crrc/rr: 0.000000000 0.000048488 0.999951512
JK:/rc/: 0.996440597 0.003559403 0.000000000
JK:/rc/cr: 0.987300020 0.006349990 0.006349990
JK:/rc/rr: 0.000000000 0.000034024 0.999965976
JK:/rrc/: 0.552423097 0.447576903 0.000000000
JK:/rrc/cr: 0.889825939 0.000025251 0.110148810
JK:/rrc/rr: 0.000000000 0.000030688 0.999969312
JQ:/cc/: 0.200031468 0.799968532 0.000000000
JQ:/cc/cr: 0.000002249 0.000002249 0.999995501
JQ:/cc/rr: 0.000000000 0.000013493 0.999986507
JQ:/crc/: 0.992523292 0.007476708 0.000000000
JQ:/crc/cr: 0.520328815 0.002219959 0.477451226
JQ:/crc/rr: 0.000000000 0.000025085 0.999974915
JQ:/crrc/: 0.016894061 0.983105939 0.000000000
JQ:/crrc/cr: 0.179687692 0.000032878 0.820279430
JQ:/crrc/rr: 0.000000000 0.002869861 0.997130139
JQ:/rc/: 0.998690517 0.001309483 0.000000000
JQ:/rc/cr: 0.017260378 0.017260378 0.965479243
JQ:/rc/rr: 0.000000000 0.000033948 0.999966052
JQ:/rrc/: 0.131622117 0.868377883 0.000000000
JQ:/rrc/cr: 0.000991831 0.000013015 0.998995154
JQ:/rrc/rr: 0.000000000 0.000128799 0.999871201
K:/: 0.756109362 0.243890638 0.000000000
K:/cr: 0.682421440 0.317564893 0.000013667
K:/rr: 0.000000000 0.999993387 0.000006613
KJ:/cc/: 0.000020501 0.999979499 0.000000000
KJ:/cc/cr: 0.000006834 0.000006834 0.999986332
KJ:/cc/rr: 0.000000000 0.500000000 0.500000000
KJ:/crc/: 0.000050281 0.999949719 0.000000000
KJ:/crc/cr: 0.000951819 0.999041008 0.000007173
KJ:/crc/rr: 0.000000000 0.786012601 0.213987399
KJ:/crrc/: 0.060432973 0.939567027 0.000000000
KJ:/crrc/cr: 0.000730086 0.998584196 0.000685718
KJ:/crrc/rr: 0.000000000 0.449163281 0.550836719
KJ:/rc/: 0.066707649 0.933292351 0.000000000
KJ:/rc/cr: 0.002513061 0.986430734 0.011056205
KJ:/rc/rr: 0.000000000 0.284124934 0.715875066
KJ:/rrc/: 0.084115954 0.915884046 0.000000000
KJ:/rrc/cr: 0.000024978 0.999825959 0.000149063
KJ:/rrc/rr: 0.000000000 0.576996717 0.423003283
KK:/cc/: 0.998113364 0.001886636 0.000000000
KK:/cc/cr: 0.992755717 0.003622142 0.003622142
KK:/cc/rr: 0.000000000 0.999989730 0.000010270
KK:/crc/: 0.106365134 0.893634866 0.000000000
KK:/crc/cr: 0.999983946 0.000008027 0.000008027
KK:/crc/rr: 0.000000000 0.999898844 0.000101156
KK:/crrc/: 0.997569228 0.002430772 0.000000000
KK:/crrc/cr: 0.997253589 0.001373205 0.001373205
KK:/crrc/rr: 0.000000000 0.999994981 0.000005019
KK:/rc/: 0.822163661 0.177836339 0.000000000
KK:/rc/cr: 0.999975210 0.000012395 0.000012395
KK:/rc/rr: 0.000000000 0.999995978 0.000004022
KK:/rrc/: 0.522354998 0.477645002 0.000000000
KK:/rrc/cr: 0.999995385 0.000002307 0.000002307
KK:/rrc/rr: 0.000000000 0.999996835 0.000003165
KQ:/cc/: 0.000056018 0.999943982 0.000000000
KQ:/cc/cr: 0.000037812 0.426119155 0.573843033
KQ:/cc/rr: 0.000000000 0.817014509 0.182985491
KQ:/crc/: 0.910816077 0.089183923 0.000000000
KQ:/crc/cr: 0.000584123 0.643638288 0.355777589
KQ:/crc/rr: 0.000000000 0.000022026 0.999977974
KQ:/crrc/: 0.006228522 0.993771478 0.000000000
KQ:/crrc/cr: 0.000084201 0.731058579 0.268857221
KQ:/crrc/rr: 0.000000000 0.845595093 0.154404907
KQ:/rc/: 0.000006613 0.999993387 0.000000000
KQ:/rc/cr: 0.000013028 0.487789615 0.512197357
KQ:/rc/rr: 0.000000000 0.500000000 0.500000000
KQ:/rrc/: 0.697200617 0.302799383 0.000000000
KQ:/rrc/cr: 0.030002478 0.826829006 0.143168516
KQ:/rrc/rr: 0.000000000 0.401120550 0.598879450
Q:/: 0.743275941 0.256724059 0.000000000
Q:/cr: 0.144682111 0.855193902 0.000123987
Q:/rr: 0.000000000 0.999993273 0.000006727
QJ:/cc/: 0.000019476 0.999980524 0.000000000
QJ:/cc/cr: 0.000006492 0.000006492 0.999987016
QJ:/cc/rr: 0.000000000 0.500000000 0.500000000
QJ:/crc/: 0.032091666 0.967908334 0.000000000
QJ:/crc/cr: 0.002071635 0.000002614 0.997925750
QJ:/crc/rr: 0.000000000 0.000118276 0.999881724
QJ:/crrc/: 0.018363966 0.981636034 0.000000000
QJ:/crrc/cr: 0.000233326 0.000015237 0.999751437
QJ:/crrc/rr: 0.000000000 0.001221718 0.998778282
QJ:/rc/: 0.009150853 0.990849147 0.000000000
QJ:/rc/cr: 0.000002263 0.000002263 0.999995474
QJ:/rc/rr: 0.000000000 0.000367560 0.999632440
QJ:/rrc/: 0.000003364 0.999996636 0.000000000
QJ:/rrc/cr: 0.000001121 0.000001121 0.999997758
QJ:/rrc/rr: 0.000000000 0.500000000 0.500000000
QK:/cc/: 0.580829177 0.419170823 0.000000000
QK:/cc/cr: 0.076664103 0.923315883 0.000020015
QK:/cc/rr: 0.000000000 0.999983234 0.000016766
QK:/crc/: 0.000216150 0.999783850 0.000000000
QK:/crc/cr: 0.000003596 0.557302739 0.442693665
QK:/crc/rr: 0.000000000 0.017560301 0.982439699
QK:/crrc/: 0.990339993 0.009660007 0.000000000
QK:/crrc/cr: 0.001898230 0.602700339 0.395401431
QK:/crrc/rr: 0.000000000 0.000586899 0.999413101
QK:/rc/: 0.454095460 0.545904540 0.000000000
QK:/rc/cr: 0.010078986 0.522667881 0.467253133
QK:/rc/rr: 0.000000000 0.211868212 0.788131788
QK:/rrc/: 0.120313321 0.879686679 0.000000000
QK:/rrc/cr: 0.000001275 0.299298102 0.700700624
QK:/rrc/rr: 0.000000000 0.000240429 0.999759571
QQ:/cc/: 0.544390691 0.455609309 0.000000000
QQ:/cc/cr: 0.999971502 0.000014249 0.000014249
QQ:/cc/rr: 0.000000000 0.999982112 0.000017888
QQ:/crc/: 0.991140953 0.008859047 0.000000000
QQ:/crc/cr: 0.999428733 0.000285634 0.000285634
QQ:/crc/rr: 0.000000000 0.999996170 0.000003830
QQ:/crrc/: 0.074093320 0.925906680 0.000000000
QQ:/crrc/cr: 0.999967692 0.000016154 0.000016154
QQ:/crrc/rr: 0.000000000 0.999697198 0.000302802
QQ:/rc/: 0.496909526 0.503090474 0.000000000
QQ:/rc/cr: 0.999989763 0.000005780 0.000004457
QQ:/rc/rr: 0.000000000 0.999993231 0.000006769
QQ:/rrc/: 0.972706379 0.027293621 0.000000000
QQ:/rrc/cr: 0.999917844 0.000041078 0.000041078
QQ:/rrc/rr: 0.000000000 0.999998271 0.000001729
