J:/c: 0.294006488 0.705993512 0.000000000
J:/crr: 0.000000000 0.999982994 0.000017006
J:/r: 0.055789721 0.125361055 0.818849225
JJ:/cc/c: 0.999992918 0.000007082 0.000000000
JJ:/cc/crr: 0.000000000 0.999996459 0.000003541
JJ:/cc/r: 0.999982803 0.000012475 0.000004721
JJ:/crc/c: 0.999982994 0.000017006 0.000000000
JJ:/crc/crr: 0.000000000 0.999991497 0.000008503
JJ:/crc/r: 0.999977325 0.000011338 0.000011338
JJ:/crrc/c: 0.999991497 0.000008503 0.000000000
JJ:/crrc/crr: 0.000000000 0.999995748 0.000004252
JJ:/crrc/r: 0.999988662 0.000005669 0.000005669
JJ:/rc/c: 0.999973410 0.000026590 0.000000000
JJ:/rc/crr: 0.000000000 0.999986705 0.000013295
JJ:/rc/r: 0.999960801 0.000021472 0.000017727
JJ:/rrc/c: 0.999940252 0.000059748 0.000000000
JJ:/rrc/crr: 0.000000000 0.999970124 0.000029876
JJ:/rrc/r: 0.999757667 0.000202501 0.000039832
JK:/cc/c: 0.004307985 0.995692015 0.000000000
JK:/cc/crr: 0.000000000 0.000821987 0.999178013
JK:/cc/r: 0.000008297 0.000004721 0.999986982
JK:/crc/c: 0.545136753 0.454863247 0.000000000
JK:/crc/crr: 0.000000000 0.000015598 0.999984402
JK:/crc/r: 0.000011338 0.000011338 0.999977325
JK:/crrc/c: 0.415845917 0.584154083 0.000000000
JK:/crrc/crr: 0.000000000 0.000010224 0.999989776
JK:/crrc/r: 0.179502114 0.000005669 0.820492217
JK:/rc/c: 0.373665795 0.626334205 0.000000000
JK:/rc/crr: 0.000000000 0.000035580 0.999964420
JK:/rc/r: 0.365088100 0.000017727 0.634894174
JK:/rrc/c: 0.999698562 0.000301438 0.000000000
JK:/rrc/crr: 0.000000000 0.000029883 0.999970117
JK:/rrc/r: 0.284147232 0.000039832 0.715812936
JQ:/cc/c: 0.072133075 0.927866925 0.000000000
JQ:/cc/crr: 0.000000000 0.000049091 0.999950909
JQ:/cc/r: 0.036121600 0.000004721 0.963873678
JQ:/crc/c: 0.482263393 0.517736607 0.000000000
JQ:/crc/crr: 0.000000000 0.000017632 0.999982368
JQ:/crc/r: 0.087137596 0.000011338 0.912851066
JQ:/crrc/c: 0.083466398 0.916533602 0.000000000
JQ:/crrc/crr: 0.000000000 0.000050939 0.999949061
JQ:/crrc/r: 0.194925657 0.000005669 0.805068675
JQ:/rc/c: 0.994452782 0.005547218 0.000000000
JQ:/rc/crr: 0.000000000 0.000013369 0.999986631
JQ:/rc/r: 0.000021731 0.000017727 0.999960542
JQ:/rrc/c: 0.032997507 0.967002493 0.000000000
JQ:/rrc/crr: 0.000000000 0.000905344 0.999094656
JQ:/rrc/r: 0.485642986 0.000039832 0.514317182
K:/c: 0.999969324 0.000030676 0.000000000
K:/crr: 0.000000000 0.999995000 0.000005000
K:/r: 0.588109266 0.411884068 0.000006667
KJ:/cc/c: 0.492315122 0.507684878 0.000000000
KJ:/cc/crr: 0.000000000 0.834460540 0.165539460
KJ:/cc/r: 0.520939677 0.211502483 0.267557840
KJ:/crc/c: 0.111541676 0.888458324 0.000000000
KJ:/crc/crr: 0.000000000 0.999977586 0.000022414
KJ:/crc/r: 0.000123879 0.732585526 0.267290594
KJ:/crrc/c: 0.453674758 0.546325242 0.000000000
KJ:/crrc/crr: 0.000000000 0.999997245 0.000002755
KJ:/crrc/r: 0.067971684 0.756950516 0.175077800
KJ:/rc/c: 0.481755611 0.518244389 0.000000000
KJ:/rc/crr: 0.000000000 0.793940817 0.206059183
KJ:/rc/r: 0.026032521 0.757863892 0.216103587
KJ:/rrc/c: 0.162671455 0.837328545 0.000000000
KJ:/rrc/crr: 0.000000000 0.999982579 0.000017421
KJ:/rrc/r: 0.049794108 0.898062655 0.052143237
KK:/cc/c: 0.837004841 0.162995159 0.000000000
KK:/cc/crr: 0.000000000 0.902631890 0.097368110
KK:/cc/r: 0.611158126 0.280178435 0.108663439
KK:/crc/c: 0.999995000 0.000005000 0.000000000
KK:/crc/crr: 0.000000000 0.999997500 0.000002500
KK:/crc/r: 0.996333598 0.003663068 0.000003333
KK:/crrc/c: 0.999997500 0.000002500 0.000000000
KK:/crrc/crr: 0.000000000 0.999998750 0.000001250
KK:/crrc/r: 0.999996667 0.000001667 0.000001667
KK:/rc/c: 0.999991907 0.000008093 0.000000000
KK:/rc/crr: 0.000000000 0.999995954 0.000004046
KK:/rc/r: 0.999979650 0.000014954 0.000005395
KK:/rrc/c: 0.999994332 0.000005668 0.000000000
KK:/rrc/crr: 0.000000000 0.999997166 0.000002834
KK:/rrc/r: 0.999976302 0.000019919 0.000003779
KQ:/cc/c: 0.837004841 0.162995159 0.000000000
KQ:/cc/crr: 0.000000000 0.902631890 0.097368110
KQ:/cc/r: 0.532018177 0.292178677 0.175803146
KQ:/crc/c: 0.310291533 0.689708467 0.000000000
KQ:/crc/crr: 0.000000000 0.000526988 0.999473012
KQ:/crc/r: 0.000060802 0.426842563 0.573096635
KQ:/crrc/c: 0.578663972 0.421336028 0.000000000
KQ:/crrc/crr: 0.000000000 0.381564949 0.618435051
KQ:/crrc/r: 0.003168740 0.687548334 0.309282926
KQ:/rc/c: 0.000093124 0.999906876 0.000000000
KQ:/rc/crr: 0.000000000 0.761592167 0.238407833
KQ:/rc/r: 0.000024852 0.305672693 0.694302455
KQ:/rrc/c: 0.504158026 0.495841974 0.000000000
KQ:/rrc/crr: 0.000000000 0.486462000 0.513538000
KQ:/rrc/r: 0.058152940 0.567735836 0.374111225
Q:/c: 0.848793168 0.151206832 0.000000000
Q:/crr: 0.000000000 0.999994109 0.000005891
Q:/r: 0.373614343 0.626154031 0.000231626
QJ:/cc/c: 0.000472554 0.999527446 0.000000000
QJ:/cc/crr: 0.000000000 0.034987805 0.965012195
QJ:/cc/r: 0.000036206 0.000022045 0.999941750
QJ:/crc/c: 0.480073319 0.519926681 0.000000000
QJ:/crc/crr: 0.000000000 0.015307680 0.984692320
QJ:/crc/r: 0.000181759 0.000003927 0.999814313
QJ:/crrc/c: 0.000002945 0.999997055 0.000000000
QJ:/crrc/crr: 0.000000000 0.500000000 0.500000000
QJ:/crrc/r: 0.018705294 0.000001964 0.981292742
QJ:/rc/c: 0.000186845 0.999813155 0.000000000
QJ:/rc/crr: 0.000000000 0.014245794 0.985754206
QJ:/rc/r: 0.015916870 0.000003549 0.984079581
QJ:/rrc/c: 0.000212822 0.999787178 0.000000000
QJ:/rrc/crr: 0.000000000 0.020960866 0.979039134
QJ:/rrc/r: 0.000086659 0.000005948 0.999907393
QK:/cc/c: 0.059999968 0.940000032 0.000000000
QK:/cc/crr: 0.000000000 0.999724439 0.000275561
QK:/cc/r: 0.000116508 0.729089378 0.270794114
QK:/crc/c: 0.310683292 0.689316708 0.000000000
QK:/crc/crr: 0.000000000 0.003320169 0.996679831
QK:/crc/r: 0.000279911 0.488775857 0.510944232
QK:/crrc/c: 0.131199121 0.868800879 0.000000000
QK:/crrc/crr: 0.000000000 0.004825524 0.995174476
QK:/crrc/r: 0.000070442 0.291951192 0.707978366
QK:/rc/c: 0.367637108 0.632362892 0.000000000
QK:/rc/crr: 0.000000000 0.010846623 0.989153377
QK:/rc/r: 0.000007172 0.305718543 0.694274286
QK:/rrc/c: 0.422798361 0.577201639 0.000000000
QK:/rrc/crr: 0.000000000 0.053367437 0.946632563
QK:/rrc/r: 0.000087378 0.519950832 0.479961790
QQ:/cc/c: 0.999966933 0.000033067 0.000000000
QQ:/cc/crr: 0.000000000 0.999983466 0.000016534
QQ:/cc/r: 0.999916751 0.000061204 0.000022045
QQ:/crc/c: 0.999994109 0.000005891 0.000000000
QQ:/crc/crr: 0.000000000 0.999997055 0.000002945
QQ:/crc/r: 0.780787881 0.219208192 0.000003927
QQ:/crrc/c: 0.999997055 0.000002945 0.000000000
QQ:/crrc/crr: 0.000000000 0.999998527 0.000001473
QQ:/crrc/r: 0.999996073 0.000001964 0.000001964
QQ:/rc/c: 0.999994676 0.000005324 0.000000000
QQ:/rc/crr: 0.000000000 0.999997338 0.000002662
QQ:/rc/r: 0.999976700 0.000019751 0.000003549
QQ:/rrc/c: 0.999991078 0.000008922 0.000000000
QQ:/rrc/crr: 0.000000000 0.999995539 0.000004461
QQ:/rrc/r: 0.999959660 0.000034392 0.000005948
