J:/c: 0.243588802 0.756411198 0.000000000
J:/crr: 0.000000000 0.999979474 0.000020526
J:/r: 0.053683424 0.125587741 0.820728836
JJ:/cc/c: 0.999993390 0.000006610 0.000000000
JJ:/cc/crr: 0.000000000 0.999996695 0.000003305
JJ:/cc/r: 0.999991186 0.000004407 0.000004407
JJ:/crc/c: 0.999979474 0.000020526 0.000000000
JJ:/crc/crr: 0.000000000 0.999989737 0.000010263
JJ:/crc/r: 0.999940983 0.000045333 0.000013684
JJ:/crrc/c: 0.999989737 0.000010263 0.000000000
JJ:/crrc/crr: 0.000000000 0.999994868 0.000005132
JJ:/crrc/r: 0.999954014 0.000039144 0.000006842
JJ:/rc/c: 0.999973458 0.000026542 0.000000000
JJ:/rc/crr: 0.000000000 0.999986729 0.000013271
JJ:/rc/r: 0.999571534 0.000410772 0.000017695
JJ:/rrc/c: 0.999937908 0.000062092 0.000000000
JJ:/rrc/crr: 0.000000000 0.999968952 0.000031048
JJ:/rrc/r: 0.999917210 0.000041395 0.000041395
JK:/cc/c: 0.007176483 0.992823517 0.000000000
JK:/cc/crr: 0.000000000 0.000460543 0.999539457
JK:/cc/r: 0.000004407 0.000004407 0.999991186
JK:/crc/c: 0.662581952 0.337418048 0.000000000
JK:/crc/crr: 0.000000000 0.000015490 0.999984510
JK:/crc/r: 0.000095746 0.000013684 0.999890570
JK:/crrc/c: 0.987089044 0.012910956 0.000000000
JK:/crrc/crr: 0.000000000 0.000005199 0.999994801
JK:/crrc/r: 0.186252252 0.000006842 0.813740906
JK:/rc/c: 0.390196280 0.609803720 0.000000000
JK:/rc/crr: 0.000000000 0.000034011 0.999965989
JK:/rc/r: 0.365055551 0.000017695 0.634926754
JK:/rrc/c: 0.999937908 0.000062092 0.000000000
JK:/rrc/crr: 0.000000000 0.000031048 0.999968952
JK:/rrc/r: 0.315836829 0.000041395 0.684121776
JQ:/cc/c: 0.073208100 0.926791900 0.000000000
JQ:/cc/crr: 0.000000000 0.000045146 0.999954854
JQ:/cc/r: 0.036570378 0.000004407 0.963425215
JQ:/crc/c: 0.465864819 0.534135181 0.000000000
JQ:/crc/crr: 0.000000000 0.000022030 0.999977970
JQ:/crc/r: 0.012044399 0.000013684 0.987941917
JQ:/crrc/c: 0.000935085 0.999064915 0.000000000
JQ:/crrc/crr: 0.000000000 0.005487955 0.994512045
JQ:/crrc/r: 0.126192806 0.000006842 0.873800351
JQ:/rc/c: 0.999973458 0.000026542 0.000000000
JQ:/rc/crr: 0.000000000 0.000013271 0.999986729
JQ:/rc/r: 0.000017695 0.000017695 0.999964611
JQ:/rrc/c: 0.000628675 0.999371325 0.000000000
JQ:/rrc/crr: 0.000000000 0.049383576 0.950616424
JQ:/rrc/r: 0.633697682 0.000041395 0.366260923
K:/c: 0.999990000 0.000010000 0.000000000
K:/crr: 0.000000000 0.999995000 0.000005000
K:/r: 0.587978646 0.412014688 0.000006667
KJ:/cc/c: 0.500000000 0.500000000 0.000000000
KJ:/cc/crr: 0.000000000 0.500000000 0.500000000
KJ:/cc/r: 0.333333333 0.333333333 0.333333333
KJ:/crc/c: 0.086420756 0.913579244 0.000000000
KJ:/crc/crr: 0.000000000 0.999971071 0.000028929
KJ:/crc/r: 0.000003735 0.759448968 0.240547297
KJ:/crrc/c: 0.535203259 0.464796741 0.000000000
KJ:/crrc/crr: 0.000000000 0.999997664 0.000002336
KJ:/crrc/r: 0.112572434 0.886847405 0.000580161
KJ:/rc/c: 0.425778168 0.574221832 0.000000000
KJ:/rc/crr: 0.000000000 0.999990499 0.000009501
KJ:/rc/r: 0.000019609 0.826344292 0.173636100
KJ:/rrc/c: 0.162665953 0.837334047 0.000000000
KJ:/rrc/crr: 0.000000000 0.999982574 0.000017426
KJ:/rrc/r: 0.043107668 0.956888553 0.000003779
KK:/cc/c: 0.500000000 0.500000000 0.000000000
KK:/cc/crr: 0.000000000 0.500000000 0.500000000
KK:/cc/r: 0.333333333 0.333333333 0.333333333
KK:/crc/c: 0.999995000 0.000005000 0.000000000
KK:/crc/crr: 0.000000000 0.999997500 0.000002500
KK:/crc/r: 0.988195834 0.011800833 0.000003333
KK:/crrc/c: 0.999997500 0.000002500 0.000000000
KK:/crrc/crr: 0.000000000 0.999998750 0.000001250
KK:/crrc/r: 0.999670283 0.000328051 0.000001667
KK:/rc/c: 0.999991910 0.000008090 0.000000000
KK:/rc/crr: 0.000000000 0.999995955 0.000004045
KK:/rc/r: 0.999976373 0.000018234 0.000005394
KK:/rrc/c: 0.999994331 0.000005669 0.000000000
KK:/rrc/crr: 0.000000000 0.999997165 0.000002835
KK:/rrc/r: 0.998998023 0.000998198 0.000003779
KQ:/cc/c: 0.500000000 0.500000000 0.000000000
KQ:/cc/crr: 0.000000000 0.500000000 0.500000000
KQ:/cc/r: 0.333333333 0.333333333 0.333333333
KQ:/crc/c: 0.235215200 0.764784800 0.000000000
KQ:/crc/crr: 0.000000000 0.026453752 0.973546248
KQ:/crc/r: 0.000019253 0.425732889 0.574247857
KQ:/crrc/c: 0.669319669 0.330680331 0.000000000
KQ:/crrc/crr: 0.000000000 0.445876006 0.554123994
KQ:/crrc/r: 0.000056457 0.876912933 0.123030610
KQ:/rc/c: 0.000079935 0.999920065 0.000000000
KQ:/rc/crr: 0.000000000 0.050605847 0.949394153
KQ:/rc/r: 0.000010148 0.301213026 0.698776826
KQ:/rrc/c: 0.517010275 0.482989725 0.000000000
KQ:/rrc/crr: 0.000000000 0.462973232 0.537026768
KQ:/rrc/r: 0.000132513 0.669159852 0.330707635
Q:/c: 0.836454396 0.163545604 0.000000000
Q:/crr: 0.000000000 0.999994022 0.000005978
Q:/r: 0.373462210 0.626509530 0.000028261
QJ:/cc/c: 0.000030573 0.999969427 0.000000000
QJ:/cc/crr: 0.000000000 0.500000000 0.500000000
QJ:/cc/r: 0.000020382 0.000020382 0.999959237
QJ:/crc/c: 0.387581625 0.612418375 0.000000000
QJ:/crc/crr: 0.000000000 0.000007711 0.999992289
QJ:/crc/r: 0.000003985 0.000003985 0.999992030
QJ:/crrc/c: 0.000002989 0.999997011 0.000000000
QJ:/crrc/crr: 0.000000000 0.500000000 0.500000000
QJ:/crrc/r: 0.000001993 0.000001993 0.999996015
QJ:/rc/c: 0.000005320 0.999994680 0.000000000
QJ:/rc/crr: 0.000000000 0.500000000 0.500000000
QJ:/rc/r: 0.037311955 0.000003547 0.962684498
QJ:/rrc/c: 0.000008925 0.999991075 0.000000000
QJ:/rrc/crr: 0.000000000 0.500000000 0.500000000
QJ:/rrc/r: 0.000005950 0.000005950 0.999988099
QK:/cc/c: 0.303211372 0.696788628 0.000000000
QK:/cc/crr: 0.000000000 0.999949585 0.000050415
QK:/cc/r: 0.000072390 0.756349148 0.243578462
QK:/crc/c: 0.336937442 0.663062558 0.000000000
QK:/crc/crr: 0.000000000 0.000008871 0.999991129
QK:/crc/r: 0.000003985 0.566237644 0.433758371
QK:/crrc/c: 0.004150657 0.995849343 0.000000000
QK:/crrc/crr: 0.000000000 0.017788921 0.982211079
QK:/crrc/r: 0.000001993 0.424742441 0.575255566
QK:/rc/c: 0.355462015 0.644537985 0.000000000
QK:/rc/crr: 0.000000000 0.000007484 0.999992516
QK:/rc/r: 0.000019205 0.307673892 0.692306903
QK:/rrc/c: 0.450444504 0.549555496 0.000000000
QK:/rrc/crr: 0.000000000 0.000292021 0.999707979
QK:/rrc/r: 0.000013177 0.497846138 0.502140685
QQ:/cc/c: 0.999969427 0.000030573 0.000000000
QQ:/cc/crr: 0.000000000 0.999984713 0.000015287
QQ:/cc/r: 0.999924781 0.000054838 0.000020382
QQ:/crc/c: 0.999994022 0.000005978 0.000000000
QQ:/crc/crr: 0.000000000 0.999997011 0.000002989
QQ:/crc/r: 0.999940872 0.000055143 0.000003985
QQ:/crrc/c: 0.999997011 0.000002989 0.000000000
QQ:/crrc/crr: 0.000000000 0.999998506 0.000001494
QQ:/crrc/r: 0.999587986 0.000410021 0.000001993
QQ:/rc/c: 0.999994680 0.000005320 0.000000000
QQ:/rc/crr: 0.000000000 0.999997340 0.000002660
QQ:/rc/r: 0.994046218 0.005950235 0.000003547
QQ:/rrc/c: 0.999991075 0.000008925 0.000000000
QQ:/rrc/crr: 0.000000000 0.999995537 0.000004463
QQ:/rrc/r: 0.999971720 0.000022330 0.000005950
