J:/c: 0.297275261 0.702724739 0.000000000
J:/crr: 0.000000000 0.999983181 0.000016819
J:/r: 0.054523108 0.128849033 0.816627859
JJ:/cc/c: 0.999992885 0.000007115 0.000000000
JJ:/cc/crr: 0.000000000 0.999996442 0.000003558
JJ:/cc/r: 0.999982724 0.000012533 0.000004743
JJ:/crc/c: 0.999983181 0.000016819 0.000000000
JJ:/crc/crr: 0.000000000 0.999991590 0.000008410
JJ:/crc/r: 0.999977574 0.000011213 0.000011213
JJ:/crrc/c: 0.999991590 0.000008410 0.000000000
JJ:/crrc/crr: 0.000000000 0.999995795 0.000004205
JJ:/crrc/r: 0.999988787 0.000005607 0.000005607
JJ:/rc/c: 0.999974130 0.000025870 0.000000000
JJ:/rc/crr: 0.000000000 0.999987065 0.000012935
JJ:/rc/r: 0.999961689 0.000021064 0.000017247
JJ:/rrc/c: 0.999938864 0.000061136 0.000000000
JJ:/rrc/crr: 0.000000000 0.999969430 0.000030570
JJ:/rrc/r: 0.999757100 0.000202142 0.000040757
JK:/cc/c: 0.005690059 0.994309941 0.000000000
JK:/cc/crr: 0.000000000 0.000625227 0.999374773
JK:/cc/r: 0.000008766 0.000004743 0.999986491
JK:/crc/c: 0.554380483 0.445619517 0.000000000
JK:/crc/crr: 0.000000000 0.000015170 0.999984830
JK:/crc/r: 0.036503573 0.000011213 0.963485214
JK:/crrc/c: 0.451719329 0.548280671 0.000000000
JK:/crrc/crr: 0.000000000 0.000009309 0.999990691
JK:/crrc/r: 0.193516403 0.000005607 0.806477991
JK:/rc/c: 0.369275651 0.630724349 0.000000000
JK:/rc/crr: 0.000000000 0.000035028 0.999964972
JK:/rc/r: 0.358210343 0.000017247 0.641772410
JK:/rrc/c: 0.999674707 0.000325293 0.000000000
JK:/rrc/crr: 0.000000000 0.000030578 0.999969422
JK:/rrc/r: 0.306910732 0.000040757 0.693048511
JQ:/cc/c: 0.071274094 0.928725906 0.000000000
JQ:/cc/crr: 0.000000000 0.000049914 0.999950086
JQ:/cc/r: 0.037181054 0.000004743 0.962814203
JQ:/crc/c: 0.562523848 0.437476152 0.000000000
JQ:/crc/crr: 0.000000000 0.000014950 0.999985050
JQ:/crc/r: 0.011277986 0.000011213 0.988710801
JQ:/crrc/c: 0.043203014 0.956796986 0.000000000
JQ:/crrc/crr: 0.000000000 0.000097330 0.999902670
JQ:/crrc/r: 0.223494329 0.000005607 0.776500065
JQ:/rc/c: 0.990723336 0.009276664 0.000000000
JQ:/rc/crr: 0.000000000 0.000013056 0.999986944
JQ:/rc/r: 0.000022675 0.000017247 0.999960079
JQ:/rrc/c: 0.019247262 0.980752738 0.000000000
JQ:/rrc/crr: 0.000000000 0.001588178 0.998411822
JQ:/rrc/r: 0.485189655 0.000040757 0.514769587
K:/c: 0.999969351 0.000030649 0.000000000
K:/crr: 0.000000000 0.999995000 0.000005000
K:/r: 0.581438695 0.418554638 0.000006667
KJ:/cc/c: 0.465081650 0.534918350 0.000000000
KJ:/cc/crr: 0.000000000 0.824613550 0.175386450
KJ:/cc/r: 0.534568235 0.219275273 0.246156491
KJ:/crc/c: 0.095498324 0.904501676 0.000000000
KJ:/crc/crr: 0.000000000 0.999973821 0.000026179
KJ:/crc/r: 0.000078711 0.725357550 0.274563739
KJ:/crrc/c: 0.395069086 0.604930914 0.000000000
KJ:/crrc/crr: 0.000000000 0.982221959 0.017778041
KJ:/crrc/r: 0.045985668 0.782930853 0.171083479
KJ:/rc/c: 0.507061060 0.492938940 0.000000000
KJ:/rc/crr: 0.000000000 0.671851587 0.328148413
KJ:/rc/r: 0.049148242 0.734718487 0.216133271
KJ:/rrc/c: 0.082724151 0.917275849 0.000000000
KJ:/rrc/crr: 0.000000000 0.995103500 0.004896500
KJ:/rrc/r: 0.038912378 0.893276101 0.067811521
KK:/cc/c: 0.836861961 0.163138039 0.000000000
KK:/cc/crr: 0.000000000 0.902529899 0.097470101
KK:/cc/r: 0.600915688 0.290325619 0.108758693
KK:/crc/c: 0.999995000 0.000005000 0.000000000
KK:/crc/crr: 0.000000000 0.999997500 0.000002500
KK:/crc/r: 0.994709833 0.005286834 0.000003333
KK:/crrc/c: 0.999997500 0.000002500 0.000000000
KK:/crrc/crr: 0.000000000 0.999998750 0.000001250
KK:/crrc/r: 0.999996667 0.000001667 0.000001667
KK:/rc/c: 0.999992036 0.000007964 0.000000000
KK:/rc/crr: 0.000000000 0.999996018 0.000003982
KK:/rc/r: 0.999979155 0.000015536 0.000005309
KK:/rrc/c: 0.999994267 0.000005733 0.000000000
KK:/rrc/crr: 0.000000000 0.999997134 0.000002866
KK:/rrc/r: 0.999976247 0.000019931 0.000003822
KQ:/cc/c: 0.836861961 0.163138039 0.000000000
KQ:/cc/crr: 0.000000000 0.902529899 0.097470101
KQ:/cc/r: 0.526879492 0.289021896 0.184098612
KQ:/crc/c: 0.234019868 0.765980132 0.000000000
KQ:/crc/crr: 0.000000000 0.039192624 0.960807376
KQ:/crc/r: 0.000058501 0.437622502 0.562318996
KQ:/crrc/c: 0.612888749 0.387111251 0.000000000
KQ:/crrc/crr: 0.000000000 0.387875144 0.612124856
KQ:/crrc/r: 0.002237029 0.720422201 0.277340770
KQ:/rc/c: 0.000895421 0.999104579 0.000000000
KQ:/rc/crr: 0.000000000 0.053780631 0.946219369
KQ:/rc/r: 0.000025008 0.302863484 0.697111508
KQ:/rrc/c: 0.491815910 0.508184090 0.000000000
KQ:/rrc/crr: 0.000000000 0.468673658 0.531326342
KQ:/rrc/r: 0.058271631 0.580701222 0.361027147
Q:/c: 0.846809892 0.153190108 0.000000000
Q:/crr: 0.000000000 0.999994095 0.000005905
Q:/r: 0.363635896 0.636220101 0.000144003
QJ:/cc/c: 0.000402661 0.999597339 0.000000000
QJ:/cc/crr: 0.000000000 0.040529377 0.959470623
QJ:/cc/r: 0.000038053 0.000021759 0.999940188
QJ:/crc/c: 0.423513745 0.576486255 0.000000000
QJ:/crc/crr: 0.000000000 0.088570329 0.911429671
QJ:/crc/r: 0.000166261 0.000003936 0.999829803
QJ:/crrc/c: 0.000002952 0.999997048 0.000000000
QJ:/crrc/crr: 0.000000000 0.500000000 0.500000000
QJ:/crrc/r: 0.019839395 0.000001968 0.980158637
QJ:/rc/c: 0.000115700 0.999884300 0.000000000
QJ:/rc/crr: 0.000000000 0.022641640 0.977358360
QJ:/rc/r: 0.011339980 0.000003493 0.988656527
QJ:/rrc/c: 0.000246048 0.999753952 0.000000000
QJ:/rrc/crr: 0.000000000 0.018627844 0.981372156
QJ:/rrc/r: 0.000076476 0.000006111 0.999917413
QK:/cc/c: 0.029043668 0.970956332 0.000000000
QK:/cc/crr: 0.000000000 0.999438102 0.000561898
QK:/cc/r: 0.000111597 0.725545489 0.274342915
QK:/crc/c: 0.272576324 0.727423676 0.000000000
QK:/crc/crr: 0.000000000 0.018801919 0.981198081
QK:/crc/r: 0.001090866 0.452487808 0.546421326
QK:/crrc/c: 0.055163128 0.944836872 0.000000000
QK:/crrc/crr: 0.000000000 0.008524521 0.991475479
QK:/crrc/r: 0.000074648 0.289162720 0.710762632
QK:/rc/c: 0.368052036 0.631947964 0.000000000
QK:/rc/crr: 0.000000000 0.008299419 0.991700581
QK:/rc/r: 0.000007491 0.311264244 0.688728265
QK:/rrc/c: 0.425776818 0.574223182 0.000000000
QK:/rrc/crr: 0.000000000 0.045061966 0.954938034
QK:/rrc/r: 0.000088856 0.502227859 0.497683285
QQ:/cc/c: 0.999967361 0.000032639 0.000000000
QQ:/cc/crr: 0.000000000 0.999983680 0.000016320
QQ:/cc/r: 0.999918217 0.000060023 0.000021759
QQ:/crc/c: 0.999994095 0.000005905 0.000000000
QQ:/crc/crr: 0.000000000 0.999997048 0.000002952
QQ:/crc/r: 0.808638150 0.191357914 0.000003936
QQ:/crrc/c: 0.999997048 0.000002952 0.000000000
QQ:/crrc/crr: 0.000000000 0.999998524 0.000001476
QQ:/crrc/r: 0.999996064 0.000001968 0.000001968
QQ:/rc/c: 0.999994761 0.000005239 0.000000000
QQ:/rc/crr: 0.000000000 0.999997380 0.000002620
QQ:/rc/r: 0.999981333 0.000015175 0.000003493
QQ:/rrc/c: 0.999990833 0.000009167 0.000000000
QQ:/rrc/crr: 0.000000000 0.999995417 0.000004583
QQ:/rrc/r: 0.999958940 0.000034949 0.000006111
