J:/c: 0.300615214 0.699384786 0.000000000
J:/crr: 0.000000000 0.999983367 0.000016633
J:/r: 0.054758322 0.126372289 0.818869389
JJ:/cc/c: 0.999992851 0.000007149 0.000000000
JJ:/cc/crr: 0.000000000 0.999996425 0.000003575
JJ:/cc/r: 0.999986871 0.000008363 0.000004766
JJ:/crc/c: 0.999983367 0.000016633 0.000000000
JJ:/crc/crr: 0.000000000 0.999991684 0.000008316
JJ:/crc/r: 0.999977823 0.000011088 0.000011088
JJ:/crrc/c: 0.999991684 0.000008316 0.000000000
JJ:/crrc/crr: 0.000000000 0.999995842 0.000004158
JJ:/crrc/r: 0.999988911 0.000005544 0.000005544
JJ:/rc/c: 0.999973623 0.000026377 0.000000000
JJ:/rc/crr: 0.000000000 0.999986811 0.000013189
JJ:/rc/r: 0.999964831 0.000017585 0.000017585
JJ:/rrc/c: 0.999939126 0.000060874 0.000000000
JJ:/rrc/crr: 0.000000000 0.999969561 0.000030439
JJ:/rrc/r: 0.999879199 0.000080218 0.000040582
JK:/cc/c: 0.007026366 0.992973634 0.000000000
JK:/cc/crr: 0.000000000 0.000508737 0.999491263
JK:/cc/r: 0.000016978 0.000004766 0.999978256
JK:/crc/c: 0.527417090 0.472582910 0.000000000
JK:/crc/crr: 0.000000000 0.000015768 0.999984232
JK:/crc/r: 0.000011088 0.000011088 0.999977823
JK:/crrc/c: 0.370598719 0.629401281 0.000000000
JK:/crrc/crr: 0.000000000 0.000011220 0.999988780
JK:/crrc/r: 0.246557442 0.000005544 0.753437014
JK:/rc/c: 0.376130478 0.623869522 0.000000000
JK:/rc/crr: 0.000000000 0.000035064 0.999964936
JK:/rc/r: 0.363360880 0.000017585 0.636621535
JK:/rrc/c: 0.999939126 0.000060874 0.000000000
JK:/rrc/crr: 0.000000000 0.000030439 0.999969561
JK:/rrc/r: 0.351053980 0.000040582 0.648905438
JQ:/cc/c: 0.067893241 0.932106759 0.000000000
JQ:/cc/crr: 0.000000000 0.000052650 0.999947350
JQ:/cc/r: 0.034543064 0.000004766 0.965452170
JQ:/crc/c: 0.468502725 0.531497275 0.000000000
JQ:/crc/crr: 0.000000000 0.000017751 0.999982249
JQ:/crc/r: 0.000948505 0.000011088 0.999040407
JQ:/crrc/c: 0.022453563 0.977546437 0.000000000
JQ:/crrc/crr: 0.000000000 0.000185191 0.999814809
JQ:/crrc/r: 0.068042969 0.000005544 0.931951487
JQ:/rc/c: 0.998107123 0.001892877 0.000000000
JQ:/rc/crr: 0.000000000 0.000013214 0.999986786
JQ:/rc/r: 0.000017585 0.000017585 0.999964831
JQ:/rrc/c: 0.006227437 0.993772563 0.000000000
JQ:/rrc/crr: 0.000000000 0.004887528 0.995112472
JQ:/rrc/r: 0.599997518 0.000040582 0.399961899
K:/c: 0.999990000 0.000010000 0.000000000
K:/crr: 0.000000000 0.999995000 0.000005000
K:/r: 0.586661360 0.413331973 0.000006667
KJ:/cc/c: 0.500000000 0.500000000 0.000000000
KJ:/cc/crr: 0.000000000 0.500000000 0.500000000
KJ:/cc/r: 0.333333333 0.333333333 0.333333333
KJ:/crc/c: 0.202615884 0.797384116 0.000000000
KJ:/crc/crr: 0.000000000 0.999987661 0.000012339
KJ:/crc/r: 0.000038154 0.770907691 0.229054155
KJ:/crrc/c: 0.498505494 0.501494506 0.000000000
KJ:/crrc/crr: 0.000000000 0.999997492 0.000002508
KJ:/crrc/r: 0.008950448 0.893604099 0.097445454
KJ:/rc/c: 0.436595002 0.563404998 0.000000000
KJ:/rc/crr: 0.000000000 0.988328148 0.011671852
KJ:/rc/r: 0.048085801 0.774795949 0.177118250
KJ:/rrc/c: 0.493078514 0.506921486 0.000000000
KJ:/rrc/crr: 0.000000000 0.999994238 0.000005762
KJ:/rrc/r: 0.036459148 0.908401424 0.055139429
KK:/cc/c: 0.500000000 0.500000000 0.000000000
KK:/cc/crr: 0.000000000 0.500000000 0.500000000
KK:/cc/r: 0.333333333 0.333333333 0.333333333
KK:/crc/c: 0.999995000 0.000005000 0.000000000
KK:/crc/crr: 0.000000000 0.999997500 0.000002500
KK:/crc/r: 0.996401934 0.003594732 0.000003333
KK:/crrc/c: 0.999997500 0.000002500 0.000000000
KK:/crrc/crr: 0.000000000 0.999998750 0.000001250
KK:/crrc/r: 0.999886530 0.000111803 0.000001667
KK:/rc/c: 0.999991935 0.000008065 0.000000000
KK:/rc/crr: 0.000000000 0.999995968 0.000004032
KK:/rc/r: 0.999980266 0.000014357 0.000005376
KK:/rrc/c: 0.999994318 0.000005682 0.000000000
KK:/rrc/crr: 0.000000000 0.999997159 0.000002841
KK:/rrc/r: 0.999770808 0.000225404 0.000003788
KQ:/cc/c: 0.500000000 0.500000000 0.000000000
KQ:/cc/crr: 0.000000000 0.500000000 0.500000000
KQ:/cc/r: 0.333333333 0.333333333 0.333333333
KQ:/crc/c: 0.202332730 0.797667270 0.000000000
KQ:/crc/crr: 0.000000000 0.161216948 0.838783052
KQ:/crc/r: 0.000021113 0.449209322 0.550769564
KQ:/crrc/c: 0.637511104 0.362488896 0.000000000
KQ:/crrc/crr: 0.000000000 0.435328205 0.564671795
KQ:/crrc/r: 0.000054714 0.875047236 0.124898050
KQ:/rc/c: 0.000168417 0.999831583 0.000000000
KQ:/rc/crr: 0.000000000 0.023942196 0.976057804
KQ:/rc/r: 0.000013945 0.305908049 0.694078006
KQ:/rrc/c: 0.492467520 0.507532480 0.000000000
KQ:/rrc/crr: 0.000000000 0.442223531 0.557776469
KQ:/rrc/r: 0.004808287 0.667077202 0.328114511
Q:/c: 0.849866756 0.150133244 0.000000000
Q:/crr: 0.000000000 0.999994117 0.000005883
Q:/r: 0.368819055 0.631154476 0.000026468
QJ:/cc/c: 0.000033304 0.999966696 0.000000000
QJ:/cc/crr: 0.000000000 0.500000000 0.500000000
QJ:/cc/r: 0.000022202 0.000022202 0.999955595
QJ:/crc/c: 0.412514777 0.587485223 0.000000000
QJ:/crc/crr: 0.000000000 0.000100923 0.999899077
QJ:/crc/r: 0.000003922 0.000003922 0.999992156
QJ:/crrc/c: 0.000002942 0.999997058 0.000000000
QJ:/crrc/crr: 0.000000000 0.500000000 0.500000000
QJ:/crrc/r: 0.030666331 0.000001961 0.969331708
QJ:/rc/c: 0.000005281 0.999994719 0.000000000
QJ:/rc/crr: 0.000000000 0.500000000 0.500000000
QJ:/rc/r: 0.000009040 0.000003521 0.999987439
QJ:/rrc/c: 0.000009038 0.999990962 0.000000000
QJ:/rrc/crr: 0.000000000 0.500000000 0.500000000
QJ:/rrc/r: 0.000041295 0.000006025 0.999952679
QK:/cc/c: 0.340168876 0.659831124 0.000000000
QK:/cc/crr: 0.000000000 0.999951048 0.000048952
QK:/cc/r: 0.000100552 0.762956982 0.236942466
QK:/crc/c: 0.324026105 0.675973895 0.000000000
QK:/crc/crr: 0.000000000 0.000393871 0.999606129
QK:/crc/r: 0.000069631 0.456301717 0.543628653
QK:/crrc/c: 0.192883136 0.807116864 0.000000000
QK:/crrc/crr: 0.000000000 0.002039251 0.997960749
QK:/crrc/r: 0.000019918 0.265550767 0.734429316
QK:/rc/c: 0.372174304 0.627825696 0.000000000
QK:/rc/crr: 0.000000000 0.000630315 0.999369685
QK:/rc/r: 0.000008719 0.310783690 0.689207591
QK:/rrc/c: 0.437594221 0.562405779 0.000000000
QK:/rrc/crr: 0.000000000 0.024515298 0.975484702
QK:/rrc/r: 0.000064907 0.492760367 0.507174726
QQ:/cc/c: 0.999966696 0.000033304 0.000000000
QQ:/cc/crr: 0.000000000 0.999983348 0.000016652
QQ:/cc/r: 0.999896529 0.000081268 0.000022202
QQ:/crc/c: 0.999994117 0.000005883 0.000000000
QQ:/crc/crr: 0.000000000 0.999997058 0.000002942
QQ:/crc/r: 0.992976770 0.007019308 0.000003922
QQ:/crrc/c: 0.999997058 0.000002942 0.000000000
QQ:/crrc/crr: 0.000000000 0.999998529 0.000001471
QQ:/crrc/r: 0.999776069 0.000221970 0.000001961
QQ:/rc/c: 0.999994719 0.000005281 0.000000000
QQ:/rc/crr: 0.000000000 0.999997359 0.000002641
QQ:/rc/r: 0.999991707 0.000004772 0.000003521
QQ:/rrc/c: 0.999990962 0.000009038 0.000000000
QQ:/rrc/crr: 0.000000000 0.999995481 0.000004519
QQ:/rrc/r: 0.999958440 0.000035534 0.000006025
