J:/c: 0.297417758 0.702582242 0.000000000
J:/crr: 0.000000000 0.999983189 0.000016811
J:/r: 0.055434434 0.121304804 0.823260762
JJ:/cc/c: 0.999992883 0.000007117 0.000000000
JJ:/cc/crr: 0.000000000 0.999996442 0.000003558
JJ:/cc/r: 0.999990511 0.000004744 0.000004744
JJ:/crc/c: 0.999983189 0.000016811 0.000000000
JJ:/crc/crr: 0.000000000 0.999991594 0.000008406
JJ:/crc/r: 0.999316102 0.000672691 0.000011208
JJ:/crrc/c: 0.999991594 0.000008406 0.000000000
JJ:/crrc/crr: 0.000000000 0.999995797 0.000004203
JJ:/crrc/r: 0.999969262 0.000025134 0.000005604
JJ:/rc/c: 0.999972521 0.000027479 0.000000000
JJ:/rc/crr: 0.000000000 0.999986260 0.000013740
JJ:/rc/r: 0.999962690 0.000018990 0.000018319
JJ:/rrc/c: 0.999939869 0.000060131 0.000000000
JJ:/rrc/crr: 0.000000000 0.999969933 0.000030067
JJ:/rrc/r: 0.999886820 0.000073092 0.000040087
JK:/cc/c: 0.005097123 0.994902877 0.000000000
JK:/cc/crr: 0.000000000 0.000698100 0.999301900
JK:/cc/r: 0.000004744 0.000004744 0.999990511
JK:/crc/c: 0.547883373 0.452116627 0.000000000
JK:/crc/crr: 0.000000000 0.000015342 0.999984658
JK:/crc/r: 0.000046819 0.000011208 0.999941973
JK:/crrc/c: 0.511191918 0.488808082 0.000000000
JK:/crrc/crr: 0.000000000 0.000008222 0.999991778
JK:/crrc/r: 0.219792068 0.000005604 0.780202328
JK:/rc/c: 0.392661174 0.607338826 0.000000000
JK:/rc/crr: 0.000000000 0.000034991 0.999965009
JK:/rc/r: 0.365982650 0.000018319 0.633999031
JK:/rrc/c: 0.999939869 0.000060131 0.000000000
JK:/rrc/crr: 0.000000000 0.000030067 0.999969933
JK:/rrc/r: 0.342037439 0.000040087 0.657922474
JQ:/cc/c: 0.071306021 0.928693979 0.000000000
JQ:/cc/crr: 0.000000000 0.000049902 0.999950098
JQ:/cc/r: 0.039658057 0.000004744 0.960337198
JQ:/crc/c: 0.572574184 0.427425816 0.000000000
JQ:/crc/crr: 0.000000000 0.000014681 0.999985319
JQ:/crc/r: 0.014640774 0.000011208 0.985348018
JQ:/crrc/c: 0.045694172 0.954305828 0.000000000
JQ:/crrc/crr: 0.000000000 0.000091979 0.999908021
JQ:/crrc/r: 0.201211662 0.000005604 0.798782734
JQ:/rc/c: 0.998423272 0.001576728 0.000000000
JQ:/rc/crr: 0.000000000 0.000013761 0.999986239
JQ:/rc/r: 0.000018319 0.000018319 0.999963361
JQ:/rrc/c: 0.020657708 0.979342292 0.000000000
JQ:/rrc/crr: 0.000000000 0.001455415 0.998544585
JQ:/rrc/r: 0.489678120 0.000040087 0.510281792
K:/c: 0.999990000 0.000010000 0.000000000
K:/crr: 0.000000000 0.999995000 0.000005000
K:/r: 0.599919660 0.400073673 0.000006667
KJ:/cc/c: 0.500000000 0.500000000 0.000000000
KJ:/cc/crr: 0.000000000 0.500000000 0.500000000
KJ:/cc/r: 0.333333333 0.333333333 0.333333333
KJ:/crc/c: 0.155691402 0.844308598 0.000000000
KJ:/crc/crr: 0.000000000 0.999983942 0.000016058
KJ:/crc/r: 0.000033398 0.723682941 0.276283661
KJ:/crrc/c: 0.432633207 0.567366793 0.000000000
KJ:/crrc/crr: 0.000000000 0.999997111 0.000002889
KJ:/crrc/r: 0.012814875 0.860097212 0.127087914
KJ:/rc/c: 0.461438414 0.538561586 0.000000000
KJ:/rc/crr: 0.000000000 0.766588711 0.233411289
KJ:/rc/r: 0.007445190 0.822236109 0.170318701
KJ:/rrc/c: 0.080043441 0.919956559 0.000000000
KJ:/rrc/crr: 0.000000000 0.999965292 0.000034708
KJ:/rrc/r: 0.033612090 0.966384206 0.000003704
KK:/cc/c: 0.500000000 0.500000000 0.000000000
KK:/cc/crr: 0.000000000 0.500000000 0.500000000
KK:/cc/r: 0.333333333 0.333333333 0.333333333
KK:/crc/c: 0.999995000 0.000005000 0.000000000
KK:/crc/crr: 0.000000000 0.999997500 0.000002500
KK:/crc/r: 0.999986645 0.000010021 0.000003333
KK:/crrc/c: 0.999997500 0.000002500 0.000000000
KK:/crrc/crr: 0.000000000 0.999998750 0.000001250
KK:/crrc/r: 0.999961342 0.000036992 0.000001667
KK:/rc/c: 0.999991668 0.000008332 0.000000000
KK:/rc/crr: 0.000000000 0.999995834 0.000004166
KK:/rc/r: 0.999980019 0.000014426 0.000005555
KK:/rrc/c: 0.999994444 0.000005556 0.000000000
KK:/rrc/crr: 0.000000000 0.999997222 0.000002778
KK:/rrc/r: 0.998433836 0.001562460 0.000003704
KQ:/cc/c: 0.500000000 0.500000000 0.000000000
KQ:/cc/crr: 0.000000000 0.500000000 0.500000000
KQ:/cc/r: 0.333333333 0.333333333 0.333333333
KQ:/crc/c: 0.006346148 0.993653852 0.000000000
KQ:/crc/crr: 0.000000000 0.024598534 0.975401466
KQ:/crc/r: 0.000019064 0.434160437 0.565820500
KQ:/crrc/c: 0.604725879 0.395274121 0.000000000
KQ:/crrc/crr: 0.000000000 0.425283430 0.574716570
KQ:/crrc/r: 0.000188701 0.633755794 0.366055506
KQ:/rc/c: 0.000036515 0.999963485 0.000000000
KQ:/rc/crr: 0.000000000 0.114087533 0.885912467
KQ:/rc/r: 0.000014587 0.290022447 0.709962966
KQ:/rrc/c: 0.536110408 0.463889592 0.000000000
KQ:/rrc/crr: 0.000000000 0.456697758 0.543302242
KQ:/rrc/r: 0.070038728 0.552276682 0.377684590
Q:/c: 0.853437586 0.146562414 0.000000000
Q:/crr: 0.000000000 0.999994141 0.000005859
Q:/r: 0.393140163 0.606821177 0.000038660
QJ:/cc/c: 0.000034115 0.999965885 0.000000000
QJ:/cc/crr: 0.000000000 0.500000000 0.500000000
QJ:/cc/r: 0.000022743 0.000022743 0.999954513
QJ:/crc/c: 0.430644786 0.569355214 0.000000000
QJ:/crc/crr: 0.000000000 0.000055458 0.999944542
QJ:/crc/r: 0.000003906 0.000003906 0.999992188
QJ:/crrc/c: 0.000002929 0.999997071 0.000000000
QJ:/crrc/crr: 0.000000000 0.500000000 0.500000000
QJ:/crrc/r: 0.029989239 0.000001953 0.970008808
QJ:/rc/c: 0.000005493 0.999994507 0.000000000
QJ:/rc/crr: 0.000000000 0.500000000 0.500000000
QJ:/rc/r: 0.015845843 0.000003662 0.984150495
QJ:/rrc/c: 0.000131195 0.999868805 0.000000000
QJ:/rrc/crr: 0.000000000 0.032313392 0.967686608
QJ:/rrc/r: 0.000038914 0.000005652 0.999955434
QK:/cc/c: 0.301966693 0.698033307 0.000000000
QK:/cc/crr: 0.000000000 0.999943512 0.000056488
QK:/cc/r: 0.000064519 0.784699235 0.215236246
QK:/crc/c: 0.287133797 0.712866203 0.000000000
QK:/crc/crr: 0.000000000 0.000827895 0.999172105
QK:/crc/r: 0.000069391 0.469369801 0.530560808
QK:/crrc/c: 0.137332764 0.862667236 0.000000000
QK:/crrc/crr: 0.000000000 0.001761458 0.998238542
QK:/crrc/r: 0.000027070 0.285996401 0.713976530
QK:/rc/c: 0.358988827 0.641011173 0.000000000
QK:/rc/crr: 0.000000000 0.002161031 0.997838969
QK:/rc/r: 0.000010412 0.304326582 0.695663006
QK:/rrc/c: 0.432660039 0.567339961 0.000000000
QK:/rrc/crr: 0.000000000 0.083631961 0.916368039
QK:/rrc/r: 0.000057081 0.512557305 0.487385615
QQ:/cc/c: 0.999965885 0.000034115 0.000000000
QQ:/cc/crr: 0.000000000 0.999982942 0.000017058
QQ:/cc/r: 0.999859886 0.000117371 0.000022743
QQ:/crc/c: 0.999994141 0.000005859 0.000000000
QQ:/crc/crr: 0.000000000 0.999997071 0.000002929
QQ:/crc/r: 0.999949866 0.000046229 0.000003906
QQ:/crrc/c: 0.999997071 0.000002929 0.000000000
QQ:/crrc/crr: 0.000000000 0.999998535 0.000001465
QQ:/crrc/r: 0.999847717 0.000150331 0.000001953
QQ:/rc/c: 0.999994507 0.000005493 0.000000000
QQ:/rc/crr: 0.000000000 0.999997253 0.000002747
QQ:/rc/r: 0.999991189 0.000005149 0.000003662
QQ:/rrc/c: 0.999991521 0.000008479 0.000000000
QQ:/rrc/crr: 0.000000000 0.999995761 0.000004239
QQ:/rrc/r: 0.999963023 0.000031325 0.000005652
