J:/: 0.079755822 0.920244178 0.000000000
J:/cr: 0.017983787 0.036735768 0.945280445
J:/rr: 0.000000000 0.999937309 0.000062691
JJ:/cc/: 0.000298238 0.999701762 0.000000000
JJ:/cc/cr: 0.999996377 0.000001812 0.000001812
JJ:/cc/rr: 0.000000000 0.990890930 0.009109070
JJ:/crc/: 0.946786459 0.053213541 0.000000000
JJ:/crc/cr: 0.999382349 0.000308825 0.000308825
JJ:/crc/rr: 0.000000000 0.999973964 0.000026036
JJ:/crrc/: 0.923617759 0.076382241 0.000000000
JJ:/crrc/cr: 0.999121016 0.000439492 0.000439492
JJ:/crrc/rr: 0.000000000 0.999945482 0.000054518
JJ:/rc/: 0.897656382 0.102343618 0.000000000
JJ:/rc/cr: 0.999591628 0.000204186 0.000204186
JJ:/rc/rr: 0.000000000 0.999965081 0.000034919
JJ:/rrc/: 0.997302784 0.002697216 0.000000000
JJ:/rrc/cr: 0.992251852 0.003874074 0.003874074
JJ:/rrc/rr: 0.000000000 0.999984284 0.000015716
JK:/cc/: 0.074204932 0.925795068 0.000000000
JK:/cc/cr: 0.000085978 0.000001956 0.999912066
JK:/cc/rr: 0.000000000 0.000036610 0.999963390
JK:/crc/: 0.079000841 0.920999159 0.000000000
JK:/crc/cr: 0.063025870 0.000017843 0.936956287
JK:/crc/rr: 0.000000000 0.000312029 0.999687971
JK:/crrc/: 0.999880885 0.000119115 0.000000000
JK:/crrc/cr: 0.413598065 0.281823247 0.304578688
JK:/crrc/rr: 0.000000000 0.000050360 0.999949640
JK:/rc/: 0.994586427 0.005413573 0.000000000
JK:/rc/cr: 0.875934106 0.003860134 0.120205760
JK:/rc/rr: 0.000000000 0.000031516 0.999968484
JK:/rrc/: 0.524623145 0.475376855 0.000000000
JK:/rrc/cr: 0.842018614 0.000021981 0.157959405
JK:/rrc/rr: 0.000000000 0.000029876 0.999970124
JQ:/cc/: 0.192021122 0.807978878 0.000000000
JQ:/cc/cr: 0.000005986 0.000002242 0.999991772
JQ:/cc/rr: 0.000000000 0.000014148 0.999985852
JQ:/crc/: 0.989024740 0.010975260 0.000000000
JQ:/crc/cr: 0.354917803 0.001497340 0.643584857
JQ:/crc/rr: 0.000000000 0.000024924 0.999975076
JQ:/crrc/: 0.032984255 0.967015745 0.000000000
JQ:/crrc/cr: 0.107905063 0.000034714 0.892060222
JQ:/crrc/rr: 0.000000000 0.001526609 0.998473391
JQ:/rc/: 0.995019304 0.004980696 0.000000000
JQ:/rc/cr: 0.004195622 0.004195622 0.991608756
JQ:/rc/rr: 0.000000000 0.000031503 0.999968497
JQ:/rrc/: 0.150132605 0.849867395 0.000000000
JQ:/rrc/cr: 0.001911225 0.000012295 0.998076480
JQ:/rrc/rr: 0.000000000 0.000104400 0.999895600
K:/: 0.758865229 0.241134771 0.000000000
K:/cr: 0.684873144 0.315113033 0.000013824
K:/rr: 0.000000000 0.999993411 0.000006589
KJ:/cc/: 0.000054969 0.999945031 0.000000000
KJ:/cc/cr: 0.000050435 0.000009557 0.999940009
KJ:/cc/rr: 0.000000000 0.811390349 0.188609651
KJ:/crc/: 0.000098807 0.999901193 0.000000000
KJ:/crc/cr: 0.000203960 0.999788728 0.000007312
KJ:/crc/rr: 0.000000000 0.889004278 0.110995722
KJ:/crrc/: 0.060374008 0.939625992 0.000000000
KJ:/crrc/cr: 0.002427693 0.995196402 0.002375905
KJ:/crrc/rr: 0.000000000 0.489520593 0.510479407
KJ:/rc/: 0.049176241 0.950823759 0.000000000
KJ:/rc/cr: 0.013726062 0.955922670 0.030351268
KJ:/rc/rr: 0.000000000 0.280111117 0.719888883
KJ:/rrc/: 0.098459799 0.901540201 0.000000000
KJ:/rrc/cr: 0.000001218 0.999772013 0.000226769
KJ:/rrc/rr: 0.000000000 0.529110626 0.470889374
KK:/cc/: 0.999206850 0.000793150 0.000000000
KK:/cc/cr: 0.982571364 0.008714318 0.008714318
KK:/cc/rr: 0.000000000 0.999989624 0.000010376
KK:/crc/: 0.201651254 0.798348746 0.000000000
KK:/crc/cr: 0.999981684 0.000009158 0.000009158
KK:/crc/rr: 0.000000000 0.999945613 0.000054387
KK:/crrc/: 0.997119154 0.002880846 0.000000000
KK:/crrc/cr: 0.997664566 0.001167717 0.001167717
KK:/crrc/rr: 0.000000000 0.999994939 0.000005061
KK:/rc/: 0.863670079 0.136329921 0.000000000
KK:/rc/cr: 0.999967780 0.000016110 0.000016110
KK:/rc/rr: 0.000000000 0.999996186 0.000003814
KK:/rrc/: 0.530049453 0.469950547 0.000000000
KK:/rrc/cr: 0.999995327 0.000002337 0.000002337
KK:/rrc/rr: 0.000000000 0.999996892 0.000003108
KQ:/cc/: 0.000158702 0.999841298 0.000000000
KQ:/cc/cr: 0.000048121 0.441138467 0.558813412
KQ:/cc/rr: 0.000000000 0.934672163 0.065327837
KQ:/crc/: 0.816736247 0.183263753 0.000000000
KQ:/crc/cr: 0.000289439 0.587029185 0.412681376
KQ:/crc/rr: 0.000000000 0.000025263 0.999974737
KQ:/crrc/: 0.014228398 0.985771602 0.000000000
KQ:/crrc/cr: 0.031364293 0.682130072 0.286505635
KQ:/crrc/rr: 0.000000000 0.314742045 0.685257955
KQ:/rc/: 0.000046024 0.999953976 0.000000000
KQ:/rc/cr: 0.000030667 0.493737779 0.506231554
KQ:/rc/rr: 0.000000000 0.928419376 0.071580624
KQ:/rrc/: 0.680942493 0.319057507 0.000000000
KQ:/rrc/cr: 0.013599129 0.910104002 0.076296868
KQ:/rrc/rr: 0.000000000 0.386714747 0.613285253
Q:/: 0.742993218 0.257006782 0.000000000
Q:/cr: 0.154143166 0.845417709 0.000439125
Q:/rr: 0.000000000 0.999993270 0.000006730
QJ:/cc/: 0.000019455 0.999980545 0.000000000
QJ:/cc/cr: 0.000012927 0.000006485 0.999980587
QJ:/cc/rr: 0.000000000 0.500000000 0.500000000
QJ:/crc/: 0.034663914 0.965336086 0.000000000
QJ:/crc/cr: 0.002912133 0.000002649 0.997085218
QJ:/crc/rr: 0.000000000 0.000110643 0.999889357
QJ:/crrc/: 0.012475165 0.987524835 0.000000000
QJ:/crrc/cr: 0.000262205 0.000014201 0.999723595
QJ:/crrc/rr: 0.000000000 0.001686179 0.998313821
QJ:/rc/: 0.011659628 0.988340372 0.000000000
QJ:/rc/cr: 0.000003850 0.000002270 0.999993880
QJ:/rc/rr: 0.000000000 0.000288583 0.999711417
QJ:/rrc/: 0.000003365 0.999996635 0.000000000
QJ:/rrc/cr: 0.000026944 0.000001122 0.999971934
QJ:/rrc/rr: 0.000000000 0.500000000 0.500000000
QK:/cc/: 0.523171400 0.476828600 0.000000000
QK:/cc/cr: 0.194580931 0.805393539 0.000025531
QK:/cc/rr: 0.000000000 0.999981407 0.000018593
QK:/crc/: 0.008872690 0.991127310 0.000000000
QK:/crc/cr: 0.000002580 0.560625058 0.439372362
QK:/crc/rr: 0.000000000 0.000432262 0.999567738
QK:/crrc/: 0.960806064 0.039193936 0.000000000
QK:/crrc/cr: 0.000623345 0.751226324 0.248150330
QK:/crrc/rr: 0.000000000 0.000581360 0.999418640
QK:/rc/: 0.454485349 0.545514651 0.000000000
QK:/rc/cr: 0.046911315 0.500922803 0.452165883
QK:/rc/rr: 0.000000000 0.188577505 0.811422495
QK:/rrc/: 0.118835503 0.881164497 0.000000000
QK:/rrc/cr: 0.000001273 0.303360014 0.696638713
QK:/rrc/rr: 0.000000000 0.000607536 0.999392464
QQ:/cc/: 0.543079843 0.456920157 0.000000000
QQ:/cc/cr: 0.999971615 0.000014193 0.000014193
QQ:/cc/rr: 0.000000000 0.999982089 0.000017911
QQ:/crc/: 0.980261610 0.019738390 0.000000000
QQ:/crc/cr: 0.999740922 0.000129539 0.000129539
QQ:/crc/rr: 0.000000000 0.999996087 0.000003913
QQ:/crrc/: 0.153070118 0.846929882 0.000000000
QQ:/crrc/cr: 0.999966884 0.000016558 0.000016558
QQ:/crrc/rr: 0.000000000 0.999862577 0.000137423
QQ:/rc/: 0.537771362 0.462228638 0.000000000
QQ:/rc/cr: 0.999989661 0.000005486 0.000004853
QQ:/rc/rr: 0.000000000 0.999993743 0.000006257
QQ:/rrc/: 0.981165920 0.018834080 0.000000000
QQ:/rrc/cr: 0.999880897 0.000059551 0.000059551
QQ:/rrc/rr: 0.000000000 0.999998285 0.000001715
