J:/c: 0.296782448 0.703217552 0.000000000
J:/crr: 0.000000000 0.999983153 0.000016847
J:/r: 0.054950429 0.126475253 0.818574318
JJ:/cc/c: 0.999992890 0.000007110 0.000000000
JJ:/cc/crr: 0.000000000 0.999996445 0.000003555
JJ:/cc/r: 0.999986870 0.000008390 0.000004740
JJ:/crc/c: 0.999983153 0.000016847 0.000000000
JJ:/crc/crr: 0.000000000 0.999991576 0.000008424
JJ:/crc/r: 0.999977537 0.000011232 0.000011232
JJ:/crrc/c: 0.999991576 0.000008424 0.000000000
JJ:/crrc/crr: 0.000000000 0.999995788 0.000004212
JJ:/crrc/r: 0.999988768 0.000005616 0.000005616
JJ:/rc/c: 0.999973644 0.000026356 0.000000000
JJ:/rc/crr: 0.000000000 0.999986822 0.000013178
JJ:/rc/r: 0.999964859 0.000017570 0.000017570
JJ:/rrc/c: 0.999939339 0.000060661 0.000000000
JJ:/rrc/crr: 0.000000000 0.999969668 0.000030332
JJ:/rrc/r: 0.999843455 0.000116104 0.000040440
JK:/cc/c: 0.003188273 0.996811727 0.000000000
JK:/cc/crr: 0.000000000 0.001115051 0.998884949
JK:/cc/r: 0.000012440 0.000004740 0.999982820
JK:/crc/c: 0.545189999 0.454810001 0.000000000
JK:/crc/crr: 0.000000000 0.000015451 0.999984549
JK:/crc/r: 0.027987170 0.000011232 0.972001598
JK:/crrc/c: 0.525505171 0.474494829 0.000000000
JK:/crrc/crr: 0.000000000 0.000008015 0.999991985
JK:/crrc/r: 0.155157464 0.000005616 0.844836920
JK:/rc/c: 0.392697636 0.607302364 0.000000000
JK:/rc/crr: 0.000000000 0.000033557 0.999966443
JK:/rc/r: 0.365731711 0.000017570 0.634250719
JK:/rrc/c: 0.999939339 0.000060661 0.000000000
JK:/rrc/crr: 0.000000000 0.000030332 0.999969668
JK:/rrc/r: 0.352727723 0.000040440 0.647231837
JQ:/cc/c: 0.071543401 0.928456599 0.000000000
JQ:/cc/crr: 0.000000000 0.000049691 0.999950309
JQ:/cc/r: 0.036850308 0.000004740 0.963144951
JQ:/crc/c: 0.497485376 0.502514624 0.000000000
JQ:/crc/crr: 0.000000000 0.000016933 0.999983067
JQ:/crc/r: 0.047478453 0.000011232 0.952510315
JQ:/crrc/c: 0.062332535 0.937667465 0.000000000
JQ:/crrc/crr: 0.000000000 0.000067572 0.999932428
JQ:/crrc/r: 0.220975190 0.000005616 0.779019194
JQ:/rc/c: 0.998521467 0.001478533 0.000000000
JQ:/rc/crr: 0.000000000 0.000013197 0.999986803
JQ:/rc/r: 0.000017570 0.000017570 0.999964859
JQ:/rrc/c: 0.065982231 0.934017769 0.000000000
JQ:/rrc/crr: 0.000000000 0.000459675 0.999540325
JQ:/rrc/r: 0.498960892 0.000040440 0.500998668
K:/c: 0.999969978 0.000030022 0.000000000
K:/crr: 0.000000000 0.999995000 0.000005000
K:/r: 0.582102039 0.417891294 0.000006667
KJ:/cc/c: 0.166544356 0.833455644 0.000000000
KJ:/cc/crr: 0.000000000 0.500000000 0.500000000
KJ:/cc/r: 0.492128399 0.239253511 0.268618090
KJ:/crc/c: 0.101407223 0.898592777 0.000000000
KJ:/crc/crr: 0.000000000 0.999975346 0.000024654
KJ:/crc/r: 0.000031488 0.739864891 0.260103621
KJ:/crrc/c: 0.240490499 0.759509501 0.000000000
KJ:/crrc/crr: 0.000000000 0.999994802 0.000005198
KJ:/crrc/r: 0.004753507 0.923013038 0.072233455
KJ:/rc/c: 0.421495743 0.578504257 0.000000000
KJ:/rc/crr: 0.000000000 0.666438430 0.333561570
KJ:/rc/r: 0.053018828 0.720175990 0.226805182
KJ:/rrc/c: 0.375590583 0.624409417 0.000000000
KJ:/rrc/crr: 0.000000000 0.999992377 0.000007623
KJ:/rrc/r: 0.027059933 0.918846780 0.054093287
KK:/cc/c: 0.833455644 0.166544356 0.000000000
KK:/cc/crr: 0.000000000 0.900088051 0.099911949
KK:/cc/r: 0.540370393 0.348600037 0.111029571
KK:/crc/c: 0.999995000 0.000005000 0.000000000
KK:/crc/crr: 0.000000000 0.999997500 0.000002500
KK:/crc/r: 0.957893930 0.042102737 0.000003333
KK:/crrc/c: 0.999997500 0.000002500 0.000000000
KK:/crrc/crr: 0.000000000 0.999998750 0.000001250
KK:/crrc/r: 0.999715784 0.000282550 0.000001667
KK:/rc/c: 0.999992023 0.000007977 0.000000000
KK:/rc/crr: 0.000000000 0.999996012 0.000003988
KK:/rc/r: 0.999980823 0.000013860 0.000005318
KK:/rrc/c: 0.999994274 0.000005726 0.000000000
KK:/rrc/crr: 0.000000000 0.999997137 0.000002863
KK:/rrc/r: 0.999885290 0.000110892 0.000003818
KQ:/cc/c: 0.833104772 0.166895228 0.000000000
KQ:/cc/crr: 0.000000000 0.900045971 0.099954029
KQ:/cc/r: 0.448537287 0.440375409 0.111087304
KQ:/crc/c: 0.105271717 0.894728283 0.000000000
KQ:/crc/crr: 0.000000000 0.000902055 0.999097945
KQ:/crc/r: 0.000009082 0.430337896 0.569653022
KQ:/crrc/c: 0.582692283 0.417307717 0.000000000
KQ:/crrc/crr: 0.000000000 0.376444207 0.623555793
KQ:/crrc/r: 0.001071301 0.636104316 0.362824383
KQ:/rc/c: 0.000982754 0.999017246 0.000000000
KQ:/rc/crr: 0.000000000 0.004058266 0.995941734
KQ:/rc/r: 0.000017136 0.305839494 0.694143370
KQ:/rrc/c: 0.505281657 0.494718343 0.000000000
KQ:/rrc/crr: 0.000000000 0.522316086 0.477683914
KQ:/rrc/r: 0.048794347 0.595155812 0.356049841
Q:/c: 0.848416171 0.151583829 0.000000000
Q:/crr: 0.000000000 0.999994107 0.000005893
Q:/r: 0.368540856 0.631420950 0.000038194
QJ:/cc/c: 0.000032985 0.999967015 0.000000000
QJ:/cc/crr: 0.000000000 0.500000000 0.500000000
QJ:/cc/r: 0.000021990 0.000021990 0.999956020
QJ:/crc/c: 0.435178160 0.564821840 0.000000000
QJ:/crc/crr: 0.000000000 0.002434653 0.997565347
QJ:/crc/r: 0.000003929 0.000003929 0.999992142
QJ:/crrc/c: 0.000002947 0.999997053 0.000000000
QJ:/crrc/crr: 0.000000000 0.500000000 0.500000000
QJ:/crrc/r: 0.030926495 0.000001964 0.969071541
QJ:/rc/c: 0.000022987 0.999977013 0.000000000
QJ:/rc/crr: 0.000000000 0.114828663 0.885171337
QJ:/rc/r: 0.005996407 0.000003519 0.994000074
QJ:/rrc/c: 0.000009045 0.999990955 0.000000000
QJ:/rrc/crr: 0.000000000 0.500000000 0.500000000
QJ:/rrc/r: 0.000080253 0.000006030 0.999913717
QK:/cc/c: 0.040550623 0.959449377 0.000000000
QK:/cc/crr: 0.000000000 0.999593286 0.000406714
QK:/cc/r: 0.000093438 0.748106680 0.251799882
QK:/crc/c: 0.305580744 0.694419256 0.000000000
QK:/crc/crr: 0.000000000 0.002289085 0.997710915
QK:/crc/r: 0.000120025 0.475038384 0.524841592
QK:/crrc/c: 0.021525465 0.978474535 0.000000000
QK:/crrc/crr: 0.000000000 0.016867522 0.983132478
QK:/crrc/r: 0.000044566 0.305418783 0.694536651
QK:/rc/c: 0.358000448 0.641999552 0.000000000
QK:/rc/crr: 0.000000000 0.004974727 0.995025273
QK:/rc/r: 0.000013284 0.301372158 0.698614558
QK:/rrc/c: 0.423643560 0.576356440 0.000000000
QK:/rrc/crr: 0.000000000 0.064816191 0.935183809
QK:/rrc/r: 0.000072726 0.494457626 0.505469648
QQ:/cc/c: 0.999967015 0.000032985 0.000000000
QQ:/cc/crr: 0.000000000 0.999983507 0.000016493
QQ:/cc/r: 0.999931053 0.000046957 0.000021990
QQ:/crc/c: 0.999994107 0.000005893 0.000000000
QQ:/crc/crr: 0.000000000 0.999997053 0.000002947
QQ:/crc/r: 0.879944266 0.120051805 0.000003929
QQ:/crrc/c: 0.999997053 0.000002947 0.000000000
QQ:/crrc/crr: 0.000000000 0.999998527 0.000001473
QQ:/crrc/r: 0.999996071 0.000001964 0.000001964
QQ:/rc/c: 0.999994721 0.000005279 0.000000000
QQ:/rc/crr: 0.000000000 0.999997360 0.000002640
QQ:/rc/r: 0.999992120 0.000004361 0.000003519
QQ:/rrc/c: 0.999990955 0.000009045 0.000000000
QQ:/rrc/crr: 0.000000000 0.999995478 0.000004522
QQ:/rrc/r: 0.999954337 0.000039633 0.000006030
