J:/: 0.074095093 0.925904907 0.000000000
J:/cr: 0.017794723 0.037232314 0.944972963
J:/rr: 0.000000000 0.999932519 0.000067481
JJ:/cc/: 0.000127337 0.999872663 0.000000000
JJ:/cc/cr: 0.999993651 0.000004549 0.000001800
JJ:/cc/rr: 0.000000000 0.978795962 0.021204038
JJ:/crc/: 0.921063475 0.078936525 0.000000000
JJ:/crc/cr: 0.999591687 0.000204156 0.000204156
JJ:/crc/rr: 0.000000000 0.999973755 0.000026245
JJ:/crrc/: 0.998933716 0.001066284 0.000000000
JJ:/crrc/cr: 0.936754882 0.031622559 0.031622559
JJ:/crrc/rr: 0.000000000 0.999949368 0.000050632
JJ:/rc/: 0.981249999 0.018750001 0.000000000
JJ:/rc/cr: 0.997600681 0.001199660 0.001199660
JJ:/rc/rr: 0.000000000 0.999965615 0.000034385
JJ:/rrc/: 0.999966257 0.000033743 0.000000000
JJ:/rrc/cr: 0.333333333 0.333333333 0.333333333
JJ:/rrc/rr: 0.000000000 0.999983128 0.000016872
JK:/cc/: 0.078167432 0.921832568 0.000000000
JK:/cc/cr: 0.000001953 0.000001953 0.999996095
JK:/cc/rr: 0.000000000 0.000034542 0.999965458
JK:/crc/: 0.037159003 0.962840997 0.000000000
JK:/crc/cr: 0.007769011 0.000016737 0.992214252
JK:/crc/rr: 0.000000000 0.000650531 0.999349469
JK:/crrc/: 0.999898844 0.000101156 0.000000000
JK:/crrc/cr: 0.333333333 0.333333333 0.333333333
JK:/crrc/rr: 0.000000000 0.000050583 0.999949417
JK:/rc/: 0.998482386 0.001517614 0.000000000
JK:/rc/cr: 0.970356597 0.014821702 0.014821702
JK:/rc/rr: 0.000000000 0.000033792 0.999966208
JK:/rrc/: 0.547893591 0.452106409 0.000000000
JK:/rrc/cr: 0.924080476 0.000024878 0.075894646
JK:/rrc/rr: 0.000000000 0.000030793 0.999969207
JQ:/cc/: 0.200882979 0.799117021 0.000000000
JQ:/cc/cr: 0.000002253 0.000002253 0.999995495
JQ:/cc/rr: 0.000000000 0.000013441 0.999986559
JQ:/crc/: 0.994937600 0.005062400 0.000000000
JQ:/crc/cr: 0.405313231 0.003183352 0.591503418
JQ:/crc/rr: 0.000000000 0.000024296 0.999975704
JQ:/crrc/: 0.012510644 0.987489356 0.000000000
JQ:/crrc/cr: 0.164973364 0.000034146 0.834992490
JQ:/crrc/rr: 0.000000000 0.004042793 0.995957207
JQ:/rc/: 0.999774598 0.000225402 0.000000000
JQ:/rc/cr: 0.099793269 0.099793269 0.800413463
JQ:/rc/rr: 0.000000000 0.000033748 0.999966252
JQ:/rrc/: 0.139536940 0.860463060 0.000000000
JQ:/rrc/cr: 0.000013072 0.000013072 0.999973857
JQ:/rrc/rr: 0.000000000 0.000120910 0.999879090
K:/: 0.748852290 0.251147710 0.000000000
K:/cr: 0.670145247 0.329841481 0.000013272
K:/rr: 0.000000000 0.999993323 0.000006677
KJ:/cc/: 0.000019909 0.999980091 0.000000000
KJ:/cc/cr: 0.000006636 0.000006636 0.999986727
KJ:/cc/rr: 0.000000000 0.500000000 0.500000000
KJ:/crc/: 0.000119407 0.999880593 0.000000000
KJ:/crc/cr: 0.000006707 0.999986585 0.000006707
KJ:/crc/rr: 0.000000000 0.915752667 0.084247333
KJ:/crrc/: 0.069858220 0.930141780 0.000000000
KJ:/crrc/cr: 0.000118778 0.999877673 0.000003549
KJ:/crrc/rr: 0.000000000 0.999929123 0.000070877
KJ:/rc/: 0.074029125 0.925970875 0.000000000
KJ:/rc/cr: 0.001181530 0.992452942 0.006365528
KJ:/rc/rr: 0.000000000 0.361565424 0.638434576
KJ:/rrc/: 0.079329663 0.920670337 0.000000000
KJ:/rrc/cr: 0.000007202 0.999991589 0.000001209
KJ:/rrc/rr: 0.000000000 0.495335258 0.504664742
KK:/cc/: 0.999749854 0.000250146 0.000000000
KK:/cc/cr: 0.946941387 0.026529307 0.026529307
KK:/cc/rr: 0.000000000 0.999990043 0.000009957
KK:/crc/: 0.100437325 0.899562675 0.000000000
KK:/crc/cr: 0.999985090 0.000007455 0.000007455
KK:/crc/rr: 0.000000000 0.999899841 0.000100159
KK:/crrc/: 0.995597689 0.004402311 0.000000000
KK:/crrc/cr: 0.998500389 0.000749805 0.000749805
KK:/crrc/rr: 0.000000000 0.999995027 0.000004973
KK:/rc/: 0.815781470 0.184218530 0.000000000
KK:/rc/cr: 0.999975837 0.000012081 0.000012081
KK:/rc/rr: 0.000000000 0.999995908 0.000004092
KK:/rrc/: 0.517644264 0.482355736 0.000000000
KK:/rrc/cr: 0.999995386 0.000002307 0.000002307
KK:/rrc/rr: 0.000000000 0.999996775 0.000003225
KQ:/cc/: 0.000171470 0.999828530 0.000000000
KQ:/cc/cr: 0.000006637 0.411012718 0.588980645
KQ:/cc/rr: 0.000000000 0.941947246 0.058052754
KQ:/crc/: 0.889301349 0.110698651 0.000000000
KQ:/crc/cr: 0.000060583 0.528754482 0.471184935
KQ:/crc/rr: 0.000000000 0.000011312 0.999988688
KQ:/crrc/: 0.004350896 0.995649104 0.000000000
KQ:/crrc/cr: 0.013120126 0.693536949 0.293342925
KQ:/crrc/rr: 0.000000000 0.184667442 0.815332558
KQ:/rc/: 0.000006677 0.999993323 0.000000000
KQ:/rc/cr: 0.000014471 0.494498929 0.505486600
KQ:/rc/rr: 0.000000000 0.500000000 0.500000000
KQ:/rrc/: 0.699786344 0.300213656 0.000000000
KQ:/rrc/cr: 0.020182831 0.902800619 0.077016550
KQ:/rrc/rr: 0.000000000 0.394699437 0.605300563
Q:/: 0.730792273 0.269207727 0.000000000
Q:/cr: 0.140523422 0.859416025 0.000060553
Q:/rr: 0.000000000 0.999993158 0.000006842
QJ:/cc/: 0.000018573 0.999981427 0.000000000
QJ:/cc/cr: 0.000006191 0.000006191 0.999987618
QJ:/cc/rr: 0.000000000 0.500000000 0.500000000
QJ:/crc/: 0.027764083 0.972235917 0.000000000
QJ:/crc/cr: 0.001552704 0.000002470 0.998444826
QJ:/crc/rr: 0.000000000 0.000129731 0.999870269
QJ:/crrc/: 0.010943251 0.989056749 0.000000000
QJ:/crrc/cr: 0.000017183 0.000014848 0.999967969
QJ:/crrc/rr: 0.000000000 0.002012965 0.997987035
QJ:/rc/: 0.010890328 0.989109672 0.000000000
QJ:/rc/cr: 0.000002306 0.000002306 0.999995389
QJ:/rc/rr: 0.000000000 0.000314127 0.999685873
QJ:/rrc/: 0.000003421 0.999996579 0.000000000
QJ:/rrc/cr: 0.000001140 0.000001140 0.999997719
QJ:/rrc/rr: 0.000000000 0.500000000 0.500000000
QK:/cc/: 0.536725778 0.463274222 0.000000000
QK:/cc/cr: 0.080040215 0.919945953 0.000013832
QK:/cc/rr: 0.000000000 0.999982698 0.000017302
QK:/crc/: 0.004035291 0.995964709 0.000000000
QK:/crc/cr: 0.000002696 0.555218936 0.444778367
QK:/crc/rr: 0.000000000 0.000892592 0.999107408
QK:/crrc/: 0.991952398 0.008047602 0.000000000
QK:/crrc/cr: 0.031014792 0.185968369 0.783016838
QK:/crrc/rr: 0.000000000 0.000318084 0.999681916
QK:/rc/: 0.440317718 0.559682282 0.000000000
QK:/rc/cr: 0.011791498 0.517850987 0.470357515
QK:/rc/rr: 0.000000000 0.197415720 0.802584280
QK:/rrc/: 0.109156100 0.890843900 0.000000000
QK:/rrc/cr: 0.000009996 0.289417230 0.710572774
QK:/rrc/rr: 0.000000000 0.000015670 0.999984330
QQ:/cc/: 0.529661083 0.470338917 0.000000000
QQ:/cc/cr: 0.999949908 0.000036929 0.000013163
QQ:/cc/rr: 0.000000000 0.999982467 0.000017533
QQ:/crc/: 0.987299767 0.012700233 0.000000000
QQ:/crc/cr: 0.999621858 0.000189071 0.000189071
QQ:/crc/rr: 0.000000000 0.999996352 0.000003648
QQ:/crrc/: 0.055884775 0.944115225 0.000000000
QQ:/crrc/cr: 0.999968106 0.000016339 0.000015555
QQ:/crrc/rr: 0.000000000 0.999605825 0.000394175
QQ:/rc/: 0.506519091 0.493480909 0.000000000
QQ:/rc/cr: 0.999990757 0.000004622 0.000004622
QQ:/rc/rr: 0.000000000 0.999993246 0.000006754
QQ:/rrc/: 0.986015673 0.013984327 0.000000000
QQ:/rrc/cr: 0.999836914 0.000081543 0.000081543
QQ:/rrc/rr: 0.000000000 0.999998265 0.000001735
