J:/c: 0.292347812 0.707652188 0.000000000
J:/crr: 0.000000000 0.999982897 0.000017103
J:/r: 0.054324072 0.130731313 0.814944615
JJ:/cc/c: 0.999992934 0.000007066 0.000000000
JJ:/cc/crr: 0.000000000 0.999996467 0.000003533
JJ:/cc/r: 0.999990579 0.000004710 0.000004710
JJ:/crc/c: 0.999982897 0.000017103 0.000000000
JJ:/crc/crr: 0.000000000 0.999991448 0.000008552
JJ:/crc/r: 0.997931952 0.002056646 0.000011402
JJ:/crrc/c: 0.999991448 0.000008552 0.000000000
JJ:/crrc/crr: 0.000000000 0.999995724 0.000004276
JJ:/crrc/r: 0.999960047 0.000034252 0.000005701
JJ:/rc/c: 0.999974502 0.000025498 0.000000000
JJ:/rc/crr: 0.000000000 0.999987251 0.000012749
JJ:/rc/r: 0.999940703 0.000042299 0.000016998
JJ:/rrc/c: 0.999938640 0.000061360 0.000000000
JJ:/rrc/crr: 0.000000000 0.999969318 0.000030682
JJ:/rrc/r: 0.999790631 0.000168463 0.000040907
JK:/cc/c: 0.006911690 0.993088310 0.000000000
JK:/cc/crr: 0.000000000 0.000511135 0.999488865
JK:/cc/r: 0.000004710 0.000004710 0.999990579
JK:/crc/c: 0.496492916 0.503507084 0.000000000
JK:/crc/crr: 0.000000000 0.000017224 0.999982776
JK:/crc/r: 0.030360774 0.000011402 0.969627824
JK:/crrc/c: 0.410783627 0.589216373 0.000000000
JK:/crrc/crr: 0.000000000 0.000010409 0.999989591
JK:/crrc/r: 0.196137881 0.000005701 0.803856418
JK:/rc/c: 0.406999279 0.593000721 0.000000000
JK:/rc/crr: 0.000000000 0.000031324 0.999968676
JK:/rc/r: 0.370023040 0.000016998 0.629959961
JK:/rrc/c: 0.999893501 0.000106499 0.000000000
JK:/rrc/crr: 0.000000000 0.000030683 0.999969317
JK:/rrc/r: 0.303904427 0.000040907 0.696054666
JQ:/cc/c: 0.074427881 0.925572119 0.000000000
JQ:/cc/crr: 0.000000000 0.000047466 0.999952534
JQ:/cc/r: 0.038108721 0.000004710 0.961886569
JQ:/crc/c: 0.533614529 0.466385471 0.000000000
JQ:/crc/crr: 0.000000000 0.000016026 0.999983974
JQ:/crc/r: 0.038687843 0.000011402 0.961300755
JQ:/crrc/c: 0.033905599 0.966094401 0.000000000
JQ:/crrc/crr: 0.000000000 0.000126109 0.999873891
JQ:/crrc/r: 0.256876201 0.000005701 0.743118098
JQ:/rc/c: 0.997184957 0.002815043 0.000000000
JQ:/rc/crr: 0.000000000 0.000012785 0.999987215
JQ:/rc/r: 0.000031339 0.000016998 0.999951663
JQ:/rrc/c: 0.182722913 0.817277087 0.000000000
JQ:/rrc/crr: 0.000000000 0.000167905 0.999832095
JQ:/rrc/r: 0.568804396 0.000040907 0.431154697
K:/c: 0.999969544 0.000030456 0.000000000
K:/crr: 0.000000000 0.999995000 0.000005000
K:/r: 0.565159993 0.434833340 0.000006667
KJ:/cc/c: 0.166183997 0.833816003 0.000000000
KJ:/cc/crr: 0.000000000 0.506053148 0.493946852
KJ:/cc/r: 0.513761583 0.224276860 0.261961558
KJ:/crc/c: 0.067803391 0.932196609 0.000000000
KJ:/crc/crr: 0.000000000 0.999963128 0.000036872
KJ:/crc/r: 0.000057055 0.742615246 0.257327699
KJ:/crrc/c: 0.338668951 0.661331049 0.000000000
KJ:/crrc/crr: 0.000000000 0.999996309 0.000003691
KJ:/crrc/r: 0.029033865 0.845523345 0.125442790
KJ:/rc/c: 0.414550648 0.585449352 0.000000000
KJ:/rc/crr: 0.000000000 0.829272605 0.170727395
KJ:/rc/r: 0.015671846 0.763812859 0.220515295
KJ:/rrc/c: 0.088583444 0.911416556 0.000000000
KJ:/rrc/crr: 0.000000000 0.999966709 0.000033291
KJ:/rrc/r: 0.082078068 0.854338399 0.063583532
KK:/cc/c: 0.835827875 0.164172125 0.000000000
KK:/cc/crr: 0.000000000 0.901790710 0.098209290
KK:/cc/r: 0.680553152 0.209998765 0.109448083
KK:/crc/c: 0.999995000 0.000005000 0.000000000
KK:/crc/crr: 0.000000000 0.999997500 0.000002500
KK:/crc/r: 0.999431973 0.000564693 0.000003333
KK:/crrc/c: 0.999997500 0.000002500 0.000000000
KK:/crrc/crr: 0.000000000 0.999998750 0.000001250
KK:/crrc/r: 0.999993623 0.000004710 0.000001667
KK:/rc/c: 0.999992334 0.000007666 0.000000000
KK:/rc/crr: 0.000000000 0.999996167 0.000003833
KK:/rc/r: 0.999980086 0.000014803 0.000005111
KK:/rrc/c: 0.999994102 0.000005898 0.000000000
KK:/rrc/crr: 0.000000000 0.999997051 0.000002949
KK:/rrc/r: 0.998763864 0.001232204 0.000003932
KQ:/cc/c: 0.501244492 0.498755508 0.000000000
KQ:/cc/crr: 0.000000000 0.836235483 0.163764517
KQ:/cc/r: 0.501580115 0.383091970 0.115327915
KQ:/crc/c: 0.102442478 0.897557522 0.000000000
KQ:/crc/crr: 0.000000000 0.003184262 0.996815738
KQ:/crc/r: 0.000019431 0.441163178 0.558817391
KQ:/crrc/c: 0.624495564 0.375504436 0.000000000
KQ:/crrc/crr: 0.000000000 0.410476590 0.589523410
KQ:/crrc/r: 0.000455517 0.637699025 0.361845458
KQ:/rc/c: 0.000007666 0.999992334 0.000000000
KQ:/rc/crr: 0.000000000 0.500000000 0.500000000
KQ:/rc/r: 0.000021715 0.301483626 0.698494659
KQ:/rrc/c: 0.431951871 0.568048129 0.000000000
KQ:/rrc/crr: 0.000000000 0.715438081 0.284561919
KQ:/rrc/r: 0.000099040 0.666784884 0.333116076
Q:/c: 0.850265524 0.149734476 0.000000000
Q:/crr: 0.000000000 0.999994119 0.000005881
Q:/r: 0.348430192 0.651498575 0.000071233
QJ:/cc/c: 0.000393070 0.999606930 0.000000000
QJ:/cc/crr: 0.000000000 0.042476512 0.957523488
QJ:/cc/r: 0.000022262 0.000022262 0.999955477
QJ:/crc/c: 0.394536271 0.605463729 0.000000000
QJ:/crc/crr: 0.000000000 0.063054925 0.936945075
QJ:/crc/r: 0.000003920 0.000003920 0.999992159
QJ:/crrc/c: 0.000027867 0.999972133 0.000000000
QJ:/crrc/crr: 0.000000000 0.052755076 0.947244924
QJ:/crrc/r: 0.013456812 0.000001960 0.986541228
QJ:/rc/c: 0.000048166 0.999951834 0.000000000
QJ:/rc/crr: 0.000000000 0.053112544 0.946887456
QJ:/rc/r: 0.019256022 0.000003411 0.980740567
QJ:/rrc/c: 0.000242678 0.999757322 0.000000000
QJ:/rrc/crr: 0.000000000 0.019710738 0.980289262
QJ:/rrc/r: 0.000081762 0.000006378 0.999911860
QK:/cc/c: 0.065699136 0.934300864 0.000000000
QK:/cc/crr: 0.000000000 0.999745868 0.000254132
QK:/cc/r: 0.000092810 0.735902933 0.264004257
QK:/crc/c: 0.399115263 0.600884737 0.000000000
QK:/crc/crr: 0.000000000 0.007470748 0.992529252
QK:/crc/r: 0.001174815 0.505246614 0.493578571
QK:/crrc/c: 0.051352047 0.948647953 0.000000000
QK:/crrc/crr: 0.000000000 0.009539855 0.990460145
QK:/crrc/r: 0.000279980 0.285362960 0.714357059
QK:/rc/c: 0.358390375 0.641609625 0.000000000
QK:/rc/crr: 0.000000000 0.000007138 0.999992862
QK:/rc/r: 0.000012254 0.294394509 0.705593237
QK:/rrc/c: 0.421384115 0.578615885 0.000000000
QK:/rrc/crr: 0.000000000 0.000494018 0.999505982
QK:/rrc/r: 0.000079000 0.479095166 0.520825835
QQ:/cc/c: 0.999966608 0.000033392 0.000000000
QQ:/cc/crr: 0.000000000 0.999983303 0.000016697
QQ:/cc/r: 0.999934499 0.000043240 0.000022262
QQ:/crc/c: 0.999994119 0.000005881 0.000000000
QQ:/crc/crr: 0.000000000 0.999997060 0.000002940
QQ:/crc/r: 0.999936172 0.000059908 0.000003920
QQ:/crrc/c: 0.999997060 0.000002940 0.000000000
QQ:/crrc/crr: 0.000000000 0.999998530 0.000001470
QQ:/crrc/r: 0.999962322 0.000035718 0.000001960
QQ:/rc/c: 0.999994884 0.000005116 0.000000000
QQ:/rc/crr: 0.000000000 0.999997442 0.000002558
QQ:/rc/r: 0.969875998 0.030120591 0.000003411
QQ:/rrc/c: 0.999990433 0.000009567 0.000000000
QQ:/rrc/crr: 0.000000000 0.999995217 0.000004783
QQ:/rrc/r: 0.999954607 0.000039016 0.000006378
