J:/: 0.075336604 0.924663396 0.000000000
J:/cr: 0.018392429 0.035629986 0.945977585
J:/rr: 0.000000000 0.999933631 0.000066369
JJ:/cc/: 0.000313583 0.999686417 0.000000000
JJ:/cc/cr: 0.999996394 0.000001803 0.000001803
JJ:/cc/rr: 0.000000000 0.991378090 0.008621910
JJ:/crc/: 0.946804052 0.053195948 0.000000000
JJ:/crc/cr: 0.999366014 0.000316993 0.000316993
JJ:/crc/rr: 0.000000000 0.999973285 0.000026715
JJ:/crrc/: 0.961130318 0.038869682 0.000000000
JJ:/crrc/cr: 0.998319170 0.000840415 0.000840415
JJ:/crrc/rr: 0.000000000 0.999949018 0.000050982
JJ:/rc/: 0.897919303 0.102080697 0.000000000
JJ:/rc/cr: 0.999566560 0.000216720 0.000216720
JJ:/rc/rr: 0.000000000 0.999963043 0.000036957
JJ:/rrc/: 0.999253357 0.000746643 0.000000000
JJ:/rrc/cr: 0.970368171 0.014815914 0.014815914
JJ:/rrc/rr: 0.000000000 0.999983394 0.000016606
JK:/cc/: 0.082045818 0.917954182 0.000000000
JK:/cc/cr: 0.000057652 0.000001964 0.999940384
JK:/cc/rr: 0.000000000 0.000032953 0.999967047
JK:/crc/: 0.046294333 0.953705667 0.000000000
JK:/crc/cr: 0.020073932 0.000017681 0.979908387
JK:/crc/rr: 0.000000000 0.000546376 0.999453624
JK:/crrc/: 0.999902000 0.000098000 0.000000000
JK:/crrc/cr: 0.333333333 0.333333333 0.333333333
JK:/crrc/rr: 0.000000000 0.000049005 0.999950995
JK:/rc/: 0.981518100 0.018481900 0.000000000
JK:/rc/cr: 0.956796488 0.001197005 0.042006507
JK:/rc/rr: 0.000000000 0.000033809 0.999966191
JK:/rrc/: 0.515259051 0.484740949 0.000000000
JK:/rrc/cr: 0.812931954 0.000022821 0.187045226
JK:/rrc/rr: 0.000000000 0.000032204 0.999967796
JQ:/cc/: 0.165692783 0.834307217 0.000000000
JQ:/cc/cr: 0.000005726 0.000002160 0.999992114
JQ:/cc/rr: 0.000000000 0.000016317 0.999983683
JQ:/crc/: 0.992453940 0.007546060 0.000000000
JQ:/crc/cr: 0.009293471 0.002234642 0.988471887
JQ:/crc/rr: 0.000000000 0.000025486 0.999974514
JQ:/crrc/: 0.034619294 0.965380706 0.000000000
JQ:/crrc/cr: 0.133632928 0.000033838 0.866333234
JQ:/crrc/rr: 0.000000000 0.001415395 0.998584605
JQ:/rc/: 0.994631030 0.005368970 0.000000000
JQ:/rc/cr: 0.004120517 0.004120517 0.991758966
JQ:/rc/rr: 0.000000000 0.000033364 0.999966636
JQ:/rrc/: 0.117401232 0.882598768 0.000000000
JQ:/rrc/cr: 0.001772062 0.000012534 0.998215404
JQ:/rrc/rr: 0.000000000 0.000141338 0.999858662
K:/: 0.754106676 0.245893324 0.000000000
K:/cr: 0.688378632 0.311607812 0.000013556
K:/rr: 0.000000000 0.999993370 0.000006630
KJ:/cc/: 0.000049511 0.999950489 0.000000000
KJ:/cc/cr: 0.000051197 0.000011866 0.999936937
KJ:/cc/rr: 0.000000000 0.794650122 0.205349878
KJ:/crc/: 0.000049813 0.999950187 0.000000000
KJ:/crc/cr: 0.000187913 0.999804837 0.000007251
KJ:/crc/rr: 0.000000000 0.781664971 0.218335029
KJ:/crrc/: 0.045225396 0.954774604 0.000000000
KJ:/crrc/cr: 0.008723599 0.984751478 0.006524923
KJ:/crrc/rr: 0.000000000 0.544726059 0.455273941
KJ:/rc/: 0.053943825 0.946056175 0.000000000
KJ:/rc/cr: 0.006213801 0.959819616 0.033966583
KJ:/rc/rr: 0.000000000 0.241250782 0.758749218
KJ:/rrc/: 0.080617190 0.919382810 0.000000000
KJ:/rrc/cr: 0.000081044 0.999917754 0.000001202
KJ:/rrc/rr: 0.000000000 0.543760091 0.456239909
KK:/cc/: 0.999633160 0.000366840 0.000000000
KK:/cc/cr: 0.963046482 0.018476759 0.018476759
KK:/cc/rr: 0.000000000 0.999989829 0.000010171
KK:/crc/: 0.119851157 0.880148843 0.000000000
KK:/crc/cr: 0.999983524 0.000008238 0.000008238
KK:/crc/rr: 0.000000000 0.999909255 0.000090745
KK:/crrc/: 0.976520471 0.023479529 0.000000000
KK:/crrc/cr: 0.999720428 0.000139786 0.000139786
KK:/crrc/rr: 0.000000000 0.999994958 0.000005042
KK:/rc/: 0.829761948 0.170238052 0.000000000
KK:/rc/cr: 0.999974035 0.000012983 0.000012983
KK:/rc/rr: 0.000000000 0.999996005 0.000003995
KK:/rrc/: 0.513687749 0.486312251 0.000000000
KK:/rrc/cr: 0.999995455 0.000002272 0.000002272
KK:/rrc/rr: 0.000000000 0.999996773 0.000003227
KQ:/cc/: 0.001046946 0.998953054 0.000000000
KQ:/cc/cr: 0.000046990 0.446695239 0.553257772
KQ:/cc/rr: 0.000000000 0.990288886 0.009711114
KQ:/crc/: 0.908634985 0.091365015 0.000000000
KQ:/crc/cr: 0.000543824 0.601281995 0.398174181
KQ:/crc/rr: 0.000000000 0.000024429 0.999975571
KQ:/crrc/: 0.007462761 0.992537239 0.000000000
KQ:/crrc/cr: 0.025262393 0.671161886 0.303575721
KQ:/crrc/rr: 0.000000000 0.246669082 0.753330918
KQ:/rc/: 0.000450183 0.999549817 0.000000000
KQ:/rc/cr: 0.000016981 0.484606422 0.515376597
KQ:/rc/rr: 0.000000000 0.140379526 0.859620474
KQ:/rrc/: 0.698559833 0.301440167 0.000000000
KQ:/rrc/cr: 0.059785463 0.759466121 0.180748417
KQ:/rrc/rr: 0.000000000 0.391536907 0.608463093
Q:/: 0.745786321 0.254213679 0.000000000
Q:/cr: 0.152001794 0.847077694 0.000920512
Q:/rr: 0.000000000 0.999993296 0.000006704
QJ:/cc/: 0.000019668 0.999980332 0.000000000
QJ:/cc/cr: 0.000015001 0.000006556 0.999978442
QJ:/cc/rr: 0.000000000 0.500000000 0.500000000
QJ:/crc/: 0.030826396 0.969173604 0.000000000
QJ:/crc/cr: 0.002808044 0.000002662 0.997189294
QJ:/crc/rr: 0.000000000 0.000125538 0.999874462
QJ:/crrc/: 0.022494685 0.977505315 0.000000000
QJ:/crrc/cr: 0.000163643 0.000014708 0.999821649
QJ:/crrc/rr: 0.000000000 0.000958719 0.999041281
QJ:/rc/: 0.010227939 0.989772061 0.000000000
QJ:/rc/cr: 0.000003705 0.000002258 0.999994037
QJ:/rc/rr: 0.000000000 0.000327746 0.999672254
QJ:/rrc/: 0.000003352 0.999996648 0.000000000
QJ:/rrc/cr: 0.000001117 0.000001117 0.999997765
QJ:/rrc/rr: 0.000000000 0.500000000 0.500000000
QK:/cc/: 0.472060735 0.527939265 0.000000000
QK:/cc/cr: 0.109592968 0.890383712 0.000023321
QK:/cc/rr: 0.000000000 0.999979167 0.000020833
QK:/crc/: 0.011213973 0.988786027 0.000000000
QK:/crc/cr: 0.000002609 0.558080798 0.441916593
QK:/crc/rr: 0.000000000 0.000345094 0.999654906
QK:/crrc/: 0.938642127 0.061357873 0.000000000
QK:/crrc/cr: 0.000362719 0.552714397 0.446922884
QK:/crrc/rr: 0.000000000 0.000618568 0.999381432
QK:/rc/: 0.458132374 0.541867626 0.000000000
QK:/rc/cr: 0.005811632 0.531361340 0.462827027
QK:/rc/rr: 0.000000000 0.208801148 0.791198852
QK:/rrc/: 0.122567840 0.877432160 0.000000000
QK:/rrc/cr: 0.000001273 0.299790942 0.700207785
QK:/rrc/rr: 0.000000000 0.000539612 0.999460388
QQ:/cc/: 0.521675717 0.478324283 0.000000000
QQ:/cc/cr: 0.999972587 0.000013707 0.000013707
QQ:/cc/rr: 0.000000000 0.999981149 0.000018851
QQ:/crc/: 0.994481296 0.005518704 0.000000000
QQ:/crc/cr: 0.999065029 0.000467486 0.000467486
QQ:/crc/rr: 0.000000000 0.999996109 0.000003891
QQ:/crrc/: 0.131897160 0.868102840 0.000000000
QQ:/crrc/cr: 0.999966876 0.000016562 0.000016562
QQ:/crrc/rr: 0.000000000 0.999836493 0.000163507
QQ:/rc/: 0.509209763 0.490790237 0.000000000
QQ:/rc/cr: 0.999989759 0.000005688 0.000004553
QQ:/rc/rr: 0.000000000 0.999993417 0.000006583
QQ:/rrc/: 0.964118414 0.035881586 0.000000000
QQ:/rrc/cr: 0.999937718 0.000031141 0.000031141
QQ:/rrc/rr: 0.000000000 0.999998262 0.000001738
