J:/: 0.072709188 0.927290812 0.000000000
J:/cr: 0.018427408 0.034061086 0.947511506
J:/rr: 0.000000000 0.999931233 0.000068767
JJ:/cc/: 0.000264362 0.999735638 0.000000000
JJ:/cc/cr: 0.999996404 0.000001798 0.000001798
JJ:/cc/rr: 0.000000000 0.989801753 0.010198247
JJ:/crc/: 0.935581685 0.064418315 0.000000000
JJ:/crc/cr: 0.999453898 0.000273051 0.000273051
JJ:/crc/rr: 0.000000000 0.999971799 0.000028201
JJ:/crrc/: 0.955390560 0.044609440 0.000000000
JJ:/crrc/cr: 0.998542359 0.000728820 0.000728820
JJ:/crrc/rr: 0.000000000 0.999948954 0.000051046
JJ:/rc/: 0.944644736 0.055355264 0.000000000
JJ:/rc/cr: 0.999171809 0.000414096 0.000414096
JJ:/rc/rr: 0.000000000 0.999963602 0.000036398
JJ:/rrc/: 0.999596012 0.000403988 0.000000000
JJ:/rrc/cr: 0.943255903 0.028372049 0.028372049
JJ:/rrc/rr: 0.000000000 0.999982800 0.000017200
JK:/cc/: 0.074278792 0.925721208 0.000000000
JK:/cc/cr: 0.000608653 0.000001942 0.999389405
JK:/cc/rr: 0.000000000 0.000036296 0.999963704
JK:/crc/: 0.046404644 0.953595356 0.000000000
JK:/crc/cr: 0.008613785 0.000018445 0.991367769
JK:/crc/rr: 0.000000000 0.000568569 0.999431431
JK:/crrc/: 0.999902463 0.000097537 0.000000000
JK:/crrc/cr: 0.333333333 0.333333333 0.333333333
JK:/crrc/rr: 0.000000000 0.000048773 0.999951227
JK:/rc/: 0.999931233 0.000068767 0.000000000
JK:/rc/cr: 0.333333333 0.333333333 0.333333333
JK:/rc/rr: 0.000000000 0.000034386 0.999965614
JK:/rrc/: 0.555710275 0.444289725 0.000000000
JK:/rrc/cr: 0.941864290 0.000025798 0.058109912
JK:/rrc/rr: 0.000000000 0.000030939 0.999969061
JQ:/cc/: 0.170853226 0.829146774 0.000000000
JQ:/cc/cr: 0.000002168 0.000002168 0.999995665
JQ:/cc/rr: 0.000000000 0.000015780 0.999984220
JQ:/crc/: 0.990765136 0.009234864 0.000000000
JQ:/crc/cr: 0.404678435 0.001904682 0.593416883
JQ:/crc/rr: 0.000000000 0.000026630 0.999973370
JQ:/crrc/: 0.023065673 0.976934327 0.000000000
JQ:/crrc/cr: 0.198699333 0.000033280 0.801267387
JQ:/crrc/rr: 0.000000000 0.002114328 0.997885672
JQ:/rc/: 0.999033550 0.000966450 0.000000000
JQ:/rc/cr: 0.023718118 0.023718118 0.952563765
JQ:/rc/rr: 0.000000000 0.000034417 0.999965583
JQ:/rrc/: 0.152374010 0.847625990 0.000000000
JQ:/rrc/cr: 0.000013522 0.000013522 0.999972955
JQ:/rrc/rr: 0.000000000 0.000112834 0.999887166
K:/: 0.753278641 0.246721359 0.000000000
K:/cr: 0.707186821 0.292799668 0.000013511
K:/rr: 0.000000000 0.999993362 0.000006638
KJ:/cc/: 0.000020266 0.999979734 0.000000000
KJ:/cc/cr: 0.000045809 0.000028244 0.999925946
KJ:/cc/rr: 0.000000000 0.500000000 0.500000000
KJ:/crc/: 0.000050682 0.999949318 0.000000000
KJ:/crc/cr: 0.000030964 0.999961345 0.000007691
KJ:/crc/rr: 0.000000000 0.772390164 0.227609836
KJ:/crrc/: 0.042758646 0.957241354 0.000000000
KJ:/crrc/cr: 0.000177685 0.995232547 0.004589768
KJ:/crrc/rr: 0.000000000 0.636835566 0.363164434
KJ:/rc/: 0.075798245 0.924201755 0.000000000
KJ:/rc/cr: 0.004358577 0.973133363 0.022508060
KJ:/rc/rr: 0.000000000 0.316966966 0.683033034
KJ:/rrc/: 0.089562101 0.910437899 0.000000000
KJ:/rrc/cr: 0.000046047 0.999952738 0.000001215
KJ:/rrc/rr: 0.000000000 0.606080005 0.393919995
KK:/cc/: 0.994759593 0.005240407 0.000000000
KK:/cc/cr: 0.997421857 0.001289071 0.001289071
KK:/cc/rr: 0.000000000 0.999989814 0.000010186
KK:/crc/: 0.102282879 0.897717121 0.000000000
KK:/crc/cr: 0.999982867 0.000008567 0.000008567
KK:/crc/rr: 0.000000000 0.999887218 0.000112782
KK:/crrc/: 0.995428895 0.004571105 0.000000000
KK:/crrc/cr: 0.998606858 0.000696571 0.000696571
KK:/crrc/rr: 0.000000000 0.999995202 0.000004798
KK:/rc/: 0.815747250 0.184252750 0.000000000
KK:/rc/cr: 0.999975984 0.000012008 0.000012008
KK:/rc/rr: 0.000000000 0.999995932 0.000004068
KK:/rrc/: 0.506865882 0.493134118 0.000000000
KK:/rrc/cr: 0.999995513 0.000002243 0.000002243
KK:/rrc/rr: 0.000000000 0.999996726 0.000003274
KQ:/cc/: 0.000052601 0.999947399 0.000000000
KQ:/cc/cr: 0.000037294 0.448523322 0.551439384
KQ:/cc/rr: 0.000000000 0.807361562 0.192638438
KQ:/crc/: 0.889942402 0.110057598 0.000000000
KQ:/crc/cr: 0.000528632 0.729349409 0.270121959
KQ:/crc/rr: 0.000000000 0.000012962 0.999987038
KQ:/crrc/: 0.008545502 0.991454498 0.000000000
KQ:/crrc/cr: 0.006292976 0.698426820 0.295280204
KQ:/crrc/rr: 0.000000000 0.529926066 0.470073934
KQ:/rc/: 0.000184080 0.999815920 0.000000000
KQ:/rc/cr: 0.000002213 0.481497510 0.518500277
KQ:/rc/rr: 0.000000000 0.328978929 0.671021071
KQ:/rrc/: 0.702183596 0.297816404 0.000000000
KQ:/rrc/cr: 0.033166266 0.840227032 0.126606701
KQ:/rrc/rr: 0.000000000 0.389663103 0.610336897
Q:/: 0.753116264 0.246883736 0.000000000
Q:/cr: 0.171947354 0.827375609 0.000677037
Q:/rr: 0.000000000 0.999993361 0.000006639
QJ:/cc/: 0.000020252 0.999979748 0.000000000
QJ:/cc/cr: 0.000006751 0.000006751 0.999986498
QJ:/cc/rr: 0.000000000 0.500000000 0.500000000
QJ:/crc/: 0.027313498 0.972686502 0.000000000
QJ:/crc/cr: 0.002824476 0.000002796 0.997172728
QJ:/crc/rr: 0.000000000 0.000149364 0.999850636
QJ:/crrc/: 0.029372871 0.970627129 0.000000000
QJ:/crrc/cr: 0.000077942 0.000013483 0.999908575
QJ:/crrc/rr: 0.000000000 0.000668320 0.999331680
QJ:/rc/: 0.006889932 0.993110068 0.000000000
QJ:/rc/cr: 0.000002228 0.000002228 0.999995543
QJ:/rc/rr: 0.000000000 0.000481796 0.999518204
QJ:/rrc/: 0.000003320 0.999996680 0.000000000
QJ:/rrc/cr: 0.000001107 0.000001107 0.999997787
QJ:/rrc/rr: 0.000000000 0.500000000 0.500000000
QK:/cc/: 0.451593085 0.548406915 0.000000000
QK:/cc/cr: 0.024939800 0.975041111 0.000019090
QK:/cc/rr: 0.000000000 0.999977577 0.000022423
QK:/crc/: 0.003144590 0.996855410 0.000000000
QK:/crc/cr: 0.000002916 0.565787280 0.434209804
QK:/crc/rr: 0.000000000 0.002542945 0.997457055
QK:/crrc/: 0.968540014 0.031459986 0.000000000
QK:/crrc/cr: 0.000704662 0.598236243 0.401059095
QK:/crrc/rr: 0.000000000 0.000547602 0.999452398
QK:/rc/: 0.441129651 0.558870349 0.000000000
QK:/rc/cr: 0.008062577 0.526954241 0.464983181
QK:/rc/rr: 0.000000000 0.204133660 0.795866340
QK:/rrc/: 0.107161342 0.892838658 0.000000000
QK:/rrc/cr: 0.000001239 0.302348950 0.697649811
QK:/rrc/rr: 0.000000000 0.000245967 0.999754033
QQ:/cc/: 0.509468646 0.490531354 0.000000000
QQ:/cc/cr: 0.999972475 0.000013762 0.000013762
QQ:/cc/rr: 0.000000000 0.999980124 0.000019876
QQ:/crc/: 0.992988577 0.007011423 0.000000000
QQ:/crc/cr: 0.999224189 0.000387906 0.000387906
QQ:/crc/rr: 0.000000000 0.999995892 0.000004108
QQ:/crrc/: 0.104632512 0.895367488 0.000000000
QQ:/crrc/cr: 0.999970767 0.000014616 0.000014616
QQ:/crrc/rr: 0.000000000 0.999812386 0.000187614
QQ:/rc/: 0.485714921 0.514285079 0.000000000
QQ:/rc/cr: 0.999980594 0.000015103 0.000004303
QQ:/rc/rr: 0.000000000 0.999993166 0.000006834
QQ:/rrc/: 0.977462360 0.022537640 0.000000000
QQ:/rrc/cr: 0.999901807 0.000049097 0.000049097
QQ:/rrc/rr: 0.000000000 0.999998302 0.000001698
