J:/c: 0.288510559 0.711489441 0.000000000
J:/crr: 0.000000000 0.999982670 0.000017330
J:/r: 0.055522737 0.129647542 0.814829721
JJ:/cc/c: 0.999992972 0.000007028 0.000000000
JJ:/cc/crr: 0.000000000 0.999996486 0.000003514
JJ:/cc/r: 0.999982767 0.000012548 0.000004685
JJ:/crc/c: 0.999982670 0.000017330 0.000000000
JJ:/crc/crr: 0.000000000 0.999991335 0.000008665
JJ:/crc/r: 0.999976893 0.000011554 0.000011554
JJ:/crrc/c: 0.999991335 0.000008665 0.000000000
JJ:/crrc/crr: 0.000000000 0.999995667 0.000004333
JJ:/crrc/r: 0.999988446 0.000005777 0.000005777
JJ:/rc/c: 0.999974289 0.000025711 0.000000000
JJ:/rc/crr: 0.000000000 0.999987144 0.000012856
JJ:/rc/r: 0.999964780 0.000018079 0.000017140
JJ:/rrc/c: 0.999939965 0.000060035 0.000000000
JJ:/rrc/crr: 0.000000000 0.999969980 0.000030020
JJ:/rrc/r: 0.999737142 0.000222834 0.000040024
JK:/cc/c: 0.007689315 0.992310685 0.000000000
JK:/cc/crr: 0.000000000 0.000456966 0.999543034
JK:/cc/r: 0.000010581 0.000004685 0.999984734
JK:/crc/c: 0.545640115 0.454359885 0.000000000
JK:/crc/crr: 0.000000000 0.000015881 0.999984119
JK:/crc/r: 0.045757656 0.000011554 0.954230790
JK:/crrc/c: 0.506949381 0.493050619 0.000000000
JK:/crrc/crr: 0.000000000 0.000008547 0.999991453
JK:/crrc/r: 0.194040817 0.000005777 0.805953406
JK:/rc/c: 0.380544367 0.619455633 0.000000000
JK:/rc/crr: 0.000000000 0.000033782 0.999966218
JK:/rc/r: 0.356294930 0.000017140 0.643687929
JK:/rrc/c: 0.999734686 0.000265314 0.000000000
JK:/rrc/crr: 0.000000000 0.000030026 0.999969974
JK:/rrc/r: 0.283114961 0.000040024 0.716845015
JQ:/cc/c: 0.071157711 0.928842289 0.000000000
JQ:/cc/crr: 0.000000000 0.000049380 0.999950620
JQ:/cc/r: 0.039544088 0.000004685 0.960451227
JQ:/crc/c: 0.441772992 0.558227008 0.000000000
JQ:/crc/crr: 0.000000000 0.000019615 0.999980385
JQ:/crc/r: 0.077100577 0.000011554 0.922887869
JQ:/crrc/c: 0.047013990 0.952986010 0.000000000
JQ:/crrc/crr: 0.000000000 0.000092157 0.999907843
JQ:/crrc/r: 0.235962468 0.000005777 0.764031755
JQ:/rc/c: 0.990550653 0.009449347 0.000000000
JQ:/rc/crr: 0.000000000 0.000012978 0.999987022
JQ:/rc/r: 0.000017550 0.000017140 0.999965310
JQ:/rrc/c: 0.007044734 0.992955266 0.000000000
JQ:/rrc/crr: 0.000000000 0.004261017 0.995738983
JQ:/rrc/r: 0.403840436 0.000040024 0.596119540
K:/c: 0.999969257 0.000030743 0.000000000
K:/crr: 0.000000000 0.999995000 0.000005000
K:/r: 0.574333139 0.425660194 0.000006667
KJ:/cc/c: 0.497414054 0.502585946 0.000000000
KJ:/cc/crr: 0.000000000 0.836516027 0.163483973
KJ:/cc/r: 0.547401018 0.220080152 0.232518829
KJ:/crc/c: 0.142752354 0.857247646 0.000000000
KJ:/crc/crr: 0.000000000 0.999982487 0.000017513
KJ:/crc/r: 0.000111688 0.740602460 0.259285853
KJ:/crrc/c: 0.263732567 0.736267433 0.000000000
KJ:/crrc/crr: 0.000000000 0.999995260 0.000004740
KJ:/crrc/r: 0.012032611 0.879428931 0.108538458
KJ:/rc/c: 0.442927287 0.557072713 0.000000000
KJ:/rc/crr: 0.000000000 0.711639169 0.288360831
KJ:/rc/r: 0.029254493 0.764233028 0.206512479
KJ:/rrc/c: 0.299527861 0.700472139 0.000000000
KJ:/rrc/crr: 0.000000000 0.997493658 0.002506342
KJ:/rrc/r: 0.047782761 0.877384793 0.074832446
KK:/cc/c: 0.837361549 0.162638451 0.000000000
KK:/cc/crr: 0.000000000 0.902886363 0.097113637
KK:/cc/r: 0.600358973 0.291215393 0.108425634
KK:/crc/c: 0.999995000 0.000005000 0.000000000
KK:/crc/crr: 0.000000000 0.999997500 0.000002500
KK:/crc/r: 0.933109391 0.066887275 0.000003333
KK:/crrc/c: 0.999997500 0.000002500 0.000000000
KK:/crrc/crr: 0.000000000 0.999998750 0.000001250
KK:/crrc/r: 0.999996667 0.000001667 0.000001667
KK:/rc/c: 0.999992169 0.000007831 0.000000000
KK:/rc/crr: 0.000000000 0.999996084 0.000003916
KK:/rc/r: 0.999980208 0.000014572 0.000005221
KK:/rrc/c: 0.999994196 0.000005804 0.000000000
KK:/rrc/crr: 0.000000000 0.999997098 0.000002902
KK:/rrc/r: 0.999977509 0.000018622 0.000003869
KQ:/cc/c: 0.837361549 0.162638451 0.000000000
KQ:/cc/crr: 0.000000000 0.902886363 0.097113637
KQ:/cc/r: 0.545899188 0.254858283 0.199242530
KQ:/crc/c: 0.209746072 0.790253928 0.000000000
KQ:/crc/crr: 0.000000000 0.096923026 0.903076974
KQ:/crc/r: 0.000090076 0.433564980 0.566344944
KQ:/crrc/c: 0.588936642 0.411063358 0.000000000
KQ:/crrc/crr: 0.000000000 0.418714403 0.581285597
KQ:/crrc/r: 0.000014428 0.723567973 0.276417598
KQ:/rc/c: 0.002490151 0.997509849 0.000000000
KQ:/rc/crr: 0.000000000 0.044483618 0.955516382
KQ:/rc/r: 0.000025164 0.304184160 0.695790676
KQ:/rrc/c: 0.502164767 0.497835233 0.000000000
KQ:/rrc/crr: 0.000000000 0.528320224 0.471679776
KQ:/rrc/r: 0.084968581 0.543220201 0.371811219
Q:/c: 0.843153514 0.156846486 0.000000000
Q:/crr: 0.000000000 0.999994070 0.000005930
Q:/r: 0.355081123 0.644781715 0.000137162
QJ:/cc/c: 0.000618243 0.999381757 0.000000000
QJ:/cc/crr: 0.000000000 0.025781350 0.974218650
QJ:/cc/r: 0.000046989 0.000021252 0.999931759
QJ:/crc/c: 0.459913947 0.540086053 0.000000000
QJ:/crc/crr: 0.000000000 0.084929881 0.915070119
QJ:/crc/r: 0.000176642 0.000003953 0.999819404
QJ:/crrc/c: 0.000126740 0.999873260 0.000000000
QJ:/crrc/crr: 0.000000000 0.011697462 0.988302538
QJ:/crrc/r: 0.017483894 0.000001977 0.982514129
QJ:/rc/c: 0.000156392 0.999843608 0.000000000
QJ:/rc/crr: 0.000000000 0.016528007 0.983471993
QJ:/rc/r: 0.016424785 0.000003649 0.983571566
QJ:/rrc/c: 0.000242984 0.999757016 0.000000000
QJ:/rrc/crr: 0.000000000 0.019317182 0.980682818
QJ:/rrc/r: 0.000094244 0.000010662 0.999895094
QK:/cc/c: 0.033377910 0.966622090 0.000000000
QK:/cc/crr: 0.000000000 0.999522464 0.000477536
QK:/cc/r: 0.000145483 0.735808750 0.264045766
QK:/crc/c: 0.325860032 0.674139968 0.000000000
QK:/crc/crr: 0.000000000 0.006590277 0.993409723
QK:/crc/r: 0.003016948 0.441810272 0.555172780
QK:/crrc/c: 0.035718230 0.964281770 0.000000000
QK:/crrc/crr: 0.000000000 0.007691506 0.992308494
QK:/crrc/r: 0.000064883 0.281748965 0.718186152
QK:/rc/c: 0.368941955 0.631058045 0.000000000
QK:/rc/crr: 0.000000000 0.016164602 0.983835398
QK:/rc/r: 0.000005239 0.320238748 0.679756013
QK:/rrc/c: 0.417510649 0.582489351 0.000000000
QK:/rrc/crr: 0.000000000 0.045847324 0.954152676
QK:/rrc/r: 0.000117058 0.503573230 0.496309712
QQ:/cc/c: 0.999968122 0.000031878 0.000000000
QQ:/cc/crr: 0.000000000 0.999984060 0.000015940
QQ:/cc/r: 0.999920733 0.000058015 0.000021252
QQ:/crc/c: 0.999994070 0.000005930 0.000000000
QQ:/crc/crr: 0.000000000 0.999997035 0.000002965
QQ:/crc/r: 0.959670835 0.040325211 0.000003953
QQ:/crrc/c: 0.999997035 0.000002965 0.000000000
QQ:/crrc/crr: 0.000000000 0.999998517 0.000001483
QQ:/crrc/r: 0.999996047 0.000001977 0.000001977
QQ:/rc/c: 0.999994830 0.000005170 0.000000000
QQ:/rc/crr: 0.000000000 0.999997415 0.000002585
QQ:/rc/r: 0.727581202 0.272415352 0.000003446
QQ:/rrc/c: 0.999990612 0.000009388 0.000000000
QQ:/rrc/crr: 0.000000000 0.999995306 0.000004694
QQ:/rrc/r: 0.999955693 0.000038049 0.000006258
