J:/: 0.077530348 0.922469652 0.000000000
J:/cr: 0.018036998 0.034869228 0.947093774
J:/rr: 0.000000000 0.999935509 0.000064491
JJ:/cc/: 0.000311968 0.999688032 0.000000000
JJ:/cc/cr: 0.999996385 0.000001807 0.000001807
JJ:/cc/rr: 0.000000000 0.991312838 0.008687162
JJ:/crc/: 0.872833034 0.127166966 0.000000000
JJ:/crc/cr: 0.999728363 0.000135818 0.000135818
JJ:/crc/rr: 0.000000000 0.999970318 0.000029682
JJ:/crrc/: 0.963833415 0.036166585 0.000000000
JJ:/crrc/cr: 0.998153567 0.000923217 0.000923217
JJ:/crrc/rr: 0.000000000 0.999948036 0.000051964
JJ:/rc/: 0.928927298 0.071072702 0.000000000
JJ:/rc/cr: 0.999395071 0.000302464 0.000302464
JJ:/rc/rr: 0.000000000 0.999965287 0.000034713
JJ:/rrc/: 0.999295990 0.000704010 0.000000000
JJ:/rrc/cr: 0.969463017 0.015268491 0.015268491
JJ:/rrc/rr: 0.000000000 0.999983865 0.000016135
JK:/cc/: 0.076601752 0.923398248 0.000000000
JK:/cc/cr: 0.000073435 0.000001957 0.999924608
JK:/cc/rr: 0.000000000 0.000035379 0.999964621
JK:/crc/: 0.078020246 0.921979754 0.000000000
JK:/crc/cr: 0.054170106 0.000018733 0.945811161
JK:/crc/rr: 0.000000000 0.000332060 0.999667940
JK:/crrc/: 0.999844124 0.000155876 0.000000000
JK:/crrc/cr: 0.528999753 0.214205934 0.256794313
JK:/crrc/rr: 0.000000000 0.000050092 0.999949908
JK:/rc/: 0.990060640 0.009939360 0.000000000
JK:/rc/cr: 0.928987093 0.002162811 0.068850096
JK:/rc/rr: 0.000000000 0.000032569 0.999967431
JK:/rrc/: 0.529525557 0.470474443 0.000000000
JK:/rrc/cr: 0.815229491 0.000022848 0.184747661
JK:/rrc/rr: 0.000000000 0.000030449 0.999969551
JQ:/cc/: 0.186310365 0.813689635 0.000000000
JQ:/cc/cr: 0.000006184 0.000002220 0.999991595
JQ:/cc/rr: 0.000000000 0.000014546 0.999985454
JQ:/crc/: 0.979512162 0.020487838 0.000000000
JQ:/crc/cr: 0.387307370 0.000843018 0.611849612
JQ:/crc/rr: 0.000000000 0.000026449 0.999973551
JQ:/crrc/: 0.026721540 0.973278460 0.000000000
JQ:/crrc/cr: 0.148113253 0.000034306 0.851852441
JQ:/crrc/rr: 0.000000000 0.001874308 0.998125692
JQ:/rc/: 0.996562447 0.003437553 0.000000000
JQ:/rc/cr: 0.006253565 0.006253565 0.987492870
JQ:/rc/rr: 0.000000000 0.000032357 0.999967643
JQ:/rrc/: 0.129441873 0.870558127 0.000000000
JQ:/rrc/cr: 0.000012347 0.000012347 0.999975305
JQ:/rrc/rr: 0.000000000 0.000124564 0.999875436
K:/: 0.757782102 0.242217898 0.000000000
K:/cr: 0.689828051 0.310158187 0.000013762
K:/rr: 0.000000000 0.999993402 0.000006598
KJ:/cc/: 0.000051112 0.999948888 0.000000000
KJ:/cc/cr: 0.000051400 0.000011793 0.999936808
KJ:/cc/rr: 0.000000000 0.798063450 0.201936550
KJ:/crc/: 0.000165389 0.999834611 0.000000000
KJ:/crc/cr: 0.000744245 0.999248359 0.000007396
KJ:/crc/rr: 0.000000000 0.932931040 0.067068960
KJ:/crrc/: 0.078732442 0.921267558 0.000000000
KJ:/crrc/cr: 0.002194932 0.991575593 0.006229475
KJ:/crrc/rr: 0.000000000 0.503996456 0.496003544
KJ:/rc/: 0.081395220 0.918604780 0.000000000
KJ:/rc/cr: 0.007335095 0.968960044 0.023704861
KJ:/rc/rr: 0.000000000 0.375058005 0.624941995
KJ:/rrc/: 0.081982207 0.918017793 0.000000000
KJ:/rrc/cr: 0.000128809 0.999869993 0.000001198
KJ:/rrc/rr: 0.000000000 0.514671973 0.485328027
KK:/cc/: 0.999374081 0.000625919 0.000000000
KK:/cc/cr: 0.978013593 0.010993203 0.010993203
KK:/cc/rr: 0.000000000 0.999989672 0.000010328
KK:/crc/: 0.168091075 0.831908925 0.000000000
KK:/crc/cr: 0.999982222 0.000008889 0.000008889
KK:/crc/rr: 0.000000000 0.999934009 0.000065991
KK:/crrc/: 0.990326741 0.009673259 0.000000000
KK:/crrc/cr: 0.999312556 0.000343722 0.000343722
KK:/crrc/rr: 0.000000000 0.999994964 0.000005036
KK:/rc/: 0.846927468 0.153072532 0.000000000
KK:/rc/cr: 0.999971263 0.000014368 0.000014368
KK:/rc/rr: 0.000000000 0.999996105 0.000003895
KK:/rrc/: 0.520409907 0.479590093 0.000000000
KK:/rrc/cr: 0.999995414 0.000002293 0.000002293
KK:/rrc/rr: 0.000000000 0.999996830 0.000003170
KQ:/cc/: 0.000057826 0.999942174 0.000000000
KQ:/cc/cr: 0.000047670 0.426833545 0.573118785
KQ:/cc/rr: 0.000000000 0.821511994 0.178488006
KQ:/crc/: 0.836053440 0.163946560 0.000000000
KQ:/crc/cr: 0.000323802 0.717627149 0.282049049
KQ:/crc/rr: 0.000000000 0.000023870 0.999976130
KQ:/crrc/: 0.015202831 0.984797169 0.000000000
KQ:/crrc/cr: 0.025770881 0.675829681 0.298399438
KQ:/crrc/rr: 0.000000000 0.262357671 0.737642329
KQ:/rc/: 0.000174749 0.999825251 0.000000000
KQ:/rc/cr: 0.000013490 0.490454123 0.509532387
KQ:/rc/rr: 0.000000000 0.439519385 0.560480615
KQ:/rrc/: 0.694366670 0.305633330 0.000000000
KQ:/rrc/cr: 0.041887925 0.826645208 0.131466867
KQ:/rrc/rr: 0.000000000 0.390853741 0.609146259
Q:/: 0.743760060 0.256239940 0.000000000
Q:/cr: 0.163118573 0.835924945 0.000956482
Q:/rr: 0.000000000 0.999993277 0.000006723
QJ:/cc/: 0.000019513 0.999980487 0.000000000
QJ:/cc/cr: 0.000015548 0.000006504 0.999977947
QJ:/cc/rr: 0.000000000 0.500000000 0.500000000
QJ:/crc/: 0.025243000 0.974757000 0.000000000
QJ:/crc/cr: 0.003839351 0.000002661 0.996157988
QJ:/crc/rr: 0.000000000 0.000154122 0.999845878
QJ:/crrc/: 0.010413620 0.989586380 0.000000000
QJ:/crrc/cr: 0.000190182 0.000013431 0.999796387
QJ:/crrc/rr: 0.000000000 0.001914550 0.998085450
QJ:/rc/: 0.006639659 0.993360341 0.000000000
QJ:/rc/cr: 0.000002256 0.000002256 0.999995488
QJ:/rc/rr: 0.000000000 0.000506246 0.999493754
QJ:/rrc/: 0.000003361 0.999996639 0.000000000
QJ:/rrc/cr: 0.000001120 0.000001120 0.999997759
QJ:/rrc/rr: 0.000000000 0.500000000 0.500000000
QK:/cc/: 0.423185320 0.576814680 0.000000000
QK:/cc/cr: 0.059775527 0.940200257 0.000024215
QK:/cc/rr: 0.000000000 0.999976945 0.000023055
QK:/crc/: 0.003847706 0.996152294 0.000000000
QK:/crc/cr: 0.000002604 0.556376172 0.443621224
QK:/crc/rr: 0.000000000 0.001011120 0.998988880
QK:/crrc/: 0.932081149 0.067918851 0.000000000
QK:/crrc/cr: 0.000377067 0.565985281 0.433637652
QK:/crrc/rr: 0.000000000 0.000576666 0.999423334
QK:/rc/: 0.451331038 0.548668962 0.000000000
QK:/rc/cr: 0.032305347 0.513575247 0.454119406
QK:/rc/rr: 0.000000000 0.196973431 0.803026569
QK:/rrc/: 0.121862940 0.878137060 0.000000000
QK:/rrc/cr: 0.000001276 0.299650363 0.700348361
QK:/rrc/rr: 0.000000000 0.000538526 0.999461474
QQ:/cc/: 0.535263081 0.464736919 0.000000000
QQ:/cc/cr: 0.999972009 0.000013996 0.000013996
QQ:/cc/rr: 0.000000000 0.999981773 0.000018227
QQ:/crc/: 0.979997049 0.020002951 0.000000000
QQ:/crc/cr: 0.999740672 0.000129664 0.000129664
QQ:/crc/rr: 0.000000000 0.999996030 0.000003970
QQ:/crrc/: 0.145629637 0.854370363 0.000000000
QQ:/crrc/cr: 0.999968886 0.000015557 0.000015557
QQ:/crrc/rr: 0.000000000 0.999863095 0.000136905
QQ:/rc/: 0.513317693 0.486682307 0.000000000
QQ:/rc/cr: 0.999988420 0.000006975 0.000004604
QQ:/rc/rr: 0.000000000 0.999993452 0.000006548
QQ:/rrc/: 0.972578910 0.027421090 0.000000000
QQ:/rrc/cr: 0.999918279 0.000040861 0.000040861
QQ:/rrc/rr: 0.000000000 0.999998272 0.000001728
