J:/c: 0.301670130 0.698329870 0.000000000
J:/crr: 0.000000000 0.999983426 0.000016574
J:/r: 0.055086843 0.128267341 0.816645816
JJ:/cc/c: 0.999992840 0.000007160 0.000000000
JJ:/cc/crr: 0.000000000 0.999996420 0.000003580
JJ:/cc/r: 0.999986769 0.000008458 0.000004773
JJ:/crc/c: 0.999983426 0.000016574 0.000000000
JJ:/crc/crr: 0.000000000 0.999991713 0.000008287
JJ:/crc/r: 0.999977901 0.000011050 0.000011050
JJ:/crrc/c: 0.999991713 0.000008287 0.000000000
JJ:/crrc/crr: 0.000000000 0.999995856 0.000004144
JJ:/crrc/r: 0.999988950 0.000005525 0.000005525
JJ:/rc/c: 0.999974013 0.000025987 0.000000000
JJ:/rc/crr: 0.000000000 0.999987006 0.000012994
JJ:/rc/r: 0.999942085 0.000040590 0.000017325
JJ:/rrc/c: 0.999939489 0.000060511 0.000000000
JJ:/rrc/crr: 0.000000000 0.999969743 0.000030257
JJ:/rrc/r: 0.999841702 0.000117957 0.000040340
JK:/cc/c: 0.008438027 0.991561973 0.000000000
JK:/cc/crr: 0.000000000 0.000424266 0.999575734
JK:/cc/r: 0.000012312 0.000004773 0.999982915
JK:/crc/c: 0.499094616 0.500905384 0.000000000
JK:/crc/crr: 0.000000000 0.000016604 0.999983396
JK:/crc/r: 0.093337846 0.000011050 0.906651105
JK:/crrc/c: 0.465173867 0.534826133 0.000000000
JK:/crrc/crr: 0.000000000 0.000008908 0.999991092
JK:/crrc/r: 0.222442553 0.000005525 0.777551922
JK:/rc/c: 0.383948129 0.616051871 0.000000000
JK:/rc/crr: 0.000000000 0.000033842 0.999966158
JK:/rc/r: 0.369628107 0.000017325 0.630354568
JK:/rrc/c: 0.999939489 0.000060511 0.000000000
JK:/rrc/crr: 0.000000000 0.000030257 0.999969743
JK:/rrc/r: 0.288555054 0.000040340 0.711404606
JQ:/cc/c: 0.072410847 0.927589153 0.000000000
JQ:/cc/crr: 0.000000000 0.000049440 0.999950560
JQ:/cc/r: 0.034430743 0.000004773 0.965564484
JQ:/crc/c: 0.456861101 0.543138899 0.000000000
JQ:/crc/crr: 0.000000000 0.000018139 0.999981861
JQ:/crc/r: 0.050162272 0.000011050 0.949826679
JQ:/crrc/c: 0.037818840 0.962181160 0.000000000
JQ:/crrc/crr: 0.000000000 0.000109566 0.999890434
JQ:/crrc/r: 0.199135027 0.000005525 0.800859448
JQ:/rc/c: 0.996913664 0.003086336 0.000000000
JQ:/rc/crr: 0.000000000 0.000013034 0.999986966
JQ:/rc/r: 0.000017325 0.000017325 0.999965350
JQ:/rrc/c: 0.004875716 0.995124284 0.000000000
JQ:/rrc/crr: 0.000000000 0.006205295 0.993794705
JQ:/rrc/r: 0.446769398 0.000040340 0.553190261
K:/c: 0.999969845 0.000030155 0.000000000
K:/crr: 0.000000000 0.999995000 0.000005000
K:/r: 0.576143780 0.423849554 0.000006667
KJ:/cc/c: 0.165807956 0.834192044 0.000000000
KJ:/cc/crr: 0.000000000 0.500000000 0.500000000
KJ:/cc/r: 0.486160567 0.247190117 0.266649315
KJ:/crc/c: 0.102274473 0.897725527 0.000000000
KJ:/crc/crr: 0.000000000 0.999975555 0.000024445
KJ:/crc/r: 0.000034057 0.732324485 0.267641459
KJ:/crrc/c: 0.390421149 0.609578851 0.000000000
KJ:/crrc/crr: 0.000000000 0.999996798 0.000003202
KJ:/crrc/r: 0.021331469 0.860825121 0.117843410
KJ:/rc/c: 0.455716944 0.544283056 0.000000000
KJ:/rc/crr: 0.000000000 0.673847467 0.326152533
KJ:/rc/r: 0.058362326 0.710077622 0.231560053
KJ:/rrc/c: 0.147412551 0.852587449 0.000000000
KJ:/rrc/crr: 0.000000000 0.999980376 0.000019624
KJ:/rrc/r: 0.031501483 0.911137856 0.057360662
KK:/cc/c: 0.834192044 0.165807956 0.000000000
KK:/cc/crr: 0.000000000 0.900617635 0.099382365
KK:/cc/r: 0.563755011 0.325706352 0.110538637
KK:/crc/c: 0.999995000 0.000005000 0.000000000
KK:/crc/crr: 0.000000000 0.999997500 0.000002500
KK:/crc/r: 0.952508019 0.047488647 0.000003333
KK:/crrc/c: 0.999997500 0.000002500 0.000000000
KK:/crrc/crr: 0.000000000 0.999998750 0.000001250
KK:/crrc/r: 0.999955169 0.000043165 0.000001667
KK:/rc/c: 0.999992136 0.000007864 0.000000000
KK:/rc/crr: 0.000000000 0.999996068 0.000003932
KK:/rc/r: 0.999980911 0.000013846 0.000005243
KK:/rrc/c: 0.999994214 0.000005786 0.000000000
KK:/rrc/crr: 0.000000000 0.999997107 0.000002893
KK:/rrc/r: 0.999868461 0.000127682 0.000003857
KQ:/cc/c: 0.834192044 0.165807956 0.000000000
KQ:/cc/crr: 0.000000000 0.900617635 0.099382365
KQ:/cc/r: 0.461719689 0.427238181 0.111042129
KQ:/crc/c: 0.161548519 0.838451481 0.000000000
KQ:/crc/crr: 0.000000000 0.011154605 0.988845395
KQ:/crc/r: 0.000009188 0.434835546 0.565155266
KQ:/crrc/c: 0.617967486 0.382032514 0.000000000
KQ:/crrc/crr: 0.000000000 0.439477511 0.560522489
KQ:/crrc/r: 0.000004214 0.771551136 0.228444650
KQ:/rc/c: 0.001254837 0.998745163 0.000000000
KQ:/rc/crr: 0.000000000 0.003133645 0.996866355
KQ:/rc/r: 0.000018738 0.301066906 0.698914356
KQ:/rrc/c: 0.509658037 0.490341963 0.000000000
KQ:/rrc/crr: 0.000000000 0.535951789 0.464048211
KQ:/rrc/r: 0.064530830 0.579131948 0.356337222
Q:/c: 0.843839944 0.156160056 0.000000000
Q:/crr: 0.000000000 0.999994075 0.000005925
Q:/r: 0.360893661 0.639068662 0.000037677
QJ:/cc/c: 0.000032018 0.999967982 0.000000000
QJ:/cc/crr: 0.000000000 0.500000000 0.500000000
QJ:/cc/r: 0.000021346 0.000021346 0.999957309
QJ:/crc/c: 0.414643061 0.585356939 0.000000000
QJ:/crc/crr: 0.000000000 0.005275743 0.994724257
QJ:/crc/r: 0.000003950 0.000003950 0.999992100
QJ:/crrc/c: 0.000002963 0.999997037 0.000000000
QJ:/crrc/crr: 0.000000000 0.500000000 0.500000000
QJ:/crrc/r: 0.031619385 0.000001975 0.968378640
QJ:/rc/c: 0.000005216 0.999994784 0.000000000
QJ:/rc/crr: 0.000000000 0.500000000 0.500000000
QJ:/rc/r: 0.002582892 0.000003477 0.997413631
QJ:/rrc/c: 0.000060975 0.999939025 0.000000000
QJ:/rrc/crr: 0.000000000 0.075739182 0.924260818
QJ:/rrc/r: 0.000078030 0.000006158 0.999915813
QK:/cc/c: 0.016359405 0.983640595 0.000000000
QK:/cc/crr: 0.000000000 0.999021406 0.000978594
QK:/cc/r: 0.000107876 0.714392917 0.285499207
QK:/crc/c: 0.387208492 0.612791508 0.000000000
QK:/crc/crr: 0.000000000 0.003601615 0.996398385
QK:/crc/r: 0.000160079 0.474722106 0.525117815
QK:/crrc/c: 0.009326608 0.990673392 0.000000000
QK:/crrc/crr: 0.000000000 0.041845286 0.958154714
QK:/crrc/r: 0.000038243 0.290025059 0.709936698
QK:/rc/c: 0.370467246 0.629532754 0.000000000
QK:/rc/crr: 0.000000000 0.008720526 0.991279474
QK:/rc/r: 0.000004738 0.312087525 0.687907737
QK:/rrc/c: 0.421809799 0.578190201 0.000000000
QK:/rrc/crr: 0.000000000 0.028823214 0.971176786
QK:/rrc/r: 0.000078755 0.501909445 0.498011800
QQ:/cc/c: 0.999967982 0.000032018 0.000000000
QQ:/cc/crr: 0.000000000 0.999983990 0.000016010
QQ:/cc/r: 0.999929552 0.000049102 0.000021346
QQ:/crc/c: 0.999994075 0.000005925 0.000000000
QQ:/crc/crr: 0.000000000 0.999997037 0.000002963
QQ:/crc/r: 0.849078957 0.150917093 0.000003950
QQ:/crrc/c: 0.999997037 0.000002963 0.000000000
QQ:/crrc/crr: 0.000000000 0.999998519 0.000001481
QQ:/crrc/r: 0.999775173 0.000222852 0.000001975
QQ:/rc/c: 0.999994784 0.000005216 0.000000000
QQ:/rc/crr: 0.000000000 0.999997392 0.000002608
QQ:/rc/r: 0.983231581 0.016764941 0.000003477
QQ:/rrc/c: 0.999990764 0.000009236 0.000000000
QQ:/rrc/crr: 0.000000000 0.999995382 0.000004618
QQ:/rrc/r: 0.999951447 0.000042395 0.000006158
