J:/: 0.074617039 0.925382961 0.000000000
J:/cr: 0.017902521 0.035552286 0.946545193
J:/rr: 0.000000000 0.999932991 0.000067009
JJ:/cc/: 0.000272621 0.999727379 0.000000000
JJ:/cc/cr: 0.999996397 0.000001802 0.000001802
JJ:/cc/rr: 0.000000000 0.990090341 0.009909659
JJ:/crc/: 0.981378594 0.018621406 0.000000000
JJ:/crc/cr: 0.998186339 0.000906830 0.000906830
JJ:/crc/rr: 0.000000000 0.999974190 0.000025810
JJ:/crrc/: 0.970453254 0.029546746 0.000000000
JJ:/crrc/cr: 0.997730072 0.001134964 0.001134964
JJ:/crrc/rr: 0.000000000 0.999948167 0.000051833
JJ:/rc/: 0.944092920 0.055907080 0.000000000
JJ:/rc/cr: 0.999200950 0.000399525 0.000399525
JJ:/rc/rr: 0.000000000 0.999964512 0.000035488
JJ:/rrc/: 0.999966493 0.000033507 0.000000000
JJ:/rrc/cr: 0.333333333 0.333333333 0.333333333
JJ:/rrc/rr: 0.000000000 0.999983246 0.000016754
JK:/cc/: 0.079888138 0.920111862 0.000000000
JK:/cc/cr: 0.000001957 0.000001957 0.999996085
JK:/cc/rr: 0.000000000 0.000033817 0.999966183
JK:/crc/: 0.054854295 0.945145705 0.000000000
JK:/crc/cr: 0.017659546 0.000017867 0.982322587
JK:/crc/rr: 0.000000000 0.000461763 0.999538237
JK:/crrc/: 0.999899397 0.000100603 0.000000000
JK:/crrc/cr: 0.333333333 0.333333333 0.333333333
JK:/crrc/rr: 0.000000000 0.000050307 0.999949693
JK:/rc/: 0.999932991 0.000067009 0.000000000
JK:/rc/cr: 0.333333333 0.333333333 0.333333333
JK:/rc/rr: 0.000000000 0.000033507 0.999966493
JK:/rrc/: 0.551038475 0.448961525 0.000000000
JK:/rrc/cr: 0.972910038 0.000024877 0.027065085
JK:/rrc/rr: 0.000000000 0.000030403 0.999969597
JQ:/cc/: 0.187089167 0.812910833 0.000000000
JQ:/cc/cr: 0.000002216 0.000002216 0.999995569
JQ:/cc/rr: 0.000000000 0.000014440 0.999985560
JQ:/crc/: 0.995389630 0.004610370 0.000000000
JQ:/crc/cr: 0.003662711 0.003662711 0.992674578
JQ:/crc/rr: 0.000000000 0.000025447 0.999974553
JQ:/crrc/: 0.024205140 0.975794860 0.000000000
JQ:/crrc/cr: 0.157125506 0.000034366 0.842840128
JQ:/crrc/rr: 0.000000000 0.002078143 0.997921857
JQ:/rc/: 0.996665500 0.003334500 0.000000000
JQ:/rc/cr: 0.006698537 0.006698537 0.986602925
JQ:/rc/rr: 0.000000000 0.000033617 0.999966383
JQ:/rrc/: 0.114250828 0.885749172 0.000000000
JQ:/rrc/cr: 0.001465358 0.000012610 0.998522032
JQ:/rrc/rr: 0.000000000 0.000146636 0.999853364
K:/: 0.752834436 0.247165564 0.000000000
K:/cr: 0.683246726 0.316739788 0.000013486
K:/rr: 0.000000000 0.999993358 0.000006642
KJ:/cc/: 0.000020229 0.999979771 0.000000000
KJ:/cc/cr: 0.000040852 0.000030465 0.999928683
KJ:/cc/rr: 0.000000000 0.500000000 0.500000000
KJ:/crc/: 0.000046381 0.999953619 0.000000000
KJ:/crc/cr: 0.000028043 0.999964860 0.000007097
KJ:/crc/rr: 0.000000000 0.770497585 0.229502415
KJ:/crrc/: 0.077588579 0.922411421 0.000000000
KJ:/crrc/cr: 0.000792613 0.995824787 0.003382600
KJ:/crrc/rr: 0.000000000 0.546848260 0.453151740
KJ:/rc/: 0.039075662 0.960924338 0.000000000
KJ:/rc/cr: 0.004857529 0.980724565 0.014417906
KJ:/rc/rr: 0.000000000 0.300324946 0.699675054
KJ:/rrc/: 0.081169354 0.918830646 0.000000000
KJ:/rrc/cr: 0.000202751 0.999796044 0.000001205
KJ:/rrc/rr: 0.000000000 0.504051950 0.495948050
KK:/cc/: 0.999426370 0.000573630 0.000000000
KK:/cc/cr: 0.976489639 0.011755180 0.011755180
KK:/cc/rr: 0.000000000 0.999989880 0.000010120
KK:/crc/: 0.157376655 0.842623345 0.000000000
KK:/crc/cr: 0.999983156 0.000008422 0.000008422
KK:/crc/rr: 0.000000000 0.999932362 0.000067638
KK:/crrc/: 0.996466577 0.003533423 0.000000000
KK:/crrc/cr: 0.998137928 0.000931036 0.000931036
KK:/crrc/rr: 0.000000000 0.999995048 0.000004952
KK:/rc/: 0.812216587 0.187783413 0.000000000
KK:/rc/cr: 0.999976421 0.000011789 0.000011789
KK:/rc/rr: 0.000000000 0.999995911 0.000004089
KK:/rrc/: 0.532937840 0.467062160 0.000000000
KK:/rrc/cr: 0.999995260 0.000002370 0.000002370
KK:/rrc/rr: 0.000000000 0.999996884 0.000003116
KQ:/cc/: 0.000057065 0.999942935 0.000000000
KQ:/cc/cr: 0.000034981 0.460362422 0.539602597
KQ:/cc/rr: 0.000000000 0.822752524 0.177247476
KQ:/crc/: 0.866078227 0.133921773 0.000000000
KQ:/crc/cr: 0.000374484 0.702116602 0.297508914
KQ:/crc/rr: 0.000000000 0.000012470 0.999987530
KQ:/crrc/: 0.008308145 0.991691855 0.000000000
KQ:/crrc/cr: 0.012342822 0.721952193 0.265704985
KQ:/crrc/rr: 0.000000000 0.452146391 0.547853609
KQ:/rc/: 0.000055590 0.999944410 0.000000000
KQ:/rc/cr: 0.000002214 0.483682714 0.516315072
KQ:/rc/rr: 0.000000000 0.940263282 0.059736718
KQ:/rrc/: 0.718459198 0.281540802 0.000000000
KQ:/rrc/cr: 0.012363498 0.932491549 0.055144953
KQ:/rrc/rr: 0.000000000 0.393180882 0.606819118
Q:/: 0.744921582 0.255078418 0.000000000
Q:/cr: 0.153094447 0.846793531 0.000112023
Q:/rr: 0.000000000 0.999993288 0.000006712
QJ:/cc/: 0.000019602 0.999980398 0.000000000
QJ:/cc/cr: 0.000006534 0.000006534 0.999986932
QJ:/cc/rr: 0.000000000 0.500000000 0.500000000
QJ:/crc/: 0.030362204 0.969637796 0.000000000
QJ:/crc/cr: 0.000707150 0.000002653 0.999290197
QJ:/crc/rr: 0.000000000 0.000127067 0.999872933
QJ:/crrc/: 0.010603219 0.989396781 0.000000000
QJ:/crrc/cr: 0.000506353 0.000014379 0.999479268
QJ:/crrc/rr: 0.000000000 0.002012556 0.997987444
QJ:/rc/: 0.012173807 0.987826193 0.000000000
QJ:/rc/cr: 0.000002265 0.000002265 0.999995470
QJ:/rc/rr: 0.000000000 0.000275679 0.999724321
QJ:/rrc/: 0.000003356 0.999996644 0.000000000
QJ:/rrc/cr: 0.000001119 0.000001119 0.999997763
QJ:/rrc/rr: 0.000000000 0.500000000 0.500000000
QK:/cc/: 0.583003985 0.416996015 0.000000000
QK:/cc/cr: 0.001361639 0.998606368 0.000031993
QK:/cc/rr: 0.000000000 0.999983189 0.000016811
QK:/crc/: 0.004850621 0.995149379 0.000000000
QK:/crc/cr: 0.000002617 0.557751357 0.442246026
QK:/crc/rr: 0.000000000 0.000819180 0.999180820
QK:/crrc/: 0.957004802 0.042995198 0.000000000
QK:/crrc/cr: 0.000621243 0.857805052 0.141573705
QK:/crrc/rr: 0.000000000 0.000626204 0.999373796
QK:/rc/: 0.432378665 0.567621335 0.000000000
QK:/rc/cr: 0.001641330 0.530312502 0.468046168
QK:/rc/rr: 0.000000000 0.201738286 0.798261714
QK:/rrc/: 0.122877265 0.877122735 0.000000000
QK:/rrc/cr: 0.000001303 0.295855718 0.704142979
QK:/rrc/rr: 0.000000000 0.000300680 0.999699320
QQ:/cc/: 0.535006432 0.464993568 0.000000000
QQ:/cc/cr: 0.999971897 0.000014052 0.000014052
QQ:/cc/rr: 0.000000000 0.999981681 0.000018319
QQ:/crc/: 0.989442576 0.010557424 0.000000000
QQ:/crc/cr: 0.999512754 0.000243623 0.000243623
QQ:/crc/rr: 0.000000000 0.999996101 0.000003899
QQ:/crrc/: 0.108669021 0.891330979 0.000000000
QQ:/crrc/cr: 0.999968078 0.000015961 0.000015961
QQ:/crrc/rr: 0.000000000 0.999803628 0.000196372
QQ:/rc/: 0.490945383 0.509054617 0.000000000
QQ:/rc/cr: 0.999990216 0.000005389 0.000004395
QQ:/rc/rr: 0.000000000 0.999993164 0.000006836
QQ:/rrc/: 0.991871804 0.008128196 0.000000000
QQ:/rrc/cr: 0.999724738 0.000137631 0.000137631
QQ:/rrc/rr: 0.000000000 0.999998308 0.000001692
