J:/: 0.073377883 0.926622117 0.000000000
J:/cr: 0.018949143 0.033573956 0.947476901
J:/rr: 0.000000000 0.999931860 0.000068140
JJ:/cc/: 0.000318205 0.999681795 0.000000000
JJ:/cc/cr: 0.999996402 0.000001799 0.000001799
JJ:/cc/rr: 0.000000000 0.991521279 0.008478721
JJ:/crc/: 0.975227130 0.024772870 0.000000000
JJ:/crc/cr: 0.998558296 0.000720852 0.000720852
JJ:/crc/rr: 0.000000000 0.999972533 0.000027467
JJ:/crrc/: 0.956546558 0.043453442 0.000000000
JJ:/crrc/cr: 0.998543733 0.000728134 0.000728134
JJ:/crrc/rr: 0.000000000 0.999950384 0.000049616
JJ:/rc/: 0.918276813 0.081723187 0.000000000
JJ:/rc/cr: 0.999444136 0.000277932 0.000277932
JJ:/rc/rr: 0.000000000 0.999962898 0.000037102
JJ:/rrc/: 0.998436584 0.001563416 0.000000000
JJ:/rrc/cr: 0.985470907 0.007264546 0.007264546
JJ:/rrc/rr: 0.000000000 0.999982937 0.000017063
JK:/cc/: 0.087013608 0.912986392 0.000000000
JK:/cc/cr: 0.000189566 0.000001970 0.999808464
JK:/cc/rr: 0.000000000 0.000031006 0.999968994
JK:/crc/: 0.114163161 0.885836839 0.000000000
JK:/crc/cr: 0.063928945 0.000020159 0.936050896
JK:/crc/rr: 0.000000000 0.000234632 0.999765368
JK:/crrc/: 0.999905080 0.000094920 0.000000000
JK:/crrc/cr: 0.333333333 0.333333333 0.333333333
JK:/crrc/rr: 0.000000000 0.000047464 0.999952536
JK:/rc/: 0.993294225 0.006705775 0.000000000
JK:/rc/cr: 0.887516797 0.003387151 0.109096052
JK:/rc/rr: 0.000000000 0.000034300 0.999965700
JK:/rrc/: 0.546248617 0.453751383 0.000000000
JK:/rrc/cr: 0.954932339 0.000025030 0.045042631
JK:/rrc/rr: 0.000000000 0.000031188 0.999968812
JQ:/cc/: 0.161251408 0.838748592 0.000000000
JQ:/cc/cr: 0.000004409 0.000002144 0.999993446
JQ:/cc/rr: 0.000000000 0.000016731 0.999983269
JQ:/crc/: 0.991476079 0.008523921 0.000000000
JQ:/crc/cr: 0.006723224 0.002094995 0.991181781
JQ:/crc/rr: 0.000000000 0.000027017 0.999972983
JQ:/crrc/: 0.030329929 0.969670071 0.000000000
JQ:/crrc/cr: 0.157820834 0.000032630 0.842146536
JQ:/crrc/rr: 0.000000000 0.001564787 0.998435213
JQ:/rc/: 0.998927022 0.001072978 0.000000000
JQ:/rc/cr: 0.021168620 0.021168620 0.957662759
JQ:/rc/rr: 0.000000000 0.000034107 0.999965893
JQ:/rrc/: 0.113778423 0.886221577 0.000000000
JQ:/rrc/cr: 0.000012816 0.000012816 0.999974369
JQ:/rrc/rr: 0.000000000 0.000149732 0.999850268
K:/: 0.749496045 0.250503955 0.000000000
K:/cr: 0.702997447 0.296989247 0.000013307
K:/rr: 0.000000000 0.999993329 0.000006671
KJ:/cc/: 0.000041371 0.999958629 0.000000000
KJ:/cc/cr: 0.000050762 0.000013782 0.999935456
KJ:/cc/rr: 0.000000000 0.758770032 0.241229968
KJ:/crc/: 0.000049644 0.999950356 0.000000000
KJ:/crc/cr: 0.000033622 0.999958910 0.000007468
KJ:/crc/rr: 0.000000000 0.774370434 0.225629566
KJ:/crrc/: 0.093492244 0.906507756 0.000000000
KJ:/crrc/cr: 0.003780158 0.981415191 0.014804651
KJ:/crrc/rr: 0.000000000 0.704098528 0.295901472
KJ:/rc/: 0.080630335 0.919369665 0.000000000
KJ:/rc/cr: 0.008195284 0.963674683 0.028130033
KJ:/rc/rr: 0.000000000 0.363290269 0.636709731
KJ:/rrc/: 0.096117117 0.903882883 0.000000000
KJ:/rrc/cr: 0.003534982 0.996187859 0.000277159
KJ:/rrc/rr: 0.000000000 0.745276807 0.254723193
KK:/cc/: 0.997703924 0.002296076 0.000000000
KK:/cc/cr: 0.994204673 0.002897664 0.002897664
KK:/cc/rr: 0.000000000 0.999989997 0.000010003
KK:/crc/: 0.229887707 0.770112293 0.000000000
KK:/crc/cr: 0.999980607 0.000009697 0.000009697
KK:/crc/rr: 0.000000000 0.999951275 0.000048725
KK:/crrc/: 0.994343071 0.005656929 0.000000000
KK:/crrc/cr: 0.998884657 0.000557671 0.000557671
KK:/crrc/rr: 0.000000000 0.999995241 0.000004759
KK:/rc/: 0.815761260 0.184238740 0.000000000
KK:/rc/cr: 0.999975860 0.000012070 0.000012070
KK:/rc/rr: 0.000000000 0.999995911 0.000004089
KK:/rrc/: 0.520661850 0.479338150 0.000000000
KK:/rrc/cr: 0.999995361 0.000002320 0.000002320
KK:/rrc/rr: 0.000000000 0.999996797 0.000003203
KQ:/cc/: 0.000055091 0.999944909 0.000000000
KQ:/cc/cr: 0.000043491 0.424110642 0.575845867
KQ:/cc/rr: 0.000000000 0.818846776 0.181153224
KQ:/crc/: 0.871243978 0.128756022 0.000000000
KQ:/crc/cr: 0.000405883 0.521377368 0.478216749
KQ:/crc/rr: 0.000000000 0.000022749 0.999977251
KQ:/crrc/: 0.013088889 0.986911111 0.000000000
KQ:/crrc/cr: 0.024940913 0.680497006 0.294562081
KQ:/crrc/rr: 0.000000000 0.454286560 0.545713440
KQ:/rc/: 0.000312021 0.999687979 0.000000000
KQ:/rc/cr: 0.000014733 0.481370063 0.518615204
KQ:/rc/rr: 0.000000000 0.167449676 0.832550324
KQ:/rrc/: 0.721564676 0.278435324 0.000000000
KQ:/rrc/cr: 0.032874224 0.850749845 0.116375931
KQ:/rrc/rr: 0.000000000 0.394224719 0.605775281
Q:/: 0.753351576 0.246648424 0.000000000
Q:/cr: 0.163379503 0.835709653 0.000910844
Q:/rr: 0.000000000 0.999993363 0.000006637
QJ:/cc/: 0.000020272 0.999979728 0.000000000
QJ:/cc/cr: 0.000008158 0.000006757 0.999985085
QJ:/cc/rr: 0.000000000 0.500000000 0.500000000
QJ:/crc/: 0.029588238 0.970411762 0.000000000
QJ:/crc/cr: 0.001741416 0.000002777 0.998255807
QJ:/crc/rr: 0.000000000 0.000136636 0.999863364
QJ:/crrc/: 0.008725556 0.991274444 0.000000000
QJ:/crrc/cr: 0.000163510 0.000013908 0.999822583
QJ:/crrc/rr: 0.000000000 0.002370007 0.997629993
QJ:/rc/: 0.005969793 0.994030207 0.000000000
QJ:/rc/cr: 0.000002226 0.000002226 0.999995549
QJ:/rc/rr: 0.000000000 0.000555883 0.999444117
QJ:/rrc/: 0.000003319 0.999996681 0.000000000
QJ:/rrc/cr: 0.000001106 0.000001106 0.999997788
QJ:/rrc/rr: 0.000000000 0.500000000 0.500000000
QK:/cc/: 0.560884760 0.439115240 0.000000000
QK:/cc/cr: 0.758655170 0.241291184 0.000053646
QK:/cc/rr: 0.000000000 0.999981929 0.000018071
QK:/crc/: 0.011381091 0.988618909 0.000000000
QK:/crc/cr: 0.000002838 0.560254921 0.439742241
QK:/crc/rr: 0.000000000 0.000391535 0.999608465
QK:/crrc/: 0.966431830 0.033568170 0.000000000
QK:/crrc/cr: 0.000797961 0.597185016 0.402017023
QK:/crrc/rr: 0.000000000 0.000577743 0.999422257
QK:/rc/: 0.440150508 0.559849492 0.000000000
QK:/rc/cr: 0.006528948 0.531375689 0.462095363
QK:/rc/rr: 0.000000000 0.209917317 0.790082683
QK:/rrc/: 0.118343085 0.881656915 0.000000000
QK:/rrc/cr: 0.000001255 0.304041300 0.695957445
QK:/rrc/rr: 0.000000000 0.000621364 0.999378636
QQ:/cc/: 0.487393249 0.512606751 0.000000000
QQ:/cc/cr: 0.999973636 0.000013182 0.000013182
QQ:/cc/rr: 0.000000000 0.999979204 0.000020796
QQ:/crc/: 0.981358789 0.018641211 0.000000000
QQ:/crc/cr: 0.999710832 0.000144584 0.000144584
QQ:/crc/rr: 0.000000000 0.999995880 0.000004120
QQ:/crrc/: 0.144939956 0.855060044 0.000000000
QQ:/crrc/cr: 0.999967753 0.000016123 0.000016123
QQ:/crrc/rr: 0.000000000 0.999857323 0.000142677
QQ:/rc/: 0.492927104 0.507072896 0.000000000
QQ:/rc/cr: 0.999989073 0.000006564 0.000004363
QQ:/rc/rr: 0.000000000 0.999993268 0.000006732
QQ:/rrc/: 0.978496982 0.021503018 0.000000000
QQ:/rrc/cr: 0.999897114 0.000051443 0.000051443
QQ:/rrc/rr: 0.000000000 0.999998304 0.000001696
