J:/c: 0.294875756 0.705124244 0.000000000
J:/crr: 0.000000000 0.999983044 0.000016956
J:/r: 0.053122418 0.129415293 0.817462289
JJ:/cc/c: 0.999992909 0.000007091 0.000000000
JJ:/cc/crr: 0.000000000 0.999996455 0.000003545
JJ:/cc/r: 0.999982782 0.000012491 0.000004727
JJ:/crc/c: 0.999983044 0.000016956 0.000000000
JJ:/crc/crr: 0.000000000 0.999991522 0.000008478
JJ:/crc/r: 0.999977392 0.000011304 0.000011304
JJ:/crrc/c: 0.999991522 0.000008478 0.000000000
JJ:/crrc/crr: 0.000000000 0.999995761 0.000004239
JJ:/crrc/r: 0.999988696 0.000005652 0.000005652
JJ:/rc/c: 0.999974243 0.000025757 0.000000000
JJ:/rc/crr: 0.000000000 0.999987121 0.000012879
JJ:/rc/r: 0.999956417 0.000026411 0.000017171
JJ:/rrc/c: 0.999937252 0.000062748 0.000000000
JJ:/rrc/crr: 0.000000000 0.999968624 0.000031376
JJ:/rrc/r: 0.999751158 0.000207009 0.000041832
JK:/cc/c: 0.006161415 0.993838585 0.000000000
JK:/cc/crr: 0.000000000 0.000575432 0.999424568
JK:/cc/r: 0.000008481 0.000004727 0.999986792
JK:/crc/c: 0.526226181 0.473773819 0.000000000
JK:/crc/crr: 0.000000000 0.000016111 0.999983889
JK:/crc/r: 0.000011304 0.000011304 0.999977392
JK:/crrc/c: 0.452590641 0.547409359 0.000000000
JK:/crrc/crr: 0.000000000 0.000009366 0.999990634
JK:/crrc/r: 0.227996812 0.000005652 0.771997536
JK:/rc/c: 0.384476791 0.615523209 0.000000000
JK:/rc/crr: 0.000000000 0.000033496 0.999966504
JK:/rc/r: 0.354910652 0.000017171 0.645072177
JK:/rrc/c: 0.999652481 0.000347519 0.000000000
JK:/rrc/crr: 0.000000000 0.000031385 0.999968615
JK:/rrc/r: 0.310990606 0.000041832 0.688967562
JQ:/cc/c: 0.069870212 0.930129788 0.000000000
JQ:/cc/crr: 0.000000000 0.000050744 0.999949256
JQ:/cc/r: 0.033121658 0.000004727 0.966873615
JQ:/crc/c: 0.458847574 0.541152426 0.000000000
JQ:/crc/crr: 0.000000000 0.000018477 0.999981523
JQ:/crc/r: 0.045801221 0.000011304 0.954187475
JQ:/crrc/c: 0.036641040 0.963358960 0.000000000
JQ:/crrc/crr: 0.000000000 0.000115694 0.999884306
JQ:/crrc/r: 0.306309332 0.000005652 0.693685016
JQ:/rc/c: 0.992777355 0.007222645 0.000000000
JQ:/rc/crr: 0.000000000 0.000012972 0.999987028
JQ:/rc/r: 0.000025258 0.000017171 0.999957571
JQ:/rrc/c: 0.014785243 0.985214757 0.000000000
JQ:/rrc/crr: 0.000000000 0.002121986 0.997878014
JQ:/rrc/r: 0.451391501 0.000041832 0.548566667
K:/c: 0.999969272 0.000030728 0.000000000
K:/crr: 0.000000000 0.999995000 0.000005000
K:/r: 0.572270457 0.427722877 0.000006667
KJ:/cc/c: 0.465105042 0.534894958 0.000000000
KJ:/cc/crr: 0.000000000 0.825072680 0.174927320
KJ:/cc/r: 0.532629578 0.219184822 0.248185599
KJ:/crc/c: 0.147348602 0.852651398 0.000000000
KJ:/crc/crr: 0.000000000 0.999983033 0.000016967
KJ:/crc/r: 0.000121350 0.748039407 0.251839243
KJ:/crrc/c: 0.351430276 0.648569724 0.000000000
KJ:/crrc/crr: 0.000000000 0.999996443 0.000003557
KJ:/crrc/r: 0.027670417 0.808677918 0.163651665
KJ:/rc/c: 0.401653397 0.598346603 0.000000000
KJ:/rc/crr: 0.000000000 0.896673907 0.103326093
KJ:/rc/r: 0.055474004 0.737037737 0.207488259
KJ:/rrc/c: 0.199128663 0.800871337 0.000000000
KJ:/rrc/crr: 0.000000000 0.996544266 0.003455734
KJ:/rrc/r: 0.039342149 0.891978874 0.068678977
KK:/cc/c: 0.837280843 0.162719157 0.000000000
KK:/cc/crr: 0.000000000 0.902828807 0.097171193
KK:/cc/r: 0.608884254 0.282636308 0.108479438
KK:/crc/c: 0.999995000 0.000005000 0.000000000
KK:/crc/crr: 0.000000000 0.999997500 0.000002500
KK:/crc/r: 0.995617021 0.004379646 0.000003333
KK:/crrc/c: 0.999997500 0.000002500 0.000000000
KK:/crrc/crr: 0.000000000 0.999998750 0.000001250
KK:/crrc/r: 0.999985753 0.000012580 0.000001667
KK:/rc/c: 0.999992207 0.000007793 0.000000000
KK:/rc/crr: 0.000000000 0.999996103 0.000003897
KK:/rc/r: 0.999978759 0.000016045 0.000005195
KK:/rrc/c: 0.999994175 0.000005825 0.000000000
KK:/rrc/crr: 0.000000000 0.999997088 0.000002912
KK:/rrc/r: 0.999975683 0.000020434 0.000003883
KQ:/cc/c: 0.837280843 0.162719157 0.000000000
KQ:/cc/crr: 0.000000000 0.902828807 0.097171193
KQ:/cc/r: 0.529025034 0.300259209 0.170715757
KQ:/crc/c: 0.254775586 0.745224414 0.000000000
KQ:/crc/crr: 0.000000000 0.000584801 0.999415199
KQ:/crc/r: 0.000060158 0.438647050 0.561292791
KQ:/crrc/c: 0.626379849 0.373620151 0.000000000
KQ:/crrc/crr: 0.000000000 0.428323317 0.571676683
KQ:/crrc/r: 0.000632618 0.673380037 0.325987345
KQ:/rc/c: 0.000202021 0.999797979 0.000000000
KQ:/rc/crr: 0.000000000 0.340067973 0.659932027
KQ:/rc/r: 0.000025712 0.305242973 0.694731315
KQ:/rrc/c: 0.526085061 0.473914939 0.000000000
KQ:/rrc/crr: 0.000000000 0.497045545 0.502954455
KQ:/rrc/r: 0.069478571 0.565894004 0.364627425
Q:/c: 0.845637940 0.154362060 0.000000000
Q:/crr: 0.000000000 0.999994087 0.000005913
Q:/r: 0.359822855 0.640015774 0.000161371
QJ:/cc/c: 0.000382373 0.999617627 0.000000000
QJ:/cc/crr: 0.000000000 0.042355708 0.957644292
QJ:/cc/r: 0.000037713 0.000021594 0.999940693
QJ:/crc/c: 0.415041908 0.584958092 0.000000000
QJ:/crc/crr: 0.000000000 0.007525388 0.992474612
QJ:/crc/r: 0.000161962 0.000003942 0.999834096
QJ:/crrc/c: 0.000002956 0.999997044 0.000000000
QJ:/crrc/crr: 0.000000000 0.500000000 0.500000000
QJ:/crrc/r: 0.026925806 0.000001971 0.973072224
QJ:/rc/c: 0.000146291 0.999853709 0.000000000
QJ:/rc/crr: 0.000000000 0.017800805 0.982199195
QJ:/rc/r: 0.009091366 0.000003472 0.990905162
QJ:/rrc/c: 0.000253009 0.999746991 0.000000000
QJ:/rrc/crr: 0.000000000 0.018307315 0.981692685
QJ:/rrc/r: 0.000076862 0.000006176 0.999916963
QK:/cc/c: 0.018304137 0.981695863 0.000000000
QK:/cc/crr: 0.000000000 0.999115190 0.000884810
QK:/cc/r: 0.000113379 0.725191146 0.274695475
QK:/crc/c: 0.373165563 0.626834437 0.000000000
QK:/crc/crr: 0.000000000 0.008101164 0.991898836
QK:/crc/r: 0.000288385 0.547213047 0.452498568
QK:/crrc/c: 0.056905385 0.943094615 0.000000000
QK:/crrc/crr: 0.000000000 0.007379314 0.992620686
QK:/crrc/r: 0.000041057 0.274784528 0.725174415
QK:/rc/c: 0.376418650 0.623581350 0.000000000
QK:/rc/crr: 0.000000000 0.004227197 0.995772803
QK:/rc/r: 0.000008826 0.313236670 0.686754504
QK:/rrc/c: 0.427220302 0.572779698 0.000000000
QK:/rrc/crr: 0.000000000 0.072629282 0.927370718
QK:/rrc/r: 0.000086377 0.511594714 0.488318909
QQ:/cc/c: 0.999967609 0.000032391 0.000000000
QQ:/cc/crr: 0.000000000 0.999983804 0.000016196
QQ:/cc/r: 0.999918986 0.000059420 0.000021594
QQ:/crc/c: 0.999994087 0.000005913 0.000000000
QQ:/crc/crr: 0.000000000 0.999997044 0.000002956
QQ:/crc/r: 0.823962281 0.176033778 0.000003942
QQ:/crrc/c: 0.999997044 0.000002956 0.000000000
QQ:/crrc/crr: 0.000000000 0.999998522 0.000001478
QQ:/crrc/r: 0.999996058 0.000001971 0.000001971
QQ:/rc/c: 0.999994792 0.000005208 0.000000000
QQ:/rc/crr: 0.000000000 0.999997396 0.000002604
QQ:/rc/r: 0.999978915 0.000017613 0.000003472
QQ:/rrc/c: 0.999990736 0.000009264 0.000000000
QQ:/rrc/crr: 0.000000000 0.999995368 0.000004632
QQ:/rrc/r: 0.999959071 0.000034753 0.000006176
