J:/c: 0.287356746 0.712643254 0.000000000
J:/crr: 0.000000000 0.999982600 0.000017400
J:/r: 0.055869408 0.126654937 0.817475656
JJ:/cc/c: 0.999992984 0.000007016 0.000000000
JJ:/cc/crr: 0.000000000 0.999996492 0.000003508
JJ:/cc/r: 0.999982793 0.000012529 0.000004677
JJ:/crc/c: 0.999982600 0.000017400 0.000000000
JJ:/crc/crr: 0.000000000 0.999991300 0.000008700
JJ:/crc/r: 0.999976800 0.000011600 0.000011600
JJ:/crrc/c: 0.999991300 0.000008700 0.000000000
JJ:/crrc/crr: 0.000000000 0.999995650 0.000004350
JJ:/crrc/r: 0.999988400 0.000005800 0.000005800
JJ:/rc/c: 0.999973682 0.000026318 0.000000000
JJ:/rc/crr: 0.000000000 0.999986841 0.000013159
JJ:/rc/r: 0.999962220 0.000020234 0.000017545
JJ:/rrc/c: 0.999940337 0.000059663 0.000000000
JJ:/rrc/crr: 0.000000000 0.999970167 0.000029833
JJ:/rrc/r: 0.999738023 0.000222202 0.000039775
JK:/cc/c: 0.002252566 0.997747434 0.000000000
JK:/cc/crr: 0.000000000 0.001557365 0.998442635
JK:/cc/r: 0.000010632 0.000004677 0.999984690
JK:/crc/c: 0.535170534 0.464829466 0.000000000
JK:/crc/crr: 0.000000000 0.000016256 0.999983744
JK:/crc/r: 0.083058014 0.000011600 0.916930386
JK:/crrc/c: 0.631079928 0.368920072 0.000000000
JK:/crrc/crr: 0.000000000 0.000006893 0.999993107
JK:/crrc/r: 0.192856654 0.000005800 0.807137546
JK:/rc/c: 0.384031706 0.615968294 0.000000000
JK:/rc/crr: 0.000000000 0.000034266 0.999965734
JK:/rc/r: 0.362997540 0.000017545 0.636984914
JK:/rrc/c: 0.999773258 0.000226742 0.000000000
JK:/rrc/crr: 0.000000000 0.000029838 0.999970162
JK:/rrc/r: 0.324480541 0.000040627 0.675478832
JQ:/cc/c: 0.071361712 0.928638288 0.000000000
JQ:/cc/crr: 0.000000000 0.000049159 0.999950841
JQ:/cc/r: 0.033870729 0.000004677 0.966124593
JQ:/crc/c: 0.458536706 0.541463294 0.000000000
JQ:/crc/crr: 0.000000000 0.000018973 0.999981027
JQ:/crc/r: 0.106732759 0.000011600 0.893255641
JQ:/crrc/c: 0.054462827 0.945537173 0.000000000
JQ:/crrc/crr: 0.000000000 0.000079872 0.999920128
JQ:/crrc/r: 0.180094732 0.000005800 0.819899468
JQ:/rc/c: 0.992888866 0.007111134 0.000000000
JQ:/rc/crr: 0.000000000 0.000013253 0.999986747
JQ:/rc/r: 0.000017545 0.000017545 0.999964909
JQ:/rrc/c: 0.007630466 0.992369534 0.000000000
JQ:/rrc/crr: 0.000000000 0.003909522 0.996090478
JQ:/rrc/r: 0.448365283 0.000039775 0.551594942
K:/c: 0.999941950 0.000058050 0.000000000
K:/crr: 0.000000000 0.999995000 0.000005000
K:/r: 0.585354841 0.414638493 0.000006667
KJ:/cc/c: 0.263328542 0.736671458 0.000000000
KJ:/cc/crr: 0.000000000 0.836454622 0.163545378
KJ:/cc/r: 0.290958296 0.116887200 0.592154504
KJ:/crc/c: 0.141128063 0.858871937 0.000000000
KJ:/crc/crr: 0.000000000 0.999982285 0.000017715
KJ:/crc/r: 0.000111152 0.726934559 0.272954289
KJ:/crrc/c: 0.308281165 0.691718835 0.000000000
KJ:/crrc/crr: 0.000000000 0.906930190 0.093069810
KJ:/crrc/r: 0.036299753 0.857242237 0.106458009
KJ:/rc/c: 0.441371482 0.558628518 0.000000000
KJ:/rc/crr: 0.000000000 0.773676897 0.226323103
KJ:/rc/r: 0.014139612 0.756529437 0.229330951
KJ:/rrc/c: 0.438700199 0.561299801 0.000000000
KJ:/rrc/crr: 0.000000000 0.998223810 0.001776190
KJ:/rrc/r: 0.047956825 0.875567159 0.076476016
KK:/cc/c: 0.913867668 0.086132332 0.000000000
KK:/cc/crr: 0.000000000 0.952874833 0.047125167
KK:/cc/r: 0.786372272 0.156206173 0.057421555
KK:/crc/c: 0.999995000 0.000005000 0.000000000
KK:/crc/crr: 0.000000000 0.999997500 0.000002500
KK:/crc/r: 0.689989060 0.310007607 0.000003334
KK:/crrc/c: 0.999997500 0.000002500 0.000000000
KK:/crrc/crr: 0.000000000 0.999998750 0.000001250
KK:/crrc/r: 0.999996666 0.000001667 0.000001667
KK:/rc/c: 0.999991961 0.000008039 0.000000000
KK:/rc/crr: 0.000000000 0.999995980 0.000004020
KK:/rc/r: 0.999979984 0.000014657 0.000005359
KK:/rrc/c: 0.999994305 0.000005695 0.000000000
KK:/rrc/crr: 0.000000000 0.999997153 0.000002847
KK:/rrc/r: 0.999977674 0.000018530 0.000003796
KQ:/cc/c: 0.442555007 0.557444993 0.000000000
KQ:/cc/crr: 0.000000000 0.902687428 0.097312572
KQ:/cc/r: 0.290435469 0.604866516 0.104698015
KQ:/crc/c: 0.283751035 0.716248965 0.000000000
KQ:/crc/crr: 0.000000000 0.005812335 0.994187665
KQ:/crc/r: 0.000083779 0.429847008 0.570069213
KQ:/crrc/c: 0.605373672 0.394626328 0.000000000
KQ:/crrc/crr: 0.000000000 0.404892263 0.595107737
KQ:/crrc/r: 0.009929504 0.677383284 0.312687212
KQ:/rc/c: 0.000258361 0.999741639 0.000000000
KQ:/rc/crr: 0.000000000 0.166185201 0.833814799
KQ:/rc/r: 0.000024882 0.305749233 0.694225885
KQ:/rrc/c: 0.511248482 0.488751518 0.000000000
KQ:/rrc/crr: 0.000000000 0.451165795 0.548834205
KQ:/rrc/r: 0.070856352 0.558361856 0.370781793
Q:/c: 0.844482272 0.155517728 0.000000000
Q:/crr: 0.000000000 0.999994079 0.000005921
Q:/r: 0.369754201 0.629771103 0.000474696
QJ:/cc/c: 0.000565335 0.999434665 0.000000000
QJ:/cc/crr: 0.000000000 0.028435054 0.971564946
QJ:/cc/r: 0.000047808 0.000021434 0.999930759
QJ:/crc/c: 0.466086910 0.533913090 0.000000000
QJ:/crc/crr: 0.000000000 0.140835040 0.859164960
QJ:/crc/r: 0.001514287 0.000003947 0.998481766
QJ:/crrc/c: 0.000102207 0.999897793 0.000000000
QJ:/crrc/crr: 0.000000000 0.014482414 0.985517586
QJ:/crrc/r: 0.013290864 0.000001974 0.986707163
QJ:/rc/c: 0.000054179 0.999945821 0.000000000
QJ:/rc/crr: 0.000000000 0.048846319 0.951153681
QJ:/rc/r: 0.021568300 0.000003529 0.978428171
QJ:/rrc/c: 0.000284709 0.999715291 0.000000000
QJ:/rrc/crr: 0.000000000 0.015831977 0.984168023
QJ:/rrc/r: 0.000088600 0.000009293 0.999902107
QK:/cc/c: 0.009474164 0.990525836 0.000000000
QK:/cc/crr: 0.000000000 0.998303245 0.001696755
QK:/cc/r: 0.000148698 0.712821608 0.287029695
QK:/crc/c: 0.358909203 0.641090797 0.000000000
QK:/crc/crr: 0.000000000 0.006792700 0.993207300
QK:/crc/r: 0.002919101 0.487896529 0.509184370
QK:/crrc/c: 0.139785465 0.860214535 0.000000000
QK:/crrc/crr: 0.000000000 0.001750117 0.998249883
QK:/crrc/r: 0.000083848 0.306416197 0.693499955
QK:/rc/c: 0.366173015 0.633826985 0.000000000
QK:/rc/crr: 0.000000000 0.021907473 0.978092527
QK:/rc/r: 0.000009454 0.307333397 0.692657150
QK:/rrc/c: 0.416776646 0.583223354 0.000000000
QK:/rrc/crr: 0.000000000 0.041032385 0.958967615
QK:/rrc/r: 0.000355792 0.498455594 0.501188613
QQ:/cc/c: 0.999967849 0.000032151 0.000000000
QQ:/cc/crr: 0.000000000 0.999983924 0.000016076
QQ:/cc/r: 0.999920153 0.000058413 0.000021434
QQ:/crc/c: 0.999994079 0.000005921 0.000000000
QQ:/crc/crr: 0.000000000 0.999997040 0.000002960
QQ:/crc/r: 0.780187048 0.219809005 0.000003947
QQ:/crrc/c: 0.999997040 0.000002960 0.000000000
QQ:/crrc/crr: 0.000000000 0.999998520 0.000001480
QQ:/crrc/r: 0.999996053 0.000001974 0.000001974
QQ:/rc/c: 0.999994707 0.000005293 0.000000000
QQ:/rc/crr: 0.000000000 0.999997354 0.000002646
QQ:/rc/r: 0.999992696 0.000003775 0.000003529
QQ:/rrc/c: 0.999990985 0.000009015 0.000000000
QQ:/rrc/crr: 0.000000000 0.999995492 0.000004508
QQ:/rrc/r: 0.999957783 0.000036207 0.000006010
