J:/c: 0.301107187 0.698892813 0.000000000
J:/crr: 0.000000000 0.999983395 0.000016605
J:/r: 0.053685467 0.128800025 0.817514508
JJ:/cc/c: 0.999992846 0.000007154 0.000000000
JJ:/cc/crr: 0.000000000 0.999996423 0.000003577
JJ:/cc/r: 0.999990461 0.000004769 0.000004769
JJ:/crc/c: 0.999983395 0.000016605 0.000000000
JJ:/crc/crr: 0.000000000 0.999991697 0.000008303
JJ:/crc/r: 0.999928276 0.000060654 0.000011070
JJ:/crrc/c: 0.999991697 0.000008303 0.000000000
JJ:/crrc/crr: 0.000000000 0.999995849 0.000004151
JJ:/crrc/r: 0.999970173 0.000024291 0.000005535
JJ:/rc/c: 0.999974120 0.000025880 0.000000000
JJ:/rc/crr: 0.000000000 0.999987060 0.000012940
JJ:/rc/r: 0.999965493 0.000017253 0.000017253
JJ:/rrc/c: 0.999937910 0.000062090 0.000000000
JJ:/rrc/crr: 0.000000000 0.999968953 0.000031047
JJ:/rrc/r: 0.999889788 0.000068819 0.000041393
JK:/cc/c: 0.006803712 0.993196288 0.000000000
JK:/cc/crr: 0.000000000 0.000525755 0.999474245
JK:/cc/r: 0.000004769 0.000004769 0.999990461
JK:/crc/c: 0.533654919 0.466345081 0.000000000
JK:/crc/crr: 0.000000000 0.000015558 0.999984442
JK:/crc/r: 0.026572994 0.000011070 0.973415935
JK:/crrc/c: 0.338221795 0.661778205 0.000000000
JK:/crrc/crr: 0.000000000 0.000012274 0.999987726
JK:/crrc/r: 0.191824925 0.000005535 0.808169540
JK:/rc/c: 0.387222806 0.612777194 0.000000000
JK:/rc/crr: 0.000000000 0.000033417 0.999966583
JK:/rc/r: 0.364044951 0.000017253 0.635937796
JK:/rrc/c: 0.999937910 0.000062090 0.000000000
JK:/rrc/crr: 0.000000000 0.000031047 0.999968953
JK:/rrc/r: 0.315027056 0.000041393 0.684931550
JQ:/cc/c: 0.066359700 0.933640300 0.000000000
JQ:/cc/crr: 0.000000000 0.000053904 0.999946096
JQ:/cc/r: 0.034014780 0.000004769 0.965980451
JQ:/crc/c: 0.545815299 0.454184701 0.000000000
JQ:/crc/crr: 0.000000000 0.000015212 0.999984788
JQ:/crc/r: 0.075263345 0.000011070 0.924725585
JQ:/crrc/c: 0.057658156 0.942341844 0.000000000
JQ:/crrc/crr: 0.000000000 0.000072000 0.999928000
JQ:/crrc/r: 0.189333388 0.000005535 0.810661077
JQ:/rc/c: 0.998130513 0.001869487 0.000000000
JQ:/rc/crr: 0.000000000 0.000012964 0.999987036
JQ:/rc/r: 0.000017253 0.000017253 0.999965493
JQ:/rrc/c: 0.018812921 0.981187079 0.000000000
JQ:/rrc/crr: 0.000000000 0.001650197 0.998349803
JQ:/rrc/r: 0.464805240 0.000041393 0.535153367
K:/c: 0.999990000 0.000010000 0.000000000
K:/crr: 0.000000000 0.999995000 0.000005000
K:/r: 0.568599174 0.431394160 0.000006667
KJ:/cc/c: 0.500000000 0.500000000 0.000000000
KJ:/cc/crr: 0.000000000 0.500000000 0.500000000
KJ:/cc/r: 0.333333333 0.333333333 0.333333333
KJ:/crc/c: 0.156455256 0.843544744 0.000000000
KJ:/crc/crr: 0.000000000 0.999984021 0.000015979
KJ:/crc/r: 0.000033909 0.757121156 0.242844936
KJ:/crrc/c: 0.404931194 0.595068806 0.000000000
KJ:/crrc/crr: 0.000000000 0.999996913 0.000003087
KJ:/crrc/r: 0.000019827 0.891654970 0.108325204
KJ:/rc/c: 0.471938468 0.528061532 0.000000000
KJ:/rc/crr: 0.000000000 0.840784936 0.159215064
KJ:/rc/r: 0.023205647 0.749025457 0.227768896
KJ:/rrc/c: 0.114737987 0.885262013 0.000000000
KJ:/rrc/crr: 0.000000000 0.999974453 0.000025547
KJ:/rrc/r: 0.000317570 0.976878807 0.022803622
KK:/cc/c: 0.500000000 0.500000000 0.000000000
KK:/cc/crr: 0.000000000 0.500000000 0.500000000
KK:/cc/r: 0.333333333 0.333333333 0.333333333
KK:/crc/c: 0.999995000 0.000005000 0.000000000
KK:/crc/crr: 0.000000000 0.999997500 0.000002500
KK:/crc/r: 0.978213830 0.021782836 0.000003333
KK:/crrc/c: 0.999997500 0.000002500 0.000000000
KK:/crrc/crr: 0.000000000 0.999998750 0.000001250
KK:/crrc/r: 0.999965793 0.000032540 0.000001667
KK:/rc/c: 0.999992273 0.000007727 0.000000000
KK:/rc/crr: 0.000000000 0.999996137 0.000003863
KK:/rc/r: 0.999978401 0.000016448 0.000005151
KK:/rrc/c: 0.999994138 0.000005862 0.000000000
KK:/rrc/crr: 0.000000000 0.999997069 0.000002931
KK:/rrc/r: 0.998555625 0.001440467 0.000003908
KQ:/cc/c: 0.500000000 0.500000000 0.000000000
KQ:/cc/crr: 0.000000000 0.500000000 0.500000000
KQ:/cc/r: 0.333333333 0.333333333 0.333333333
KQ:/crc/c: 0.100043526 0.899956474 0.000000000
KQ:/crc/crr: 0.000000000 0.001460583 0.998539417
KQ:/crc/r: 0.000019282 0.431492278 0.568488441
KQ:/crrc/c: 0.592923993 0.407076007 0.000000000
KQ:/crrc/crr: 0.000000000 0.399236701 0.600763299
KQ:/crrc/r: 0.000088267 0.728032389 0.271879344
KQ:/rc/c: 0.000007727 0.999992273 0.000000000
KQ:/rc/crr: 0.000000000 0.500000000 0.500000000
KQ:/rc/r: 0.000016466 0.304498416 0.695485118
KQ:/rrc/c: 0.515189687 0.484810313 0.000000000
KQ:/rrc/crr: 0.000000000 0.469795690 0.530204310
KQ:/rrc/r: 0.064544958 0.570482442 0.364972600
Q:/c: 0.849923882 0.150076118 0.000000000
Q:/crr: 0.000000000 0.999994117 0.000005883
Q:/r: 0.358921367 0.641029494 0.000049139
QJ:/cc/c: 0.000033316 0.999966684 0.000000000
QJ:/cc/crr: 0.000000000 0.500000000 0.500000000
QJ:/cc/r: 0.000022211 0.000022211 0.999955578
QJ:/crc/c: 0.456586225 0.543413775 0.000000000
QJ:/crc/crr: 0.000000000 0.005150121 0.994849879
QJ:/crc/r: 0.000003922 0.000003922 0.999992156
QJ:/crrc/c: 0.000002941 0.999997059 0.000000000
QJ:/crrc/crr: 0.000000000 0.500000000 0.500000000
QJ:/crrc/r: 0.015751525 0.000001961 0.984246514
QJ:/rc/c: 0.000005200 0.999994800 0.000000000
QJ:/rc/crr: 0.000000000 0.500000000 0.500000000
QJ:/rc/r: 0.017138220 0.000003467 0.982858313
QJ:/rrc/c: 0.000089642 0.999910358 0.000000000
QJ:/rrc/crr: 0.000000000 0.051800727 0.948199273
QJ:/rrc/r: 0.000014606 0.000006191 0.999979202
QK:/cc/c: 0.022135395 0.977864605 0.000000000
QK:/cc/crr: 0.000000000 0.999247440 0.000752560
QK:/cc/r: 0.000064204 0.729433605 0.270502191
QK:/crc/c: 0.300486043 0.699513957 0.000000000
QK:/crc/crr: 0.000000000 0.001465117 0.998534883
QK:/crc/r: 0.000044619 0.472497785 0.527457596
QK:/crrc/c: 0.232058481 0.767941519 0.000000000
QK:/crrc/crr: 0.000000000 0.000402339 0.999597661
QK:/crrc/r: 0.000007306 0.282660534 0.717332160
QK:/rc/c: 0.379864667 0.620135333 0.000000000
QK:/rc/crr: 0.000000000 0.000133028 0.999866972
QK:/rc/r: 0.000008955 0.311307806 0.688683239
QK:/rrc/c: 0.429836809 0.570163191 0.000000000
QK:/rrc/crr: 0.000000000 0.068702336 0.931297664
QK:/rrc/r: 0.000080451 0.509971311 0.489948238
QQ:/cc/c: 0.999966684 0.000033316 0.000000000
QQ:/cc/crr: 0.000000000 0.999983341 0.000016659
QQ:/cc/r: 0.999920801 0.000056988 0.000022211
QQ:/crc/c: 0.999994117 0.000005883 0.000000000
QQ:/crc/crr: 0.000000000 0.999997059 0.000002941
QQ:/crc/r: 0.999947932 0.000048147 0.000003922
QQ:/crrc/c: 0.999997059 0.000002941 0.000000000
QQ:/crrc/crr: 0.000000000 0.999998529 0.000001471
QQ:/crrc/r: 0.999996078 0.000001961 0.000001961
QQ:/rc/c: 0.999994800 0.000005200 0.000000000
QQ:/rc/crr: 0.000000000 0.999997400 0.000002600
QQ:/rc/r: 0.965593633 0.034402900 0.000003467
QQ:/rrc/c: 0.999990713 0.000009287 0.000000000
QQ:/rrc/crr: 0.000000000 0.999995356 0.000004644
QQ:/rrc/r: 0.999949266 0.000044543 0.000006191
