J:/c: 0.307076105 0.692923895 0.000000000
J:/crr: 0.000000000 0.999983717 0.000016283
J:/r: 0.054343941 0.127013210 0.818642849
JJ:/cc/c: 0.999992784 0.000007216 0.000000000
JJ:/cc/crr: 0.000000000 0.999996392 0.000003608
JJ:/cc/r: 0.999990379 0.000004811 0.000004811
JJ:/crc/c: 0.999983717 0.000016283 0.000000000
JJ:/crc/crr: 0.000000000 0.999991859 0.000008141
JJ:/crc/r: 0.999957501 0.000031644 0.000010855
JJ:/crrc/c: 0.999991859 0.000008141 0.000000000
JJ:/crrc/crr: 0.000000000 0.999995929 0.000004071
JJ:/crrc/r: 0.999975854 0.000018719 0.000005428
JJ:/rc/c: 0.999973756 0.000026244 0.000000000
JJ:/rc/crr: 0.000000000 0.999986878 0.000013122
JJ:/rc/r: 0.999956959 0.000025545 0.000017496
JJ:/rrc/c: 0.999938662 0.000061338 0.000000000
JJ:/rrc/crr: 0.000000000 0.999969329 0.000030671
JJ:/rrc/r: 0.999759588 0.000199520 0.000040892
JK:/cc/c: 0.003853934 0.996146066 0.000000000
JK:/cc/crr: 0.000000000 0.000936160 0.999063840
JK:/cc/r: 0.000004811 0.000004811 0.999990379
JK:/crc/c: 0.522208642 0.477791358 0.000000000
JK:/crc/crr: 0.000000000 0.000015590 0.999984410
JK:/crc/r: 0.056681916 0.000010855 0.943307229
JK:/crrc/c: 0.433170004 0.566829996 0.000000000
JK:/crrc/crr: 0.000000000 0.000009398 0.999990602
JK:/crrc/r: 0.210585641 0.000005428 0.789408931
JK:/rc/c: 0.395269286 0.604730714 0.000000000
JK:/rc/crr: 0.000000000 0.000033198 0.999966802
JK:/rc/r: 0.365279387 0.000017496 0.634703117
JK:/rrc/c: 0.999826818 0.000173182 0.000000000
JK:/rrc/crr: 0.000000000 0.000030674 0.999969326
JK:/rrc/r: 0.320472169 0.000040892 0.679486939
JQ:/cc/c: 0.073506187 0.926493813 0.000000000
JQ:/cc/crr: 0.000000000 0.000049083 0.999950917
JQ:/cc/r: 0.036086911 0.000004811 0.963908278
JQ:/crc/c: 0.475936324 0.524063676 0.000000000
JQ:/crc/crr: 0.000000000 0.000017106 0.999982894
JQ:/crc/r: 0.000065127 0.000010855 0.999924018
JQ:/crrc/c: 0.032270822 0.967729178 0.000000000
JQ:/crrc/crr: 0.000000000 0.000126142 0.999873858
JQ:/crrc/r: 0.219496937 0.000005428 0.780497635
JQ:/rc/c: 0.995509989 0.004490011 0.000000000
JQ:/rc/crr: 0.000000000 0.000013181 0.999986819
JQ:/rc/r: 0.000048817 0.000017496 0.999933687
JQ:/rrc/c: 0.013115274 0.986884726 0.000000000
JQ:/rrc/crr: 0.000000000 0.002338408 0.997661592
JQ:/rrc/r: 0.461052126 0.000040892 0.538906983
K:/c: 0.999969440 0.000030560 0.000000000
K:/crr: 0.000000000 0.999995000 0.000005000
K:/r: 0.581813430 0.418179903 0.000006667
KJ:/cc/c: 0.446041787 0.553958213 0.000000000
KJ:/cc/crr: 0.000000000 0.816592920 0.183407080
KJ:/cc/r: 0.520222787 0.219630694 0.260146518
KJ:/crc/c: 0.095778076 0.904221924 0.000000000
KJ:/crc/crr: 0.000000000 0.999973897 0.000026103
KJ:/crc/r: 0.000085107 0.723055698 0.276859196
KJ:/crrc/c: 0.258531453 0.741468547 0.000000000
KJ:/crrc/crr: 0.000000000 0.826028017 0.173971983
KJ:/crrc/r: 0.004633947 0.883359751 0.112006302
KJ:/rc/c: 0.438024345 0.561975655 0.000000000
KJ:/rc/crr: 0.000000000 0.902355340 0.097644660
KJ:/rc/r: 0.041493568 0.750998810 0.207507622
KJ:/rrc/c: 0.220003540 0.779996460 0.000000000
KJ:/rrc/crr: 0.000000000 0.995746485 0.004253515
KJ:/rrc/r: 0.038098642 0.897168893 0.064732465
KK:/cc/c: 0.836385557 0.163614443 0.000000000
KK:/cc/crr: 0.000000000 0.902189581 0.097810419
KK:/cc/r: 0.580851421 0.310072283 0.109076296
KK:/crc/c: 0.999995000 0.000005000 0.000000000
KK:/crc/crr: 0.000000000 0.999997500 0.000002500
KK:/crc/r: 0.999987039 0.000009627 0.000003333
KK:/crrc/c: 0.999997500 0.000002500 0.000000000
KK:/crrc/crr: 0.000000000 0.999998750 0.000001250
KK:/crrc/r: 0.999996667 0.000001667 0.000001667
KK:/rc/c: 0.999992029 0.000007971 0.000000000
KK:/rc/crr: 0.000000000 0.999996014 0.000003986
KK:/rc/r: 0.999977518 0.000017168 0.000005314
KK:/rrc/c: 0.999994271 0.000005729 0.000000000
KK:/rrc/crr: 0.000000000 0.999997135 0.000002865
KK:/rrc/r: 0.999882358 0.000113823 0.000003819
KQ:/cc/c: 0.501113445 0.498886555 0.000000000
KQ:/cc/crr: 0.000000000 0.836749098 0.163250902
KQ:/cc/r: 0.531493401 0.351068239 0.117438360
KQ:/crc/c: 0.172433212 0.827566788 0.000000000
KQ:/crc/crr: 0.000000000 0.000744764 0.999255236
KQ:/crc/r: 0.000028023 0.443249640 0.556722337
KQ:/crrc/c: 0.612470062 0.387529938 0.000000000
KQ:/crrc/crr: 0.000000000 0.428128045 0.571871955
KQ:/crrc/r: 0.013761385 0.707297689 0.278940926
KQ:/rc/c: 0.000233912 0.999766088 0.000000000
KQ:/rc/crr: 0.000000000 0.238011195 0.761988805
KQ:/rc/r: 0.000027985 0.302251075 0.697720940
KQ:/rrc/c: 0.506187644 0.493812356 0.000000000
KQ:/rrc/crr: 0.000000000 0.523138325 0.476861675
KQ:/rrc/r: 0.072066447 0.554994201 0.372939352
Q:/c: 0.845543126 0.154456874 0.000000000
Q:/crr: 0.000000000 0.999994087 0.000005913
Q:/r: 0.369709321 0.630262639 0.000028040
QJ:/cc/c: 0.000438076 0.999561924 0.000000000
QJ:/cc/crr: 0.000000000 0.036947357 0.963052643
QJ:/cc/r: 0.000023345 0.000021581 0.999955074
QJ:/crc/c: 0.421351416 0.578648584 0.000000000
QJ:/crc/crr: 0.000000000 0.055080448 0.944919552
QJ:/crc/r: 0.000223067 0.000003942 0.999772991
QJ:/crrc/c: 0.000064269 0.999935731 0.000000000
QJ:/crrc/crr: 0.000000000 0.023002580 0.976997420
QJ:/crrc/r: 0.026795765 0.000001971 0.973202264
QJ:/rc/c: 0.000028834 0.999971166 0.000000000
QJ:/rc/crr: 0.000000000 0.091711417 0.908288583
QJ:/rc/r: 0.010409572 0.000003526 0.989586902
QJ:/rrc/c: 0.000251818 0.999748182 0.000000000
QJ:/rrc/crr: 0.000000000 0.018537511 0.981462489
QJ:/rrc/r: 0.000074911 0.000006011 0.999919078
QK:/cc/c: 0.010045592 0.989954408 0.000000000
QK:/cc/crr: 0.000000000 0.998388771 0.001611229
QK:/cc/r: 0.000097602 0.709488887 0.290413511
QK:/crc/c: 0.311305807 0.688694193 0.000000000
QK:/crc/crr: 0.000000000 0.006425525 0.993574475
QK:/crc/r: 0.000285774 0.464825306 0.534888920
QK:/crrc/c: 0.041916182 0.958083818 0.000000000
QK:/crrc/crr: 0.000000000 0.008162802 0.991837198
QK:/crrc/r: 0.000079191 0.282936221 0.716984588
QK:/rc/c: 0.369866512 0.630133488 0.000000000
QK:/rc/crr: 0.000000000 0.004839126 0.995160874
QK:/rc/r: 0.000009386 0.301528857 0.698461757
QK:/rrc/c: 0.434832072 0.565167928 0.000000000
QK:/rrc/crr: 0.000000000 0.098152348 0.901847652
QK:/rrc/r: 0.000883453 0.519369128 0.479747418
QQ:/cc/c: 0.999967629 0.000032371 0.000000000
QQ:/cc/crr: 0.000000000 0.999983814 0.000016186
QQ:/cc/r: 0.999937238 0.000041181 0.000021581
QQ:/crc/c: 0.999994087 0.000005913 0.000000000
QQ:/crc/crr: 0.000000000 0.999997043 0.000002957
QQ:/crc/r: 0.999021254 0.000974804 0.000003942
QQ:/crrc/c: 0.999997043 0.000002957 0.000000000
QQ:/crrc/crr: 0.000000000 0.999998522 0.000001478
QQ:/crrc/r: 0.999996058 0.000001971 0.000001971
QQ:/rc/c: 0.999994711 0.000005289 0.000000000
QQ:/rc/crr: 0.000000000 0.999997356 0.000002644
QQ:/rc/r: 0.999973039 0.000023435 0.000003526
QQ:/rrc/c: 0.999990984 0.000009016 0.000000000
QQ:/rrc/crr: 0.000000000 0.999995492 0.000004508
QQ:/rrc/r: 0.999960810 0.000033179 0.000006011
