J:/c: 0.287951563 0.712048437 0.000000000
J:/crr: 0.000000000 0.999982636 0.000017364
J:/r: 0.055028647 0.129663975 0.815307377
JJ:/cc/c: 0.999992978 0.000007022 0.000000000
JJ:/cc/crr: 0.000000000 0.999996489 0.000003511
JJ:/cc/r: 0.999982779 0.000012539 0.000004681
JJ:/crc/c: 0.999982636 0.000017364 0.000000000
JJ:/crc/crr: 0.000000000 0.999991318 0.000008682
JJ:/crc/r: 0.999976848 0.000011576 0.000011576
JJ:/crrc/c: 0.999991318 0.000008682 0.000000000
JJ:/crrc/crr: 0.000000000 0.999995659 0.000004341
JJ:/crrc/r: 0.999988424 0.000005788 0.000005788
JJ:/rc/c: 0.999974293 0.000025707 0.000000000
JJ:/rc/crr: 0.000000000 0.999987146 0.000012854
JJ:/rc/r: 0.999963521 0.000019340 0.000017138
JJ:/rrc/c: 0.999939425 0.000060575 0.000000000
JJ:/rrc/crr: 0.000000000 0.999969711 0.000030289
JJ:/rrc/r: 0.999734499 0.000225118 0.000040383
JK:/cc/c: 0.007759707 0.992240293 0.000000000
JK:/cc/crr: 0.000000000 0.000452465 0.999547535
JK:/cc/r: 0.000012673 0.000004681 0.999982646
JK:/crc/c: 0.569410614 0.430589386 0.000000000
JK:/crc/crr: 0.000000000 0.000015247 0.999984753
JK:/crc/r: 0.028057081 0.000011576 0.971931343
JK:/crrc/c: 0.430665559 0.569334441 0.000000000
JK:/crrc/crr: 0.000000000 0.000010080 0.999989920
JK:/crrc/r: 0.219831039 0.000005788 0.780163173
JK:/rc/c: 0.370328934 0.629671066 0.000000000
JK:/rc/crr: 0.000000000 0.000034709 0.999965291
JK:/rc/r: 0.371894387 0.000017138 0.628088475
JK:/rrc/c: 0.999762995 0.000237005 0.000000000
JK:/rrc/crr: 0.000000000 0.000030294 0.999969706
JK:/rrc/r: 0.329766378 0.000040383 0.670193239
JQ:/cc/c: 0.072847731 0.927152269 0.000000000
JQ:/cc/crr: 0.000000000 0.000048196 0.999951804
JQ:/cc/r: 0.034471775 0.000004681 0.965523544
JQ:/crc/c: 0.498317999 0.501682001 0.000000000
JQ:/crc/crr: 0.000000000 0.000017423 0.999982577
JQ:/crc/r: 0.074249889 0.000011576 0.925738535
JQ:/crrc/c: 0.057652503 0.942347497 0.000000000
JQ:/crrc/crr: 0.000000000 0.000075297 0.999924703
JQ:/crrc/r: 0.212406540 0.000005788 0.787587671
JQ:/rc/c: 0.989472351 0.010527649 0.000000000
JQ:/rc/crr: 0.000000000 0.000012990 0.999987010
JQ:/rc/r: 0.000017138 0.000017138 0.999965723
JQ:/rrc/c: 0.012437547 0.987562453 0.000000000
JQ:/rrc/crr: 0.000000000 0.002435147 0.997564853
JQ:/rrc/r: 0.430287670 0.000040383 0.569671947
K:/c: 0.999969312 0.000030688 0.000000000
K:/crr: 0.000000000 0.999995000 0.000005000
K:/r: 0.573882616 0.426110717 0.000006667
KJ:/cc/c: 0.497674446 0.502325554 0.000000000
KJ:/cc/crr: 0.000000000 0.836310349 0.163689651
KJ:/cc/r: 0.549684214 0.220731442 0.229584344
KJ:/crc/c: 0.125064810 0.874935190 0.000000000
KJ:/crc/crr: 0.000000000 0.999980010 0.000019990
KJ:/crc/r: 0.000106413 0.732005329 0.267888257
KJ:/crrc/c: 0.406095160 0.593904840 0.000000000
KJ:/crrc/crr: 0.000000000 0.999996922 0.000003078
KJ:/crrc/r: 0.033812666 0.816138910 0.150048424
KJ:/rc/c: 0.404494284 0.595505716 0.000000000
KJ:/rc/crr: 0.000000000 0.800962897 0.199037103
KJ:/rc/r: 0.025192090 0.728800168 0.246007742
KJ:/rrc/c: 0.259646449 0.740353551 0.000000000
KJ:/rrc/crr: 0.000000000 0.996489232 0.003510768
KJ:/rrc/r: 0.040386595 0.899650464 0.059962940
KK:/cc/c: 0.837071687 0.162928313 0.000000000
KK:/cc/crr: 0.000000000 0.902679594 0.097320406
KK:/cc/r: 0.589536302 0.301844822 0.108618875
KK:/crc/c: 0.999995000 0.000005000 0.000000000
KK:/crc/crr: 0.000000000 0.999997500 0.000002500
KK:/crc/r: 0.816526571 0.183470096 0.000003333
KK:/crrc/c: 0.999997500 0.000002500 0.000000000
KK:/crrc/crr: 0.000000000 0.999998750 0.000001250
KK:/crrc/r: 0.999996667 0.000001667 0.000001667
KK:/rc/c: 0.999992177 0.000007823 0.000000000
KK:/rc/crr: 0.000000000 0.999996089 0.000003911
KK:/rc/r: 0.999980497 0.000014288 0.000005215
KK:/rrc/c: 0.999994192 0.000005808 0.000000000
KK:/rrc/crr: 0.000000000 0.999997096 0.000002904
KK:/rrc/r: 0.999977476 0.000018652 0.000003872
KQ:/cc/c: 0.837071687 0.162928313 0.000000000
KQ:/cc/crr: 0.000000000 0.902679594 0.097320406
KQ:/cc/r: 0.548590223 0.250291222 0.201118554
KQ:/crc/c: 0.188500568 0.811499432 0.000000000
KQ:/crc/crr: 0.000000000 0.102270627 0.897729373
KQ:/crc/r: 0.000084999 0.438261851 0.561653150
KQ:/crrc/c: 0.598376183 0.401623817 0.000000000
KQ:/crrc/crr: 0.000000000 0.483368212 0.516631788
KQ:/crrc/r: 0.004636008 0.656616049 0.338747943
KQ:/rc/c: 0.002279375 0.997720625 0.000000000
KQ:/rc/crr: 0.000000000 0.021376674 0.978623326
KQ:/rc/r: 0.000024271 0.304316219 0.695659510
KQ:/rrc/c: 0.531705848 0.468294152 0.000000000
KQ:/rrc/crr: 0.000000000 0.482394245 0.517605755
KQ:/rrc/r: 0.073414317 0.561953542 0.364632141
Q:/c: 0.846574516 0.153425484 0.000000000
Q:/crr: 0.000000000 0.999994094 0.000005906
Q:/r: 0.357943718 0.642005381 0.000050901
QJ:/cc/c: 0.000470693 0.999529307 0.000000000
QJ:/cc/crr: 0.000000000 0.034618241 0.965381759
QJ:/cc/r: 0.000048341 0.000021726 0.999929933
QJ:/crc/c: 0.460888462 0.539111538 0.000000000
QJ:/crc/crr: 0.000000000 0.143551380 0.856448620
QJ:/crc/r: 0.000186546 0.000003937 0.999809517
QJ:/crrc/c: 0.000111752 0.999888248 0.000000000
QJ:/crrc/crr: 0.000000000 0.013212678 0.986787322
QJ:/crrc/r: 0.019915132 0.000001969 0.980082899
QJ:/rc/c: 0.000156726 0.999843274 0.000000000
QJ:/rc/crr: 0.000000000 0.016564095 0.983435905
QJ:/rc/r: 0.019322367 0.000003461 0.980674172
QJ:/rrc/c: 0.000295229 0.999704771 0.000000000
QJ:/rrc/crr: 0.000000000 0.015771594 0.984228406
QJ:/rrc/r: 0.000092185 0.000009815 0.999898000
QK:/cc/c: 0.310604510 0.689395490 0.000000000
QK:/cc/crr: 0.000000000 0.999947539 0.000052461
QK:/cc/r: 0.000255003 0.726032656 0.273712340
QK:/crc/c: 0.290598612 0.709401388 0.000000000
QK:/crc/crr: 0.000000000 0.018002918 0.981997082
QK:/crc/r: 0.003240918 0.440082321 0.556676761
QK:/crrc/c: 0.146657149 0.853342851 0.000000000
QK:/crrc/crr: 0.000000000 0.001649020 0.998350980
QK:/crrc/r: 0.000071631 0.280178330 0.719750039
QK:/rc/c: 0.381827730 0.618172270 0.000000000
QK:/rc/crr: 0.000000000 0.005767653 0.994232347
QK:/rc/r: 0.000008731 0.315851639 0.684139630
QK:/rrc/c: 0.425232020 0.574767980 0.000000000
QK:/rrc/crr: 0.000000000 0.056216780 0.943783220
QK:/rrc/r: 0.000091083 0.497147601 0.502761316
QQ:/cc/c: 0.999967411 0.000032589 0.000000000
QQ:/cc/crr: 0.000000000 0.999983705 0.000016295
QQ:/cc/r: 0.999919054 0.000059220 0.000021726
QQ:/crc/c: 0.999994094 0.000005906 0.000000000
QQ:/crc/crr: 0.000000000 0.999997047 0.000002953
QQ:/crc/r: 0.856190516 0.143805547 0.000003937
QQ:/crrc/c: 0.999997047 0.000002953 0.000000000
QQ:/crrc/crr: 0.000000000 0.999998523 0.000001477
QQ:/crrc/r: 0.999996063 0.000001969 0.000001969
QQ:/rc/c: 0.999994808 0.000005192 0.000000000
QQ:/rc/crr: 0.000000000 0.999997404 0.000002596
QQ:/rc/r: 0.999992880 0.000003658 0.000003461
QQ:/rrc/c: 0.999990688 0.000009312 0.000000000
QQ:/rrc/crr: 0.000000000 0.999995344 0.000004656
QQ:/rrc/r: 0.999956308 0.000037484 0.000006208
