J:/c: 0.304715620 0.695284380 0.000000000
J:/crr: 0.000000000 0.999983591 0.000016409
J:/r: 0.055258899 0.127894867 0.816846234
JJ:/cc/c: 0.999992809 0.000007191 0.000000000
JJ:/cc/crr: 0.000000000 0.999996404 0.000003596
JJ:/cc/r: 0.999990412 0.000004794 0.000004794
JJ:/crc/c: 0.999983591 0.000016409 0.000000000
JJ:/crc/crr: 0.000000000 0.999991795 0.000008205
JJ:/crc/r: 0.999699061 0.000290000 0.000010939
JJ:/crrc/c: 0.999991795 0.000008205 0.000000000
JJ:/crrc/crr: 0.000000000 0.999995898 0.000004102
JJ:/crrc/r: 0.999974235 0.000020295 0.000005470
JJ:/rc/c: 0.999973937 0.000026063 0.000000000
JJ:/rc/crr: 0.000000000 0.999986968 0.000013032
JJ:/rc/r: 0.999872250 0.000110374 0.000017375
JJ:/rrc/c: 0.999939678 0.000060322 0.000000000
JJ:/rrc/crr: 0.000000000 0.999969837 0.000030163
JJ:/rrc/r: 0.999847379 0.000112407 0.000040215
JK:/cc/c: 0.000541178 0.999458822 0.000000000
JK:/cc/crr: 0.000000000 0.006644118 0.993355882
JK:/cc/r: 0.000004794 0.000004794 0.999990412
JK:/crc/c: 0.496492769 0.503507231 0.000000000
JK:/crc/crr: 0.000000000 0.000016525 0.999983475
JK:/crc/r: 0.022372439 0.000010939 0.977616622
JK:/crrc/c: 0.498506131 0.501493869 0.000000000
JK:/crrc/crr: 0.000000000 0.000008229 0.999991771
JK:/crrc/r: 0.208283495 0.000005470 0.791711035
JK:/rc/c: 0.376570664 0.623429336 0.000000000
JK:/rc/crr: 0.000000000 0.000034606 0.999965394
JK:/rc/r: 0.365161977 0.000017375 0.634820648
JK:/rrc/c: 0.999939678 0.000060322 0.000000000
JK:/rrc/crr: 0.000000000 0.000030163 0.999969837
JK:/rrc/r: 0.297178764 0.000040215 0.702781021
JQ:/cc/c: 0.066681908 0.933318092 0.000000000
JQ:/cc/crr: 0.000000000 0.000053922 0.999946078
JQ:/cc/r: 0.031793403 0.000004794 0.968201803
JQ:/crc/c: 0.444111961 0.555888039 0.000000000
JQ:/crc/crr: 0.000000000 0.000018474 0.999981526
JQ:/crc/r: 0.004457200 0.000010939 0.995531860
JQ:/crrc/c: 0.028357282 0.971642718 0.000000000
JQ:/crrc/crr: 0.000000000 0.000144663 0.999855337
JQ:/crrc/r: 0.226042497 0.000005470 0.773952033
JQ:/rc/c: 0.997970650 0.002029350 0.000000000
JQ:/rc/crr: 0.000000000 0.000013058 0.999986942
JQ:/rc/r: 0.000017375 0.000017375 0.999965249
JQ:/rrc/c: 0.002119593 0.997880407 0.000000000
JQ:/rrc/crr: 0.000000000 0.014229647 0.985770353
JQ:/rrc/r: 0.446905527 0.000040215 0.553054258
K:/c: 0.999301272 0.000698728 0.000000000
K:/crr: 0.000000000 0.999994997 0.000005003
K:/r: 0.579568751 0.420424583 0.000006667
KJ:/cc/c: 0.007155859 0.992844141 0.000000000
KJ:/cc/crr: 0.000000000 0.500000000 0.500000000
KJ:/cc/r: 0.004770573 0.004770573 0.990458854
KJ:/crc/c: 0.085874952 0.914125048 0.000000000
KJ:/crc/crr: 0.000000000 0.999970868 0.000029132
KJ:/crc/r: 0.000040780 0.723333986 0.276625234
KJ:/crrc/c: 0.340908382 0.659091618 0.000000000
KJ:/crrc/crr: 0.000000000 0.845638281 0.154361719
KJ:/crrc/r: 0.004573279 0.889163624 0.106263097
KJ:/rc/c: 0.412867421 0.587132579 0.000000000
KJ:/rc/crr: 0.000000000 0.794258085 0.205741915
KJ:/rc/r: 0.000190337 0.828614714 0.171194949
KJ:/rrc/c: 0.119461889 0.880538111 0.000000000
KJ:/rrc/crr: 0.000000000 0.999975928 0.000024072
KJ:/rrc/r: 0.031809057 0.902653178 0.065537764
KK:/cc/c: 0.992844141 0.007155859 0.000000000
KK:/cc/crr: 0.000000000 0.996396283 0.003603717
KK:/cc/r: 0.990458854 0.004770573 0.004770573
KK:/crc/c: 0.999994997 0.000005003 0.000000000
KK:/crc/crr: 0.000000000 0.999997498 0.000002502
KK:/crc/r: 0.942834631 0.057162033 0.000003336
KK:/crrc/c: 0.999997498 0.000002502 0.000000000
KK:/crrc/crr: 0.000000000 0.999998749 0.000001251
KK:/crrc/r: 0.999982004 0.000016328 0.000001668
KK:/rc/c: 0.999992072 0.000007928 0.000000000
KK:/rc/crr: 0.000000000 0.999996036 0.000003964
KK:/rc/r: 0.999980837 0.000013877 0.000005286
KK:/rrc/c: 0.999994249 0.000005751 0.000000000
KK:/rrc/crr: 0.000000000 0.999997124 0.000002876
KK:/rrc/r: 0.999874985 0.000121180 0.000003834
KQ:/cc/c: 0.007155859 0.992844141 0.000000000
KQ:/cc/crr: 0.000000000 0.500000000 0.500000000
KQ:/cc/r: 0.004770573 0.990458854 0.004770573
KQ:/crc/c: 0.260214077 0.739785923 0.000000000
KQ:/crc/crr: 0.000000000 0.001635245 0.998364755
KQ:/crc/r: 0.000022384 0.440310779 0.559666837
KQ:/crrc/c: 0.628859328 0.371140672 0.000000000
KQ:/crrc/crr: 0.000000000 0.441677485 0.558322515
KQ:/crrc/r: 0.000297562 0.625825846 0.373876591
KQ:/rc/c: 0.000083277 0.999916723 0.000000000
KQ:/rc/crr: 0.000000000 0.188733775 0.811266225
KQ:/rc/r: 0.000017200 0.305864371 0.694118429
KQ:/rrc/c: 0.499199829 0.500800171 0.000000000
KQ:/rrc/crr: 0.000000000 0.463964457 0.536035543
KQ:/rrc/r: 0.070520440 0.564631895 0.364847665
Q:/c: 0.845900738 0.154099262 0.000000000
Q:/crr: 0.000000000 0.999994089 0.000005911
Q:/r: 0.359431796 0.640552551 0.000015653
QJ:/cc/c: 0.000032447 0.999967553 0.000000000
QJ:/cc/crr: 0.000000000 0.500000000 0.500000000
QJ:/cc/r: 0.000021631 0.000021631 0.999956738
QJ:/crc/c: 0.402173006 0.597826994 0.000000000
QJ:/crc/crr: 0.000000000 0.000017364 0.999982636
QJ:/crc/r: 0.000150466 0.000003941 0.999845594
QJ:/crrc/c: 0.000002955 0.999997045 0.000000000
QJ:/crrc/crr: 0.000000000 0.500000000 0.500000000
QJ:/crrc/r: 0.031310462 0.000001970 0.968687568
QJ:/rc/c: 0.000022565 0.999977435 0.000000000
QJ:/rc/crr: 0.000000000 0.115310029 0.884689971
QJ:/rc/r: 0.013701290 0.000003469 0.986295241
QJ:/rrc/c: 0.000072357 0.999927643 0.000000000
QJ:/rrc/crr: 0.000000000 0.064084245 0.935915755
QJ:/rrc/r: 0.000076681 0.000006183 0.999917136
QK:/cc/c: 0.027790717 0.972209283 0.000000000
QK:/cc/crr: 0.000000000 0.999416233 0.000583767
QK:/cc/r: 0.000076732 0.727430880 0.272492389
QK:/crc/c: 0.350700660 0.649299340 0.000000000
QK:/crc/crr: 0.000000000 0.001669785 0.998330215
QK:/crc/r: 0.000060146 0.473250076 0.526689778
QK:/crrc/c: 0.009045440 0.990954560 0.000000000
QK:/crrc/crr: 0.000000000 0.020100663 0.979899337
QK:/crrc/r: 0.000051749 0.285052412 0.714895839
QK:/rc/c: 0.378283987 0.621716013 0.000000000
QK:/rc/crr: 0.000000000 0.018306375 0.981693625
QK:/rc/r: 0.000010269 0.313139108 0.686850623
QK:/rrc/c: 0.426134059 0.573865941 0.000000000
QK:/rrc/crr: 0.000000000 0.028862371 0.971137629
QK:/rrc/r: 0.000074403 0.501098624 0.498826973
QQ:/cc/c: 0.999967553 0.000032447 0.000000000
QQ:/cc/crr: 0.000000000 0.999983776 0.000016224
QQ:/cc/r: 0.999931218 0.000047151 0.000021631
QQ:/crc/c: 0.999994089 0.000005911 0.000000000
QQ:/crc/crr: 0.000000000 0.999997045 0.000002955
QQ:/crc/r: 0.999941698 0.000054362 0.000003941
QQ:/crrc/c: 0.999997045 0.000002955 0.000000000
QQ:/crrc/crr: 0.000000000 0.999998522 0.000001478
QQ:/crrc/r: 0.999972580 0.000025450 0.000001970
QQ:/rc/c: 0.999994796 0.000005204 0.000000000
QQ:/rc/crr: 0.000000000 0.999997398 0.000002602
QQ:/rc/r: 0.999992125 0.000004406 0.000003469
QQ:/rrc/c: 0.999990726 0.000009274 0.000000000
QQ:/rrc/crr: 0.000000000 0.999995363 0.000004637
QQ:/rrc/r: 0.999949322 0.000044495 0.000006183
