J:/: 0.074087858 0.925912142 0.000000000
J:/cr: 0.018172844 0.033035340 0.948791816
J:/rr: 0.000000000 0.999932513 0.000067487
JJ:/cc/: 0.000249853 0.999750147 0.000000000
JJ:/cc/cr: 0.999996399 0.000001800 0.000001800
JJ:/cc/rr: 0.000000000 0.989193474 0.010806526
JJ:/crc/: 0.890183066 0.109816934 0.000000000
JJ:/crc/cr: 0.999669220 0.000165390 0.000165390
JJ:/crc/rr: 0.000000000 0.999969395 0.000030605
JJ:/crrc/: 0.966929925 0.033070075 0.000000000
JJ:/crrc/cr: 0.998003223 0.000998389 0.000998389
JJ:/crrc/rr: 0.000000000 0.999948781 0.000051219
JJ:/rc/: 0.774171573 0.225828427 0.000000000
JJ:/rc/cr: 0.999800771 0.000099615 0.000099615
JJ:/rc/rr: 0.000000000 0.999956413 0.000043587
JJ:/rrc/: 0.999611088 0.000388912 0.000000000
JJ:/rrc/cr: 0.942153165 0.028923418 0.028923418
JJ:/rrc/rr: 0.000000000 0.999983120 0.000016880
JK:/cc/: 0.085324501 0.914675499 0.000000000
JK:/cc/cr: 0.000001968 0.000001968 0.999996064
JK:/cc/rr: 0.000000000 0.000031644 0.999968356
JK:/crc/: 0.030513617 0.969486383 0.000000000
JK:/crc/cr: 0.008180415 0.000018734 0.991800850
JK:/crc/rr: 0.000000000 0.000892846 0.999107154
JK:/crrc/: 0.999900950 0.000099050 0.000000000
JK:/crrc/cr: 0.333333333 0.333333333 0.333333333
JK:/crrc/rr: 0.000000000 0.000049530 0.999950470
JK:/rc/: 0.999932513 0.000067487 0.000000000
JK:/rc/cr: 0.333333333 0.333333333 0.333333333
JK:/rc/rr: 0.000000000 0.000033746 0.999966254
JK:/rrc/: 0.534474546 0.465525454 0.000000000
JK:/rrc/cr: 0.862343642 0.000024163 0.137632195
JK:/rrc/rr: 0.000000000 0.000031569 0.999968431
JQ:/cc/: 0.165339974 0.834660026 0.000000000
JQ:/cc/cr: 0.000002246 0.000002157 0.999995598
JQ:/cc/rr: 0.000000000 0.000016330 0.999983670
JQ:/crc/: 0.991906806 0.008093194 0.000000000
JQ:/crc/cr: 0.002564246 0.002244187 0.995191568
JQ:/crc/rr: 0.000000000 0.000027466 0.999972534
JQ:/crrc/: 0.023734796 0.976265204 0.000000000
JQ:/crrc/cr: 0.116952896 0.000033819 0.883013285
JQ:/crrc/rr: 0.000000000 0.002086607 0.997913393
JQ:/rc/: 0.999514219 0.000485781 0.000000000
JQ:/rc/cr: 0.046308529 0.046308529 0.907382942
JQ:/rc/rr: 0.000000000 0.000033760 0.999966240
JQ:/rrc/: 0.176639792 0.823360208 0.000000000
JQ:/rrc/cr: 0.000013662 0.000013662 0.999972676
JQ:/rrc/rr: 0.000000000 0.000095522 0.999904478
K:/: 0.754362472 0.245637528 0.000000000
K:/cr: 0.708404774 0.291581656 0.000013570
K:/rr: 0.000000000 0.999993372 0.000006628
KJ:/cc/: 0.000020355 0.999979645 0.000000000
KJ:/cc/cr: 0.000051384 0.000025677 0.999922939
KJ:/cc/rr: 0.000000000 0.500000000 0.500000000
KJ:/crc/: 0.000054916 0.999945084 0.000000000
KJ:/crc/cr: 0.000034352 0.999957891 0.000007757
KJ:/crc/rr: 0.000000000 0.788132576 0.211867424
KJ:/crrc/: 0.069510598 0.930489402 0.000000000
KJ:/crrc/cr: 0.000256555 0.994753074 0.004990371
KJ:/crrc/rr: 0.000000000 0.421765632 0.578234368
KJ:/rc/: 0.021162590 0.978837410 0.000000000
KJ:/rc/cr: 0.012641112 0.924987744 0.062371144
KJ:/rc/rr: 0.000000000 0.088022487 0.911977513
KJ:/rrc/: 0.078990238 0.921009762 0.000000000
KJ:/rrc/cr: 0.000167963 0.999830837 0.000001199
KJ:/rrc/rr: 0.000000000 0.489501041 0.510498959
KK:/cc/: 0.999588900 0.000411100 0.000000000
KK:/cc/cr: 0.966990713 0.016504644 0.016504644
KK:/cc/rr: 0.000000000 0.999989818 0.000010182
KK:/crc/: 0.079549090 0.920450910 0.000000000
KK:/crc/cr: 0.999983146 0.000008427 0.000008427
KK:/crc/rr: 0.000000000 0.999853739 0.000146261
KK:/crrc/: 0.996847798 0.003152202 0.000000000
KK:/crrc/cr: 0.997974337 0.001012832 0.001012832
KK:/crrc/rr: 0.000000000 0.999995196 0.000004804
KK:/rc/: 0.812362528 0.187637472 0.000000000
KK:/rc/cr: 0.999976451 0.000011775 0.000011775
KK:/rc/rr: 0.000000000 0.999995920 0.000004080
KK:/rrc/: 0.506726975 0.493273025 0.000000000
KK:/rrc/cr: 0.999995521 0.000002240 0.000002240
KK:/rrc/rr: 0.000000000 0.999996730 0.000003270
KQ:/cc/: 0.000055058 0.999944942 0.000000000
KQ:/cc/cr: 0.000041155 0.447007254 0.552951592
KQ:/cc/rr: 0.000000000 0.815146219 0.184853781
KQ:/crc/: 0.910868042 0.089131958 0.000000000
KQ:/crc/cr: 0.000446638 0.584209967 0.415343396
KQ:/crc/rr: 0.000000000 0.000045082 0.999954918
KQ:/crrc/: 0.013068747 0.986931253 0.000000000
KQ:/crrc/cr: 0.037293490 0.661050458 0.301656052
KQ:/crrc/rr: 0.000000000 0.297380010 0.702619990
KQ:/rc/: 0.000313208 0.999686792 0.000000000
KQ:/rc/cr: 0.000002210 0.465602523 0.534395267
KQ:/rc/rr: 0.000000000 0.266118004 0.733881996
KQ:/rrc/: 0.678260406 0.321739594 0.000000000
KQ:/rrc/cr: 0.035250719 0.832226923 0.132522358
KQ:/rrc/rr: 0.000000000 0.381510002 0.618489998
Q:/: 0.752355383 0.247644617 0.000000000
Q:/cr: 0.170870326 0.828661121 0.000468552
Q:/rr: 0.000000000 0.999993354 0.000006646
QJ:/cc/: 0.000020190 0.999979810 0.000000000
QJ:/cc/cr: 0.000006730 0.000006730 0.999986540
QJ:/cc/rr: 0.000000000 0.500000000 0.500000000
QJ:/crc/: 0.027810056 0.972189944 0.000000000
QJ:/crc/cr: 0.004164803 0.000002785 0.995832412
QJ:/crc/rr: 0.000000000 0.000146020 0.999853980
QJ:/crrc/: 0.015473315 0.984526685 0.000000000
QJ:/crrc/cr: 0.000073691 0.000013335 0.999912973
QJ:/crrc/rr: 0.000000000 0.001272740 0.998727260
QJ:/rc/: 0.013228466 0.986771534 0.000000000
QJ:/rc/cr: 0.000002245 0.000002245 0.999995510
QJ:/rc/rr: 0.000000000 0.000251193 0.999748807
QJ:/rrc/: 0.000003323 0.999996677 0.000000000
QJ:/rrc/cr: 0.000001108 0.000001108 0.999997785
QJ:/rrc/rr: 0.000000000 0.500000000 0.500000000
QK:/cc/: 0.378841966 0.621158034 0.000000000
QK:/cc/cr: 0.102481852 0.897470188 0.000047960
QK:/cc/rr: 0.000000000 0.999973353 0.000026647
QK:/crc/: 0.000720711 0.999279289 0.000000000
QK:/crc/cr: 0.000004871 0.559587738 0.440407392
QK:/crc/rr: 0.000000000 0.006366316 0.993633684
QK:/crrc/: 0.977550412 0.022449588 0.000000000
QK:/crrc/cr: 0.000584822 0.595216844 0.404198334
QK:/crrc/rr: 0.000000000 0.000616297 0.999383703
QK:/rc/: 0.427716905 0.572283095 0.000000000
QK:/rc/cr: 0.000552861 0.533556770 0.465890369
QK:/rc/rr: 0.000000000 0.196190566 0.803809434
QK:/rrc/: 0.119741123 0.880258877 0.000000000
QK:/rrc/cr: 0.000001497 0.300082162 0.699916342
QK:/rrc/rr: 0.000000000 0.000271092 0.999728908
QQ:/cc/: 0.521797113 0.478202887 0.000000000
QQ:/cc/cr: 0.999971853 0.000014074 0.000014074
QQ:/cc/rr: 0.000000000 0.999980653 0.000019347
QQ:/crc/: 0.988871033 0.011128967 0.000000000
QQ:/crc/cr: 0.999513484 0.000243258 0.000243258
QQ:/crc/rr: 0.000000000 0.999995893 0.000004107
QQ:/crrc/: 0.140198855 0.859801145 0.000000000
QQ:/crrc/cr: 0.999969460 0.000015270 0.000015270
QQ:/crrc/rr: 0.000000000 0.999859532 0.000140468
QQ:/rc/: 0.489509575 0.510490425 0.000000000
QQ:/rc/cr: 0.999990989 0.000004671 0.000004339
QQ:/rc/rr: 0.000000000 0.999993212 0.000006788
QQ:/rrc/: 0.970595888 0.029404112 0.000000000
QQ:/rrc/cr: 0.999924661 0.000037670 0.000037670
QQ:/rrc/rr: 0.000000000 0.999998288 0.000001712
