J:/c: 0.301412204 0.698587796 0.000000000
J:/crr: 0.000000000 0.999983411 0.000016589
J:/r: 0.053607183 0.134346036 0.812046780
JJ:/cc/c: 0.999992843 0.000007157 0.000000000
JJ:/cc/crr: 0.000000000 0.999996421 0.000003579
JJ:/cc/r: 0.999990457 0.000004772 0.000004772
JJ:/crc/c: 0.999983411 0.000016589 0.000000000
JJ:/crc/crr: 0.000000000 0.999991706 0.000008294
JJ:/crc/r: 0.999904465 0.000084476 0.000011059
JJ:/crrc/c: 0.999991706 0.000008294 0.000000000
JJ:/crrc/crr: 0.000000000 0.999995853 0.000004147
JJ:/crrc/r: 0.999961536 0.000032934 0.000005530
JJ:/rc/c: 0.999975188 0.000024812 0.000000000
JJ:/rc/crr: 0.000000000 0.999987594 0.000012406
JJ:/rc/r: 0.999946393 0.000037066 0.000016541
JJ:/rrc/c: 0.999937819 0.000062181 0.000000000
JJ:/rrc/crr: 0.000000000 0.999968908 0.000031092
JJ:/rrc/r: 0.999762956 0.000195591 0.000041454
JK:/cc/c: 0.008714033 0.991285967 0.000000000
JK:/cc/crr: 0.000000000 0.000410676 0.999589324
JK:/cc/r: 0.000004772 0.000004772 0.999990457
JK:/crc/c: 0.500970388 0.499029612 0.000000000
JK:/crc/crr: 0.000000000 0.000016556 0.999983444
JK:/crc/r: 0.019143890 0.000011059 0.980845051
JK:/crrc/c: 0.444111273 0.555888727 0.000000000
JK:/crrc/crr: 0.000000000 0.000009338 0.999990662
JK:/crrc/r: 0.184754412 0.000005530 0.815240059
JK:/rc/c: 0.380133221 0.619866779 0.000000000
JK:/rc/crr: 0.000000000 0.000032635 0.999967365
JK:/rc/r: 0.367241937 0.000016541 0.632741522
JK:/rrc/c: 0.999827889 0.000172111 0.000000000
JK:/rrc/crr: 0.000000000 0.000031096 0.999968904
JK:/rrc/r: 0.255953336 0.000041454 0.744005210
JQ:/cc/c: 0.077586477 0.922413523 0.000000000
JQ:/cc/crr: 0.000000000 0.000046125 0.999953875
JQ:/cc/r: 0.025798110 0.000004772 0.974197118
JQ:/crc/c: 0.505403331 0.494596669 0.000000000
JQ:/crc/crr: 0.000000000 0.000016411 0.999983589
JQ:/crc/r: 0.029998203 0.000011059 0.969990738
JQ:/crrc/c: 0.027035806 0.972964194 0.000000000
JQ:/crrc/crr: 0.000000000 0.000153397 0.999846603
JQ:/crrc/r: 0.289742964 0.000005530 0.710251506
JQ:/rc/c: 0.997512607 0.002487393 0.000000000
JQ:/rc/crr: 0.000000000 0.000012437 0.999987563
JQ:/rc/r: 0.000048435 0.000016541 0.999935024
JQ:/rrc/c: 0.140941284 0.859058716 0.000000000
JQ:/rrc/crr: 0.000000000 0.000220591 0.999779409
JQ:/rrc/r: 0.554228169 0.000041454 0.445730377
K:/c: 0.999969363 0.000030637 0.000000000
K:/crr: 0.000000000 0.999995000 0.000005000
K:/r: 0.555364177 0.444629157 0.000006667
KJ:/cc/c: 0.389773721 0.610226279 0.000000000
KJ:/cc/crr: 0.000000000 0.790643377 0.209356623
KJ:/cc/r: 0.529108280 0.225167424 0.245724296
KJ:/crc/c: 0.086851566 0.913148434 0.000000000
KJ:/crc/crr: 0.000000000 0.999971214 0.000028786
KJ:/crc/r: 0.000099470 0.718082229 0.281818300
KJ:/crrc/c: 0.447032178 0.552967822 0.000000000
KJ:/crrc/crr: 0.000000000 0.938352777 0.061647223
KJ:/crrc/r: 0.030650638 0.826418268 0.142931094
KJ:/rc/c: 0.467175921 0.532824079 0.000000000
KJ:/rc/crr: 0.000000000 0.861955484 0.138044516
KJ:/rc/r: 0.042677087 0.722466898 0.234856015
KJ:/rrc/c: 0.283907741 0.716092259 0.000000000
KJ:/rrc/crr: 0.000000000 0.999989430 0.000010570
KJ:/rrc/r: 0.040643666 0.898905522 0.060450813
KK:/cc/c: 0.836796580 0.163203420 0.000000000
KK:/cc/crr: 0.000000000 0.902483218 0.097516782
KK:/cc/r: 0.586660614 0.304537107 0.108802280
KK:/crc/c: 0.999995000 0.000005000 0.000000000
KK:/crc/crr: 0.000000000 0.999997500 0.000002500
KK:/crc/r: 0.999987457 0.000009210 0.000003333
KK:/crrc/c: 0.999997500 0.000002500 0.000000000
KK:/crrc/crr: 0.000000000 0.999998750 0.000001250
KK:/crrc/r: 0.999996667 0.000001667 0.000001667
KK:/rc/c: 0.999992503 0.000007497 0.000000000
KK:/rc/crr: 0.000000000 0.999996252 0.000003748
KK:/rc/r: 0.999979978 0.000015024 0.000004998
KK:/rrc/c: 0.999993998 0.000006002 0.000000000
KK:/rrc/crr: 0.000000000 0.999996999 0.000003001
KK:/rrc/r: 0.999898242 0.000097757 0.000004001
KQ:/cc/c: 0.826539826 0.173460174 0.000000000
KQ:/cc/crr: 0.000000000 0.901273106 0.098726894
KQ:/cc/r: 0.519899135 0.344668287 0.135432578
KQ:/crc/c: 0.046539425 0.953460575 0.000000000
KQ:/crc/crr: 0.000000000 0.039196882 0.960803118
KQ:/crc/r: 0.000035782 0.441638527 0.558325691
KQ:/crrc/c: 0.618882050 0.381117950 0.000000000
KQ:/crrc/crr: 0.000000000 0.399554425 0.600445575
KQ:/crrc/r: 0.000478222 0.620277887 0.379243891
KQ:/rc/c: 0.000007753 0.999992247 0.000000000
KQ:/rc/crr: 0.000000000 0.516544682 0.483455318
KQ:/rc/r: 0.000023525 0.298579323 0.701397152
KQ:/rrc/c: 0.402957286 0.597042714 0.000000000
KQ:/rrc/crr: 0.000000000 0.836711601 0.163288399
KQ:/rrc/r: 0.000663783 0.674597935 0.324738282
Q:/c: 0.836305741 0.163694259 0.000000000
Q:/crr: 0.000000000 0.999994021 0.000005979
Q:/r: 0.329094990 0.670849087 0.000055923
QJ:/cc/c: 0.000398317 0.999601683 0.000000000
QJ:/cc/crr: 0.000000000 0.038342231 0.961657769
QJ:/cc/r: 0.000024045 0.000020363 0.999955592
QJ:/crc/c: 0.396854558 0.603145442 0.000000000
QJ:/crc/crr: 0.000000000 0.107326089 0.892673911
QJ:/crc/r: 0.000182087 0.000003986 0.999813928
QJ:/crrc/c: 0.000048071 0.999951929 0.000000000
QJ:/crrc/crr: 0.000000000 0.031093126 0.968906874
QJ:/crrc/r: 0.020801347 0.000001993 0.979196661
QJ:/rc/c: 0.000046344 0.999953656 0.000000000
QJ:/rc/crr: 0.000000000 0.053608003 0.946391997
QJ:/rc/r: 0.016345462 0.000003313 0.983651225
QJ:/rrc/c: 0.000308693 0.999691307 0.000000000
QJ:/rrc/crr: 0.000000000 0.048092208 0.951907792
QJ:/rrc/r: 0.000087836 0.000006753 0.999905412
QK:/cc/c: 0.157513121 0.842486879 0.000000000
QK:/cc/crr: 0.000000000 0.999903041 0.000096959
QK:/cc/r: 0.000091854 0.699386017 0.300522129
QK:/crc/c: 0.384411142 0.615588858 0.000000000
QK:/crc/crr: 0.000000000 0.009982029 0.990017971
QK:/crc/r: 0.000317905 0.465686878 0.533995217
QK:/crrc/c: 0.064475877 0.935524123 0.000000000
QK:/crrc/crr: 0.000000000 0.007775257 0.992224743
QK:/crrc/r: 0.000089151 0.284843330 0.715067519
QK:/rc/c: 0.375749963 0.624250037 0.000000000
QK:/rc/crr: 0.000000000 0.000085494 0.999914506
QK:/rc/r: 0.000007621 0.303095756 0.696896623
QK:/rrc/c: 0.416379852 0.583620148 0.000000000
QK:/rrc/crr: 0.000000000 0.000360643 0.999639357
QK:/rrc/r: 0.000086039 0.496024925 0.503889036
QQ:/cc/c: 0.999969455 0.000030545 0.000000000
QQ:/cc/crr: 0.000000000 0.999984727 0.000015273
QQ:/cc/r: 0.989044935 0.010934702 0.000020363
QQ:/crc/c: 0.999994021 0.000005979 0.000000000
QQ:/crc/crr: 0.000000000 0.999997011 0.000002989
QQ:/crc/r: 0.999920301 0.000075713 0.000003986
QQ:/crrc/c: 0.999997011 0.000002989 0.000000000
QQ:/crrc/crr: 0.000000000 0.999998505 0.000001495
QQ:/crrc/r: 0.999996014 0.000001993 0.000001993
QQ:/rc/c: 0.999995031 0.000004969 0.000000000
QQ:/rc/crr: 0.000000000 0.999997516 0.000002484
QQ:/rc/r: 0.986496429 0.013500259 0.000003313
QQ:/rrc/c: 0.999989871 0.000010129 0.000000000
QQ:/rrc/crr: 0.000000000 0.999994936 0.000005064
QQ:/rrc/r: 0.999953510 0.000039738 0.000006753
