J:/c: 0.307653760 0.692346240 0.000000000
J:/crr: 0.000000000 0.999983748 0.000016252
J:/r: 0.054910502 0.127951076 0.817138422
JJ:/cc/c: 0.999992778 0.000007222 0.000000000
JJ:/cc/crr: 0.000000000 0.999996389 0.000003611
JJ:/cc/r: 0.999986825 0.000008360 0.000004815
JJ:/crc/c: 0.999983748 0.000016252 0.000000000
JJ:/crc/crr: 0.000000000 0.999991874 0.000008126
JJ:/crc/r: 0.999853060 0.000136105 0.000010835
JJ:/crrc/c: 0.999991874 0.000008126 0.000000000
JJ:/crrc/crr: 0.000000000 0.999995937 0.000004063
JJ:/crrc/r: 0.999989165 0.000005417 0.000005417
JJ:/rc/c: 0.999973948 0.000026052 0.000000000
JJ:/rc/crr: 0.000000000 0.999986974 0.000013026
JJ:/rc/r: 0.999937084 0.000045548 0.000017368
JJ:/rrc/c: 0.999939295 0.000060705 0.000000000
JJ:/rrc/crr: 0.000000000 0.999969646 0.000030354
JJ:/rrc/r: 0.999919060 0.000040470 0.000040470
JK:/cc/c: 0.009929188 0.990070812 0.000000000
JK:/cc/crr: 0.000000000 0.000363666 0.999636334
JK:/cc/r: 0.000011937 0.000004815 0.999983248
JK:/crc/c: 0.521098180 0.478901820 0.000000000
JK:/crc/crr: 0.000000000 0.000015594 0.999984406
JK:/crc/r: 0.012492223 0.000010835 0.987496943
JK:/crrc/c: 0.452738207 0.547261793 0.000000000
JK:/crrc/crr: 0.000000000 0.000008974 0.999991026
JK:/crrc/r: 0.277961354 0.000005417 0.722033229
JK:/rc/c: 0.376507220 0.623492780 0.000000000
JK:/rc/crr: 0.000000000 0.000034596 0.999965404
JK:/rc/r: 0.356963355 0.000017368 0.643019277
JK:/rrc/c: 0.999939295 0.000060705 0.000000000
JK:/rrc/crr: 0.000000000 0.000030354 0.999969646
JK:/rrc/r: 0.282077030 0.000040470 0.717882500
JQ:/cc/c: 0.064099026 0.935900974 0.000000000
JQ:/cc/crr: 0.000000000 0.000056333 0.999943667
JQ:/cc/r: 0.037968820 0.000004815 0.962026365
JQ:/crc/c: 0.400316992 0.599683008 0.000000000
JQ:/crc/crr: 0.000000000 0.000020299 0.999979701
JQ:/crc/r: 0.000010835 0.000010835 0.999978331
JQ:/crrc/c: 0.004449037 0.995550963 0.000000000
JQ:/crrc/crr: 0.000000000 0.000913248 0.999086752
JQ:/crrc/r: 0.005396916 0.000005417 0.994597666
JQ:/rc/c: 0.999816674 0.000183326 0.000000000
JQ:/rc/crr: 0.000000000 0.000013028 0.999986972
JQ:/rc/r: 0.000017368 0.000017368 0.999965265
JQ:/rrc/c: 0.013478606 0.986521394 0.000000000
JQ:/rrc/crr: 0.000000000 0.002251896 0.997748104
JQ:/rrc/r: 0.493665059 0.000040470 0.506294471
K:/c: 0.999990000 0.000010000 0.000000000
K:/crr: 0.000000000 0.999995000 0.000005000
K:/r: 0.578850627 0.421142706 0.000006667
KJ:/cc/c: 0.500000000 0.500000000 0.000000000
KJ:/cc/crr: 0.000000000 0.500000000 0.500000000
KJ:/cc/r: 0.333333333 0.333333333 0.333333333
KJ:/crc/c: 0.166349320 0.833650680 0.000000000
KJ:/crc/crr: 0.000000000 0.999984971 0.000015029
KJ:/crc/r: 0.000016328 0.732270748 0.267712924
KJ:/crrc/c: 0.303713856 0.696286144 0.000000000
KJ:/crrc/crr: 0.000000000 0.885219863 0.114780137
KJ:/crrc/r: 0.017316800 0.942006290 0.040676910
KJ:/rc/c: 0.409629486 0.590370514 0.000000000
KJ:/rc/crr: 0.000000000 0.961140270 0.038859730
KJ:/rc/r: 0.000035283 0.867388849 0.132575868
KJ:/rrc/c: 0.149871495 0.850128505 0.000000000
KJ:/rrc/crr: 0.000000000 0.999980788 0.000019212
KJ:/rrc/r: 0.006568077 0.957976423 0.035455499
KK:/cc/c: 0.500000000 0.500000000 0.000000000
KK:/cc/crr: 0.000000000 0.500000000 0.500000000
KK:/cc/r: 0.333333333 0.333333333 0.333333333
KK:/crc/c: 0.999995000 0.000005000 0.000000000
KK:/crc/crr: 0.000000000 0.999997500 0.000002500
KK:/crc/r: 0.956172456 0.043824210 0.000003333
KK:/crrc/c: 0.999997500 0.000002500 0.000000000
KK:/crrc/crr: 0.000000000 0.999998750 0.000001250
KK:/crrc/r: 0.999763903 0.000234430 0.000001667
KK:/rc/c: 0.999992085 0.000007915 0.000000000
KK:/rc/crr: 0.000000000 0.999996042 0.000003958
KK:/rc/r: 0.999977289 0.000017435 0.000005277
KK:/rrc/c: 0.999994241 0.000005759 0.000000000
KK:/rrc/crr: 0.000000000 0.999997121 0.000002879
KK:/rrc/r: 0.999582181 0.000413980 0.000003839
KQ:/cc/c: 0.500000000 0.500000000 0.000000000
KQ:/cc/crr: 0.000000000 0.500000000 0.500000000
KQ:/cc/r: 0.333333333 0.333333333 0.333333333
KQ:/crc/c: 0.278619427 0.721380573 0.000000000
KQ:/crc/crr: 0.000000000 0.000302710 0.999697290
KQ:/crc/r: 0.000015189 0.432308547 0.567676264
KQ:/crrc/c: 0.672711905 0.327288095 0.000000000
KQ:/crrc/crr: 0.000000000 0.443025065 0.556974935
KQ:/crrc/r: 0.000015743 0.931286922 0.068697335
KQ:/rc/c: 0.000007915 0.999992085 0.000000000
KQ:/rc/crr: 0.000000000 0.500000000 0.500000000
KQ:/rc/r: 0.000010227 0.307775692 0.692214081
KQ:/rrc/c: 0.491580344 0.508419656 0.000000000
KQ:/rrc/crr: 0.000000000 0.442632616 0.557367384
KQ:/rrc/r: 0.047848129 0.585297605 0.366854265
Q:/c: 0.854393293 0.145606707 0.000000000
Q:/crr: 0.000000000 0.999994148 0.000005852
Q:/r: 0.361401936 0.638571508 0.000026557
QJ:/cc/c: 0.000034339 0.999965661 0.000000000
QJ:/cc/crr: 0.000000000 0.500000000 0.500000000
QJ:/cc/r: 0.000022893 0.000022893 0.999954215
QJ:/crc/c: 0.418222358 0.581777642 0.000000000
QJ:/crc/crr: 0.000000000 0.000049221 0.999950779
QJ:/crc/r: 0.000003901 0.000003901 0.999992197
QJ:/crrc/c: 0.000002926 0.999997074 0.000000000
QJ:/crrc/crr: 0.000000000 0.500000000 0.500000000
QJ:/crrc/r: 0.000001951 0.000001951 0.999996099
QJ:/rc/c: 0.000005220 0.999994780 0.000000000
QJ:/rc/crr: 0.000000000 0.500000000 0.500000000
QJ:/rc/r: 0.000014780 0.000003480 0.999981740
QJ:/rrc/c: 0.000009223 0.999990777 0.000000000
QJ:/rrc/crr: 0.000000000 0.500000000 0.500000000
QJ:/rrc/r: 0.000027453 0.000006149 0.999966398
QK:/cc/c: 0.027992246 0.972007754 0.000000000
QK:/cc/crr: 0.000000000 0.999386632 0.000613368
QK:/cc/r: 0.000093284 0.735225475 0.264681241
QK:/crc/c: 0.314009754 0.685990246 0.000000000
QK:/crc/crr: 0.000000000 0.002804864 0.997195136
QK:/crc/r: 0.000024100 0.501053399 0.498922501
QK:/crrc/c: 0.247797637 0.752202363 0.000000000
QK:/crrc/crr: 0.000000000 0.000190175 0.999809825
QK:/crrc/r: 0.000017633 0.250058697 0.749923670
QK:/rc/c: 0.373715614 0.626284386 0.000000000
QK:/rc/crr: 0.000000000 0.009316700 0.990683300
QK:/rc/r: 0.000007004 0.313412578 0.686580418
QK:/rrc/c: 0.419915297 0.580084703 0.000000000
QK:/rrc/crr: 0.000000000 0.039381826 0.960618174
QK:/rrc/r: 0.000055080 0.512198781 0.487746139
QQ:/cc/c: 0.999965661 0.000034339 0.000000000
QQ:/cc/crr: 0.000000000 0.999982830 0.000017170
QQ:/cc/r: 0.999705975 0.000271133 0.000022893
QQ:/crc/c: 0.999994148 0.000005852 0.000000000
QQ:/crc/crr: 0.000000000 0.999997074 0.000002926
QQ:/crc/r: 0.974222212 0.025773886 0.000003901
QQ:/crrc/c: 0.999997074 0.000002926 0.000000000
QQ:/crrc/crr: 0.000000000 0.999998537 0.000001463
QQ:/crrc/r: 0.999800152 0.000197897 0.000001951
QQ:/rc/c: 0.999994780 0.000005220 0.000000000
QQ:/rc/crr: 0.000000000 0.999997390 0.000002610
QQ:/rc/r: 0.999991626 0.000004894 0.000003480
QQ:/rrc/c: 0.999990777 0.000009223 0.000000000
QQ:/rrc/crr: 0.000000000 0.999995388 0.000004612
QQ:/rrc/r: 0.999961499 0.000032353 0.000006149
