J:/c: 0.307645403 0.692354597 0.000000000
J:/crr: 0.000000000 0.999983748 0.000016252
J:/r: 0.055293100 0.123774526 0.820932374
JJ:/cc/c: 0.999992778 0.000007222 0.000000000
JJ:/cc/crr: 0.000000000 0.999996389 0.000003611
JJ:/cc/r: 0.999986753 0.000008433 0.000004814
JJ:/crc/c: 0.999983748 0.000016252 0.000000000
JJ:/crc/crr: 0.000000000 0.999991874 0.000008126
JJ:/crc/r: 0.999961611 0.000027554 0.000010835
JJ:/crrc/c: 0.999991874 0.000008126 0.000000000
JJ:/crrc/crr: 0.000000000 0.999995937 0.000004063
JJ:/crrc/r: 0.999989165 0.000005418 0.000005418
JJ:/rc/c: 0.999973069 0.000026931 0.000000000
JJ:/rc/crr: 0.000000000 0.999986534 0.000013466
JJ:/rc/r: 0.999964092 0.000017954 0.000017954
JJ:/rrc/c: 0.999939715 0.000060285 0.000000000
JJ:/rrc/crr: 0.000000000 0.999969856 0.000030144
JJ:/rrc/r: 0.999889711 0.000070099 0.000040190
JK:/cc/c: 0.007451384 0.992548616 0.000000000
JK:/cc/crr: 0.000000000 0.000484590 0.999515410
JK:/cc/r: 0.000007613 0.000004814 0.999987573
JK:/crc/c: 0.504727690 0.495272310 0.000000000
JK:/crc/crr: 0.000000000 0.000016100 0.999983900
JK:/crc/r: 0.045276845 0.000010835 0.954712320
JK:/crrc/c: 0.431288414 0.568711586 0.000000000
JK:/crrc/crr: 0.000000000 0.000009421 0.999990579
JK:/crrc/r: 0.176730120 0.000005418 0.823264462
JK:/rc/c: 0.376259451 0.623740549 0.000000000
JK:/rc/crr: 0.000000000 0.000035787 0.999964213
JK:/rc/r: 0.357926185 0.000017954 0.642055861
JK:/rrc/c: 0.999939715 0.000060285 0.000000000
JK:/rrc/crr: 0.000000000 0.000030144 0.999969856
JK:/rrc/r: 0.339124207 0.000040190 0.660835604
JQ:/cc/c: 0.071829473 0.928170527 0.000000000
JQ:/cc/crr: 0.000000000 0.000050270 0.999949730
JQ:/cc/r: 0.036742580 0.000004814 0.963252605
JQ:/crc/c: 0.553462893 0.446537107 0.000000000
JQ:/crc/crr: 0.000000000 0.000014683 0.999985317
JQ:/crc/r: 0.002803908 0.000010835 0.997185257
JQ:/crrc/c: 0.065503023 0.934496977 0.000000000
JQ:/crrc/crr: 0.000000000 0.000062031 0.999937969
JQ:/crrc/r: 0.204781649 0.000005418 0.795212933
JQ:/rc/c: 0.997226466 0.002773534 0.000000000
JQ:/rc/crr: 0.000000000 0.000013503 0.999986497
JQ:/rc/r: 0.000017954 0.000017954 0.999964092
JQ:/rrc/c: 0.007061482 0.992938518 0.000000000
JQ:/rrc/crr: 0.000000000 0.004268566 0.995731434
JQ:/rrc/r: 0.458028473 0.000040190 0.541931337
K:/c: 0.999990000 0.000010000 0.000000000
K:/crr: 0.000000000 0.999995000 0.000005000
K:/r: 0.590619621 0.409373712 0.000006667
KJ:/cc/c: 0.500000000 0.500000000 0.000000000
KJ:/cc/crr: 0.000000000 0.500000000 0.500000000
KJ:/cc/r: 0.333333333 0.333333333 0.333333333
KJ:/crc/c: 0.107598922 0.892401078 0.000000000
KJ:/crc/crr: 0.000000000 0.999976765 0.000023235
KJ:/crc/r: 0.000028421 0.736230652 0.263740927
KJ:/crrc/c: 0.350047602 0.649952398 0.000000000
KJ:/crrc/crr: 0.000000000 0.896318014 0.103681986
KJ:/crrc/r: 0.002201012 0.877032471 0.120766517
KJ:/rc/c: 0.432904892 0.567095108 0.000000000
KJ:/rc/crr: 0.000000000 0.931582031 0.068417969
KJ:/rc/r: 0.057900590 0.732210737 0.209888673
KJ:/rrc/c: 0.132565623 0.867434377 0.000000000
KJ:/rrc/crr: 0.000000000 0.999978713 0.000021287
KJ:/rrc/r: 0.006126988 0.964255468 0.029617544
KK:/cc/c: 0.500000000 0.500000000 0.000000000
KK:/cc/crr: 0.000000000 0.500000000 0.500000000
KK:/cc/r: 0.333333333 0.333333333 0.333333333
KK:/crc/c: 0.999995000 0.000005000 0.000000000
KK:/crc/crr: 0.000000000 0.999997500 0.000002500
KK:/crc/r: 0.994701989 0.005294677 0.000003333
KK:/crrc/c: 0.999997500 0.000002500 0.000000000
KK:/crrc/crr: 0.000000000 0.999998750 0.000001250
KK:/crrc/r: 0.999772466 0.000225868 0.000001667
KK:/rc/c: 0.999991857 0.000008143 0.000000000
KK:/rc/crr: 0.000000000 0.999995929 0.000004071
KK:/rc/r: 0.999979190 0.000015382 0.000005428
KK:/rrc/c: 0.999994356 0.000005644 0.000000000
KK:/rrc/crr: 0.000000000 0.999997178 0.000002822
KK:/rrc/r: 0.999006805 0.000989432 0.000003763
KQ:/cc/c: 0.500000000 0.500000000 0.000000000
KQ:/cc/crr: 0.000000000 0.500000000 0.500000000
KQ:/cc/r: 0.333333333 0.333333333 0.333333333
KQ:/crc/c: 0.003444783 0.996555217 0.000000000
KQ:/crc/crr: 0.000000000 0.029691533 0.970308467
KQ:/crc/r: 0.000020175 0.440321475 0.559658350
KQ:/crrc/c: 0.572473002 0.427526998 0.000000000
KQ:/crrc/crr: 0.000000000 0.405929804 0.594070196
KQ:/crrc/r: 0.004204178 0.639353982 0.356441840
KQ:/rc/c: 0.000262867 0.999737133 0.000000000
KQ:/rc/crr: 0.000000000 0.015487902 0.984512098
KQ:/rc/r: 0.000015340 0.306468663 0.693515997
KQ:/rrc/c: 0.508385390 0.491614610 0.000000000
KQ:/rrc/crr: 0.000000000 0.529913678 0.470086322
KQ:/rrc/r: 0.079784526 0.533738574 0.386476900
Q:/c: 0.850815209 0.149184791 0.000000000
Q:/crr: 0.000000000 0.999994123 0.000005877
Q:/r: 0.382425516 0.617537720 0.000036764
QJ:/cc/c: 0.000033515 0.999966485 0.000000000
QJ:/cc/crr: 0.000000000 0.500000000 0.500000000
QJ:/cc/r: 0.000022344 0.000022344 0.999955313
QJ:/crc/c: 0.399676832 0.600323168 0.000000000
QJ:/crc/crr: 0.000000000 0.000079687 0.999920313
QJ:/crc/r: 0.000045139 0.000003918 0.999950943
QJ:/crrc/c: 0.000002938 0.999997062 0.000000000
QJ:/crrc/crr: 0.000000000 0.500000000 0.500000000
QJ:/crrc/r: 0.029046896 0.000001959 0.970951145
QJ:/rc/c: 0.000016802 0.999983198 0.000000000
QJ:/rc/crr: 0.000000000 0.160625031 0.839374969
QJ:/rc/r: 0.000003599 0.000003599 0.999992803
QJ:/rrc/c: 0.000076593 0.999923407 0.000000000
QJ:/rrc/crr: 0.000000000 0.056900055 0.943099945
QJ:/rrc/r: 0.000032792 0.000005811 0.999961397
QK:/cc/c: 0.050286103 0.949713897 0.000000000
QK:/cc/crr: 0.000000000 0.999666752 0.000333248
QK:/cc/r: 0.000087758 0.730703389 0.269208852
QK:/crc/c: 0.356042274 0.643957726 0.000000000
QK:/crc/crr: 0.000000000 0.007285713 0.992714287
QK:/crc/r: 0.000048849 0.474766687 0.525184464
QK:/crrc/c: 0.176960537 0.823039463 0.000000000
QK:/crrc/crr: 0.000000000 0.002147265 0.997852735
QK:/crrc/r: 0.000025936 0.290120235 0.709853830
QK:/rc/c: 0.366124168 0.633875832 0.000000000
QK:/rc/crr: 0.000000000 0.014373420 0.985626580
QK:/rc/r: 0.000008013 0.310135348 0.689856639
QK:/rrc/c: 0.420820429 0.579179571 0.000000000
QK:/rrc/crr: 0.000000000 0.054498656 0.945501344
QK:/rrc/r: 0.000060813 0.489992225 0.509946963
QQ:/cc/c: 0.999966485 0.000033515 0.000000000
QQ:/cc/crr: 0.000000000 0.999983242 0.000016758
QQ:/cc/r: 0.999921116 0.000056540 0.000022344
QQ:/crc/c: 0.999994123 0.000005877 0.000000000
QQ:/crc/crr: 0.000000000 0.999997062 0.000002938
QQ:/crc/r: 0.983787128 0.016208954 0.000003918
QQ:/crrc/c: 0.999997062 0.000002938 0.000000000
QQ:/crrc/crr: 0.000000000 0.999998531 0.000001469
QQ:/crrc/r: 0.999977202 0.000020840 0.000001959
QQ:/rc/c: 0.999994602 0.000005398 0.000000000
QQ:/rc/crr: 0.000000000 0.999997301 0.000002699
QQ:/rc/r: 0.999991541 0.000004860 0.000003599
QQ:/rrc/c: 0.999991284 0.000008716 0.000000000
QQ:/rrc/crr: 0.000000000 0.999995642 0.000004358
QQ:/rrc/r: 0.999960431 0.000033758 0.000005811
