J:/c: 0.306653635 0.693346365 0.000000000
J:/crr: 0.000000000 0.999983695 0.000016305
J:/r: 0.052776995 0.110844693 0.836378312
JJ:/cc/c: 0.999992789 0.000007211 0.000000000
JJ:/cc/crr: 0.000000000 0.999996394 0.000003606
JJ:/cc/r: 0.999990385 0.000004808 0.000004808
JJ:/crc/c: 0.999983695 0.000016305 0.000000000
JJ:/crc/crr: 0.000000000 0.999991847 0.000008153
JJ:/crc/r: 0.999908142 0.000080988 0.000010870
JJ:/crrc/c: 0.999991847 0.000008153 0.000000000
JJ:/crrc/crr: 0.000000000 0.999995924 0.000004076
JJ:/crrc/r: 0.999962314 0.000032251 0.000005435
JJ:/rc/c: 0.999969928 0.000030072 0.000000000
JJ:/rc/crr: 0.000000000 0.999984963 0.000015037
JJ:/rc/r: 0.999715608 0.000264344 0.000020048
JJ:/rrc/c: 0.999936841 0.000063159 0.000000000
JJ:/rrc/crr: 0.000000000 0.999968419 0.000031581
JJ:/rrc/r: 0.999915788 0.000042106 0.000042106
JK:/cc/c: 0.001675331 0.998324669 0.000000000
JK:/cc/crr: 0.000000000 0.002152233 0.997847767
JK:/cc/r: 0.000004808 0.000004808 0.999990385
JK:/crc/c: 0.523510067 0.476489933 0.000000000
JK:/crc/crr: 0.000000000 0.000015573 0.999984427
JK:/crc/r: 0.000037409 0.000010870 0.999951721
JK:/crrc/c: 0.463270759 0.536729241 0.000000000
JK:/crrc/crr: 0.000000000 0.000008799 0.999991201
JK:/crrc/r: 0.235583387 0.000005435 0.764411178
JK:/rc/c: 0.378837432 0.621162568 0.000000000
JK:/rc/crr: 0.000000000 0.000039690 0.999960310
JK:/rc/r: 0.296996185 0.000020048 0.702983766
JK:/rrc/c: 0.999936841 0.000063159 0.000000000
JK:/rrc/crr: 0.000000000 0.000031581 0.999968419
JK:/rrc/r: 0.533427302 0.000042106 0.466530592
JQ:/cc/c: 0.001527360 0.998472640 0.000000000
JQ:/cc/crr: 0.000000000 0.002360741 0.997639259
JQ:/cc/r: 0.051719573 0.000004808 0.948275619
JQ:/crc/c: 0.607863590 0.392136410 0.000000000
JQ:/crc/crr: 0.000000000 0.000013412 0.999986588
JQ:/crc/r: 0.037792078 0.000010870 0.962197052
JQ:/crrc/c: 0.057733968 0.942266032 0.000000000
JQ:/crrc/crr: 0.000000000 0.000070605 0.999929395
JQ:/crrc/r: 0.020589908 0.000005435 0.979404657
JQ:/rc/c: 0.999969928 0.000030072 0.000000000
JQ:/rc/crr: 0.000000000 0.000015037 0.999984963
JQ:/rc/r: 0.000020048 0.000020048 0.999959904
JQ:/rrc/c: 0.122488427 0.877511573 0.000000000
JQ:/rrc/crr: 0.000000000 0.000257816 0.999742184
JQ:/rrc/r: 0.752530167 0.000042106 0.247427727
K:/c: 0.999990000 0.000010000 0.000000000
K:/crr: 0.000000000 0.999995000 0.000005000
K:/r: 0.626854737 0.373138597 0.000006667
KJ:/cc/c: 0.500000000 0.500000000 0.000000000
KJ:/cc/crr: 0.000000000 0.500000000 0.500000000
KJ:/cc/r: 0.333333333 0.333333333 0.333333333
KJ:/crc/c: 0.165484385 0.834515615 0.000000000
KJ:/crc/crr: 0.000000000 0.999984893 0.000015107
KJ:/crc/r: 0.000003333 0.758590192 0.241406474
KJ:/crrc/c: 0.277896097 0.722103903 0.000000000
KJ:/crrc/crr: 0.000000000 0.999995502 0.000004498
KJ:/crrc/r: 0.000913542 0.920979510 0.078106948
KJ:/rc/c: 0.423847131 0.576152869 0.000000000
KJ:/rc/crr: 0.000000000 0.999989462 0.000010538
KJ:/rc/r: 0.000026928 0.775359492 0.224613580
KJ:/rrc/c: 0.187902735 0.812097265 0.000000000
KJ:/rrc/crr: 0.000000000 0.999985850 0.000014150
KJ:/rrc/r: 0.000079549 0.999916906 0.000003545
KK:/cc/c: 0.500000000 0.500000000 0.000000000
KK:/cc/crr: 0.000000000 0.500000000 0.500000000
KK:/cc/r: 0.333333333 0.333333333 0.333333333
KK:/crc/c: 0.999995000 0.000005000 0.000000000
KK:/crc/crr: 0.000000000 0.999997500 0.000002500
KK:/crc/r: 0.999721130 0.000275537 0.000003333
KK:/crrc/c: 0.999997500 0.000002500 0.000000000
KK:/crrc/crr: 0.000000000 0.999998750 0.000001250
KK:/crrc/r: 0.999787343 0.000210991 0.000001667
KK:/rc/c: 0.999991067 0.000008933 0.000000000
KK:/rc/crr: 0.000000000 0.999995533 0.000004467
KK:/rc/r: 0.999968038 0.000026006 0.000005955
KK:/rrc/c: 0.999994682 0.000005318 0.000000000
KK:/rrc/crr: 0.000000000 0.999997341 0.000002659
KK:/rrc/r: 0.998642983 0.001353472 0.000003545
KQ:/cc/c: 0.500000000 0.500000000 0.000000000
KQ:/cc/crr: 0.000000000 0.500000000 0.500000000
KQ:/cc/r: 0.333333333 0.333333333 0.333333333
KQ:/crc/c: 0.000340822 0.999659178 0.000000000
KQ:/crc/crr: 0.000000000 0.992664728 0.007335272
KQ:/crc/r: 0.000013025 0.424404160 0.575582814
KQ:/crrc/c: 0.622603393 0.377396607 0.000000000
KQ:/crrc/crr: 0.000000000 0.415537025 0.584462975
KQ:/crrc/r: 0.000036650 0.760412082 0.239551267
KQ:/rc/c: 0.000008933 0.999991067 0.000000000
KQ:/rc/crr: 0.000000000 0.500000000 0.500000000
KQ:/rc/r: 0.000010369 0.292668837 0.707320794
KQ:/rrc/c: 0.516640801 0.483359199 0.000000000
KQ:/rrc/crr: 0.000000000 0.433235068 0.566764932
KQ:/rrc/r: 0.000423561 0.628216891 0.371359547
Q:/c: 0.879894931 0.120105069 0.000000000
Q:/crr: 0.000000000 0.999994318 0.000005682
Q:/r: 0.445872889 0.554079141 0.000047970
QJ:/cc/c: 0.000041630 0.999958370 0.000000000
QJ:/cc/crr: 0.000000000 0.500000000 0.500000000
QJ:/cc/r: 0.000027753 0.000027753 0.999944493
QJ:/crc/c: 0.458074154 0.541925846 0.000000000
QJ:/crc/crr: 0.000000000 0.000019850 0.999980150
QJ:/crc/r: 0.000003788 0.000003788 0.999992423
QJ:/crrc/c: 0.000002841 0.999997159 0.000000000
QJ:/crrc/crr: 0.000000000 0.500000000 0.500000000
QJ:/crrc/r: 0.000001894 0.000001894 0.999996212
QJ:/rc/c: 0.000006016 0.999993984 0.000000000
QJ:/rc/crr: 0.000000000 0.500000000 0.500000000
QJ:/rc/r: 0.025216471 0.000004011 0.974779519
QJ:/rrc/c: 0.000007476 0.999992524 0.000000000
QJ:/rrc/crr: 0.000000000 0.500000000 0.500000000
QJ:/rrc/r: 0.000004984 0.000004984 0.999990032
QK:/cc/c: 0.014692963 0.985307037 0.000000000
QK:/cc/crr: 0.000000000 0.998583328 0.001416672
QK:/cc/r: 0.000027753 0.833778470 0.166193776
QK:/crc/c: 0.301570325 0.698429675 0.000000000
QK:/crc/crr: 0.000000000 0.000633464 0.999366536
QK:/crc/r: 0.000017812 0.471835157 0.528147031
QK:/crrc/c: 0.016427980 0.983572020 0.000000000
QK:/crrc/crr: 0.000000000 0.011587244 0.988412756
QK:/crrc/r: 0.000005734 0.284704968 0.715289299
QK:/rc/c: 0.376741303 0.623258697 0.000000000
QK:/rc/crr: 0.000000000 0.000074876 0.999925124
QK:/rc/r: 0.000004011 0.337163846 0.662832143
QK:/rrc/c: 0.445215015 0.554784985 0.000000000
QK:/rrc/crr: 0.000000000 0.017660740 0.982339260
QK:/rrc/r: 0.000006348 0.443680166 0.556313486
QQ:/cc/c: 0.999958370 0.000041630 0.000000000
QQ:/cc/crr: 0.000000000 0.999979184 0.000020816
QQ:/cc/r: 0.999667346 0.000304901 0.000027753
QQ:/crc/c: 0.999994318 0.000005682 0.000000000
QQ:/crc/crr: 0.000000000 0.999997159 0.000002841
QQ:/crc/r: 0.999940852 0.000055359 0.000003788
QQ:/crrc/c: 0.999997159 0.000002841 0.000000000
QQ:/crrc/crr: 0.000000000 0.999998579 0.000001421
QQ:/crrc/r: 0.999979822 0.000018283 0.000001894
QQ:/rc/c: 0.999993984 0.000006016 0.000000000
QQ:/rc/crr: 0.000000000 0.999996992 0.000003008
QQ:/rc/r: 0.992021352 0.007974638 0.000004011
QQ:/rrc/c: 0.999992524 0.000007476 0.000000000
QQ:/rrc/crr: 0.000000000 0.999996262 0.000003738
QQ:/rrc/r: 0.999985569 0.000009447 0.000004984
