J:/c: 0.311048504 0.688951496 0.000000000
J:/crr: 0.000000000 0.999983925 0.000016075
J:/r: 0.053529805 0.128080244 0.818389951
JJ:/cc/c: 0.999992743 0.000007257 0.000000000
JJ:/cc/crr: 0.000000000 0.999996371 0.000003629
JJ:/cc/r: 0.999990323 0.000004838 0.000004838
JJ:/crc/c: 0.999983925 0.000016075 0.000000000
JJ:/crc/crr: 0.000000000 0.999991963 0.000008037
JJ:/crc/r: 0.999801311 0.000187973 0.000010716
JJ:/crrc/c: 0.999991963 0.000008037 0.000000000
JJ:/crrc/crr: 0.000000000 0.999995981 0.000004019
JJ:/crrc/r: 0.999937199 0.000057442 0.000005358
JJ:/rc/c: 0.999973975 0.000026025 0.000000000
JJ:/rc/crr: 0.000000000 0.999986987 0.000013013
JJ:/rc/r: 0.999965300 0.000017350 0.000017350
JJ:/rrc/c: 0.999937729 0.000062271 0.000000000
JJ:/rrc/crr: 0.000000000 0.999968863 0.000031137
JJ:/rrc/r: 0.999882168 0.000076318 0.000041514
JK:/cc/c: 0.002266368 0.997733632 0.000000000
JK:/cc/crr: 0.000000000 0.001601109 0.998398891
JK:/cc/r: 0.000004838 0.000004838 0.999990323
JK:/crc/c: 0.496720905 0.503279095 0.000000000
JK:/crc/crr: 0.000000000 0.000016181 0.999983819
JK:/crc/r: 0.000024800 0.000010716 0.999964484
JK:/crrc/c: 0.445619632 0.554380368 0.000000000
JK:/crrc/crr: 0.000000000 0.000164561 0.999835439
JK:/crrc/r: 0.183500944 0.000005358 0.816493698
JK:/rc/c: 0.391638047 0.608361953 0.000000000
JK:/rc/crr: 0.000000000 0.000033226 0.999966774
JK:/rc/r: 0.362104234 0.000017350 0.637878416
JK:/rrc/c: 0.999937729 0.000062271 0.000000000
JK:/rrc/crr: 0.000000000 0.000031137 0.999968863
JK:/rrc/r: 0.285000806 0.000041514 0.714957680
JQ:/cc/c: 0.072477249 0.927522751 0.000000000
JQ:/cc/crr: 0.000000000 0.000050067 0.999949933
JQ:/cc/r: 0.037123630 0.000004838 0.962871532
JQ:/crc/c: 0.423784281 0.576215719 0.000000000
JQ:/crc/crr: 0.000000000 0.000018966 0.999981034
JQ:/crc/r: 0.000059193 0.000010716 0.999930090
JQ:/crrc/c: 0.052316288 0.947683712 0.000000000
JQ:/crrc/crr: 0.000000000 0.000076816 0.999923184
JQ:/crrc/r: 0.224375042 0.000005358 0.775619600
JQ:/rc/c: 0.999163686 0.000836314 0.000000000
JQ:/rc/crr: 0.000000000 0.000013024 0.999986976
JQ:/rc/r: 0.000017350 0.000017350 0.999965300
JQ:/rrc/c: 0.000062271 0.999937729 0.000000000
JQ:/rrc/crr: 0.000000000 0.500000000 0.500000000
JQ:/rrc/r: 0.609265899 0.000041514 0.390692587
K:/c: 0.999990000 0.000010000 0.000000000
K:/crr: 0.000000000 0.999995000 0.000005000
K:/r: 0.575908870 0.424084464 0.000006667
KJ:/cc/c: 0.500000000 0.500000000 0.000000000
KJ:/cc/crr: 0.000000000 0.500000000 0.500000000
KJ:/cc/r: 0.333333333 0.333333333 0.333333333
KJ:/crc/c: 0.072644829 0.927355171 0.000000000
KJ:/crc/crr: 0.000000000 0.999965586 0.000034414
KJ:/crc/r: 0.000037902 0.764461366 0.235500732
KJ:/crrc/c: 0.395177295 0.604822705 0.000000000
KJ:/crrc/crr: 0.000000000 0.999996837 0.000003163
KJ:/crrc/r: 0.088836874 0.729207222 0.181955904
KJ:/rc/c: 0.428429519 0.571570481 0.000000000
KJ:/rc/crr: 0.000000000 0.726301282 0.273698718
KJ:/rc/r: 0.065227821 0.707992031 0.226780148
KJ:/rrc/c: 0.274858584 0.725141416 0.000000000
KJ:/rrc/crr: 0.000000000 0.999989471 0.000010529
KJ:/rrc/r: 0.000563931 0.974293057 0.025143012
KK:/cc/c: 0.500000000 0.500000000 0.000000000
KK:/cc/crr: 0.000000000 0.500000000 0.500000000
KK:/cc/r: 0.333333333 0.333333333 0.333333333
KK:/crc/c: 0.999995000 0.000005000 0.000000000
KK:/crc/crr: 0.000000000 0.999997500 0.000002500
KK:/crc/r: 0.999987581 0.000009086 0.000003333
KK:/crrc/c: 0.999997500 0.000002500 0.000000000
KK:/crrc/crr: 0.000000000 0.999998750 0.000001250
KK:/crrc/r: 0.999985242 0.000013091 0.000001667
KK:/rc/c: 0.999992140 0.000007860 0.000000000
KK:/rc/crr: 0.000000000 0.999996070 0.000003930
KK:/rc/r: 0.999980877 0.000013883 0.000005240
KK:/rrc/c: 0.999994212 0.000005788 0.000000000
KK:/rrc/crr: 0.000000000 0.999997106 0.000002894
KK:/rrc/r: 0.999876293 0.000119849 0.000003859
KQ:/cc/c: 0.500000000 0.500000000 0.000000000
KQ:/cc/crr: 0.000000000 0.500000000 0.500000000
KQ:/cc/r: 0.333333333 0.333333333 0.333333333
KQ:/crc/c: 0.242401053 0.757598947 0.000000000
KQ:/crc/crr: 0.000000000 0.000642092 0.999357908
KQ:/crc/r: 0.000019147 0.452680650 0.547300204
KQ:/crrc/c: 0.593079809 0.406920191 0.000000000
KQ:/crrc/crr: 0.000000000 0.385017392 0.614982608
KQ:/crrc/r: 0.000018163 0.677845831 0.322136006
KQ:/rc/c: 0.000970384 0.999029616 0.000000000
KQ:/rc/crr: 0.000000000 0.013432030 0.986567970
KQ:/rc/r: 0.000016942 0.298514195 0.701468864
KQ:/rrc/c: 0.515332665 0.484667335 0.000000000
KQ:/rrc/crr: 0.000000000 0.483373636 0.516626364
KQ:/rrc/r: 0.002906654 0.675289977 0.321803369
Q:/c: 0.852005882 0.147994118 0.000000000
Q:/crr: 0.000000000 0.999994131 0.000005869
Q:/r: 0.361917638 0.638025843 0.000056519
QJ:/cc/c: 0.000033785 0.999966215 0.000000000
QJ:/cc/crr: 0.000000000 0.500000000 0.500000000
QJ:/cc/r: 0.000022523 0.000022523 0.999954953
QJ:/crc/c: 0.395578369 0.604421631 0.000000000
QJ:/crc/crr: 0.000000000 0.000043822 0.999956178
QJ:/crc/r: 0.000003912 0.000003912 0.999992175
QJ:/crrc/c: 0.000002934 0.999997066 0.000000000
QJ:/crrc/crr: 0.000000000 0.500000000 0.500000000
QJ:/crrc/r: 0.006913098 0.000001956 0.993084946
QJ:/rc/c: 0.000051546 0.999948454 0.000000000
QJ:/rc/crr: 0.000000000 0.050677494 0.949322506
QJ:/rc/r: 0.000025446 0.000003483 0.999971071
QJ:/rrc/c: 0.000009210 0.999990790 0.000000000
QJ:/rrc/crr: 0.000000000 0.500000000 0.500000000
QJ:/rrc/r: 0.001573214 0.000006140 0.998420646
QK:/cc/c: 0.007054986 0.992945014 0.000000000
QK:/cc/crr: 0.000000000 0.997605585 0.002394415
QK:/cc/r: 0.000066263 0.723403782 0.276529955
QK:/crc/c: 0.376145914 0.623854086 0.000000000
QK:/crc/crr: 0.000000000 0.001317914 0.998682086
QK:/crc/r: 0.000047802 0.462329997 0.537622201
QK:/crrc/c: 0.000461516 0.999538484 0.000000000
QK:/crrc/crr: 0.000000000 0.996821053 0.003178947
QK:/crrc/r: 0.000051836 0.276771495 0.723176668
QK:/rc/c: 0.355679318 0.644320682 0.000000000
QK:/rc/crr: 0.000000000 0.013374539 0.986625461
QK:/rc/r: 0.000004388 0.294739572 0.705256040
QK:/rrc/c: 0.439002472 0.560997528 0.000000000
QK:/rrc/crr: 0.000000000 0.081803703 0.918196297
QK:/rrc/r: 0.000077936 0.529278492 0.470643572
QQ:/cc/c: 0.999966215 0.000033785 0.000000000
QQ:/cc/crr: 0.000000000 0.999983107 0.000016893
QQ:/cc/r: 0.999751837 0.000225639 0.000022523
QQ:/crc/c: 0.999994131 0.000005869 0.000000000
QQ:/crc/crr: 0.000000000 0.999997066 0.000002934
QQ:/crc/r: 0.999930821 0.000065267 0.000003912
QQ:/crrc/c: 0.999997066 0.000002934 0.000000000
QQ:/crrc/crr: 0.000000000 0.999998533 0.000001467
QQ:/crrc/r: 0.999932840 0.000065203 0.000001956
QQ:/rc/c: 0.999994776 0.000005224 0.000000000
QQ:/rc/crr: 0.000000000 0.999997388 0.000002612
QQ:/rc/r: 0.970707380 0.029289137 0.000003483
QQ:/rrc/c: 0.999990790 0.000009210 0.000000000
QQ:/rrc/crr: 0.000000000 0.999995395 0.000004605
QQ:/rrc/r: 0.999944361 0.000049499 0.000006140
