J:/: 0.082907278 0.917092722 0.000000000
J:/cr: 0.017229056 0.039131925 0.943639019
J:/rr: 0.000000000 0.999939692 0.000060308
JJ:/cc/: 0.000300468 0.999699532 0.000000000
JJ:/cc/cr: 0.999996364 0.000001818 0.000001818
JJ:/cc/rr: 0.000000000 0.990927469 0.009072531
JJ:/crc/: 0.957226977 0.042773023 0.000000000
JJ:/crc/cr: 0.999276159 0.000361920 0.000361920
JJ:/crc/rr: 0.000000000 0.999975742 0.000024258
JJ:/crrc/: 0.968302692 0.031697308 0.000000000
JJ:/crrc/cr: 0.997781495 0.001109252 0.001109252
JJ:/crrc/rr: 0.000000000 0.999945533 0.000054467
JJ:/rc/: 0.870682624 0.129317376 0.000000000
JJ:/rc/cr: 0.999689094 0.000155453 0.000155453
JJ:/rc/rr: 0.000000000 0.999965367 0.000034633
JJ:/rrc/: 0.995090076 0.004909924 0.000000000
JJ:/rrc/cr: 0.995905438 0.002047281 0.002047281
JJ:/rrc/rr: 0.000000000 0.999984848 0.000015152
JK:/cc/: 0.073952664 0.926047336 0.000000000
JK:/cc/cr: 0.000550968 0.000001962 0.999447069
JK:/cc/rr: 0.000000000 0.000036861 0.999963139
JK:/crc/: 0.057321288 0.942678712 0.000000000
JK:/crc/cr: 0.035681472 0.000016422 0.964302107
JK:/crc/rr: 0.000000000 0.000405096 0.999594904
JK:/crrc/: 0.999771791 0.000228209 0.000000000
JK:/crrc/cr: 0.154070711 0.154070711 0.691858578
JK:/crrc/rr: 0.000000000 0.000052753 0.999947247
JK:/rc/: 0.979240871 0.020759129 0.000000000
JK:/rc/cr: 0.916954564 0.000968383 0.082077054
JK:/rc/rr: 0.000000000 0.000030793 0.999969207
JK:/rrc/: 0.513804727 0.486195273 0.000000000
JK:/rrc/cr: 0.754522741 0.000020675 0.245456584
JK:/rrc/rr: 0.000000000 0.000029346 0.999970654
JQ:/cc/: 0.229858762 0.770141238 0.000000000
JQ:/cc/cr: 0.000008434 0.000002360 0.999989206
JQ:/cc/rr: 0.000000000 0.000011859 0.999988141
JQ:/crc/: 0.990608000 0.009392000 0.000000000
JQ:/crc/cr: 0.340529286 0.001648257 0.657822457
JQ:/crc/rr: 0.000000000 0.000023441 0.999976559
JQ:/crrc/: 0.064295523 0.935704477 0.000000000
JQ:/crrc/cr: 0.061316585 0.000037576 0.938645839
JQ:/crrc/rr: 0.000000000 0.000820282 0.999179718
JQ:/rc/: 0.993917987 0.006082013 0.000000000
JQ:/rc/cr: 0.003305284 0.003305284 0.993389432
JQ:/rc/rr: 0.000000000 0.000030339 0.999969661
JQ:/rrc/: 0.115929147 0.884070853 0.000000000
JQ:/rrc/cr: 0.003164433 0.000011370 0.996824197
JQ:/rrc/rr: 0.000000000 0.000130062 0.999869938
K:/: 0.758132585 0.241867415 0.000000000
K:/cr: 0.649256747 0.350729471 0.000013782
K:/rr: 0.000000000 0.999993405 0.000006595
KJ:/cc/: 0.000056669 0.999943331 0.000000000
KJ:/cc/cr: 0.000050660 0.000009500 0.999939840
KJ:/cc/rr: 0.000000000 0.817603390 0.182396610
KJ:/crc/: 0.000042812 0.999957188 0.000000000
KJ:/crc/cr: 0.000150887 0.999842563 0.000006549
KJ:/crc/rr: 0.000000000 0.770542445 0.229457555
KJ:/crrc/: 0.064189057 0.935810943 0.000000000
KJ:/crrc/cr: 0.004898593 0.990996803 0.004104604
KJ:/crrc/rr: 0.000000000 0.385608097 0.614391903
KJ:/rc/: 0.089675772 0.910324228 0.000000000
KJ:/rc/cr: 0.008876331 0.951164474 0.039959195
KJ:/rc/rr: 0.000000000 0.391288819 0.608711181
KJ:/rrc/: 0.092536374 0.907463626 0.000000000
KJ:/rrc/cr: 0.000767961 0.998585990 0.000646049
KJ:/rrc/rr: 0.000000000 0.485502370 0.514497630
KK:/cc/: 0.997885252 0.002114748 0.000000000
KK:/cc/cr: 0.993483074 0.003258463 0.003258463
KK:/cc/rr: 0.000000000 0.999989642 0.000010358
KK:/crc/: 0.149498370 0.850501630 0.000000000
KK:/crc/cr: 0.999984600 0.000007700 0.000007700
KK:/crc/rr: 0.000000000 0.999934290 0.000065710
KK:/crrc/: 0.985819338 0.014180662 0.000000000
KK:/crrc/cr: 0.999501038 0.000249481 0.000249481
KK:/crrc/rr: 0.000000000 0.999994617 0.000005383
KK:/rc/: 0.884757188 0.115242812 0.000000000
KK:/rc/cr: 0.999961848 0.000019076 0.000019076
KK:/rc/rr: 0.000000000 0.999996273 0.000003727
KK:/rrc/: 0.558369739 0.441630261 0.000000000
KK:/rrc/cr: 0.999995022 0.000002489 0.000002489
KK:/rrc/rr: 0.000000000 0.999997047 0.000002953
KQ:/cc/: 0.000059816 0.999940184 0.000000000
KQ:/cc/cr: 0.000056622 0.420879675 0.579063703
KQ:/cc/rr: 0.000000000 0.827198815 0.172801185
KQ:/crc/: 0.870409482 0.129590518 0.000000000
KQ:/crc/cr: 0.000349921 0.599267128 0.400382951
KQ:/crc/rr: 0.000000000 0.000026400 0.999973600
KQ:/crrc/: 0.027993406 0.972006594 0.000000000
KQ:/crrc/cr: 0.065571268 0.647601637 0.286827095
KQ:/crrc/rr: 0.000000000 0.330170100 0.669829900
KQ:/rc/: 0.000052213 0.999947787 0.000000000
KQ:/rc/cr: 0.000037916 0.505964888 0.493997195
KQ:/rc/rr: 0.000000000 0.936843498 0.063156502
KQ:/rrc/: 0.688752115 0.311247885 0.000000000
KQ:/rrc/cr: 0.021255025 0.898858316 0.079886659
KQ:/rrc/rr: 0.000000000 0.400883658 0.599116342
Q:/: 0.724078432 0.275921568 0.000000000
Q:/cr: 0.141087359 0.857575591 0.001337050
Q:/rr: 0.000000000 0.999993095 0.000006905
QJ:/cc/: 0.000018121 0.999981879 0.000000000
QJ:/cc/cr: 0.000020553 0.000006040 0.999973407
QJ:/cc/rr: 0.000000000 0.500000000 0.500000000
QJ:/crc/: 0.030559879 0.969440121 0.000000000
QJ:/crc/cr: 0.002880280 0.000002422 0.997117299
QJ:/crc/rr: 0.000000000 0.000115242 0.999884758
QJ:/crrc/: 0.009015666 0.990984334 0.000000000
QJ:/crrc/cr: 0.000188389 0.000014401 0.999797210
QJ:/crrc/rr: 0.000000000 0.002374363 0.997625637
QJ:/rc/: 0.007339633 0.992660367 0.000000000
QJ:/rc/cr: 0.000024085 0.000002319 0.999973596
QJ:/rc/rr: 0.000000000 0.000470414 0.999529586
QJ:/rrc/: 0.000008240 0.999991760 0.000000000
QJ:/rrc/cr: 0.000001381 0.000001151 0.999997468
QJ:/rrc/rr: 0.000000000 0.209519121 0.790480879
QK:/cc/: 0.610781297 0.389218703 0.000000000
QK:/cc/cr: 0.000875357 0.998432035 0.000692608
QK:/cc/rr: 0.000000000 0.999985166 0.000014834
QK:/crc/: 0.003579644 0.996420356 0.000000000
QK:/crc/cr: 0.000002356 0.554215691 0.445781952
QK:/crc/rr: 0.000000000 0.000983832 0.999016168
QK:/crrc/: 0.932232539 0.067767461 0.000000000
QK:/crrc/cr: 0.000330920 0.443280343 0.556388736
QK:/crrc/rr: 0.000000000 0.001223265 0.998776735
QK:/rc/: 0.487351350 0.512648650 0.000000000
QK:/rc/cr: 0.045042873 0.512936526 0.442020601
QK:/rc/rr: 0.000000000 0.197869075 0.802130925
QK:/rrc/: 0.137397713 0.862602287 0.000000000
QK:/rrc/cr: 0.000001334 0.296261711 0.703736954
QK:/rrc/rr: 0.000000000 0.000618980 0.999381020
QQ:/cc/: 0.589475879 0.410524121 0.000000000
QQ:/cc/cr: 0.999970572 0.000014714 0.000014714
QQ:/cc/rr: 0.000000000 0.999984629 0.000015371
QQ:/crc/: 0.991725944 0.008274056 0.000000000
QQ:/crc/cr: 0.999432480 0.000283760 0.000283760
QQ:/crc/rr: 0.000000000 0.999996449 0.000003551
QQ:/crrc/: 0.256248716 0.743751284 0.000000000
QQ:/crrc/cr: 0.999961624 0.000019188 0.000019188
QQ:/crrc/rr: 0.000000000 0.999916462 0.000083538
QQ:/rc/: 0.572816649 0.427183351 0.000000000
QQ:/rc/cr: 0.999989223 0.000005388 0.000005388
QQ:/rc/rr: 0.000000000 0.999993972 0.000006028
QQ:/rrc/: 0.983217028 0.016782972 0.000000000
QQ:/rrc/cr: 0.999862850 0.000068575 0.000068575
QQ:/rrc/rr: 0.000000000 0.999998244 0.000001756
