J:/: 0.073391941 0.926608059 0.000000000
J:/cr: 0.018514542 0.033557057 0.947928401
J:/rr: 0.000000000 0.999931873 0.000068127
JJ:/cc/: 0.000116249 0.999883751 0.000000000
JJ:/cc/cr: 0.999996402 0.000001799 0.000001799
JJ:/cc/rr: 0.000000000 0.976791123 0.023208877
JJ:/crc/: 0.959021487 0.040978513 0.000000000
JJ:/crc/cr: 0.999127990 0.000436005 0.000436005
JJ:/crc/rr: 0.000000000 0.999972055 0.000027945
JJ:/crrc/: 0.998553161 0.001446839 0.000000000
JJ:/crrc/cr: 0.955236070 0.022381965 0.022381965
JJ:/crrc/rr: 0.000000000 0.999951355 0.000048645
JJ:/rc/: 0.946916398 0.053083602 0.000000000
JJ:/rc/cr: 0.999144402 0.000427799 0.000427799
JJ:/rc/rr: 0.000000000 0.999964027 0.000035973
JJ:/rrc/: 0.999838807 0.000161193 0.000000000
JJ:/rrc/cr: 0.859109215 0.070445392 0.070445392
JJ:/rrc/rr: 0.000000000 0.999982964 0.000017036
JK:/cc/: 0.081494390 0.918505610 0.000000000
JK:/cc/cr: 0.000001958 0.000001958 0.999996083
JK:/cc/rr: 0.000000000 0.000033107 0.999966893
JK:/crc/: 0.063597215 0.936402785 0.000000000
JK:/crc/cr: 0.017577630 0.000019080 0.982403290
JK:/crc/rr: 0.000000000 0.000421406 0.999578594
JK:/crrc/: 0.999902851 0.000097149 0.000000000
JK:/crrc/cr: 0.333333333 0.333333333 0.333333333
JK:/crrc/rr: 0.000000000 0.000048579 0.999951421
JK:/rc/: 0.998405072 0.001594928 0.000000000
JK:/rc/cr: 0.950060263 0.014238335 0.035701402
JK:/rc/rr: 0.000000000 0.000034118 0.999965882
JK:/rrc/: 0.548307520 0.451692480 0.000000000
JK:/rrc/cr: 0.970370680 0.000025140 0.029604180
JK:/rrc/rr: 0.000000000 0.000031065 0.999968935
JQ:/cc/: 0.175027982 0.824972018 0.000000000
JQ:/cc/cr: 0.000002180 0.000002180 0.999995639
JQ:/cc/rr: 0.000000000 0.000015415 0.999984585
JQ:/crc/: 0.996341269 0.003658731 0.000000000
JQ:/crc/cr: 0.004883341 0.004883341 0.990233318
JQ:/crc/rr: 0.000000000 0.000026899 0.999973101
JQ:/crrc/: 0.034545060 0.965454940 0.000000000
JQ:/crrc/cr: 0.120460196 0.000033542 0.879506262
JQ:/crrc/rr: 0.000000000 0.001406124 0.998593876
JQ:/rc/: 0.999357515 0.000642485 0.000000000
JQ:/rc/cr: 0.035345786 0.035345786 0.929308428
JQ:/rc/rr: 0.000000000 0.000034086 0.999965914
JQ:/rrc/: 0.144122911 0.855877089 0.000000000
JQ:/rrc/cr: 0.000013267 0.000013267 0.999973465
JQ:/rrc/rr: 0.000000000 0.000118184 0.999881816
K:/: 0.755112281 0.244887719 0.000000000
K:/cr: 0.695197237 0.304789152 0.000013612
K:/rr: 0.000000000 0.999993378 0.000006622
KJ:/cc/: 0.000020418 0.999979582 0.000000000
KJ:/cc/cr: 0.000006806 0.000006806 0.999986388
KJ:/cc/rr: 0.000000000 0.500000000 0.500000000
KJ:/crc/: 0.000022330 0.999977670 0.000000000
KJ:/crc/cr: 0.000007443 0.999985113 0.000007443
KJ:/crc/rr: 0.000000000 0.500000000 0.500000000
KJ:/crrc/: 0.058674150 0.941325850 0.000000000
KJ:/crrc/cr: 0.000003467 0.999993067 0.000003467
KJ:/crrc/rr: 0.000000000 0.475951502 0.524048498
KJ:/rc/: 0.054420815 0.945579185 0.000000000
KJ:/rc/cr: 0.005342153 0.981113238 0.013544609
KJ:/rc/rr: 0.000000000 0.477295877 0.522704123
KJ:/rrc/: 0.079491461 0.920508539 0.000000000
KJ:/rrc/cr: 0.000003569 0.999978356 0.000018075
KJ:/rrc/rr: 0.000000000 0.449378454 0.550621546
KK:/cc/: 0.999802565 0.000197435 0.000000000
KK:/cc/cr: 0.931057460 0.034471270 0.034471270
KK:/cc/rr: 0.000000000 0.999989789 0.000010211
KK:/crc/: 0.154094667 0.845905333 0.000000000
KK:/crc/cr: 0.999982402 0.000008799 0.000008799
KK:/crc/rr: 0.000000000 0.999927546 0.000072454
KK:/crrc/: 0.995316872 0.004683128 0.000000000
KK:/crrc/cr: 0.998606373 0.000696813 0.000696813
KK:/crrc/rr: 0.000000000 0.999995082 0.000004918
KK:/rc/: 0.816881244 0.183118756 0.000000000
KK:/rc/cr: 0.999975893 0.000012053 0.000012053
KK:/rc/rr: 0.000000000 0.999995947 0.000004053
KK:/rrc/: 0.521230776 0.478769224 0.000000000
KK:/rrc/cr: 0.999995390 0.000002305 0.000002305
KK:/rrc/rr: 0.000000000 0.999996824 0.000003176
KQ:/cc/: 0.000020418 0.999979582 0.000000000
KQ:/cc/cr: 0.000006806 0.447902371 0.552090823
KQ:/cc/rr: 0.000000000 0.500000000 0.500000000
KQ:/crc/: 0.891320922 0.108679078 0.000000000
KQ:/crc/cr: 0.000068488 0.668016581 0.331914930
KQ:/crc/rr: 0.000000000 0.000012526 0.999987474
KQ:/crrc/: 0.013730753 0.986269247 0.000000000
KQ:/crrc/cr: 0.024271614 0.693190717 0.282537669
KQ:/crrc/rr: 0.000000000 0.432545500 0.567454500
KQ:/rc/: 0.000056087 0.999943913 0.000000000
KQ:/rc/cr: 0.000012636 0.491537705 0.508449659
KQ:/rc/rr: 0.000000000 0.940970550 0.059029450
KQ:/rrc/: 0.709045130 0.290954870 0.000000000
KQ:/rrc/cr: 0.022406843 0.902160993 0.075432163
KQ:/rrc/rr: 0.000000000 0.394074972 0.605925028
Q:/: 0.750582728 0.249417272 0.000000000
Q:/cr: 0.167273862 0.832289062 0.000437077
Q:/rr: 0.000000000 0.999993339 0.000006661
QJ:/cc/: 0.000020047 0.999979953 0.000000000
QJ:/cc/cr: 0.000006682 0.000006682 0.999986635
QJ:/cc/rr: 0.000000000 0.500000000 0.500000000
QJ:/crc/: 0.028260523 0.971739477 0.000000000
QJ:/crc/cr: 0.002872899 0.000002754 0.997124346
QJ:/crc/rr: 0.000000000 0.000142049 0.999857951
QJ:/crrc/: 0.016858331 0.983141669 0.000000000
QJ:/crrc/cr: 0.000013544 0.000013544 0.999972911
QJ:/crrc/rr: 0.000000000 0.001184812 0.998815188
QJ:/rc/: 0.011450008 0.988549992 0.000000000
QJ:/rc/cr: 0.000002246 0.000002246 0.999995508
QJ:/rc/rr: 0.000000000 0.000290895 0.999709105
QJ:/rrc/: 0.000003331 0.999996669 0.000000000
QJ:/rrc/cr: 0.000001110 0.000001110 0.999997779
QJ:/rrc/rr: 0.000000000 0.500000000 0.500000000
QK:/cc/: 0.437286128 0.562713872 0.000000000
QK:/cc/cr: 0.001008509 0.998912141 0.000079350
QK:/cc/rr: 0.000000000 0.004893776 0.995106224
QK:/crc/: 0.000419162 0.999580838 0.000000000
QK:/crc/cr: 0.000002677 0.562142022 0.437855301
QK:/crc/rr: 0.000000000 0.035466817 0.964533183
QK:/crrc/: 0.937328370 0.062671630 0.000000000
QK:/crrc/cr: 0.000336746 0.793515245 0.206148009
QK:/crrc/rr: 0.000000000 0.000572547 0.999427453
QK:/rc/: 0.445561823 0.554438177 0.000000000
QK:/rc/cr: 0.003022926 0.523991522 0.472985552
QK:/rc/rr: 0.000000000 0.204499195 0.795500805
QK:/rrc/: 0.121356360 0.878643640 0.000000000
QK:/rrc/cr: 0.000007947 0.295140670 0.704851382
QK:/rrc/rr: 0.000000000 0.000015732 0.999984268
QQ:/cc/: 0.517222917 0.482777083 0.000000000
QQ:/cc/cr: 0.999972317 0.000013841 0.000013841
QQ:/cc/rr: 0.000000000 0.999980621 0.000019379
QQ:/crc/: 0.990000561 0.009999439 0.000000000
QQ:/crc/cr: 0.999464720 0.000267640 0.000267640
QQ:/crc/rr: 0.000000000 0.999995945 0.000004055
QQ:/crrc/: 0.161073789 0.838926211 0.000000000
QQ:/crrc/cr: 0.999967916 0.000016212 0.000015873
QQ:/crrc/rr: 0.000000000 0.999875995 0.000124005
QQ:/rc/: 0.500316661 0.499683339 0.000000000
QQ:/rc/cr: 0.999991112 0.000004444 0.000004444
QQ:/rc/rr: 0.000000000 0.999993343 0.000006657
QQ:/rrc/: 0.986309235 0.013690765 0.000000000
QQ:/rrc/cr: 0.999837810 0.000081095 0.000081095
QQ:/rrc/rr: 0.000000000 0.999998311 0.000001689
