J:/c: 0.303668090 0.696331910 0.000000000
J:/crr: 0.000000000 0.999983535 0.000016465
J:/r: 0.055311065 0.129384441 0.815304494
JJ:/cc/c: 0.999992820 0.000007180 0.000000000
JJ:/cc/crr: 0.000000000 0.999996410 0.000003590
JJ:/cc/r: 0.999986733 0.000008480 0.000004787
JJ:/crc/c: 0.999983535 0.000016465 0.000000000
JJ:/crc/crr: 0.000000000 0.999991767 0.000008233
JJ:/crc/r: 0.999978046 0.000010977 0.000010977
JJ:/crrc/c: 0.999991767 0.000008233 0.000000000
JJ:/crrc/crr: 0.000000000 0.999995884 0.000004116
JJ:/crrc/r: 0.999989023 0.000005489 0.000005489
JJ:/rc/c: 0.999974237 0.000025763 0.000000000
JJ:/rc/crr: 0.000000000 0.999987118 0.000012882
JJ:/rc/r: 0.999963777 0.000019047 0.000017175
JJ:/rrc/c: 0.999939735 0.000060265 0.000000000
JJ:/rrc/crr: 0.000000000 0.999969866 0.000030134
JJ:/rrc/r: 0.999837295 0.000122528 0.000040177
JK:/cc/c: 0.008479042 0.991520958 0.000000000
JK:/cc/crr: 0.000000000 0.000423425 0.999576575
JK:/cc/r: 0.000008523 0.000004787 0.999986690
JK:/crc/c: 0.505381216 0.494618784 0.000000000
JK:/crc/crr: 0.000000000 0.000016290 0.999983710
JK:/crc/r: 0.044427156 0.000010977 0.955561867
JK:/crrc/c: 0.449324557 0.550675443 0.000000000
JK:/crrc/crr: 0.000000000 0.000009161 0.999990839
JK:/crrc/r: 0.195650735 0.000005489 0.804343777
JK:/rc/c: 0.380946378 0.619053622 0.000000000
JK:/rc/crr: 0.000000000 0.000033814 0.999966186
JK:/rc/r: 0.361435404 0.000017175 0.638547421
JK:/rrc/c: 0.999939735 0.000060265 0.000000000
JK:/rrc/crr: 0.000000000 0.000030134 0.999969866
JK:/rrc/r: 0.320716998 0.000040177 0.679242825
JQ:/cc/c: 0.073060143 0.926939857 0.000000000
JQ:/cc/crr: 0.000000000 0.000049141 0.999950859
JQ:/cc/r: 0.034047606 0.000004787 0.965947607
JQ:/crc/c: 0.504442537 0.495557463 0.000000000
JQ:/crc/crr: 0.000000000 0.000016320 0.999983680
JQ:/crc/r: 0.000172545 0.000010977 0.999816478
JQ:/crrc/c: 0.042066752 0.957933248 0.000000000
JQ:/crrc/crr: 0.000000000 0.000097854 0.999902146
JQ:/crrc/r: 0.264497503 0.000005489 0.735497008
JQ:/rc/c: 0.998639860 0.001360140 0.000000000
JQ:/rc/crr: 0.000000000 0.000012899 0.999987101
JQ:/rc/r: 0.000017175 0.000017175 0.999965649
JQ:/rrc/c: 0.001814701 0.998185299 0.000000000
JQ:/rrc/crr: 0.000000000 0.016604726 0.983395274
JQ:/rrc/r: 0.395660781 0.000040177 0.604299043
K:/c: 0.999969885 0.000030115 0.000000000
K:/crr: 0.000000000 0.999995000 0.000005000
K:/r: 0.573444857 0.426548476 0.000006667
KJ:/cc/c: 0.166032478 0.833967522 0.000000000
KJ:/cc/crr: 0.000000000 0.500000000 0.500000000
KJ:/cc/r: 0.471553033 0.215138426 0.313308541
KJ:/crc/c: 0.118592896 0.881407104 0.000000000
KJ:/crc/crr: 0.000000000 0.999978919 0.000021081
KJ:/crc/r: 0.000032560 0.715659202 0.284308238
KJ:/crrc/c: 0.386093027 0.613906973 0.000000000
KJ:/crrc/crr: 0.000000000 0.999996762 0.000003238
KJ:/crrc/r: 0.003005787 0.852745785 0.144248428
KJ:/rc/c: 0.432753694 0.567246306 0.000000000
KJ:/rc/crr: 0.000000000 0.721969846 0.278030154
KJ:/rc/r: 0.017705461 0.780671231 0.201623308
KJ:/rrc/c: 0.114483353 0.885516647 0.000000000
KJ:/rrc/crr: 0.000000000 0.999974613 0.000025387
KJ:/rrc/r: 0.026727276 0.927624518 0.045648207
KK:/cc/c: 0.833967522 0.166032478 0.000000000
KK:/cc/crr: 0.000000000 0.900456268 0.099543732
KK:/cc/r: 0.586521960 0.302789721 0.110688319
KK:/crc/c: 0.999995000 0.000005000 0.000000000
KK:/crc/crr: 0.000000000 0.999997500 0.000002500
KK:/crc/r: 0.922686042 0.077310624 0.000003333
KK:/crrc/c: 0.999997500 0.000002500 0.000000000
KK:/crrc/crr: 0.000000000 0.999998750 0.000001250
KK:/crrc/r: 0.999473578 0.000524756 0.000001667
KK:/rc/c: 0.999992185 0.000007815 0.000000000
KK:/rc/crr: 0.000000000 0.999996093 0.000003907
KK:/rc/r: 0.999980825 0.000013965 0.000005210
KK:/rrc/c: 0.999994187 0.000005813 0.000000000
KK:/rrc/crr: 0.000000000 0.999997094 0.000002906
KK:/rrc/r: 0.999671558 0.000324566 0.000003875
KQ:/cc/c: 0.833967522 0.166032478 0.000000000
KQ:/cc/crr: 0.000000000 0.900456268 0.099543732
KQ:/cc/r: 0.450005717 0.438227663 0.111766620
KQ:/crc/c: 0.001658079 0.998341921 0.000000000
KQ:/crc/crr: 0.000000000 0.060245229 0.939754771
KQ:/crc/r: 0.000012104 0.439929510 0.560058386
KQ:/crrc/c: 0.611659340 0.388340660 0.000000000
KQ:/crrc/crr: 0.000000000 0.411903388 0.588096612
KQ:/crrc/r: 0.001460953 0.678108154 0.320430893
KQ:/rc/c: 0.000024487 0.999975513 0.000000000
KQ:/rc/crr: 0.000000000 0.840434706 0.159565294
KQ:/rc/r: 0.000018932 0.302991985 0.696989083
KQ:/rrc/c: 0.501357734 0.498642266 0.000000000
KQ:/rrc/crr: 0.000000000 0.566737661 0.433262339
KQ:/rrc/r: 0.087220774 0.545528488 0.367250739
Q:/c: 0.846255353 0.153744647 0.000000000
Q:/crr: 0.000000000 0.999994092 0.000005908
Q:/r: 0.351871041 0.648091464 0.000037495
QJ:/cc/c: 0.000787102 0.999212898 0.000000000
QJ:/cc/crr: 0.000000000 0.020658988 0.979341012
QJ:/cc/r: 0.000021681 0.000021681 0.999956638
QJ:/crc/c: 0.380635138 0.619364862 0.000000000
QJ:/crc/crr: 0.000000000 0.000007761 0.999992239
QJ:/crc/r: 0.000003939 0.000003939 0.999992122
QJ:/crrc/c: 0.000002954 0.999997046 0.000000000
QJ:/crrc/crr: 0.000000000 0.500000000 0.500000000
QJ:/crrc/r: 0.036484925 0.000001969 0.963513105
QJ:/rc/c: 0.000021603 0.999978397 0.000000000
QJ:/rc/crr: 0.000000000 0.119039521 0.880960479
QJ:/rc/r: 0.014000068 0.000003429 0.985996503
QJ:/rrc/c: 0.000009473 0.999990527 0.000000000
QJ:/rrc/crr: 0.000000000 0.500000000 0.500000000
QJ:/rrc/r: 0.000092283 0.000006315 0.999901401
QK:/cc/c: 0.315956469 0.684043531 0.000000000
QK:/cc/crr: 0.000000000 0.999948535 0.000051465
QK:/cc/r: 0.000095159 0.718565632 0.281339209
QK:/crc/c: 0.380781288 0.619218712 0.000000000
QK:/crc/crr: 0.000000000 0.004930910 0.995069090
QK:/crc/r: 0.000158125 0.455404729 0.544437146
QK:/crrc/c: 0.021393611 0.978606389 0.000000000
QK:/crrc/crr: 0.000000000 0.016808651 0.983191349
QK:/crrc/r: 0.000037300 0.293278985 0.706683715
QK:/rc/c: 0.379791609 0.620208391 0.000000000
QK:/rc/crr: 0.000000000 0.000125296 0.999874704
QK:/rc/r: 0.000005978 0.318207705 0.681786317
QK:/rrc/c: 0.423061183 0.576938817 0.000000000
QK:/rrc/crr: 0.000000000 0.053750030 0.946249970
QK:/rrc/r: 0.000078076 0.500142140 0.499779783
QQ:/cc/c: 0.999967479 0.000032521 0.000000000
QQ:/cc/crr: 0.000000000 0.999983739 0.000016261
QQ:/cc/r: 0.999930142 0.000048177 0.000021681
QQ:/crc/c: 0.999994092 0.000005908 0.000000000
QQ:/crc/crr: 0.000000000 0.999997046 0.000002954
QQ:/crc/r: 0.999745917 0.000250144 0.000003939
QQ:/crrc/c: 0.999997046 0.000002954 0.000000000
QQ:/crrc/crr: 0.000000000 0.999998523 0.000001477
QQ:/crrc/r: 0.999996061 0.000001969 0.000001969
QQ:/rc/c: 0.999994857 0.000005143 0.000000000
QQ:/rc/crr: 0.000000000 0.999997428 0.000002572
QQ:/rc/r: 0.949679855 0.050316716 0.000003429
QQ:/rrc/c: 0.999990527 0.000009473 0.000000000
QQ:/rrc/crr: 0.000000000 0.999995263 0.000004737
QQ:/rrc/r: 0.999950874 0.000042811 0.000006315
