J:/c: 0.292845351 0.707154649 0.000000000
J:/crr: 0.000000000 0.999982926 0.000017074
J:/r: 0.055039224 0.136144899 0.808815877
JJ:/cc/c: 0.999992929 0.000007071 0.000000000
JJ:/cc/crr: 0.000000000 0.999996465 0.000003535
JJ:/cc/r: 0.999982831 0.000012456 0.000004714
JJ:/crc/c: 0.999982926 0.000017074 0.000000000
JJ:/crc/crr: 0.000000000 0.999991463 0.000008537
JJ:/crc/r: 0.999977235 0.000011383 0.000011383
JJ:/crrc/c: 0.999991463 0.000008537 0.000000000
JJ:/crrc/crr: 0.000000000 0.999995731 0.000004269
JJ:/crrc/r: 0.999988617 0.000005691 0.000005691
JJ:/rc/c: 0.999975516 0.000024484 0.000000000
JJ:/rc/crr: 0.000000000 0.999987758 0.000012242
JJ:/rc/r: 0.999958010 0.000025667 0.000016322
JJ:/rrc/c: 0.999939437 0.000060563 0.000000000
JJ:/rrc/crr: 0.000000000 0.999969717 0.000030283
JJ:/rrc/r: 0.999756260 0.000203364 0.000040375
JK:/cc/c: 0.006571260 0.993428740 0.000000000
JK:/cc/crr: 0.000000000 0.000537993 0.999462007
JK:/cc/r: 0.000008905 0.000004714 0.999986382
JK:/crc/c: 0.526980589 0.473019411 0.000000000
JK:/crc/crr: 0.000000000 0.000016200 0.999983800
JK:/crc/r: 0.032535372 0.000011383 0.967453246
JK:/crrc/c: 0.439796994 0.560203006 0.000000000
JK:/crrc/crr: 0.000000000 0.000009706 0.999990294
JK:/crrc/r: 0.193044251 0.000005691 0.806950058
JK:/rc/c: 0.379896226 0.620103774 0.000000000
JK:/rc/crr: 0.000000000 0.000032224 0.999967776
JK:/rc/r: 0.363323970 0.000016322 0.636659707
JK:/rrc/c: 0.999807278 0.000192722 0.000000000
JK:/rrc/crr: 0.000000000 0.000030287 0.999969713
JK:/rrc/r: 0.248638547 0.000040375 0.751321077
JQ:/cc/c: 0.076088576 0.923911424 0.000000000
JQ:/cc/crr: 0.000000000 0.000046463 0.999953537
JQ:/cc/r: 0.033153329 0.000004714 0.966841957
JQ:/crc/c: 0.480915896 0.519084104 0.000000000
JQ:/crc/crr: 0.000000000 0.000017751 0.999982249
JQ:/crc/r: 0.070151113 0.000011383 0.929837505
JQ:/crrc/c: 0.039857211 0.960142789 0.000000000
JQ:/crrc/crr: 0.000000000 0.000107096 0.999892904
JQ:/crrc/r: 0.217934235 0.000005691 0.782060074
JQ:/rc/c: 0.992248500 0.007751500 0.000000000
JQ:/rc/crr: 0.000000000 0.000012337 0.999987663
JQ:/rc/r: 0.000022496 0.000016322 0.999961181
JQ:/rrc/c: 0.167918884 0.832081116 0.000000000
JQ:/rrc/crr: 0.000000000 0.000180334 0.999819666
JQ:/rrc/r: 0.533788409 0.000040375 0.466171215
K:/c: 0.999969322 0.000030678 0.000000000
K:/crr: 0.000000000 0.999995000 0.000005000
K:/r: 0.553665363 0.446327971 0.000006667
KJ:/cc/c: 0.465346338 0.534653662 0.000000000
KJ:/cc/crr: 0.000000000 0.824877236 0.175122764
KJ:/cc/r: 0.534291797 0.219395076 0.246313127
KJ:/crc/c: 0.093548843 0.906451157 0.000000000
KJ:/crc/crr: 0.000000000 0.999973275 0.000026725
KJ:/crc/r: 0.000107618 0.730388225 0.269504157
KJ:/crrc/c: 0.490469346 0.509530654 0.000000000
KJ:/crrc/crr: 0.000000000 0.814901317 0.185098683
KJ:/crrc/r: 0.062359699 0.767700721 0.169939579
KJ:/rc/c: 0.476100948 0.523899052 0.000000000
KJ:/rc/crr: 0.000000000 0.643628639 0.356371361
KJ:/rc/r: 0.023593482 0.776211250 0.200195267
KJ:/rrc/c: 0.104095656 0.895904344 0.000000000
KJ:/rrc/crr: 0.000000000 0.887502109 0.112497891
KJ:/rrc/r: 0.061758194 0.864451828 0.073789977
KK:/cc/c: 0.837014527 0.162985473 0.000000000
KK:/cc/crr: 0.000000000 0.902638802 0.097361198
KK:/cc/r: 0.595641551 0.295701467 0.108656982
KK:/crc/c: 0.999995000 0.000005000 0.000000000
KK:/crc/crr: 0.000000000 0.999997500 0.000002500
KK:/crc/r: 0.968620689 0.031375978 0.000003333
KK:/crrc/c: 0.999997500 0.000002500 0.000000000
KK:/crrc/crr: 0.000000000 0.999998750 0.000001250
KK:/crrc/r: 0.999980593 0.000017740 0.000001667
KK:/rc/c: 0.999992532 0.000007468 0.000000000
KK:/rc/crr: 0.000000000 0.999996266 0.000003734
KK:/rc/r: 0.999980729 0.000014292 0.000004979
KK:/rrc/c: 0.999993980 0.000006020 0.000000000
KK:/rrc/crr: 0.000000000 0.999996990 0.000003010
KK:/rrc/r: 0.999975053 0.000020933 0.000004014
KQ:/cc/c: 0.837014527 0.162985473 0.000000000
KQ:/cc/crr: 0.000000000 0.902638802 0.097361198
KQ:/cc/r: 0.531754636 0.296775517 0.171469847
KQ:/crc/c: 0.313836221 0.686163779 0.000000000
KQ:/crc/crr: 0.000000000 0.001515573 0.998484427
KQ:/crc/r: 0.000065763 0.436776328 0.563157908
KQ:/crrc/c: 0.607624399 0.392375601 0.000000000
KQ:/crrc/crr: 0.000000000 0.428868857 0.571131143
KQ:/crrc/r: 0.000009695 0.695217453 0.304772852
KQ:/rc/c: 0.000643509 0.999356491 0.000000000
KQ:/rc/crr: 0.000000000 0.112929174 0.887070826
KQ:/rc/r: 0.000023200 0.303943057 0.696033742
KQ:/rrc/c: 0.397424640 0.602575360 0.000000000
KQ:/rrc/crr: 0.000000000 0.841554404 0.158445596
KQ:/rrc/r: 0.001574152 0.660196117 0.338229731
Q:/c: 0.840005564 0.159994436 0.000000000
Q:/crr: 0.000000000 0.999994048 0.000005952
Q:/r: 0.326537436 0.673324583 0.000137981
QJ:/cc/c: 0.000325217 0.999674783 0.000000000
QJ:/cc/crr: 0.000000000 0.048046522 0.951953478
QJ:/cc/r: 0.000036520 0.000020834 0.999942646
QJ:/crc/c: 0.431343408 0.568656592 0.000000000
QJ:/crc/crr: 0.000000000 0.016161674 0.983838326
QJ:/crc/r: 0.000207761 0.000003968 0.999788270
QJ:/crrc/c: 0.000002976 0.999997024 0.000000000
QJ:/crrc/crr: 0.000000000 0.500000000 0.500000000
QJ:/crrc/r: 0.017196844 0.000001984 0.982801172
QJ:/rc/c: 0.000159877 0.999840123 0.000000000
QJ:/rc/crr: 0.000000000 0.015482384 0.984517616
QJ:/rc/r: 0.017911362 0.000003300 0.982085337
QJ:/rrc/c: 0.000273203 0.999726797 0.000000000
QJ:/rrc/crr: 0.000000000 0.018682306 0.981317694
QJ:/rrc/r: 0.000091856 0.000006805 0.999901338
QK:/cc/c: 0.039281979 0.960718021 0.000000000
QK:/cc/crr: 0.000000000 0.999602221 0.000397779
QK:/cc/r: 0.000104687 0.712506403 0.287388910
QK:/crc/c: 0.359718879 0.640281121 0.000000000
QK:/crc/crr: 0.000000000 0.007804827 0.992195173
QK:/crc/r: 0.002088738 0.516569573 0.481341689
QK:/crrc/c: 0.217703126 0.782296874 0.000000000
QK:/crrc/crr: 0.000000000 0.001920735 0.998079265
QK:/crrc/r: 0.000040281 0.287471852 0.712487867
QK:/rc/c: 0.373139841 0.626860159 0.000000000
QK:/rc/crr: 0.000000000 0.001322564 0.998677436
QK:/rc/r: 0.000007521 0.303940204 0.696052275
QK:/rrc/c: 0.415324899 0.584675101 0.000000000
QK:/rrc/crr: 0.000000000 0.028305161 0.971694839
QK:/rrc/r: 0.000095306 0.505662343 0.494242351
QQ:/cc/c: 0.999968749 0.000031251 0.000000000
QQ:/cc/crr: 0.000000000 0.999984374 0.000015626
QQ:/cc/r: 0.999921488 0.000057678 0.000020834
QQ:/crc/c: 0.999994048 0.000005952 0.000000000
QQ:/crc/crr: 0.000000000 0.999997024 0.000002976
QQ:/crc/r: 0.855531823 0.144464209 0.000003968
QQ:/crrc/c: 0.999997024 0.000002976 0.000000000
QQ:/crrc/crr: 0.000000000 0.999998512 0.000001488
QQ:/crrc/r: 0.999996032 0.000001984 0.000001984
QQ:/rc/c: 0.999995049 0.000004951 0.000000000
QQ:/rc/crr: 0.000000000 0.999997525 0.000002475
QQ:/rc/r: 0.999980351 0.000016349 0.000003300
QQ:/rrc/c: 0.999989792 0.000010208 0.000000000
QQ:/rrc/crr: 0.000000000 0.999994896 0.000005104
QQ:/rrc/r: 0.999953613 0.000039581 0.000006805
