J:/: 0.078824268 0.921175732 0.000000000
J:/cr: 0.017254056 0.037637097 0.945108847
J:/rr: 0.000000000 0.999936568 0.000063432
JJ:/cc/: 0.000270198 0.999729802 0.000000000
JJ:/cc/cr: 0.999996380 0.000001810 0.000001810
JJ:/cc/rr: 0.000000000 0.989955795 0.010044205
JJ:/crc/: 0.919046029 0.080953971 0.000000000
JJ:/crc/cr: 0.999604123 0.000197939 0.000197939
JJ:/crc/rr: 0.000000000 0.999973847 0.000026153
JJ:/crrc/: 0.954332101 0.045667899 0.000000000
JJ:/crrc/cr: 0.998469220 0.000765390 0.000765390
JJ:/crrc/rr: 0.000000000 0.999945060 0.000054940
JJ:/rc/: 0.909029376 0.090970624 0.000000000
JJ:/rc/cr: 0.999535145 0.000232428 0.000232428
JJ:/rc/rr: 0.000000000 0.999965110 0.000034890
JJ:/rrc/: 0.999788464 0.000211536 0.000000000
JJ:/rrc/cr: 0.900038651 0.049980674 0.049980674
JJ:/rrc/rr: 0.000000000 0.999984138 0.000015862
JK:/cc/: 0.073731828 0.926268172 0.000000000
JK:/cc/cr: 0.000001953 0.000001953 0.999996093
JK:/cc/rr: 0.000000000 0.000036808 0.999963192
JK:/crc/: 0.033199066 0.966800934 0.000000000
JK:/crc/cr: 0.004837417 0.000016574 0.995146009
JK:/crc/rr: 0.000000000 0.000723993 0.999276007
JK:/crrc/: 0.999895139 0.000104861 0.000000000
JK:/crrc/cr: 0.333333333 0.333333333 0.333333333
JK:/crrc/rr: 0.000000000 0.000052436 0.999947564
JK:/rc/: 0.998598817 0.001401183 0.000000000
JK:/rc/cr: 0.646454698 0.015090167 0.338455134
JK:/rc/rr: 0.000000000 0.000031761 0.999968239
JK:/rrc/: 0.524235107 0.475764893 0.000000000
JK:/rrc/cr: 0.832255616 0.000022223 0.167722161
JK:/rrc/rr: 0.000000000 0.000030252 0.999969748
JQ:/cc/: 0.197894902 0.802105098 0.000000000
JQ:/cc/cr: 0.000002614 0.000002256 0.999995130
JQ:/cc/rr: 0.000000000 0.000013714 0.999986286
JQ:/crc/: 0.985843508 0.014156492 0.000000000
JQ:/crc/cr: 0.726292519 0.001131913 0.272575568
JQ:/crc/rr: 0.000000000 0.000024381 0.999975619
JQ:/crrc/: 0.035651785 0.964348215 0.000000000
JQ:/crrc/cr: 0.220222924 0.000036246 0.779740830
JQ:/crrc/rr: 0.000000000 0.001470631 0.998529369
JQ:/rc/: 0.997316042 0.002683958 0.000000000
JQ:/rc/cr: 0.007877947 0.007877947 0.984244106
JQ:/rc/rr: 0.000000000 0.000031801 0.999968199
JQ:/rrc/: 0.101744920 0.898255080 0.000000000
JQ:/rrc/cr: 0.000011770 0.000011770 0.999976459
JQ:/rrc/rr: 0.000000000 0.000155871 0.999844129
K:/: 0.757251005 0.242748995 0.000000000
K:/cr: 0.675861934 0.324124334 0.000013732
K:/rr: 0.000000000 0.999993397 0.000006603
KJ:/cc/: 0.000020597 0.999979403 0.000000000
KJ:/cc/cr: 0.000051323 0.000026236 0.999922440
KJ:/cc/rr: 0.000000000 0.500000000 0.500000000
KJ:/crc/: 0.000114026 0.999885974 0.000000000
KJ:/crc/cr: 0.000031089 0.999961849 0.000007062
KJ:/crc/rr: 0.000000000 0.907115244 0.092884756
KJ:/crrc/: 0.069730743 0.930269257 0.000000000
KJ:/crrc/cr: 0.000003640 0.998141634 0.001854726
KJ:/crrc/rr: 0.000000000 0.452338032 0.547661968
KJ:/rc/: 0.053329353 0.946670647 0.000000000
KJ:/rc/cr: 0.005289830 0.966885104 0.027825066
KJ:/rc/rr: 0.000000000 0.325841574 0.674158426
KJ:/rrc/: 0.092080382 0.907919618 0.000000000
KJ:/rrc/cr: 0.000001212 0.999980375 0.000018413
KJ:/rrc/rr: 0.000000000 0.609556867 0.390443133
KK:/cc/: 0.999672168 0.000327832 0.000000000
KK:/cc/cr: 0.958113926 0.020943037 0.020943037
KK:/cc/rr: 0.000000000 0.999989698 0.000010302
KK:/crc/: 0.087670341 0.912329659 0.000000000
KK:/crc/cr: 0.999984521 0.000007739 0.000007739
KK:/crc/rr: 0.000000000 0.999879192 0.000120808
KK:/crrc/: 0.983953065 0.016046935 0.000000000
KK:/crrc/cr: 0.999577964 0.000211018 0.000211018
KK:/crrc/rr: 0.000000000 0.999994838 0.000005162
KK:/rc/: 0.847727420 0.152272580 0.000000000
KK:/rc/cr: 0.999971092 0.000014454 0.000014454
KK:/rc/rr: 0.000000000 0.999996106 0.000003894
KK:/rrc/: 0.548917155 0.451082845 0.000000000
KK:/rrc/cr: 0.999995121 0.000002440 0.000002440
KK:/rrc/rr: 0.000000000 0.999996993 0.000003007
KQ:/cc/: 0.000270494 0.999729506 0.000000000
KQ:/cc/cr: 0.000041439 0.473873438 0.526085123
KQ:/cc/rr: 0.000000000 0.961926247 0.038073753
KQ:/crc/: 0.891205219 0.108794781 0.000000000
KQ:/crc/cr: 0.000348192 0.647527129 0.352124679
KQ:/crc/rr: 0.000000000 0.000040417 0.999959583
KQ:/crrc/: 0.004853702 0.995146298 0.000000000
KQ:/crrc/cr: 0.004275057 0.690485323 0.305239619
KQ:/crrc/rr: 0.000000000 0.208921347 0.791078653
KQ:/rc/: 0.000224040 0.999775960 0.000000000
KQ:/rc/cr: 0.000002361 0.491208984 0.508788655
KQ:/rc/rr: 0.000000000 0.309857728 0.690142272
KQ:/rrc/: 0.709227135 0.290772865 0.000000000
KQ:/rrc/cr: 0.015798044 0.914372449 0.069829507
KQ:/rrc/rr: 0.000000000 0.402192297 0.597807703
Q:/: 0.735266041 0.264733959 0.000000000
Q:/cr: 0.154297736 0.844285815 0.001416450
Q:/rr: 0.000000000 0.999993200 0.000006800
QJ:/cc/: 0.000018887 0.999981113 0.000000000
QJ:/cc/cr: 0.000006296 0.000006296 0.999987409
QJ:/cc/rr: 0.000000000 0.500000000 0.500000000
QJ:/crc/: 0.030587328 0.969412672 0.000000000
QJ:/crc/cr: 0.003765193 0.000002564 0.996232242
QJ:/crc/rr: 0.000000000 0.000121893 0.999878107
QJ:/crrc/: 0.006112622 0.993887378 0.000000000
QJ:/crrc/cr: 0.000388248 0.000013684 0.999598068
QJ:/crrc/rr: 0.000000000 0.003337506 0.996662494
QJ:/rc/: 0.011216797 0.988783203 0.000000000
QJ:/rc/cr: 0.000002292 0.000002292 0.999995415
QJ:/rc/rr: 0.000000000 0.000303128 0.999696872
QJ:/rrc/: 0.000003400 0.999996600 0.000000000
QJ:/rrc/cr: 0.000001133 0.000001133 0.999997733
QJ:/rrc/rr: 0.000000000 0.500000000 0.500000000
QK:/cc/: 0.588815079 0.411184921 0.000000000
QK:/cc/cr: 0.016798040 0.983177531 0.000024429
QK:/cc/rr: 0.000000000 0.999983962 0.000016038
QK:/crc/: 0.003577401 0.996422599 0.000000000
QK:/crc/cr: 0.000002625 0.558181055 0.441816320
QK:/crc/rr: 0.000000000 0.001118477 0.998881523
QK:/crrc/: 0.953533045 0.046466955 0.000000000
QK:/crrc/cr: 0.000480263 0.270586836 0.728932900
QK:/crrc/rr: 0.000000000 0.000575742 0.999424258
QK:/rc/: 0.450649109 0.549350891 0.000000000
QK:/rc/cr: 0.031166487 0.513373676 0.455459837
QK:/rc/rr: 0.000000000 0.195120447 0.804879553
QK:/rrc/: 0.134358600 0.865641400 0.000000000
QK:/rrc/cr: 0.000001309 0.297111324 0.702887367
QK:/rrc/rr: 0.000000000 0.000499635 0.999500365
QQ:/cc/: 0.616909388 0.383090612 0.000000000
QQ:/cc/cr: 0.999967132 0.000016434 0.000016434
QQ:/cc/rr: 0.000000000 0.999984692 0.000015308
QQ:/crc/: 0.992135568 0.007864432 0.000000000
QQ:/crc/cr: 0.999367892 0.000316054 0.000316054
QQ:/crc/rr: 0.000000000 0.999996242 0.000003758
QQ:/crrc/: 0.080060896 0.919939104 0.000000000
QQ:/crrc/cr: 0.999970432 0.000014784 0.000014784
QQ:/crrc/rr: 0.000000000 0.999745183 0.000254817
QQ:/rc/: 0.534772440 0.465227560 0.000000000
QQ:/rc/cr: 0.999988166 0.000006962 0.000004872
QQ:/rc/rr: 0.000000000 0.999993642 0.000006358
QQ:/rrc/: 0.988983717 0.011016283 0.000000000
QQ:/rrc/cr: 0.999794235 0.000102883 0.000102883
QQ:/rrc/rr: 0.000000000 0.999998281 0.000001719
