J:/c: 0.297793462 0.702206538 0.000000000
J:/crr: 0.000000000 0.999983210 0.000016790
J:/r: 0.053007942 0.133315789 0.813676269
JJ:/cc/c: 0.999992880 0.000007120 0.000000000
JJ:/cc/crr: 0.000000000 0.999996440 0.000003560
JJ:/cc/r: 0.999990506 0.000004747 0.000004747
JJ:/crc/c: 0.999983210 0.000016790 0.000000000
JJ:/crc/crr: 0.000000000 0.999991605 0.000008395
JJ:/crc/r: 0.999455326 0.000533481 0.000011193
JJ:/crrc/c: 0.999991605 0.000008395 0.000000000
JJ:/crrc/crr: 0.000000000 0.999995802 0.000004198
JJ:/crrc/r: 0.999960395 0.000034008 0.000005597
JJ:/rc/c: 0.999974997 0.000025003 0.000000000
JJ:/rc/crr: 0.000000000 0.999987498 0.000012502
JJ:/rc/r: 0.999884577 0.000098755 0.000016669
JJ:/rrc/c: 0.999937116 0.000062884 0.000000000
JJ:/rrc/crr: 0.000000000 0.999968556 0.000031444
JJ:/rrc/r: 0.999831245 0.000126833 0.000041922
JK:/cc/c: 0.008263924 0.991736076 0.000000000
JK:/cc/crr: 0.000000000 0.000430813 0.999569187
JK:/cc/r: 0.000004747 0.000004747 0.999990506
JK:/crc/c: 0.513378150 0.486621850 0.000000000
JK:/crc/crr: 0.000000000 0.000016353 0.999983647
JK:/crc/r: 0.162956697 0.000011193 0.837032110
JK:/crrc/c: 0.430467715 0.569532285 0.000000000
JK:/crrc/crr: 0.000000000 0.000009751 0.999990249
JK:/crrc/r: 0.157992425 0.000005597 0.842001979
JK:/rc/c: 0.419062509 0.580937491 0.000000000
JK:/rc/crr: 0.000000000 0.000029832 0.999970168
JK:/rc/r: 0.369991742 0.000016669 0.629991589
JK:/rrc/c: 0.999937116 0.000062884 0.000000000
JK:/rrc/crr: 0.000000000 0.000031444 0.999968556
JK:/rrc/r: 0.268275018 0.000041922 0.731683060
JQ:/cc/c: 0.079230556 0.920769444 0.000000000
JQ:/cc/crr: 0.000000000 0.000044935 0.999955065
JQ:/cc/r: 0.040064560 0.000004747 0.959930693
JQ:/crc/c: 0.551683732 0.448316268 0.000000000
JQ:/crc/crr: 0.000000000 0.000015217 0.999984783
JQ:/crc/r: 0.027321340 0.000011193 0.972667467
JQ:/crrc/c: 0.045627210 0.954372790 0.000000000
JQ:/crrc/crr: 0.000000000 0.000091998 0.999908002
JQ:/crrc/r: 0.224329655 0.000005597 0.775664748
JQ:/rc/c: 0.998901431 0.001098569 0.000000000
JQ:/rc/crr: 0.000000000 0.000012515 0.999987485
JQ:/rc/r: 0.000016669 0.000016669 0.999966662
JQ:/rrc/c: 0.105308429 0.894691571 0.000000000
JQ:/rrc/crr: 0.000000000 0.000298569 0.999701431
JQ:/rrc/r: 0.565873115 0.000041922 0.434084962
K:/c: 0.999969784 0.000030216 0.000000000
K:/crr: 0.000000000 0.999995000 0.000005000
K:/r: 0.555794497 0.444198837 0.000006667
KJ:/cc/c: 0.165475346 0.834524654 0.000000000
KJ:/cc/crr: 0.000000000 0.500000000 0.500000000
KJ:/cc/r: 0.495955317 0.226256274 0.277788409
KJ:/crc/c: 0.054289134 0.945710866 0.000000000
KJ:/crc/crr: 0.000000000 0.999953949 0.000046051
KJ:/crc/r: 0.000038254 0.723872558 0.276089188
KJ:/crrc/c: 0.250928604 0.749071396 0.000000000
KJ:/crrc/crr: 0.000000000 0.903944184 0.096055816
KJ:/crrc/r: 0.003188750 0.874175939 0.122635311
KJ:/rc/c: 0.439313030 0.560686970 0.000000000
KJ:/rc/crr: 0.000000000 0.872362481 0.127637519
KJ:/rc/r: 0.042637191 0.761296899 0.196065911
KJ:/rrc/c: 0.084493150 0.915506850 0.000000000
KJ:/rrc/crr: 0.000000000 0.999964509 0.000035491
KJ:/rrc/r: 0.029537944 0.916387379 0.054074677
KK:/cc/c: 0.834524654 0.165475346 0.000000000
KK:/cc/crr: 0.000000000 0.900856526 0.099143474
KK:/cc/r: 0.672672322 0.217010780 0.110316898
KK:/crc/c: 0.999995000 0.000005000 0.000000000
KK:/crc/crr: 0.000000000 0.999997500 0.000002500
KK:/crc/r: 0.995792212 0.004204454 0.000003333
KK:/crrc/c: 0.999997500 0.000002500 0.000000000
KK:/crrc/crr: 0.000000000 0.999998750 0.000001250
KK:/crrc/r: 0.999992536 0.000005797 0.000001667
KK:/rc/c: 0.999992496 0.000007504 0.000000000
KK:/rc/crr: 0.000000000 0.999996248 0.000003752
KK:/rc/r: 0.999981559 0.000013438 0.000005003
KK:/rrc/c: 0.999994003 0.000005997 0.000000000
KK:/rrc/crr: 0.000000000 0.999997001 0.000002999
KK:/rrc/r: 0.998702853 0.001293148 0.000003998
KQ:/cc/c: 0.491810635 0.508189365 0.000000000
KQ:/cc/crr: 0.000000000 0.831769248 0.168230752
KQ:/cc/r: 0.471292400 0.416543051 0.112164549
KQ:/crc/c: 0.007374708 0.992625292 0.000000000
KQ:/crc/crr: 0.000000000 0.018888214 0.981111786
KQ:/crc/r: 0.000013416 0.440303436 0.559683148
KQ:/crrc/c: 0.594738699 0.405261301 0.000000000
KQ:/crrc/crr: 0.000000000 0.384906721 0.615093279
KQ:/crrc/r: 0.000399292 0.695791241 0.303809467
KQ:/rc/c: 0.000108137 0.999891863 0.000000000
KQ:/rc/crr: 0.000000000 0.034697502 0.965302498
KQ:/rc/r: 0.000018534 0.299093288 0.700888178
KQ:/rrc/c: 0.426084060 0.573915940 0.000000000
KQ:/rrc/crr: 0.000000000 0.816821778 0.183178222
KQ:/rrc/r: 0.000478176 0.676108544 0.323413280
Q:/c: 0.835700408 0.164299592 0.000000000
Q:/crr: 0.000000000 0.999994017 0.000005983
Q:/r: 0.334889536 0.665024252 0.000086213
QJ:/cc/c: 0.000030432 0.999969568 0.000000000
QJ:/cc/crr: 0.000000000 0.500000000 0.500000000
QJ:/cc/r: 0.000020288 0.000020288 0.999959424
QJ:/crc/c: 0.379502011 0.620497989 0.000000000
QJ:/crc/crr: 0.000000000 0.000110868 0.999889132
QJ:/crc/r: 0.000077674 0.000003989 0.999918338
QJ:/crrc/c: 0.000002992 0.999997008 0.000000000
QJ:/crrc/crr: 0.000000000 0.500000000 0.500000000
QJ:/crrc/r: 0.030754062 0.000001994 0.969243944
QJ:/rc/c: 0.000024724 0.999975276 0.000000000
QJ:/rc/crr: 0.000000000 0.101365366 0.898634634
QJ:/rc/r: 0.022556938 0.000003342 0.977439720
QJ:/rrc/c: 0.000182138 0.999817862 0.000000000
QJ:/rrc/crr: 0.000000000 0.027324119 0.972675881
QJ:/rrc/r: 0.000084549 0.000006636 0.999908815
QK:/cc/c: 0.055830705 0.944169295 0.000000000
QK:/cc/crr: 0.000000000 0.999727460 0.000272540
QK:/cc/r: 0.000072209 0.703725478 0.296202313
QK:/crc/c: 0.376440146 0.623559854 0.000000000
QK:/crc/crr: 0.000000000 0.016448066 0.983551934
QK:/crc/r: 0.000791958 0.428777337 0.570430705
QK:/crrc/c: 0.094153944 0.905846056 0.000000000
QK:/crrc/crr: 0.000000000 0.004786161 0.995213839
QK:/crrc/r: 0.000053097 0.289948108 0.709998795
QK:/rc/c: 0.325130618 0.674869382 0.000000000
QK:/rc/crr: 0.000000000 0.000007708 0.999992292
QK:/rc/r: 0.000008466 0.278236451 0.721755083
QK:/rrc/c: 0.430768062 0.569231938 0.000000000
QK:/rrc/crr: 0.000000000 0.000659953 0.999340047
QK:/rrc/r: 0.000080562 0.508081348 0.491838090
QQ:/cc/c: 0.999969568 0.000030432 0.000000000
QQ:/cc/crr: 0.000000000 0.999984783 0.000015217
QQ:/cc/r: 0.999789487 0.000190225 0.000020288
QQ:/crc/c: 0.999994017 0.000005983 0.000000000
QQ:/crc/crr: 0.000000000 0.999997008 0.000002992
QQ:/crc/r: 0.999949996 0.000046015 0.000003989
QQ:/crrc/c: 0.999997008 0.000002992 0.000000000
QQ:/crrc/crr: 0.000000000 0.999998504 0.000001496
QQ:/crrc/r: 0.999912556 0.000085449 0.000001994
QQ:/rc/c: 0.999994988 0.000005012 0.000000000
QQ:/rc/crr: 0.000000000 0.999997494 0.000002506
QQ:/rc/r: 0.984543136 0.015453522 0.000003342
QQ:/rrc/c: 0.999990046 0.000009954 0.000000000
QQ:/rrc/crr: 0.000000000 0.999995023 0.000004977
QQ:/rrc/r: 0.999944760 0.000048605 0.000006636
