J:/c: 0.298079028 0.701920972 0.000000000
J:/crr: 0.000000000 0.999983226 0.000016774
J:/r: 0.053662791 0.124589181 0.821748028
JJ:/cc/c: 0.999992877 0.000007123 0.000000000
JJ:/cc/crr: 0.000000000 0.999996438 0.000003562
JJ:/cc/r: 0.999990502 0.000004749 0.000004749
JJ:/crc/c: 0.999983226 0.000016774 0.000000000
JJ:/crc/crr: 0.000000000 0.999991613 0.000008387
JJ:/crc/r: 0.999672570 0.000316247 0.000011183
JJ:/crrc/c: 0.999991613 0.000008387 0.000000000
JJ:/crrc/crr: 0.000000000 0.999995806 0.000004194
JJ:/crrc/r: 0.999960512 0.000033896 0.000005591
JJ:/rc/c: 0.999973245 0.000026755 0.000000000
JJ:/rc/crr: 0.000000000 0.999986622 0.000013378
JJ:/rc/r: 0.999964327 0.000017836 0.000017836
JJ:/rrc/c: 0.999937884 0.000062116 0.000000000
JJ:/rrc/crr: 0.000000000 0.999968940 0.000031060
JJ:/rrc/r: 0.999875945 0.000082645 0.000041411
JK:/cc/c: 0.000007123 0.999992877 0.000000000
JK:/cc/crr: 0.000000000 0.500000000 0.500000000
JK:/cc/r: 0.000004749 0.000004749 0.999990502
JK:/crc/c: 0.515138131 0.484861869 0.000000000
JK:/crc/crr: 0.000000000 0.000016281 0.999983719
JK:/crc/r: 0.021222523 0.000011183 0.978766294
JK:/crrc/c: 0.459031648 0.540968352 0.000000000
JK:/crrc/crr: 0.000000000 0.000009136 0.999990864
JK:/crrc/r: 0.229525711 0.000005591 0.770468697
JK:/rc/c: 0.373948401 0.626051599 0.000000000
JK:/rc/crr: 0.000000000 0.000035773 0.999964227
JK:/rc/r: 0.361144952 0.000017836 0.638837211
JK:/rrc/c: 0.999937884 0.000062116 0.000000000
JK:/rrc/crr: 0.000000000 0.000031060 0.999968940
JK:/rrc/r: 0.350153941 0.000041411 0.649804648
JQ:/cc/c: 0.072217155 0.927782845 0.000000000
JQ:/cc/crr: 0.000000000 0.000049319 0.999950681
JQ:/cc/r: 0.039410959 0.000004749 0.960584292
JQ:/crc/c: 0.445432422 0.554567578 0.000000000
JQ:/crc/crr: 0.000000000 0.000018829 0.999981171
JQ:/crc/r: 0.003111704 0.000011183 0.996877114
JQ:/crrc/c: 0.015768957 0.984231043 0.000000000
JQ:/crrc/crr: 0.000000000 0.000265940 0.999734060
JQ:/crrc/r: 0.259436968 0.000005591 0.740557441
JQ:/rc/c: 0.998263514 0.001736486 0.000000000
JQ:/rc/crr: 0.000000000 0.000013401 0.999986599
JQ:/rc/r: 0.000017836 0.000017836 0.999964327
JQ:/rrc/c: 0.041346601 0.958653399 0.000000000
JQ:/rrc/crr: 0.000000000 0.000751166 0.999248834
JQ:/rrc/r: 0.493432809 0.000041411 0.506525781
K:/c: 0.999990000 0.000010000 0.000000000
K:/crr: 0.000000000 0.999995000 0.000005000
K:/r: 0.589766926 0.410226407 0.000006667
KJ:/cc/c: 0.500000000 0.500000000 0.000000000
KJ:/cc/crr: 0.000000000 0.500000000 0.500000000
KJ:/cc/r: 0.333333333 0.333333333 0.333333333
KJ:/crc/c: 0.092342660 0.907657340 0.000000000
KJ:/crc/crr: 0.000000000 0.999972927 0.000027073
KJ:/crc/r: 0.000036531 0.725720847 0.274242622
KJ:/crrc/c: 0.434526314 0.565473686 0.000000000
KJ:/crrc/crr: 0.000000000 0.999997123 0.000002877
KJ:/crrc/r: 0.001352395 0.883485382 0.115162223
KJ:/rc/c: 0.410788532 0.589211468 0.000000000
KJ:/rc/crr: 0.000000000 0.742363695 0.257636305
KJ:/rc/r: 0.025275492 0.814639486 0.160085022
KJ:/rrc/c: 0.486725468 0.513274532 0.000000000
KJ:/rrc/crr: 0.000000000 0.999994194 0.000005806
KJ:/rrc/r: 0.042240223 0.888821381 0.068938396
KK:/cc/c: 0.500000000 0.500000000 0.000000000
KK:/cc/crr: 0.000000000 0.500000000 0.500000000
KK:/cc/r: 0.333333333 0.333333333 0.333333333
KK:/crc/c: 0.999995000 0.000005000 0.000000000
KK:/crc/crr: 0.000000000 0.999997500 0.000002500
KK:/crc/r: 0.965621461 0.034375205 0.000003333
KK:/crrc/c: 0.999997500 0.000002500 0.000000000
KK:/crrc/crr: 0.000000000 0.999998750 0.000001250
KK:/crrc/r: 0.999959859 0.000038475 0.000001667
KK:/rc/c: 0.999991874 0.000008126 0.000000000
KK:/rc/crr: 0.000000000 0.999995937 0.000004063
KK:/rc/r: 0.999981221 0.000013362 0.000005417
KK:/rrc/c: 0.999994348 0.000005652 0.000000000
KK:/rrc/crr: 0.000000000 0.999997174 0.000002826
KK:/rrc/r: 0.999323790 0.000672442 0.000003768
KQ:/cc/c: 0.500000000 0.500000000 0.000000000
KQ:/cc/crr: 0.000000000 0.500000000 0.500000000
KQ:/cc/r: 0.333333333 0.333333333 0.333333333
KQ:/crc/c: 0.253021389 0.746978611 0.000000000
KQ:/crc/crr: 0.000000000 0.001525715 0.998474285
KQ:/crc/r: 0.000019005 0.433076617 0.566904378
KQ:/crrc/c: 0.656333406 0.343666594 0.000000000
KQ:/crrc/crr: 0.000000000 0.422784085 0.577215915
KQ:/crrc/r: 0.000984058 0.771893124 0.227122817
KQ:/rc/c: 0.000184295 0.999815705 0.000000000
KQ:/rc/crr: 0.000000000 0.022045125 0.977954875
KQ:/rc/r: 0.000013899 0.306786088 0.693200012
KQ:/rrc/c: 0.507739166 0.492260834 0.000000000
KQ:/rrc/crr: 0.000000000 0.526638150 0.473361850
KQ:/rrc/r: 0.063085560 0.565942028 0.370972412
Q:/c: 0.853976892 0.146023108 0.000000000
Q:/crr: 0.000000000 0.999994145 0.000005855
Q:/r: 0.378759304 0.621186556 0.000054139
QJ:/cc/c: 0.000034241 0.999965759 0.000000000
QJ:/cc/crr: 0.000000000 0.500000000 0.500000000
QJ:/cc/r: 0.000022827 0.000022827 0.999954345
QJ:/crc/c: 0.392082288 0.607917712 0.000000000
QJ:/crc/crr: 0.000000000 0.009834858 0.990165142
QJ:/crc/r: 0.000003903 0.000003903 0.999992193
QJ:/crrc/c: 0.000002927 0.999997073 0.000000000
QJ:/crrc/crr: 0.000000000 0.500000000 0.500000000
QJ:/crrc/r: 0.034133494 0.000001952 0.965864555
QJ:/rc/c: 0.000005366 0.999994634 0.000000000
QJ:/rc/crr: 0.000000000 0.500000000 0.500000000
QJ:/rc/r: 0.001754308 0.000003577 0.998242114
QJ:/rrc/c: 0.000008801 0.999991199 0.000000000
QJ:/rrc/crr: 0.000000000 0.500000000 0.500000000
QJ:/rrc/r: 0.000048519 0.000005867 0.999945614
QK:/cc/c: 0.000259418 0.999740582 0.000000000
QK:/cc/crr: 0.000000000 0.934003904 0.065996096
QK:/cc/r: 0.000059222 0.768314340 0.231626438
QK:/crc/c: 0.359427538 0.640572462 0.000000000
QK:/crc/crr: 0.000000000 0.001775364 0.998224636
QK:/crc/r: 0.000040259 0.513373999 0.486585742
QK:/crrc/c: 0.142397911 0.857602089 0.000000000
QK:/crrc/crr: 0.000000000 0.000756382 0.999243618
QK:/crrc/r: 0.000030807 0.300609848 0.699359346
QK:/rc/c: 0.375513083 0.624486917 0.000000000
QK:/rc/crr: 0.000000000 0.010905924 0.989094076
QK:/rc/r: 0.000008768 0.318879064 0.681112168
QK:/rrc/c: 0.432085875 0.567914125 0.000000000
QK:/rrc/crr: 0.000000000 0.009900282 0.990099718
QK:/rrc/r: 0.000061592 0.479268092 0.520670316
QQ:/cc/c: 0.999965759 0.000034241 0.000000000
QQ:/cc/crr: 0.000000000 0.999982879 0.000017121
QQ:/cc/r: 0.999744031 0.000233141 0.000022827
QQ:/crc/c: 0.999994145 0.000005855 0.000000000
QQ:/crc/crr: 0.000000000 0.999997073 0.000002927
QQ:/crc/r: 0.999950990 0.000045107 0.000003903
QQ:/crrc/c: 0.999997073 0.000002927 0.000000000
QQ:/crrc/crr: 0.000000000 0.999998536 0.000001464
QQ:/crrc/r: 0.999953999 0.000044049 0.000001952
QQ:/rc/c: 0.999994634 0.000005366 0.000000000
QQ:/rc/crr: 0.000000000 0.999997317 0.000002683
QQ:/rc/r: 0.999991665 0.000004758 0.000003577
QQ:/rrc/c: 0.999991199 0.000008801 0.000000000
QQ:/rrc/crr: 0.000000000 0.999995600 0.000004400
QQ:/rrc/r: 0.999960739 0.000033394 0.000005867
