J:/c: 0.315468786 0.684531214 0.000000000
J:/crr: 0.000000000 0.999984151 0.000015849
J:/r: 0.054898315 0.127621743 0.817479942
JJ:/cc/c: 0.999992696 0.000007304 0.000000000
JJ:/cc/crr: 0.000000000 0.999996348 0.000003652
JJ:/cc/r: 0.999990261 0.000004870 0.000004870
JJ:/crc/c: 0.999984151 0.000015849 0.000000000
JJ:/crc/crr: 0.000000000 0.999992075 0.000007925
JJ:/crc/r: 0.999954390 0.000035044 0.000010566
JJ:/crrc/c: 0.999992075 0.000007925 0.000000000
JJ:/crrc/crr: 0.000000000 0.999996038 0.000003962
JJ:/crrc/r: 0.999961987 0.000032730 0.000005283
JJ:/rc/c: 0.999973881 0.000026119 0.000000000
JJ:/rc/crr: 0.000000000 0.999986940 0.000013060
JJ:/rc/r: 0.999810662 0.000171926 0.000017413
JJ:/rrc/c: 0.999939282 0.000060718 0.000000000
JJ:/rrc/crr: 0.000000000 0.999969639 0.000030361
JJ:/rrc/r: 0.999919042 0.000040479 0.000040479
JK:/cc/c: 0.000007304 0.999992696 0.000000000
JK:/cc/crr: 0.000000000 0.500000000 0.500000000
JK:/cc/r: 0.000004870 0.000004870 0.999990261
JK:/crc/c: 0.476583429 0.523416571 0.000000000
JK:/crc/crr: 0.000000000 0.000016628 0.999983372
JK:/crc/r: 0.000063185 0.000010566 0.999926248
JK:/crrc/c: 0.473303088 0.526696912 0.000000000
JK:/crrc/crr: 0.000000000 0.000008372 0.999991628
JK:/crrc/r: 0.216943594 0.000005283 0.783051123
JK:/rc/c: 0.386616597 0.613383403 0.000000000
JK:/rc/crr: 0.000000000 0.000033779 0.999966221
JK:/rc/r: 0.351279875 0.000017413 0.648702712
JK:/rrc/c: 0.999939282 0.000060718 0.000000000
JK:/rrc/crr: 0.000000000 0.000030361 0.999969639
JK:/rrc/r: 0.321341428 0.000040479 0.678618093
JQ:/cc/c: 0.072369201 0.927630799 0.000000000
JQ:/cc/crr: 0.000000000 0.000050465 0.999949535
JQ:/cc/r: 0.036603332 0.000004870 0.963391798
JQ:/crc/c: 0.567656506 0.432343494 0.000000000
JQ:/crc/crr: 0.000000000 0.000013960 0.999986040
JQ:/crc/r: 0.000040198 0.000010566 0.999949236
JQ:/crrc/c: 0.000007925 0.999992075 0.000000000
JQ:/crrc/crr: 0.000000000 0.500000000 0.500000000
JQ:/crrc/r: 0.065134233 0.000005283 0.934860484
JQ:/rc/c: 0.999734085 0.000265915 0.000000000
JQ:/rc/crr: 0.000000000 0.000013063 0.999986937
JQ:/rc/r: 0.000017413 0.000017413 0.999965175
JQ:/rrc/c: 0.000060718 0.999939282 0.000000000
JQ:/rrc/crr: 0.000000000 0.500000000 0.500000000
JQ:/rrc/r: 0.592468203 0.000040479 0.407491319
K:/c: 0.999990000 0.000010000 0.000000000
K:/crr: 0.000000000 0.999995000 0.000005000
K:/r: 0.580114743 0.419878590 0.000006667
KJ:/cc/c: 0.500000000 0.500000000 0.000000000
KJ:/cc/crr: 0.000000000 0.500000000 0.500000000
KJ:/cc/r: 0.333333333 0.333333333 0.333333333
KJ:/crc/c: 0.186742093 0.813257907 0.000000000
KJ:/crc/crr: 0.000000000 0.999986612 0.000013388
KJ:/crc/r: 0.000004116 0.717738053 0.282257831
KJ:/crrc/c: 0.429102706 0.570897294 0.000000000
KJ:/crrc/crr: 0.000000000 0.999997087 0.000002913
KJ:/crrc/r: 0.000028409 0.999953906 0.000017685
KJ:/rc/c: 0.414123588 0.585876412 0.000000000
KJ:/rc/crr: 0.000000000 0.793469517 0.206530483
KJ:/rc/r: 0.000014926 0.999968925 0.000016149
KJ:/rrc/c: 0.391200351 0.608799649 0.000000000
KJ:/rrc/crr: 0.000000000 0.999992656 0.000007344
KJ:/rrc/r: 0.007429603 0.954858660 0.037711737
KK:/cc/c: 0.500000000 0.500000000 0.000000000
KK:/cc/crr: 0.000000000 0.500000000 0.500000000
KK:/cc/r: 0.333333333 0.333333333 0.333333333
KK:/crc/c: 0.999995000 0.000005000 0.000000000
KK:/crc/crr: 0.000000000 0.999997500 0.000002500
KK:/crc/r: 0.999762334 0.000234332 0.000003333
KK:/crrc/c: 0.999997500 0.000002500 0.000000000
KK:/crrc/crr: 0.000000000 0.999998750 0.000001250
KK:/crrc/r: 0.999636357 0.000361977 0.000001667
KK:/rc/c: 0.999992061 0.000007939 0.000000000
KK:/rc/crr: 0.000000000 0.999996031 0.000003969
KK:/rc/r: 0.999974248 0.000020460 0.000005293
KK:/rrc/c: 0.999994254 0.000005746 0.000000000
KK:/rrc/crr: 0.000000000 0.999997127 0.000002873
KK:/rrc/r: 0.995596674 0.004399495 0.000003831
KQ:/cc/c: 0.500000000 0.500000000 0.000000000
KQ:/cc/crr: 0.000000000 0.500000000 0.500000000
KQ:/cc/r: 0.333333333 0.333333333 0.333333333
KQ:/crc/c: 0.008645570 0.991354430 0.000000000
KQ:/crc/crr: 0.000000000 0.000289168 0.999710832
KQ:/crc/r: 0.000007642 0.451818080 0.548174279
KQ:/crrc/c: 0.679400084 0.320599916 0.000000000
KQ:/crrc/crr: 0.000000000 0.469266596 0.530733404
KQ:/crrc/r: 0.000017751 0.811523381 0.188458869
KQ:/rc/c: 0.000051301 0.999948699 0.000000000
KQ:/rc/crr: 0.000000000 0.922625620 0.077374380
KQ:/rc/r: 0.000013467 0.309376740 0.690609792
KQ:/rrc/c: 0.504318879 0.495681121 0.000000000
KQ:/rrc/crr: 0.000000000 0.533851665 0.466148335
KQ:/rrc/r: 0.001515120 0.682400680 0.316084200
Q:/c: 0.852618421 0.147381579 0.000000000
Q:/crr: 0.000000000 0.999994136 0.000005864
Q:/r: 0.360103667 0.639868266 0.000028068
QJ:/cc/c: 0.000033926 0.999966074 0.000000000
QJ:/cc/crr: 0.000000000 0.500000000 0.500000000
QJ:/cc/r: 0.000022617 0.000022617 0.999954766
QJ:/crc/c: 0.406095023 0.593904977 0.000000000
QJ:/crc/crr: 0.000000000 0.000013335 0.999986665
QJ:/crc/r: 0.000003910 0.000003910 0.999992181
QJ:/crrc/c: 0.000002932 0.999997068 0.000000000
QJ:/crrc/crr: 0.000000000 0.500000000 0.500000000
QJ:/crrc/r: 0.000007334 0.000001955 0.999990711
QJ:/rc/c: 0.000005209 0.999994791 0.000000000
QJ:/rc/crr: 0.000000000 0.500000000 0.500000000
QJ:/rc/r: 0.000144145 0.000003473 0.999852383
QJ:/rrc/c: 0.000009257 0.999990743 0.000000000
QJ:/rrc/crr: 0.000000000 0.500000000 0.500000000
QJ:/rrc/r: 0.000006171 0.000006171 0.999987658
QK:/cc/c: 0.000801465 0.999198535 0.000000000
QK:/cc/crr: 0.000000000 0.978835295 0.021164705
QK:/cc/r: 0.000022617 0.729844912 0.270132470
QK:/crc/c: 0.375386669 0.624613331 0.000000000
QK:/crc/crr: 0.000000000 0.000650520 0.999349480
QK:/crc/r: 0.000019043 0.461133353 0.538847604
QK:/crrc/c: 0.000002932 0.999997068 0.000000000
QK:/crrc/crr: 0.000000000 0.500000000 0.500000000
QK:/crrc/r: 0.000013588 0.279349254 0.720637158
QK:/rc/c: 0.371353372 0.628646628 0.000000000
QK:/rc/crr: 0.000000000 0.036722028 0.963277972
QK:/rc/r: 0.000007383 0.328405763 0.671586854
QK:/rrc/c: 0.428963705 0.571036295 0.000000000
QK:/rrc/crr: 0.000000000 0.000317356 0.999682644
QK:/rrc/r: 0.000015640 0.485740506 0.514243854
QQ:/cc/c: 0.999966074 0.000033926 0.000000000
QQ:/cc/crr: 0.000000000 0.999983037 0.000016963
QQ:/cc/r: 0.999845410 0.000131973 0.000022617
QQ:/crc/c: 0.999994136 0.000005864 0.000000000
QQ:/crc/crr: 0.000000000 0.999997068 0.000002932
QQ:/crc/r: 0.986398046 0.013598045 0.000003910
QQ:/crrc/c: 0.999997068 0.000002932 0.000000000
QQ:/crrc/crr: 0.000000000 0.999998534 0.000001466
QQ:/crrc/r: 0.999967963 0.000030082 0.000001955
QQ:/rc/c: 0.999994791 0.000005209 0.000000000
QQ:/rc/crr: 0.000000000 0.999997395 0.000002605
QQ:/rc/r: 0.992615705 0.007380822 0.000003473
QQ:/rrc/c: 0.999990743 0.000009257 0.000000000
QQ:/rrc/crr: 0.000000000 0.999995372 0.000004628
QQ:/rrc/r: 0.999972632 0.000021196 0.000006171
