J:/: 0.078197163 0.921802837 0.000000000
J:/cr: 0.017007982 0.035621298 0.947370720
J:/rr: 0.000000000 0.999936059 0.000063941
JJ:/cc/: 0.000268915 0.999731085 0.000000000
JJ:/cc/cr: 0.999996383 0.000001809 0.000001809
JJ:/cc/rr: 0.000000000 0.989914729 0.010085271
JJ:/crc/: 0.842651646 0.157348354 0.000000000
JJ:/crc/cr: 0.999784946 0.000107527 0.000107527
JJ:/crc/rr: 0.000000000 0.999969882 0.000030118
JJ:/crrc/: 0.984746437 0.015253563 0.000000000
JJ:/crrc/cr: 0.995353827 0.002323086 0.002323086
JJ:/crrc/rr: 0.000000000 0.999946024 0.000053976
JJ:/rc/: 0.934554947 0.065445053 0.000000000
JJ:/rc/cr: 0.999348655 0.000325672 0.000325672
JJ:/rc/rr: 0.000000000 0.999965791 0.000034209
JJ:/rrc/: 0.999968027 0.000031973 0.000000000
JJ:/rrc/cr: 0.333333333 0.333333333 0.333333333
JJ:/rrc/rr: 0.000000000 0.999984013 0.000015987
JK:/cc/: 0.073915485 0.926084515 0.000000000
JK:/cc/cr: 0.000225524 0.000001952 0.999772523
JK:/cc/rr: 0.000000000 0.000036692 0.999963308
JK:/crc/: 0.041543968 0.958456032 0.000000000
JK:/crc/cr: 0.056914918 0.000017653 0.943067429
JK:/crc/rr: 0.000000000 0.000610890 0.999389110
JK:/crrc/: 0.999893694 0.000106306 0.000000000
JK:/crrc/cr: 0.333333333 0.333333333 0.333333333
JK:/crrc/rr: 0.000000000 0.000053159 0.999946841
JK:/rc/: 0.997576002 0.002423998 0.000000000
JK:/rc/cr: 0.982414469 0.008792766 0.008792766
JK:/rc/rr: 0.000000000 0.000032048 0.999967952
JK:/rrc/: 0.549861858 0.450138142 0.000000000
JK:/rrc/cr: 0.906837563 0.000023676 0.093138761
JK:/rrc/rr: 0.000000000 0.000029073 0.999970927
JQ:/cc/: 0.195168759 0.804831241 0.000000000
JQ:/cc/cr: 0.000003039 0.000002246 0.999994715
JQ:/cc/rr: 0.000000000 0.000013896 0.999986104
JQ:/crc/: 0.995929763 0.004070237 0.000000000
JQ:/crc/cr: 0.004303779 0.004156809 0.991539412
JQ:/crc/rr: 0.000000000 0.000025483 0.999974517
JQ:/crrc/: 0.035684500 0.964315500 0.000000000
JQ:/crrc/cr: 0.208255178 0.000036747 0.791708076
JQ:/crrc/rr: 0.000000000 0.001489527 0.998510473
JQ:/rc/: 0.997067183 0.002932817 0.000000000
JQ:/rc/cr: 0.007267295 0.007267295 0.985465409
JQ:/rc/rr: 0.000000000 0.000032065 0.999967935
JQ:/rrc/: 0.148185206 0.851814794 0.000000000
JQ:/rrc/cr: 0.000012512 0.000012512 0.999974977
JQ:/rrc/rr: 0.000000000 0.000107880 0.999892120
K:/: 0.760946327 0.239053673 0.000000000
K:/cr: 0.685857948 0.314128108 0.000013944
K:/rr: 0.000000000 0.999993429 0.000006571
KJ:/cc/: 0.000020916 0.999979084 0.000000000
KJ:/cc/cr: 0.000051127 0.000027148 0.999921725
KJ:/cc/rr: 0.000000000 0.500000000 0.500000000
KJ:/crc/: 0.000121781 0.999878219 0.000000000
KJ:/crc/cr: 0.000030605 0.999961996 0.000007399
KJ:/crc/rr: 0.000000000 0.908875106 0.091124894
KJ:/crrc/: 0.056199738 0.943800262 0.000000000
KJ:/crrc/cr: 0.000518981 0.993118624 0.006362395
KJ:/crrc/rr: 0.000000000 0.386375208 0.613624792
KJ:/rc/: 0.074244310 0.925755690 0.000000000
KJ:/rc/cr: 0.004592068 0.975595920 0.019812012
KJ:/rc/rr: 0.000000000 0.378290624 0.621709376
KJ:/rrc/: 0.082852450 0.917147550 0.000000000
KJ:/rrc/cr: 0.000271920 0.999726886 0.000001194
KJ:/rrc/rr: 0.000000000 0.604215464 0.395784536
KK:/cc/: 0.997718847 0.002281153 0.000000000
KK:/cc/cr: 0.993887359 0.003056320 0.003056320
KK:/cc/rr: 0.000000000 0.999989518 0.000010482
KK:/crc/: 0.132906145 0.867093855 0.000000000
KK:/crc/cr: 0.999982936 0.000008532 0.000008532
KK:/crc/rr: 0.000000000 0.999916503 0.000083497
KK:/crrc/: 0.992580374 0.007419626 0.000000000
KK:/crrc/cr: 0.999086632 0.000456684 0.000456684
KK:/crrc/rr: 0.000000000 0.999994879 0.000005121
KK:/rc/: 0.847921575 0.152078425 0.000000000
KK:/rc/cr: 0.999971196 0.000014402 0.000014402
KK:/rc/rr: 0.000000000 0.999996125 0.000003875
KK:/rrc/: 0.537865730 0.462134270 0.000000000
KK:/rrc/cr: 0.999995261 0.000002370 0.000002370
KK:/rrc/rr: 0.000000000 0.999996946 0.000003054
KQ:/cc/: 0.000059670 0.999940330 0.000000000
KQ:/cc/cr: 0.000041110 0.427474049 0.572484842
KQ:/cc/rr: 0.000000000 0.824736768 0.175263232
KQ:/crc/: 0.905791580 0.094208420 0.000000000
KQ:/crc/cr: 0.000532390 0.579513355 0.419954256
KQ:/crc/rr: 0.000000000 0.000019972 0.999980028
KQ:/crrc/: 0.003300349 0.996699651 0.000000000
KQ:/crrc/cr: 0.005028097 0.688261939 0.306709965
KQ:/crrc/rr: 0.000000000 0.103851461 0.896148539
KQ:/rc/: 0.000063166 0.999936834 0.000000000
KQ:/rc/cr: 0.000003340 0.494054753 0.505941908
KQ:/rc/rr: 0.000000000 0.947987851 0.052012149
KQ:/rrc/: 0.681647837 0.318352163 0.000000000
KQ:/rrc/cr: 0.020646808 0.898527118 0.080826073
KQ:/rrc/rr: 0.000000000 0.392020321 0.607979679
Q:/: 0.740907414 0.259092586 0.000000000
Q:/cr: 0.155213437 0.844246118 0.000540445
Q:/rr: 0.000000000 0.999993252 0.000006748
QJ:/cc/: 0.000019298 0.999980702 0.000000000
QJ:/cc/cr: 0.000006433 0.000006433 0.999987134
QJ:/cc/rr: 0.000000000 0.500000000 0.500000000
QJ:/crc/: 0.031517787 0.968482213 0.000000000
QJ:/crc/cr: 0.005067683 0.000002622 0.994929694
QJ:/crc/rr: 0.000000000 0.000120876 0.999879124
QJ:/crrc/: 0.013029628 0.986970372 0.000000000
QJ:/crrc/cr: 0.000535058 0.000013997 0.999450945
QJ:/crrc/rr: 0.000000000 0.001590386 0.998409614
QJ:/rc/: 0.008088487 0.991911513 0.000000000
QJ:/rc/cr: 0.000003572 0.000002268 0.999994160
QJ:/rc/rr: 0.000000000 0.000417166 0.999582834
QJ:/rrc/: 0.000003374 0.999996626 0.000000000
QJ:/rrc/cr: 0.000001125 0.000001125 0.999997750
QJ:/rrc/rr: 0.000000000 0.500000000 0.500000000
QK:/cc/: 0.532160774 0.467839226 0.000000000
QK:/cc/cr: 0.003342913 0.996597141 0.000059945
QK:/cc/rr: 0.000000000 0.999981868 0.000018132
QK:/crc/: 0.013480651 0.986519349 0.000000000
QK:/crc/cr: 0.000002575 0.558802513 0.441194913
QK:/crc/rr: 0.000000000 0.000282608 0.999717392
QK:/crrc/: 0.955782704 0.044217296 0.000000000
QK:/crrc/cr: 0.000902159 0.636922506 0.362175334
QK:/crrc/rr: 0.000000000 0.000637288 0.999362712
QK:/rc/: 0.462921622 0.537078378 0.000000000
QK:/rc/cr: 0.021806486 0.530055546 0.448137968
QK:/rc/rr: 0.000000000 0.202806288 0.797193712
QK:/rrc/: 0.123827895 0.876172105 0.000000000
QK:/rrc/cr: 0.000001284 0.291509331 0.708489385
QK:/rrc/rr: 0.000000000 0.000395989 0.999604011
QQ:/cc/: 0.550501949 0.449498051 0.000000000
QQ:/cc/cr: 0.999971378 0.000014311 0.000014311
QQ:/cc/rr: 0.000000000 0.999982472 0.000017528
QQ:/crc/: 0.987489433 0.012510567 0.000000000
QQ:/crc/cr: 0.999593972 0.000203014 0.000203014
QQ:/crc/rr: 0.000000000 0.999996142 0.000003858
QQ:/crrc/: 0.077398137 0.922601863 0.000000000
QQ:/crrc/cr: 0.999970053 0.000014974 0.000014974
QQ:/crrc/rr: 0.000000000 0.999732266 0.000267734
QQ:/rc/: 0.530690429 0.469309571 0.000000000
QQ:/rc/cr: 0.999988441 0.000006766 0.000004793
QQ:/rc/rr: 0.000000000 0.999993642 0.000006358
QQ:/rrc/: 0.980910922 0.019089078 0.000000000
QQ:/rrc/cr: 0.999882157 0.000058921 0.000058921
QQ:/rrc/rr: 0.000000000 0.999998280 0.000001720
