J:/c: 0.294197992 0.705802008 0.000000000
J:/crr: 0.000000000 0.999983005 0.000016995
J:/r: 0.053978778 0.127675864 0.818345358
JJ:/cc/c: 0.999992916 0.000007084 0.000000000
JJ:/cc/crr: 0.000000000 0.999996458 0.000003542
JJ:/cc/r: 0.999986921 0.000008356 0.000004723
JJ:/crc/c: 0.999983005 0.000016995 0.000000000
JJ:/crc/crr: 0.000000000 0.999991502 0.000008498
JJ:/crc/r: 0.999973845 0.000014825 0.000011330
JJ:/crrc/c: 0.999991502 0.000008498 0.000000000
JJ:/crrc/crr: 0.000000000 0.999995751 0.000004249
JJ:/crrc/r: 0.999988670 0.000005665 0.000005665
JJ:/rc/c: 0.999973892 0.000026108 0.000000000
JJ:/rc/crr: 0.000000000 0.999986946 0.000013054
JJ:/rc/r: 0.999965190 0.000017405 0.000017405
JJ:/rrc/c: 0.999938247 0.000061753 0.000000000
JJ:/rrc/crr: 0.000000000 0.999969122 0.000030878
JJ:/rrc/r: 0.999845666 0.000113166 0.000041168
JK:/cc/c: 0.006682212 0.993317788 0.000000000
JK:/cc/crr: 0.000000000 0.000530074 0.999469926
JK:/cc/r: 0.000015957 0.000004723 0.999979321
JK:/crc/c: 0.541030064 0.458969936 0.000000000
JK:/crc/crr: 0.000000000 0.000015706 0.999984294
JK:/crc/r: 0.040943482 0.000011330 0.959045188
JK:/crrc/c: 0.394434933 0.605565067 0.000000000
JK:/crrc/crr: 0.000000000 0.000010772 0.999989228
JK:/crrc/r: 0.232956217 0.000005665 0.767038117
JK:/rc/c: 0.376922917 0.623077083 0.000000000
JK:/rc/crr: 0.000000000 0.000034633 0.999965367
JK:/rc/r: 0.371864958 0.000017405 0.628117637
JK:/rrc/c: 0.999938247 0.000061753 0.000000000
JK:/rrc/crr: 0.000000000 0.000030878 0.999969122
JK:/rrc/r: 0.286054831 0.000041168 0.713904000
JQ:/cc/c: 0.068582244 0.931417756 0.000000000
JQ:/cc/crr: 0.000000000 0.000051647 0.999948353
JQ:/cc/r: 0.038233754 0.000004723 0.961761523
JQ:/crc/c: 0.451514241 0.548485759 0.000000000
JQ:/crc/crr: 0.000000000 0.000018820 0.999981180
JQ:/crc/r: 0.011476542 0.000011330 0.988512128
JQ:/crrc/c: 0.021299876 0.978700124 0.000000000
JQ:/crrc/crr: 0.000000000 0.000199481 0.999800519
JQ:/crrc/r: 0.270246184 0.000005665 0.729748151
JQ:/rc/c: 0.998106913 0.001893087 0.000000000
JQ:/rc/crr: 0.000000000 0.000013079 0.999986921
JQ:/rc/r: 0.000017405 0.000017405 0.999965190
JQ:/rrc/c: 0.017630005 0.982369995 0.000000000
JQ:/rrc/crr: 0.000000000 0.001751351 0.998248649
JQ:/rrc/r: 0.437447765 0.000041168 0.562511067
K:/c: 0.999969909 0.000030091 0.000000000
K:/crr: 0.000000000 0.999995000 0.000005000
K:/r: 0.573345580 0.426647753 0.000006667
KJ:/cc/c: 0.166164842 0.833835158 0.000000000
KJ:/cc/crr: 0.000000000 0.500000000 0.500000000
KJ:/cc/r: 0.488440639 0.239920507 0.271638854
KJ:/crc/c: 0.198401803 0.801598197 0.000000000
KJ:/crc/crr: 0.000000000 0.999987399 0.000012601
KJ:/crc/r: 0.000031007 0.746853854 0.253115140
KJ:/crrc/c: 0.279868996 0.720131004 0.000000000
KJ:/crrc/crr: 0.000000000 0.999995533 0.000004467
KJ:/crrc/r: 0.015318714 0.833696083 0.150985202
KJ:/rc/c: 0.503278921 0.496721079 0.000000000
KJ:/rc/crr: 0.000000000 0.684673354 0.315326646
KJ:/rc/r: 0.067157839 0.694027989 0.238814171
KJ:/rrc/c: 0.227755424 0.772244576 0.000000000
KJ:/rrc/crr: 0.000000000 0.999987237 0.000012763
KJ:/rrc/r: 0.037052380 0.912488391 0.050459229
KK:/cc/c: 0.833835158 0.166164842 0.000000000
KK:/cc/crr: 0.000000000 0.900361096 0.099638904
KK:/cc/r: 0.542418394 0.346805044 0.110776562
KK:/crc/c: 0.999995000 0.000005000 0.000000000
KK:/crc/crr: 0.000000000 0.999997500 0.000002500
KK:/crc/r: 0.968255461 0.031741205 0.000003333
KK:/crrc/c: 0.999997500 0.000002500 0.000000000
KK:/crrc/crr: 0.000000000 0.999998750 0.000001250
KK:/crrc/r: 0.999967445 0.000030888 0.000001667
KK:/rc/c: 0.999992187 0.000007813 0.000000000
KK:/rc/crr: 0.000000000 0.999996094 0.000003906
KK:/rc/r: 0.999979794 0.000014997 0.000005209
KK:/rrc/c: 0.999994186 0.000005814 0.000000000
KK:/rrc/crr: 0.000000000 0.999997093 0.000002907
KK:/rrc/r: 0.999453923 0.000542201 0.000003876
KQ:/cc/c: 0.497575804 0.502424196 0.000000000
KQ:/cc/crr: 0.000000000 0.833025600 0.166974400
KQ:/cc/r: 0.461660140 0.427185891 0.111153969
KQ:/crc/c: 0.199467743 0.800532257 0.000000000
KQ:/crc/crr: 0.000000000 0.002596376 0.997403624
KQ:/crc/r: 0.000009462 0.444234244 0.555756294
KQ:/crrc/c: 0.633502044 0.366497956 0.000000000
KQ:/crrc/crr: 0.000000000 0.449501272 0.550498728
KQ:/crrc/r: 0.000980222 0.760450745 0.238569033
KQ:/rc/c: 0.000163975 0.999836025 0.000000000
KQ:/rc/crr: 0.000000000 0.023823259 0.976176741
KQ:/rc/r: 0.000017557 0.301537016 0.698445427
KQ:/rrc/c: 0.509176584 0.490823416 0.000000000
KQ:/rrc/crr: 0.000000000 0.542620579 0.457379421
KQ:/rrc/r: 0.077465241 0.550107389 0.372427370
Q:/c: 0.851301154 0.148698846 0.000000000
Q:/crr: 0.000000000 0.999994127 0.000005873
Q:/r: 0.359822675 0.640137988 0.000039337
QJ:/cc/c: 0.000033625 0.999966375 0.000000000
QJ:/cc/crr: 0.000000000 0.500000000 0.500000000
QJ:/cc/r: 0.000022417 0.000022417 0.999955167
QJ:/crc/c: 0.403961955 0.596038045 0.000000000
QJ:/crc/crr: 0.000000000 0.000007270 0.999992730
QJ:/crc/r: 0.000003916 0.000003916 0.999992169
QJ:/crrc/c: 0.000002937 0.999997063 0.000000000
QJ:/crrc/crr: 0.000000000 0.500000000 0.500000000
QJ:/crrc/r: 0.029219561 0.000001958 0.970778481
QJ:/rc/c: 0.000032049 0.999967951 0.000000000
QJ:/rc/crr: 0.000000000 0.081237896 0.918762104
QJ:/rc/r: 0.006157756 0.000003471 0.993838772
QJ:/rrc/c: 0.000119494 0.999880506 0.000000000
QJ:/rrc/crr: 0.000000000 0.038762817 0.961237183
QJ:/rrc/r: 0.000062210 0.000006176 0.999931614
QK:/cc/c: 0.245215918 0.754784082 0.000000000
QK:/cc/crr: 0.000000000 0.999931438 0.000068562
QK:/cc/r: 0.000118391 0.738672291 0.261209318
QK:/crc/c: 0.342715435 0.657284565 0.000000000
QK:/crc/crr: 0.000000000 0.000815344 0.999184656
QK:/crc/r: 0.000136590 0.490152575 0.509710835
QK:/crrc/c: 0.160724785 0.839275215 0.000000000
QK:/crrc/crr: 0.000000000 0.002361835 0.997638165
QK:/crrc/r: 0.000034762 0.278495780 0.721469458
QK:/rc/c: 0.381857602 0.618142398 0.000000000
QK:/rc/crr: 0.000000000 0.000510683 0.999489317
QK:/rc/r: 0.000009686 0.310150400 0.689839914
QK:/rrc/c: 0.425311519 0.574688481 0.000000000
QK:/rrc/crr: 0.000000000 0.070666308 0.929333692
QK:/rrc/r: 0.000069269 0.519115397 0.480815334
QQ:/cc/c: 0.999966375 0.000033625 0.000000000
QQ:/cc/crr: 0.000000000 0.999983187 0.000016813
QQ:/cc/r: 0.999928500 0.000049083 0.000022417
QQ:/crc/c: 0.999994127 0.000005873 0.000000000
QQ:/crc/crr: 0.000000000 0.999997063 0.000002937
QQ:/crc/r: 0.875336322 0.124659762 0.000003916
QQ:/crrc/c: 0.999997063 0.000002937 0.000000000
QQ:/crrc/crr: 0.000000000 0.999998532 0.000001468
QQ:/crrc/r: 0.999996084 0.000001958 0.000001958
QQ:/rc/c: 0.999994793 0.000005207 0.000000000
QQ:/rc/crr: 0.000000000 0.999997396 0.000002604
QQ:/rc/r: 0.999991769 0.000004760 0.000003471
QQ:/rrc/c: 0.999990736 0.000009264 0.000000000
QQ:/rrc/crr: 0.000000000 0.999995368 0.000004632
QQ:/rrc/r: 0.999952535 0.000041289 0.000006176
