J:/c: 0.303685261 0.696314739 0.000000000
J:/crr: 0.000000000 0.999983536 0.000016464
J:/r: 0.053524465 0.131193172 0.815282363
JJ:/cc/c: 0.999992819 0.000007181 0.000000000
JJ:/cc/crr: 0.000000000 0.999996410 0.000003590
JJ:/cc/r: 0.999990426 0.000004787 0.000004787
JJ:/crc/c: 0.999983536 0.000016464 0.000000000
JJ:/crc/crr: 0.000000000 0.999991768 0.000008232
JJ:/crc/r: 0.999953949 0.000035075 0.000010976
JJ:/crrc/c: 0.999991768 0.000008232 0.000000000
JJ:/crrc/crr: 0.000000000 0.999995884 0.000004116
JJ:/crrc/r: 0.999960591 0.000033920 0.000005488
JJ:/rc/c: 0.999974592 0.000025408 0.000000000
JJ:/rc/crr: 0.000000000 0.999987296 0.000012704
JJ:/rc/r: 0.999826682 0.000156380 0.000016939
JJ:/rrc/c: 0.999937723 0.000062277 0.000000000
JJ:/rrc/crr: 0.000000000 0.999968860 0.000031140
JJ:/rrc/r: 0.999916964 0.000041518 0.000041518
JK:/cc/c: 0.000007181 0.999992819 0.000000000
JK:/cc/crr: 0.000000000 0.500000000 0.500000000
JK:/cc/r: 0.000004787 0.000004787 0.999990426
JK:/crc/c: 0.496466773 0.503533227 0.000000000
JK:/crc/crr: 0.000000000 0.000016582 0.999983418
JK:/crc/r: 0.025125827 0.000010976 0.974863197
JK:/crrc/c: 0.339946911 0.660053089 0.000000000
JK:/crrc/crr: 0.000000000 0.000012108 0.999987892
JK:/crrc/r: 0.170550960 0.000005488 0.829443552
JK:/rc/c: 0.442296517 0.557703483 0.000000000
JK:/rc/crr: 0.000000000 0.000028723 0.999971277
JK:/rc/r: 0.372900327 0.000016939 0.627082735
JK:/rrc/c: 0.999937723 0.000062277 0.000000000
JK:/rrc/crr: 0.000000000 0.000031140 0.999968860
JK:/rrc/r: 0.281468264 0.000041518 0.718490218
JQ:/cc/c: 0.077903775 0.922096225 0.000000000
JQ:/cc/crr: 0.000000000 0.000046087 0.999953913
JQ:/cc/r: 0.043521909 0.000004787 0.956473304
JQ:/crc/c: 0.540854685 0.459145315 0.000000000
JQ:/crc/crr: 0.000000000 0.000015221 0.999984779
JQ:/crc/r: 0.001163755 0.000010976 0.998825269
JQ:/crrc/c: 0.027925159 0.972074841 0.000000000
JQ:/crrc/crr: 0.000000000 0.000147400 0.999852600
JQ:/crrc/r: 0.253099406 0.000005488 0.746895105
JQ:/rc/c: 0.999657444 0.000342556 0.000000000
JQ:/rc/crr: 0.000000000 0.000012708 0.999987292
JQ:/rc/r: 0.000016939 0.000016939 0.999966123
JQ:/rrc/c: 0.037405801 0.962594199 0.000000000
JQ:/rrc/crr: 0.000000000 0.000832449 0.999167551
JQ:/rrc/r: 0.580672584 0.000041518 0.419285898
K:/c: 0.999990000 0.000010000 0.000000000
K:/crr: 0.000000000 0.999995000 0.000005000
K:/r: 0.557951492 0.442041841 0.000006667
KJ:/cc/c: 0.500000000 0.500000000 0.000000000
KJ:/cc/crr: 0.000000000 0.500000000 0.500000000
KJ:/cc/r: 0.333333333 0.333333333 0.333333333
KJ:/crc/c: 0.059604209 0.940395791 0.000000000
KJ:/crc/crr: 0.000000000 0.999958056 0.000041944
KJ:/crc/r: 0.000010777 0.716220580 0.283768643
KJ:/crrc/c: 0.406575842 0.593424158 0.000000000
KJ:/crrc/crr: 0.000000000 0.999996925 0.000003075
KJ:/crrc/r: 0.000123376 0.909714300 0.090162324
KJ:/rc/c: 0.418747915 0.581252085 0.000000000
KJ:/rc/crr: 0.000000000 0.999990996 0.000009004
KJ:/rc/r: 0.000023735 0.778264258 0.221712008
KJ:/rrc/c: 0.077171666 0.922828334 0.000000000
KJ:/rrc/crr: 0.000000000 0.999961293 0.000038707
KJ:/rrc/r: 0.010437680 0.947536599 0.042025721
KK:/cc/c: 0.500000000 0.500000000 0.000000000
KK:/cc/crr: 0.000000000 0.500000000 0.500000000
KK:/cc/r: 0.333333333 0.333333333 0.333333333
KK:/crc/c: 0.999995000 0.000005000 0.000000000
KK:/crc/crr: 0.000000000 0.999997500 0.000002500
KK:/crc/r: 0.996440443 0.003556224 0.000003333
KK:/crrc/c: 0.999997500 0.000002500 0.000000000
KK:/crrc/crr: 0.000000000 0.999998750 0.000001250
KK:/crrc/r: 0.999932994 0.000065339 0.000001667
KK:/rc/c: 0.999992459 0.000007541 0.000000000
KK:/rc/crr: 0.000000000 0.999996230 0.000003770
KK:/rc/r: 0.999980501 0.000014472 0.000005027
KK:/rrc/c: 0.999994026 0.000005974 0.000000000
KK:/rrc/crr: 0.000000000 0.999997013 0.000002987
KK:/rrc/r: 0.997840119 0.002155898 0.000003983
KQ:/cc/c: 0.500000000 0.500000000 0.000000000
KQ:/cc/crr: 0.000000000 0.500000000 0.500000000
KQ:/cc/r: 0.333333333 0.333333333 0.333333333
KQ:/crc/c: 0.000157442 0.999842558 0.000000000
KQ:/crc/crr: 0.000000000 0.984120946 0.015879054
KQ:/crc/r: 0.000017411 0.448941052 0.551041536
KQ:/crrc/c: 0.623373332 0.376626668 0.000000000
KQ:/crrc/crr: 0.000000000 0.400583746 0.599416254
KQ:/crrc/r: 0.000025338 0.727028987 0.272945675
KQ:/rc/c: 0.000007541 0.999992459 0.000000000
KQ:/rc/crr: 0.000000000 0.500000000 0.500000000
KQ:/rc/r: 0.000014233 0.289339331 0.710646436
KQ:/rrc/c: 0.467668259 0.532331741 0.000000000
KQ:/rrc/crr: 0.000000000 0.689359451 0.310640549
KQ:/rrc/r: 0.000038976 0.683447684 0.316513340
Q:/c: 0.838808676 0.161191324 0.000000000
Q:/crr: 0.000000000 0.999994039 0.000005961
Q:/r: 0.342197226 0.657717003 0.000085771
QJ:/cc/c: 0.000031019 0.999968981 0.000000000
QJ:/cc/crr: 0.000000000 0.500000000 0.500000000
QJ:/cc/r: 0.000020679 0.000020679 0.999958641
QJ:/crc/c: 0.349276521 0.650723479 0.000000000
QJ:/crc/crr: 0.000000000 0.000038590 0.999961410
QJ:/crc/r: 0.000003974 0.000003974 0.999992052
QJ:/crrc/c: 0.000002980 0.999997020 0.000000000
QJ:/crrc/crr: 0.000000000 0.500000000 0.500000000
QJ:/crrc/r: 0.021327187 0.000001987 0.978670826
QJ:/rc/c: 0.000005068 0.999994932 0.000000000
QJ:/rc/crr: 0.000000000 0.500000000 0.500000000
QJ:/rc/r: 0.028054626 0.000003379 0.971941995
QJ:/rrc/c: 0.000009741 0.999990259 0.000000000
QJ:/rrc/crr: 0.000000000 0.500000000 0.500000000
QJ:/rrc/r: 0.000069775 0.000006494 0.999923731
QK:/cc/c: 0.000314409 0.999685591 0.000000000
QK:/cc/crr: 0.000000000 0.950670853 0.049329147
QK:/cc/r: 0.000035968 0.692739186 0.307224847
QK:/crc/c: 0.387922082 0.612077918 0.000000000
QK:/crc/crr: 0.000000000 0.000733181 0.999266819
QK:/crc/r: 0.000027165 0.487493804 0.512479031
QK:/crrc/c: 0.266575306 0.733424694 0.000000000
QK:/crrc/crr: 0.000000000 0.000561353 0.999438647
QK:/crrc/r: 0.000001987 0.285435985 0.714562028
QK:/rc/c: 0.323771669 0.676228331 0.000000000
QK:/rc/crr: 0.000000000 0.000007827 0.999992173
QK:/rc/r: 0.000007581 0.268952974 0.731039445
QK:/rrc/c: 0.424735084 0.575264916 0.000000000
QK:/rrc/crr: 0.000000000 0.000570346 0.999429654
QK:/rrc/r: 0.000143418 0.492903546 0.506953036
QQ:/cc/c: 0.999968981 0.000031019 0.000000000
QQ:/cc/crr: 0.000000000 0.999984490 0.000015510
QQ:/cc/r: 0.999713004 0.000266317 0.000020679
QQ:/crc/c: 0.999994039 0.000005961 0.000000000
QQ:/crc/crr: 0.000000000 0.999997020 0.000002980
QQ:/crc/r: 0.999947654 0.000048372 0.000003974
QQ:/crrc/c: 0.999997020 0.000002980 0.000000000
QQ:/crrc/crr: 0.000000000 0.999998510 0.000001490
QQ:/crrc/r: 0.999930019 0.000067994 0.000001987
QQ:/rc/c: 0.999994932 0.000005068 0.000000000
QQ:/rc/crr: 0.000000000 0.999997466 0.000002534
QQ:/rc/r: 0.991723379 0.008273242 0.000003379
QQ:/rrc/c: 0.999990259 0.000009741 0.000000000
QQ:/rrc/crr: 0.000000000 0.999995129 0.000004871
QQ:/rrc/r: 0.999949364 0.000044142 0.000006494
