J:/c: 0.289437290 0.710562710 0.000000000
J:/crr: 0.000000000 0.999982725 0.000017275
J:/r: 0.055625903 0.129310677 0.815063420
JJ:/cc/c: 0.999992963 0.000007037 0.000000000
JJ:/cc/crr: 0.000000000 0.999996482 0.000003518
JJ:/cc/r: 0.999986843 0.000008466 0.000004691
JJ:/crc/c: 0.999982725 0.000017275 0.000000000
JJ:/crc/crr: 0.000000000 0.999991362 0.000008638
JJ:/crc/r: 0.999976967 0.000011517 0.000011517
JJ:/crrc/c: 0.999991362 0.000008638 0.000000000
JJ:/crrc/crr: 0.000000000 0.999995681 0.000004319
JJ:/crrc/r: 0.999988483 0.000005758 0.000005758
JJ:/rc/c: 0.999974222 0.000025778 0.000000000
JJ:/rc/crr: 0.000000000 0.999987111 0.000012889
JJ:/rc/r: 0.999955926 0.000026888 0.000017185
JJ:/rrc/c: 0.999940076 0.000059924 0.000000000
JJ:/rrc/crr: 0.000000000 0.999970036 0.000029964
JJ:/rrc/r: 0.999765060 0.000194990 0.000039949
JK:/cc/c: 0.015395269 0.984604731 0.000000000
JK:/cc/crr: 0.000000000 0.000228534 0.999771466
JK:/cc/r: 0.000010388 0.000004691 0.999984921
JK:/crc/c: 0.550253464 0.449746536 0.000000000
JK:/crc/crr: 0.000000000 0.000015697 0.999984303
JK:/crc/r: 0.029139351 0.000011517 0.970849132
JK:/crrc/c: 0.466987433 0.533012567 0.000000000
JK:/crrc/crr: 0.000000000 0.000009248 0.999990752
JK:/crrc/r: 0.230916796 0.000005758 0.769077446
JK:/rc/c: 0.389555647 0.610444353 0.000000000
JK:/rc/crr: 0.000000000 0.000033086 0.999966914
JK:/rc/r: 0.362120605 0.000017185 0.637862210
JK:/rrc/c: 0.999838222 0.000161778 0.000000000
JK:/rrc/crr: 0.000000000 0.000029967 0.999970033
JK:/rrc/r: 0.259735304 0.000039949 0.740224746
JQ:/cc/c: 0.066223338 0.933776662 0.000000000
JQ:/cc/crr: 0.000000000 0.000053128 0.999946872
JQ:/cc/r: 0.035077521 0.000004691 0.964917788
JQ:/crc/c: 0.639361267 0.360638733 0.000000000
JQ:/crc/crr: 0.000000000 0.000013509 0.999986491
JQ:/crc/r: 0.026931323 0.000011517 0.973057160
JQ:/crrc/c: 0.044662505 0.955337495 0.000000000
JQ:/crrc/crr: 0.000000000 0.000096699 0.999903301
JQ:/crrc/r: 0.251772151 0.000005758 0.748222090
JQ:/rc/c: 0.995658993 0.004341007 0.000000000
JQ:/rc/crr: 0.000000000 0.000012945 0.999987055
JQ:/rc/r: 0.000037586 0.000017185 0.999945229
JQ:/rrc/c: 0.001615704 0.998384296 0.000000000
JQ:/rrc/crr: 0.000000000 0.018544274 0.981455726
JQ:/rrc/r: 0.420006607 0.000039949 0.579953443
K:/c: 0.999969442 0.000030558 0.000000000
K:/crr: 0.000000000 0.999995000 0.000005000
K:/r: 0.571759293 0.428234041 0.000006667
KJ:/cc/c: 0.434687794 0.565312206 0.000000000
KJ:/cc/crr: 0.000000000 0.811789711 0.188210289
KJ:/cc/r: 0.517653198 0.218102931 0.264243871
KJ:/crc/c: 0.097106284 0.902893716 0.000000000
KJ:/crc/crr: 0.000000000 0.999974254 0.000025746
KJ:/crc/r: 0.000139723 0.764914989 0.234945288
KJ:/crrc/c: 0.300407025 0.699592975 0.000000000
KJ:/crrc/crr: 0.000000000 0.999995839 0.000004161
KJ:/crrc/r: 0.045158469 0.796494265 0.158347266
KJ:/rc/c: 0.453189267 0.546810733 0.000000000
KJ:/rc/crr: 0.000000000 0.789574458 0.210425542
KJ:/rc/r: 0.036648362 0.736512181 0.226839457
KJ:/rrc/c: 0.135999762 0.864000238 0.000000000
KJ:/rrc/crr: 0.000000000 0.999978566 0.000021434
KJ:/rrc/r: 0.038378994 0.893805111 0.067815895
KK:/cc/c: 0.836374569 0.163625431 0.000000000
KK:/cc/crr: 0.000000000 0.902181728 0.097818272
KK:/cc/r: 0.597530511 0.293385869 0.109083620
KK:/crc/c: 0.999995000 0.000005000 0.000000000
KK:/crc/crr: 0.000000000 0.999997500 0.000002500
KK:/crc/r: 0.994777125 0.005219541 0.000003333
KK:/crrc/c: 0.999997500 0.000002500 0.000000000
KK:/crrc/crr: 0.000000000 0.999998750 0.000001250
KK:/crrc/r: 0.999949613 0.000048721 0.000001667
KK:/rc/c: 0.999992216 0.000007784 0.000000000
KK:/rc/crr: 0.000000000 0.999996108 0.000003892
KK:/rc/r: 0.999978616 0.000016195 0.000005189
KK:/rrc/c: 0.999994170 0.000005830 0.000000000
KK:/rrc/crr: 0.000000000 0.999997085 0.000002915
KK:/rrc/r: 0.999828536 0.000167577 0.000003887
KQ:/cc/c: 0.836374569 0.163625431 0.000000000
KQ:/cc/crr: 0.000000000 0.902181728 0.097818272
KQ:/cc/r: 0.509806757 0.330486084 0.159707158
KQ:/crc/c: 0.032875003 0.967124997 0.000000000
KQ:/crc/crr: 0.000000000 0.018091709 0.981908291
KQ:/crc/r: 0.000046483 0.442393681 0.557559835
KQ:/crrc/c: 0.605667715 0.394332285 0.000000000
KQ:/crrc/crr: 0.000000000 0.442512287 0.557487713
KQ:/crrc/r: 0.000005051 0.692377378 0.307617571
KQ:/rc/c: 0.001265679 0.998734321 0.000000000
KQ:/rc/crr: 0.000000000 0.030730957 0.969269043
KQ:/rc/r: 0.000024931 0.299558724 0.700416345
KQ:/rrc/c: 0.499156592 0.500843408 0.000000000
KQ:/rrc/crr: 0.000000000 0.525922417 0.474077583
KQ:/rrc/r: 0.076396675 0.555515690 0.368087635
Q:/c: 0.846868176 0.153131824 0.000000000
Q:/crr: 0.000000000 0.999994096 0.000005904
Q:/r: 0.358127795 0.641822422 0.000049783
QJ:/cc/c: 0.000305096 0.999694904 0.000000000
QJ:/cc/crr: 0.000000000 0.053510306 0.946489694
QJ:/cc/r: 0.000023437 0.000021768 0.999954795
QJ:/crc/c: 0.427813446 0.572186554 0.000000000
QJ:/crc/crr: 0.000000000 0.041551485 0.958448515
QJ:/crc/r: 0.000003936 0.000003936 0.999992128
QJ:/crrc/c: 0.000002952 0.999997048 0.000000000
QJ:/crrc/crr: 0.000000000 0.500000000 0.500000000
QJ:/crrc/r: 0.015040615 0.000001968 0.984957417
QJ:/rc/c: 0.000031428 0.999968572 0.000000000
QJ:/rc/crr: 0.000000000 0.082626105 0.917373895
QJ:/rc/r: 0.013349854 0.000003462 0.986646683
QJ:/rrc/c: 0.000192068 0.999807932 0.000000000
QJ:/rrc/crr: 0.000000000 0.031007525 0.968992475
QJ:/rrc/r: 0.000085186 0.000006205 0.999908609
QK:/cc/c: 0.333659043 0.666340957 0.000000000
QK:/cc/crr: 0.000000000 0.999951070 0.000048930
QK:/cc/r: 0.000178490 0.740600238 0.259221272
QK:/crc/c: 0.296683017 0.703316983 0.000000000
QK:/crc/crr: 0.000000000 0.023432666 0.976567334
QK:/crc/r: 0.000234072 0.442661511 0.557104417
QK:/crrc/c: 0.021765986 0.978234014 0.000000000
QK:/crrc/crr: 0.000000000 0.020156736 0.979843264
QK:/crrc/r: 0.000029087 0.277291350 0.722679563
QK:/rc/c: 0.362739767 0.637260233 0.000000000
QK:/rc/crr: 0.000000000 0.000534229 0.999465771
QK:/rc/r: 0.000007063 0.304316015 0.695676921
QK:/rrc/c: 0.419510861 0.580489139 0.000000000
QK:/rrc/crr: 0.000000000 0.073801083 0.926198917
QK:/rrc/r: 0.000079026 0.526435477 0.473485497
QQ:/cc/c: 0.999967348 0.000032652 0.000000000
QQ:/cc/crr: 0.000000000 0.999983674 0.000016326
QQ:/cc/r: 0.999916788 0.000061444 0.000021768
QQ:/crc/c: 0.999994096 0.000005904 0.000000000
QQ:/crc/crr: 0.000000000 0.999997048 0.000002952
QQ:/crc/r: 0.818446439 0.181549625 0.000003936
QQ:/crrc/c: 0.999997048 0.000002952 0.000000000
QQ:/crrc/crr: 0.000000000 0.999998524 0.000001476
QQ:/crrc/r: 0.999996064 0.000001968 0.000001968
QQ:/rc/c: 0.999994806 0.000005194 0.000000000
QQ:/rc/crr: 0.000000000 0.999997403 0.000002597
QQ:/rc/r: 0.882672095 0.117324443 0.000003462
QQ:/rrc/c: 0.999990692 0.000009308 0.000000000
QQ:/rrc/crr: 0.000000000 0.999995346 0.000004654
QQ:/rrc/r: 0.999959315 0.000034479 0.000006205
