J:/c: 0.301039848 0.698960152 0.000000000
J:/crr: 0.000000000 0.999983391 0.000016609
J:/r: 0.054203824 0.127822368 0.817973808
JJ:/cc/c: 0.999992847 0.000007153 0.000000000
JJ:/cc/crr: 0.000000000 0.999996423 0.000003577
JJ:/cc/r: 0.999986938 0.000008293 0.000004769
JJ:/crc/c: 0.999983391 0.000016609 0.000000000
JJ:/crc/crr: 0.000000000 0.999991695 0.000008305
JJ:/crc/r: 0.999977855 0.000011073 0.000011073
JJ:/crrc/c: 0.999991695 0.000008305 0.000000000
JJ:/crrc/crr: 0.000000000 0.999995848 0.000004152
JJ:/crrc/r: 0.999988927 0.000005536 0.000005536
JJ:/rc/c: 0.999973922 0.000026078 0.000000000
JJ:/rc/crr: 0.000000000 0.999986961 0.000013039
JJ:/rc/r: 0.999965230 0.000017385 0.000017385
JJ:/rrc/c: 0.999938504 0.000061496 0.000000000
JJ:/rrc/crr: 0.000000000 0.999969250 0.000030750
JJ:/rrc/r: 0.999918005 0.000040998 0.000040998
JK:/cc/c: 0.004344621 0.995655379 0.000000000
JK:/cc/crr: 0.000000000 0.000823257 0.999176743
JK:/cc/r: 0.000017642 0.000004769 0.999977589
JK:/crc/c: 0.514600770 0.485399230 0.000000000
JK:/crc/crr: 0.000000000 0.000016138 0.999983862
JK:/crc/r: 0.000011073 0.000011073 0.999977855
JK:/crrc/c: 0.404592645 0.595407355 0.000000000
JK:/crrc/crr: 0.000000000 0.000010263 0.999989737
JK:/crrc/r: 0.222935398 0.000005536 0.777059065
JK:/rc/c: 0.408633282 0.591366718 0.000000000
JK:/rc/crr: 0.000000000 0.000031909 0.999968091
JK:/rc/r: 0.352566349 0.000017385 0.647416266
JK:/rrc/c: 0.999938504 0.000061496 0.000000000
JK:/rrc/crr: 0.000000000 0.000030750 0.999969250
JK:/rrc/r: 0.314280394 0.000040998 0.685678609
JQ:/cc/c: 0.069587737 0.930412263 0.000000000
JQ:/cc/crr: 0.000000000 0.000051399 0.999948601
JQ:/cc/r: 0.038335271 0.000004769 0.961659960
JQ:/crc/c: 0.475873581 0.524126419 0.000000000
JQ:/crc/crr: 0.000000000 0.000017451 0.999982549
JQ:/crc/r: 0.000168676 0.000011073 0.999820252
JQ:/crrc/c: 0.021017866 0.978982134 0.000000000
JQ:/crrc/crr: 0.000000000 0.000197563 0.999802437
JQ:/crrc/r: 0.047562018 0.000005536 0.952432445
JQ:/rc/c: 0.998079984 0.001920016 0.000000000
JQ:/rc/crr: 0.000000000 0.000013064 0.999986936
JQ:/rc/r: 0.000017385 0.000017385 0.999965230
JQ:/rrc/c: 0.020914502 0.979085498 0.000000000
JQ:/rrc/crr: 0.000000000 0.001470183 0.998529817
JQ:/rrc/r: 0.612046847 0.000040998 0.387912155
K:/c: 0.999990000 0.000010000 0.000000000
K:/crr: 0.000000000 0.999995000 0.000005000
K:/r: 0.577596896 0.422396437 0.000006667
KJ:/cc/c: 0.500000000 0.500000000 0.000000000
KJ:/cc/crr: 0.000000000 0.500000000 0.500000000
KJ:/cc/r: 0.333333333 0.333333333 0.333333333
KJ:/crc/c: 0.080630376 0.919369624 0.000000000
KJ:/crc/crr: 0.000000000 0.999968994 0.000031006
KJ:/crc/r: 0.000020506 0.718253642 0.281725851
KJ:/crrc/c: 0.247846478 0.752153522 0.000000000
KJ:/crrc/crr: 0.000000000 0.999994956 0.000005044
KJ:/crrc/r: 0.048606221 0.808651291 0.142742488
KJ:/rc/c: 0.421351632 0.578648368 0.000000000
KJ:/rc/crr: 0.000000000 0.994817764 0.005182236
KJ:/rc/r: 0.000061409 0.865861273 0.134077318
KJ:/rrc/c: 0.340560309 0.659439691 0.000000000
KJ:/rrc/crr: 0.000000000 0.999991527 0.000008473
KJ:/rrc/r: 0.009031698 0.945071039 0.045897263
KK:/cc/c: 0.500000000 0.500000000 0.000000000
KK:/cc/crr: 0.000000000 0.500000000 0.500000000
KK:/cc/r: 0.333333333 0.333333333 0.333333333
KK:/crc/c: 0.999995000 0.000005000 0.000000000
KK:/crc/crr: 0.000000000 0.999997500 0.000002500
KK:/crc/r: 0.996257505 0.003739162 0.000003333
KK:/crrc/c: 0.999997500 0.000002500 0.000000000
KK:/crrc/crr: 0.000000000 0.999998750 0.000001250
KK:/crrc/r: 0.999757269 0.000241064 0.000001667
KK:/rc/c: 0.999992109 0.000007891 0.000000000
KK:/rc/crr: 0.000000000 0.999996054 0.000003946
KK:/rc/r: 0.999976780 0.000017959 0.000005261
KK:/rrc/c: 0.999994229 0.000005771 0.000000000
KK:/rrc/crr: 0.000000000 0.999997114 0.000002886
KK:/rrc/r: 0.998498245 0.001497907 0.000003847
KQ:/cc/c: 0.500000000 0.500000000 0.000000000
KQ:/cc/crr: 0.000000000 0.500000000 0.500000000
KQ:/cc/r: 0.333333333 0.333333333 0.333333333
KQ:/crc/c: 0.273545911 0.726454089 0.000000000
KQ:/crc/crr: 0.000000000 0.002012772 0.997987228
KQ:/crc/r: 0.000015869 0.431873497 0.568110634
KQ:/crrc/c: 0.634808733 0.365191267 0.000000000
KQ:/crrc/crr: 0.000000000 0.409082789 0.590917211
KQ:/crrc/r: 0.000037858 0.869791774 0.130170368
KQ:/rc/c: 0.000007891 0.999992109 0.000000000
KQ:/rc/crr: 0.000000000 0.500000000 0.500000000
KQ:/rc/r: 0.000010362 0.303062690 0.696926948
KQ:/rrc/c: 0.503208537 0.496791463 0.000000000
KQ:/rrc/crr: 0.000000000 0.451447082 0.548552918
KQ:/rrc/r: 0.000360793 0.669016355 0.330622852
Q:/c: 0.849352737 0.150647263 0.000000000
Q:/crr: 0.000000000 0.999994113 0.000005887
Q:/r: 0.361426111 0.638553505 0.000020384
QJ:/cc/c: 0.000033190 0.999966810 0.000000000
QJ:/cc/crr: 0.000000000 0.500000000 0.500000000
QJ:/cc/r: 0.000022127 0.000022127 0.999955747
QJ:/crc/c: 0.387803936 0.612196064 0.000000000
QJ:/crc/crr: 0.000000000 0.000046252 0.999953748
QJ:/crc/r: 0.000003925 0.000003925 0.999992151
QJ:/crrc/c: 0.000002943 0.999997057 0.000000000
QJ:/crrc/crr: 0.000000000 0.500000000 0.500000000
QJ:/crrc/r: 0.015576129 0.000001962 0.984421908
QJ:/rc/c: 0.000005220 0.999994780 0.000000000
QJ:/rc/crr: 0.000000000 0.500000000 0.500000000
QJ:/rc/r: 0.000012578 0.000003480 0.999983942
QJ:/rrc/c: 0.000009223 0.999990777 0.000000000
QJ:/rrc/crr: 0.000000000 0.500000000 0.500000000
QJ:/rrc/r: 0.000026463 0.000006148 0.999967389
QK:/cc/c: 0.015051610 0.984948390 0.000000000
QK:/cc/crr: 0.000000000 0.998897456 0.001102544
QK:/cc/r: 0.000091169 0.730267923 0.269640908
QK:/crc/c: 0.357235072 0.642764928 0.000000000
QK:/crc/crr: 0.000000000 0.000409471 0.999590529
QK:/crc/r: 0.000047039 0.485372296 0.514580665
QK:/crrc/c: 0.100950159 0.899049841 0.000000000
QK:/crrc/crr: 0.000000000 0.002618458 0.997381542
QK:/crrc/r: 0.000013297 0.270914387 0.729072316
QK:/rc/c: 0.348007746 0.651992254 0.000000000
QK:/rc/crr: 0.000000000 0.000095675 0.999904325
QK:/rc/r: 0.000006516 0.303058519 0.696934965
QK:/rrc/c: 0.433991333 0.566008667 0.000000000
QK:/rrc/crr: 0.000000000 0.046511150 0.953488850
QK:/rrc/r: 0.000078667 0.501315985 0.498605348
QQ:/cc/c: 0.999966810 0.000033190 0.000000000
QQ:/cc/crr: 0.000000000 0.999983404 0.000016596
QQ:/cc/r: 0.999201451 0.000776422 0.000022127
QQ:/crc/c: 0.999994113 0.000005887 0.000000000
QQ:/crc/crr: 0.000000000 0.999997057 0.000002943
QQ:/crc/r: 0.989870410 0.010125665 0.000003925
QQ:/crrc/c: 0.999997057 0.000002943 0.000000000
QQ:/crrc/crr: 0.000000000 0.999998528 0.000001472
QQ:/crrc/r: 0.999852772 0.000145266 0.000001962
QQ:/rc/c: 0.999994780 0.000005220 0.000000000
QQ:/rc/crr: 0.000000000 0.999997390 0.000002610
QQ:/rc/r: 0.999991841 0.000004679 0.000003480
QQ:/rrc/c: 0.999990777 0.000009223 0.000000000
QQ:/rrc/crr: 0.000000000 0.999995389 0.000004611
QQ:/rrc/r: 0.999960214 0.000033638 0.000006148
