J:/c: 0.319559187 0.680440813 0.000000000
J:/crr: 0.000000000 0.999984353 0.000015647
J:/r: 0.055736057 0.115108276 0.829155667
JJ:/cc/c: 0.999992652 0.000007348 0.000000000
JJ:/cc/crr: 0.000000000 0.999996326 0.000003674
JJ:/cc/r: 0.999990202 0.000004899 0.000004899
JJ:/crc/c: 0.999984353 0.000015647 0.000000000
JJ:/crc/crr: 0.000000000 0.999992177 0.000007823
JJ:/crc/r: 0.998994384 0.000995185 0.000010431
JJ:/crrc/c: 0.999992177 0.000007823 0.000000000
JJ:/crrc/crr: 0.000000000 0.999996088 0.000003912
JJ:/crrc/r: 0.999963545 0.000031239 0.000005216
JJ:/rc/c: 0.999971042 0.000028958 0.000000000
JJ:/rc/crr: 0.000000000 0.999985520 0.000014480
JJ:/rc/r: 0.999961389 0.000019305 0.000019305
JJ:/rrc/c: 0.999940194 0.000059806 0.000000000
JJ:/rrc/crr: 0.000000000 0.999970095 0.000029905
JJ:/rrc/r: 0.999841142 0.000118987 0.000039870
JK:/cc/c: 0.007971882 0.992028118 0.000000000
JK:/cc/crr: 0.000000000 0.000460881 0.999539119
JK:/cc/r: 0.000004899 0.000004899 0.999990202
JK:/crc/c: 0.496122086 0.503877914 0.000000000
JK:/crc/crr: 0.000000000 0.000015769 0.999984231
JK:/crc/r: 0.022962932 0.000010431 0.977026637
JK:/crrc/c: 0.310352803 0.689647197 0.000000000
JK:/crrc/crr: 0.000000000 0.000012604 0.999987396
JK:/crrc/r: 0.221759125 0.000005216 0.778235660
JK:/rc/c: 0.368683723 0.631316277 0.000000000
JK:/rc/crr: 0.000000000 0.000039272 0.999960728
JK:/rc/r: 0.359972269 0.000019305 0.640008425
JK:/rrc/c: 0.999940194 0.000059806 0.000000000
JK:/rrc/crr: 0.000000000 0.000029905 0.999970095
JK:/rrc/r: 0.442714720 0.000039870 0.557245410
JQ:/cc/c: 0.073208661 0.926791339 0.000000000
JQ:/cc/crr: 0.000000000 0.000050187 0.999949813
JQ:/cc/r: 0.034584945 0.000004899 0.965410156
JQ:/crc/c: 0.417288706 0.582711294 0.000000000
JQ:/crc/crr: 0.000000000 0.000018748 0.999981252
JQ:/crc/r: 0.003713324 0.000010431 0.996276245
JQ:/crrc/c: 0.029741950 0.970258050 0.000000000
JQ:/crrc/crr: 0.000000000 0.000131521 0.999868479
JQ:/crrc/r: 0.162689369 0.000005216 0.837305416
JQ:/rc/c: 0.997204728 0.002795272 0.000000000
JQ:/rc/crr: 0.000000000 0.000014520 0.999985480
JQ:/rc/r: 0.000516373 0.000019305 0.999464322
JQ:/rrc/c: 0.041632560 0.958367440 0.000000000
JQ:/rrc/crr: 0.000000000 0.000718256 0.999281744
JQ:/rrc/r: 0.584982192 0.000039870 0.414977938
K:/c: 0.999969347 0.000030653 0.000000000
K:/crr: 0.000000000 0.999995000 0.000005000
K:/r: 0.623681339 0.376311995 0.000006667
KJ:/cc/c: 0.163113625 0.836886375 0.000000000
KJ:/cc/crr: 0.000000000 0.500000000 0.500000000
KJ:/cc/r: 0.482596946 0.274330797 0.243072257
KJ:/crc/c: 0.176817077 0.823182923 0.000000000
KJ:/crc/crr: 0.000000000 0.999985861 0.000014139
KJ:/crc/r: 0.000034440 0.749672400 0.250293160
KJ:/crrc/c: 0.440738924 0.559261076 0.000000000
KJ:/crrc/crr: 0.000000000 0.999997164 0.000002836
KJ:/crrc/r: 0.006158225 0.838877726 0.154964049
KJ:/rc/c: 0.441537131 0.558462869 0.000000000
KJ:/rc/crr: 0.000000000 0.733985013 0.266014987
KJ:/rc/r: 0.057778672 0.736432034 0.205789294
KJ:/rrc/c: 0.110153039 0.889846961 0.000000000
KJ:/rrc/crr: 0.000000000 0.999975740 0.000024260
KJ:/rrc/r: 0.039210619 0.893994728 0.066794654
KK:/cc/c: 0.836886375 0.163113625 0.000000000
KK:/cc/crr: 0.000000000 0.902547329 0.097452671
KK:/cc/r: 0.597208544 0.294049039 0.108742417
KK:/crc/c: 0.999995000 0.000005000 0.000000000
KK:/crc/crr: 0.000000000 0.999997500 0.000002500
KK:/crc/r: 0.972760882 0.027235784 0.000003333
KK:/crrc/c: 0.999997500 0.000002500 0.000000000
KK:/crrc/crr: 0.000000000 0.999998750 0.000001250
KK:/crrc/r: 0.999992778 0.000005556 0.000001667
KK:/rc/c: 0.999991142 0.000008858 0.000000000
KK:/rc/crr: 0.000000000 0.999995571 0.000004429
KK:/rc/r: 0.999977397 0.000016698 0.000005905
KK:/rrc/c: 0.999994655 0.000005345 0.000000000
KK:/rrc/crr: 0.000000000 0.999997328 0.000002672
KK:/rrc/r: 0.999834951 0.000161486 0.000003563
KQ:/cc/c: 0.461291158 0.538708842 0.000000000
KQ:/cc/crr: 0.000000000 0.823198838 0.176801162
KQ:/cc/r: 0.474969434 0.407038495 0.117992070
KQ:/crc/c: 0.184740899 0.815259101 0.000000000
KQ:/crc/crr: 0.000000000 0.011167431 0.988832569
KQ:/crc/r: 0.000014860 0.447599303 0.552385837
KQ:/crrc/c: 0.626266101 0.373733899 0.000000000
KQ:/crrc/crr: 0.000000000 0.417373496 0.582626504
KQ:/crrc/r: 0.000251939 0.700627751 0.299120310
KQ:/rc/c: 0.000270910 0.999729090 0.000000000
KQ:/rc/crr: 0.000000000 0.273851458 0.726148542
KQ:/rc/r: 0.000023306 0.292482676 0.707494018
KQ:/rrc/c: 0.525408617 0.474591383 0.000000000
KQ:/rrc/crr: 0.000000000 0.443509826 0.556490174
KQ:/rrc/r: 0.046017896 0.569527046 0.384455057
Q:/c: 0.845283944 0.154716056 0.000000000
Q:/crr: 0.000000000 0.999994085 0.000005915
Q:/r: 0.425909985 0.574039451 0.000050564
QJ:/cc/c: 0.000228061 0.999771939 0.000000000
QJ:/cc/crr: 0.000000000 0.070852197 0.929147803
QJ:/cc/r: 0.000021545 0.000021545 0.999956910
QJ:/crc/c: 0.442604310 0.557395690 0.000000000
QJ:/crc/crr: 0.000000000 0.010737521 0.989262479
QJ:/crc/r: 0.000085739 0.000003943 0.999910317
QJ:/crrc/c: 0.000002958 0.999997042 0.000000000
QJ:/crrc/crr: 0.000000000 0.500000000 0.500000000
QJ:/crrc/r: 0.034354671 0.000001972 0.965643357
QJ:/rc/c: 0.000029474 0.999970526 0.000000000
QJ:/rc/crr: 0.000000000 0.098508690 0.901491310
QJ:/rc/r: 0.003952093 0.000003871 0.996044035
QJ:/rrc/c: 0.000130547 0.999869453 0.000000000
QJ:/rrc/crr: 0.000000000 0.029975295 0.970024705
QJ:/rrc/r: 0.000050364 0.000005218 0.999944418
QK:/cc/c: 0.110207937 0.889792063 0.000000000
QK:/cc/crr: 0.000000000 0.999853380 0.000146620
QK:/cc/r: 0.000101747 0.741635484 0.258262770
QK:/crc/c: 0.320434506 0.679565494 0.000000000
QK:/crc/crr: 0.000000000 0.001220398 0.998779602
QK:/crc/r: 0.000061177 0.459289722 0.540649101
QK:/crrc/c: 0.229370870 0.770629130 0.000000000
QK:/crrc/crr: 0.000000000 0.002172572 0.997827428
QK:/crrc/r: 0.000041654 0.297706059 0.702252287
QK:/rc/c: 0.377283602 0.622716398 0.000000000
QK:/rc/crr: 0.000000000 0.005883986 0.994116014
QK:/rc/r: 0.000017428 0.310234697 0.689747875
QK:/rrc/c: 0.433899447 0.566100553 0.000000000
QK:/rrc/crr: 0.000000000 0.035590677 0.964409323
QK:/rrc/r: 0.000062295 0.467329963 0.532607743
QQ:/cc/c: 0.999967683 0.000032317 0.000000000
QQ:/cc/crr: 0.000000000 0.999983841 0.000016159
QQ:/cc/r: 0.999936803 0.000041652 0.000021545
QQ:/crc/c: 0.999994085 0.000005915 0.000000000
QQ:/crc/crr: 0.000000000 0.999997042 0.000002958
QQ:/crc/r: 0.999951608 0.000044448 0.000003943
QQ:/crrc/c: 0.999997042 0.000002958 0.000000000
QQ:/crrc/crr: 0.000000000 0.999998521 0.000001479
QQ:/crrc/r: 0.999996057 0.000001972 0.000001972
QQ:/rc/c: 0.999994193 0.000005807 0.000000000
QQ:/rc/crr: 0.000000000 0.999997097 0.000002903
QQ:/rc/r: 0.976157567 0.023838562 0.000003871
QQ:/rrc/c: 0.999992174 0.000007826 0.000000000
QQ:/rrc/crr: 0.000000000 0.999996087 0.000003913
QQ:/rrc/r: 0.999960226 0.000034556 0.000005218
