J:/: 0.073287922 0.926712078 0.000000000
J:/cr: 0.019509465 0.034796763 0.945693772
J:/rr: 0.000000000 0.999931776 0.000068224
JJ:/cc/: 0.000268936 0.999731064 0.000000000
JJ:/cc/cr: 0.999996402 0.000001799 0.000001799
JJ:/cc/rr: 0.000000000 0.989968967 0.010031033
JJ:/crc/: 0.941750194 0.058249806 0.000000000
JJ:/crc/cr: 0.999408467 0.000295767 0.000295767
JJ:/crc/rr: 0.000000000 0.999972559 0.000027441
JJ:/crrc/: 0.957602108 0.042397892 0.000000000
JJ:/crrc/cr: 0.998550484 0.000724758 0.000724758
JJ:/crrc/rr: 0.000000000 0.999951867 0.000048133
JJ:/rc/: 0.896162576 0.103837424 0.000000000
JJ:/rc/cr: 0.999561982 0.000219009 0.000219009
JJ:/rc/rr: 0.000000000 0.999961935 0.000038065
JJ:/rrc/: 0.999623515 0.000376485 0.000000000
JJ:/rrc/cr: 0.939591535 0.030204232 0.030204232
JJ:/rrc/rr: 0.000000000 0.999982936 0.000017064
JK:/cc/: 0.077400252 0.922599748 0.000000000
JK:/cc/cr: 0.000234068 0.000001949 0.999763983
JK:/cc/rr: 0.000000000 0.000034854 0.999965146
JK:/crc/: 0.047225685 0.952774315 0.000000000
JK:/crc/cr: 0.011817209 0.000018082 0.988164709
JK:/crc/rr: 0.000000000 0.000547214 0.999452786
JK:/crrc/: 0.999907815 0.000092185 0.000000000
JK:/crrc/cr: 0.333333333 0.333333333 0.333333333
JK:/crrc/rr: 0.000000000 0.000046097 0.999953903
JK:/rc/: 0.993370067 0.006629933 0.000000000
JK:/rc/cr: 0.964629037 0.003430103 0.031940860
JK:/rc/rr: 0.000000000 0.000034340 0.999965660
JK:/rrc/: 0.525910363 0.474089637 0.000000000
JK:/rrc/cr: 0.859784970 0.000023986 0.140191045
JK:/rrc/rr: 0.000000000 0.000032434 0.999967566
JQ:/cc/: 0.167253040 0.832746960 0.000000000
JQ:/cc/cr: 0.000002160 0.000002160 0.999995681
JQ:/cc/rr: 0.000000000 0.000016130 0.999983870
JQ:/crc/: 0.990531584 0.009468416 0.000000000
JQ:/crc/cr: 0.171756502 0.001819560 0.826423937
JQ:/crc/rr: 0.000000000 0.000026090 0.999973910
JQ:/crrc/: 0.018597467 0.981402533 0.000000000
JQ:/crrc/cr: 0.190234202 0.000031311 0.809734488
JQ:/crrc/rr: 0.000000000 0.002478419 0.997521581
JQ:/rc/: 0.997727504 0.002272496 0.000000000
JQ:/rc/cr: 0.010007214 0.010007214 0.979985572
JQ:/rc/rr: 0.000000000 0.000034190 0.999965810
JQ:/rrc/: 0.169389838 0.830610162 0.000000000
JQ:/rrc/cr: 0.000013690 0.000013690 0.999972619
JQ:/rrc/rr: 0.000000000 0.000100698 0.999899302
K:/: 0.752862019 0.247137981 0.000000000
K:/cr: 0.692248743 0.307737770 0.000013488
K:/rr: 0.000000000 0.999993359 0.000006641
KJ:/cc/: 0.000044380 0.999955620 0.000000000
KJ:/cc/cr: 0.000048474 0.000011535 0.999939991
KJ:/cc/rr: 0.000000000 0.772063731 0.227936269
KJ:/crc/: 0.000267220 0.999732780 0.000000000
KJ:/crc/cr: 0.000028653 0.999964040 0.000007307
KJ:/crc/rr: 0.000000000 0.958995628 0.041004372
KJ:/crrc/: 0.078580377 0.921419623 0.000000000
KJ:/crrc/cr: 0.002090358 0.990597498 0.007312144
KJ:/crrc/rr: 0.000000000 0.421333023 0.578666977
KJ:/rc/: 0.063290372 0.936709628 0.000000000
KJ:/rc/cr: 0.009119266 0.958269292 0.032611441
KJ:/rc/rr: 0.000000000 0.375267067 0.624732933
KJ:/rrc/: 0.077321350 0.922678650 0.000000000
KJ:/rrc/cr: 0.000391404 0.999545622 0.000062974
KJ:/rrc/rr: 0.000000000 0.469984254 0.530015746
KK:/cc/: 0.997215379 0.002784621 0.000000000
KK:/cc/cr: 0.995156346 0.002421827 0.002421827
KK:/cc/rr: 0.000000000 0.999989856 0.000010144
KK:/crc/: 0.101840636 0.898159364 0.000000000
KK:/crc/cr: 0.999983734 0.000008133 0.000008133
KK:/crc/rr: 0.000000000 0.999892409 0.000107591
KK:/crrc/: 0.995708993 0.004291007 0.000000000
KK:/crrc/cr: 0.998486451 0.000756775 0.000756775
KK:/crrc/rr: 0.000000000 0.999995108 0.000004892
KK:/rc/: 0.808019932 0.191980068 0.000000000
KK:/rc/cr: 0.999976937 0.000011531 0.000011531
KK:/rc/rr: 0.000000000 0.999995890 0.000004110
KK:/rrc/: 0.500581249 0.499418751 0.000000000
KK:/rrc/cr: 0.999995567 0.000002216 0.000002216
KK:/rrc/rr: 0.000000000 0.999996683 0.000003317
KQ:/cc/: 0.000053839 0.999946161 0.000000000
KQ:/cc/cr: 0.000042212 0.464037392 0.535920397
KQ:/cc/rr: 0.000000000 0.812111407 0.187888593
KQ:/crc/: 0.901245238 0.098754762 0.000000000
KQ:/crc/cr: 0.000530462 0.517034611 0.482434928
KQ:/crc/rr: 0.000000000 0.000021843 0.999978157
KQ:/crrc/: 0.007789233 0.992210767 0.000000000
KQ:/crrc/cr: 0.001195857 0.716292108 0.282512035
KQ:/crrc/rr: 0.000000000 0.005295150 0.994704850
KQ:/rc/: 0.000016734 0.999983266 0.000000000
KQ:/rc/cr: 0.000017869 0.484722025 0.515260106
KQ:/rc/rr: 0.000000000 0.801563249 0.198436751
KQ:/rrc/: 0.690825406 0.309174594 0.000000000
KQ:/rrc/cr: 0.010676484 0.939193841 0.050129675
KQ:/rrc/rr: 0.000000000 0.392010878 0.607989122
Q:/: 0.747090742 0.252909258 0.000000000
Q:/cr: 0.154179310 0.845377458 0.000443232
Q:/rr: 0.000000000 0.999993307 0.000006693
QJ:/cc/: 0.000019770 0.999980230 0.000000000
QJ:/cc/cr: 0.000006590 0.000006590 0.999986820
QJ:/cc/rr: 0.000000000 0.500000000 0.500000000
QJ:/crc/: 0.029064962 0.970935038 0.000000000
QJ:/crc/cr: 0.002574340 0.000002676 0.997422984
QJ:/crc/rr: 0.000000000 0.000134101 0.999865899
QJ:/crrc/: 0.011352097 0.988647903 0.000000000
QJ:/crrc/cr: 0.000233654 0.000014411 0.999751935
QJ:/crrc/rr: 0.000000000 0.001882573 0.998117427
QJ:/rc/: 0.007915975 0.992084025 0.000000000
QJ:/rc/cr: 0.000002804 0.000002249 0.999994947
QJ:/rc/rr: 0.000000000 0.000422729 0.999577271
QJ:/rrc/: 0.000003346 0.999996654 0.000000000
QJ:/rrc/cr: 0.000001115 0.000001115 0.999997769
QJ:/rrc/rr: 0.000000000 0.500000000 0.500000000
QK:/cc/: 0.457480806 0.542519194 0.000000000
QK:/cc/cr: 0.106312166 0.893672407 0.000015427
QK:/cc/rr: 0.000000000 0.999978393 0.000021607
QK:/crc/: 0.000008013 0.999991987 0.000000000
QK:/crc/cr: 0.000003209 0.554931182 0.445065609
QK:/crc/rr: 0.000000000 0.513596424 0.486403576
QK:/crrc/: 0.968107169 0.031892831 0.000000000
QK:/crrc/cr: 0.000728034 0.607930625 0.391341340
QK:/crrc/rr: 0.000000000 0.000582991 0.999417009
QK:/rc/: 0.430085274 0.569914726 0.000000000
QK:/rc/cr: 0.007005315 0.523786425 0.469208261
QK:/rc/rr: 0.000000000 0.194545520 0.805454480
QK:/rrc/: 0.119978984 0.880021016 0.000000000
QK:/rrc/cr: 0.000001386 0.290563994 0.709434621
QK:/rrc/rr: 0.000000000 0.000408657 0.999591343
QQ:/cc/: 0.615868403 0.384131597 0.000000000
QQ:/cc/cr: 0.999965689 0.000017156 0.000017156
QQ:/cc/rr: 0.000000000 0.999983950 0.000016050
QQ:/crc/: 0.988460376 0.011539624 0.000000000
QQ:/crc/cr: 0.999549650 0.000225175 0.000225175
QQ:/crc/rr: 0.000000000 0.999996057 0.000003943
QQ:/crrc/: 0.120580950 0.879419050 0.000000000
QQ:/crrc/cr: 0.999967598 0.000016201 0.000016201
QQ:/crrc/rr: 0.000000000 0.999822765 0.000177235
QQ:/rc/: 0.492147139 0.507852861 0.000000000
QQ:/rc/cr: 0.999991214 0.000004393 0.000004393
QQ:/rc/rr: 0.000000000 0.999993201 0.000006799
QQ:/rrc/: 0.985671800 0.014328200 0.000000000
QQ:/rrc/cr: 0.999844301 0.000077850 0.000077850
QQ:/rrc/rr: 0.000000000 0.999998303 0.000001697
