J:/c: 0.289917795 0.710082205 0.000000000
J:/crr: 0.000000000 0.999982754 0.000017246
J:/r: 0.054866797 0.119597068 0.825536136
JJ:/cc/c: 0.999992959 0.000007041 0.000000000
JJ:/cc/crr: 0.000000000 0.999996479 0.000003521
JJ:/cc/r: 0.999990611 0.000004694 0.000004694
JJ:/crc/c: 0.999982754 0.000017246 0.000000000
JJ:/crc/crr: 0.000000000 0.999991377 0.000008623
JJ:/crc/r: 0.999884614 0.000103888 0.000011498
JJ:/crrc/c: 0.999991377 0.000008623 0.000000000
JJ:/crrc/crr: 0.000000000 0.999995688 0.000004312
JJ:/crrc/r: 0.999960210 0.000034041 0.000005749
JJ:/rc/c: 0.999972129 0.000027871 0.000000000
JJ:/rc/crr: 0.000000000 0.999986064 0.000013936
JJ:/rc/r: 0.999700468 0.000280951 0.000018581
JJ:/rrc/c: 0.999939247 0.000060753 0.000000000
JJ:/rrc/crr: 0.000000000 0.999969622 0.000030378
JJ:/rrc/r: 0.999918996 0.000040502 0.000040502
JK:/cc/c: 0.002677328 0.997322672 0.000000000
JK:/cc/crr: 0.000000000 0.001315012 0.998684988
JK:/cc/r: 0.000004694 0.000004694 0.999990611
JK:/crc/c: 0.558351805 0.441648195 0.000000000
JK:/crc/crr: 0.000000000 0.000015444 0.999984556
JK:/crc/r: 0.000047973 0.000011498 0.999940530
JK:/crrc/c: 0.511225404 0.488774596 0.000000000
JK:/crrc/crr: 0.000000000 0.000008434 0.999991566
JK:/crrc/r: 0.243217466 0.000005749 0.756776785
JK:/rc/c: 0.400081259 0.599918741 0.000000000
JK:/rc/crr: 0.000000000 0.000034832 0.999965168
JK:/rc/r: 0.371202794 0.000018581 0.628778625
JK:/rrc/c: 0.999939247 0.000060753 0.000000000
JK:/rrc/crr: 0.000000000 0.000030378 0.999969622
JK:/rrc/r: 0.378019290 0.000040502 0.621940208
JQ:/cc/c: 0.061905519 0.938094481 0.000000000
JQ:/cc/crr: 0.000000000 0.000056872 0.999943128
JQ:/cc/r: 0.054074953 0.000004694 0.945920352
JQ:/crc/c: 0.578413790 0.421586210 0.000000000
JQ:/crc/crr: 0.000000000 0.000014908 0.999985092
JQ:/crc/r: 0.042307038 0.000011498 0.957681465
JQ:/crrc/c: 0.049219063 0.950780937 0.000000000
JQ:/crrc/crr: 0.000000000 0.000087601 0.999912399
JQ:/crrc/r: 0.114525038 0.000005749 0.885469213
JQ:/rc/c: 0.998671388 0.001328612 0.000000000
JQ:/rc/crr: 0.000000000 0.000013954 0.999986046
JQ:/rc/r: 0.000018581 0.000018581 0.999962838
JQ:/rrc/c: 0.044496598 0.955503402 0.000000000
JQ:/rrc/crr: 0.000000000 0.000682672 0.999317328
JQ:/rrc/r: 0.620590003 0.000040502 0.379369495
K:/c: 0.999990000 0.000010000 0.000000000
K:/crr: 0.000000000 0.999995000 0.000005000
K:/r: 0.601422277 0.398571057 0.000006667
KJ:/cc/c: 0.500000000 0.500000000 0.000000000
KJ:/cc/crr: 0.000000000 0.500000000 0.500000000
KJ:/cc/r: 0.333333333 0.333333333 0.333333333
KJ:/crc/c: 0.091369094 0.908630906 0.000000000
KJ:/crc/crr: 0.000000000 0.999972638 0.000027362
KJ:/crc/r: 0.000015352 0.736295807 0.263688841
KJ:/crrc/c: 0.357836887 0.642163113 0.000000000
KJ:/crrc/crr: 0.000000000 0.999996507 0.000003493
KJ:/crrc/r: 0.001886821 0.891237084 0.106876095
KJ:/rc/c: 0.433803143 0.566196857 0.000000000
KJ:/rc/crr: 0.000000000 0.999990361 0.000009639
KJ:/rc/r: 0.000037674 0.759152592 0.240809734
KJ:/rrc/c: 0.270391859 0.729608141 0.000000000
KJ:/rrc/crr: 0.000000000 0.999989751 0.000010249
KJ:/rrc/r: 0.011663853 0.988332452 0.000003695
KK:/cc/c: 0.500000000 0.500000000 0.000000000
KK:/cc/crr: 0.000000000 0.500000000 0.500000000
KK:/cc/r: 0.333333333 0.333333333 0.333333333
KK:/crc/c: 0.999995000 0.000005000 0.000000000
KK:/crc/crr: 0.000000000 0.999997500 0.000002500
KK:/crc/r: 0.999986483 0.000010184 0.000003333
KK:/crrc/c: 0.999997500 0.000002500 0.000000000
KK:/crrc/crr: 0.000000000 0.999998750 0.000001250
KK:/crrc/r: 0.999937075 0.000061258 0.000001667
KK:/rc/c: 0.999991637 0.000008363 0.000000000
KK:/rc/crr: 0.000000000 0.999995818 0.000004182
KK:/rc/r: 0.999974361 0.000020064 0.000005575
KK:/rrc/c: 0.999994458 0.000005542 0.000000000
KK:/rrc/crr: 0.000000000 0.999997229 0.000002771
KK:/rrc/r: 0.999165886 0.000830419 0.000003695
KQ:/cc/c: 0.500000000 0.500000000 0.000000000
KQ:/cc/crr: 0.000000000 0.500000000 0.500000000
KQ:/cc/r: 0.333333333 0.333333333 0.333333333
KQ:/crc/c: 0.004013864 0.995986136 0.000000000
KQ:/crc/crr: 0.000000000 0.058994970 0.941005030
KQ:/crc/r: 0.000017342 0.425973063 0.574009595
KQ:/crrc/c: 0.622776458 0.377223542 0.000000000
KQ:/crrc/crr: 0.000000000 0.409905720 0.590094280
KQ:/crrc/r: 0.000035916 0.746534181 0.253429903
KQ:/rc/c: 0.000008363 0.999991637 0.000000000
KQ:/rc/crr: 0.000000000 0.500000000 0.500000000
KQ:/rc/r: 0.000015136 0.299169606 0.700815258
KQ:/rrc/c: 0.525738107 0.474261893 0.000000000
KQ:/rrc/crr: 0.000000000 0.428698658 0.571301342
KQ:/rrc/r: 0.027538803 0.605798706 0.366662491
Q:/c: 0.867465139 0.132534861 0.000000000
Q:/crr: 0.000000000 0.999994236 0.000005764
Q:/r: 0.407162429 0.592789431 0.000048139
QJ:/cc/c: 0.000037726 0.999962274 0.000000000
QJ:/cc/crr: 0.000000000 0.500000000 0.500000000
QJ:/cc/r: 0.000025151 0.000025151 0.999949699
QJ:/crc/c: 0.433642126 0.566357874 0.000000000
QJ:/crc/crr: 0.000000000 0.001469736 0.998530264
QJ:/crc/r: 0.000003843 0.000003843 0.999992315
QJ:/crrc/c: 0.000002882 0.999997118 0.000000000
QJ:/crrc/crr: 0.000000000 0.500000000 0.500000000
QJ:/crrc/r: 0.019285680 0.000001921 0.980712398
QJ:/rc/c: 0.000005623 0.999994377 0.000000000
QJ:/rc/crr: 0.000000000 0.500000000 0.500000000
QJ:/rc/r: 0.029265662 0.000003749 0.970730589
QJ:/rrc/c: 0.000008187 0.999991813 0.000000000
QJ:/rrc/crr: 0.000000000 0.500000000 0.500000000
QJ:/rrc/r: 0.000011669 0.000005458 0.999982873
QK:/cc/c: 0.020815190 0.979184810 0.000000000
QK:/cc/crr: 0.000000000 0.999093789 0.000906211
QK:/cc/r: 0.000050560 0.796827581 0.203121859
QK:/crc/c: 0.329206115 0.670793885 0.000000000
QK:/crc/crr: 0.000000000 0.000613610 0.999386390
QK:/crc/r: 0.000062661 0.472284705 0.527652634
QK:/crrc/c: 0.026124745 0.973875255 0.000000000
QK:/crrc/crr: 0.000000000 0.005764662 0.994235338
QK:/crrc/r: 0.000006493 0.273783835 0.726209672
QK:/rc/c: 0.359167936 0.640832064 0.000000000
QK:/rc/crr: 0.000000000 0.000007828 0.999992172
QK:/rc/r: 0.000010312 0.290126499 0.709863189
QK:/rrc/c: 0.426915355 0.573084645 0.000000000
QK:/rrc/crr: 0.000000000 0.079081966 0.920918034
QK:/rrc/r: 0.000051570 0.504807100 0.495141331
QQ:/cc/c: 0.999962274 0.000037726 0.000000000
QQ:/cc/crr: 0.000000000 0.999981136 0.000018864
QQ:/cc/r: 0.999881052 0.000093798 0.000025151
QQ:/crc/c: 0.999994236 0.000005764 0.000000000
QQ:/crc/crr: 0.000000000 0.999997118 0.000002882
QQ:/crc/r: 0.999953901 0.000042256 0.000003843
QQ:/crrc/c: 0.999997118 0.000002882 0.000000000
QQ:/crrc/crr: 0.000000000 0.999998559 0.000001441
QQ:/crrc/r: 0.999970766 0.000027312 0.000001921
QQ:/rc/c: 0.999994377 0.000005623 0.000000000
QQ:/rc/crr: 0.000000000 0.999997188 0.000002812
QQ:/rc/r: 0.985823346 0.014172906 0.000003749
QQ:/rrc/c: 0.999991813 0.000008187 0.000000000
QQ:/rrc/crr: 0.000000000 0.999995907 0.000004093
QQ:/rrc/r: 0.999966525 0.000028017 0.000005458
