J:/: 0.074061216 0.925938784 0.000000000
J:/cr: 0.018863799 0.032957139 0.948179062
J:/rr: 0.000000000 0.999932488 0.000067512
JJ:/cc/: 0.000126419 0.999873581 0.000000000
JJ:/cc/cr: 0.999993728 0.000004472 0.000001800
JJ:/cc/rr: 0.000000000 0.978642730 0.021357270
JJ:/crc/: 0.651811846 0.348188154 0.000000000
JJ:/crc/cr: 0.999895429 0.000052286 0.000052286
JJ:/crc/rr: 0.000000000 0.999958105 0.000041895
JJ:/crrc/: 0.999904580 0.000095420 0.000000000
JJ:/crrc/cr: 0.333333333 0.333333333 0.333333333
JJ:/crrc/rr: 0.000000000 0.999952286 0.000047714
JJ:/rc/: 0.955833537 0.044166463 0.000000000
JJ:/rc/cr: 0.998980950 0.000509525 0.000509525
JJ:/rc/rr: 0.000000000 0.999964684 0.000035316
JJ:/rrc/: 0.999966242 0.000033758 0.000000000
JJ:/rrc/cr: 0.333333333 0.333333333 0.333333333
JJ:/rrc/rr: 0.000000000 0.999983120 0.000016880
JK:/cc/: 0.085532188 0.914467812 0.000000000
JK:/cc/cr: 0.000001968 0.000001968 0.999996063
JK:/cc/rr: 0.000000000 0.000031567 0.999968433
JK:/crc/: 0.027793476 0.972206524 0.000000000
JK:/crc/cr: 0.000018726 0.000018726 0.999962549
JK:/crc/rr: 0.000000000 0.000982526 0.999017474
JK:/crrc/: 0.999904580 0.000095420 0.000000000
JK:/crrc/cr: 0.333333333 0.333333333 0.333333333
JK:/crrc/rr: 0.000000000 0.000047714 0.999952286
JK:/rc/: 0.999932488 0.000067512 0.000000000
JK:/rc/cr: 0.333333333 0.333333333 0.333333333
JK:/rc/rr: 0.000000000 0.000033758 0.999966242
JK:/rrc/: 0.554141437 0.445858563 0.000000000
JK:/rrc/cr: 0.953831118 0.000025238 0.046143643
JK:/rrc/rr: 0.000000000 0.000030460 0.999969540
JQ:/cc/: 0.159797403 0.840202597 0.000000000
JQ:/cc/cr: 0.000002142 0.000002142 0.999995715
JQ:/cc/rr: 0.000000000 0.000016896 0.999983104
JQ:/crc/: 0.995030502 0.004969498 0.000000000
JQ:/crc/cr: 0.135633521 0.003663391 0.860703088
JQ:/crc/rr: 0.000000000 0.000027444 0.999972556
JQ:/crrc/: 0.028956725 0.971043275 0.000000000
JQ:/crrc/cr: 0.097412025 0.000032755 0.902555220
JQ:/crrc/rr: 0.000000000 0.001647623 0.998352377
JQ:/rc/: 0.998168106 0.001831894 0.000000000
JQ:/rc/cr: 0.012284505 0.012284505 0.975430991
JQ:/rc/rr: 0.000000000 0.000033818 0.999966182
JQ:/rrc/: 0.169655662 0.830344338 0.000000000
JQ:/rrc/cr: 0.000013552 0.000013552 0.999972896
JQ:/rrc/rr: 0.000000000 0.000099490 0.999900510
K:/: 0.760402739 0.239597261 0.000000000
K:/cr: 0.733292698 0.266693390 0.000013912
K:/rr: 0.000000000 0.999993425 0.000006575
KJ:/cc/: 0.000020868 0.999979132 0.000000000
KJ:/cc/cr: 0.000006956 0.000006956 0.999986087
KJ:/cc/rr: 0.000000000 0.500000000 0.500000000
KJ:/crc/: 0.000026083 0.999973917 0.000000000
KJ:/crc/cr: 0.002668030 0.997323276 0.000008695
KJ:/crc/rr: 0.000000000 0.500000000 0.500000000
KJ:/crrc/: 0.000894481 0.999105519 0.000000000
KJ:/crrc/cr: 0.000003165 0.999993670 0.000003165
KJ:/crrc/rr: 0.000000000 0.994697408 0.005302592
KJ:/rc/: 0.025268555 0.974731445 0.000000000
KJ:/rc/cr: 0.001273152 0.994149532 0.004577317
KJ:/rc/rr: 0.000000000 0.015235798 0.984764202
KJ:/rrc/: 0.081488891 0.918511109 0.000000000
KJ:/rrc/cr: 0.000003163 0.999995644 0.000001193
KJ:/rrc/rr: 0.000000000 0.480527248 0.519472752
KK:/cc/: 0.999731461 0.000268539 0.000000000
KK:/cc/cr: 0.948192943 0.025903529 0.025903529
KK:/cc/rr: 0.000000000 0.999989563 0.000010437
KK:/crc/: 0.060878338 0.939121662 0.000000000
KK:/crc/cr: 0.999981484 0.000009258 0.000009258
KK:/crc/rr: 0.000000000 0.999785779 0.000214221
KK:/crrc/: 0.999990514 0.000009486 0.000000000
KK:/crrc/cr: 0.333333333 0.333333333 0.333333333
KK:/crrc/rr: 0.000000000 0.999995257 0.000004743
KK:/rc/: 0.808587937 0.191412063 0.000000000
KK:/rc/cr: 0.999976265 0.000012284 0.000011451
KK:/rc/rr: 0.000000000 0.999995934 0.000004066
KK:/rrc/: 0.531930620 0.468069380 0.000000000
KK:/rrc/cr: 0.999995317 0.000002341 0.000002341
KK:/rrc/rr: 0.000000000 0.999996910 0.000003090
KQ:/cc/: 0.000020868 0.999979132 0.000000000
KQ:/cc/cr: 0.000006956 0.437749311 0.562243733
KQ:/cc/rr: 0.000000000 0.500000000 0.500000000
KQ:/crc/: 0.987918568 0.012081432 0.000000000
KQ:/crc/cr: 0.000719639 0.696382064 0.302898297
KQ:/crc/rr: 0.000000000 0.000013201 0.999986799
KQ:/crrc/: 0.000391652 0.999608348 0.000000000
KQ:/crrc/cr: 0.038580444 0.668645300 0.292774256
KQ:/crrc/rr: 0.000000000 0.746838717 0.253161283
KQ:/rc/: 0.000006575 0.999993425 0.000000000
KQ:/rc/cr: 0.000008365 0.478832348 0.521159287
KQ:/rc/rr: 0.000000000 0.500000000 0.500000000
KQ:/rrc/: 0.697256466 0.302743534 0.000000000
KQ:/rrc/cr: 0.011110538 0.937685426 0.051204036
KQ:/rrc/rr: 0.000000000 0.384361371 0.615638629
Q:/: 0.759256793 0.240743207 0.000000000
Q:/cr: 0.171831459 0.828080423 0.000088118
Q:/rr: 0.000000000 0.999993415 0.000006585
QJ:/cc/: 0.000020769 0.999979231 0.000000000
QJ:/cc/cr: 0.000006923 0.000006923 0.999986154
QJ:/cc/rr: 0.000000000 0.500000000 0.500000000
QJ:/crc/: 0.020408142 0.979591858 0.000000000
QJ:/crc/cr: 0.011351719 0.000002845 0.988645437
QJ:/crc/rr: 0.000000000 0.000204828 0.999795172
QJ:/crrc/: 0.057785436 0.942214564 0.000000000
QJ:/crrc/cr: 0.000014253 0.000014253 0.999971493
QJ:/crrc/rr: 0.000000000 0.000348613 0.999651387
QJ:/rc/: 0.015929501 0.984070499 0.000000000
QJ:/rc/cr: 0.000002231 0.000002231 0.999995539
QJ:/rc/rr: 0.000000000 0.000206704 0.999793296
QJ:/rrc/: 0.000003293 0.999996707 0.000000000
QJ:/rrc/cr: 0.000001098 0.000001098 0.999997805
QJ:/rrc/rr: 0.000000000 0.500000000 0.500000000
QK:/cc/: 0.081800751 0.918199249 0.000000000
QK:/cc/cr: 0.013128096 0.986864237 0.000007667
QK:/cc/rr: 0.000000000 0.999873051 0.000126949
QK:/crc/: 0.005963697 0.994036303 0.000000000
QK:/crc/cr: 0.000002819 0.564049802 0.435947379
QK:/crc/rr: 0.000000000 0.001034955 0.998965045
QK:/crrc/: 0.995046398 0.004953602 0.000000000
QK:/crrc/cr: 0.002722786 0.993333447 0.003943768
QK:/crrc/rr: 0.000000000 0.000506483 0.999493517
QK:/rc/: 0.430280778 0.569719222 0.000000000
QK:/rc/cr: 0.000763658 0.531607662 0.467628680
QK:/rc/rr: 0.000000000 0.208680068 0.791319932
QK:/rrc/: 0.122889953 0.877110047 0.000000000
QK:/rrc/cr: 0.000005255 0.298636714 0.701358032
QK:/rrc/rr: 0.000000000 0.000013397 0.999986603
QQ:/cc/: 0.488552159 0.511447841 0.000000000
QQ:/cc/cr: 0.999972928 0.000013536 0.000013536
QQ:/cc/rr: 0.000000000 0.999978744 0.000021256
QQ:/crc/: 0.999467853 0.000532147 0.000000000
QQ:/crc/cr: 0.989526320 0.005236840 0.005236840
QQ:/crc/rr: 0.000000000 0.999995818 0.000004182
QQ:/crrc/: 0.086567376 0.913432624 0.000000000
QQ:/crrc/cr: 0.999970366 0.000014932 0.000014703
QQ:/crrc/rr: 0.000000000 0.999767294 0.000232706
QQ:/rc/: 0.487139608 0.512860392 0.000000000
QQ:/rc/cr: 0.999990673 0.000005047 0.000004280
QQ:/rc/rr: 0.000000000 0.999993241 0.000006759
QQ:/rrc/: 0.988193149 0.011806851 0.000000000
QQ:/rrc/cr: 0.999814079 0.000092961 0.000092961
QQ:/rrc/rr: 0.000000000 0.999998334 0.000001666
