J:/: 0.071627693 0.928372307 0.000000000
J:/cr: 0.017559239 0.035415640 0.947025121
J:/rr: 0.000000000 0.999930195 0.000069805
JJ:/cc/: 0.000039317 0.999960683 0.000000000
JJ:/cc/cr: 0.998843466 0.001154739 0.000001795
JJ:/cc/rr: 0.000000000 0.931508009 0.068491991
JJ:/crc/: 0.769923183 0.230076817 0.000000000
JJ:/crc/cr: 0.999853118 0.000073441 0.000073441
JJ:/crc/rr: 0.000000000 0.999967080 0.000032920
JJ:/crrc/: 0.998982162 0.001017838 0.000000000
JJ:/crrc/cr: 0.933034524 0.033482738 0.033482738
JJ:/crrc/rr: 0.000000000 0.999948828 0.000051172
JJ:/rc/: 0.960779881 0.039220119 0.000000000
JJ:/rc/cr: 0.998813442 0.000593279 0.000593279
JJ:/rc/rr: 0.000000000 0.999963673 0.000036327
JJ:/rrc/: 0.999965095 0.000034905 0.000000000
JJ:/rrc/cr: 0.333333333 0.333333333 0.333333333
JJ:/rrc/rr: 0.000000000 0.999982547 0.000017453
JK:/cc/: 0.075547531 0.924452469 0.000000000
JK:/cc/cr: 0.000001942 0.000001942 0.999996116
JK:/cc/rr: 0.000000000 0.000035645 0.999964355
JK:/crc/: 0.027620895 0.972379105 0.000000000
JK:/crc/cr: 0.012292715 0.000017377 0.987689908
JK:/crc/rr: 0.000000000 0.000917622 0.999082378
JK:/crrc/: 0.999897760 0.000102240 0.000000000
JK:/crrc/cr: 0.333333333 0.333333333 0.333333333
JK:/crrc/rr: 0.000000000 0.000051125 0.999948875
JK:/rc/: 0.999930195 0.000069805 0.000000000
JK:/rc/cr: 0.333333333 0.333333333 0.333333333
JK:/rc/rr: 0.000000000 0.000034905 0.999965095
JK:/rrc/: 0.572793015 0.427206985 0.000000000
JK:/rrc/cr: 0.985402379 0.000027235 0.014570386
JK:/rrc/rr: 0.000000000 0.000030469 0.999969531
JQ:/cc/: 0.188567444 0.811432556 0.000000000
JQ:/cc/cr: 0.000002212 0.000002212 0.999995575
JQ:/cc/rr: 0.000000000 0.000014281 0.999985719
JQ:/crc/: 0.999666397 0.000333603 0.000000000
JQ:/crc/cr: 0.050650137 0.050650137 0.898699726
JQ:/crc/rr: 0.000000000 0.000025354 0.999974646
JQ:/crrc/: 0.021091735 0.978908265 0.000000000
JQ:/crrc/cr: 0.179131521 0.000034814 0.820833665
JQ:/crrc/rr: 0.000000000 0.002423698 0.997576302
JQ:/rc/: 0.998768824 0.001231176 0.000000000
JQ:/rc/cr: 0.018899388 0.018899388 0.962201224
JQ:/rc/rr: 0.000000000 0.000034946 0.999965054
JQ:/rrc/: 0.157461770 0.842538230 0.000000000
JQ:/rrc/cr: 0.000013810 0.000013810 0.999972381
JQ:/rrc/rr: 0.000000000 0.000110837 0.999889163
K:/: 0.760671884 0.239328116 0.000000000
K:/cr: 0.682430646 0.317555426 0.000013928
K:/rr: 0.000000000 0.999993427 0.000006573
KJ:/cc/: 0.000020892 0.999979108 0.000000000
KJ:/cc/cr: 0.000006964 0.000006964 0.999986072
KJ:/cc/rr: 0.000000000 0.500000000 0.500000000
KJ:/crc/: 0.000048189 0.999951811 0.000000000
KJ:/crc/cr: 0.000028204 0.999964485 0.000007310
KJ:/crc/rr: 0.000000000 0.772457957 0.227542043
KJ:/crrc/: 0.016504110 0.983495890 0.000000000
KJ:/crrc/cr: 0.000003459 0.999993083 0.000003459
KJ:/crrc/rr: 0.000000000 0.210653369 0.789346631
KJ:/rc/: 0.093268605 0.906731395 0.000000000
KJ:/rc/cr: 0.002246671 0.989618068 0.008135261
KJ:/rc/rr: 0.000000000 0.447525526 0.552474474
KJ:/rrc/: 0.076047281 0.923952719 0.000000000
KJ:/rrc/cr: 0.000179162 0.999819653 0.000001186
KJ:/rrc/rr: 0.000000000 0.532463205 0.467536795
KK:/cc/: 0.999543851 0.000456149 0.000000000
KK:/cc/cr: 0.969466387 0.015266807 0.015266807
KK:/cc/rr: 0.000000000 0.999989549 0.000010451
KK:/crc/: 0.069087055 0.930912945 0.000000000
KK:/crc/cr: 0.999984295 0.000007852 0.000007852
KK:/crc/rr: 0.000000000 0.999841288 0.000158712
KK:/crrc/: 0.998050198 0.001949802 0.000000000
KK:/crrc/cr: 0.996510890 0.001744555 0.001744555
KK:/crrc/rr: 0.000000000 0.999994888 0.000005112
KK:/rc/: 0.814427850 0.185572150 0.000000000
KK:/rc/cr: 0.999976386 0.000011807 0.000011807
KK:/rc/rr: 0.000000000 0.999995965 0.000004035
KK:/rrc/: 0.532333002 0.467666998 0.000000000
KK:/rrc/cr: 0.999995315 0.000002343 0.000002343
KK:/rrc/rr: 0.000000000 0.999996913 0.000003087
KQ:/cc/: 0.000056314 0.999943686 0.000000000
KQ:/cc/cr: 0.000016199 0.483955979 0.516027822
KQ:/cc/rr: 0.000000000 0.814505775 0.185494225
KQ:/crc/: 0.932114512 0.067885488 0.000000000
KQ:/crc/cr: 0.000576886 0.838756689 0.160666425
KQ:/crc/rr: 0.000000000 0.000011763 0.999988237
KQ:/crrc/: 0.005116049 0.994883951 0.000000000
KQ:/crrc/cr: 0.000081175 0.727381003 0.272537823
KQ:/crrc/rr: 0.000000000 0.026607422 0.973392578
KQ:/rc/: 0.000336062 0.999663938 0.000000000
KQ:/rc/cr: 0.000002192 0.496855556 0.503142252
KQ:/rc/rr: 0.000000000 0.100380838 0.899619162
KQ:/rrc/: 0.696402045 0.303597955 0.000000000
KQ:/rrc/cr: 0.004452287 0.975628158 0.019919555
KQ:/rrc/rr: 0.000000000 0.384030138 0.615969862
Q:/: 0.742475360 0.257524640 0.000000000
Q:/cr: 0.147252565 0.852525577 0.000221859
Q:/rr: 0.000000000 0.999993266 0.000006734
QJ:/cc/: 0.000019416 0.999980584 0.000000000
QJ:/cc/cr: 0.000006472 0.000006472 0.999987056
QJ:/cc/rr: 0.000000000 0.500000000 0.500000000
QJ:/crc/: 0.020738355 0.979261645 0.000000000
QJ:/crc/cr: 0.006727972 0.000002584 0.993269444
QJ:/crc/rr: 0.000000000 0.000183028 0.999816972
QJ:/crrc/: 0.063685201 0.936314799 0.000000000
QJ:/crrc/cr: 0.000015647 0.000015647 0.999968707
QJ:/crrc/rr: 0.000000000 0.000345063 0.999654937
QJ:/rc/: 0.004129028 0.995870972 0.000000000
QJ:/rc/cr: 0.000002254 0.000002254 0.999995492
QJ:/rc/rr: 0.000000000 0.000815474 0.999184526
QJ:/rrc/: 0.000003367 0.999996633 0.000000000
QJ:/rrc/cr: 0.000001122 0.000001122 0.999997755
QJ:/rrc/rr: 0.000000000 0.500000000 0.500000000
QK:/cc/: 0.511201701 0.488798299 0.000000000
QK:/cc/cr: 0.000858350 0.999128410 0.000013240
QK:/cc/rr: 0.000000000 0.133433373 0.866566627
QK:/crc/: 0.000007591 0.999992409 0.000000000
QK:/crc/cr: 0.000002530 0.560279970 0.439717499
QK:/crc/rr: 0.000000000 0.500000000 0.500000000
QK:/crrc/: 0.991253906 0.008746094 0.000000000
QK:/crrc/cr: 0.001675065 0.504025956 0.494298979
QK:/crrc/rr: 0.000000000 0.000554373 0.999445627
QK:/rc/: 0.457543266 0.542456734 0.000000000
QK:/rc/cr: 0.000181678 0.530940373 0.468877948
QK:/rc/rr: 0.000000000 0.203506882 0.796493118
QK:/rrc/: 0.128653198 0.871346802 0.000000000
QK:/rrc/cr: 0.000006568 0.291540622 0.708452810
QK:/rrc/rr: 0.000000000 0.000013086 0.999986914
QQ:/cc/: 0.628418425 0.371581575 0.000000000
QQ:/cc/cr: 0.992113589 0.007868993 0.000017417
QQ:/cc/rr: 0.000000000 0.999984552 0.000015448
QQ:/crc/: 0.996903482 0.003096518 0.000000000
QQ:/crc/cr: 0.998365603 0.000817199 0.000817199
QQ:/crc/rr: 0.000000000 0.999996193 0.000003807
QQ:/crrc/: 0.104927974 0.895072026 0.000000000
QQ:/crrc/cr: 0.999967265 0.000016368 0.000016368
QQ:/crrc/rr: 0.000000000 0.999790567 0.000209433
QQ:/rc/: 0.490960184 0.509039816 0.000000000
QQ:/rc/cr: 0.999936085 0.000059506 0.000004410
QQ:/rc/rr: 0.000000000 0.999993142 0.000006858
QQ:/rrc/: 0.997108356 0.002891644 0.000000000
QQ:/rrc/cr: 0.999223709 0.000388146 0.000388146
QQ:/rrc/rr: 0.000000000 0.999998312 0.000001688
