J:/c: 0.300832976 0.699167024 0.000000000
J:/crr: 0.000000000 0.999983379 0.000016621
J:/r: 0.053174034 0.122692805 0.824133162
JJ:/cc/c: 0.999992849 0.000007151 0.000000000
JJ:/cc/crr: 0.000000000 0.999996424 0.000003576
JJ:/cc/r: 0.999990465 0.000004768 0.000004768
JJ:/crc/c: 0.999983379 0.000016621 0.000000000
JJ:/crc/crr: 0.000000000 0.999991690 0.000008310
JJ:/crc/r: 0.999764464 0.000224456 0.000011080
JJ:/crrc/c: 0.999991690 0.000008310 0.000000000
JJ:/crrc/crr: 0.000000000 0.999995845 0.000004155
JJ:/crrc/r: 0.999960268 0.000034192 0.000005540
JJ:/rc/c: 0.999972832 0.000027168 0.000000000
JJ:/rc/crr: 0.000000000 0.999986416 0.000013584
JJ:/rc/r: 0.999832829 0.000149059 0.000018112
JJ:/rrc/c: 0.999937313 0.000062687 0.000000000
JJ:/rrc/crr: 0.000000000 0.999968654 0.000031346
JJ:/rrc/r: 0.999916417 0.000041791 0.000041791
JK:/cc/c: 0.003994297 0.996005703 0.000000000
JK:/cc/crr: 0.000000000 0.000895197 0.999104803
JK:/cc/r: 0.000004768 0.000004768 0.999990465
JK:/crc/c: 0.519674977 0.480325023 0.000000000
JK:/crc/crr: 0.000000000 0.000015991 0.999984009
JK:/crc/r: 0.015318344 0.000011080 0.984670576
JK:/crrc/c: 0.626824986 0.373175014 0.000000000
JK:/crrc/crr: 0.000000000 0.000006629 0.999993371
JK:/crrc/r: 0.216970880 0.000005540 0.783023580
JK:/rc/c: 0.409827567 0.590172433 0.000000000
JK:/rc/crr: 0.000000000 0.000033146 0.999966854
JK:/rc/r: 0.372203193 0.000018112 0.627778695
JK:/rrc/c: 0.999937313 0.000062687 0.000000000
JK:/rrc/crr: 0.000000000 0.000031346 0.999968654
JK:/rrc/r: 0.323227914 0.000041791 0.676730294
JQ:/cc/c: 0.069704703 0.930295297 0.000000000
JQ:/cc/crr: 0.000000000 0.000051298 0.999948702
JQ:/cc/r: 0.038246640 0.000004768 0.961748592
JQ:/crc/c: 0.565266490 0.434733510 0.000000000
JQ:/crc/crr: 0.000000000 0.000014701 0.999985299
JQ:/crc/r: 0.004671537 0.000011080 0.995317383
JQ:/crrc/c: 0.045844847 0.954155153 0.000000000
JQ:/crrc/crr: 0.000000000 0.000090636 0.999909364
JQ:/crrc/r: 0.219990872 0.000005540 0.780003588
JQ:/rc/c: 0.999045720 0.000954280 0.000000000
JQ:/rc/crr: 0.000000000 0.000013597 0.999986403
JQ:/rc/r: 0.000018112 0.000018112 0.999963776
JQ:/rrc/c: 0.001349547 0.998650453 0.000000000
JQ:/rrc/crr: 0.000000000 0.023225293 0.976774707
JQ:/rrc/r: 0.644207769 0.000041791 0.355750440
K:/c: 0.999990000 0.000010000 0.000000000
K:/crr: 0.000000000 0.999995000 0.000005000
K:/r: 0.589397177 0.410596157 0.000006667
KJ:/cc/c: 0.500000000 0.500000000 0.000000000
KJ:/cc/crr: 0.000000000 0.500000000 0.500000000
KJ:/cc/r: 0.333333333 0.333333333 0.333333333
KJ:/crc/c: 0.132044135 0.867955865 0.000000000
KJ:/crc/crr: 0.000000000 0.999981067 0.000018933
KJ:/crc/r: 0.000016565 0.723857422 0.276126013
KJ:/crrc/c: 0.296568001 0.703431999 0.000000000
KJ:/crrc/crr: 0.000000000 0.999995785 0.000004215
KJ:/crrc/r: 0.034408993 0.831725024 0.133865983
KJ:/rc/c: 0.457534494 0.542465506 0.000000000
KJ:/rc/crr: 0.000000000 0.999991128 0.000008872
KJ:/rc/r: 0.055536166 0.756721866 0.187741968
KJ:/rrc/c: 0.314885657 0.685114343 0.000000000
KJ:/rrc/crr: 0.000000000 0.999991020 0.000008980
KJ:/rrc/r: 0.036412668 0.897505737 0.066081595
KK:/cc/c: 0.500000000 0.500000000 0.000000000
KK:/cc/crr: 0.000000000 0.500000000 0.500000000
KK:/cc/r: 0.333333333 0.333333333 0.333333333
KK:/crc/c: 0.999995000 0.000005000 0.000000000
KK:/crc/crr: 0.000000000 0.999997500 0.000002500
KK:/crc/r: 0.977041725 0.022954942 0.000003333
KK:/crrc/c: 0.999997500 0.000002500 0.000000000
KK:/crrc/crr: 0.000000000 0.999998750 0.000001250
KK:/crrc/r: 0.999928316 0.000070017 0.000001667
KK:/rc/c: 0.999991882 0.000008118 0.000000000
KK:/rc/crr: 0.000000000 0.999995941 0.000004059
KK:/rc/r: 0.999976370 0.000018218 0.000005412
KK:/rrc/c: 0.999994345 0.000005655 0.000000000
KK:/rrc/crr: 0.000000000 0.999997172 0.000002828
KK:/rrc/r: 0.997571526 0.002424704 0.000003770
KQ:/cc/c: 0.500000000 0.500000000 0.000000000
KQ:/cc/crr: 0.000000000 0.500000000 0.500000000
KQ:/cc/r: 0.333333333 0.333333333 0.333333333
KQ:/crc/c: 0.000097909 0.999902091 0.000000000
KQ:/crc/crr: 0.000000000 0.974465955 0.025534045
KQ:/crc/r: 0.000016736 0.432238929 0.567744335
KQ:/crrc/c: 0.615934591 0.384065409 0.000000000
KQ:/crrc/crr: 0.000000000 0.409269842 0.590730158
KQ:/crrc/r: 0.000502570 0.702642555 0.296854875
KQ:/rc/c: 0.000008118 0.999991882 0.000000000
KQ:/rc/crr: 0.000000000 0.500000000 0.500000000
KQ:/rc/r: 0.000010391 0.292848310 0.707141300
KQ:/rrc/c: 0.530871379 0.469128621 0.000000000
KQ:/rrc/crr: 0.000000000 0.487653180 0.512346820
KQ:/rrc/r: 0.006407984 0.659419049 0.334172967
Q:/c: 0.852972103 0.147027897 0.000000000
Q:/crr: 0.000000000 0.999994138 0.000005862
Q:/r: 0.387074694 0.612897591 0.000027715
QJ:/cc/c: 0.000375905 0.999624095 0.000000000
QJ:/cc/crr: 0.000000000 0.045233673 0.954766327
QJ:/cc/r: 0.000022671 0.000022671 0.999954657
QJ:/crc/c: 0.398972156 0.601027844 0.000000000
QJ:/crc/crr: 0.000000000 0.006762295 0.993237705
QJ:/crc/r: 0.000003908 0.000003908 0.999992184
QJ:/crrc/c: 0.000002931 0.999997069 0.000000000
QJ:/crrc/crr: 0.000000000 0.500000000 0.500000000
QJ:/crrc/r: 0.010592601 0.000001954 0.989405445
QJ:/rc/c: 0.000005439 0.999994561 0.000000000
QJ:/rc/crr: 0.000000000 0.500000000 0.500000000
QJ:/rc/r: 0.014116613 0.000003626 0.985879762
QJ:/rrc/c: 0.000008612 0.999991388 0.000000000
QJ:/rrc/crr: 0.000000000 0.500000000 0.500000000
QJ:/rrc/r: 0.000063458 0.000005741 0.999930801
QK:/cc/c: 0.229912443 0.770087557 0.000000000
QK:/cc/crr: 0.000000000 0.999926043 0.000073957
QK:/cc/r: 0.000045508 0.744976620 0.254977872
QK:/crc/c: 0.341785330 0.658214670 0.000000000
QK:/crc/crr: 0.000000000 0.000807680 0.999192320
QK:/crc/r: 0.000024965 0.484872872 0.515102163
QK:/crrc/c: 0.000939425 0.999060575 0.000000000
QK:/crrc/crr: 0.000000000 0.138276012 0.861723988
QK:/crrc/r: 0.000018459 0.273639610 0.726341930
QK:/rc/c: 0.356841241 0.643158759 0.000000000
QK:/rc/crr: 0.000000000 0.000007621 0.999992379
QK:/rc/r: 0.000007999 0.290097076 0.709894925
QK:/rrc/c: 0.440899189 0.559100811 0.000000000
QK:/rrc/crr: 0.000000000 0.104233291 0.895766709
QK:/rrc/r: 0.000050386 0.527600372 0.472349242
QQ:/cc/c: 0.999965993 0.000034007 0.000000000
QQ:/cc/crr: 0.000000000 0.999982996 0.000017004
QQ:/cc/r: 0.999608474 0.000368854 0.000022671
QQ:/crc/c: 0.999994138 0.000005862 0.000000000
QQ:/crc/crr: 0.000000000 0.999997069 0.000002931
QQ:/crc/r: 0.999954364 0.000041728 0.000003908
QQ:/crrc/c: 0.999997069 0.000002931 0.000000000
QQ:/crrc/crr: 0.000000000 0.999998535 0.000001465
QQ:/crrc/r: 0.999847113 0.000150933 0.000001954
QQ:/rc/c: 0.999994561 0.000005439 0.000000000
QQ:/rc/crr: 0.000000000 0.999997281 0.000002719
QQ:/rc/r: 0.999991085 0.000005289 0.000003626
QQ:/rrc/c: 0.999991388 0.000008612 0.000000000
QQ:/rrc/crr: 0.000000000 0.999995694 0.000004306
QQ:/rrc/r: 0.999962101 0.000032158 0.000005741
