J:/: 0.075138969 0.924861031 0.000000000
J:/cr: 0.018463513 0.033928336 0.947608151
J:/rr: 0.000000000 0.999933457 0.000066543
JJ:/cc/: 0.000244651 0.999755349 0.000000000
JJ:/cc/cr: 0.999996395 0.000001803 0.000001803
JJ:/cc/rr: 0.000000000 0.988951186 0.011048814
JJ:/crc/: 0.927988766 0.072011234 0.000000000
JJ:/crc/cr: 0.999508280 0.000245860 0.000245860
JJ:/crc/rr: 0.000000000 0.999971382 0.000028618
JJ:/crrc/: 0.973355651 0.026644349 0.000000000
JJ:/crrc/cr: 0.997557911 0.001221045 0.001221045
JJ:/crrc/rr: 0.000000000 0.999949863 0.000050137
JJ:/rc/: 0.917177787 0.082822213 0.000000000
JJ:/rc/cr: 0.999464368 0.000267816 0.000267816
JJ:/rc/rr: 0.000000000 0.999963724 0.000036276
JJ:/rrc/: 0.994304932 0.005695068 0.000000000
JJ:/rrc/cr: 0.996104946 0.001947527 0.001947527
JJ:/rrc/rr: 0.000000000 0.999983268 0.000016732
JK:/cc/: 0.079738923 0.920261077 0.000000000
JK:/cc/cr: 0.000001958 0.000001958 0.999996084
JK:/cc/rr: 0.000000000 0.000033899 0.999966101
JK:/crc/: 0.072436463 0.927563537 0.000000000
JK:/crc/cr: 0.027970528 0.000019087 0.972010385
JK:/crc/rr: 0.000000000 0.000366625 0.999633375
JK:/crrc/: 0.999902398 0.000097602 0.000000000
JK:/crrc/cr: 0.333333333 0.333333333 0.333333333
JK:/crrc/rr: 0.000000000 0.000048806 0.999951194
JK:/rc/: 0.997389065 0.002610935 0.000000000
JK:/rc/cr: 0.983009060 0.008495470 0.008495470
JK:/rc/rr: 0.000000000 0.000033359 0.999966641
JK:/rrc/: 0.533616312 0.466383688 0.000000000
JK:/rrc/cr: 0.899952354 0.000023781 0.100023865
JK:/rrc/rr: 0.000000000 0.000031178 0.999968822
JQ:/cc/: 0.164505400 0.835494600 0.000000000
JQ:/cc/cr: 0.000002157 0.000002157 0.999995686
JQ:/cc/rr: 0.000000000 0.000016432 0.999983568
JQ:/crc/: 0.992794461 0.007205539 0.000000000
JQ:/crc/cr: 0.052619859 0.002457095 0.944923046
JQ:/crc/rr: 0.000000000 0.000026750 0.999973250
JQ:/crrc/: 0.015333043 0.984666957 0.000000000
JQ:/crrc/cr: 0.135316549 0.000033041 0.864650411
JQ:/crrc/rr: 0.000000000 0.003182728 0.996817272
JQ:/rc/: 0.997450169 0.002549831 0.000000000
JQ:/rc/cr: 0.008699054 0.008699054 0.982601892
JQ:/rc/rr: 0.000000000 0.000033357 0.999966643
JQ:/rrc/: 0.139736704 0.860263296 0.000000000
JQ:/rrc/cr: 0.000012893 0.000012893 0.999974214
JQ:/rrc/rr: 0.000000000 0.000119059 0.999880941
K:/: 0.753270764 0.246729236 0.000000000
K:/cr: 0.705649905 0.294336585 0.000013510
K:/rr: 0.000000000 0.999993362 0.000006638
KJ:/cc/: 0.000020265 0.999979735 0.000000000
KJ:/cc/cr: 0.000054073 0.000024575 0.999921352
KJ:/cc/rr: 0.000000000 0.500000000 0.500000000
KJ:/crc/: 0.000052500 0.999947500 0.000000000
KJ:/crc/cr: 0.000067395 0.999924954 0.000007650
KJ:/crc/rr: 0.000000000 0.781429373 0.218570627
KJ:/crrc/: 0.063674051 0.936325949 0.000000000
KJ:/crrc/cr: 0.000295472 0.991864223 0.007840305
KJ:/crrc/rr: 0.000000000 0.464971370 0.535028630
KJ:/rc/: 0.059081029 0.940918971 0.000000000
KJ:/rc/cr: 0.003044295 0.982723680 0.014232025
KJ:/rc/rr: 0.000000000 0.319922559 0.680077441
KJ:/rrc/: 0.089750725 0.910249275 0.000000000
KJ:/rrc/cr: 0.000020258 0.999759247 0.000220495
KJ:/rrc/rr: 0.000000000 0.500856356 0.499143644
KK:/cc/: 0.999742695 0.000257305 0.000000000
KK:/cc/cr: 0.947493793 0.026253103 0.026253103
KK:/cc/rr: 0.000000000 0.999989865 0.000010135
KK:/crc/: 0.159023281 0.840976719 0.000000000
KK:/crc/cr: 0.999981807 0.000009097 0.000009097
KK:/crc/rr: 0.000000000 0.999927841 0.000072159
KK:/crrc/: 0.986930002 0.013069998 0.000000000
KK:/crrc/cr: 0.999511716 0.000244142 0.000244142
KK:/crrc/rr: 0.000000000 0.999995150 0.000004850
KK:/rc/: 0.826935015 0.173064985 0.000000000
KK:/rc/cr: 0.999974431 0.000012785 0.000012785
KK:/rc/rr: 0.000000000 0.999995987 0.000004013
KK:/rrc/: 0.531912311 0.468087689 0.000000000
KK:/rrc/cr: 0.999995273 0.000002363 0.000002363
KK:/rrc/rr: 0.000000000 0.999996880 0.000003120
KQ:/cc/: 0.000053326 0.999946674 0.000000000
KQ:/cc/cr: 0.000042737 0.420537877 0.579419386
KQ:/cc/rr: 0.000000000 0.809986548 0.190013452
KQ:/crc/: 0.866915166 0.133084834 0.000000000
KQ:/crc/cr: 0.000388736 0.474954039 0.524657225
KQ:/crc/rr: 0.000000000 0.000025100 0.999974900
KQ:/crrc/: 0.008668786 0.991331214 0.000000000
KQ:/crrc/cr: 0.028770342 0.676309592 0.294920066
KQ:/crrc/rr: 0.000000000 0.079679355 0.920320645
KQ:/rc/: 0.000319687 0.999680313 0.000000000
KQ:/rc/cr: 0.000002280 0.484791422 0.515206298
KQ:/rc/rr: 0.000000000 0.217880512 0.782119488
KQ:/rrc/: 0.703311995 0.296688005 0.000000000
KQ:/rrc/cr: 0.041174269 0.836967347 0.121858384
KQ:/rrc/rr: 0.000000000 0.390495745 0.609504255
Q:/: 0.751544167 0.248455833 0.000000000
Q:/cr: 0.166706243 0.832439490 0.000854267
Q:/rr: 0.000000000 0.999993347 0.000006653
QJ:/cc/: 0.000020124 0.999979876 0.000000000
QJ:/cc/cr: 0.000006708 0.000006708 0.999986584
QJ:/cc/rr: 0.000000000 0.500000000 0.500000000
QJ:/crc/: 0.030076343 0.969923657 0.000000000
QJ:/crc/cr: 0.003007940 0.000002769 0.996989291
QJ:/crc/rr: 0.000000000 0.000133965 0.999866035
QJ:/crrc/: 0.011513680 0.988486320 0.000000000
QJ:/crrc/cr: 0.000074453 0.000013569 0.999911978
QJ:/crrc/rr: 0.000000000 0.001747445 0.998252555
QJ:/rc/: 0.009799884 0.990200116 0.000000000
QJ:/rc/cr: 0.000002240 0.000002240 0.999995521
QJ:/rc/rr: 0.000000000 0.000339441 0.999660559
QJ:/rrc/: 0.000003327 0.999996673 0.000000000
QJ:/rrc/cr: 0.000001109 0.000001109 0.999997782
QJ:/rrc/rr: 0.000000000 0.500000000 0.500000000
QK:/cc/: 0.155328847 0.844671153 0.000000000
QK:/cc/cr: 0.065919310 0.934066205 0.000014485
QK:/cc/rr: 0.000000000 0.999935220 0.000064780
QK:/crc/: 0.000591893 0.999408107 0.000000000
QK:/crc/cr: 0.000003261 0.565373608 0.434623131
QK:/crc/rr: 0.000000000 0.007332241 0.992667759
QK:/crrc/: 0.966965172 0.033034828 0.000000000
QK:/crrc/cr: 0.000680762 0.316782355 0.682536882
QK:/crrc/rr: 0.000000000 0.000548364 0.999451636
QK:/rc/: 0.442755554 0.557244446 0.000000000
QK:/rc/cr: 0.019745245 0.516765134 0.463489621
QK:/rc/rr: 0.000000000 0.214223549 0.785776451
QK:/rrc/: 0.118425323 0.881574677 0.000000000
QK:/rrc/cr: 0.000001258 0.306615100 0.693383642
QK:/rrc/rr: 0.000000000 0.000459137 0.999540863
QQ:/cc/: 0.460563868 0.539436132 0.000000000
QQ:/cc/cr: 0.999975129 0.000012435 0.000012435
QQ:/cc/rr: 0.000000000 0.999978153 0.000021847
QQ:/crc/: 0.982782818 0.017217182 0.000000000
QQ:/crc/cr: 0.999687972 0.000156014 0.000156014
QQ:/crc/rr: 0.000000000 0.999995900 0.000004100
QQ:/crrc/: 0.129900845 0.870099155 0.000000000
QQ:/crrc/cr: 0.999969169 0.000015416 0.000015416
QQ:/crrc/rr: 0.000000000 0.999845116 0.000154884
QQ:/rc/: 0.496893487 0.503106513 0.000000000
QQ:/rc/cr: 0.999985420 0.000010172 0.000004408
QQ:/rc/rr: 0.000000000 0.999993305 0.000006695
QQ:/rrc/: 0.977423964 0.022576036 0.000000000
QQ:/rrc/cr: 0.999901769 0.000049116 0.000049116
QQ:/rrc/rr: 0.000000000 0.999998298 0.000001702
