J:/c: 0.298440965 0.701559035 0.000000000
J:/crr: 0.000000000 0.999983246 0.000016754
J:/r: 0.053677737 0.124821752 0.821500511
JJ:/cc/c: 0.999992873 0.000007127 0.000000000
JJ:/cc/crr: 0.000000000 0.999996436 0.000003564
JJ:/cc/r: 0.999986679 0.000008570 0.000004751
JJ:/crc/c: 0.999983246 0.000016754 0.000000000
JJ:/crc/crr: 0.000000000 0.999991623 0.000008377
JJ:/crc/r: 0.999977311 0.000011520 0.000011169
JJ:/crrc/c: 0.999991623 0.000008377 0.000000000
JJ:/crrc/crr: 0.000000000 0.999995811 0.000004189
JJ:/crrc/r: 0.999988831 0.000005585 0.000005585
JJ:/rc/c: 0.999973295 0.000026705 0.000000000
JJ:/rc/crr: 0.000000000 0.999986647 0.000013353
JJ:/rc/r: 0.999958778 0.000023419 0.000017803
JJ:/rrc/c: 0.999937901 0.000062099 0.000000000
JJ:/rrc/crr: 0.000000000 0.999968949 0.000031051
JJ:/rrc/r: 0.999763905 0.000194695 0.000041399
JK:/cc/c: 0.004790653 0.995209347 0.000000000
JK:/cc/crr: 0.000000000 0.000743843 0.999256157
JK:/cc/r: 0.000006204 0.000004751 0.999989045
JK:/crc/c: 0.547671035 0.452328965 0.000000000
JK:/crc/crr: 0.000000000 0.000015295 0.999984705
JK:/crc/r: 0.058928480 0.000011169 0.941060350
JK:/crrc/c: 0.386581844 0.613418156 0.000000000
JK:/crrc/crr: 0.000000000 0.000010835 0.999989165
JK:/crrc/r: 0.207132998 0.000005585 0.792861417
JK:/rc/c: 0.388742237 0.611257763 0.000000000
JK:/rc/crr: 0.000000000 0.000034348 0.999965652
JK:/rc/r: 0.361304023 0.000017803 0.638678174
JK:/rrc/c: 0.999759955 0.000240045 0.000000000
JK:/rrc/crr: 0.000000000 0.000031057 0.999968943
JK:/rrc/r: 0.317948513 0.000041399 0.682010088
JQ:/cc/c: 0.071120132 0.928879868 0.000000000
JQ:/cc/crr: 0.000000000 0.000050105 0.999949895
JQ:/cc/r: 0.035718179 0.000004751 0.964277069
JQ:/crc/c: 0.501244086 0.498755914 0.000000000
JQ:/crc/crr: 0.000000000 0.000016712 0.999983288
JQ:/crc/r: 0.000054865 0.000011169 0.999933966
JQ:/crrc/c: 0.047609011 0.952390989 0.000000000
JQ:/crrc/crr: 0.000000000 0.000087977 0.999912023
JQ:/crrc/r: 0.161999842 0.000005585 0.837994573
JQ:/rc/c: 0.992664216 0.007335784 0.000000000
JQ:/rc/crr: 0.000000000 0.000013451 0.999986549
JQ:/rc/r: 0.000017803 0.000017803 0.999964394
JQ:/rrc/c: 0.018697954 0.981302046 0.000000000
JQ:/rrc/crr: 0.000000000 0.001660583 0.998339417
JQ:/rrc/r: 0.497220725 0.000041399 0.502737876
K:/c: 0.999969423 0.000030577 0.000000000
K:/crr: 0.000000000 0.999995000 0.000005000
K:/r: 0.584269188 0.415724146 0.000006667
KJ:/cc/c: 0.380411399 0.619588601 0.000000000
KJ:/cc/crr: 0.000000000 0.785069219 0.214930781
KJ:/cc/r: 0.531159249 0.225097336 0.243743415
KJ:/crc/c: 0.077739430 0.922260570 0.000000000
KJ:/crc/crr: 0.000000000 0.999967840 0.000032160
KJ:/crc/r: 0.000112377 0.744102791 0.255784832
KJ:/crrc/c: 0.261015270 0.738984730 0.000000000
KJ:/crrc/crr: 0.000000000 0.999995211 0.000004789
KJ:/crrc/r: 0.015753359 0.838063802 0.146182839
KJ:/rc/c: 0.402694930 0.597305070 0.000000000
KJ:/rc/crr: 0.000000000 0.900535668 0.099464332
KJ:/rc/r: 0.015465988 0.765032603 0.219501409
KJ:/rrc/c: 0.464441649 0.535558351 0.000000000
KJ:/rrc/crr: 0.000000000 0.955793024 0.044206976
KJ:/rrc/r: 0.040035852 0.887986552 0.071977595
KK:/cc/c: 0.836475762 0.163524238 0.000000000
KK:/cc/crr: 0.000000000 0.902254049 0.097745951
KK:/cc/r: 0.604589303 0.286394538 0.109016159
KK:/crc/c: 0.999995000 0.000005000 0.000000000
KK:/crc/crr: 0.000000000 0.999997500 0.000002500
KK:/crc/r: 0.998250944 0.001745723 0.000003333
KK:/crrc/c: 0.999997500 0.000002500 0.000000000
KK:/crrc/crr: 0.000000000 0.999998750 0.000001250
KK:/crrc/r: 0.999969916 0.000028418 0.000001667
KK:/rc/c: 0.999991982 0.000008018 0.000000000
KK:/rc/crr: 0.000000000 0.999995991 0.000004009
KK:/rc/r: 0.999978070 0.000016584 0.000005345
KK:/rrc/c: 0.999994295 0.000005705 0.000000000
KK:/rrc/crr: 0.000000000 0.999997147 0.000002853
KK:/rrc/r: 0.999914374 0.000081822 0.000003803
KQ:/cc/c: 0.836475762 0.163524238 0.000000000
KQ:/cc/crr: 0.000000000 0.902254049 0.097745951
KQ:/cc/r: 0.526987906 0.355236411 0.117775683
KQ:/crc/c: 0.010229317 0.989770683 0.000000000
KQ:/crc/crr: 0.000000000 0.040284022 0.959715978
KQ:/crc/r: 0.000043577 0.439024903 0.560931519
KQ:/crrc/c: 0.601395059 0.398604941 0.000000000
KQ:/crrc/crr: 0.000000000 0.400372140 0.599627860
KQ:/crrc/r: 0.000012716 0.709688011 0.290299273
KQ:/rc/c: 0.000396651 0.999603349 0.000000000
KQ:/rc/crr: 0.000000000 0.096123265 0.903876735
KQ:/rc/r: 0.000024861 0.288591851 0.711383288
KQ:/rrc/c: 0.510243418 0.489756582 0.000000000
KQ:/rrc/crr: 0.000000000 0.464093342 0.535906658
KQ:/rrc/r: 0.067634852 0.553542584 0.378822564
Q:/c: 0.849569110 0.150430890 0.000000000
Q:/crr: 0.000000000 0.999994115 0.000005885
Q:/r: 0.379795337 0.620128223 0.000076440
QJ:/cc/c: 0.000294188 0.999705812 0.000000000
QJ:/cc/crr: 0.000000000 0.056490861 0.943509139
QJ:/cc/r: 0.000026480 0.000022159 0.999951361
QJ:/crc/c: 0.426083124 0.573916876 0.000000000
QJ:/crc/crr: 0.000000000 0.060659509 0.939340491
QJ:/crc/r: 0.000200832 0.000003924 0.999795245
QJ:/crrc/c: 0.000002943 0.999997057 0.000000000
QJ:/crrc/crr: 0.000000000 0.500000000 0.500000000
QJ:/crrc/r: 0.023252818 0.000001962 0.976745220
QJ:/rc/c: 0.000053839 0.999946161 0.000000000
QJ:/rc/crr: 0.000000000 0.049919542 0.950080458
QJ:/rc/r: 0.023893810 0.000003583 0.976102607
QJ:/rrc/c: 0.000189695 0.999810305 0.000000000
QJ:/rrc/crr: 0.000000000 0.056017663 0.943982337
QJ:/rrc/r: 0.000072664 0.000005851 0.999921485
QK:/cc/c: 0.036201932 0.963798068 0.000000000
QK:/cc/crr: 0.000000000 0.999540938 0.000459062
QK:/cc/r: 0.000102632 0.733118240 0.266779128
QK:/crc/c: 0.280879636 0.719120364 0.000000000
QK:/crc/crr: 0.000000000 0.027066797 0.972933203
QK:/crc/r: 0.000250921 0.439159783 0.560589296
QK:/crrc/c: 0.179610421 0.820389579 0.000000000
QK:/crrc/crr: 0.000000000 0.002724761 0.997275239
QK:/crrc/r: 0.000026697 0.285324193 0.714649111
QK:/rc/c: 0.368062332 0.631937668 0.000000000
QK:/rc/crr: 0.000000000 0.004640769 0.995359231
QK:/rc/r: 0.000009110 0.308727260 0.691263629
QK:/rrc/c: 0.426906224 0.573093776 0.000000000
QK:/rrc/crr: 0.000000000 0.080508937 0.919491063
QK:/rrc/r: 0.000152009 0.512021026 0.487826966
QQ:/cc/c: 0.999966762 0.000033238 0.000000000
QQ:/cc/crr: 0.000000000 0.999983381 0.000016619
QQ:/cc/r: 0.999935752 0.000042089 0.000022159
QQ:/crc/c: 0.999994115 0.000005885 0.000000000
QQ:/crc/crr: 0.000000000 0.999997057 0.000002943
QQ:/crc/r: 0.999888573 0.000107504 0.000003924
QQ:/crrc/c: 0.999997057 0.000002943 0.000000000
QQ:/crrc/crr: 0.000000000 0.999998529 0.000001471
QQ:/crrc/r: 0.999996076 0.000001962 0.000001962
QQ:/rc/c: 0.999994625 0.000005375 0.000000000
QQ:/rc/crr: 0.000000000 0.999997312 0.000002688
QQ:/rc/r: 0.999991899 0.000004517 0.000003583
QQ:/rrc/c: 0.999991223 0.000008777 0.000000000
QQ:/rrc/crr: 0.000000000 0.999995612 0.000004388
QQ:/rrc/r: 0.999961944 0.000032205 0.000005851
