J:/c: 0.292618119 0.707381881 0.000000000
J:/crr: 0.000000000 0.999982913 0.000017087
J:/r: 0.054307851 0.128209684 0.817482466
JJ:/cc/c: 0.999992932 0.000007068 0.000000000
JJ:/cc/crr: 0.000000000 0.999996466 0.000003534
JJ:/cc/r: 0.999986786 0.000008501 0.000004712
JJ:/crc/c: 0.999982913 0.000017087 0.000000000
JJ:/crc/crr: 0.000000000 0.999991456 0.000008544
JJ:/crc/r: 0.999977027 0.000011582 0.000011391
JJ:/crrc/c: 0.999991456 0.000008544 0.000000000
JJ:/crrc/crr: 0.000000000 0.999995728 0.000004272
JJ:/crrc/r: 0.999988608 0.000005696 0.000005696
JJ:/rc/c: 0.999974001 0.000025999 0.000000000
JJ:/rc/crr: 0.000000000 0.999987000 0.000013000
JJ:/rc/r: 0.999947882 0.000034785 0.000017333
JJ:/rrc/c: 0.999938622 0.000061378 0.000000000
JJ:/rrc/crr: 0.000000000 0.999969309 0.000030691
JJ:/rrc/r: 0.999765707 0.000193374 0.000040919
JK:/cc/c: 0.005552579 0.994447421 0.000000000
JK:/cc/crr: 0.000000000 0.000636490 0.999363510
JK:/cc/r: 0.000012308 0.000004712 0.999982980
JK:/crc/c: 0.543617285 0.456382715 0.000000000
JK:/crc/crr: 0.000000000 0.000015716 0.999984284
JK:/crc/r: 0.037589385 0.000011391 0.962399223
JK:/crrc/c: 0.540412195 0.459587805 0.000000000
JK:/crrc/crr: 0.000000000 0.000007905 0.999992095
JK:/crrc/r: 0.198122652 0.000005696 0.801871652
JK:/rc/c: 0.383120647 0.616879353 0.000000000
JK:/rc/crr: 0.000000000 0.000033931 0.999966069
JK:/rc/r: 0.368482662 0.000017333 0.631500005
JK:/rrc/c: 0.999831485 0.000168515 0.000000000
JK:/rrc/crr: 0.000000000 0.000030694 0.999969306
JK:/rrc/r: 0.298577061 0.000040919 0.701382020
JQ:/cc/c: 0.074626959 0.925373041 0.000000000
JQ:/cc/crr: 0.000000000 0.000047358 0.999952642
JQ:/cc/r: 0.035140648 0.000004712 0.964854640
JQ:/crc/c: 0.381174599 0.618825401 0.000000000
JQ:/crc/crr: 0.000000000 0.000022414 0.999977586
JQ:/crc/r: 0.073209885 0.000011391 0.926778724
JQ:/crrc/c: 0.048259804 0.951740196 0.000000000
JQ:/crrc/crr: 0.000000000 0.000088518 0.999911482
JQ:/crrc/r: 0.174980006 0.000005696 0.825014298
JQ:/rc/c: 0.991693867 0.008306133 0.000000000
JQ:/rc/crr: 0.000000000 0.000013108 0.999986892
JQ:/rc/r: 0.000032811 0.000017333 0.999949856
JQ:/rrc/c: 0.025069921 0.974930079 0.000000000
JQ:/rrc/crr: 0.000000000 0.001224146 0.998775854
JQ:/rrc/r: 0.456716183 0.000040919 0.543242899
K:/c: 0.999969472 0.000030528 0.000000000
K:/crr: 0.000000000 0.999995000 0.000005000
K:/r: 0.577819039 0.422174295 0.000006667
KJ:/cc/c: 0.385813002 0.614186998 0.000000000
KJ:/cc/crr: 0.000000000 0.787740054 0.212259946
KJ:/cc/r: 0.534588004 0.226299205 0.239112791
KJ:/crc/c: 0.113253737 0.886746263 0.000000000
KJ:/crc/crr: 0.000000000 0.999977925 0.000022075
KJ:/crc/r: 0.000093712 0.753321143 0.246585145
KJ:/crrc/c: 0.416164341 0.583835659 0.000000000
KJ:/crrc/crr: 0.000000000 0.999996996 0.000003004
KJ:/crrc/r: 0.036918582 0.808345262 0.154736156
KJ:/rc/c: 0.428760153 0.571239847 0.000000000
KJ:/rc/crr: 0.000000000 0.933360418 0.066639582
KJ:/rc/r: 0.019339139 0.759684043 0.220976818
KJ:/rrc/c: 0.197348703 0.802651297 0.000000000
KJ:/rrc/crr: 0.000000000 0.999985384 0.000014616
KJ:/rrc/r: 0.059596679 0.870323732 0.070079590
KK:/cc/c: 0.836214706 0.163785294 0.000000000
KK:/cc/crr: 0.000000000 0.902067440 0.097932560
KK:/cc/r: 0.582461613 0.308348191 0.109190196
KK:/crc/c: 0.999995000 0.000005000 0.000000000
KK:/crc/crr: 0.000000000 0.999997500 0.000002500
KK:/crc/r: 0.871680372 0.128316295 0.000003333
KK:/crrc/c: 0.999997500 0.000002500 0.000000000
KK:/crrc/crr: 0.000000000 0.999998750 0.000001250
KK:/crrc/r: 0.999984252 0.000014081 0.000001667
KK:/rc/c: 0.999992104 0.000007896 0.000000000
KK:/rc/crr: 0.000000000 0.999996052 0.000003948
KK:/rc/r: 0.999978815 0.000015921 0.000005264
KK:/rrc/c: 0.999994231 0.000005769 0.000000000
KK:/rrc/crr: 0.000000000 0.999997116 0.000002884
KK:/rrc/r: 0.999817404 0.000178750 0.000003846
KQ:/cc/c: 0.836214706 0.163785294 0.000000000
KQ:/cc/crr: 0.000000000 0.902067440 0.097932560
KQ:/cc/r: 0.530610308 0.352840702 0.116548990
KQ:/crc/c: 0.284247589 0.715752411 0.000000000
KQ:/crc/crr: 0.000000000 0.000584576 0.999415424
KQ:/crc/r: 0.000039521 0.433063260 0.566897219
KQ:/crrc/c: 0.605989367 0.394010633 0.000000000
KQ:/crrc/crr: 0.000000000 0.389678937 0.610321063
KQ:/crrc/r: 0.005228346 0.686762553 0.308009101
KQ:/rc/c: 0.000567303 0.999432697 0.000000000
KQ:/rc/crr: 0.000000000 0.042181092 0.957818908
KQ:/rc/r: 0.000024259 0.298470623 0.701505117
KQ:/rrc/c: 0.493063651 0.506936349 0.000000000
KQ:/rrc/crr: 0.000000000 0.434458173 0.565541827
KQ:/rrc/r: 0.071438400 0.552479263 0.376082338
Q:/c: 0.846947481 0.153052519 0.000000000
Q:/crr: 0.000000000 0.999994096 0.000005904
Q:/r: 0.364141976 0.635810078 0.000047946
QJ:/cc/c: 0.000388481 0.999611519 0.000000000
QJ:/cc/crr: 0.000000000 0.042046451 0.957953549
QJ:/cc/r: 0.000026408 0.000021779 0.999951813
QJ:/crc/c: 0.460383768 0.539616232 0.000000000
QJ:/crc/crr: 0.000000000 0.016237098 0.983762902
QJ:/crc/r: 0.000003936 0.000003936 0.999992129
QJ:/crrc/c: 0.000002952 0.999997048 0.000000000
QJ:/crrc/crr: 0.000000000 0.500000000 0.500000000
QJ:/crrc/r: 0.021652316 0.000001968 0.978345716
QJ:/rc/c: 0.000111427 0.999888573 0.000000000
QJ:/rc/crr: 0.000000000 0.023525076 0.976474924
QJ:/rc/r: 0.021002496 0.000003495 0.978994009
QJ:/rrc/c: 0.000205850 0.999794150 0.000000000
QJ:/rrc/crr: 0.000000000 0.030563016 0.969436984
QJ:/rrc/r: 0.000081876 0.000006103 0.999912021
QK:/cc/c: 0.025522700 0.974477300 0.000000000
QK:/cc/crr: 0.000000000 0.999360010 0.000639990
QK:/cc/r: 0.000198794 0.732047302 0.267753904
QK:/crc/c: 0.323368722 0.676631278 0.000000000
QK:/crc/crr: 0.000000000 0.005001088 0.994998912
QK:/crc/r: 0.000150923 0.443310831 0.556538246
QK:/crrc/c: 0.095125415 0.904874585 0.000000000
QK:/crrc/crr: 0.000000000 0.004417058 0.995582942
QK:/crrc/r: 0.000025265 0.287438709 0.712536025
QK:/rc/c: 0.372753056 0.627246944 0.000000000
QK:/rc/crr: 0.000000000 0.004006583 0.995993417
QK:/rc/r: 0.000012448 0.305485189 0.694502363
QK:/rrc/c: 0.432559400 0.567440600 0.000000000
QK:/rrc/crr: 0.000000000 0.090062724 0.909937276
QK:/rrc/r: 0.000077445 0.524984112 0.474938443
QQ:/cc/c: 0.999967331 0.000032669 0.000000000
QQ:/cc/crr: 0.000000000 0.999983665 0.000016335
QQ:/cc/r: 0.999936678 0.000041543 0.000021779
QQ:/crc/c: 0.999994096 0.000005904 0.000000000
QQ:/crc/crr: 0.000000000 0.999997048 0.000002952
QQ:/crc/r: 0.915394433 0.084601631 0.000003936
QQ:/crrc/c: 0.999997048 0.000002952 0.000000000
QQ:/crrc/crr: 0.000000000 0.999998524 0.000001476
QQ:/crrc/r: 0.999996064 0.000001968 0.000001968
QQ:/rc/c: 0.999994757 0.000005243 0.000000000
QQ:/rc/crr: 0.000000000 0.999997379 0.000002621
QQ:/rc/r: 0.964015732 0.035980772 0.000003495
QQ:/rrc/c: 0.999990846 0.000009154 0.000000000
QQ:/rrc/crr: 0.000000000 0.999995423 0.000004577
QQ:/rrc/r: 0.999960004 0.000033893 0.000006103
