J:/c: 0.317961512 0.682038488 0.000000000
J:/crr: 0.000000000 0.999984275 0.000015725
J:/r: 0.054555558 0.122685945 0.822758496
JJ:/cc/c: 0.999992669 0.000007331 0.000000000
JJ:/cc/crr: 0.000000000 0.999996334 0.000003666
JJ:/cc/r: 0.999986602 0.000008511 0.000004887
JJ:/crc/c: 0.999984275 0.000015725 0.000000000
JJ:/crc/crr: 0.000000000 0.999992137 0.000007863
JJ:/crc/r: 0.999959669 0.000029848 0.000010483
JJ:/crrc/c: 0.999992137 0.000007863 0.000000000
JJ:/crrc/crr: 0.000000000 0.999996069 0.000003931
JJ:/crrc/r: 0.999989516 0.000005242 0.000005242
JJ:/rc/c: 0.999972830 0.000027170 0.000000000
JJ:/rc/crr: 0.000000000 0.999986415 0.000013585
JJ:/rc/r: 0.999845144 0.000136743 0.000018113
JJ:/rrc/c: 0.999938900 0.000061100 0.000000000
JJ:/rrc/crr: 0.000000000 0.999969448 0.000030552
JJ:/rrc/r: 0.999918534 0.000040733 0.000040733
JK:/cc/c: 0.000007331 0.999992669 0.000000000
JK:/cc/crr: 0.000000000 0.500000000 0.500000000
JK:/cc/r: 0.000010350 0.000004887 0.999984763
JK:/crc/c: 0.485931198 0.514068802 0.000000000
JK:/crc/crr: 0.000000000 0.000016180 0.999983820
JK:/crc/r: 0.019595354 0.000010483 0.980394163
JK:/crrc/c: 0.326919980 0.673080020 0.000000000
JK:/crrc/crr: 0.000000000 0.000012025 0.999987975
JK:/crrc/r: 0.259362265 0.000005242 0.740632493
JK:/rc/c: 0.387807106 0.612192894 0.000000000
JK:/rc/crr: 0.000000000 0.000035030 0.999964970
JK:/rc/r: 0.361417560 0.000018113 0.638564327
JK:/rrc/c: 0.999938900 0.000061100 0.000000000
JK:/rrc/crr: 0.000000000 0.000030552 0.999969448
JK:/rrc/r: 0.331999746 0.000040733 0.667959521
JQ:/cc/c: 0.065886197 0.934113803 0.000000000
JQ:/cc/crr: 0.000000000 0.000055634 0.999944366
JQ:/cc/r: 0.030663915 0.000004887 0.969331197
JQ:/crc/c: 0.407039859 0.592960141 0.000000000
JQ:/crc/crr: 0.000000000 0.000019317 0.999980683
JQ:/crc/r: 0.000010483 0.000010483 0.999979033
JQ:/crrc/c: 0.000536606 0.999463394 0.000000000
JQ:/crrc/crr: 0.000000000 0.007326332 0.992673668
JQ:/crrc/r: 0.177411298 0.000005242 0.822583461
JQ:/rc/c: 0.999283802 0.000716198 0.000000000
JQ:/rc/crr: 0.000000000 0.000013595 0.999986405
JQ:/rc/r: 0.000018113 0.000018113 0.999963774
JQ:/rrc/c: 0.000185098 0.999814902 0.000000000
JQ:/rrc/crr: 0.000000000 0.165046950 0.834953050
JQ:/rrc/r: 0.468445187 0.000040733 0.531514080
K:/c: 0.999990000 0.000010000 0.000000000
K:/crr: 0.000000000 0.999995000 0.000005000
K:/r: 0.595230162 0.404763172 0.000006667
KJ:/cc/c: 0.500000000 0.500000000 0.000000000
KJ:/cc/crr: 0.000000000 0.500000000 0.500000000
KJ:/cc/r: 0.333333333 0.333333333 0.333333333
KJ:/crc/c: 0.077630309 0.922369691 0.000000000
KJ:/crc/crr: 0.000000000 0.999967796 0.000032204
KJ:/crc/r: 0.000017899 0.724130505 0.275851596
KJ:/crrc/c: 0.294942294 0.705057706 0.000000000
KJ:/crrc/crr: 0.000000000 0.999995762 0.000004238
KJ:/crrc/r: 0.046740866 0.809929475 0.143329659
KJ:/rc/c: 0.456319256 0.543680744 0.000000000
KJ:/rc/crr: 0.000000000 0.999990976 0.000009024
KJ:/rc/r: 0.000033396 0.866200229 0.133766375
KJ:/rrc/c: 0.384913948 0.615086052 0.000000000
KJ:/rrc/crr: 0.000000000 0.999992726 0.000007274
KJ:/rrc/r: 0.036593649 0.896307942 0.067098409
KK:/cc/c: 0.500000000 0.500000000 0.000000000
KK:/cc/crr: 0.000000000 0.500000000 0.500000000
KK:/cc/r: 0.333333333 0.333333333 0.333333333
KK:/crc/c: 0.999995000 0.000005000 0.000000000
KK:/crc/crr: 0.000000000 0.999997500 0.000002500
KK:/crc/r: 0.975190645 0.024806022 0.000003333
KK:/crrc/c: 0.999997500 0.000002500 0.000000000
KK:/crrc/crr: 0.000000000 0.999998750 0.000001250
KK:/crrc/r: 0.999858439 0.000139895 0.000001667
KK:/rc/c: 0.999991765 0.000008235 0.000000000
KK:/rc/crr: 0.000000000 0.999995882 0.000004118
KK:/rc/r: 0.999975829 0.000018680 0.000005490
KK:/rrc/c: 0.999994400 0.000005600 0.000000000
KK:/rrc/crr: 0.000000000 0.999997200 0.000002800
KK:/rrc/r: 0.997730835 0.002265432 0.000003733
KQ:/cc/c: 0.500000000 0.500000000 0.000000000
KQ:/cc/crr: 0.000000000 0.500000000 0.500000000
KQ:/cc/r: 0.333333333 0.333333333 0.333333333
KQ:/crc/c: 0.261283014 0.738716986 0.000000000
KQ:/crc/crr: 0.000000000 0.000264143 0.999735857
KQ:/crc/r: 0.000012674 0.434491968 0.565495359
KQ:/crrc/c: 0.693900630 0.306099370 0.000000000
KQ:/crrc/crr: 0.000000000 0.472023267 0.527976733
KQ:/crrc/r: 0.000017094 0.740613986 0.259368921
KQ:/rc/c: 0.000014410 0.999985590 0.000000000
KQ:/rc/crr: 0.000000000 0.285741489 0.714258511
KQ:/rc/r: 0.000010418 0.304775193 0.695214389
KQ:/rrc/c: 0.515895879 0.484104121 0.000000000
KQ:/rrc/crr: 0.000000000 0.504599033 0.495400967
KQ:/rrc/r: 0.077056812 0.541141947 0.381801241
Q:/c: 0.850110686 0.149889314 0.000000000
Q:/crr: 0.000000000 0.999994118 0.000005882
Q:/r: 0.386531146 0.613444276 0.000024579
QJ:/cc/c: 0.000033358 0.999966642 0.000000000
QJ:/cc/crr: 0.000000000 0.500000000 0.500000000
QJ:/cc/r: 0.000022239 0.000022239 0.999955523
QJ:/crc/c: 0.410647860 0.589352140 0.000000000
QJ:/crc/crr: 0.000000000 0.000023209 0.999976791
QJ:/crc/r: 0.000003921 0.000003921 0.999992158
QJ:/crrc/c: 0.000002941 0.999997059 0.000000000
QJ:/crrc/crr: 0.000000000 0.500000000 0.500000000
QJ:/crrc/r: 0.000001961 0.000001961 0.999996079
QJ:/rc/c: 0.000005434 0.999994566 0.000000000
QJ:/rc/crr: 0.000000000 0.500000000 0.500000000
QJ:/rc/r: 0.022035275 0.000003623 0.977961103
QJ:/rrc/c: 0.000008624 0.999991376 0.000000000
QJ:/rrc/crr: 0.000000000 0.500000000 0.500000000
QJ:/rrc/r: 0.000077075 0.000005749 0.999917176
QK:/cc/c: 0.000207725 0.999792275 0.000000000
QK:/cc/crr: 0.000000000 0.919706352 0.080293648
QK:/cc/r: 0.000057769 0.721586136 0.278356095
QK:/crc/c: 0.374039467 0.625960533 0.000000000
QK:/crc/crr: 0.000000000 0.000351711 0.999648289
QK:/crc/r: 0.000037412 0.513464765 0.486497823
QK:/crrc/c: 0.271594546 0.728405454 0.000000000
QK:/crrc/crr: 0.000000000 0.000412909 0.999587091
QK:/crrc/r: 0.000021346 0.260597554 0.739381100
QK:/rc/c: 0.364706711 0.635293289 0.000000000
QK:/rc/crr: 0.000000000 0.008670443 0.991329557
QK:/rc/r: 0.000007151 0.310391096 0.689601753
QK:/rrc/c: 0.435651982 0.564348018 0.000000000
QK:/rrc/crr: 0.000000000 0.047518148 0.952481852
QK:/rrc/r: 0.000057696 0.502396868 0.497545436
QQ:/cc/c: 0.999966642 0.000033358 0.000000000
QQ:/cc/crr: 0.000000000 0.999983320 0.000016680
QQ:/cc/r: 0.999162562 0.000815199 0.000022239
QQ:/crc/c: 0.999994118 0.000005882 0.000000000
QQ:/crc/crr: 0.000000000 0.999997059 0.000002941
QQ:/crc/r: 0.921587579 0.078408500 0.000003921
QQ:/crrc/c: 0.999997059 0.000002941 0.000000000
QQ:/crrc/crr: 0.000000000 0.999998530 0.000001470
QQ:/crrc/r: 0.999783509 0.000214530 0.000001961
QQ:/rc/c: 0.999994566 0.000005434 0.000000000
QQ:/rc/crr: 0.000000000 0.999997283 0.000002717
QQ:/rc/r: 0.999991348 0.000005030 0.000003623
QQ:/rrc/c: 0.999991376 0.000008624 0.000000000
QQ:/rrc/crr: 0.000000000 0.999995688 0.000004312
QQ:/rrc/r: 0.999959073 0.000035178 0.000005749
