J:/: 0.076771856 0.923228144 0.000000000
J:/cr: 0.017515052 0.034334462 0.948150487
J:/rr: 0.000000000 0.999934872 0.000065128
JJ:/cc/: 0.000315201 0.999684799 0.000000000
JJ:/cc/cr: 0.999996388 0.000001806 0.000001806
JJ:/cc/rr: 0.000000000 0.991409010 0.008590990
JJ:/crc/: 0.965181128 0.034818872 0.000000000
JJ:/crc/cr: 0.998993292 0.000503354 0.000503354
JJ:/crc/rr: 0.000000000 0.999972762 0.000027238
JJ:/crrc/: 0.987936789 0.012063211 0.000000000
JJ:/crrc/cr: 0.994303946 0.002848027 0.002848027
JJ:/crrc/rr: 0.000000000 0.999947836 0.000052164
JJ:/rc/: 0.894662734 0.105337266 0.000000000
JJ:/rc/cr: 0.999587813 0.000206094 0.000206094
JJ:/rc/rr: 0.000000000 0.999963602 0.000036398
JJ:/rrc/: 0.992755085 0.007244915 0.000000000
JJ:/rrc/cr: 0.997003311 0.001498345 0.001498345
JJ:/rrc/rr: 0.000000000 0.999983598 0.000016402
JK:/cc/: 0.080529098 0.919470902 0.000000000
JK:/cc/cr: 0.000089317 0.000001963 0.999908719
JK:/cc/rr: 0.000000000 0.000033626 0.999966374
JK:/crc/: 0.057543453 0.942456547 0.000000000
JK:/crc/cr: 0.031534645 0.000018596 0.968446758
JK:/crc/rr: 0.000000000 0.000456860 0.999543140
JK:/crrc/: 0.999829474 0.000170526 0.000000000
JK:/crrc/cr: 0.542767126 0.201473235 0.255759639
JK:/crrc/rr: 0.000000000 0.000051543 0.999948457
JK:/rc/: 0.993555634 0.006444366 0.000000000
JK:/rc/cr: 0.838906736 0.003368733 0.157724531
JK:/rc/rr: 0.000000000 0.000032775 0.999967225
JK:/rrc/: 0.510660047 0.489339953 0.000000000
JK:/rrc/cr: 0.838068941 0.000022184 0.161908875
JK:/rrc/rr: 0.000000000 0.000031886 0.999968114
JQ:/cc/: 0.175392287 0.824607713 0.000000000
JQ:/cc/cr: 0.000006612 0.000002189 0.999991198
JQ:/cc/rr: 0.000000000 0.000015439 0.999984561
JQ:/crc/: 0.991979786 0.008020214 0.000000000
JQ:/crc/cr: 0.116957528 0.002185256 0.880857217
JQ:/crc/rr: 0.000000000 0.000026502 0.999973498
JQ:/crrc/: 0.047969323 0.952030677 0.000000000
JQ:/crrc/cr: 0.086483331 0.000036087 0.913480582
JQ:/crrc/rr: 0.000000000 0.001074323 0.998925677
JQ:/rc/: 0.997892727 0.002107273 0.000000000
JQ:/rc/cr: 0.010302106 0.010302106 0.979395789
JQ:/rc/rr: 0.000000000 0.000032633 0.999967367
JQ:/rrc/: 0.162799476 0.837200524 0.000000000
JQ:/rrc/cr: 0.000743703 0.000012966 0.999243331
JQ:/rrc/rr: 0.000000000 0.000100019 0.999899981
K:/: 0.748765848 0.251234152 0.000000000
K:/cr: 0.692896614 0.307090118 0.000013268
K:/rr: 0.000000000 0.999993322 0.000006678
KJ:/cc/: 0.000054302 0.999945698 0.000000000
KJ:/cc/cr: 0.000047914 0.000008739 0.999943347
KJ:/cc/rr: 0.000000000 0.816749079 0.183250921
KJ:/crc/: 0.000047301 0.999952699 0.000000000
KJ:/crc/cr: 0.000687017 0.999305782 0.000007201
KJ:/crc/rr: 0.000000000 0.771647771 0.228352229
KJ:/crrc/: 0.051332842 0.948667158 0.000000000
KJ:/crrc/cr: 0.002294711 0.995603432 0.002101857
KJ:/crrc/rr: 0.000000000 0.659120211 0.340879789
KJ:/rc/: 0.060660003 0.939339997 0.000000000
KJ:/rc/cr: 0.006979835 0.959324594 0.033695571
KJ:/rc/rr: 0.000000000 0.327994774 0.672005226
KJ:/rrc/: 0.091666454 0.908333546 0.000000000
KJ:/rrc/cr: 0.000092380 0.999738562 0.000169058
KJ:/rrc/rr: 0.000000000 0.565204898 0.434795102
KK:/cc/: 0.996379355 0.003620645 0.000000000
KK:/cc/cr: 0.996335505 0.001832248 0.001832248
KK:/cc/rr: 0.000000000 0.999990013 0.000009987
KK:/crc/: 0.138439331 0.861560669 0.000000000
KK:/crc/cr: 0.999983284 0.000008358 0.000008358
KK:/crc/rr: 0.000000000 0.999921978 0.000078022
KK:/crrc/: 0.980890002 0.019109998 0.000000000
KK:/crrc/cr: 0.999665997 0.000167001 0.000167001
KK:/crrc/rr: 0.000000000 0.999995120 0.000004880
KK:/rc/: 0.852006361 0.147993639 0.000000000
KK:/rc/cr: 0.999969919 0.000015040 0.000015040
KK:/rc/rr: 0.000000000 0.999996081 0.000003919
KK:/rrc/: 0.539037212 0.460962788 0.000000000
KK:/rrc/cr: 0.999995171 0.000002414 0.000002414
KK:/rrc/rr: 0.000000000 0.999996903 0.000003097
KQ:/cc/: 0.000282005 0.999717995 0.000000000
KQ:/cc/cr: 0.000045025 0.420440358 0.579514618
KQ:/cc/rr: 0.000000000 0.964713789 0.035286211
KQ:/crc/: 0.863853213 0.136146787 0.000000000
KQ:/crc/cr: 0.000341612 0.488347666 0.511310722
KQ:/crc/rr: 0.000000000 0.000031197 0.999968803
KQ:/crrc/: 0.015015236 0.984984764 0.000000000
KQ:/crrc/cr: 0.046079745 0.659745450 0.294174805
KQ:/crrc/rr: 0.000000000 0.206858635 0.793141365
KQ:/rc/: 0.000077548 0.999922452 0.000000000
KQ:/rc/cr: 0.000015284 0.490032331 0.509952385
KQ:/rc/rr: 0.000000000 0.956945141 0.043054859
KQ:/rrc/: 0.688676079 0.311323921 0.000000000
KQ:/rrc/cr: 0.024409362 0.898279993 0.077310645
KQ:/rrc/rr: 0.000000000 0.383782233 0.616217767
Q:/: 0.742524942 0.257475058 0.000000000
Q:/cr: 0.173946048 0.824721049 0.001332904
Q:/rr: 0.000000000 0.999993266 0.000006734
QJ:/cc/: 0.000019419 0.999980581 0.000000000
QJ:/cc/cr: 0.000014507 0.000006473 0.999979020
QJ:/cc/rr: 0.000000000 0.500000000 0.500000000
QJ:/crc/: 0.028734384 0.971265616 0.000000000
QJ:/crc/cr: 0.002198145 0.000002694 0.997799161
QJ:/crc/rr: 0.000000000 0.000136576 0.999863424
QJ:/crrc/: 0.018101845 0.981898155 0.000000000
QJ:/crrc/cr: 0.000209471 0.000012633 0.999777896
QJ:/crrc/rr: 0.000000000 0.001027889 0.998972111
QJ:/rc/: 0.009183325 0.990816675 0.000000000
QJ:/rc/cr: 0.000003123 0.000002265 0.999994611
QJ:/rc/rr: 0.000000000 0.000366631 0.999633369
QJ:/rrc/: 0.000003367 0.999996633 0.000000000
QJ:/rrc/cr: 0.000001122 0.000001122 0.999997755
QJ:/rrc/rr: 0.000000000 0.500000000 0.500000000
QK:/cc/: 0.565905243 0.434094757 0.000000000
QK:/cc/cr: 0.004939163 0.995021428 0.000039409
QK:/cc/rr: 0.000000000 0.115890131 0.884109869
QK:/crc/: 0.012893381 0.987106619 0.000000000
QK:/crc/cr: 0.000002650 0.547815439 0.452181910
QK:/crc/rr: 0.000000000 0.000304376 0.999695624
QK:/crrc/: 0.901398151 0.098601849 0.000000000
QK:/crrc/cr: 0.000220630 0.602085416 0.397693954
QK:/crrc/rr: 0.000000000 0.000564058 0.999435942
QK:/rc/: 0.456940210 0.543059790 0.000000000
QK:/rc/cr: 0.032571274 0.510067973 0.457360753
QK:/rc/rr: 0.000000000 0.196259695 0.803740305
QK:/rrc/: 0.132264333 0.867735667 0.000000000
QK:/rrc/cr: 0.000001293 0.303982923 0.696015784
QK:/rrc/rr: 0.000000000 0.000497766 0.999502234
QQ:/cc/: 0.485788589 0.514211411 0.000000000
QQ:/cc/cr: 0.999974823 0.000012588 0.000012588
QQ:/cc/rr: 0.000000000 0.999980013 0.000019987
QQ:/crc/: 0.978430583 0.021569417 0.000000000
QQ:/crc/cr: 0.999757408 0.000121296 0.000121296
QQ:/crc/rr: 0.000000000 0.999995989 0.000004011
QQ:/crrc/: 0.197547379 0.802452621 0.000000000
QQ:/crrc/cr: 0.999969084 0.000015458 0.000015458
QQ:/crrc/rr: 0.000000000 0.999905812 0.000094188
QQ:/rc/: 0.518046774 0.481953226 0.000000000
QQ:/rc/cr: 0.999988966 0.000006377 0.000004657
QQ:/rc/rr: 0.000000000 0.999993501 0.000006499
QQ:/rrc/: 0.984728489 0.015271511 0.000000000
QQ:/rrc/cr: 0.999853020 0.000073490 0.000073490
QQ:/rrc/rr: 0.000000000 0.999998290 0.000001710
