J:/c: 0.301248939 0.698751061 0.000000000
J:/crr: 0.000000000 0.999983402 0.000016598
J:/r: 0.053159587 0.124017921 0.822822492
JJ:/cc/c: 0.999992844 0.000007156 0.000000000
JJ:/cc/crr: 0.000000000 0.999996422 0.000003578
JJ:/cc/r: 0.999990459 0.000004770 0.000004770
JJ:/crc/c: 0.999983402 0.000016598 0.000000000
JJ:/crc/crr: 0.000000000 0.999991701 0.000008299
JJ:/crc/r: 0.999080081 0.000908854 0.000011065
JJ:/crrc/c: 0.999991701 0.000008299 0.000000000
JJ:/crrc/crr: 0.000000000 0.999995851 0.000004149
JJ:/crrc/r: 0.999975857 0.000018610 0.000005533
JJ:/rc/c: 0.999973122 0.000026878 0.000000000
JJ:/rc/crr: 0.000000000 0.999986561 0.000013439
JJ:/rc/r: 0.999963597 0.000018484 0.000017919
JJ:/rrc/c: 0.999937296 0.000062704 0.000000000
JJ:/rrc/crr: 0.000000000 0.999968646 0.000031354
JJ:/rrc/r: 0.999790039 0.000168158 0.000041803
JK:/cc/c: 0.005216313 0.994783687 0.000000000
JK:/cc/crr: 0.000000000 0.000685889 0.999314111
JK:/cc/r: 0.000004770 0.000004770 0.999990459
JK:/crc/c: 0.525548024 0.474451976 0.000000000
JK:/crc/crr: 0.000000000 0.000015791 0.999984209
JK:/crc/r: 0.035753415 0.000011065 0.964235520
JK:/crrc/c: 0.400040113 0.599959887 0.000000000
JK:/crrc/crr: 0.000000000 0.000010373 0.999989627
JK:/crrc/r: 0.220684060 0.000005533 0.779310408
JK:/rc/c: 0.392087752 0.607912248 0.000000000
JK:/rc/crr: 0.000000000 0.000034275 0.999965725
JK:/rc/r: 0.357540463 0.000017919 0.642441618
JK:/rrc/c: 0.999880907 0.000119093 0.000000000
JK:/rrc/crr: 0.000000000 0.000031356 0.999968644
JK:/rrc/r: 0.340388802 0.000041803 0.659569395
JQ:/cc/c: 0.064807611 0.935192389 0.000000000
JQ:/cc/crr: 0.000000000 0.000055207 0.999944793
JQ:/cc/r: 0.042681891 0.000004770 0.957313338
JQ:/crc/c: 0.445446040 0.554553960 0.000000000
JQ:/crc/crr: 0.000000000 0.000018630 0.999981370
JQ:/crc/r: 0.000065947 0.000011065 0.999922988
JQ:/crrc/c: 0.032910559 0.967089441 0.000000000
JQ:/crrc/crr: 0.000000000 0.000126083 0.999873917
JQ:/crrc/r: 0.202766071 0.000005533 0.797228396
JQ:/rc/c: 0.993283874 0.006716126 0.000000000
JQ:/rc/crr: 0.000000000 0.000013530 0.999986470
JQ:/rc/r: 0.000031147 0.000017919 0.999950935
JQ:/rrc/c: 0.027456490 0.972543510 0.000000000
JQ:/rrc/crr: 0.000000000 0.001141884 0.998858116
JQ:/rrc/r: 0.611961986 0.000041803 0.387996211
K:/c: 0.999969497 0.000030503 0.000000000
K:/crr: 0.000000000 0.999995000 0.000005000
K:/r: 0.583804868 0.416188465 0.000006667
KJ:/cc/c: 0.165394068 0.834605932 0.000000000
KJ:/cc/crr: 0.000000000 0.504455209 0.495544791
KJ:/cc/r: 0.510927543 0.222965638 0.266106819
KJ:/crc/c: 0.090507055 0.909492945 0.000000000
KJ:/crc/crr: 0.000000000 0.999972377 0.000027623
KJ:/crc/r: 0.000049307 0.732757892 0.267192801
KJ:/crrc/c: 0.276254618 0.723745382 0.000000000
KJ:/crrc/crr: 0.000000000 0.999995475 0.000004525
KJ:/crrc/r: 0.114030418 0.885967916 0.000001667
KJ:/rc/c: 0.451707536 0.548292464 0.000000000
KJ:/rc/crr: 0.000000000 0.702469087 0.297530913
KJ:/rc/r: 0.051278121 0.743369132 0.205352747
KJ:/rrc/c: 0.214974666 0.785025334 0.000000000
KJ:/rrc/crr: 0.000000000 0.999986720 0.000013280
KJ:/rrc/r: 0.029053559 0.919752356 0.051194085
KK:/cc/c: 0.836079663 0.163920337 0.000000000
KK:/cc/crr: 0.000000000 0.901970862 0.098029138
KK:/cc/r: 0.594814338 0.295905437 0.109280225
KK:/crc/c: 0.999995000 0.000005000 0.000000000
KK:/crc/crr: 0.000000000 0.999997500 0.000002500
KK:/crc/r: 0.999959838 0.000036829 0.000003333
KK:/crrc/c: 0.999997500 0.000002500 0.000000000
KK:/crrc/crr: 0.000000000 0.999998750 0.000001250
KK:/crrc/r: 0.999993304 0.000005029 0.000001667
KK:/rc/c: 0.999991991 0.000008009 0.000000000
KK:/rc/crr: 0.000000000 0.999995995 0.000004005
KK:/rc/r: 0.999978986 0.000015675 0.000005339
KK:/rrc/c: 0.999994290 0.000005710 0.000000000
KK:/rrc/crr: 0.000000000 0.999997145 0.000002855
KK:/rrc/r: 0.999818266 0.000177928 0.000003806
KQ:/cc/c: 0.501556167 0.498443833 0.000000000
KQ:/cc/crr: 0.000000000 0.836588255 0.163411745
KQ:/cc/r: 0.500378877 0.382575212 0.117045911
KQ:/crc/c: 0.283681106 0.716318894 0.000000000
KQ:/crc/crr: 0.000000000 0.006327666 0.993672334
KQ:/crc/r: 0.000021470 0.435901157 0.564077372
KQ:/crrc/c: 0.626059031 0.373940969 0.000000000
KQ:/crrc/crr: 0.000000000 0.404936470 0.595063530
KQ:/crrc/r: 0.000093438 0.762222697 0.237683865
KQ:/rc/c: 0.000086875 0.999913125 0.000000000
KQ:/rc/crr: 0.000000000 0.953903784 0.046096216
KQ:/rc/r: 0.000023469 0.298387574 0.701588956
KQ:/rrc/c: 0.509778296 0.490221704 0.000000000
KQ:/rrc/crr: 0.000000000 0.491362497 0.508637503
KQ:/rrc/r: 0.021948699 0.620386299 0.357665002
Q:/c: 0.856169356 0.143830644 0.000000000
Q:/crr: 0.000000000 0.999994160 0.000005840
Q:/r: 0.383851320 0.616105647 0.000043033
QJ:/cc/c: 0.000297229 0.999702771 0.000000000
QJ:/cc/crr: 0.000000000 0.058478615 0.941521385
QJ:/cc/r: 0.000023175 0.000023175 0.999953649
QJ:/crc/c: 0.413463089 0.586536911 0.000000000
QJ:/crc/crr: 0.000000000 0.040791018 0.959208982
QJ:/crc/r: 0.000154582 0.000003893 0.999841525
QJ:/crrc/c: 0.000066594 0.999933406 0.000000000
QJ:/crrc/crr: 0.000000000 0.021923923 0.978076077
QJ:/crrc/r: 0.000001947 0.000001947 0.999996107
QJ:/rc/c: 0.000115240 0.999884760 0.000000000
QJ:/rc/crr: 0.000000000 0.023474081 0.976525919
QJ:/rc/r: 0.000003607 0.000003607 0.999992786
QJ:/rrc/c: 0.000211781 0.999788219 0.000000000
QJ:/rrc/crr: 0.000000000 0.020502107 0.979497893
QJ:/rrc/r: 0.000076432 0.000005789 0.999917779
QK:/cc/c: 0.094444444 0.905555556 0.000000000
QK:/cc/crr: 0.000000000 0.999815960 0.000184040
QK:/cc/r: 0.000096630 0.747591374 0.252311996
QK:/crc/c: 0.333718508 0.666281492 0.000000000
QK:/crc/crr: 0.000000000 0.010036359 0.989963641
QK:/crc/r: 0.000113802 0.478848304 0.521037894
QK:/crrc/c: 0.186633770 0.813366230 0.000000000
QK:/crrc/crr: 0.000000000 0.002180316 0.997819684
QK:/crrc/r: 0.000039260 0.310017230 0.689943509
QK:/rc/c: 0.362465875 0.637534125 0.000000000
QK:/rc/crr: 0.000000000 0.000552597 0.999447403
QK:/rc/r: 0.000007411 0.297582709 0.702409880
QK:/rrc/c: 0.432965312 0.567034688 0.000000000
QK:/rrc/crr: 0.000000000 0.081676786 0.918323214
QK:/rrc/r: 0.000079486 0.510910799 0.489009715
QQ:/cc/c: 0.999965237 0.000034763 0.000000000
QQ:/cc/crr: 0.000000000 0.999982618 0.000017382
QQ:/cc/r: 0.999932173 0.000044652 0.000023175
QQ:/crc/c: 0.999994160 0.000005840 0.000000000
QQ:/crc/crr: 0.000000000 0.999997080 0.000002920
QQ:/crc/r: 0.999935007 0.000061099 0.000003893
QQ:/crrc/c: 0.999997080 0.000002920 0.000000000
QQ:/crrc/crr: 0.000000000 0.999998540 0.000001460
QQ:/crrc/r: 0.999996107 0.000001947 0.000001947
QQ:/rc/c: 0.999994590 0.000005410 0.000000000
QQ:/rc/crr: 0.000000000 0.999997295 0.000002705
QQ:/rc/r: 0.959187256 0.040809137 0.000003607
QQ:/rrc/c: 0.999991316 0.000008684 0.000000000
QQ:/rrc/crr: 0.000000000 0.999995658 0.000004342
QQ:/rrc/r: 0.999959661 0.000034549 0.000005789
