J:/: 0.076879697 0.923120303 0.000000000
J:/cr: 0.017379157 0.037216902 0.945403941
J:/rr: 0.000000000 0.999934963 0.000065037
JJ:/cc/: 0.000242170 0.999757830 0.000000000
JJ:/cc/cr: 0.999996388 0.000001806 0.000001806
JJ:/cc/rr: 0.000000000 0.988816941 0.011183059
JJ:/crc/: 0.911305391 0.088694609 0.000000000
JJ:/crc/cr: 0.999635362 0.000182319 0.000182319
JJ:/crc/rr: 0.000000000 0.999973383 0.000026617
JJ:/crrc/: 0.981272503 0.018727497 0.000000000
JJ:/crrc/cr: 0.996301797 0.001849101 0.001849101
JJ:/crrc/rr: 0.000000000 0.999947065 0.000052935
JJ:/rc/: 0.947561945 0.052438055 0.000000000
JJ:/rc/cr: 0.999173162 0.000413419 0.000413419
JJ:/rc/rr: 0.000000000 0.999965682 0.000034318
JJ:/rrc/: 0.999424443 0.000575557 0.000000000
JJ:/rrc/cr: 0.962331610 0.018834195 0.018834195
JJ:/rrc/rr: 0.000000000 0.999983730 0.000016270
JK:/cc/: 0.080965318 0.919034682 0.000000000
JK:/cc/cr: 0.000218931 0.000001965 0.999779104
JK:/cc/rr: 0.000000000 0.000033449 0.999966551
JK:/crc/: 0.049249827 0.950750173 0.000000000
JK:/crc/cr: 0.021150925 0.000017008 0.978832067
JK:/crc/rr: 0.000000000 0.000492511 0.999507489
JK:/crrc/: 0.999896113 0.000103887 0.000000000
JK:/crrc/cr: 0.333333333 0.333333333 0.333333333
JK:/crrc/rr: 0.000000000 0.000051949 0.999948051
JK:/rc/: 0.994205318 0.005794682 0.000000000
JK:/rc/cr: 0.992517659 0.003741170 0.003741170
JK:/rc/rr: 0.000000000 0.000032708 0.999967292
JK:/rrc/: 0.532726414 0.467273586 0.000000000
JK:/rrc/cr: 0.856399956 0.000023199 0.143576846
JK:/rrc/rr: 0.000000000 0.000030523 0.999969477
JQ:/cc/: 0.197396362 0.802603638 0.000000000
JQ:/cc/cr: 0.000003810 0.000002250 0.999993940
JQ:/cc/rr: 0.000000000 0.000013720 0.999986280
JQ:/crc/: 0.994561625 0.005438375 0.000000000
JQ:/crc/cr: 0.004999979 0.002973445 0.992026577
JQ:/crc/rr: 0.000000000 0.000024389 0.999975611
JQ:/crrc/: 0.023978506 0.976021494 0.000000000
JQ:/crrc/cr: 0.131416634 0.000035480 0.868547886
JQ:/crrc/rr: 0.000000000 0.002166255 0.997833745
JQ:/rc/: 0.995290109 0.004709891 0.000000000
JQ:/rc/cr: 0.004602844 0.004602844 0.990794312
JQ:/rc/rr: 0.000000000 0.000032672 0.999967328
JQ:/rrc/: 0.107073843 0.892926157 0.000000000
JQ:/rrc/cr: 0.000012140 0.000012140 0.999975720
JQ:/rrc/rr: 0.000000000 0.000151860 0.999848140
K:/: 0.755089109 0.244910891 0.000000000
K:/cr: 0.671921416 0.328064974 0.000013610
K:/rr: 0.000000000 0.999993378 0.000006622
KJ:/cc/: 0.000049542 0.999950458 0.000000000
KJ:/cc/cr: 0.000048271 0.000010435 0.999941294
KJ:/cc/rr: 0.000000000 0.793956244 0.206043756
KJ:/crc/: 0.000047768 0.999952232 0.000000000
KJ:/crc/cr: 0.000030087 0.999962998 0.000006915
KJ:/crc/rr: 0.000000000 0.782872744 0.217127256
KJ:/crrc/: 0.084572893 0.915427107 0.000000000
KJ:/crrc/cr: 0.000175189 0.998529636 0.001295176
KJ:/crrc/rr: 0.000000000 0.569881690 0.430118310
KJ:/rc/: 0.088078168 0.911921832 0.000000000
KJ:/rc/cr: 0.009066650 0.974375596 0.016557753
KJ:/rc/rr: 0.000000000 0.427572208 0.572427792
KJ:/rrc/: 0.083331153 0.916668847 0.000000000
KJ:/rrc/cr: 0.000076502 0.999922294 0.000001204
KJ:/rrc/rr: 0.000000000 0.519920521 0.480079479
KK:/cc/: 0.998129840 0.001870160 0.000000000
KK:/cc/cr: 0.992722337 0.003638832 0.003638832
KK:/cc/rr: 0.000000000 0.999989773 0.000010227
KK:/crc/: 0.115392415 0.884607585 0.000000000
KK:/crc/cr: 0.999984367 0.000007816 0.000007816
KK:/crc/rr: 0.000000000 0.999910118 0.000089882
KK:/crrc/: 0.992254900 0.007745100 0.000000000
KK:/crrc/cr: 0.999128226 0.000435887 0.000435887
KK:/crrc/rr: 0.000000000 0.999994896 0.000005104
KK:/rc/: 0.837042125 0.162957875 0.000000000
KK:/rc/cr: 0.999972910 0.000013545 0.000013545
KK:/rc/rr: 0.000000000 0.999996045 0.000003955
KK:/rrc/: 0.538439743 0.461560257 0.000000000
KK:/rrc/cr: 0.999995218 0.000002391 0.000002391
KK:/rrc/rr: 0.000000000 0.999996925 0.000003075
KQ:/cc/: 0.000055433 0.999944567 0.000000000
KQ:/cc/cr: 0.000040886 0.416654338 0.583304776
KQ:/cc/rr: 0.000000000 0.815852370 0.184147630
KQ:/crc/: 0.892207591 0.107792409 0.000000000
KQ:/crc/cr: 0.000343227 0.455939094 0.543717679
KQ:/crc/rr: 0.000000000 0.000038910 0.999961090
KQ:/crrc/: 0.015270022 0.984729978 0.000000000
KQ:/crrc/cr: 0.031078757 0.667129261 0.301791981
KQ:/crrc/rr: 0.000000000 0.309163485 0.690836515
KQ:/rc/: 0.000310844 0.999689156 0.000000000
KQ:/rc/cr: 0.000008774 0.495593267 0.504397959
KQ:/rc/rr: 0.000000000 0.209043684 0.790956316
KQ:/rrc/: 0.703319734 0.296680266 0.000000000
KQ:/rrc/cr: 0.017567610 0.913957361 0.068475030
KQ:/rrc/rr: 0.000000000 0.394053827 0.605946173
Q:/: 0.731503183 0.268496817 0.000000000
Q:/cr: 0.148260254 0.851067750 0.000671996
Q:/rr: 0.000000000 0.999993165 0.000006835
QJ:/cc/: 0.000018622 0.999981378 0.000000000
QJ:/cc/cr: 0.000006208 0.000006208 0.999987585
QJ:/cc/rr: 0.000000000 0.500000000 0.500000000
QJ:/crc/: 0.026910635 0.973089365 0.000000000
QJ:/crc/cr: 0.005109994 0.000002498 0.994887508
QJ:/crc/rr: 0.000000000 0.000135516 0.999864484
QJ:/crrc/: 0.005773767 0.994226233 0.000000000
QJ:/crrc/cr: 0.000135910 0.000014037 0.999850053
QJ:/crrc/rr: 0.000000000 0.003625731 0.996374269
QJ:/rc/: 0.008300446 0.991699554 0.000000000
QJ:/rc/cr: 0.000002297 0.000002297 0.999995405
QJ:/rc/rr: 0.000000000 0.000411739 0.999588261
QJ:/rrc/: 0.000003418 0.999996582 0.000000000
QJ:/rrc/cr: 0.000001139 0.000001139 0.999997722
QJ:/rrc/rr: 0.000000000 0.500000000 0.500000000
QK:/cc/: 0.381585421 0.618414579 0.000000000
QK:/cc/cr: 0.000522006 0.999429468 0.000048526
QK:/cc/rr: 0.000000000 0.286249191 0.713750809
QK:/crc/: 0.010623610 0.989376390 0.000000000
QK:/crc/cr: 0.000003738 0.553911957 0.446084305
QK:/crc/rr: 0.000000000 0.000393469 0.999606531
QK:/crrc/: 0.962382468 0.037617532 0.000000000
QK:/crrc/cr: 0.000763703 0.555161313 0.444074984
QK:/crrc/rr: 0.000000000 0.000592351 0.999407649
QK:/rc/: 0.455310103 0.544689897 0.000000000
QK:/rc/cr: 0.004330188 0.560420071 0.435249741
QK:/rc/rr: 0.000000000 0.197437856 0.802562144
QK:/rrc/: 0.130213453 0.869786547 0.000000000
QK:/rrc/cr: 0.000001310 0.292530996 0.707467694
QK:/rrc/rr: 0.000000000 0.000257366 0.999742634
QQ:/cc/: 0.524245349 0.475754651 0.000000000
QQ:/cc/cr: 0.999973905 0.000013047 0.000013047
QQ:/cc/rr: 0.000000000 0.999982239 0.000017761
QQ:/crc/: 0.982893885 0.017106115 0.000000000
QQ:/crc/cr: 0.999715748 0.000142126 0.000142126
QQ:/crc/rr: 0.000000000 0.999996290 0.000003710
QQ:/crrc/: 0.171642936 0.828357064 0.000000000
QQ:/crrc/cr: 0.999966304 0.000016848 0.000016848
QQ:/crrc/rr: 0.000000000 0.999878037 0.000121963
QQ:/rc/: 0.524964702 0.475035298 0.000000000
QQ:/rc/cr: 0.999987638 0.000007566 0.000004796
QQ:/rc/rr: 0.000000000 0.999993490 0.000006510
QQ:/rrc/: 0.987432116 0.012567884 0.000000000
QQ:/rrc/cr: 0.999818710 0.000090645 0.000090645
QQ:/rrc/rr: 0.000000000 0.999998269 0.000001731
