J:/: 0.076093422 0.923906578 0.000000000
J:/cr: 0.018495656 0.033306725 0.948197619
J:/rr: 0.000000000 0.999934291 0.000065709
JJ:/cc/: 0.000295771 0.999704229 0.000000000
JJ:/cc/cr: 0.999996391 0.000001804 0.000001804
JJ:/cc/rr: 0.000000000 0.990851360 0.009148640
JJ:/crc/: 0.960658107 0.039341893 0.000000000
JJ:/crc/cr: 0.999082212 0.000458894 0.000458894
JJ:/crc/rr: 0.000000000 0.999971810 0.000028190
JJ:/crrc/: 0.980528172 0.019471828 0.000000000
JJ:/crrc/cr: 0.996660719 0.001669640 0.001669640
JJ:/crrc/rr: 0.000000000 0.999950265 0.000049735
JJ:/rc/: 0.886696821 0.113303179 0.000000000
JJ:/rc/cr: 0.999613375 0.000193312 0.000193312
JJ:/rc/rr: 0.000000000 0.999962947 0.000037053
JJ:/rrc/: 0.995270651 0.004729349 0.000000000
JJ:/rrc/cr: 0.995368424 0.002315788 0.002315788
JJ:/rrc/rr: 0.000000000 0.999983494 0.000016506
JK:/cc/: 0.088612736 0.911387264 0.000000000
JK:/cc/cr: 0.000136545 0.000001979 0.999861475
JK:/cc/rr: 0.000000000 0.000030536 0.999969464
JK:/crc/: 0.067407799 0.932592201 0.000000000
JK:/crc/cr: 0.060345352 0.000019359 0.939635290
JK:/crc/rr: 0.000000000 0.000401743 0.999598257
JK:/crrc/: 0.999902467 0.000097533 0.000000000
JK:/crrc/cr: 0.333333333 0.333333333 0.333333333
JK:/crrc/rr: 0.000000000 0.000048771 0.999951229
JK:/rc/: 0.997587474 0.002412526 0.000000000
JK:/rc/cr: 0.901298801 0.009078826 0.089622374
JK:/rc/rr: 0.000000000 0.000032934 0.999967066
JK:/rrc/: 0.530396905 0.469603095 0.000000000
JK:/rrc/cr: 0.867895240 0.000023322 0.132081438
JK:/rrc/rr: 0.000000000 0.000030974 0.999969026
JQ:/cc/: 0.157381602 0.842618398 0.000000000
JQ:/cc/cr: 0.000004285 0.000002141 0.999993574
JQ:/cc/rr: 0.000000000 0.000017193 0.999982807
JQ:/crc/: 0.993695177 0.006304823 0.000000000
JQ:/crc/cr: 0.103988400 0.002863483 0.893148117
JQ:/crc/rr: 0.000000000 0.000027252 0.999972748
JQ:/crrc/: 0.060602438 0.939397562 0.000000000
JQ:/crrc/cr: 0.196424717 0.000034608 0.803540675
JQ:/crrc/rr: 0.000000000 0.000804694 0.999195306
JQ:/rc/: 0.995688823 0.004311177 0.000000000
JQ:/rc/cr: 0.005080492 0.005080492 0.989839015
JQ:/rc/rr: 0.000000000 0.000032997 0.999967003
JQ:/rrc/: 0.140444175 0.859555825 0.000000000
JQ:/rrc/cr: 0.000963484 0.000012742 0.999023774
JQ:/rrc/rr: 0.000000000 0.000116974 0.999883026
K:/: 0.754550045 0.245449955 0.000000000
K:/cr: 0.702402350 0.297584069 0.000013581
K:/rr: 0.000000000 0.999993374 0.000006626
KJ:/cc/: 0.000052074 0.999947926 0.000000000
KJ:/cc/cr: 0.000049015 0.000009733 0.999941252
KJ:/cc/rr: 0.000000000 0.804404761 0.195595239
KJ:/crc/: 0.000051906 0.999948094 0.000000000
KJ:/crc/cr: 0.000303391 0.999689003 0.000007606
KJ:/crc/rr: 0.000000000 0.780199799 0.219800201
KJ:/crrc/: 0.064154473 0.935845527 0.000000000
KJ:/crrc/cr: 0.002556436 0.996302491 0.001141073
KJ:/crrc/rr: 0.000000000 0.398901016 0.601098984
KJ:/rc/: 0.073649947 0.926350053 0.000000000
KJ:/rc/cr: 0.006151150 0.965307695 0.028541155
KJ:/rc/rr: 0.000000000 0.307328304 0.692671696
KJ:/rrc/: 0.089198217 0.910801783 0.000000000
KJ:/rrc/cr: 0.004216149 0.994722200 0.001061651
KJ:/rrc/rr: 0.000000000 0.618258225 0.381741775
KK:/cc/: 0.998546072 0.001453928 0.000000000
KK:/cc/cr: 0.990659438 0.004670281 0.004670281
KK:/cc/rr: 0.000000000 0.999989800 0.000010200
KK:/crc/: 0.216677964 0.783322036 0.000000000
KK:/crc/cr: 0.999980580 0.000009710 0.000009710
KK:/crc/rr: 0.000000000 0.999947346 0.000052654
KK:/crrc/: 0.986459170 0.013540830 0.000000000
KK:/crrc/cr: 0.999524048 0.000237976 0.000237976
KK:/crrc/rr: 0.000000000 0.999995100 0.000004900
KK:/rc/: 0.831442832 0.168557168 0.000000000
KK:/rc/cr: 0.999973791 0.000013104 0.000013104
KK:/rc/rr: 0.000000000 0.999996015 0.000003985
KK:/rrc/: 0.521172435 0.478827565 0.000000000
KK:/rrc/cr: 0.999995387 0.000002307 0.000002307
KK:/rrc/rr: 0.000000000 0.999996821 0.000003179
KQ:/cc/: 0.000055786 0.999944214 0.000000000
KQ:/cc/cr: 0.000044595 0.433831388 0.566124017
KQ:/cc/rr: 0.000000000 0.817420023 0.182579977
KQ:/crc/: 0.879040496 0.120959504 0.000000000
KQ:/crc/cr: 0.000416812 0.514790149 0.484793039
KQ:/crc/rr: 0.000000000 0.000027719 0.999972281
KQ:/crrc/: 0.011830241 0.988169759 0.000000000
KQ:/crrc/cr: 0.002781584 0.726944969 0.270273447
KQ:/crrc/rr: 0.000000000 0.121137894 0.878862106
KQ:/rc/: 0.000033507 0.999966493 0.000000000
KQ:/rc/cr: 0.000021752 0.488687216 0.511291032
KQ:/rc/rr: 0.000000000 0.901117498 0.098882502
KQ:/rrc/: 0.701674396 0.298325604 0.000000000
KQ:/rrc/cr: 0.028775261 0.860924319 0.110300421
KQ:/rrc/rr: 0.000000000 0.395437624 0.604562376
Q:/: 0.751188204 0.248811796 0.000000000
Q:/cr: 0.180163555 0.819122935 0.000713510
Q:/rr: 0.000000000 0.999993344 0.000006656
QJ:/cc/: 0.000020096 0.999979904 0.000000000
QJ:/cc/cr: 0.000006699 0.000006699 0.999986603
QJ:/cc/rr: 0.000000000 0.500000000 0.500000000
QJ:/crc/: 0.029426527 0.970573473 0.000000000
QJ:/crc/cr: 0.001783963 0.000002809 0.998213229
QJ:/crc/rr: 0.000000000 0.000138950 0.999861050
QJ:/crrc/: 0.010856037 0.989143963 0.000000000
QJ:/crrc/cr: 0.000120409 0.000012529 0.999867062
QJ:/crrc/rr: 0.000000000 0.001712417 0.998287583
QJ:/rc/: 0.006336876 0.993663124 0.000000000
QJ:/rc/cr: 0.000002233 0.000002233 0.999995534
QJ:/rc/rr: 0.000000000 0.000525190 0.999474810
QJ:/rrc/: 0.000003328 0.999996672 0.000000000
QJ:/rrc/cr: 0.000001109 0.000001109 0.999997781
QJ:/rrc/rr: 0.000000000 0.500000000 0.500000000
QK:/cc/: 0.550946497 0.449053503 0.000000000
QK:/cc/cr: 0.038618884 0.961338506 0.000042611
QK:/cc/rr: 0.000000000 0.999981763 0.000018237
QK:/crc/: 0.023180330 0.976819670 0.000000000
QK:/crc/cr: 0.000002791 0.561383680 0.438613530
QK:/crc/rr: 0.000000000 0.000176392 0.999823608
QK:/crrc/: 0.884343687 0.115656313 0.000000000
QK:/crrc/cr: 0.000179256 0.647717150 0.352103595
QK:/crrc/rr: 0.000000000 0.000585789 0.999414211
QK:/rc/: 0.440927597 0.559072403 0.000000000
QK:/rc/cr: 0.030375500 0.512739813 0.456884687
QK:/rc/rr: 0.000000000 0.198315922 0.801684078
QK:/rrc/: 0.117529648 0.882470352 0.000000000
QK:/rrc/cr: 0.000001257 0.303519102 0.696479641
QK:/rrc/rr: 0.000000000 0.000569693 0.999430307
QQ:/cc/: 0.465798776 0.534201224 0.000000000
QQ:/cc/cr: 0.999974921 0.000012539 0.000012539
QQ:/cc/rr: 0.000000000 0.999978429 0.000021571
QQ:/crc/: 0.981114435 0.018885565 0.000000000
QQ:/crc/cr: 0.999711326 0.000144337 0.000144337
QQ:/crc/rr: 0.000000000 0.999995832 0.000004168
QQ:/crrc/: 0.195478039 0.804521961 0.000000000
QQ:/crrc/cr: 0.999969191 0.000015405 0.000015405
QQ:/crrc/rr: 0.000000000 0.999904899 0.000095101
QQ:/rc/: 0.523151819 0.476848181 0.000000000
QQ:/rc/cr: 0.999990694 0.000004653 0.000004653
QQ:/rc/rr: 0.000000000 0.999993638 0.000006362
QQ:/rrc/: 0.978710222 0.021289778 0.000000000
QQ:/rrc/cr: 0.999895785 0.000052108 0.000052108
QQ:/rrc/rr: 0.000000000 0.999998300 0.000001700
