J:/c: 0.322853763 0.677146237 0.000000000
J:/crr: 0.000000000 0.999984513 0.000015487
J:/r: 0.044358207 0.153258754 0.802383040
JJ:/cc/c: 0.999992616 0.000007384 0.000000000
JJ:/cc/crr: 0.000000000 0.999996308 0.000003692
JJ:/cc/r: 0.999990155 0.000004923 0.000004923
JJ:/crc/c: 0.999984513 0.000015487 0.000000000
JJ:/crc/crr: 0.000000000 0.999992256 0.000007744
JJ:/crc/r: 0.999947811 0.000041864 0.000010325
JJ:/crrc/c: 0.999992256 0.000007744 0.000000000
JJ:/crrc/crr: 0.000000000 0.999996128 0.000003872
JJ:/crrc/r: 0.999954078 0.000040760 0.000005162
JJ:/rc/c: 0.999978250 0.000021750 0.000000000
JJ:/rc/crr: 0.000000000 0.999989125 0.000010875
JJ:/rc/r: 0.999971000 0.000014500 0.000014500
JJ:/rrc/c: 0.999924854 0.000075146 0.000000000
JJ:/rrc/crr: 0.000000000 0.999962424 0.000037576
JJ:/rrc/r: 0.999899806 0.000050097 0.000050097
JK:/cc/c: 0.000007384 0.999992616 0.000000000
JK:/cc/crr: 0.000000000 0.500000000 0.500000000
JK:/cc/r: 0.000004923 0.000004923 0.999990155
JK:/crc/c: 0.498497228 0.501502772 0.000000000
JK:/crc/crr: 0.000000000 0.000015534 0.999984466
JK:/crc/r: 0.017303612 0.000010325 0.982686063
JK:/crrc/c: 0.000007744 0.999992256 0.000000000
JK:/crrc/crr: 0.000000000 0.500000000 0.500000000
JK:/crrc/r: 0.053824137 0.000005162 0.946170700
JK:/rc/c: 0.418521763 0.581478237 0.000000000
JK:/rc/crr: 0.000000000 0.000025984 0.999974016
JK:/rc/r: 0.260271553 0.000014500 0.739713947
JK:/rrc/c: 0.999924854 0.000075146 0.000000000
JK:/rrc/crr: 0.000000000 0.000037576 0.999962424
JK:/rrc/r: 0.012788720 0.000050097 0.987161183
JQ:/cc/c: 0.063834973 0.936165027 0.000000000
JQ:/cc/crr: 0.000000000 0.000057836 0.999942164
JQ:/cc/r: 0.029229477 0.000004923 0.970765600
JQ:/crc/c: 0.508246096 0.491753904 0.000000000
JQ:/crc/crr: 0.000000000 0.000015236 0.999984764
JQ:/crc/r: 0.000044926 0.000010325 0.999944749
JQ:/crrc/c: 0.000007744 0.999992256 0.000000000
JQ:/crrc/crr: 0.000000000 0.500000000 0.500000000
JQ:/crrc/r: 0.000016438 0.000005162 0.999978399
JQ:/rc/c: 0.999978250 0.000021750 0.000000000
JQ:/rc/crr: 0.000000000 0.000010875 0.999989125
JQ:/rc/r: 0.000014500 0.000014500 0.999971000
JQ:/rrc/c: 0.000075146 0.999924854 0.000000000
JQ:/rrc/crr: 0.000000000 0.500000000 0.500000000
JQ:/rrc/r: 0.463588271 0.000050097 0.536361632
K:/c: 0.999990000 0.000010000 0.000000000
K:/crr: 0.000000000 0.999995000 0.000005000
K:/r: 0.452249997 0.547743336 0.000006667
KJ:/cc/c: 0.500000000 0.500000000 0.000000000
KJ:/cc/crr: 0.000000000 0.500000000 0.500000000
KJ:/cc/r: 0.333333333 0.333333333 0.333333333
KJ:/crc/c: 0.000813949 0.999186051 0.000000000
KJ:/crc/crr: 0.000000000 0.996928525 0.003071475
KJ:/crc/r: 0.000003333 0.744369261 0.255627405
KJ:/crrc/c: 0.517397573 0.482602427 0.000000000
KJ:/crrc/crr: 0.000000000 0.999997584 0.000002416
KJ:/crrc/r: 0.000122533 0.999826586 0.000050881
KJ:/rc/c: 0.370676985 0.629323015 0.000000000
KJ:/rc/crr: 0.000000000 0.999991791 0.000008209
KJ:/rc/r: 0.000010040 0.775231453 0.224758507
KJ:/rrc/c: 0.106229573 0.893770427 0.000000000
KJ:/rrc/crr: 0.000000000 0.999965308 0.000034692
KJ:/rrc/r: 0.000059003 0.999936083 0.000004914
KK:/cc/c: 0.500000000 0.500000000 0.000000000
KK:/cc/crr: 0.000000000 0.500000000 0.500000000
KK:/cc/r: 0.333333333 0.333333333 0.333333333
KK:/crc/c: 0.999995000 0.000005000 0.000000000
KK:/crc/crr: 0.000000000 0.999997500 0.000002500
KK:/crc/r: 0.993030884 0.006965783 0.000003333
KK:/crrc/c: 0.999997500 0.000002500 0.000000000
KK:/crrc/crr: 0.000000000 0.999998750 0.000001250
KK:/crrc/r: 0.999208334 0.000789999 0.000001667
KK:/rc/c: 0.999993914 0.000006086 0.000000000
KK:/rc/crr: 0.000000000 0.999996957 0.000003043
KK:/rc/r: 0.999971984 0.000023959 0.000004057
KK:/rrc/c: 0.999992629 0.000007371 0.000000000
KK:/rrc/crr: 0.000000000 0.999996315 0.000003685
KK:/rrc/r: 0.997134714 0.002860372 0.000004914
KQ:/cc/c: 0.500000000 0.500000000 0.000000000
KQ:/cc/crr: 0.000000000 0.500000000 0.500000000
KQ:/cc/r: 0.333333333 0.333333333 0.333333333
KQ:/crc/c: 0.000106943 0.999893057 0.000000000
KQ:/crc/crr: 0.000000000 0.023377178 0.976622822
KQ:/crc/r: 0.000004459 0.439467998 0.560527544
KQ:/crrc/c: 0.684648626 0.315351374 0.000000000
KQ:/crrc/crr: 0.000000000 0.445632148 0.554367852
KQ:/crrc/r: 0.000008941 0.661553927 0.338437132
KQ:/rc/c: 0.000006086 0.999993914 0.000000000
KQ:/rc/crr: 0.000000000 0.500000000 0.500000000
KQ:/rc/r: 0.000004057 0.280237139 0.719758804
KQ:/rrc/c: 0.445213754 0.554786246 0.000000000
KQ:/rrc/crr: 0.000000000 0.524976649 0.475023351
KQ:/rrc/r: 0.000167554 0.751616058 0.248216388
Q:/c: 0.848188183 0.151811817 0.000000000
Q:/crr: 0.000000000 0.999994105 0.000005895
Q:/r: 0.231115257 0.768834088 0.000050655
QJ:/cc/c: 0.000032936 0.999967064 0.000000000
QJ:/cc/crr: 0.000000000 0.500000000 0.500000000
QJ:/cc/r: 0.000021957 0.000021957 0.999956086
QJ:/crc/c: 0.305177915 0.694822085 0.000000000
QJ:/crc/crr: 0.000000000 0.000034018 0.999965982
QJ:/crc/r: 0.000003930 0.000003930 0.999992140
QJ:/crrc/c: 0.000002947 0.999997053 0.000000000
QJ:/crrc/crr: 0.000000000 0.500000000 0.500000000
QJ:/crrc/r: 0.025001158 0.000001965 0.974996877
QJ:/rc/c: 0.000004336 0.999995664 0.000000000
QJ:/rc/crr: 0.000000000 0.500000000 0.500000000
QJ:/rc/r: 0.000002890 0.000002890 0.999994219
QJ:/rrc/c: 0.000014423 0.999985577 0.000000000
QJ:/rrc/crr: 0.000000000 0.500000000 0.500000000
QJ:/rrc/r: 0.000009615 0.000009615 0.999980770
QK:/cc/c: 0.371777016 0.628222984 0.000000000
QK:/cc/crr: 0.000000000 0.999955705 0.000044295
QK:/cc/r: 0.000021957 0.755632244 0.244345799
QK:/crc/c: 0.289487167 0.710512833 0.000000000
QK:/crc/crr: 0.000000000 0.000010182 0.999989818
QK:/crc/r: 0.000029580 0.505659807 0.494310613
QK:/crrc/c: 0.372591254 0.627408746 0.000000000
QK:/crrc/crr: 0.000000000 0.000003955 0.999996045
QK:/crrc/r: 0.000013002 0.345034183 0.654952815
QK:/rc/c: 0.398581974 0.601418026 0.000000000
QK:/rc/crr: 0.000000000 0.000005439 0.999994561
QK:/rc/r: 0.000002890 0.380601074 0.619396036
QK:/rrc/c: 0.488800926 0.511199074 0.000000000
QK:/rrc/crr: 0.000000000 0.000502916 0.999497084
QK:/rrc/r: 0.000009615 0.683335445 0.316654940
QQ:/cc/c: 0.999967064 0.000032936 0.000000000
QQ:/cc/crr: 0.000000000 0.999983532 0.000016468
QQ:/cc/r: 0.996139721 0.003838322 0.000021957
QQ:/crc/c: 0.999994105 0.000005895 0.000000000
QQ:/crc/crr: 0.000000000 0.999997053 0.000002947
QQ:/crc/r: 0.991074681 0.008921389 0.000003930
QQ:/crrc/c: 0.999997053 0.000002947 0.000000000
QQ:/crrc/crr: 0.000000000 0.999998526 0.000001474
QQ:/crrc/r: 0.999979742 0.000018293 0.000001965
QQ:/rc/c: 0.999995664 0.000004336 0.000000000
QQ:/rc/crr: 0.000000000 0.999997832 0.000002168
QQ:/rc/r: 0.996398032 0.003599078 0.000002890
QQ:/rrc/c: 0.999985577 0.000014423 0.000000000
QQ:/rrc/crr: 0.000000000 0.999992788 0.000007212
QQ:/rrc/r: 0.999978577 0.000011808 0.000009615
