J:/: 0.074168398 0.925831602 0.000000000
J:/cr: 0.018842023 0.032963823 0.948194154
J:/rr: 0.000000000 0.999932586 0.000067414
JJ:/cc/: 0.000294610 0.999705390 0.000000000
JJ:/cc/cr: 0.999996399 0.000001801 0.000001801
JJ:/cc/rr: 0.000000000 0.990834396 0.009165604
JJ:/crc/: 0.977348516 0.022651484 0.000000000
JJ:/crc/cr: 0.998392721 0.000803639 0.000803639
JJ:/crc/rr: 0.000000000 0.999972062 0.000027938
JJ:/crrc/: 0.931428664 0.068571336 0.000000000
JJ:/crrc/cr: 0.999071129 0.000464435 0.000464435
JJ:/crrc/rr: 0.000000000 0.999948713 0.000051287
JJ:/rc/: 0.883100772 0.116899228 0.000000000
JJ:/rc/cr: 0.999615543 0.000192229 0.000192229
JJ:/rc/rr: 0.000000000 0.999961831 0.000038169
JJ:/rrc/: 0.978449441 0.021550559 0.000000000
JJ:/rrc/cr: 0.998957201 0.000521399 0.000521399
JJ:/rrc/rr: 0.000000000 0.999982774 0.000017226
JK:/cc/: 0.079742033 0.920257967 0.000000000
JK:/cc/cr: 0.000067278 0.000001956 0.999930766
JK:/cc/rr: 0.000000000 0.000033863 0.999966137
JK:/crc/: 0.085594235 0.914405765 0.000000000
JK:/crc/cr: 0.073609676 0.000019908 0.926370416
JK:/crc/rr: 0.000000000 0.000319010 0.999680990
JK:/crrc/: 0.999826227 0.000173773 0.000000000
JK:/crrc/cr: 0.183268109 0.183268109 0.633463783
JK:/crrc/rr: 0.000000000 0.000047779 0.999952221
JK:/rc/: 0.991208563 0.008791437 0.000000000
JK:/rc/cr: 0.792610330 0.002556054 0.204833616
JK:/rc/rr: 0.000000000 0.000034006 0.999965994
JK:/rrc/: 0.531049930 0.468950070 0.000000000
JK:/rrc/cr: 0.890762823 0.000023961 0.109213216
JK:/rrc/rr: 0.000000000 0.000031738 0.999968262
JQ:/cc/: 0.167708934 0.832291066 0.000000000
JQ:/cc/cr: 0.000007606 0.000002163 0.999990231
JQ:/cc/rr: 0.000000000 0.000016101 0.999983899
JQ:/crc/: 0.984152234 0.015847766 0.000000000
JQ:/crc/cr: 0.452494414 0.001148656 0.546356930
JQ:/crc/rr: 0.000000000 0.000027745 0.999972255
JQ:/crrc/: 0.020781179 0.979218821 0.000000000
JQ:/crrc/cr: 0.114932881 0.000032523 0.885034596
JQ:/crrc/rr: 0.000000000 0.002298736 0.997701264
JQ:/rc/: 0.996792922 0.003207078 0.000000000
JQ:/rc/cr: 0.007006809 0.007006809 0.985986382
JQ:/rc/rr: 0.000000000 0.000033816 0.999966184
JQ:/rrc/: 0.125829748 0.874170252 0.000000000
JQ:/rrc/cr: 0.000012854 0.000012854 0.999974292
JQ:/rrc/rr: 0.000000000 0.000133948 0.999866052
K:/: 0.750680149 0.249319851 0.000000000
K:/cr: 0.713316735 0.286669895 0.000013370
K:/rr: 0.000000000 0.999993339 0.000006661
KJ:/cc/: 0.000055862 0.999944138 0.000000000
KJ:/cc/cr: 0.000048640 0.000008703 0.999942657
KJ:/cc/rr: 0.000000000 0.820498235 0.179501765
KJ:/crc/: 0.000051259 0.999948741 0.000000000
KJ:/crc/cr: 0.000040903 0.999951324 0.000007773
KJ:/crc/rr: 0.000000000 0.772536588 0.227463412
KJ:/crrc/: 0.071555355 0.928444645 0.000000000
KJ:/crrc/cr: 0.010334985 0.976104752 0.013560262
KJ:/crrc/rr: 0.000000000 0.479188264 0.520811736
KJ:/rc/: 0.071851325 0.928148675 0.000000000
KJ:/rc/cr: 0.005806313 0.950217309 0.043976379
KJ:/rc/rr: 0.000000000 0.337989926 0.662010074
KJ:/rrc/: 0.078061991 0.921938009 0.000000000
KJ:/rrc/cr: 0.000252100 0.998551046 0.001196854
KJ:/rrc/rr: 0.000000000 0.488048597 0.511951403
KK:/cc/: 0.999165258 0.000834742 0.000000000
KK:/cc/cr: 0.983983419 0.008008290 0.008008290
KK:/cc/rr: 0.000000000 0.999989964 0.000010036
KK:/crc/: 0.198008357 0.801991643 0.000000000
KK:/crc/cr: 0.999980616 0.000009692 0.000009692
KK:/crc/rr: 0.000000000 0.999941116 0.000058884
KK:/crrc/: 0.989568423 0.010431577 0.000000000
KK:/crrc/cr: 0.999401081 0.000299460 0.000299460
KK:/crrc/rr: 0.000000000 0.999995265 0.000004735
KK:/rc/: 0.818817920 0.181182080 0.000000000
KK:/rc/cr: 0.999975492 0.000012254 0.000012254
KK:/rc/rr: 0.000000000 0.999995933 0.000004067
KK:/rrc/: 0.517856147 0.482143853 0.000000000
KK:/rrc/cr: 0.999995395 0.000002302 0.000002302
KK:/rrc/rr: 0.000000000 0.999996784 0.000003216
KQ:/cc/: 0.000223029 0.999776971 0.000000000
KQ:/cc/cr: 0.000049891 0.442221407 0.557728702
KQ:/cc/rr: 0.000000000 0.955040410 0.044959590
KQ:/crc/: 0.866597570 0.133402430 0.000000000
KQ:/crc/cr: 0.000457268 0.612670399 0.386872332
KQ:/crc/rr: 0.000000000 0.000021264 0.999978736
KQ:/crrc/: 0.025506006 0.974493994 0.000000000
KQ:/crrc/cr: 0.024640427 0.698795978 0.276563595
KQ:/crrc/rr: 0.000000000 0.334803565 0.665196435
KQ:/rc/: 0.000046680 0.999953320 0.000000000
KQ:/rc/cr: 0.000043059 0.478002711 0.521954230
KQ:/rc/rr: 0.000000000 0.928656896 0.071343104
KQ:/rrc/: 0.713853870 0.286146130 0.000000000
KQ:/rrc/cr: 0.035057271 0.825633019 0.139309710
KQ:/rrc/rr: 0.000000000 0.389669963 0.610330037
Q:/: 0.756872831 0.243127169 0.000000000
Q:/cr: 0.179814415 0.818971791 0.001213794
Q:/rr: 0.000000000 0.999993394 0.000006606
QJ:/cc/: 0.000020565 0.999979435 0.000000000
QJ:/cc/cr: 0.000022192 0.000006855 0.999970953
QJ:/cc/rr: 0.000000000 0.500000000 0.500000000
QJ:/crc/: 0.029763161 0.970236839 0.000000000
QJ:/crc/cr: 0.000741991 0.000002876 0.999255134
QJ:/crc/rr: 0.000000000 0.000140617 0.999859383
QJ:/crrc/: 0.005869341 0.994130659 0.000000000
QJ:/crrc/cr: 0.000197834 0.000012783 0.999789383
QJ:/crrc/rr: 0.000000000 0.003247666 0.996752334
QJ:/rc/: 0.008382378 0.991617622 0.000000000
QJ:/rc/cr: 0.000024423 0.000002221 0.999973356
QJ:/rc/rr: 0.000000000 0.000394049 0.999605951
QJ:/rrc/: 0.000027184 0.999972816 0.000000000
QJ:/rrc/cr: 0.000001345 0.000001101 0.999997554
QJ:/rrc/rr: 0.000000000 0.060754256 0.939245744
QK:/cc/: 0.499713079 0.500286921 0.000000000
QK:/cc/cr: 0.293538142 0.706436169 0.000025689
QK:/cc/rr: 0.000000000 0.999979423 0.000020577
QK:/crc/: 0.019063925 0.980936075 0.000000000
QK:/crc/cr: 0.000002844 0.558950374 0.441046782
QK:/crc/rr: 0.000000000 0.000219535 0.999780465
QK:/crrc/: 0.928299350 0.071700650 0.000000000
QK:/crrc/cr: 0.000286755 0.630846057 0.368867188
QK:/crrc/rr: 0.000000000 0.000540172 0.999459828
QK:/rc/: 0.432906126 0.567093874 0.000000000
QK:/rc/cr: 0.010509144 0.537671443 0.451819413
QK:/rc/rr: 0.000000000 0.204989779 0.795010221
QK:/rrc/: 0.120253660 0.879746340 0.000000000
QK:/rrc/cr: 0.000001252 0.305151739 0.694847010
QK:/rrc/rr: 0.000000000 0.000661714 0.999338286
QQ:/cc/: 0.513892371 0.486107629 0.000000000
QQ:/cc/cr: 0.999971796 0.000014102 0.000014102
QQ:/cc/rr: 0.000000000 0.999979991 0.000020009
QQ:/crc/: 0.987666706 0.012333294 0.000000000
QQ:/crc/cr: 0.999547544 0.000226228 0.000226228
QQ:/crc/rr: 0.000000000 0.999995763 0.000004237
QQ:/crrc/: 0.180773013 0.819226987 0.000000000
QQ:/crrc/cr: 0.999968976 0.000015512 0.000015512
QQ:/crrc/rr: 0.000000000 0.999894555 0.000105445
QQ:/rc/: 0.489674449 0.510325551 0.000000000
QQ:/rc/cr: 0.999991370 0.000004315 0.000004315
QQ:/rc/rr: 0.000000000 0.999993255 0.000006745
QQ:/rrc/: 0.975645954 0.024354046 0.000000000
QQ:/rrc/cr: 0.999909581 0.000045209 0.000045209
QQ:/rrc/rr: 0.000000000 0.999998307 0.000001693
