J:/c: 0.324474688 0.675525312 0.000000000
J:/crr: 0.000000000 0.999984590 0.000015410
J:/r: 0.055591058 0.113922811 0.830486130
JJ:/cc/c: 0.999992598 0.000007402 0.000000000
JJ:/cc/crr: 0.000000000 0.999996299 0.000003701
JJ:/cc/r: 0.999990131 0.000004934 0.000004934
JJ:/crc/c: 0.999984590 0.000015410 0.000000000
JJ:/crc/crr: 0.000000000 0.999992295 0.000007705
JJ:/crc/r: 0.999527429 0.000462298 0.000010273
JJ:/crrc/c: 0.999992295 0.000007705 0.000000000
JJ:/crrc/crr: 0.000000000 0.999996148 0.000003852
JJ:/crrc/r: 0.999963719 0.000031145 0.000005137
JJ:/rc/c: 0.999970740 0.000029260 0.000000000
JJ:/rc/crr: 0.000000000 0.999985370 0.000014630
JJ:/rc/r: 0.999960987 0.000019506 0.000019506
JJ:/rrc/c: 0.999940038 0.000059962 0.000000000
JJ:/rrc/crr: 0.000000000 0.999970017 0.000029983
JJ:/rrc/r: 0.999890933 0.000069093 0.000039974
JK:/cc/c: 0.005872102 0.994127898 0.000000000
JK:/cc/crr: 0.000000000 0.000630238 0.999369762
JK:/cc/r: 0.000004934 0.000004934 0.999990131
JK:/crc/c: 0.494510629 0.505489371 0.000000000
JK:/crc/crr: 0.000000000 0.000015581 0.999984419
JK:/crc/r: 0.018307287 0.000010273 0.981682440
JK:/crrc/c: 0.405335117 0.594664883 0.000000000
JK:/crrc/crr: 0.000000000 0.000009504 0.999990496
JK:/crrc/r: 0.248766280 0.000005137 0.751228584
JK:/rc/c: 0.374646806 0.625353194 0.000000000
JK:/rc/crr: 0.000000000 0.000039050 0.999960950
JK:/rc/r: 0.358855913 0.000019506 0.641124580
JK:/rrc/c: 0.999940038 0.000059962 0.000000000
JK:/rrc/crr: 0.000000000 0.000029983 0.999970017
JK:/rrc/r: 0.467743363 0.000039974 0.532216663
JQ:/cc/c: 0.068993465 0.931006535 0.000000000
JQ:/cc/crr: 0.000000000 0.000053640 0.999946360
JQ:/cc/r: 0.036872102 0.000004934 0.963122963
JQ:/crc/c: 0.532347834 0.467652166 0.000000000
JQ:/crc/crr: 0.000000000 0.000014473 0.999985527
JQ:/crc/r: 0.035831469 0.000010273 0.964158258
JQ:/crrc/c: 0.030585365 0.969414635 0.000000000
JQ:/crrc/crr: 0.000000000 0.000125957 0.999874043
JQ:/crrc/r: 0.226093813 0.000005137 0.773901051
JQ:/rc/c: 0.999086028 0.000913972 0.000000000
JQ:/rc/crr: 0.000000000 0.000014643 0.999985357
JQ:/rc/r: 0.000019506 0.000019506 0.999960987
JQ:/rrc/c: 0.068022497 0.931977503 0.000000000
JQ:/rrc/crr: 0.000000000 0.000440749 0.999559251
JQ:/rrc/r: 0.643453673 0.000039974 0.356506352
K:/c: 0.999969536 0.000030464 0.000000000
K:/crr: 0.000000000 0.999995000 0.000005000
K:/r: 0.624082570 0.375910764 0.000006667
KJ:/cc/c: 0.164128020 0.835871980 0.000000000
KJ:/cc/crr: 0.000000000 0.500000000 0.500000000
KJ:/cc/r: 0.440508635 0.302150832 0.257340533
KJ:/crc/c: 0.140493822 0.859506178 0.000000000
KJ:/crc/crr: 0.000000000 0.999982205 0.000017795
KJ:/crc/r: 0.000028239 0.737600113 0.262371648
KJ:/crrc/c: 0.390564058 0.609435942 0.000000000
KJ:/crrc/crr: 0.000000000 0.999996799 0.000003201
KJ:/crrc/r: 0.006998734 0.832917578 0.160083688
KJ:/rc/c: 0.430148803 0.569851197 0.000000000
KJ:/rc/crr: 0.000000000 0.883203450 0.116796550
KJ:/rc/r: 0.070983279 0.695093034 0.233923687
KJ:/rrc/c: 0.098752020 0.901247980 0.000000000
KJ:/rrc/crr: 0.000000000 0.999972957 0.000027043
KJ:/rrc/r: 0.017453647 0.981777108 0.000769245
KK:/cc/c: 0.835871980 0.164128020 0.000000000
KK:/cc/crr: 0.000000000 0.901822274 0.098177726
KK:/cc/r: 0.570417842 0.320163478 0.109418680
KK:/crc/c: 0.999995000 0.000005000 0.000000000
KK:/crc/crr: 0.000000000 0.999997500 0.000002500
KK:/crc/r: 0.973053590 0.026943077 0.000003333
KK:/crrc/c: 0.999997500 0.000002500 0.000000000
KK:/crrc/crr: 0.000000000 0.999998750 0.000001250
KK:/crrc/r: 0.999985010 0.000013323 0.000001667
KK:/rc/c: 0.999991133 0.000008867 0.000000000
KK:/rc/crr: 0.000000000 0.999995566 0.000004434
KK:/rc/r: 0.999981592 0.000012496 0.000005912
KK:/rrc/c: 0.999994659 0.000005341 0.000000000
KK:/rrc/crr: 0.000000000 0.999997329 0.000002671
KK:/rrc/r: 0.999696968 0.000299471 0.000003561
KQ:/cc/c: 0.450872764 0.549127236 0.000000000
KQ:/cc/crr: 0.000000000 0.817988540 0.182011460
KQ:/cc/r: 0.490752895 0.398624348 0.110622758
KQ:/crc/c: 0.064703829 0.935296171 0.000000000
KQ:/crc/crr: 0.000000000 0.107727294 0.892272706
KQ:/crc/r: 0.000015568 0.432704933 0.567279498
KQ:/crrc/c: 0.637666568 0.362333432 0.000000000
KQ:/crrc/crr: 0.000000000 0.416970179 0.583029821
KQ:/crrc/r: 0.000035798 0.719295908 0.280668294
KQ:/rc/c: 0.000080479 0.999919521 0.000000000
KQ:/rc/crr: 0.000000000 0.085739933 0.914260067
KQ:/rc/r: 0.000015207 0.300058404 0.699926389
KQ:/rrc/c: 0.494893337 0.505106663 0.000000000
KQ:/rrc/crr: 0.000000000 0.401115189 0.598884811
KQ:/rrc/r: 0.026282981 0.580584963 0.393132055
Q:/c: 0.857717664 0.142282336 0.000000000
Q:/crr: 0.000000000 0.999994171 0.000005829
Q:/r: 0.431951817 0.567991982 0.000056201
QJ:/cc/c: 0.000035141 0.999964859 0.000000000
QJ:/cc/crr: 0.000000000 0.500000000 0.500000000
QJ:/cc/r: 0.000023428 0.000023428 0.999953145
QJ:/crc/c: 0.469774061 0.530225939 0.000000000
QJ:/crc/crr: 0.000000000 0.000008491 0.999991509
QJ:/crc/r: 0.000003886 0.000003886 0.999992227
QJ:/crrc/c: 0.000002915 0.999997085 0.000000000
QJ:/crrc/crr: 0.000000000 0.500000000 0.500000000
QJ:/crrc/r: 0.033725094 0.000001943 0.966272963
QJ:/rc/c: 0.000005869 0.999994131 0.000000000
QJ:/rc/crr: 0.000000000 0.500000000 0.500000000
QJ:/rc/r: 0.002278182 0.000003912 0.997717906
QJ:/rrc/c: 0.000007717 0.999992283 0.000000000
QJ:/rrc/crr: 0.000000000 0.500000000 0.500000000
QJ:/rrc/r: 0.000056173 0.000005145 0.999938682
QK:/cc/c: 0.045810032 0.954189968 0.000000000
QK:/cc/crr: 0.000000000 0.999616444 0.000383556
QK:/cc/r: 0.000097424 0.776560387 0.223342189
QK:/crc/c: 0.309529537 0.690470463 0.000000000
QK:/crc/crr: 0.000000000 0.000941626 0.999058374
QK:/crc/r: 0.000047464 0.469069938 0.530882598
QK:/crrc/c: 0.301795715 0.698204285 0.000000000
QK:/crrc/crr: 0.000000000 0.003677918 0.996322082
QK:/crrc/r: 0.000018086 0.282907865 0.717074049
QK:/rc/c: 0.385616009 0.614383991 0.000000000
QK:/rc/crr: 0.000000000 0.029238721 0.970761279
QK:/rc/r: 0.000010546 0.325938611 0.674050843
QK:/rrc/c: 0.437303198 0.562696802 0.000000000
QK:/rrc/crr: 0.000000000 0.030844466 0.969155534
QK:/rrc/r: 0.000069378 0.453265211 0.546665411
QQ:/cc/c: 0.999964859 0.000035141 0.000000000
QQ:/cc/crr: 0.000000000 0.999982429 0.000017571
QQ:/cc/r: 0.999929548 0.000047024 0.000023428
QQ:/crc/c: 0.999994171 0.000005829 0.000000000
QQ:/crc/crr: 0.000000000 0.999997085 0.000002915
QQ:/crc/r: 0.999951430 0.000044684 0.000003886
QQ:/crrc/c: 0.999997085 0.000002915 0.000000000
QQ:/crrc/crr: 0.000000000 0.999998543 0.000001457
QQ:/crrc/r: 0.999924622 0.000073435 0.000001943
QQ:/rc/c: 0.999994131 0.000005869 0.000000000
QQ:/rc/crr: 0.000000000 0.999997066 0.000002934
QQ:/rc/r: 0.983053375 0.016942712 0.000003912
QQ:/rrc/c: 0.999992283 0.000007717 0.000000000
QQ:/rrc/crr: 0.000000000 0.999996142 0.000003858
QQ:/rrc/r: 0.999961460 0.000033396 0.000005145
