J:/c: 0.331606962 0.668393038 0.000000000
J:/crr: 0.000000000 0.999984922 0.000015078
J:/r: 0.053774994 0.137259266 0.808965740
JJ:/cc/c: 0.999992519 0.000007481 0.000000000
JJ:/cc/crr: 0.000000000 0.999996260 0.000003740
JJ:/cc/r: 0.999989355 0.000005657 0.000004987
JJ:/crc/c: 0.999984922 0.000015078 0.000000000
JJ:/crc/crr: 0.000000000 0.999992461 0.000007539
JJ:/crc/r: 0.998305023 0.001684925 0.000010052
JJ:/crrc/c: 0.999992461 0.000007539 0.000000000
JJ:/crrc/crr: 0.000000000 0.999996230 0.000003770
JJ:/crrc/r: 0.999977096 0.000017877 0.000005026
JJ:/rc/c: 0.999975715 0.000024285 0.000000000
JJ:/rc/crr: 0.000000000 0.999987857 0.000012143
JJ:/rc/r: 0.999874710 0.000109100 0.000016190
JJ:/rrc/c: 0.999938013 0.000061987 0.000000000
JJ:/rrc/crr: 0.000000000 0.999969005 0.000030995
JJ:/rrc/r: 0.999917351 0.000041324 0.000041324
JK:/cc/c: 0.000007481 0.999992519 0.000000000
JK:/cc/crr: 0.000000000 0.500000000 0.500000000
JK:/cc/r: 0.000329598 0.000004987 0.999665415
JK:/crc/c: 0.467884124 0.532115876 0.000000000
JK:/crc/crr: 0.000000000 0.000016113 0.999983887
JK:/crc/r: 0.020503985 0.000010052 0.979485962
JK:/crrc/c: 0.306415188 0.693584812 0.000000000
JK:/crrc/crr: 0.000000000 0.000012302 0.999987698
JK:/crrc/r: 0.184919112 0.000005026 0.815075862
JK:/rc/c: 0.368706444 0.631293556 0.000000000
JK:/rc/crr: 0.000000000 0.000032933 0.999967067
JK:/rc/r: 0.357902383 0.000016190 0.642081427
JK:/rrc/c: 0.999938013 0.000061987 0.000000000
JK:/rrc/crr: 0.000000000 0.000030995 0.999969005
JK:/rrc/r: 0.216989797 0.000041324 0.782968879
JQ:/cc/c: 0.029645225 0.970354775 0.000000000
JQ:/cc/crr: 0.000000000 0.000126169 0.999873831
JQ:/cc/r: 0.011187630 0.000004987 0.988807383
JQ:/crc/c: 0.453960518 0.546039482 0.000000000
JQ:/crc/crr: 0.000000000 0.000016607 0.999983393
JQ:/crc/r: 0.038609483 0.000010052 0.961380465
JQ:/crrc/c: 0.034353245 0.965646755 0.000000000
JQ:/crrc/crr: 0.000000000 0.000109730 0.999890270
JQ:/crrc/r: 0.353947756 0.000005026 0.646047218
JQ:/rc/c: 0.996527235 0.003472765 0.000000000
JQ:/rc/crr: 0.000000000 0.000012185 0.999987815
JQ:/rc/r: 0.000016190 0.000016190 0.999967620
JQ:/rrc/c: 0.000061987 0.999938013 0.000000000
JQ:/rrc/crr: 0.000000000 0.500000000 0.500000000
JQ:/rrc/r: 0.278916110 0.000041324 0.721042565
K:/c: 0.994329943 0.005670057 0.000000000
K:/crr: 0.000000000 0.999994971 0.000005029
K:/r: 0.548147126 0.451846207 0.000006667
KJ:/cc/c: 0.000881825 0.999118175 0.000000000
KJ:/cc/crr: 0.000000000 0.500000000 0.500000000
KJ:/cc/r: 0.000587884 0.000587884 0.998824233
KJ:/crc/c: 0.120998578 0.879001422 0.000000000
KJ:/crc/crr: 0.000000000 0.999979221 0.000020779
KJ:/crc/r: 0.000019659 0.712203659 0.287776682
KJ:/crrc/c: 0.327710319 0.672289681 0.000000000
KJ:/crrc/crr: 0.000000000 0.999996164 0.000003836
KJ:/crrc/r: 0.005760405 0.893356508 0.100883087
KJ:/rc/c: 0.432614400 0.567385600 0.000000000
KJ:/rc/crr: 0.000000000 0.849485605 0.150514395
KJ:/rc/r: 0.000837099 0.781902454 0.217260447
KJ:/rrc/c: 0.144983132 0.855016868 0.000000000
KJ:/rrc/crr: 0.000000000 0.999979028 0.000020972
KJ:/rrc/r: 0.045627635 0.954368311 0.000004054
KK:/cc/c: 0.999118175 0.000881825 0.000000000
KK:/cc/crr: 0.000000000 0.999558698 0.000441302
KK:/cc/r: 0.998824233 0.000587884 0.000587884
KK:/crc/c: 0.999994971 0.000005029 0.000000000
KK:/crc/crr: 0.000000000 0.999997486 0.000002514
KK:/crc/r: 0.946659010 0.053337638 0.000003352
KK:/crrc/c: 0.999997486 0.000002514 0.000000000
KK:/crrc/crr: 0.000000000 0.999998743 0.000001257
KK:/crrc/r: 0.999887283 0.000111041 0.000001676
KK:/rc/c: 0.999992623 0.000007377 0.000000000
KK:/rc/crr: 0.000000000 0.999996311 0.000003689
KK:/rc/r: 0.999945307 0.000049775 0.000004918
KK:/rrc/c: 0.999993919 0.000006081 0.000000000
KK:/rrc/crr: 0.000000000 0.999996959 0.000003041
KK:/rrc/r: 0.999512895 0.000483051 0.000004054
KQ:/cc/c: 0.000881825 0.999118175 0.000000000
KQ:/cc/crr: 0.000000000 0.500000000 0.500000000
KQ:/cc/r: 0.000587884 0.998824233 0.000587884
KQ:/crc/c: 0.228352825 0.771647175 0.000000000
KQ:/crc/crr: 0.000000000 0.003106885 0.996893115
KQ:/crc/r: 0.000015915 0.444097123 0.555886961
KQ:/crrc/c: 0.627217388 0.372782612 0.000000000
KQ:/crrc/crr: 0.000000000 0.392668109 0.607331891
KQ:/crrc/r: 0.000086023 0.654175951 0.345738026
KQ:/rc/c: 0.000067694 0.999932306 0.000000000
KQ:/rc/crr: 0.000000000 0.945511358 0.054488642
KQ:/rc/r: 0.000009317 0.302713174 0.697277510
KQ:/rrc/c: 0.467667008 0.532332992 0.000000000
KQ:/rrc/crr: 0.000000000 0.709156693 0.290843307
KQ:/rrc/r: 0.118103247 0.518670963 0.363225790
Q:/c: 0.850136378 0.149863622 0.000000000
Q:/crr: 0.000000000 0.999994119 0.000005881
Q:/r: 0.315533770 0.684459564 0.000006667
QJ:/cc/c: 0.000033364 0.999966636 0.000000000
QJ:/cc/crr: 0.000000000 0.500000000 0.500000000
QJ:/cc/r: 0.000022242 0.000022242 0.999955515
QJ:/crc/c: 0.388673597 0.611326403 0.000000000
QJ:/crc/crr: 0.000000000 0.000063847 0.999936153
QJ:/crc/r: 0.000003921 0.000003921 0.999992158
QJ:/crrc/c: 0.000002941 0.999997059 0.000000000
QJ:/crrc/crr: 0.000000000 0.500000000 0.500000000
QJ:/crrc/r: 0.000001960 0.000001960 0.999996079
QJ:/rc/c: 0.000004870 0.999995130 0.000000000
QJ:/rc/crr: 0.000000000 0.500000000 0.500000000
QJ:/rc/r: 0.021901334 0.000003247 0.978095420
QJ:/rrc/c: 0.000010564 0.999989436 0.000000000
QJ:/rrc/crr: 0.000000000 0.500000000 0.500000000
QJ:/rrc/r: 0.000020271 0.000007043 0.999972687
QK:/cc/c: 0.199653366 0.800346634 0.000000000
QK:/cc/crr: 0.000000000 0.999916446 0.000083554
QK:/cc/r: 0.000117199 0.705715400 0.294167401
QK:/crc/c: 0.339059032 0.660940968 0.000000000
QK:/crc/crr: 0.000000000 0.000364638 0.999635362
QK:/crc/r: 0.000037408 0.476393297 0.523569294
QK:/crrc/c: 0.144556142 0.855443858 0.000000000
QK:/crrc/crr: 0.000000000 0.001844526 0.998155474
QK:/crrc/r: 0.000052804 0.278306859 0.721640337
QK:/rc/c: 0.388268559 0.611731441 0.000000000
QK:/rc/crr: 0.000000000 0.023300181 0.976699819
QK:/rc/r: 0.000004500 0.328618952 0.671376548
QK:/rrc/c: 0.408448748 0.591551252 0.000000000
QK:/rrc/crr: 0.000000000 0.000089914 0.999910086
QK:/rrc/r: 0.000053750 0.502000693 0.497945557
QQ:/cc/c: 0.999966636 0.000033364 0.000000000
QQ:/cc/crr: 0.000000000 0.999983318 0.000016682
QQ:/cc/r: 0.981551994 0.018425764 0.000022242
QQ:/crc/c: 0.999994119 0.000005881 0.000000000
QQ:/crc/crr: 0.000000000 0.999997059 0.000002941
QQ:/crc/r: 0.999945860 0.000050219 0.000003921
QQ:/crrc/c: 0.999997059 0.000002941 0.000000000
QQ:/crrc/crr: 0.000000000 0.999998530 0.000001470
QQ:/crrc/r: 0.999897646 0.000100393 0.000001960
QQ:/rc/c: 0.999995130 0.000004870 0.000000000
QQ:/rc/crr: 0.000000000 0.999997565 0.000002435
QQ:/rc/r: 0.999993507 0.000003247 0.000003247
QQ:/rrc/c: 0.999989436 0.000010564 0.000000000
QQ:/rrc/crr: 0.000000000 0.999994718 0.000005282
QQ:/rrc/r: 0.999957630 0.000035328 0.000007043
