J:/c: 0.307996638 0.692003362 0.000000000
J:/crr: 0.000000000 0.999983766 0.000016234
J:/r: 0.052690480 0.134450512 0.812859008
JJ:/cc/c: 0.999992775 0.000007225 0.000000000
JJ:/cc/crr: 0.000000000 0.999996387 0.000003613
JJ:/cc/r: 0.999990366 0.000004817 0.000004817
JJ:/crc/c: 0.999983766 0.000016234 0.000000000
JJ:/crc/crr: 0.000000000 0.999991883 0.000008117
JJ:/crc/r: 0.999905347 0.000083830 0.000010823
JJ:/crrc/c: 0.999991883 0.000008117 0.000000000
JJ:/crrc/crr: 0.000000000 0.999995941 0.000004059
JJ:/crrc/r: 0.999970030 0.000024559 0.000005411
JJ:/rc/c: 0.999975208 0.000024792 0.000000000
JJ:/rc/crr: 0.000000000 0.999987604 0.000012396
JJ:/rc/r: 0.999966944 0.000016528 0.000016528
JJ:/rrc/c: 0.999936737 0.000063263 0.000000000
JJ:/rrc/crr: 0.000000000 0.999968367 0.000031633
JJ:/rrc/r: 0.999877371 0.000080454 0.000042175
JK:/cc/c: 0.006917230 0.993082770 0.000000000
JK:/cc/crr: 0.000000000 0.000522275 0.999477725
JK:/cc/r: 0.000004817 0.000004817 0.999990366
JK:/crc/c: 0.517261147 0.482738853 0.000000000
JK:/crc/crr: 0.000000000 0.000015692 0.999984308
JK:/crc/r: 0.025659131 0.000010823 0.974330047
JK:/crrc/c: 0.490475796 0.509524204 0.000000000
JK:/crrc/crr: 0.000000000 0.000008275 0.999991725
JK:/crrc/r: 0.184454425 0.000005411 0.815540163
JK:/rc/c: 0.382532236 0.617467764 0.000000000
JK:/rc/crr: 0.000000000 0.000032405 0.999967595
JK:/rc/r: 0.348597244 0.000016528 0.651386228
JK:/rrc/c: 0.999936737 0.000063263 0.000000000
JK:/rrc/crr: 0.000000000 0.000031633 0.999968367
JK:/rrc/r: 0.296268998 0.000042175 0.703688827
JQ:/cc/c: 0.068117220 0.931882780 0.000000000
JQ:/cc/crr: 0.000000000 0.000053037 0.999946963
JQ:/cc/r: 0.034982252 0.000004817 0.965012931
JQ:/crc/c: 0.527742824 0.472257176 0.000000000
JQ:/crc/crr: 0.000000000 0.000015381 0.999984619
JQ:/crc/r: 0.001563850 0.000010823 0.998425327
JQ:/crrc/c: 0.053853921 0.946146079 0.000000000
JQ:/crrc/crr: 0.000000000 0.000075362 0.999924638
JQ:/crrc/r: 0.207476923 0.000005411 0.792517665
JQ:/rc/c: 0.995702978 0.004297022 0.000000000
JQ:/rc/crr: 0.000000000 0.000012450 0.999987550
JQ:/rc/r: 0.000016528 0.000016528 0.999966944
JQ:/rrc/c: 0.003197023 0.996802977 0.000000000
JQ:/rrc/crr: 0.000000000 0.009893975 0.990106025
JQ:/rrc/r: 0.446722968 0.000042175 0.553234857
K:/c: 0.999862899 0.000137101 0.000000000
K:/crr: 0.000000000 0.999994999 0.000005001
K:/r: 0.548198827 0.451794506 0.000006667
KJ:/cc/c: 0.036469353 0.963530647 0.000000000
KJ:/cc/crr: 0.000000000 0.500000000 0.500000000
KJ:/cc/r: 0.024312902 0.024312902 0.951374197
KJ:/crc/c: 0.060162151 0.939837849 0.000000000
KJ:/crc/crr: 0.000000000 0.999958440 0.000041560
KJ:/crc/r: 0.000032391 0.727810744 0.272156864
KJ:/crrc/c: 0.480064867 0.519935133 0.000000000
KJ:/crrc/crr: 0.000000000 0.970743084 0.029256916
KJ:/crrc/r: 0.000023022 0.999975311 0.000001667
KJ:/rc/c: 0.412050088 0.587949912 0.000000000
KJ:/rc/crr: 0.000000000 0.645910170 0.354089830
KJ:/rc/r: 0.027559360 0.766580663 0.205859977
KJ:/rrc/c: 0.481081547 0.518918453 0.000000000
KJ:/rrc/crr: 0.000000000 0.999993680 0.000006320
KJ:/rrc/r: 0.013533953 0.944044318 0.042421728
KK:/cc/c: 0.963530647 0.036469353 0.000000000
KK:/cc/crr: 0.000000000 0.981075147 0.018924853
KK:/cc/r: 0.951374197 0.024312902 0.024312902
KK:/crc/c: 0.999994999 0.000005001 0.000000000
KK:/crc/crr: 0.000000000 0.999997500 0.000002500
KK:/crc/r: 0.961180655 0.038816012 0.000003334
KK:/crrc/c: 0.999997500 0.000002500 0.000000000
KK:/crrc/crr: 0.000000000 0.999998750 0.000001250
KK:/crrc/r: 0.999955978 0.000042355 0.000001667
KK:/rc/c: 0.999992622 0.000007378 0.000000000
KK:/rc/crr: 0.000000000 0.999996311 0.000003689
KK:/rc/r: 0.999980872 0.000014210 0.000004919
KK:/rrc/c: 0.999993919 0.000006081 0.000000000
KK:/rrc/crr: 0.000000000 0.999996960 0.000003040
KK:/rrc/r: 0.999506938 0.000489009 0.000004054
KQ:/cc/c: 0.036469353 0.963530647 0.000000000
KQ:/cc/crr: 0.000000000 0.500000000 0.500000000
KQ:/cc/r: 0.024312902 0.951374197 0.024312902
KQ:/crc/c: 0.000899076 0.999100924 0.000000000
KQ:/crc/crr: 0.000000000 0.994364340 0.005635660
KQ:/crc/r: 0.000020586 0.439130418 0.560848996
KQ:/crrc/c: 0.623284660 0.376715340 0.000000000
KQ:/crrc/crr: 0.000000000 0.393458139 0.606541861
KQ:/crrc/r: 0.001319640 0.771715414 0.226964946
KQ:/rc/c: 0.000007378 0.999992622 0.000000000
KQ:/rc/crr: 0.000000000 0.500000000 0.500000000
KQ:/rc/r: 0.000016493 0.295213814 0.704769693
KQ:/rrc/c: 0.480664752 0.519335248 0.000000000
KQ:/rrc/crr: 0.000000000 0.491003315 0.508996685
KQ:/rrc/r: 0.059558369 0.580739693 0.359701938
Q:/c: 0.850622631 0.149377369 0.000000000
Q:/crr: 0.000000000 0.999994122 0.000005878
Q:/r: 0.331664866 0.668297895 0.000037239
QJ:/cc/c: 0.000033472 0.999966528 0.000000000
QJ:/cc/crr: 0.000000000 0.500000000 0.500000000
QJ:/cc/r: 0.000022315 0.000022315 0.999955370
QJ:/crc/c: 0.392295389 0.607704611 0.000000000
QJ:/crc/crr: 0.000000000 0.000033468 0.999966532
QJ:/crc/r: 0.000003919 0.000003919 0.999992163
QJ:/crrc/c: 0.000002939 0.999997061 0.000000000
QJ:/crrc/crr: 0.000000000 0.500000000 0.500000000
QJ:/crrc/r: 0.000122559 0.000001959 0.999875482
QJ:/rc/c: 0.000089183 0.999910817 0.000000000
QJ:/rc/crr: 0.000000000 0.027963923 0.972036077
QJ:/rc/r: 0.012308782 0.000003325 0.987687893
QJ:/rrc/c: 0.000010050 0.999989950 0.000000000
QJ:/rrc/crr: 0.000000000 0.500000000 0.500000000
QJ:/rrc/r: 0.000031268 0.000006700 0.999962032
QK:/cc/c: 0.140554264 0.859445736 0.000000000
QK:/cc/crr: 0.000000000 0.999880928 0.000119072
QK:/cc/r: 0.000112677 0.728457059 0.271430264
QK:/crc/c: 0.325927964 0.674072036 0.000000000
QK:/crc/crr: 0.000000000 0.000383344 0.999616656
QK:/crc/r: 0.000027810 0.465011935 0.534960255
QK:/crrc/c: 0.005377595 0.994622405 0.000000000
QK:/crrc/crr: 0.000000000 0.018705599 0.981294401
QK:/crrc/r: 0.000040855 0.296916405 0.703042741
QK:/rc/c: 0.387600894 0.612399106 0.000000000
QK:/rc/crr: 0.000000000 0.004024865 0.995975135
QK:/rc/r: 0.000006392 0.328452165 0.671541443
QK:/rrc/c: 0.431551228 0.568448772 0.000000000
QK:/rrc/crr: 0.000000000 0.048925673 0.951074327
QK:/rrc/r: 0.000073277 0.504741832 0.495184891
QQ:/cc/c: 0.999966528 0.000033472 0.000000000
QQ:/cc/crr: 0.000000000 0.999983263 0.000016737
QQ:/cc/r: 0.994938908 0.005038777 0.000022315
QQ:/crc/c: 0.999994122 0.000005878 0.000000000
QQ:/crc/crr: 0.000000000 0.999997061 0.000002939
QQ:/crc/r: 0.999946744 0.000049337 0.000003919
QQ:/crrc/c: 0.999997061 0.000002939 0.000000000
QQ:/crrc/crr: 0.000000000 0.999998530 0.000001470
QQ:/crrc/r: 0.999978921 0.000019119 0.000001959
QQ:/rc/c: 0.999995012 0.000004988 0.000000000
QQ:/rc/crr: 0.000000000 0.999997506 0.000002494
QQ:/rc/r: 0.993026784 0.006969890 0.000003325
QQ:/rrc/c: 0.999989950 0.000010050 0.000000000
QQ:/rrc/crr: 0.000000000 0.999994975 0.000005025
QQ:/rrc/r: 0.999948327 0.000044972 0.000006700
