J:/: 0.078680288 0.921319712 0.000000000
J:/cr: 0.018302241 0.034993910 0.946703849
J:/rr: 0.000000000 0.999936452 0.000063548
JJ:/cc/: 0.000301877 0.999698123 0.000000000
JJ:/cc/cr: 0.999996381 0.000001810 0.000001810
JJ:/cc/rr: 0.000000000 0.991011258 0.008988742
JJ:/crc/: 0.969815391 0.030184609 0.000000000
JJ:/crc/cr: 0.998858255 0.000570872 0.000570872
JJ:/crc/rr: 0.000000000 0.999973348 0.000026652
JJ:/crrc/: 0.978351774 0.021648226 0.000000000
JJ:/crrc/cr: 0.996956169 0.001521916 0.001521916
JJ:/crrc/rr: 0.000000000 0.999949486 0.000050514
JJ:/rc/: 0.883547416 0.116452584 0.000000000
JJ:/rc/cr: 0.999636199 0.000181900 0.000181900
JJ:/rc/rr: 0.000000000 0.999964038 0.000035962
JJ:/rrc/: 0.997081505 0.002918495 0.000000000
JJ:/rrc/cr: 0.992741424 0.003629288 0.003629288
JJ:/rrc/rr: 0.000000000 0.999984065 0.000015935
JK:/cc/: 0.079919381 0.920080619 0.000000000
JK:/cc/cr: 0.000003226 0.000001966 0.999994808
JK:/cc/rr: 0.000000000 0.000033953 0.999966047
JK:/crc/: 0.068870280 0.931129720 0.000000000
JK:/crc/cr: 0.057481799 0.000018506 0.942499695
JK:/crc/rr: 0.000000000 0.000375305 0.999624695
JK:/crrc/: 0.999901160 0.000098840 0.000000000
JK:/crrc/cr: 0.333333333 0.333333333 0.333333333
JK:/crrc/rr: 0.000000000 0.000049425 0.999950575
JK:/rc/: 0.988765922 0.011234078 0.000000000
JK:/rc/cr: 0.939357951 0.001885582 0.058756467
JK:/rc/rr: 0.000000000 0.000032135 0.999967865
JK:/rrc/: 0.521967762 0.478032238 0.000000000
JK:/rrc/cr: 0.817108197 0.000022158 0.182869646
JK:/rrc/rr: 0.000000000 0.000030439 0.999969561
JQ:/cc/: 0.172513095 0.827486905 0.000000000
JQ:/cc/cr: 0.000004497 0.000002186 0.999993317
JQ:/cc/rr: 0.000000000 0.000015729 0.999984271
JQ:/crc/: 0.996422320 0.003577680 0.000000000
JQ:/crc/cr: 0.004816407 0.004816407 0.990367185
JQ:/crc/rr: 0.000000000 0.000025940 0.999974060
JQ:/crrc/: 0.054661969 0.945338031 0.000000000
JQ:/crrc/cr: 0.161748410 0.000034852 0.838216738
JQ:/crrc/rr: 0.000000000 0.000904105 0.999095895
JQ:/rc/: 0.995823006 0.004176994 0.000000000
JQ:/rc/cr: 0.005071296 0.005071296 0.989857407
JQ:/rc/rr: 0.000000000 0.000031907 0.999968093
JQ:/rrc/: 0.106016250 0.893983750 0.000000000
JQ:/rrc/cr: 0.000561801 0.000011848 0.999426351
JQ:/rrc/rr: 0.000000000 0.000149865 0.999850135
K:/: 0.755581723 0.244418277 0.000000000
K:/cr: 0.682135932 0.317850430 0.000013638
K:/rr: 0.000000000 0.999993383 0.000006617
KJ:/cc/: 0.000052706 0.999947294 0.000000000
KJ:/cc/cr: 0.000049140 0.000009702 0.999941157
KJ:/cc/rr: 0.000000000 0.805934337 0.194065663
KJ:/crc/: 0.000048946 0.999951054 0.000000000
KJ:/crc/cr: 0.000182936 0.999809912 0.000007151
KJ:/crc/rr: 0.000000000 0.780850409 0.219149591
KJ:/crrc/: 0.071590084 0.928409916 0.000000000
KJ:/crrc/cr: 0.001889002 0.994458244 0.003652754
KJ:/crrc/rr: 0.000000000 0.398072562 0.601927438
KJ:/rc/: 0.077474188 0.922525812 0.000000000
KJ:/rc/cr: 0.009405695 0.960716761 0.029877544
KJ:/rc/rr: 0.000000000 0.403858104 0.596141896
KJ:/rrc/: 0.086421464 0.913578536 0.000000000
KJ:/rrc/cr: 0.002922036 0.996413702 0.000664261
KJ:/rrc/rr: 0.000000000 0.497338781 0.502661219
KK:/cc/: 0.999482032 0.000517968 0.000000000
KK:/cc/cr: 0.973670527 0.013164736 0.013164736
KK:/cc/rr: 0.000000000 0.999989766 0.000010234
KK:/crc/: 0.190303662 0.809696338 0.000000000
KK:/crc/cr: 0.999982336 0.000008832 0.000008832
KK:/crc/rr: 0.000000000 0.999943634 0.000056366
KK:/crrc/: 0.994111265 0.005888735 0.000000000
KK:/crrc/cr: 0.998868301 0.000565849 0.000565849
KK:/crrc/rr: 0.000000000 0.999994972 0.000005028
KK:/rc/: 0.855593472 0.144406528 0.000000000
KK:/rc/cr: 0.999969450 0.000015275 0.000015275
KK:/rc/rr: 0.000000000 0.999996133 0.000003867
KK:/rrc/: 0.533852277 0.466147723 0.000000000
KK:/rrc/cr: 0.999995268 0.000002366 0.000002366
KK:/rrc/rr: 0.000000000 0.999996901 0.000003099
KQ:/cc/: 0.000057923 0.999942077 0.000000000
KQ:/cc/cr: 0.000044228 0.453535996 0.546419776
KQ:/cc/rr: 0.000000000 0.823415031 0.176584969
KQ:/crc/: 0.873122412 0.126877588 0.000000000
KQ:/crc/cr: 0.000306350 0.572983460 0.426710190
KQ:/crc/rr: 0.000000000 0.000039850 0.999960150
KQ:/crrc/: 0.005401659 0.994598341 0.000000000
KQ:/crrc/cr: 0.008306758 0.724843036 0.266850206
KQ:/crrc/rr: 0.000000000 0.198437538 0.801562462
KQ:/rc/: 0.000029949 0.999970051 0.000000000
KQ:/rc/cr: 0.000026539 0.492811285 0.507162176
KQ:/rc/rr: 0.000000000 0.889521136 0.110478864
KQ:/rrc/: 0.707875542 0.292124458 0.000000000
KQ:/rrc/cr: 0.037282808 0.831458909 0.131258283
KQ:/rrc/rr: 0.000000000 0.403778323 0.596221677
Q:/: 0.743950111 0.256049889 0.000000000
Q:/cr: 0.152431522 0.846805287 0.000763191
Q:/rr: 0.000000000 0.999993279 0.000006721
QJ:/cc/: 0.000019527 0.999980473 0.000000000
QJ:/cc/cr: 0.000006509 0.000006509 0.999986981
QJ:/cc/rr: 0.000000000 0.500000000 0.500000000
QJ:/crc/: 0.028604084 0.971395916 0.000000000
QJ:/crc/cr: 0.000800287 0.000002638 0.999197075
QJ:/crc/rr: 0.000000000 0.000134364 0.999865636
QJ:/crrc/: 0.006006518 0.993993482 0.000000000
QJ:/crrc/cr: 0.000048886 0.000014320 0.999936794
QJ:/crrc/rr: 0.000000000 0.003554648 0.996445352
QJ:/rc/: 0.007670837 0.992329163 0.000000000
QJ:/rc/cr: 0.000002258 0.000002258 0.999995485
QJ:/rc/rr: 0.000000000 0.000438080 0.999561920
QJ:/rrc/: 0.000003360 0.999996640 0.000000000
QJ:/rrc/cr: 0.000001120 0.000001120 0.999997760
QJ:/rrc/rr: 0.000000000 0.500000000 0.500000000
QK:/cc/: 0.494173373 0.505826627 0.000000000
QK:/cc/cr: 0.045147200 0.954818794 0.000034007
QK:/cc/rr: 0.000000000 0.999980242 0.000019758
QK:/crc/: 0.017874912 0.982125088 0.000000000
QK:/crc/cr: 0.000002609 0.552213214 0.447784177
QK:/crc/rr: 0.000000000 0.000215014 0.999784986
QK:/crrc/: 0.955744721 0.044255279 0.000000000
QK:/crrc/cr: 0.000696607 0.601653355 0.397650038
QK:/crrc/rr: 0.000000000 0.000614441 0.999385559
QK:/rc/: 0.459039187 0.540960813 0.000000000
QK:/rc/cr: 0.032450904 0.513729241 0.453819855
QK:/rc/rr: 0.000000000 0.195928534 0.804071466
QK:/rrc/: 0.126334353 0.873665647 0.000000000
QK:/rrc/cr: 0.000001282 0.301792928 0.698205790
QK:/rrc/rr: 0.000000000 0.000508376 0.999491624
QQ:/cc/: 0.508725612 0.491274388 0.000000000
QQ:/cc/cr: 0.999973501 0.000013250 0.000013250
QQ:/cc/rr: 0.000000000 0.999980807 0.000019193
QQ:/crc/: 0.980384080 0.019615920 0.000000000
QQ:/crc/cr: 0.999738759 0.000130620 0.000130620
QQ:/crc/rr: 0.000000000 0.999996080 0.000003920
QQ:/crrc/: 0.146263665 0.853736335 0.000000000
QQ:/crrc/cr: 0.999966655 0.000016673 0.000016673
QQ:/crrc/rr: 0.000000000 0.999854024 0.000145976
QQ:/rc/: 0.528466573 0.471533427 0.000000000
QQ:/rc/cr: 0.999990165 0.000005084 0.000004751
QQ:/rc/rr: 0.000000000 0.999993641 0.000006359
QQ:/rrc/: 0.975966798 0.024033202 0.000000000
QQ:/rrc/cr: 0.999906783 0.000046609 0.000046609
QQ:/rrc/rr: 0.000000000 0.999998278 0.000001722
