J:/: 0.075455036 0.924544964 0.000000000
J:/cr: 0.018648113 0.033845579 0.947506308
J:/rr: 0.000000000 0.999933735 0.000066265
JJ:/cc/: 0.000302935 0.999697065 0.000000000
JJ:/cc/cr: 0.999996394 0.000001803 0.000001803
JJ:/cc/rr: 0.000000000 0.991073888 0.008926112
JJ:/crc/: 0.982576716 0.017423284 0.000000000
JJ:/crc/cr: 0.997962031 0.001018984 0.001018984
JJ:/crc/rr: 0.000000000 0.999972897 0.000027103
JJ:/crrc/: 0.957592124 0.042407876 0.000000000
JJ:/crrc/cr: 0.998480334 0.000759833 0.000759833
JJ:/crrc/rr: 0.000000000 0.999949525 0.000050475
JJ:/rc/: 0.929477624 0.070522376 0.000000000
JJ:/rc/cr: 0.999373583 0.000313209 0.000313209
JJ:/rc/rr: 0.000000000 0.999964354 0.000035646
JJ:/rrc/: 0.999419719 0.000580281 0.000000000
JJ:/rrc/cr: 0.961932821 0.019033590 0.019033590
JJ:/rrc/rr: 0.000000000 0.999983423 0.000016577
JK:/cc/: 0.076134159 0.923865841 0.000000000
JK:/cc/cr: 0.000072058 0.000001951 0.999925991
JK:/cc/rr: 0.000000000 0.000035517 0.999964483
JK:/crc/: 0.054818862 0.945181138 0.000000000
JK:/crc/cr: 0.011620963 0.000018784 0.988360253
JK:/crc/rr: 0.000000000 0.000485801 0.999514199
JK:/crrc/: 0.999903331 0.000096669 0.000000000
JK:/crrc/cr: 0.333333333 0.333333333 0.333333333
JK:/crrc/rr: 0.000000000 0.000048339 0.999951661
JK:/rc/: 0.997629251 0.002370749 0.000000000
JK:/rc/cr: 0.800945094 0.009316975 0.189737931
JK:/rc/rr: 0.000000000 0.000033211 0.999966789
JK:/rrc/: 0.539189297 0.460810703 0.000000000
JK:/rrc/cr: 0.902980045 0.000023968 0.096995987
JK:/rrc/rr: 0.000000000 0.000030726 0.999969274
JQ:/cc/: 0.173047108 0.826952892 0.000000000
JQ:/cc/cr: 0.000004995 0.000002180 0.999992825
JQ:/cc/rr: 0.000000000 0.000015626 0.999984374
JQ:/crc/: 0.991658649 0.008341351 0.000000000
JQ:/crc/cr: 0.340101841 0.002128439 0.657769720
JQ:/crc/rr: 0.000000000 0.000026855 0.999973145
JQ:/crrc/: 0.012515009 0.987484991 0.000000000
JQ:/crrc/cr: 0.109350994 0.000032631 0.890616375
JQ:/crrc/rr: 0.000000000 0.003862110 0.996137890
JQ:/rc/: 0.996811656 0.003188344 0.000000000
JQ:/rc/cr: 0.006927800 0.006927800 0.986144400
JQ:/rc/rr: 0.000000000 0.000033238 0.999966762
JQ:/rrc/: 0.130180300 0.869819700 0.000000000
JQ:/rrc/cr: 0.001362782 0.000012698 0.998624520
JQ:/rrc/rr: 0.000000000 0.000127264 0.999872736
K:/: 0.753708298 0.246291702 0.000000000
K:/cr: 0.697903897 0.302082569 0.000013534
K:/rr: 0.000000000 0.999993366 0.000006634
KJ:/cc/: 0.000045519 0.999954481 0.000000000
KJ:/cc/cr: 0.000050616 0.000012412 0.999936973
KJ:/cc/rr: 0.000000000 0.777004576 0.222995424
KJ:/crc/: 0.000051493 0.999948507 0.000000000
KJ:/crc/cr: 0.000130131 0.999862402 0.000007467
KJ:/crc/rr: 0.000000000 0.782482302 0.217517698
KJ:/crrc/: 0.067637346 0.932362654 0.000000000
KJ:/crrc/cr: 0.002708856 0.990804017 0.006487127
KJ:/crrc/rr: 0.000000000 0.426474623 0.573525377
KJ:/rc/: 0.075311856 0.924688144 0.000000000
KJ:/rc/cr: 0.005061377 0.974738714 0.020199908
KJ:/rc/rr: 0.000000000 0.387703818 0.612296182
KJ:/rrc/: 0.092619771 0.907380229 0.000000000
KJ:/rrc/cr: 0.000154161 0.999844620 0.000001219
KJ:/rrc/rr: 0.000000000 0.519901323 0.480098677
KK:/cc/: 0.999453713 0.000546287 0.000000000
KK:/cc/cr: 0.975225305 0.012387348 0.012387348
KK:/cc/rr: 0.000000000 0.999989844 0.000010156
KK:/crc/: 0.134761626 0.865238374 0.000000000
KK:/crc/cr: 0.999982740 0.000008630 0.000008630
KK:/crc/rr: 0.000000000 0.999916885 0.000083115
KK:/crrc/: 0.997359535 0.002640465 0.000000000
KK:/crrc/cr: 0.997551886 0.001224057 0.001224057
KK:/crrc/rr: 0.000000000 0.999995139 0.000004861
KK:/rc/: 0.830684354 0.169315646 0.000000000
KK:/rc/cr: 0.999973880 0.000013060 0.000013060
KK:/rc/rr: 0.000000000 0.999996007 0.000003993
KK:/rrc/: 0.522703524 0.477296476 0.000000000
KK:/rrc/cr: 0.999995367 0.000002316 0.000002316
KK:/rrc/rr: 0.000000000 0.999996827 0.000003173
KQ:/cc/: 0.000119011 0.999880989 0.000000000
KQ:/cc/cr: 0.000043707 0.447396484 0.552559808
KQ:/cc/rr: 0.000000000 0.914709241 0.085290759
KQ:/crc/: 0.872316492 0.127683508 0.000000000
KQ:/crc/cr: 0.000347939 0.511047093 0.488604968
KQ:/crc/rr: 0.000000000 0.000038828 0.999961172
KQ:/crrc/: 0.016815781 0.983184219 0.000000000
KQ:/crrc/cr: 0.024038153 0.688102869 0.287858978
KQ:/crrc/rr: 0.000000000 0.280618678 0.719381322
KQ:/rc/: 0.000260715 0.999739285 0.000000000
KQ:/rc/cr: 0.000006451 0.489820033 0.510173517
KQ:/rc/rr: 0.000000000 0.298016073 0.701983927
KQ:/rrc/: 0.704325443 0.295674557 0.000000000
KQ:/rrc/cr: 0.036467075 0.837659878 0.125873047
KQ:/rrc/rr: 0.000000000 0.387883088 0.612116912
Q:/: 0.752079834 0.247920166 0.000000000
Q:/cr: 0.169058623 0.829652497 0.001288880
Q:/rr: 0.000000000 0.999993352 0.000006648
QJ:/cc/: 0.000020168 0.999979832 0.000000000
QJ:/cc/cr: 0.000008541 0.000006723 0.999984737
QJ:/cc/rr: 0.000000000 0.500000000 0.500000000
QJ:/crc/: 0.028955572 0.971044428 0.000000000
QJ:/crc/cr: 0.000826107 0.000002782 0.999171111
QJ:/crc/rr: 0.000000000 0.000139920 0.999860080
QJ:/crrc/: 0.004445439 0.995554561 0.000000000
QJ:/crrc/cr: 0.000255736 0.000013314 0.999730950
QJ:/crrc/rr: 0.000000000 0.004472547 0.995527453
QJ:/rc/: 0.010107457 0.989892543 0.000000000
QJ:/rc/cr: 0.000002239 0.000002239 0.999995523
QJ:/rc/rr: 0.000000000 0.000328878 0.999671122
QJ:/rrc/: 0.000003324 0.999996676 0.000000000
QJ:/rrc/cr: 0.000001108 0.000001108 0.999997784
QJ:/rrc/rr: 0.000000000 0.500000000 0.500000000
QK:/cc/: 0.480476202 0.519523798 0.000000000
QK:/cc/cr: 0.001710313 0.998235101 0.000054586
QK:/cc/rr: 0.000000000 0.070804576 0.929195424
QK:/crc/: 0.007639051 0.992360949 0.000000000
QK:/crc/cr: 0.000002722 0.565202802 0.434794476
QK:/crc/rr: 0.000000000 0.000530361 0.999469639
QK:/crrc/: 0.939038157 0.060961843 0.000000000
QK:/crrc/cr: 0.000558115 0.878459834 0.120982051
QK:/crrc/rr: 0.000000000 0.000608858 0.999391142
QK:/rc/: 0.438389509 0.561610491 0.000000000
QK:/rc/cr: 0.025695990 0.513901912 0.460402098
QK:/rc/rr: 0.000000000 0.199052610 0.800947390
QK:/rrc/: 0.110626040 0.889373960 0.000000000
QK:/rrc/cr: 0.000001246 0.306912153 0.693086601
QK:/rrc/rr: 0.000000000 0.000468891 0.999531109
QQ:/cc/: 0.512677043 0.487322957 0.000000000
QQ:/cc/cr: 0.999972410 0.000013795 0.000013795
QQ:/cc/rr: 0.000000000 0.999980331 0.000019669
QQ:/crc/: 0.988759044 0.011240956 0.000000000
QQ:/crc/cr: 0.999519442 0.000240279 0.000240279
QQ:/crc/rr: 0.000000000 0.999995902 0.000004098
QQ:/crrc/: 0.121629094 0.878370906 0.000000000
QQ:/crrc/cr: 0.999969819 0.000015090 0.000015090
QQ:/crrc/rr: 0.000000000 0.999836532 0.000163468
QQ:/rc/: 0.499705258 0.500294742 0.000000000
QQ:/rc/cr: 0.999989867 0.000005704 0.000004430
QQ:/rc/rr: 0.000000000 0.999993348 0.000006652
QQ:/rrc/: 0.975385166 0.024614834 0.000000000
QQ:/rrc/cr: 0.999909969 0.000045015 0.000045015
QQ:/rrc/rr: 0.000000000 0.999998296 0.000001704
