J:/c: 0.304795918 0.695204082 0.000000000
J:/crr: 0.000000000 0.999983596 0.000016404
J:/r: 0.051942618 0.131977434 0.816079949
JJ:/cc/c: 0.999992808 0.000007192 0.000000000
JJ:/cc/crr: 0.000000000 0.999996404 0.000003596
JJ:/cc/r: 0.999990410 0.000004795 0.000004795
JJ:/crc/c: 0.999983596 0.000016404 0.000000000
JJ:/crc/crr: 0.000000000 0.999991798 0.000008202
JJ:/crc/r: 0.999935554 0.000053510 0.000010936
JJ:/crrc/c: 0.999991798 0.000008202 0.000000000
JJ:/crrc/crr: 0.000000000 0.999995899 0.000004101
JJ:/crrc/r: 0.999952876 0.000041656 0.000005468
JJ:/rc/c: 0.999974743 0.000025257 0.000000000
JJ:/rc/crr: 0.000000000 0.999987371 0.000012629
JJ:/rc/r: 0.999966324 0.000016838 0.000016838
JJ:/rrc/c: 0.999935827 0.000064173 0.000000000
JJ:/rrc/crr: 0.000000000 0.999967911 0.000032089
JJ:/rrc/r: 0.999914435 0.000042782 0.000042782
JK:/cc/c: 0.000007192 0.999992808 0.000000000
JK:/cc/crr: 0.000000000 0.500000000 0.500000000
JK:/cc/r: 0.000004795 0.000004795 0.999990410
JK:/crc/c: 0.511003909 0.488996091 0.000000000
JK:/crc/crr: 0.000000000 0.000016051 0.999983949
JK:/crc/r: 0.000100986 0.000010936 0.999888077
JK:/crrc/c: 0.999133822 0.000866178 0.000000000
JK:/crrc/crr: 0.000000000 0.000004105 0.999995895
JK:/crrc/r: 0.246370990 0.000005468 0.753623542
JK:/rc/c: 0.366413739 0.633586261 0.000000000
JK:/rc/crr: 0.000000000 0.000034465 0.999965535
JK:/rc/r: 0.358350498 0.000016838 0.641632664
JK:/rrc/c: 0.999935827 0.000064173 0.000000000
JK:/rrc/crr: 0.000000000 0.000032089 0.999967911
JK:/rrc/r: 0.386281273 0.000042782 0.613675945
JQ:/cc/c: 0.065497699 0.934502301 0.000000000
JQ:/cc/crr: 0.000000000 0.000054904 0.999945096
JQ:/cc/r: 0.044701473 0.000004795 0.955293732
JQ:/crc/c: 0.650590908 0.349409092 0.000000000
JQ:/crc/crr: 0.000000000 0.000012607 0.999987393
JQ:/crc/r: 0.000049530 0.000010936 0.999939533
JQ:/crrc/c: 0.003072633 0.996927367 0.000000000
JQ:/crrc/crr: 0.000000000 0.001334742 0.998665258
JQ:/crrc/r: 0.277385474 0.000005468 0.722609058
JQ:/rc/c: 0.999631681 0.000368319 0.000000000
JQ:/rc/crr: 0.000000000 0.000012633 0.999987367
JQ:/rc/r: 0.000016838 0.000016838 0.999966324
JQ:/rrc/c: 0.486934874 0.513065126 0.000000000
JQ:/rrc/crr: 0.000000000 0.000065895 0.999934105
JQ:/rrc/r: 0.609089494 0.000042782 0.390867724
K:/c: 0.999990000 0.000010000 0.000000000
K:/crr: 0.000000000 0.999995000 0.000005000
K:/r: 0.576775102 0.423218232 0.000006667
KJ:/cc/c: 0.500000000 0.500000000 0.000000000
KJ:/cc/crr: 0.000000000 0.500000000 0.500000000
KJ:/cc/r: 0.333333333 0.333333333 0.333333333
KJ:/crc/c: 0.058278959 0.941721041 0.000000000
KJ:/crc/crr: 0.000000000 0.999957102 0.000042898
KJ:/crc/r: 0.000003333 0.717350374 0.282646293
KJ:/crrc/c: 0.405262916 0.594737084 0.000000000
KJ:/crrc/crr: 0.000000000 0.999996916 0.000003084
KJ:/crrc/r: 0.000139775 0.890678084 0.109182140
KJ:/rc/c: 0.410202188 0.589797812 0.000000000
KJ:/rc/crr: 0.000000000 0.999990400 0.000009600
KJ:/rc/r: 0.000013294 0.999972680 0.000014026
KJ:/rrc/c: 0.069532693 0.930467307 0.000000000
KJ:/rrc/crr: 0.000000000 0.999958442 0.000041558
KJ:/rrc/r: 0.000032522 0.999963625 0.000003853
KK:/cc/c: 0.500000000 0.500000000 0.000000000
KK:/cc/crr: 0.000000000 0.500000000 0.500000000
KK:/cc/r: 0.333333333 0.333333333 0.333333333
KK:/crc/c: 0.999995000 0.000005000 0.000000000
KK:/crc/crr: 0.000000000 0.999997500 0.000002500
KK:/crc/r: 0.992430303 0.007566363 0.000003333
KK:/crrc/c: 0.999997500 0.000002500 0.000000000
KK:/crrc/crr: 0.000000000 0.999998750 0.000001250
KK:/crrc/r: 0.999532686 0.000465647 0.000001667
KK:/rc/c: 0.999992124 0.000007876 0.000000000
KK:/rc/crr: 0.000000000 0.999996062 0.000003938
KK:/rc/r: 0.999967231 0.000027519 0.000005251
KK:/rrc/c: 0.999994221 0.000005779 0.000000000
KK:/rrc/crr: 0.000000000 0.999997110 0.000002890
KK:/rrc/r: 0.997659498 0.002336649 0.000003853
KQ:/cc/c: 0.500000000 0.500000000 0.000000000
KQ:/cc/crr: 0.000000000 0.500000000 0.500000000
KQ:/cc/r: 0.333333333 0.333333333 0.333333333
KQ:/crc/c: 0.000005000 0.999995000 0.000000000
KQ:/crc/crr: 0.000000000 0.500000000 0.500000000
KQ:/crc/r: 0.000005416 0.413882817 0.586111767
KQ:/crrc/c: 0.683453596 0.316546404 0.000000000
KQ:/crrc/crr: 0.000000000 0.442209707 0.557790293
KQ:/crrc/r: 0.000026770 0.616876757 0.383096473
KQ:/rc/c: 0.000007876 0.999992124 0.000000000
KQ:/rc/crr: 0.000000000 0.500000000 0.500000000
KQ:/rc/r: 0.000005251 0.331303761 0.668690989
KQ:/rrc/c: 0.225101440 0.774898560 0.000000000
KQ:/rrc/crr: 0.000000000 0.204143967 0.795856033
KQ:/rrc/r: 0.000166212 0.630324575 0.369509213
Q:/c: 0.859084761 0.140915239 0.000000000
Q:/crr: 0.000000000 0.999994180 0.000005820
Q:/r: 0.344524350 0.655425362 0.000050288
QJ:/cc/c: 0.000035482 0.999964518 0.000000000
QJ:/cc/crr: 0.000000000 0.500000000 0.500000000
QJ:/cc/r: 0.000023655 0.000023655 0.999952690
QJ:/crc/c: 0.389042939 0.610957061 0.000000000
QJ:/crc/crr: 0.000000000 0.000046066 0.999953934
QJ:/crc/r: 0.000003880 0.000003880 0.999992240
QJ:/crrc/c: 0.000002910 0.999997090 0.000000000
QJ:/crrc/crr: 0.000000000 0.500000000 0.500000000
QJ:/crrc/r: 0.000001979 0.000001940 0.999996081
QJ:/rc/c: 0.000005086 0.999994914 0.000000000
QJ:/rc/crr: 0.000000000 0.500000000 0.500000000
QJ:/rc/r: 0.000003391 0.000003391 0.999993219
QJ:/rrc/c: 0.000030072 0.999969928 0.000000000
QJ:/rrc/crr: 0.000000000 0.160865688 0.839134312
QJ:/rrc/r: 0.000006450 0.000006450 0.999987100
QK:/cc/c: 0.001350892 0.998649108 0.000000000
QK:/cc/crr: 0.000000000 0.986867074 0.013132926
QK:/cc/r: 0.000023655 0.766378720 0.233597626
QK:/crc/c: 0.350645287 0.649354713 0.000000000
QK:/crc/crr: 0.000000000 0.000008299 0.999991701
QK:/crc/r: 0.000022329 0.523873547 0.476104123
QK:/crrc/c: 0.000233476 0.999766524 0.000000000
QK:/crrc/crr: 0.000000000 0.624127903 0.375872097
QK:/crrc/r: 0.000012231 0.275734844 0.724252925
QK:/rc/c: 0.369196648 0.630803352 0.000000000
QK:/rc/crr: 0.000000000 0.000354407 0.999645593
QK:/rc/r: 0.000003391 0.323998541 0.675998068
QK:/rrc/c: 0.435591726 0.564408274 0.000000000
QK:/rrc/crr: 0.000000000 0.000197501 0.999802499
QK:/rrc/r: 0.000006450 0.466889423 0.533104127
QQ:/cc/c: 0.999964518 0.000035482 0.000000000
QQ:/cc/crr: 0.000000000 0.999982258 0.000017742
QQ:/cc/r: 0.999935889 0.000040456 0.000023655
QQ:/crc/c: 0.999994180 0.000005820 0.000000000
QQ:/crc/crr: 0.000000000 0.999997090 0.000002910
QQ:/crc/r: 0.993507389 0.006488731 0.000003880
QQ:/crrc/c: 0.999997090 0.000002910 0.000000000
QQ:/crrc/crr: 0.000000000 0.999998545 0.000001455
QQ:/crrc/r: 0.999931794 0.000066266 0.000001940
QQ:/rc/c: 0.999994914 0.000005086 0.000000000
QQ:/rc/crr: 0.000000000 0.999997457 0.000002543
QQ:/rc/r: 0.999991318 0.000005292 0.000003391
QQ:/rrc/c: 0.999990325 0.000009675 0.000000000
QQ:/rrc/crr: 0.000000000 0.999995162 0.000004838
QQ:/rrc/r: 0.999986772 0.000006778 0.000006450
