J:/c: 0.295090694 0.704909306 0.000000000
J:/crr: 0.000000000 0.999983056 0.000016944
J:/r: 0.054522266 0.127468844 0.818008890
JJ:/cc/c: 0.999992907 0.000007093 0.000000000
JJ:/cc/crr: 0.000000000 0.999996453 0.000003547
JJ:/cc/r: 0.999982771 0.000012500 0.000004729
JJ:/crc/c: 0.999983056 0.000016944 0.000000000
JJ:/crc/crr: 0.000000000 0.999991528 0.000008472
JJ:/crc/r: 0.999977408 0.000011296 0.000011296
JJ:/crrc/c: 0.999991528 0.000008472 0.000000000
JJ:/crrc/crr: 0.000000000 0.999995764 0.000004236
JJ:/crrc/r: 0.999988704 0.000005648 0.000005648
JJ:/rc/c: 0.999973850 0.000026150 0.000000000
JJ:/rc/crr: 0.000000000 0.999986925 0.000013075
JJ:/rc/r: 0.999962010 0.000020557 0.000017433
JJ:/rrc/c: 0.999938863 0.000061137 0.000000000
JJ:/rrc/crr: 0.000000000 0.999969430 0.000030570
JJ:/rrc/r: 0.999753431 0.000205811 0.000040758
JK:/cc/c: 0.005057090 0.994942910 0.000000000
JK:/cc/crr: 0.000000000 0.000701304 0.999298696
JK:/cc/r: 0.000008212 0.000004729 0.999987059
JK:/crc/c: 0.517178315 0.482821685 0.000000000
JK:/crc/crr: 0.000000000 0.000016381 0.999983619
JK:/crc/r: 0.079480328 0.000011296 0.920508376
JK:/crrc/c: 0.674326300 0.325673700 0.000000000
JK:/crrc/crr: 0.000000000 0.000006282 0.999993718
JK:/crrc/r: 0.192385459 0.000005648 0.807608893
JK:/rc/c: 0.380183462 0.619816538 0.000000000
JK:/rc/crr: 0.000000000 0.000034392 0.999965608
JK:/rc/r: 0.355282550 0.000017433 0.644700017
JK:/rrc/c: 0.999797033 0.000202967 0.000000000
JK:/rrc/crr: 0.000000000 0.000030575 0.999969425
JK:/rrc/r: 0.299617572 0.000040758 0.700341670
JQ:/cc/c: 0.068122119 0.931877881 0.000000000
JQ:/cc/crr: 0.000000000 0.000052062 0.999947938
JQ:/cc/r: 0.034701564 0.000004729 0.965293708
JQ:/crc/c: 0.423971823 0.576028177 0.000000000
JQ:/crc/crr: 0.000000000 0.000019982 0.999980018
JQ:/crc/r: 0.112328052 0.000011296 0.887660652
JQ:/crrc/c: 0.052648911 0.947351089 0.000000000
JQ:/crrc/crr: 0.000000000 0.000080459 0.999919541
JQ:/crrc/r: 0.228195099 0.000005648 0.771799253
JQ:/rc/c: 0.993978177 0.006021823 0.000000000
JQ:/rc/crr: 0.000000000 0.000013154 0.999986846
JQ:/rc/r: 0.000020906 0.000017433 0.999961661
JQ:/rrc/c: 0.006880357 0.993119643 0.000000000
JQ:/rrc/crr: 0.000000000 0.004442873 0.995557127
JQ:/rrc/r: 0.420084894 0.000040758 0.579874348
K:/c: 0.999884661 0.000115339 0.000000000
K:/crr: 0.000000000 0.999994999 0.000005001
K:/r: 0.578716696 0.421276637 0.000006667
KJ:/cc/c: 0.124415625 0.875584375 0.000000000
KJ:/cc/crr: 0.000000000 0.825784336 0.174215664
KJ:/cc/r: 0.142688292 0.058658702 0.798653005
KJ:/crc/c: 0.113281873 0.886718127 0.000000000
KJ:/crc/crr: 0.000000000 0.999977929 0.000022071
KJ:/crc/r: 0.000143453 0.760031667 0.239824881
KJ:/crrc/c: 0.373544459 0.626455541 0.000000000
KJ:/crrc/crr: 0.000000000 0.999996653 0.000003347
KJ:/crrc/r: 0.045230694 0.827081635 0.127687671
KJ:/rc/c: 0.447317423 0.552682577 0.000000000
KJ:/rc/crr: 0.000000000 0.737320639 0.262679361
KJ:/rc/r: 0.025176299 0.745431180 0.229392521
KJ:/rrc/c: 0.428795858 0.571204142 0.000000000
KJ:/rrc/crr: 0.000000000 0.999993284 0.000006716
KJ:/rrc/r: 0.043338450 0.886391703 0.070269847
KK:/cc/c: 0.956649699 0.043350301 0.000000000
KK:/cc/crr: 0.000000000 0.977342646 0.022657354
KK:/cc/r: 0.896762088 0.074337711 0.028900201
KK:/crc/c: 0.999994999 0.000005001 0.000000000
KK:/crc/crr: 0.000000000 0.999997500 0.000002500
KK:/crc/r: 0.800169338 0.199827328 0.000003334
KK:/crrc/c: 0.999997500 0.000002500 0.000000000
KK:/crrc/crr: 0.000000000 0.999998750 0.000001250
KK:/crrc/r: 0.999996666 0.000001667 0.000001667
KK:/rc/c: 0.999992088 0.000007912 0.000000000
KK:/rc/crr: 0.000000000 0.999996044 0.000003956
KK:/rc/r: 0.999979933 0.000014792 0.000005275
KK:/rrc/c: 0.999994240 0.000005760 0.000000000
KK:/rrc/crr: 0.000000000 0.999997120 0.000002880
KK:/rrc/r: 0.999976173 0.000019987 0.000003840
KQ:/cc/c: 0.222539050 0.777460950 0.000000000
KQ:/cc/crr: 0.000000000 0.902600687 0.097399313
KQ:/cc/r: 0.141888924 0.812800312 0.045310765
KQ:/crc/c: 0.274755749 0.725244251 0.000000000
KQ:/crc/crr: 0.000000000 0.018244595 0.981755405
KQ:/crc/r: 0.000062563 0.429282924 0.570654514
KQ:/crrc/c: 0.592961197 0.407038803 0.000000000
KQ:/crrc/crr: 0.000000000 0.387671466 0.612328534
KQ:/crrc/r: 0.000657671 0.668336629 0.331005700
KQ:/rc/c: 0.005304820 0.994695180 0.000000000
KQ:/rc/crr: 0.000000000 0.011692227 0.988307773
KQ:/rc/r: 0.000024173 0.309136756 0.690839071
KQ:/rrc/c: 0.506897103 0.493102897 0.000000000
KQ:/rrc/crr: 0.000000000 0.508434787 0.491565213
KQ:/rrc/r: 0.087544929 0.533097974 0.379357097
Q:/c: 0.849486372 0.150513628 0.000000000
Q:/crr: 0.000000000 0.999994114 0.000005886
Q:/r: 0.365490768 0.634488917 0.000020314
QJ:/cc/c: 0.000344282 0.999655718 0.000000000
QJ:/cc/crr: 0.000000000 0.048244689 0.951755311
QJ:/cc/r: 0.000039322 0.000022146 0.999938532
QJ:/crc/c: 0.461802234 0.538197766 0.000000000
QJ:/crc/crr: 0.000000000 0.000794316 0.999205684
QJ:/crc/r: 0.000185954 0.000003924 0.999810122
QJ:/crrc/c: 0.000002943 0.999997057 0.000000000
QJ:/crrc/crr: 0.000000000 0.500000000 0.500000000
QJ:/crrc/r: 0.019735402 0.000001962 0.980262636
QJ:/rc/c: 0.000137659 0.999862341 0.000000000
QJ:/rc/crr: 0.000000000 0.019081885 0.980918115
QJ:/rc/r: 0.020636789 0.000003502 0.979359708
QJ:/rrc/c: 0.000225940 0.999774060 0.000000000
QJ:/rrc/crr: 0.000000000 0.020182655 0.979817345
QJ:/rrc/r: 0.000081966 0.000006080 0.999911954
QK:/cc/c: 0.016239196 0.983760804 0.000000000
QK:/cc/crr: 0.000000000 0.998977179 0.001022821
QK:/cc/r: 0.000116686 0.737628637 0.262254677
QK:/crc/c: 0.371111282 0.628888718 0.000000000
QK:/crc/crr: 0.000000000 0.009896023 0.990103977
QK:/crc/r: 0.001519738 0.495934366 0.502545896
QK:/crrc/c: 0.065693369 0.934306631 0.000000000
QK:/crrc/crr: 0.000000000 0.009377296 0.990622704
QK:/crrc/r: 0.000076306 0.290878384 0.709045310
QK:/rc/c: 0.379036617 0.620963383 0.000000000
QK:/rc/crr: 0.000000000 0.009526795 0.990473205
QK:/rc/r: 0.000006778 0.321022495 0.678970727
QK:/rrc/c: 0.432525328 0.567474672 0.000000000
QK:/rrc/crr: 0.000000000 0.046052045 0.953947955
QK:/rrc/r: 0.000088584 0.515897021 0.484014395
QQ:/cc/c: 0.999966780 0.000033220 0.000000000
QQ:/cc/crr: 0.000000000 0.999983390 0.000016610
QQ:/cc/r: 0.999916549 0.000061304 0.000022146
QQ:/crc/c: 0.999994114 0.000005886 0.000000000
QQ:/crc/crr: 0.000000000 0.999997057 0.000002943
QQ:/crc/r: 0.778738309 0.221257767 0.000003924
QQ:/crrc/c: 0.999997057 0.000002943 0.000000000
QQ:/crrc/crr: 0.000000000 0.999998529 0.000001471
QQ:/crrc/r: 0.999996076 0.000001962 0.000001962
QQ:/rc/c: 0.999994746 0.000005254 0.000000000
QQ:/rc/crr: 0.000000000 0.999997373 0.000002627
QQ:/rc/r: 0.999976587 0.000019911 0.000003502
QQ:/rrc/c: 0.999990880 0.000009120 0.000000000
QQ:/rrc/crr: 0.000000000 0.999995440 0.000004560
QQ:/rrc/r: 0.999959100 0.000034820 0.000006080
