J:/c: 0.303065832 0.696934168 0.000000000
J:/crr: 0.000000000 0.999983502 0.000016498
J:/r: 0.055444479 0.126567369 0.817988152
JJ:/cc/c: 0.999992826 0.000007174 0.000000000
JJ:/cc/crr: 0.000000000 0.999996413 0.000003587
JJ:/cc/r: 0.999990434 0.000004783 0.000004783
JJ:/crc/c: 0.999983502 0.000016498 0.000000000
JJ:/crc/crr: 0.000000000 0.999991751 0.000008249
JJ:/crc/r: 0.998005549 0.001983452 0.000010999
JJ:/crrc/c: 0.999991751 0.000008249 0.000000000
JJ:/crrc/crr: 0.000000000 0.999995875 0.000004125
JJ:/crrc/r: 0.999961242 0.000033259 0.000005499
JJ:/rc/c: 0.999973664 0.000026336 0.000000000
JJ:/rc/crr: 0.000000000 0.999986831 0.000013169
JJ:/rc/r: 0.999575286 0.000407156 0.000017558
JJ:/rrc/c: 0.999939880 0.000060120 0.000000000
JJ:/rrc/crr: 0.000000000 0.999969938 0.000030062
JJ:/rrc/r: 0.999844835 0.000115085 0.000040080
JK:/cc/c: 0.009544917 0.990455083 0.000000000
JK:/cc/crr: 0.000000000 0.000375817 0.999624183
JK:/cc/r: 0.000004783 0.000004783 0.999990434
JK:/crc/c: 0.547441236 0.452558764 0.000000000
JK:/crc/crr: 0.000000000 0.000015068 0.999984932
JK:/crc/r: 0.004112153 0.000010999 0.995876848
JK:/crrc/c: 0.445751749 0.554248251 0.000000000
JK:/crrc/crr: 0.000000000 0.000009253 0.999990747
JK:/crrc/r: 0.242840533 0.000005499 0.757153968
JK:/rc/c: 0.376011243 0.623988757 0.000000000
JK:/rc/crr: 0.000000000 0.000035021 0.999964979
JK:/rc/r: 0.359897778 0.000017558 0.640084664
JK:/rrc/c: 0.999939880 0.000060120 0.000000000
JK:/rrc/crr: 0.000000000 0.000030062 0.999969938
JK:/rrc/r: 0.289694039 0.000040080 0.710265881
JQ:/cc/c: 0.068963467 0.931036533 0.000000000
JQ:/cc/crr: 0.000000000 0.000052015 0.999947985
JQ:/cc/r: 0.036042465 0.000004783 0.963952752
JQ:/crc/c: 0.544197556 0.455802444 0.000000000
JQ:/crc/crr: 0.000000000 0.000015158 0.999984842
JQ:/crc/r: 0.000060257 0.000010999 0.999928744
JQ:/crrc/c: 0.016741209 0.983258791 0.000000000
JQ:/crrc/crr: 0.000000000 0.000246373 0.999753627
JQ:/crrc/r: 0.243432810 0.000005499 0.756561690
JQ:/rc/c: 0.997122029 0.002877971 0.000000000
JQ:/rc/crr: 0.000000000 0.000013206 0.999986794
JQ:/rc/r: 0.000782077 0.000017558 0.999200365
JQ:/rrc/c: 0.005241853 0.994758147 0.000000000
JQ:/rrc/crr: 0.000000000 0.005734633 0.994265367
JQ:/rrc/r: 0.495264019 0.000040080 0.504695901
K:/c: 0.999969840 0.000030160 0.000000000
K:/crr: 0.000000000 0.999995000 0.000005000
K:/r: 0.580020199 0.419973134 0.000006667
KJ:/cc/c: 0.165780026 0.834219974 0.000000000
KJ:/cc/crr: 0.000000000 0.500000000 0.500000000
KJ:/cc/r: 0.491840105 0.236417713 0.271742182
KJ:/crc/c: 0.151663999 0.848336001 0.000000000
KJ:/crc/crr: 0.000000000 0.999983516 0.000016484
KJ:/crc/r: 0.000028415 0.735959688 0.264011897
KJ:/crrc/c: 0.318272497 0.681727503 0.000000000
KJ:/crrc/crr: 0.000000000 0.987101706 0.012898294
KJ:/crrc/r: 0.000114095 0.873419942 0.126465963
KJ:/rc/c: 0.486762283 0.513237717 0.000000000
KJ:/rc/crr: 0.000000000 0.686300896 0.313699104
KJ:/rc/r: 0.000022212 0.807254468 0.192723320
KJ:/rrc/c: 0.371370530 0.628629470 0.000000000
KJ:/rrc/crr: 0.000000000 0.999992263 0.000007737
KJ:/rrc/r: 0.026923434 0.925963516 0.047113050
KK:/cc/c: 0.834219974 0.165780026 0.000000000
KK:/cc/crr: 0.000000000 0.900637703 0.099362297
KK:/cc/r: 0.680154716 0.209325267 0.110520017
KK:/crc/c: 0.999995000 0.000005000 0.000000000
KK:/crc/crr: 0.000000000 0.999997500 0.000002500
KK:/crc/r: 0.999083281 0.000913385 0.000003333
KK:/crrc/c: 0.999997500 0.000002500 0.000000000
KK:/crrc/crr: 0.000000000 0.999998750 0.000001250
KK:/crrc/r: 0.999993148 0.000005185 0.000001667
KK:/rc/c: 0.999992063 0.000007937 0.000000000
KK:/rc/crr: 0.000000000 0.999996031 0.000003969
KK:/rc/r: 0.999980483 0.000014226 0.000005291
KK:/rrc/c: 0.999994253 0.000005747 0.000000000
KK:/rrc/crr: 0.000000000 0.999997127 0.000002873
KK:/rrc/r: 0.999849867 0.000146301 0.000003831
KQ:/cc/c: 0.492206041 0.507793959 0.000000000
KQ:/cc/crr: 0.000000000 0.831594889 0.168405111
KQ:/cc/r: 0.464862062 0.423722255 0.111415684
KQ:/crc/c: 0.022086982 0.977913018 0.000000000
KQ:/crc/crr: 0.000000000 0.005042272 0.994957728
KQ:/crc/r: 0.000008481 0.438029491 0.561962028
KQ:/crrc/c: 0.656639188 0.343360812 0.000000000
KQ:/crrc/crr: 0.000000000 0.423977872 0.576022128
KQ:/crrc/r: 0.000044595 0.722026563 0.277928842
KQ:/rc/c: 0.000628951 0.999371049 0.000000000
KQ:/rc/crr: 0.000000000 0.153260472 0.846739528
KQ:/rc/r: 0.000020676 0.290726950 0.709252375
KQ:/rrc/c: 0.508727864 0.491272136 0.000000000
KQ:/rrc/crr: 0.000000000 0.476380749 0.523619251
KQ:/rrc/r: 0.046602716 0.604427156 0.348970128
Q:/c: 0.851802146 0.148197854 0.000000000
Q:/crr: 0.000000000 0.999994130 0.000005870
Q:/r: 0.364208094 0.635754173 0.000037734
QJ:/cc/c: 0.000033739 0.999966261 0.000000000
QJ:/cc/crr: 0.000000000 0.500000000 0.500000000
QJ:/cc/r: 0.000022492 0.000022492 0.999955015
QJ:/crc/c: 0.416024072 0.583975928 0.000000000
QJ:/crc/crr: 0.000000000 0.000064644 0.999935356
QJ:/crc/r: 0.000003913 0.000003913 0.999992173
QJ:/crrc/c: 0.000002935 0.999997065 0.000000000
QJ:/crrc/crr: 0.000000000 0.500000000 0.500000000
QJ:/crrc/r: 0.025505312 0.000001957 0.974492732
QJ:/rc/c: 0.000005243 0.999994757 0.000000000
QJ:/rc/crr: 0.000000000 0.500000000 0.500000000
QJ:/rc/r: 0.019272865 0.000003495 0.980723640
QJ:/rrc/c: 0.000078080 0.999921920 0.000000000
QJ:/rrc/crr: 0.000000000 0.058608365 0.941391635
QJ:/rrc/r: 0.000081529 0.000006102 0.999912370
QK:/cc/c: 0.252349782 0.747650218 0.000000000
QK:/cc/crr: 0.000000000 0.999933151 0.000066849
QK:/cc/r: 0.000083715 0.734489820 0.265426466
QK:/crc/c: 0.264685904 0.735314096 0.000000000
QK:/crc/crr: 0.000000000 0.001230600 0.998769400
QK:/crc/r: 0.000054704 0.458142171 0.541803126
QK:/crrc/c: 0.037675438 0.962324562 0.000000000
QK:/crrc/crr: 0.000000000 0.015233206 0.984766794
QK:/crrc/r: 0.000062011 0.278387585 0.721550404
QK:/rc/c: 0.381956822 0.618043178 0.000000000
QK:/rc/crr: 0.000000000 0.009243652 0.990756348
QK:/rc/r: 0.000009543 0.318098540 0.681891917
QK:/rrc/c: 0.423083650 0.576916350 0.000000000
QK:/rrc/crr: 0.000000000 0.057428180 0.942571820
QK:/rrc/r: 0.000073996 0.511571976 0.488354028
QQ:/cc/c: 0.999966261 0.000033739 0.000000000
QQ:/cc/crr: 0.000000000 0.999983130 0.000016870
QQ:/cc/r: 0.999831836 0.000145672 0.000022492
QQ:/crc/c: 0.999994130 0.000005870 0.000000000
QQ:/crc/crr: 0.000000000 0.999997065 0.000002935
QQ:/crc/r: 0.999951123 0.000044963 0.000003913
QQ:/crrc/c: 0.999997065 0.000002935 0.000000000
QQ:/crrc/crr: 0.000000000 0.999998533 0.000001467
QQ:/crrc/r: 0.999995199 0.000002844 0.000001957
QQ:/rc/c: 0.999994757 0.000005243 0.000000000
QQ:/rc/crr: 0.000000000 0.999997378 0.000002622
QQ:/rc/r: 0.999512988 0.000483517 0.000003495
QQ:/rrc/c: 0.999990848 0.000009152 0.000000000
QQ:/rrc/crr: 0.000000000 0.999995424 0.000004576
QQ:/rrc/r: 0.999953941 0.000039957 0.000006102
