J:/c: 0.332654500 0.667345500 0.000000000
J:/crr: 0.000000000 0.999984969 0.000015031
J:/r: 0.053460314 0.112600126 0.833939560
JJ:/cc/c: 0.999992508 0.000007492 0.000000000
JJ:/cc/crr: 0.000000000 0.999996254 0.000003746
JJ:/cc/r: 0.999990010 0.000004995 0.000004995
JJ:/crc/c: 0.999984969 0.000015031 0.000000000
JJ:/crc/crr: 0.000000000 0.999992485 0.000007515
JJ:/crc/r: 0.999956676 0.000033304 0.000010020
JJ:/crrc/c: 0.999992485 0.000007515 0.000000000
JJ:/crrc/crr: 0.000000000 0.999996242 0.000003758
JJ:/crrc/r: 0.999964767 0.000030223 0.000005010
JJ:/rc/c: 0.999970397 0.000029603 0.000000000
JJ:/rc/crr: 0.000000000 0.999985198 0.000014802
JJ:/rc/r: 0.998506820 0.001473444 0.000019736
JJ:/rrc/c: 0.999937648 0.000062352 0.000000000
JJ:/rrc/crr: 0.000000000 0.999968822 0.000031178
JJ:/rrc/r: 0.999916865 0.000041568 0.000041568
JK:/cc/c: 0.000007492 0.999992508 0.000000000
JK:/cc/crr: 0.000000000 0.500000000 0.500000000
JK:/cc/r: 0.000004995 0.000004995 0.999990010
JK:/crc/c: 0.459411184 0.540588816 0.000000000
JK:/crc/crr: 0.000000000 0.000016359 0.999983641
JK:/crc/r: 0.000063891 0.000010020 0.999926089
JK:/crrc/c: 0.499185639 0.500814361 0.000000000
JK:/crrc/crr: 0.000000000 0.000007528 0.999992472
JK:/crrc/r: 0.234773766 0.000005010 0.765221224
JK:/rc/c: 0.385855297 0.614144703 0.000000000
JK:/rc/crr: 0.000000000 0.000038361 0.999961639
JK:/rc/r: 0.366543194 0.000019736 0.633437071
JK:/rrc/c: 0.999937648 0.000062352 0.000000000
JK:/rrc/crr: 0.000000000 0.000031178 0.999968822
JK:/rrc/r: 0.474893577 0.000041568 0.525064856
JQ:/cc/c: 0.070066549 0.929933451 0.000000000
JQ:/cc/crr: 0.000000000 0.000053466 0.999946534
JQ:/cc/r: 0.034482615 0.000004995 0.965512390
JQ:/crc/c: 0.571184394 0.428815606 0.000000000
JQ:/crc/crr: 0.000000000 0.000013157 0.999986843
JQ:/crc/r: 0.000053453 0.000010020 0.999936526
JQ:/crrc/c: 0.044367268 0.955632732 0.000000000
JQ:/crrc/crr: 0.000000000 0.000084696 0.999915304
JQ:/crrc/r: 0.003018539 0.000005010 0.996976451
JQ:/rc/c: 0.999740508 0.000259492 0.000000000
JQ:/rc/crr: 0.000000000 0.000014805 0.999985195
JQ:/rc/r: 0.000019736 0.000019736 0.999960529
JQ:/rrc/c: 0.109786436 0.890213564 0.000000000
JQ:/rrc/crr: 0.000000000 0.000283967 0.999716033
JQ:/rrc/r: 0.740207039 0.000041568 0.259751394
K:/c: 0.999990000 0.000010000 0.000000000
K:/crr: 0.000000000 0.999995000 0.000005000
K:/r: 0.628508049 0.371485284 0.000006667
KJ:/cc/c: 0.500000000 0.500000000 0.000000000
KJ:/cc/crr: 0.000000000 0.500000000 0.500000000
KJ:/cc/r: 0.333333333 0.333333333 0.333333333
KJ:/crc/c: 0.176057463 0.823942537 0.000000000
KJ:/crc/crr: 0.000000000 0.999985800 0.000014200
KJ:/crc/r: 0.000003333 0.741012319 0.258984348
KJ:/crrc/c: 0.274866423 0.725133577 0.000000000
KJ:/crrc/crr: 0.000000000 0.531630467 0.468369533
KJ:/crrc/r: 0.001078527 0.887965299 0.110956174
KJ:/rc/c: 0.448965191 0.551034809 0.000000000
KJ:/rc/crr: 0.000000000 0.999990007 0.000009993
KJ:/rc/r: 0.000022997 0.927801250 0.072175753
KJ:/rrc/c: 0.075104363 0.924895637 0.000000000
KJ:/rrc/crr: 0.000000000 0.999964692 0.000035308
KJ:/rrc/r: 0.019717626 0.937838424 0.042443950
KK:/cc/c: 0.500000000 0.500000000 0.000000000
KK:/cc/crr: 0.000000000 0.500000000 0.500000000
KK:/cc/r: 0.333333333 0.333333333 0.333333333
KK:/crc/c: 0.999995000 0.000005000 0.000000000
KK:/crc/crr: 0.000000000 0.999997500 0.000002500
KK:/crc/r: 0.982558225 0.017438442 0.000003333
KK:/crrc/c: 0.999997500 0.000002500 0.000000000
KK:/crrc/crr: 0.000000000 0.999998750 0.000001250
KK:/crrc/r: 0.999651403 0.000346930 0.000001667
KK:/rc/c: 0.999991027 0.000008973 0.000000000
KK:/rc/crr: 0.000000000 0.999995513 0.000004487
KK:/rc/r: 0.999964263 0.000029755 0.000005982
KK:/rrc/c: 0.999994696 0.000005304 0.000000000
KK:/rrc/crr: 0.000000000 0.999997348 0.000002652
KK:/rrc/r: 0.997581149 0.002415315 0.000003536
KQ:/cc/c: 0.500000000 0.500000000 0.000000000
KQ:/cc/crr: 0.000000000 0.500000000 0.500000000
KQ:/cc/r: 0.333333333 0.333333333 0.333333333
KQ:/crc/c: 0.176873347 0.823126653 0.000000000
KQ:/crc/crr: 0.000000000 0.000815883 0.999184117
KQ:/crc/r: 0.000012526 0.439268806 0.560718668
KQ:/crrc/c: 0.606853675 0.393146325 0.000000000
KQ:/crrc/crr: 0.000000000 0.388044951 0.611955049
KQ:/crrc/r: 0.000353348 0.804040862 0.195605790
KQ:/rc/c: 0.000008973 0.999991027 0.000000000
KQ:/rc/crr: 0.000000000 0.500000000 0.500000000
KQ:/rc/r: 0.000010484 0.300530539 0.699458976
KQ:/rrc/c: 0.506074064 0.493925936 0.000000000
KQ:/rrc/crr: 0.000000000 0.426593977 0.573406023
KQ:/rrc/r: 0.000125141 0.630550283 0.369324576
Q:/c: 0.854462182 0.145537818 0.000000000
Q:/crr: 0.000000000 0.999994148 0.000005852
Q:/r: 0.436111145 0.563841373 0.000047481
QJ:/cc/c: 0.000034355 0.999965645 0.000000000
QJ:/cc/crr: 0.000000000 0.500000000 0.500000000
QJ:/cc/r: 0.000022904 0.000022904 0.999954193
QJ:/crc/c: 0.428625139 0.571374861 0.000000000
QJ:/crc/crr: 0.000000000 0.000987197 0.999012803
QJ:/crc/r: 0.000003901 0.000003901 0.999992198
QJ:/crrc/c: 0.000002926 0.999997074 0.000000000
QJ:/crrc/crr: 0.000000000 0.500000000 0.500000000
QJ:/crrc/r: 0.000103870 0.000001951 0.999894179
QJ:/rc/c: 0.000005912 0.999994088 0.000000000
QJ:/rc/crr: 0.000000000 0.500000000 0.500000000
QJ:/rc/r: 0.006489278 0.000003941 0.993506781
QJ:/rrc/c: 0.000007643 0.999992357 0.000000000
QJ:/rrc/crr: 0.000000000 0.500000000 0.500000000
QJ:/rrc/r: 0.000005096 0.000005096 0.999989809
QK:/cc/c: 0.000323275 0.999676725 0.000000000
QK:/cc/crr: 0.000000000 0.946863688 0.053136312
QK:/cc/r: 0.000022904 0.735806230 0.264170867
QK:/crc/c: 0.377159607 0.622840393 0.000000000
QK:/crc/crr: 0.000000000 0.000747284 0.999252716
QK:/crc/r: 0.000003901 0.530129150 0.469866949
QK:/crrc/c: 0.180311081 0.819688919 0.000000000
QK:/crrc/crr: 0.000000000 0.000463727 0.999536273
QK:/crrc/r: 0.000001951 0.265793530 0.734204519
QK:/rc/c: 0.371493811 0.628506189 0.000000000
QK:/rc/crr: 0.000000000 0.000171135 0.999828865
QK:/rc/r: 0.000003941 0.305907275 0.694088783
QK:/rrc/c: 0.458476855 0.541523145 0.000000000
QK:/rrc/crr: 0.000000000 0.021111258 0.978888742
QK:/rrc/r: 0.000006578 0.472632753 0.527360670
QQ:/cc/c: 0.999965645 0.000034355 0.000000000
QQ:/cc/crr: 0.000000000 0.999982822 0.000017178
QQ:/cc/r: 0.999828542 0.000148555 0.000022904
QQ:/crc/c: 0.999994148 0.000005852 0.000000000
QQ:/crc/crr: 0.000000000 0.999997074 0.000002926
QQ:/crc/r: 0.999968598 0.000027500 0.000003901
QQ:/crrc/c: 0.999997074 0.000002926 0.000000000
QQ:/crrc/crr: 0.000000000 0.999998537 0.000001463
QQ:/crrc/r: 0.999993481 0.000004569 0.000001951
QQ:/rc/c: 0.999994088 0.000005912 0.000000000
QQ:/rc/crr: 0.000000000 0.999997044 0.000002956
QQ:/rc/r: 0.985073711 0.014922348 0.000003941
QQ:/rrc/c: 0.999992357 0.000007643 0.000000000
QQ:/rrc/crr: 0.000000000 0.999996178 0.000003822
QQ:/rrc/r: 0.999981986 0.000012919 0.000005096
