J:/: 0.078939703 0.921060297 0.000000000
J:/cr: 0.017253023 0.038372908 0.944374069
J:/rr: 0.000000000 0.999936661 0.000063339
JJ:/cc/: 0.000246460 0.999753540 0.000000000
JJ:/cc/cr: 0.999996380 0.000001810 0.000001810
JJ:/cc/rr: 0.000000000 0.988987009 0.011012991
JJ:/crc/: 0.954232774 0.045767226 0.000000000
JJ:/crc/cr: 0.999313105 0.000343447 0.000343447
JJ:/crc/rr: 0.000000000 0.999975291 0.000024709
JJ:/crrc/: 0.975721896 0.024278104 0.000000000
JJ:/crrc/cr: 0.997120020 0.001439990 0.001439990
JJ:/crrc/rr: 0.000000000 0.999946255 0.000053745
JJ:/rc/: 0.841948400 0.158051600 0.000000000
JJ:/rc/cr: 0.999732832 0.000133584 0.000133584
JJ:/rc/rr: 0.000000000 0.999962385 0.000037615
JJ:/rrc/: 0.999593363 0.000406637 0.000000000
JJ:/rrc/cr: 0.948075295 0.025962352 0.025962352
JJ:/rrc/rr: 0.000000000 0.999984158 0.000015842
JK:/cc/: 0.078049814 0.921950186 0.000000000
JK:/cc/cr: 0.000143598 0.000001963 0.999854439
JK:/cc/rr: 0.000000000 0.000034776 0.999965224
JK:/crc/: 0.083640723 0.916359277 0.000000000
JK:/crc/cr: 0.055283701 0.000017153 0.944699146
JK:/crc/rr: 0.000000000 0.000281896 0.999718104
JK:/crrc/: 0.999895119 0.000104881 0.000000000
JK:/crrc/cr: 0.333333333 0.333333333 0.333333333
JK:/crrc/rr: 0.000000000 0.000052446 0.999947554
JK:/rc/: 0.996743518 0.003256482 0.000000000
JK:/rc/cr: 0.987033146 0.006483427 0.006483427
JK:/rc/rr: 0.000000000 0.000031773 0.999968227
JK:/rrc/: 0.540365556 0.459634444 0.000000000
JK:/rrc/cr: 0.792555627 0.000022969 0.207421405
JK:/rrc/rr: 0.000000000 0.000029306 0.999970694
JQ:/cc/: 0.194491183 0.805508817 0.000000000
JQ:/cc/cr: 0.000002246 0.000002246 0.999995507
JQ:/cc/rr: 0.000000000 0.000013956 0.999986044
JQ:/crc/: 0.993537684 0.006462316 0.000000000
JQ:/crc/cr: 0.002432352 0.002432352 0.995135295
JQ:/crc/rr: 0.000000000 0.000023731 0.999976269
JQ:/crrc/: 0.040825366 0.959174634 0.000000000
JQ:/crrc/cr: 0.109520994 0.000036448 0.890442558
JQ:/crrc/rr: 0.000000000 0.001284504 0.998715496
JQ:/rc/: 0.999046352 0.000953648 0.000000000
JQ:/rc/cr: 0.022139361 0.022139361 0.955721277
JQ:/rc/rr: 0.000000000 0.000031700 0.999968300
JQ:/rrc/: 0.122203323 0.877796677 0.000000000
JQ:/rrc/cr: 0.000687379 0.000012027 0.999300594
JQ:/rrc/rr: 0.000000000 0.000129586 0.999870414
K:/: 0.760677361 0.239322639 0.000000000
K:/cr: 0.654309383 0.345676689 0.000013928
K:/rr: 0.000000000 0.999993427 0.000006573
KJ:/cc/: 0.000020892 0.999979108 0.000000000
KJ:/cc/cr: 0.000054342 0.000023924 0.999921734
KJ:/cc/rr: 0.000000000 0.500000000 0.500000000
KJ:/crc/: 0.000048547 0.999951453 0.000000000
KJ:/crc/cr: 0.000030888 0.999962396 0.000006716
KJ:/crc/rr: 0.000000000 0.792507203 0.207492797
KJ:/crrc/: 0.067297777 0.932702223 0.000000000
KJ:/crrc/cr: 0.002585189 0.995019694 0.002395118
KJ:/crrc/rr: 0.000000000 0.371414777 0.628585223
KJ:/rc/: 0.065427815 0.934572185 0.000000000
KJ:/rc/cr: 0.008893225 0.956565442 0.034541333
KJ:/rc/rr: 0.000000000 0.331976389 0.668023611
KJ:/rrc/: 0.093029016 0.906970984 0.000000000
KJ:/rrc/cr: 0.000097086 0.999901707 0.000001208
KJ:/rrc/rr: 0.000000000 0.822159369 0.177840631
KK:/cc/: 0.999691906 0.000308094 0.000000000
KK:/cc/cr: 0.954792379 0.022603810 0.022603810
KK:/cc/rr: 0.000000000 0.999989551 0.000010449
KK:/crc/: 0.195619969 0.804380031 0.000000000
KK:/crc/cr: 0.999983303 0.000008349 0.000008349
KK:/crc/rr: 0.000000000 0.999948507 0.000051493
KK:/crrc/: 0.992353733 0.007646267 0.000000000
KK:/crrc/cr: 0.999072015 0.000463993 0.000463993
KK:/crrc/rr: 0.000000000 0.999994637 0.000005363
KK:/rc/: 0.843972572 0.156027428 0.000000000
KK:/rc/cr: 0.999971915 0.000014043 0.000014043
KK:/rc/rr: 0.000000000 0.999996106 0.000003894
KK:/rrc/: 0.518439961 0.481560039 0.000000000
KK:/rrc/cr: 0.999995450 0.000002275 0.000002275
KK:/rrc/rr: 0.000000000 0.999996830 0.000003170
KQ:/cc/: 0.000056789 0.999943211 0.000000000
KQ:/cc/cr: 0.000042475 0.446686548 0.553270977
KQ:/cc/rr: 0.000000000 0.816054270 0.183945730
KQ:/crc/: 0.844289409 0.155710591 0.000000000
KQ:/crc/cr: 0.000215221 0.493666111 0.506118668
KQ:/crc/rr: 0.000000000 0.000045089 0.999954911
KQ:/crrc/: 0.008157088 0.991842912 0.000000000
KQ:/crrc/cr: 0.017697238 0.711670329 0.270632434
KQ:/crrc/rr: 0.000000000 0.380060541 0.619939459
KQ:/rc/: 0.000013539 0.999986461 0.000000000
KQ:/rc/cr: 0.000022570 0.499388718 0.500588712
KQ:/rc/rr: 0.000000000 0.757244765 0.242755235
KQ:/rrc/: 0.682724911 0.317275089 0.000000000
KQ:/rrc/cr: 0.014370538 0.913504314 0.072125148
KQ:/rrc/rr: 0.000000000 0.393020684 0.606979316
Q:/: 0.730180251 0.269819749 0.000000000
Q:/cr: 0.138628530 0.860997783 0.000373686
Q:/rr: 0.000000000 0.999993152 0.000006848
QJ:/cc/: 0.000018531 0.999981469 0.000000000
QJ:/cc/cr: 0.000006177 0.000006177 0.999987646
QJ:/cc/rr: 0.000000000 0.500000000 0.500000000
QJ:/crc/: 0.028580367 0.971419633 0.000000000
QJ:/crc/cr: 0.003231596 0.000002462 0.996765942
QJ:/crc/rr: 0.000000000 0.000125509 0.999874491
QJ:/crrc/: 0.010811075 0.989188925 0.000000000
QJ:/crrc/cr: 0.000314718 0.000015015 0.999670267
QJ:/crrc/rr: 0.000000000 0.002060741 0.997939259
QJ:/rc/: 0.007954728 0.992045272 0.000000000
QJ:/rc/cr: 0.000003494 0.000002301 0.999994205
QJ:/rc/rr: 0.000000000 0.000430412 0.999569588
QJ:/rrc/: 0.000003424 0.999996576 0.000000000
QJ:/rrc/cr: 0.000001141 0.000001141 0.999997717
QJ:/rrc/rr: 0.000000000 0.500000000 0.500000000
QK:/cc/: 0.453188744 0.546811256 0.000000000
QK:/cc/cr: 0.965093687 0.034888512 0.000017801
QK:/cc/rr: 0.000000000 0.999979555 0.000020445
QK:/crc/: 0.008165164 0.991834836 0.000000000
QK:/crc/cr: 0.000002892 0.559271836 0.440725273
QK:/crc/rr: 0.000000000 0.000462339 0.999537661
QK:/crrc/: 0.961115123 0.038884877 0.000000000
QK:/crrc/cr: 0.000796645 0.403401947 0.595801409
QK:/crrc/rr: 0.000000000 0.000639489 0.999360511
QK:/rc/: 0.452609705 0.547390295 0.000000000
QK:/rc/cr: 0.028935832 0.502570052 0.468494116
QK:/rc/rr: 0.000000000 0.190958293 0.809041707
QK:/rrc/: 0.110365617 0.889634383 0.000000000
QK:/rrc/cr: 0.000001283 0.298036339 0.701962378
QK:/rrc/rr: 0.000000000 0.000630072 0.999369928
QQ:/cc/: 0.522044846 0.477955154 0.000000000
QQ:/cc/cr: 0.999974153 0.000012924 0.000012924
QQ:/cc/rr: 0.000000000 0.999982252 0.000017748
QQ:/crc/: 0.985023524 0.014976476 0.000000000
QQ:/crc/cr: 0.999680646 0.000159677 0.000159677
QQ:/crc/rr: 0.000000000 0.999996358 0.000003642
QQ:/crrc/: 0.132261179 0.867738821 0.000000000
QQ:/crrc/cr: 0.999965767 0.000017116 0.000017116
QQ:/crrc/rr: 0.000000000 0.999831554 0.000168446
QQ:/rc/: 0.540780523 0.459219477 0.000000000
QQ:/rc/cr: 0.999987242 0.000007787 0.000004970
QQ:/rc/rr: 0.000000000 0.999993669 0.000006331
QQ:/rrc/: 0.982195083 0.017804917 0.000000000
QQ:/rrc/cr: 0.999871802 0.000064099 0.000064099
QQ:/rrc/rr: 0.000000000 0.999998257 0.000001743
