J:/: 0.081212096 0.918787904 0.000000000
J:/cr: 0.018138463 0.036957267 0.944904270
J:/rr: 0.000000000 0.999938433 0.000061567
JJ:/cc/: 0.000330566 0.999669434 0.000000000
JJ:/cc/cr: 0.999996371 0.000001815 0.000001815
JJ:/cc/rr: 0.000000000 0.991768738 0.008231262
JJ:/crc/: 0.941303667 0.058696333 0.000000000
JJ:/crc/cr: 0.999442517 0.000278741 0.000278741
JJ:/crc/rr: 0.000000000 0.999973928 0.000026072
JJ:/crrc/: 0.937676770 0.062323230 0.000000000
JJ:/crrc/cr: 0.998930227 0.000534887 0.000534887
JJ:/crrc/rr: 0.000000000 0.999946673 0.000053327
JJ:/rc/: 0.852229975 0.147770025 0.000000000
JJ:/rc/cr: 0.999722239 0.000138881 0.000138881
JJ:/rc/rr: 0.000000000 0.999963879 0.000036121
JJ:/rrc/: 0.988799381 0.011200619 0.000000000
JJ:/rrc/cr: 0.998167632 0.000916184 0.000916184
JJ:/rrc/rr: 0.000000000 0.999984433 0.000015567
JK:/cc/: 0.074539574 0.925460426 0.000000000
JK:/cc/cr: 0.000380346 0.000001960 0.999617694
JK:/cc/rr: 0.000000000 0.000036504 0.999963496
JK:/crc/: 0.060042290 0.939957710 0.000000000
JK:/crc/cr: 0.039352558 0.000017406 0.960630036
JK:/crc/rr: 0.000000000 0.000408739 0.999591261
JK:/crrc/: 0.999899992 0.000100008 0.000000000
JK:/crrc/cr: 0.333333333 0.333333333 0.333333333
JK:/crrc/rr: 0.000000000 0.000050009 0.999949991
JK:/rc/: 0.977414724 0.022585276 0.000000000
JK:/rc/cr: 0.968940709 0.000908663 0.030150629
JK:/rc/rr: 0.000000000 0.000031495 0.999968505
JK:/rrc/: 0.507710257 0.492289743 0.000000000
JK:/rrc/cr: 0.740315206 0.000020845 0.259663949
JK:/rrc/rr: 0.000000000 0.000030318 0.999969682
JQ:/cc/: 0.200030604 0.799969396 0.000000000
JQ:/cc/cr: 0.000006432 0.000002268 0.999991301
JQ:/cc/rr: 0.000000000 0.000013603 0.999986397
JQ:/crc/: 0.989145166 0.010854834 0.000000000
JQ:/crc/cr: 0.241230752 0.001507264 0.757261985
JQ:/crc/rr: 0.000000000 0.000024811 0.999975189
JQ:/crrc/: 0.017746306 0.982253694 0.000000000
JQ:/crrc/cr: 0.103678430 0.000033938 0.896287632
JQ:/crrc/rr: 0.000000000 0.002817702 0.997182298
JQ:/rc/: 0.996458962 0.003541038 0.000000000
JQ:/rc/cr: 0.005795587 0.005795587 0.988408826
JQ:/rc/rr: 0.000000000 0.000030893 0.999969107
JQ:/rrc/: 0.183639407 0.816360593 0.000000000
JQ:/rrc/cr: 0.000975827 0.000012570 0.999011603
JQ:/rrc/rr: 0.000000000 0.000083820 0.999916180
K:/: 0.753072628 0.246927372 0.000000000
K:/cr: 0.672123515 0.327862986 0.000013499
K:/rr: 0.000000000 0.999993361 0.000006639
KJ:/cc/: 0.000050343 0.999949657 0.000000000
KJ:/cc/cr: 0.000050226 0.000011613 0.999938161
KJ:/cc/rr: 0.000000000 0.798889141 0.201110859
KJ:/crc/: 0.000046735 0.999953265 0.000000000
KJ:/crc/cr: 0.000546273 0.999446865 0.000006863
KJ:/crc/rr: 0.000000000 0.779751359 0.220248641
KJ:/crrc/: 0.073304851 0.926695149 0.000000000
KJ:/crrc/cr: 0.003651337 0.994192262 0.002156401
KJ:/crrc/rr: 0.000000000 0.502636623 0.497363377
KJ:/rc/: 0.086240848 0.913759152 0.000000000
KJ:/rc/cr: 0.004749085 0.965160859 0.030090056
KJ:/rc/rr: 0.000000000 0.408487131 0.591512869
KJ:/rrc/: 0.086985824 0.913014176 0.000000000
KJ:/rrc/cr: 0.000163672 0.999612963 0.000223365
KJ:/rrc/rr: 0.000000000 0.537899240 0.462100760
KK:/cc/: 0.994320827 0.005679173 0.000000000
KK:/cc/cr: 0.997623026 0.001188487 0.001188487
KK:/cc/rr: 0.000000000 0.999989818 0.000010182
KK:/crc/: 0.180298620 0.819701380 0.000000000
KK:/crc/cr: 0.999983257 0.000008372 0.000008372
KK:/crc/rr: 0.000000000 0.999942909 0.000057091
KK:/crrc/: 0.987635493 0.012364507 0.000000000
KK:/crrc/cr: 0.999458545 0.000270728 0.000270728
KK:/crrc/rr: 0.000000000 0.999994916 0.000005084
KK:/rc/: 0.877882183 0.122117817 0.000000000
KK:/rc/cr: 0.999963754 0.000018123 0.000018123
KK:/rc/rr: 0.000000000 0.999996218 0.000003782
KK:/rrc/: 0.526222539 0.473777461 0.000000000
KK:/rrc/cr: 0.999995329 0.000002336 0.000002336
KK:/rrc/rr: 0.000000000 0.999996846 0.000003154
KQ:/cc/: 0.000258975 0.999741025 0.000000000
KQ:/cc/cr: 0.000046294 0.414125789 0.585827917
KQ:/cc/rr: 0.000000000 0.960905757 0.039094243
KQ:/crc/: 0.888848800 0.111151200 0.000000000
KQ:/crc/cr: 0.000373867 0.540415138 0.459210994
KQ:/crc/rr: 0.000000000 0.000034691 0.999965309
KQ:/crrc/: 0.012929489 0.987070511 0.000000000
KQ:/crrc/cr: 0.029685513 0.691933882 0.278380605
KQ:/crrc/rr: 0.000000000 0.098357835 0.901642165
KQ:/rc/: 0.000048369 0.999951631 0.000000000
KQ:/rc/cr: 0.000029149 0.498528165 0.501442686
KQ:/rc/rr: 0.000000000 0.931366142 0.068633858
KQ:/rrc/: 0.656257525 0.343742475 0.000000000
KQ:/rrc/cr: 0.034345336 0.866139073 0.099515591
KQ:/rrc/rr: 0.000000000 0.375011525 0.624988475
Q:/: 0.735163607 0.264836393 0.000000000
Q:/cr: 0.151041141 0.848166318 0.000792540
Q:/rr: 0.000000000 0.999993199 0.000006801
QJ:/cc/: 0.000018880 0.999981120 0.000000000
QJ:/cc/cr: 0.000015314 0.000006293 0.999978392
QJ:/cc/rr: 0.000000000 0.500000000 0.500000000
QJ:/crc/: 0.029276870 0.970723130 0.000000000
QJ:/crc/cr: 0.001534318 0.000002548 0.998463135
QJ:/crc/rr: 0.000000000 0.000126717 0.999873283
QJ:/crrc/: 0.008706657 0.991293343 0.000000000
QJ:/crrc/cr: 0.000175284 0.000014010 0.999810706
QJ:/crrc/rr: 0.000000000 0.002392734 0.997607266
QJ:/rc/: 0.006887273 0.993112727 0.000000000
QJ:/rc/cr: 0.000002283 0.000002283 0.999995434
QJ:/rc/rr: 0.000000000 0.000493752 0.999506248
QJ:/rrc/: 0.000003401 0.999996599 0.000000000
QJ:/rrc/cr: 0.000001134 0.000001134 0.999997733
QJ:/rrc/rr: 0.000000000 0.500000000 0.500000000
QK:/cc/: 0.539293079 0.460706921 0.000000000
QK:/cc/cr: 0.182812087 0.817155491 0.000032422
QK:/cc/rr: 0.000000000 0.999982496 0.000017504
QK:/crc/: 0.014868895 0.985131105 0.000000000
QK:/crc/cr: 0.000002511 0.553829259 0.446168231
QK:/crc/rr: 0.000000000 0.000249506 0.999750494
QK:/crrc/: 0.964156629 0.035843371 0.000000000
QK:/crrc/cr: 0.000684820 0.374827742 0.624487438
QK:/crrc/rr: 0.000000000 0.000579671 0.999420329
QK:/rc/: 0.481732801 0.518267199 0.000000000
QK:/rc/cr: 0.040105108 0.508260397 0.451634495
QK:/rc/rr: 0.000000000 0.209173447 0.790826553
QK:/rrc/: 0.121121172 0.878878828 0.000000000
QK:/rrc/cr: 0.000001290 0.303656536 0.696342174
QK:/rrc/rr: 0.000000000 0.000669360 0.999330640
QQ:/cc/: 0.523603283 0.476396717 0.000000000
QQ:/cc/cr: 0.999973580 0.000013210 0.000013210
QQ:/cc/rr: 0.000000000 0.999981971 0.000018029
QQ:/crc/: 0.991923362 0.008076638 0.000000000
QQ:/crc/cr: 0.999387553 0.000306223 0.000306223
QQ:/crc/rr: 0.000000000 0.999996260 0.000003740
QQ:/crrc/: 0.158617887 0.841382113 0.000000000
QQ:/crrc/cr: 0.999966987 0.000016507 0.000016507
QQ:/crrc/rr: 0.000000000 0.999868661 0.000131339
QQ:/rc/: 0.556999395 0.443000605 0.000000000
QQ:/rc/cr: 0.999988282 0.000006600 0.000005118
QQ:/rc/rr: 0.000000000 0.999993895 0.000006105
QQ:/rrc/: 0.978774651 0.021225349 0.000000000
QQ:/rrc/cr: 0.999893190 0.000053405 0.000053405
QQ:/rrc/rr: 0.000000000 0.999998263 0.000001737
