J:/c: 0.292708082 0.707291918 0.000000000
J:/crr: 0.000000000 0.999982918 0.000017082
J:/r: 0.054581840 0.128779024 0.816639136
JJ:/cc/c: 0.999992931 0.000007069 0.000000000
JJ:/cc/crr: 0.000000000 0.999996465 0.000003535
JJ:/cc/r: 0.999982828 0.000012459 0.000004713
JJ:/crc/c: 0.999982918 0.000017082 0.000000000
JJ:/crc/crr: 0.000000000 0.999991459 0.000008541
JJ:/crc/r: 0.999977224 0.000011388 0.000011388
JJ:/crrc/c: 0.999991459 0.000008541 0.000000000
JJ:/crrc/crr: 0.000000000 0.999995729 0.000004271
JJ:/crrc/r: 0.999988612 0.000005694 0.000005694
JJ:/rc/c: 0.999974116 0.000025884 0.000000000
JJ:/rc/crr: 0.000000000 0.999987058 0.000012942
JJ:/rc/r: 0.999961295 0.000021449 0.000017256
JJ:/rrc/c: 0.999938930 0.000061070 0.000000000
JJ:/rrc/crr: 0.000000000 0.999969463 0.000030537
JJ:/rrc/r: 0.999749487 0.000209800 0.000040714
JK:/cc/c: 0.007243331 0.992756669 0.000000000
JK:/cc/crr: 0.000000000 0.000487981 0.999512019
JK:/cc/r: 0.000011181 0.000004713 0.999984107
JK:/crc/c: 0.526143437 0.473856563 0.000000000
JK:/crc/crr: 0.000000000 0.000016233 0.999983767
JK:/crc/r: 0.047800084 0.000011388 0.952188529
JK:/crrc/c: 0.552429143 0.447570857 0.000000000
JK:/crrc/crr: 0.000000000 0.000007730 0.999992270
JK:/crrc/r: 0.191286966 0.000005694 0.808707340
JK:/rc/c: 0.374934431 0.625065569 0.000000000
JK:/rc/crr: 0.000000000 0.000034518 0.999965482
JK:/rc/r: 0.363760854 0.000017256 0.636221890
JK:/rrc/c: 0.999802903 0.000197097 0.000000000
JK:/rrc/crr: 0.000000000 0.000030541 0.999969459
JK:/rrc/r: 0.269232302 0.000040714 0.730726984
JQ:/cc/c: 0.072054061 0.927945939 0.000000000
JQ:/cc/crr: 0.000000000 0.000049055 0.999950945
JQ:/cc/r: 0.034554980 0.000004713 0.965440307
JQ:/crc/c: 0.383224506 0.616775494 0.000000000
JQ:/crc/crr: 0.000000000 0.000022287 0.999977713
JQ:/crc/r: 0.067875826 0.000011388 0.932112786
JQ:/crrc/c: 0.040701393 0.959298607 0.000000000
JQ:/crrc/crr: 0.000000000 0.000104924 0.999895076
JQ:/crrc/r: 0.163439547 0.000005694 0.836554759
JQ:/rc/c: 0.995102586 0.004897414 0.000000000
JQ:/rc/crr: 0.000000000 0.000013006 0.999986994
JQ:/rc/r: 0.000022859 0.000017256 0.999959885
JQ:/rrc/c: 0.017721056 0.982278944 0.000000000
JQ:/rrc/crr: 0.000000000 0.001723102 0.998276898
JQ:/rrc/r: 0.453464796 0.000040714 0.546494490
K:/c: 0.999705709 0.000294291 0.000000000
K:/crr: 0.000000000 0.999994999 0.000005001
K:/r: 0.574910744 0.425082589 0.000006667
KJ:/cc/c: 0.050002320 0.949997680 0.000000000
KJ:/cc/crr: 0.000000000 0.830107958 0.169892042
KJ:/cc/r: 0.055048097 0.022506867 0.922445036
KJ:/crc/c: 0.127783137 0.872216863 0.000000000
KJ:/crc/crr: 0.000000000 0.999980430 0.000019570
KJ:/crc/r: 0.000135676 0.728892694 0.270971630
KJ:/crrc/c: 0.275259138 0.724740862 0.000000000
KJ:/crrc/crr: 0.000000000 0.999995457 0.000004543
KJ:/crrc/r: 0.046382480 0.813926010 0.139691511
KJ:/rc/c: 0.463440300 0.536559700 0.000000000
KJ:/rc/crr: 0.000000000 0.754813227 0.245186773
KJ:/rc/r: 0.051567712 0.703983601 0.244448687
KJ:/rrc/c: 0.182066231 0.817933769 0.000000000
KJ:/rrc/crr: 0.000000000 0.994033147 0.005966853
KJ:/rrc/r: 0.051574349 0.880801522 0.067624129
KK:/cc/c: 0.983010008 0.016989992 0.000000000
KK:/cc/crr: 0.000000000 0.991358179 0.008641821
KK:/cc/r: 0.958284536 0.030388802 0.011326662
KK:/crc/c: 0.999994999 0.000005001 0.000000000
KK:/crc/crr: 0.000000000 0.999997499 0.000002501
KK:/crc/r: 0.983528207 0.016468459 0.000003334
KK:/crrc/c: 0.999997499 0.000002501 0.000000000
KK:/crrc/crr: 0.000000000 0.999998750 0.000001250
KK:/crrc/r: 0.999942577 0.000055755 0.000001667
KK:/rc/c: 0.999992158 0.000007842 0.000000000
KK:/rc/crr: 0.000000000 0.999996079 0.000003921
KK:/rc/r: 0.999979946 0.000014827 0.000005228
KK:/rrc/c: 0.999994202 0.000005798 0.000000000
KK:/rrc/crr: 0.000000000 0.999997101 0.000002899
KK:/rrc/r: 0.999976057 0.000020078 0.000003865
KQ:/cc/c: 0.087134755 0.912865245 0.000000000
KQ:/cc/crr: 0.000000000 0.902507372 0.097492628
KQ:/cc/r: 0.055180488 0.925695675 0.019123837
KQ:/crc/c: 0.309758111 0.690241889 0.000000000
KQ:/crc/crr: 0.000000000 0.000646193 0.999353807
KQ:/crc/r: 0.000065132 0.432810631 0.567124237
KQ:/crrc/c: 0.610871644 0.389128356 0.000000000
KQ:/crrc/crr: 0.000000000 0.398826762 0.601173238
KQ:/crrc/r: 0.000006169 0.762392459 0.237601373
KQ:/rc/c: 0.001027244 0.998972756 0.000000000
KQ:/rc/crr: 0.000000000 0.091234774 0.908765226
KQ:/rc/r: 0.000024157 0.298362032 0.701613811
KQ:/rrc/c: 0.506380684 0.493619316 0.000000000
KQ:/rrc/crr: 0.000000000 0.490199844 0.509800156
KQ:/rrc/r: 0.069766275 0.562918555 0.367315170
Q:/c: 0.845691564 0.154308436 0.000000000
Q:/crr: 0.000000000 0.999994088 0.000005912
Q:/r: 0.361135684 0.638844289 0.000020027
QJ:/cc/c: 0.000423430 0.999576570 0.000000000
QJ:/cc/crr: 0.000000000 0.038262086 0.961737914
QJ:/cc/r: 0.000036971 0.000021602 0.999941427
QJ:/crc/c: 0.446897200 0.553102800 0.000000000
QJ:/crc/crr: 0.000000000 0.000329486 0.999670514
QJ:/crc/r: 0.000226621 0.000003942 0.999769438
QJ:/crrc/c: 0.000018431 0.999981569 0.000000000
QJ:/crrc/crr: 0.000000000 0.080196564 0.919803436
QJ:/crrc/r: 0.015196898 0.000001971 0.984801131
QJ:/rc/c: 0.000047352 0.999952648 0.000000000
QJ:/rc/crr: 0.000000000 0.055095965 0.944904035
QJ:/rc/r: 0.015382833 0.000003479 0.984613688
QJ:/rrc/c: 0.000230821 0.999769179 0.000000000
QJ:/rrc/crr: 0.000000000 0.019994118 0.980005882
QJ:/rrc/r: 0.000085197 0.000006153 0.999908649
QK:/cc/c: 0.322501445 0.677498555 0.000000000
QK:/cc/crr: 0.000000000 0.999949764 0.000050236
QK:/cc/r: 0.000175023 0.787001005 0.212823972
QK:/crc/c: 0.343346645 0.656653355 0.000000000
QK:/crc/crr: 0.000000000 0.003142057 0.996857943
QK:/crc/r: 0.000189745 0.445600469 0.554209787
QK:/crrc/c: 0.213957252 0.786042748 0.000000000
QK:/crrc/crr: 0.000000000 0.004859612 0.995140388
QK:/crrc/r: 0.000045967 0.294169443 0.705784590
QK:/rc/c: 0.380319258 0.619680742 0.000000000
QK:/rc/crr: 0.000000000 0.001460648 0.998539352
QK:/rc/r: 0.000006699 0.310058356 0.689934945
QK:/rrc/c: 0.424410049 0.575589951 0.000000000
QK:/rrc/crr: 0.000000000 0.063442461 0.936557539
QK:/rrc/r: 0.000088862 0.522586728 0.477324410
QQ:/cc/c: 0.999967597 0.000032403 0.000000000
QQ:/cc/crr: 0.000000000 0.999983798 0.000016202
QQ:/cc/r: 0.999918597 0.000059801 0.000021602
QQ:/crc/c: 0.999994088 0.000005912 0.000000000
QQ:/crc/crr: 0.000000000 0.999997044 0.000002956
QQ:/crc/r: 0.861469977 0.138526081 0.000003942
QQ:/crrc/c: 0.999997044 0.000002956 0.000000000
QQ:/crrc/crr: 0.000000000 0.999998522 0.000001478
QQ:/crrc/r: 0.999996058 0.000001971 0.000001971
QQ:/rc/c: 0.999994782 0.000005218 0.000000000
QQ:/rc/crr: 0.000000000 0.999997391 0.000002609
QQ:/rc/r: 0.999978011 0.000018510 0.000003479
QQ:/rrc/c: 0.999990770 0.000009230 0.000000000
QQ:/rrc/crr: 0.000000000 0.999995385 0.000004615
QQ:/rrc/r: 0.999958628 0.000035219 0.000006153
