J:/: 0.077589605 0.922410395 0.000000000
J:/cr: 0.018999440 0.032691347 0.948309214
J:/rr: 0.000000000 0.999935558 0.000064442
JJ:/cc/: 0.000265486 0.999734514 0.000000000
JJ:/cc/cr: 0.999996385 0.000001807 0.000001807
JJ:/cc/rr: 0.000000000 0.989791194 0.010208806
JJ:/crc/: 0.963968040 0.036031960 0.000000000
JJ:/crc/cr: 0.998977384 0.000511308 0.000511308
JJ:/crc/rr: 0.000000000 0.999971332 0.000028668
JJ:/crrc/: 0.981795981 0.018204019 0.000000000
JJ:/crrc/cr: 0.996517226 0.001741387 0.001741387
JJ:/crrc/rr: 0.000000000 0.999951568 0.000048432
JJ:/rc/: 0.915775805 0.084224195 0.000000000
JJ:/rc/cr: 0.999489920 0.000255040 0.000255040
JJ:/rc/rr: 0.000000000 0.999964816 0.000035184
JJ:/rrc/: 0.996180599 0.003819401 0.000000000
JJ:/rrc/cr: 0.994375578 0.002812211 0.002812211
JJ:/rrc/rr: 0.000000000 0.999983827 0.000016173
JK:/cc/: 0.076178555 0.923821445 0.000000000
JK:/cc/cr: 0.000001956 0.000001956 0.999996088
JK:/cc/rr: 0.000000000 0.000035578 0.999964422
JK:/crc/: 0.057904584 0.942095416 0.000000000
JK:/crc/cr: 0.039765606 0.000019556 0.960214839
JK:/crc/rr: 0.000000000 0.000477253 0.999522747
JK:/crrc/: 0.999904899 0.000095101 0.000000000
JK:/crrc/cr: 0.333333333 0.333333333 0.333333333
JK:/crrc/rr: 0.000000000 0.000047555 0.999952445
JK:/rc/: 0.990513277 0.009486723 0.000000000
JK:/rc/cr: 0.981712206 0.002264274 0.016023520
JK:/rc/rr: 0.000000000 0.000032529 0.999967471
JK:/rrc/: 0.518010096 0.481989904 0.000000000
JK:/rrc/cr: 0.837872332 0.000022285 0.162105383
JK:/rrc/rr: 0.000000000 0.000031103 0.999968897
JQ:/cc/: 0.160971051 0.839028949 0.000000000
JQ:/cc/cr: 0.000002203 0.000002154 0.999995644
JQ:/cc/rr: 0.000000000 0.000016837 0.999983163
JQ:/crc/: 0.994766781 0.005233219 0.000000000
JQ:/crc/cr: 0.003639540 0.003520478 0.992839982
JQ:/crc/rr: 0.000000000 0.000027781 0.999972219
JQ:/crrc/: 0.040395700 0.959604300 0.000000000
JQ:/crrc/cr: 0.183468806 0.000033035 0.816498160
JQ:/crrc/rr: 0.000000000 0.001177114 0.998822886
JQ:/rc/: 0.998437904 0.001562096 0.000000000
JQ:/rc/cr: 0.013751102 0.013751102 0.972497797
JQ:/rc/rr: 0.000000000 0.000032271 0.999967729
JQ:/rrc/: 0.118280566 0.881719434 0.000000000
JQ:/rrc/cr: 0.000012182 0.000012182 0.999975636
JQ:/rrc/rr: 0.000000000 0.000136214 0.999863786
K:/: 0.750393285 0.249606715 0.000000000
K:/cr: 0.710291782 0.289694864 0.000013354
K:/rr: 0.000000000 0.999993337 0.000006663
KJ:/cc/: 0.000047395 0.999952605 0.000000000
KJ:/cc/cr: 0.000047529 0.000010522 0.999941950
KJ:/cc/rr: 0.000000000 0.788672891 0.211327109
KJ:/crc/: 0.000053429 0.999946571 0.000000000
KJ:/crc/cr: 0.000033864 0.999958452 0.000007683
KJ:/crc/rr: 0.000000000 0.784302487 0.215697513
KJ:/crrc/: 0.076941353 0.923058647 0.000000000
KJ:/crrc/cr: 0.005459080 0.991486367 0.003054552
KJ:/crrc/rr: 0.000000000 0.534320827 0.465679173
KJ:/rc/: 0.077317961 0.922682039 0.000000000
KJ:/rc/cr: 0.004498285 0.971413408 0.024088307
KJ:/rc/rr: 0.000000000 0.378078117 0.621921883
KJ:/rrc/: 0.086607202 0.913392798 0.000000000
KJ:/rrc/cr: 0.000102608 0.999594669 0.000302723
KJ:/rrc/rr: 0.000000000 0.525774718 0.474225282
KK:/cc/: 0.999323823 0.000676177 0.000000000
KK:/cc/cr: 0.980250222 0.009874889 0.009874889
KK:/cc/rr: 0.000000000 0.999989977 0.000010023
KK:/crc/: 0.142843339 0.857156661 0.000000000
KK:/crc/cr: 0.999982073 0.000008963 0.000008963
KK:/crc/rr: 0.000000000 0.999919321 0.000080679
KK:/crrc/: 0.997345842 0.002654158 0.000000000
KK:/crrc/cr: 0.997638774 0.001180613 0.001180613
KK:/crrc/rr: 0.000000000 0.999995287 0.000004713
KK:/rc/: 0.848900080 0.151099920 0.000000000
KK:/rc/cr: 0.999970601 0.000014699 0.000014699
KK:/rc/rr: 0.000000000 0.999996075 0.000003925
KK:/rrc/: 0.534840203 0.465159797 0.000000000
KK:/rrc/cr: 0.999995225 0.000002387 0.000002387
KK:/rrc/rr: 0.000000000 0.999996885 0.000003115
KQ:/cc/: 0.000056091 0.999943909 0.000000000
KQ:/cc/cr: 0.000040094 0.430107944 0.569851961
KQ:/cc/rr: 0.000000000 0.821436583 0.178563417
KQ:/crc/: 0.880811152 0.119188848 0.000000000
KQ:/crc/cr: 0.000327785 0.549544064 0.450128151
KQ:/crc/rr: 0.000000000 0.000046300 0.999953700
KQ:/crrc/: 0.012212003 0.987787997 0.000000000
KQ:/crrc/cr: 0.009825421 0.705901386 0.284273193
KQ:/crrc/rr: 0.000000000 0.142783382 0.857216618
KQ:/rc/: 0.000159460 0.999840540 0.000000000
KQ:/rc/cr: 0.000020191 0.486828982 0.513150827
KQ:/rc/rr: 0.000000000 0.068925316 0.931074684
KQ:/rrc/: 0.721546149 0.278453851 0.000000000
KQ:/rrc/cr: 0.032280961 0.847491933 0.120227106
KQ:/rrc/rr: 0.000000000 0.393789912 0.606210088
Q:/: 0.754566285 0.245433715 0.000000000
Q:/cr: 0.177558238 0.821911401 0.000530361
Q:/rr: 0.000000000 0.999993374 0.000006626
QJ:/cc/: 0.000020372 0.999979628 0.000000000
QJ:/cc/cr: 0.000006791 0.000006791 0.999986418
QJ:/cc/rr: 0.000000000 0.500000000 0.500000000
QJ:/crc/: 0.030884972 0.969115028 0.000000000
QJ:/crc/cr: 0.002547232 0.000002842 0.997449926
QJ:/crc/rr: 0.000000000 0.000133756 0.999866244
QJ:/crrc/: 0.005265767 0.994734233 0.000000000
QJ:/crrc/cr: 0.000031081 0.000012816 0.999956104
QJ:/crrc/rr: 0.000000000 0.003631467 0.996368533
QJ:/rc/: 0.007886008 0.992113992 0.000000000
QJ:/rc/cr: 0.000002226 0.000002226 0.999995547
QJ:/rc/rr: 0.000000000 0.000420132 0.999579868
QJ:/rrc/: 0.000003313 0.999996687 0.000000000
QJ:/rrc/cr: 0.000001104 0.000001104 0.999997791
QJ:/rrc/rr: 0.000000000 0.500000000 0.500000000
QK:/cc/: 0.530265313 0.469734687 0.000000000
QK:/cc/cr: 0.031979816 0.967997212 0.000022972
QK:/cc/rr: 0.000000000 0.999980791 0.000019209
QK:/crc/: 0.003224278 0.996775722 0.000000000
QK:/crc/cr: 0.000002763 0.550944818 0.449052419
QK:/crc/rr: 0.000000000 0.002066806 0.997933194
QK:/crrc/: 0.970260620 0.029739380 0.000000000
QK:/crrc/cr: 0.000688805 0.645464790 0.353846404
QK:/crrc/rr: 0.000000000 0.000522191 0.999477809
QK:/rc/: 0.440975100 0.559024900 0.000000000
QK:/rc/cr: 0.032701979 0.518280740 0.449017281
QK:/rc/rr: 0.000000000 0.201851080 0.798148920
QK:/rrc/: 0.126327949 0.873672051 0.000000000
QK:/rrc/cr: 0.000001264 0.304494553 0.695504183
QK:/rrc/rr: 0.000000000 0.000403305 0.999596695
QQ:/cc/: 0.462587212 0.537412788 0.000000000
QQ:/cc/cr: 0.999974728 0.000012636 0.000012636
QQ:/cc/rr: 0.000000000 0.999977980 0.000022020
QQ:/crc/: 0.989462964 0.010537036 0.000000000
QQ:/crc/cr: 0.999477267 0.000261366 0.000261366
QQ:/crc/rr: 0.000000000 0.999995825 0.000004175
QQ:/crrc/: 0.158531475 0.841468525 0.000000000
QQ:/crrc/cr: 0.999969700 0.000015150 0.000015150
QQ:/crrc/rr: 0.000000000 0.999879378 0.000120622
QQ:/rc/: 0.517030334 0.482969666 0.000000000
QQ:/rc/cr: 0.999990689 0.000004738 0.000004573
QQ:/rc/rr: 0.000000000 0.999993592 0.000006408
QQ:/rrc/: 0.981439727 0.018560273 0.000000000
QQ:/rrc/cr: 0.999880994 0.000059503 0.000059503
QQ:/rrc/rr: 0.000000000 0.999998312 0.000001688
