J:/c: 0.238680605 0.761319395 0.000000000
J:/crr: 0.000000000 0.999979052 0.000020948
J:/r: 0.054748169 0.125396387 0.819855444
JJ:/cc/c: 0.999993432 0.000006568 0.000000000
JJ:/cc/crr: 0.000000000 0.999996716 0.000003284
JJ:/cc/r: 0.999991243 0.000004378 0.000004378
JJ:/crc/c: 0.999979052 0.000020948 0.000000000
JJ:/crc/crr: 0.000000000 0.999989526 0.000010474
JJ:/crc/r: 0.999938932 0.000047102 0.000013966
JJ:/crrc/c: 0.999989526 0.000010474 0.000000000
JJ:/crrc/crr: 0.000000000 0.999994763 0.000005237
JJ:/crrc/r: 0.999950754 0.000042263 0.000006983
JJ:/rc/c: 0.999973418 0.000026582 0.000000000
JJ:/rc/crr: 0.000000000 0.999986708 0.000013292
JJ:/rc/r: 0.999964557 0.000017722 0.000017722
JJ:/rrc/c: 0.999939115 0.000060885 0.000000000
JJ:/rrc/crr: 0.000000000 0.999969556 0.000030444
JJ:/rrc/r: 0.999918820 0.000040590 0.000040590
JK:/cc/c: 0.007329872 0.992670128 0.000000000
JK:/cc/crr: 0.000000000 0.000447999 0.999552001
JK:/cc/r: 0.000004378 0.000004378 0.999991243
JK:/crc/c: 0.712416344 0.287583656 0.000000000
JK:/crc/crr: 0.000000000 0.000014702 0.999985298
JK:/crc/r: 0.031535947 0.000013966 0.968450087
JK:/crrc/c: 0.632778342 0.367221658 0.000000000
JK:/crrc/crr: 0.000000000 0.000008277 0.999991723
JK:/crrc/r: 0.177566189 0.000006983 0.822426828
JK:/rc/c: 0.369451192 0.630548808 0.000000000
JK:/rc/crr: 0.000000000 0.000035975 0.999964025
JK:/rc/r: 0.359734165 0.000017722 0.640248114
JK:/rrc/c: 0.999939115 0.000060885 0.000000000
JK:/rrc/crr: 0.000000000 0.000030444 0.999969556
JK:/rrc/r: 0.369545074 0.000040590 0.630414336
JQ:/cc/c: 0.070622150 0.929377850 0.000000000
JQ:/cc/crr: 0.000000000 0.000046498 0.999953502
JQ:/cc/r: 0.036786311 0.000004378 0.963209311
JQ:/crc/c: 0.737780409 0.262219591 0.000000000
JQ:/crc/crr: 0.000000000 0.000014197 0.999985803
JQ:/crc/r: 0.002100861 0.000013966 0.997885173
JQ:/crrc/c: 0.000246747 0.999753253 0.000000000
JQ:/crrc/crr: 0.000000000 0.021225076 0.978774924
JQ:/crrc/r: 0.191594616 0.000006983 0.808398401
JQ:/rc/c: 0.999973309 0.000026691 0.000000000
JQ:/rc/crr: 0.000000000 0.000013292 0.999986708
JQ:/rc/r: 0.000017722 0.000017722 0.999964557
JQ:/rrc/c: 0.000060885 0.999939115 0.000000000
JQ:/rrc/crr: 0.000000000 0.500000000 0.500000000
JQ:/rrc/r: 0.473017894 0.000040590 0.526941516
K:/c: 0.999990000 0.000010000 0.000000000
K:/crr: 0.000000000 0.999995000 0.000005000
K:/r: 0.588125770 0.411867564 0.000006667
KJ:/cc/c: 0.500000000 0.500000000 0.000000000
KJ:/cc/crr: 0.000000000 0.500000000 0.500000000
KJ:/cc/r: 0.333333333 0.333333333 0.333333333
KJ:/crc/c: 0.180868588 0.819131412 0.000000000
KJ:/crc/crr: 0.000000000 0.999986178 0.000013822
KJ:/crc/r: 0.000003333 0.779535830 0.220460837
KJ:/crrc/c: 0.463470519 0.536529481 0.000000000
KJ:/crrc/crr: 0.000000000 0.999997303 0.000002697
KJ:/crrc/r: 0.000658341 0.902517854 0.096823805
KJ:/rc/c: 0.446851566 0.553148434 0.000000000
KJ:/rc/crr: 0.000000000 0.715186034 0.284813966
KJ:/rc/r: 0.008405724 0.833158638 0.158435638
KJ:/rrc/c: 0.328576713 0.671423287 0.000000000
KJ:/rrc/crr: 0.000000000 0.999991375 0.000008625
KJ:/rrc/r: 0.022104019 0.977892203 0.000003778
KK:/cc/c: 0.500000000 0.500000000 0.000000000
KK:/cc/crr: 0.000000000 0.500000000 0.500000000
KK:/cc/r: 0.333333333 0.333333333 0.333333333
KK:/crc/c: 0.999995000 0.000005000 0.000000000
KK:/crc/crr: 0.000000000 0.999997500 0.000002500
KK:/crc/r: 0.989069500 0.010927167 0.000003333
KK:/crrc/c: 0.999997500 0.000002500 0.000000000
KK:/crrc/crr: 0.000000000 0.999998750 0.000001250
KK:/crrc/r: 0.999767633 0.000230701 0.000001667
KK:/rc/c: 0.999991907 0.000008093 0.000000000
KK:/rc/crr: 0.000000000 0.999995953 0.000004047
KK:/rc/r: 0.999976799 0.000017805 0.000005395
KK:/rrc/c: 0.999994332 0.000005668 0.000000000
KK:/rrc/crr: 0.000000000 0.999997166 0.000002834
KK:/rrc/r: 0.997358651 0.002637571 0.000003778
KQ:/cc/c: 0.500000000 0.500000000 0.000000000
KQ:/cc/crr: 0.000000000 0.500000000 0.500000000
KQ:/cc/r: 0.333333333 0.333333333 0.333333333
KQ:/crc/c: 0.010297194 0.989702806 0.000000000
KQ:/crc/crr: 0.000000000 0.014906764 0.985093236
KQ:/crc/r: 0.000019874 0.435068766 0.564911360
KQ:/crrc/c: 0.671996250 0.328003750 0.000000000
KQ:/crrc/crr: 0.000000000 0.454405595 0.545594405
KQ:/crrc/r: 0.000048946 0.892829365 0.107121689
KQ:/rc/c: 0.000030906 0.999969094 0.000000000
KQ:/rc/crr: 0.000000000 0.130931503 0.869068497
KQ:/rc/r: 0.000010707 0.305588164 0.694401129
KQ:/rrc/c: 0.507642102 0.492357898 0.000000000
KQ:/rrc/crr: 0.000000000 0.452498192 0.547501808
KQ:/rrc/r: 0.063474301 0.568975928 0.367549770
Q:/c: 0.838147337 0.161852663 0.000000000
Q:/crr: 0.000000000 0.999994034 0.000005966
Q:/r: 0.372662358 0.627302552 0.000035090
QJ:/cc/c: 0.000030892 0.999969108 0.000000000
QJ:/cc/crr: 0.000000000 0.500000000 0.500000000
QJ:/cc/r: 0.000020595 0.000020595 0.999958810
QJ:/crc/c: 0.443798756 0.556201244 0.000000000
QJ:/crc/crr: 0.000000000 0.000009694 0.999990306
QJ:/crc/r: 0.000003977 0.000003977 0.999992046
QJ:/crrc/c: 0.000002983 0.999997017 0.000000000
QJ:/crrc/crr: 0.000000000 0.500000000 0.500000000
QJ:/crrc/r: 0.026972960 0.000001989 0.973025051
QJ:/rc/c: 0.000005314 0.999994686 0.000000000
QJ:/rc/crr: 0.000000000 0.500000000 0.500000000
QJ:/rc/r: 0.000007089 0.000003543 0.999989368
QJ:/rrc/c: 0.000008945 0.999991055 0.000000000
QJ:/rrc/crr: 0.000000000 0.500000000 0.500000000
QJ:/rrc/r: 0.000005963 0.000005963 0.999988074
QK:/cc/c: 0.053911901 0.946088099 0.000000000
QK:/cc/crr: 0.000000000 0.999713493 0.000286507
QK:/cc/r: 0.000044436 0.739497899 0.260457665
QK:/crc/c: 0.232701508 0.767298492 0.000000000
QK:/crc/crr: 0.000000000 0.000751281 0.999248719
QK:/crc/r: 0.000003977 0.434252383 0.565743640
QK:/crrc/c: 0.053736282 0.946263718 0.000000000
QK:/crrc/crr: 0.000000000 0.003135355 0.996864645
QK:/crrc/r: 0.000001989 0.455671188 0.544326824
QK:/rc/c: 0.378009921 0.621990079 0.000000000
QK:/rc/crr: 0.000000000 0.010584526 0.989415474
QK:/rc/r: 0.000015318 0.330665560 0.669319121
QK:/rrc/c: 0.438016415 0.561983585 0.000000000
QK:/rrc/crr: 0.000000000 0.000183322 0.999816678
QK:/rrc/r: 0.000013543 0.473881825 0.526104633
QQ:/cc/c: 0.999969108 0.000030892 0.000000000
QQ:/cc/crr: 0.000000000 0.999984553 0.000015447
QQ:/cc/r: 0.999920938 0.000058467 0.000020595
QQ:/crc/c: 0.999994034 0.000005966 0.000000000
QQ:/crc/crr: 0.000000000 0.999997017 0.000002983
QQ:/crc/r: 0.999944591 0.000051432 0.000003977
QQ:/crrc/c: 0.999997017 0.000002983 0.000000000
QQ:/crrc/crr: 0.000000000 0.999998509 0.000001491
QQ:/crrc/r: 0.999967577 0.000030435 0.000001989
QQ:/rc/c: 0.999994686 0.000005314 0.000000000
QQ:/rc/crr: 0.000000000 0.999997343 0.000002657
QQ:/rc/r: 0.991179165 0.008817292 0.000003543
QQ:/rrc/c: 0.999991055 0.000008945 0.000000000
QQ:/rrc/crr: 0.000000000 0.999995528 0.000004472
QQ:/rrc/r: 0.999980972 0.000013065 0.000005963
