J:/c: 0.303730800 0.696269200 0.000000000
J:/crr: 0.000000000 0.999983538 0.000016462
J:/r: 0.053995014 0.123392939 0.822612046
JJ:/cc/c: 0.999992819 0.000007181 0.000000000
JJ:/cc/crr: 0.000000000 0.999996409 0.000003591
JJ:/cc/r: 0.999990425 0.000004787 0.000004787
JJ:/crc/c: 0.999983538 0.000016462 0.000000000
JJ:/crc/crr: 0.000000000 0.999991769 0.000008231
JJ:/crc/r: 0.999807400 0.000181626 0.000010975
JJ:/crrc/c: 0.999991769 0.000008231 0.000000000
JJ:/crrc/crr: 0.000000000 0.999995884 0.000004116
JJ:/crrc/r: 0.999973304 0.000021208 0.000005487
JJ:/rc/c: 0.999972986 0.000027014 0.000000000
JJ:/rc/crr: 0.000000000 0.999986493 0.000013507
JJ:/rc/r: 0.999963981 0.000018009 0.000018009
JJ:/rrc/c: 0.999938266 0.000061734 0.000000000
JJ:/rrc/crr: 0.000000000 0.999969131 0.000030869
JJ:/rrc/r: 0.999802050 0.000156793 0.000041156
JK:/cc/c: 0.004528578 0.995471422 0.000000000
JK:/cc/crr: 0.000000000 0.000792868 0.999207132
JK:/cc/r: 0.000004787 0.000004787 0.999990425
JK:/crc/c: 0.513655355 0.486344645 0.000000000
JK:/crc/crr: 0.000000000 0.000016024 0.999983976
JK:/crc/r: 0.103959946 0.000010975 0.896029079
JK:/crrc/c: 0.356050018 0.643949982 0.000000000
JK:/crrc/crr: 0.000000000 0.000011559 0.999988441
JK:/crrc/r: 0.196259010 0.000005487 0.803735502
JK:/rc/c: 0.378608633 0.621391367 0.000000000
JK:/rc/crr: 0.000000000 0.000035675 0.999964325
JK:/rc/r: 0.360613267 0.000018009 0.639368724
JK:/rrc/c: 0.999889042 0.000110958 0.000000000
JK:/rrc/crr: 0.000000000 0.000030870 0.999969130
JK:/rrc/r: 0.399470456 0.000041156 0.600488388
JQ:/cc/c: 0.070338440 0.929661560 0.000000000
JQ:/cc/crr: 0.000000000 0.000051047 0.999948953
JQ:/cc/r: 0.035385392 0.000004787 0.964609821
JQ:/crc/c: 0.468050380 0.531949620 0.000000000
JQ:/crc/crr: 0.000000000 0.000017586 0.999982414
JQ:/crc/r: 0.066312808 0.000010975 0.933676217
JQ:/crrc/c: 0.049776752 0.950223248 0.000000000
JQ:/crrc/crr: 0.000000000 0.000082680 0.999917320
JQ:/crrc/r: 0.249036367 0.000005487 0.750958146
JQ:/rc/c: 0.994879190 0.005120810 0.000000000
JQ:/rc/crr: 0.000000000 0.000013577 0.999986423
JQ:/rc/r: 0.000018009 0.000018009 0.999963981
JQ:/rrc/c: 0.027429726 0.972570274 0.000000000
JQ:/rrc/crr: 0.000000000 0.001125314 0.998874686
JQ:/rrc/r: 0.504151803 0.000041156 0.495807040
K:/c: 0.999969331 0.000030669 0.000000000
K:/crr: 0.000000000 0.999995000 0.000005000
K:/r: 0.590977044 0.409016290 0.000006667
KJ:/cc/c: 0.366892099 0.633107901 0.000000000
KJ:/cc/crr: 0.000000000 0.777822484 0.222177516
KJ:/cc/r: 0.493131936 0.215060181 0.291807883
KJ:/crc/c: 0.109442447 0.890557553 0.000000000
KJ:/crc/crr: 0.000000000 0.999977156 0.000022844
KJ:/crc/r: 0.000046293 0.757892658 0.242061049
KJ:/crrc/c: 0.456862852 0.543137148 0.000000000
KJ:/crrc/crr: 0.000000000 0.999997264 0.000002736
KJ:/crrc/r: 0.001621901 0.902579183 0.095798915
KJ:/rc/c: 0.431129501 0.568870499 0.000000000
KJ:/rc/crr: 0.000000000 0.979911515 0.020088485
KJ:/rc/r: 0.000024019 0.848120455 0.151855526
KJ:/rrc/c: 0.215228870 0.784771130 0.000000000
KJ:/rrc/crr: 0.000000000 0.999986897 0.000013103
KJ:/rrc/r: 0.026588738 0.928974995 0.044436266
KK:/cc/c: 0.836969650 0.163030350 0.000000000
KK:/cc/crr: 0.000000000 0.902606773 0.097393227
KK:/cc/r: 0.689226454 0.202086645 0.108686900
KK:/crc/c: 0.999995000 0.000005000 0.000000000
KK:/crc/crr: 0.000000000 0.999997500 0.000002500
KK:/crc/r: 0.999973129 0.000023537 0.000003333
KK:/crrc/c: 0.999997500 0.000002500 0.000000000
KK:/crrc/crr: 0.000000000 0.999998750 0.000001250
KK:/crrc/r: 0.999993710 0.000004623 0.000001667
KK:/rc/c: 0.999991850 0.000008150 0.000000000
KK:/rc/crr: 0.000000000 0.999995925 0.000004075
KK:/rc/r: 0.999979250 0.000015317 0.000005433
KK:/rrc/c: 0.999994360 0.000005640 0.000000000
KK:/rrc/crr: 0.000000000 0.999997180 0.000002820
KK:/rrc/r: 0.999837102 0.000159138 0.000003760
KQ:/cc/c: 0.836969650 0.163030350 0.000000000
KQ:/cc/crr: 0.000000000 0.902606773 0.097393227
KQ:/cc/r: 0.500533048 0.381683053 0.117783899
KQ:/crc/c: 0.187651977 0.812348023 0.000000000
KQ:/crc/crr: 0.000000000 0.209309517 0.790690483
KQ:/crc/r: 0.000022551 0.440929277 0.559048172
KQ:/crrc/c: 0.600004923 0.399995077 0.000000000
KQ:/crrc/crr: 0.000000000 0.385637309 0.614362691
KQ:/crrc/r: 0.001348963 0.672364998 0.326286039
KQ:/rc/c: 0.000432542 0.999567458 0.000000000
KQ:/rc/crr: 0.000000000 0.009420626 0.990579374
KQ:/rc/r: 0.000020957 0.306741112 0.693237931
KQ:/rrc/c: 0.528100486 0.471899514 0.000000000
KQ:/rrc/crr: 0.000000000 0.448912937 0.551087063
KQ:/rrc/r: 0.067494784 0.546735200 0.385770015
Q:/c: 0.851366500 0.148633500 0.000000000
Q:/crr: 0.000000000 0.999994127 0.000005873
Q:/r: 0.386640906 0.613323254 0.000035840
QJ:/cc/c: 0.000576672 0.999423328 0.000000000
QJ:/cc/crr: 0.000000000 0.029167182 0.970832818
QJ:/cc/r: 0.000022427 0.000022427 0.999955147
QJ:/crc/c: 0.459448372 0.540551628 0.000000000
QJ:/crc/crr: 0.000000000 0.018387062 0.981612938
QJ:/crc/r: 0.000259220 0.000003915 0.999736865
QJ:/crrc/c: 0.000049559 0.999950441 0.000000000
QJ:/crrc/crr: 0.000000000 0.029625789 0.970374211
QJ:/crrc/r: 0.021659481 0.000001958 0.978338561
QJ:/rc/c: 0.000058148 0.999941852 0.000000000
QJ:/rc/crr: 0.000000000 0.046733054 0.953266946
QJ:/rc/r: 0.009452496 0.000003623 0.990543881
QJ:/rrc/c: 0.000185371 0.999814629 0.000000000
QJ:/rrc/crr: 0.000000000 0.023254078 0.976745922
QJ:/rrc/r: 0.000058466 0.000005748 0.999935787
QK:/cc/c: 0.017338140 0.982661860 0.000000000
QK:/cc/crr: 0.000000000 0.999029890 0.000970110
QK:/cc/r: 0.000098838 0.759371278 0.240529884
QK:/crc/c: 0.347606936 0.652393064 0.000000000
QK:/crc/crr: 0.000000000 0.001100442 0.998899558
QK:/crc/r: 0.000116548 0.437626637 0.562256815
QK:/crrc/c: 0.143202380 0.856797620 0.000000000
QK:/crrc/crr: 0.000000000 0.005636320 0.994363680
QK:/crrc/r: 0.000038265 0.296028463 0.703933271
QK:/rc/c: 0.380037229 0.619962771 0.000000000
QK:/rc/crr: 0.000000000 0.002762204 0.997237796
QK:/rc/r: 0.000009762 0.313626797 0.686363441
QK:/rrc/c: 0.436248958 0.563751042 0.000000000
QK:/rrc/crr: 0.000000000 0.065743410 0.934256590
QK:/rrc/r: 0.000073909 0.496448478 0.503477612
QQ:/cc/c: 0.999966360 0.000033640 0.000000000
QQ:/cc/crr: 0.000000000 0.999983180 0.000016820
QQ:/cc/r: 0.999934194 0.000043380 0.000022427
QQ:/crc/c: 0.999994127 0.000005873 0.000000000
QQ:/crc/crr: 0.000000000 0.999997064 0.000002936
QQ:/crc/r: 0.999949031 0.000047053 0.000003915
QQ:/crrc/c: 0.999997064 0.000002936 0.000000000
QQ:/crrc/crr: 0.000000000 0.999998532 0.000001468
QQ:/crrc/r: 0.999996085 0.000001958 0.000001958
QQ:/rc/c: 0.999994565 0.000005435 0.000000000
QQ:/rc/crr: 0.000000000 0.999997283 0.000002717
QQ:/rc/r: 0.999992334 0.000004043 0.000003623
QQ:/rrc/c: 0.999991379 0.000008621 0.000000000
QQ:/rrc/crr: 0.000000000 0.999995689 0.000004311
QQ:/rrc/r: 0.999961943 0.000032310 0.000005748
