J:/: 0.073619532 0.926380468 0.000000000
J:/cr: 0.019477155 0.031522371 0.949000475
J:/rr: 0.000000000 0.999932083 0.000067917
JJ:/cc/: 0.000123999 0.999876001 0.000000000
JJ:/cc/cr: 0.999993540 0.000004661 0.000001799
JJ:/cc/rr: 0.000000000 0.978236247 0.021763753
JJ:/crc/: 0.897922390 0.102077610 0.000000000
JJ:/crc/cr: 0.999627249 0.000186375 0.000186375
JJ:/crc/rr: 0.000000000 0.999968219 0.000031781
JJ:/crrc/: 0.999013099 0.000986901 0.000000000
JJ:/crrc/cr: 0.937602211 0.031198894 0.031198894
JJ:/crrc/rr: 0.000000000 0.999953769 0.000046231
JJ:/rc/: 0.964807595 0.035192405 0.000000000
JJ:/rc/cr: 0.998713420 0.000643290 0.000643290
JJ:/rc/rr: 0.000000000 0.999964803 0.000035197
JJ:/rrc/: 0.999741861 0.000258139 0.000000000
JJ:/rrc/cr: 0.912293372 0.043853314 0.043853314
JJ:/rrc/rr: 0.000000000 0.999983015 0.000016985
JK:/cc/: 0.084962066 0.915037934 0.000000000
JK:/cc/cr: 0.000001966 0.000001966 0.999996068
JK:/cc/rr: 0.000000000 0.000031763 0.999968237
JK:/crc/: 0.062860710 0.937139290 0.000000000
JK:/crc/cr: 0.035234221 0.000020301 0.964745478
JK:/crc/rr: 0.000000000 0.000453974 0.999546026
JK:/crrc/: 0.999907629 0.000092371 0.000000000
JK:/crrc/cr: 0.333333333 0.333333333 0.333333333
JK:/crrc/rr: 0.000000000 0.000046190 0.999953810
JK:/rc/: 0.999932083 0.000067917 0.000000000
JK:/rc/cr: 0.333333333 0.333333333 0.333333333
JK:/rc/rr: 0.000000000 0.000033961 0.999966039
JK:/rrc/: 0.566940885 0.433059115 0.000000000
JK:/rrc/cr: 0.977700493 0.000026140 0.022273367
JK:/rrc/rr: 0.000000000 0.000029951 0.999970049
JQ:/cc/: 0.152054278 0.847945722 0.000000000
JQ:/cc/cr: 0.000002122 0.000002122 0.999995757
JQ:/cc/rr: 0.000000000 0.000017748 0.999982252
JQ:/crc/: 0.996797800 0.003202200 0.000000000
JQ:/crc/cr: 0.005941153 0.005941153 0.988117694
JQ:/crc/rr: 0.000000000 0.000028629 0.999971371
JQ:/crrc/: 0.024777134 0.975222866 0.000000000
JQ:/crrc/cr: 0.171367565 0.000031572 0.828600863
JQ:/crrc/rr: 0.000000000 0.001864029 0.998135971
JQ:/rc/: 0.998331658 0.001668342 0.000000000
JQ:/rc/cr: 0.013569714 0.013569714 0.972860572
JQ:/rc/rr: 0.000000000 0.000034015 0.999965985
JQ:/rrc/: 0.170755667 0.829244333 0.000000000
JQ:/rrc/cr: 0.000013651 0.000013651 0.999972697
JQ:/rrc/rr: 0.000000000 0.000099442 0.999900558
K:/: 0.756246068 0.243753932 0.000000000
K:/cr: 0.726306231 0.273680094 0.000013675
K:/rr: 0.000000000 0.999993388 0.000006612
KJ:/cc/: 0.000020512 0.999979488 0.000000000
KJ:/cc/cr: 0.000006838 0.000006838 0.999986325
KJ:/cc/rr: 0.000000000 0.500000000 0.500000000
KJ:/crc/: 0.000024984 0.999975016 0.000000000
KJ:/crc/cr: 0.000847873 0.999143799 0.000008328
KJ:/crc/rr: 0.000000000 0.500000000 0.500000000
KJ:/crrc/: 0.000640157 0.999359843 0.000000000
KJ:/crrc/cr: 0.000064585 0.999932275 0.000003140
KJ:/crrc/rr: 0.000000000 0.992647068 0.007352932
KJ:/rc/: 0.024224322 0.975775678 0.000000000
KJ:/rc/cr: 0.001790752 0.989959012 0.008250237
KJ:/rc/rr: 0.000000000 0.037474814 0.962525186
KJ:/rrc/: 0.083473952 0.916526048 0.000000000
KJ:/rrc/cr: 0.000068952 0.999929846 0.000001202
KJ:/rrc/rr: 0.000000000 0.999980198 0.000019802
KK:/cc/: 0.999904989 0.000095011 0.000000000
KK:/cc/cr: 0.856068745 0.071965628 0.071965628
KK:/cc/rr: 0.000000000 0.999989743 0.000010257
KK:/crc/: 0.106689505 0.893310495 0.000000000
KK:/crc/cr: 0.999981355 0.000009322 0.000009322
KK:/crc/rr: 0.000000000 0.999882915 0.000117085
KK:/crrc/: 0.999579394 0.000420606 0.000000000
KK:/crrc/cr: 0.985078579 0.007460711 0.007460711
KK:/crrc/rr: 0.000000000 0.999995291 0.000004709
KK:/rc/: 0.812661621 0.187338379 0.000000000
KK:/rc/cr: 0.999976472 0.000011764 0.000011764
KK:/rc/rr: 0.000000000 0.999995932 0.000004068
KK:/rrc/: 0.525427151 0.474572849 0.000000000
KK:/rrc/cr: 0.999995356 0.000002322 0.000002322
KK:/rrc/rr: 0.000000000 0.999996854 0.000003146
KQ:/cc/: 0.000020512 0.999979488 0.000000000
KQ:/cc/cr: 0.000006838 0.452613666 0.547379497
KQ:/cc/rr: 0.000000000 0.500000000 0.500000000
KQ:/crc/: 0.892069649 0.107930351 0.000000000
KQ:/crc/cr: 0.000077159 0.769606499 0.230316342
KQ:/crc/rr: 0.000000000 0.000014003 0.999985997
KQ:/crrc/: 0.005036407 0.994963593 0.000000000
KQ:/crrc/cr: 0.000055746 0.725907588 0.274036666
KQ:/crrc/rr: 0.000000000 0.034273485 0.965726515
KQ:/rc/: 0.000006612 0.999993388 0.000000000
KQ:/rc/cr: 0.000018387 0.477096977 0.522884636
KQ:/rc/rr: 0.000000000 0.500000000 0.500000000
KQ:/rrc/: 0.704112221 0.295887779 0.000000000
KQ:/rrc/cr: 0.020816545 0.917921384 0.061262071
KQ:/rrc/rr: 0.000000000 0.376389350 0.623610650
Q:/: 0.763172939 0.236827061 0.000000000
Q:/cr: 0.178213189 0.821550991 0.000235820
Q:/rr: 0.000000000 0.999993448 0.000006552
QJ:/cc/: 0.000021112 0.999978888 0.000000000
QJ:/cc/cr: 0.000007038 0.000007038 0.999985925
QJ:/cc/rr: 0.000000000 0.500000000 0.500000000
QJ:/crc/: 0.026462988 0.973537012 0.000000000
QJ:/crc/cr: 0.005856429 0.000002933 0.994140638
QJ:/crc/rr: 0.000000000 0.000161850 0.999838150
QJ:/crrc/: 0.068890133 0.931109867 0.000000000
QJ:/crrc/cr: 0.000014137 0.000014137 0.999971726
QJ:/crrc/rr: 0.000000000 0.000286609 0.999713391
QJ:/rc/: 0.014486762 0.985513238 0.000000000
QJ:/rc/cr: 0.000002216 0.000002216 0.999995568
QJ:/rc/rr: 0.000000000 0.000226124 0.999773876
QJ:/rrc/: 0.000003276 0.999996724 0.000000000
QJ:/rrc/cr: 0.000001092 0.000001092 0.999997816
QJ:/rrc/rr: 0.000000000 0.500000000 0.500000000
QK:/cc/: 0.404298409 0.595701591 0.000000000
QK:/cc/cr: 0.000397607 0.999589674 0.000012719
QK:/cc/rr: 0.000000000 0.999973890 0.000026110
QK:/crc/: 0.000013190 0.999986810 0.000000000
QK:/crc/cr: 0.000002855 0.553659860 0.446337285
QK:/crc/rr: 0.000000000 0.675275534 0.324724466
QK:/crrc/: 0.978649275 0.021350725 0.000000000
QK:/crrc/cr: 0.000616515 0.829935055 0.169448430
QK:/crrc/rr: 0.000000000 0.000536241 0.999463759
QK:/rc/: 0.430385897 0.569614103 0.000000000
QK:/rc/cr: 0.000653130 0.539039310 0.460307560
QK:/rc/rr: 0.000000000 0.207205220 0.792794780
QK:/rrc/: 0.113129921 0.886870079 0.000000000
QK:/rrc/cr: 0.000008074 0.318113842 0.681878085
QK:/rrc/rr: 0.000000000 0.000014478 0.999985522
QQ:/cc/: 0.470482988 0.529517012 0.000000000
QQ:/cc/cr: 0.999973419 0.000013290 0.000013290
QQ:/cc/rr: 0.000000000 0.999977563 0.000022437
QQ:/crc/: 0.980735205 0.019264795 0.000000000
QQ:/crc/cr: 0.999703567 0.000148217 0.000148217
QQ:/crc/rr: 0.000000000 0.999995633 0.000004367
QQ:/crrc/: 0.098109555 0.901890445 0.000000000
QQ:/crrc/cr: 0.999970810 0.000014595 0.000014595
QQ:/crrc/rr: 0.000000000 0.999798750 0.000201250
QQ:/rc/: 0.481095439 0.518904561 0.000000000
QQ:/rc/cr: 0.999991583 0.000004209 0.000004209
QQ:/rc/rr: 0.000000000 0.999993191 0.000006809
QQ:/rrc/: 0.988665543 0.011334457 0.000000000
QQ:/rrc/cr: 0.999807324 0.000096338 0.000096338
QQ:/rrc/rr: 0.000000000 0.999998343 0.000001657
