J:/: 0.085250001 0.914749999 0.000000000
J:/cr: 0.017212035 0.036076155 0.946711810
J:/rr: 0.000000000 0.999941349 0.000058651
JJ:/cc/: 0.000311027 0.999688973 0.000000000
JJ:/cc/cr: 0.999996355 0.000001823 0.000001823
JJ:/cc/rr: 0.000000000 0.991213034 0.008786966
JJ:/crc/: 0.931408061 0.068591939 0.000000000
JJ:/crc/cr: 0.999509135 0.000245432 0.000245432
JJ:/crc/rr: 0.000000000 0.999972888 0.000027112
JJ:/crrc/: 0.931919788 0.068080212 0.000000000
JJ:/crrc/cr: 0.998963422 0.000518289 0.000518289
JJ:/crrc/rr: 0.000000000 0.999943206 0.000056794
JJ:/rc/: 0.945118224 0.054881776 0.000000000
JJ:/rc/cr: 0.999287547 0.000356226 0.000356226
JJ:/rc/rr: 0.000000000 0.999968972 0.000031028
JJ:/rrc/: 0.996432849 0.003567151 0.000000000
JJ:/rrc/cr: 0.994519018 0.002740491 0.002740491
JJ:/rrc/rr: 0.000000000 0.999985284 0.000014716
JK:/cc/: 0.076793623 0.923206377 0.000000000
JK:/cc/cr: 0.000598468 0.000001974 0.999399559
JK:/cc/rr: 0.000000000 0.000035589 0.999964411
JK:/crc/: 0.060465955 0.939534045 0.000000000
JK:/crc/cr: 0.035896981 0.000017918 0.964085100
JK:/crc/rr: 0.000000000 0.000417624 0.999582376
JK:/crrc/: 0.999793813 0.000206187 0.000000000
JK:/crrc/cr: 0.171132428 0.171132428 0.657735144
JK:/crrc/rr: 0.000000000 0.000052939 0.999947061
JK:/rc/: 0.989651800 0.010348200 0.000000000
JK:/rc/cr: 0.837753302 0.001889251 0.160357447
JK:/rc/rr: 0.000000000 0.000029632 0.999970368
JK:/rrc/: 0.493203552 0.506796448 0.000000000
JK:/rrc/cr: 0.727667588 0.000019289 0.272313123
JK:/rrc/rr: 0.000000000 0.000029731 0.999970269
JQ:/cc/: 0.208762633 0.791237367 0.000000000
JQ:/cc/cr: 0.000008022 0.000002303 0.999989675
JQ:/cc/rr: 0.000000000 0.000013091 0.999986909
JQ:/crc/: 0.992106741 0.007893259 0.000000000
JQ:/crc/cr: 0.002132792 0.002132792 0.995734416
JQ:/crc/rr: 0.000000000 0.000025453 0.999974547
JQ:/crrc/: 0.071844530 0.928155470 0.000000000
JQ:/crrc/cr: 0.075338431 0.000038016 0.924623553
JQ:/crrc/rr: 0.000000000 0.000736700 0.999263300
JQ:/rc/: 0.995900357 0.004099643 0.000000000
JQ:/rc/cr: 0.004768791 0.004768791 0.990462418
JQ:/rc/rr: 0.000000000 0.000029446 0.999970554
JQ:/rrc/: 0.111082828 0.888917172 0.000000000
JQ:/rrc/cr: 0.003726009 0.000010997 0.996262993
JQ:/rrc/rr: 0.000000000 0.000132006 0.999867994
K:/: 0.762282112 0.237717888 0.000000000
K:/cr: 0.673928699 0.326057278 0.000014022
K:/rr: 0.000000000 0.999993441 0.000006559
KJ:/cc/: 0.000057234 0.999942766 0.000000000
KJ:/cc/cr: 0.000051737 0.000009791 0.999938472
KJ:/cc/rr: 0.000000000 0.816250586 0.183749414
KJ:/crc/: 0.000045422 0.999954578 0.000000000
KJ:/crc/cr: 0.000038408 0.999954424 0.000007168
KJ:/crc/rr: 0.000000000 0.763299554 0.236700446
KJ:/crrc/: 0.031598655 0.968401345 0.000000000
KJ:/crrc/cr: 0.005474954 0.976642852 0.017882194
KJ:/crrc/rr: 0.000000000 0.263599711 0.736400289
KJ:/rc/: 0.086074991 0.913925009 0.000000000
KJ:/rc/cr: 0.005495449 0.975898336 0.018606214
KJ:/rc/rr: 0.000000000 0.335317960 0.664682040
KJ:/rrc/: 0.111204742 0.888795258 0.000000000
KJ:/rrc/cr: 0.002520635 0.996944591 0.000534774
KJ:/rrc/rr: 0.000000000 0.666297581 0.333702419
KK:/cc/: 0.995159315 0.004840685 0.000000000
KK:/cc/cr: 0.997103256 0.001448372 0.001448372
KK:/cc/rr: 0.000000000 0.999989432 0.000010568
KK:/crc/: 0.134733288 0.865266712 0.000000000
KK:/crc/cr: 0.999983433 0.000008284 0.000008284
KK:/crc/rr: 0.000000000 0.999920203 0.000079797
KK:/crrc/: 0.958768456 0.041231544 0.000000000
KK:/crrc/cr: 0.999831790 0.000084105 0.000084105
KK:/crrc/rr: 0.000000000 0.999994575 0.000005425
KK:/rc/: 0.897354697 0.102645303 0.000000000
KK:/rc/cr: 0.999957399 0.000021301 0.000021301
KK:/rc/rr: 0.000000000 0.999996345 0.000003655
KK:/rrc/: 0.536840675 0.463159325 0.000000000
KK:/rrc/cr: 0.999995279 0.000002360 0.000002360
KK:/rrc/rr: 0.000000000 0.999996945 0.000003055
KQ:/cc/: 0.000081238 0.999918762 0.000000000
KQ:/cc/cr: 0.000050610 0.441930986 0.558018404
KQ:/cc/rr: 0.000000000 0.870544967 0.129455033
KQ:/crc/: 0.914048133 0.085951867 0.000000000
KQ:/crc/cr: 0.000622575 0.487958145 0.511419280
KQ:/crc/rr: 0.000000000 0.000020115 0.999979885
KQ:/crrc/: 0.027935091 0.972064909 0.000000000
KQ:/crrc/cr: 0.054747748 0.649739195 0.295513056
KQ:/crrc/rr: 0.000000000 0.380777215 0.619222785
KQ:/rc/: 0.000257977 0.999742023 0.000000000
KQ:/rc/cr: 0.000035685 0.507298165 0.492666150
KQ:/rc/rr: 0.000000000 0.200992783 0.799007217
KQ:/rrc/: 0.686381989 0.313618011 0.000000000
KQ:/rrc/cr: 0.027569318 0.845527424 0.126903257
KQ:/rrc/rr: 0.000000000 0.391763225 0.608236775
Q:/: 0.739491784 0.260508216 0.000000000
Q:/cr: 0.150020615 0.848987027 0.000992358
Q:/rr: 0.000000000 0.999993239 0.000006761
QJ:/cc/: 0.000019193 0.999980807 0.000000000
QJ:/cc/cr: 0.000022244 0.000006398 0.999971358
QJ:/cc/rr: 0.000000000 0.500000000 0.500000000
QJ:/crc/: 0.029133454 0.970866546 0.000000000
QJ:/crc/cr: 0.003600307 0.000002587 0.996397105
QJ:/crc/rr: 0.000000000 0.000129331 0.999870669
QJ:/crrc/: 0.029372362 0.970627638 0.000000000
QJ:/crrc/cr: 0.000194678 0.000014645 0.999790676
QJ:/crrc/rr: 0.000000000 0.000725951 0.999274049
QJ:/rc/: 0.009354646 0.990645354 0.000000000
QJ:/rc/cr: 0.000003629 0.000002275 0.999994096
QJ:/rc/rr: 0.000000000 0.000361393 0.999638607
QJ:/rrc/: 0.000025785 0.999974215 0.000000000
QJ:/rrc/cr: 0.000001339 0.000001127 0.999997534
QJ:/rrc/rr: 0.000000000 0.065555894 0.934444106
QK:/cc/: 0.557623362 0.442376638 0.000000000
QK:/cc/cr: 0.001150086 0.998538360 0.000311554
QK:/cc/rr: 0.000000000 0.999982790 0.000017210
QK:/crc/: 0.010199359 0.989800641 0.000000000
QK:/crc/cr: 0.000002538 0.556363103 0.443634359
QK:/crc/rr: 0.000000000 0.000369423 0.999630577
QK:/crrc/: 0.903447112 0.096552888 0.000000000
QK:/crrc/cr: 0.000236516 0.486825112 0.512938372
QK:/crrc/rr: 0.000000000 0.000620570 0.999379430
QK:/rc/: 0.476406380 0.523593620 0.000000000
QK:/rc/cr: 0.070429877 0.498588014 0.430982109
QK:/rc/rr: 0.000000000 0.197878200 0.802121800
QK:/rrc/: 0.122829721 0.877170279 0.000000000
QK:/rrc/cr: 0.000001285 0.304602889 0.695395826
QK:/rrc/rr: 0.000000000 0.000675152 0.999324848
QQ:/cc/: 0.593746630 0.406253370 0.000000000
QQ:/cc/cr: 0.999968504 0.000015748 0.000015748
QQ:/cc/rr: 0.000000000 0.999983837 0.000016163
QQ:/crc/: 0.985812352 0.014187648 0.000000000
QQ:/crc/cr: 0.999645901 0.000177049 0.000177049
QQ:/crc/rr: 0.000000000 0.999996178 0.000003822
QQ:/crrc/: 0.204412689 0.795587311 0.000000000
QQ:/crrc/cr: 0.999964265 0.000017868 0.000017868
QQ:/crrc/rr: 0.000000000 0.999895687 0.000104313
QQ:/rc/: 0.587611140 0.412388860 0.000000000
QQ:/rc/cr: 0.999989070 0.000005465 0.000005465
QQ:/rc/rr: 0.000000000 0.999994247 0.000005753
QQ:/rrc/: 0.974998206 0.025001794 0.000000000
QQ:/rrc/cr: 0.999909854 0.000045073 0.000045073
QQ:/rrc/rr: 0.000000000 0.999998266 0.000001734
