J:/c: 0.303327821 0.696672179 0.000000000
J:/crr: 0.000000000 0.999983516 0.000016484
J:/r: 0.052175246 0.129606677 0.818218077
JJ:/cc/c: 0.999992823 0.000007177 0.000000000
JJ:/cc/crr: 0.000000000 0.999996411 0.000003589
JJ:/cc/r: 0.999990431 0.000004785 0.000004785
JJ:/crc/c: 0.999983516 0.000016484 0.000000000
JJ:/crc/crr: 0.000000000 0.999991758 0.000008242
JJ:/crc/r: 0.999957766 0.000031245 0.000010989
JJ:/crrc/c: 0.999991758 0.000008242 0.000000000
JJ:/crrc/crr: 0.000000000 0.999995879 0.000004121
JJ:/crrc/r: 0.999975677 0.000018828 0.000005495
JJ:/rc/c: 0.999974281 0.000025719 0.000000000
JJ:/rc/crr: 0.000000000 0.999987140 0.000012860
JJ:/rc/r: 0.999961691 0.000021163 0.000017146
JJ:/rrc/c: 0.999936113 0.000063887 0.000000000
JJ:/rrc/crr: 0.000000000 0.999968054 0.000031946
JJ:/rrc/r: 0.999757843 0.000199565 0.000042592
JK:/cc/c: 0.007190816 0.992809184 0.000000000
JK:/cc/crr: 0.000000000 0.000499038 0.999500962
JK:/cc/r: 0.000004785 0.000004785 0.999990431
JK:/crc/c: 0.520206234 0.479793766 0.000000000
JK:/crc/crr: 0.000000000 0.000015844 0.999984156
JK:/crc/r: 0.069243806 0.000010989 0.930745205
JK:/crrc/c: 0.440850891 0.559149109 0.000000000
JK:/crrc/crr: 0.000000000 0.000009348 0.999990652
JK:/crrc/r: 0.157083391 0.000005495 0.842911115
JK:/rc/c: 0.379352194 0.620647806 0.000000000
JK:/rc/crr: 0.000000000 0.000033898 0.999966102
JK:/rc/r: 0.349677608 0.000017146 0.650305246
JK:/rrc/c: 0.999812032 0.000187968 0.000000000
JK:/rrc/crr: 0.000000000 0.000031950 0.999968050
JK:/rrc/r: 0.281719672 0.000042592 0.718237736
JQ:/cc/c: 0.067894401 0.932105599 0.000000000
JQ:/cc/crr: 0.000000000 0.000052854 0.999947146
JQ:/cc/r: 0.031636723 0.000004785 0.968358493
JQ:/crc/c: 0.448917786 0.551082214 0.000000000
JQ:/crc/crr: 0.000000000 0.000018360 0.999981640
JQ:/crc/r: 0.052198250 0.000010989 0.947790761
JQ:/crrc/c: 0.049289589 0.950710411 0.000000000
JQ:/crrc/crr: 0.000000000 0.000083608 0.999916392
JQ:/crrc/r: 0.245856466 0.000005495 0.754138040
JQ:/rc/c: 0.992305973 0.007694027 0.000000000
JQ:/rc/crr: 0.000000000 0.000012959 0.999987041
JQ:/rc/r: 0.000017146 0.000017146 0.999965708
JQ:/rrc/c: 0.003334797 0.996665203 0.000000000
JQ:/rrc/crr: 0.000000000 0.009578884 0.990421116
JQ:/rrc/r: 0.435642112 0.000042592 0.564315296
K:/c: 0.999940674 0.000059326 0.000000000
K:/crr: 0.000000000 0.999995000 0.000005000
K:/r: 0.572866316 0.427127017 0.000006667
KJ:/cc/c: 0.206308776 0.793691224 0.000000000
KJ:/cc/crr: 0.000000000 0.795743601 0.204256399
KJ:/cc/r: 0.275865333 0.117149564 0.606985103
KJ:/crc/c: 0.154015844 0.845984156 0.000000000
KJ:/crc/crr: 0.000000000 0.999983767 0.000016233
KJ:/crc/r: 0.000085936 0.729321577 0.270592487
KJ:/crrc/c: 0.430106590 0.569893410 0.000000000
KJ:/crrc/crr: 0.000000000 0.916573435 0.083426565
KJ:/crrc/r: 0.010470357 0.872923662 0.116605981
KJ:/rc/c: 0.442769595 0.557230405 0.000000000
KJ:/rc/crr: 0.000000000 0.677278123 0.322721877
KJ:/rc/r: 0.008848895 0.807586454 0.183564651
KJ:/rrc/c: 0.446118233 0.553881767 0.000000000
KJ:/rrc/crr: 0.000000000 0.999993479 0.000006521
KJ:/rrc/r: 0.037629187 0.902329568 0.060041245
KK:/cc/c: 0.915720224 0.084279776 0.000000000
KK:/cc/crr: 0.000000000 0.953981700 0.046018300
KK:/cc/r: 0.785153100 0.158660383 0.056186517
KK:/crc/c: 0.999995000 0.000005000 0.000000000
KK:/crc/crr: 0.000000000 0.999997500 0.000002500
KK:/crc/r: 0.999988768 0.000007898 0.000003334
KK:/crrc/c: 0.999997500 0.000002500 0.000000000
KK:/crrc/crr: 0.000000000 0.999998750 0.000001250
KK:/crrc/r: 0.999994772 0.000003562 0.000001667
KK:/rc/c: 0.999992196 0.000007804 0.000000000
KK:/rc/crr: 0.000000000 0.999996098 0.000003902
KK:/rc/r: 0.999979756 0.000015042 0.000005203
KK:/rrc/c: 0.999994181 0.000005819 0.000000000
KK:/rrc/crr: 0.000000000 0.999997091 0.000002909
KK:/rrc/r: 0.999763260 0.000232861 0.000003879
KQ:/cc/c: 0.426080314 0.573919686 0.000000000
KQ:/cc/crr: 0.000000000 0.901098721 0.098901279
KQ:/cc/r: 0.271770724 0.668583412 0.059645864
KQ:/crc/c: 0.224574185 0.775425815 0.000000000
KQ:/crc/crr: 0.000000000 0.092963694 0.907036306
KQ:/crc/r: 0.000027999 0.435653936 0.564318065
KQ:/crrc/c: 0.577291625 0.422708375 0.000000000
KQ:/crrc/crr: 0.000000000 0.390075031 0.609924969
KQ:/crrc/r: 0.001783966 0.633373743 0.364842291
KQ:/rc/c: 0.000813099 0.999186901 0.000000000
KQ:/rc/crr: 0.000000000 0.037438844 0.962561156
KQ:/rc/r: 0.000022596 0.300073393 0.699904011
KQ:/rrc/c: 0.529653434 0.470346566 0.000000000
KQ:/rrc/crr: 0.000000000 0.481890215 0.518109785
KQ:/rrc/r: 0.084562237 0.539743364 0.375694399
Q:/c: 0.838154229 0.161845771 0.000000000
Q:/crr: 0.000000000 0.999994035 0.000005965
Q:/r: 0.357974041 0.641978934 0.000047025
QJ:/cc/c: 0.000273095 0.999726905 0.000000000
QJ:/cc/crr: 0.000000000 0.056562001 0.943437999
QJ:/cc/r: 0.000025430 0.000020596 0.999953974
QJ:/crc/c: 0.444843110 0.555156890 0.000000000
QJ:/crc/crr: 0.000000000 0.006696726 0.993303274
QJ:/crc/r: 0.000003977 0.000003977 0.999992046
QJ:/crrc/c: 0.000074480 0.999925520 0.000000000
QJ:/crrc/crr: 0.000000000 0.020023916 0.979976084
QJ:/crrc/r: 0.028498746 0.000001989 0.971499265
QJ:/rc/c: 0.000126412 0.999873588 0.000000000
QJ:/rc/crr: 0.000000000 0.020537191 0.979462809
QJ:/rc/r: 0.014672601 0.000003462 0.985323937
QJ:/rrc/c: 0.000229826 0.999770174 0.000000000
QJ:/rrc/crr: 0.000000000 0.023841803 0.976158197
QJ:/rrc/r: 0.000081517 0.000006208 0.999912275
QK:/cc/c: 0.011854040 0.988145960 0.000000000
QK:/cc/crr: 0.000000000 0.998696916 0.001303084
QK:/cc/r: 0.000092993 0.708492308 0.291414699
QK:/crc/c: 0.323277195 0.676722805 0.000000000
QK:/crc/crr: 0.000000000 0.004344031 0.995655969
QK:/crc/r: 0.000196403 0.454593764 0.545209833
QK:/crrc/c: 0.008719880 0.991280120 0.000000000
QK:/crrc/crr: 0.000000000 0.037190035 0.962809965
QK:/crrc/r: 0.000062960 0.298121684 0.701815356
QK:/rc/c: 0.376434987 0.623565013 0.000000000
QK:/rc/crr: 0.000000000 0.025509744 0.974490256
QK:/rc/r: 0.000009448 0.326668549 0.673322003
QK:/rrc/c: 0.418846443 0.581153557 0.000000000
QK:/rrc/crr: 0.000000000 0.027958935 0.972041065
QK:/rrc/r: 0.000172871 0.498832536 0.500994593
QQ:/cc/c: 0.999969106 0.000030894 0.000000000
QQ:/cc/crr: 0.000000000 0.999984553 0.000015447
QQ:/cc/r: 0.999940206 0.000039198 0.000020596
QQ:/crc/c: 0.999994035 0.000005965 0.000000000
QQ:/crc/crr: 0.000000000 0.999997017 0.000002983
QQ:/crc/r: 0.999958883 0.000037140 0.000003977
QQ:/crrc/c: 0.999997017 0.000002983 0.000000000
QQ:/crrc/crr: 0.000000000 0.999998509 0.000001491
QQ:/crrc/r: 0.999996023 0.000001989 0.000001989
QQ:/rc/c: 0.999994808 0.000005192 0.000000000
QQ:/rc/crr: 0.000000000 0.999997404 0.000002596
QQ:/rc/r: 0.999992310 0.000004228 0.000003462
QQ:/rrc/c: 0.999990688 0.000009312 0.000000000
QQ:/rrc/crr: 0.000000000 0.999995344 0.000004656
QQ:/rrc/r: 0.999959505 0.000034287 0.000006208
