J:/c: 0.297649653 0.702350347 0.000000000
J:/crr: 0.000000000 0.999983202 0.000016798
J:/r: 0.055039112 0.126744304 0.818216584
JJ:/cc/c: 0.999992881 0.000007119 0.000000000
JJ:/cc/crr: 0.000000000 0.999996440 0.000003560
JJ:/cc/r: 0.999990508 0.000004746 0.000004746
JJ:/crc/c: 0.999983202 0.000016798 0.000000000
JJ:/crc/crr: 0.000000000 0.999991601 0.000008399
JJ:/crc/r: 0.999617948 0.000370853 0.000011199
JJ:/crrc/c: 0.999991601 0.000008399 0.000000000
JJ:/crrc/crr: 0.000000000 0.999995800 0.000004200
JJ:/crrc/r: 0.999972399 0.000022001 0.000005600
JJ:/rc/c: 0.999973700 0.000026300 0.000000000
JJ:/rc/crr: 0.000000000 0.999986850 0.000013150
JJ:/rc/r: 0.999862372 0.000120095 0.000017533
JJ:/rrc/c: 0.999939437 0.000060563 0.000000000
JJ:/rrc/crr: 0.000000000 0.999969717 0.000030283
JJ:/rrc/r: 0.999841837 0.000117788 0.000040375
JK:/cc/c: 0.000230931 0.999769069 0.000000000
JK:/cc/crr: 0.000000000 0.015413579 0.984586421
JK:/cc/r: 0.000004746 0.000004746 0.999990508
JK:/crc/c: 0.564208324 0.435791676 0.000000000
JK:/crc/crr: 0.000000000 0.000014887 0.999985113
JK:/crc/r: 0.033041662 0.000011199 0.966947139
JK:/crrc/c: 0.494176082 0.505823918 0.000000000
JK:/crrc/crr: 0.000000000 0.000008752 0.999991248
JK:/crrc/r: 0.207795923 0.000005600 0.792198478
JK:/rc/c: 0.367967039 0.632032961 0.000000000
JK:/rc/crr: 0.000000000 0.000035736 0.999964264
JK:/rc/r: 0.365944909 0.000017533 0.634037558
JK:/rrc/c: 0.999939437 0.000060563 0.000000000
JK:/rrc/crr: 0.000000000 0.000030283 0.999969717
JK:/rrc/r: 0.281865079 0.000040375 0.718094545
JQ:/cc/c: 0.073357394 0.926642606 0.000000000
JQ:/cc/crr: 0.000000000 0.000048522 0.999951478
JQ:/cc/r: 0.036921008 0.000004746 0.963074246
JQ:/crc/c: 0.529101662 0.470898338 0.000000000
JQ:/crc/crr: 0.000000000 0.000015874 0.999984126
JQ:/crc/r: 0.069954433 0.000011199 0.930034368
JQ:/crrc/c: 0.056144839 0.943855161 0.000000000
JQ:/crrc/crr: 0.000000000 0.000074800 0.999925200
JQ:/crrc/r: 0.209460771 0.000005600 0.790533630
JQ:/rc/c: 0.997755797 0.002244203 0.000000000
JQ:/rc/crr: 0.000000000 0.000013179 0.999986821
JQ:/rc/r: 0.000017533 0.000017533 0.999964934
JQ:/rrc/c: 0.011463365 0.988536635 0.000000000
JQ:/rrc/crr: 0.000000000 0.002641589 0.997358411
JQ:/rrc/r: 0.422293302 0.000040375 0.577666322
K:/c: 0.999948013 0.000051987 0.000000000
K:/crr: 0.000000000 0.999995000 0.000005000
K:/r: 0.580395543 0.419597790 0.000006667
KJ:/cc/c: 0.096178616 0.903821384 0.000000000
KJ:/cc/crr: 0.000000000 0.500000000 0.500000000
KJ:/cc/r: 0.064119077 0.064119077 0.871761845
KJ:/crc/c: 0.152934804 0.847065196 0.000000000
KJ:/crc/crr: 0.000000000 0.999983652 0.000016348
KJ:/crc/r: 0.000040663 0.731494714 0.268464623
KJ:/crrc/c: 0.350698902 0.649301098 0.000000000
KJ:/crrc/crr: 0.000000000 0.999996435 0.000003565
KJ:/crrc/r: 0.019264517 0.816041163 0.164694320
KJ:/rc/c: 0.408651043 0.591348957 0.000000000
KJ:/rc/crr: 0.000000000 0.995265743 0.004734257
KJ:/rc/r: 0.050244674 0.713644145 0.236111181
KJ:/rrc/c: 0.425156767 0.574843233 0.000000000
KJ:/rrc/crr: 0.000000000 0.999993246 0.000006754
KJ:/rrc/r: 0.039332344 0.915286125 0.045381532
KK:/cc/c: 0.903821384 0.096178616 0.000000000
KK:/cc/crr: 0.000000000 0.946793350 0.053206650
KK:/cc/r: 0.871761845 0.064119077 0.064119077
KK:/crc/c: 0.999995000 0.000005000 0.000000000
KK:/crc/crr: 0.000000000 0.999997500 0.000002500
KK:/crc/r: 0.983968386 0.016028281 0.000003334
KK:/crrc/c: 0.999997500 0.000002500 0.000000000
KK:/crrc/crr: 0.000000000 0.999998750 0.000001250
KK:/crrc/r: 0.999986076 0.000012258 0.000001667
KK:/rc/c: 0.999992056 0.000007944 0.000000000
KK:/rc/crr: 0.000000000 0.999996028 0.000003972
KK:/rc/r: 0.999980750 0.000013954 0.000005296
KK:/rrc/c: 0.999994257 0.000005743 0.000000000
KK:/rrc/crr: 0.000000000 0.999997128 0.000002872
KK:/rrc/r: 0.999869571 0.000126600 0.000003829
KQ:/cc/c: 0.096178616 0.903821384 0.000000000
KQ:/cc/crr: 0.000000000 0.500000000 0.500000000
KQ:/cc/r: 0.064119077 0.871761845 0.064119077
KQ:/crc/c: 0.185330048 0.814669952 0.000000000
KQ:/crc/crr: 0.000000000 0.274490505 0.725509495
KQ:/crc/r: 0.000022054 0.427205030 0.572772916
KQ:/crrc/c: 0.585899456 0.414100544 0.000000000
KQ:/crrc/crr: 0.000000000 0.426753556 0.573246444
KQ:/crrc/r: 0.000473773 0.737356276 0.262169951
KQ:/rc/c: 0.000575871 0.999424129 0.000000000
KQ:/rc/crr: 0.000000000 0.012643850 0.987356150
KQ:/rc/r: 0.000017312 0.300620982 0.699361706
KQ:/rrc/c: 0.491358809 0.508641191 0.000000000
KQ:/rrc/crr: 0.000000000 0.472163307 0.527836693
KQ:/rrc/r: 0.077608537 0.548726986 0.373664477
Q:/c: 0.849542178 0.150457822 0.000000000
Q:/crr: 0.000000000 0.999994114 0.000005886
Q:/r: 0.364454268 0.635518173 0.000027558
QJ:/cc/c: 0.000591868 0.999408132 0.000000000
QJ:/cc/crr: 0.000000000 0.028073731 0.971926269
QJ:/cc/r: 0.000022155 0.000022155 0.999955691
QJ:/crc/c: 0.471324186 0.528675814 0.000000000
QJ:/crc/crr: 0.000000000 0.000021895 0.999978105
QJ:/crc/r: 0.000124421 0.000003924 0.999871655
QJ:/crrc/c: 0.000002943 0.999997057 0.000000000
QJ:/crrc/crr: 0.000000000 0.500000000 0.500000000
QJ:/crrc/r: 0.028298138 0.000001962 0.971699900
QJ:/rc/c: 0.000025615 0.999974385 0.000000000
QJ:/rc/crr: 0.000000000 0.102380698 0.897619302
QJ:/rc/r: 0.011784382 0.000003497 0.988212122
QJ:/rrc/c: 0.000074971 0.999925029 0.000000000
QJ:/rrc/crr: 0.000000000 0.060997252 0.939002748
QJ:/rrc/r: 0.000083854 0.000006097 0.999910048
QK:/cc/c: 0.038229159 0.961770841 0.000000000
QK:/cc/crr: 0.000000000 0.999565359 0.000434641
QK:/cc/r: 0.000081540 0.746372531 0.253545929
QK:/crc/c: 0.260598528 0.739401472 0.000000000
QK:/crc/crr: 0.000000000 0.000579883 0.999420117
QK:/crc/r: 0.000060347 0.451516384 0.548423269
QK:/crrc/c: 0.000450238 0.999549762 0.000000000
QK:/crrc/crr: 0.000000000 0.996731971 0.003268029
QK:/crrc/r: 0.000051300 0.277601329 0.722347372
QK:/rc/c: 0.379722177 0.620277823 0.000000000
QK:/rc/crr: 0.000000000 0.000991324 0.999008676
QK:/rc/r: 0.000009276 0.308315339 0.691675384
QK:/rrc/c: 0.424962402 0.575037598 0.000000000
QK:/rrc/crr: 0.000000000 0.054848149 0.945151851
QK:/rrc/r: 0.000075992 0.515249937 0.484674072
QQ:/cc/c: 0.999966768 0.000033232 0.000000000
QQ:/cc/crr: 0.000000000 0.999983383 0.000016617
QQ:/cc/r: 0.999616936 0.000360909 0.000022155
QQ:/crc/c: 0.999994114 0.000005886 0.000000000
QQ:/crc/crr: 0.000000000 0.999997057 0.000002943
QQ:/crc/r: 0.999943251 0.000052825 0.000003924
QQ:/crrc/c: 0.999997057 0.000002943 0.000000000
QQ:/crrc/crr: 0.000000000 0.999998529 0.000001471
QQ:/crrc/r: 0.998733483 0.001264556 0.000001962
QQ:/rc/c: 0.999994755 0.000005245 0.000000000
QQ:/rc/crr: 0.000000000 0.999997377 0.000002623
QQ:/rc/r: 0.999992312 0.000004191 0.000003497
QQ:/rrc/c: 0.999990854 0.000009146 0.000000000
QQ:/rrc/crr: 0.000000000 0.999995427 0.000004573
QQ:/rrc/r: 0.999953396 0.000040507 0.000006097
