J:/c: 0.306540963 0.693459037 0.000000000
J:/crr: 0.000000000 0.999983689 0.000016311
J:/r: 0.054264074 0.125993102 0.819742824
JJ:/cc/c: 0.999992790 0.000007210 0.000000000
JJ:/cc/crr: 0.000000000 0.999996395 0.000003605
JJ:/cc/r: 0.999986851 0.000008342 0.000004807
JJ:/crc/c: 0.999983689 0.000016311 0.000000000
JJ:/crc/crr: 0.000000000 0.999991844 0.000008156
JJ:/crc/r: 0.999978252 0.000010874 0.000010874
JJ:/crrc/c: 0.999991844 0.000008156 0.000000000
JJ:/crrc/crr: 0.000000000 0.999995922 0.000004078
JJ:/crrc/r: 0.999989126 0.000005437 0.000005437
JJ:/rc/c: 0.999973544 0.000026456 0.000000000
JJ:/rc/crr: 0.000000000 0.999986771 0.000013229
JJ:/rc/r: 0.999964725 0.000017638 0.000017638
JJ:/rrc/c: 0.999938572 0.000061428 0.000000000
JJ:/rrc/crr: 0.000000000 0.999969284 0.000030716
JJ:/rrc/r: 0.999918096 0.000040952 0.000040952
JK:/cc/c: 0.007340723 0.992659277 0.000000000
JK:/cc/crr: 0.000000000 0.000491112 0.999508888
JK:/cc/r: 0.000017529 0.000004807 0.999977664
JK:/crc/c: 0.490707400 0.509292600 0.000000000
JK:/crc/crr: 0.000000000 0.000016620 0.999983380
JK:/crc/r: 0.057990296 0.000010874 0.941998830
JK:/crrc/c: 0.645215243 0.354784757 0.000000000
JK:/crrc/crr: 0.000000000 0.000006320 0.999993680
JK:/crrc/r: 0.203531288 0.000005437 0.796463275
JK:/rc/c: 0.396440542 0.603559458 0.000000000
JK:/rc/crr: 0.000000000 0.000033368 0.999966632
JK:/rc/r: 0.368275230 0.000017638 0.631707132
JK:/rrc/c: 0.999938572 0.000061428 0.000000000
JK:/rrc/crr: 0.000000000 0.000030716 0.999969284
JK:/rrc/r: 0.305201234 0.000040952 0.694757814
JQ:/cc/c: 0.066944049 0.933055951 0.000000000
JQ:/cc/crr: 0.000000000 0.000053853 0.999946147
JQ:/cc/r: 0.028911402 0.000004807 0.971083791
JQ:/crc/c: 0.529061400 0.470938600 0.000000000
JQ:/crc/crr: 0.000000000 0.000015415 0.999984585
JQ:/crc/r: 0.005986036 0.000010874 0.994003090
JQ:/crrc/c: 0.024901260 0.975098740 0.000000000
JQ:/crrc/crr: 0.000000000 0.000163760 0.999836240
JQ:/crrc/r: 0.240695688 0.000005437 0.759298875
JQ:/rc/c: 0.999893611 0.000106389 0.000000000
JQ:/rc/crr: 0.000000000 0.000013230 0.999986770
JQ:/rc/r: 0.000017638 0.000017638 0.999964725
JQ:/rrc/c: 0.003686072 0.996313928 0.000000000
JQ:/rrc/crr: 0.000000000 0.008332447 0.991667553
JQ:/rrc/r: 0.603323546 0.000040952 0.396635502
K:/c: 0.999990000 0.000010000 0.000000000
K:/crr: 0.000000000 0.999995000 0.000005000
K:/r: 0.581784243 0.418209090 0.000006667
KJ:/cc/c: 0.500000000 0.500000000 0.000000000
KJ:/cc/crr: 0.000000000 0.500000000 0.500000000
KJ:/cc/r: 0.333333333 0.333333333 0.333333333
KJ:/crc/c: 0.156326806 0.843673194 0.000000000
KJ:/crc/crr: 0.000000000 0.999984008 0.000015992
KJ:/crc/r: 0.000019462 0.725453362 0.274527176
KJ:/crrc/c: 0.482860492 0.517139508 0.000000000
KJ:/crrc/crr: 0.000000000 0.999997411 0.000002589
KJ:/crrc/r: 0.004918273 0.995042590 0.000039137
KJ:/rc/c: 0.415181034 0.584818966 0.000000000
KJ:/rc/crr: 0.000000000 0.611377337 0.388622663
KJ:/rc/r: 0.050332545 0.737172554 0.212494901
KJ:/rrc/c: 0.336167110 0.663832890 0.000000000
KJ:/rrc/crr: 0.000000000 0.999991478 0.000008522
KJ:/rrc/r: 0.007111245 0.958401007 0.034487748
KK:/cc/c: 0.500000000 0.500000000 0.000000000
KK:/cc/crr: 0.000000000 0.500000000 0.500000000
KK:/cc/r: 0.333333333 0.333333333 0.333333333
KK:/crc/c: 0.999995000 0.000005000 0.000000000
KK:/crc/crr: 0.000000000 0.999997500 0.000002500
KK:/crc/r: 0.984591737 0.015404929 0.000003333
KK:/crrc/c: 0.999997500 0.000002500 0.000000000
KK:/crrc/crr: 0.000000000 0.999998750 0.000001250
KK:/crrc/r: 0.999856624 0.000141709 0.000001667
KK:/rc/c: 0.999992030 0.000007970 0.000000000
KK:/rc/crr: 0.000000000 0.999996015 0.000003985
KK:/rc/r: 0.999977175 0.000017512 0.000005314
KK:/rrc/c: 0.999994270 0.000005730 0.000000000
KK:/rrc/crr: 0.000000000 0.999997135 0.000002865
KK:/rrc/r: 0.997384580 0.002611600 0.000003820
KQ:/cc/c: 0.500000000 0.500000000 0.000000000
KQ:/cc/crr: 0.000000000 0.500000000 0.500000000
KQ:/cc/r: 0.333333333 0.333333333 0.333333333
KQ:/crc/c: 0.064845500 0.935154500 0.000000000
KQ:/crc/crr: 0.000000000 0.005826257 0.994173743
KQ:/crc/r: 0.000017632 0.441372329 0.558610039
KQ:/crrc/c: 0.638866771 0.361133229 0.000000000
KQ:/crrc/crr: 0.000000000 0.466101678 0.533898322
KQ:/crrc/r: 0.000228071 0.619706946 0.380064984
KQ:/rc/c: 0.000007970 0.999992030 0.000000000
KQ:/rc/crr: 0.000000000 0.500000000 0.500000000
KQ:/rc/r: 0.000010019 0.300671923 0.699318058
KQ:/rrc/c: 0.503175089 0.496824911 0.000000000
KQ:/rrc/crr: 0.000000000 0.485600892 0.514399108
KQ:/rrc/r: 0.009215321 0.660846777 0.329937902
Q:/c: 0.843408314 0.156591686 0.000000000
Q:/crr: 0.000000000 0.999994072 0.000005928
Q:/r: 0.368053151 0.631927187 0.000019662
QJ:/cc/c: 0.000031930 0.999968070 0.000000000
QJ:/cc/crr: 0.000000000 0.500000000 0.500000000
QJ:/cc/r: 0.000021287 0.000021287 0.999957426
QJ:/crc/c: 0.379755567 0.620244433 0.000000000
QJ:/crc/crr: 0.000000000 0.000016354 0.999983646
QJ:/crc/r: 0.000003952 0.000003952 0.999992096
QJ:/crrc/c: 0.000002964 0.999997036 0.000000000
QJ:/crrc/crr: 0.000000000 0.500000000 0.500000000
QJ:/crrc/r: 0.027572459 0.000001976 0.972425565
QJ:/rc/c: 0.000005275 0.999994725 0.000000000
QJ:/rc/crr: 0.000000000 0.500000000 0.500000000
QJ:/rc/r: 0.000011960 0.000003517 0.999984524
QJ:/rrc/c: 0.000009057 0.999990943 0.000000000
QJ:/rrc/crr: 0.000000000 0.500000000 0.500000000
QJ:/rrc/r: 0.000032681 0.000006038 0.999961281
QK:/cc/c: 0.058202680 0.941797320 0.000000000
QK:/cc/crr: 0.000000000 0.999725698 0.000274302
QK:/cc/r: 0.000088755 0.710681508 0.289229737
QK:/crc/c: 0.380486093 0.619513907 0.000000000
QK:/crc/crr: 0.000000000 0.000157827 0.999842173
QK:/crc/r: 0.000039356 0.470915000 0.529045644
QK:/crrc/c: 0.010841341 0.989158659 0.000000000
QK:/crrc/crr: 0.000000000 0.016003351 0.983996649
QK:/crrc/r: 0.000011217 0.310933957 0.689054826
QK:/rc/c: 0.352312544 0.647687456 0.000000000
QK:/rc/crr: 0.000000000 0.000007486 0.999992514
QK:/rc/r: 0.000009205 0.294683027 0.705307768
QK:/rrc/c: 0.434115732 0.565884268 0.000000000
QK:/rrc/crr: 0.000000000 0.050794460 0.949205540
QK:/rrc/r: 0.000052703 0.511775966 0.488171330
QQ:/cc/c: 0.999968070 0.000031930 0.000000000
QQ:/cc/crr: 0.000000000 0.999984034 0.000015966
QQ:/cc/r: 0.999794231 0.000184483 0.000021287
QQ:/crc/c: 0.999994072 0.000005928 0.000000000
QQ:/crc/crr: 0.000000000 0.999997036 0.000002964
QQ:/crc/r: 0.987870094 0.012125954 0.000003952
QQ:/crrc/c: 0.999997036 0.000002964 0.000000000
QQ:/crrc/crr: 0.000000000 0.999998518 0.000001482
QQ:/crrc/r: 0.999967319 0.000030705 0.000001976
QQ:/rc/c: 0.999994725 0.000005275 0.000000000
QQ:/rc/crr: 0.000000000 0.999997363 0.000002637
QQ:/rc/r: 0.999991496 0.000004988 0.000003517
QQ:/rrc/c: 0.999990943 0.000009057 0.000000000
QQ:/rrc/crr: 0.000000000 0.999995472 0.000004528
QQ:/rrc/r: 0.999961580 0.000032382 0.000006038
