J:/c: 0.345419604 0.654580396 0.000000000
J:/crr: 0.000000000 0.999985525 0.000014475
J:/r: 0.055571834 0.131783347 0.812644819
JJ:/cc/c: 0.999992362 0.000007638 0.000000000
JJ:/cc/crr: 0.000000000 0.999996181 0.000003819
JJ:/cc/r: 0.999973366 0.000021541 0.000005092
JJ:/crc/c: 0.999985525 0.000014475 0.000000000
JJ:/crc/crr: 0.000000000 0.999992762 0.000007238
JJ:/crc/r: 0.999967950 0.000022400 0.000009650
JJ:/crrc/c: 0.999992762 0.000007238 0.000000000
JJ:/crrc/crr: 0.000000000 0.999996381 0.000003619
JJ:/crrc/r: 0.999990350 0.000004825 0.000004825
JJ:/rc/c: 0.999974706 0.000025294 0.000000000
JJ:/rc/crr: 0.000000000 0.999987353 0.000012647
JJ:/rc/r: 0.999965640 0.000017497 0.000016863
JJ:/rrc/c: 0.999940018 0.000059982 0.000000000
JJ:/rrc/crr: 0.000000000 0.999970007 0.000029993
JJ:/rrc/r: 0.999920023 0.000039988 0.000039988
JK:/cc/c: 0.000007638 0.999992362 0.000000000
JK:/cc/crr: 0.000000000 0.500000000 0.500000000
JK:/cc/r: 0.000005092 0.000005092 0.999989815
JK:/crc/c: 0.435868478 0.564131522 0.000000000
JK:/crc/crr: 0.000000000 0.000016605 0.999983395
JK:/crc/r: 0.000009650 0.000009650 0.999980700
JK:/crrc/c: 0.278872440 0.721127560 0.000000000
JK:/crrc/crr: 0.000000000 0.000012977 0.999987023
JK:/crrc/r: 0.272998194 0.000004825 0.726996981
JK:/rc/c: 0.356582130 0.643417870 0.000000000
JK:/rc/crr: 0.000000000 0.000035467 0.999964533
JK:/rc/r: 0.351888420 0.000016863 0.648094718
JK:/rrc/c: 0.999940018 0.000059982 0.000000000
JK:/rrc/crr: 0.000000000 0.000029993 0.999970007
JK:/rrc/r: 0.288449476 0.000039988 0.711510535
JQ:/cc/c: 0.000076129 0.999923871 0.000000000
JQ:/cc/crr: 0.000000000 0.050167794 0.949832206
JQ:/cc/r: 0.000005264 0.000005092 0.999989644
JQ:/crc/c: 0.000652016 0.999347984 0.000000000
JQ:/crc/crr: 0.000000000 0.011100302 0.988899698
JQ:/crc/r: 0.000009650 0.000009650 0.999980700
JQ:/crrc/c: 0.000007238 0.999992762 0.000000000
JQ:/crrc/crr: 0.000000000 0.500000000 0.500000000
JQ:/crrc/r: 0.129519845 0.000004825 0.870475330
JQ:/rc/c: 0.999883631 0.000116369 0.000000000
JQ:/rc/crr: 0.000000000 0.000012648 0.999987352
JQ:/rc/r: 0.000016863 0.000016863 0.999966275
JQ:/rrc/c: 0.000059982 0.999940018 0.000000000
JQ:/rrc/crr: 0.000000000 0.500000000 0.500000000
JQ:/rrc/r: 0.337926372 0.000039988 0.662033640
K:/c: 0.999990000 0.000010000 0.000000000
K:/crr: 0.000000000 0.999995000 0.000005000
K:/r: 0.575637006 0.424356327 0.000006667
KJ:/cc/c: 0.500000000 0.500000000 0.000000000
KJ:/cc/crr: 0.000000000 0.500000000 0.500000000
KJ:/cc/r: 0.333333333 0.333333333 0.333333333
KJ:/crc/c: 0.041862696 0.958137304 0.000000000
KJ:/crc/crr: 0.000000000 0.999940280 0.000059720
KJ:/crc/r: 0.000003333 0.705856127 0.294140540
KJ:/crrc/c: 0.516021471 0.483978529 0.000000000
KJ:/crrc/crr: 0.000000000 0.999997578 0.000002422
KJ:/crrc/r: 0.000044884 0.953903585 0.046051531
KJ:/rc/c: 0.507609842 0.492390158 0.000000000
KJ:/rc/crr: 0.000000000 0.999992263 0.000007737
KJ:/rc/r: 0.000014683 0.999966669 0.000018647
KJ:/rrc/c: 0.447432502 0.552567498 0.000000000
KJ:/rrc/crr: 0.000000000 0.999993529 0.000006471
KJ:/rrc/r: 0.000942809 0.968285628 0.030771562
KK:/cc/c: 0.500000000 0.500000000 0.000000000
KK:/cc/crr: 0.000000000 0.500000000 0.500000000
KK:/cc/r: 0.333333333 0.333333333 0.333333333
KK:/crc/c: 0.999995000 0.000005000 0.000000000
KK:/crc/crr: 0.000000000 0.999997500 0.000002500
KK:/crc/r: 0.981307435 0.018689232 0.000003333
KK:/crrc/c: 0.999997500 0.000002500 0.000000000
KK:/crrc/crr: 0.000000000 0.999998750 0.000001250
KK:/crrc/r: 0.999191935 0.000806398 0.000001667
KK:/rc/c: 0.999992145 0.000007855 0.000000000
KK:/rc/crr: 0.000000000 0.999996072 0.000003928
KK:/rc/r: 0.999965242 0.000029522 0.000005237
KK:/rrc/c: 0.999994209 0.000005791 0.000000000
KK:/rrc/crr: 0.000000000 0.999997105 0.000002895
KK:/rrc/r: 0.999420806 0.000575333 0.000003860
KQ:/cc/c: 0.500000000 0.500000000 0.000000000
KQ:/cc/crr: 0.000000000 0.500000000 0.500000000
KQ:/cc/r: 0.333333333 0.333333333 0.333333333
KQ:/crc/c: 0.023766323 0.976233677 0.000000000
KQ:/crc/crr: 0.000000000 0.000105192 0.999894808
KQ:/crc/r: 0.000003333 0.469153357 0.530843310
KQ:/crrc/c: 0.574228981 0.425771019 0.000000000
KQ:/crrc/crr: 0.000000000 0.999997823 0.000002177
KQ:/crrc/r: 0.000011095 0.729424583 0.270564322
KQ:/rc/c: 0.000041057 0.999958943 0.000000000
KQ:/rc/crr: 0.000000000 0.095659665 0.904340335
KQ:/rc/r: 0.000005237 0.318450791 0.681543972
KQ:/rrc/c: 0.475347213 0.524652787 0.000000000
KQ:/rrc/crr: 0.000000000 0.482935855 0.517064145
KQ:/rrc/r: 0.099912827 0.534645456 0.365441717
Q:/c: 0.833967681 0.166032319 0.000000000
Q:/crr: 0.000000000 0.999994005 0.000005995
Q:/r: 0.342475677 0.657489572 0.000034752
QJ:/cc/c: 0.000030115 0.999969885 0.000000000
QJ:/cc/crr: 0.000000000 0.500000000 0.500000000
QJ:/cc/r: 0.000020076 0.000020076 0.999959847
QJ:/crc/c: 0.361281565 0.638718435 0.000000000
QJ:/crc/crr: 0.000000000 0.000049259 0.999950741
QJ:/crc/r: 0.000003997 0.000003997 0.999992006
QJ:/crrc/c: 0.000002998 0.999997002 0.000000000
QJ:/crrc/crr: 0.000000000 0.500000000 0.500000000
QJ:/crrc/r: 0.000001998 0.000001998 0.999996003
QJ:/rc/c: 0.000005070 0.999994930 0.000000000
QJ:/rc/crr: 0.000000000 0.500000000 0.500000000
QJ:/rc/r: 0.000028312 0.000003380 0.999968308
QJ:/rrc/c: 0.000009733 0.999990267 0.000000000
QJ:/rrc/crr: 0.000000000 0.500000000 0.500000000
QJ:/rrc/r: 0.000006489 0.000006489 0.999987023
QK:/cc/c: 0.001070252 0.998929748 0.000000000
QK:/cc/crr: 0.000000000 0.985931067 0.014068933
QK:/cc/r: 0.000020076 0.914170015 0.085809909
QK:/crc/c: 0.405300676 0.594699324 0.000000000
QK:/crc/crr: 0.000000000 0.000007396 0.999992604
QK:/crc/r: 0.000023577 0.589612570 0.410363854
QK:/crrc/c: 0.283388005 0.716611995 0.000000000
QK:/crrc/crr: 0.000000000 0.000006820 0.999993180
QK:/crrc/r: 0.000013523 0.174666561 0.825319915
QK:/rc/c: 0.371320746 0.628679254 0.000000000
QK:/rc/crr: 0.000000000 0.033313600 0.966686400
QK:/rc/r: 0.000003380 0.335304951 0.664691669
QK:/rrc/c: 0.434207246 0.565792754 0.000000000
QK:/rrc/crr: 0.000000000 0.000206548 0.999793452
QK:/rrc/r: 0.000006489 0.500426060 0.499567451
QQ:/cc/c: 0.999969885 0.000030115 0.000000000
QQ:/cc/crr: 0.000000000 0.999984942 0.000015058
QQ:/cc/r: 0.999221791 0.000758133 0.000020076
QQ:/crc/c: 0.999994005 0.000005995 0.000000000
QQ:/crc/crr: 0.000000000 0.999997002 0.000002998
QQ:/crc/r: 0.950414781 0.049581222 0.000003997
QQ:/crrc/c: 0.999997002 0.000002998 0.000000000
QQ:/crrc/crr: 0.000000000 0.999998501 0.000001499
QQ:/crrc/r: 0.999823585 0.000174416 0.000001998
QQ:/rc/c: 0.999994930 0.000005070 0.000000000
QQ:/rc/crr: 0.000000000 0.999997465 0.000002535
QQ:/rc/r: 0.999793241 0.000203379 0.000003380
QQ:/rrc/c: 0.999990267 0.000009733 0.000000000
QQ:/rrc/crr: 0.000000000 0.999995133 0.000004867
QQ:/rrc/r: 0.999984678 0.000008833 0.000006489
