J:/c: 0.311457528 0.688542472 0.000000000
J:/crr: 0.000000000 0.999983946 0.000016054
J:/r: 0.054362459 0.123262128 0.822375413
JJ:/cc/c: 0.999992738 0.000007262 0.000000000
JJ:/cc/crr: 0.000000000 0.999996369 0.000003631
JJ:/cc/r: 0.999990318 0.000004841 0.000004841
JJ:/crc/c: 0.999983946 0.000016054 0.000000000
JJ:/crc/crr: 0.000000000 0.999991973 0.000008027
JJ:/crc/r: 0.999954250 0.000035047 0.000010702
JJ:/crrc/c: 0.999991973 0.000008027 0.000000000
JJ:/crrc/crr: 0.000000000 0.999995987 0.000004013
JJ:/crrc/r: 0.999967612 0.000027036 0.000005351
JJ:/rc/c: 0.999972957 0.000027043 0.000000000
JJ:/rc/crr: 0.000000000 0.999986478 0.000013522
JJ:/rc/r: 0.999894468 0.000087504 0.000018028
JJ:/rrc/c: 0.999938683 0.000061317 0.000000000
JJ:/rrc/crr: 0.000000000 0.999969340 0.000030660
JJ:/rrc/r: 0.999918244 0.000040878 0.000040878
JK:/cc/c: 0.000007262 0.999992738 0.000000000
JK:/cc/crr: 0.000000000 0.500000000 0.500000000
JK:/cc/r: 0.000004841 0.000004841 0.999990318
JK:/crc/c: 0.502218968 0.497781032 0.000000000
JK:/crc/crr: 0.000000000 0.000015983 0.999984017
JK:/crc/r: 0.163112868 0.000010702 0.836876430
JK:/crrc/c: 0.134488529 0.865511471 0.000000000
JK:/crrc/crr: 0.000000000 0.000029842 0.999970158
JK:/crrc/r: 0.252880746 0.000005351 0.747113903
JK:/rc/c: 0.392686131 0.607313869 0.000000000
JK:/rc/crr: 0.000000000 0.000034433 0.999965567
JK:/rc/r: 0.366865064 0.000018028 0.633116908
JK:/rrc/c: 0.999938683 0.000061317 0.000000000
JK:/rrc/crr: 0.000000000 0.000030660 0.999969340
JK:/rrc/r: 0.335443303 0.000040878 0.664515819
JQ:/cc/c: 0.074843737 0.925156263 0.000000000
JQ:/cc/crr: 0.000000000 0.000048513 0.999951487
JQ:/cc/r: 0.029704650 0.000004841 0.970290509
JQ:/crc/c: 0.573007581 0.426992419 0.000000000
JQ:/crc/crr: 0.000000000 0.000014008 0.999985992
JQ:/crc/r: 0.000047790 0.000010702 0.999941508
JQ:/crrc/c: 0.010220081 0.989779919 0.000000000
JQ:/crrc/crr: 0.000000000 0.000392703 0.999607297
JQ:/crrc/r: 0.000070696 0.000005351 0.999923953
JQ:/rc/c: 0.999531126 0.000468874 0.000000000
JQ:/rc/crr: 0.000000000 0.000013528 0.999986472
JQ:/rc/r: 0.000018028 0.000018028 0.999963943
JQ:/rrc/c: 0.000061317 0.999938683 0.000000000
JQ:/rrc/crr: 0.000000000 0.500000000 0.500000000
JQ:/rrc/r: 0.623966270 0.000040878 0.375992852
K:/c: 0.999990000 0.000010000 0.000000000
K:/crr: 0.000000000 0.999995000 0.000005000
K:/r: 0.592432174 0.407561159 0.000006667
KJ:/cc/c: 0.500000000 0.500000000 0.000000000
KJ:/cc/crr: 0.000000000 0.500000000 0.500000000
KJ:/cc/r: 0.333333333 0.333333333 0.333333333
KJ:/crc/c: 0.100401192 0.899598808 0.000000000
KJ:/crc/crr: 0.000000000 0.999975100 0.000024900
KJ:/crc/r: 0.000004040 0.716373658 0.283622302
KJ:/crrc/c: 0.430473406 0.569526594 0.000000000
KJ:/crrc/crr: 0.000000000 0.999997096 0.000002904
KJ:/crrc/r: 0.000005280 0.916011732 0.083982988
KJ:/rc/c: 0.409255015 0.590744985 0.000000000
KJ:/rc/crr: 0.000000000 0.999990008 0.000009992
KJ:/rc/r: 0.000016970 0.804181067 0.195801963
KJ:/rrc/c: 0.511496703 0.488503297 0.000000000
KJ:/rrc/crr: 0.000000000 0.946260962 0.053739038
KJ:/rrc/r: 0.000142073 0.990553697 0.009304230
KK:/cc/c: 0.500000000 0.500000000 0.000000000
KK:/cc/crr: 0.000000000 0.500000000 0.500000000
KK:/cc/r: 0.333333333 0.333333333 0.333333333
KK:/crc/c: 0.999995000 0.000005000 0.000000000
KK:/crc/crr: 0.000000000 0.999997500 0.000002500
KK:/crc/r: 0.994766086 0.005230581 0.000003333
KK:/crrc/c: 0.999997500 0.000002500 0.000000000
KK:/crrc/crr: 0.000000000 0.999998750 0.000001250
KK:/crrc/r: 0.999721504 0.000276830 0.000001667
KK:/rc/c: 0.999991821 0.000008179 0.000000000
KK:/rc/crr: 0.000000000 0.999995911 0.000004089
KK:/rc/r: 0.999967631 0.000026916 0.000005452
KK:/rrc/c: 0.999994373 0.000005627 0.000000000
KK:/rrc/crr: 0.000000000 0.999997187 0.000002813
KK:/rrc/r: 0.996114278 0.003881971 0.000003751
KQ:/cc/c: 0.500000000 0.500000000 0.000000000
KQ:/cc/crr: 0.000000000 0.500000000 0.500000000
KQ:/cc/r: 0.333333333 0.333333333 0.333333333
KQ:/crc/c: 0.000005000 0.999995000 0.000000000
KQ:/crc/crr: 0.000000000 0.500000000 0.500000000
KQ:/crc/r: 0.000009783 0.448792729 0.551197488
KQ:/crrc/c: 0.656855964 0.343144036 0.000000000
KQ:/crrc/crr: 0.000000000 0.438213581 0.561786419
KQ:/crrc/r: 0.000042173 0.961244482 0.038713345
KQ:/rc/c: 0.000008179 0.999991821 0.000000000
KQ:/rc/crr: 0.000000000 0.500000000 0.500000000
KQ:/rc/r: 0.000007208 0.301936745 0.698056046
KQ:/rrc/c: 0.515443585 0.484556415 0.000000000
KQ:/rrc/crr: 0.000000000 0.502122437 0.497877563
KQ:/rrc/r: 0.000225667 0.670336985 0.329437348
Q:/c: 0.843060189 0.156939811 0.000000000
Q:/crr: 0.000000000 0.999994069 0.000005931
Q:/r: 0.380161956 0.619810103 0.000027942
QJ:/cc/c: 0.000031859 0.999968141 0.000000000
QJ:/cc/crr: 0.000000000 0.500000000 0.500000000
QJ:/cc/r: 0.000021240 0.000021240 0.999957521
QJ:/crc/c: 0.384890568 0.615109432 0.000000000
QJ:/crc/crr: 0.000000000 0.000417270 0.999582730
QJ:/crc/r: 0.000003954 0.000003954 0.999992092
QJ:/crrc/c: 0.000002965 0.999997035 0.000000000
QJ:/crrc/crr: 0.000000000 0.500000000 0.500000000
QJ:/crrc/r: 0.000002529 0.000001977 0.999995494
QJ:/rc/c: 0.000005378 0.999994622 0.000000000
QJ:/rc/crr: 0.000000000 0.500000000 0.500000000
QJ:/rc/r: 0.022839190 0.000003585 0.977157225
QJ:/rrc/c: 0.000008768 0.999991232 0.000000000
QJ:/rrc/crr: 0.000000000 0.500000000 0.500000000
QJ:/rrc/r: 0.000005845 0.000005845 0.999988309
QK:/cc/c: 0.000645653 0.999354347 0.000000000
QK:/cc/crr: 0.000000000 0.975327803 0.024672197
QK:/cc/r: 0.000021240 0.900751691 0.099227069
QK:/crc/c: 0.362848585 0.637151415 0.000000000
QK:/crc/crr: 0.000000000 0.000527351 0.999472649
QK:/crc/r: 0.000022877 0.415532525 0.584444598
QK:/crrc/c: 0.363234741 0.636765259 0.000000000
QK:/crrc/crr: 0.000000000 0.000369002 0.999630998
QK:/crrc/r: 0.000013126 0.236969192 0.763017681
QK:/rc/c: 0.355519014 0.644480986 0.000000000
QK:/rc/crr: 0.000000000 0.000423039 0.999576961
QK:/rc/r: 0.000006536 0.301334852 0.698658612
QK:/rrc/c: 0.436182123 0.563817877 0.000000000
QK:/rrc/crr: 0.000000000 0.034506340 0.965493660
QK:/rrc/r: 0.000013804 0.498164403 0.501821792
QQ:/cc/c: 0.999968141 0.000031859 0.000000000
QQ:/cc/crr: 0.000000000 0.999984070 0.000015930
QQ:/cc/r: 0.999948927 0.000029833 0.000021240
QQ:/crc/c: 0.999994069 0.000005931 0.000000000
QQ:/crc/crr: 0.000000000 0.999997035 0.000002965
QQ:/crc/r: 0.999698999 0.000297047 0.000003954
QQ:/crrc/c: 0.999997035 0.000002965 0.000000000
QQ:/crrc/crr: 0.000000000 0.999998517 0.000001483
QQ:/crrc/r: 0.999954434 0.000043589 0.000001977
QQ:/rc/c: 0.999994622 0.000005378 0.000000000
QQ:/rc/crr: 0.000000000 0.999997311 0.000002689
QQ:/rc/r: 0.999990101 0.000006314 0.000003585
QQ:/rrc/c: 0.999991232 0.000008768 0.000000000
QQ:/rrc/crr: 0.000000000 0.999995616 0.000004384
QQ:/rrc/r: 0.999972098 0.000022056 0.000005845
