J:/: 0.080024868 0.919975132 0.000000000
J:/cr: 0.017148865 0.037760220 0.945090915
J:/rr: 0.000000000 0.999937519 0.000062481
JJ:/cc/: 0.000297484 0.999702516 0.000000000
JJ:/cc/cr: 0.999996376 0.000001812 0.000001812
JJ:/cc/rr: 0.000000000 0.990865165 0.009134835
JJ:/crc/: 0.966382221 0.033617779 0.000000000
JJ:/crc/cr: 0.999048568 0.000475716 0.000475716
JJ:/crc/rr: 0.000000000 0.999975177 0.000024823
JJ:/crrc/: 0.945395385 0.054604615 0.000000000
JJ:/crrc/cr: 0.998710217 0.000644892 0.000644892
JJ:/crrc/rr: 0.000000000 0.999944128 0.000055872
JJ:/rc/: 0.915147833 0.084852167 0.000000000
JJ:/rc/cr: 0.999509102 0.000245449 0.000245449
JJ:/rc/rr: 0.000000000 0.999965863 0.000034137
JJ:/rrc/: 0.998164113 0.001835887 0.000000000
JJ:/rrc/cr: 0.988654986 0.005672507 0.005672507
JJ:/rrc/rr: 0.000000000 0.999984350 0.000015650
JK:/cc/: 0.074448686 0.925551314 0.000000000
JK:/cc/cr: 0.000167443 0.000001957 0.999830599
JK:/cc/rr: 0.000000000 0.000036501 0.999963499
JK:/crc/: 0.058558004 0.941441996 0.000000000
JK:/crc/cr: 0.023626637 0.000016987 0.976356376
JK:/crc/rr: 0.000000000 0.000409658 0.999590342
JK:/crrc/: 0.999803668 0.000196332 0.000000000
JK:/crrc/cr: 0.179359471 0.179359471 0.641281059
JK:/crrc/rr: 0.000000000 0.000052831 0.999947169
JK:/rc/: 0.984345449 0.015654551 0.000000000
JK:/rc/cr: 0.897428000 0.001330403 0.101241597
JK:/rc/rr: 0.000000000 0.000031737 0.999968263
JK:/rrc/: 0.511112889 0.488887111 0.000000000
JK:/rrc/cr: 0.741969501 0.000021302 0.258009197
JK:/rrc/rr: 0.000000000 0.000030563 0.999969437
JQ:/cc/: 0.209452318 0.790547682 0.000000000
JQ:/cc/cr: 0.000008204 0.000002292 0.999989504
JQ:/cc/rr: 0.000000000 0.000012974 0.999987026
JQ:/crc/: 0.993628327 0.006371673 0.000000000
JQ:/crc/cr: 0.117826360 0.002509940 0.879663700
JQ:/crc/rr: 0.000000000 0.000024143 0.999975857
JQ:/crrc/: 0.019714245 0.980285755 0.000000000
JQ:/crrc/cr: 0.117059682 0.000035922 0.882904396
JQ:/crrc/rr: 0.000000000 0.002679336 0.997320664
JQ:/rc/: 0.995461014 0.004538986 0.000000000
JQ:/rc/cr: 0.004588439 0.004588439 0.990823122
JQ:/rc/rr: 0.000000000 0.000031383 0.999968617
JQ:/rrc/: 0.135464333 0.864535667 0.000000000
JQ:/rrc/cr: 0.000059227 0.000012046 0.999928727
JQ:/rrc/rr: 0.000000000 0.000115315 0.999884685
K:/: 0.759772179 0.240227821 0.000000000
K:/cr: 0.659382137 0.340603987 0.000013876
K:/rr: 0.000000000 0.999993419 0.000006581
KJ:/cc/: 0.000058237 0.999941763 0.000000000
KJ:/cc/cr: 0.000050355 0.000008938 0.999940706
KJ:/cc/rr: 0.000000000 0.821302638 0.178697362
KJ:/crc/: 0.000044058 0.999955942 0.000000000
KJ:/crc/cr: 0.000235216 0.999757994 0.000006790
KJ:/crc/rr: 0.000000000 0.768837205 0.231162795
KJ:/crrc/: 0.058108188 0.941891812 0.000000000
KJ:/crrc/cr: 0.006156810 0.983730719 0.010112471
KJ:/crrc/rr: 0.000000000 0.406459836 0.593540164
KJ:/rc/: 0.084525348 0.915474652 0.000000000
KJ:/rc/cr: 0.005591757 0.968251073 0.026157170
KJ:/rc/rr: 0.000000000 0.385274017 0.614725983
KJ:/rrc/: 0.091909926 0.908090074 0.000000000
KJ:/rrc/cr: 0.000187768 0.999489945 0.000322287
KJ:/rrc/rr: 0.000000000 0.584412899 0.415587101
KK:/cc/: 0.997445486 0.002554514 0.000000000
KK:/cc/cr: 0.994568157 0.002715921 0.002715921
KK:/cc/rr: 0.000000000 0.999989567 0.000010433
KK:/crc/: 0.141249913 0.858750087 0.000000000
KK:/crc/cr: 0.999984187 0.000007907 0.000007907
KK:/crc/rr: 0.000000000 0.999927896 0.000072104
KK:/crrc/: 0.981056787 0.018943213 0.000000000
KK:/crrc/cr: 0.999629709 0.000185146 0.000185146
KK:/crrc/rr: 0.000000000 0.999994638 0.000005362
KK:/rc/: 0.870443469 0.129556531 0.000000000
KK:/rc/cr: 0.999966136 0.000016932 0.000016932
KK:/rc/rr: 0.000000000 0.999996220 0.000003780
KK:/rrc/: 0.538885539 0.461114461 0.000000000
KK:/rrc/cr: 0.999995243 0.000002379 0.000002379
KK:/rrc/rr: 0.000000000 0.999996947 0.000003053
KQ:/cc/: 0.000059151 0.999940849 0.000000000
KQ:/cc/cr: 0.000055085 0.475669491 0.524275425
KQ:/cc/rr: 0.000000000 0.824063317 0.175936683
KQ:/crc/: 0.835025507 0.164974493 0.000000000
KQ:/crc/cr: 0.000283477 0.648184437 0.351532085
KQ:/crc/rr: 0.000000000 0.000028642 0.999971358
KQ:/crrc/: 0.019913089 0.980086911 0.000000000
KQ:/crrc/cr: 0.029267506 0.697827611 0.272904882
KQ:/crrc/rr: 0.000000000 0.488028831 0.511971169
KQ:/rc/: 0.000046748 0.999953252 0.000000000
KQ:/rc/cr: 0.000042247 0.501738453 0.498219300
KQ:/rc/rr: 0.000000000 0.929612527 0.070387473
KQ:/rrc/: 0.674678192 0.325321808 0.000000000
KQ:/rrc/cr: 0.035732119 0.836141473 0.128126408
KQ:/rrc/rr: 0.000000000 0.407991392 0.592008608
Q:/: 0.735019267 0.264980733 0.000000000
Q:/cr: 0.138182501 0.860991278 0.000826220
Q:/rr: 0.000000000 0.999993197 0.000006803
QJ:/cc/: 0.000018869 0.999981131 0.000000000
QJ:/cc/cr: 0.000020705 0.000006290 0.999973005
QJ:/cc/rr: 0.000000000 0.500000000 0.500000000
QJ:/crc/: 0.029617941 0.970382059 0.000000000
QJ:/crc/cr: 0.001665540 0.000002509 0.998331950
QJ:/crc/rr: 0.000000000 0.000123325 0.999876675
QJ:/crrc/: 0.015842281 0.984157719 0.000000000
QJ:/crrc/cr: 0.000186189 0.000015417 0.999798394
QJ:/crrc/rr: 0.000000000 0.001436593 0.998563407
QJ:/rc/: 0.007053449 0.992946551 0.000000000
QJ:/rc/cr: 0.000031583 0.000002284 0.999966134
QJ:/rc/rr: 0.000000000 0.000482214 0.999517786
QJ:/rrc/: 0.000003401 0.999996599 0.000000000
QJ:/rrc/cr: 0.000001368 0.000001134 0.999997498
QJ:/rrc/rr: 0.000000000 0.500000000 0.500000000
QK:/cc/: 0.592541238 0.407458762 0.000000000
QK:/cc/cr: 0.112716818 0.887251849 0.000031333
QK:/cc/rr: 0.000000000 0.999984078 0.000015922
QK:/crc/: 0.015098130 0.984901870 0.000000000
QK:/crc/cr: 0.000002472 0.563888598 0.436108929
QK:/crc/rr: 0.000000000 0.000241926 0.999758074
QK:/crrc/: 0.901807918 0.098192082 0.000000000
QK:/crrc/cr: 0.000249253 0.638254451 0.361496296
QK:/crrc/rr: 0.000000000 0.000665475 0.999334525
QK:/rc/: 0.485277418 0.514722582 0.000000000
QK:/rc/cr: 0.036228943 0.508497681 0.455273376
QK:/rc/rr: 0.000000000 0.205070535 0.794929465
QK:/rrc/: 0.133961045 0.866038955 0.000000000
QK:/rrc/cr: 0.000002299 0.299340927 0.700656775
QK:/rrc/rr: 0.000000000 0.000616732 0.999383268
QQ:/cc/: 0.579965783 0.420034217 0.000000000
QQ:/cc/cr: 0.999970051 0.000014974 0.000014974
QQ:/cc/rr: 0.000000000 0.999983732 0.000016268
QQ:/crc/: 0.982714831 0.017285169 0.000000000
QQ:/crc/cr: 0.999718246 0.000140877 0.000140877
QQ:/crc/rr: 0.000000000 0.999996283 0.000003717
QQ:/crrc/: 0.169637188 0.830362812 0.000000000
QQ:/crrc/cr: 0.999963455 0.000018272 0.000018272
QQ:/crrc/rr: 0.000000000 0.999865838 0.000134162
QQ:/rc/: 0.541862827 0.458137173 0.000000000
QQ:/rc/cr: 0.999990101 0.000004949 0.000004949
QQ:/rc/rr: 0.000000000 0.999993723 0.000006277
QQ:/rrc/: 0.972292584 0.027707416 0.000000000
QQ:/rrc/cr: 0.999918162 0.000040919 0.000040919
QQ:/rrc/rr: 0.000000000 0.999998251 0.000001749
