J:/: 0.071685911 0.928314089 0.000000000
J:/cr: 0.019183105 0.032072774 0.948744122
J:/rr: 0.000000000 0.999930251 0.000069749
JJ:/cc/: 0.000289410 0.999710590 0.000000000
JJ:/cc/cr: 0.999996408 0.000001796 0.000001796
JJ:/cc/rr: 0.000000000 0.990694680 0.009305320
JJ:/crc/: 0.955176627 0.044823373 0.000000000
JJ:/crc/cr: 0.999167429 0.000416286 0.000416286
JJ:/crc/rr: 0.000000000 0.999970698 0.000029302
JJ:/crrc/: 0.973047626 0.026952374 0.000000000
JJ:/crrc/cr: 0.997685023 0.001157488 0.001157488
JJ:/crrc/rr: 0.000000000 0.999951908 0.000048092
JJ:/rc/: 0.924049513 0.075950487 0.000000000
JJ:/rc/cr: 0.999387770 0.000306115 0.000306115
JJ:/rc/rr: 0.000000000 0.999962259 0.000037741
JJ:/rrc/: 0.999450551 0.000549449 0.000000000
JJ:/rrc/cr: 0.957682743 0.021158628 0.021158628
JJ:/rrc/rr: 0.000000000 0.999982552 0.000017448
JK:/cc/: 0.084887483 0.915112517 0.000000000
JK:/cc/cr: 0.000003195 0.000001962 0.999994843
JK:/cc/rr: 0.000000000 0.000031725 0.999968275
JK:/crc/: 0.049390856 0.950609144 0.000000000
JK:/crc/cr: 0.021435008 0.000019629 0.978545363
JK:/crc/rr: 0.000000000 0.000566684 0.999433316
JK:/crrc/: 0.999906409 0.000093591 0.000000000
JK:/crrc/cr: 0.333333333 0.333333333 0.333333333
JK:/crrc/rr: 0.000000000 0.000046800 0.999953200
JK:/rc/: 0.999930251 0.000069749 0.000000000
JK:/rc/cr: 0.333333333 0.333333333 0.333333333
JK:/rc/rr: 0.000000000 0.000034877 0.999965123
JK:/rrc/: 0.540756890 0.459243110 0.000000000
JK:/rrc/cr: 0.906725480 0.000025315 0.093249205
JK:/rrc/rr: 0.000000000 0.000032248 0.999967752
JQ:/cc/: 0.149374432 0.850625568 0.000000000
JQ:/cc/cr: 0.000002590 0.000002111 0.999995300
JQ:/cc/rr: 0.000000000 0.000018029 0.999981971
JQ:/crc/: 0.987962723 0.012037277 0.000000000
JQ:/crc/cr: 0.548230154 0.001550129 0.450219717
JQ:/crc/rr: 0.000000000 0.000028330 0.999971670
JQ:/crrc/: 0.013839129 0.986160871 0.000000000
JQ:/crrc/cr: 0.185502010 0.000031635 0.814466355
JQ:/crrc/rr: 0.000000000 0.003381397 0.996618603
JQ:/rc/: 0.997547333 0.002452667 0.000000000
JQ:/rc/cr: 0.009479301 0.009479301 0.981041398
JQ:/rc/rr: 0.000000000 0.000034960 0.999965040
JQ:/rrc/: 0.131498976 0.868501024 0.000000000
JQ:/rrc/cr: 0.000013386 0.000013386 0.999973228
JQ:/rrc/rr: 0.000000000 0.000132612 0.999867388
K:/: 0.753406793 0.246593207 0.000000000
K:/cr: 0.719207495 0.280778987 0.000013518
K:/rr: 0.000000000 0.999993363 0.000006637
KJ:/cc/: 0.000020276 0.999979724 0.000000000
KJ:/cc/cr: 0.000050052 0.000026382 0.999923565
KJ:/cc/rr: 0.000000000 0.500000000 0.500000000
KJ:/crc/: 0.000055078 0.999944922 0.000000000
KJ:/crc/cr: 0.000490264 0.999501712 0.000008024
KJ:/crc/rr: 0.000000000 0.781477431 0.218522569
KJ:/crrc/: 0.064750373 0.935249627 0.000000000
KJ:/crrc/cr: 0.000052663 0.997689397 0.002257940
KJ:/crrc/rr: 0.000000000 0.517357296 0.482642704
KJ:/rc/: 0.076225693 0.923774307 0.000000000
KJ:/rc/cr: 0.005883798 0.973635069 0.020481132
KJ:/rc/rr: 0.000000000 0.361048718 0.638951282
KJ:/rrc/: 0.083217307 0.916782693 0.000000000
KJ:/rrc/cr: 0.000056956 0.999941838 0.000001206
KJ:/rrc/rr: 0.000000000 0.491763505 0.508236495
KK:/cc/: 0.999464277 0.000535723 0.000000000
KK:/cc/cr: 0.974767658 0.012616171 0.012616171
KK:/cc/rr: 0.000000000 0.999989856 0.000010144
KK:/crc/: 0.132522730 0.867477270 0.000000000
KK:/crc/cr: 0.999981501 0.000009250 0.000009250
KK:/crc/rr: 0.000000000 0.999909180 0.000090820
KK:/crrc/: 0.997795040 0.002204960 0.000000000
KK:/crrc/cr: 0.997158672 0.001420664 0.001420664
KK:/crrc/rr: 0.000000000 0.999995291 0.000004709
KK:/rc/: 0.808254100 0.191745900 0.000000000
KK:/rc/cr: 0.999976926 0.000011537 0.000011537
KK:/rc/rr: 0.000000000 0.999995895 0.000004105
KK:/rrc/: 0.506889304 0.493110696 0.000000000
KK:/rrc/cr: 0.999995514 0.000002243 0.000002243
KK:/rrc/rr: 0.000000000 0.999996727 0.000003273
KQ:/cc/: 0.000054840 0.999945160 0.000000000
KQ:/cc/cr: 0.000040676 0.432818234 0.567141090
KQ:/cc/rr: 0.000000000 0.815132994 0.184867006
KQ:/crc/: 0.893212433 0.106787567 0.000000000
KQ:/crc/cr: 0.000456410 0.534205874 0.465337716
KQ:/crc/rr: 0.000000000 0.000041595 0.999958405
KQ:/crrc/: 0.004034687 0.995965313 0.000000000
KQ:/crrc/cr: 0.006767757 0.694521027 0.298711216
KQ:/crrc/rr: 0.000000000 0.007959548 0.992040452
KQ:/rc/: 0.000355813 0.999644187 0.000000000
KQ:/rc/cr: 0.000002768 0.483886682 0.516110550
KQ:/rc/rr: 0.000000000 0.185206979 0.814793021
KQ:/rrc/: 0.717097261 0.282902739 0.000000000
KQ:/rrc/cr: 0.028879995 0.839414008 0.131705996
KQ:/rrc/rr: 0.000000000 0.391359234 0.608640766
Q:/: 0.761320116 0.238679884 0.000000000
Q:/cr: 0.175675114 0.823612847 0.000712040
Q:/rr: 0.000000000 0.999993432 0.000006568
QJ:/cc/: 0.000020949 0.999979051 0.000000000
QJ:/cc/cr: 0.000006983 0.000006983 0.999986034
QJ:/cc/rr: 0.000000000 0.500000000 0.500000000
QJ:/crc/: 0.030452770 0.969547230 0.000000000
QJ:/crc/cr: 0.001722046 0.000002915 0.998275040
QJ:/crc/rr: 0.000000000 0.000139204 0.999860796
QJ:/crrc/: 0.007232534 0.992767466 0.000000000
QJ:/crrc/cr: 0.000339761 0.000013346 0.999646893
QJ:/crrc/rr: 0.000000000 0.002747908 0.997252092
QJ:/rc/: 0.008259133 0.991740867 0.000000000
QJ:/rc/cr: 0.000002207 0.000002207 0.999995585
QJ:/rc/rr: 0.000000000 0.000397593 0.999602407
QJ:/rrc/: 0.000003284 0.999996716 0.000000000
QJ:/rrc/cr: 0.000001095 0.000001095 0.999997811
QJ:/rrc/rr: 0.000000000 0.500000000 0.500000000
QK:/cc/: 0.200413957 0.799586043 0.000000000
QK:/cc/cr: 0.997765234 0.002205941 0.000028824
QK:/cc/rr: 0.000000000 0.999947737 0.000052263
QK:/crc/: 0.005657906 0.994342094 0.000000000
QK:/crc/cr: 0.000003485 0.562684374 0.437312141
QK:/crc/rr: 0.000000000 0.001105607 0.998894393
QK:/crrc/: 0.964192272 0.035807728 0.000000000
QK:/crrc/cr: 0.000642151 0.784537148 0.214820701
QK:/crrc/rr: 0.000000000 0.000576774 0.999423226
QK:/rc/: 0.436717749 0.563282251 0.000000000
QK:/rc/cr: 0.004763311 0.528689743 0.466546946
QK:/rc/rr: 0.000000000 0.212649155 0.787350845
QK:/rrc/: 0.116579200 0.883420800 0.000000000
QK:/rrc/cr: 0.000001401 0.305144282 0.694854317
QK:/rrc/rr: 0.000000000 0.000348558 0.999651442
QQ:/cc/: 0.474702120 0.525297880 0.000000000
QQ:/cc/cr: 0.999973414 0.000013293 0.000013293
QQ:/cc/rr: 0.000000000 0.999977935 0.000022065
QQ:/crc/: 0.989451695 0.010548305 0.000000000
QQ:/crc/cr: 0.999464159 0.000267920 0.000267920
QQ:/crc/rr: 0.000000000 0.999995716 0.000004284
QQ:/crrc/: 0.060342054 0.939657946 0.000000000
QQ:/crrc/cr: 0.999971799 0.000014100 0.000014100
QQ:/crrc/rr: 0.000000000 0.999670639 0.000329361
QQ:/rc/: 0.499336039 0.500663961 0.000000000
QQ:/rc/cr: 0.999989639 0.000005989 0.000004373
QQ:/rc/rr: 0.000000000 0.999993424 0.000006576
QQ:/rrc/: 0.970863470 0.029136530 0.000000000
QQ:/rrc/cr: 0.999924864 0.000037568 0.000037568
QQ:/rrc/rr: 0.000000000 0.999998309 0.000001691
