J:/c: 0.309663442 0.690336558 0.000000000
J:/crr: 0.000000000 0.999983853 0.000016147
J:/r: 0.055069376 0.130432948 0.814497675
JJ:/cc/c: 0.999992757 0.000007243 0.000000000
JJ:/cc/crr: 0.000000000 0.999996379 0.000003621
JJ:/cc/r: 0.999990343 0.000004829 0.000004829
JJ:/crc/c: 0.999983853 0.000016147 0.000000000
JJ:/crc/crr: 0.000000000 0.999991927 0.000008073
JJ:/crc/r: 0.999929772 0.000059463 0.000010764
JJ:/crrc/c: 0.999991927 0.000008073 0.000000000
JJ:/crrc/crr: 0.000000000 0.999995963 0.000004037
JJ:/crrc/r: 0.999940529 0.000054088 0.000005382
JJ:/rc/c: 0.999974444 0.000025556 0.000000000
JJ:/rc/crr: 0.000000000 0.999987222 0.000012778
JJ:/rc/r: 0.999965925 0.000017037 0.000017037
JJ:/rrc/c: 0.999939470 0.000060530 0.000000000
JJ:/rrc/crr: 0.000000000 0.999969733 0.000030267
JJ:/rrc/r: 0.999903898 0.000055749 0.000040353
JK:/cc/c: 0.000007243 0.999992757 0.000000000
JK:/cc/crr: 0.000000000 0.500000000 0.500000000
JK:/cc/r: 0.000004829 0.000004829 0.999990343
JK:/crc/c: 0.526007381 0.473992619 0.000000000
JK:/crc/crr: 0.000000000 0.000015348 0.999984652
JK:/crc/r: 0.003414515 0.000010764 0.996574720
JK:/crrc/c: 0.751041293 0.248958707 0.000000000
JK:/crrc/crr: 0.000000000 0.000016387 0.999983613
JK:/crrc/r: 0.203328203 0.000005382 0.796666415
JK:/rc/c: 0.408048992 0.591951008 0.000000000
JK:/rc/crr: 0.000000000 0.000031315 0.999968685
JK:/rc/r: 0.367130076 0.000017037 0.632852887
JK:/rrc/c: 0.999939470 0.000060530 0.000000000
JK:/rrc/crr: 0.000000000 0.000030267 0.999969733
JK:/rrc/r: 0.289423576 0.000040353 0.710536071
JQ:/cc/c: 0.072062603 0.927937397 0.000000000
JQ:/cc/crr: 0.000000000 0.000050254 0.999949746
JQ:/cc/r: 0.031584184 0.000004829 0.968410987
JQ:/crc/c: 0.440149916 0.559850084 0.000000000
JQ:/crc/crr: 0.000000000 0.000018342 0.999981658
JQ:/crc/r: 0.000055626 0.000010764 0.999933610
JQ:/crrc/c: 0.035890842 0.964109158 0.000000000
JQ:/crrc/crr: 0.000000000 0.000112472 0.999887528
JQ:/crrc/r: 0.038314189 0.000005382 0.961680428
JQ:/rc/c: 0.999350703 0.000649297 0.000000000
JQ:/rc/crr: 0.000000000 0.000012786 0.999987214
JQ:/rc/r: 0.000017037 0.000017037 0.999965925
JQ:/rrc/c: 0.000060530 0.999939470 0.000000000
JQ:/rrc/crr: 0.000000000 0.500000000 0.500000000
JQ:/rrc/r: 0.576823826 0.000040353 0.423135821
K:/c: 0.999990000 0.000010000 0.000000000
K:/crr: 0.000000000 0.999995000 0.000005000
K:/r: 0.569829402 0.430163932 0.000006667
KJ:/cc/c: 0.500000000 0.500000000 0.000000000
KJ:/cc/crr: 0.000000000 0.500000000 0.500000000
KJ:/cc/r: 0.333333333 0.333333333 0.333333333
KJ:/crc/c: 0.169984855 0.830015145 0.000000000
KJ:/crc/crr: 0.000000000 0.999985293 0.000014707
KJ:/crc/r: 0.000005762 0.880282451 0.119711787
KJ:/crrc/c: 0.303313964 0.696686036 0.000000000
KJ:/crrc/crr: 0.000000000 0.999995879 0.000004121
KJ:/crrc/r: 0.038185319 0.818198748 0.143615932
KJ:/rc/c: 0.419845016 0.580154984 0.000000000
KJ:/rc/crr: 0.000000000 0.999990772 0.000009228
KJ:/rc/r: 0.057130449 0.747921457 0.194948094
KJ:/rrc/c: 0.475008736 0.524991264 0.000000000
KJ:/rrc/crr: 0.000000000 0.999993843 0.000006157
KJ:/rrc/r: 0.031708210 0.912802091 0.055489699
KK:/cc/c: 0.500000000 0.500000000 0.000000000
KK:/cc/crr: 0.000000000 0.500000000 0.500000000
KK:/cc/r: 0.333333333 0.333333333 0.333333333
KK:/crc/c: 0.999995000 0.000005000 0.000000000
KK:/crc/crr: 0.000000000 0.999997500 0.000002500
KK:/crc/r: 0.992178178 0.007818489 0.000003333
KK:/crrc/c: 0.999997500 0.000002500 0.000000000
KK:/crrc/crr: 0.000000000 0.999998750 0.000001250
KK:/crrc/r: 0.999873494 0.000124839 0.000001667
KK:/rc/c: 0.999992251 0.000007749 0.000000000
KK:/rc/crr: 0.000000000 0.999996125 0.000003875
KK:/rc/r: 0.999969716 0.000025118 0.000005166
KK:/rrc/c: 0.999994150 0.000005850 0.000000000
KK:/rrc/crr: 0.000000000 0.999997075 0.000002925
KK:/rrc/r: 0.997437159 0.002558941 0.000003900
KQ:/cc/c: 0.500000000 0.500000000 0.000000000
KQ:/cc/crr: 0.000000000 0.500000000 0.500000000
KQ:/cc/r: 0.333333333 0.333333333 0.333333333
KQ:/crc/c: 0.231812125 0.768187875 0.000000000
KQ:/crc/crr: 0.000000000 0.000880322 0.999119678
KQ:/crc/r: 0.000010857 0.474622659 0.525366484
KQ:/crrc/c: 0.624182643 0.375817357 0.000000000
KQ:/crrc/crr: 0.000000000 0.399048185 0.600951815
KQ:/crrc/r: 0.000044574 0.856978546 0.142976880
KQ:/rc/c: 0.000007749 0.999992251 0.000000000
KQ:/rc/crr: 0.000000000 0.500000000 0.500000000
KQ:/rc/r: 0.000006605 0.305999936 0.693993459
KQ:/rrc/c: 0.499100490 0.500899510 0.000000000
KQ:/rrc/crr: 0.000000000 0.447330827 0.552669173
KQ:/rrc/r: 0.001148839 0.670964195 0.327886966
Q:/c: 0.847301381 0.152698619 0.000000000
Q:/crr: 0.000000000 0.999994099 0.000005901
Q:/r: 0.350681358 0.649269919 0.000048723
QJ:/cc/c: 0.000142859 0.999857141 0.000000000
QJ:/cc/crr: 0.000000000 0.114603210 0.885396790
QJ:/cc/r: 0.000021829 0.000021829 0.999956341
QJ:/crc/c: 0.422335957 0.577664043 0.000000000
QJ:/crc/crr: 0.000000000 0.000757360 0.999242640
QJ:/crc/r: 0.000003934 0.000003934 0.999992132
QJ:/crrc/c: 0.000002951 0.999997049 0.000000000
QJ:/crrc/crr: 0.000000000 0.500000000 0.500000000
QJ:/crrc/r: 0.000003887 0.000001967 0.999994146
QJ:/rc/c: 0.000005134 0.999994866 0.000000000
QJ:/rc/crr: 0.000000000 0.500000000 0.500000000
QJ:/rc/r: 0.000009466 0.000003423 0.999987112
QJ:/rrc/c: 0.000009505 0.999990495 0.000000000
QJ:/rrc/crr: 0.000000000 0.500000000 0.500000000
QJ:/rrc/r: 0.000006659 0.000006337 0.999987005
QK:/cc/c: 0.001027424 0.998972576 0.000000000
QK:/cc/crr: 0.000000000 0.984064891 0.015935109
QK:/cc/r: 0.000021829 0.737809366 0.262168804
QK:/crc/c: 0.290501153 0.709498847 0.000000000
QK:/crc/crr: 0.000000000 0.000141763 0.999858237
QK:/crc/r: 0.000033173 0.472724678 0.527242149
QK:/crrc/c: 0.000021901 0.999978099 0.000000000
QK:/crrc/crr: 0.000000000 0.932638839 0.067361161
QK:/crrc/r: 0.000032678 0.269012152 0.730955170
QK:/rc/c: 0.367026568 0.632973432 0.000000000
QK:/rc/crr: 0.000000000 0.000157218 0.999842782
QK:/rc/r: 0.000003423 0.303631402 0.696365176
QK:/rrc/c: 0.428064362 0.571935638 0.000000000
QK:/rrc/crr: 0.000000000 0.050983559 0.949016441
QK:/rrc/r: 0.000006337 0.511418959 0.488574705
QQ:/cc/c: 0.999967256 0.000032744 0.000000000
QQ:/cc/crr: 0.000000000 0.999983627 0.000016373
QQ:/cc/r: 0.999787125 0.000191046 0.000021829
QQ:/crc/c: 0.999994099 0.000005901 0.000000000
QQ:/crc/crr: 0.000000000 0.999997049 0.000002951
QQ:/crc/r: 0.999961797 0.000034269 0.000003934
QQ:/crrc/c: 0.999997049 0.000002951 0.000000000
QQ:/crrc/crr: 0.000000000 0.999998525 0.000001475
QQ:/crrc/r: 0.999714936 0.000283097 0.000001967
QQ:/rc/c: 0.999994866 0.000005134 0.000000000
QQ:/rc/crr: 0.000000000 0.999997433 0.000002567
QQ:/rc/r: 0.999993155 0.000003423 0.000003423
QQ:/rrc/c: 0.999990495 0.000009505 0.000000000
QQ:/rrc/crr: 0.000000000 0.999995247 0.000004753
QQ:/rrc/r: 0.999985460 0.000008203 0.000006337
