J:/c: 0.291185437 0.708814563 0.000000000
J:/crr: 0.000000000 0.999982829 0.000017171
J:/r: 0.055799072 0.129329594 0.814871334
JJ:/cc/c: 0.999992946 0.000007054 0.000000000
JJ:/cc/crr: 0.000000000 0.999996473 0.000003527
JJ:/cc/r: 0.999982701 0.000012596 0.000004703
JJ:/crc/c: 0.999982829 0.000017171 0.000000000
JJ:/crc/crr: 0.000000000 0.999991414 0.000008586
JJ:/crc/r: 0.999977105 0.000011447 0.000011447
JJ:/crrc/c: 0.999991414 0.000008586 0.000000000
JJ:/crrc/crr: 0.000000000 0.999995707 0.000004293
JJ:/crrc/r: 0.999988552 0.000005724 0.000005724
JJ:/rc/c: 0.999974226 0.000025774 0.000000000
JJ:/rc/crr: 0.000000000 0.999987113 0.000012887
JJ:/rc/r: 0.999962835 0.000019983 0.000017183
JJ:/rrc/c: 0.999940262 0.000059738 0.000000000
JJ:/rrc/crr: 0.000000000 0.999970129 0.000029871
JJ:/rrc/r: 0.999735579 0.000224596 0.000039825
JK:/cc/c: 0.005972512 0.994027488 0.000000000
JK:/cc/crr: 0.000000000 0.064308727 0.935691273
JK:/cc/r: 0.000010481 0.000004703 0.999984817
JK:/crc/c: 0.565538136 0.434461864 0.000000000
JK:/crc/crr: 0.000000000 0.000015181 0.999984819
JK:/crc/r: 0.044821642 0.000011447 0.955166911
JK:/crrc/c: 0.331043630 0.668956370 0.000000000
JK:/crrc/crr: 0.000000000 0.000012968 0.999987032
JK:/crrc/r: 0.199960370 0.000005724 0.800033907
JK:/rc/c: 0.356383369 0.643616631 0.000000000
JK:/rc/crr: 0.000000000 0.000036160 0.999963840
JK:/rc/r: 0.359217521 0.000017183 0.640765296
JK:/rrc/c: 0.999776107 0.000223893 0.000000000
JK:/rrc/crr: 0.000000000 0.000029876 0.999970124
JK:/rrc/r: 0.294519721 0.000039825 0.705440454
JQ:/cc/c: 0.069946226 0.930053774 0.000000000
JQ:/cc/crr: 0.000000000 0.000050425 0.999949575
JQ:/cc/r: 0.032960048 0.000004703 0.967035249
JQ:/crc/c: 0.454147649 0.545852351 0.000000000
JQ:/crc/crr: 0.000000000 0.000018905 0.999981095
JQ:/crc/r: 0.060529687 0.000011447 0.939458865
JQ:/crrc/c: 0.037357190 0.962642810 0.000000000
JQ:/crrc/crr: 0.000000000 0.000114914 0.999885086
JQ:/crrc/r: 0.154641915 0.000005724 0.845352361
JQ:/rc/c: 0.991488760 0.008511240 0.000000000
JQ:/rc/crr: 0.000000000 0.000012998 0.999987002
JQ:/rc/r: 0.000017183 0.000017183 0.999965635
JQ:/rrc/c: 0.001659893 0.998340107 0.000000000
JQ:/rrc/crr: 0.000000000 0.017994579 0.982005421
JQ:/rrc/r: 0.436159109 0.000040128 0.563800763
K:/c: 0.999039528 0.000960472 0.000000000
K:/crr: 0.000000000 0.999994995 0.000005005
K:/r: 0.582394075 0.417599259 0.000006667
KJ:/cc/c: 0.015917896 0.984082104 0.000000000
KJ:/cc/crr: 0.000000000 0.836480479 0.163519521
KJ:/cc/r: 0.017557180 0.007056262 0.975386558
KJ:/crc/c: 0.101657892 0.898342108 0.000000000
KJ:/crc/crr: 0.000000000 0.999975384 0.000024616
KJ:/crc/r: 0.000104381 0.732616244 0.267279376
KJ:/crrc/c: 0.332284791 0.667715209 0.000000000
KJ:/crrc/crr: 0.000000000 0.813561986 0.186438014
KJ:/crrc/r: 0.036365636 0.872888080 0.090746284
KJ:/rc/c: 0.480480524 0.519519476 0.000000000
KJ:/rc/crr: 0.000000000 0.775351895 0.224648105
KJ:/rc/r: 0.039136344 0.734513251 0.226350406
KJ:/rrc/c: 0.293970498 0.706029502 0.000000000
KJ:/rrc/crr: 0.000000000 0.992930781 0.007069219
KJ:/rrc/r: 0.042619776 0.887166777 0.070213447
KK:/cc/c: 0.994794227 0.005205773 0.000000000
KK:/cc/crr: 0.000000000 0.997383492 0.002616508
KK:/cc/r: 0.987304046 0.009225439 0.003470516
KK:/crc/c: 0.999994995 0.000005005 0.000000000
KK:/crc/crr: 0.000000000 0.999997498 0.000002502
KK:/crc/r: 0.725551641 0.274445023 0.000003337
KK:/crrc/c: 0.999997498 0.000002502 0.000000000
KK:/crrc/crr: 0.000000000 0.999998749 0.000001251
KK:/crrc/r: 0.999996663 0.000001668 0.000001668
KK:/rc/c: 0.999992018 0.000007982 0.000000000
KK:/rc/crr: 0.000000000 0.999996009 0.000003991
KK:/rc/r: 0.999979915 0.000014764 0.000005321
KK:/rrc/c: 0.999994276 0.000005724 0.000000000
KK:/rrc/crr: 0.000000000 0.999997138 0.000002862
KK:/rrc/r: 0.999977764 0.000018420 0.000003816
KQ:/cc/c: 0.026771248 0.973228752 0.000000000
KQ:/cc/crr: 0.000000000 0.902773054 0.097226946
KQ:/cc/r: 0.017592986 0.976143689 0.006263325
KQ:/crc/c: 0.325550113 0.674449887 0.000000000
KQ:/crc/crr: 0.000000000 0.001895128 0.998104872
KQ:/crc/r: 0.000085207 0.432233012 0.567681781
KQ:/crrc/c: 0.613280825 0.386719175 0.000000000
KQ:/crrc/crr: 0.000000000 0.389585743 0.610414257
KQ:/crrc/r: 0.000008309 0.716337355 0.283654336
KQ:/rc/c: 0.000065392 0.999934608 0.000000000
KQ:/rc/crr: 0.000000000 0.938966696 0.061033304
KQ:/rc/r: 0.000025068 0.310379493 0.689595439
KQ:/rrc/c: 0.508264284 0.491735716 0.000000000
KQ:/rrc/crr: 0.000000000 0.502057355 0.497942645
KQ:/rrc/r: 0.068684533 0.569537286 0.361778180
Q:/c: 0.846641853 0.153358147 0.000000000
Q:/crr: 0.000000000 0.999994094 0.000005906
Q:/r: 0.358514714 0.641435461 0.000049826
QJ:/cc/c: 0.000569035 0.999430965 0.000000000
QJ:/cc/crr: 0.000000000 0.028647988 0.971352012
QJ:/cc/r: 0.000048315 0.000021736 0.999929949
QJ:/crc/c: 0.450286769 0.549713231 0.000000000
QJ:/crc/crr: 0.000000000 0.064087847 0.935912153
QJ:/crc/r: 0.000020049 0.000003937 0.999976014
QJ:/crrc/c: 0.000089132 0.999910868 0.000000000
QJ:/crrc/crr: 0.000000000 0.016564546 0.983435454
QJ:/crrc/r: 0.010619437 0.000001969 0.989378594
QJ:/rc/c: 0.000133948 0.999866052 0.000000000
QJ:/rc/crr: 0.000000000 0.019398127 0.980601873
QJ:/rc/r: 0.015841660 0.000003464 0.984154875
QJ:/rrc/c: 0.000881433 0.999118567 0.000000000
QJ:/rrc/crr: 0.000000000 0.005274149 0.994725851
QJ:/rrc/r: 0.000092156 0.000010201 0.999897643
QK:/cc/c: 0.064676457 0.935323543 0.000000000
QK:/cc/crr: 0.000000000 0.999747950 0.000252050
QK:/cc/r: 0.000155986 0.728815087 0.271028927
QK:/crc/c: 0.283387682 0.716612318 0.000000000
QK:/crc/crr: 0.000000000 0.018672709 0.981327291
QK:/crc/r: 0.000397776 0.448950379 0.550651846
QK:/crrc/c: 0.179556403 0.820443597 0.000000000
QK:/crrc/crr: 0.000000000 0.001396805 0.998603195
QK:/crrc/r: 0.000069653 0.291457305 0.708473042
QK:/rc/c: 0.380185104 0.619814896 0.000000000
QK:/rc/crr: 0.000000000 0.009273041 0.990726959
QK:/rc/r: 0.000008435 0.313976002 0.686015562
QK:/rrc/c: 0.425478817 0.574521183 0.000000000
QK:/rrc/crr: 0.000000000 0.045868119 0.954131881
QK:/rrc/r: 0.000089905 0.511138104 0.488771991
QQ:/cc/c: 0.999967397 0.000032603 0.000000000
QQ:/cc/crr: 0.000000000 0.999983698 0.000016302
QQ:/cc/r: 0.999918704 0.000059560 0.000021736
QQ:/crc/c: 0.999994094 0.000005906 0.000000000
QQ:/crc/crr: 0.000000000 0.999997047 0.000002953
QQ:/crc/r: 0.729481305 0.270514758 0.000003937
QQ:/crrc/c: 0.999997047 0.000002953 0.000000000
QQ:/crrc/crr: 0.000000000 0.999998524 0.000001476
QQ:/crrc/r: 0.999996063 0.000001969 0.000001969
QQ:/rc/c: 0.999994803 0.000005197 0.000000000
QQ:/rc/crr: 0.000000000 0.999997402 0.000002598
QQ:/rc/r: 0.999992826 0.000003710 0.000003464
QQ:/rrc/c: 0.999990702 0.000009298 0.000000000
QQ:/rrc/crr: 0.000000000 0.999995351 0.000004649
QQ:/rrc/r: 0.999956155 0.000037647 0.000006198
