J:/c: 0.320419940 0.679580060 0.000000000
J:/crr: 0.000000000 0.999984395 0.000015605
J:/r: 0.055820355 0.127191407 0.816988238
JJ:/cc/c: 0.999992643 0.000007357 0.000000000
JJ:/cc/crr: 0.000000000 0.999996321 0.000003679
JJ:/cc/r: 0.999990190 0.000004905 0.000004905
JJ:/crc/c: 0.999984395 0.000015605 0.000000000
JJ:/crc/crr: 0.000000000 0.999992198 0.000007802
JJ:/crc/r: 0.999955524 0.000034073 0.000010403
JJ:/crrc/c: 0.999992198 0.000007802 0.000000000
JJ:/crrc/crr: 0.000000000 0.999996099 0.000003901
JJ:/crrc/r: 0.999971181 0.000023617 0.000005202
JJ:/rc/c: 0.999973793 0.000026207 0.000000000
JJ:/rc/crr: 0.000000000 0.999986896 0.000013104
JJ:/rc/r: 0.999925596 0.000056933 0.000017471
JJ:/rrc/c: 0.999940285 0.000059715 0.000000000
JJ:/rrc/crr: 0.000000000 0.999970141 0.000029859
JJ:/rrc/r: 0.999915525 0.000044664 0.000039810
JK:/cc/c: 0.005303138 0.994696862 0.000000000
JK:/cc/crr: 0.000000000 0.000693692 0.999306308
JK:/cc/r: 0.000004905 0.000004905 0.999990190
JK:/crc/c: 0.526682855 0.473317145 0.000000000
JK:/crc/crr: 0.000000000 0.000014814 0.999985186
JK:/crc/r: 0.009398562 0.000010403 0.990591035
JK:/crrc/c: 0.999992198 0.000007802 0.000000000
JK:/crrc/crr: 0.000000000 0.000003901 0.999996099
JK:/crrc/r: 0.183674362 0.000005202 0.816320437
JK:/rc/c: 0.368775591 0.631224409 0.000000000
JK:/rc/crr: 0.000000000 0.000035533 0.999964467
JK:/rc/r: 0.360670439 0.000017471 0.639312089
JK:/rrc/c: 0.999940285 0.000059715 0.000000000
JK:/rrc/crr: 0.000000000 0.000029859 0.999970141
JK:/rrc/r: 0.308727629 0.000039810 0.691232561
JQ:/cc/c: 0.080976457 0.919023543 0.000000000
JQ:/cc/crr: 0.000000000 0.000045430 0.999954570
JQ:/cc/r: 0.025092284 0.000004905 0.974902811
JQ:/crc/c: 0.999510718 0.000489282 0.000000000
JQ:/crc/crr: 0.000000000 0.000007806 0.999992194
JQ:/crc/r: 0.000049708 0.000010403 0.999939889
JQ:/crrc/c: 0.000007802 0.999992198 0.000000000
JQ:/crrc/crr: 0.000000000 0.500000000 0.500000000
JQ:/crrc/r: 0.208759262 0.000005202 0.791235537
JQ:/rc/c: 0.999973793 0.000026207 0.000000000
JQ:/rc/crr: 0.000000000 0.000013104 0.999986896
JQ:/rc/r: 0.000017471 0.000017471 0.999965057
JQ:/rrc/c: 0.090551647 0.909448353 0.000000000
JQ:/rrc/crr: 0.000000000 0.000329731 0.999670269
JQ:/rrc/r: 0.580795072 0.000039810 0.419165117
K:/c: 0.999990000 0.000010000 0.000000000
K:/crr: 0.000000000 0.999995000 0.000005000
K:/r: 0.577359119 0.422634215 0.000006667
KJ:/cc/c: 0.500000000 0.500000000 0.000000000
KJ:/cc/crr: 0.000000000 0.500000000 0.500000000
KJ:/cc/r: 0.333333333 0.333333333 0.333333333
KJ:/crc/c: 0.115697722 0.884302278 0.000000000
KJ:/crc/crr: 0.000000000 0.999978392 0.000021608
KJ:/crc/r: 0.000004629 0.743681651 0.256313720
KJ:/crrc/c: 0.520071796 0.479928204 0.000000000
KJ:/crrc/crr: 0.000000000 0.745976694 0.254023306
KJ:/crrc/r: 0.000076326 0.999906480 0.000017194
KJ:/rc/c: 0.451364092 0.548635908 0.000000000
KJ:/rc/crr: 0.000000000 0.899939138 0.100060862
KJ:/rc/r: 0.048334624 0.760074375 0.191591001
KJ:/rrc/c: 0.303900580 0.696099420 0.000000000
KJ:/rrc/crr: 0.000000000 0.999990501 0.000009499
KJ:/rrc/r: 0.033154328 0.909253074 0.057592598
KK:/cc/c: 0.500000000 0.500000000 0.000000000
KK:/cc/crr: 0.000000000 0.500000000 0.500000000
KK:/cc/r: 0.333333333 0.333333333 0.333333333
KK:/crc/c: 0.999995000 0.000005000 0.000000000
KK:/crc/crr: 0.000000000 0.999997500 0.000002500
KK:/crc/r: 0.982492500 0.017504167 0.000003333
KK:/crrc/c: 0.999997500 0.000002500 0.000000000
KK:/crrc/crr: 0.000000000 0.999998750 0.000001250
KK:/crrc/r: 0.999618994 0.000379340 0.000001667
KK:/rc/c: 0.999992113 0.000007887 0.000000000
KK:/rc/crr: 0.000000000 0.999996056 0.000003944
KK:/rc/r: 0.999970556 0.000024186 0.000005258
KK:/rrc/c: 0.999994227 0.000005773 0.000000000
KK:/rrc/crr: 0.000000000 0.999997113 0.000002887
KK:/rrc/r: 0.999176182 0.000819969 0.000003849
KQ:/cc/c: 0.500000000 0.500000000 0.000000000
KQ:/cc/crr: 0.000000000 0.500000000 0.500000000
KQ:/cc/r: 0.333333333 0.333333333 0.333333333
KQ:/crc/c: 0.000194791 0.999805209 0.000000000
KQ:/crc/crr: 0.000000000 0.978907467 0.021092533
KQ:/crc/r: 0.000010818 0.441414441 0.558574742
KQ:/crrc/c: 0.665527460 0.334472540 0.000000000
KQ:/crrc/crr: 0.000000000 0.454600378 0.545399622
KQ:/crrc/r: 0.000422573 0.630012527 0.369564901
KQ:/rc/c: 0.000007887 0.999992113 0.000000000
KQ:/rc/crr: 0.000000000 0.500000000 0.500000000
KQ:/rc/r: 0.000009635 0.308519382 0.691470983
KQ:/rrc/c: 0.469087989 0.530912011 0.000000000
KQ:/rrc/crr: 0.000000000 0.607907966 0.392092034
KQ:/rrc/r: 0.000664658 0.682860668 0.316474674
Q:/c: 0.839306604 0.160693396 0.000000000
Q:/crr: 0.000000000 0.999994043 0.000005957
Q:/r: 0.361415268 0.638536709 0.000048023
QJ:/cc/c: 0.000031115 0.999968885 0.000000000
QJ:/cc/crr: 0.000000000 0.500000000 0.500000000
QJ:/cc/r: 0.000020743 0.000020743 0.999958513
QJ:/crc/c: 0.440020366 0.559979634 0.000000000
QJ:/crc/crr: 0.000000000 0.000029948 0.999970052
QJ:/crc/r: 0.000003972 0.000003972 0.999992057
QJ:/crrc/c: 0.000002979 0.999997021 0.000000000
QJ:/crrc/crr: 0.000000000 0.500000000 0.500000000
QJ:/crrc/r: 0.000001986 0.000001986 0.999996028
QJ:/rc/c: 0.000005220 0.999994780 0.000000000
QJ:/rc/crr: 0.000000000 0.500000000 0.500000000
QJ:/rc/r: 0.000685862 0.000003480 0.999310657
QJ:/rrc/c: 0.000009223 0.999990777 0.000000000
QJ:/rrc/crr: 0.000000000 0.500000000 0.500000000
QJ:/rrc/r: 0.000006149 0.000006149 0.999987703
QK:/cc/c: 0.065976594 0.934023406 0.000000000
QK:/cc/crr: 0.000000000 0.999764196 0.000235804
QK:/cc/r: 0.000036354 0.691033325 0.308930321
QK:/crc/c: 0.268099963 0.731900037 0.000000000
QK:/crc/crr: 0.000000000 0.000808751 0.999191249
QK:/crc/r: 0.000008976 0.457354955 0.542636068
QK:/crrc/c: 0.000045696 0.999954304 0.000000000
QK:/crrc/crr: 0.000000000 0.967407517 0.032592483
QK:/crrc/r: 0.000005328 0.310598425 0.689396247
QK:/rc/c: 0.379391787 0.620608213 0.000000000
QK:/rc/crr: 0.000000000 0.000006880 0.999993120
QK:/rc/r: 0.000003480 0.314879590 0.685116930
QK:/rrc/c: 0.421024394 0.578975606 0.000000000
QK:/rrc/crr: 0.000000000 0.000277009 0.999722991
QK:/rrc/r: 0.000006149 0.487824020 0.512169831
QQ:/cc/c: 0.999968885 0.000031115 0.000000000
QQ:/cc/crr: 0.000000000 0.999984442 0.000015558
QQ:/cc/r: 0.993102382 0.006876875 0.000020743
QQ:/crc/c: 0.999994043 0.000005957 0.000000000
QQ:/crc/crr: 0.000000000 0.999997021 0.000002979
QQ:/crc/r: 0.999930978 0.000065051 0.000003972
QQ:/crrc/c: 0.999997021 0.000002979 0.000000000
QQ:/crrc/crr: 0.000000000 0.999998511 0.000001489
QQ:/crrc/r: 0.999785731 0.000212283 0.000001986
QQ:/rc/c: 0.999994780 0.000005220 0.000000000
QQ:/rc/crr: 0.000000000 0.999997390 0.000002610
QQ:/rc/r: 0.980347099 0.019649421 0.000003480
QQ:/rrc/c: 0.999990777 0.000009223 0.000000000
QQ:/rrc/crr: 0.000000000 0.999995388 0.000004612
QQ:/rrc/r: 0.999980755 0.000013096 0.000006149
