J:/c: 0.297542046 0.702457954 0.000000000
J:/crr: 0.000000000 0.999983196 0.000016804
J:/r: 0.054256860 0.127336475 0.818406665
JJ:/cc/c: 0.999992882 0.000007118 0.000000000
JJ:/cc/crr: 0.000000000 0.999996441 0.000003559
JJ:/cc/r: 0.999986907 0.000008348 0.000004745
JJ:/crc/c: 0.999983196 0.000016804 0.000000000
JJ:/crc/crr: 0.000000000 0.999991598 0.000008402
JJ:/crc/r: 0.996555601 0.003433196 0.000011203
JJ:/crrc/c: 0.999991598 0.000008402 0.000000000
JJ:/crrc/crr: 0.000000000 0.999995799 0.000004201
JJ:/crrc/r: 0.999988797 0.000005602 0.000005602
JJ:/rc/c: 0.999973823 0.000026177 0.000000000
JJ:/rc/crr: 0.000000000 0.999986911 0.000013089
JJ:/rc/r: 0.999965097 0.000017452 0.000017452
JJ:/rrc/c: 0.999938564 0.000061436 0.000000000
JJ:/rrc/crr: 0.000000000 0.999969280 0.000030720
JJ:/rrc/r: 0.999876523 0.000082520 0.000040957
JK:/cc/c: 0.007512914 0.992487086 0.000000000
JK:/cc/crr: 0.000000000 0.000473709 0.999526291
JK:/cc/r: 0.000011381 0.000004745 0.999983874
JK:/crc/c: 0.534574723 0.465425277 0.000000000
JK:/crc/crr: 0.000000000 0.000015717 0.999984283
JK:/crc/r: 0.026199862 0.000011203 0.973788935
JK:/crrc/c: 0.461133752 0.538866248 0.000000000
JK:/crrc/crr: 0.000000000 0.000009110 0.999990890
JK:/crrc/r: 0.231470480 0.000005602 0.768523919
JK:/rc/c: 0.379681029 0.620318971 0.000000000
JK:/rc/crr: 0.000000000 0.000034473 0.999965527
JK:/rc/r: 0.364236277 0.000017452 0.635746271
JK:/rrc/c: 0.999938564 0.000061436 0.000000000
JK:/rrc/crr: 0.000000000 0.000030720 0.999969280
JK:/rrc/r: 0.310324830 0.000040957 0.689634213
JQ:/cc/c: 0.067832632 0.932167368 0.000000000
JQ:/cc/crr: 0.000000000 0.000052466 0.999947534
JQ:/cc/r: 0.037055505 0.000004745 0.962939750
JQ:/crc/c: 0.565728194 0.434271806 0.000000000
JQ:/crc/crr: 0.000000000 0.000014852 0.999985148
JQ:/crc/r: 0.000131806 0.000011203 0.999856991
JQ:/crrc/c: 0.010337557 0.989662443 0.000000000
JQ:/crrc/crr: 0.000000000 0.000406398 0.999593602
JQ:/crrc/r: 0.260114094 0.000005602 0.739880305
JQ:/rc/c: 0.997061806 0.002938194 0.000000000
JQ:/rc/crr: 0.000000000 0.000013127 0.999986873
JQ:/rc/r: 0.000017452 0.000017452 0.999965097
JQ:/rrc/c: 0.002350220 0.997649780 0.000000000
JQ:/rrc/crr: 0.000000000 0.013070303 0.986929697
JQ:/rrc/r: 0.601760087 0.000040957 0.398198956
K:/c: 0.999990000 0.000010000 0.000000000
K:/crr: 0.000000000 0.999995000 0.000005000
K:/r: 0.578976584 0.421016749 0.000006667
KJ:/cc/c: 0.500000000 0.500000000 0.000000000
KJ:/cc/crr: 0.000000000 0.500000000 0.500000000
KJ:/cc/r: 0.333333333 0.333333333 0.333333333
KJ:/crc/c: 0.109757939 0.890242061 0.000000000
KJ:/crc/crr: 0.000000000 0.999977222 0.000022778
KJ:/crc/r: 0.000033930 0.729767653 0.270198417
KJ:/crrc/c: 0.336892694 0.663107306 0.000000000
KJ:/crrc/crr: 0.000000000 0.999996290 0.000003710
KJ:/crrc/r: 0.073921835 0.783991213 0.142086952
KJ:/rc/c: 0.444936568 0.555063432 0.000000000
KJ:/rc/crr: 0.000000000 0.984048845 0.015951155
KJ:/rc/r: 0.000321682 0.942276749 0.057401569
KJ:/rrc/c: 0.091312292 0.908687708 0.000000000
KJ:/rrc/crr: 0.000000000 0.999968475 0.000031525
KJ:/rrc/r: 0.038837108 0.914804943 0.046357949
KK:/cc/c: 0.500000000 0.500000000 0.000000000
KK:/cc/crr: 0.000000000 0.500000000 0.500000000
KK:/cc/r: 0.333333333 0.333333333 0.333333333
KK:/crc/c: 0.999995000 0.000005000 0.000000000
KK:/crc/crr: 0.000000000 0.999997500 0.000002500
KK:/crc/r: 0.950705184 0.049291483 0.000003333
KK:/crrc/c: 0.999997500 0.000002500 0.000000000
KK:/crrc/crr: 0.000000000 0.999998750 0.000001250
KK:/crrc/r: 0.999509186 0.000489147 0.000001667
KK:/rc/c: 0.999992083 0.000007917 0.000000000
KK:/rc/crr: 0.000000000 0.999996041 0.000003959
KK:/rc/r: 0.999981097 0.000013625 0.000005278
KK:/rrc/c: 0.999994243 0.000005757 0.000000000
KK:/rrc/crr: 0.000000000 0.999997121 0.000002879
KK:/rrc/r: 0.999596603 0.000399559 0.000003838
KQ:/cc/c: 0.500000000 0.500000000 0.000000000
KQ:/cc/crr: 0.000000000 0.500000000 0.500000000
KQ:/cc/r: 0.333333333 0.333333333 0.333333333
KQ:/crc/c: 0.000081728 0.999918272 0.000000000
KQ:/crc/crr: 0.000000000 0.969410252 0.030589748
KQ:/crc/r: 0.000018941 0.438385867 0.561595193
KQ:/crrc/c: 0.655266757 0.344733243 0.000000000
KQ:/crrc/crr: 0.000000000 0.436613381 0.563386619
KQ:/crrc/r: 0.001057828 0.699176652 0.299765521
KQ:/rc/c: 0.000684437 0.999315563 0.000000000
KQ:/rc/crr: 0.000000000 0.005783836 0.994216164
KQ:/rc/r: 0.000017357 0.301385651 0.698596992
KQ:/rrc/c: 0.500819147 0.499180853 0.000000000
KQ:/rrc/crr: 0.000000000 0.451818034 0.548181966
KQ:/rrc/r: 0.004682679 0.667668149 0.327649172
Q:/c: 0.852327302 0.147672698 0.000000000
Q:/crr: 0.000000000 0.999994134 0.000005866
Q:/r: 0.365029913 0.634934571 0.000035516
QJ:/cc/c: 0.000033859 0.999966141 0.000000000
QJ:/cc/crr: 0.000000000 0.500000000 0.500000000
QJ:/cc/r: 0.000022572 0.000022572 0.999954855
QJ:/crc/c: 0.395321064 0.604678936 0.000000000
QJ:/crc/crr: 0.000000000 0.002406861 0.997593139
QJ:/crc/r: 0.000064084 0.000003911 0.999932006
QJ:/crrc/c: 0.000002933 0.999997067 0.000000000
QJ:/crrc/crr: 0.000000000 0.500000000 0.500000000
QJ:/crrc/r: 0.000001955 0.000001955 0.999996089
QJ:/rc/c: 0.000005250 0.999994750 0.000000000
QJ:/rc/crr: 0.000000000 0.500000000 0.500000000
QJ:/rc/r: 0.002925659 0.000003500 0.997070841
QJ:/rrc/c: 0.000009132 0.999990868 0.000000000
QJ:/rrc/crr: 0.000000000 0.500000000 0.500000000
QJ:/rrc/r: 0.000057319 0.000006088 0.999936594
QK:/cc/c: 0.199097660 0.800902340 0.000000000
QK:/cc/crr: 0.000000000 0.999914970 0.000085030
QK:/cc/r: 0.000092942 0.734491296 0.265415762
QK:/crc/c: 0.327825840 0.672174160 0.000000000
QK:/crc/crr: 0.000000000 0.000495407 0.999504593
QK:/crc/r: 0.000076313 0.477978284 0.521945403
QK:/crrc/c: 0.045276263 0.954723737 0.000000000
QK:/crrc/crr: 0.000000000 0.008122447 0.991877553
QK:/crrc/r: 0.000036344 0.287541692 0.712421964
QK:/rc/c: 0.372471081 0.627528919 0.000000000
QK:/rc/crr: 0.000000000 0.000648427 0.999351573
QK:/rc/r: 0.000005931 0.313336299 0.686657770
QK:/rrc/c: 0.435710282 0.564289718 0.000000000
QK:/rrc/crr: 0.000000000 0.048630835 0.951369165
QK:/rrc/r: 0.000069193 0.508156080 0.491774727
QQ:/cc/c: 0.999966141 0.000033859 0.000000000
QQ:/cc/crr: 0.000000000 0.999983070 0.000016930
QQ:/cc/r: 0.999916678 0.000060750 0.000022572
QQ:/crc/c: 0.999994134 0.000005866 0.000000000
QQ:/crc/crr: 0.000000000 0.999997067 0.000002933
QQ:/crc/r: 0.906532553 0.093463536 0.000003911
QQ:/crrc/c: 0.999997067 0.000002933 0.000000000
QQ:/crrc/crr: 0.000000000 0.999998533 0.000001467
QQ:/crrc/r: 0.999574965 0.000423079 0.000001955
QQ:/rc/c: 0.999994750 0.000005250 0.000000000
QQ:/rc/crr: 0.000000000 0.999997375 0.000002625
QQ:/rc/r: 0.983022406 0.016974094 0.000003500
QQ:/rrc/c: 0.999990868 0.000009132 0.000000000
QQ:/rrc/crr: 0.000000000 0.999995434 0.000004566
QQ:/rrc/r: 0.999951046 0.000042866 0.000006088
