J:/c: 0.290422821 0.709577179 0.000000000
J:/crr: 0.000000000 0.999982784 0.000017216
J:/r: 0.053749458 0.131893158 0.814357384
JJ:/cc/c: 0.999992954 0.000007046 0.000000000
JJ:/cc/crr: 0.000000000 0.999996477 0.000003523
JJ:/cc/r: 0.999982720 0.000012582 0.000004698
JJ:/crc/c: 0.999982784 0.000017216 0.000000000
JJ:/crc/crr: 0.000000000 0.999991392 0.000008608
JJ:/crc/r: 0.999977045 0.000011478 0.000011478
JJ:/crrc/c: 0.999991392 0.000008608 0.000000000
JJ:/crrc/crr: 0.000000000 0.999995696 0.000004304
JJ:/crrc/r: 0.999988522 0.000005739 0.000005739
JJ:/rc/c: 0.999974727 0.000025273 0.000000000
JJ:/rc/crr: 0.000000000 0.999987363 0.000012637
JJ:/rc/r: 0.999955227 0.000027925 0.000016849
JJ:/rrc/c: 0.999937984 0.000062016 0.000000000
JJ:/rrc/crr: 0.000000000 0.999968990 0.000031010
JJ:/rrc/r: 0.999728042 0.000230614 0.000041344
JK:/cc/c: 0.010413357 0.989586643 0.000000000
JK:/cc/crr: 0.000000000 0.000338337 0.999661663
JK:/cc/r: 0.000010675 0.000004698 0.999984627
JK:/crc/c: 0.519192731 0.480807269 0.000000000
JK:/crc/crr: 0.000000000 0.000016580 0.999983420
JK:/crc/r: 0.071694333 0.000011478 0.928294189
JK:/crrc/c: 0.429371956 0.570628044 0.000000000
JK:/crrc/crr: 0.000000000 0.000010024 0.999989976
JK:/crrc/r: 0.215648089 0.000005739 0.784346172
JK:/rc/c: 0.392129775 0.607870225 0.000000000
JK:/rc/crr: 0.000000000 0.000032225 0.999967775
JK:/rc/r: 0.344915537 0.000016849 0.655067615
JK:/rrc/c: 0.999780422 0.000219578 0.000000000
JK:/rrc/crr: 0.000000000 0.000031015 0.999968985
JK:/rrc/r: 0.296003377 0.000041344 0.703955279
JQ:/cc/c: 0.073224113 0.926775887 0.000000000
JQ:/cc/crr: 0.000000000 0.000048116 0.999951884
JQ:/cc/r: 0.035008752 0.000004698 0.964986550
JQ:/crc/c: 0.446738549 0.553261451 0.000000000
JQ:/crc/crr: 0.000000000 0.000019269 0.999980731
JQ:/crc/r: 0.089540564 0.000011478 0.910447959
JQ:/crrc/c: 0.042257184 0.957742816 0.000000000
JQ:/crrc/crr: 0.000000000 0.000101856 0.999898144
JQ:/crrc/r: 0.196020585 0.000005739 0.803973676
JQ:/rc/c: 0.990800663 0.009199337 0.000000000
JQ:/rc/crr: 0.000000000 0.000012754 0.999987246
JQ:/rc/r: 0.000017568 0.000016849 0.999965583
JQ:/rrc/c: 0.025711256 0.974288744 0.000000000
JQ:/rrc/crr: 0.000000000 0.001206011 0.998793989
JQ:/rrc/r: 0.443136344 0.000041344 0.556822312
K:/c: 0.999969278 0.000030722 0.000000000
K:/crr: 0.000000000 0.999995000 0.000005000
K:/r: 0.563718039 0.436275295 0.000006667
KJ:/cc/c: 0.497471802 0.502528198 0.000000000
KJ:/cc/crr: 0.000000000 0.836420446 0.163579554
KJ:/cc/r: 0.548237015 0.220325774 0.231437211
KJ:/crc/c: 0.184671786 0.815328214 0.000000000
KJ:/crc/crr: 0.000000000 0.999986462 0.000013538
KJ:/crc/r: 0.000103127 0.753261902 0.246634971
KJ:/crrc/c: 0.248551989 0.751448011 0.000000000
KJ:/crrc/crr: 0.000000000 0.768876637 0.231123363
KJ:/crrc/r: 0.078934531 0.767746576 0.153318893
KJ:/rc/c: 0.466983162 0.533016838 0.000000000
KJ:/rc/crr: 0.000000000 0.824517801 0.175482199
KJ:/rc/r: 0.023939499 0.744204151 0.231856350
KJ:/rrc/c: 0.195509890 0.804490110 0.000000000
KJ:/rrc/crr: 0.000000000 0.997210328 0.002789672
KJ:/rrc/r: 0.042730016 0.881340396 0.075929588
KK:/cc/c: 0.837247569 0.162752431 0.000000000
KK:/cc/crr: 0.000000000 0.902805074 0.097194926
KK:/cc/r: 0.597455240 0.294043139 0.108501621
KK:/crc/c: 0.999995000 0.000005000 0.000000000
KK:/crc/crr: 0.000000000 0.999997500 0.000002500
KK:/crc/r: 0.807005163 0.192991503 0.000003333
KK:/crrc/c: 0.999997500 0.000002500 0.000000000
KK:/crrc/crr: 0.000000000 0.999998750 0.000001250
KK:/crrc/r: 0.999996667 0.000001667 0.000001667
KK:/rc/c: 0.999992360 0.000007640 0.000000000
KK:/rc/crr: 0.000000000 0.999996180 0.000003820
KK:/rc/r: 0.999980777 0.000014130 0.000005094
KK:/rrc/c: 0.999994087 0.000005913 0.000000000
KK:/rrc/crr: 0.000000000 0.999997043 0.000002957
KK:/rrc/r: 0.999977184 0.000018874 0.000003942
KQ:/cc/c: 0.837247569 0.162752431 0.000000000
KQ:/cc/crr: 0.000000000 0.902805074 0.097194926
KQ:/cc/r: 0.548221534 0.255373682 0.196404784
KQ:/crc/c: 0.308661955 0.691338045 0.000000000
KQ:/crc/crr: 0.000000000 0.001793518 0.998206482
KQ:/crc/r: 0.000088447 0.435227443 0.564684110
KQ:/crrc/c: 0.608756499 0.391243501 0.000000000
KQ:/crrc/crr: 0.000000000 0.431042048 0.568957952
KQ:/crrc/r: 0.009793277 0.637107553 0.353099170
KQ:/rc/c: 0.000488417 0.999511583 0.000000000
KQ:/rc/crr: 0.000000000 0.194615394 0.805384606
KQ:/rc/r: 0.000024365 0.302857500 0.697118135
KQ:/rrc/c: 0.488396672 0.511603328 0.000000000
KQ:/rrc/crr: 0.000000000 0.598724596 0.401275404
KQ:/rrc/r: 0.070417073 0.557112030 0.372470896
Q:/c: 0.843390741 0.156609259 0.000000000
Q:/crr: 0.000000000 0.999994072 0.000005928
Q:/r: 0.350318232 0.649647543 0.000034225
QJ:/cc/c: 0.000578246 0.999421754 0.000000000
QJ:/cc/crr: 0.000000000 0.027606391 0.972393609
QJ:/cc/r: 0.000047179 0.000021284 0.999931536
QJ:/crc/c: 0.444533593 0.555466407 0.000000000
QJ:/crc/crr: 0.000000000 0.017035992 0.982964008
QJ:/crc/r: 0.000003952 0.000003952 0.999992095
QJ:/crrc/c: 0.000099365 0.999900635 0.000000000
QJ:/crrc/crr: 0.000000000 0.014915984 0.985084016
QJ:/crrc/r: 0.021949149 0.000001976 0.978048875
QJ:/rc/c: 0.000238511 0.999761489 0.000000000
QJ:/rc/crr: 0.000000000 0.010756308 0.989243692
QJ:/rc/r: 0.019654846 0.000003421 0.980341734
QJ:/rrc/c: 0.000280562 0.999719438 0.000000000
QJ:/rrc/crr: 0.000000000 0.016957320 0.983042680
QJ:/rrc/r: 0.000094187 0.000010457 0.999895355
QK:/cc/c: 0.020026189 0.979973811 0.000000000
QK:/cc/crr: 0.000000000 0.999202879 0.000797121
QK:/cc/r: 0.000149327 0.733963823 0.265886850
QK:/crc/c: 0.382530316 0.617469684 0.000000000
QK:/crc/crr: 0.000000000 0.014099653 0.985900347
QK:/crc/r: 0.000387382 0.515265020 0.484347598
QK:/crrc/c: 0.113119810 0.886880190 0.000000000
QK:/crrc/crr: 0.000000000 0.002276887 0.997723113
QK:/crrc/r: 0.000067557 0.286113914 0.713818529
QK:/rc/c: 0.366955598 0.633044402 0.000000000
QK:/rc/crr: 0.000000000 0.003630103 0.996369897
QK:/rc/r: 0.000007251 0.319722028 0.680270722
QK:/rrc/c: 0.421031731 0.578968269 0.000000000
QK:/rrc/crr: 0.000000000 0.044102792 0.955897208
QK:/rrc/r: 0.000090971 0.502735315 0.497173714
QQ:/cc/c: 0.999968073 0.000031927 0.000000000
QQ:/cc/crr: 0.000000000 0.999984036 0.000015964
QQ:/cc/r: 0.999920527 0.000058188 0.000021284
QQ:/crc/c: 0.999994072 0.000005928 0.000000000
QQ:/crc/crr: 0.000000000 0.999997036 0.000002964
QQ:/crc/r: 0.827201996 0.172794052 0.000003952
QQ:/crrc/c: 0.999997036 0.000002964 0.000000000
QQ:/crrc/crr: 0.000000000 0.999998518 0.000001482
QQ:/crrc/r: 0.999996048 0.000001976 0.000001976
QQ:/rc/c: 0.999994869 0.000005131 0.000000000
QQ:/rc/crr: 0.000000000 0.999997434 0.000002566
QQ:/rc/r: 0.999977201 0.000019379 0.000003421
QQ:/rrc/c: 0.999990485 0.000009515 0.000000000
QQ:/rrc/crr: 0.000000000 0.999995242 0.000004758
QQ:/rrc/r: 0.999955262 0.000038395 0.000006343
