J:/c: 0.297478340 0.702521660 0.000000000
J:/crr: 0.000000000 0.999983192 0.000016808
J:/r: 0.054729595 0.128777002 0.816493403
JJ:/cc/c: 0.999992883 0.000007117 0.000000000
JJ:/cc/crr: 0.000000000 0.999996441 0.000003559
JJ:/cc/r: 0.999986852 0.000008403 0.000004745
JJ:/crc/c: 0.999983192 0.000016808 0.000000000
JJ:/crc/crr: 0.000000000 0.999991596 0.000008404
JJ:/crc/r: 0.999966446 0.000022348 0.000011205
JJ:/crrc/c: 0.999991596 0.000008404 0.000000000
JJ:/crrc/crr: 0.000000000 0.999995798 0.000004202
JJ:/crrc/r: 0.999988795 0.000005603 0.000005603
JJ:/rc/c: 0.999974115 0.000025885 0.000000000
JJ:/rc/crr: 0.000000000 0.999987057 0.000012943
JJ:/rc/r: 0.999965487 0.000017256 0.000017256
JJ:/rrc/c: 0.999939095 0.000060905 0.000000000
JJ:/rrc/crr: 0.000000000 0.999969545 0.000030455
JJ:/rrc/r: 0.999843526 0.000115870 0.000040604
JK:/cc/c: 0.010210584 0.989789416 0.000000000
JK:/cc/crr: 0.000000000 0.000348522 0.999651478
JK:/cc/r: 0.000016157 0.000004745 0.999979098
JK:/crc/c: 0.527644715 0.472355285 0.000000000
JK:/crc/crr: 0.000000000 0.000015927 0.999984073
JK:/crc/r: 0.000011205 0.000011205 0.999977589
JK:/crrc/c: 0.445779278 0.554220722 0.000000000
JK:/crrc/crr: 0.000000000 0.000009426 0.999990574
JK:/crrc/r: 0.222192517 0.000005603 0.777801880
JK:/rc/c: 0.370551262 0.629448738 0.000000000
JK:/rc/crr: 0.000000000 0.000034927 0.999965073
JK:/rc/r: 0.358871691 0.000017256 0.641111052
JK:/rrc/c: 0.999939095 0.000060905 0.000000000
JK:/rrc/crr: 0.000000000 0.000030455 0.999969545
JK:/rrc/r: 0.296584234 0.000040604 0.703375163
JQ:/cc/c: 0.068418881 0.931581119 0.000000000
JQ:/cc/crr: 0.000000000 0.000052012 0.999947988
JQ:/cc/r: 0.034649153 0.000004745 0.965346103
JQ:/crc/c: 0.477499706 0.522500294 0.000000000
JQ:/crc/crr: 0.000000000 0.000017600 0.999982400
JQ:/crc/r: 0.005554569 0.000011205 0.994434226
JQ:/crrc/c: 0.028185520 0.971814480 0.000000000
JQ:/crrc/crr: 0.000000000 0.000149086 0.999850914
JQ:/crrc/r: 0.122361973 0.000005603 0.877632424
JQ:/rc/c: 0.997458815 0.002541185 0.000000000
JQ:/rc/crr: 0.000000000 0.000012975 0.999987025
JQ:/rc/r: 0.000017256 0.000017256 0.999965487
JQ:/rrc/c: 0.017529078 0.982470922 0.000000000
JQ:/rrc/crr: 0.000000000 0.001737270 0.998262730
JQ:/rrc/r: 0.447947156 0.000040604 0.552012240
K:/c: 0.999969893 0.000030107 0.000000000
K:/crr: 0.000000000 0.999995000 0.000005000
K:/r: 0.577081108 0.422912226 0.000006667
KJ:/cc/c: 0.166072185 0.833927815 0.000000000
KJ:/cc/crr: 0.000000000 0.500000000 0.500000000
KJ:/cc/r: 0.489418111 0.241751244 0.268830645
KJ:/crc/c: 0.172900020 0.827099980 0.000000000
KJ:/crc/crr: 0.000000000 0.999985540 0.000014460
KJ:/crc/r: 0.000031086 0.733397880 0.266571034
KJ:/crrc/c: 0.272614222 0.727385778 0.000000000
KJ:/crrc/crr: 0.000000000 0.999995415 0.000004585
KJ:/crrc/r: 0.028342447 0.850176398 0.121481155
KJ:/rc/c: 0.515906274 0.484093726 0.000000000
KJ:/rc/crr: 0.000000000 0.697450589 0.302549411
KJ:/rc/r: 0.051846729 0.707637466 0.240515804
KJ:/rrc/c: 0.467299924 0.532700076 0.000000000
KJ:/rrc/crr: 0.000000000 0.999993820 0.000006180
KJ:/rrc/r: 0.037826276 0.893381345 0.068792379
KK:/cc/c: 0.833927815 0.166072185 0.000000000
KK:/cc/crr: 0.000000000 0.900427722 0.099572278
KK:/cc/r: 0.540483494 0.348801716 0.110714790
KK:/crc/c: 0.999995000 0.000005000 0.000000000
KK:/crc/crr: 0.000000000 0.999997500 0.000002500
KK:/crc/r: 0.999993333 0.000003333 0.000003333
KK:/crrc/c: 0.999997500 0.000002500 0.000000000
KK:/crrc/crr: 0.000000000 0.999998750 0.000001250
KK:/crrc/r: 0.999983332 0.000015002 0.000001667
KK:/rc/c: 0.999992118 0.000007882 0.000000000
KK:/rc/crr: 0.000000000 0.999996059 0.000003941
KK:/rc/r: 0.999979480 0.000015266 0.000005255
KK:/rrc/c: 0.999994224 0.000005776 0.000000000
KK:/rrc/crr: 0.000000000 0.999997112 0.000002888
KK:/rrc/r: 0.999833999 0.000162150 0.000003851
KQ:/cc/c: 0.833927815 0.166072185 0.000000000
KQ:/cc/crr: 0.000000000 0.900427722 0.099572278
KQ:/cc/r: 0.451904535 0.436870515 0.111224950
KQ:/crc/c: 0.172625090 0.827374910 0.000000000
KQ:/crc/crr: 0.000000000 0.159799440 0.840200560
KQ:/crc/r: 0.000008410 0.446519038 0.553472552
KQ:/crrc/c: 0.631822228 0.368177772 0.000000000
KQ:/crrc/crr: 0.000000000 0.427115128 0.572884872
KQ:/crrc/r: 0.000022281 0.793822753 0.206154966
KQ:/rc/c: 0.001602184 0.998397816 0.000000000
KQ:/rc/crr: 0.000000000 0.002459722 0.997540278
KQ:/rc/r: 0.000018345 0.307432559 0.692549096
KQ:/rrc/c: 0.494344170 0.505655830 0.000000000
KQ:/rrc/crr: 0.000000000 0.505480441 0.494519559
KQ:/rrc/r: 0.070762954 0.566903114 0.362333932
Q:/c: 0.848021466 0.151978534 0.000000000
Q:/crr: 0.000000000 0.999994104 0.000005896
Q:/r: 0.357561873 0.642398832 0.000039295
QJ:/cc/c: 0.000032899 0.999967101 0.000000000
QJ:/cc/crr: 0.000000000 0.500000000 0.500000000
QJ:/cc/r: 0.000021933 0.000021933 0.999956134
QJ:/crc/c: 0.396949858 0.603050142 0.000000000
QJ:/crc/crr: 0.000000000 0.000868680 0.999131320
QJ:/crc/r: 0.000003931 0.000003931 0.999992139
QJ:/crrc/c: 0.000002948 0.999997052 0.000000000
QJ:/crrc/crr: 0.000000000 0.500000000 0.500000000
QJ:/crrc/r: 0.012639880 0.000001965 0.987358155
QJ:/rc/c: 0.000025976 0.999974024 0.000000000
QJ:/rc/crr: 0.000000000 0.099877181 0.900122819
QJ:/rc/r: 0.014044007 0.000003459 0.985952533
QJ:/rrc/c: 0.000122058 0.999877942 0.000000000
QJ:/rrc/crr: 0.000000000 0.038188243 0.961811757
QJ:/rrc/r: 0.000057546 0.000006215 0.999936239
QK:/cc/c: 0.041568942 0.958431058 0.000000000
QK:/cc/crr: 0.000000000 0.999604279 0.000395721
QK:/cc/r: 0.000119385 0.719555018 0.280325597
QK:/crc/c: 0.329018747 0.670981253 0.000000000
QK:/crc/crr: 0.000000000 0.000879206 0.999120794
QK:/crc/r: 0.000196770 0.521900487 0.477902743
QK:/crrc/c: 0.116474411 0.883525589 0.000000000
QK:/crrc/crr: 0.000000000 0.004689773 0.995310227
QK:/crrc/r: 0.000032673 0.267042580 0.732924747
QK:/rc/c: 0.369659813 0.630340187 0.000000000
QK:/rc/crr: 0.000000000 0.000522266 0.999477734
QK:/rc/r: 0.000008812 0.308685087 0.691306102
QK:/rrc/c: 0.421397807 0.578602193 0.000000000
QK:/rrc/crr: 0.000000000 0.059311095 0.940688905
QK:/rrc/r: 0.000072755 0.502494751 0.497432494
QQ:/cc/c: 0.999967101 0.000032899 0.000000000
QQ:/cc/crr: 0.000000000 0.999983550 0.000016450
QQ:/cc/r: 0.999929586 0.000048481 0.000021933
QQ:/crc/c: 0.999994104 0.000005896 0.000000000
QQ:/crc/crr: 0.000000000 0.999997052 0.000002948
QQ:/crc/r: 0.899122953 0.100873116 0.000003931
QQ:/crrc/c: 0.999997052 0.000002948 0.000000000
QQ:/crrc/crr: 0.000000000 0.999998526 0.000001474
QQ:/crrc/r: 0.999996069 0.000001965 0.000001965
QQ:/rc/c: 0.999994811 0.000005189 0.000000000
QQ:/rc/crr: 0.000000000 0.999997406 0.000002594
QQ:/rc/r: 0.999991909 0.000004632 0.000003459
QQ:/rrc/c: 0.999990678 0.000009322 0.000000000
QQ:/rrc/crr: 0.000000000 0.999995339 0.000004661
QQ:/rrc/r: 0.999954326 0.000039459 0.000006215
