J:/c: 0.287882803 0.712117197 0.000000000
J:/crr: 0.000000000 0.999982632 0.000017368
J:/r: 0.053644105 0.125831223 0.820524672
JJ:/cc/c: 0.999992979 0.000007021 0.000000000
JJ:/cc/crr: 0.000000000 0.999996489 0.000003511
JJ:/cc/r: 0.999986942 0.000008377 0.000004681
JJ:/crc/c: 0.999982632 0.000017368 0.000000000
JJ:/crc/crr: 0.000000000 0.999991316 0.000008684
JJ:/crc/r: 0.999976842 0.000011579 0.000011579
JJ:/crrc/c: 0.999991316 0.000008684 0.000000000
JJ:/crrc/crr: 0.000000000 0.999995658 0.000004342
JJ:/crrc/r: 0.999988421 0.000005789 0.000005789
JJ:/rc/c: 0.999973509 0.000026491 0.000000000
JJ:/rc/crr: 0.000000000 0.999986754 0.000013246
JJ:/rc/r: 0.999962463 0.000019877 0.000017660
JJ:/rrc/c: 0.999937862 0.000062138 0.000000000
JJ:/rrc/crr: 0.000000000 0.999968929 0.000031071
JJ:/rrc/r: 0.999796490 0.000162085 0.000041425
JK:/cc/c: 0.006059958 0.993940042 0.000000000
JK:/cc/crr: 0.000000000 0.000579321 0.999420679
JK:/cc/r: 0.000010970 0.000004681 0.999984349
JK:/crc/c: 0.559711044 0.440288956 0.000000000
JK:/crc/crr: 0.000000000 0.000015515 0.999984485
JK:/crc/r: 0.017397022 0.000011579 0.982591399
JK:/crrc/c: 0.490671183 0.509328817 0.000000000
JK:/crrc/crr: 0.000000000 0.000008849 0.999991151
JK:/crrc/r: 0.196484788 0.000005789 0.803509422
JK:/rc/c: 0.397656475 0.602343525 0.000000000
JK:/rc/crr: 0.000000000 0.000033308 0.999966692
JK:/rc/r: 0.338526064 0.000017660 0.661456276
JK:/rrc/c: 0.999909509 0.000090491 0.000000000
JK:/rrc/crr: 0.000000000 0.000031072 0.999968928
JK:/rrc/r: 0.382193037 0.000041425 0.617765537
JQ:/cc/c: 0.067440066 0.932559934 0.000000000
JQ:/cc/crr: 0.000000000 0.000052056 0.999947944
JQ:/cc/r: 0.042056439 0.000004681 0.957938880
JQ:/crc/c: 0.493986141 0.506013859 0.000000000
JQ:/crc/crr: 0.000000000 0.000017580 0.999982420
JQ:/crc/r: 0.071632637 0.000011579 0.928355784
JQ:/crrc/c: 0.047920380 0.952079620 0.000000000
JQ:/crrc/crr: 0.000000000 0.000090611 0.999909389
JQ:/crrc/r: 0.325206619 0.000005789 0.674787592
JQ:/rc/c: 0.989524535 0.010475465 0.000000000
JQ:/rc/crr: 0.000000000 0.000013385 0.999986615
JQ:/rc/r: 0.000017660 0.000017660 0.999964679
JQ:/rrc/c: 0.004792082 0.995207918 0.000000000
JQ:/rrc/crr: 0.000000000 0.006483395 0.993516605
JQ:/rrc/r: 0.443777131 0.000041425 0.556181444
K:/c: 0.999969627 0.000030373 0.000000000
K:/crr: 0.000000000 0.999995000 0.000005000
K:/r: 0.581896598 0.418096735 0.000006667
KJ:/cc/c: 0.164618325 0.835381675 0.000000000
KJ:/cc/crr: 0.000000000 0.500000000 0.500000000
KJ:/cc/r: 0.514141624 0.239981137 0.245877238
KJ:/crc/c: 0.150116853 0.849883147 0.000000000
KJ:/crc/crr: 0.000000000 0.999983346 0.000016654
KJ:/crc/r: 0.000047402 0.750136534 0.249816064
KJ:/crrc/c: 0.329939949 0.670060051 0.000000000
KJ:/crrc/crr: 0.000000000 0.892417980 0.107582020
KJ:/crrc/r: 0.000001667 0.959731045 0.040267288
KJ:/rc/c: 0.503490394 0.496509606 0.000000000
KJ:/rc/crr: 0.000000000 0.683792965 0.316207035
KJ:/rc/r: 0.091748714 0.683271159 0.224980127
KJ:/rrc/c: 0.144756834 0.855243166 0.000000000
KJ:/rrc/crr: 0.000000000 0.999980214 0.000019786
KJ:/rrc/r: 0.022438433 0.933231224 0.044330343
KK:/cc/c: 0.835381675 0.164618325 0.000000000
KK:/cc/crr: 0.000000000 0.901471190 0.098528810
KK:/cc/r: 0.576435733 0.313818716 0.109745550
KK:/crc/c: 0.999995000 0.000005000 0.000000000
KK:/crc/crr: 0.000000000 0.999997500 0.000002500
KK:/crc/r: 0.975973921 0.024022745 0.000003333
KK:/crrc/c: 0.999997500 0.000002500 0.000000000
KK:/crrc/crr: 0.000000000 0.999998750 0.000001250
KK:/crrc/r: 0.999996667 0.000001667 0.000001667
KK:/rc/c: 0.999992027 0.000007973 0.000000000
KK:/rc/crr: 0.000000000 0.999996014 0.000003986
KK:/rc/r: 0.999978578 0.000016107 0.000005315
KK:/rrc/c: 0.999994272 0.000005728 0.000000000
KK:/rrc/crr: 0.000000000 0.999997136 0.000002864
KK:/rrc/r: 0.999867672 0.000128509 0.000003819
KQ:/cc/c: 0.835381675 0.164618325 0.000000000
KQ:/cc/crr: 0.000000000 0.901471190 0.098528810
KQ:/cc/r: 0.493268649 0.394131346 0.112600005
KQ:/crc/c: 0.166781827 0.833218173 0.000000000
KQ:/crc/crr: 0.000000000 0.004136560 0.995863440
KQ:/crc/r: 0.000022105 0.429338676 0.570639219
KQ:/crrc/c: 0.605252631 0.394747369 0.000000000
KQ:/crrc/crr: 0.000000000 0.402647116 0.597352884
KQ:/crrc/r: 0.007942342 0.622829413 0.369228245
KQ:/rc/c: 0.000376134 0.999623866 0.000000000
KQ:/rc/crr: 0.000000000 0.030384797 0.969615203
KQ:/rc/r: 0.000022870 0.298342012 0.701635118
KQ:/rrc/c: 0.525659864 0.474340136 0.000000000
KQ:/rrc/crr: 0.000000000 0.475104150 0.524895850
KQ:/rrc/r: 0.082676341 0.536142967 0.381180692
Q:/c: 0.853475419 0.146524581 0.000000000
Q:/crr: 0.000000000 0.999994142 0.000005858
Q:/r: 0.374790661 0.625180719 0.000028621
QJ:/cc/c: 0.000412403 0.999587597 0.000000000
QJ:/cc/crr: 0.000000000 0.041372078 0.958627922
QJ:/cc/r: 0.000022749 0.000022749 0.999954501
QJ:/crc/c: 0.464704344 0.535295656 0.000000000
QJ:/crc/crr: 0.000000000 0.000051929 0.999948071
QJ:/crc/r: 0.000003906 0.000003906 0.999992189
QJ:/crrc/c: 0.000002929 0.999997071 0.000000000
QJ:/crrc/crr: 0.000000000 0.500000000 0.500000000
QJ:/crrc/r: 0.019557794 0.000001953 0.980440254
QJ:/rc/c: 0.000055292 0.999944708 0.000000000
QJ:/rc/crr: 0.000000000 0.048214701 0.951785299
QJ:/rc/r: 0.006525926 0.000003555 0.993470519
QJ:/rrc/c: 0.000156108 0.999843892 0.000000000
QJ:/rrc/crr: 0.000000000 0.028486260 0.971513740
QJ:/rrc/r: 0.000066722 0.000005929 0.999927348
QK:/cc/c: 0.306337397 0.693662603 0.000000000
QK:/cc/crr: 0.000000000 0.999944303 0.000055697
QK:/cc/r: 0.000115155 0.763280136 0.236604708
QK:/crc/c: 0.294031238 0.705968762 0.000000000
QK:/crc/crr: 0.000000000 0.001223849 0.998776151
QK:/crc/r: 0.000112953 0.478392547 0.521494499
QK:/crrc/c: 0.014151498 0.985848502 0.000000000
QK:/crrc/crr: 0.000000000 0.023648071 0.976351929
QK:/crrc/r: 0.000072327 0.298776778 0.701150895
QK:/rc/c: 0.376557278 0.623442722 0.000000000
QK:/rc/crr: 0.000000000 0.007337150 0.992662850
QK:/rc/r: 0.000008222 0.323742366 0.676249412
QK:/rrc/c: 0.436872023 0.563127977 0.000000000
QK:/rrc/crr: 0.000000000 0.051236860 0.948763140
QK:/rrc/r: 0.000072941 0.490483501 0.509443558
QQ:/cc/c: 0.999965876 0.000034124 0.000000000
QQ:/cc/crr: 0.000000000 0.999982937 0.000017063
QQ:/cc/r: 0.999932810 0.000044440 0.000022749
QQ:/crc/c: 0.999994142 0.000005858 0.000000000
QQ:/crc/crr: 0.000000000 0.999997071 0.000002929
QQ:/crc/r: 0.886180401 0.113815694 0.000003906
QQ:/crrc/c: 0.999997071 0.000002929 0.000000000
QQ:/crrc/crr: 0.000000000 0.999998535 0.000001465
QQ:/crrc/r: 0.999996094 0.000001953 0.000001953
QQ:/rc/c: 0.999994668 0.000005332 0.000000000
QQ:/rc/crr: 0.000000000 0.999997334 0.000002666
QQ:/rc/r: 0.999991973 0.000004472 0.000003555
QQ:/rrc/c: 0.999991106 0.000008894 0.000000000
QQ:/rrc/crr: 0.000000000 0.999995553 0.000004447
QQ:/rrc/r: 0.999957904 0.000036167 0.000005929
