J:/: 0.081645518 0.918354482 0.000000000
J:/cr: 0.018114593 0.038456193 0.943429214
J:/rr: 0.000000000 0.999938760 0.000061240
JJ:/cc/: 0.000300323 0.999699677 0.000000000
JJ:/cc/cr: 0.999996369 0.000001815 0.000001815
JJ:/cc/rr: 0.000000000 0.990935570 0.009064430
JJ:/crc/: 0.886236175 0.113763825 0.000000000
JJ:/crc/cr: 0.999723448 0.000138276 0.000138276
JJ:/crc/rr: 0.000000000 0.999973375 0.000026625
JJ:/crrc/: 0.957611913 0.042388087 0.000000000
JJ:/crrc/cr: 0.998424296 0.000787852 0.000787852
JJ:/crrc/rr: 0.000000000 0.999947689 0.000052311
JJ:/rc/: 0.862986222 0.137013778 0.000000000
JJ:/rc/cr: 0.999702023 0.000148988 0.000148988
JJ:/rc/rr: 0.000000000 0.999964518 0.000035482
JJ:/rrc/: 0.992660563 0.007339437 0.000000000
JJ:/rrc/cr: 0.997218492 0.001390754 0.001390754
JJ:/rrc/rr: 0.000000000 0.999984576 0.000015424
JK:/cc/: 0.076326301 0.923673699 0.000000000
JK:/cc/cr: 0.000089054 0.000001965 0.999908981
JK:/cc/rr: 0.000000000 0.000035666 0.999964334
JK:/crc/: 0.066573562 0.933426438 0.000000000
JK:/crc/cr: 0.046136181 0.000016853 0.953846966
JK:/crc/rr: 0.000000000 0.000354438 0.999645562
JK:/crrc/: 0.999815633 0.000184367 0.000000000
JK:/crrc/cr: 0.181135914 0.181135914 0.637728172
JK:/crrc/rr: 0.000000000 0.000050103 0.999949897
JK:/rc/: 0.974213048 0.025786952 0.000000000
JK:/rc/cr: 0.866984699 0.000791619 0.132223682
JK:/rc/rr: 0.000000000 0.000031431 0.999968569
JK:/rrc/: 0.522696833 0.477303167 0.000000000
JK:/rrc/cr: 0.794607352 0.000021385 0.205371263
JK:/rrc/rr: 0.000000000 0.000029292 0.999970708
JQ:/cc/: 0.195215632 0.804784368 0.000000000
JQ:/cc/cr: 0.000007868 0.000002255 0.999989877
JQ:/cc/rr: 0.000000000 0.000013945 0.999986055
JQ:/crc/: 0.987905728 0.012094272 0.000000000
JQ:/crc/cr: 0.105286369 0.001300682 0.893412949
JQ:/crc/rr: 0.000000000 0.000023885 0.999976115
JQ:/crrc/: 0.020641719 0.979358281 0.000000000
JQ:/crrc/cr: 0.181622842 0.000034099 0.818343059
JQ:/crrc/rr: 0.000000000 0.002426800 0.997573200
JQ:/rc/: 0.995955548 0.004044452 0.000000000
JQ:/rc/cr: 0.005047272 0.005047272 0.989905456
JQ:/rc/rr: 0.000000000 0.000030745 0.999969255
JQ:/rrc/: 0.098652235 0.901347765 0.000000000
JQ:/rrc/cr: 0.000011325 0.000011325 0.999977351
JQ:/rrc/rr: 0.000000000 0.000155202 0.999844798
K:/: 0.753716373 0.246283627 0.000000000
K:/cr: 0.672775867 0.327210599 0.000013535
K:/rr: 0.000000000 0.999993366 0.000006634
KJ:/cc/: 0.000055312 0.999944688 0.000000000
KJ:/cc/cr: 0.000049936 0.000009485 0.999940579
KJ:/cc/rr: 0.000000000 0.816480625 0.183519375
KJ:/crc/: 0.000044145 0.999955855 0.000000000
KJ:/crc/cr: 0.000431439 0.999561667 0.000006894
KJ:/crc/rr: 0.000000000 0.765750578 0.234249422
KJ:/crrc/: 0.067855181 0.932144819 0.000000000
KJ:/crrc/cr: 0.009492714 0.987392706 0.003114581
KJ:/crrc/rr: 0.000000000 0.559354462 0.440645538
KJ:/rc/: 0.080388542 0.919611458 0.000000000
KJ:/rc/cr: 0.006755784 0.957739287 0.035504928
KJ:/rc/rr: 0.000000000 0.359503068 0.640496932
KJ:/rrc/: 0.113995341 0.886004659 0.000000000
KJ:/rrc/cr: 0.000169743 0.999636910 0.000193346
KJ:/rrc/rr: 0.000000000 0.703115075 0.296884925
KK:/cc/: 0.994574659 0.005425341 0.000000000
KK:/cc/cr: 0.997505312 0.001247344 0.001247344
KK:/cc/rr: 0.000000000 0.999989794 0.000010206
KK:/crc/: 0.138707899 0.861292101 0.000000000
KK:/crc/cr: 0.999983992 0.000008004 0.000008004
KK:/crc/rr: 0.000000000 0.999925449 0.000074551
KK:/crrc/: 0.989136130 0.010863870 0.000000000
KK:/crrc/cr: 0.999382742 0.000308629 0.000308629
KK:/crrc/rr: 0.000000000 0.999994915 0.000005085
KK:/rc/: 0.863769491 0.136230509 0.000000000
KK:/rc/cr: 0.999964313 0.000019456 0.000016232
KK:/rc/rr: 0.000000000 0.999996160 0.000003840
KK:/rrc/: 0.555456137 0.444543863 0.000000000
KK:/rrc/cr: 0.999995026 0.000002487 0.000002487
KK:/rrc/rr: 0.000000000 0.999997014 0.000002986
KQ:/cc/: 0.000631225 0.999368775 0.000000000
KQ:/cc/cr: 0.000052542 0.407965692 0.591981765
KQ:/cc/rr: 0.000000000 0.983918743 0.016081257
KQ:/crc/: 0.880781269 0.119218731 0.000000000
KQ:/crc/cr: 0.000446435 0.473103406 0.526450160
KQ:/crc/rr: 0.000000000 0.000019471 0.999980529
KQ:/crrc/: 0.019794446 0.980205554 0.000000000
KQ:/crrc/cr: 0.014785658 0.683679508 0.301534835
KQ:/crrc/rr: 0.000000000 0.249197952 0.750802048
KQ:/rc/: 0.000208961 0.999791039 0.000000000
KQ:/rc/cr: 0.000066155 0.503211364 0.496722481
KQ:/rc/rr: 0.000000000 0.135177207 0.864822793
KQ:/rrc/: 0.702330348 0.297669652 0.000000000
KQ:/rrc/cr: 0.019439080 0.910522269 0.070038651
KQ:/rrc/rr: 0.000000000 0.399262638 0.600737362
Q:/: 0.727031098 0.272968902 0.000000000
Q:/cr: 0.155517661 0.843663434 0.000818904
Q:/rr: 0.000000000 0.999993123 0.000006877
QJ:/cc/: 0.000018317 0.999981683 0.000000000
QJ:/cc/cr: 0.000021107 0.000006106 0.999972787
QJ:/cc/rr: 0.000000000 0.500000000 0.500000000
QJ:/crc/: 0.027434754 0.972565246 0.000000000
QJ:/crc/cr: 0.002796598 0.000002480 0.997200922
QJ:/crc/rr: 0.000000000 0.000131897 0.999868103
QJ:/crrc/: 0.016690305 0.983309695 0.000000000
QJ:/crrc/cr: 0.000213073 0.000013309 0.999773618
QJ:/crrc/rr: 0.000000000 0.001176147 0.998823853
QJ:/rc/: 0.011451280 0.988548720 0.000000000
QJ:/rc/cr: 0.000003299 0.000002319 0.999994382
QJ:/rc/rr: 0.000000000 0.000300285 0.999699715
QJ:/rrc/: 0.000035092 0.999964908 0.000000000
QJ:/rrc/cr: 0.000001239 0.000001146 0.999997614
QJ:/rrc/rr: 0.000000000 0.048995108 0.951004892
QK:/cc/: 0.500842488 0.499157512 0.000000000
QK:/cc/cr: 0.255873825 0.744104552 0.000021623
QK:/cc/rr: 0.000000000 0.999981714 0.000018286
QK:/crc/: 0.009386564 0.990613436 0.000000000
QK:/crc/cr: 0.000002435 0.551920169 0.448077396
QK:/crc/rr: 0.000000000 0.000385505 0.999614495
QK:/crrc/: 0.929794019 0.070205981 0.000000000
QK:/crrc/cr: 0.000303078 0.692095739 0.307601183
QK:/crrc/rr: 0.000000000 0.000557530 0.999442470
QK:/rc/: 0.473142049 0.526857951 0.000000000
QK:/rc/cr: 0.023494105 0.527368553 0.449137342
QK:/rc/rr: 0.000000000 0.204333751 0.795666249
QK:/rrc/: 0.131166425 0.868833575 0.000000000
QK:/rrc/cr: 0.000001319 0.304341080 0.695657601
QK:/rrc/rr: 0.000000000 0.000635000 0.999365000
QQ:/cc/: 0.497693537 0.502306463 0.000000000
QQ:/cc/cr: 0.999975689 0.000012155 0.000012155
QQ:/cc/rr: 0.000000000 0.999981598 0.000018402
QQ:/crc/: 0.985549118 0.014450882 0.000000000
QQ:/crc/cr: 0.999666127 0.000166936 0.000166936
QQ:/crc/rr: 0.000000000 0.999996328 0.000003672
QQ:/crrc/: 0.160918151 0.839081849 0.000000000
QQ:/crrc/cr: 0.999968807 0.000015597 0.000015597
QQ:/crrc/rr: 0.000000000 0.999878011 0.000121989
QQ:/rc/: 0.560716907 0.439283093 0.000000000
QQ:/rc/cr: 0.999989563 0.000005219 0.000005219
QQ:/rc/rr: 0.000000000 0.999993867 0.000006133
QQ:/rrc/: 0.987032692 0.012967308 0.000000000
QQ:/rrc/cr: 0.999823214 0.000088393 0.000088393
QQ:/rrc/rr: 0.000000000 0.999998258 0.000001742
