J:/c: 0.296045018 0.703954982 0.000000000
J:/crr: 0.000000000 0.999983111 0.000016889
J:/r: 0.056239837 0.124836109 0.818924054
JJ:/cc/c: 0.999992897 0.000007103 0.000000000
JJ:/cc/crr: 0.000000000 0.999996449 0.000003551
JJ:/cc/r: 0.999986718 0.000008547 0.000004735
JJ:/crc/c: 0.999983111 0.000016889 0.000000000
JJ:/crc/crr: 0.000000000 0.999991555 0.000008445
JJ:/crc/r: 0.999976800 0.000011941 0.000011260
JJ:/crrc/c: 0.999991555 0.000008445 0.000000000
JJ:/crrc/crr: 0.000000000 0.999995778 0.000004222
JJ:/crrc/r: 0.999988740 0.000005630 0.000005630
JJ:/rc/c: 0.999973298 0.000026702 0.000000000
JJ:/rc/crr: 0.000000000 0.999986649 0.000013351
JJ:/rc/r: 0.999952679 0.000029520 0.000017801
JJ:/rrc/c: 0.999940730 0.000059270 0.000000000
JJ:/rrc/crr: 0.000000000 0.999970363 0.000029637
JJ:/rrc/r: 0.999774899 0.000185587 0.000039513
JK:/cc/c: 0.005384299 0.994615701 0.000000000
JK:/cc/crr: 0.000000000 0.000659578 0.999340422
JK:/cc/r: 0.000013149 0.000004735 0.999982116
JK:/crc/c: 0.523161905 0.476838095 0.000000000
JK:/crc/crr: 0.000000000 0.000016142 0.999983858
JK:/crc/r: 0.078543826 0.000011260 0.921444914
JK:/crrc/c: 0.375871998 0.624128002 0.000000000
JK:/crrc/crr: 0.000000000 0.000011234 0.999988766
JK:/crrc/r: 0.210681762 0.000005630 0.789312608
JK:/rc/c: 0.381550564 0.618449436 0.000000000
JK:/rc/crr: 0.000000000 0.000034991 0.999965009
JK:/rc/r: 0.366179354 0.000017801 0.633802845
JK:/rrc/c: 0.999833401 0.000166599 0.000000000
JK:/rrc/crr: 0.000000000 0.000029640 0.999970360
JK:/rrc/r: 0.318139220 0.000039513 0.681821267
JQ:/cc/c: 0.068855667 0.931144333 0.000000000
JQ:/cc/crr: 0.000000000 0.000051577 0.999948423
JQ:/cc/r: 0.039777358 0.000004735 0.960217906
JQ:/crc/c: 0.465326860 0.534673140 0.000000000
JQ:/crc/crr: 0.000000000 0.000018148 0.999981852
JQ:/crc/r: 0.000028811 0.000011260 0.999959929
JQ:/crrc/c: 0.048466094 0.951533906 0.000000000
JQ:/crrc/crr: 0.000000000 0.000087121 0.999912879
JQ:/crrc/r: 0.242297181 0.000005630 0.757697189
JQ:/rc/c: 0.993038855 0.006961145 0.000000000
JQ:/rc/crr: 0.000000000 0.000013444 0.999986556
JQ:/rc/r: 0.000017801 0.000017801 0.999964398
JQ:/rrc/c: 0.013678253 0.986321747 0.000000000
JQ:/rrc/crr: 0.000000000 0.002166577 0.997833423
JQ:/rrc/r: 0.453370864 0.000039513 0.546589623
K:/c: 0.999969510 0.000030490 0.000000000
K:/crr: 0.000000000 0.999995000 0.000005000
K:/r: 0.593010491 0.406982842 0.000006667
KJ:/cc/c: 0.389534082 0.610465918 0.000000000
KJ:/cc/crr: 0.000000000 0.789504963 0.210495037
KJ:/cc/r: 0.536027752 0.226904239 0.237068009
KJ:/crc/c: 0.126690869 0.873309131 0.000000000
KJ:/crc/crr: 0.000000000 0.999980266 0.000019734
KJ:/crc/r: 0.000056415 0.737123795 0.262819791
KJ:/crrc/c: 0.375576372 0.624423628 0.000000000
KJ:/crrc/crr: 0.000000000 0.999996672 0.000003328
KJ:/crrc/r: 0.075816720 0.746827754 0.177355527
KJ:/rc/c: 0.436478816 0.563521184 0.000000000
KJ:/rc/crr: 0.000000000 0.937138502 0.062861498
KJ:/rc/r: 0.031533938 0.745920829 0.222545233
KJ:/rrc/c: 0.136983567 0.863016433 0.000000000
KJ:/rrc/crr: 0.000000000 0.999979483 0.000020517
KJ:/rrc/r: 0.042778642 0.882411129 0.074810229
KK:/cc/c: 0.836010018 0.163989982 0.000000000
KK:/cc/crr: 0.000000000 0.901921043 0.098078957
KK:/cc/r: 0.567547433 0.323125913 0.109326655
KK:/crc/c: 0.999995000 0.000005000 0.000000000
KK:/crc/crr: 0.000000000 0.999997500 0.000002500
KK:/crc/r: 0.987224034 0.012772633 0.000003333
KK:/crrc/c: 0.999997500 0.000002500 0.000000000
KK:/crrc/crr: 0.000000000 0.999998750 0.000001250
KK:/crrc/r: 0.999983844 0.000014489 0.000001667
KK:/rc/c: 0.999991810 0.000008190 0.000000000
KK:/rc/crr: 0.000000000 0.999995905 0.000004095
KK:/rc/r: 0.999978961 0.000015579 0.000005460
KK:/rrc/c: 0.999994379 0.000005621 0.000000000
KK:/rrc/crr: 0.000000000 0.999997189 0.000002811
KK:/rrc/r: 0.999832064 0.000164189 0.000003747
KQ:/cc/c: 0.836010018 0.163989982 0.000000000
KQ:/cc/crr: 0.000000000 0.901921043 0.098078957
KQ:/cc/r: 0.529002528 0.354825682 0.116171791
KQ:/crc/c: 0.221200676 0.778799324 0.000000000
KQ:/crc/crr: 0.000000000 0.008735025 0.991264975
KQ:/crc/r: 0.000033861 0.442200675 0.557765464
KQ:/crrc/c: 0.618961016 0.381038984 0.000000000
KQ:/crrc/crr: 0.000000000 0.391071447 0.608928553
KQ:/crrc/r: 0.000157563 0.702311691 0.297530746
KQ:/rc/c: 0.001727069 0.998272931 0.000000000
KQ:/rc/crr: 0.000000000 0.010625085 0.989374915
KQ:/rc/r: 0.000023385 0.307383888 0.692592727
KQ:/rrc/c: 0.502732577 0.497267423 0.000000000
KQ:/rrc/crr: 0.000000000 0.474528455 0.525471545
KQ:/rrc/r: 0.074970821 0.545114608 0.379914571
Q:/c: 0.851956551 0.148043449 0.000000000
Q:/crr: 0.000000000 0.999994131 0.000005869
Q:/r: 0.379162032 0.620796619 0.000041349
QJ:/cc/c: 0.000321286 0.999678714 0.000000000
QJ:/cc/crr: 0.000000000 0.052560470 0.947439530
QJ:/cc/r: 0.000027791 0.000022516 0.999949693
QJ:/crc/c: 0.400351989 0.599648011 0.000000000
QJ:/crc/crr: 0.000000000 0.015621086 0.984378914
QJ:/crc/r: 0.000003913 0.000003913 0.999992175
QJ:/crrc/c: 0.000002934 0.999997066 0.000000000
QJ:/crrc/crr: 0.000000000 0.500000000 0.500000000
QJ:/crrc/r: 0.014984785 0.000001956 0.985013258
QJ:/rc/c: 0.000083703 0.999916297 0.000000000
QJ:/rc/crr: 0.000000000 0.032074465 0.967925535
QJ:/rc/r: 0.019129202 0.000003580 0.980867218
QJ:/rrc/c: 0.000158742 0.999841258 0.000000000
QJ:/rrc/crr: 0.000000000 0.037967366 0.962032634
QJ:/rrc/r: 0.000078404 0.000005861 0.999915735
QK:/cc/c: 0.024034352 0.975965648 0.000000000
QK:/cc/crr: 0.000000000 0.999297383 0.000702617
QK:/cc/r: 0.000174557 0.740601288 0.259224155
QK:/crc/c: 0.353513153 0.646486847 0.000000000
QK:/crc/crr: 0.000000000 0.007461993 0.992538007
QK:/crc/r: 0.001903588 0.480481117 0.517615296
QK:/crrc/c: 0.224158617 0.775841383 0.000000000
QK:/crrc/crr: 0.000000000 0.002036605 0.997963395
QK:/crrc/r: 0.000020102 0.279837257 0.720142641
QK:/rc/c: 0.356134358 0.643865642 0.000000000
QK:/rc/crr: 0.000000000 0.006552167 0.993447833
QK:/rc/r: 0.000010008 0.302612942 0.697377050
QK:/rrc/c: 0.420054754 0.579945246 0.000000000
QK:/rrc/crr: 0.000000000 0.069779101 0.930220899
QK:/rrc/r: 0.000074244 0.501732882 0.498192874
QQ:/cc/c: 0.999966226 0.000033774 0.000000000
QQ:/cc/crr: 0.000000000 0.999983112 0.000016888
QQ:/cc/r: 0.999934544 0.000042940 0.000022516
QQ:/crc/c: 0.999994131 0.000005869 0.000000000
QQ:/crc/crr: 0.000000000 0.999997066 0.000002934
QQ:/crc/r: 0.907299481 0.092696607 0.000003913
QQ:/crrc/c: 0.999997066 0.000002934 0.000000000
QQ:/crrc/crr: 0.000000000 0.999998533 0.000001467
QQ:/crrc/r: 0.999972494 0.000025549 0.000001956
QQ:/rc/c: 0.999994631 0.000005369 0.000000000
QQ:/rc/crr: 0.000000000 0.999997315 0.000002685
QQ:/rc/r: 0.999992094 0.000004327 0.000003580
QQ:/rrc/c: 0.999991209 0.000008791 0.000000000
QQ:/rrc/crr: 0.000000000 0.999995604 0.000004396
QQ:/rrc/r: 0.999961922 0.000032217 0.000005861
