J:/c: 0.303270304 0.696729696 0.000000000
J:/crr: 0.000000000 0.999983513 0.000016487
J:/r: 0.053449020 0.127335022 0.819215958
JJ:/cc/c: 0.999992824 0.000007176 0.000000000
JJ:/cc/crr: 0.000000000 0.999996412 0.000003588
JJ:/cc/r: 0.999990431 0.000004784 0.000004784
JJ:/crc/c: 0.999983513 0.000016487 0.000000000
JJ:/crc/crr: 0.000000000 0.999991756 0.000008244
JJ:/crc/r: 0.999394858 0.000594151 0.000010991
JJ:/crrc/c: 0.999991756 0.000008244 0.000000000
JJ:/crrc/crr: 0.000000000 0.999995878 0.000004122
JJ:/crrc/r: 0.999549567 0.000444937 0.000005496
JJ:/rc/c: 0.999973822 0.000026178 0.000000000
JJ:/rc/crr: 0.000000000 0.999986911 0.000013089
JJ:/rc/r: 0.999964212 0.000018336 0.000017452
JJ:/rrc/c: 0.999937635 0.000062365 0.000000000
JJ:/rrc/crr: 0.000000000 0.999968816 0.000031184
JJ:/rrc/r: 0.999881141 0.000077283 0.000041576
JK:/cc/c: 0.008258086 0.991741914 0.000000000
JK:/cc/crr: 0.000000000 0.000434507 0.999565493
JK:/cc/r: 0.000004784 0.000004784 0.999990431
JK:/crc/c: 0.513223359 0.486776641 0.000000000
JK:/crc/crr: 0.000000000 0.000016062 0.999983938
JK:/crc/r: 0.053764842 0.000010991 0.946224167
JK:/crrc/c: 0.489884809 0.510115191 0.000000000
JK:/crrc/crr: 0.000000000 0.000008414 0.999991586
JK:/crrc/r: 0.211081554 0.000005496 0.788912950
JK:/rc/c: 0.397443380 0.602556620 0.000000000
JK:/rc/crr: 0.000000000 0.000032933 0.999967067
JK:/rc/r: 0.356634993 0.000017452 0.643347555
JK:/rrc/c: 0.999937635 0.000062365 0.000000000
JK:/rrc/crr: 0.000000000 0.000031184 0.999968816
JK:/rrc/r: 0.322390183 0.000041576 0.677568241
JQ:/cc/c: 0.069092834 0.930907166 0.000000000
JQ:/cc/crr: 0.000000000 0.000051933 0.999948067
JQ:/cc/r: 0.033974574 0.000004784 0.966020642
JQ:/crc/c: 0.654864531 0.345135469 0.000000000
JQ:/crc/crr: 0.000000000 0.000012588 0.999987412
JQ:/crc/r: 0.038987404 0.000010991 0.961001605
JQ:/crrc/c: 0.025625537 0.974374463 0.000000000
JQ:/crrc/crr: 0.000000000 0.000160847 0.999839153
JQ:/crrc/r: 0.259728567 0.000005496 0.740265937
JQ:/rc/c: 0.998668356 0.001331644 0.000000000
JQ:/rc/crr: 0.000000000 0.000013106 0.999986894
JQ:/rc/r: 0.000017452 0.000017452 0.999965096
JQ:/rrc/c: 0.011216868 0.988783132 0.000000000
JQ:/rrc/crr: 0.000000000 0.002779953 0.997220047
JQ:/rrc/r: 0.609959840 0.000041576 0.389998583
K:/c: 0.999952092 0.000047908 0.000000000
K:/crr: 0.000000000 0.999995000 0.000005000
K:/r: 0.574524078 0.425469255 0.000006667
KJ:/cc/c: 0.104366583 0.895633417 0.000000000
KJ:/cc/crr: 0.000000000 0.500000000 0.500000000
KJ:/cc/r: 0.069577722 0.069577722 0.860844556
KJ:/crc/c: 0.079904551 0.920095449 0.000000000
KJ:/crc/crr: 0.000000000 0.999968711 0.000031289
KJ:/crc/r: 0.000029615 0.764518694 0.235451691
KJ:/crrc/c: 0.452340372 0.547659628 0.000000000
KJ:/crrc/crr: 0.000000000 0.999997236 0.000002764
KJ:/crrc/r: 0.000149163 0.895761493 0.104089344
KJ:/rc/c: 0.437388811 0.562611189 0.000000000
KJ:/rc/crr: 0.000000000 0.720990624 0.279009376
KJ:/rc/r: 0.034935098 0.787382246 0.177682656
KJ:/rrc/c: 0.104523141 0.895476859 0.000000000
KJ:/rrc/crr: 0.000000000 0.999972246 0.000027754
KJ:/rrc/r: 0.034489433 0.907936030 0.057574538
KK:/cc/c: 0.895633417 0.104366583 0.000000000
KK:/cc/crr: 0.000000000 0.941735881 0.058264119
KK:/cc/r: 0.860844556 0.069577722 0.069577722
KK:/crc/c: 0.999995000 0.000005000 0.000000000
KK:/crc/crr: 0.000000000 0.999997500 0.000002500
KK:/crc/r: 0.988749795 0.011246872 0.000003333
KK:/crrc/c: 0.999997500 0.000002500 0.000000000
KK:/crrc/crr: 0.000000000 0.999998750 0.000001250
KK:/crrc/r: 0.999942766 0.000055567 0.000001667
KK:/rc/c: 0.999992166 0.000007834 0.000000000
KK:/rc/crr: 0.000000000 0.999996083 0.000003917
KK:/rc/r: 0.999980367 0.000014410 0.000005223
KK:/rrc/c: 0.999994198 0.000005802 0.000000000
KK:/rrc/crr: 0.000000000 0.999997099 0.000002901
KK:/rrc/r: 0.999211995 0.000784137 0.000003868
KQ:/cc/c: 0.104366583 0.895633417 0.000000000
KQ:/cc/crr: 0.000000000 0.500000000 0.500000000
KQ:/cc/r: 0.069577722 0.860844556 0.069577722
KQ:/crc/c: 0.001616685 0.998383315 0.000000000
KQ:/crc/crr: 0.000000000 0.200735963 0.799264037
KQ:/crc/r: 0.000019989 0.439700304 0.560279707
KQ:/crrc/c: 0.637930200 0.362069800 0.000000000
KQ:/crrc/crr: 0.000000000 0.409347347 0.590652653
KQ:/crrc/r: 0.000275795 0.644605547 0.355118658
KQ:/rc/c: 0.000013178 0.999986822 0.000000000
KQ:/rc/crr: 0.000000000 0.702738969 0.297261031
KQ:/rc/r: 0.000017598 0.301578626 0.698403776
KQ:/rrc/c: 0.514245104 0.485754896 0.000000000
KQ:/rrc/crr: 0.000000000 0.483697076 0.516302924
KQ:/rrc/r: 0.000378146 0.676878145 0.322743709
Q:/c: 0.849145680 0.150854320 0.000000000
Q:/crr: 0.000000000 0.999994112 0.000005888
Q:/r: 0.361930384 0.638033187 0.000036429
QJ:/cc/c: 0.000442258 0.999557742 0.000000000
QJ:/cc/crr: 0.000000000 0.037471988 0.962528012
QJ:/cc/r: 0.000022096 0.000022096 0.999955807
QJ:/crc/c: 0.419089955 0.580910045 0.000000000
QJ:/crc/crr: 0.000000000 0.000090727 0.999909273
QJ:/crc/r: 0.000003926 0.000003926 0.999992149
QJ:/crrc/c: 0.000002944 0.999997056 0.000000000
QJ:/crrc/crr: 0.000000000 0.500000000 0.500000000
QJ:/crrc/r: 0.019263112 0.000001963 0.980734925
QJ:/rc/c: 0.000069952 0.999930048 0.000000000
QJ:/rc/crr: 0.000000000 0.037342457 0.962657543
QJ:/rc/r: 0.000005199 0.000003483 0.999991318
QJ:/rrc/c: 0.000009210 0.999990790 0.000000000
QJ:/rrc/crr: 0.000000000 0.500000000 0.500000000
QJ:/rrc/r: 0.000085599 0.000006140 0.999908262
QK:/cc/c: 0.142969605 0.857030395 0.000000000
QK:/cc/crr: 0.000000000 0.999884085 0.000115915
QK:/cc/r: 0.000072010 0.728414809 0.271513181
QK:/crc/c: 0.345201003 0.654798997 0.000000000
QK:/crc/crr: 0.000000000 0.001335659 0.998664341
QK:/crc/r: 0.000039801 0.461267055 0.538693144
QK:/crrc/c: 0.010063196 0.989936804 0.000000000
QK:/crrc/crr: 0.000000000 0.010154176 0.989845824
QK:/crrc/r: 0.000026179 0.285738320 0.714235501
QK:/rc/c: 0.362341558 0.637658442 0.000000000
QK:/rc/crr: 0.000000000 0.000212566 0.999787434
QK:/rc/r: 0.000005145 0.310398355 0.689596500
QK:/rrc/c: 0.442130504 0.557869496 0.000000000
QK:/rrc/crr: 0.000000000 0.000249682 0.999750318
QK:/rrc/r: 0.000079869 0.494236050 0.505684080
QQ:/cc/c: 0.999966855 0.000033145 0.000000000
QQ:/cc/crr: 0.000000000 0.999983427 0.000016573
QQ:/cc/r: 0.997655416 0.002322487 0.000022096
QQ:/crc/c: 0.999994112 0.000005888 0.000000000
QQ:/crc/crr: 0.000000000 0.999997056 0.000002944
QQ:/crc/r: 0.999949974 0.000046101 0.000003926
QQ:/crrc/c: 0.999997056 0.000002944 0.000000000
QQ:/crrc/crr: 0.000000000 0.999998528 0.000001472
QQ:/crrc/r: 0.999866553 0.000131485 0.000001963
QQ:/rc/c: 0.999994776 0.000005224 0.000000000
QQ:/rc/crr: 0.000000000 0.999997388 0.000002612
QQ:/rc/r: 0.974663866 0.025332651 0.000003483
QQ:/rrc/c: 0.999990790 0.000009210 0.000000000
QQ:/rrc/crr: 0.000000000 0.999995395 0.000004605
QQ:/rrc/r: 0.999943360 0.000050500 0.000006140
