J:/: 0.072210859 0.927789141 0.000000000
J:/cr: 0.018564087 0.034476267 0.946959645
J:/rr: 0.000000000 0.999930758 0.000069242
JJ:/cc/: 0.000039195 0.999960805 0.000000000
JJ:/cc/cr: 0.996501478 0.003496726 0.000001796
JJ:/cc/rr: 0.000000000 0.931252640 0.068747360
JJ:/crc/: 0.921979299 0.078020701 0.000000000
JJ:/crc/cr: 0.999554776 0.000222612 0.000222612
JJ:/crc/rr: 0.000000000 0.999971743 0.000028257
JJ:/crrc/: 0.992881473 0.007118527 0.000000000
JJ:/crrc/cr: 0.990937574 0.004531213 0.004531213
JJ:/crrc/rr: 0.000000000 0.999951270 0.000048730
JJ:/rc/: 0.841324430 0.158675570 0.000000000
JJ:/rc/cr: 0.999709085 0.000145458 0.000145458
JJ:/rc/rr: 0.000000000 0.999958850 0.000041150
JJ:/rrc/: 0.999965377 0.000034623 0.000000000
JJ:/rrc/cr: 0.333333333 0.333333333 0.333333333
JJ:/rrc/rr: 0.000000000 0.999982688 0.000017312
JK:/cc/: 0.075623516 0.924376484 0.000000000
JK:/cc/cr: 0.000001943 0.000001943 0.999996113
JK:/cc/rr: 0.000000000 0.000035631 0.999964369
JK:/crc/: 0.029115486 0.970884514 0.000000000
JK:/crc/cr: 0.003632949 0.000017889 0.996349162
JK:/crc/rr: 0.000000000 0.000894798 0.999105202
JK:/crrc/: 0.999903233 0.000096767 0.000000000
JK:/crrc/cr: 0.333333333 0.333333333 0.333333333
JK:/crrc/rr: 0.000000000 0.000048388 0.999951612
JK:/rc/: 0.999930758 0.000069242 0.000000000
JK:/rc/cr: 0.333333333 0.333333333 0.333333333
JK:/rc/rr: 0.000000000 0.000034623 0.999965377
JK:/rrc/: 0.554567630 0.445432370 0.000000000
JK:/rrc/cr: 0.969622778 0.000025910 0.030351312
JK:/rrc/rr: 0.000000000 0.000031216 0.999968784
JQ:/cc/: 0.184104661 0.815895339 0.000000000
JQ:/cc/cr: 0.000002202 0.000002202 0.999995597
JQ:/cc/rr: 0.000000000 0.000014636 0.999985364
JQ:/crc/: 0.996129510 0.003870490 0.000000000
JQ:/crc/cr: 0.142474697 0.004487371 0.853037932
JQ:/crc/rr: 0.000000000 0.000026154 0.999973846
JQ:/crrc/: 0.011192497 0.988807503 0.000000000
JQ:/crrc/cr: 0.176625162 0.000032621 0.823342217
JQ:/crrc/rr: 0.000000000 0.004322837 0.995677163
JQ:/rc/: 0.994842781 0.005157219 0.000000000
JQ:/rc/cr: 0.004475388 0.004475388 0.991049225
JQ:/rc/rr: 0.000000000 0.000034800 0.999965200
JQ:/rrc/: 0.159174141 0.840825859 0.000000000
JQ:/rrc/cr: 0.004615657 0.000013726 0.995370617
JQ:/rrc/rr: 0.000000000 0.000108759 0.999891241
K:/: 0.753911907 0.246088093 0.000000000
K:/cr: 0.689237482 0.310748973 0.000013545
K:/rr: 0.000000000 0.999993368 0.000006632
KJ:/cc/: 0.000020318 0.999979682 0.000000000
KJ:/cc/cr: 0.000006773 0.000006773 0.999986454
KJ:/cc/rr: 0.000000000 0.500000000 0.500000000
KJ:/crc/: 0.000059900 0.999940100 0.000000000
KJ:/crc/cr: 0.000473594 0.999519141 0.000007265
KJ:/crc/rr: 0.000000000 0.818075464 0.181924536
KJ:/crrc/: 0.005803244 0.994196756 0.000000000
KJ:/crrc/cr: 0.000100057 0.990581266 0.009318677
KJ:/crrc/rr: 0.000000000 0.364644541 0.635355459
KJ:/rc/: 0.000078603 0.999921397 0.000000000
KJ:/rc/cr: 0.012373327 0.951869943 0.035756730
KJ:/rc/rr: 0.000000000 0.957812928 0.042187072
KJ:/rrc/: 0.078541090 0.921458910 0.000000000
KJ:/rrc/cr: 0.000001200 0.999997601 0.000001200
KJ:/rrc/rr: 0.000000000 0.875365189 0.124634811
KK:/cc/: 0.999793651 0.000206349 0.000000000
KK:/cc/cr: 0.934357436 0.032821282 0.032821282
KK:/cc/rr: 0.000000000 0.999989839 0.000010161
KK:/crc/: 0.081423087 0.918576913 0.000000000
KK:/crc/cr: 0.999984182 0.000007909 0.000007909
KK:/crc/rr: 0.000000000 0.999866165 0.000133835
KK:/crrc/: 0.999145614 0.000854386 0.000000000
KK:/crrc/cr: 0.992332674 0.003833663 0.003833663
KK:/crrc/rr: 0.000000000 0.999995083 0.000004917
KK:/rc/: 0.803097084 0.196902916 0.000000000
KK:/rc/cr: 0.999977545 0.000011227 0.000011227
KK:/rc/rr: 0.000000000 0.999995871 0.000004129
KK:/rrc/: 0.529483664 0.470516336 0.000000000
KK:/rrc/cr: 0.999995302 0.000002349 0.000002349
KK:/rrc/rr: 0.000000000 0.999996869 0.000003131
KQ:/cc/: 0.000052254 0.999947746 0.000000000
KQ:/cc/cr: 0.000027941 0.440639902 0.559332156
KQ:/cc/rr: 0.000000000 0.805583774 0.194416226
KQ:/crc/: 0.902818628 0.097181372 0.000000000
KQ:/crc/cr: 0.000431788 0.486487341 0.513080871
KQ:/crc/rr: 0.000000000 0.000054802 0.999945198
KQ:/crrc/: 0.000968812 0.999031188 0.000000000
KQ:/crrc/cr: 0.004737241 0.688138084 0.307124675
KQ:/crrc/rr: 0.000000000 0.073084065 0.926915935
KQ:/rc/: 0.000006632 0.999993368 0.000000000
KQ:/rc/cr: 0.000013501 0.473024758 0.526961741
KQ:/rc/rr: 0.000000000 0.500000000 0.500000000
KQ:/rrc/: 0.694756228 0.305243772 0.000000000
KQ:/rrc/cr: 0.017776447 0.884880975 0.097342578
KQ:/rrc/rr: 0.000000000 0.387424450 0.612575550
Q:/: 0.745452479 0.254547521 0.000000000
Q:/cr: 0.158301755 0.841576412 0.000121833
Q:/rr: 0.000000000 0.999993293 0.000006707
QJ:/cc/: 0.000019643 0.999980357 0.000000000
QJ:/cc/cr: 0.000006548 0.000006548 0.999986905
QJ:/cc/rr: 0.000000000 0.500000000 0.500000000
QJ:/crc/: 0.028302101 0.971697899 0.000000000
QJ:/crc/cr: 0.003130642 0.000002669 0.996866689
QJ:/crc/rr: 0.000000000 0.000137448 0.999862552
QJ:/crrc/: 0.049237931 0.950762069 0.000000000
QJ:/crrc/cr: 0.000014501 0.000014501 0.999970998
QJ:/crrc/rr: 0.000000000 0.000420015 0.999579985
QJ:/rc/: 0.016381490 0.983618510 0.000000000
QJ:/rc/cr: 0.000002273 0.000002273 0.999995454
QJ:/rc/rr: 0.000000000 0.000204723 0.999795277
QJ:/rrc/: 0.000003354 0.999996646 0.000000000
QJ:/rrc/cr: 0.000001118 0.000001118 0.999997764
QJ:/rrc/rr: 0.000000000 0.500000000 0.500000000
QK:/cc/: 0.578380937 0.421619063 0.000000000
QK:/cc/cr: 0.001528195 0.998456276 0.000015530
QK:/cc/rr: 0.000000000 0.069260817 0.930739183
QK:/crc/: 0.000007913 0.999992087 0.000000000
QK:/crc/cr: 0.000002655 0.552054642 0.447942703
QK:/crc/rr: 0.000000000 0.508407744 0.491592256
QK:/crrc/: 0.976984506 0.023015494 0.000000000
QK:/crrc/cr: 0.000602614 0.901373445 0.098023941
QK:/crrc/rr: 0.000000000 0.000536951 0.999463049
QK:/rc/: 0.440420715 0.559579285 0.000000000
QK:/rc/cr: 0.000003995 0.529042691 0.470953314
QK:/rc/rr: 0.000000000 0.212218750 0.787781250
QK:/rrc/: 0.126593044 0.873406956 0.000000000
QK:/rrc/cr: 0.000007679 0.299281358 0.700710963
QK:/rrc/rr: 0.000000000 0.000042990 0.999957010
QQ:/cc/: 0.508664414 0.491335586 0.000000000
QQ:/cc/cr: 0.991270160 0.008716514 0.000013326
QQ:/cc/rr: 0.000000000 0.999980692 0.000019308
QQ:/crc/: 0.985615193 0.014384807 0.000000000
QQ:/crc/cr: 0.999639429 0.000180286 0.000180286
QQ:/crc/rr: 0.000000000 0.999996053 0.000003947
QQ:/crrc/: 0.036778997 0.963221003 0.000000000
QQ:/crrc/cr: 0.999971373 0.000014314 0.000014314
QQ:/crrc/rr: 0.000000000 0.999437705 0.000562295
QQ:/rc/: 0.496691269 0.503308731 0.000000000
QQ:/rc/cr: 0.999991116 0.000004442 0.000004442
QQ:/rc/rr: 0.000000000 0.999993248 0.000006752
QQ:/rrc/: 0.984302848 0.015697152 0.000000000
QQ:/rrc/cr: 0.999857567 0.000071217 0.000071217
QQ:/rrc/rr: 0.000000000 0.999998296 0.000001704
