J:/: 0.076102988 0.923897012 0.000000000
J:/cr: 0.017313020 0.033904448 0.948782533
J:/rr: 0.000000000 0.999934300 0.000065700
JJ:/cc/: 0.000224349 0.999775651 0.000000000
JJ:/cc/cr: 0.999996391 0.000001804 0.000001804
JJ:/cc/rr: 0.000000000 0.987938744 0.012061256
JJ:/crc/: 0.967322056 0.032677944 0.000000000
JJ:/crc/cr: 0.998914518 0.000542741 0.000542741
JJ:/crc/rr: 0.000000000 0.999972498 0.000027502
JJ:/crrc/: 0.930206211 0.069793789 0.000000000
JJ:/crrc/cr: 0.999004722 0.000497639 0.000497639
JJ:/crrc/rr: 0.000000000 0.999943993 0.000056007
JJ:/rc/: 0.930585475 0.069414525 0.000000000
JJ:/rc/cr: 0.999369004 0.000315498 0.000315498
JJ:/rc/rr: 0.000000000 0.999964699 0.000035301
JJ:/rrc/: 0.995010134 0.004989866 0.000000000
JJ:/rrc/cr: 0.995610787 0.002194607 0.002194607
JJ:/rrc/rr: 0.000000000 0.999983491 0.000016509
JK:/cc/: 0.090073990 0.909926010 0.000000000
JK:/cc/cr: 0.000330291 0.000001983 0.999667727
JK:/cc/rr: 0.000000000 0.000030041 0.999969959
JK:/crc/: 0.066828632 0.933171368 0.000000000
JK:/crc/cr: 0.033555600 0.000019006 0.966425395
JK:/crc/rr: 0.000000000 0.000398085 0.999601915
JK:/crrc/: 0.999895804 0.000104196 0.000000000
JK:/crrc/cr: 0.333333333 0.333333333 0.333333333
JK:/crrc/rr: 0.000000000 0.000052104 0.999947896
JK:/rc/: 0.997540679 0.002459321 0.000000000
JK:/rc/cr: 0.982190086 0.008904957 0.008904957
JK:/rc/rr: 0.000000000 0.000032931 0.999967069
JK:/rrc/: 0.519135177 0.480864823 0.000000000
JK:/rrc/cr: 0.907997026 0.000022773 0.091980201
JK:/rrc/rr: 0.000000000 0.000031641 0.999968359
JQ:/cc/: 0.163980065 0.836019935 0.000000000
JQ:/cc/cr: 0.000002158 0.000002158 0.999995684
JQ:/cc/rr: 0.000000000 0.000016502 0.999983498
JQ:/crc/: 0.980835007 0.019164993 0.000000000
JQ:/crc/cr: 0.404698366 0.000925419 0.594376214
JQ:/crc/rr: 0.000000000 0.000027123 0.999972877
JQ:/crrc/: 0.035181112 0.964818888 0.000000000
JQ:/crrc/cr: 0.116600608 0.000035999 0.883363393
JQ:/crrc/rr: 0.000000000 0.001480856 0.998519144
JQ:/rc/: 0.997170055 0.002829945 0.000000000
JQ:/rc/cr: 0.007738718 0.007738718 0.984522564
JQ:/rc/rr: 0.000000000 0.000032943 0.999967057
JQ:/rrc/: 0.152555936 0.847444064 0.000000000
JQ:/rrc/cr: 0.000019019 0.000012922 0.999968059
JQ:/rrc/rr: 0.000000000 0.000107673 0.999892327
K:/: 0.756874024 0.243125976 0.000000000
K:/cr: 0.693053461 0.306932828 0.000013710
K:/rr: 0.000000000 0.999993394 0.000006606
KJ:/cc/: 0.000046192 0.999953808 0.000000000
KJ:/cc/cr: 0.000049200 0.000011478 0.999939322
KJ:/cc/rr: 0.000000000 0.777391392 0.222608608
KJ:/crc/: 0.000049390 0.999950610 0.000000000
KJ:/crc/cr: 0.000037457 0.999955098 0.000007445
KJ:/crc/rr: 0.000000000 0.773896967 0.226103033
KJ:/crrc/: 0.020635675 0.979364325 0.000000000
KJ:/crrc/cr: 0.000381883 0.994028332 0.005589785
KJ:/crrc/rr: 0.000000000 0.259119849 0.740880151
KJ:/rc/: 0.052424488 0.947575512 0.000000000
KJ:/rc/cr: 0.003744701 0.980976929 0.015278369
KJ:/rc/rr: 0.000000000 0.236121260 0.763878740
KJ:/rrc/: 0.083793011 0.916206989 0.000000000
KJ:/rrc/cr: 0.000143595 0.999678596 0.000177808
KJ:/rrc/rr: 0.000000000 0.502005415 0.497994585
KK:/cc/: 0.996200522 0.003799478 0.000000000
KK:/cc/cr: 0.996391527 0.001804237 0.001804237
KK:/cc/rr: 0.000000000 0.999989678 0.000010322
KK:/crc/: 0.132803826 0.867196174 0.000000000
KK:/crc/cr: 0.999982830 0.000008585 0.000008585
KK:/crc/rr: 0.000000000 0.999915912 0.000084088
KK:/crrc/: 0.993848347 0.006151653 0.000000000
KK:/crrc/cr: 0.998928067 0.000535966 0.000535966
KK:/crrc/rr: 0.000000000 0.999995024 0.000004976
KK:/rc/: 0.843850712 0.156149288 0.000000000
KK:/rc/cr: 0.999971796 0.000014102 0.000014102
KK:/rc/rr: 0.000000000 0.999996086 0.000003914
KK:/rrc/: 0.531836966 0.468163034 0.000000000
KK:/rrc/cr: 0.999995296 0.000002352 0.000002352
KK:/rrc/rr: 0.000000000 0.999996895 0.000003105
KQ:/cc/: 0.000061671 0.999938329 0.000000000
KQ:/cc/cr: 0.000042407 0.425524549 0.574433044
KQ:/cc/rr: 0.000000000 0.833264308 0.166735692
KQ:/crc/: 0.900288314 0.099711686 0.000000000
KQ:/crc/cr: 0.000560701 0.645750419 0.353688881
KQ:/crc/rr: 0.000000000 0.000016290 0.999983710
KQ:/crrc/: 0.003044716 0.996955284 0.000000000
KQ:/crrc/cr: 0.027890291 0.681414916 0.290694793
KQ:/crrc/rr: 0.000000000 0.015148180 0.984851820
KQ:/rc/: 0.000015309 0.999984691 0.000000000
KQ:/rc/cr: 0.000019831 0.485693854 0.514286315
KQ:/rc/rr: 0.000000000 0.784237106 0.215762894
KQ:/rrc/: 0.689604644 0.310395356 0.000000000
KQ:/rrc/cr: 0.027962352 0.869459826 0.102577822
KQ:/rrc/rr: 0.000000000 0.392759008 0.607240992
Q:/: 0.750563534 0.249436466 0.000000000
Q:/cr: 0.165192711 0.834332978 0.000474311
Q:/rr: 0.000000000 0.999993338 0.000006662
QJ:/cc/: 0.000020045 0.999979955 0.000000000
QJ:/cc/cr: 0.000006682 0.000006682 0.999986636
QJ:/cc/rr: 0.000000000 0.500000000 0.500000000
QJ:/crc/: 0.029319731 0.970680269 0.000000000
QJ:/crc/cr: 0.001207319 0.000002750 0.998789930
QJ:/crc/rr: 0.000000000 0.000136571 0.999863429
QJ:/crrc/: 0.038143666 0.961856334 0.000000000
QJ:/crrc/cr: 0.000074610 0.000014017 0.999911372
QJ:/crrc/rr: 0.000000000 0.000530207 0.999469793
QJ:/rc/: 0.010727886 0.989272114 0.000000000
QJ:/rc/cr: 0.000002245 0.000002245 0.999995511
QJ:/rc/rr: 0.000000000 0.000310483 0.999689517
QJ:/rrc/: 0.000003331 0.999996669 0.000000000
QJ:/rrc/cr: 0.000001110 0.000001110 0.999997779
QJ:/rrc/rr: 0.000000000 0.500000000 0.500000000
QK:/cc/: 0.534389562 0.465610438 0.000000000
QK:/cc/cr: 0.071330426 0.928628982 0.000040592
QK:/cc/rr: 0.000000000 0.999981245 0.000018755
QK:/crc/: 0.002823773 0.997176227 0.000000000
QK:/crc/cr: 0.000002702 0.556191588 0.443805710
QK:/crc/rr: 0.000000000 0.001627432 0.998372568
QK:/crrc/: 0.963764523 0.036235477 0.000000000
QK:/crrc/cr: 0.000704714 0.728742368 0.270552918
QK:/crrc/rr: 0.000000000 0.000565807 0.999434193
QK:/rc/: 0.456185057 0.543814943 0.000000000
QK:/rc/cr: 0.025392930 0.518826145 0.455780925
QK:/rc/rr: 0.000000000 0.204212708 0.795787292
QK:/rrc/: 0.133627808 0.866372192 0.000000000
QK:/rrc/cr: 0.000001619 0.297501177 0.702497204
QK:/rrc/rr: 0.000000000 0.000249393 0.999750607
QQ:/cc/: 0.457460329 0.542539671 0.000000000
QQ:/cc/cr: 0.999975369 0.000012316 0.000012316
QQ:/cc/rr: 0.000000000 0.999978091 0.000021909
QQ:/crc/: 0.993029210 0.006970790 0.000000000
QQ:/crc/cr: 0.999234093 0.000382954 0.000382954
QQ:/crc/rr: 0.000000000 0.999995968 0.000004032
QQ:/crrc/: 0.094287079 0.905712921 0.000000000
QQ:/crrc/cr: 0.999970227 0.000014886 0.000014886
QQ:/crrc/rr: 0.000000000 0.999785506 0.000214494
QQ:/rc/: 0.512515720 0.487484280 0.000000000
QQ:/rc/cr: 0.999990738 0.000004707 0.000004555
QQ:/rc/rr: 0.000000000 0.999993501 0.000006499
QQ:/rrc/: 0.978003921 0.021996079 0.000000000
QQ:/rrc/cr: 0.999899047 0.000050476 0.000050476
QQ:/rrc/rr: 0.000000000 0.999998297 0.000001703
