J:/c: 0.294091547 0.705908453 0.000000000
J:/crr: 0.000000000 0.999982998 0.000017002
J:/r: 0.054233792 0.128792950 0.816973258
JJ:/cc/c: 0.999992917 0.000007083 0.000000000
JJ:/cc/crr: 0.000000000 0.999996458 0.000003542
JJ:/cc/r: 0.999982801 0.000012477 0.000004722
JJ:/crc/c: 0.999982998 0.000017002 0.000000000
JJ:/crc/crr: 0.000000000 0.999991499 0.000008501
JJ:/crc/r: 0.999977331 0.000011334 0.000011334
JJ:/crrc/c: 0.999991499 0.000008501 0.000000000
JJ:/crrc/crr: 0.000000000 0.999995750 0.000004250
JJ:/crrc/r: 0.999988665 0.000005667 0.000005667
JJ:/rc/c: 0.999974119 0.000025881 0.000000000
JJ:/rc/crr: 0.000000000 0.999987059 0.000012941
JJ:/rc/r: 0.999962941 0.000019804 0.000017254
JJ:/rrc/c: 0.999938538 0.000061462 0.000000000
JJ:/rrc/crr: 0.000000000 0.999969267 0.000030733
JJ:/rrc/r: 0.999756874 0.000202151 0.000040975
JK:/cc/c: 0.004010390 0.995989610 0.000000000
JK:/cc/crr: 0.000000000 0.000883090 0.999116910
JK:/cc/r: 0.000008585 0.000004722 0.999986693
JK:/crc/c: 0.556886906 0.443113094 0.000000000
JK:/crc/crr: 0.000000000 0.000015265 0.999984735
JK:/crc/r: 0.012683686 0.000011334 0.987304980
JK:/crrc/c: 0.472279702 0.527720298 0.000000000
JK:/crrc/crr: 0.000000000 0.000009000 0.999991000
JK:/crrc/r: 0.237197524 0.000005667 0.762796809
JK:/rc/c: 0.390604581 0.609395419 0.000000000
JK:/rc/crr: 0.000000000 0.000033130 0.999966870
JK:/rc/r: 0.357766395 0.000017254 0.642216351
JK:/rrc/c: 0.999662699 0.000337301 0.000000000
JK:/rrc/crr: 0.000000000 0.000030742 0.999969258
JK:/rrc/r: 0.301220514 0.000040975 0.698738511
JQ:/cc/c: 0.064403701 0.935596299 0.000000000
JQ:/cc/crr: 0.000000000 0.000054990 0.999945010
JQ:/cc/r: 0.041024147 0.000004722 0.958971131
JQ:/crc/c: 0.593417491 0.406582509 0.000000000
JQ:/crc/crr: 0.000000000 0.000014325 0.999985675
JQ:/crc/r: 0.017880721 0.000011334 0.982107945
JQ:/crrc/c: 0.036237279 0.963762721 0.000000000
JQ:/crrc/crr: 0.000000000 0.000117295 0.999882705
JQ:/crrc/r: 0.316043005 0.000005667 0.683951328
JQ:/rc/c: 0.992997534 0.007002466 0.000000000
JQ:/rc/crr: 0.000000000 0.000013032 0.999986968
JQ:/rc/r: 0.000022422 0.000017254 0.999960323
JQ:/rrc/c: 0.007712238 0.992287762 0.000000000
JQ:/rrc/crr: 0.000000000 0.003984725 0.996015275
JQ:/rrc/r: 0.420980339 0.000040975 0.578978686
K:/c: 0.999969186 0.000030814 0.000000000
K:/crr: 0.000000000 0.999995000 0.000005000
K:/r: 0.572867695 0.427125638 0.000006667
KJ:/cc/c: 0.464941690 0.535058310 0.000000000
KJ:/cc/crr: 0.000000000 0.825499500 0.174500500
KJ:/cc/r: 0.530385174 0.218840997 0.250773829
KJ:/crc/c: 0.138322701 0.861677299 0.000000000
KJ:/crc/crr: 0.000000000 0.999981926 0.000018074
KJ:/crc/r: 0.000085533 0.724908384 0.275006084
KJ:/crrc/c: 0.450693427 0.549306573 0.000000000
KJ:/crrc/crr: 0.000000000 0.994628704 0.005371296
KJ:/crrc/r: 0.023197149 0.810826383 0.165976467
KJ:/rc/c: 0.513048400 0.486951600 0.000000000
KJ:/rc/crr: 0.000000000 0.685995621 0.314004379
KJ:/rc/r: 0.047214651 0.716068566 0.236716784
KJ:/rrc/c: 0.130336243 0.869663757 0.000000000
KJ:/rrc/crr: 0.000000000 0.999977678 0.000022322
KJ:/rrc/r: 0.040376259 0.893599303 0.066024438
KK:/cc/c: 0.837734885 0.162265115 0.000000000
KK:/cc/crr: 0.000000000 0.903152467 0.096847533
KK:/cc/r: 0.608634896 0.283188361 0.108176743
KK:/crc/c: 0.999995000 0.000005000 0.000000000
KK:/crc/crr: 0.000000000 0.999997500 0.000002500
KK:/crc/r: 0.996103349 0.003893317 0.000003333
KK:/crrc/c: 0.999997500 0.000002500 0.000000000
KK:/crrc/crr: 0.000000000 0.999998750 0.000001250
KK:/crrc/r: 0.999996667 0.000001667 0.000001667
KK:/rc/c: 0.999992196 0.000007804 0.000000000
KK:/rc/crr: 0.000000000 0.999996098 0.000003902
KK:/rc/r: 0.999979416 0.000015381 0.000005203
KK:/rrc/c: 0.999994181 0.000005819 0.000000000
KK:/rrc/crr: 0.000000000 0.999997091 0.000002909
KK:/rrc/r: 0.999975580 0.000020541 0.000003879
KQ:/cc/c: 0.837734885 0.162265115 0.000000000
KQ:/cc/crr: 0.000000000 0.903152467 0.096847533
KQ:/cc/r: 0.527574146 0.294762845 0.177663008
KQ:/crc/c: 0.124601916 0.875398084 0.000000000
KQ:/crc/crr: 0.000000000 0.094112457 0.905887543
KQ:/crc/r: 0.000061241 0.431950617 0.567988142
KQ:/crrc/c: 0.625899028 0.374100972 0.000000000
KQ:/crrc/crr: 0.000000000 0.401462280 0.598537720
KQ:/crrc/r: 0.000003330 0.687225700 0.312770970
KQ:/rc/c: 0.000224884 0.999775116 0.000000000
KQ:/rc/crr: 0.000000000 0.145664047 0.854335953
KQ:/rc/r: 0.000025174 0.302938481 0.697036346
KQ:/rrc/c: 0.510974027 0.489025973 0.000000000
KQ:/rrc/crr: 0.000000000 0.498823393 0.501176607
KQ:/rrc/r: 0.079968268 0.545751349 0.374280383
Q:/c: 0.854496068 0.145503932 0.000000000
Q:/crr: 0.000000000 0.999994149 0.000005851
Q:/r: 0.361456431 0.638338237 0.000205332
QJ:/cc/c: 0.000355048 0.999644952 0.000000000
QJ:/cc/crr: 0.000000000 0.048392461 0.951607539
QJ:/cc/r: 0.000039995 0.000022909 0.999937096
QJ:/crc/c: 0.424473998 0.575526002 0.000000000
QJ:/crc/crr: 0.000000000 0.006841777 0.993158223
QJ:/crc/r: 0.000054657 0.000003901 0.999941442
QJ:/crrc/c: 0.000027758 0.999972242 0.000000000
QJ:/crrc/crr: 0.000000000 0.052700538 0.947299462
QJ:/crrc/r: 0.025967205 0.000001950 0.974030844
QJ:/rc/c: 0.000124291 0.999875709 0.000000000
QJ:/rc/crr: 0.000000000 0.021006689 0.978993311
QJ:/rc/r: 0.016613422 0.000003481 0.983383096
QJ:/rrc/c: 0.000901052 0.999098948 0.000000000
QJ:/rrc/crr: 0.000000000 0.005117322 0.994882678
QJ:/rrc/r: 0.000076813 0.000006148 0.999917039
QK:/cc/c: 0.042505194 0.957494806 0.000000000
QK:/cc/crr: 0.000000000 0.999595775 0.000404225
QK:/cc/r: 0.000120443 0.762182483 0.237697074
QK:/crc/c: 0.286931638 0.713068362 0.000000000
QK:/crc/crr: 0.000000000 0.002561018 0.997438982
QK:/crc/r: 0.000209357 0.455914145 0.543876498
QK:/crrc/c: 0.007286545 0.992713455 0.000000000
QK:/crrc/crr: 0.000000000 0.040981233 0.959018767
QK:/crrc/r: 0.000042368 0.266105717 0.733851915
QK:/rc/c: 0.365865459 0.634134541 0.000000000
QK:/rc/crr: 0.000000000 0.007925420 0.992074580
QK:/rc/r: 0.000007865 0.308162617 0.691829518
QK:/rrc/c: 0.430191932 0.569808068 0.000000000
QK:/rrc/crr: 0.000000000 0.079732444 0.920267556
QK:/rrc/r: 0.000088673 0.525325996 0.474585331
QQ:/cc/c: 0.999965637 0.000034363 0.000000000
QQ:/cc/crr: 0.000000000 0.999982818 0.000017182
QQ:/cc/r: 0.999913635 0.000063456 0.000022909
QQ:/crc/c: 0.999994149 0.000005851 0.000000000
QQ:/crc/crr: 0.000000000 0.999997074 0.000002926
QQ:/crc/r: 0.991303256 0.008692843 0.000003901
QQ:/crrc/c: 0.999997074 0.000002926 0.000000000
QQ:/crrc/crr: 0.000000000 0.999998537 0.000001463
QQ:/crrc/r: 0.999967137 0.000030913 0.000001950
QQ:/rc/c: 0.999994778 0.000005222 0.000000000
QQ:/rc/crr: 0.000000000 0.999997389 0.000002611
QQ:/rc/r: 0.927103677 0.072892842 0.000003481
QQ:/rrc/c: 0.999990778 0.000009222 0.000000000
QQ:/rrc/crr: 0.000000000 0.999995389 0.000004611
QQ:/rrc/r: 0.999958806 0.000035046 0.000006148
