J:/c: 0.293302294 0.706697706 0.000000000
J:/crr: 0.000000000 0.999982953 0.000017047
J:/r: 0.054104071 0.129113572 0.816782358
JJ:/cc/c: 0.999992925 0.000007075 0.000000000
JJ:/cc/crr: 0.000000000 0.999996462 0.000003538
JJ:/cc/r: 0.999982648 0.000012635 0.000004717
JJ:/crc/c: 0.999982953 0.000017047 0.000000000
JJ:/crc/crr: 0.000000000 0.999991476 0.000008524
JJ:/crc/r: 0.999977270 0.000011365 0.000011365
JJ:/crrc/c: 0.999991476 0.000008524 0.000000000
JJ:/crrc/crr: 0.000000000 0.999995738 0.000004262
JJ:/crrc/r: 0.999988635 0.000005683 0.000005683
JJ:/rc/c: 0.999974183 0.000025817 0.000000000
JJ:/rc/crr: 0.000000000 0.999987091 0.000012909
JJ:/rc/r: 0.999962411 0.000020378 0.000017211
JJ:/rrc/c: 0.999938390 0.000061610 0.000000000
JJ:/rrc/crr: 0.000000000 0.999969193 0.000030807
JJ:/rrc/r: 0.999730370 0.000228557 0.000041073
JK:/cc/c: 0.006915541 0.993084459 0.000000000
JK:/cc/crr: 0.000000000 0.000511541 0.999488459
JK:/cc/r: 0.000012212 0.000004717 0.999983071
JK:/crc/c: 0.526632695 0.473367305 0.000000000
JK:/crc/crr: 0.000000000 0.000016185 0.999983815
JK:/crc/r: 0.052286543 0.000011365 0.947702092
JK:/crrc/c: 0.438213894 0.561786106 0.000000000
JK:/crrc/crr: 0.000000000 0.000009726 0.999990274
JK:/crrc/r: 0.185107696 0.000005683 0.814886622
JK:/rc/c: 0.381700586 0.618299414 0.000000000
JK:/rc/crr: 0.000000000 0.000033818 0.999966182
JK:/rc/r: 0.354844025 0.000017211 0.645138764
JK:/rrc/c: 0.999628071 0.000371929 0.000000000
JK:/rrc/crr: 0.000000000 0.000030816 0.999969184
JK:/rrc/r: 0.329827106 0.000042097 0.670130797
JQ:/cc/c: 0.070547014 0.929452986 0.000000000
JQ:/cc/crr: 0.000000000 0.000050145 0.999949855
JQ:/cc/r: 0.037998638 0.000004717 0.961996645
JQ:/crc/c: 0.367740896 0.632259104 0.000000000
JQ:/crc/crr: 0.000000000 0.000023178 0.999976822
JQ:/crc/r: 0.051802103 0.000011365 0.948186532
JQ:/crrc/c: 0.056842716 0.943157284 0.000000000
JQ:/crrc/crr: 0.000000000 0.000074977 0.999925023
JQ:/crrc/r: 0.223328332 0.000005683 0.776665985
JQ:/rc/c: 0.991251301 0.008748699 0.000000000
JQ:/rc/crr: 0.000000000 0.000013022 0.999986978
JQ:/rc/r: 0.000017211 0.000017211 0.999965577
JQ:/rrc/c: 0.011369006 0.988630994 0.000000000
JQ:/rrc/crr: 0.000000000 0.002709545 0.997290455
JQ:/rrc/r: 0.439560862 0.000041073 0.560398065
K:/c: 0.999905277 0.000094723 0.000000000
K:/crr: 0.000000000 0.999995000 0.000005000
K:/r: 0.571244487 0.428748847 0.000006667
KJ:/cc/c: 0.163732338 0.836267662 0.000000000
KJ:/cc/crr: 0.000000000 0.838805259 0.161194741
KJ:/cc/r: 0.175803018 0.070210045 0.753986937
KJ:/crc/c: 0.077452998 0.922547002 0.000000000
KJ:/crc/crr: 0.000000000 0.999967719 0.000032281
KJ:/crc/r: 0.000105402 0.727643937 0.272250661
KJ:/crrc/c: 0.319455917 0.680544083 0.000000000
KJ:/crrc/crr: 0.000000000 0.999996087 0.000003913
KJ:/crrc/r: 0.052649379 0.849890470 0.097460151
KJ:/rc/c: 0.420846915 0.579153085 0.000000000
KJ:/rc/crr: 0.000000000 0.762765463 0.237234537
KJ:/rc/r: 0.053162521 0.778110551 0.168726927
KJ:/rrc/c: 0.179294242 0.820705758 0.000000000
KJ:/rrc/crr: 0.000000000 0.997578831 0.002421169
KJ:/rrc/r: 0.030807304 0.913997535 0.055195161
KK:/cc/c: 0.947214416 0.052785584 0.000000000
KK:/cc/crr: 0.000000000 0.972136412 0.027863588
KK:/cc/r: 0.869211521 0.095598089 0.035190389
KK:/crc/c: 0.999995000 0.000005000 0.000000000
KK:/crc/crr: 0.000000000 0.999997500 0.000002500
KK:/crc/r: 0.700292946 0.299703720 0.000003334
KK:/crrc/c: 0.999997500 0.000002500 0.000000000
KK:/crrc/crr: 0.000000000 0.999998750 0.000001250
KK:/crrc/r: 0.999996666 0.000001667 0.000001667
KK:/rc/c: 0.999992225 0.000007775 0.000000000
KK:/rc/crr: 0.000000000 0.999996113 0.000003887
KK:/rc/r: 0.999980368 0.000014449 0.000005183
KK:/rrc/c: 0.999994165 0.000005835 0.000000000
KK:/rrc/crr: 0.000000000 0.999997082 0.000002918
KK:/rrc/r: 0.999977226 0.000018884 0.000003890
KQ:/cc/c: 0.271215862 0.728784138 0.000000000
KQ:/cc/crr: 0.000000000 0.902687137 0.097312863
KQ:/cc/r: 0.178361477 0.758614821 0.063023702
KQ:/crc/c: 0.313913778 0.686086222 0.000000000
KQ:/crc/crr: 0.000000000 0.001532201 0.998467799
KQ:/crc/r: 0.000084775 0.435849583 0.564065642
KQ:/crrc/c: 0.597305509 0.402694491 0.000000000
KQ:/crrc/crr: 0.000000000 0.379562948 0.620437052
KQ:/crrc/r: 0.000019508 0.619111701 0.380868791
KQ:/rc/c: 0.001119535 0.998880465 0.000000000
KQ:/rc/crr: 0.000000000 0.026389761 0.973610239
KQ:/rc/r: 0.000024347 0.299533791 0.700441862
KQ:/rrc/c: 0.504513176 0.495486824 0.000000000
KQ:/rrc/crr: 0.000000000 0.541591925 0.458408075
KQ:/rrc/r: 0.078237021 0.541627419 0.380135559
Q:/c: 0.851286666 0.148713334 0.000000000
Q:/crr: 0.000000000 0.999994127 0.000005873
Q:/r: 0.359799120 0.639808909 0.000391970
QJ:/cc/c: 0.000670604 0.999329396 0.000000000
QJ:/cc/crr: 0.000000000 0.025068262 0.974931738
QJ:/cc/r: 0.000049000 0.000022414 0.999928586
QJ:/crc/c: 0.426222098 0.573777902 0.000000000
QJ:/crc/crr: 0.000000000 0.077726403 0.922273597
QJ:/crc/r: 0.000018731 0.000003916 0.999977354
QJ:/crrc/c: 0.000131912 0.999868088 0.000000000
QJ:/crrc/crr: 0.000000000 0.011131479 0.988868521
QJ:/crrc/r: 0.010005840 0.000001958 0.989992202
QJ:/rc/c: 0.000110786 0.999889214 0.000000000
QJ:/rc/crr: 0.000000000 0.023513237 0.976486763
QJ:/rc/r: 0.006968187 0.000003473 0.993028339
QJ:/rrc/c: 0.000270611 0.999729389 0.000000000
QJ:/rrc/crr: 0.000000000 0.017117640 0.982882360
QJ:/rrc/r: 0.000088692 0.000010002 0.999901306
QK:/cc/c: 0.022796731 0.977203269 0.000000000
QK:/cc/crr: 0.000000000 0.999262576 0.000737424
QK:/cc/r: 0.000235549 0.730416480 0.269347971
QK:/crc/c: 0.369989903 0.630010097 0.000000000
QK:/crc/crr: 0.000000000 0.003856196 0.996143804
QK:/crc/r: 0.003659931 0.497388401 0.498951668
QK:/crrc/c: 0.187659624 0.812340376 0.000000000
QK:/crrc/crr: 0.000000000 0.001322751 0.998677249
QK:/crrc/r: 0.000068428 0.300869214 0.699062359
QK:/rc/c: 0.381915910 0.618084090 0.000000000
QK:/rc/crr: 0.000000000 0.021187432 0.978812568
QK:/rc/r: 0.000007724 0.331726971 0.668265305
QK:/rrc/c: 0.425522755 0.574477245 0.000000000
QK:/rrc/crr: 0.000000000 0.051549255 0.948450745
QK:/rrc/r: 0.000089262 0.500729295 0.499181443
QQ:/cc/c: 0.999966378 0.000033622 0.000000000
QQ:/cc/crr: 0.000000000 0.999983189 0.000016811
QQ:/cc/r: 0.999916442 0.000061144 0.000022414
QQ:/crc/c: 0.999994127 0.000005873 0.000000000
QQ:/crc/crr: 0.000000000 0.999997063 0.000002937
QQ:/crc/r: 0.828909257 0.171086827 0.000003916
QQ:/crrc/c: 0.999997063 0.000002937 0.000000000
QQ:/crrc/crr: 0.000000000 0.999998532 0.000001468
QQ:/crrc/r: 0.999996084 0.000001958 0.000001958
QQ:/rc/c: 0.999994790 0.000005210 0.000000000
QQ:/rc/crr: 0.000000000 0.999997395 0.000002605
QQ:/rc/r: 0.999992752 0.000003775 0.000003473
QQ:/rrc/c: 0.999990736 0.000009264 0.000000000
QQ:/rrc/crr: 0.000000000 0.999995368 0.000004632
QQ:/rrc/r: 0.999956751 0.000037073 0.000006176
