J:/c: 0.301377233 0.698622767 0.000000000
J:/crr: 0.000000000 0.999983409 0.000016591
J:/r: 0.054664485 0.129108625 0.816226890
JJ:/cc/c: 0.999992843 0.000007157 0.000000000
JJ:/cc/crr: 0.000000000 0.999996422 0.000003578
JJ:/cc/r: 0.999990457 0.000004771 0.000004771
JJ:/crc/c: 0.999983409 0.000016591 0.000000000
JJ:/crc/crr: 0.000000000 0.999991705 0.000008295
JJ:/crc/r: 0.999883398 0.000105541 0.000011060
JJ:/crrc/c: 0.999991705 0.000008295 0.000000000
JJ:/crrc/crr: 0.000000000 0.999995852 0.000004148
JJ:/crrc/r: 0.999958663 0.000035806 0.000005530
JJ:/rc/c: 0.999974182 0.000025818 0.000000000
JJ:/rc/crr: 0.000000000 0.999987091 0.000012909
JJ:/rc/r: 0.999942196 0.000040592 0.000017212
JJ:/rrc/c: 0.999939022 0.000060978 0.000000000
JJ:/rrc/crr: 0.000000000 0.999969509 0.000030491
JJ:/rrc/r: 0.999837356 0.000121992 0.000040652
JK:/cc/c: 0.000007157 0.999992843 0.000000000
JK:/cc/crr: 0.000000000 0.500000000 0.500000000
JK:/cc/r: 0.000004771 0.000004771 0.999990457
JK:/crc/c: 0.553456237 0.446543763 0.000000000
JK:/crc/crr: 0.000000000 0.000014988 0.999985012
JK:/crc/r: 0.038054921 0.000011060 0.961934018
JK:/crrc/c: 0.518632980 0.481367020 0.000000000
JK:/crrc/crr: 0.000000000 0.000033971 0.999966029
JK:/crrc/r: 0.212624514 0.000005530 0.787369956
JK:/rc/c: 0.385308513 0.614691487 0.000000000
JK:/rc/crr: 0.000000000 0.000033503 0.999966497
JK:/rc/r: 0.367837555 0.000017212 0.632145233
JK:/rrc/c: 0.999939022 0.000060978 0.000000000
JK:/rrc/crr: 0.000000000 0.000030491 0.999969509
JK:/rrc/r: 0.256759315 0.000040652 0.743200033
JQ:/cc/c: 0.070413299 0.929586701 0.000000000
JQ:/cc/crr: 0.000000000 0.000050821 0.999949179
JQ:/cc/r: 0.035764473 0.000004771 0.964230755
JQ:/crc/c: 0.389895858 0.610104142 0.000000000
JQ:/crc/crr: 0.000000000 0.000021276 0.999978724
JQ:/crc/r: 0.026938476 0.000011060 0.973050464
JQ:/crrc/c: 0.032892111 0.967107889 0.000000000
JQ:/crrc/crr: 0.000000000 0.000126100 0.999873900
JQ:/crrc/r: 0.111107115 0.000005530 0.888887355
JQ:/rc/c: 0.999309034 0.000690966 0.000000000
JQ:/rc/crr: 0.000000000 0.000012918 0.999987082
JQ:/rc/r: 0.000017212 0.000017212 0.999965576
JQ:/rrc/c: 0.020894434 0.979105566 0.000000000
JQ:/rrc/crr: 0.000000000 0.001459193 0.998540807
JQ:/rrc/r: 0.568632791 0.000040652 0.431326557
K:/c: 0.999990000 0.000010000 0.000000000
K:/crr: 0.000000000 0.999995000 0.000005000
K:/r: 0.576213898 0.423779435 0.000006667
KJ:/cc/c: 0.500000000 0.500000000 0.000000000
KJ:/cc/crr: 0.000000000 0.500000000 0.500000000
KJ:/cc/r: 0.333333333 0.333333333 0.333333333
KJ:/crc/c: 0.135197179 0.864802821 0.000000000
KJ:/crc/crr: 0.000000000 0.999981508 0.000018492
KJ:/crc/r: 0.000020287 0.809811215 0.190168498
KJ:/crrc/c: 0.440696894 0.559303106 0.000000000
KJ:/crrc/crr: 0.000000000 0.910280380 0.089719620
KJ:/crrc/r: 0.071628898 0.773128634 0.155242468
KJ:/rc/c: 0.441289539 0.558710461 0.000000000
KJ:/rc/crr: 0.000000000 0.999991088 0.000008912
KJ:/rc/r: 0.046222415 0.777130540 0.176647045
KJ:/rrc/c: 0.408523444 0.591476556 0.000000000
KJ:/rrc/crr: 0.000000000 0.999992920 0.000007080
KJ:/rrc/r: 0.035202094 0.901648609 0.063149297
KK:/cc/c: 0.500000000 0.500000000 0.000000000
KK:/cc/crr: 0.000000000 0.500000000 0.500000000
KK:/cc/r: 0.333333333 0.333333333 0.333333333
KK:/crc/c: 0.999995000 0.000005000 0.000000000
KK:/crc/crr: 0.000000000 0.999997500 0.000002500
KK:/crc/r: 0.985249510 0.014747156 0.000003333
KK:/crrc/c: 0.999997500 0.000002500 0.000000000
KK:/crrc/crr: 0.000000000 0.999998750 0.000001250
KK:/crrc/r: 0.999916422 0.000081912 0.000001667
KK:/rc/c: 0.999992134 0.000007866 0.000000000
KK:/rc/crr: 0.000000000 0.999996067 0.000003933
KK:/rc/r: 0.999970048 0.000024708 0.000005244
KK:/rrc/c: 0.999994215 0.000005785 0.000000000
KK:/rrc/crr: 0.000000000 0.999997108 0.000002892
KK:/rrc/r: 0.999412783 0.000583360 0.000003857
KQ:/cc/c: 0.500000000 0.500000000 0.000000000
KQ:/cc/crr: 0.000000000 0.500000000 0.500000000
KQ:/cc/r: 0.333333333 0.333333333 0.333333333
KQ:/crc/c: 0.270879097 0.729120903 0.000000000
KQ:/crc/crr: 0.000000000 0.001781934 0.998218066
KQ:/crc/r: 0.000015011 0.446905760 0.553079230
KQ:/crrc/c: 0.629620873 0.370379127 0.000000000
KQ:/crrc/crr: 0.000000000 0.403574319 0.596425681
KQ:/crrc/r: 0.000046045 0.783951647 0.216002308
KQ:/rc/c: 0.000039849 0.999960151 0.000000000
KQ:/rc/crr: 0.000000000 0.901306302 0.098693698
KQ:/rc/r: 0.000010537 0.303843990 0.696145472
KQ:/rrc/c: 0.478497152 0.521502848 0.000000000
KQ:/rrc/crr: 0.000000000 0.491219809 0.508780191
KQ:/rrc/r: 0.009347602 0.672653835 0.317998564
Q:/c: 0.849874657 0.150125343 0.000000000
Q:/crr: 0.000000000 0.999994117 0.000005883
Q:/r: 0.352304013 0.647679071 0.000016916
QJ:/cc/c: 0.000184359 0.999815641 0.000000000
QJ:/cc/crr: 0.000000000 0.090327752 0.909672248
QJ:/cc/r: 0.000022204 0.000022204 0.999955593
QJ:/crc/c: 0.433560741 0.566439259 0.000000000
QJ:/crc/crr: 0.000000000 0.000070685 0.999929315
QJ:/crc/r: 0.000089254 0.000003922 0.999906824
QJ:/crrc/c: 0.000002942 0.999997058 0.000000000
QJ:/crrc/crr: 0.000000000 0.500000000 0.500000000
QJ:/crrc/r: 0.004003899 0.000001961 0.995994140
QJ:/rc/c: 0.000005147 0.999994853 0.000000000
QJ:/rc/crr: 0.000000000 0.500000000 0.500000000
QJ:/rc/r: 0.004833959 0.000003431 0.995162610
QJ:/rrc/c: 0.000009462 0.999990538 0.000000000
QJ:/rrc/crr: 0.000000000 0.500000000 0.500000000
QJ:/rrc/r: 0.000071864 0.000006308 0.999921829
QK:/cc/c: 0.000177701 0.999822299 0.000000000
QK:/cc/crr: 0.000000000 0.906287849 0.093712151
QK:/cc/r: 0.000043059 0.733539260 0.266417681
QK:/crc/c: 0.261833817 0.738166183 0.000000000
QK:/crc/crr: 0.000000000 0.000885795 0.999114205
QK:/crc/r: 0.000023818 0.444027152 0.555949029
QK:/crrc/c: 0.000202360 0.999797640 0.000000000
QK:/crrc/crr: 0.000000000 0.992731704 0.007268296
QK:/crrc/r: 0.000028482 0.274384775 0.725586744
QK:/rc/c: 0.358800415 0.641199585 0.000000000
QK:/rc/crr: 0.000000000 0.000158337 0.999841663
QK:/rc/r: 0.000005974 0.298111608 0.701882417
QK:/rrc/c: 0.433034840 0.566965160 0.000000000
QK:/rrc/crr: 0.000000000 0.069532421 0.930467579
QK:/rrc/r: 0.000050876 0.522524104 0.477425021
QQ:/cc/c: 0.999966694 0.000033306 0.000000000
QQ:/cc/crr: 0.000000000 0.999983347 0.000016653
QQ:/cc/r: 0.998400731 0.001577065 0.000022204
QQ:/crc/c: 0.999994117 0.000005883 0.000000000
QQ:/crc/crr: 0.000000000 0.999997058 0.000002942
QQ:/crc/r: 0.999940681 0.000055397 0.000003922
QQ:/crrc/c: 0.999997058 0.000002942 0.000000000
QQ:/crrc/crr: 0.000000000 0.999998529 0.000001471
QQ:/crrc/r: 0.999519593 0.000478446 0.000001961
QQ:/rc/c: 0.999994853 0.000005147 0.000000000
QQ:/rc/crr: 0.000000000 0.999997427 0.000002573
QQ:/rc/r: 0.999992885 0.000003684 0.000003431
QQ:/rrc/c: 0.999990538 0.000009462 0.000000000
QQ:/rrc/crr: 0.000000000 0.999995269 0.000004731
QQ:/rrc/r: 0.999961555 0.000032138 0.000006308
