J:/c: 0.299487381 0.700512619 0.000000000
J:/crr: 0.000000000 0.999983305 0.000016695
J:/r: 0.056456660 0.128632639 0.814910701
JJ:/cc/c: 0.999992862 0.000007138 0.000000000
JJ:/cc/crr: 0.000000000 0.999996431 0.000003569
JJ:/cc/r: 0.999990483 0.000004758 0.000004758
JJ:/crc/c: 0.999983305 0.000016695 0.000000000
JJ:/crc/crr: 0.000000000 0.999991652 0.000008348
JJ:/crc/r: 0.999754350 0.000234520 0.000011130
JJ:/crrc/c: 0.999991652 0.000008348 0.000000000
JJ:/crrc/crr: 0.000000000 0.999995826 0.000004174
JJ:/crrc/r: 0.999969750 0.000024685 0.000005565
JJ:/rc/c: 0.999974086 0.000025914 0.000000000
JJ:/rc/crr: 0.000000000 0.999987043 0.000012957
JJ:/rc/r: 0.999914720 0.000068004 0.000017276
JJ:/rrc/c: 0.999940958 0.000059042 0.000000000
JJ:/rrc/crr: 0.000000000 0.999970477 0.000029523
JJ:/rrc/r: 0.999895482 0.000065156 0.000039362
JK:/cc/c: 0.005967652 0.994032348 0.000000000
JK:/cc/crr: 0.000000000 0.000598027 0.999401973
JK:/cc/r: 0.000004758 0.000004758 0.999990483
JK:/crc/c: 0.532269594 0.467730406 0.000000000
JK:/crc/crr: 0.000000000 0.000015683 0.999984317
JK:/crc/r: 0.011602917 0.000011130 0.988385953
JK:/crrc/c: 0.313122876 0.686877124 0.000000000
JK:/crrc/crr: 0.000000000 0.000013330 0.999986670
JK:/crrc/r: 0.212461290 0.000005565 0.787533145
JK:/rc/c: 0.369811454 0.630188546 0.000000000
JK:/rc/crr: 0.000000000 0.000035036 0.999964964
JK:/rc/r: 0.357583639 0.000017276 0.642399085
JK:/rrc/c: 0.999940958 0.000059042 0.000000000
JK:/rrc/crr: 0.000000000 0.000029523 0.999970477
JK:/rrc/r: 0.317904706 0.000039362 0.682055933
JQ:/cc/c: 0.070556415 0.929443585 0.000000000
JQ:/cc/crr: 0.000000000 0.000050581 0.999949419
JQ:/cc/r: 0.035367958 0.000004758 0.964627284
JQ:/crc/c: 0.573605126 0.426394874 0.000000000
JQ:/crc/crr: 0.000000000 0.000014553 0.999985447
JQ:/crc/r: 0.000109759 0.000011130 0.999879111
JQ:/crrc/c: 0.044625597 0.955374403 0.000000000
JQ:/crrc/crr: 0.000000000 0.000093531 0.999906469
JQ:/crrc/r: 0.262250139 0.000005565 0.737744296
JQ:/rc/c: 0.999236415 0.000763585 0.000000000
JQ:/rc/crr: 0.000000000 0.000012967 0.999987033
JQ:/rc/r: 0.000017276 0.000017276 0.999965449
JQ:/rrc/c: 0.003747784 0.996252216 0.000000000
JQ:/rrc/crr: 0.000000000 0.007876966 0.992123034
JQ:/rrc/r: 0.399018440 0.000039362 0.600942198
K:/c: 0.999990000 0.000010000 0.000000000
K:/crr: 0.000000000 0.999995000 0.000005000
K:/r: 0.582487564 0.417505769 0.000006667
KJ:/cc/c: 0.500000000 0.500000000 0.000000000
KJ:/cc/crr: 0.000000000 0.500000000 0.500000000
KJ:/cc/r: 0.333333333 0.333333333 0.333333333
KJ:/crc/c: 0.130536516 0.869463484 0.000000000
KJ:/crc/crr: 0.000000000 0.999980848 0.000019152
KJ:/crc/r: 0.000038824 0.745622887 0.254338289
KJ:/crrc/c: 0.434662033 0.565337967 0.000000000
KJ:/crrc/crr: 0.000000000 0.999997124 0.000002876
KJ:/crrc/r: 0.000012679 0.898342456 0.101644865
KJ:/rc/c: 0.408543774 0.591456226 0.000000000
KJ:/rc/crr: 0.000000000 0.570912015 0.429087985
KJ:/rc/r: 0.046832770 0.735416671 0.217750558
KJ:/rrc/c: 0.310528826 0.689471174 0.000000000
KJ:/rrc/crr: 0.000000000 0.999990786 0.000009214
KJ:/rrc/r: 0.034482185 0.917956639 0.047561176
KK:/cc/c: 0.500000000 0.500000000 0.000000000
KK:/cc/crr: 0.000000000 0.500000000 0.500000000
KK:/cc/r: 0.333333333 0.333333333 0.333333333
KK:/crc/c: 0.999995000 0.000005000 0.000000000
KK:/crc/crr: 0.000000000 0.999997500 0.000002500
KK:/crc/r: 0.967928461 0.032068206 0.000003333
KK:/crrc/c: 0.999997500 0.000002500 0.000000000
KK:/crrc/crr: 0.000000000 0.999998750 0.000001250
KK:/crrc/r: 0.999968847 0.000029486 0.000001667
KK:/rc/c: 0.999992016 0.000007984 0.000000000
KK:/rc/crr: 0.000000000 0.999996008 0.000003992
KK:/rc/r: 0.999979786 0.000014891 0.000005323
KK:/rrc/c: 0.999994277 0.000005723 0.000000000
KK:/rrc/crr: 0.000000000 0.999997139 0.000002861
KK:/rrc/r: 0.999627256 0.000368929 0.000003815
KQ:/cc/c: 0.500000000 0.500000000 0.000000000
KQ:/cc/crr: 0.000000000 0.500000000 0.500000000
KQ:/cc/r: 0.333333333 0.333333333 0.333333333
KQ:/crc/c: 0.003149026 0.996850974 0.000000000
KQ:/crc/crr: 0.000000000 0.044023504 0.955976496
KQ:/crc/r: 0.000019404 0.452637948 0.547342647
KQ:/crrc/c: 0.603224058 0.396775942 0.000000000
KQ:/crrc/crr: 0.000000000 0.388113482 0.611886518
KQ:/crrc/r: 0.019692085 0.661291410 0.319016504
KQ:/rc/c: 0.000043372 0.999956628 0.000000000
KQ:/rc/crr: 0.000000000 0.907959504 0.092040496
KQ:/rc/r: 0.000017321 0.310805449 0.689177229
KQ:/rrc/c: 0.500541607 0.499458393 0.000000000
KQ:/rrc/crr: 0.000000000 0.537444787 0.462555213
KQ:/rrc/r: 0.079876949 0.543197298 0.376925753
Q:/c: 0.846886455 0.153113545 0.000000000
Q:/crr: 0.000000000 0.999994096 0.000005904
Q:/r: 0.357893280 0.642084295 0.000022425
QJ:/cc/c: 0.000032656 0.999967344 0.000000000
QJ:/cc/crr: 0.000000000 0.500000000 0.500000000
QJ:/cc/r: 0.000021770 0.000021770 0.999956459
QJ:/crc/c: 0.406026409 0.593973591 0.000000000
QJ:/crc/crr: 0.000000000 0.000062758 0.999937242
QJ:/crc/r: 0.000003936 0.000003936 0.999992128
QJ:/crrc/c: 0.000002952 0.999997048 0.000000000
QJ:/crrc/crr: 0.000000000 0.500000000 0.500000000
QJ:/crrc/r: 0.023027869 0.000001968 0.976970163
QJ:/rc/c: 0.000054771 0.999945229 0.000000000
QJ:/rc/crr: 0.000000000 0.047392221 0.952607779
QJ:/rc/r: 0.003836180 0.000003461 0.996160359
QJ:/rrc/c: 0.000009314 0.999990686 0.000000000
QJ:/rrc/crr: 0.000000000 0.500000000 0.500000000
QJ:/rrc/r: 0.000090302 0.000006209 0.999903489
QK:/cc/c: 0.360754716 0.639245284 0.000000000
QK:/cc/crr: 0.000000000 0.999954740 0.000045260
QK:/cc/r: 0.000085784 0.727702408 0.272211809
QK:/crc/c: 0.331133902 0.668866098 0.000000000
QK:/crc/crr: 0.000000000 0.005652828 0.994347172
QK:/crc/r: 0.000043739 0.505523734 0.494432527
QK:/crrc/c: 0.307805241 0.692194759 0.000000000
QK:/crrc/crr: 0.000000000 0.000405501 0.999594499
QK:/crrc/r: 0.000039101 0.289919032 0.710041867
QK:/rc/c: 0.362380993 0.637619007 0.000000000
QK:/rc/crr: 0.000000000 0.000162609 0.999837391
QK:/rc/r: 0.000005909 0.316818496 0.683175595
QK:/rrc/c: 0.429974881 0.570025119 0.000000000
QK:/rrc/crr: 0.000000000 0.000524791 0.999475209
QK:/rrc/r: 0.000077330 0.480076962 0.519845708
QQ:/cc/c: 0.999967344 0.000032656 0.000000000
QQ:/cc/crr: 0.000000000 0.999983672 0.000016328
QQ:/cc/r: 0.999695214 0.000283016 0.000021770
QQ:/crc/c: 0.999994096 0.000005904 0.000000000
QQ:/crc/crr: 0.000000000 0.999997048 0.000002952
QQ:/crc/r: 0.999944450 0.000051614 0.000003936
QQ:/crrc/c: 0.999997048 0.000002952 0.000000000
QQ:/crrc/crr: 0.000000000 0.999998524 0.000001476
QQ:/crrc/r: 0.999986964 0.000011068 0.000001968
QQ:/rc/c: 0.999994809 0.000005191 0.000000000
QQ:/rc/crr: 0.000000000 0.999997404 0.000002596
QQ:/rc/r: 0.963251108 0.036745431 0.000003461
QQ:/rrc/c: 0.999990686 0.000009314 0.000000000
QQ:/rrc/crr: 0.000000000 0.999995343 0.000004657
QQ:/rrc/r: 0.999947640 0.000046151 0.000006209
