J:/: 0.075534409 0.924465591 0.000000000
J:/cr: 0.017923584 0.034633087 0.947443329
J:/rr: 0.000000000 0.999933805 0.000066195
JJ:/cc/: 0.000267822 0.999732178 0.000000000
JJ:/cc/cr: 0.999996393 0.000001803 0.000001803
JJ:/cc/rr: 0.000000000 0.989902743 0.010097257
JJ:/crc/: 0.990824341 0.009175659 0.000000000
JJ:/crc/cr: 0.996217854 0.001891073 0.001891073
JJ:/crc/rr: 0.000000000 0.999973731 0.000026269
JJ:/crrc/: 0.993440026 0.006559974 0.000000000
JJ:/crrc/cr: 0.989777908 0.005111046 0.005111046
JJ:/crrc/rr: 0.000000000 0.999949375 0.000050625
JJ:/rc/: 0.939392668 0.060607332 0.000000000
JJ:/rc/cr: 0.999271870 0.000364065 0.000364065
JJ:/rc/rr: 0.000000000 0.999964767 0.000035233
JJ:/rrc/: 0.996988817 0.003011183 0.000000000
JJ:/rrc/cr: 0.992671831 0.003664084 0.003664084
JJ:/rrc/rr: 0.000000000 0.999983400 0.000016600
JK:/cc/: 0.076407290 0.923592710 0.000000000
JK:/cc/cr: 0.000055468 0.000001952 0.999942580
JK:/cc/rr: 0.000000000 0.000035393 0.999964607
JK:/crc/: 0.054008539 0.945991461 0.000000000
JK:/crc/cr: 0.008678573 0.000018342 0.991303084
JK:/crc/rr: 0.000000000 0.000481919 0.999518081
JK:/crrc/: 0.999899415 0.000100585 0.000000000
JK:/crrc/cr: 0.333333333 0.333333333 0.333333333
JK:/crrc/rr: 0.000000000 0.000050298 0.999949702
JK:/rc/: 0.997673934 0.002326066 0.000000000
JK:/rc/cr: 0.870636647 0.009485974 0.119877379
JK:/rc/rr: 0.000000000 0.000033175 0.999966825
JK:/rrc/: 0.535101656 0.464898344 0.000000000
JK:/rrc/cr: 0.887828468 0.000023733 0.112147799
JK:/rrc/rr: 0.000000000 0.000030928 0.999969072
JQ:/cc/: 0.176672556 0.823327444 0.000000000
JQ:/cc/cr: 0.000002673 0.000002190 0.999995137
JQ:/cc/rr: 0.000000000 0.000015307 0.999984693
JQ:/crc/: 0.994255202 0.005744798 0.000000000
JQ:/crc/cr: 0.007357027 0.003020444 0.989622529
JQ:/crc/rr: 0.000000000 0.000026178 0.999973822
JQ:/crrc/: 0.012056034 0.987943966 0.000000000
JQ:/crrc/cr: 0.156992473 0.000033937 0.842973589
JQ:/crrc/rr: 0.000000000 0.004171562 0.995828438
JQ:/rc/: 0.995710185 0.004289815 0.000000000
JQ:/rc/cr: 0.005143579 0.005143579 0.989712843
JQ:/rc/rr: 0.000000000 0.000033240 0.999966760
JQ:/rrc/: 0.134737450 0.865262550 0.000000000
JQ:/rrc/cr: 0.000090210 0.000012751 0.999897038
JQ:/rrc/rr: 0.000000000 0.000122830 0.999877170
K:/: 0.753132135 0.246867865 0.000000000
K:/cr: 0.682456247 0.317530251 0.000013502
K:/rr: 0.000000000 0.999993361 0.000006639
KJ:/cc/: 0.000048144 0.999951856 0.000000000
KJ:/cc/cr: 0.000047968 0.000010539 0.999941493
KJ:/cc/rr: 0.000000000 0.789656141 0.210343859
KJ:/crc/: 0.000048127 0.999951873 0.000000000
KJ:/crc/cr: 0.000028871 0.999964041 0.000007088
KJ:/crc/rr: 0.000000000 0.779106031 0.220893969
KJ:/crrc/: 0.024082167 0.975917833 0.000000000
KJ:/crrc/cr: 0.000262710 0.997396697 0.002340594
KJ:/crrc/rr: 0.000000000 0.267146719 0.732853281
KJ:/rc/: 0.079670204 0.920329796 0.000000000
KJ:/rc/cr: 0.012608952 0.963236393 0.024154655
KJ:/rc/rr: 0.000000000 0.455363664 0.544636336
KJ:/rrc/: 0.096840466 0.903159534 0.000000000
KJ:/rrc/cr: 0.000402178 0.999240596 0.000357226
KJ:/rrc/rr: 0.000000000 0.578731786 0.421268214
KK:/cc/: 0.999248907 0.000751093 0.000000000
KK:/cc/cr: 0.982022857 0.008988572 0.008988572
KK:/cc/rr: 0.000000000 0.999989866 0.000010134
KK:/crc/: 0.109902211 0.890097789 0.000000000
KK:/crc/cr: 0.999984075 0.000007962 0.000007962
KK:/crc/rr: 0.000000000 0.999903270 0.000096730
KK:/crrc/: 0.990005451 0.009994549 0.000000000
KK:/crrc/cr: 0.999340135 0.000329932 0.000329932
KK:/crrc/rr: 0.000000000 0.999995004 0.000004996
KK:/rc/: 0.830852162 0.169147838 0.000000000
KK:/rc/cr: 0.999973834 0.000013083 0.000013083
KK:/rc/rr: 0.000000000 0.999996005 0.000003995
KK:/rrc/: 0.537505474 0.462494526 0.000000000
KK:/rrc/cr: 0.999995215 0.000002392 0.000002392
KK:/rrc/rr: 0.000000000 0.999996912 0.000003088
KQ:/cc/: 0.000200335 0.999799665 0.000000000
KQ:/cc/cr: 0.000040265 0.435020817 0.564938918
KQ:/cc/rr: 0.000000000 0.949450185 0.050549815
KQ:/crc/: 0.839849332 0.160150668 0.000000000
KQ:/crc/cr: 0.000315335 0.504330043 0.495354622
KQ:/crc/rr: 0.000000000 0.000022006 0.999977994
KQ:/crrc/: 0.026654831 0.973345169 0.000000000
KQ:/crrc/cr: 0.011909755 0.692044297 0.296045948
KQ:/crrc/rr: 0.000000000 0.403629536 0.596370464
KQ:/rc/: 0.000098172 0.999901828 0.000000000
KQ:/rc/cr: 0.000023820 0.489738224 0.510237956
KQ:/rc/rr: 0.000000000 0.098116455 0.901883545
KQ:/rrc/: 0.704737080 0.295262920 0.000000000
KQ:/rrc/cr: 0.025493065 0.903926439 0.070580496
KQ:/rrc/rr: 0.000000000 0.391465008 0.608534992
Q:/: 0.745413889 0.254586111 0.000000000
Q:/cr: 0.157456493 0.841733582 0.000809924
Q:/rr: 0.000000000 0.999993292 0.000006708
QJ:/cc/: 0.000019640 0.999980360 0.000000000
QJ:/cc/cr: 0.000006547 0.000006547 0.999986907
QJ:/cc/rr: 0.000000000 0.500000000 0.500000000
QJ:/crc/: 0.029317142 0.970682858 0.000000000
QJ:/crc/cr: 0.000338048 0.000002671 0.999659281
QJ:/crc/rr: 0.000000000 0.000132644 0.999867356
QJ:/crrc/: 0.037876395 0.962123605 0.000000000
QJ:/crrc/cr: 0.000075484 0.000014405 0.999910111
QJ:/crrc/rr: 0.000000000 0.000548851 0.999451149
QJ:/rc/: 0.006594925 0.993405075 0.000000000
QJ:/rc/cr: 0.000002251 0.000002251 0.999995499
QJ:/rc/rr: 0.000000000 0.000508549 0.999491451
QJ:/rrc/: 0.000003354 0.999996646 0.000000000
QJ:/rrc/cr: 0.000001118 0.000001118 0.999997764
QJ:/rrc/rr: 0.000000000 0.500000000 0.500000000
QK:/cc/: 0.491203470 0.508796530 0.000000000
QK:/cc/cr: 0.003868036 0.996097842 0.000034122
QK:/cc/rr: 0.000000000 0.999980009 0.000019991
QK:/crc/: 0.009473263 0.990526737 0.000000000
QK:/crc/cr: 0.000002817 0.554044704 0.445952478
QK:/crc/rr: 0.000000000 0.000416774 0.999583226
QK:/crrc/: 0.949810104 0.050189896 0.000000000
QK:/crrc/cr: 0.000276131 0.637967384 0.361756484
QK:/crrc/rr: 0.000000000 0.000610120 0.999389880
QK:/rc/: 0.441988927 0.558011073 0.000000000
QK:/rc/cr: 0.019916648 0.519068613 0.461014740
QK:/rc/rr: 0.000000000 0.209816717 0.790183283
QK:/rrc/: 0.125749112 0.874250888 0.000000000
QK:/rrc/cr: 0.000001279 0.298748545 0.701250176
QK:/rrc/rr: 0.000000000 0.000540310 0.999459690
QQ:/cc/: 0.525633458 0.474366542 0.000000000
QQ:/cc/cr: 0.999972399 0.000013801 0.000013801
QQ:/cc/rr: 0.000000000 0.999981318 0.000018682
QQ:/crc/: 0.979619495 0.020380505 0.000000000
QQ:/crc/cr: 0.999745591 0.000127205 0.000127205
QQ:/crc/rr: 0.000000000 0.999996030 0.000003970
QQ:/crrc/: 0.143352195 0.856647805 0.000000000
QQ:/crrc/cr: 0.999967644 0.000016178 0.000016178
QQ:/crrc/rr: 0.000000000 0.999854983 0.000145017
QQ:/rc/: 0.508972469 0.491027531 0.000000000
QQ:/rc/cr: 0.999990459 0.000004987 0.000004554
QQ:/rc/rr: 0.000000000 0.999993411 0.000006589
QQ:/rrc/: 0.987136221 0.012863779 0.000000000
QQ:/rrc/cr: 0.999826186 0.000086907 0.000086907
QQ:/rrc/rr: 0.000000000 0.999998301 0.000001699
