J:/c: 0.294159645 0.705840355 0.000000000
J:/crr: 0.000000000 0.999983002 0.000016998
J:/r: 0.055539184 0.126296301 0.818164515
JJ:/cc/c: 0.999992916 0.000007084 0.000000000
JJ:/cc/crr: 0.000000000 0.999996458 0.000003542
JJ:/cc/r: 0.999986758 0.000008519 0.000004723
JJ:/crc/c: 0.999983002 0.000016998 0.000000000
JJ:/crc/crr: 0.000000000 0.999991501 0.000008499
JJ:/crc/r: 0.999977220 0.000011448 0.000011332
JJ:/crrc/c: 0.999991501 0.000008499 0.000000000
JJ:/crrc/crr: 0.000000000 0.999995750 0.000004250
JJ:/crrc/r: 0.999988668 0.000005666 0.000005666
JJ:/rc/c: 0.999973607 0.000026393 0.000000000
JJ:/rc/crr: 0.000000000 0.999986803 0.000013197
JJ:/rc/r: 0.999961943 0.000020462 0.000017595
JJ:/rrc/c: 0.999939982 0.000060018 0.000000000
JJ:/rrc/crr: 0.000000000 0.999969989 0.000030011
JJ:/rrc/r: 0.999774982 0.000185006 0.000040012
JK:/cc/c: 0.004820319 0.995179681 0.000000000
JK:/cc/crr: 0.000000000 0.000734781 0.999265219
JK:/cc/r: 0.000013886 0.000004723 0.999981392
JK:/crc/c: 0.544665424 0.455334576 0.000000000
JK:/crc/crr: 0.000000000 0.000015604 0.999984396
JK:/crc/r: 0.010902973 0.000011332 0.989085696
JK:/crrc/c: 0.438842915 0.561157085 0.000000000
JK:/crrc/crr: 0.000000000 0.000009683 0.999990317
JK:/crrc/r: 0.174441400 0.000005666 0.825552934
JK:/rc/c: 0.385297265 0.614702735 0.000000000
JK:/rc/crr: 0.000000000 0.000034250 0.999965750
JK:/rc/r: 0.364905659 0.000017595 0.635076745
JK:/rrc/c: 0.999794157 0.000205843 0.000000000
JK:/rrc/crr: 0.000000000 0.000030015 0.999969985
JK:/rrc/r: 0.306937517 0.000040012 0.693022471
JQ:/cc/c: 0.070048360 0.929951640 0.000000000
JQ:/cc/crr: 0.000000000 0.000050563 0.999949437
JQ:/cc/r: 0.036919900 0.000004723 0.963075377
JQ:/crc/c: 0.381161359 0.618838641 0.000000000
JQ:/crc/crr: 0.000000000 0.000022297 0.999977703
JQ:/crc/r: 0.065426912 0.000011332 0.934561756
JQ:/crrc/c: 0.097715191 0.902284809 0.000000000
JQ:/crrc/crr: 0.000000000 0.000043488 0.999956512
JQ:/crrc/r: 0.263144077 0.000005666 0.736850257
JQ:/rc/c: 0.993513791 0.006486209 0.000000000
JQ:/rc/crr: 0.000000000 0.000013283 0.999986717
JQ:/rc/r: 0.000017595 0.000017595 0.999964809
JQ:/rrc/c: 0.011325623 0.988674377 0.000000000
JQ:/rrc/crr: 0.000000000 0.002649642 0.997350358
JQ:/rrc/r: 0.433383651 0.000040012 0.566576337
K:/c: 0.999969474 0.000030526 0.000000000
K:/crr: 0.000000000 0.999995000 0.000005000
K:/r: 0.586229383 0.413763951 0.000006667
KJ:/cc/c: 0.384653596 0.615346404 0.000000000
KJ:/cc/crr: 0.000000000 0.787090056 0.212909944
KJ:/cc/r: 0.532633322 0.226221915 0.241144763
KJ:/crc/c: 0.119922712 0.880077288 0.000000000
KJ:/crc/crr: 0.000000000 0.999979153 0.000020847
KJ:/crc/r: 0.000088833 0.730883009 0.269028158
KJ:/crrc/c: 0.463944798 0.536055202 0.000000000
KJ:/crrc/crr: 0.000000000 0.999997306 0.000002694
KJ:/crrc/r: 0.063871526 0.775385537 0.160742938
KJ:/rc/c: 0.485794754 0.514205246 0.000000000
KJ:/rc/crr: 0.000000000 0.715054866 0.284945134
KJ:/rc/r: 0.070133002 0.701502195 0.228364803
KJ:/rrc/c: 0.210476049 0.789523951 0.000000000
KJ:/rrc/crr: 0.000000000 0.999532858 0.000467142
KJ:/rrc/r: 0.059659653 0.861987242 0.078353105
KK:/cc/c: 0.836206849 0.163793151 0.000000000
KK:/cc/crr: 0.000000000 0.902061822 0.097938178
KK:/cc/r: 0.573510014 0.317294552 0.109195434
KK:/crc/c: 0.999995000 0.000005000 0.000000000
KK:/crc/crr: 0.000000000 0.999997500 0.000002500
KK:/crc/r: 0.903299579 0.096697087 0.000003333
KK:/crrc/c: 0.999997500 0.000002500 0.000000000
KK:/crrc/crr: 0.000000000 0.999998750 0.000001250
KK:/crrc/r: 0.999971938 0.000026395 0.000001667
KK:/rc/c: 0.999991944 0.000008056 0.000000000
KK:/rc/crr: 0.000000000 0.999995972 0.000004028
KK:/rc/r: 0.999978296 0.000016333 0.000005371
KK:/rrc/c: 0.999994314 0.000005686 0.000000000
KK:/rrc/crr: 0.000000000 0.999997157 0.000002843
KK:/rrc/r: 0.999900357 0.000095852 0.000003791
KQ:/cc/c: 0.836206849 0.163793151 0.000000000
KQ:/cc/crr: 0.000000000 0.902061822 0.097938178
KQ:/cc/r: 0.530118451 0.353387857 0.116493692
KQ:/crc/c: 0.264876745 0.735123255 0.000000000
KQ:/crc/crr: 0.000000000 0.177548243 0.822451757
KQ:/crc/r: 0.000047062 0.431839591 0.568113347
KQ:/crrc/c: 0.525710262 0.474289738 0.000000000
KQ:/crrc/crr: 0.000000000 0.455522270 0.544477730
KQ:/crrc/r: 0.000005204 0.632850521 0.367144276
KQ:/rc/c: 0.000514003 0.999485997 0.000000000
KQ:/rc/crr: 0.000000000 0.057941204 0.942058796
KQ:/rc/r: 0.000024106 0.303566586 0.696409308
KQ:/rrc/c: 0.513680154 0.486319846 0.000000000
KQ:/rrc/crr: 0.000000000 0.493304972 0.506695028
KQ:/rrc/r: 0.078547252 0.541913159 0.379539589
Q:/c: 0.852786043 0.147213957 0.000000000
Q:/crr: 0.000000000 0.999994137 0.000005863
Q:/r: 0.371365933 0.628582730 0.000051336
QJ:/cc/c: 0.000201306 0.999798694 0.000000000
QJ:/cc/crr: 0.000000000 0.084359456 0.915640544
QJ:/cc/r: 0.000027050 0.000022643 0.999950307
QJ:/crc/c: 0.459439254 0.540560746 0.000000000
QJ:/crc/crr: 0.000000000 0.014830320 0.985169680
QJ:/crc/r: 0.000003909 0.000003909 0.999992182
QJ:/crrc/c: 0.000002932 0.999997068 0.000000000
QJ:/crrc/crr: 0.000000000 0.500000000 0.500000000
QJ:/crrc/r: 0.011413013 0.000001954 0.988585032
QJ:/rc/c: 0.000133705 0.999866295 0.000000000
QJ:/rc/crr: 0.000000000 0.019830668 0.980169332
QJ:/rc/r: 0.008201644 0.000003535 0.991794821
QJ:/rrc/c: 0.000212089 0.999787911 0.000000000
QJ:/rrc/crr: 0.000000000 0.040260134 0.959739866
QJ:/rrc/r: 0.000071861 0.000005984 0.999922155
QK:/cc/c: 0.078095425 0.921904575 0.000000000
QK:/cc/crr: 0.000000000 0.999782547 0.000217453
QK:/cc/r: 0.000313321 0.734317424 0.265369255
QK:/crc/c: 0.321523526 0.678476474 0.000000000
QK:/crc/crr: 0.000000000 0.000842758 0.999157242
QK:/crc/r: 0.000204413 0.492976873 0.506818713
QK:/crrc/c: 0.162418079 0.837581921 0.000000000
QK:/crrc/crr: 0.000000000 0.002757283 0.997242717
QK:/crrc/r: 0.000032117 0.284593293 0.715374590
QK:/rc/c: 0.362877591 0.637122409 0.000000000
QK:/rc/crr: 0.000000000 0.000481546 0.999518454
QK:/rc/r: 0.000009000 0.307777384 0.692213616
QK:/rrc/c: 0.427958276 0.572041724 0.000000000
QK:/rrc/crr: 0.000000000 0.077248324 0.922751676
QK:/rrc/r: 0.000073770 0.515682516 0.484243714
QQ:/cc/c: 0.999966036 0.000033964 0.000000000
QQ:/cc/crr: 0.000000000 0.999983017 0.000016983
QQ:/cc/r: 0.999934155 0.000043202 0.000022643
QQ:/crc/c: 0.999994137 0.000005863 0.000000000
QQ:/crc/crr: 0.000000000 0.999997068 0.000002932
QQ:/crc/r: 0.999885322 0.000110769 0.000003909
QQ:/crrc/c: 0.999997068 0.000002932 0.000000000
QQ:/crrc/crr: 0.000000000 0.999998534 0.000001466
QQ:/crrc/r: 0.999996091 0.000001954 0.000001954
QQ:/rc/c: 0.999994697 0.000005303 0.000000000
QQ:/rc/crr: 0.000000000 0.999997349 0.000002651
QQ:/rc/r: 0.999991958 0.000004506 0.000003535
QQ:/rrc/c: 0.999991024 0.000008976 0.000000000
QQ:/rrc/crr: 0.000000000 0.999995512 0.000004488
QQ:/rrc/r: 0.999961236 0.000032780 0.000005984
