J:/: 0.072137119 0.927862881 0.000000000
J:/cr: 0.019351924 0.031697445 0.948950631
J:/rr: 0.000000000 0.999930688 0.000069312
JJ:/cc/: 0.000286790 0.999713210 0.000000000
JJ:/cc/cr: 0.999996406 0.000001797 0.000001797
JJ:/cc/rr: 0.000000000 0.990605088 0.009394912
JJ:/crc/: 0.916758667 0.083241333 0.000000000
JJ:/crc/cr: 0.999546152 0.000226924 0.000226924
JJ:/crc/rr: 0.000000000 0.999969093 0.000030907
JJ:/crrc/: 0.960318124 0.039681876 0.000000000
JJ:/crrc/cr: 0.998440601 0.000779700 0.000779700
JJ:/crrc/rr: 0.000000000 0.999951672 0.000048328
JJ:/rc/: 0.926795481 0.073204519 0.000000000
JJ:/rc/cr: 0.999368778 0.000315611 0.000315611
JJ:/rc/rr: 0.000000000 0.999962606 0.000037394
JJ:/rrc/: 0.998780838 0.001219162 0.000000000
JJ:/rrc/cr: 0.981047842 0.009476079 0.009476079
JJ:/rrc/rr: 0.000000000 0.999982650 0.000017350
JK:/cc/: 0.081270826 0.918729174 0.000000000
JK:/cc/cr: 0.000157985 0.000001955 0.999840060
JK:/cc/rr: 0.000000000 0.000033153 0.999966847
JK:/crc/: 0.058876178 0.941123822 0.000000000
JK:/crc/cr: 0.033558323 0.000020071 0.966421605
JK:/crc/rr: 0.000000000 0.000481250 0.999518750
JK:/crrc/: 0.999907180 0.000092820 0.000000000
JK:/crrc/cr: 0.333333333 0.333333333 0.333333333
JK:/crrc/rr: 0.000000000 0.000046414 0.999953586
JK:/rc/: 0.994746778 0.005253222 0.000000000
JK:/rc/cr: 0.850447435 0.004398091 0.145154474
JK:/rc/rr: 0.000000000 0.000034839 0.999965161
JK:/rrc/: 0.544656099 0.455343901 0.000000000
JK:/rrc/cr: 0.928388665 0.000025372 0.071585963
JK:/rrc/rr: 0.000000000 0.000031817 0.999968183
JQ:/cc/: 0.148702262 0.851297738 0.000000000
JQ:/cc/cr: 0.000003407 0.000002110 0.999994483
JQ:/cc/rr: 0.000000000 0.000018119 0.999981881
JQ:/crc/: 0.991397179 0.008602821 0.000000000
JQ:/crc/cr: 0.043031669 0.002195728 0.954772603
JQ:/crc/rr: 0.000000000 0.000028580 0.999971420
JQ:/crrc/: 0.014720492 0.985279508 0.000000000
JQ:/crrc/cr: 0.162029214 0.000031402 0.837939383
JQ:/crrc/rr: 0.000000000 0.003152742 0.996847258
JQ:/rc/: 0.992376159 0.007623841 0.000000000
JQ:/rc/cr: 0.003030513 0.003030513 0.993938975
JQ:/rc/rr: 0.000000000 0.000034922 0.999965078
JQ:/rrc/: 0.128306370 0.871693630 0.000000000
JQ:/rrc/cr: 0.000083450 0.000013253 0.999903297
JQ:/rrc/rr: 0.000000000 0.000135062 0.999864938
K:/: 0.751303789 0.248696211 0.000000000
K:/cr: 0.724389384 0.275597213 0.000013403
K:/rr: 0.000000000 0.999993345 0.000006655
KJ:/cc/: 0.000039251 0.999960749 0.000000000
KJ:/cc/cr: 0.000052630 0.000014782 0.999932588
KJ:/cc/rr: 0.000000000 0.743894378 0.256105622
KJ:/crc/: 0.000414518 0.999585482 0.000000000
KJ:/crc/cr: 0.000474444 0.999517447 0.000008109
KJ:/crc/rr: 0.000000000 0.970668721 0.029331279
KJ:/crrc/: 0.064142508 0.935857492 0.000000000
KJ:/crrc/cr: 0.000003295 0.997516087 0.002480618
KJ:/crrc/rr: 0.000000000 0.614182680 0.385817320
KJ:/rc/: 0.070869379 0.929130621 0.000000000
KJ:/rc/cr: 0.004450573 0.976243709 0.019305718
KJ:/rc/rr: 0.000000000 0.356926210 0.643073790
KJ:/rrc/: 0.079068701 0.920931299 0.000000000
KJ:/rrc/cr: 0.000122318 0.999387553 0.000490129
KJ:/rrc/rr: 0.000000000 0.999978958 0.000021042
KK:/cc/: 0.997218386 0.002781614 0.000000000
KK:/cc/cr: 0.995181491 0.002409254 0.002409254
KK:/cc/rr: 0.000000000 0.999989920 0.000010080
KK:/crc/: 0.139689113 0.860310887 0.000000000
KK:/crc/cr: 0.999981157 0.000009422 0.000009422
KK:/crc/rr: 0.000000000 0.999912961 0.000087039
KK:/crrc/: 0.996567221 0.003432779 0.000000000
KK:/crrc/cr: 0.998203322 0.000898339 0.000898339
KK:/crrc/rr: 0.000000000 0.999995358 0.000004642
KK:/rc/: 0.814209842 0.185790158 0.000000000
KK:/rc/cr: 0.999976120 0.000011940 0.000011940
KK:/rc/rr: 0.000000000 0.999995913 0.000004087
KK:/rrc/: 0.516250414 0.483749586 0.000000000
KK:/rrc/cr: 0.999995414 0.000002293 0.000002293
KK:/rrc/rr: 0.000000000 0.999996777 0.000003223
KQ:/cc/: 0.000054983 0.999945017 0.000000000
KQ:/cc/cr: 0.000045051 0.451177511 0.548777438
KQ:/cc/rr: 0.000000000 0.817170791 0.182829209
KQ:/crc/: 0.913185795 0.086814205 0.000000000
KQ:/crc/cr: 0.000626812 0.605847830 0.393525358
KQ:/crc/rr: 0.000000000 0.000027653 0.999972347
KQ:/crrc/: 0.017330188 0.982669812 0.000000000
KQ:/crrc/cr: 0.026119087 0.670315756 0.303565157
KQ:/crrc/rr: 0.000000000 0.330992395 0.669007605
KQ:/rc/: 0.000183424 0.999816576 0.000000000
KQ:/rc/cr: 0.000005571 0.479001504 0.520992924
KQ:/rc/rr: 0.000000000 0.415797324 0.584202676
KQ:/rrc/: 0.724526916 0.275473084 0.000000000
KQ:/rrc/cr: 0.041728431 0.787363419 0.170908151
KQ:/rrc/rr: 0.000000000 0.401741610 0.598258390
Q:/: 0.760599621 0.239400379 0.000000000
Q:/cr: 0.182157579 0.816700559 0.001141862
Q:/rr: 0.000000000 0.999993426 0.000006574
QJ:/cc/: 0.000020886 0.999979114 0.000000000
QJ:/cc/cr: 0.000006962 0.000006962 0.999986076
QJ:/cc/rr: 0.000000000 0.500000000 0.500000000
QJ:/crc/: 0.029163593 0.970836407 0.000000000
QJ:/crc/cr: 0.002080957 0.000002927 0.997916116
QJ:/crc/rr: 0.000000000 0.000146147 0.999853853
QJ:/crrc/: 0.008477647 0.991522353 0.000000000
QJ:/crrc/cr: 0.000436690 0.000012849 0.999550462
QJ:/crrc/rr: 0.000000000 0.002254091 0.997745909
QJ:/rc/: 0.006948526 0.993051474 0.000000000
QJ:/rc/cr: 0.000002207 0.000002207 0.999995587
QJ:/rc/rr: 0.000000000 0.000473033 0.999526967
QJ:/rrc/: 0.000003287 0.999996713 0.000000000
QJ:/rrc/cr: 0.000001096 0.000001096 0.999997809
QJ:/rrc/rr: 0.000000000 0.500000000 0.500000000
QK:/cc/: 0.503468158 0.496531842 0.000000000
QK:/cc/cr: 0.109056075 0.890925768 0.000018158
QK:/cc/rr: 0.000000000 0.999979258 0.000020742
QK:/crc/: 0.014903294 0.985096706 0.000000000
QK:/crc/cr: 0.000002884 0.559099148 0.440897967
QK:/crc/rr: 0.000000000 0.000285989 0.999714011
QK:/crrc/: 0.945678498 0.054321502 0.000000000
QK:/crrc/cr: 0.000388032 0.618319773 0.381292195
QK:/crrc/rr: 0.000000000 0.000543608 0.999456392
QK:/rc/: 0.438944347 0.561055653 0.000000000
QK:/rc/cr: 0.010273973 0.525719673 0.464006354
QK:/rc/rr: 0.000000000 0.207480604 0.792519396
QK:/rrc/: 0.119699899 0.880300101 0.000000000
QK:/rrc/cr: 0.000001245 0.309061644 0.690937111
QK:/rrc/rr: 0.000000000 0.000645952 0.999354048
QQ:/cc/: 0.444497932 0.555502068 0.000000000
QQ:/cc/cr: 0.999974935 0.000012533 0.000012533
QQ:/cc/rr: 0.000000000 0.999976507 0.000023493
QQ:/crc/: 0.991781569 0.008218431 0.000000000
QQ:/crc/cr: 0.999308518 0.000345741 0.000345741
QQ:/crc/rr: 0.000000000 0.999995703 0.000004297
QQ:/crrc/: 0.116534567 0.883465433 0.000000000
QQ:/crrc/cr: 0.999971160 0.000014420 0.000014420
QQ:/crrc/rr: 0.000000000 0.999836020 0.000163980
QQ:/rc/: 0.473220972 0.526779028 0.000000000
QQ:/rc/cr: 0.999987208 0.000008632 0.000004160
QQ:/rc/rr: 0.000000000 0.999993054 0.000006946
QQ:/rrc/: 0.970311722 0.029688278 0.000000000
QQ:/rrc/cr: 0.999926191 0.000036905 0.000036905
QQ:/rrc/rr: 0.000000000 0.999998306 0.000001694
