J:/c: 0.294487250 0.705512750 0.000000000
J:/crr: 0.000000000 0.999983021 0.000016979
J:/r: 0.055058528 0.129131453 0.815810019
JJ:/cc/c: 0.999992913 0.000007087 0.000000000
JJ:/cc/crr: 0.000000000 0.999996456 0.000003544
JJ:/cc/r: 0.999982793 0.000012482 0.000004725
JJ:/crc/c: 0.999983021 0.000016979 0.000000000
JJ:/crc/crr: 0.000000000 0.999991511 0.000008489
JJ:/crc/r: 0.999977362 0.000011319 0.000011319
JJ:/crrc/c: 0.999991511 0.000008489 0.000000000
JJ:/crrc/crr: 0.000000000 0.999995755 0.000004245
JJ:/crrc/r: 0.999988681 0.000005660 0.000005660
JJ:/rc/c: 0.999974187 0.000025813 0.000000000
JJ:/rc/crr: 0.000000000 0.999987093 0.000012907
JJ:/rc/r: 0.999960751 0.000022040 0.000017209
JJ:/rrc/c: 0.999939458 0.000060542 0.000000000
JJ:/rrc/crr: 0.000000000 0.999969727 0.000030273
JJ:/rrc/r: 0.999751966 0.000207673 0.000040361
JK:/cc/c: 0.002557105 0.997442895 0.000000000
JK:/cc/crr: 0.000000000 0.001385756 0.998614244
JK:/cc/r: 0.000008794 0.000004725 0.999986482
JK:/crc/c: 0.515816471 0.484183529 0.000000000
JK:/crc/crr: 0.000000000 0.000016458 0.999983542
JK:/crc/r: 0.052623298 0.000011319 0.947365383
JK:/crrc/c: 0.477252324 0.522747676 0.000000000
JK:/crrc/crr: 0.000000000 0.000008894 0.999991106
JK:/crrc/r: 0.213946949 0.000005660 0.786047392
JK:/rc/c: 0.382334148 0.617665852 0.000000000
JK:/rc/crr: 0.000000000 0.000033758 0.999966242
JK:/rc/r: 0.359127165 0.000017209 0.640855626
JK:/rrc/c: 0.999700100 0.000299900 0.000000000
JK:/rrc/crr: 0.000000000 0.000030280 0.999969720
JK:/rrc/r: 0.309331764 0.000040361 0.690627875
JQ:/cc/c: 0.071042505 0.928957495 0.000000000
JQ:/cc/crr: 0.000000000 0.000049879 0.999950121
JQ:/cc/r: 0.033999093 0.000004725 0.965996182
JQ:/crc/c: 0.474005151 0.525994849 0.000000000
JQ:/crc/crr: 0.000000000 0.000017910 0.999982090
JQ:/crc/r: 0.068722617 0.000011319 0.931266064
JQ:/crrc/c: 0.043335493 0.956664507 0.000000000
JQ:/crrc/crr: 0.000000000 0.000097951 0.999902049
JQ:/crrc/r: 0.188698615 0.000005660 0.811295725
JQ:/rc/c: 0.992775890 0.007224110 0.000000000
JQ:/rc/crr: 0.000000000 0.000013001 0.999986999
JQ:/rc/r: 0.000025956 0.000017209 0.999956835
JQ:/rrc/c: 0.017565322 0.982434678 0.000000000
JQ:/rrc/crr: 0.000000000 0.001723328 0.998276672
JQ:/rrc/r: 0.458244167 0.000040361 0.541715472
K:/c: 0.999953783 0.000046217 0.000000000
K:/crr: 0.000000000 0.999995000 0.000005000
K:/r: 0.572061178 0.427932155 0.000006667
KJ:/cc/c: 0.308490831 0.691509169 0.000000000
KJ:/cc/crr: 0.000000000 0.824655739 0.175344261
KJ:/cc/r: 0.353850616 0.145399511 0.500749873
KJ:/crc/c: 0.078913213 0.921086787 0.000000000
KJ:/crc/crr: 0.000000000 0.999968318 0.000031682
KJ:/crc/r: 0.000078205 0.746945871 0.252975923
KJ:/crrc/c: 0.292546191 0.707453809 0.000000000
KJ:/crrc/crr: 0.000000000 0.999995727 0.000004273
KJ:/crrc/r: 0.014255690 0.847965272 0.137779038
KJ:/rc/c: 0.434803832 0.565196168 0.000000000
KJ:/rc/crr: 0.000000000 0.760025319 0.239974681
KJ:/rc/r: 0.025859684 0.772653830 0.201486486
KJ:/rrc/c: 0.175542428 0.824457572 0.000000000
KJ:/rrc/crr: 0.000000000 0.997523132 0.002476868
KJ:/rrc/r: 0.033684348 0.907112641 0.059203010
KK:/cc/c: 0.891815806 0.108184194 0.000000000
KK:/cc/crr: 0.000000000 0.939346111 0.060653889
KK:/cc/r: 0.735417694 0.192459510 0.072122796
KK:/crc/c: 0.999995000 0.000005000 0.000000000
KK:/crc/crr: 0.000000000 0.999997500 0.000002500
KK:/crc/r: 0.926603236 0.073393431 0.000003333
KK:/crrc/c: 0.999997500 0.000002500 0.000000000
KK:/crrc/crr: 0.000000000 0.999998750 0.000001250
KK:/crrc/r: 0.999996666 0.000001667 0.000001667
KK:/rc/c: 0.999992211 0.000007789 0.000000000
KK:/rc/crr: 0.000000000 0.999996105 0.000003895
KK:/rc/r: 0.999978850 0.000015957 0.000005193
KK:/rrc/c: 0.999994173 0.000005827 0.000000000
KK:/rrc/crr: 0.000000000 0.999997087 0.000002913
KK:/rrc/r: 0.999975625 0.000020490 0.000003885
KQ:/cc/c: 0.555979309 0.444020691 0.000000000
KQ:/cc/crr: 0.000000000 0.902708435 0.097291565
KQ:/cc/r: 0.351981838 0.534266344 0.113751818
KQ:/crc/c: 0.146871973 0.853128027 0.000000000
KQ:/crc/crr: 0.000000000 0.189273130 0.810726870
KQ:/crc/r: 0.000064131 0.441372810 0.558563059
KQ:/crrc/c: 0.609484404 0.390515596 0.000000000
KQ:/crrc/crr: 0.000000000 0.446708504 0.553291496
KQ:/crrc/r: 0.018141296 0.700890153 0.280968551
KQ:/rc/c: 0.000500972 0.999499028 0.000000000
KQ:/rc/crr: 0.000000000 0.173157653 0.826842347
KQ:/rc/r: 0.000025625 0.300098376 0.699875999
KQ:/rrc/c: 0.505926065 0.494073935 0.000000000
KQ:/rrc/crr: 0.000000000 0.450765131 0.549234869
KQ:/rrc/r: 0.063964915 0.566937780 0.369097305
Q:/c: 0.846809957 0.153190043 0.000000000
Q:/crr: 0.000000000 0.999994095 0.000005905
Q:/r: 0.359750862 0.640225963 0.000023175
QJ:/cc/c: 0.000349522 0.999650478 0.000000000
QJ:/cc/crr: 0.000000000 0.046691132 0.953308868
QJ:/cc/r: 0.000037907 0.000021759 0.999940334
QJ:/crc/c: 0.439173362 0.560826638 0.000000000
QJ:/crc/crr: 0.000000000 0.049923209 0.950076791
QJ:/crc/r: 0.000003936 0.000003936 0.999992127
QJ:/crrc/c: 0.000002952 0.999997048 0.000000000
QJ:/crrc/crr: 0.000000000 0.500000000 0.500000000
QJ:/crrc/r: 0.022164195 0.000001968 0.977833837
QJ:/rc/c: 0.000099984 0.999900016 0.000000000
QJ:/rc/crr: 0.000000000 0.026036615 0.973963385
QJ:/rc/r: 0.014013801 0.000003471 0.985982728
QJ:/rrc/c: 0.000241624 0.999758376 0.000000000
QJ:/rrc/crr: 0.000000000 0.019173737 0.980826263
QJ:/rrc/r: 0.000087539 0.000006177 0.999906284
QK:/cc/c: 0.004411407 0.995588593 0.000000000
QK:/cc/crr: 0.000000000 0.996300591 0.003699409
QK:/cc/r: 0.000112519 0.725984430 0.273903050
QK:/crc/c: 0.375448585 0.624551415 0.000000000
QK:/crc/crr: 0.000000000 0.001856232 0.998143768
QK:/crc/r: 0.000221931 0.424079922 0.575698147
QK:/crrc/c: 0.043919624 0.956080376 0.000000000
QK:/crrc/crr: 0.000000000 0.012692014 0.987307986
QK:/crrc/r: 0.000074067 0.282226014 0.717699919
QK:/rc/c: 0.371706224 0.628293776 0.000000000
QK:/rc/crr: 0.000000000 0.009992170 0.990007830
QK:/rc/r: 0.000006740 0.308682359 0.691310901
QK:/rrc/c: 0.423642838 0.576357162 0.000000000
QK:/rrc/crr: 0.000000000 0.067902627 0.932097373
QK:/rrc/r: 0.000089035 0.516617760 0.483293205
QQ:/cc/c: 0.999967361 0.000032639 0.000000000
QQ:/cc/crr: 0.000000000 0.999983680 0.000016320
QQ:/cc/r: 0.999918202 0.000060039 0.000021759
QQ:/crc/c: 0.999994095 0.000005905 0.000000000
QQ:/crc/crr: 0.000000000 0.999997048 0.000002952
QQ:/crc/r: 0.879108496 0.120887567 0.000003936
QQ:/crrc/c: 0.999997048 0.000002952 0.000000000
QQ:/crrc/crr: 0.000000000 0.999998524 0.000001476
QQ:/crrc/r: 0.999996064 0.000001968 0.000001968
QQ:/rc/c: 0.999994794 0.000005206 0.000000000
QQ:/rc/crr: 0.000000000 0.999997397 0.000002603
QQ:/rc/r: 0.999979045 0.000017484 0.000003471
QQ:/rrc/c: 0.999990734 0.000009266 0.000000000
QQ:/rrc/crr: 0.000000000 0.999995367 0.000004633
QQ:/rrc/r: 0.999958306 0.000035517 0.000006177
