J:/: 0.074307842 0.925692158 0.000000000
J:/cr: 0.018512310 0.034931728 0.946555962
J:/rr: 0.000000000 0.999932712 0.000067288
JJ:/cc/: 0.000274439 0.999725561 0.000000000
JJ:/cc/cr: 0.999996398 0.000001801 0.000001801
JJ:/cc/rr: 0.000000000 0.990159281 0.009840719
JJ:/crc/: 0.972214258 0.027785742 0.000000000
JJ:/crc/cr: 0.998763344 0.000618328 0.000618328
JJ:/crc/rr: 0.000000000 0.999973492 0.000026508
JJ:/crrc/: 0.959631999 0.040368001 0.000000000
JJ:/crrc/cr: 0.998393824 0.000803088 0.000803088
JJ:/crrc/rr: 0.000000000 0.999949326 0.000050674
JJ:/rc/: 0.892308939 0.107691061 0.000000000
JJ:/rc/cr: 0.999583453 0.000208274 0.000208274
JJ:/rc/rr: 0.000000000 0.999962296 0.000037704
JJ:/rrc/: 0.999532363 0.000467637 0.000000000
JJ:/rrc/cr: 0.952033898 0.023983051 0.023983051
JJ:/rrc/rr: 0.000000000 0.999983169 0.000016831
JK:/cc/: 0.077656687 0.922343313 0.000000000
JK:/cc/cr: 0.000001952 0.000001952 0.999996096
JK:/cc/rr: 0.000000000 0.000034777 0.999965223
JK:/crc/: 0.052886823 0.947113177 0.000000000
JK:/crc/cr: 0.005655813 0.000018140 0.994326047
JK:/crc/rr: 0.000000000 0.000487287 0.999512713
JK:/crrc/: 0.999902743 0.000097257 0.000000000
JK:/crrc/cr: 0.333333333 0.333333333 0.333333333
JK:/crrc/rr: 0.000000000 0.000048633 0.999951367
JK:/rc/: 0.990672269 0.009327731 0.000000000
JK:/rc/cr: 0.995190853 0.002404574 0.002404574
JK:/rc/rr: 0.000000000 0.000033961 0.999966039
JK:/rrc/: 0.536119939 0.463880061 0.000000000
JK:/rrc/cr: 0.899558278 0.000024177 0.100417544
JK:/rrc/rr: 0.000000000 0.000031379 0.999968621
JQ:/cc/: 0.172546991 0.827453009 0.000000000
JQ:/cc/cr: 0.000002627 0.000002176 0.999995197
JQ:/cc/rr: 0.000000000 0.000015652 0.999984348
JQ:/crc/: 0.994297247 0.005702753 0.000000000
JQ:/crc/cr: 0.003012703 0.003012703 0.993974595
JQ:/crc/rr: 0.000000000 0.000025919 0.999974081
JQ:/crrc/: 0.026875613 0.973124387 0.000000000
JQ:/crrc/cr: 0.142150268 0.000033314 0.857816418
JQ:/crrc/rr: 0.000000000 0.001809394 0.998190606
JQ:/rc/: 0.999316213 0.000683787 0.000000000
JQ:/rc/cr: 0.032801449 0.032801449 0.934397101
JQ:/rc/rr: 0.000000000 0.000033667 0.999966333
JQ:/rrc/: 0.135787552 0.864212448 0.000000000
JQ:/rrc/cr: 0.000012978 0.000012978 0.999974045
JQ:/rrc/rr: 0.000000000 0.000123892 0.999876108
K:/: 0.750939065 0.249060935 0.000000000
K:/cr: 0.695843019 0.304143597 0.000013384
K:/rr: 0.000000000 0.999993342 0.000006658
KJ:/cc/: 0.000020075 0.999979925 0.000000000
KJ:/cc/cr: 0.000049610 0.000025566 0.999924823
KJ:/cc/rr: 0.000000000 0.500000000 0.500000000
KJ:/crc/: 0.000116818 0.999883182 0.000000000
KJ:/crc/cr: 0.000033859 0.999958807 0.000007335
KJ:/crc/rr: 0.000000000 0.905827742 0.094172258
KJ:/crrc/: 0.072094427 0.927905573 0.000000000
KJ:/crrc/cr: 0.003373445 0.992965281 0.003661274
KJ:/crrc/rr: 0.000000000 0.607852244 0.392147756
KJ:/rc/: 0.043581174 0.956418826 0.000000000
KJ:/rc/cr: 0.006065353 0.961773804 0.032160842
KJ:/rc/rr: 0.000000000 0.304589270 0.695410730
KJ:/rrc/: 0.084833101 0.915166899 0.000000000
KJ:/rrc/cr: 0.000289574 0.999709213 0.000001213
KJ:/rrc/rr: 0.000000000 0.577364653 0.422635347
KK:/cc/: 0.999461066 0.000538934 0.000000000
KK:/cc/cr: 0.975166529 0.012416736 0.012416736
KK:/cc/rr: 0.000000000 0.999989957 0.000010043
KK:/crc/: 0.099955145 0.900044855 0.000000000
KK:/crc/cr: 0.999983703 0.000008149 0.000008149
KK:/crc/rr: 0.000000000 0.999889940 0.000110060
KK:/crrc/: 0.995326257 0.004673743 0.000000000
KK:/crrc/cr: 0.998628247 0.000685876 0.000685876
KK:/crrc/rr: 0.000000000 0.999995169 0.000004831
KK:/rc/: 0.810002382 0.189997618 0.000000000
KK:/rc/cr: 0.999976637 0.000011681 0.000011681
KK:/rc/rr: 0.000000000 0.999995890 0.000004110
KK:/rrc/: 0.521521044 0.478478956 0.000000000
KK:/rrc/cr: 0.999995361 0.000002319 0.000002319
KK:/rrc/rr: 0.000000000 0.999996808 0.000003192
KQ:/cc/: 0.000244181 0.999755819 0.000000000
KQ:/cc/cr: 0.000040291 0.465553992 0.534405717
KQ:/cc/rr: 0.000000000 0.958892439 0.041107561
KQ:/crc/: 0.896568249 0.103431751 0.000000000
KQ:/crc/cr: 0.000368379 0.554951765 0.444679856
KQ:/crc/rr: 0.000000000 0.000044060 0.999955940
KQ:/crrc/: 0.003033058 0.996966942 0.000000000
KQ:/crrc/cr: 0.030962651 0.661308453 0.307728896
KQ:/crrc/rr: 0.000000000 0.251631048 0.748368952
KQ:/rc/: 0.000186037 0.999813963 0.000000000
KQ:/rc/cr: 0.000002220 0.484221730 0.515776050
KQ:/rc/rr: 0.000000000 0.381392034 0.618607966
KQ:/rrc/: 0.706585726 0.293414274 0.000000000
KQ:/rrc/cr: 0.025066360 0.891140800 0.083792840
KQ:/rrc/rr: 0.000000000 0.389218015 0.610781985
Q:/: 0.745740885 0.254259115 0.000000000
Q:/cr: 0.163385765 0.835298775 0.001315460
Q:/rr: 0.000000000 0.999993295 0.000006705
QJ:/cc/: 0.000019665 0.999980335 0.000000000
QJ:/cc/cr: 0.000006555 0.000006555 0.999986890
QJ:/cc/rr: 0.000000000 0.500000000 0.500000000
QJ:/crc/: 0.029704169 0.970295831 0.000000000
QJ:/crc/cr: 0.000849351 0.000002696 0.999147954
QJ:/crc/rr: 0.000000000 0.000132094 0.999867906
QJ:/crrc/: 0.008686808 0.991313192 0.000000000
QJ:/crrc/cr: 0.000130059 0.000013490 0.999856451
QJ:/crrc/rr: 0.000000000 0.002309233 0.997690767
QJ:/rc/: 0.011721052 0.988278948 0.000000000
QJ:/rc/cr: 0.000002261 0.000002261 0.999995477
QJ:/rc/rr: 0.000000000 0.000286013 0.999713987
QJ:/rrc/: 0.000003352 0.999996648 0.000000000
QJ:/rrc/cr: 0.000001117 0.000001117 0.999997765
QJ:/rrc/rr: 0.000000000 0.500000000 0.500000000
QK:/cc/: 0.572946718 0.427053282 0.000000000
QK:/cc/cr: 0.011030666 0.988901867 0.000067467
QK:/cc/rr: 0.000000000 0.104943063 0.895056937
QK:/crc/: 0.000008895 0.999991105 0.000000000
QK:/crc/cr: 0.000004261 0.556951107 0.443044631
QK:/crc/rr: 0.000000000 0.558888481 0.441111519
QK:/crrc/: 0.979538463 0.020461537 0.000000000
QK:/crrc/cr: 0.001399068 0.385146026 0.613454907
QK:/crrc/rr: 0.000000000 0.000568256 0.999431744
QK:/rc/: 0.427621548 0.572378452 0.000000000
QK:/rc/cr: 0.011307730 0.521325922 0.467366347
QK:/rc/rr: 0.000000000 0.192540295 0.807459705
QK:/rrc/: 0.119313834 0.880686166 0.000000000
QK:/rrc/cr: 0.000001797 0.301101249 0.698896955
QK:/rrc/rr: 0.000000000 0.000266643 0.999733357
QQ:/cc/: 0.613153990 0.386846010 0.000000000
QQ:/cc/cr: 0.999966111 0.000016945 0.000016945
QQ:/cc/rr: 0.000000000 0.999983964 0.000016036
QQ:/crc/: 0.993008974 0.006991026 0.000000000
QQ:/crc/cr: 0.999251661 0.000374169 0.000374169
QQ:/crc/rr: 0.000000000 0.999996049 0.000003951
QQ:/crrc/: 0.091597206 0.908402794 0.000000000
QQ:/crrc/cr: 0.999970557 0.000014722 0.000014722
QQ:/crrc/rr: 0.000000000 0.999780999 0.000219001
QQ:/rc/: 0.508744744 0.491255256 0.000000000
QQ:/rc/cr: 0.999990901 0.000004549 0.000004549
QQ:/rc/rr: 0.000000000 0.999993411 0.000006589
QQ:/rrc/: 0.984890810 0.015109190 0.000000000
QQ:/rrc/cr: 0.999852081 0.000073959 0.000073959
QQ:/rrc/rr: 0.000000000 0.999998298 0.000001702
