J:/: 0.069989794 0.930010206 0.000000000
J:/cr: 0.019425053 0.031487412 0.949087535
J:/rr: 0.000000000 0.999928561 0.000071439
JJ:/cc/: 0.000212819 0.999787181 0.000000000
JJ:/cc/cr: 0.999996415 0.000001792 0.000001792
JJ:/cc/rr: 0.000000000 0.987368860 0.012631140
JJ:/crc/: 0.951087131 0.048912869 0.000000000
JJ:/crc/cr: 0.999224272 0.000387864 0.000387864
JJ:/crc/rr: 0.000000000 0.999970079 0.000029921
JJ:/crrc/: 0.978150488 0.021849512 0.000000000
JJ:/crrc/cr: 0.997185081 0.001407459 0.001407459
JJ:/crrc/rr: 0.000000000 0.999952841 0.000047159
JJ:/rc/: 0.851213156 0.148786844 0.000000000
JJ:/rc/cr: 0.999679905 0.000160048 0.000160048
JJ:/rc/rr: 0.000000000 0.999958037 0.000041963
JJ:/rrc/: 0.999453170 0.000546830 0.000000000
JJ:/rrc/cr: 0.956449554 0.021775223 0.021775223
JJ:/rrc/rr: 0.000000000 0.999982129 0.000017871
JK:/cc/: 0.093639107 0.906360893 0.000000000
JK:/cc/cr: 0.000002384 0.000001977 0.999995639
JK:/cc/rr: 0.000000000 0.000028707 0.999971293
JK:/crc/: 0.052315055 0.947684945 0.000000000
JK:/crc/cr: 0.022223854 0.000020019 0.977756127
JK:/crc/rr: 0.000000000 0.000543961 0.999456039
JK:/crrc/: 0.999907743 0.000092257 0.000000000
JK:/crrc/cr: 0.333333333 0.333333333 0.333333333
JK:/crrc/rr: 0.000000000 0.000046133 0.999953867
JK:/rc/: 0.998577873 0.001422127 0.000000000
JK:/rc/cr: 0.966510727 0.016744637 0.016744637
JK:/rc/rr: 0.000000000 0.000035770 0.999964230
JK:/rrc/: 0.546308616 0.453691384 0.000000000
JK:/rrc/cr: 0.954643227 0.000026245 0.045330527
JK:/rrc/rr: 0.000000000 0.000032694 0.999967306
JQ:/cc/: 0.137869234 0.862130766 0.000000000
JQ:/cc/cr: 0.000002079 0.000002079 0.999995843
JQ:/cc/rr: 0.000000000 0.000019498 0.999980502
JQ:/crc/: 0.993695731 0.006304269 0.000000000
JQ:/crc/cr: 0.009024105 0.003009318 0.987966577
JQ:/crc/rr: 0.000000000 0.000028638 0.999971362
JQ:/crrc/: 0.033564320 0.966435680 0.000000000
JQ:/crrc/cr: 0.165584189 0.000031820 0.834383990
JQ:/crrc/rr: 0.000000000 0.001374330 0.998625670
JQ:/rc/: 0.997007790 0.002992210 0.000000000
JQ:/rc/cr: 0.007958331 0.007958331 0.984083337
JQ:/rc/rr: 0.000000000 0.000035827 0.999964173
JQ:/rrc/: 0.165042588 0.834957412 0.000000000
JQ:/rrc/cr: 0.000014261 0.000014261 0.999971478
JQ:/rrc/rr: 0.000000000 0.000108221 0.999891779
K:/: 0.749724299 0.250275701 0.000000000
K:/cr: 0.717412686 0.282573995 0.000013319
K:/rr: 0.000000000 0.999993331 0.000006669
KJ:/cc/: 0.000019978 0.999980022 0.000000000
KJ:/cc/cr: 0.000053180 0.000024988 0.999921832
KJ:/cc/rr: 0.000000000 0.500000000 0.500000000
KJ:/crc/: 0.000050581 0.999949419 0.000000000
KJ:/crc/cr: 0.000439205 0.999552939 0.000007856
KJ:/crc/rr: 0.000000000 0.767041509 0.232958491
KJ:/crrc/: 0.040947885 0.959052115 0.000000000
KJ:/crrc/cr: 0.005530528 0.991509131 0.002960341
KJ:/crrc/rr: 0.000000000 0.304403790 0.695596210
KJ:/rc/: 0.055952953 0.944047047 0.000000000
KJ:/rc/cr: 0.007633726 0.953575694 0.038790580
KJ:/rc/rr: 0.000000000 0.380446565 0.619553435
KJ:/rrc/: 0.090943521 0.909056479 0.000000000
KJ:/rrc/cr: 0.000104793 0.999893984 0.000001223
KJ:/rrc/rr: 0.000000000 0.671789575 0.328210425
KK:/cc/: 0.999779337 0.000220663 0.000000000
KK:/cc/cr: 0.939642575 0.030178712 0.030178712
KK:/cc/rr: 0.000000000 0.999990009 0.000009991
KK:/crc/: 0.116285370 0.883714630 0.000000000
KK:/crc/cr: 0.999982222 0.000008889 0.000008889
KK:/crc/rr: 0.000000000 0.999898669 0.000101331
KK:/crrc/: 0.995015480 0.004984520 0.000000000
KK:/crrc/cr: 0.998758501 0.000620750 0.000620750
KK:/crrc/rr: 0.000000000 0.999995336 0.000004664
KK:/rc/: 0.800740572 0.199259428 0.000000000
KK:/rc/cr: 0.999977687 0.000011157 0.000011157
KK:/rc/rr: 0.000000000 0.999995836 0.000004164
KK:/rrc/: 0.511950830 0.488049170 0.000000000
KK:/rrc/cr: 0.999995445 0.000002277 0.000002277
KK:/rrc/rr: 0.000000000 0.999996743 0.000003257
KQ:/cc/: 0.000061458 0.999938542 0.000000000
KQ:/cc/cr: 0.000041063 0.413249666 0.586709271
KQ:/cc/rr: 0.000000000 0.837465826 0.162534174
KQ:/crc/: 0.888265467 0.111734533 0.000000000
KQ:/crc/cr: 0.000457306 0.543265008 0.456277686
KQ:/crc/rr: 0.000000000 0.000026461 0.999973539
KQ:/crrc/: 0.016317021 0.983682979 0.000000000
KQ:/crrc/cr: 0.004516587 0.719972938 0.275510475
KQ:/crrc/rr: 0.000000000 0.495286289 0.504713711
KQ:/rc/: 0.000030197 0.999969803 0.000000000
KQ:/rc/cr: 0.000011396 0.473561942 0.526426663
KQ:/rc/rr: 0.000000000 0.889573228 0.110426772
KQ:/rrc/: 0.705834909 0.294165091 0.000000000
KQ:/rrc/cr: 0.024578769 0.875443282 0.099977948
KQ:/rrc/rr: 0.000000000 0.382465686 0.617534314
Q:/: 0.754740428 0.245259572 0.000000000
Q:/cr: 0.183950253 0.814837908 0.001211839
Q:/rr: 0.000000000 0.999993375 0.000006625
QJ:/cc/: 0.000020387 0.999979613 0.000000000
QJ:/cc/cr: 0.000006796 0.000006796 0.999986409
QJ:/cc/rr: 0.000000000 0.500000000 0.500000000
QJ:/crc/: 0.031537055 0.968462945 0.000000000
QJ:/crc/cr: 0.002756997 0.000002870 0.997240132
QJ:/crc/rr: 0.000000000 0.000132221 0.999867779
QJ:/crrc/: 0.026520966 0.973479034 0.000000000
QJ:/crrc/cr: 0.000068563 0.000012650 0.999918787
QJ:/crrc/rr: 0.000000000 0.000696471 0.999303529
QJ:/rc/: 0.007251430 0.992748570 0.000000000
QJ:/rc/cr: 0.000002323 0.000002224 0.999995452
QJ:/rc/rr: 0.000000000 0.000456792 0.999543208
QJ:/rrc/: 0.000003312 0.999996688 0.000000000
QJ:/rrc/cr: 0.000001104 0.000001104 0.999997792
QJ:/rrc/rr: 0.000000000 0.500000000 0.500000000
QK:/cc/: 0.002681012 0.997318988 0.000000000
QK:/cc/cr: 0.043501178 0.956482022 0.000016800
QK:/cc/rr: 0.000000000 0.996197972 0.003802028
QK:/crc/: 0.004839556 0.995160444 0.000000000
QK:/crc/cr: 0.000003245 0.562537535 0.437459220
QK:/crc/rr: 0.000000000 0.000887421 0.999112579
QK:/crrc/: 0.918349476 0.081650524 0.000000000
QK:/crrc/cr: 0.000198809 0.783327394 0.216473797
QK:/crrc/rr: 0.000000000 0.000601587 0.999398413
QK:/rc/: 0.435438627 0.564561373 0.000000000
QK:/rc/cr: 0.002196062 0.520628385 0.477175553
QK:/rc/rr: 0.000000000 0.207369898 0.792630102
QK:/rrc/: 0.120378052 0.879621948 0.000000000
QK:/rrc/cr: 0.000001313 0.308074108 0.691924578
QK:/rrc/rr: 0.000000000 0.000267959 0.999732041
QQ:/cc/: 0.426837635 0.573162365 0.000000000
QQ:/cc/cr: 0.999976288 0.000011856 0.000011856
QQ:/cc/rr: 0.000000000 0.999976119 0.000023881
QQ:/crc/: 0.989115464 0.010884536 0.000000000
QQ:/crc/cr: 0.999489201 0.000255400 0.000255400
QQ:/crc/rr: 0.000000000 0.999995784 0.000004216
QQ:/crrc/: 0.164900280 0.835099720 0.000000000
QQ:/crrc/cr: 0.999970509 0.000014746 0.000014746
QQ:/crrc/rr: 0.000000000 0.999887986 0.000112014
QQ:/rc/: 0.463750249 0.536249751 0.000000000
QQ:/rc/cr: 0.999991764 0.000004118 0.000004118
QQ:/rc/rr: 0.000000000 0.999992857 0.000007143
QQ:/rrc/: 0.981429889 0.018570111 0.000000000
QQ:/rrc/cr: 0.999881084 0.000059458 0.000059458
QQ:/rrc/rr: 0.000000000 0.999998312 0.000001688
