J:/c: 0.301524243 0.698475757 0.000000000
J:/crr: 0.000000000 0.999983418 0.000016582
J:/r: 0.055260088 0.125400847 0.819339065
JJ:/cc/c: 0.999992842 0.000007158 0.000000000
JJ:/cc/crr: 0.000000000 0.999996421 0.000003579
JJ:/cc/r: 0.999986701 0.000008526 0.000004772
JJ:/crc/c: 0.999983418 0.000016582 0.000000000
JJ:/crc/crr: 0.000000000 0.999991709 0.000008291
JJ:/crc/r: 0.999921620 0.000067325 0.000011055
JJ:/crrc/c: 0.999991709 0.000008291 0.000000000
JJ:/crrc/crr: 0.000000000 0.999995854 0.000004146
JJ:/crrc/r: 0.999988945 0.000005528 0.000005528
JJ:/rc/c: 0.999973419 0.000026581 0.000000000
JJ:/rc/crr: 0.000000000 0.999986709 0.000013291
JJ:/rc/r: 0.999962009 0.000020270 0.000017721
JJ:/rrc/c: 0.999939679 0.000060321 0.000000000
JJ:/rrc/crr: 0.000000000 0.999969838 0.000030162
JJ:/rrc/r: 0.999808755 0.000151031 0.000040214
JK:/cc/c: 0.005976187 0.994023813 0.000000000
JK:/cc/crr: 0.000000000 0.000598914 0.999401086
JK:/cc/r: 0.000015215 0.000004772 0.999980012
JK:/crc/c: 0.519121174 0.480878826 0.000000000
JK:/crc/crr: 0.000000000 0.000015972 0.999984028
JK:/crc/r: 0.049228817 0.000011055 0.950760128
JK:/crrc/c: 0.516387754 0.483612246 0.000000000
JK:/crrc/crr: 0.000000000 0.000008028 0.999991972
JK:/crrc/r: 0.210372173 0.000005528 0.789622300
JK:/rc/c: 0.398356102 0.601643898 0.000000000
JK:/rc/crr: 0.000000000 0.000033364 0.999966636
JK:/rc/r: 0.364114653 0.000017721 0.635867626
JK:/rrc/c: 0.999888052 0.000111948 0.000000000
JK:/rrc/crr: 0.000000000 0.000030164 0.999969836
JK:/rrc/r: 0.304996151 0.000040214 0.694963635
JQ:/cc/c: 0.073739554 0.926260446 0.000000000
JQ:/cc/crr: 0.000000000 0.000048539 0.999951461
JQ:/cc/r: 0.034727552 0.000004772 0.965267676
JQ:/crc/c: 0.462852351 0.537147649 0.000000000
JQ:/crc/crr: 0.000000000 0.000017913 0.999982087
JQ:/crc/r: 0.060519474 0.000011055 0.939469471
JQ:/crrc/c: 0.034431227 0.965568773 0.000000000
JQ:/crrc/crr: 0.000000000 0.000120404 0.999879596
JQ:/crrc/r: 0.197977304 0.000005528 0.802017169
JQ:/rc/c: 0.994952543 0.005047457 0.000000000
JQ:/rc/crr: 0.000000000 0.000013358 0.999986642
JQ:/rc/r: 0.000017721 0.000017721 0.999964558
JQ:/rrc/c: 0.003794553 0.996205447 0.000000000
JQ:/rrc/crr: 0.000000000 0.007948343 0.992051657
JQ:/rrc/r: 0.495011300 0.000040214 0.504948487
K:/c: 0.999969626 0.000030374 0.000000000
K:/crr: 0.000000000 0.999995000 0.000005000
K:/r: 0.589607051 0.410386282 0.000006667
KJ:/cc/c: 0.164612705 0.835387295 0.000000000
KJ:/cc/crr: 0.000000000 0.500000000 0.500000000
KJ:/cc/r: 0.516586725 0.226810023 0.256603252
KJ:/crc/c: 0.115129781 0.884870219 0.000000000
KJ:/crc/crr: 0.000000000 0.999978285 0.000021715
KJ:/crc/r: 0.000044921 0.737597782 0.262357297
KJ:/crrc/c: 0.241135550 0.758864450 0.000000000
KJ:/crrc/crr: 0.000000000 0.999994816 0.000005184
KJ:/crrc/r: 0.038786361 0.833890341 0.127323298
KJ:/rc/c: 0.425185901 0.574814099 0.000000000
KJ:/rc/crr: 0.000000000 0.855500915 0.144499085
KJ:/rc/r: 0.043491842 0.711993447 0.244514711
KJ:/rrc/c: 0.173376102 0.826623898 0.000000000
KJ:/rrc/crr: 0.000000000 0.999983696 0.000016304
KJ:/rrc/r: 0.039810380 0.888046160 0.072143460
KK:/cc/c: 0.835387295 0.164612705 0.000000000
KK:/cc/crr: 0.000000000 0.901475216 0.098524784
KK:/cc/r: 0.558159615 0.332098581 0.109741803
KK:/crc/c: 0.999995000 0.000005000 0.000000000
KK:/crc/crr: 0.000000000 0.999997500 0.000002500
KK:/crc/r: 0.992392648 0.007604019 0.000003333
KK:/crrc/c: 0.999997500 0.000002500 0.000000000
KK:/crrc/crr: 0.000000000 0.999998750 0.000001250
KK:/crrc/r: 0.999975738 0.000022595 0.000001667
KK:/rc/c: 0.999991878 0.000008122 0.000000000
KK:/rc/crr: 0.000000000 0.999995939 0.000004061
KK:/rc/r: 0.999978933 0.000015652 0.000005415
KK:/rrc/c: 0.999994347 0.000005653 0.000000000
KK:/rrc/crr: 0.000000000 0.999997173 0.000002827
KK:/rrc/r: 0.999788528 0.000207703 0.000003769
KQ:/cc/c: 0.829383637 0.170616363 0.000000000
KQ:/cc/crr: 0.000000000 0.900762025 0.099237975
KQ:/cc/r: 0.497026053 0.390121451 0.112852496
KQ:/crc/c: 0.126143734 0.873856266 0.000000000
KQ:/crc/crr: 0.000000000 0.119025964 0.880974036
KQ:/crc/r: 0.000027327 0.434051862 0.565920811
KQ:/crrc/c: 0.625586714 0.374413286 0.000000000
KQ:/crrc/crr: 0.000000000 0.417863882 0.582136118
KQ:/crrc/r: 0.005710815 0.708573632 0.285715554
KQ:/rc/c: 0.000424597 0.999575403 0.000000000
KQ:/rc/crr: 0.000000000 0.009564862 0.990435138
KQ:/rc/r: 0.000021045 0.301468841 0.698510114
KQ:/rrc/c: 0.524285462 0.475714538 0.000000000
KQ:/rrc/crr: 0.000000000 0.488748887 0.511251113
KQ:/rrc/r: 0.056301220 0.584006552 0.359692228
Q:/c: 0.848311668 0.151688332 0.000000000
Q:/crr: 0.000000000 0.999994106 0.000005894
Q:/r: 0.375248667 0.624720628 0.000030706
QJ:/cc/c: 0.000259202 0.999740798 0.000000000
QJ:/cc/crr: 0.000000000 0.063584147 0.936415853
QJ:/cc/r: 0.000021975 0.000021975 0.999956050
QJ:/crc/c: 0.444579684 0.555420316 0.000000000
QJ:/crc/crr: 0.000000000 0.000006629 0.999993371
QJ:/crc/r: 0.000003929 0.000003929 0.999992141
QJ:/crrc/c: 0.000002947 0.999997053 0.000000000
QJ:/crrc/crr: 0.000000000 0.500000000 0.500000000
QJ:/crrc/r: 0.017397564 0.000001965 0.982600471
QJ:/rc/c: 0.000132760 0.999867240 0.000000000
QJ:/rc/crr: 0.000000000 0.020095301 0.979904699
QJ:/rc/r: 0.017858898 0.000003557 0.982137545
QJ:/rrc/c: 0.000145891 0.999854109 0.000000000
QJ:/rrc/crr: 0.000000000 0.030444002 0.969555998
QJ:/rrc/r: 0.000067529 0.000005922 0.999926549
QK:/cc/c: 0.012125372 0.987874628 0.000000000
QK:/cc/crr: 0.000000000 0.998640771 0.001359229
QK:/cc/r: 0.000123187 0.721466767 0.278410047
QK:/crc/c: 0.347496767 0.652503233 0.000000000
QK:/crc/crr: 0.000000000 0.001010456 0.998989544
QK:/crc/r: 0.001571060 0.471121544 0.527307396
QK:/crrc/c: 0.031347916 0.968652084 0.000000000
QK:/crrc/crr: 0.000000000 0.008175402 0.991824598
QK:/crrc/r: 0.000029246 0.288653598 0.711317157
QK:/rc/c: 0.342135725 0.657864275 0.000000000
QK:/rc/crr: 0.000000000 0.000526115 0.999473885
QK:/rc/r: 0.000009732 0.293261758 0.706728510
QK:/rrc/c: 0.431351788 0.568648212 0.000000000
QK:/rrc/crr: 0.000000000 0.084627725 0.915372275
QK:/rrc/r: 0.000069975 0.524987943 0.474942082
QQ:/cc/c: 0.999967038 0.000032962 0.000000000
QQ:/cc/crr: 0.000000000 0.999983518 0.000016482
QQ:/cc/r: 0.999935310 0.000042715 0.000021975
QQ:/crc/c: 0.999994106 0.000005894 0.000000000
QQ:/crc/crr: 0.000000000 0.999997053 0.000002947
QQ:/crc/r: 0.949869907 0.050126164 0.000003929
QQ:/crrc/c: 0.999997053 0.000002947 0.000000000
QQ:/crrc/crr: 0.000000000 0.999998526 0.000001474
QQ:/crrc/r: 0.999996071 0.000001965 0.000001965
QQ:/rc/c: 0.999994664 0.000005336 0.000000000
QQ:/rc/crr: 0.000000000 0.999997332 0.000002668
QQ:/rc/r: 0.999991733 0.000004710 0.000003557
QQ:/rrc/c: 0.999991117 0.000008883 0.000000000
QQ:/rrc/crr: 0.000000000 0.999995558 0.000004442
QQ:/rrc/r: 0.999958619 0.000035459 0.000005922
