J:/c: 0.316353359 0.683646641 0.000000000
J:/crr: 0.000000000 0.999984195 0.000015805
J:/r: 0.053935294 0.119910472 0.826154234
JJ:/cc/c: 0.999992686 0.000007314 0.000000000
JJ:/cc/crr: 0.000000000 0.999996343 0.000003657
JJ:/cc/r: 0.999990248 0.000004876 0.000004876
JJ:/crc/c: 0.999984195 0.000015805 0.000000000
JJ:/crc/crr: 0.000000000 0.999992097 0.000007903
JJ:/crc/r: 0.999901697 0.000087766 0.000010537
JJ:/crrc/c: 0.999992097 0.000007903 0.000000000
JJ:/crrc/crr: 0.000000000 0.999996049 0.000003951
JJ:/crrc/r: 0.999970735 0.000023997 0.000005268
JJ:/rc/c: 0.999972201 0.000027799 0.000000000
JJ:/rc/crr: 0.000000000 0.999986100 0.000013900
JJ:/rc/r: 0.999802513 0.000178954 0.000018532
JJ:/rrc/c: 0.999938198 0.000061802 0.000000000
JJ:/rrc/crr: 0.000000000 0.999969097 0.000030903
JJ:/rrc/r: 0.999884525 0.000074273 0.000041202
JK:/cc/c: 0.000007314 0.999992686 0.000000000
JK:/cc/crr: 0.000000000 0.500000000 0.500000000
JK:/cc/r: 0.000004876 0.000004876 0.999990248
JK:/crc/c: 0.500694458 0.499305542 0.000000000
JK:/crc/crr: 0.000000000 0.000015783 0.999984217
JK:/crc/r: 0.008872133 0.000010537 0.991117331
JK:/crrc/c: 0.409418334 0.590581666 0.000000000
JK:/crrc/crr: 0.000000000 0.000009651 0.999990349
JK:/crrc/r: 0.224087528 0.000005268 0.775907203
JK:/rc/c: 0.418911589 0.581088411 0.000000000
JK:/rc/crr: 0.000000000 0.000033179 0.999966821
JK:/rc/r: 0.368469718 0.000018532 0.631511750
JK:/rrc/c: 0.999938198 0.000061802 0.000000000
JK:/rrc/crr: 0.000000000 0.000030903 0.999969097
JK:/rrc/r: 0.380820739 0.000041202 0.619138060
JQ:/cc/c: 0.067363589 0.932636411 0.000000000
JQ:/cc/crr: 0.000000000 0.000054285 0.999945715
JQ:/cc/r: 0.034088768 0.000004876 0.965906356
JQ:/crc/c: 0.483320978 0.516679022 0.000000000
JQ:/crc/crr: 0.000000000 0.000016351 0.999983649
JQ:/crc/r: 0.000768226 0.000010537 0.999221237
JQ:/crrc/c: 0.035780052 0.964219948 0.000000000
JQ:/crrc/crr: 0.000000000 0.000110434 0.999889566
JQ:/crrc/r: 0.177139280 0.000005268 0.822855452
JQ:/rc/c: 0.998637794 0.001362206 0.000000000
JQ:/rc/crr: 0.000000000 0.000013918 0.999986082
JQ:/rc/r: 0.000018532 0.000018532 0.999962935
JQ:/rrc/c: 0.055707421 0.944292579 0.000000000
JQ:/rrc/crr: 0.000000000 0.000554706 0.999445294
JQ:/rrc/r: 0.661525289 0.000041202 0.338433510
K:/c: 0.999990000 0.000010000 0.000000000
K:/crr: 0.000000000 0.999995000 0.000005000
K:/r: 0.595786223 0.404207110 0.000006667
KJ:/cc/c: 0.500000000 0.500000000 0.000000000
KJ:/cc/crr: 0.000000000 0.500000000 0.500000000
KJ:/cc/r: 0.333333333 0.333333333 0.333333333
KJ:/crc/c: 0.076692981 0.923307019 0.000000000
KJ:/crc/crr: 0.000000000 0.999967402 0.000032598
KJ:/crc/r: 0.000034993 0.717911082 0.282053925
KJ:/crrc/c: 0.266852893 0.733147107 0.000000000
KJ:/crrc/crr: 0.000000000 0.827882491 0.172117509
KJ:/crrc/r: 0.002897896 0.856516249 0.140585855
KJ:/rc/c: 0.440708124 0.559291876 0.000000000
KJ:/rc/crr: 0.000000000 0.986800754 0.013199246
KJ:/rc/r: 0.000061121 0.838450601 0.161488279
KJ:/rrc/c: 0.075726610 0.924273390 0.000000000
KJ:/rrc/crr: 0.000000000 0.999963059 0.000036941
KJ:/rrc/r: 0.030192892 0.924587568 0.045219540
KK:/cc/c: 0.500000000 0.500000000 0.000000000
KK:/cc/crr: 0.000000000 0.500000000 0.500000000
KK:/cc/r: 0.333333333 0.333333333 0.333333333
KK:/crc/c: 0.999995000 0.000005000 0.000000000
KK:/crc/crr: 0.000000000 0.999997500 0.000002500
KK:/crc/r: 0.970703474 0.029293192 0.000003333
KK:/crrc/c: 0.999997500 0.000002500 0.000000000
KK:/crrc/crr: 0.000000000 0.999998750 0.000001250
KK:/crrc/r: 0.999968337 0.000029997 0.000001667
KK:/rc/c: 0.999991753 0.000008247 0.000000000
KK:/rc/crr: 0.000000000 0.999995877 0.000004123
KK:/rc/r: 0.999979821 0.000014681 0.000005498
KK:/rrc/c: 0.999994405 0.000005595 0.000000000
KK:/rrc/crr: 0.000000000 0.999997203 0.000002797
KK:/rrc/r: 0.999285875 0.000710395 0.000003730
KQ:/cc/c: 0.500000000 0.500000000 0.000000000
KQ:/cc/crr: 0.000000000 0.500000000 0.500000000
KQ:/cc/r: 0.333333333 0.333333333 0.333333333
KQ:/crc/c: 0.204979476 0.795020524 0.000000000
KQ:/crc/crr: 0.000000000 0.000732258 0.999267742
KQ:/crc/r: 0.000021242 0.442045297 0.557933461
KQ:/crrc/c: 0.619909910 0.380090090 0.000000000
KQ:/crrc/crr: 0.000000000 0.417573758 0.582426242
KQ:/crrc/r: 0.000190443 0.765747784 0.234061773
KQ:/rc/c: 0.000014673 0.999985327 0.000000000
KQ:/rc/crr: 0.000000000 0.718989472 0.281010528
KQ:/rc/r: 0.000017622 0.300498119 0.699484259
KQ:/rrc/c: 0.501935583 0.498064417 0.000000000
KQ:/rrc/crr: 0.000000000 0.437957669 0.562042331
KQ:/rrc/r: 0.001563907 0.644925615 0.353510478
Q:/c: 0.852328904 0.147671096 0.000000000
Q:/crr: 0.000000000 0.999994134 0.000005866
Q:/r: 0.399072370 0.600882218 0.000045412
QJ:/cc/c: 0.000120892 0.999879108 0.000000000
QJ:/cc/crr: 0.000000000 0.140038775 0.859961225
QJ:/cc/r: 0.000022573 0.000022573 0.999954855
QJ:/crc/c: 0.394107317 0.605892683 0.000000000
QJ:/crc/crr: 0.000000000 0.000029381 0.999970619
QJ:/crc/r: 0.000003911 0.000003911 0.999992178
QJ:/crrc/c: 0.000002933 0.999997067 0.000000000
QJ:/crrc/crr: 0.000000000 0.500000000 0.500000000
QJ:/crrc/r: 0.026660648 0.000001955 0.973337397
QJ:/rc/c: 0.000005547 0.999994453 0.000000000
QJ:/rc/crr: 0.000000000 0.500000000 0.500000000
QJ:/rc/r: 0.018362524 0.000003698 0.981633778
QJ:/rrc/c: 0.000008353 0.999991647 0.000000000
QJ:/rrc/crr: 0.000000000 0.500000000 0.500000000
QJ:/rrc/r: 0.000079153 0.000005568 0.999915278
QK:/cc/c: 0.000315698 0.999684302 0.000000000
QK:/cc/crr: 0.000000000 0.946374342 0.053625658
QK:/cc/r: 0.000076310 0.722114986 0.277808703
QK:/crc/c: 0.378867483 0.621132517 0.000000000
QK:/crc/crr: 0.000000000 0.005966243 0.994033757
QK:/crc/r: 0.000028907 0.501563500 0.498407592
QK:/crrc/c: 0.173510764 0.826489236 0.000000000
QK:/crrc/crr: 0.000000000 0.000608034 0.999391966
QK:/crrc/r: 0.000001955 0.282293052 0.717704992
QK:/rc/c: 0.348115899 0.651884101 0.000000000
QK:/rc/crr: 0.000000000 0.001953472 0.998046528
QK:/rc/r: 0.000011490 0.290006710 0.709981800
QK:/rrc/c: 0.440113508 0.559886492 0.000000000
QK:/rrc/crr: 0.000000000 0.085726776 0.914273224
QK:/rrc/r: 0.000077452 0.505599752 0.494322796
QQ:/cc/c: 0.999966141 0.000033859 0.000000000
QQ:/cc/crr: 0.000000000 0.999983070 0.000016930
QQ:/cc/r: 0.999928451 0.000048976 0.000022573
QQ:/crc/c: 0.999994134 0.000005866 0.000000000
QQ:/crc/crr: 0.000000000 0.999997067 0.000002933
QQ:/crc/r: 0.999951561 0.000044528 0.000003911
QQ:/crrc/c: 0.999997067 0.000002933 0.000000000
QQ:/crrc/crr: 0.000000000 0.999998533 0.000001467
QQ:/crrc/r: 0.999982241 0.000015803 0.000001955
QQ:/rc/c: 0.999994453 0.000005547 0.000000000
QQ:/rc/crr: 0.000000000 0.999997226 0.000002774
QQ:/rc/r: 0.967936169 0.032060133 0.000003698
QQ:/rrc/c: 0.999991647 0.000008353 0.000000000
QQ:/rrc/crr: 0.000000000 0.999995824 0.000004176
QQ:/rrc/r: 0.999951152 0.000043280 0.000005568
