J:/c: 0.301528406 0.698471594 0.000000000
J:/crr: 0.000000000 0.999983418 0.000016582
J:/r: 0.054898780 0.126744219 0.818357001
JJ:/cc/c: 0.999992842 0.000007158 0.000000000
JJ:/cc/crr: 0.000000000 0.999996421 0.000003579
JJ:/cc/r: 0.999990455 0.000004772 0.000004772
JJ:/crc/c: 0.999983418 0.000016582 0.000000000
JJ:/crc/crr: 0.000000000 0.999991709 0.000008291
JJ:/crc/r: 0.999954512 0.000034433 0.000011055
JJ:/crrc/c: 0.999991709 0.000008291 0.000000000
JJ:/crrc/crr: 0.000000000 0.999995854 0.000004146
JJ:/crrc/r: 0.999969675 0.000024797 0.000005527
JJ:/rc/c: 0.999973700 0.000026300 0.000000000
JJ:/rc/crr: 0.000000000 0.999986850 0.000013150
JJ:/rc/r: 0.999800911 0.000181556 0.000017533
JJ:/rrc/c: 0.999939282 0.000060718 0.000000000
JJ:/rrc/crr: 0.000000000 0.999969639 0.000030361
JJ:/rrc/r: 0.999876370 0.000083152 0.000040479
JK:/cc/c: 0.000007158 0.999992842 0.000000000
JK:/cc/crr: 0.000000000 0.500000000 0.500000000
JK:/cc/r: 0.000004772 0.000004772 0.999990455
JK:/crc/c: 0.523749035 0.476250965 0.000000000
JK:/crc/crr: 0.000000000 0.000015830 0.999984170
JK:/crc/r: 0.043445078 0.000011055 0.956543867
JK:/crrc/c: 0.470591621 0.529408379 0.000000000
JK:/crrc/crr: 0.000000000 0.000008809 0.999991191
JK:/crrc/r: 0.201972876 0.000005527 0.798021596
JK:/rc/c: 0.402780088 0.597219912 0.000000000
JK:/rc/crr: 0.000000000 0.000032648 0.999967352
JK:/rc/r: 0.356012924 0.000017533 0.643969543
JK:/rrc/c: 0.999939282 0.000060718 0.000000000
JK:/rrc/crr: 0.000000000 0.000030361 0.999969639
JK:/rrc/r: 0.324098939 0.000040479 0.675860583
JQ:/cc/c: 0.070464705 0.929535295 0.000000000
JQ:/cc/crr: 0.000000000 0.000050795 0.999949205
JQ:/cc/r: 0.037212777 0.000004772 0.962782451
JQ:/crc/c: 0.583394392 0.416605608 0.000000000
JQ:/crc/crr: 0.000000000 0.000014212 0.999985788
JQ:/crc/r: 0.000060819 0.000011055 0.999928126
JQ:/crrc/c: 0.034040282 0.965959718 0.000000000
JQ:/crrc/crr: 0.000000000 0.000121786 0.999878214
JQ:/crrc/r: 0.272385182 0.000005527 0.727609290
JQ:/rc/c: 0.999420623 0.000579377 0.000000000
JQ:/rc/crr: 0.000000000 0.000013157 0.999986843
JQ:/rc/r: 0.000017533 0.000017533 0.999964934
JQ:/rrc/c: 0.006624694 0.993375306 0.000000000
JQ:/rrc/crr: 0.000000000 0.004582687 0.995417313
JQ:/rrc/r: 0.457170830 0.000040479 0.542788692
K:/c: 0.999990000 0.000010000 0.000000000
K:/crr: 0.000000000 0.999995000 0.000005000
K:/r: 0.576978560 0.423014774 0.000006667
KJ:/cc/c: 0.500000000 0.500000000 0.000000000
KJ:/cc/crr: 0.000000000 0.500000000 0.500000000
KJ:/cc/r: 0.333333333 0.333333333 0.333333333
KJ:/crc/c: 0.075769180 0.924230820 0.000000000
KJ:/crc/crr: 0.000000000 0.999967005 0.000032995
KJ:/crc/r: 0.000031263 0.773933924 0.226034813
KJ:/crrc/c: 0.323852169 0.676147831 0.000000000
KJ:/crrc/crr: 0.000000000 0.999996140 0.000003860
KJ:/crrc/r: 0.024891579 0.814879640 0.160228781
KJ:/rc/c: 0.424436369 0.575563631 0.000000000
KJ:/rc/crr: 0.000000000 0.957707433 0.042292567
KJ:/rc/r: 0.040191184 0.742663850 0.217144967
KJ:/rrc/c: 0.097680667 0.902319333 0.000000000
KJ:/rrc/crr: 0.000000000 0.999970428 0.000029572
KJ:/rrc/r: 0.038810656 0.900836207 0.060353136
KK:/cc/c: 0.500000000 0.500000000 0.000000000
KK:/cc/crr: 0.000000000 0.500000000 0.500000000
KK:/cc/r: 0.333333333 0.333333333 0.333333333
KK:/crc/c: 0.999995000 0.000005000 0.000000000
KK:/crc/crr: 0.000000000 0.999997500 0.000002500
KK:/crc/r: 0.998319352 0.001677315 0.000003333
KK:/crrc/c: 0.999997500 0.000002500 0.000000000
KK:/crrc/crr: 0.000000000 0.999998750 0.000001250
KK:/crrc/r: 0.999968586 0.000029747 0.000001667
KK:/rc/c: 0.999992120 0.000007880 0.000000000
KK:/rc/crr: 0.000000000 0.999996060 0.000003940
KK:/rc/r: 0.999980579 0.000014168 0.000005253
KK:/rrc/c: 0.999994223 0.000005777 0.000000000
KK:/rrc/crr: 0.000000000 0.999997111 0.000002889
KK:/rrc/r: 0.999875120 0.000121029 0.000003851
KQ:/cc/c: 0.500000000 0.500000000 0.000000000
KQ:/cc/crr: 0.000000000 0.500000000 0.500000000
KQ:/cc/r: 0.333333333 0.333333333 0.333333333
KQ:/crc/c: 0.008179962 0.991820038 0.000000000
KQ:/crc/crr: 0.000000000 0.021825023 0.978174977
KQ:/crc/r: 0.000018626 0.448520838 0.551460536
KQ:/crrc/c: 0.623282693 0.376717307 0.000000000
KQ:/crrc/crr: 0.000000000 0.411367291 0.588632709
KQ:/crrc/r: 0.000018514 0.608318799 0.391662686
KQ:/rc/c: 0.000190599 0.999809401 0.000000000
KQ:/rc/crr: 0.000000000 0.049252522 0.950747478
KQ:/rc/r: 0.000013683 0.302204132 0.697782185
KQ:/rrc/c: 0.509966893 0.490033107 0.000000000
KQ:/rrc/crr: 0.000000000 0.476068386 0.523931614
KQ:/rrc/r: 0.071442234 0.555847973 0.372709793
Q:/c: 0.852152250 0.147847750 0.000000000
Q:/crr: 0.000000000 0.999994133 0.000005867
Q:/r: 0.368144024 0.631832940 0.000023036
QJ:/cc/c: 0.000033819 0.999966181 0.000000000
QJ:/cc/crr: 0.000000000 0.500000000 0.500000000
QJ:/cc/r: 0.000022546 0.000022546 0.999954909
QJ:/crc/c: 0.407953908 0.592046092 0.000000000
QJ:/crc/crr: 0.000000000 0.000012453 0.999987547
QJ:/crc/r: 0.000003912 0.000003912 0.999992177
QJ:/crrc/c: 0.000002934 0.999997066 0.000000000
QJ:/crrc/crr: 0.000000000 0.500000000 0.500000000
QJ:/crrc/r: 0.026786915 0.000001956 0.973211129
QJ:/rc/c: 0.000022710 0.999977290 0.000000000
QJ:/rc/crr: 0.000000000 0.116153273 0.883846727
QJ:/rc/r: 0.012464676 0.000003517 0.987531806
QJ:/rrc/c: 0.000009054 0.999990946 0.000000000
QJ:/rrc/crr: 0.000000000 0.500000000 0.500000000
QJ:/rrc/r: 0.000096626 0.000006036 0.999897338
QK:/cc/c: 0.000283977 0.999716023 0.000000000
QK:/cc/crr: 0.000000000 0.940455458 0.059544542
QK:/cc/r: 0.000072659 0.772029081 0.227898259
QK:/crc/c: 0.308438265 0.691561735 0.000000000
QK:/crc/crr: 0.000000000 0.000495703 0.999504297
QK:/crc/r: 0.000049673 0.448704805 0.551245522
QK:/crrc/c: 0.054378309 0.945621691 0.000000000
QK:/crrc/crr: 0.000000000 0.002110122 0.997889878
QK:/crrc/r: 0.000005912 0.286134110 0.713859978
QK:/rc/c: 0.364309230 0.635690770 0.000000000
QK:/rc/crr: 0.000000000 0.002468229 0.997531771
QK:/rc/r: 0.000008407 0.309776527 0.690215066
QK:/rrc/c: 0.420335681 0.579664319 0.000000000
QK:/rrc/crr: 0.000000000 0.066874726 0.933125274
QK:/rrc/r: 0.000083467 0.501352100 0.498564433
QQ:/cc/c: 0.999966181 0.000033819 0.000000000
QQ:/cc/crr: 0.000000000 0.999983090 0.000016910
QQ:/cc/r: 0.999849595 0.000127859 0.000022546
QQ:/crc/c: 0.999994133 0.000005867 0.000000000
QQ:/crc/crr: 0.000000000 0.999997066 0.000002934
QQ:/crc/r: 0.999945747 0.000050341 0.000003912
QQ:/crrc/c: 0.999997066 0.000002934 0.000000000
QQ:/crrc/crr: 0.000000000 0.999998533 0.000001467
QQ:/crrc/r: 0.999568499 0.000429545 0.000001956
QQ:/rc/c: 0.999994724 0.000005276 0.000000000
QQ:/rc/crr: 0.000000000 0.999997362 0.000002638
QQ:/rc/r: 0.999992679 0.000003804 0.000003517
QQ:/rrc/c: 0.999990946 0.000009054 0.000000000
QQ:/rrc/crr: 0.000000000 0.999995473 0.000004527
QQ:/rrc/r: 0.999948557 0.000045407 0.000006036
