J:/: 0.077848976 0.922151024 0.000000000
J:/cr: 0.018683330 0.034771372 0.946545298
J:/rr: 0.000000000 0.999935773 0.000064227
JJ:/cc/: 0.000266434 0.999733566 0.000000000
JJ:/cc/cr: 0.999996384 0.000001808 0.000001808
JJ:/cc/rr: 0.000000000 0.989824691 0.010175309
JJ:/crc/: 0.866536886 0.133463114 0.000000000
JJ:/crc/cr: 0.999740360 0.000129820 0.000129820
JJ:/crc/rr: 0.000000000 0.999970008 0.000029992
JJ:/crrc/: 0.961951603 0.038048397 0.000000000
JJ:/crrc/cr: 0.998305019 0.000847490 0.000847490
JJ:/crrc/rr: 0.000000000 0.999949718 0.000050282
JJ:/rc/: 0.921148028 0.078851972 0.000000000
JJ:/rc/cr: 0.999456983 0.000271508 0.000271508
JJ:/rc/rr: 0.000000000 0.999965138 0.000034862
JJ:/rrc/: 0.998964675 0.001035325 0.000000000
JJ:/rrc/cr: 0.979320166 0.010339917 0.010339917
JJ:/rrc/rr: 0.000000000 0.999983926 0.000016074
JK:/cc/: 0.084310718 0.915689282 0.000000000
JK:/cc/cr: 0.000279044 0.000001974 0.999718982
JK:/cc/rr: 0.000000000 0.000032155 0.999967845
JK:/crc/: 0.061709820 0.938290180 0.000000000
JK:/crc/cr: 0.025294554 0.000018466 0.974686981
JK:/crc/rr: 0.000000000 0.000421154 0.999578846
JK:/crrc/: 0.999903263 0.000096737 0.000000000
JK:/crrc/cr: 0.333333333 0.333333333 0.333333333
JK:/crrc/rr: 0.000000000 0.000048373 0.999951627
JK:/rc/: 0.985982405 0.014017595 0.000000000
JK:/rc/cr: 0.954609696 0.001527293 0.043863011
JK:/rc/rr: 0.000000000 0.000032570 0.999967430
JK:/rrc/: 0.514403600 0.485596400 0.000000000
JK:/rrc/cr: 0.815914212 0.000022045 0.184063743
JK:/rrc/rr: 0.000000000 0.000031216 0.999968784
JQ:/cc/: 0.172871739 0.827128261 0.000000000
JQ:/cc/cr: 0.000003685 0.000002185 0.999994130
JQ:/cc/rr: 0.000000000 0.000015682 0.999984318
JQ:/crc/: 0.989163847 0.010836153 0.000000000
JQ:/crc/cr: 0.444754383 0.001598927 0.553646691
JQ:/crc/rr: 0.000000000 0.000026274 0.999973726
JQ:/crrc/: 0.029622372 0.970377628 0.000000000
JQ:/crrc/cr: 0.110798083 0.000033230 0.889168687
JQ:/crrc/rr: 0.000000000 0.001632836 0.998367164
JQ:/rc/: 0.997848506 0.002151494 0.000000000
JQ:/rc/cr: 0.009950747 0.009950747 0.980098505
JQ:/rc/rr: 0.000000000 0.000032183 0.999967817
JQ:/rrc/: 0.119931961 0.880068039 0.000000000
JQ:/rrc/cr: 0.000304200 0.000012164 0.999683636
JQ:/rrc/rr: 0.000000000 0.000133891 0.999866109
K:/: 0.757490765 0.242509235 0.000000000
K:/cr: 0.698648590 0.301337665 0.000013745
K:/rr: 0.000000000 0.999993399 0.000006601
KJ:/cc/: 0.000051024 0.999948976 0.000000000
KJ:/cc/cr: 0.000050021 0.000010331 0.999939649
KJ:/cc/rr: 0.000000000 0.797959324 0.202040676
KJ:/crc/: 0.000053618 0.999946382 0.000000000
KJ:/crc/cr: 0.000031847 0.999960550 0.000007603
KJ:/crc/rr: 0.000000000 0.787319596 0.212680404
KJ:/crrc/: 0.067996792 0.932003208 0.000000000
KJ:/crrc/cr: 0.002880934 0.990473572 0.006645494
KJ:/crrc/rr: 0.000000000 0.486427434 0.513572566
KJ:/rc/: 0.047931613 0.952068387 0.000000000
KJ:/rc/cr: 0.007584351 0.965455499 0.026960149
KJ:/rc/rr: 0.000000000 0.455058259 0.544941741
KJ:/rrc/: 0.083664004 0.916335996 0.000000000
KJ:/rrc/cr: 0.000048131 0.999709043 0.000242826
KJ:/rrc/rr: 0.000000000 0.566588356 0.433411644
KK:/cc/: 0.992659810 0.007340190 0.000000000
KK:/cc/cr: 0.998127408 0.000936296 0.000936296
KK:/cc/rr: 0.000000000 0.999989615 0.000010385
KK:/crc/: 0.128255628 0.871744372 0.000000000
KK:/crc/cr: 0.999982558 0.000008721 0.000008721
KK:/crc/rr: 0.000000000 0.999911088 0.000088912
KK:/crrc/: 0.990494951 0.009505049 0.000000000
KK:/crrc/cr: 0.999310052 0.000344974 0.000344974
KK:/crrc/rr: 0.000000000 0.999995034 0.000004966
KK:/rc/: 0.829997271 0.170002729 0.000000000
KK:/rc/cr: 0.999974115 0.000012942 0.000012942
KK:/rc/rr: 0.000000000 0.999996024 0.000003976
KK:/rrc/: 0.513459075 0.486540925 0.000000000
KK:/rrc/cr: 0.999995478 0.000002261 0.000002261
KK:/rrc/rr: 0.000000000 0.999996786 0.000003214
KQ:/cc/: 0.000056444 0.999943556 0.000000000
KQ:/cc/cr: 0.000045771 0.419260378 0.580693852
KQ:/cc/rr: 0.000000000 0.817359882 0.182640118
KQ:/crc/: 0.875051252 0.124948748 0.000000000
KQ:/crc/cr: 0.000432034 0.616213051 0.383354915
KQ:/crc/rr: 0.000000000 0.000025046 0.999974954
KQ:/crrc/: 0.006924651 0.993075349 0.000000000
KQ:/crrc/cr: 0.025882805 0.688450344 0.285666851
KQ:/crrc/rr: 0.000000000 0.125391087 0.874608913
KQ:/rc/: 0.000246322 0.999753678 0.000000000
KQ:/rc/cr: 0.000023978 0.488963709 0.511012313
KQ:/rc/rr: 0.000000000 0.117099658 0.882900342
KQ:/rrc/: 0.702509998 0.297490002 0.000000000
KQ:/rrc/cr: 0.026452115 0.869194862 0.104353023
KQ:/rrc/rr: 0.000000000 0.392016318 0.607983682
Q:/: 0.751765852 0.248234148 0.000000000
Q:/cr: 0.164669018 0.834713416 0.000617566
Q:/rr: 0.000000000 0.999993349 0.000006651
QJ:/cc/: 0.000020142 0.999979858 0.000000000
QJ:/cc/cr: 0.000006714 0.000006714 0.999986572
QJ:/cc/rr: 0.000000000 0.500000000 0.500000000
QJ:/crc/: 0.025197081 0.974802919 0.000000000
QJ:/crc/cr: 0.002652316 0.000002751 0.997344934
QJ:/crc/rr: 0.000000000 0.000159613 0.999840387
QJ:/crrc/: 0.005776288 0.994223712 0.000000000
QJ:/crrc/cr: 0.000240324 0.000013670 0.999746006
QJ:/crrc/rr: 0.000000000 0.003529364 0.996470636
QJ:/rc/: 0.012102355 0.987897645 0.000000000
QJ:/rc/cr: 0.000003588 0.000002244 0.999994168
QJ:/rc/rr: 0.000000000 0.000274782 0.999725218
QJ:/rrc/: 0.000003326 0.999996674 0.000000000
QJ:/rrc/cr: 0.000001109 0.000001109 0.999997783
QJ:/rrc/rr: 0.000000000 0.500000000 0.500000000
QK:/cc/: 0.468661795 0.531338205 0.000000000
QK:/cc/cr: 0.140161464 0.859817934 0.000020602
QK:/cc/rr: 0.000000000 0.999978511 0.000021489
QK:/crc/: 0.000584698 0.999415302 0.000000000
QK:/crc/cr: 0.000002683 0.558055356 0.441941961
QK:/crc/rr: 0.000000000 0.006878410 0.993121590
QK:/crrc/: 0.959998429 0.040001571 0.000000000
QK:/crrc/cr: 0.000581748 0.560299196 0.439119056
QK:/crrc/rr: 0.000000000 0.000562394 0.999437606
QK:/rc/: 0.433420301 0.566579699 0.000000000
QK:/rc/cr: 0.029533470 0.509076411 0.461390119
QK:/rc/rr: 0.000000000 0.192195903 0.807804097
QK:/rrc/: 0.118223160 0.881776840 0.000000000
QK:/rrc/cr: 0.000001257 0.298909054 0.701089689
QK:/rrc/rr: 0.000000000 0.000555615 0.999444385
QQ:/cc/: 0.479807995 0.520192005 0.000000000
QQ:/cc/cr: 0.999974186 0.000012907 0.000012907
QQ:/cc/rr: 0.000000000 0.999979010 0.000020990
QQ:/crc/: 0.992436127 0.007563873 0.000000000
QQ:/crc/cr: 0.999291052 0.000354474 0.000354474
QQ:/crc/rr: 0.000000000 0.999995948 0.000004052
QQ:/crrc/: 0.111133025 0.888866975 0.000000000
QQ:/crrc/cr: 0.999969419 0.000015290 0.000015290
QQ:/crrc/rr: 0.000000000 0.999816557 0.000183443
QQ:/rc/: 0.518097492 0.481902508 0.000000000
QQ:/rc/cr: 0.999990799 0.000004601 0.000004601
QQ:/rc/rr: 0.000000000 0.999993581 0.000006419
QQ:/rrc/: 0.972872640 0.027127360 0.000000000
QQ:/rrc/cr: 0.999918274 0.000040863 0.000040863
QQ:/rrc/rr: 0.000000000 0.999998291 0.000001709
