J:/: 0.078331619 0.921668381 0.000000000
J:/cr: 0.017595366 0.036015735 0.946388899
J:/rr: 0.000000000 0.999936169 0.000063831
JJ:/cc/: 0.000287837 0.999712163 0.000000000
JJ:/cc/cr: 0.999996382 0.000001809 0.000001809
JJ:/cc/rr: 0.000000000 0.990576361 0.009423639
JJ:/crc/: 0.997431259 0.002568741 0.000000000
JJ:/crc/cr: 0.986969226 0.006515387 0.006515387
JJ:/crc/rr: 0.000000000 0.999974831 0.000025169
JJ:/crrc/: 0.964072915 0.035927085 0.000000000
JJ:/crrc/cr: 0.998092948 0.000953526 0.000953526
JJ:/crrc/rr: 0.000000000 0.999946699 0.000053301
JJ:/rc/: 0.894394357 0.105605643 0.000000000
JJ:/rc/cr: 0.999597047 0.000201477 0.000201477
JJ:/rc/rr: 0.000000000 0.999964316 0.000035684
JJ:/rrc/: 0.999426082 0.000573918 0.000000000
JJ:/rrc/cr: 0.962924311 0.018537845 0.018537845
JJ:/rrc/rr: 0.000000000 0.999984032 0.000015968
JK:/cc/: 0.089331898 0.910668102 0.000000000
JK:/cc/cr: 0.000003426 0.000001986 0.999994588
JK:/cc/rr: 0.000000000 0.000030364 0.999969636
JK:/crc/: 0.092375178 0.907624822 0.000000000
JK:/crc/cr: 0.042474027 0.000018440 0.957507533
JK:/crc/rr: 0.000000000 0.000271767 0.999728233
JK:/crrc/: 0.999897228 0.000102772 0.000000000
JK:/crrc/cr: 0.333333333 0.333333333 0.333333333
JK:/crrc/rr: 0.000000000 0.000051391 0.999948609
JK:/rc/: 0.990842306 0.009157694 0.000000000
JK:/rc/cr: 0.947973287 0.002323408 0.049703305
JK:/rc/rr: 0.000000000 0.000032211 0.999967789
JK:/rrc/: 0.516184596 0.483815404 0.000000000
JK:/rrc/cr: 0.811961458 0.000021990 0.188016552
JK:/rrc/rr: 0.000000000 0.000030917 0.999969083
JQ:/cc/: 0.178792394 0.821207606 0.000000000
JQ:/cc/cr: 0.000003612 0.000002202 0.999994186
JQ:/cc/rr: 0.000000000 0.000015171 0.999984829
JQ:/crc/: 0.992560951 0.007439049 0.000000000
JQ:/crc/cr: 0.002249796 0.002249796 0.995500409
JQ:/crc/rr: 0.000000000 0.000025293 0.999974707
JQ:/crrc/: 0.026828694 0.973171306 0.000000000
JQ:/crrc/cr: 0.093023167 0.000035202 0.906941631
JQ:/crrc/rr: 0.000000000 0.001915342 0.998084658
JQ:/rc/: 0.996735425 0.003264575 0.000000000
JQ:/rc/cr: 0.006517559 0.006517559 0.986964881
JQ:/rc/rr: 0.000000000 0.000032020 0.999967980
JQ:/rrc/: 0.107761035 0.892238965 0.000000000
JQ:/rrc/cr: 0.000011924 0.000011924 0.999976152
JQ:/rrc/rr: 0.000000000 0.000148094 0.999851906
K:/: 0.755174431 0.244825569 0.000000000
K:/cr: 0.673814926 0.326171459 0.000013615
K:/rr: 0.000000000 0.999993379 0.000006621
KJ:/cc/: 0.000035281 0.999964719 0.000000000
KJ:/cc/cr: 0.000054267 0.000017815 0.999927918
KJ:/cc/rr: 0.000000000 0.710571157 0.289428843
KJ:/crc/: 0.000054984 0.999945016 0.000000000
KJ:/crc/cr: 0.000031048 0.999961995 0.000006957
KJ:/crc/rr: 0.000000000 0.810207189 0.189792811
KJ:/crrc/: 0.062571787 0.937428213 0.000000000
KJ:/crrc/cr: 0.016023013 0.980896817 0.003080169
KJ:/crrc/rr: 0.000000000 0.501589244 0.498410756
KJ:/rc/: 0.082637490 0.917362510 0.000000000
KJ:/rc/cr: 0.008284189 0.964185253 0.027530557
KJ:/rc/rr: 0.000000000 0.422026158 0.577973842
KJ:/rrc/: 0.085295947 0.914704053 0.000000000
KJ:/rrc/cr: 0.000164611 0.999708993 0.000126395
KJ:/rrc/rr: 0.000000000 0.563464978 0.436535022
KK:/cc/: 0.999469143 0.000530857 0.000000000
KK:/cc/cr: 0.974352522 0.012823739 0.012823739
KK:/cc/rr: 0.000000000 0.999989783 0.000010217
KK:/crc/: 0.183626937 0.816373063 0.000000000
KK:/crc/cr: 0.999982956 0.000008522 0.000008522
KK:/crc/rr: 0.000000000 0.999943170 0.000056830
KK:/crrc/: 0.990358059 0.009641941 0.000000000
KK:/crrc/cr: 0.999301453 0.000349273 0.000349273
KK:/crrc/rr: 0.000000000 0.999994899 0.000005101
KK:/rc/: 0.852151375 0.147848625 0.000000000
KK:/rc/cr: 0.999970145 0.000014927 0.000014927
KK:/rc/rr: 0.000000000 0.999996115 0.000003885
KK:/rrc/: 0.531480903 0.468519097 0.000000000
KK:/rrc/cr: 0.999995289 0.000002355 0.000002355
KK:/rrc/rr: 0.000000000 0.999996886 0.000003114
KQ:/cc/: 0.000056685 0.999943315 0.000000000
KQ:/cc/cr: 0.000045378 0.407409365 0.592545257
KQ:/cc/rr: 0.000000000 0.819857215 0.180142785
KQ:/crc/: 0.888400185 0.111599815 0.000000000
KQ:/crc/cr: 0.000311271 0.652138432 0.347550298
KQ:/crc/rr: 0.000000000 0.000040377 0.999959623
KQ:/crrc/: 0.027242716 0.972757284 0.000000000
KQ:/crrc/cr: 0.031465994 0.684959864 0.283574142
KQ:/crrc/rr: 0.000000000 0.317244042 0.682755958
KQ:/rc/: 0.000064932 0.999935068 0.000000000
KQ:/rc/cr: 0.000023849 0.496092243 0.503883907
KQ:/rc/rr: 0.000000000 0.432084969 0.567915031
KQ:/rrc/: 0.706408600 0.293591400 0.000000000
KQ:/rrc/cr: 0.026914007 0.870232676 0.102853317
KQ:/rrc/rr: 0.000000000 0.400464089 0.599535911
Q:/: 0.740141416 0.259858584 0.000000000
Q:/cr: 0.153293644 0.846046080 0.000660276
Q:/rr: 0.000000000 0.999993245 0.000006755
QJ:/cc/: 0.000019241 0.999980759 0.000000000
QJ:/cc/cr: 0.000006414 0.000006414 0.999987172
QJ:/cc/rr: 0.000000000 0.500000000 0.500000000
QJ:/crc/: 0.030248750 0.969751250 0.000000000
QJ:/crc/cr: 0.000153663 0.000002606 0.999843731
QJ:/crc/rr: 0.000000000 0.000125308 0.999874692
QJ:/crrc/: 0.018266101 0.981733899 0.000000000
QJ:/crrc/cr: 0.000172795 0.000014206 0.999812999
QJ:/crrc/rr: 0.000000000 0.001145280 0.998854720
QJ:/rc/: 0.006211047 0.993788953 0.000000000
QJ:/rc/cr: 0.000002266 0.000002266 0.999995468
QJ:/rc/rr: 0.000000000 0.000543827 0.999456173
QJ:/rrc/: 0.000003378 0.999996622 0.000000000
QJ:/rrc/cr: 0.000001126 0.000001126 0.999997748
QJ:/rrc/rr: 0.000000000 0.500000000 0.500000000
QK:/cc/: 0.386322871 0.613677129 0.000000000
QK:/cc/cr: 0.257803796 0.742176519 0.000019685
QK:/cc/rr: 0.000000000 0.999975097 0.000024903
QK:/crc/: 0.001353539 0.998646461 0.000000000
QK:/crc/cr: 0.000002537 0.565361822 0.434635641
QK:/crc/rr: 0.000000000 0.002816262 0.997183738
QK:/crrc/: 0.966770837 0.033229163 0.000000000
QK:/crrc/cr: 0.001163141 0.625968635 0.372868225
QK:/crrc/rr: 0.000000000 0.000621221 0.999378779
QK:/rc/: 0.459201512 0.540798488 0.000000000
QK:/rc/cr: 0.029228698 0.506681106 0.464090196
QK:/rc/rr: 0.000000000 0.202513178 0.797486822
QK:/rrc/: 0.128687238 0.871312762 0.000000000
QK:/rrc/cr: 0.000001470 0.296152407 0.703846123
QK:/rrc/rr: 0.000000000 0.000341814 0.999658186
QQ:/cc/: 0.483495447 0.516504553 0.000000000
QQ:/cc/cr: 0.999975165 0.000012418 0.000012418
QQ:/cc/rr: 0.000000000 0.999980102 0.000019898
QQ:/crc/: 0.992197635 0.007802365 0.000000000
QQ:/crc/cr: 0.999352261 0.000323870 0.000323870
QQ:/crc/rr: 0.000000000 0.999996180 0.000003820
QQ:/crrc/: 0.198124964 0.801875036 0.000000000
QQ:/crrc/cr: 0.999965215 0.000017392 0.000017392
QQ:/crrc/rr: 0.000000000 0.999894411 0.000105589
QQ:/rc/: 0.526524332 0.473475668 0.000000000
QQ:/rc/cr: 0.999990488 0.000004756 0.000004756
QQ:/rc/rr: 0.000000000 0.999993585 0.000006415
QQ:/rrc/: 0.982137279 0.017862721 0.000000000
QQ:/rrc/cr: 0.999873936 0.000063032 0.000063032
QQ:/rrc/rr: 0.000000000 0.999998280 0.000001720
