J:/c: 0.297502267 0.702497733 0.000000000
J:/crr: 0.000000000 0.999983193 0.000016807
J:/r: 0.053102354 0.127519992 0.819377654
JJ:/cc/c: 0.999992883 0.000007117 0.000000000
JJ:/cc/crr: 0.000000000 0.999996441 0.000003559
JJ:/cc/r: 0.999990510 0.000004745 0.000004745
JJ:/crc/c: 0.999983193 0.000016807 0.000000000
JJ:/crc/crr: 0.000000000 0.999991597 0.000008403
JJ:/crc/r: 0.999956895 0.000031901 0.000011204
JJ:/crrc/c: 0.999991597 0.000008403 0.000000000
JJ:/crrc/crr: 0.000000000 0.999995798 0.000004202
JJ:/crrc/r: 0.999975072 0.000019325 0.000005602
JJ:/rc/c: 0.999973860 0.000026140 0.000000000
JJ:/rc/crr: 0.000000000 0.999986930 0.000013070
JJ:/rc/r: 0.999960458 0.000022116 0.000017426
JJ:/rrc/c: 0.999937228 0.000062772 0.000000000
JJ:/rrc/crr: 0.000000000 0.999968612 0.000031388
JJ:/rrc/r: 0.999758122 0.000200030 0.000041848
JK:/cc/c: 0.002693149 0.997306851 0.000000000
JK:/cc/crr: 0.000000000 0.001321401 0.998678599
JK:/cc/r: 0.000004745 0.000004745 0.999990510
JK:/crc/c: 0.523572681 0.476427319 0.000000000
JK:/crc/crr: 0.000000000 0.000016050 0.999983950
JK:/crc/r: 0.014025493 0.000011204 0.985963303
JK:/crrc/c: 0.584621860 0.415378140 0.000000000
JK:/crrc/crr: 0.000000000 0.000007220 0.999992780
JK:/crrc/r: 0.203363545 0.000005602 0.796630853
JK:/rc/c: 0.397298459 0.602701541 0.000000000
JK:/rc/crr: 0.000000000 0.000032897 0.999967103
JK:/rc/r: 0.370872465 0.000017426 0.629110109
JK:/rrc/c: 0.999819984 0.000180016 0.000000000
JK:/rrc/crr: 0.000000000 0.000031392 0.999968608
JK:/rrc/r: 0.317242380 0.000041848 0.682715772
JQ:/cc/c: 0.071600429 0.928399571 0.000000000
JQ:/cc/crr: 0.000000000 0.000049703 0.999950297
JQ:/cc/r: 0.031524150 0.000004745 0.968471105
JQ:/crc/c: 0.494026849 0.505973151 0.000000000
JQ:/crc/crr: 0.000000000 0.000017010 0.999982990
JQ:/crc/r: 0.064732354 0.000011204 0.935256442
JQ:/crrc/c: 0.059968685 0.940031315 0.000000000
JQ:/crrc/crr: 0.000000000 0.000070065 0.999929935
JQ:/crrc/r: 0.266691934 0.000005602 0.733302464
JQ:/rc/c: 0.993491087 0.006508913 0.000000000
JQ:/rc/crr: 0.000000000 0.000013155 0.999986845
JQ:/rc/r: 0.000017426 0.000017426 0.999965147
JQ:/rrc/c: 0.015234648 0.984765352 0.000000000
JQ:/rrc/crr: 0.000000000 0.002060168 0.997939832
JQ:/rrc/r: 0.458327090 0.000041848 0.541631062
K:/c: 0.999969513 0.000030487 0.000000000
K:/crr: 0.000000000 0.999995000 0.000005000
K:/r: 0.575621264 0.424372070 0.000006667
KJ:/cc/c: 0.474277997 0.525722003 0.000000000
KJ:/cc/crr: 0.000000000 0.827103396 0.172896604
KJ:/cc/r: 0.507347089 0.212037535 0.280615377
KJ:/crc/c: 0.128058549 0.871941451 0.000000000
KJ:/crc/crr: 0.000000000 0.999980477 0.000019523
KJ:/crc/r: 0.000097355 0.740185515 0.259717130
KJ:/crrc/c: 0.438506561 0.561493439 0.000000000
KJ:/crrc/crr: 0.000000000 0.999997149 0.000002851
KJ:/crrc/r: 0.041847421 0.790204828 0.167947751
KJ:/rc/c: 0.417269053 0.582730947 0.000000000
KJ:/rc/crr: 0.000000000 0.670132360 0.329867640
KJ:/rc/r: 0.027833943 0.722698531 0.249467526
KJ:/rrc/c: 0.456298447 0.543701553 0.000000000
KJ:/rrc/crr: 0.000000000 0.999993655 0.000006345
KJ:/rrc/r: 0.040854843 0.892228360 0.066916798
KK:/cc/c: 0.835997890 0.164002110 0.000000000
KK:/cc/crr: 0.000000000 0.901912366 0.098087634
KK:/cc/r: 0.590815522 0.299849738 0.109334740
KK:/crc/c: 0.999995000 0.000005000 0.000000000
KK:/crc/crr: 0.000000000 0.999997500 0.000002500
KK:/crc/r: 0.999988884 0.000007782 0.000003333
KK:/crrc/c: 0.999997500 0.000002500 0.000000000
KK:/crrc/crr: 0.000000000 0.999998750 0.000001250
KK:/crrc/r: 0.999996667 0.000001667 0.000001667
KK:/rc/c: 0.999992145 0.000007855 0.000000000
KK:/rc/crr: 0.000000000 0.999996073 0.000003927
KK:/rc/r: 0.999979259 0.000015504 0.000005236
KK:/rrc/c: 0.999994209 0.000005791 0.000000000
KK:/rrc/crr: 0.000000000 0.999997105 0.000002895
KK:/rrc/r: 0.999819448 0.000176691 0.000003861
KQ:/cc/c: 0.828552618 0.171447382 0.000000000
KQ:/cc/crr: 0.000000000 0.901030963 0.098969037
KQ:/cc/r: 0.523159079 0.341041850 0.135799071
KQ:/crc/c: 0.130460260 0.869539740 0.000000000
KQ:/crc/crr: 0.000000000 0.002497819 0.997502181
KQ:/crc/r: 0.000029327 0.439888846 0.560081827
KQ:/crrc/c: 0.583636459 0.416363541 0.000000000
KQ:/crrc/crr: 0.000000000 0.392733370 0.607266630
KQ:/crrc/r: 0.002040322 0.681987901 0.315971776
KQ:/rc/c: 0.005313354 0.994686646 0.000000000
KQ:/rc/crr: 0.000000000 0.015747946 0.984252054
KQ:/rc/r: 0.000023297 0.307259562 0.692717142
KQ:/rrc/c: 0.505997741 0.494002259 0.000000000
KQ:/rrc/crr: 0.000000000 0.544501528 0.455498472
KQ:/rrc/r: 0.073387673 0.555255402 0.371356925
Q:/c: 0.844957208 0.155042792 0.000000000
Q:/crr: 0.000000000 0.999994083 0.000005917
Q:/r: 0.363245123 0.636714898 0.000039979
QJ:/cc/c: 0.000482547 0.999517453 0.000000000
QJ:/cc/crr: 0.000000000 0.033415549 0.966584451
QJ:/cc/r: 0.000021499 0.000021499 0.999957001
QJ:/crc/c: 0.442393807 0.557606193 0.000000000
QJ:/crc/crr: 0.000000000 0.000388300 0.999611700
QJ:/crc/r: 0.000204173 0.000003945 0.999791882
QJ:/crrc/c: 0.000073757 0.999926243 0.000000000
QJ:/crrc/crr: 0.000000000 0.020057431 0.979942569
QJ:/crrc/r: 0.025393498 0.000001972 0.974604530
QJ:/rc/c: 0.000055762 0.999944238 0.000000000
QJ:/rc/crr: 0.000000000 0.046942792 0.953057208
QJ:/rc/r: 0.019217050 0.000003490 0.980779460
QJ:/rrc/c: 0.000253766 0.999746234 0.000000000
QJ:/rrc/crr: 0.000000000 0.018080735 0.981919265
QJ:/rrc/r: 0.000084229 0.000006118 0.999909653
QK:/cc/c: 0.004981448 0.995018552 0.000000000
QK:/cc/crr: 0.000000000 0.996763074 0.003236926
QK:/cc/r: 0.000097843 0.713101864 0.286800293
QK:/crc/c: 0.362034401 0.637965599 0.000000000
QK:/crc/crr: 0.000000000 0.010428979 0.989571021
QK:/crc/r: 0.000206760 0.490049275 0.509743965
QK:/crrc/c: 0.040692650 0.959307350 0.000000000
QK:/crrc/crr: 0.000000000 0.012179640 0.987820360
QK:/crrc/r: 0.000084318 0.279335235 0.720580448
QK:/rc/c: 0.368001868 0.631998132 0.000000000
QK:/rc/crr: 0.000000000 0.004278934 0.995721066
QK:/rc/r: 0.000007833 0.302320876 0.697671291
QK:/rrc/c: 0.435732713 0.564267287 0.000000000
QK:/rrc/crr: 0.000000000 0.067986643 0.932013357
QK:/rrc/r: 0.000078274 0.507708223 0.492213504
QQ:/cc/c: 0.999967751 0.000032249 0.000000000
QQ:/cc/crr: 0.000000000 0.999983875 0.000016125
QQ:/cc/r: 0.972005116 0.027973385 0.000021499
QQ:/crc/c: 0.999994083 0.000005917 0.000000000
QQ:/crc/crr: 0.000000000 0.999997041 0.000002959
QQ:/crc/r: 0.999969575 0.000026480 0.000003945
QQ:/crrc/c: 0.999997041 0.000002959 0.000000000
QQ:/crrc/crr: 0.000000000 0.999998521 0.000001479
QQ:/crrc/r: 0.999996055 0.000001972 0.000001972
QQ:/rc/c: 0.999994765 0.000005235 0.000000000
QQ:/rc/crr: 0.000000000 0.999997382 0.000002618
QQ:/rc/r: 0.999992400 0.000004110 0.000003490
QQ:/rrc/c: 0.999990823 0.000009177 0.000000000
QQ:/rrc/crr: 0.000000000 0.999995412 0.000004588
QQ:/rrc/r: 0.999959903 0.000033979 0.000006118
