J:/: 0.082410340 0.917589660 0.000000000
J:/cr: 0.016910411 0.039389396 0.943700193
J:/rr: 0.000000000 0.999939328 0.000060672
JJ:/cc/: 0.000336027 0.999663973 0.000000000
JJ:/cc/cr: 0.999996366 0.000001817 0.000001817
JJ:/cc/rr: 0.000000000 0.991891939 0.008108061
JJ:/crc/: 0.839085840 0.160914160 0.000000000
JJ:/crc/cr: 0.999808955 0.000095522 0.000095522
JJ:/crc/rr: 0.000000000 0.999972522 0.000027478
JJ:/crrc/: 0.955094427 0.044905573 0.000000000
JJ:/crrc/cr: 0.998405390 0.000797305 0.000797305
JJ:/crrc/rr: 0.000000000 0.999943770 0.000056230
JJ:/rc/: 0.888281226 0.111718774 0.000000000
JJ:/rc/cr: 0.999637948 0.000181026 0.000181026
JJ:/rc/rr: 0.000000000 0.999965849 0.000034151
JJ:/rrc/: 0.997321735 0.002678265 0.000000000
JJ:/rrc/cr: 0.992448385 0.003775807 0.003775807
JJ:/rrc/rr: 0.000000000 0.999984790 0.000015210
JK:/cc/: 0.072658846 0.927341154 0.000000000
JK:/cc/cr: 0.000351966 0.000001959 0.999646075
JK:/cc/rr: 0.000000000 0.000037498 0.999962502
JK:/crc/: 0.072827461 0.927172539 0.000000000
JK:/crc/cr: 0.036715635 0.000016578 0.963267787
JK:/crc/rr: 0.000000000 0.000316589 0.999683411
JK:/crrc/: 0.999810794 0.000189206 0.000000000
JK:/crrc/cr: 0.189229658 0.189229658 0.621540683
JK:/crrc/rr: 0.000000000 0.000053715 0.999946285
JK:/rc/: 0.991366735 0.008633265 0.000000000
JK:/rc/cr: 0.871260959 0.002342567 0.126396474
JK:/rc/rr: 0.000000000 0.000030600 0.999969400
JK:/rrc/: 0.494418467 0.505581533 0.000000000
JK:/rrc/cr: 0.655574094 0.000020002 0.344405904
JK:/rrc/rr: 0.000000000 0.000030680 0.999969320
JQ:/cc/: 0.220699533 0.779300467 0.000000000
JQ:/cc/cr: 0.000008506 0.000002331 0.999989163
JQ:/cc/rr: 0.000000000 0.000012345 0.999987655
JQ:/crc/: 0.991579634 0.008420366 0.000000000
JQ:/crc/cr: 0.085590143 0.001825445 0.912584413
JQ:/crc/rr: 0.000000000 0.000023252 0.999976748
JQ:/crrc/: 0.038096825 0.961903175 0.000000000
JQ:/crrc/cr: 0.112984078 0.000037221 0.886978700
JQ:/crrc/rr: 0.000000000 0.001409702 0.998590298
JQ:/rc/: 0.993544251 0.006455749 0.000000000
JQ:/rc/cr: 0.003132711 0.003132711 0.993734577
JQ:/rc/rr: 0.000000000 0.000030533 0.999969467
JQ:/rrc/: 0.103927298 0.896072702 0.000000000
JQ:/rrc/cr: 0.002772907 0.000011285 0.997215808
JQ:/rrc/rr: 0.000000000 0.000145957 0.999854043
K:/: 0.764656626 0.235343374 0.000000000
K:/cr: 0.668174194 0.331811642 0.000014164
K:/rr: 0.000000000 0.999993461 0.000006539
KJ:/cc/: 0.000059706 0.999940294 0.000000000
KJ:/cc/cr: 0.000051285 0.000009037 0.999939678
KJ:/cc/rr: 0.000000000 0.822081183 0.177918817
KJ:/crc/: 0.000045555 0.999954445 0.000000000
KJ:/crc/cr: 0.000549136 0.999443749 0.000007115
KJ:/crc/rr: 0.000000000 0.765747058 0.234252942
KJ:/crrc/: 0.065688454 0.934311546 0.000000000
KJ:/crrc/cr: 0.001907755 0.994851491 0.003240754
KJ:/crrc/rr: 0.000000000 0.464093998 0.535906002
KJ:/rc/: 0.069576187 0.930423813 0.000000000
KJ:/rc/cr: 0.008797041 0.955139365 0.036063594
KJ:/rc/rr: 0.000000000 0.426998138 0.573001862
KJ:/rrc/: 0.092479843 0.907520157 0.000000000
KJ:/rrc/cr: 0.000529548 0.999140792 0.000329660
KJ:/rrc/rr: 0.000000000 0.581425151 0.418574849
KK:/cc/: 0.989905855 0.010094145 0.000000000
KK:/cc/cr: 0.998596840 0.000701580 0.000701580
KK:/cc/rr: 0.000000000 0.999989269 0.000010731
KK:/crc/: 0.148714125 0.851285875 0.000000000
KK:/crc/cr: 0.999983286 0.000008357 0.000008357
KK:/crc/rr: 0.000000000 0.999928242 0.000071758
KK:/crrc/: 0.954187653 0.045812347 0.000000000
KK:/crrc/cr: 0.999845765 0.000077118 0.000077118
KK:/crrc/rr: 0.000000000 0.999994446 0.000005554
KK:/rc/: 0.873841595 0.126158405 0.000000000
KK:/rc/cr: 0.999965446 0.000017277 0.000017277
KK:/rc/rr: 0.000000000 0.999996259 0.000003741
KK:/rrc/: 0.530918863 0.469081137 0.000000000
KK:/rrc/cr: 0.999995353 0.000002323 0.000002323
KK:/rrc/rr: 0.000000000 0.999996921 0.000003079
KQ:/cc/: 0.000353226 0.999646774 0.000000000
KQ:/cc/cr: 0.000054611 0.431858091 0.568087298
KQ:/cc/rr: 0.000000000 0.969926361 0.030073639
KQ:/crc/: 0.851055988 0.148944012 0.000000000
KQ:/crc/cr: 0.000370403 0.543649043 0.455980554
KQ:/crc/rr: 0.000000000 0.000019994 0.999980006
KQ:/crrc/: 0.023603254 0.976396746 0.000000000
KQ:/crrc/cr: 0.030803338 0.687890391 0.281306271
KQ:/crrc/rr: 0.000000000 0.379627242 0.620372758
KQ:/rc/: 0.000064050 0.999935950 0.000000000
KQ:/rc/cr: 0.000027180 0.504205557 0.495767263
KQ:/rc/rr: 0.000000000 0.948954919 0.051045081
KQ:/rrc/: 0.677700298 0.322299702 0.000000000
KQ:/rrc/cr: 0.042767734 0.823157265 0.134075001
KQ:/rrc/rr: 0.000000000 0.398169178 0.601830822
Q:/: 0.729918771 0.270081229 0.000000000
Q:/cr: 0.144528028 0.854741253 0.000730719
Q:/rr: 0.000000000 0.999993150 0.000006850
QJ:/cc/: 0.000018513 0.999981487 0.000000000
QJ:/cc/cr: 0.000020597 0.000006171 0.999973232
QJ:/cc/rr: 0.000000000 0.500000000 0.500000000
QJ:/crc/: 0.026689975 0.973310025 0.000000000
QJ:/crc/cr: 0.012743143 0.000002473 0.987254384
QJ:/crc/rr: 0.000000000 0.000135251 0.999864749
QJ:/crrc/: 0.010271857 0.989728143 0.000000000
QJ:/crrc/cr: 0.000217556 0.000014380 0.999768064
QJ:/crrc/rr: 0.000000000 0.002078372 0.997921628
QJ:/rc/: 0.008386081 0.991613919 0.000000000
QJ:/rc/cr: 0.000002303 0.000002303 0.999995395
QJ:/rc/rr: 0.000000000 0.000408419 0.999591581
QJ:/rrc/: 0.000003425 0.999996575 0.000000000
QJ:/rrc/cr: 0.000001711 0.000001142 0.999997147
QJ:/rrc/rr: 0.000000000 0.500000000 0.500000000
QK:/cc/: 0.556960747 0.443039253 0.000000000
QK:/cc/cr: 0.029865157 0.970106705 0.000028138
QK:/cc/rr: 0.000000000 0.801101102 0.198898898
QK:/crc/: 0.003579726 0.996420274 0.000000000
QK:/crc/cr: 0.000002415 0.567680360 0.432317225
QK:/crc/rr: 0.000000000 0.001008416 0.998991584
QK:/crrc/: 0.860628728 0.139371272 0.000000000
QK:/crrc/cr: 0.000171987 0.588230641 0.411597373
QK:/crrc/rr: 0.000000000 0.000655178 0.999344822
QK:/rc/: 0.470001496 0.529998504 0.000000000
QK:/rc/cr: 0.048741752 0.498856840 0.452401409
QK:/rc/rr: 0.000000000 0.194927482 0.805072518
QK:/rrc/: 0.127146920 0.872853080 0.000000000
QK:/rrc/cr: 0.000001308 0.303066041 0.696932651
QK:/rrc/rr: 0.000000000 0.000648726 0.999351274
QQ:/cc/: 0.580556740 0.419443260 0.000000000
QQ:/cc/cr: 0.999970575 0.000014712 0.000014712
QQ:/cc/rr: 0.000000000 0.999984056 0.000015944
QQ:/crc/: 0.985933517 0.014066483 0.000000000
QQ:/crc/cr: 0.999657829 0.000171085 0.000171085
QQ:/crc/rr: 0.000000000 0.999996339 0.000003661
QQ:/crrc/: 0.221592938 0.778407062 0.000000000
QQ:/crrc/cr: 0.999963432 0.000018284 0.000018284
QQ:/crrc/rr: 0.000000000 0.999903658 0.000096342
QQ:/rc/: 0.560416279 0.439583721 0.000000000
QQ:/rc/cr: 0.999989422 0.000005383 0.000005194
QQ:/rc/rr: 0.000000000 0.999993888 0.000006112
QQ:/rrc/: 0.970829855 0.029170145 0.000000000
QQ:/rrc/cr: 0.999921722 0.000039139 0.000039139
QQ:/rrc/rr: 0.000000000 0.999998236 0.000001764
