J:/c: 0.288342082 0.711657918 0.000000000
J:/crr: 0.000000000 0.999982659 0.000017341
J:/r: 0.056221418 0.128150137 0.815628445
JJ:/cc/c: 0.999992974 0.000007026 0.000000000
JJ:/cc/crr: 0.000000000 0.999996487 0.000003513
JJ:/cc/r: 0.999982768 0.000012548 0.000004684
JJ:/crc/c: 0.999982659 0.000017341 0.000000000
JJ:/crc/crr: 0.000000000 0.999991330 0.000008670
JJ:/crc/r: 0.999976879 0.000011560 0.000011560
JJ:/crrc/c: 0.999991330 0.000008670 0.000000000
JJ:/crrc/crr: 0.000000000 0.999995665 0.000004335
JJ:/crrc/r: 0.999988439 0.000005780 0.000005780
JJ:/rc/c: 0.999973989 0.000026011 0.000000000
JJ:/rc/crr: 0.000000000 0.999986994 0.000013006
JJ:/rc/r: 0.999965318 0.000017341 0.000017341
JJ:/rrc/c: 0.999940711 0.000059289 0.000000000
JJ:/rrc/crr: 0.000000000 0.999970354 0.000029646
JJ:/rrc/r: 0.999739374 0.000221100 0.000039526
JK:/cc/c: 0.006924117 0.993075883 0.000000000
JK:/cc/crr: 0.000000000 0.000507346 0.999492654
JK:/cc/r: 0.000010627 0.000004684 0.999984690
JK:/crc/c: 0.540106649 0.459893351 0.000000000
JK:/crc/crr: 0.000000000 0.000016053 0.999983947
JK:/crc/r: 0.040664336 0.000011560 0.959324104
JK:/crrc/c: 0.541029216 0.458970784 0.000000000
JK:/crrc/crr: 0.000000000 0.000008013 0.999991987
JK:/crrc/r: 0.215662171 0.000005780 0.784332049
JK:/rc/c: 0.374776082 0.625223918 0.000000000
JK:/rc/crr: 0.000000000 0.000034702 0.999965298
JK:/rc/r: 0.358416883 0.000017341 0.641565776
JK:/rrc/c: 0.999820423 0.000179577 0.000000000
JK:/rrc/crr: 0.000000000 0.000029650 0.999970350
JK:/rrc/r: 0.277791194 0.000040290 0.722168516
JQ:/cc/c: 0.070232451 0.929767549 0.000000000
JQ:/cc/crr: 0.000000000 0.000050019 0.999949981
JQ:/cc/r: 0.036714515 0.000004684 0.963280802
JQ:/crc/c: 0.537593739 0.462406261 0.000000000
JQ:/crc/crr: 0.000000000 0.000016128 0.999983872
JQ:/crc/r: 0.078069793 0.000011560 0.921918647
JQ:/crrc/c: 0.047398967 0.952601033 0.000000000
JQ:/crrc/crr: 0.000000000 0.000091462 0.999908538
JQ:/crrc/r: 0.112666839 0.000005780 0.887327381
JQ:/rc/c: 0.991152577 0.008847423 0.000000000
JQ:/rc/crr: 0.000000000 0.000013122 0.999986878
JQ:/rc/r: 0.000017341 0.000017341 0.999965318
JQ:/rrc/c: 0.024264475 0.975735525 0.000000000
JQ:/rrc/crr: 0.000000000 0.001221732 0.998778268
JQ:/rrc/r: 0.439777855 0.000039526 0.560182619
K:/c: 0.999941765 0.000058235 0.000000000
K:/crr: 0.000000000 0.999995000 0.000005000
K:/r: 0.582706054 0.417287279 0.000006667
KJ:/cc/c: 0.265839937 0.734160063 0.000000000
KJ:/cc/crr: 0.000000000 0.838513176 0.161486824
KJ:/cc/r: 0.286652309 0.114594291 0.598753400
KJ:/crc/c: 0.109552142 0.890447858 0.000000000
KJ:/crc/crr: 0.000000000 0.999977178 0.000022822
KJ:/crc/r: 0.000095722 0.789309563 0.210594715
KJ:/crrc/c: 0.302307524 0.697692476 0.000000000
KJ:/crrc/crr: 0.000000000 0.999995865 0.000004135
KJ:/crrc/r: 0.052704927 0.776305995 0.170989079
KJ:/rc/c: 0.467018034 0.532981966 0.000000000
KJ:/rc/crr: 0.000000000 0.695421781 0.304578219
KJ:/rc/r: 0.039753754 0.727784155 0.232462090
KJ:/rrc/c: 0.191009770 0.808990230 0.000000000
KJ:/rrc/crr: 0.000000000 0.999985026 0.000014974
KJ:/rrc/r: 0.031647232 0.915648741 0.052704027
KK:/cc/c: 0.914140706 0.085859294 0.000000000
KK:/cc/crr: 0.000000000 0.953038250 0.046961750
KK:/cc/r: 0.787048743 0.155711728 0.057239530
KK:/crc/c: 0.999995000 0.000005000 0.000000000
KK:/crc/crr: 0.000000000 0.999997500 0.000002500
KK:/crc/r: 0.963971366 0.036025301 0.000003334
KK:/crrc/c: 0.999997500 0.000002500 0.000000000
KK:/crrc/crr: 0.000000000 0.999998750 0.000001250
KK:/crrc/r: 0.999996666 0.000001667 0.000001667
KK:/rc/c: 0.999992012 0.000007988 0.000000000
KK:/rc/crr: 0.000000000 0.999996006 0.000003994
KK:/rc/r: 0.999979899 0.000014776 0.000005325
KK:/rrc/c: 0.999994280 0.000005720 0.000000000
KK:/rrc/crr: 0.000000000 0.999997140 0.000002860
KK:/rrc/r: 0.999977583 0.000018603 0.000003814
KQ:/cc/c: 0.440928366 0.559071634 0.000000000
KQ:/cc/crr: 0.000000000 0.902638046 0.097361954
KQ:/cc/r: 0.290618503 0.607038151 0.102343346
KQ:/crc/c: 0.144199174 0.855800826 0.000000000
KQ:/crc/crr: 0.000000000 0.182926581 0.817073419
KQ:/crc/r: 0.000080461 0.442384562 0.557534977
KQ:/crrc/c: 0.614741061 0.385258939 0.000000000
KQ:/crrc/crr: 0.000000000 0.415261523 0.584738477
KQ:/crrc/r: 0.000016213 0.809632769 0.190351018
KQ:/rc/c: 0.000602011 0.999397989 0.000000000
KQ:/rc/crr: 0.000000000 0.163395170 0.836604830
KQ:/rc/r: 0.000024797 0.302168279 0.697806924
KQ:/rrc/c: 0.505878512 0.494121488 0.000000000
KQ:/rrc/crr: 0.000000000 0.511716495 0.488283505
KQ:/rrc/r: 0.072554487 0.556023146 0.371422367
Q:/c: 0.848829796 0.151170204 0.000000000
Q:/crr: 0.000000000 0.999994110 0.000005890
Q:/r: 0.367244344 0.632635068 0.000120588
QJ:/cc/c: 0.000552971 0.999447029 0.000000000
QJ:/cc/crr: 0.000000000 0.029906928 0.970093072
QJ:/cc/r: 0.000048468 0.000022050 0.999929481
QJ:/crc/c: 0.447115254 0.552884746 0.000000000
QJ:/crc/crr: 0.000000000 0.000208700 0.999791300
QJ:/crc/r: 0.000003927 0.000003927 0.999992146
QJ:/crrc/c: 0.000123501 0.999876499 0.000000000
QJ:/crrc/crr: 0.000000000 0.011924025 0.988075975
QJ:/crrc/r: 0.019329501 0.000001963 0.980668536
QJ:/rc/c: 0.000185296 0.999814704 0.000000000
QJ:/rc/crr: 0.000000000 0.014217736 0.985782264
QJ:/rc/r: 0.019351487 0.000003513 0.980645000
QJ:/rrc/c: 0.000259509 0.999740491 0.000000000
QJ:/rrc/crr: 0.000000000 0.017488067 0.982511933
QJ:/rrc/r: 0.000090021 0.000009178 0.999900801
QK:/cc/c: 0.292480167 0.707519833 0.000000000
QK:/cc/crr: 0.000000000 0.999943457 0.000056543
QK:/cc/r: 0.000150229 0.751025304 0.248824467
QK:/crc/c: 0.352696791 0.647303209 0.000000000
QK:/crc/crr: 0.000000000 0.009538136 0.990461864
QK:/crc/r: 0.003021900 0.467633421 0.529344679
QK:/crrc/c: 0.220950955 0.779049045 0.000000000
QK:/crrc/crr: 0.000000000 0.001148444 0.998851556
QK:/crrc/r: 0.000072810 0.277231370 0.722695820
QK:/rc/c: 0.372275853 0.627724147 0.000000000
QK:/rc/crr: 0.000000000 0.018284299 0.981715701
QK:/rc/r: 0.000006276 0.309467679 0.690526045
QK:/rrc/c: 0.409938385 0.590061615 0.000000000
QK:/rrc/crr: 0.000000000 0.049574579 0.950425421
QK:/rrc/r: 0.000465636 0.509032751 0.490501613
QQ:/cc/c: 0.999966925 0.000033075 0.000000000
QQ:/cc/crr: 0.000000000 0.999983462 0.000016538
QQ:/cc/r: 0.999917733 0.000060216 0.000022050
QQ:/crc/c: 0.999994110 0.000005890 0.000000000
QQ:/crc/crr: 0.000000000 0.999997055 0.000002945
QQ:/crc/r: 0.830221970 0.169774103 0.000003927
QQ:/crrc/c: 0.999997055 0.000002945 0.000000000
QQ:/crrc/crr: 0.000000000 0.999998527 0.000001473
QQ:/crrc/r: 0.999996073 0.000001963 0.000001963
QQ:/rc/c: 0.999994731 0.000005269 0.000000000
QQ:/rc/crr: 0.000000000 0.999997366 0.000002634
QQ:/rc/r: 0.999992975 0.000003513 0.000003513
QQ:/rrc/c: 0.999990923 0.000009077 0.000000000
QQ:/rrc/crr: 0.000000000 0.999995462 0.000004538
QQ:/rrc/r: 0.999957094 0.000036855 0.000006051
