J:/: 0.076210999 0.923789001 0.000000000
J:/cr: 0.017365775 0.036740626 0.945893600
J:/rr: 0.000000000 0.999934393 0.000065607
JJ:/cc/: 0.000293054 0.999706946 0.000000000
JJ:/cc/cr: 0.999996391 0.000001805 0.000001805
JJ:/cc/rr: 0.000000000 0.990765356 0.009234644
JJ:/crc/: 0.890456008 0.109543992 0.000000000
JJ:/crc/cr: 0.999701153 0.000149424 0.000149424
JJ:/crc/rr: 0.000000000 0.999972427 0.000027573
JJ:/crrc/: 0.987200083 0.012799917 0.000000000
JJ:/crrc/cr: 0.994588927 0.002705537 0.002705537
JJ:/crrc/rr: 0.000000000 0.999947381 0.000052619
JJ:/rc/: 0.887161473 0.112838527 0.000000000
JJ:/rc/cr: 0.999612382 0.000193809 0.000193809
JJ:/rc/rr: 0.000000000 0.999963024 0.000036976
JJ:/rrc/: 0.995921881 0.004078119 0.000000000
JJ:/rrc/cr: 0.994637099 0.002681450 0.002681450
JJ:/rrc/rr: 0.000000000 0.999983530 0.000016470
JK:/cc/: 0.073163773 0.926836227 0.000000000
JK:/cc/cr: 0.000125353 0.000001947 0.999872700
JK:/cc/rr: 0.000000000 0.000036989 0.999963011
JK:/crc/: 0.050754531 0.949245469 0.000000000
JK:/crc/cr: 0.028802863 0.000017244 0.971179894
JK:/crc/rr: 0.000000000 0.000483754 0.999516246
JK:/crrc/: 0.999896108 0.000103892 0.000000000
JK:/crrc/cr: 0.333333333 0.333333333 0.333333333
JK:/crrc/rr: 0.000000000 0.000051951 0.999948049
JK:/rc/: 0.992667785 0.007332215 0.000000000
JK:/rc/cr: 0.980669439 0.002982606 0.016347955
JK:/rc/rr: 0.000000000 0.000033046 0.999966954
JK:/rrc/: 0.503433335 0.496566665 0.000000000
JK:/rrc/cr: 0.743256628 0.000022022 0.256721350
JK:/rrc/rr: 0.000000000 0.000032582 0.999967418
JQ:/cc/: 0.207836007 0.792163993 0.000000000
JQ:/cc/cr: 0.000004201 0.000002278 0.999993521
JQ:/cc/rr: 0.000000000 0.000013021 0.999986979
JQ:/crc/: 0.990248760 0.009751240 0.000000000
JQ:/crc/cr: 0.586510210 0.001678604 0.411811186
JQ:/crc/rr: 0.000000000 0.000024794 0.999975206
JQ:/crrc/: 0.036868934 0.963131066 0.000000000
JQ:/crrc/cr: 0.127409712 0.000035956 0.872554332
JQ:/crrc/rr: 0.000000000 0.001408936 0.998591064
JQ:/rc/: 0.997062024 0.002937976 0.000000000
JQ:/rc/cr: 0.007443597 0.007443597 0.985112806
JQ:/rc/rr: 0.000000000 0.000032900 0.999967100
JQ:/rrc/: 0.124523487 0.875476513 0.000000000
JQ:/rrc/cr: 0.000012491 0.000012491 0.999975019
JQ:/rrc/rr: 0.000000000 0.000131725 0.999868275
K:/: 0.761384334 0.238615666 0.000000000
K:/cr: 0.675629559 0.324356471 0.000013969
K:/rr: 0.000000000 0.999993433 0.000006567
KJ:/cc/: 0.000047209 0.999952791 0.000000000
KJ:/cc/cr: 0.000052319 0.000012528 0.999935153
KJ:/cc/rr: 0.000000000 0.778071789 0.221928211
KJ:/crc/: 0.000048594 0.999951406 0.000000000
KJ:/crc/cr: 0.000264170 0.999728652 0.000007178
KJ:/crc/rr: 0.000000000 0.778426597 0.221573403
KJ:/crrc/: 0.041260577 0.958739423 0.000000000
KJ:/crrc/cr: 0.001368126 0.993449271 0.005182603
KJ:/crrc/rr: 0.000000000 0.271676114 0.728323886
KJ:/rc/: 0.036529723 0.963470277 0.000000000
KJ:/rc/cr: 0.005576752 0.968624103 0.025799145
KJ:/rc/rr: 0.000000000 0.246192374 0.753807626
KJ:/rrc/: 0.084685271 0.915314729 0.000000000
KJ:/rrc/cr: 0.000036828 0.999891939 0.000071233
KJ:/rrc/rr: 0.000000000 0.581128675 0.418871325
KK:/cc/: 0.998714813 0.001285187 0.000000000
KK:/cc/cr: 0.989130401 0.005434799 0.005434799
KK:/cc/rr: 0.000000000 0.999989509 0.000010491
KK:/crc/: 0.124587426 0.875412574 0.000000000
KK:/crc/cr: 0.999983601 0.000008200 0.000008200
KK:/crc/rr: 0.000000000 0.999913578 0.000086422
KK:/crrc/: 0.994107080 0.005892920 0.000000000
KK:/crrc/cr: 0.998830448 0.000584776 0.000584776
KK:/crrc/rr: 0.000000000 0.999994800 0.000005200
KK:/rc/: 0.825315840 0.174684160 0.000000000
KK:/rc/cr: 0.999974938 0.000012531 0.000012531
KK:/rc/rr: 0.000000000 0.999996022 0.000003978
KK:/rrc/: 0.511427972 0.488572028 0.000000000
KK:/rrc/cr: 0.999995520 0.000002240 0.000002240
KK:/rrc/rr: 0.000000000 0.999996790 0.000003210
KQ:/cc/: 0.000057978 0.999942022 0.000000000
KQ:/cc/cr: 0.000046107 0.438701780 0.561252113
KQ:/cc/rr: 0.000000000 0.819291441 0.180708559
KQ:/crc/: 0.838299074 0.161700926 0.000000000
KQ:/crc/cr: 0.000251852 0.600252898 0.399495251
KQ:/crc/rr: 0.000000000 0.000042204 0.999957796
KQ:/crrc/: 0.020332850 0.979667150 0.000000000
KQ:/crrc/cr: 0.014053901 0.730783294 0.255162805
KQ:/crrc/rr: 0.000000000 0.143477426 0.856522574
KQ:/rc/: 0.000158118 0.999841882 0.000000000
KQ:/rc/cr: 0.000024649 0.491225333 0.508750017
KQ:/rc/rr: 0.000000000 0.167606815 0.832393185
KQ:/rrc/: 0.683866166 0.316133834 0.000000000
KQ:/rrc/cr: 0.038384955 0.843712896 0.117902149
KQ:/rrc/rr: 0.000000000 0.385267157 0.614732843
Q:/: 0.739809779 0.260190221 0.000000000
Q:/cr: 0.155527348 0.843710968 0.000761684
Q:/rr: 0.000000000 0.999993242 0.000006758
QJ:/cc/: 0.000019217 0.999980783 0.000000000
QJ:/cc/cr: 0.000006406 0.000006406 0.999987189
QJ:/cc/rr: 0.000000000 0.500000000 0.500000000
QJ:/crc/: 0.028175517 0.971824483 0.000000000
QJ:/crc/cr: 0.001807733 0.000002604 0.998189663
QJ:/crc/rr: 0.000000000 0.000134729 0.999865271
QJ:/crrc/: 0.026504036 0.973495964 0.000000000
QJ:/crrc/cr: 0.000152322 0.000014102 0.999833575
QJ:/crrc/rr: 0.000000000 0.000776978 0.999223022
QJ:/rc/: 0.013291813 0.986708187 0.000000000
QJ:/rc/cr: 0.000002283 0.000002283 0.999995434
QJ:/rc/rr: 0.000000000 0.000254235 0.999745765
QJ:/rrc/: 0.000003379 0.999996621 0.000000000
QJ:/rrc/cr: 0.000001126 0.000001126 0.999997747
QJ:/rrc/rr: 0.000000000 0.500000000 0.500000000
QK:/cc/: 0.586579519 0.413420481 0.000000000
QK:/cc/cr: 0.053454447 0.946511107 0.000034446
QK:/cc/rr: 0.000000000 0.999983620 0.000016380
QK:/crc/: 0.005835106 0.994164894 0.000000000
QK:/crc/cr: 0.000002546 0.559432412 0.440565043
QK:/crc/rr: 0.000000000 0.000650557 0.999349443
QK:/crrc/: 0.940357539 0.059642461 0.000000000
QK:/crrc/cr: 0.000460031 0.686462673 0.313077296
QK:/crrc/rr: 0.000000000 0.000624221 0.999375779
QK:/rc/: 0.454712831 0.545287169 0.000000000
QK:/rc/cr: 0.005193348 0.525254479 0.469552174
QK:/rc/rr: 0.000000000 0.205623821 0.794376179
QK:/rrc/: 0.121046853 0.878953147 0.000000000
QK:/rrc/cr: 0.000001358 0.304342460 0.695656182
QK:/rrc/rr: 0.000000000 0.000399103 0.999600897
QQ:/cc/: 0.565302920 0.434697080 0.000000000
QQ:/cc/cr: 0.999970529 0.000014736 0.000014736
QQ:/cc/rr: 0.000000000 0.999983003 0.000016997
QQ:/crc/: 0.987232344 0.012767656 0.000000000
QQ:/crc/cr: 0.999603574 0.000198213 0.000198213
QQ:/crc/rr: 0.000000000 0.999996155 0.000003845
QQ:/crrc/: 0.212516199 0.787483801 0.000000000
QQ:/crrc/cr: 0.999965133 0.000017434 0.000017434
QQ:/crrc/rr: 0.000000000 0.999903099 0.000096901
QQ:/rc/: 0.516313567 0.483686433 0.000000000
QQ:/rc/cr: 0.999990685 0.000004658 0.000004658
QQ:/rc/rr: 0.000000000 0.999993455 0.000006545
QQ:/rrc/: 0.971689312 0.028310688 0.000000000
QQ:/rrc/cr: 0.999920424 0.000039788 0.000039788
QQ:/rrc/rr: 0.000000000 0.999998261 0.000001739
