J:/c: 0.306791517 0.693208483 0.000000000
J:/crr: 0.000000000 0.999983702 0.000016298
J:/r: 0.053954896 0.126241086 0.819804018
JJ:/cc/c: 0.999992787 0.000007213 0.000000000
JJ:/cc/crr: 0.000000000 0.999996394 0.000003606
JJ:/cc/r: 0.999986670 0.000008522 0.000004809
JJ:/crc/c: 0.999983702 0.000016298 0.000000000
JJ:/crc/crr: 0.000000000 0.999991851 0.000008149
JJ:/crc/r: 0.999968755 0.000020379 0.000010865
JJ:/crrc/c: 0.999991851 0.000008149 0.000000000
JJ:/crrc/crr: 0.000000000 0.999995925 0.000004075
JJ:/crrc/r: 0.999989135 0.000005433 0.000005433
JJ:/rc/c: 0.999973595 0.000026405 0.000000000
JJ:/rc/crr: 0.000000000 0.999986797 0.000013203
JJ:/rc/r: 0.999956318 0.000026079 0.000017603
JJ:/rrc/c: 0.999938220 0.000061780 0.000000000
JJ:/rrc/crr: 0.000000000 0.999969108 0.000030892
JJ:/rrc/r: 0.999841051 0.000117763 0.000041187
JK:/cc/c: 0.003818978 0.996181022 0.000000000
JK:/cc/crr: 0.000000000 0.000944341 0.999055659
JK:/cc/r: 0.000012601 0.000004809 0.999982590
JK:/crc/c: 0.496394903 0.503605097 0.000000000
JK:/crc/crr: 0.000000000 0.000016416 0.999983584
JK:/crc/r: 0.045570172 0.000010865 0.954418962
JK:/crrc/c: 0.342643089 0.657356911 0.000000000
JK:/crrc/crr: 0.000000000 0.000011891 0.999988109
JK:/crrc/r: 0.262323954 0.000005433 0.737670614
JK:/rc/c: 0.388583787 0.611416213 0.000000000
JK:/rc/crr: 0.000000000 0.000033975 0.999966025
JK:/rc/r: 0.355656805 0.000017603 0.644325592
JK:/rrc/c: 0.999938220 0.000061780 0.000000000
JK:/rrc/crr: 0.000000000 0.000030892 0.999969108
JK:/rrc/r: 0.318694516 0.000041187 0.681264298
JQ:/cc/c: 0.074049095 0.925950905 0.000000000
JQ:/cc/crr: 0.000000000 0.000048703 0.999951297
JQ:/cc/r: 0.032704572 0.000004809 0.967290620
JQ:/crc/c: 0.436035004 0.563964996 0.000000000
JQ:/crc/crr: 0.000000000 0.000018689 0.999981311
JQ:/crc/r: 0.000011865 0.000010865 0.999977270
JQ:/crrc/c: 0.009564190 0.990435810 0.000000000
JQ:/crrc/crr: 0.000000000 0.000426016 0.999573984
JQ:/crrc/r: 0.264779954 0.000005433 0.735214613
JQ:/rc/c: 0.997739803 0.002260197 0.000000000
JQ:/rc/crr: 0.000000000 0.000013232 0.999986768
JQ:/rc/r: 0.000017603 0.000017603 0.999964794
JQ:/rrc/c: 0.004803018 0.995196982 0.000000000
JQ:/rrc/crr: 0.000000000 0.006431372 0.993568628
JQ:/rrc/r: 0.495330370 0.000041187 0.504628443
K:/c: 0.999969969 0.000030031 0.000000000
K:/crr: 0.000000000 0.999995000 0.000005000
K:/r: 0.581269247 0.418724086 0.000006667
KJ:/cc/c: 0.166497347 0.833502653 0.000000000
KJ:/cc/crr: 0.000000000 0.500000000 0.500000000
KJ:/cc/r: 0.488337586 0.246127991 0.265534423
KJ:/crc/c: 0.105678366 0.894321634 0.000000000
KJ:/crc/crr: 0.000000000 0.999976343 0.000023657
KJ:/crc/r: 0.000027598 0.758895519 0.241076883
KJ:/crrc/c: 0.348106712 0.651893288 0.000000000
KJ:/crrc/crr: 0.000000000 0.954759711 0.045240289
KJ:/crrc/r: 0.040589379 0.792293360 0.167117262
KJ:/rc/c: 0.430153841 0.569846159 0.000000000
KJ:/rc/crr: 0.000000000 0.973670807 0.026329193
KJ:/rc/r: 0.058988613 0.769545482 0.171465905
KJ:/rrc/c: 0.107051802 0.892948198 0.000000000
KJ:/rrc/crr: 0.000000000 0.999973216 0.000026784
KJ:/rrc/r: 0.032425231 0.915133716 0.052441053
KK:/cc/c: 0.833502653 0.166497347 0.000000000
KK:/cc/crr: 0.000000000 0.900121885 0.099878115
KK:/cc/r: 0.538701938 0.350299830 0.110998232
KK:/crc/c: 0.999995000 0.000005000 0.000000000
KK:/crc/crr: 0.000000000 0.999997500 0.000002500
KK:/crc/r: 0.931446368 0.068550298 0.000003333
KK:/crrc/c: 0.999997500 0.000002500 0.000000000
KK:/crrc/crr: 0.000000000 0.999998750 0.000001250
KK:/crrc/r: 0.999983308 0.000015026 0.000001667
KK:/rc/c: 0.999992039 0.000007961 0.000000000
KK:/rc/crr: 0.000000000 0.999996020 0.000003980
KK:/rc/r: 0.999980977 0.000013716 0.000005307
KK:/rrc/c: 0.999994265 0.000005735 0.000000000
KK:/rrc/crr: 0.000000000 0.999997133 0.000002867
KK:/rrc/r: 0.999876015 0.000120162 0.000003823
KQ:/cc/c: 0.833000788 0.166999212 0.000000000
KQ:/cc/crr: 0.000000000 0.900061711 0.099938289
KQ:/cc/r: 0.453311196 0.435690573 0.110998232
KQ:/crc/c: 0.277611890 0.722388110 0.000000000
KQ:/crc/crr: 0.000000000 0.000331813 0.999668187
KQ:/crc/r: 0.000006950 0.445650398 0.554342652
KQ:/crrc/c: 0.662936040 0.337063960 0.000000000
KQ:/crrc/crr: 0.000000000 0.450544425 0.549455575
KQ:/crrc/r: 0.000004006 0.770299465 0.229696529
KQ:/rc/c: 0.001067108 0.998932892 0.000000000
KQ:/rc/crr: 0.000000000 0.003730033 0.996269967
KQ:/rc/r: 0.000017024 0.300813242 0.699169733
KQ:/rrc/c: 0.509568827 0.490431173 0.000000000
KQ:/rrc/crr: 0.000000000 0.443194001 0.556805999
KQ:/rrc/r: 0.058926363 0.577851075 0.363222562
Q:/c: 0.847431359 0.152568641 0.000000000
Q:/crr: 0.000000000 0.999994100 0.000005900
Q:/r: 0.371049849 0.628918089 0.000032062
QJ:/cc/c: 0.000032772 0.999967228 0.000000000
QJ:/cc/crr: 0.000000000 0.500000000 0.500000000
QJ:/cc/r: 0.000021848 0.000021848 0.999956304
QJ:/crc/c: 0.407694610 0.592305390 0.000000000
QJ:/crc/crr: 0.000000000 0.085910352 0.914089648
QJ:/crc/r: 0.000003933 0.000003933 0.999992133
QJ:/crrc/c: 0.000002950 0.999997050 0.000000000
QJ:/crrc/crr: 0.000000000 0.500000000 0.500000000
QJ:/crrc/r: 0.017174972 0.000001967 0.982823061
QJ:/rc/c: 0.000044442 0.999955558 0.000000000
QJ:/rc/crr: 0.000000000 0.059629069 0.940370931
QJ:/rc/r: 0.014904212 0.000003533 0.985092255
QJ:/rrc/c: 0.000008984 0.999991016 0.000000000
QJ:/rrc/crr: 0.000000000 0.500000000 0.500000000
QJ:/rrc/r: 0.000081856 0.000005989 0.999912155
QK:/cc/c: 0.261310263 0.738689737 0.000000000
QK:/cc/crr: 0.000000000 0.999937293 0.000062707
QK:/cc/r: 0.000092242 0.750862771 0.249044988
QK:/crc/c: 0.364929600 0.635070400 0.000000000
QK:/crc/crr: 0.000000000 0.003766040 0.996233960
QK:/crc/r: 0.000092835 0.482386951 0.517520215
QK:/crrc/c: 0.267784782 0.732215218 0.000000000
QK:/crrc/crr: 0.000000000 0.000979774 0.999020226
QK:/crrc/r: 0.000031945 0.251327000 0.748641055
QK:/rc/c: 0.369245643 0.630754357 0.000000000
QK:/rc/crr: 0.000000000 0.008799703 0.991200297
QK:/rc/r: 0.000013242 0.317810831 0.682175927
QK:/rrc/c: 0.432591922 0.567408078 0.000000000
QK:/rrc/crr: 0.000000000 0.063325650 0.936674350
QK:/rrc/r: 0.000070565 0.507011741 0.492917694
QQ:/cc/c: 0.999967228 0.000032772 0.000000000
QQ:/cc/crr: 0.000000000 0.999983613 0.000016387
QQ:/cc/r: 0.999929413 0.000048739 0.000021848
QQ:/crc/c: 0.999994100 0.000005900 0.000000000
QQ:/crc/crr: 0.000000000 0.999997050 0.000002950
QQ:/crc/r: 0.898371268 0.101624798 0.000003933
QQ:/crrc/c: 0.999997050 0.000002950 0.000000000
QQ:/crrc/crr: 0.000000000 0.999998525 0.000001475
QQ:/crrc/r: 0.999731736 0.000266297 0.000001967
QQ:/rc/c: 0.999994700 0.000005300 0.000000000
QQ:/rc/crr: 0.000000000 0.999997350 0.000002650
QQ:/rc/r: 0.999991992 0.000004475 0.000003533
QQ:/rrc/c: 0.999991016 0.000008984 0.000000000
QQ:/rrc/crr: 0.000000000 0.999995508 0.000004492
QQ:/rrc/r: 0.999955963 0.000038048 0.000005989
