J:/c: 0.300045596 0.699954404 0.000000000
J:/crr: 0.000000000 0.999983336 0.000016664
J:/r: 0.055215612 0.127808705 0.816975682
JJ:/cc/c: 0.999992857 0.000007143 0.000000000
JJ:/cc/crr: 0.000000000 0.999996428 0.000003572
JJ:/cc/r: 0.999990476 0.000004762 0.000004762
JJ:/crc/c: 0.999983336 0.000016664 0.000000000
JJ:/crc/crr: 0.000000000 0.999991668 0.000008332
JJ:/crc/r: 0.999880722 0.000108169 0.000011109
JJ:/crrc/c: 0.999991668 0.000008332 0.000000000
JJ:/crrc/crr: 0.000000000 0.999995834 0.000004166
JJ:/crrc/r: 0.999975504 0.000018941 0.000005555
JJ:/rc/c: 0.999973919 0.000026081 0.000000000
JJ:/rc/crr: 0.000000000 0.999986959 0.000013041
JJ:/rc/r: 0.999951522 0.000031091 0.000017387
JJ:/rrc/c: 0.999939631 0.000060369 0.000000000
JJ:/rrc/crr: 0.000000000 0.999969813 0.000030187
JJ:/rrc/r: 0.999801759 0.000157995 0.000040246
JK:/cc/c: 0.009721682 0.990278318 0.000000000
JK:/cc/crr: 0.000000000 0.000367391 0.999632609
JK:/cc/r: 0.000004762 0.000004762 0.999990476
JK:/crc/c: 0.537329506 0.462670494 0.000000000
JK:/crc/crr: 0.000000000 0.000015506 0.999984494
JK:/crc/r: 0.031814961 0.000011109 0.968173929
JK:/crrc/c: 0.427394741 0.572605259 0.000000000
JK:/crrc/crr: 0.000000000 0.000009748 0.999990252
JK:/crrc/r: 0.204951690 0.000005555 0.795042755
JK:/rc/c: 0.371056464 0.628943536 0.000000000
JK:/rc/crr: 0.000000000 0.000035144 0.999964856
JK:/rc/r: 0.360180334 0.000017387 0.639802279
JK:/rrc/c: 0.999896546 0.000103454 0.000000000
JK:/rrc/crr: 0.000000000 0.000030188 0.999969812
JK:/rrc/r: 0.305021093 0.000040246 0.694938661
JQ:/cc/c: 0.071922913 0.928077087 0.000000000
JQ:/cc/crr: 0.000000000 0.000049660 0.999950340
JQ:/cc/r: 0.031861348 0.000004762 0.968133890
JQ:/crc/c: 0.579516970 0.420483030 0.000000000
JQ:/crc/crr: 0.000000000 0.000014378 0.999985622
JQ:/crc/r: 0.008806201 0.000011109 0.991182689
JQ:/crrc/c: 0.034195486 0.965804514 0.000000000
JQ:/crrc/crr: 0.000000000 0.000121832 0.999878168
JQ:/crrc/r: 0.097053467 0.000005555 0.902940978
JQ:/rc/c: 0.994794554 0.005205446 0.000000000
JQ:/rc/crr: 0.000000000 0.000013109 0.999986891
JQ:/rc/r: 0.000017387 0.000017387 0.999965226
JQ:/rrc/c: 0.007270695 0.992729305 0.000000000
JQ:/rrc/crr: 0.000000000 0.004151556 0.995848444
JQ:/rrc/r: 0.461017168 0.000040246 0.538942586
K:/c: 0.999954441 0.000045559 0.000000000
K:/crr: 0.000000000 0.999995000 0.000005000
K:/r: 0.583202244 0.416791090 0.000006667
KJ:/cc/c: 0.112153355 0.887846645 0.000000000
KJ:/cc/crr: 0.000000000 0.510724557 0.489275443
KJ:/cc/r: 0.345366011 0.151609165 0.503024825
KJ:/crc/c: 0.180433878 0.819566122 0.000000000
KJ:/crc/crr: 0.000000000 0.999986144 0.000013856
KJ:/crc/r: 0.000048094 0.718877772 0.281074135
KJ:/crrc/c: 0.317178700 0.682821300 0.000000000
KJ:/crrc/crr: 0.000000000 0.826809108 0.173190892
KJ:/crrc/r: 0.046585595 0.829626766 0.123787638
KJ:/rc/c: 0.484631066 0.515368934 0.000000000
KJ:/rc/crr: 0.000000000 0.663699094 0.336300906
KJ:/rc/r: 0.007238282 0.797111207 0.195650511
KJ:/rrc/c: 0.162804310 0.837195690 0.000000000
KJ:/rrc/crr: 0.000000000 0.999982447 0.000017553
KJ:/rrc/r: 0.042083154 0.884078531 0.073838315
KK:/cc/c: 0.890252235 0.109747765 0.000000000
KK:/cc/crr: 0.000000000 0.938361421 0.061638579
KK:/cc/r: 0.788887064 0.137947759 0.073165177
KK:/crc/c: 0.999995000 0.000005000 0.000000000
KK:/crc/crr: 0.000000000 0.999997500 0.000002500
KK:/crc/r: 0.999981933 0.000014734 0.000003333
KK:/crrc/c: 0.999997500 0.000002500 0.000000000
KK:/crrc/crr: 0.000000000 0.999998750 0.000001250
KK:/crrc/r: 0.999994474 0.000003859 0.000001667
KK:/rc/c: 0.999992002 0.000007998 0.000000000
KK:/rc/crr: 0.000000000 0.999996001 0.000003999
KK:/rc/r: 0.999980320 0.000014349 0.000005332
KK:/rrc/c: 0.999994284 0.000005716 0.000000000
KK:/rrc/crr: 0.000000000 0.999997142 0.000002858
KK:/rrc/r: 0.999714402 0.000281788 0.000003810
KQ:/cc/c: 0.553412688 0.446587312 0.000000000
KQ:/cc/crr: 0.000000000 0.900844553 0.099155447
KQ:/cc/r: 0.337013937 0.588864701 0.074121362
KQ:/crc/c: 0.011589414 0.988410586 0.000000000
KQ:/crc/crr: 0.000000000 0.061905356 0.938094644
KQ:/crc/r: 0.000014978 0.442409422 0.557575600
KQ:/crrc/c: 0.622158329 0.377841671 0.000000000
KQ:/crrc/crr: 0.000000000 0.397650240 0.602349760
KQ:/crrc/r: 0.001582551 0.797546882 0.200870567
KQ:/rc/c: 0.001164881 0.998835119 0.000000000
KQ:/rc/crr: 0.000000000 0.014489660 0.985510340
KQ:/rc/r: 0.000019835 0.306336354 0.693643812
KQ:/rrc/c: 0.499010380 0.500989620 0.000000000
KQ:/rrc/crr: 0.000000000 0.501487761 0.498512239
KQ:/rrc/r: 0.065412558 0.571135100 0.363452342
Q:/c: 0.847121708 0.152878292 0.000000000
Q:/crr: 0.000000000 0.999994098 0.000005902
Q:/r: 0.362370394 0.637597609 0.000031998
QJ:/cc/c: 0.000286498 0.999713502 0.000000000
QJ:/cc/crr: 0.000000000 0.057078434 0.942921566
QJ:/cc/r: 0.000021804 0.000021804 0.999956392
QJ:/crc/c: 0.407899608 0.592100392 0.000000000
QJ:/crc/crr: 0.000000000 0.000045934 0.999954066
QJ:/crc/r: 0.000324596 0.000003935 0.999671469
QJ:/crrc/c: 0.000058696 0.999941304 0.000000000
QJ:/crrc/crr: 0.000000000 0.025139525 0.974860475
QJ:/crrc/r: 0.015836315 0.000001967 0.984161718
QJ:/rc/c: 0.000042574 0.999957426 0.000000000
QJ:/rc/crr: 0.000000000 0.061398405 0.938601595
QJ:/rc/r: 0.021084037 0.000003485 0.978912478
QJ:/rrc/c: 0.000165410 0.999834590 0.000000000
QJ:/rrc/crr: 0.000000000 0.027805672 0.972194328
QJ:/rrc/r: 0.000087659 0.000006132 0.999906208
QK:/cc/c: 0.034758898 0.965241102 0.000000000
QK:/cc/crr: 0.000000000 0.999529534 0.000470466
QK:/cc/r: 0.000093463 0.725532779 0.274373759
QK:/crc/c: 0.305187483 0.694812517 0.000000000
QK:/crc/crr: 0.000000000 0.003081873 0.996918127
QK:/crc/r: 0.000142852 0.471321170 0.528535978
QK:/crrc/c: 0.130958138 0.869041862 0.000000000
QK:/crrc/crr: 0.000000000 0.002264815 0.997735185
QK:/crrc/r: 0.000050304 0.286558440 0.713391257
QK:/rc/c: 0.372583635 0.627416365 0.000000000
QK:/rc/crr: 0.000000000 0.001329023 0.998670977
QK:/rc/r: 0.000020664 0.309202496 0.690776840
QK:/rrc/c: 0.421712198 0.578287802 0.000000000
QK:/rrc/crr: 0.000000000 0.033226711 0.966773289
QK:/rrc/r: 0.000075907 0.499490166 0.500433927
QQ:/cc/c: 0.999967294 0.000032706 0.000000000
QQ:/cc/crr: 0.000000000 0.999983647 0.000016353
QQ:/cc/r: 0.999935454 0.000042742 0.000021804
QQ:/crc/c: 0.999994098 0.000005902 0.000000000
QQ:/crc/crr: 0.000000000 0.999997049 0.000002951
QQ:/crc/r: 0.999958113 0.000037952 0.000003935
QQ:/crrc/c: 0.999997049 0.000002951 0.000000000
QQ:/crrc/crr: 0.000000000 0.999998524 0.000001476
QQ:/crrc/r: 0.999996065 0.000001967 0.000001967
QQ:/rc/c: 0.999994772 0.000005228 0.000000000
QQ:/rc/crr: 0.000000000 0.999997386 0.000002614
QQ:/rc/r: 0.999992336 0.000004178 0.000003485
QQ:/rrc/c: 0.999990801 0.000009199 0.000000000
QQ:/rrc/crr: 0.000000000 0.999995401 0.000004599
QQ:/rrc/r: 0.999960247 0.000033621 0.000006132
