J:/c: 0.294097130 0.705902870 0.000000000
J:/crr: 0.000000000 0.999982999 0.000017001
J:/r: 0.055455107 0.128934672 0.815610220
JJ:/cc/c: 0.999992917 0.000007083 0.000000000
JJ:/cc/crr: 0.000000000 0.999996458 0.000003542
JJ:/cc/r: 0.999990556 0.000004722 0.000004722
JJ:/crc/c: 0.999982999 0.000017001 0.000000000
JJ:/crc/crr: 0.000000000 0.999991499 0.000008501
JJ:/crc/r: 0.999955643 0.000033023 0.000011334
JJ:/crrc/c: 0.999991499 0.000008501 0.000000000
JJ:/crrc/crr: 0.000000000 0.999995750 0.000004250
JJ:/crrc/r: 0.999974607 0.000019726 0.000005667
JJ:/rc/c: 0.999974147 0.000025853 0.000000000
JJ:/rc/crr: 0.000000000 0.999987073 0.000012927
JJ:/rc/r: 0.999958981 0.000023783 0.000017235
JJ:/rrc/c: 0.999939891 0.000060109 0.000000000
JJ:/rrc/crr: 0.000000000 0.999969944 0.000030056
JJ:/rrc/r: 0.999763750 0.000196178 0.000040072
JK:/cc/c: 0.006731886 0.993268114 0.000000000
JK:/cc/crr: 0.000000000 0.000526088 0.999473912
JK:/cc/r: 0.000004722 0.000004722 0.999990556
JK:/crc/c: 0.531377552 0.468622448 0.000000000
JK:/crc/crr: 0.000000000 0.000015997 0.999984003
JK:/crc/r: 0.108230619 0.000011334 0.891758047
JK:/crrc/c: 0.372389937 0.627610063 0.000000000
JK:/crrc/crr: 0.000000000 0.000011414 0.999988586
JK:/crrc/r: 0.202082508 0.000005667 0.797911825
JK:/rc/c: 0.395954901 0.604045099 0.000000000
JK:/rc/crr: 0.000000000 0.000032646 0.999967354
JK:/rc/r: 0.354102459 0.000017235 0.645880306
JK:/rrc/c: 0.999836645 0.000163355 0.000000000
JK:/rrc/crr: 0.000000000 0.000030059 0.999969941
JK:/rrc/r: 0.283746373 0.000040072 0.716213555
JQ:/cc/c: 0.068134369 0.931865631 0.000000000
JQ:/cc/crr: 0.000000000 0.000051979 0.999948021
JQ:/cc/r: 0.033952023 0.000004722 0.966043255
JQ:/crc/c: 0.429814029 0.570185971 0.000000000
JQ:/crc/crr: 0.000000000 0.000019777 0.999980223
JQ:/crc/r: 0.109564195 0.000011334 0.890424471
JQ:/crrc/c: 0.052454599 0.947545401 0.000000000
JQ:/crrc/crr: 0.000000000 0.000081029 0.999918971
JQ:/crrc/r: 0.298234678 0.000005667 0.701759655
JQ:/rc/c: 0.996729367 0.003270633 0.000000000
JQ:/rc/crr: 0.000000000 0.000012969 0.999987031
JQ:/rc/r: 0.000052182 0.000017235 0.999930583
JQ:/rrc/c: 0.039746797 0.960253203 0.000000000
JQ:/rrc/crr: 0.000000000 0.000756145 0.999243855
JQ:/rrc/r: 0.474506623 0.000040072 0.525453305
K:/c: 0.999969438 0.000030562 0.000000000
K:/crr: 0.000000000 0.999995000 0.000005000
K:/r: 0.576936772 0.423056561 0.000006667
KJ:/cc/c: 0.476513505 0.523486495 0.000000000
KJ:/cc/crr: 0.000000000 0.828332458 0.171667542
KJ:/cc/r: 0.507513680 0.212336921 0.280149399
KJ:/crc/c: 0.114804737 0.885195263 0.000000000
KJ:/crc/crr: 0.000000000 0.999978223 0.000021777
KJ:/crc/r: 0.000096045 0.737886202 0.262017753
KJ:/crrc/c: 0.417534366 0.582465634 0.000000000
KJ:/crrc/crr: 0.000000000 0.999997006 0.000002994
KJ:/crrc/r: 0.026973622 0.834070036 0.138956342
KJ:/rc/c: 0.436404603 0.563595397 0.000000000
KJ:/rc/crr: 0.000000000 0.753747287 0.246252713
KJ:/rc/r: 0.022314678 0.748324002 0.229361320
KJ:/rrc/c: 0.145936274 0.854063726 0.000000000
KJ:/rrc/crr: 0.000000000 0.989986299 0.010013701
KJ:/rrc/r: 0.047019282 0.897685006 0.055295712
KK:/cc/c: 0.836396196 0.163603804 0.000000000
KK:/cc/crr: 0.000000000 0.902197185 0.097802815
KK:/cc/r: 0.613276913 0.277653884 0.109069203
KK:/crc/c: 0.999995000 0.000005000 0.000000000
KK:/crc/crr: 0.000000000 0.999997500 0.000002500
KK:/crc/r: 0.999988780 0.000007887 0.000003333
KK:/crrc/c: 0.999997500 0.000002500 0.000000000
KK:/crrc/crr: 0.000000000 0.999998750 0.000001250
KK:/crrc/r: 0.999996667 0.000001667 0.000001667
KK:/rc/c: 0.999992121 0.000007879 0.000000000
KK:/rc/crr: 0.000000000 0.999996060 0.000003940
KK:/rc/r: 0.999978379 0.000016368 0.000005253
KK:/rrc/c: 0.999994222 0.000005778 0.000000000
KK:/rrc/crr: 0.000000000 0.999997111 0.000002889
KK:/rrc/r: 0.999797960 0.000198188 0.000003852
KQ:/cc/c: 0.827276802 0.172723198 0.000000000
KQ:/cc/crr: 0.000000000 0.901119067 0.098880933
KQ:/cc/r: 0.533738320 0.350697042 0.115564638
KQ:/crc/c: 0.311066364 0.688933636 0.000000000
KQ:/crc/crr: 0.000000000 0.000498648 0.999501352
KQ:/crc/r: 0.000031415 0.440788486 0.559180099
KQ:/crrc/c: 0.590603926 0.409396074 0.000000000
KQ:/crrc/crr: 0.000000000 0.443478145 0.556521855
KQ:/crrc/r: 0.000683915 0.681983647 0.317332437
KQ:/rc/c: 0.001577796 0.998422204 0.000000000
KQ:/rc/crr: 0.000000000 0.030810199 0.969189801
KQ:/rc/r: 0.000025778 0.303446608 0.696527614
KQ:/rrc/c: 0.493546521 0.506453479 0.000000000
KQ:/rrc/crr: 0.000000000 0.547431800 0.452568200
KQ:/rrc/r: 0.056152594 0.587872211 0.355975195
Q:/c: 0.845728522 0.154271478 0.000000000
Q:/crr: 0.000000000 0.999994088 0.000005912
Q:/r: 0.358250548 0.641690415 0.000059037
QJ:/cc/c: 0.000547145 0.999452855 0.000000000
QJ:/cc/crr: 0.000000000 0.029617743 0.970382257
QJ:/cc/r: 0.000021607 0.000021607 0.999956786
QJ:/crc/c: 0.466326778 0.533673222 0.000000000
QJ:/crc/crr: 0.000000000 0.001724758 0.998275242
QJ:/crc/r: 0.000197959 0.000003941 0.999798100
QJ:/crrc/c: 0.000072214 0.999927786 0.000000000
QJ:/crrc/crr: 0.000000000 0.020467239 0.979532761
QJ:/crrc/r: 0.020613394 0.000001971 0.979384636
QJ:/rc/c: 0.000035123 0.999964877 0.000000000
QJ:/rc/crr: 0.000000000 0.073949060 0.926050940
QJ:/rc/r: 0.020556970 0.000003463 0.979439567
QJ:/rrc/c: 0.000243439 0.999756561 0.000000000
QJ:/rrc/crr: 0.000000000 0.019110484 0.980889516
QJ:/rrc/r: 0.000082132 0.000006203 0.999911665
QK:/cc/c: 0.102589874 0.897410126 0.000000000
QK:/cc/crr: 0.000000000 0.999842039 0.000157961
QK:/cc/r: 0.000103677 0.759717322 0.240179001
QK:/crc/c: 0.357702636 0.642297364 0.000000000
QK:/crc/crr: 0.000000000 0.004731041 0.995268959
QK:/crc/r: 0.002220730 0.472941986 0.524837284
QK:/crrc/c: 0.186779862 0.813220138 0.000000000
QK:/crrc/crr: 0.000000000 0.002105575 0.997894425
QK:/crrc/r: 0.000067050 0.280766047 0.719166902
QK:/rc/c: 0.355852288 0.644147712 0.000000000
QK:/rc/crr: 0.000000000 0.055434402 0.944565598
QK:/rc/r: 0.000006982 0.309361646 0.690631371
QK:/rrc/c: 0.420920732 0.579079268 0.000000000
QK:/rrc/crr: 0.000000000 0.038625991 0.961374009
QK:/rrc/r: 0.000080084 0.507217689 0.492702226
QQ:/cc/c: 0.999967590 0.000032410 0.000000000
QQ:/cc/crr: 0.000000000 0.999983794 0.000016206
QQ:/cc/r: 0.999936978 0.000041415 0.000021607
QQ:/crc/c: 0.999994088 0.000005912 0.000000000
QQ:/crc/crr: 0.000000000 0.999997044 0.000002956
QQ:/crc/r: 0.999967536 0.000028522 0.000003941
QQ:/crrc/c: 0.999997044 0.000002956 0.000000000
QQ:/crrc/crr: 0.000000000 0.999998522 0.000001478
QQ:/crrc/r: 0.999996059 0.000001971 0.000001971
QQ:/rc/c: 0.999994805 0.000005195 0.000000000
QQ:/rc/crr: 0.000000000 0.999997403 0.000002597
QQ:/rc/r: 0.905124687 0.094871850 0.000003463
QQ:/rrc/c: 0.999990696 0.000009304 0.000000000
QQ:/rrc/crr: 0.000000000 0.999995348 0.000004652
QQ:/rrc/r: 0.999958673 0.000035124 0.000006203
