J:/c: 0.338438364 0.661561636 0.000000000
J:/crr: 0.000000000 0.999985226 0.000014774
J:/r: 0.054038935 0.141210163 0.804750902
JJ:/cc/c: 0.999992442 0.000007558 0.000000000
JJ:/cc/crr: 0.000000000 0.999996221 0.000003779
JJ:/cc/r: 0.999936578 0.000058383 0.000005039
JJ:/crc/c: 0.999985226 0.000014774 0.000000000
JJ:/crc/crr: 0.000000000 0.999992613 0.000007387
JJ:/crc/r: 0.999734176 0.000255975 0.000009849
JJ:/crrc/c: 0.999992613 0.000007387 0.000000000
JJ:/crrc/crr: 0.000000000 0.999996306 0.000003694
JJ:/crrc/r: 0.999990151 0.000004925 0.000004925
JJ:/rc/c: 0.999976395 0.000023605 0.000000000
JJ:/rc/crr: 0.000000000 0.999988197 0.000011803
JJ:/rc/r: 0.999968526 0.000015737 0.000015737
JJ:/rrc/c: 0.999938316 0.000061684 0.000000000
JJ:/rrc/crr: 0.000000000 0.999969156 0.000030844
JJ:/rrc/r: 0.999917755 0.000041123 0.000041123
JK:/cc/c: 0.008106609 0.991893391 0.000000000
JK:/cc/crr: 0.000000000 0.000466155 0.999533845
JK:/cc/r: 0.000015944 0.000005039 0.999979017
JK:/crc/c: 0.468858253 0.531141747 0.000000000
JK:/crc/crr: 0.000000000 0.000015755 0.999984245
JK:/crc/r: 0.000009849 0.000009849 0.999980302
JK:/crrc/c: 0.839617476 0.160382524 0.000000000
JK:/crrc/crr: 0.000000000 0.000004399 0.999995601
JK:/crrc/r: 0.002457305 0.000004925 0.997537771
JK:/rc/c: 0.383642441 0.616357559 0.000000000
JK:/rc/crr: 0.000000000 0.000030765 0.999969235
JK:/rc/r: 0.362552567 0.000015737 0.637431696
JK:/rrc/c: 0.999938316 0.000061684 0.000000000
JK:/rrc/crr: 0.000000000 0.000030844 0.999969156
JK:/rrc/r: 0.220953372 0.000041123 0.779005506
JQ:/cc/c: 0.000007558 0.999992442 0.000000000
JQ:/cc/crr: 0.000000000 0.500000000 0.500000000
JQ:/cc/r: 0.000008565 0.000005039 0.999986396
JQ:/crc/c: 0.502554896 0.497445104 0.000000000
JQ:/crc/crr: 0.000000000 0.000014699 0.999985301
JQ:/crc/r: 0.000009849 0.000009849 0.999980302
JQ:/crrc/c: 0.042770853 0.957229147 0.000000000
JQ:/crrc/crr: 0.000000000 0.000086355 0.999913645
JQ:/crrc/r: 0.232062720 0.000004925 0.767932356
JQ:/rc/c: 0.999470634 0.000529366 0.000000000
JQ:/rc/crr: 0.000000000 0.000011809 0.999988191
JQ:/rc/r: 0.000015737 0.000015737 0.999968526
JQ:/rrc/c: 0.000061684 0.999938316 0.000000000
JQ:/rrc/crr: 0.000000000 0.500000000 0.500000000
JQ:/rrc/r: 0.487937089 0.000041123 0.512021789
K:/c: 0.999846446 0.000153554 0.000000000
K:/crr: 0.000000000 0.999994999 0.000005001
K:/r: 0.535579553 0.464413781 0.000006667
KJ:/cc/c: 0.032561738 0.967438262 0.000000000
KJ:/cc/crr: 0.000000000 0.500000000 0.500000000
KJ:/cc/r: 0.021707825 0.021707825 0.956584349
KJ:/crc/c: 0.178543305 0.821456695 0.000000000
KJ:/crc/crr: 0.000000000 0.999985996 0.000014004
KJ:/crc/r: 0.000003334 0.717119287 0.282877379
KJ:/crrc/c: 0.450412094 0.549587906 0.000000000
KJ:/crrc/crr: 0.000000000 0.999997224 0.000002776
KJ:/crrc/r: 0.000002715 0.999982595 0.000014690
KJ:/rc/c: 0.428112843 0.571887157 0.000000000
KJ:/rc/crr: 0.000000000 0.603151219 0.396848781
KJ:/rc/r: 0.036478090 0.753190612 0.210331299
KJ:/rrc/c: 0.446835480 0.553164520 0.000000000
KJ:/rrc/crr: 0.000000000 0.999993036 0.000006964
KJ:/rrc/r: 0.000018118 0.999977733 0.000004149
KK:/cc/c: 0.967438262 0.032561738 0.000000000
KK:/cc/crr: 0.000000000 0.983171154 0.016828846
KK:/cc/r: 0.956584349 0.021707825 0.021707825
KK:/crc/c: 0.999994999 0.000005001 0.000000000
KK:/crc/crr: 0.000000000 0.999997500 0.000002500
KK:/crc/r: 0.991744250 0.008252416 0.000003334
KK:/crrc/c: 0.999997500 0.000002500 0.000000000
KK:/crrc/crr: 0.000000000 0.999998750 0.000001250
KK:/crrc/r: 0.997396973 0.002601360 0.000001667
KK:/rc/c: 0.999992822 0.000007178 0.000000000
KK:/rc/crr: 0.000000000 0.999996411 0.000003589
KK:/rc/r: 0.999956853 0.000038362 0.000004785
KK:/rrc/c: 0.999993776 0.000006224 0.000000000
KK:/rrc/crr: 0.000000000 0.999996888 0.000003112
KK:/rrc/r: 0.999410186 0.000585665 0.000004149
KQ:/cc/c: 0.032561738 0.967438262 0.000000000
KQ:/cc/crr: 0.000000000 0.500000000 0.500000000
KQ:/cc/r: 0.021707825 0.956584349 0.021707825
KQ:/crc/c: 0.000095996 0.999904004 0.000000000
KQ:/crc/crr: 0.000000000 0.973953334 0.026046666
KQ:/crc/r: 0.000003334 0.522906634 0.477090032
KQ:/crrc/c: 0.580784561 0.419215439 0.000000000
KQ:/crrc/crr: 0.000000000 0.407847990 0.592152010
KQ:/crrc/r: 0.000011740 0.673202480 0.326785781
KQ:/rc/c: 0.000085384 0.999914616 0.000000000
KQ:/rc/crr: 0.000000000 0.042030918 0.957969082
KQ:/rc/r: 0.000004785 0.310593528 0.689401687
KQ:/rrc/c: 0.415052666 0.584947334 0.000000000
KQ:/rrc/crr: 0.000000000 0.999992502 0.000007498
KQ:/rrc/r: 0.000074426 0.738529292 0.261396282
Q:/c: 0.834033288 0.165966712 0.000000000
Q:/crr: 0.000000000 0.999994005 0.000005995
Q:/r: 0.294994656 0.704969848 0.000035496
QJ:/cc/c: 0.000030127 0.999969873 0.000000000
QJ:/cc/crr: 0.000000000 0.500000000 0.500000000
QJ:/cc/r: 0.000020084 0.000020084 0.999959831
QJ:/crc/c: 0.414778931 0.585221069 0.000000000
QJ:/crc/crr: 0.000000000 0.000024249 0.999975751
QJ:/crc/r: 0.000003997 0.000003997 0.999992007
QJ:/crrc/c: 0.000002998 0.999997002 0.000000000
QJ:/crrc/crr: 0.000000000 0.500000000 0.500000000
QJ:/crrc/r: 0.000123452 0.000001998 0.999874550
QJ:/rc/c: 0.000004728 0.999995272 0.000000000
QJ:/rc/crr: 0.000000000 0.500000000 0.500000000
QJ:/rc/r: 0.000003152 0.000003152 0.999993696
QJ:/rrc/c: 0.000011300 0.999988700 0.000000000
QJ:/rrc/crr: 0.000000000 0.500000000 0.500000000
QJ:/rrc/r: 0.000007533 0.000007533 0.999984934
QK:/cc/c: 0.054782766 0.945217234 0.000000000
QK:/cc/crr: 0.000000000 0.999725036 0.000274964
QK:/cc/r: 0.000068540 0.740559251 0.259372209
QK:/crc/c: 0.329653696 0.670346304 0.000000000
QK:/crc/crr: 0.000000000 0.000009093 0.999990907
QK:/crc/r: 0.000010035 0.486415165 0.513574800
QK:/crrc/c: 0.000002998 0.999997002 0.000000000
QK:/crrc/crr: 0.000000000 0.500000000 0.500000000
QK:/crrc/r: 0.000017159 0.349542989 0.650439852
QK:/rc/c: 0.378770845 0.621229155 0.000000000
QK:/rc/crr: 0.000000000 0.000168098 0.999831902
QK:/rc/r: 0.000003152 0.316154459 0.683842389
QK:/rrc/c: 0.427167870 0.572832130 0.000000000
QK:/rrc/crr: 0.000000000 0.000271654 0.999728346
QK:/rrc/r: 0.000007533 0.506397725 0.493594741
QQ:/cc/c: 0.999969873 0.000030127 0.000000000
QQ:/cc/crr: 0.000000000 0.999984936 0.000015064
QQ:/cc/r: 0.994141899 0.005838017 0.000020084
QQ:/crc/c: 0.999994005 0.000005995 0.000000000
QQ:/crc/crr: 0.000000000 0.999997002 0.000002998
QQ:/crc/r: 0.929929090 0.070066913 0.000003997
QQ:/crrc/c: 0.999997002 0.000002998 0.000000000
QQ:/crrc/crr: 0.000000000 0.999998501 0.000001499
QQ:/crrc/r: 0.999975311 0.000022691 0.000001998
QQ:/rc/c: 0.999995272 0.000004728 0.000000000
QQ:/rc/crr: 0.000000000 0.999997636 0.000002364
QQ:/rc/r: 0.997077453 0.002919395 0.000003152
QQ:/rrc/c: 0.999988700 0.000011300 0.000000000
QQ:/rrc/crr: 0.000000000 0.999994350 0.000005650
QQ:/rrc/r: 0.999981024 0.000011443 0.000007533
