J:/c: 0.313872868 0.686127132 0.000000000
J:/crr: 0.000000000 0.999984070 0.000015930
J:/r: 0.053616432 0.120409105 0.825974463
JJ:/cc/c: 0.999992713 0.000007287 0.000000000
JJ:/cc/crr: 0.000000000 0.999996356 0.000003644
JJ:/cc/r: 0.999990284 0.000004858 0.000004858
JJ:/crc/c: 0.999984070 0.000015930 0.000000000
JJ:/crc/crr: 0.000000000 0.999992035 0.000007965
JJ:/crc/r: 0.999953323 0.000036057 0.000010620
JJ:/crrc/c: 0.999992035 0.000007965 0.000000000
JJ:/crrc/crr: 0.000000000 0.999996017 0.000003983
JJ:/crrc/r: 0.999961675 0.000033015 0.000005310
JJ:/rc/c: 0.999972317 0.000027683 0.000000000
JJ:/rc/crr: 0.000000000 0.999986158 0.000013842
JJ:/rc/r: 0.999944375 0.000037169 0.000018456
JJ:/rrc/c: 0.999937830 0.000062170 0.000000000
JJ:/rrc/crr: 0.000000000 0.999968913 0.000031087
JJ:/rrc/r: 0.999917107 0.000041447 0.000041447
JK:/cc/c: 0.000007287 0.999992713 0.000000000
JK:/cc/crr: 0.000000000 0.500000000 0.500000000
JK:/cc/r: 0.000004858 0.000004858 0.999990284
JK:/crc/c: 0.518505776 0.481494224 0.000000000
JK:/crc/crr: 0.000000000 0.000015361 0.999984639
JK:/crc/r: 0.081939016 0.000010620 0.918050364
JK:/crrc/c: 0.989129425 0.010870575 0.000000000
JK:/crrc/crr: 0.000000000 0.000004026 0.999995974
JK:/crrc/r: 0.288595886 0.000005310 0.711398804
JK:/rc/c: 0.451581397 0.548418603 0.000000000
JK:/rc/crr: 0.000000000 0.000030652 0.999969348
JK:/rc/r: 0.380707142 0.000018456 0.619274402
JK:/rrc/c: 0.999937830 0.000062170 0.000000000
JK:/rrc/crr: 0.000000000 0.000031087 0.999968913
JK:/rrc/r: 0.348859429 0.000041447 0.651099125
JQ:/cc/c: 0.070808624 0.929191376 0.000000000
JQ:/cc/crr: 0.000000000 0.000051458 0.999948542
JQ:/cc/r: 0.029802353 0.000004858 0.970192789
JQ:/crc/c: 0.534061039 0.465938961 0.000000000
JQ:/crc/crr: 0.000000000 0.000014914 0.999985086
JQ:/crc/r: 0.000054046 0.000010620 0.999935334
JQ:/crrc/c: 0.000891456 0.999108544 0.000000000
JQ:/crrc/crr: 0.000000000 0.004467485 0.995532515
JQ:/crrc/r: 0.010534085 0.000005310 0.989460605
JQ:/rc/c: 0.999569158 0.000430842 0.000000000
JQ:/rc/crr: 0.000000000 0.000013848 0.999986152
JQ:/rc/r: 0.000018456 0.000018456 0.999963089
JQ:/rrc/c: 0.007490360 0.992509640 0.000000000
JQ:/rrc/crr: 0.000000000 0.004150000 0.995850000
JQ:/rrc/r: 0.674563458 0.000041447 0.325395095
K:/c: 0.999990000 0.000010000 0.000000000
K:/crr: 0.000000000 0.999995000 0.000005000
K:/r: 0.590190913 0.409802420 0.000006667
KJ:/cc/c: 0.500000000 0.500000000 0.000000000
KJ:/cc/crr: 0.000000000 0.500000000 0.500000000
KJ:/cc/r: 0.333333333 0.333333333 0.333333333
KJ:/crc/c: 0.070395306 0.929604694 0.000000000
KJ:/crc/crr: 0.000000000 0.999964486 0.000035514
KJ:/crc/r: 0.000003333 0.723743530 0.276253137
KJ:/crrc/c: 0.340194195 0.659805805 0.000000000
KJ:/crrc/crr: 0.000000000 0.999996326 0.000003674
KJ:/crrc/r: 0.034157415 0.801803950 0.164038635
KJ:/rc/c: 0.422062718 0.577937282 0.000000000
KJ:/rc/crr: 0.000000000 0.993995419 0.006004581
KJ:/rc/r: 0.059581719 0.736621117 0.203797164
KJ:/rrc/c: 0.156649594 0.843350406 0.000000000
KJ:/rrc/crr: 0.000000000 0.999981973 0.000018027
KJ:/rrc/r: 0.000159735 0.950455028 0.049385237
KK:/cc/c: 0.500000000 0.500000000 0.000000000
KK:/cc/crr: 0.000000000 0.500000000 0.500000000
KK:/cc/r: 0.333333333 0.333333333 0.333333333
KK:/crc/c: 0.999995000 0.000005000 0.000000000
KK:/crc/crr: 0.000000000 0.999997500 0.000002500
KK:/crc/r: 0.995558741 0.004437926 0.000003333
KK:/crrc/c: 0.999997500 0.000002500 0.000000000
KK:/crrc/crr: 0.000000000 0.999998750 0.000001250
KK:/crrc/r: 0.999743376 0.000254958 0.000001667
KK:/rc/c: 0.999991866 0.000008134 0.000000000
KK:/rc/crr: 0.000000000 0.999995933 0.000004067
KK:/rc/r: 0.999974406 0.000020171 0.000005423
KK:/rrc/c: 0.999994352 0.000005648 0.000000000
KK:/rrc/crr: 0.000000000 0.999997176 0.000002824
KK:/rrc/r: 0.997399431 0.002596804 0.000003765
KQ:/cc/c: 0.500000000 0.500000000 0.000000000
KQ:/cc/crr: 0.000000000 0.500000000 0.500000000
KQ:/cc/r: 0.333333333 0.333333333 0.333333333
KQ:/crc/c: 0.174010563 0.825989437 0.000000000
KQ:/crc/crr: 0.000000000 0.000974853 0.999025147
KQ:/crc/r: 0.000011532 0.439559856 0.560428612
KQ:/crrc/c: 0.679617553 0.320382447 0.000000000
KQ:/crrc/crr: 0.000000000 0.444553846 0.555446154
KQ:/crrc/r: 0.000037187 0.935589504 0.064373309
KQ:/rc/c: 0.000008134 0.999991866 0.000000000
KQ:/rc/crr: 0.000000000 0.500000000 0.500000000
KQ:/rc/r: 0.000009661 0.291629104 0.708361235
KQ:/rrc/c: 0.522848815 0.477151185 0.000000000
KQ:/rrc/crr: 0.000000000 0.419362617 0.580637383
KQ:/rrc/r: 0.000107879 0.648494546 0.351397574
Q:/c: 0.846641862 0.153358138 0.000000000
Q:/crr: 0.000000000 0.999994094 0.000005906
Q:/r: 0.396161657 0.603810185 0.000028158
QJ:/cc/c: 0.000032603 0.999967397 0.000000000
QJ:/cc/crr: 0.000000000 0.500000000 0.500000000
QJ:/cc/r: 0.000021736 0.000021736 0.999956529
QJ:/crc/c: 0.430050743 0.569949257 0.000000000
QJ:/crc/crr: 0.000000000 0.000582596 0.999417404
QJ:/crc/r: 0.000003937 0.000003937 0.999992126
QJ:/crrc/c: 0.000002953 0.999997047 0.000000000
QJ:/crrc/crr: 0.000000000 0.500000000 0.500000000
QJ:/crrc/r: 0.016243808 0.000001969 0.983754223
QJ:/rc/c: 0.000005520 0.999994480 0.000000000
QJ:/rc/crr: 0.000000000 0.500000000 0.500000000
QJ:/rc/r: 0.000053989 0.000003680 0.999942331
QJ:/rrc/c: 0.000008414 0.999991586 0.000000000
QJ:/rrc/crr: 0.000000000 0.500000000 0.500000000
QJ:/rrc/r: 0.000005609 0.000005609 0.999988781
QK:/cc/c: 0.000640248 0.999359752 0.000000000
QK:/cc/crr: 0.000000000 0.974538449 0.025461551
QK:/cc/r: 0.000021736 0.710188248 0.289790016
QK:/crc/c: 0.304313575 0.695686425 0.000000000
QK:/crc/crr: 0.000000000 0.000017555 0.999982445
QK:/crc/r: 0.000022472 0.438631739 0.561345789
QK:/crrc/c: 0.000264522 0.999735478 0.000000000
QK:/crrc/crr: 0.000000000 0.164241925 0.835758075
QK:/crrc/r: 0.000014488 0.243490935 0.756494578
QK:/rc/c: 0.311481769 0.688518231 0.000000000
QK:/rc/crr: 0.000000000 0.000187744 0.999812256
QK:/rc/r: 0.000007969 0.260160237 0.739831794
QK:/rrc/c: 0.433134027 0.566865973 0.000000000
QK:/rrc/crr: 0.000000000 0.099920968 0.900079032
QK:/rrc/r: 0.000017064 0.517603443 0.482379493
QQ:/cc/c: 0.999967397 0.000032603 0.000000000
QQ:/cc/crr: 0.000000000 0.999983698 0.000016302
QQ:/cc/r: 0.999952745 0.000025519 0.000021736
QQ:/crc/c: 0.999994094 0.000005906 0.000000000
QQ:/crc/crr: 0.000000000 0.999997047 0.000002953
QQ:/crc/r: 0.998685776 0.001310287 0.000003937
QQ:/crrc/c: 0.999997047 0.000002953 0.000000000
QQ:/crrc/crr: 0.000000000 0.999998524 0.000001476
QQ:/crrc/r: 0.999942464 0.000055567 0.000001969
QQ:/rc/c: 0.999994480 0.000005520 0.000000000
QQ:/rc/crr: 0.000000000 0.999997240 0.000002760
QQ:/rc/r: 0.988503201 0.011493119 0.000003680
QQ:/rrc/c: 0.999991586 0.000008414 0.000000000
QQ:/rrc/crr: 0.000000000 0.999995793 0.000004207
QQ:/rrc/r: 0.999969977 0.000024413 0.000005609
