J:/: 0.078353384 0.921646616 0.000000000
J:/cr: 0.017761436 0.034267997 0.947970568
J:/rr: 0.000000000 0.999936187 0.000063813
JJ:/cc/: 0.000339564 0.999660436 0.000000000
JJ:/cc/cr: 0.999996382 0.000001809 0.000001809
JJ:/cc/rr: 0.000000000 0.992011713 0.007988287
JJ:/crc/: 0.947713664 0.052286336 0.000000000
JJ:/crc/cr: 0.999327153 0.000336423 0.000336423
JJ:/crc/rr: 0.000000000 0.999972159 0.000027841
JJ:/crrc/: 0.975187911 0.024812089 0.000000000
JJ:/crrc/cr: 0.997264406 0.001367797 0.001367797
JJ:/crrc/rr: 0.000000000 0.999947798 0.000052202
JJ:/rc/: 0.933588999 0.066411001 0.000000000
JJ:/rc/cr: 0.999359409 0.000320296 0.000320296
JJ:/rc/rr: 0.000000000 0.999965824 0.000034176
JJ:/rrc/: 0.997647562 0.002352438 0.000000000
JJ:/rrc/cr: 0.990957251 0.004521374 0.004521374
JJ:/rrc/rr: 0.000000000 0.999984008 0.000015992
JK:/cc/: 0.075885332 0.924114668 0.000000000
JK:/cc/cr: 0.000004730 0.000001957 0.999993313
JK:/cc/rr: 0.000000000 0.000035745 0.999964255
JK:/crc/: 0.076821943 0.923178057 0.000000000
JK:/crc/cr: 0.040726672 0.000019054 0.959254274
JK:/crc/rr: 0.000000000 0.000343463 0.999656537
JK:/crrc/: 0.999808165 0.000191835 0.000000000
JK:/crrc/cr: 0.593437049 0.176911713 0.229651239
JK:/crrc/rr: 0.000000000 0.000050917 0.999949083
JK:/rc/: 0.989951253 0.010048747 0.000000000
JK:/rc/cr: 0.923487357 0.002116796 0.074395847
JK:/rc/rr: 0.000000000 0.000032231 0.999967769
JK:/rrc/: 0.514234035 0.485765965 0.000000000
JK:/rrc/cr: 0.822830053 0.000021896 0.177148051
JK:/rrc/rr: 0.000000000 0.000031026 0.999968974
JQ:/cc/: 0.179752851 0.820247149 0.000000000
JQ:/cc/cr: 0.000006307 0.000002205 0.999991489
JQ:/cc/rr: 0.000000000 0.000015090 0.999984910
JQ:/crc/: 0.990324521 0.009675479 0.000000000
JQ:/crc/cr: 0.251495599 0.001818034 0.746686368
JQ:/crc/rr: 0.000000000 0.000026643 0.999973357
JQ:/crrc/: 0.026059455 0.973940545 0.000000000
JQ:/crrc/cr: 0.199477629 0.000034846 0.800487525
JQ:/crrc/rr: 0.000000000 0.001953489 0.998046511
JQ:/rc/: 0.993662747 0.006337253 0.000000000
JQ:/rc/cr: 0.003356525 0.003356525 0.993286949
JQ:/rc/rr: 0.000000000 0.000032110 0.999967890
JQ:/rrc/: 0.161651442 0.838348558 0.000000000
JQ:/rrc/cr: 0.000136343 0.000012687 0.999850969
JQ:/rrc/rr: 0.000000000 0.000098696 0.999901304
K:/: 0.757142374 0.242857626 0.000000000
K:/cr: 0.694501447 0.305484827 0.000013725
K:/rr: 0.000000000 0.999993396 0.000006604
KJ:/cc/: 0.000055607 0.999944393 0.000000000
KJ:/cc/cr: 0.000049744 0.000009207 0.999941048
KJ:/cc/rr: 0.000000000 0.814877018 0.185122982
KJ:/crc/: 0.000153326 0.999846674 0.000000000
KJ:/crc/cr: 0.000841537 0.999150973 0.000007489
KJ:/crc/rr: 0.000000000 0.926740949 0.073259051
KJ:/crrc/: 0.079536003 0.920463997 0.000000000
KJ:/crrc/cr: 0.000677043 0.996416023 0.002906935
KJ:/crrc/rr: 0.000000000 0.580683587 0.419316413
KJ:/rc/: 0.061622672 0.938377328 0.000000000
KJ:/rc/cr: 0.004998687 0.975370763 0.019630551
KJ:/rc/rr: 0.000000000 0.288211993 0.711788007
KJ:/rrc/: 0.087627938 0.912372062 0.000000000
KJ:/rrc/cr: 0.001409638 0.998089810 0.000500552
KJ:/rrc/rr: 0.000000000 0.564028282 0.435971718
KK:/cc/: 0.999572162 0.000427838 0.000000000
KK:/cc/cr: 0.967919030 0.016040485 0.016040485
KK:/cc/rr: 0.000000000 0.999989701 0.000010299
KK:/crc/: 0.157208612 0.842791388 0.000000000
KK:/crc/cr: 0.999982230 0.000008885 0.000008885
KK:/crc/rr: 0.000000000 0.999928550 0.000071450
KK:/crrc/: 0.985711668 0.014288332 0.000000000
KK:/crrc/cr: 0.999538947 0.000230527 0.000230527
KK:/crrc/rr: 0.000000000 0.999994988 0.000005012
KK:/rc/: 0.853647713 0.146352287 0.000000000
KK:/rc/cr: 0.999969918 0.000015041 0.000015041
KK:/rc/rr: 0.000000000 0.999996132 0.000003868
KK:/rrc/: 0.527482599 0.472517401 0.000000000
KK:/rrc/cr: 0.999995341 0.000002329 0.000002329
KK:/rrc/rr: 0.000000000 0.999996870 0.000003130
KQ:/cc/: 0.000057776 0.999942224 0.000000000
KQ:/cc/cr: 0.000047312 0.467978432 0.531974256
KQ:/cc/rr: 0.000000000 0.821828231 0.178171769
KQ:/crc/: 0.897703144 0.102296856 0.000000000
KQ:/crc/cr: 0.000509285 0.515528394 0.483962322
KQ:/crc/rr: 0.000000000 0.000025524 0.999974476
KQ:/crrc/: 0.015842692 0.984157308 0.000000000
KQ:/crrc/cr: 0.011546061 0.683327127 0.305126811
KQ:/crrc/rr: 0.000000000 0.139870840 0.860129160
KQ:/rc/: 0.000262215 0.999737785 0.000000000
KQ:/rc/cr: 0.000032686 0.491007798 0.508959516
KQ:/rc/rr: 0.000000000 0.153623567 0.846376433
KQ:/rrc/: 0.676397243 0.323602757 0.000000000
KQ:/rrc/cr: 0.025418666 0.876428328 0.098153006
KQ:/rrc/rr: 0.000000000 0.385371537 0.614628463
Q:/: 0.747205103 0.252794897 0.000000000
Q:/cr: 0.178858601 0.820123379 0.001018020
Q:/rr: 0.000000000 0.999993308 0.000006692
QJ:/cc/: 0.000019779 0.999980221 0.000000000
QJ:/cc/cr: 0.000014176 0.000006593 0.999979231
QJ:/cc/rr: 0.000000000 0.500000000 0.500000000
QJ:/crc/: 0.028156466 0.971843534 0.000000000
QJ:/crc/cr: 0.003858231 0.000002757 0.996139012
QJ:/crc/rr: 0.000000000 0.000142756 0.999857244
QJ:/crrc/: 0.009015858 0.990984142 0.000000000
QJ:/crrc/cr: 0.000438462 0.000012399 0.999549139
QJ:/crrc/rr: 0.000000000 0.002044248 0.997955752
QJ:/rc/: 0.012452194 0.987547806 0.000000000
QJ:/rc/cr: 0.000003096 0.000002259 0.999994645
QJ:/rc/rr: 0.000000000 0.000268692 0.999731308
QJ:/rrc/: 0.000003346 0.999996654 0.000000000
QJ:/rrc/cr: 0.000017555 0.000001115 0.999981329
QJ:/rrc/rr: 0.000000000 0.500000000 0.500000000
QK:/cc/: 0.571813164 0.428186836 0.000000000
QK:/cc/cr: 0.996025238 0.003944759 0.000030003
QK:/cc/rr: 0.000000000 0.999982705 0.000017295
QK:/crc/: 0.001748138 0.998251862 0.000000000
QK:/crc/cr: 0.000002684 0.558631061 0.441366254
QK:/crc/rr: 0.000000000 0.002299300 0.997700700
QK:/crrc/: 0.848395417 0.151604583 0.000000000
QK:/crrc/cr: 0.000147938 0.741198792 0.258653270
QK:/crrc/rr: 0.000000000 0.000582359 0.999417641
QK:/rc/: 0.460490627 0.539509373 0.000000000
QK:/rc/cr: 0.028775786 0.515626830 0.455597384
QK:/rc/rr: 0.000000000 0.203750957 0.796249043
QK:/rrc/: 0.122524474 0.877475526 0.000000000
QK:/rrc/cr: 0.000001271 0.298620920 0.701377809
QK:/rrc/rr: 0.000000000 0.000645776 0.999354224
QQ:/cc/: 0.619035486 0.380964514 0.000000000
QQ:/cc/cr: 0.999965388 0.000017306 0.000017306
QQ:/cc/rr: 0.000000000 0.999984024 0.000015976
QQ:/crc/: 0.992610231 0.007389769 0.000000000
QQ:/crc/cr: 0.999274764 0.000362618 0.000362618
QQ:/crc/rr: 0.000000000 0.999995951 0.000004049
QQ:/crrc/: 0.165012840 0.834987160 0.000000000
QQ:/crrc/cr: 0.999970569 0.000014715 0.000014715
QQ:/crrc/rr: 0.000000000 0.999888308 0.000111692
QQ:/rc/: 0.524146893 0.475853107 0.000000000
QQ:/rc/cr: 0.999990625 0.000004687 0.000004687
QQ:/rc/rr: 0.000000000 0.999993617 0.000006383
QQ:/rrc/: 0.975744694 0.024255306 0.000000000
QQ:/rrc/cr: 0.999908039 0.000045981 0.000045981
QQ:/rrc/rr: 0.000000000 0.999998286 0.000001714
