J:/c: 0.291406893 0.708593107 0.000000000
J:/crr: 0.000000000 0.999982842 0.000017158
J:/r: 0.052340686 0.128286100 0.819373214
JJ:/cc/c: 0.999992944 0.000007056 0.000000000
JJ:/cc/crr: 0.000000000 0.999996472 0.000003528
JJ:/cc/r: 0.999986878 0.000008418 0.000004704
JJ:/crc/c: 0.999982842 0.000017158 0.000000000
JJ:/crc/crr: 0.000000000 0.999991421 0.000008579
JJ:/crc/r: 0.999893517 0.000095044 0.000011439
JJ:/crrc/c: 0.999991421 0.000008579 0.000000000
JJ:/crrc/crr: 0.000000000 0.999995710 0.000004290
JJ:/crrc/r: 0.999988561 0.000005719 0.000005719
JJ:/rc/c: 0.999974016 0.000025984 0.000000000
JJ:/rc/crr: 0.000000000 0.999987008 0.000012992
JJ:/rc/r: 0.999957254 0.000025424 0.000017322
JJ:/rrc/c: 0.999936315 0.000063685 0.000000000
JJ:/rrc/crr: 0.000000000 0.999968155 0.000031845
JJ:/rrc/r: 0.999782673 0.000174870 0.000042457
JK:/cc/c: 0.007190091 0.992809909 0.000000000
JK:/cc/crr: 0.000000000 0.000490692 0.999509308
JK:/cc/r: 0.000012274 0.000004704 0.999983022
JK:/crc/c: 0.540034756 0.459965244 0.000000000
JK:/crc/crr: 0.000000000 0.000015886 0.999984114
JK:/crc/r: 0.018834943 0.000011439 0.981153619
JK:/crrc/c: 0.640439130 0.359560870 0.000000000
JK:/crrc/crr: 0.000000000 0.000006698 0.999993302
JK:/crrc/r: 0.219279780 0.000005719 0.780714501
JK:/rc/c: 0.383980764 0.616019236 0.000000000
JK:/rc/crr: 0.000000000 0.000033834 0.999966166
JK:/rc/r: 0.353398746 0.000017322 0.646583931
JK:/rrc/c: 0.999907485 0.000092515 0.000000000
JK:/rrc/crr: 0.000000000 0.000031846 0.999968154
JK:/rrc/r: 0.329181578 0.000042457 0.670775965
JQ:/cc/c: 0.071086449 0.928913551 0.000000000
JQ:/cc/crr: 0.000000000 0.000049631 0.999950369
JQ:/cc/r: 0.040873745 0.000004704 0.959121551
JQ:/crc/c: 0.558713722 0.441286278 0.000000000
JQ:/crc/crr: 0.000000000 0.000015355 0.999984645
JQ:/crc/r: 0.041083158 0.000011439 0.958905403
JQ:/crrc/c: 0.043664346 0.956335654 0.000000000
JQ:/crrc/crr: 0.000000000 0.000098241 0.999901759
JQ:/crrc/r: 0.259742943 0.000005719 0.740251337
JQ:/rc/c: 0.992844711 0.007155289 0.000000000
JQ:/rc/crr: 0.000000000 0.000013085 0.999986915
JQ:/rc/r: 0.000022900 0.000017322 0.999959778
JQ:/rrc/c: 0.005406164 0.994593836 0.000000000
JQ:/rrc/crr: 0.000000000 0.005890065 0.994109935
JQ:/rrc/r: 0.426656562 0.000042457 0.573300981
K:/c: 0.999952029 0.000047971 0.000000000
K:/crr: 0.000000000 0.999995000 0.000005000
K:/r: 0.573568774 0.426424559 0.000006667
KJ:/cc/c: 0.205662029 0.794337971 0.000000000
KJ:/cc/crr: 0.000000000 0.746597597 0.253402403
KJ:/cc/r: 0.316812818 0.137699437 0.545487745
KJ:/crc/c: 0.114745878 0.885254122 0.000000000
KJ:/crc/crr: 0.000000000 0.999978212 0.000021788
KJ:/crc/r: 0.000059835 0.735415491 0.264524674
KJ:/crrc/c: 0.291679478 0.708320522 0.000000000
KJ:/crrc/crr: 0.000000000 0.999995714 0.000004286
KJ:/crrc/r: 0.036036527 0.811128703 0.152834770
KJ:/rc/c: 0.473744821 0.526255179 0.000000000
KJ:/rc/crr: 0.000000000 0.864151230 0.135848770
KJ:/rc/r: 0.035812533 0.762140765 0.202046702
KJ:/rrc/c: 0.144149617 0.855850383 0.000000000
KJ:/rrc/crr: 0.000000000 0.999979842 0.000020158
KJ:/rrc/r: 0.024764654 0.924863452 0.050371894
KK:/cc/c: 0.895769495 0.104230505 0.000000000
KK:/cc/crr: 0.000000000 0.941820689 0.058179311
KK:/cc/r: 0.726526943 0.203986053 0.069487003
KK:/crc/c: 0.999995000 0.000005000 0.000000000
KK:/crc/crr: 0.000000000 0.999997500 0.000002500
KK:/crc/r: 0.952730790 0.047265877 0.000003333
KK:/crrc/c: 0.999997500 0.000002500 0.000000000
KK:/crrc/crr: 0.000000000 0.999998750 0.000001250
KK:/crrc/r: 0.999996666 0.000001667 0.000001667
KK:/rc/c: 0.999992183 0.000007817 0.000000000
KK:/rc/crr: 0.000000000 0.999996092 0.000003908
KK:/rc/r: 0.999980801 0.000013988 0.000005211
KK:/rrc/c: 0.999994188 0.000005812 0.000000000
KK:/rrc/crr: 0.000000000 0.999997094 0.000002906
KK:/rrc/r: 0.999834552 0.000161574 0.000003874
KQ:/cc/c: 0.527352213 0.472647787 0.000000000
KQ:/cc/crr: 0.000000000 0.901175626 0.098824374
KQ:/cc/r: 0.315994614 0.613289481 0.070715905
KQ:/crc/c: 0.005474681 0.994525319 0.000000000
KQ:/crc/crr: 0.000000000 0.026737185 0.973262815
KQ:/crc/r: 0.000020205 0.433235927 0.566743868
KQ:/crrc/c: 0.607906314 0.392093686 0.000000000
KQ:/crrc/crr: 0.000000000 0.396687149 0.603312851
KQ:/crrc/r: 0.000003274 0.706024499 0.293972227
KQ:/rc/c: 0.000340385 0.999659615 0.000000000
KQ:/rc/crr: 0.000000000 0.206342696 0.793657304
KQ:/rc/r: 0.000020947 0.305014492 0.694964561
KQ:/rrc/c: 0.517402648 0.482597352 0.000000000
KQ:/rrc/crr: 0.000000000 0.481113937 0.518886063
KQ:/rrc/r: 0.085622751 0.538707227 0.375670022
Q:/c: 0.851513058 0.148486942 0.000000000
Q:/crr: 0.000000000 0.999994128 0.000005872
Q:/r: 0.364016548 0.635952030 0.000031423
QJ:/cc/c: 0.000523880 0.999476120 0.000000000
QJ:/cc/crr: 0.000000000 0.032138081 0.967861919
QJ:/cc/r: 0.000022449 0.000022449 0.999955103
QJ:/crc/c: 0.429004147 0.570995853 0.000000000
QJ:/crc/crr: 0.000000000 0.000687361 0.999312639
QJ:/crc/r: 0.000070906 0.000003915 0.999925179
QJ:/crrc/c: 0.000002936 0.999997064 0.000000000
QJ:/crrc/crr: 0.000000000 0.500000000 0.500000000
QJ:/crrc/r: 0.021878711 0.000001957 0.978119332
QJ:/rc/c: 0.000044350 0.999955650 0.000000000
QJ:/rc/crr: 0.000000000 0.059091888 0.940908112
QJ:/rc/r: 0.010187963 0.000003494 0.989808542
QJ:/rrc/c: 0.000142202 0.999857798 0.000000000
QJ:/rrc/crr: 0.000000000 0.032197396 0.967802604
QJ:/rrc/r: 0.000071935 0.000006105 0.999921961
QK:/cc/c: 0.031297033 0.968702967 0.000000000
QK:/cc/crr: 0.000000000 0.999462042 0.000537958
QK:/cc/r: 0.000118851 0.738588977 0.261292172
QK:/crc/c: 0.318535112 0.681464888 0.000000000
QK:/crc/crr: 0.000000000 0.001175278 0.998824722
QK:/crc/r: 0.000060654 0.474389832 0.525549514
QK:/crrc/c: 0.022602388 0.977397612 0.000000000
QK:/crrc/crr: 0.000000000 0.009612954 0.990387046
QK:/crrc/r: 0.000054113 0.277154389 0.722791498
QK:/rc/c: 0.375111813 0.624888187 0.000000000
QK:/rc/crr: 0.000000000 0.002476990 0.997523010
QK:/rc/r: 0.000007556 0.314317805 0.685674639
QK:/rrc/c: 0.445144519 0.554855481 0.000000000
QK:/rrc/crr: 0.000000000 0.066808682 0.933191318
QK:/rrc/r: 0.000080255 0.511751818 0.488167927
QQ:/cc/c: 0.999966327 0.000033673 0.000000000
QQ:/cc/crr: 0.000000000 0.999983163 0.000016837
QQ:/cc/r: 0.999932215 0.000045336 0.000022449
QQ:/crc/c: 0.999994128 0.000005872 0.000000000
QQ:/crc/crr: 0.000000000 0.999997064 0.000002936
QQ:/crc/r: 0.970705663 0.029290423 0.000003915
QQ:/crrc/c: 0.999997064 0.000002936 0.000000000
QQ:/crrc/crr: 0.000000000 0.999998532 0.000001468
QQ:/crrc/r: 0.999973346 0.000024696 0.000001957
QQ:/rc/c: 0.999994759 0.000005241 0.000000000
QQ:/rc/crr: 0.000000000 0.999997379 0.000002621
QQ:/rc/r: 0.960218266 0.039778239 0.000003494
QQ:/rrc/c: 0.999990843 0.000009157 0.000000000
QQ:/rrc/crr: 0.000000000 0.999995421 0.000004579
QQ:/rrc/r: 0.999960026 0.000033869 0.000006105
