J:/c: 0.289294919 0.710705081 0.000000000
J:/crr: 0.000000000 0.999982717 0.000017283
J:/r: 0.055085603 0.130685965 0.814228432
JJ:/cc/c: 0.999992965 0.000007035 0.000000000
JJ:/cc/crr: 0.000000000 0.999996482 0.000003518
JJ:/cc/r: 0.999982915 0.000012395 0.000004690
JJ:/crc/c: 0.999982717 0.000017283 0.000000000
JJ:/crc/crr: 0.000000000 0.999991358 0.000008642
JJ:/crc/r: 0.999976955 0.000011522 0.000011522
JJ:/crrc/c: 0.999991358 0.000008642 0.000000000
JJ:/crrc/crr: 0.000000000 0.999995679 0.000004321
JJ:/crrc/r: 0.999988478 0.000005761 0.000005761
JJ:/rc/c: 0.999974494 0.000025506 0.000000000
JJ:/rc/crr: 0.000000000 0.999987246 0.000012754
JJ:/rc/r: 0.999963777 0.000019218 0.000017004
JJ:/rrc/c: 0.999939488 0.000060512 0.000000000
JJ:/rrc/crr: 0.000000000 0.999969742 0.000030258
JJ:/rrc/r: 0.999757053 0.000202606 0.000040341
JK:/cc/c: 0.009362601 0.990637399 0.000000000
JK:/cc/crr: 0.000000000 0.000375711 0.999624289
JK:/cc/r: 0.000008551 0.000004690 0.999986759
JK:/crc/c: 0.524671719 0.475328281 0.000000000
JK:/crc/crr: 0.000000000 0.000016471 0.999983529
JK:/crc/r: 0.078622927 0.000011522 0.921365550
JK:/crrc/c: 0.279235047 0.720764953 0.000000000
JK:/crrc/crr: 0.000000000 0.000015474 0.999984526
JK:/crrc/r: 0.189560122 0.000005761 0.810434117
JK:/rc/c: 0.366128787 0.633871213 0.000000000
JK:/rc/crr: 0.000000000 0.000034833 0.999965167
JK:/rc/r: 0.360660900 0.000017004 0.639322096
JK:/rrc/c: 0.999685318 0.000314682 0.000000000
JK:/rrc/crr: 0.000000000 0.000030265 0.999969735
JK:/rrc/r: 0.271560409 0.000040341 0.728399250
JQ:/cc/c: 0.071973957 0.928026043 0.000000000
JQ:/cc/crr: 0.000000000 0.000048874 0.999951126
JQ:/cc/r: 0.033865240 0.000004690 0.966130070
JQ:/crc/c: 0.596754486 0.403245514 0.000000000
JQ:/crc/crr: 0.000000000 0.000014481 0.999985519
JQ:/crc/r: 0.023328401 0.000011522 0.976660076
JQ:/crrc/c: 0.054823795 0.945176205 0.000000000
JQ:/crrc/crr: 0.000000000 0.000078815 0.999921185
JQ:/crrc/r: 0.331654686 0.000005761 0.668339552
JQ:/rc/c: 0.989635120 0.010364880 0.000000000
JQ:/rc/crr: 0.000000000 0.000012887 0.999987113
JQ:/rc/r: 0.000017004 0.000017004 0.999965991
JQ:/rrc/c: 0.007903333 0.992096667 0.000000000
JQ:/rrc/crr: 0.000000000 0.003828251 0.996171749
JQ:/rrc/r: 0.445429671 0.000040341 0.554529988
K:/c: 0.999969328 0.000030672 0.000000000
K:/crr: 0.000000000 0.999995000 0.000005000
K:/r: 0.572066769 0.427926565 0.000006667
KJ:/cc/c: 0.466269027 0.533730973 0.000000000
KJ:/cc/crr: 0.000000000 0.825192617 0.174807383
KJ:/cc/r: 0.534986831 0.219796056 0.245217113
KJ:/crc/c: 0.091693427 0.908306573 0.000000000
KJ:/crc/crr: 0.000000000 0.999972734 0.000027266
KJ:/crc/r: 0.000094524 0.727630477 0.272274999
KJ:/crrc/c: 0.348397788 0.651602212 0.000000000
KJ:/crrc/crr: 0.000000000 0.999996412 0.000003588
KJ:/crrc/r: 0.023008649 0.859999589 0.116991761
KJ:/rc/c: 0.471637238 0.528362762 0.000000000
KJ:/rc/crr: 0.000000000 0.851463145 0.148536855
KJ:/rc/r: 0.027659146 0.752285097 0.220055757
KJ:/rrc/c: 0.186324158 0.813675842 0.000000000
KJ:/rrc/crr: 0.000000000 0.996270174 0.003729826
KJ:/rrc/r: 0.045689602 0.882692826 0.071617573
KK:/cc/c: 0.836985463 0.163014537 0.000000000
KK:/cc/crr: 0.000000000 0.902618060 0.097381940
KK:/cc/r: 0.603794623 0.287529019 0.108676358
KK:/crc/c: 0.999995000 0.000005000 0.000000000
KK:/crc/crr: 0.000000000 0.999997500 0.000002500
KK:/crc/r: 0.930205688 0.069790979 0.000003333
KK:/crrc/c: 0.999997500 0.000002500 0.000000000
KK:/crrc/crr: 0.000000000 0.999998750 0.000001250
KK:/crrc/r: 0.999977155 0.000021178 0.000001667
KK:/rc/c: 0.999992211 0.000007789 0.000000000
KK:/rc/crr: 0.000000000 0.999996105 0.000003895
KK:/rc/r: 0.999979749 0.000015058 0.000005193
KK:/rrc/c: 0.999994173 0.000005827 0.000000000
KK:/rrc/crr: 0.000000000 0.999997087 0.000002913
KK:/rrc/r: 0.999975699 0.000020416 0.000003885
KQ:/cc/c: 0.836985463 0.163014537 0.000000000
KQ:/cc/crr: 0.000000000 0.902618060 0.097381940
KQ:/cc/r: 0.528017747 0.293303109 0.178679144
KQ:/crc/c: 0.040469357 0.959530643 0.000000000
KQ:/crc/crr: 0.000000000 0.006332401 0.993667599
KQ:/crc/r: 0.000062072 0.443002328 0.556935600
KQ:/crrc/c: 0.587660548 0.412339452 0.000000000
KQ:/crrc/crr: 0.000000000 0.418067252 0.581932748
KQ:/crrc/r: 0.000012436 0.600315713 0.399671851
KQ:/rc/c: 0.000365774 0.999634226 0.000000000
KQ:/rc/crr: 0.000000000 0.130032687 0.869967313
KQ:/rc/r: 0.000023799 0.302579045 0.697397156
KQ:/rrc/c: 0.516866022 0.483133978 0.000000000
KQ:/rrc/crr: 0.000000000 0.512243648 0.487756352
KQ:/rrc/r: 0.064920226 0.577289623 0.357790151
Q:/c: 0.843709894 0.156290106 0.000000000
Q:/crr: 0.000000000 0.999994074 0.000005926
Q:/r: 0.352778828 0.647077557 0.000143614
QJ:/cc/c: 0.000276404 0.999723596 0.000000000
QJ:/cc/crr: 0.000000000 0.057871493 0.942128507
QJ:/cc/r: 0.000037568 0.000021328 0.999941104
QJ:/crc/c: 0.403981167 0.596018833 0.000000000
QJ:/crc/crr: 0.000000000 0.016497078 0.983502922
QJ:/crc/r: 0.000167527 0.000003951 0.999828522
QJ:/crrc/c: 0.000002963 0.999997037 0.000000000
QJ:/crrc/crr: 0.000000000 0.500000000 0.500000000
QJ:/crrc/r: 0.023825573 0.000001975 0.976172452
QJ:/rc/c: 0.000116039 0.999883961 0.000000000
QJ:/rc/crr: 0.000000000 0.022196694 0.977803306
QJ:/rc/r: 0.022151412 0.000003434 0.977845154
QJ:/rrc/c: 0.000251631 0.999748369 0.000000000
QJ:/rrc/crr: 0.000000000 0.018775123 0.981224877
QJ:/rrc/r: 0.000082671 0.000006299 0.999911030
QK:/cc/c: 0.032957815 0.967042185 0.000000000
QK:/cc/crr: 0.000000000 0.999514655 0.000485345
QK:/cc/r: 0.000111015 0.749044554 0.250844431
QK:/crc/c: 0.357492416 0.642507584 0.000000000
QK:/crc/crr: 0.000000000 0.010800396 0.989199604
QK:/crc/r: 0.000313256 0.453804830 0.545881914
QK:/crrc/c: 0.220459251 0.779540749 0.000000000
QK:/crrc/crr: 0.000000000 0.002922021 0.997077979
QK:/crrc/r: 0.000034737 0.288529204 0.711436059
QK:/rc/c: 0.381819339 0.618180661 0.000000000
QK:/rc/crr: 0.000000000 0.004396394 0.995603606
QK:/rc/r: 0.000009996 0.313975028 0.686014976
QK:/rrc/c: 0.416859338 0.583140662 0.000000000
QK:/rrc/crr: 0.000000000 0.051296994 0.948703006
QK:/rrc/r: 0.000090016 0.512728856 0.487181127
QQ:/cc/c: 0.999968008 0.000031992 0.000000000
QQ:/cc/crr: 0.000000000 0.999984004 0.000015996
QQ:/cc/r: 0.999919945 0.000058727 0.000021328
QQ:/crc/c: 0.999994074 0.000005926 0.000000000
QQ:/crc/crr: 0.000000000 0.999997037 0.000002963
QQ:/crc/r: 0.999883187 0.000112863 0.000003951
QQ:/crrc/c: 0.999997037 0.000002963 0.000000000
QQ:/crrc/crr: 0.000000000 0.999998518 0.000001482
QQ:/crrc/r: 0.999996049 0.000001975 0.000001975
QQ:/rc/c: 0.999994849 0.000005151 0.000000000
QQ:/rc/crr: 0.000000000 0.999997424 0.000002576
QQ:/rc/r: 0.999992462 0.000004103 0.000003434
QQ:/rrc/c: 0.999990551 0.000009449 0.000000000
QQ:/rrc/crr: 0.000000000 0.999995276 0.000004724
QQ:/rrc/r: 0.999957803 0.000035897 0.000006299
