J:/c: 0.308527055 0.691472945 0.000000000
J:/crr: 0.000000000 0.999983794 0.000016206
J:/r: 0.054562599 0.119535988 0.825901413
JJ:/cc/c: 0.999992769 0.000007231 0.000000000
JJ:/cc/crr: 0.000000000 0.999996385 0.000003615
JJ:/cc/r: 0.999990359 0.000004821 0.000004821
JJ:/crc/c: 0.999983794 0.000016206 0.000000000
JJ:/crc/crr: 0.000000000 0.999991897 0.000008103
JJ:/crc/r: 0.996695991 0.003293205 0.000010804
JJ:/crrc/c: 0.999991897 0.000008103 0.000000000
JJ:/crrc/crr: 0.000000000 0.999995948 0.000004052
JJ:/crrc/r: 0.999962689 0.000031909 0.000005402
JJ:/rc/c: 0.999972114 0.000027886 0.000000000
JJ:/rc/crr: 0.000000000 0.999986057 0.000013943
JJ:/rc/r: 0.999958567 0.000022842 0.000018590
JJ:/rrc/c: 0.999938908 0.000061092 0.000000000
JJ:/rrc/crr: 0.000000000 0.999969452 0.000030548
JJ:/rrc/r: 0.999787327 0.000171945 0.000040728
JK:/cc/c: 0.007517138 0.992482862 0.000000000
JK:/cc/crr: 0.000000000 0.000480964 0.999519036
JK:/cc/r: 0.000004821 0.000004821 0.999990359
JK:/crc/c: 0.503067384 0.496932616 0.000000000
JK:/crc/crr: 0.000000000 0.000016107 0.999983893
JK:/crc/r: 0.061686451 0.000010804 0.938302745
JK:/crrc/c: 0.362046683 0.637953317 0.000000000
JK:/crrc/crr: 0.000000000 0.000011191 0.999988809
JK:/crrc/r: 0.231158597 0.000005402 0.768836001
JK:/rc/c: 0.386275302 0.613724698 0.000000000
JK:/rc/crr: 0.000000000 0.000036096 0.999963904
JK:/rc/r: 0.365320654 0.000018590 0.634660756
JK:/rrc/c: 0.999898280 0.000101720 0.000000000
JK:/rrc/crr: 0.000000000 0.000030549 0.999969451
JK:/rrc/r: 0.384015774 0.000040728 0.615943498
JQ:/cc/c: 0.071599362 0.928400638 0.000000000
JQ:/cc/crr: 0.000000000 0.000050496 0.999949504
JQ:/cc/r: 0.034967616 0.000004821 0.965027563
JQ:/crc/c: 0.454941367 0.545058633 0.000000000
JQ:/crc/crr: 0.000000000 0.000017811 0.999982189
JQ:/crc/r: 0.093902855 0.000010804 0.906086341
JQ:/crrc/c: 0.043402170 0.956597830 0.000000000
JQ:/crrc/crr: 0.000000000 0.000093350 0.999906650
JQ:/crrc/r: 0.250529000 0.000005402 0.749465598
JQ:/rc/c: 0.997421677 0.002578323 0.000000000
JQ:/rc/crr: 0.000000000 0.000013979 0.999986021
JQ:/rc/r: 0.000044493 0.000018590 0.999936917
JQ:/rrc/c: 0.112806848 0.887193152 0.000000000
JQ:/rrc/crr: 0.000000000 0.000270781 0.999729219
JQ:/rrc/r: 0.570901056 0.000040728 0.429058216
K:/c: 0.999969268 0.000030732 0.000000000
K:/crr: 0.000000000 0.999995000 0.000005000
K:/r: 0.604343688 0.395649645 0.000006667
KJ:/cc/c: 0.197229041 0.802770959 0.000000000
KJ:/cc/crr: 0.000000000 0.587544910 0.412455090
KJ:/cc/r: 0.513239874 0.255832333 0.230927793
KJ:/crc/c: 0.137095457 0.862904543 0.000000000
KJ:/crc/crr: 0.000000000 0.999981764 0.000018236
KJ:/crc/r: 0.000043410 0.767483256 0.232473334
KJ:/crrc/c: 0.377035708 0.622964292 0.000000000
KJ:/crrc/crr: 0.000000000 0.999996685 0.000003315
KJ:/crrc/r: 0.061131628 0.768939157 0.169929215
KJ:/rc/c: 0.448268967 0.551731033 0.000000000
KJ:/rc/crr: 0.000000000 0.745699598 0.254300402
KJ:/rc/r: 0.023866722 0.733746363 0.242386915
KJ:/rrc/c: 0.193072193 0.806927807 0.000000000
KJ:/rrc/crr: 0.000000000 0.999985716 0.000014284
KJ:/rrc/r: 0.060724170 0.872953857 0.066321974
KK:/cc/c: 0.837303756 0.162696244 0.000000000
KK:/cc/crr: 0.000000000 0.902845149 0.097154851
KK:/cc/r: 0.600342529 0.291193309 0.108464162
KK:/crc/c: 0.999995000 0.000005000 0.000000000
KK:/crc/crr: 0.000000000 0.999997500 0.000002500
KK:/crc/r: 0.999605234 0.000391433 0.000003333
KK:/crrc/c: 0.999997500 0.000002500 0.000000000
KK:/crrc/crr: 0.000000000 0.999998750 0.000001250
KK:/crrc/r: 0.999994203 0.000004130 0.000001667
KK:/rc/c: 0.999991575 0.000008425 0.000000000
KK:/rc/crr: 0.000000000 0.999995787 0.000004213
KK:/rc/r: 0.999978311 0.000016072 0.000005617
KK:/rrc/c: 0.999994484 0.000005516 0.000000000
KK:/rrc/crr: 0.000000000 0.999997242 0.000002758
KK:/rrc/r: 0.999851559 0.000144764 0.000003677
KQ:/cc/c: 0.487564721 0.512435279 0.000000000
KQ:/cc/crr: 0.000000000 0.833154209 0.166845791
KQ:/cc/r: 0.505089261 0.374875378 0.120035360
KQ:/crc/c: 0.247514052 0.752485948 0.000000000
KQ:/crc/crr: 0.000000000 0.007162060 0.992837940
KQ:/crc/r: 0.000027797 0.434882005 0.565090198
KQ:/crrc/c: 0.623753192 0.376246808 0.000000000
KQ:/crrc/crr: 0.000000000 0.407611531 0.592388469
KQ:/crrc/r: 0.000708517 0.686719307 0.312572176
KQ:/rc/c: 0.000087649 0.999912351 0.000000000
KQ:/rc/crr: 0.000000000 0.951939345 0.048060655
KQ:/rc/r: 0.000024060 0.301907936 0.698068004
KQ:/rrc/c: 0.484075103 0.515924897 0.000000000
KQ:/rrc/crr: 0.000000000 0.404684689 0.595315311
KQ:/rrc/r: 0.042336820 0.574230740 0.383432440
Q:/c: 0.851307662 0.148692338 0.000000000
Q:/crr: 0.000000000 0.999994127 0.000005873
Q:/r: 0.402823597 0.597133640 0.000042763
QJ:/cc/c: 0.000577456 0.999422544 0.000000000
QJ:/cc/crr: 0.000000000 0.029116074 0.970883926
QJ:/cc/r: 0.000022418 0.000022418 0.999955165
QJ:/crc/c: 0.488989026 0.511010974 0.000000000
QJ:/crc/crr: 0.000000000 0.000072617 0.999927383
QJ:/crc/r: 0.000003916 0.000003916 0.999992169
QJ:/crrc/c: 0.000002937 0.999997063 0.000000000
QJ:/crrc/crr: 0.000000000 0.500000000 0.500000000
QJ:/crrc/r: 0.030380452 0.000001958 0.969617590
QJ:/rc/c: 0.000033646 0.999966354 0.000000000
QJ:/rc/crr: 0.000000000 0.082954473 0.917045527
QJ:/rc/r: 0.018905767 0.000003721 0.981090511
QJ:/rrc/c: 0.000169315 0.999830685 0.000000000
QJ:/rrc/crr: 0.000000000 0.024436499 0.975563501
QJ:/rrc/r: 0.000062719 0.000005517 0.999931765
QK:/cc/c: 0.337656808 0.662343192 0.000000000
QK:/cc/crr: 0.000000000 0.999950206 0.000049794
QK:/cc/r: 0.000114554 0.724190667 0.275694779
QK:/crc/c: 0.360702144 0.639297856 0.000000000
QK:/crc/crr: 0.000000000 0.004113695 0.995886305
QK:/crc/r: 0.000093498 0.446627889 0.553278613
QK:/crrc/c: 0.277347586 0.722652414 0.000000000
QK:/crrc/crr: 0.000000000 0.001280572 0.998719428
QK:/crrc/r: 0.000043426 0.287976794 0.711979780
QK:/rc/c: 0.371487204 0.628512796 0.000000000
QK:/rc/crr: 0.000000000 0.004344572 0.995655428
QK:/rc/r: 0.000010007 0.306223013 0.693766980
QK:/rrc/c: 0.432858290 0.567141710 0.000000000
QK:/rrc/crr: 0.000000000 0.044871264 0.955128736
QK:/rrc/r: 0.000068670 0.487003205 0.512928125
QQ:/cc/c: 0.999966374 0.000033626 0.000000000
QQ:/cc/crr: 0.000000000 0.999983186 0.000016814
QQ:/cc/r: 0.999934748 0.000042834 0.000022418
QQ:/crc/c: 0.999994127 0.000005873 0.000000000
QQ:/crc/crr: 0.000000000 0.999997063 0.000002937
QQ:/crc/r: 0.999952391 0.000043693 0.000003916
QQ:/crrc/c: 0.999997063 0.000002937 0.000000000
QQ:/crrc/crr: 0.000000000 0.999998532 0.000001468
QQ:/crrc/r: 0.999996084 0.000001958 0.000001958
QQ:/rc/c: 0.999994418 0.000005582 0.000000000
QQ:/rc/crr: 0.000000000 0.999997209 0.000002791
QQ:/rc/r: 0.983884269 0.016112009 0.000003721
QQ:/rrc/c: 0.999991725 0.000008275 0.000000000
QQ:/rrc/crr: 0.000000000 0.999995863 0.000004137
QQ:/rrc/r: 0.999963271 0.000031212 0.000005517
