J:/c: 0.296397492 0.703602508 0.000000000
J:/crr: 0.000000000 0.999983131 0.000016869
J:/r: 0.055702282 0.131522951 0.812774766
JJ:/cc/c: 0.999992894 0.000007106 0.000000000
JJ:/cc/crr: 0.000000000 0.999996447 0.000003553
JJ:/cc/r: 0.999986717 0.000008545 0.000004738
JJ:/crc/c: 0.999983131 0.000016869 0.000000000
JJ:/crc/crr: 0.000000000 0.999991565 0.000008435
JJ:/crc/r: 0.999977086 0.000011668 0.000011246
JJ:/crrc/c: 0.999991565 0.000008435 0.000000000
JJ:/crrc/crr: 0.000000000 0.999995783 0.000004217
JJ:/crrc/r: 0.999988754 0.000005623 0.000005623
JJ:/rc/c: 0.999974656 0.000025344 0.000000000
JJ:/rc/crr: 0.000000000 0.999987328 0.000012672
JJ:/rc/r: 0.999962265 0.000020839 0.000016896
JJ:/rrc/c: 0.999940158 0.000059842 0.000000000
JJ:/rrc/crr: 0.000000000 0.999970077 0.000029923
JJ:/rrc/r: 0.999776816 0.000183289 0.000039895
JK:/cc/c: 0.007537849 0.992462151 0.000000000
JK:/cc/crr: 0.000000000 0.000471374 0.999528626
JK:/cc/r: 0.000005884 0.000004738 0.999989379
JK:/crc/c: 0.550442555 0.449557445 0.000000000
JK:/crc/crr: 0.000000000 0.000015323 0.999984677
JK:/crc/r: 0.000011246 0.000011246 0.999977508
JK:/crrc/c: 0.439959758 0.560040242 0.000000000
JK:/crrc/crr: 0.000000000 0.000009586 0.999990414
JK:/crrc/r: 0.195078935 0.000005623 0.804915442
JK:/rc/c: 0.373421365 0.626578635 0.000000000
JK:/rc/crr: 0.000000000 0.000033935 0.999966065
JK:/rc/r: 0.359962348 0.000016896 0.640020756
JK:/rrc/c: 0.999768348 0.000231652 0.000000000
JK:/rrc/crr: 0.000000000 0.000029928 0.999970072
JK:/rrc/r: 0.276568167 0.000039895 0.723391938
JQ:/cc/c: 0.073909263 0.926090737 0.000000000
JQ:/cc/crr: 0.000000000 0.000048074 0.999951926
JQ:/cc/r: 0.035523497 0.000004738 0.964471766
JQ:/crc/c: 0.481044482 0.518955518 0.000000000
JQ:/crc/crr: 0.000000000 0.000017534 0.999982466
JQ:/crc/r: 0.066350724 0.000011246 0.933638030
JQ:/crrc/c: 0.048518398 0.951481602 0.000000000
JQ:/crrc/crr: 0.000000000 0.000086923 0.999913077
JQ:/crrc/r: 0.282262520 0.000005623 0.717731857
JQ:/rc/c: 0.993534459 0.006465541 0.000000000
JQ:/rc/crr: 0.000000000 0.000012755 0.999987245
JQ:/rc/r: 0.000016896 0.000016896 0.999966208
JQ:/rrc/c: 0.003755154 0.996244846 0.000000000
JQ:/rrc/crr: 0.000000000 0.007967977 0.992032023
JQ:/rrc/r: 0.368520691 0.000039895 0.631439414
K:/c: 0.999969414 0.000030586 0.000000000
K:/crr: 0.000000000 0.999995000 0.000005000
K:/r: 0.568616322 0.431377012 0.000006667
KJ:/cc/c: 0.380881172 0.619118828 0.000000000
KJ:/cc/crr: 0.000000000 0.785403355 0.214596645
KJ:/cc/r: 0.531299655 0.225237442 0.243462903
KJ:/crc/c: 0.133484905 0.866515095 0.000000000
KJ:/crc/crr: 0.000000000 0.999981271 0.000018729
KJ:/crc/r: 0.000138267 0.745900710 0.253961023
KJ:/crrc/c: 0.336012022 0.663987978 0.000000000
KJ:/crrc/crr: 0.000000000 0.999996280 0.000003720
KJ:/crrc/r: 0.054335985 0.770827510 0.174836505
KJ:/rc/c: 0.405461323 0.594538677 0.000000000
KJ:/rc/crr: 0.000000000 0.658433225 0.341566775
KJ:/rc/r: 0.040492441 0.728329152 0.231178407
KJ:/rrc/c: 0.246724124 0.753275876 0.000000000
KJ:/rrc/crr: 0.000000000 0.999988120 0.000011880
KJ:/rrc/r: 0.032991300 0.907705172 0.059303528
KK:/cc/c: 0.836528357 0.163471643 0.000000000
KK:/cc/crr: 0.000000000 0.902291631 0.097708369
KK:/cc/r: 0.610244244 0.280774661 0.108981095
KK:/crc/c: 0.999995000 0.000005000 0.000000000
KK:/crc/crr: 0.000000000 0.999997500 0.000002500
KK:/crc/r: 0.999992556 0.000004111 0.000003333
KK:/crrc/c: 0.999997500 0.000002500 0.000000000
KK:/crrc/crr: 0.000000000 0.999998750 0.000001250
KK:/crrc/r: 0.999971804 0.000026529 0.000001667
KK:/rc/c: 0.999992273 0.000007727 0.000000000
KK:/rc/crr: 0.000000000 0.999996136 0.000003864
KK:/rc/r: 0.999978858 0.000015991 0.000005151
KK:/rrc/c: 0.999994138 0.000005862 0.000000000
KK:/rrc/crr: 0.000000000 0.999997069 0.000002931
KK:/rrc/r: 0.999859116 0.000136976 0.000003908
KQ:/cc/c: 0.836528357 0.163471643 0.000000000
KQ:/cc/crr: 0.000000000 0.902291631 0.097708369
KQ:/cc/r: 0.528780935 0.354025507 0.117193558
KQ:/crc/c: 0.194315947 0.805684053 0.000000000
KQ:/crc/crr: 0.000000000 0.000964867 0.999035133
KQ:/crc/r: 0.000045720 0.435323291 0.564630989
KQ:/crrc/c: 0.604213820 0.395786180 0.000000000
KQ:/crrc/crr: 0.000000000 0.422785607 0.577214393
KQ:/crrc/r: 0.000006893 0.680008811 0.319984295
KQ:/rc/c: 0.000736717 0.999263283 0.000000000
KQ:/rc/crr: 0.000000000 0.022547919 0.977452081
KQ:/rc/r: 0.000023390 0.300051280 0.699925331
KQ:/rrc/c: 0.494085672 0.505914328 0.000000000
KQ:/rrc/crr: 0.000000000 0.557346661 0.442653339
KQ:/rrc/r: 0.096848446 0.530982989 0.372168565
Q:/c: 0.842354207 0.157645793 0.000000000
Q:/crr: 0.000000000 0.999994064 0.000005936
Q:/r: 0.347024772 0.652918946 0.000056282
QJ:/cc/c: 0.000191205 0.999808795 0.000000000
QJ:/cc/crr: 0.000000000 0.082939131 0.917060869
QJ:/cc/r: 0.000025275 0.000021144 0.999953580
QJ:/crc/c: 0.478741190 0.521258810 0.000000000
QJ:/crc/crr: 0.000000000 0.002556708 0.997443292
QJ:/crc/r: 0.000268892 0.000003957 0.999727151
QJ:/crrc/c: 0.000002968 0.999997032 0.000000000
QJ:/crrc/crr: 0.000000000 0.500000000 0.500000000
QJ:/crrc/r: 0.023789430 0.000001979 0.976208592
QJ:/rc/c: 0.000062425 0.999937575 0.000000000
QJ:/rc/crr: 0.000000000 0.040891270 0.959108730
QJ:/rc/r: 0.015364522 0.000003404 0.984632074
QJ:/rrc/c: 0.000238090 0.999761910 0.000000000
QJ:/rrc/crr: 0.000000000 0.047603925 0.952396075
QJ:/rrc/r: 0.000075863 0.000006404 0.999917734
QK:/cc/c: 0.340648890 0.659351110 0.000000000
QK:/cc/crr: 0.000000000 0.999953447 0.000046553
QK:/cc/r: 0.000098409 0.732361604 0.267539987
QK:/crc/c: 0.256428062 0.743571938 0.000000000
QK:/crc/crr: 0.000000000 0.002271184 0.997728816
QK:/crc/r: 0.000275287 0.449778061 0.549946652
QK:/crrc/c: 0.041319489 0.958680511 0.000000000
QK:/crrc/crr: 0.000000000 0.012089400 0.987910600
QK:/crrc/r: 0.000030421 0.284271693 0.715697885
QK:/rc/c: 0.381029048 0.618970952 0.000000000
QK:/rc/crr: 0.000000000 0.003678948 0.996321052
QK:/rc/r: 0.000009404 0.317362796 0.682627800
QK:/rrc/c: 0.418553143 0.581446857 0.000000000
QK:/rrc/crr: 0.000000000 0.045453960 0.954546040
QK:/rrc/r: 0.000078200 0.508511165 0.491410635
QQ:/cc/c: 0.999968283 0.000031717 0.000000000
QQ:/cc/crr: 0.000000000 0.999984141 0.000015859
QQ:/cc/r: 0.999938595 0.000040261 0.000021144
QQ:/crc/c: 0.999994064 0.000005936 0.000000000
QQ:/crc/crr: 0.000000000 0.999997032 0.000002968
QQ:/crc/r: 0.999433793 0.000562250 0.000003957
QQ:/crrc/c: 0.999997032 0.000002968 0.000000000
QQ:/crrc/crr: 0.000000000 0.999998516 0.000001484
QQ:/crrc/r: 0.999996043 0.000001979 0.000001979
QQ:/rc/c: 0.999994895 0.000005105 0.000000000
QQ:/rc/crr: 0.000000000 0.999997447 0.000002553
QQ:/rc/r: 0.999992144 0.000004452 0.000003404
QQ:/rrc/c: 0.999990395 0.000009605 0.000000000
QQ:/rrc/crr: 0.000000000 0.999995197 0.000004803
QQ:/rrc/r: 0.999958870 0.000034726 0.000006404
