J:/: 0.074932519 0.925067481 0.000000000
J:/cr: 0.018129936 0.032710067 0.949159997
J:/rr: 0.000000000 0.999933273 0.000066727
JJ:/cc/: 0.000326782 0.999673218 0.000000000
JJ:/cc/cr: 0.999996395 0.000001802 0.000001802
JJ:/cc/rr: 0.000000000 0.991729949 0.008270051
JJ:/crc/: 0.948159181 0.051840819 0.000000000
JJ:/crc/cr: 0.999291678 0.000354161 0.000354161
JJ:/crc/rr: 0.000000000 0.999970954 0.000029046
JJ:/crrc/: 0.959195259 0.040804741 0.000000000
JJ:/crrc/cr: 0.998376407 0.000811797 0.000811797
JJ:/crrc/rr: 0.000000000 0.999948199 0.000051801
JJ:/rc/: 0.858949109 0.141050891 0.000000000
JJ:/rc/cr: 0.999684621 0.000157689 0.000157689
JJ:/rc/rr: 0.000000000 0.999961158 0.000038842
JJ:/rrc/: 0.999664787 0.000335213 0.000000000
JJ:/rrc/cr: 0.933643089 0.033178455 0.033178455
JJ:/rrc/rr: 0.000000000 0.999983312 0.000016688
JK:/cc/: 0.086012257 0.913987743 0.000000000
JK:/cc/cr: 0.000878925 0.000001971 0.999119104
JK:/cc/rr: 0.000000000 0.000031420 0.999968580
JK:/crc/: 0.046287316 0.953712684 0.000000000
JK:/crc/cr: 0.011954765 0.000019251 0.988025983
JK:/crc/rr: 0.000000000 0.000594979 0.999405021
JK:/crrc/: 0.999900625 0.000099375 0.000000000
JK:/crrc/cr: 0.333333333 0.333333333 0.333333333
JK:/crrc/rr: 0.000000000 0.000049693 0.999950307
JK:/rc/: 0.997788496 0.002211504 0.000000000
JK:/rc/cr: 0.732638715 0.010057515 0.257303769
JK:/rc/rr: 0.000000000 0.000033437 0.999966563
JK:/rrc/: 0.532885620 0.467114380 0.000000000
JK:/rrc/cr: 0.946424888 0.000023810 0.053551303
JK:/rrc/rr: 0.000000000 0.000031307 0.999968693
JQ:/cc/: 0.152348556 0.847651444 0.000000000
JQ:/cc/cr: 0.000004809 0.000002125 0.999993066
JQ:/cc/rr: 0.000000000 0.000017739 0.999982261
JQ:/crc/: 0.992543802 0.007456198 0.000000000
JQ:/crc/cr: 0.002462381 0.002462381 0.995075239
JQ:/crc/rr: 0.000000000 0.000027747 0.999972253
JQ:/crrc/: 0.035305070 0.964694930 0.000000000
JQ:/crrc/cr: 0.143495418 0.000034337 0.856470244
JQ:/crrc/rr: 0.000000000 0.001407382 0.998592618
JQ:/rc/: 0.994362260 0.005637740 0.000000000
JQ:/rc/cr: 0.003945240 0.003945240 0.992109520
JQ:/rc/rr: 0.000000000 0.000033553 0.999966447
JQ:/rrc/: 0.105539224 0.894460776 0.000000000
JQ:/rrc/cr: 0.000627164 0.000012434 0.999360402
JQ:/rrc/rr: 0.000000000 0.000158072 0.999841928
K:/: 0.756032134 0.243967866 0.000000000
K:/cr: 0.697723544 0.302262793 0.000013663
K:/rr: 0.000000000 0.999993387 0.000006613
KJ:/cc/: 0.000040611 0.999959389 0.000000000
KJ:/cc/cr: 0.000050667 0.000017113 0.999932220
KJ:/cc/rr: 0.000000000 0.747672438 0.252327562
KJ:/crc/: 0.000155713 0.999844287 0.000000000
KJ:/crc/cr: 0.000034194 0.999958272 0.000007535
KJ:/crc/rr: 0.000000000 0.927426735 0.072573265
KJ:/crrc/: 0.062315646 0.937684354 0.000000000
KJ:/crrc/cr: 0.001549724 0.990418393 0.008031883
KJ:/crrc/rr: 0.000000000 0.530945483 0.469054517
KJ:/rc/: 0.046444855 0.953555145 0.000000000
KJ:/rc/cr: 0.006830840 0.955751535 0.037417625
KJ:/rc/rr: 0.000000000 0.261235739 0.738764261
KJ:/rrc/: 0.079718316 0.920281684 0.000000000
KJ:/rrc/cr: 0.000224772 0.999774030 0.000001198
KJ:/rrc/rr: 0.000000000 0.484090898 0.515909102
KK:/cc/: 0.999022673 0.000977327 0.000000000
KK:/cc/cr: 0.986020030 0.006989985 0.006989985
KK:/cc/rr: 0.000000000 0.999989743 0.000010257
KK:/crc/: 0.106269111 0.893730889 0.000000000
KK:/crc/cr: 0.999983141 0.000008430 0.000008430
KK:/crc/rr: 0.000000000 0.999893661 0.000106339
KK:/crrc/: 0.985458662 0.014541338 0.000000000
KK:/crrc/cr: 0.999551113 0.000224444 0.000224444
KK:/crrc/rr: 0.000000000 0.999995032 0.000004968
KK:/rc/: 0.812067441 0.187932559 0.000000000
KK:/rc/cr: 0.999976540 0.000011730 0.000011730
KK:/rc/rr: 0.000000000 0.999995928 0.000004072
KK:/rrc/: 0.525284740 0.474715260 0.000000000
KK:/rrc/cr: 0.999995356 0.000002322 0.000002322
KK:/rrc/rr: 0.000000000 0.999996852 0.000003148
KQ:/cc/: 0.000058735 0.999941265 0.000000000
KQ:/cc/cr: 0.000043753 0.462468564 0.537487683
KQ:/cc/rr: 0.000000000 0.825534778 0.174465222
KQ:/crc/: 0.860857816 0.139142184 0.000000000
KQ:/crc/cr: 0.000364940 0.479204015 0.520431045
KQ:/crc/rr: 0.000000000 0.000024606 0.999975394
KQ:/crrc/: 0.009860706 0.990139294 0.000000000
KQ:/crrc/cr: 0.026199247 0.678949024 0.294851730
KQ:/crrc/rr: 0.000000000 0.206403773 0.793596227
KQ:/rc/: 0.000324184 0.999675816 0.000000000
KQ:/rc/cr: 0.000010143 0.479417088 0.520572768
KQ:/rc/rr: 0.000000000 0.215271997 0.784728003
KQ:/rrc/: 0.724993774 0.275006226 0.000000000
KQ:/rrc/cr: 0.023720242 0.869673867 0.106605892
KQ:/rrc/rr: 0.000000000 0.398975643 0.601024357
Q:/: 0.753864285 0.246135715 0.000000000
Q:/cr: 0.169320501 0.829975355 0.000704144
Q:/rr: 0.000000000 0.999993368 0.000006632
QJ:/cc/: 0.000020314 0.999979686 0.000000000
QJ:/cc/cr: 0.000010117 0.000006771 0.999983112
QJ:/cc/rr: 0.000000000 0.500000000 0.500000000
QJ:/crc/: 0.027893679 0.972106321 0.000000000
QJ:/crc/cr: 0.002305100 0.000002798 0.997692102
QJ:/crc/rr: 0.000000000 0.000146242 0.999853758
QJ:/crrc/: 0.012970174 0.987029826 0.000000000
QJ:/crrc/cr: 0.000513490 0.000013506 0.999473004
QJ:/crrc/rr: 0.000000000 0.001541661 0.998458339
QJ:/rc/: 0.011942470 0.988057530 0.000000000
QJ:/rc/cr: 0.000004036 0.000002238 0.999993727
QJ:/rc/rr: 0.000000000 0.000277685 0.999722315
QJ:/rrc/: 0.000003316 0.999996684 0.000000000
QJ:/rrc/cr: 0.000001105 0.000001105 0.999997789
QJ:/rrc/rr: 0.000000000 0.500000000 0.500000000
QK:/cc/: 0.466858707 0.533141293 0.000000000
QK:/cc/cr: 0.001780731 0.998196395 0.000022874
QK:/cc/rr: 0.000000000 0.999978244 0.000021756
QK:/crc/: 0.009436439 0.990563561 0.000000000
QK:/crc/cr: 0.000002745 0.560911848 0.439085407
QK:/crc/rr: 0.000000000 0.000432286 0.999567714
QK:/crrc/: 0.944112945 0.055887055 0.000000000
QK:/crrc/cr: 0.000544467 0.491333891 0.508121642
QK:/crrc/rr: 0.000000000 0.000585495 0.999414505
QK:/rc/: 0.418847366 0.581152634 0.000000000
QK:/rc/cr: 0.007196979 0.529201237 0.463601784
QK:/rc/rr: 0.000000000 0.200622084 0.799377916
QK:/rrc/: 0.120956951 0.879043049 0.000000000
QK:/rrc/cr: 0.000001258 0.295519080 0.704479662
QK:/rrc/rr: 0.000000000 0.000518986 0.999481014
QQ:/cc/: 0.440425711 0.559574289 0.000000000
QQ:/cc/cr: 0.999975798 0.000012101 0.000012101
QQ:/cc/rr: 0.000000000 0.999976938 0.000023062
QQ:/crc/: 0.968471869 0.031528131 0.000000000
QQ:/crc/cr: 0.999827488 0.000086256 0.000086256
QQ:/crc/rr: 0.000000000 0.999995788 0.000004212
QQ:/crrc/: 0.135364860 0.864635140 0.000000000
QQ:/crrc/cr: 0.999969165 0.000015417 0.000015417
QQ:/crrc/rr: 0.000000000 0.999852284 0.000147716
QQ:/rc/: 0.496128026 0.503871974 0.000000000
QQ:/rc/cr: 0.999989968 0.000005644 0.000004388
QQ:/rc/rr: 0.000000000 0.999993316 0.000006684
QQ:/rrc/: 0.983846845 0.016153155 0.000000000
QQ:/rrc/cr: 0.999863132 0.000068434 0.000068434
QQ:/rrc/rr: 0.000000000 0.999998315 0.000001685
