J:/c: 0.293254753 0.706745247 0.000000000
J:/crr: 0.000000000 0.999982950 0.000017050
J:/r: 0.055396125 0.127928480 0.816675395
JJ:/cc/c: 0.999992925 0.000007075 0.000000000
JJ:/cc/crr: 0.000000000 0.999996463 0.000003537
JJ:/cc/r: 0.999982648 0.000012635 0.000004716
JJ:/crc/c: 0.999982950 0.000017050 0.000000000
JJ:/crc/crr: 0.000000000 0.999991475 0.000008525
JJ:/crc/r: 0.999977267 0.000011367 0.000011367
JJ:/crrc/c: 0.999991475 0.000008525 0.000000000
JJ:/crrc/crr: 0.000000000 0.999995737 0.000004263
JJ:/crrc/r: 0.999988633 0.000005683 0.000005683
JJ:/rc/c: 0.999973944 0.000026056 0.000000000
JJ:/rc/crr: 0.000000000 0.999986972 0.000013028
JJ:/rc/r: 0.999962930 0.000019699 0.000017371
JJ:/rrc/c: 0.999939827 0.000060173 0.000000000
JJ:/rrc/crr: 0.000000000 0.999969912 0.000030088
JJ:/rrc/r: 0.999735569 0.000224316 0.000040115
JK:/cc/c: 0.004036021 0.995963979 0.000000000
JK:/cc/crr: 0.000000000 0.000876443 0.999123557
JK:/cc/r: 0.000012187 0.000004716 0.999983096
JK:/crc/c: 0.518993960 0.481006040 0.000000000
JK:/crc/crr: 0.000000000 0.000016426 0.999983574
JK:/crc/r: 0.080502809 0.000011367 0.919485824
JK:/crrc/c: 0.614467268 0.385532732 0.000000000
JK:/crrc/crr: 0.000000000 0.000006937 0.999993063
JK:/crrc/r: 0.201143547 0.000005683 0.798850770
JK:/rc/c: 0.380175093 0.619824907 0.000000000
JK:/rc/crr: 0.000000000 0.000034269 0.999965731
JK:/rc/r: 0.358273197 0.000017371 0.641709433
JK:/rrc/c: 0.999818555 0.000181445 0.000000000
JK:/rrc/crr: 0.000000000 0.000030092 0.999969908
JK:/rrc/r: 0.305207428 0.000042307 0.694750265
JQ:/cc/c: 0.071066831 0.928933169 0.000000000
JQ:/cc/crr: 0.000000000 0.000049775 0.999950225
JQ:/cc/r: 0.035693067 0.000004716 0.964302217
JQ:/crc/c: 0.544676745 0.455323255 0.000000000
JQ:/crc/crr: 0.000000000 0.000015652 0.999984348
JQ:/crc/r: 0.076650783 0.000011367 0.923337850
JQ:/crrc/c: 0.043892731 0.956107269 0.000000000
JQ:/crrc/crr: 0.000000000 0.000097114 0.999902886
JQ:/crrc/r: 0.158447589 0.000005683 0.841546727
JQ:/rc/c: 0.990257825 0.009742175 0.000000000
JQ:/rc/crr: 0.000000000 0.000013156 0.999986844
JQ:/rc/r: 0.000017371 0.000017371 0.999965258
JQ:/rrc/c: 0.017259509 0.982740491 0.000000000
JQ:/rrc/crr: 0.000000000 0.001743175 0.998256825
JQ:/rrc/r: 0.410417106 0.000040115 0.589542779
K:/c: 0.999934371 0.000065629 0.000000000
K:/crr: 0.000000000 0.999995000 0.000005000
K:/r: 0.579528330 0.420465003 0.000006667
KJ:/cc/c: 0.233208384 0.766791616 0.000000000
KJ:/cc/crr: 0.000000000 0.836657120 0.163342880
KJ:/cc/r: 0.257746067 0.103596184 0.638657749
KJ:/crc/c: 0.103388349 0.896611651 0.000000000
KJ:/crc/crr: 0.000000000 0.999975818 0.000024182
KJ:/crc/r: 0.000110647 0.750611793 0.249277560
KJ:/crrc/c: 0.437043641 0.562956359 0.000000000
KJ:/crrc/crr: 0.000000000 0.999997140 0.000002860
KJ:/crrc/r: 0.028371888 0.824714008 0.146914104
KJ:/rc/c: 0.445287155 0.554712845 0.000000000
KJ:/rc/crr: 0.000000000 0.612016409 0.387983591
KJ:/rc/r: 0.048006279 0.711998104 0.239995616
KJ:/rrc/c: 0.222221310 0.777778690 0.000000000
KJ:/rrc/crr: 0.000000000 0.996833112 0.003166888
KJ:/rrc/r: 0.049087896 0.889815938 0.061096166
KK:/cc/c: 0.923814142 0.076185858 0.000000000
KK:/cc/crr: 0.000000000 0.958765592 0.041234408
KK:/cc/r: 0.810470486 0.138738942 0.050790572
KK:/crc/c: 0.999995000 0.000005000 0.000000000
KK:/crc/crr: 0.000000000 0.999997500 0.000002500
KK:/crc/r: 0.871174121 0.128822546 0.000003334
KK:/crrc/c: 0.999997500 0.000002500 0.000000000
KK:/crrc/crr: 0.000000000 0.999998750 0.000001250
KK:/crrc/r: 0.999996666 0.000001667 0.000001667
KK:/rc/c: 0.999992072 0.000007928 0.000000000
KK:/rc/crr: 0.000000000 0.999996036 0.000003964
KK:/rc/r: 0.999980019 0.000014696 0.000005285
KK:/rrc/c: 0.999994248 0.000005752 0.000000000
KK:/rrc/crr: 0.000000000 0.999997124 0.000002876
KK:/rrc/r: 0.999977569 0.000018597 0.000003835
KQ:/cc/c: 0.391542457 0.608457543 0.000000000
KQ:/cc/crr: 0.000000000 0.902710604 0.097289396
KQ:/cc/r: 0.258051800 0.650881543 0.091066657
KQ:/crc/c: 0.313971400 0.686028600 0.000000000
KQ:/crc/crr: 0.000000000 0.001577598 0.998422402
KQ:/crc/r: 0.000085058 0.439397183 0.560517759
KQ:/crrc/c: 0.607638935 0.392361065 0.000000000
KQ:/crrc/crr: 0.000000000 0.417221085 0.582778915
KQ:/crrc/r: 0.000007236 0.744712437 0.255280327
KQ:/rc/c: 0.001627810 0.998372190 0.000000000
KQ:/rc/crr: 0.000000000 0.075298072 0.924701928
KQ:/rc/r: 0.000024921 0.307443377 0.692531702
KQ:/rrc/c: 0.516096064 0.483903936 0.000000000
KQ:/rrc/crr: 0.000000000 0.467826190 0.532173810
KQ:/rrc/r: 0.082333630 0.544424543 0.373241828
Q:/c: 0.848256116 0.151743884 0.000000000
Q:/crr: 0.000000000 0.999994106 0.000005894
Q:/r: 0.363717209 0.636238493 0.000044298
QJ:/cc/c: 0.000527718 0.999472282 0.000000000
QJ:/cc/crr: 0.000000000 0.031219545 0.968780455
QJ:/cc/r: 0.000049137 0.000021967 0.999928896
QJ:/crc/c: 0.441433229 0.558566771 0.000000000
QJ:/crc/crr: 0.000000000 0.011781087 0.988218913
QJ:/crc/r: 0.000036646 0.000003930 0.999959425
QJ:/crrc/c: 0.000103499 0.999896501 0.000000000
QJ:/crrc/crr: 0.000000000 0.014237952 0.985762048
QJ:/crrc/r: 0.029451944 0.000001965 0.970546091
QJ:/rc/c: 0.000114600 0.999885400 0.000000000
QJ:/rc/crr: 0.000000000 0.022858386 0.977141614
QJ:/rc/r: 0.012310675 0.000003493 0.987685833
QJ:/rrc/c: 0.000288131 0.999711869 0.000000000
QJ:/rrc/crr: 0.000000000 0.015903606 0.984096394
QJ:/rrc/r: 0.000088047 0.000009606 0.999902348
QK:/cc/c: 0.018105782 0.981894218 0.000000000
QK:/cc/crr: 0.000000000 0.999090063 0.000909937
QK:/cc/r: 0.000220354 0.722983063 0.276796584
QK:/crc/c: 0.376514084 0.623485916 0.000000000
QK:/crc/crr: 0.000000000 0.004543296 0.995456704
QK:/crc/r: 0.000396207 0.479938567 0.519665226
QK:/crrc/c: 0.198941531 0.801058469 0.000000000
QK:/crrc/crr: 0.000000000 0.001210031 0.998789969
QK:/crrc/r: 0.000070917 0.290652070 0.709277013
QK:/rc/c: 0.377984242 0.622015758 0.000000000
QK:/rc/crr: 0.000000000 0.013658084 0.986341916
QK:/rc/r: 0.000006899 0.316418602 0.683574499
QK:/rrc/c: 0.420490548 0.579509452 0.000000000
QK:/rrc/crr: 0.000000000 0.031974871 0.968025129
QK:/rrc/r: 0.000089544 0.496373916 0.503536541
QQ:/cc/c: 0.999967050 0.000032950 0.000000000
QQ:/cc/crr: 0.000000000 0.999983524 0.000016476
QQ:/cc/r: 0.999918106 0.000059927 0.000021967
QQ:/crc/c: 0.999994106 0.000005894 0.000000000
QQ:/crc/crr: 0.000000000 0.999997053 0.000002947
QQ:/crc/r: 0.809209217 0.190786854 0.000003930
QQ:/crrc/c: 0.999997053 0.000002947 0.000000000
QQ:/crrc/crr: 0.000000000 0.999998526 0.000001474
QQ:/crrc/r: 0.999996070 0.000001965 0.000001965
QQ:/rc/c: 0.999994761 0.000005239 0.000000000
QQ:/rc/crr: 0.000000000 0.999997380 0.000002620
QQ:/rc/r: 0.999992782 0.000003726 0.000003493
QQ:/rrc/c: 0.999990835 0.000009165 0.000000000
QQ:/rrc/crr: 0.000000000 0.999995418 0.000004582
QQ:/rrc/r: 0.999957047 0.000036843 0.000006110
