J:/: 0.073474385 0.926525615 0.000000000
J:/cr: 0.018121884 0.035044252 0.946833864
J:/rr: 0.000000000 0.999931949 0.000068051
JJ:/cc/: 0.000128156 0.999871844 0.000000000
JJ:/cc/cr: 0.999993772 0.000004429 0.000001799
JJ:/cc/rr: 0.000000000 0.978945486 0.021054514
JJ:/crc/: 0.967161416 0.032838584 0.000000000
JJ:/crc/cr: 0.998957925 0.000521037 0.000521037
JJ:/crc/rr: 0.000000000 0.999973463 0.000026537
JJ:/crrc/: 0.999018600 0.000981400 0.000000000
JJ:/crrc/cr: 0.932570419 0.033714791 0.033714791
JJ:/crrc/rr: 0.000000000 0.999950320 0.000049680
JJ:/rc/: 0.794818633 0.205181367 0.000000000
JJ:/rc/cr: 0.999778892 0.000110554 0.000110554
JJ:/rc/rr: 0.000000000 0.999957191 0.000042809
JJ:/rrc/: 0.999688584 0.000311416 0.000000000
JJ:/rrc/cr: 0.927154753 0.036422624 0.036422624
JJ:/rrc/rr: 0.000000000 0.999982981 0.000017019
JK:/cc/: 0.100362438 0.899637562 0.000000000
JK:/cc/cr: 0.000002000 0.000002000 0.999996001
JK:/cc/rr: 0.000000000 0.000026885 0.999973115
JK:/crc/: 0.033330467 0.966669533 0.000000000
JK:/crc/cr: 0.000017700 0.000017700 0.999964600
JK:/crc/rr: 0.000000000 0.000770022 0.999229978
JK:/crrc/: 0.999900737 0.000099263 0.000000000
JK:/crrc/cr: 0.333333333 0.333333333 0.333333333
JK:/crrc/rr: 0.000000000 0.000049636 0.999950364
JK:/rc/: 0.999931949 0.000068051 0.000000000
JK:/rc/cr: 0.333333333 0.333333333 0.333333333
JK:/rc/rr: 0.000000000 0.000034028 0.999965972
JK:/rrc/: 0.569878614 0.430121386 0.000000000
JK:/rrc/cr: 0.995260391 0.000026371 0.004713238
JK:/rrc/rr: 0.000000000 0.000029855 0.999970145
JQ:/cc/: 0.147434037 0.852565963 0.000000000
JQ:/cc/cr: 0.000002110 0.000002110 0.999995780
JQ:/cc/rr: 0.000000000 0.000018301 0.999981699
JQ:/crc/: 0.994151422 0.005848578 0.000000000
JQ:/crc/cr: 0.002925519 0.002925519 0.994148961
JQ:/crc/rr: 0.000000000 0.000025816 0.999974184
JQ:/crrc/: 0.046336728 0.953663272 0.000000000
JQ:/crrc/cr: 0.189818171 0.000034695 0.810147134
JQ:/crrc/rr: 0.000000000 0.001071106 0.998928894
JQ:/rc/: 0.999302361 0.000697639 0.000000000
JQ:/rc/cr: 0.032514888 0.032514888 0.934970223
JQ:/rc/rr: 0.000000000 0.000034049 0.999965951
JQ:/rrc/: 0.092341312 0.907658688 0.000000000
JQ:/rrc/cr: 0.000316886 0.000012497 0.999670617
JQ:/rrc/rr: 0.000000000 0.000184250 0.999815750
K:/: 0.754010300 0.245989700 0.000000000
K:/cr: 0.687628407 0.312358042 0.000013551
K:/rr: 0.000000000 0.999993369 0.000006631
KJ:/cc/: 0.000020326 0.999979674 0.000000000
KJ:/cc/cr: 0.000006775 0.000033542 0.999959682
KJ:/cc/rr: 0.000000000 0.500000000 0.500000000
KJ:/crc/: 0.000021691 0.999978309 0.000000000
KJ:/crc/cr: 0.000007230 0.999985539 0.000007230
KJ:/crc/rr: 0.000000000 0.500000000 0.500000000
KJ:/crrc/: 0.001766467 0.998233533 0.000000000
KJ:/crrc/cr: 0.000054638 0.999524692 0.000420670
KJ:/crrc/rr: 0.000000000 0.997211038 0.002788962
KJ:/rc/: 0.000073507 0.999926493 0.000000000
KJ:/rc/cr: 0.014173025 0.929844202 0.055982774
KJ:/rc/rr: 0.000000000 0.954893977 0.045106023
KJ:/rrc/: 0.081742716 0.918257284 0.000000000
KJ:/rrc/cr: 0.000039292 0.999959504 0.000001204
KJ:/rrc/rr: 0.000000000 0.654799282 0.345200718
KK:/cc/: 0.999552409 0.000447591 0.000000000
KK:/cc/cr: 0.969725275 0.015137363 0.015137363
KK:/cc/rr: 0.000000000 0.999989832 0.000010168
KK:/crc/: 0.120145508 0.879854492 0.000000000
KK:/crc/cr: 0.999983565 0.000008218 0.000008218
KK:/crc/rr: 0.000000000 0.999909730 0.000090270
KK:/crrc/: 0.999177359 0.000822641 0.000000000
KK:/crrc/cr: 0.992014975 0.003992512 0.003992512
KK:/crrc/rr: 0.000000000 0.999995069 0.000004931
KK:/rc/: 0.800853418 0.199146582 0.000000000
KK:/rc/cr: 0.999977801 0.000011099 0.000011099
KK:/rc/rr: 0.000000000 0.999995860 0.000004140
KK:/rrc/: 0.535598881 0.464401119 0.000000000
KK:/rrc/cr: 0.999995240 0.000002380 0.000002380
KK:/rrc/rr: 0.000000000 0.999996905 0.000003095
KQ:/cc/: 0.000080240 0.999919760 0.000000000
KQ:/cc/cr: 0.000006776 0.431574209 0.568419015
KQ:/cc/rr: 0.000000000 0.873341949 0.126658051
KQ:/crc/: 0.903298968 0.096701032 0.000000000
KQ:/crc/cr: 0.000074770 0.514465749 0.485459481
KQ:/crc/rr: 0.000000000 0.000012007 0.999987993
KQ:/crrc/: 0.000170446 0.999829554 0.000000000
KQ:/crrc/cr: 0.000003285 0.742144051 0.257852664
KQ:/crrc/rr: 0.000000000 0.816542698 0.183457302
KQ:/rc/: 0.000006631 0.999993369 0.000000000
KQ:/rc/cr: 0.000008920 0.480326000 0.519665079
KQ:/rc/rr: 0.000000000 0.500000000 0.500000000
KQ:/rrc/: 0.722968320 0.277031680 0.000000000
KQ:/rrc/cr: 0.018012069 0.921870530 0.060117402
KQ:/rrc/rr: 0.000000000 0.396159734 0.603840266
Q:/: 0.744372054 0.255627946 0.000000000
Q:/cr: 0.155171348 0.844682425 0.000146227
Q:/rr: 0.000000000 0.999993283 0.000006717
QJ:/cc/: 0.000019560 0.999980440 0.000000000
QJ:/cc/cr: 0.000006520 0.000006520 0.999986960
QJ:/cc/rr: 0.000000000 0.500000000 0.500000000
QJ:/crc/: 0.028106937 0.971893063 0.000000000
QJ:/crc/cr: 0.001186841 0.000002647 0.998810512
QJ:/crc/rr: 0.000000000 0.000137310 0.999862690
QJ:/crrc/: 0.082798981 0.917201019 0.000000000
QJ:/crrc/cr: 0.000015270 0.000015270 0.999969460
QJ:/crrc/rr: 0.000000000 0.000253731 0.999746269
QJ:/rc/: 0.017400096 0.982599904 0.000000000
QJ:/rc/cr: 0.000002279 0.000002279 0.999995443
QJ:/rc/rr: 0.000000000 0.000193018 0.999806982
QJ:/rrc/: 0.000003359 0.999996641 0.000000000
QJ:/rrc/cr: 0.000001120 0.000001120 0.999997761
QJ:/rrc/rr: 0.000000000 0.500000000 0.500000000
QK:/cc/: 0.000374695 0.999625305 0.000000000
QK:/cc/cr: 0.017008673 0.982984805 0.000006522
QK:/cc/rr: 0.000000000 0.973899193 0.026100807
QK:/crc/: 0.006655466 0.993344534 0.000000000
QK:/crc/cr: 0.000002752 0.553972721 0.446024528
QK:/crc/rr: 0.000000000 0.000579880 0.999420120
QK:/crrc/: 0.999526056 0.000473944 0.000000000
QK:/crrc/cr: 0.029551594 0.029849823 0.940598582
QK:/crrc/rr: 0.000000000 0.003316282 0.996683718
QK:/rc/: 0.419074331 0.580925669 0.000000000
QK:/rc/cr: 0.001104800 0.530148042 0.468747158
QK:/rc/rr: 0.000000000 0.192251138 0.807748862
QK:/rrc/: 0.122447826 0.877552174 0.000000000
QK:/rrc/cr: 0.000002796 0.296731283 0.703265921
QK:/rrc/rr: 0.000000000 0.000013714 0.999986286
QQ:/cc/: 0.441555542 0.558444458 0.000000000
QQ:/cc/cr: 0.999954957 0.000033368 0.000011675
QQ:/cc/rr: 0.000000000 0.999977851 0.000022149
QQ:/crc/: 0.989899784 0.010100216 0.000000000
QQ:/crc/cr: 0.999490522 0.000254739 0.000254739
QQ:/crc/rr: 0.000000000 0.999996101 0.000003899
QQ:/crrc/: 0.148798429 0.851201571 0.000000000
QQ:/crrc/cr: 0.999967092 0.000016454 0.000016454
QQ:/crrc/rr: 0.000000000 0.999858811 0.000141189
QQ:/rc/: 0.511719247 0.488280753 0.000000000
QQ:/rc/cr: 0.999990826 0.000004589 0.000004586
QQ:/rc/rr: 0.000000000 0.999993437 0.000006563
QQ:/rrc/: 0.988853339 0.011146661 0.000000000
QQ:/rrc/cr: 0.999799129 0.000100435 0.000100435
QQ:/rrc/rr: 0.000000000 0.999998302 0.000001698
