J:/c: 0.305577842 0.694422158 0.000000000
J:/crr: 0.000000000 0.999983638 0.000016362
J:/r: 0.053957389 0.124842517 0.821200094
JJ:/cc/c: 0.999992800 0.000007200 0.000000000
JJ:/cc/crr: 0.000000000 0.999996400 0.000003600
JJ:/cc/r: 0.999990400 0.000004800 0.000004800
JJ:/crc/c: 0.999983638 0.000016362 0.000000000
JJ:/crc/crr: 0.000000000 0.999991819 0.000008181
JJ:/crc/r: 0.999603541 0.000385551 0.000010908
JJ:/crrc/c: 0.999991819 0.000008181 0.000000000
JJ:/crrc/crr: 0.000000000 0.999995909 0.000004091
JJ:/crrc/r: 0.999961727 0.000032819 0.000005454
JJ:/rc/c: 0.999973300 0.000026700 0.000000000
JJ:/rc/crr: 0.000000000 0.999986649 0.000013351
JJ:/rc/r: 0.999921198 0.000061001 0.000017800
JJ:/rrc/c: 0.999938223 0.000061777 0.000000000
JJ:/rrc/crr: 0.000000000 0.999969110 0.000030890
JJ:/rrc/r: 0.999840846 0.000117970 0.000041185
JK:/cc/c: 0.007453374 0.992546626 0.000000000
JK:/cc/crr: 0.000000000 0.000483018 0.999516982
JK:/cc/r: 0.000004800 0.000004800 0.999990400
JK:/crc/c: 0.492815012 0.507184988 0.000000000
JK:/crc/crr: 0.000000000 0.000016601 0.999983399
JK:/crc/r: 0.023136802 0.000010908 0.976852290
JK:/crrc/c: 0.426809900 0.573190100 0.000000000
JK:/crrc/crr: 0.000000000 0.000009584 0.999990416
JK:/crrc/r: 0.201022709 0.000005454 0.798971837
JK:/rc/c: 0.408863937 0.591136063 0.000000000
JK:/rc/crr: 0.000000000 0.000032652 0.999967348
JK:/rc/r: 0.361407390 0.000017800 0.638574810
JK:/rrc/c: 0.999938223 0.000061777 0.000000000
JK:/rrc/crr: 0.000000000 0.000030890 0.999969110
JK:/rrc/r: 0.310198117 0.000041185 0.689760698
JQ:/cc/c: 0.069579779 0.930420221 0.000000000
JQ:/cc/crr: 0.000000000 0.000051741 0.999948259
JQ:/cc/r: 0.035495087 0.000004800 0.964500113
JQ:/crc/c: 0.594255982 0.405744018 0.000000000
JQ:/crc/crr: 0.000000000 0.000013767 0.999986233
JQ:/crc/r: 0.001174381 0.000010908 0.998814711
JQ:/crrc/c: 0.044341779 0.955658221 0.000000000
JQ:/crrc/crr: 0.000000000 0.000092253 0.999907747
JQ:/crrc/r: 0.227292187 0.000005454 0.772702359
JQ:/rc/c: 0.996817874 0.003182126 0.000000000
JQ:/rc/crr: 0.000000000 0.000013393 0.999986607
JQ:/rc/r: 0.000017800 0.000017800 0.999964400
JQ:/rrc/c: 0.022937029 0.977062971 0.000000000
JQ:/rrc/crr: 0.000000000 0.001346668 0.998653332
JQ:/rrc/r: 0.528490068 0.000041185 0.471468747
K:/c: 0.999969894 0.000030106 0.000000000
K:/crr: 0.000000000 0.999995000 0.000005000
K:/r: 0.577360075 0.422633259 0.000006667
KJ:/cc/c: 0.191472653 0.808527347 0.000000000
KJ:/cc/crr: 0.000000000 0.566306582 0.433693418
KJ:/cc/r: 0.411781573 0.203417766 0.384800660
KJ:/crc/c: 0.087875939 0.912124061 0.000000000
KJ:/crc/crr: 0.000000000 0.999971550 0.000028450
KJ:/crc/r: 0.000031394 0.724700416 0.275268190
KJ:/crrc/c: 0.359945371 0.640054629 0.000000000
KJ:/crrc/crr: 0.000000000 0.736613975 0.263386025
KJ:/crrc/r: 0.004349577 0.875432565 0.120217859
KJ:/rc/c: 0.401743452 0.598256548 0.000000000
KJ:/rc/crr: 0.000000000 0.983394007 0.016605993
KJ:/rc/r: 0.057645793 0.722200478 0.220153728
KJ:/rrc/c: 0.162594449 0.837405551 0.000000000
KJ:/rrc/crr: 0.000000000 0.999982246 0.000017754
KJ:/rrc/r: 0.045161226 0.884348362 0.070490412
KK:/cc/c: 0.833919141 0.166080859 0.000000000
KK:/cc/crr: 0.000000000 0.900421485 0.099578515
KK:/cc/r: 0.595827181 0.293452246 0.110720573
KK:/crc/c: 0.999995000 0.000005000 0.000000000
KK:/crc/crr: 0.000000000 0.999997500 0.000002500
KK:/crc/r: 0.926071621 0.073925046 0.000003333
KK:/crrc/c: 0.999997500 0.000002500 0.000000000
KK:/crrc/crr: 0.000000000 0.999998750 0.000001250
KK:/crrc/r: 0.999992828 0.000005505 0.000001667
KK:/rc/c: 0.999992113 0.000007887 0.000000000
KK:/rc/crr: 0.000000000 0.999996056 0.000003944
KK:/rc/r: 0.999980550 0.000014192 0.000005258
KK:/rrc/c: 0.999994227 0.000005773 0.000000000
KK:/rrc/crr: 0.000000000 0.999997113 0.000002887
KK:/rrc/r: 0.999737967 0.000258184 0.000003849
KQ:/cc/c: 0.833919141 0.166080859 0.000000000
KQ:/cc/crr: 0.000000000 0.900421485 0.099578515
KQ:/cc/r: 0.465968354 0.422717391 0.111314255
KQ:/crc/c: 0.000958691 0.999041309 0.000000000
KQ:/crc/crr: 0.000000000 0.076249188 0.923750812
KQ:/crc/r: 0.000008933 0.437981594 0.562009473
KQ:/crrc/c: 0.620454834 0.379545166 0.000000000
KQ:/crrc/crr: 0.000000000 0.406050468 0.593949532
KQ:/crrc/r: 0.000005185 0.621658229 0.378336586
KQ:/rc/c: 0.000093711 0.999906289 0.000000000
KQ:/rc/crr: 0.000000000 0.289868447 0.710131553
KQ:/rc/r: 0.000017402 0.298344335 0.701638262
KQ:/rrc/c: 0.504649284 0.495350716 0.000000000
KQ:/rrc/crr: 0.000000000 0.497889630 0.502110370
KQ:/rrc/r: 0.045895084 0.587272686 0.366832230
Q:/c: 0.846805807 0.153194193 0.000000000
Q:/crr: 0.000000000 0.999994095 0.000005905
Q:/r: 0.373704306 0.626260019 0.000035675
QJ:/cc/c: 0.000618829 0.999381171 0.000000000
QJ:/cc/crr: 0.000000000 0.026371012 0.973628988
QJ:/cc/r: 0.000021759 0.000021759 0.999956482
QJ:/crc/c: 0.386061859 0.613938141 0.000000000
QJ:/crc/crr: 0.000000000 0.000023126 0.999976874
QJ:/crc/r: 0.000003936 0.000003936 0.999992127
QJ:/crrc/c: 0.000002952 0.999997048 0.000000000
QJ:/crrc/crr: 0.000000000 0.500000000 0.500000000
QJ:/crrc/r: 0.031437056 0.000001968 0.968560976
QJ:/rc/c: 0.000005323 0.999994677 0.000000000
QJ:/rc/crr: 0.000000000 0.500000000 0.500000000
QJ:/rc/r: 0.001047966 0.000003548 0.998948486
QJ:/rrc/c: 0.000150915 0.999849085 0.000000000
QJ:/rrc/crr: 0.000000000 0.029552172 0.970447828
QJ:/rrc/r: 0.000062488 0.000005946 0.999931566
QK:/cc/c: 0.066606184 0.933393816 0.000000000
QK:/cc/crr: 0.000000000 0.999754990 0.000245010
QK:/cc/r: 0.000086075 0.756965795 0.242948130
QK:/crc/c: 0.386540353 0.613459647 0.000000000
QK:/crc/crr: 0.000000000 0.000899001 0.999100999
QK:/crc/r: 0.000063200 0.483005718 0.516931082
QK:/crrc/c: 0.045977737 0.954022263 0.000000000
QK:/crrc/crr: 0.000000000 0.010828306 0.989171694
QK:/crrc/r: 0.000062632 0.282977461 0.716959906
QK:/rc/c: 0.355285286 0.644714714 0.000000000
QK:/rc/crr: 0.000000000 0.011518684 0.988481316
QK:/rc/r: 0.000007058 0.299256721 0.700736222
QK:/rrc/c: 0.423198154 0.576801846 0.000000000
QK:/rrc/crr: 0.000000000 0.084747167 0.915252833
QK:/rrc/r: 0.000072335 0.514694910 0.485232755
QQ:/cc/c: 0.999967362 0.000032638 0.000000000
QQ:/cc/crr: 0.000000000 0.999983680 0.000016320
QQ:/cc/r: 0.998592922 0.001385319 0.000021759
QQ:/crc/c: 0.999994095 0.000005905 0.000000000
QQ:/crc/crr: 0.000000000 0.999997048 0.000002952
QQ:/crc/r: 0.999948283 0.000047780 0.000003936
QQ:/crrc/c: 0.999997048 0.000002952 0.000000000
QQ:/crrc/crr: 0.000000000 0.999998524 0.000001476
QQ:/crrc/r: 0.999214911 0.000783121 0.000001968
QQ:/rc/c: 0.999994677 0.000005323 0.000000000
QQ:/rc/crr: 0.000000000 0.999997339 0.000002661
QQ:/rc/r: 0.999992197 0.000004255 0.000003548
QQ:/rrc/c: 0.999991080 0.000008920 0.000000000
QQ:/rrc/crr: 0.000000000 0.999995540 0.000004460
QQ:/rrc/r: 0.999954949 0.000039104 0.000005946
