J:/: 0.077318297 0.922681703 0.000000000
J:/cr: 0.017772190 0.036598643 0.945629167
J:/rr: 0.000000000 0.999935332 0.000064668
JJ:/cc/: 0.000315607 0.999684393 0.000000000
JJ:/cc/cr: 0.999996386 0.000001807 0.000001807
JJ:/cc/rr: 0.000000000 0.991414976 0.008585024
JJ:/crc/: 0.963934277 0.036065723 0.000000000
JJ:/crc/cr: 0.999087683 0.000456159 0.000456159
JJ:/crc/rr: 0.000000000 0.999974399 0.000025601
JJ:/crrc/: 0.973270827 0.026729173 0.000000000
JJ:/crrc/cr: 0.997464993 0.001267503 0.001267503
JJ:/crrc/rr: 0.000000000 0.999947785 0.000052215
JJ:/rc/: 0.854626777 0.145373223 0.000000000
JJ:/rc/cr: 0.999703440 0.000148280 0.000148280
JJ:/rc/rr: 0.000000000 0.999962166 0.000037834
JJ:/rrc/: 0.986751375 0.013248625 0.000000000
JJ:/rrc/cr: 0.998372864 0.000813568 0.000813568
JJ:/rrc/rr: 0.000000000 0.999983615 0.000016385
JK:/cc/: 0.075079044 0.924920956 0.000000000
JK:/cc/cr: 0.000006837 0.000001953 0.999991210
JK:/cc/rr: 0.000000000 0.000036089 0.999963911
JK:/crc/: 0.060351622 0.939648378 0.000000000
JK:/crc/cr: 0.031212588 0.000017508 0.968769903
JK:/crc/rr: 0.000000000 0.000408896 0.999591104
JK:/crrc/: 0.999814844 0.000185156 0.000000000
JK:/crrc/cr: 0.182977337 0.182977337 0.634045326
JK:/crrc/rr: 0.000000000 0.000050828 0.999949172
JK:/rc/: 0.977322112 0.022677888 0.000000000
JK:/rc/cr: 0.947526434 0.000950526 0.051523040
JK:/rc/rr: 0.000000000 0.000033084 0.999966916
JK:/rrc/: 0.523799172 0.476200828 0.000000000
JK:/rrc/cr: 0.824573249 0.000022635 0.175404116
JK:/rrc/rr: 0.000000000 0.000030867 0.999969133
JQ:/cc/: 0.203675301 0.796324699 0.000000000
JQ:/cc/cr: 0.000007978 0.000002268 0.999989754
JQ:/cc/rr: 0.000000000 0.000013303 0.999986697
JQ:/crc/: 0.989385238 0.010614762 0.000000000
JQ:/crc/cr: 0.313379613 0.001549888 0.685070499
JQ:/crc/rr: 0.000000000 0.000024942 0.999975058
JQ:/crrc/: 0.039319202 0.960680798 0.000000000
JQ:/crrc/cr: 0.143772370 0.000035266 0.856192364
JQ:/crrc/rr: 0.000000000 0.001292472 0.998707528
JQ:/rc/: 0.994573724 0.005426276 0.000000000
JQ:/rc/cr: 0.003972506 0.003972506 0.992054988
JQ:/rc/rr: 0.000000000 0.000032510 0.999967490
JQ:/rrc/: 0.137256478 0.862743522 0.000000000
JQ:/rrc/cr: 0.000816423 0.000012493 0.999171084
JQ:/rrc/rr: 0.000000000 0.000117794 0.999882206
K:/: 0.757462209 0.242537791 0.000000000
K:/cr: 0.676289004 0.323697252 0.000013744
K:/rr: 0.000000000 0.999993399 0.000006601
KJ:/cc/: 0.000057431 0.999942569 0.000000000
KJ:/cc/cr: 0.000049991 0.000008933 0.999941076
KJ:/cc/rr: 0.000000000 0.820519714 0.179480286
KJ:/crc/: 0.000045732 0.999954268 0.000000000
KJ:/crc/cr: 0.000621839 0.999371084 0.000007077
KJ:/crc/rr: 0.000000000 0.767898425 0.232101575
KJ:/crrc/: 0.078778078 0.921221922 0.000000000
KJ:/crrc/cr: 0.001777496 0.994865845 0.003356659
KJ:/crrc/rr: 0.000000000 0.479915688 0.520084312
KJ:/rc/: 0.058419971 0.941580029 0.000000000
KJ:/rc/cr: 0.008057722 0.951550835 0.040391443
KJ:/rc/rr: 0.000000000 0.274413375 0.725586625
KJ:/rrc/: 0.082540648 0.917459352 0.000000000
KJ:/rrc/cr: 0.000541774 0.998855307 0.000602919
KJ:/rrc/rr: 0.000000000 0.594583950 0.405416050
KK:/cc/: 0.999686079 0.000313921 0.000000000
KK:/cc/cr: 0.956219668 0.021890166 0.021890166
KK:/cc/rr: 0.000000000 0.999989689 0.000010311
KK:/crc/: 0.175635183 0.824364817 0.000000000
KK:/crc/cr: 0.999982832 0.000008584 0.000008584
KK:/crc/rr: 0.000000000 0.999939565 0.000060435
KK:/crrc/: 0.990982578 0.009017422 0.000000000
KK:/crrc/cr: 0.999248787 0.000375607 0.000375607
KK:/crrc/rr: 0.000000000 0.999994873 0.000005127
KK:/rc/: 0.846116662 0.153883338 0.000000000
KK:/rc/cr: 0.999971403 0.000014299 0.000014299
KK:/rc/rr: 0.000000000 0.999996099 0.000003901
KK:/rrc/: 0.520120578 0.479879422 0.000000000
KK:/rrc/cr: 0.999995415 0.000002293 0.000002293
KK:/rrc/rr: 0.000000000 0.999996827 0.000003173
KQ:/cc/: 0.000176549 0.999823451 0.000000000
KQ:/cc/cr: 0.000051851 0.439948005 0.560000143
KQ:/cc/rr: 0.000000000 0.941615937 0.058384063
KQ:/crc/: 0.850169349 0.149830651 0.000000000
KQ:/crc/cr: 0.000335709 0.559630556 0.440033735
KQ:/crc/rr: 0.000000000 0.000027006 0.999972994
KQ:/crrc/: 0.019238985 0.980761015 0.000000000
KQ:/crrc/cr: 0.022254064 0.690515046 0.287230890
KQ:/crrc/rr: 0.000000000 0.273672947 0.726327053
KQ:/rc/: 0.000061370 0.999938630 0.000000000
KQ:/rc/cr: 0.000028059 0.493220595 0.506751347
KQ:/rc/rr: 0.000000000 0.946219997 0.053780003
KQ:/rrc/: 0.684219251 0.315780749 0.000000000
KQ:/rrc/cr: 0.026080636 0.873372310 0.100547054
KQ:/rrc/rr: 0.000000000 0.388333528 0.611666472
Q:/: 0.737145989 0.262854011 0.000000000
Q:/cr: 0.156819489 0.842498223 0.000682288
Q:/rr: 0.000000000 0.999993217 0.000006783
QJ:/cc/: 0.000019022 0.999980978 0.000000000
QJ:/cc/cr: 0.000020528 0.000006341 0.999973132
QJ:/cc/rr: 0.000000000 0.500000000 0.500000000
QJ:/crc/: 0.028819756 0.971180244 0.000000000
QJ:/crc/cr: 0.002611009 0.000002583 0.997386408
QJ:/crc/rr: 0.000000000 0.000130570 0.999869430
QJ:/crrc/: 0.000383966 0.999616034 0.000000000
QJ:/crrc/cr: 0.000195010 0.000013483 0.999791508
QJ:/crrc/rr: 0.000000000 0.052651522 0.947348478
QJ:/rc/: 0.009834966 0.990165034 0.000000000
QJ:/rc/cr: 0.000003526 0.000002283 0.999994191
QJ:/rc/rr: 0.000000000 0.000344837 0.999655163
QJ:/rrc/: 0.000003391 0.999996609 0.000000000
QJ:/rrc/cr: 0.000001907 0.000001130 0.999996962
QJ:/rrc/rr: 0.000000000 0.500000000 0.500000000
QK:/cc/: 0.555460613 0.444539387 0.000000000
QK:/cc/cr: 0.224859803 0.775115330 0.000024867
QK:/cc/rr: 0.000000000 0.999982877 0.000017123
QK:/crc/: 0.015595851 0.984404149 0.000000000
QK:/crc/cr: 0.000002548 0.559626771 0.440370681
QK:/crc/rr: 0.000000000 0.000241283 0.999758717
QK:/crrc/: 0.924602618 0.075397382 0.000000000
QK:/crrc/cr: 0.000277022 0.654813526 0.344909452
QK:/crrc/rr: 0.000000000 0.000574451 0.999425549
QK:/rc/: 0.458859543 0.541140457 0.000000000
QK:/rc/cr: 0.015805190 0.527354457 0.456840353
QK:/rc/rr: 0.000000000 0.199263273 0.800736727
QK:/rrc/: 0.115623739 0.884376261 0.000000000
QK:/rrc/cr: 0.000001278 0.309392069 0.690606653
QK:/rrc/rr: 0.000000000 0.000724624 0.999275376
QQ:/cc/: 0.594104783 0.405895217 0.000000000
QQ:/cc/cr: 0.999968757 0.000015621 0.000015621
QQ:/cc/rr: 0.000000000 0.999983991 0.000016009
QQ:/crc/: 0.984959449 0.015040551 0.000000000
QQ:/crc/cr: 0.999666412 0.000166794 0.000166794
QQ:/crc/rr: 0.000000000 0.999996180 0.000003820
QQ:/crrc/: 0.178049639 0.821950361 0.000000000
QQ:/crrc/cr: 0.999967206 0.000016397 0.000016397
QQ:/crrc/rr: 0.000000000 0.999886456 0.000113544
QQ:/rc/: 0.521231224 0.478768776 0.000000000
QQ:/rc/cr: 0.999990555 0.000004722 0.000004722
QQ:/rc/rr: 0.000000000 0.999993493 0.000006507
QQ:/rrc/: 0.980589977 0.019410023 0.000000000
QQ:/rrc/cr: 0.999883514 0.000058243 0.000058243
QQ:/rrc/rr: 0.000000000 0.999998271 0.000001729
