J:/c: 0.303350034 0.696649966 0.000000000
J:/crr: 0.000000000 0.999983517 0.000016483
J:/r: 0.055079459 0.130432605 0.814487936
JJ:/cc/c: 0.999992823 0.000007177 0.000000000
JJ:/cc/crr: 0.000000000 0.999996411 0.000003589
JJ:/cc/r: 0.999986633 0.000008583 0.000004785
JJ:/crc/c: 0.999983517 0.000016483 0.000000000
JJ:/crc/crr: 0.000000000 0.999991759 0.000008241
JJ:/crc/r: 0.999978023 0.000010988 0.000010988
JJ:/crrc/c: 0.999991759 0.000008241 0.000000000
JJ:/crrc/crr: 0.000000000 0.999995879 0.000004121
JJ:/crrc/r: 0.999989011 0.000005494 0.000005494
JJ:/rc/c: 0.999974444 0.000025556 0.000000000
JJ:/rc/crr: 0.000000000 0.999987222 0.000012778
JJ:/rc/r: 0.999953960 0.000029003 0.000017037
JJ:/rrc/c: 0.999939481 0.000060519 0.000000000
JJ:/rrc/crr: 0.000000000 0.999969739 0.000030261
JJ:/rrc/r: 0.999806469 0.000153185 0.000040346
JK:/cc/c: 0.008661647 0.991338353 0.000000000
JK:/cc/crr: 0.000000000 0.000414309 0.999585691
JK:/cc/r: 0.000013588 0.000004785 0.999981628
JK:/crc/c: 0.517490649 0.482509351 0.000000000
JK:/crc/crr: 0.000000000 0.000015926 0.999984074
JK:/crc/r: 0.013383618 0.000010988 0.986605394
JK:/crrc/c: 0.419941083 0.580058917 0.000000000
JK:/crrc/crr: 0.000000000 0.000009813 0.999990187
JK:/crrc/r: 0.195512852 0.000005494 0.804481654
JK:/rc/c: 0.367477814 0.632522186 0.000000000
JK:/rc/crr: 0.000000000 0.000034772 0.999965228
JK:/rc/r: 0.365415718 0.000017037 0.634567245
JK:/rrc/c: 0.999917016 0.000082984 0.000000000
JK:/rrc/crr: 0.000000000 0.000030262 0.999969738
JK:/rrc/r: 0.325778650 0.000040346 0.674181004
JQ:/cc/c: 0.074634991 0.925365009 0.000000000
JQ:/cc/crr: 0.000000000 0.000048082 0.999951918
JQ:/cc/r: 0.031904601 0.000004785 0.968090614
JQ:/crc/c: 0.394543690 0.605456310 0.000000000
JQ:/crc/crr: 0.000000000 0.000020888 0.999979112
JQ:/crc/r: 0.095774448 0.000010988 0.904214563
JQ:/crrc/c: 0.033042338 0.966957662 0.000000000
JQ:/crrc/crr: 0.000000000 0.000124710 0.999875290
JQ:/crrc/r: 0.244139758 0.000005494 0.755854748
JQ:/rc/c: 0.992408199 0.007591801 0.000000000
JQ:/rc/crr: 0.000000000 0.000012876 0.999987124
JQ:/rc/r: 0.000017037 0.000017037 0.999965925
JQ:/rrc/c: 0.001455047 0.998544953 0.000000000
JQ:/rrc/crr: 0.000000000 0.020796109 0.979203891
JQ:/rrc/r: 0.360978252 0.000040346 0.638981402
K:/c: 0.999969850 0.000030150 0.000000000
K:/crr: 0.000000000 0.999995000 0.000005000
K:/r: 0.573396740 0.426596593 0.000006667
KJ:/cc/c: 0.165837436 0.834162564 0.000000000
KJ:/cc/crr: 0.000000000 0.500000000 0.500000000
KJ:/cc/r: 0.514358030 0.254583659 0.231058311
KJ:/crc/c: 0.113048036 0.886951964 0.000000000
KJ:/crc/crr: 0.000000000 0.999977885 0.000022115
KJ:/crc/r: 0.000042850 0.730239720 0.269717431
KJ:/crrc/c: 0.357725044 0.642274956 0.000000000
KJ:/crrc/crr: 0.000000000 0.999985520 0.000014480
KJ:/crrc/r: 0.096300661 0.719682343 0.184016996
KJ:/rc/c: 0.442259100 0.557740900 0.000000000
KJ:/rc/crr: 0.000000000 0.819471060 0.180528940
KJ:/rc/r: 0.018965488 0.746484086 0.234550426
KJ:/rrc/c: 0.181738542 0.818261458 0.000000000
KJ:/rrc/crr: 0.000000000 0.999984006 0.000015994
KJ:/rrc/r: 0.042767970 0.896671120 0.060560909
KK:/cc/c: 0.834162564 0.165837436 0.000000000
KK:/cc/crr: 0.000000000 0.900596452 0.099403548
KK:/cc/r: 0.555420407 0.334021302 0.110558291
KK:/crc/c: 0.999995000 0.000005000 0.000000000
KK:/crc/crr: 0.000000000 0.999997500 0.000002500
KK:/crc/r: 0.969714475 0.030282192 0.000003333
KK:/crrc/c: 0.999997500 0.000002500 0.000000000
KK:/crrc/crr: 0.000000000 0.999998750 0.000001250
KK:/crrc/r: 0.999978858 0.000019475 0.000001667
KK:/rc/c: 0.999992186 0.000007814 0.000000000
KK:/rc/crr: 0.000000000 0.999996093 0.000003907
KK:/rc/r: 0.999981185 0.000013606 0.000005209
KK:/rrc/c: 0.999994187 0.000005813 0.000000000
KK:/rrc/crr: 0.000000000 0.999997093 0.000002907
KK:/rrc/r: 0.999872380 0.000123744 0.000003876
KQ:/cc/c: 0.501219586 0.498780414 0.000000000
KQ:/cc/crr: 0.000000000 0.834566085 0.165433915
KQ:/cc/r: 0.500277420 0.388282626 0.111439954
KQ:/crc/c: 0.311437748 0.688562252 0.000000000
KQ:/crc/crr: 0.000000000 0.108352636 0.891647364
KQ:/crc/r: 0.000024490 0.432455528 0.567519982
KQ:/crrc/c: 0.606429556 0.393570444 0.000000000
KQ:/crrc/crr: 0.000000000 0.417357440 0.582642560
KQ:/crrc/r: 0.000002906 0.651104308 0.348892786
KQ:/rc/c: 0.000474553 0.999525447 0.000000000
KQ:/rc/crr: 0.000000000 0.072122680 0.927877320
KQ:/rc/r: 0.000018850 0.306746224 0.693234926
KQ:/rrc/c: 0.500607134 0.499392866 0.000000000
KQ:/rrc/crr: 0.000000000 0.565693863 0.434306137
KQ:/rrc/r: 0.100631867 0.527560075 0.371808057
Q:/c: 0.843296767 0.156703233 0.000000000
Q:/crr: 0.000000000 0.999994071 0.000005929
Q:/r: 0.346992801 0.652981356 0.000025843
QJ:/cc/c: 0.000394986 0.999605014 0.000000000
QJ:/cc/crr: 0.000000000 0.040390563 0.959609437
QJ:/cc/r: 0.000021272 0.000021272 0.999957457
QJ:/crc/c: 0.468481418 0.531518582 0.000000000
QJ:/crc/crr: 0.000000000 0.007724570 0.992275430
QJ:/crc/r: 0.000171719 0.000003953 0.999824328
QJ:/crrc/c: 0.000002965 0.999997035 0.000000000
QJ:/crrc/crr: 0.000000000 0.500000000 0.500000000
QJ:/crrc/r: 0.005025890 0.000001976 0.994972134
QJ:/rc/c: 0.000065487 0.999934513 0.000000000
QJ:/rc/crr: 0.000000000 0.038975473 0.961024527
QJ:/rc/r: 0.018999407 0.000003403 0.980997189
QJ:/rrc/c: 0.000077052 0.999922948 0.000000000
QJ:/rrc/crr: 0.000000000 0.062337041 0.937662959
QJ:/rrc/r: 0.000060367 0.000006404 0.999933229
QK:/cc/c: 0.038759505 0.961240495 0.000000000
QK:/cc/crr: 0.000000000 0.999588392 0.000411608
QK:/cc/r: 0.000160955 0.707818560 0.292020485
QK:/crc/c: 0.340165940 0.659834060 0.000000000
QK:/crc/crr: 0.000000000 0.001091056 0.998908944
QK:/crc/r: 0.000047003 0.508618215 0.491334782
QK:/crrc/c: 0.167255093 0.832744907 0.000000000
QK:/crrc/crr: 0.000000000 0.004819289 0.995180711
QK:/crrc/r: 0.000032811 0.273741657 0.726225532
QK:/rc/c: 0.381160606 0.618839394 0.000000000
QK:/rc/crr: 0.000000000 0.023922080 0.976077920
QK:/rc/r: 0.000011573 0.322367934 0.677620493
QK:/rrc/c: 0.422057883 0.577942117 0.000000000
QK:/rrc/crr: 0.000000000 0.000857422 0.999142578
QK:/rrc/r: 0.000074326 0.471369795 0.528555879
QQ:/cc/c: 0.999968093 0.000031907 0.000000000
QQ:/cc/crr: 0.000000000 0.999984046 0.000015954
QQ:/cc/r: 0.999932723 0.000046006 0.000021272
QQ:/crc/c: 0.999994071 0.000005929 0.000000000
QQ:/crc/crr: 0.000000000 0.999997035 0.000002965
QQ:/crc/r: 0.954311140 0.045684907 0.000003953
QQ:/crrc/c: 0.999997035 0.000002965 0.000000000
QQ:/crrc/crr: 0.000000000 0.999998518 0.000001482
QQ:/crrc/r: 0.999861622 0.000136402 0.000001976
QQ:/rc/c: 0.999994895 0.000005105 0.000000000
QQ:/rc/crr: 0.000000000 0.999997448 0.000002552
QQ:/rc/r: 0.999992266 0.000004331 0.000003403
QQ:/rrc/c: 0.999990394 0.000009606 0.000000000
QQ:/rrc/crr: 0.000000000 0.999995197 0.000004803
QQ:/rrc/r: 0.999960425 0.000033171 0.000006404
