J:/: 0.078223248 0.921776752 0.000000000
J:/cr: 0.018129386 0.034413712 0.947456902
J:/rr: 0.000000000 0.999936080 0.000063920
JJ:/cc/: 0.000031106 0.999968894 0.000000000
JJ:/cc/cr: 0.999996384 0.000001808 0.000001808
JJ:/cc/rr: 0.000000000 0.912808865 0.087191135
JJ:/crc/: 0.977597031 0.022402969 0.000000000
JJ:/crc/cr: 0.998436512 0.000781744 0.000781744
JJ:/crc/rr: 0.000000000 0.999973128 0.000026872
JJ:/crrc/: 0.998415142 0.001584858 0.000000000
JJ:/crrc/cr: 0.958047455 0.020976273 0.020976273
JJ:/crrc/rr: 0.000000000 0.999950054 0.000049946
JJ:/rc/: 0.930388285 0.069611715 0.000000000
JJ:/rc/cr: 0.999387846 0.000306077 0.000306077
JJ:/rc/rr: 0.000000000 0.999965649 0.000034351
JJ:/rrc/: 0.999877212 0.000122788 0.000000000
JJ:/rrc/cr: 0.826466017 0.086766992 0.086766992
JJ:/rrc/rr: 0.000000000 0.999984017 0.000015983
JK:/cc/: 0.078173167 0.921826833 0.000000000
JK:/cc/cr: 0.000001961 0.000001961 0.999996077
JK:/cc/rr: 0.000000000 0.000034694 0.999965306
JK:/crc/: 0.030952816 0.969047184 0.000000000
JK:/crc/cr: 0.009099095 0.000018073 0.990882832
JK:/crc/rr: 0.000000000 0.000848714 0.999151286
JK:/crrc/: 0.999900267 0.000099733 0.000000000
JK:/crrc/cr: 0.333333333 0.333333333 0.333333333
JK:/crrc/rr: 0.000000000 0.000049872 0.999950128
JK:/rc/: 0.996012619 0.003987381 0.000000000
JK:/rc/cr: 0.989313016 0.005343492 0.005343492
JK:/rc/rr: 0.000000000 0.000032088 0.999967912
JK:/rrc/: 0.521396812 0.478603188 0.000000000
JK:/rrc/cr: 0.820696043 0.000022261 0.179281696
JK:/rrc/rr: 0.000000000 0.000030650 0.999969350
JQ:/cc/: 0.164023804 0.835976196 0.000000000
JQ:/cc/cr: 0.000002163 0.000002163 0.999995674
JQ:/cc/rr: 0.000000000 0.000016535 0.999983465
JQ:/crc/: 0.995957047 0.004042953 0.000000000
JQ:/crc/cr: 0.004331831 0.004331831 0.991336337
JQ:/crc/rr: 0.000000000 0.000026377 0.999973623
JQ:/crrc/: 0.023034732 0.976965268 0.000000000
JQ:/crrc/cr: 0.188612873 0.000034028 0.811353099
JQ:/crrc/rr: 0.000000000 0.002164845 0.997835155
JQ:/rc/: 0.998909557 0.001090443 0.000000000
JQ:/rc/cr: 0.019539345 0.019539345 0.960921310
JQ:/rc/rr: 0.000000000 0.000031995 0.999968005
JQ:/rrc/: 0.146246556 0.853753444 0.000000000
JQ:/rrc/cr: 0.000020577 0.000012479 0.999966944
JQ:/rrc/rr: 0.000000000 0.000109274 0.999890726
K:/: 0.755159852 0.244840148 0.000000000
K:/cr: 0.695929005 0.304057380 0.000013614
K:/rr: 0.000000000 0.999993379 0.000006621
KJ:/cc/: 0.000020421 0.999979579 0.000000000
KJ:/cc/cr: 0.000006807 0.000006807 0.999986385
KJ:/cc/rr: 0.000000000 0.500000000 0.500000000
KJ:/crc/: 0.000052835 0.999947165 0.000000000
KJ:/crc/cr: 0.000031847 0.999960690 0.000007463
KJ:/crc/rr: 0.000000000 0.788133313 0.211866687
KJ:/crrc/: 0.046594065 0.953405935 0.000000000
KJ:/crrc/cr: 0.000275072 0.999721508 0.000003420
KJ:/crrc/rr: 0.000000000 0.406960518 0.593039482
KJ:/rc/: 0.045785010 0.954214990 0.000000000
KJ:/rc/cr: 0.003253531 0.980488627 0.016257842
KJ:/rc/rr: 0.000000000 0.256416860 0.743583140
KJ:/rrc/: 0.100505071 0.899494929 0.000000000
KJ:/rrc/cr: 0.000001227 0.999499470 0.000499303
KJ:/rrc/rr: 0.000000000 0.699350342 0.300649658
KK:/cc/: 0.999549027 0.000450973 0.000000000
KK:/cc/cr: 0.969811208 0.015094396 0.015094396
KK:/cc/rr: 0.000000000 0.999989785 0.000010215
KK:/crc/: 0.093048843 0.906951157 0.000000000
KK:/crc/cr: 0.999983544 0.000008228 0.000008228
KK:/crc/rr: 0.000000000 0.999879699 0.000120301
KK:/crrc/: 0.991135400 0.008864600 0.000000000
KK:/crrc/cr: 0.999264385 0.000367808 0.000367808
KK:/crrc/rr: 0.000000000 0.999995066 0.000004934
KK:/rc/: 0.850342488 0.149657512 0.000000000
KK:/rc/cr: 0.999970505 0.000014747 0.000014747
KK:/rc/rr: 0.000000000 0.999996107 0.000003893
KK:/rrc/: 0.536253433 0.463746567 0.000000000
KK:/rrc/cr: 0.999995241 0.000002380 0.000002380
KK:/rrc/rr: 0.000000000 0.999996913 0.000003087
KQ:/cc/: 0.001281633 0.998718367 0.000000000
KQ:/cc/cr: 0.000036243 0.419046032 0.580917726
KQ:/cc/rr: 0.000000000 0.992033019 0.007966981
KQ:/crc/: 0.839019150 0.160980850 0.000000000
KQ:/crc/cr: 0.000217854 0.593661780 0.406120366
KQ:/crc/rr: 0.000000000 0.000051946 0.999948054
KQ:/crrc/: 0.003507746 0.996492254 0.000000000
KQ:/crrc/cr: 0.004355214 0.710068960 0.285575826
KQ:/crrc/rr: 0.000000000 0.010129773 0.989870227
KQ:/rc/: 0.000066163 0.999933837 0.000000000
KQ:/rc/cr: 0.000012011 0.487402424 0.512585565
KQ:/rc/rr: 0.000000000 0.050036528 0.949963472
KQ:/rrc/: 0.705051953 0.294948047 0.000000000
KQ:/rrc/cr: 0.027658286 0.901091026 0.071250688
KQ:/rrc/rr: 0.000000000 0.380898710 0.619101290
Q:/: 0.752389352 0.247610648 0.000000000
Q:/cr: 0.161402104 0.838119018 0.000478878
Q:/rr: 0.000000000 0.999993355 0.000006645
QJ:/cc/: 0.000020193 0.999979807 0.000000000
QJ:/cc/cr: 0.000006731 0.000006731 0.999986538
QJ:/cc/rr: 0.000000000 0.500000000 0.500000000
QJ:/crc/: 0.035166118 0.964833882 0.000000000
QJ:/crc/cr: 0.001382385 0.000002775 0.998614841
QJ:/crc/rr: 0.000000000 0.000114188 0.999885812
QJ:/crrc/: 0.033391300 0.966608700 0.000000000
QJ:/crrc/cr: 0.000014381 0.000014381 0.999971237
QJ:/crrc/rr: 0.000000000 0.000624463 0.999375537
QJ:/rc/: 0.012364546 0.987635454 0.000000000
QJ:/rc/cr: 0.000002243 0.000002243 0.999995514
QJ:/rc/rr: 0.000000000 0.000268732 0.999731268
QJ:/rrc/: 0.000003323 0.999996677 0.000000000
QJ:/rrc/cr: 0.000001108 0.000001108 0.999997785
QJ:/rrc/rr: 0.000000000 0.500000000 0.500000000
QK:/cc/: 0.494732887 0.505267113 0.000000000
QK:/cc/cr: 0.008995969 0.990984375 0.000019656
QK:/cc/rr: 0.000000000 0.960217384 0.039782616
QK:/crc/: 0.000326802 0.999673198 0.000000000
QK:/crc/cr: 0.000002678 0.554892540 0.445104782
QK:/crc/rr: 0.000000000 0.026165814 0.973834186
QK:/crrc/: 0.949067121 0.050932879 0.000000000
QK:/crrc/cr: 0.000350864 0.346955207 0.652693929
QK:/crrc/rr: 0.000000000 0.000574497 0.999425503
QK:/rc/: 0.446038362 0.553961638 0.000000000
QK:/rc/cr: 0.035852901 0.512450590 0.451696510
QK:/rc/rr: 0.000000000 0.194927031 0.805072969
QK:/rrc/: 0.127336965 0.872663035 0.000000000
QK:/rrc/cr: 0.000001269 0.312184024 0.687814707
QK:/rrc/rr: 0.000000000 0.000262515 0.999737485
QQ:/cc/: 0.464144989 0.535855011 0.000000000
QQ:/cc/cr: 0.999974878 0.000012561 0.000012561
QQ:/cc/rr: 0.000000000 0.999978247 0.000021753
QQ:/crc/: 0.993221995 0.006778005 0.000000000
QQ:/crc/cr: 0.999210085 0.000394958 0.000394958
QQ:/crc/rr: 0.000000000 0.999995957 0.000004043
QQ:/crrc/: 0.084400997 0.915599003 0.000000000
QQ:/crrc/cr: 0.999969635 0.000015183 0.000015183
QQ:/crrc/rr: 0.000000000 0.999752946 0.000247054
QQ:/rc/: 0.518607639 0.481392361 0.000000000
QQ:/rc/cr: 0.999989165 0.000006234 0.000004602
QQ:/rc/rr: 0.000000000 0.999993593 0.000006407
QQ:/rrc/: 0.986703366 0.013296634 0.000000000
QQ:/rrc/cr: 0.999833403 0.000083299 0.000083299
QQ:/rrc/rr: 0.000000000 0.999998316 0.000001684
