J:/c: 0.309467448 0.690532552 0.000000000
J:/crr: 0.000000000 0.999983843 0.000016157
J:/r: 0.050782834 0.112841512 0.836375654
JJ:/cc/c: 0.999992759 0.000007241 0.000000000
JJ:/cc/crr: 0.000000000 0.999996380 0.000003620
JJ:/cc/r: 0.999990346 0.000004827 0.000004827
JJ:/crc/c: 0.999983843 0.000016157 0.000000000
JJ:/crc/crr: 0.000000000 0.999991921 0.000008079
JJ:/crc/r: 0.999937230 0.000051998 0.000010771
JJ:/crrc/c: 0.999991921 0.000008079 0.000000000
JJ:/crrc/crr: 0.000000000 0.999995961 0.000004039
JJ:/crrc/r: 0.999963210 0.000031404 0.000005386
JJ:/rc/c: 0.999970460 0.000029540 0.000000000
JJ:/rc/crr: 0.000000000 0.999985230 0.000014770
JJ:/rc/r: 0.999807992 0.000172315 0.000019693
JJ:/rrc/c: 0.999934361 0.000065639 0.000000000
JJ:/rrc/crr: 0.000000000 0.999967178 0.000032822
JJ:/rrc/r: 0.999912481 0.000043759 0.000043759
JK:/cc/c: 0.005994220 0.994005780 0.000000000
JK:/cc/crr: 0.000000000 0.000603981 0.999396019
JK:/cc/r: 0.000004827 0.000004827 0.999990346
JK:/crc/c: 0.487917473 0.512082527 0.000000000
JK:/crc/crr: 0.000000000 0.000016557 0.999983443
JK:/crc/r: 0.018108142 0.000010771 0.981881087
JK:/crrc/c: 0.925761973 0.074238027 0.000000000
JK:/crrc/crr: 0.000000000 0.000004363 0.999995637
JK:/crrc/r: 0.257108772 0.000005386 0.742885843
JK:/rc/c: 0.396427794 0.603572206 0.000000000
JK:/rc/crr: 0.000000000 0.000037258 0.999962742
JK:/rc/r: 0.362711325 0.000019693 0.637268982
JK:/rrc/c: 0.999934361 0.000065639 0.000000000
JK:/rrc/crr: 0.000000000 0.000032822 0.999967178
JK:/rrc/r: 0.492990943 0.000043759 0.506965298
JQ:/cc/c: 0.076396176 0.923603824 0.000000000
JQ:/cc/crr: 0.000000000 0.000047390 0.999952610
JQ:/cc/r: 0.038481569 0.000004827 0.961513604
JQ:/crc/c: 0.495306190 0.504693810 0.000000000
JQ:/crc/crr: 0.000000000 0.000016310 0.999983690
JQ:/crc/r: 0.076137803 0.000010771 0.923851426
JQ:/crrc/c: 0.016859938 0.983140062 0.000000000
JQ:/crrc/crr: 0.000000000 0.000239578 0.999760422
JQ:/crrc/r: 0.195399695 0.000005386 0.804594920
JQ:/rc/c: 0.997669846 0.002330154 0.000000000
JQ:/rc/crr: 0.000000000 0.000014804 0.999985196
JQ:/rc/r: 0.000019693 0.000019693 0.999960613
JQ:/rrc/c: 0.083284313 0.916715687 0.000000000
JQ:/rrc/crr: 0.000000000 0.000394066 0.999605934
JQ:/rrc/r: 0.771717803 0.000043759 0.228238437
K:/c: 0.999990000 0.000010000 0.000000000
K:/crr: 0.000000000 0.999995000 0.000005000
K:/r: 0.622740340 0.377252994 0.000006667
KJ:/cc/c: 0.500000000 0.500000000 0.000000000
KJ:/cc/crr: 0.000000000 0.500000000 0.500000000
KJ:/cc/r: 0.333333333 0.333333333 0.333333333
KJ:/crc/c: 0.117156295 0.882843705 0.000000000
KJ:/crc/crr: 0.000000000 0.999978661 0.000021339
KJ:/crc/r: 0.000013430 0.745401301 0.254585270
KJ:/crrc/c: 0.383975842 0.616024158 0.000000000
KJ:/crrc/crr: 0.000000000 0.999996745 0.000003255
KJ:/crrc/r: 0.063058875 0.773879673 0.163061452
KJ:/rc/c: 0.426331905 0.573668095 0.000000000
KJ:/rc/crr: 0.000000000 0.999989637 0.000010363
KJ:/rc/r: 0.000036794 0.806033271 0.193929936
KJ:/rrc/c: 0.251193633 0.748806367 0.000000000
KJ:/rrc/crr: 0.000000000 0.999989345 0.000010655
KJ:/rrc/r: 0.021642080 0.978354352 0.000003568
KK:/cc/c: 0.500000000 0.500000000 0.000000000
KK:/cc/crr: 0.000000000 0.500000000 0.500000000
KK:/cc/r: 0.333333333 0.333333333 0.333333333
KK:/crc/c: 0.999995000 0.000005000 0.000000000
KK:/crc/crr: 0.000000000 0.999997500 0.000002500
KK:/crc/r: 0.972518972 0.027477695 0.000003333
KK:/crrc/c: 0.999997500 0.000002500 0.000000000
KK:/crrc/crr: 0.000000000 0.999998750 0.000001250
KK:/crrc/r: 0.999925035 0.000073298 0.000001667
KK:/rc/c: 0.999991164 0.000008836 0.000000000
KK:/rc/crr: 0.000000000 0.999995582 0.000004418
KK:/rc/r: 0.999980805 0.000013304 0.000005891
KK:/rrc/c: 0.999994647 0.000005353 0.000000000
KK:/rrc/crr: 0.000000000 0.999997324 0.000002676
KK:/rrc/r: 0.998966874 0.001029558 0.000003568
KQ:/cc/c: 0.500000000 0.500000000 0.000000000
KQ:/cc/crr: 0.000000000 0.500000000 0.500000000
KQ:/cc/r: 0.333333333 0.333333333 0.333333333
KQ:/crc/c: 0.177743260 0.822256740 0.000000000
KQ:/crc/crr: 0.000000000 0.180344804 0.819655196
KQ:/crc/r: 0.000024048 0.430293949 0.569682003
KQ:/crrc/c: 0.645861115 0.354138885 0.000000000
KQ:/crrc/crr: 0.000000000 0.420648257 0.579351743
KQ:/crrc/r: 0.000081448 0.801851870 0.198066682
KQ:/rc/c: 0.000382303 0.999617697 0.000000000
KQ:/rc/crr: 0.000000000 0.011556029 0.988443971
KQ:/rc/r: 0.000014027 0.297953258 0.702032715
KQ:/rrc/c: 0.528751074 0.471248926 0.000000000
KQ:/rrc/crr: 0.000000000 0.412181202 0.587818798
KQ:/rrc/r: 0.000341468 0.627665673 0.371992860
Q:/c: 0.844083977 0.155916023 0.000000000
Q:/crr: 0.000000000 0.999994076 0.000005924
Q:/r: 0.437831233 0.562115159 0.000053608
QJ:/cc/c: 0.000138057 0.999861943 0.000000000
QJ:/cc/crr: 0.000000000 0.116141996 0.883858004
QJ:/cc/r: 0.000021379 0.000021379 0.999957242
QJ:/crc/c: 0.470551864 0.529448136 0.000000000
QJ:/crc/crr: 0.000000000 0.000549827 0.999450173
QJ:/crc/r: 0.000003949 0.000003949 0.999992102
QJ:/crrc/c: 0.000002962 0.999997038 0.000000000
QJ:/crrc/crr: 0.000000000 0.500000000 0.500000000
QJ:/crrc/r: 0.008701925 0.000001975 0.991296101
QJ:/rc/c: 0.000089311 0.999910689 0.000000000
QJ:/rc/crr: 0.000000000 0.033198318 0.966801682
QJ:/rc/r: 0.024683629 0.000003953 0.975312417
QJ:/rrc/c: 0.000007613 0.999992387 0.000000000
QJ:/rrc/crr: 0.000000000 0.500000000 0.500000000
QJ:/rrc/r: 0.000031009 0.000005076 0.999963915
QK:/cc/c: 0.071575950 0.928424050 0.000000000
QK:/cc/crr: 0.000000000 0.999775982 0.000224018
QK:/cc/r: 0.000091847 0.723355019 0.276553133
QK:/crc/c: 0.382680370 0.617319630 0.000000000
QK:/crc/crr: 0.000000000 0.000268893 0.999731107
QK:/crc/r: 0.000027326 0.551041152 0.448931522
QK:/crrc/c: 0.043738650 0.956261350 0.000000000
QK:/crrc/crr: 0.000000000 0.001871682 0.998128318
QK:/crrc/r: 0.000001975 0.294685227 0.705312799
QK:/rc/c: 0.361217385 0.638782615 0.000000000
QK:/rc/crr: 0.000000000 0.000008208 0.999991792
QK:/rc/r: 0.000021066 0.299972218 0.700006717
QK:/rrc/c: 0.478403279 0.521596721 0.000000000
QK:/rrc/crr: 0.000000000 0.006754944 0.993245056
QK:/rrc/r: 0.000057615 0.480429187 0.519513198
QQ:/cc/c: 0.999967931 0.000032069 0.000000000
QQ:/cc/crr: 0.000000000 0.999983965 0.000016035
QQ:/cc/r: 0.999931583 0.000047038 0.000021379
QQ:/crc/c: 0.999994076 0.000005924 0.000000000
QQ:/crc/crr: 0.000000000 0.999997038 0.000002962
QQ:/crc/r: 0.999949869 0.000046182 0.000003949
QQ:/crrc/c: 0.999997038 0.000002962 0.000000000
QQ:/crrc/crr: 0.000000000 0.999998519 0.000001481
QQ:/crrc/r: 0.999539057 0.000458968 0.000001975
QQ:/rc/c: 0.999994070 0.000005930 0.000000000
QQ:/rc/crr: 0.000000000 0.999997035 0.000002965
QQ:/rc/r: 0.988601134 0.011394913 0.000003953
QQ:/rrc/c: 0.999992387 0.000007613 0.000000000
QQ:/rrc/crr: 0.000000000 0.999996193 0.000003807
QQ:/rrc/r: 0.999961291 0.000033634 0.000005076
