J:/: 0.076752065 0.923247935 0.000000000
J:/cr: 0.019164887 0.033558880 0.947276233
J:/rr: 0.000000000 0.999934855 0.000065145
JJ:/cc/: 0.000223695 0.999776305 0.000000000
JJ:/cc/cr: 0.999996389 0.000001806 0.000001806
JJ:/cc/rr: 0.000000000 0.987895001 0.012104999
JJ:/crc/: 0.923353825 0.076646175 0.000000000
JJ:/crc/cr: 0.999532113 0.000233944 0.000233944
JJ:/crc/rr: 0.000000000 0.999970871 0.000029129
JJ:/crrc/: 0.950350260 0.049649740 0.000000000
JJ:/crrc/cr: 0.998735217 0.000632391 0.000632391
JJ:/crrc/rr: 0.000000000 0.999950442 0.000049558
JJ:/rc/: 0.883829558 0.116170442 0.000000000
JJ:/rc/cr: 0.999626154 0.000186923 0.000186923
JJ:/rc/rr: 0.000000000 0.999963146 0.000036854
JJ:/rrc/: 0.999508492 0.000491508 0.000000000
JJ:/rrc/cr: 0.955816854 0.022091573 0.022091573
JJ:/rrc/rr: 0.000000000 0.999983705 0.000016295
JK:/cc/: 0.078082595 0.921917405 0.000000000
JK:/cc/cr: 0.000391778 0.000001958 0.999606264
JK:/cc/rr: 0.000000000 0.000034679 0.999965321
JK:/crc/: 0.058088780 0.941911220 0.000000000
JK:/crc/cr: 0.005043974 0.000019037 0.994936989
JK:/crc/rr: 0.000000000 0.000463021 0.999536979
JK:/crrc/: 0.999905806 0.000094194 0.000000000
JK:/crrc/cr: 0.333333333 0.333333333 0.333333333
JK:/crrc/rr: 0.000000000 0.000047102 0.999952898
JK:/rc/: 0.993227297 0.006772703 0.000000000
JK:/rc/cr: 0.993587510 0.003206245 0.003206245
JK:/rc/rr: 0.000000000 0.000032795 0.999967205
JK:/rrc/: 0.533689884 0.466310116 0.000000000
JK:/rrc/cr: 0.894683742 0.000023285 0.105292973
JK:/rrc/rr: 0.000000000 0.000030518 0.999969482
JQ:/cc/: 0.180021626 0.819978374 0.000000000
JQ:/cc/cr: 0.000002202 0.000002202 0.999995597
JQ:/cc/rr: 0.000000000 0.000015042 0.999984958
JQ:/crc/: 0.992100959 0.007899041 0.000000000
JQ:/crc/cr: 0.130259649 0.002270008 0.867470343
JQ:/crc/rr: 0.000000000 0.000027110 0.999972890
JQ:/crrc/: 0.051892947 0.948107053 0.000000000
JQ:/crrc/cr: 0.119206569 0.000033117 0.880760314
JQ:/crrc/rr: 0.000000000 0.000907582 0.999092418
JQ:/rc/: 0.997413027 0.002586973 0.000000000
JQ:/rc/cr: 0.008393959 0.008393959 0.983212082
JQ:/rc/rr: 0.000000000 0.000032657 0.999967343
JQ:/rrc/: 0.135467411 0.864532589 0.000000000
JQ:/rrc/cr: 0.000012560 0.000012560 0.999974881
JQ:/rrc/rr: 0.000000000 0.000120230 0.999879770
K:/: 0.754895400 0.245104600 0.000000000
K:/cr: 0.710082278 0.289904122 0.000013600
K:/rr: 0.000000000 0.999993377 0.000006623
KJ:/cc/: 0.000045327 0.999954673 0.000000000
KJ:/cc/cr: 0.000048919 0.000011580 0.999939501
KJ:/cc/rr: 0.000000000 0.774975484 0.225024516
KJ:/crc/: 0.000053856 0.999946144 0.000000000
KJ:/crc/cr: 0.000035196 0.999956985 0.000007819
KJ:/crc/rr: 0.000000000 0.782238027 0.217761973
KJ:/crrc/: 0.055939161 0.944060839 0.000000000
KJ:/crrc/cr: 0.001880595 0.995357885 0.002761520
KJ:/crrc/rr: 0.000000000 0.510431168 0.489568832
KJ:/rc/: 0.045669828 0.954330172 0.000000000
KJ:/rc/cr: 0.007114394 0.956742143 0.036143463
KJ:/rc/rr: 0.000000000 0.268303497 0.731696503
KJ:/rrc/: 0.083720851 0.916279149 0.000000000
KJ:/rrc/cr: 0.000585655 0.999331038 0.000083307
KJ:/rrc/rr: 0.000000000 0.488500674 0.511499326
KK:/cc/: 0.994355750 0.005644250 0.000000000
KK:/cc/cr: 0.997590533 0.001204734 0.001204734
KK:/cc/rr: 0.000000000 0.999989742 0.000010258
KK:/crc/: 0.136725347 0.863274653 0.000000000
KK:/crc/cr: 0.999981886 0.000009057 0.000009057
KK:/crc/rr: 0.000000000 0.999914224 0.000085776
KK:/crrc/: 0.980967210 0.019032790 0.000000000
KK:/crrc/cr: 0.999664575 0.000167712 0.000167712
KK:/crrc/rr: 0.000000000 0.999995119 0.000004881
KK:/rc/: 0.835508866 0.164491134 0.000000000
KK:/rc/cr: 0.999973156 0.000013422 0.000013422
KK:/rc/rr: 0.000000000 0.999996036 0.000003964
KK:/rrc/: 0.531258319 0.468741681 0.000000000
KK:/rrc/cr: 0.999995290 0.000002355 0.000002355
KK:/rrc/rr: 0.000000000 0.999996883 0.000003117
KQ:/cc/: 0.000055910 0.999944090 0.000000000
KQ:/cc/cr: 0.000042499 0.441969958 0.557987542
KQ:/cc/rr: 0.000000000 0.817568869 0.182431131
KQ:/crc/: 0.922706964 0.077293036 0.000000000
KQ:/crc/cr: 0.000704749 0.614743729 0.384551522
KQ:/crc/rr: 0.000000000 0.000024420 0.999975580
KQ:/crrc/: 0.008482551 0.991517449 0.000000000
KQ:/crrc/cr: 0.023619204 0.709786956 0.266593840
KQ:/crrc/rr: 0.000000000 0.191643997 0.808356003
KQ:/rc/: 0.000009634 0.999990366 0.000000000
KQ:/rc/cr: 0.000029975 0.489083045 0.510886980
KQ:/rc/rr: 0.000000000 0.656257698 0.343742302
KQ:/rrc/: 0.711038012 0.288961988 0.000000000
KQ:/rrc/cr: 0.025652247 0.893748553 0.080599200
KQ:/rrc/rr: 0.000000000 0.391377734 0.608622266
Q:/: 0.755973054 0.244026946 0.000000000
Q:/cr: 0.161814916 0.836969754 0.001215330
Q:/rr: 0.000000000 0.999993386 0.000006614
QJ:/cc/: 0.000020490 0.999979510 0.000000000
QJ:/cc/cr: 0.000006830 0.000006830 0.999986340
QJ:/cc/rr: 0.000000000 0.500000000 0.500000000
QJ:/crc/: 0.028852767 0.971147233 0.000000000
QJ:/crc/cr: 0.007484889 0.000002801 0.992512310
QJ:/crc/rr: 0.000000000 0.000141411 0.999858589
QJ:/crrc/: 0.019394059 0.980605941 0.000000000
QJ:/crrc/cr: 0.000087429 0.000014348 0.999898224
QJ:/crrc/rr: 0.000000000 0.001088162 0.998911838
QJ:/rc/: 0.011923213 0.988076787 0.000000000
QJ:/rc/cr: 0.000002231 0.000002231 0.999995537
QJ:/rc/rr: 0.000000000 0.000277358 0.999722642
QJ:/rrc/: 0.000003307 0.999996693 0.000000000
QJ:/rrc/cr: 0.000001102 0.000001102 0.999997795
QJ:/rrc/rr: 0.000000000 0.500000000 0.500000000
QK:/cc/: 0.558423515 0.441576485 0.000000000
QK:/cc/cr: 0.353719180 0.646233544 0.000047276
QK:/cc/rr: 0.000000000 0.999981654 0.000018346
QK:/crc/: 0.003204632 0.996795368 0.000000000
QK:/crc/cr: 0.000002944 0.569590805 0.430406251
QK:/crc/rr: 0.000000000 0.001305327 0.998694673
QK:/crrc/: 0.958675694 0.041324306 0.000000000
QK:/crrc/cr: 0.000340460 0.679043850 0.320615690
QK:/crrc/rr: 0.000000000 0.000627705 0.999372295
QK:/rc/: 0.440050747 0.559949253 0.000000000
QK:/rc/cr: 0.023001779 0.517414275 0.459583945
QK:/rc/rr: 0.000000000 0.200157126 0.799842874
QK:/rrc/: 0.127258267 0.872741733 0.000000000
QK:/rrc/cr: 0.000001450 0.302569365 0.697429185
QK:/rrc/rr: 0.000000000 0.000254544 0.999745456
QQ:/cc/: 0.517201343 0.482798657 0.000000000
QQ:/cc/cr: 0.999971707 0.000014146 0.000014146
QQ:/cc/rr: 0.000000000 0.999980192 0.000019808
QQ:/crc/: 0.994322971 0.005677029 0.000000000
QQ:/crc/cr: 0.999041728 0.000479136 0.000479136
QQ:/crc/rr: 0.000000000 0.999995897 0.000004103
QQ:/crrc/: 0.150799457 0.849200543 0.000000000
QQ:/crrc/cr: 0.999966865 0.000016568 0.000016568
QQ:/crrc/rr: 0.000000000 0.999860053 0.000139947
QQ:/rc/: 0.519015516 0.480984484 0.000000000
QQ:/rc/cr: 0.999989913 0.000005503 0.000004584
QQ:/rc/rr: 0.000000000 0.999993628 0.000006372
QQ:/rrc/: 0.982579832 0.017420168 0.000000000
QQ:/rrc/cr: 0.999873441 0.000063279 0.000063279
QQ:/rrc/rr: 0.000000000 0.999998317 0.000001683
