J:/c: 0.292562522 0.707437478 0.000000000
J:/crr: 0.000000000 0.999982910 0.000017090
J:/r: 0.056047016 0.129540094 0.814412890
JJ:/cc/c: 0.999992932 0.000007068 0.000000000
JJ:/cc/crr: 0.000000000 0.999996466 0.000003534
JJ:/cc/r: 0.999982834 0.000012454 0.000004712
JJ:/crc/c: 0.999982910 0.000017090 0.000000000
JJ:/crc/crr: 0.000000000 0.999991455 0.000008545
JJ:/crc/r: 0.999977213 0.000011394 0.000011394
JJ:/crrc/c: 0.999991455 0.000008545 0.000000000
JJ:/crrc/crr: 0.000000000 0.999995727 0.000004273
JJ:/crrc/r: 0.999988606 0.000005697 0.000005697
JJ:/rc/c: 0.999974268 0.000025732 0.000000000
JJ:/rc/crr: 0.000000000 0.999987134 0.000012866
JJ:/rc/r: 0.999964062 0.000018783 0.000017155
JJ:/rrc/c: 0.999940526 0.000059474 0.000000000
JJ:/rrc/crr: 0.000000000 0.999970261 0.000029739
JJ:/rrc/r: 0.999759891 0.000200460 0.000039649
JK:/cc/c: 0.006988381 0.993011619 0.000000000
JK:/cc/crr: 0.000000000 0.000505680 0.999494320
JK:/cc/r: 0.000013034 0.000004712 0.999982255
JK:/crc/c: 0.560870401 0.439129599 0.000000000
JK:/crc/crr: 0.000000000 0.000015236 0.999984764
JK:/crc/r: 0.024652093 0.000011394 0.975336514
JK:/crrc/c: 0.601686471 0.398313529 0.000000000
JK:/crrc/crr: 0.000000000 0.000007101 0.999992899
JK:/crrc/r: 0.194599338 0.000005697 0.805394965
JK:/rc/c: 0.386199888 0.613800112 0.000000000
JK:/rc/crr: 0.000000000 0.000033314 0.999966686
JK:/rc/r: 0.361089388 0.000017155 0.638893458
JK:/rrc/c: 0.999800030 0.000199970 0.000000000
JK:/rrc/crr: 0.000000000 0.000029743 0.999970257
JK:/rrc/r: 0.254171732 0.000039649 0.745788619
JQ:/cc/c: 0.072487211 0.927512789 0.000000000
JQ:/cc/crr: 0.000000000 0.000048752 0.999951248
JQ:/cc/r: 0.034128808 0.000004712 0.965866480
JQ:/crc/c: 0.434415507 0.565584493 0.000000000
JQ:/crc/crr: 0.000000000 0.000019671 0.999980329
JQ:/crc/r: 0.069442311 0.000011394 0.930546296
JQ:/crrc/c: 0.042220229 0.957779771 0.000000000
JQ:/crrc/crr: 0.000000000 0.000101199 0.999898801
JQ:/crrc/r: 0.168073063 0.000005697 0.831921240
JQ:/rc/c: 0.988171772 0.011828228 0.000000000
JQ:/rc/crr: 0.000000000 0.000013020 0.999986980
JQ:/rc/r: 0.000017155 0.000017155 0.999965691
JQ:/rrc/c: 0.022493528 0.977506472 0.000000000
JQ:/rrc/crr: 0.000000000 0.001322022 0.998677978
JQ:/rrc/r: 0.408511385 0.000039649 0.591448966
K:/c: 0.999875338 0.000124662 0.000000000
K:/crr: 0.000000000 0.999994999 0.000005001
K:/r: 0.577831691 0.422161642 0.000006667
KJ:/cc/c: 0.114679403 0.885320597 0.000000000
KJ:/cc/crr: 0.000000000 0.825128193 0.174871807
KJ:/cc/r: 0.131897058 0.054082316 0.814020626
KJ:/crc/c: 0.134250631 0.865749369 0.000000000
KJ:/crc/crr: 0.000000000 0.999981376 0.000018624
KJ:/crc/r: 0.000134416 0.770576201 0.229289384
KJ:/crrc/c: 0.460117534 0.539882466 0.000000000
KJ:/crrc/crr: 0.000000000 0.999997283 0.000002717
KJ:/crrc/r: 0.072021610 0.794191037 0.133787354
KJ:/rc/c: 0.422423751 0.577576249 0.000000000
KJ:/rc/crr: 0.000000000 0.797845164 0.202154836
KJ:/rc/r: 0.036827006 0.748564447 0.214608547
KJ:/rrc/c: 0.441150144 0.558849856 0.000000000
KJ:/rrc/crr: 0.000000000 0.998502750 0.001497250
KJ:/rrc/r: 0.034437825 0.902518356 0.063043819
KK:/cc/c: 0.959891611 0.040108389 0.000000000
KK:/cc/crr: 0.000000000 0.979107855 0.020892145
KK:/cc/r: 0.896944778 0.076316296 0.026738926
KK:/crc/c: 0.999994999 0.000005001 0.000000000
KK:/crc/crr: 0.000000000 0.999997500 0.000002500
KK:/crc/r: 0.777602521 0.222394145 0.000003334
KK:/crrc/c: 0.999997500 0.000002500 0.000000000
KK:/crrc/crr: 0.000000000 0.999998750 0.000001250
KK:/crrc/r: 0.999996666 0.000001667 0.000001667
KK:/rc/c: 0.999992104 0.000007896 0.000000000
KK:/rc/crr: 0.000000000 0.999996052 0.000003948
KK:/rc/r: 0.999980198 0.000014538 0.000005264
KK:/rrc/c: 0.999994231 0.000005769 0.000000000
KK:/rrc/crr: 0.000000000 0.999997116 0.000002884
KK:/rrc/r: 0.999976225 0.000019929 0.000003846
KQ:/cc/c: 0.205436772 0.794563228 0.000000000
KQ:/cc/crr: 0.000000000 0.902382645 0.097617355
KQ:/cc/r: 0.129874101 0.825116440 0.045009459
KQ:/crc/c: 0.296537552 0.703462448 0.000000000
KQ:/crc/crr: 0.000000000 0.002006760 0.997993240
KQ:/crc/r: 0.000064597 0.438093359 0.561842043
KQ:/crrc/c: 0.614962695 0.385037305 0.000000000
KQ:/crrc/crr: 0.000000000 0.410538787 0.589461213
KQ:/crrc/r: 0.000010747 0.712540626 0.287448627
KQ:/rc/c: 0.001518674 0.998481326 0.000000000
KQ:/rc/crr: 0.000000000 0.052312872 0.947687128
KQ:/rc/r: 0.000023034 0.306629341 0.693347625
KQ:/rrc/c: 0.479653081 0.520346919 0.000000000
KQ:/rrc/crr: 0.000000000 0.492330118 0.507669882
KQ:/rrc/r: 0.082427068 0.542773174 0.374799758
Q:/c: 0.842488202 0.157511798 0.000000000
Q:/crr: 0.000000000 0.999994065 0.000005935
Q:/r: 0.357467741 0.642287376 0.000244884
QJ:/cc/c: 0.000246048 0.999753952 0.000000000
QJ:/cc/crr: 0.000000000 0.064507153 0.935492847
QJ:/cc/r: 0.000037497 0.000021162 0.999941341
QJ:/crc/c: 0.456588991 0.543411009 0.000000000
QJ:/crc/crr: 0.000000000 0.000156362 0.999843638
QJ:/crc/r: 0.000179186 0.000003957 0.999816857
QJ:/crrc/c: 0.000002967 0.999997033 0.000000000
QJ:/crrc/crr: 0.000000000 0.500000000 0.500000000
QJ:/crrc/r: 0.014938555 0.000001978 0.985059467
QJ:/rc/c: 0.000137895 0.999862105 0.000000000
QJ:/rc/crr: 0.000000000 0.018817935 0.981182065
QJ:/rc/r: 0.018838527 0.000003460 0.981158013
QJ:/rrc/c: 0.000236635 0.999763365 0.000000000
QJ:/rrc/crr: 0.000000000 0.019703028 0.980296972
QJ:/rrc/r: 0.000084636 0.000006217 0.999909147
QK:/cc/c: 0.113612084 0.886387916 0.000000000
QK:/cc/crr: 0.000000000 0.999860298 0.000139702
QK:/cc/r: 0.000208050 0.723286868 0.276505083
QK:/crc/c: 0.313163361 0.686836639 0.000000000
QK:/crc/crr: 0.000000000 0.001898185 0.998101815
QK:/crc/r: 0.000223302 0.486697604 0.513079094
QK:/crrc/c: 0.030692502 0.969307498 0.000000000
QK:/crrc/crr: 0.000000000 0.019450157 0.980549843
QK:/crrc/r: 0.000081994 0.296279457 0.703638549
QK:/rc/c: 0.363503760 0.636496240 0.000000000
QK:/rc/crr: 0.000000000 0.017361390 0.982638610
QK:/rc/r: 0.000006780 0.310494910 0.689498310
QK:/rrc/c: 0.419689117 0.580310883 0.000000000
QK:/rrc/crr: 0.000000000 0.037113791 0.962886209
QK:/rrc/r: 0.000090595 0.522587084 0.477322322
QQ:/cc/c: 0.999968256 0.000031744 0.000000000
QQ:/cc/crr: 0.000000000 0.999984128 0.000015872
QQ:/cc/r: 0.999920531 0.000058306 0.000021162
QQ:/crc/c: 0.999994065 0.000005935 0.000000000
QQ:/crc/crr: 0.000000000 0.999997033 0.000002967
QQ:/crc/r: 0.791073773 0.208922270 0.000003957
QQ:/crrc/c: 0.999997033 0.000002967 0.000000000
QQ:/crrc/crr: 0.000000000 0.999998516 0.000001484
QQ:/crrc/r: 0.999996043 0.000001978 0.000001978
QQ:/rc/c: 0.999994810 0.000005190 0.000000000
QQ:/rc/crr: 0.000000000 0.999997405 0.000002595
QQ:/rc/r: 0.999992580 0.000003960 0.000003460
QQ:/rrc/c: 0.999990675 0.000009325 0.000000000
QQ:/rrc/crr: 0.000000000 0.999995338 0.000004662
QQ:/rrc/r: 0.999958110 0.000035673 0.000006217
