J:/: 0.077332728 0.922667272 0.000000000
J:/cr: 0.019064846 0.034946860 0.945988294
J:/rr: 0.000000000 0.999935344 0.000064656
JJ:/cc/: 0.000262455 0.999737545 0.000000000
JJ:/cc/cr: 0.999996386 0.000001807 0.000001807
JJ:/cc/rr: 0.000000000 0.989676192 0.010323808
JJ:/crc/: 0.935662701 0.064337299 0.000000000
JJ:/crc/cr: 0.999464399 0.000267801 0.000267801
JJ:/crc/rr: 0.000000000 0.999972379 0.000027621
JJ:/crrc/: 0.967036743 0.032963257 0.000000000
JJ:/crrc/cr: 0.998083764 0.000958118 0.000958118
JJ:/crrc/rr: 0.000000000 0.999951011 0.000048989
JJ:/rc/: 0.938168123 0.061831877 0.000000000
JJ:/rc/cr: 0.999302887 0.000348556 0.000348556
JJ:/rc/rr: 0.000000000 0.999965542 0.000034458
JJ:/rrc/: 0.995843769 0.004156231 0.000000000
JJ:/rrc/cr: 0.994814223 0.002592888 0.002592888
JJ:/rrc/rr: 0.000000000 0.999983768 0.000016232
JK:/cc/: 0.084991880 0.915008120 0.000000000
JK:/cc/cr: 0.000185463 0.000001974 0.999812563
JK:/cc/rr: 0.000000000 0.000031880 0.999968120
JK:/crc/: 0.042920545 0.957079455 0.000000000
JK:/crc/cr: 0.014081861 0.000018002 0.985900137
JK:/crc/rr: 0.000000000 0.000602144 0.999397856
JK:/crrc/: 0.999905252 0.000094748 0.000000000
JK:/crrc/cr: 0.333333333 0.333333333 0.333333333
JK:/crrc/rr: 0.000000000 0.000047379 0.999952621
JK:/rc/: 0.991096291 0.008903709 0.000000000
JK:/rc/cr: 0.995158895 0.002420552 0.002420552
JK:/rc/rr: 0.000000000 0.000032618 0.999967382
JK:/rrc/: 0.544501760 0.455498240 0.000000000
JK:/rrc/cr: 0.867548161 0.000023659 0.132428180
JK:/rrc/rr: 0.000000000 0.000029688 0.999970312
JQ:/cc/: 0.172055595 0.827944405 0.000000000
JQ:/cc/cr: 0.000002182 0.000002182 0.999995637
JQ:/cc/rr: 0.000000000 0.000015748 0.999984252
JQ:/crc/: 0.992096817 0.007903183 0.000000000
JQ:/crc/cr: 0.002180079 0.002180079 0.995639842
JQ:/crc/rr: 0.000000000 0.000026050 0.999973950
JQ:/crrc/: 0.019732026 0.980267974 0.000000000
JQ:/crrc/cr: 0.152964644 0.000032218 0.847003138
JQ:/crrc/rr: 0.000000000 0.002400870 0.997599130
JQ:/rc/: 0.998296383 0.001703617 0.000000000
JQ:/rc/cr: 0.012650667 0.012650667 0.974698666
JQ:/rc/rr: 0.000000000 0.000032383 0.999967617
JQ:/rrc/: 0.128760999 0.871239001 0.000000000
JQ:/rrc/cr: 0.000012369 0.000012369 0.999975261
JQ:/rrc/rr: 0.000000000 0.000125542 0.999874458
K:/: 0.754373008 0.245626992 0.000000000
K:/cr: 0.687916745 0.312069684 0.000013571
K:/rr: 0.000000000 0.999993372 0.000006628
KJ:/cc/: 0.000048227 0.999951773 0.000000000
KJ:/cc/cr: 0.000048322 0.000010666 0.999941012
KJ:/cc/rr: 0.000000000 0.788953799 0.211046201
KJ:/crc/: 0.000069800 0.999930200 0.000000000
KJ:/crc/cr: 0.000031893 0.999960859 0.000007248
KJ:/crc/rr: 0.000000000 0.844246422 0.155753578
KJ:/crrc/: 0.082564885 0.917435115 0.000000000
KJ:/crrc/cr: 0.000022383 0.999723943 0.000253674
KJ:/crrc/rr: 0.000000000 0.483620486 0.516379514
KJ:/rc/: 0.049454924 0.950545076 0.000000000
KJ:/rc/cr: 0.004721322 0.980020097 0.015258581
KJ:/rc/rr: 0.000000000 0.289068663 0.710931337
KJ:/rrc/: 0.096748805 0.903251195 0.000000000
KJ:/rrc/cr: 0.000310225 0.999532500 0.000157275
KJ:/rrc/rr: 0.000000000 0.668527429 0.331472571
KK:/cc/: 0.989002163 0.010997837 0.000000000
KK:/cc/cr: 0.998766056 0.000616972 0.000616972
KK:/cc/rr: 0.000000000 0.999989709 0.000010291
KK:/crc/: 0.096406367 0.903593633 0.000000000
KK:/crc/cr: 0.999983958 0.000008021 0.000008021
KK:/crc/rr: 0.000000000 0.999887232 0.000112768
KK:/crrc/: 0.994389530 0.005610470 0.000000000
KK:/crrc/cr: 0.998827950 0.000586025 0.000586025
KK:/crrc/rr: 0.000000000 0.999995040 0.000004960
KK:/rc/: 0.847799746 0.152200254 0.000000000
KK:/rc/cr: 0.999970968 0.000014516 0.000014516
KK:/rc/rr: 0.000000000 0.999996091 0.000003909
KK:/rrc/: 0.532881435 0.467118565 0.000000000
KK:/rrc/cr: 0.999995270 0.000002365 0.000002365
KK:/rrc/rr: 0.000000000 0.999996890 0.000003110
KQ:/cc/: 0.000054430 0.999945570 0.000000000
KQ:/cc/cr: 0.000041390 0.426103354 0.573855257
KQ:/cc/rr: 0.000000000 0.813008018 0.186991982
KQ:/crc/: 0.894779711 0.105220289 0.000000000
KQ:/crc/cr: 0.000325646 0.612655354 0.387019000
KQ:/crc/rr: 0.000000000 0.000044545 0.999955455
KQ:/crrc/: 0.004269449 0.995730551 0.000000000
KQ:/crrc/cr: 0.016376576 0.713998599 0.269624825
KQ:/crrc/rr: 0.000000000 0.090886210 0.909113790
KQ:/rc/: 0.000013437 0.999986563 0.000000000
KQ:/rc/cr: 0.000019370 0.492611992 0.507368639
KQ:/rc/rr: 0.000000000 0.753366767 0.246633233
KQ:/rrc/: 0.708135439 0.291864561 0.000000000
KQ:/rrc/cr: 0.025613753 0.891006871 0.083379376
KQ:/rrc/rr: 0.000000000 0.390754556 0.609245444
Q:/: 0.748431025 0.251568975 0.000000000
Q:/cr: 0.148920147 0.850067663 0.001012190
Q:/rr: 0.000000000 0.999993319 0.000006681
QJ:/cc/: 0.000019875 0.999980125 0.000000000
QJ:/cc/cr: 0.000006625 0.000006625 0.999986750
QJ:/cc/rr: 0.000000000 0.500000000 0.500000000
QJ:/crc/: 0.028123395 0.971876605 0.000000000
QJ:/crc/cr: 0.000227774 0.000002673 0.999769553
QJ:/crc/rr: 0.000000000 0.000138561 0.999861439
QJ:/crrc/: 0.008759609 0.991240391 0.000000000
QJ:/crrc/cr: 0.000133181 0.000014960 0.999851859
QJ:/crrc/rr: 0.000000000 0.002539355 0.997460645
QJ:/rc/: 0.012327581 0.987672419 0.000000000
QJ:/rc/cr: 0.000002255 0.000002255 0.999995491
QJ:/rc/rr: 0.000000000 0.000270963 0.999729037
QJ:/rrc/: 0.000003340 0.999996660 0.000000000
QJ:/rrc/cr: 0.000001113 0.000001113 0.999997773
QJ:/rrc/rr: 0.000000000 0.500000000 0.500000000
QK:/cc/: 0.363935693 0.636064307 0.000000000
QK:/cc/cr: 0.008426829 0.991539634 0.000033537
QK:/cc/rr: 0.000000000 0.999972694 0.000027306
QK:/crc/: 0.001479287 0.998520713 0.000000000
QK:/crc/cr: 0.000003321 0.556398205 0.443598474
QK:/crc/rr: 0.000000000 0.003181191 0.996818809
QK:/crrc/: 0.967481353 0.032518647 0.000000000
QK:/crrc/cr: 0.000776470 0.658039426 0.341184104
QK:/crrc/rr: 0.000000000 0.000620636 0.999379364
QK:/rc/: 0.453891304 0.546108696 0.000000000
QK:/rc/cr: 0.028666486 0.520728614 0.450604900
QK:/rc/rr: 0.000000000 0.197687116 0.802312884
QK:/rrc/: 0.122172814 0.877827186 0.000000000
QK:/rrc/cr: 0.000001638 0.309441507 0.690556855
QK:/rrc/rr: 0.000000000 0.000269505 0.999730495
QQ:/cc/: 0.517382563 0.482617437 0.000000000
QQ:/cc/cr: 0.999972545 0.000013727 0.000013727
QQ:/cc/rr: 0.000000000 0.999980792 0.000019208
QQ:/crc/: 0.991696234 0.008303766 0.000000000
QQ:/crc/cr: 0.999374292 0.000312854 0.000312854
QQ:/crc/rr: 0.000000000 0.999996071 0.000003929
QQ:/crrc/: 0.078446850 0.921553150 0.000000000
QQ:/crrc/cr: 0.999967817 0.000016092 0.000016092
QQ:/crrc/rr: 0.000000000 0.999716448 0.000283552
QQ:/rc/: 0.529613053 0.470386947 0.000000000
QQ:/rc/cr: 0.999990410 0.000004856 0.000004734
QQ:/rc/rr: 0.000000000 0.999993693 0.000006307
QQ:/rrc/: 0.983787518 0.016212482 0.000000000
QQ:/rrc/cr: 0.999862643 0.000068678 0.000068678
QQ:/rrc/rr: 0.000000000 0.999998302 0.000001698
