J:/c: 0.309881928 0.690118072 0.000000000
J:/crr: 0.000000000 0.999983865 0.000016135
J:/r: 0.055368808 0.123421377 0.821209815
JJ:/cc/c: 0.999992755 0.000007245 0.000000000
JJ:/cc/crr: 0.000000000 0.999996377 0.000003623
JJ:/cc/r: 0.999990340 0.000004830 0.000004830
JJ:/crc/c: 0.999983865 0.000016135 0.000000000
JJ:/crc/crr: 0.000000000 0.999991932 0.000008068
JJ:/crc/r: 0.999199036 0.000790208 0.000010757
JJ:/crrc/c: 0.999991932 0.000008068 0.000000000
JJ:/crrc/crr: 0.000000000 0.999995966 0.000004034
JJ:/crrc/r: 0.999971519 0.000023103 0.000005378
JJ:/rc/c: 0.999972992 0.000027008 0.000000000
JJ:/rc/crr: 0.000000000 0.999986496 0.000013504
JJ:/rc/r: 0.999963990 0.000018005 0.000018005
JJ:/rrc/c: 0.999939798 0.000060202 0.000000000
JJ:/rrc/crr: 0.000000000 0.999969897 0.000030103
JJ:/rrc/r: 0.999848442 0.000111423 0.000040135
JK:/cc/c: 0.007115696 0.992884304 0.000000000
JK:/cc/crr: 0.000000000 0.000509095 0.999490905
JK:/cc/r: 0.000004830 0.000004830 0.999990340
JK:/crc/c: 0.496876639 0.503123361 0.000000000
JK:/crc/crr: 0.000000000 0.000016237 0.999983763
JK:/crc/r: 0.039527811 0.000010757 0.960461433
JK:/crrc/c: 0.400130939 0.599869061 0.000000000
JK:/crrc/crr: 0.000000000 0.000010081 0.999989919
JK:/crrc/r: 0.216522721 0.000005378 0.783471900
JK:/rc/c: 0.385658674 0.614341326 0.000000000
JK:/rc/crr: 0.000000000 0.000035015 0.999964985
JK:/rc/r: 0.359615214 0.000018005 0.640366781
JK:/rrc/c: 0.999939798 0.000060202 0.000000000
JK:/rrc/crr: 0.000000000 0.000030103 0.999969897
JK:/rrc/r: 0.313154699 0.000040135 0.686805166
JQ:/cc/c: 0.070430092 0.929569908 0.000000000
JQ:/cc/crr: 0.000000000 0.000051435 0.999948565
JQ:/cc/r: 0.036368543 0.000004830 0.963626627
JQ:/crc/c: 0.413474898 0.586525102 0.000000000
JQ:/crc/crr: 0.000000000 0.000019512 0.999980488
JQ:/crc/r: 0.086647718 0.000010757 0.913341525
JQ:/crrc/c: 0.037110698 0.962889302 0.000000000
JQ:/crrc/crr: 0.000000000 0.000108698 0.999891302
JQ:/crrc/r: 0.254502026 0.000005378 0.745492595
JQ:/rc/c: 0.996314957 0.003685043 0.000000000
JQ:/rc/crr: 0.000000000 0.000013554 0.999986446
JQ:/rc/r: 0.000018005 0.000018005 0.999963990
JQ:/rrc/c: 0.046765320 0.953234680 0.000000000
JQ:/rrc/crr: 0.000000000 0.000643665 0.999356335
JQ:/rrc/r: 0.481423251 0.000040135 0.518536615
K:/c: 0.999969574 0.000030426 0.000000000
K:/crr: 0.000000000 0.999995000 0.000005000
K:/r: 0.596208994 0.403784340 0.000006667
KJ:/cc/c: 0.168104791 0.831895209 0.000000000
KJ:/cc/crr: 0.000000000 0.511214848 0.488785152
KJ:/cc/r: 0.468333991 0.213692116 0.317973894
KJ:/crc/c: 0.113390281 0.886609719 0.000000000
KJ:/crc/crr: 0.000000000 0.999977952 0.000022048
KJ:/crc/r: 0.000060013 0.782660272 0.217279714
KJ:/crrc/c: 0.295532460 0.704467540 0.000000000
KJ:/crrc/crr: 0.000000000 0.999995770 0.000004230
KJ:/crrc/r: 0.009847744 0.841594939 0.148557317
KJ:/rc/c: 0.408785795 0.591214205 0.000000000
KJ:/rc/crr: 0.000000000 0.955638081 0.044361919
KJ:/rc/r: 0.000024326 0.916270000 0.083705674
KJ:/rrc/c: 0.203790756 0.796209244 0.000000000
KJ:/rrc/crr: 0.000000000 0.999986283 0.000013717
KJ:/rrc/r: 0.027937372 0.969505807 0.002556821
KK:/cc/c: 0.835665749 0.164334251 0.000000000
KK:/cc/crr: 0.000000000 0.901674652 0.098325348
KK:/cc/r: 0.687140553 0.203303279 0.109556168
KK:/crc/c: 0.999995000 0.000005000 0.000000000
KK:/crc/crr: 0.000000000 0.999997500 0.000002500
KK:/crc/r: 0.998826309 0.001170357 0.000003333
KK:/crrc/c: 0.999997500 0.000002500 0.000000000
KK:/crrc/crr: 0.000000000 0.999998750 0.000001250
KK:/crrc/r: 0.999992605 0.000005729 0.000001667
KK:/rc/c: 0.999991745 0.000008255 0.000000000
KK:/rc/crr: 0.000000000 0.999995872 0.000004128
KK:/rc/r: 0.999978793 0.000015704 0.000005503
KK:/rrc/c: 0.999994409 0.000005591 0.000000000
KK:/rrc/crr: 0.000000000 0.999997205 0.000002795
KK:/rrc/r: 0.999358847 0.000637426 0.000003727
KQ:/cc/c: 0.496763138 0.503236862 0.000000000
KQ:/cc/crr: 0.000000000 0.834594962 0.165405038
KQ:/cc/r: 0.470310996 0.415840182 0.113848822
KQ:/crc/c: 0.242519454 0.757480546 0.000000000
KQ:/crc/crr: 0.000000000 0.000592115 0.999407885
KQ:/crc/r: 0.000014403 0.438916834 0.561068763
KQ:/crrc/c: 0.625950975 0.374049025 0.000000000
KQ:/crrc/crr: 0.000000000 0.399737131 0.600262869
KQ:/crrc/r: 0.000250790 0.685004725 0.314744485
KQ:/rc/c: 0.000009934 0.999990066 0.000000000
KQ:/rc/crr: 0.000000000 0.415500158 0.584499842
KQ:/rc/r: 0.000018993 0.301635043 0.698345964
KQ:/rrc/c: 0.489931814 0.510068186 0.000000000
KQ:/rrc/crr: 0.000000000 0.454298138 0.545701862
KQ:/rrc/r: 0.062662006 0.559785310 0.377552684
Q:/c: 0.852265092 0.147734908 0.000000000
Q:/crr: 0.000000000 0.999994133 0.000005867
Q:/r: 0.386867186 0.613083286 0.000049528
QJ:/cc/c: 0.000508955 0.999491045 0.000000000
QJ:/cc/crr: 0.000000000 0.033248936 0.966751064
QJ:/cc/r: 0.000022563 0.000022563 0.999954874
QJ:/crc/c: 0.459639419 0.540360581 0.000000000
QJ:/crc/crr: 0.000000000 0.026596731 0.973403269
QJ:/crc/r: 0.000017165 0.000003911 0.999978923
QJ:/crrc/c: 0.000002933 0.999997067 0.000000000
QJ:/crrc/crr: 0.000000000 0.500000000 0.500000000
QJ:/crrc/r: 0.028438692 0.000001956 0.971559353
QJ:/rc/c: 0.000031585 0.999968415 0.000000000
QJ:/rc/crr: 0.000000000 0.086069483 0.913930517
QJ:/rc/r: 0.000003625 0.000003625 0.999992751
QJ:/rrc/c: 0.000165805 0.999834195 0.000000000
QJ:/rrc/crr: 0.000000000 0.025983014 0.974016986
QJ:/rrc/r: 0.000043415 0.000005744 0.999950841
QK:/cc/c: 0.029332610 0.970667390 0.000000000
QK:/cc/crr: 0.000000000 0.999423093 0.000576907
QK:/cc/r: 0.000087367 0.741456695 0.258455937
QK:/crc/c: 0.378586795 0.621413205 0.000000000
QK:/crc/crr: 0.000000000 0.007205497 0.992794503
QK:/crc/r: 0.000053339 0.516146940 0.483799721
QK:/crrc/c: 0.081209380 0.918790620 0.000000000
QK:/crrc/crr: 0.000000000 0.005033532 0.994966468
QK:/crrc/r: 0.000044560 0.285402707 0.714552733
QK:/rc/c: 0.359062877 0.640937123 0.000000000
QK:/rc/crr: 0.000000000 0.000007571 0.999992429
QK:/rc/r: 0.000010353 0.306245024 0.693744622
QK:/rrc/c: 0.432007265 0.567992735 0.000000000
QK:/rrc/crr: 0.000000000 0.082903091 0.917096909
QK:/rrc/r: 0.000068634 0.518018893 0.481912473
QQ:/cc/c: 0.999966156 0.000033844 0.000000000
QQ:/cc/crr: 0.000000000 0.999983077 0.000016923
QQ:/cc/r: 0.999891224 0.000086213 0.000022563
QQ:/crc/c: 0.999994133 0.000005867 0.000000000
QQ:/crc/crr: 0.000000000 0.999997067 0.000002933
QQ:/crc/r: 0.999955988 0.000040101 0.000003911
QQ:/crrc/c: 0.999997067 0.000002933 0.000000000
QQ:/crrc/crr: 0.000000000 0.999998533 0.000001467
QQ:/crrc/r: 0.999996089 0.000001956 0.000001956
QQ:/rc/c: 0.999994563 0.000005437 0.000000000
QQ:/rc/crr: 0.000000000 0.999997281 0.000002719
QQ:/rc/r: 0.999991870 0.000004505 0.000003625
QQ:/rrc/c: 0.999991384 0.000008616 0.000000000
QQ:/rrc/crr: 0.000000000 0.999995692 0.000004308
QQ:/rrc/r: 0.999956503 0.000037753 0.000005744
