J:/: 0.075399675 0.924600325 0.000000000
J:/cr: 0.018400753 0.033512170 0.948087076
J:/rr: 0.000000000 0.999933687 0.000066313
JJ:/cc/: 0.000289413 0.999710587 0.000000000
JJ:/cc/cr: 0.999996394 0.000001803 0.000001803
JJ:/cc/rr: 0.000000000 0.990657409 0.009342591
JJ:/crc/: 0.996496509 0.003503491 0.000000000
JJ:/crc/cr: 0.989764717 0.005117642 0.005117642
JJ:/crc/rr: 0.000000000 0.999973011 0.000026989
JJ:/crrc/: 0.948315793 0.051684207 0.000000000
JJ:/crrc/cr: 0.998736399 0.000631801 0.000631801
JJ:/crrc/rr: 0.000000000 0.999948349 0.000051651
JJ:/rc/: 0.908849122 0.091150878 0.000000000
JJ:/rc/cr: 0.999514993 0.000242504 0.000242504
JJ:/rc/rr: 0.000000000 0.999963518 0.000036482
JJ:/rrc/: 0.999492405 0.000507595 0.000000000
JJ:/rrc/cr: 0.956449720 0.021775140 0.021775140
JJ:/rrc/rr: 0.000000000 0.999983412 0.000016588
JK:/cc/: 0.081885777 0.918114223 0.000000000
JK:/cc/cr: 0.000128110 0.000001963 0.999869927
JK:/cc/rr: 0.000000000 0.000033020 0.999966980
JK:/crc/: 0.044616923 0.955383077 0.000000000
JK:/crc/cr: 0.010671890 0.000018767 0.989309343
JK:/crc/rr: 0.000000000 0.000602785 0.999397215
JK:/crrc/: 0.999902038 0.000097962 0.000000000
JK:/crrc/cr: 0.333333333 0.333333333 0.333333333
JK:/crrc/rr: 0.000000000 0.000048986 0.999951014
JK:/rc/: 0.996688169 0.003311831 0.000000000
JK:/rc/cr: 0.920053222 0.006674383 0.073272395
JK:/rc/rr: 0.000000000 0.000033267 0.999966733
JK:/rrc/: 0.536255443 0.463744557 0.000000000
JK:/rrc/cr: 0.880435554 0.000023834 0.119540612
JK:/rrc/rr: 0.000000000 0.000030917 0.999969083
JQ:/cc/: 0.165152709 0.834847291 0.000000000
JQ:/cc/cr: 0.000004029 0.000002159 0.999993812
JQ:/cc/rr: 0.000000000 0.000016372 0.999983628
JQ:/crc/: 0.993347655 0.006652345 0.000000000
JQ:/crc/cr: 0.183338424 0.002695232 0.813966344
JQ:/crc/rr: 0.000000000 0.000027075 0.999972925
JQ:/crrc/: 0.015408975 0.984591025 0.000000000
JQ:/crrc/cr: 0.144402468 0.000033165 0.855564367
JQ:/crrc/rr: 0.000000000 0.003178742 0.996821258
JQ:/rc/: 0.996857383 0.003142617 0.000000000
JQ:/rc/cr: 0.007033765 0.007033765 0.985932470
JQ:/rc/rr: 0.000000000 0.000033261 0.999966739
JQ:/rrc/: 0.137936376 0.862063624 0.000000000
JQ:/rrc/cr: 0.000012821 0.000012821 0.999974357
JQ:/rrc/rr: 0.000000000 0.000120196 0.999879804
K:/: 0.755480068 0.244519932 0.000000000
K:/cr: 0.700919374 0.299066994 0.000013632
K:/rr: 0.000000000 0.999993382 0.000006618
KJ:/cc/: 0.000037677 0.999962323 0.000000000
KJ:/cc/cr: 0.000052641 0.000017425 0.999929934
KJ:/cc/rr: 0.000000000 0.728638418 0.271361582
KJ:/crc/: 0.000050013 0.999949987 0.000000000
KJ:/crc/cr: 0.000232644 0.999759759 0.000007597
KJ:/crc/rr: 0.000000000 0.772148538 0.227851462
KJ:/crrc/: 0.051004537 0.948995463 0.000000000
KJ:/crrc/cr: 0.003135550 0.988856313 0.008008137
KJ:/crrc/rr: 0.000000000 0.334956703 0.665043297
KJ:/rc/: 0.080410558 0.919589442 0.000000000
KJ:/rc/cr: 0.006522428 0.969056499 0.024421073
KJ:/rc/rr: 0.000000000 0.342253869 0.657746131
KJ:/rrc/: 0.095189941 0.904810059 0.000000000
KJ:/rrc/cr: 0.000045322 0.999953459 0.000001219
KJ:/rrc/rr: 0.000000000 0.561739859 0.438260141
KK:/cc/: 0.998779902 0.001220098 0.000000000
KK:/cc/cr: 0.988826997 0.005586501 0.005586501
KK:/cc/rr: 0.000000000 0.999989763 0.000010237
KK:/crc/: 0.175726600 0.824273400 0.000000000
KK:/crc/cr: 0.999981567 0.000009217 0.000009217
KK:/crc/rr: 0.000000000 0.999935152 0.000064848
KK:/crrc/: 0.972248412 0.027751588 0.000000000
KK:/crrc/cr: 0.999766392 0.000116804 0.000116804
KK:/crrc/rr: 0.000000000 0.999994999 0.000005001
KK:/rc/: 0.836297059 0.163702941 0.000000000
KK:/rc/cr: 0.999973047 0.000013476 0.000013476
KK:/rc/rr: 0.000000000 0.999996043 0.000003957
KK:/rrc/: 0.529161705 0.470838295 0.000000000
KK:/rrc/cr: 0.999995314 0.000002343 0.000002343
KK:/rrc/rr: 0.000000000 0.999996873 0.000003127
KQ:/cc/: 0.000056334 0.999943666 0.000000000
KQ:/cc/cr: 0.000045019 0.466122721 0.533832260
KQ:/cc/rr: 0.000000000 0.818508226 0.181491774
KQ:/crc/: 0.865181558 0.134818442 0.000000000
KQ:/crc/cr: 0.000396373 0.656530419 0.343073208
KQ:/crc/rr: 0.000000000 0.000023105 0.999976895
KQ:/crrc/: 0.030800019 0.969199981 0.000000000
KQ:/crrc/cr: 0.016469760 0.695718324 0.287811915
KQ:/crrc/rr: 0.000000000 0.494212447 0.505787553
KQ:/rc/: 0.000338970 0.999661030 0.000000000
KQ:/rc/cr: 0.000006400 0.483954312 0.516039288
KQ:/rc/rr: 0.000000000 0.230779787 0.769220213
KQ:/rrc/: 0.707814528 0.292185472 0.000000000
KQ:/rrc/cr: 0.043934541 0.820267288 0.135798170
KQ:/rrc/rr: 0.000000000 0.385128935 0.614871065
Q:/: 0.756131601 0.243868399 0.000000000
Q:/cr: 0.169050200 0.829906646 0.001043154
Q:/rr: 0.000000000 0.999993387 0.000006613
QJ:/cc/: 0.000020503 0.999979497 0.000000000
QJ:/cc/cr: 0.000007946 0.000006834 0.999985219
QJ:/cc/rr: 0.000000000 0.500000000 0.500000000
QJ:/crc/: 0.030987253 0.969012747 0.000000000
QJ:/crc/cr: 0.000260729 0.000002833 0.999736438
QJ:/crc/rr: 0.000000000 0.000132877 0.999867123
QJ:/crrc/: 0.020165223 0.979834777 0.000000000
QJ:/crrc/cr: 0.000175646 0.000013753 0.999810601
QJ:/crrc/rr: 0.000000000 0.001002408 0.998997592
QJ:/rc/: 0.007143864 0.992856136 0.000000000
QJ:/rc/cr: 0.000002220 0.000002220 0.999995560
QJ:/rc/rr: 0.000000000 0.000462817 0.999537183
QJ:/rrc/: 0.000003306 0.999996694 0.000000000
QJ:/rrc/cr: 0.000001102 0.000001102 0.999997796
QJ:/rrc/rr: 0.000000000 0.500000000 0.500000000
QK:/cc/: 0.412281065 0.587718935 0.000000000
QK:/cc/cr: 0.047697379 0.952274332 0.000028290
QK:/cc/rr: 0.000000000 0.999975135 0.000024865
QK:/crc/: 0.011771884 0.988228116 0.000000000
QK:/crc/cr: 0.000002778 0.564852473 0.435144750
QK:/crc/rr: 0.000000000 0.000349774 0.999650226
QK:/crrc/: 0.922779664 0.077220336 0.000000000
QK:/crrc/cr: 0.000541016 0.687381386 0.312077598
QK:/crrc/rr: 0.000000000 0.000645004 0.999354996
QK:/rc/: 0.454471628 0.545528372 0.000000000
QK:/rc/cr: 0.020988876 0.521372465 0.457638659
QK:/rc/rr: 0.000000000 0.211716615 0.788283385
QK:/rrc/: 0.125949352 0.874050648 0.000000000
QK:/rrc/cr: 0.000001261 0.308414543 0.691584196
QK:/rrc/rr: 0.000000000 0.000374665 0.999625335
QQ:/cc/: 0.528780616 0.471219384 0.000000000
QQ:/cc/cr: 0.999970993 0.000014503 0.000014503
QQ:/cc/rr: 0.000000000 0.999980613 0.000019387
QQ:/crc/: 0.988433598 0.011566402 0.000000000
QQ:/crc/cr: 0.999525349 0.000237326 0.000237326
QQ:/crc/rr: 0.000000000 0.999995834 0.000004166
QQ:/crrc/: 0.173169314 0.826830686 0.000000000
QQ:/crrc/cr: 0.999967404 0.000016298 0.000016298
QQ:/crrc/rr: 0.000000000 0.999883272 0.000116728
QQ:/rc/: 0.496530794 0.503469206 0.000000000
QQ:/rc/cr: 0.999988168 0.000007454 0.000004378
QQ:/rc/rr: 0.000000000 0.999993341 0.000006659
QQ:/rrc/: 0.977144655 0.022855345 0.000000000
QQ:/rrc/cr: 0.999903558 0.000048221 0.000048221
QQ:/rrc/rr: 0.000000000 0.999998308 0.000001692
