J:/: 0.080108066 0.919891934 0.000000000
J:/cr: 0.018565883 0.037588252 0.943845865
J:/rr: 0.000000000 0.999937584 0.000062416
JJ:/cc/: 0.000293126 0.999706874 0.000000000
JJ:/cc/cr: 0.999996375 0.000001812 0.000001812
JJ:/cc/rr: 0.000000000 0.990728512 0.009271488
JJ:/crc/: 0.969335167 0.030664833 0.000000000
JJ:/crc/cr: 0.998952080 0.000523960 0.000523960
JJ:/crc/rr: 0.000000000 0.999975137 0.000024863
JJ:/crrc/: 0.976027085 0.023972915 0.000000000
JJ:/crrc/cr: 0.997286160 0.001356920 0.001356920
JJ:/crrc/rr: 0.000000000 0.999950008 0.000049992
JJ:/rc/: 0.885456045 0.114543955 0.000000000
JJ:/rc/cr: 0.999636729 0.000181635 0.000181635
JJ:/rc/rr: 0.000000000 0.999964755 0.000035245
JJ:/rrc/: 0.998040276 0.001959724 0.000000000
JJ:/rrc/cr: 0.989382928 0.005308536 0.005308536
JJ:/rrc/rr: 0.000000000 0.999984364 0.000015636
JK:/cc/: 0.080080230 0.919919770 0.000000000
JK:/cc/cr: 0.000003099 0.000001970 0.999994932
JK:/cc/rr: 0.000000000 0.000033937 0.999966063
JK:/crc/: 0.046413954 0.953586046 0.000000000
JK:/crc/cr: 0.015046768 0.000016849 0.984936383
JK:/crc/rr: 0.000000000 0.000519256 0.999480744
JK:/crrc/: 0.999902412 0.000097588 0.000000000
JK:/crrc/cr: 0.333333333 0.333333333 0.333333333
JK:/crrc/rr: 0.000000000 0.000048799 0.999951201
JK:/rc/: 0.986892648 0.013107352 0.000000000
JK:/rc/cr: 0.941196663 0.001587295 0.057216043
JK:/rc/rr: 0.000000000 0.000031622 0.999968378
JK:/rrc/: 0.528093586 0.471906414 0.000000000
JK:/rrc/cr: 0.827889552 0.000022045 0.172088403
JK:/rrc/rr: 0.000000000 0.000029549 0.999970451
JQ:/cc/: 0.204585949 0.795414051 0.000000000
JQ:/cc/cr: 0.000004887 0.000002278 0.999992836
JQ:/cc/rr: 0.000000000 0.000013284 0.999986716
JQ:/crc/: 0.985443728 0.014556272 0.000000000
JQ:/crc/cr: 0.064353798 0.001103795 0.934542407
JQ:/crc/rr: 0.000000000 0.000024457 0.999975543
JQ:/crrc/: 0.037993865 0.962006135 0.000000000
JQ:/crrc/cr: 0.149802439 0.000033814 0.850163747
JQ:/crrc/rr: 0.000000000 0.001284260 0.998715740
JQ:/rc/: 0.997308772 0.002691228 0.000000000
JQ:/rc/cr: 0.007730756 0.007730756 0.984538488
JQ:/rc/rr: 0.000000000 0.000031292 0.999968708
JQ:/rrc/: 0.107320564 0.892679436 0.000000000
JQ:/rrc/cr: 0.000293780 0.000011654 0.999694566
JQ:/rrc/rr: 0.000000000 0.000145405 0.999854595
K:/: 0.752778173 0.247221827 0.000000000
K:/cr: 0.671144200 0.328842317 0.000013483
K:/rr: 0.000000000 0.999993358 0.000006642
KJ:/cc/: 0.000039603 0.999960397 0.000000000
KJ:/cc/cr: 0.000050565 0.000016773 0.999932662
KJ:/cc/rr: 0.000000000 0.744659230 0.255340770
KJ:/crc/: 0.000332014 0.999667986 0.000000000
KJ:/crc/cr: 0.000366324 0.999626840 0.000006836
KJ:/crc/rr: 0.000000000 0.969126395 0.030873605
KJ:/crrc/: 0.078214723 0.921785277 0.000000000
KJ:/crrc/cr: 0.002565515 0.990764350 0.006670136
KJ:/crrc/rr: 0.000000000 0.436567140 0.563432860
KJ:/rc/: 0.046559176 0.953440824 0.000000000
KJ:/rc/cr: 0.018784947 0.950963969 0.030251084
KJ:/rc/rr: 0.000000000 0.282133881 0.717866119
KJ:/rrc/: 0.090450031 0.909549969 0.000000000
KJ:/rrc/cr: 0.002021749 0.997655805 0.000322446
KJ:/rrc/rr: 0.000000000 0.483211061 0.516788939
KK:/cc/: 0.999549442 0.000450558 0.000000000
KK:/cc/cr: 0.970074484 0.014962758 0.014962758
KK:/cc/rr: 0.000000000 0.999989883 0.000010117
KK:/crc/: 0.113815435 0.886184565 0.000000000
KK:/crc/cr: 0.999984577 0.000007711 0.000007711
KK:/crc/rr: 0.000000000 0.999909938 0.000090062
KK:/crrc/: 0.988900238 0.011099762 0.000000000
KK:/crrc/cr: 0.999396689 0.000301655 0.000301655
KK:/crrc/rr: 0.000000000 0.999994921 0.000005079
KK:/rc/: 0.856531237 0.143468763 0.000000000
KK:/rc/cr: 0.999969136 0.000015432 0.000015432
KK:/rc/rr: 0.000000000 0.999996123 0.000003877
KK:/rrc/: 0.534195780 0.465804220 0.000000000
KK:/rrc/cr: 0.999995247 0.000002377 0.000002377
KK:/rrc/rr: 0.000000000 0.999996892 0.000003108
KQ:/cc/: 0.000102948 0.999897052 0.000000000
KQ:/cc/cr: 0.000043885 0.429637432 0.570318683
KQ:/cc/rr: 0.000000000 0.901772118 0.098227882
KQ:/crc/: 0.869825895 0.130174105 0.000000000
KQ:/crc/cr: 0.000297763 0.514027650 0.485674587
KQ:/crc/rr: 0.000000000 0.000036799 0.999963201
KQ:/crrc/: 0.011198565 0.988801435 0.000000000
KQ:/crrc/cr: 0.016257527 0.727576284 0.256166189
KQ:/crrc/rr: 0.000000000 0.111356726 0.888643274
KQ:/rc/: 0.000220027 0.999779973 0.000000000
KQ:/rc/cr: 0.000004938 0.496357123 0.503637939
KQ:/rc/rr: 0.000000000 0.373853933 0.626146067
KQ:/rrc/: 0.702508216 0.297491784 0.000000000
KQ:/rrc/cr: 0.023888156 0.883301634 0.092810210
KQ:/rrc/rr: 0.000000000 0.392339666 0.607660334
Q:/: 0.736059270 0.263940730 0.000000000
Q:/cr: 0.139614972 0.859420467 0.000964561
Q:/rr: 0.000000000 0.999993207 0.000006793
QJ:/cc/: 0.000018944 0.999981056 0.000000000
QJ:/cc/cr: 0.000008784 0.000006315 0.999984901
QJ:/cc/rr: 0.000000000 0.500000000 0.500000000
QJ:/crc/: 0.029689107 0.970310893 0.000000000
QJ:/crc/cr: 0.001691120 0.000002524 0.998306356
QJ:/crc/rr: 0.000000000 0.000123740 0.999876260
QJ:/crrc/: 0.005512641 0.994487359 0.000000000
QJ:/crrc/cr: 0.000500216 0.000015160 0.999484624
QJ:/crrc/rr: 0.000000000 0.004102236 0.995897764
QJ:/rc/: 0.012028655 0.987971345 0.000000000
QJ:/rc/cr: 0.000002292 0.000002292 0.999995416
QJ:/rc/rr: 0.000000000 0.000282365 0.999717635
QJ:/rrc/: 0.000003396 0.999996604 0.000000000
QJ:/rrc/cr: 0.000001132 0.000001132 0.999997736
QJ:/rrc/rr: 0.000000000 0.500000000 0.500000000
QK:/cc/: 0.518106378 0.481893622 0.000000000
QK:/cc/cr: 0.017216809 0.982764756 0.000018435
QK:/cc/rr: 0.000000000 0.999981718 0.000018282
QK:/crc/: 0.008763870 0.991236130 0.000000000
QK:/crc/cr: 0.000002471 0.555030051 0.444967478
QK:/crc/rr: 0.000000000 0.000419190 0.999580810
QK:/crrc/: 0.930414772 0.069585228 0.000000000
QK:/crrc/cr: 0.000390283 0.582305748 0.417303969
QK:/crrc/rr: 0.000000000 0.000655030 0.999344970
QK:/rc/: 0.452765184 0.547234816 0.000000000
QK:/rc/cr: 0.028666467 0.518026906 0.453306626
QK:/rc/rr: 0.000000000 0.199622426 0.800377574
QK:/rrc/: 0.126307532 0.873692468 0.000000000
QK:/rrc/cr: 0.000001296 0.293408799 0.706589905
QK:/rrc/rr: 0.000000000 0.000633327 0.999366673
QQ:/cc/: 0.555254295 0.444745705 0.000000000
QQ:/cc/cr: 0.999971604 0.000014198 0.000014198
QQ:/cc/rr: 0.000000000 0.999982941 0.000017059
QQ:/crc/: 0.987581992 0.012418008 0.000000000
QQ:/crc/cr: 0.999605549 0.000197226 0.000197226
QQ:/crc/rr: 0.000000000 0.999996280 0.000003720
QQ:/crrc/: 0.155318617 0.844681383 0.000000000
QQ:/crrc/cr: 0.999964303 0.000017848 0.000017848
QQ:/crrc/rr: 0.000000000 0.999854402 0.000145598
QQ:/rc/: 0.551512768 0.448487232 0.000000000
QQ:/rc/cr: 0.999986304 0.000008648 0.000005049
QQ:/rc/rr: 0.000000000 0.999993842 0.000006158
QQ:/rrc/: 0.982336337 0.017663663 0.000000000
QQ:/rrc/cr: 0.999871809 0.000064096 0.000064096
QQ:/rrc/rr: 0.000000000 0.999998271 0.000001729
