J:/: 0.074040145 0.925959855 0.000000000
J:/cr: 0.018751906 0.032759939 0.948488155
J:/rr: 0.000000000 0.999932469 0.000067531
JJ:/cc/: 0.000126770 0.999873230 0.000000000
JJ:/cc/cr: 0.999993494 0.000004706 0.000001800
JJ:/cc/rr: 0.000000000 0.978702287 0.021297713
JJ:/crc/: 0.951687876 0.048312124 0.000000000
JJ:/crc/cr: 0.999241831 0.000379085 0.000379085
JJ:/crc/rr: 0.000000000 0.999971134 0.000028866
JJ:/crrc/: 0.994114649 0.005885351 0.000000000
JJ:/crrc/cr: 0.989127046 0.005436477 0.005436477
JJ:/crrc/rr: 0.000000000 0.999951723 0.000048277
JJ:/rc/: 0.929093750 0.070906250 0.000000000
JJ:/rc/cr: 0.999365068 0.000317466 0.000317466
JJ:/rc/rr: 0.000000000 0.999963658 0.000036342
JJ:/rrc/: 0.995790595 0.004209405 0.000000000
JJ:/rrc/cr: 0.994652017 0.002673992 0.002673992
JJ:/rrc/rr: 0.000000000 0.999983045 0.000016955
JK:/cc/: 0.079272249 0.920727751 0.000000000
JK:/cc/cr: 0.000001955 0.000001955 0.999996090
JK:/cc/rr: 0.000000000 0.000034059 0.999965941
JK:/crc/: 0.062386649 0.937613351 0.000000000
JK:/crc/cr: 0.016819947 0.000019533 0.983160520
JK:/crc/rr: 0.000000000 0.000440344 0.999559656
JK:/crrc/: 0.999904013 0.000095987 0.000000000
JK:/crrc/cr: 0.333333333 0.333333333 0.333333333
JK:/crrc/rr: 0.000000000 0.000047998 0.999952002
JK:/rc/: 0.998774094 0.001225906 0.000000000
JK:/rc/cr: 0.963275636 0.018362182 0.018362182
JK:/rc/rr: 0.000000000 0.000033807 0.999966193
JK:/rrc/: 0.542350521 0.457649479 0.000000000
JK:/rrc/cr: 0.961348683 0.000024595 0.038626722
JK:/rrc/rr: 0.000000000 0.000031131 0.999968869
JQ:/cc/: 0.161582952 0.838417048 0.000000000
JQ:/cc/cr: 0.000002147 0.000002147 0.999995706
JQ:/cc/rr: 0.000000000 0.000016709 0.999983291
JQ:/crc/: 0.994437013 0.005562987 0.000000000
JQ:/crc/cr: 0.285482953 0.003292185 0.711224862
JQ:/crc/rr: 0.000000000 0.000027625 0.999972375
JQ:/crrc/: 0.035088516 0.964911484 0.000000000
JQ:/crrc/cr: 0.168932699 0.000033159 0.831034142
JQ:/crrc/rr: 0.000000000 0.001367780 0.998632220
JQ:/rc/: 0.998595327 0.001404673 0.000000000
JQ:/rc/cr: 0.016025309 0.016025309 0.967949382
JQ:/rc/rr: 0.000000000 0.000033813 0.999966187
JQ:/rrc/: 0.179689023 0.820310977 0.000000000
JQ:/rrc/cr: 0.000013722 0.000013722 0.999972557
JQ:/rrc/rr: 0.000000000 0.000093962 0.999906038
K:/: 0.754427363 0.245572637 0.000000000
K:/cr: 0.702346094 0.297640332 0.000013574
K:/rr: 0.000000000 0.999993372 0.000006628
KJ:/cc/: 0.000020361 0.999979639 0.000000000
KJ:/cc/cr: 0.000006787 0.000006787 0.999986426
KJ:/cc/rr: 0.000000000 0.500000000 0.500000000
KJ:/crc/: 0.000109247 0.999890753 0.000000000
KJ:/crc/cr: 0.000286874 0.999705525 0.000007602
KJ:/crc/rr: 0.000000000 0.895639269 0.104360731
KJ:/crrc/: 0.070367593 0.929632407 0.000000000
KJ:/crrc/cr: 0.000130533 0.999702943 0.000166524
KJ:/crrc/rr: 0.000000000 0.438286610 0.561713390
KJ:/rc/: 0.054054624 0.945945376 0.000000000
KJ:/rc/cr: 0.012636054 0.966746345 0.020617601
KJ:/rc/rr: 0.000000000 0.245477516 0.754522484
KJ:/rrc/: 0.081234188 0.918765812 0.000000000
KJ:/rrc/cr: 0.000237635 0.999247798 0.000514568
KJ:/rrc/rr: 0.000000000 0.760543833 0.239456167
KK:/cc/: 0.999496902 0.000503098 0.000000000
KK:/cc/cr: 0.973019713 0.013490144 0.013490144
KK:/cc/rr: 0.000000000 0.999989815 0.000010185
KK:/crc/: 0.145426549 0.854573451 0.000000000
KK:/crc/cr: 0.999982212 0.000008894 0.000008894
KK:/crc/rr: 0.000000000 0.999921602 0.000078398
KK:/crrc/: 0.998442731 0.001557269 0.000000000
KK:/crrc/cr: 0.995863218 0.002068391 0.002068391
KK:/crrc/rr: 0.000000000 0.999995161 0.000004839
KK:/rc/: 0.811920294 0.188079706 0.000000000
KK:/rc/cr: 0.999976508 0.000011746 0.000011746
KK:/rc/rr: 0.000000000 0.999995919 0.000004081
KK:/rrc/: 0.525568137 0.474431863 0.000000000
KK:/rrc/cr: 0.999995343 0.000002328 0.000002328
KK:/rrc/rr: 0.000000000 0.999996847 0.000003153
KQ:/cc/: 0.000106138 0.999893862 0.000000000
KQ:/cc/cr: 0.000006788 0.428047116 0.571946096
KQ:/cc/rr: 0.000000000 0.904084289 0.095915711
KQ:/crc/: 0.846555195 0.153444805 0.000000000
KQ:/crc/cr: 0.000049534 0.651822297 0.348128169
KQ:/crc/rr: 0.000000000 0.000015513 0.999984487
KQ:/crrc/: 0.006333445 0.993666555 0.000000000
KQ:/crrc/cr: 0.010833489 0.698386505 0.290780006
KQ:/crrc/rr: 0.000000000 0.218324973 0.781675027
KQ:/rc/: 0.000009338 0.999990662 0.000000000
KQ:/rc/cr: 0.000028298 0.480594067 0.519377635
KQ:/rc/rr: 0.000000000 0.645143203 0.354856797
KQ:/rrc/: 0.702678623 0.297321377 0.000000000
KQ:/rrc/cr: 0.015752747 0.917206089 0.067041164
KQ:/rrc/rr: 0.000000000 0.398055745 0.601944255
Q:/: 0.757644413 0.242355587 0.000000000
Q:/cr: 0.168827955 0.830514774 0.000657271
Q:/rr: 0.000000000 0.999993401 0.000006599
QJ:/cc/: 0.000020631 0.999979369 0.000000000
QJ:/cc/cr: 0.000006877 0.000006877 0.999986246
QJ:/cc/rr: 0.000000000 0.500000000 0.500000000
QJ:/crc/: 0.031001275 0.968998725 0.000000000
QJ:/crc/cr: 0.000476696 0.000002848 0.999520455
QJ:/crc/rr: 0.000000000 0.000133548 0.999866452
QJ:/crrc/: 0.015719344 0.984280656 0.000000000
QJ:/crrc/cr: 0.000013795 0.000013795 0.999972411
QJ:/crrc/rr: 0.000000000 0.001295648 0.998704352
QJ:/rc/: 0.011452223 0.988547777 0.000000000
QJ:/rc/cr: 0.000002225 0.000002225 0.999995549
QJ:/rc/rr: 0.000000000 0.000288128 0.999711872
QJ:/rrc/: 0.000003300 0.999996700 0.000000000
QJ:/rrc/cr: 0.000001100 0.000001100 0.999997800
QJ:/rrc/rr: 0.000000000 0.500000000 0.500000000
QK:/cc/: 0.523909531 0.476090469 0.000000000
QK:/cc/cr: 0.207211830 0.792772817 0.000015353
QK:/cc/rr: 0.000000000 0.999980311 0.000019689
QK:/crc/: 0.000009243 0.999990757 0.000000000
QK:/crc/cr: 0.000003397 0.555953833 0.444042770
QK:/crc/rr: 0.000000000 0.552096909 0.447903091
QK:/crrc/: 0.976655090 0.023344910 0.000000000
QK:/crrc/cr: 0.000581618 0.703709991 0.295708391
QK:/crrc/rr: 0.000000000 0.000564942 0.999435058
QK:/rc/: 0.430727829 0.569272171 0.000000000
QK:/rc/cr: 0.008261527 0.526452650 0.465285824
QK:/rc/rr: 0.000000000 0.201841274 0.798158726
QK:/rrc/: 0.119012127 0.880987873 0.000000000
QK:/rrc/cr: 0.000001248 0.298083327 0.701915424
QK:/rrc/rr: 0.000000000 0.000214121 0.999785879
QQ:/cc/: 0.474632604 0.525367396 0.000000000
QQ:/cc/cr: 0.999973820 0.000013090 0.000013090
QQ:/cc/rr: 0.000000000 0.999978267 0.000021733
QQ:/crc/: 0.987845410 0.012154590 0.000000000
QQ:/crc/cr: 0.999545832 0.000227084 0.000227084
QQ:/crc/rr: 0.000000000 0.999995809 0.000004191
QQ:/crrc/: 0.118023147 0.881976853 0.000000000
QQ:/crrc/cr: 0.999969089 0.000015516 0.000015395
QQ:/crrc/rr: 0.000000000 0.999827434 0.000172566
QQ:/rc/: 0.489849729 0.510150271 0.000000000
QQ:/rc/cr: 0.999991093 0.000004595 0.000004312
QQ:/rc/rr: 0.000000000 0.999993264 0.000006736
QQ:/rrc/: 0.987773991 0.012226009 0.000000000
QQ:/rrc/cr: 0.999820071 0.000089965 0.000089965
QQ:/rrc/rr: 0.000000000 0.999998330 0.000001670
