J:/: 0.079577797 0.920422203 0.000000000
J:/cr: 0.017562670 0.035873867 0.946563462
J:/rr: 0.000000000 0.999937168 0.000062832
JJ:/cc/: 0.000296162 0.999703838 0.000000000
JJ:/cc/cr: 0.999996377 0.000001811 0.000001811
JJ:/cc/rr: 0.000000000 0.990828867 0.009171133
JJ:/crc/: 0.944370190 0.055629810 0.000000000
JJ:/crc/cr: 0.999395099 0.000302451 0.000302451
JJ:/crc/rr: 0.000000000 0.999973275 0.000026725
JJ:/crrc/: 0.981595109 0.018404891 0.000000000
JJ:/crrc/cr: 0.996265378 0.001867311 0.001867311
JJ:/crrc/rr: 0.000000000 0.999947482 0.000052518
JJ:/rc/: 0.926432747 0.073567253 0.000000000
JJ:/rc/cr: 0.999430620 0.000284690 0.000284690
JJ:/rc/rr: 0.000000000 0.999966089 0.000033911
JJ:/rrc/: 0.999968582 0.000031418 0.000000000
JJ:/rrc/cr: 0.333333333 0.333333333 0.333333333
JJ:/rrc/rr: 0.000000000 0.999984291 0.000015709
JK:/cc/: 0.080639314 0.919360686 0.000000000
JK:/cc/cr: 0.000003329 0.000001970 0.999994701
JK:/cc/rr: 0.000000000 0.109282040 0.890717960
JK:/crc/: 0.041526709 0.958473291 0.000000000
JK:/crc/cr: 0.003808137 0.000017554 0.996174309
JK:/crc/rr: 0.000000000 0.000607751 0.999392249
JK:/crrc/: 0.999896897 0.000103103 0.000000000
JK:/crrc/cr: 0.333333333 0.333333333 0.333333333
JK:/crrc/rr: 0.000000000 0.000051557 0.999948443
JK:/rc/: 0.988238756 0.011761244 0.000000000
JK:/rc/cr: 0.972225241 0.001780753 0.025994007
JK:/rc/rr: 0.000000000 0.000031790 0.999968210
JK:/rrc/: 0.516734712 0.483265288 0.000000000
JK:/rrc/cr: 0.820756171 0.000021670 0.179222159
JK:/rrc/rr: 0.000000000 0.000030400 0.999969600
JQ:/cc/: 0.179742723 0.820257277 0.000000000
JQ:/cc/cr: 0.000004795 0.000002208 0.999992998
JQ:/cc/rr: 0.000000000 0.000015111 0.999984889
JQ:/crc/: 0.995081713 0.004918287 0.000000000
JQ:/crc/cr: 0.003420963 0.003420963 0.993158075
JQ:/crc/rr: 0.000000000 0.000025363 0.999974637
JQ:/crrc/: 0.019931351 0.980068649 0.000000000
JQ:/crrc/cr: 0.152940992 0.000035067 0.847023942
JQ:/crrc/rr: 0.000000000 0.002586452 0.997413548
JQ:/rc/: 0.996782115 0.003217885 0.000000000
JQ:/rc/cr: 0.006508581 0.006508581 0.986982837
JQ:/rc/rr: 0.000000000 0.000031517 0.999968483
JQ:/rrc/: 0.114850385 0.885149615 0.000000000
JQ:/rrc/cr: 0.000011831 0.000011831 0.999976337
JQ:/rrc/rr: 0.000000000 0.000136777 0.999863223
K:/: 0.755829302 0.244170698 0.000000000
K:/cr: 0.687186460 0.312799888 0.000013652
K:/rr: 0.000000000 0.999993385 0.000006615
KJ:/cc/: 0.000052935 0.999947065 0.000000000
KJ:/cc/cr: 0.000049094 0.000009618 0.999941288
KJ:/cc/rr: 0.000000000 0.806578268 0.193421732
KJ:/crc/: 0.000049694 0.999950306 0.000000000
KJ:/crc/cr: 0.000333971 0.999658755 0.000007274
KJ:/crc/rr: 0.000000000 0.780441450 0.219558550
KJ:/crrc/: 0.049261652 0.950738348 0.000000000
KJ:/crrc/cr: 0.001255913 0.996917738 0.001826348
KJ:/crrc/rr: 0.000000000 0.461129164 0.538870836
KJ:/rc/: 0.064539726 0.935460274 0.000000000
KJ:/rc/cr: 0.006354706 0.959799622 0.033845672
KJ:/rc/rr: 0.000000000 0.363925435 0.636074565
KJ:/rrc/: 0.085870011 0.914129989 0.000000000
KJ:/rrc/cr: 0.000165876 0.999832918 0.000001206
KJ:/rrc/rr: 0.000000000 0.603945085 0.396054915
KK:/cc/: 0.999569657 0.000430343 0.000000000
KK:/cc/cr: 0.968277248 0.015861376 0.015861376
KK:/cc/rr: 0.000000000 0.999989757 0.000010243
KK:/crc/: 0.115197271 0.884802729 0.000000000
KK:/crc/cr: 0.999983558 0.000008221 0.000008221
KK:/crc/rr: 0.000000000 0.999905286 0.000094714
KK:/crrc/: 0.984662660 0.015337340 0.000000000
KK:/crrc/cr: 0.999568243 0.000215878 0.000215878
KK:/crrc/rr: 0.000000000 0.999994956 0.000005044
KK:/rc/: 0.843881258 0.156118742 0.000000000
KK:/rc/cr: 0.999971751 0.000014124 0.000014124
KK:/rc/rr: 0.000000000 0.999996080 0.000003920
KK:/rrc/: 0.535397024 0.464602976 0.000000000
KK:/rrc/cr: 0.999995254 0.000002373 0.000002373
KK:/rrc/rr: 0.000000000 0.999996911 0.000003089
KQ:/cc/: 0.000058814 0.999941186 0.000000000
KQ:/cc/cr: 0.000043745 0.447191290 0.552764965
KQ:/cc/rr: 0.000000000 0.825914005 0.174085995
KQ:/crc/: 0.843679147 0.156320853 0.000000000
KQ:/crc/cr: 0.000263933 0.554422535 0.445313533
KQ:/crc/rr: 0.000000000 0.000038630 0.999961370
KQ:/crrc/: 0.013386279 0.986613721 0.000000000
KQ:/crrc/cr: 0.022757082 0.687332733 0.289910184
KQ:/crrc/rr: 0.000000000 0.524786804 0.475213196
KQ:/rc/: 0.000074641 0.999925359 0.000000000
KQ:/rc/cr: 0.000006936 0.488177971 0.511815093
KQ:/rc/rr: 0.000000000 0.955686022 0.044313978
KQ:/rrc/: 0.704124972 0.295875028 0.000000000
KQ:/rrc/cr: 0.033073023 0.855418217 0.111508760
KQ:/rrc/rr: 0.000000000 0.397454367 0.602545633
Q:/: 0.742473231 0.257526769 0.000000000
Q:/cr: 0.160675217 0.837767895 0.001556889
Q:/rr: 0.000000000 0.999993266 0.000006734
QJ:/cc/: 0.000019415 0.999980585 0.000000000
QJ:/cc/cr: 0.000006472 0.000006472 0.999987056
QJ:/cc/rr: 0.000000000 0.500000000 0.500000000
QJ:/crc/: 0.029882380 0.970117620 0.000000000
QJ:/crc/cr: 0.003006831 0.000002654 0.996990514
QJ:/crc/rr: 0.000000000 0.000129258 0.999870742
QJ:/crrc/: 0.022892426 0.977107574 0.000000000
QJ:/crrc/cr: 0.000113354 0.000013741 0.999872905
QJ:/crrc/rr: 0.000000000 0.000879743 0.999120257
QJ:/rc/: 0.010480857 0.989519143 0.000000000
QJ:/rc/cr: 0.000002342 0.000002269 0.999995389
QJ:/rc/rr: 0.000000000 0.000321264 0.999678736
QJ:/rrc/: 0.000003367 0.999996633 0.000000000
QJ:/rrc/cr: 0.000001122 0.000001122 0.999997755
QJ:/rrc/rr: 0.000000000 0.500000000 0.500000000
QK:/cc/: 0.356412615 0.643587385 0.000000000
QK:/cc/cr: 0.007816312 0.992145343 0.000038346
QK:/cc/rr: 0.000000000 0.999972763 0.000027237
QK:/crc/: 0.007545949 0.992454051 0.000000000
QK:/crc/cr: 0.000002595 0.559316621 0.440680784
QK:/crc/rr: 0.000000000 0.000511894 0.999488106
QK:/crrc/: 0.959567436 0.040432564 0.000000000
QK:/crrc/cr: 0.000953264 0.483521206 0.515525530
QK:/crrc/rr: 0.000000000 0.000598584 0.999401416
QK:/rc/: 0.438864832 0.561135168 0.000000000
QK:/rc/cr: 0.026675647 0.520082077 0.453242276
QK:/rc/rr: 0.000000000 0.191889270 0.808110730
QK:/rrc/: 0.124835525 0.875164475 0.000000000
QK:/rrc/cr: 0.000001282 0.298776341 0.701222377
QK:/rrc/rr: 0.000000000 0.000407477 0.999592523
QQ:/cc/: 0.576619313 0.423380687 0.000000000
QQ:/cc/cr: 0.999969428 0.000015286 0.000015286
QQ:/cc/rr: 0.000000000 0.999983164 0.000016836
QQ:/crc/: 0.984274977 0.015725023 0.000000000
QQ:/crc/cr: 0.999672493 0.000163753 0.000163753
QQ:/crc/rr: 0.000000000 0.999996076 0.000003924
QQ:/crrc/: 0.120756249 0.879243751 0.000000000
QQ:/crrc/cr: 0.999969459 0.000015270 0.000015270
QQ:/crrc/rr: 0.000000000 0.999833222 0.000166778
QQ:/rc/: 0.523352788 0.476647212 0.000000000
QQ:/rc/cr: 0.999987312 0.000007979 0.000004709
QQ:/rc/rr: 0.000000000 0.999993566 0.000006434
QQ:/rrc/: 0.978970468 0.021029532 0.000000000
QQ:/rrc/cr: 0.999893257 0.000053372 0.000053372
QQ:/rrc/rr: 0.000000000 0.999998280 0.000001720
