J:/c: 0.313021279 0.686978721 0.000000000
J:/crr: 0.000000000 0.999984027 0.000015973
J:/r: 0.054333029 0.126508934 0.819158036
JJ:/cc/c: 0.999992722 0.000007278 0.000000000
JJ:/cc/crr: 0.000000000 0.999996361 0.000003639
JJ:/cc/r: 0.999911839 0.000083309 0.000004852
JJ:/crc/c: 0.999984027 0.000015973 0.000000000
JJ:/crc/crr: 0.000000000 0.999992013 0.000007987
JJ:/crc/r: 0.999639278 0.000350073 0.000010649
JJ:/crrc/c: 0.999992013 0.000007987 0.000000000
JJ:/crrc/crr: 0.000000000 0.999996007 0.000003993
JJ:/crrc/r: 0.999989351 0.000005325 0.000005325
JJ:/rc/c: 0.999973651 0.000026349 0.000000000
JJ:/rc/crr: 0.000000000 0.999986825 0.000013175
JJ:/rc/r: 0.999964869 0.000017566 0.000017566
JJ:/rrc/c: 0.999938650 0.000061350 0.000000000
JJ:/rrc/crr: 0.000000000 0.999969323 0.000030677
JJ:/rrc/r: 0.999918200 0.000040900 0.000040900
JK:/cc/c: 0.002544849 0.997455151 0.000000000
JK:/cc/crr: 0.000000000 0.001429996 0.998570004
JK:/cc/r: 0.000029162 0.000004852 0.999965985
JK:/crc/c: 0.496789618 0.503210382 0.000000000
JK:/crc/crr: 0.000000000 0.000016077 0.999983923
JK:/crc/r: 0.032929165 0.000010649 0.967060186
JK:/crrc/c: 0.943025207 0.056974793 0.000000000
JK:/crrc/crr: 0.000000000 0.000004235 0.999995765
JK:/crrc/r: 0.205195798 0.000005325 0.794798877
JK:/rc/c: 0.404063245 0.595936755 0.000000000
JK:/rc/crr: 0.000000000 0.000032605 0.999967395
JK:/rc/r: 0.368418579 0.000017566 0.631563855
JK:/rrc/c: 0.999938650 0.000061350 0.000000000
JK:/rrc/crr: 0.000000000 0.000030677 0.999969323
JK:/rrc/r: 0.298497124 0.000040900 0.701461976
JQ:/cc/c: 0.067230966 0.932769034 0.000000000
JQ:/cc/crr: 0.000000000 0.000054129 0.999945871
JQ:/cc/r: 0.029080797 0.000004852 0.970914350
JQ:/crc/c: 0.543339300 0.456660700 0.000000000
JQ:/crc/crr: 0.000000000 0.000014699 0.999985301
JQ:/crc/r: 0.000333163 0.000010649 0.999656188
JQ:/crrc/c: 0.000007987 0.999992013 0.000000000
JQ:/crrc/crr: 0.000000000 0.500000000 0.500000000
JQ:/crrc/r: 0.185888654 0.000005325 0.814106022
JQ:/rc/c: 0.999755719 0.000244281 0.000000000
JQ:/rc/crr: 0.000000000 0.000013178 0.999986822
JQ:/rc/r: 0.000017566 0.000017566 0.999964869
JQ:/rrc/c: 0.000061350 0.999938650 0.000000000
JQ:/rrc/crr: 0.000000000 0.500000000 0.500000000
JQ:/rrc/r: 0.614463552 0.000040900 0.385495548
K:/c: 0.999990000 0.000010000 0.000000000
K:/crr: 0.000000000 0.999995000 0.000005000
K:/r: 0.575779615 0.424213718 0.000006667
KJ:/cc/c: 0.500000000 0.500000000 0.000000000
KJ:/cc/crr: 0.000000000 0.500000000 0.500000000
KJ:/cc/r: 0.333333333 0.333333333 0.333333333
KJ:/crc/c: 0.143985699 0.856014301 0.000000000
KJ:/crc/crr: 0.000000000 0.999982637 0.000017363
KJ:/crc/r: 0.000004751 0.798808085 0.201187164
KJ:/crrc/c: 0.405333441 0.594666559 0.000000000
KJ:/crrc/crr: 0.000000000 0.999996916 0.000003084
KJ:/crrc/r: 0.094161252 0.905806033 0.000032716
KJ:/rc/c: 0.472613604 0.527386396 0.000000000
KJ:/rc/crr: 0.000000000 0.665526318 0.334473682
KJ:/rc/r: 0.033151381 0.764777024 0.202071595
KJ:/rrc/c: 0.270264800 0.729735200 0.000000000
KJ:/rrc/crr: 0.000000000 0.999989290 0.000010710
KJ:/rrc/r: 0.001884946 0.956841274 0.041273780
KK:/cc/c: 0.500000000 0.500000000 0.000000000
KK:/cc/crr: 0.000000000 0.500000000 0.500000000
KK:/cc/r: 0.333333333 0.333333333 0.333333333
KK:/crc/c: 0.999995000 0.000005000 0.000000000
KK:/crc/crr: 0.000000000 0.999997500 0.000002500
KK:/crc/r: 0.986218144 0.013778522 0.000003333
KK:/crrc/c: 0.999997500 0.000002500 0.000000000
KK:/crrc/crr: 0.000000000 0.999998750 0.000001250
KK:/crrc/r: 0.999330236 0.000668098 0.000001667
KK:/rc/c: 0.999992142 0.000007858 0.000000000
KK:/rc/crr: 0.000000000 0.999996071 0.000003929
KK:/rc/r: 0.999975134 0.000019628 0.000005238
KK:/rrc/c: 0.999994211 0.000005789 0.000000000
KK:/rrc/crr: 0.000000000 0.999997105 0.000002895
KK:/rrc/r: 0.997772279 0.002223862 0.000003860
KQ:/cc/c: 0.500000000 0.500000000 0.000000000
KQ:/cc/crr: 0.000000000 0.500000000 0.500000000
KQ:/cc/r: 0.333333333 0.333333333 0.333333333
KQ:/crc/c: 0.002606552 0.997393448 0.000000000
KQ:/crc/crr: 0.000000000 0.032699056 0.967300944
KQ:/crc/r: 0.000011436 0.458445794 0.541542770
KQ:/crrc/c: 0.662649617 0.337350383 0.000000000
KQ:/crrc/crr: 0.000000000 0.450005109 0.549994891
KQ:/crrc/r: 0.000037801 0.793463234 0.206498965
KQ:/rc/c: 0.000007858 0.999992142 0.000000000
KQ:/rc/crr: 0.000000000 0.500000000 0.500000000
KQ:/rc/r: 0.000006059 0.302744819 0.697249122
KQ:/rrc/c: 0.516339913 0.483660087 0.000000000
KQ:/rrc/crr: 0.000000000 0.457963467 0.542036533
KQ:/rrc/r: 0.000292008 0.673304488 0.326403504
Q:/c: 0.844115730 0.155884270 0.000000000
Q:/crr: 0.000000000 0.999994077 0.000005923
Q:/r: 0.366939136 0.633032511 0.000028353
QJ:/cc/c: 0.000032075 0.999967925 0.000000000
QJ:/cc/crr: 0.000000000 0.500000000 0.500000000
QJ:/cc/r: 0.000021383 0.000021383 0.999957233
QJ:/crc/c: 0.393902043 0.606097957 0.000000000
QJ:/crc/crr: 0.000000000 0.000033011 0.999966989
QJ:/crc/r: 0.000003949 0.000003949 0.999992102
QJ:/crrc/c: 0.000002962 0.999997038 0.000000000
QJ:/crrc/crr: 0.000000000 0.500000000 0.500000000
QJ:/crrc/r: 0.000001974 0.000001974 0.999996051
QJ:/rc/c: 0.000005266 0.999994734 0.000000000
QJ:/rc/crr: 0.000000000 0.500000000 0.500000000
QJ:/rc/r: 0.000012873 0.000003510 0.999983616
QJ:/rrc/c: 0.000009084 0.999990916 0.000000000
QJ:/rrc/crr: 0.000000000 0.500000000 0.500000000
QJ:/rrc/r: 0.000006056 0.000006056 0.999987888
QK:/cc/c: 0.006963601 0.993036399 0.000000000
QK:/cc/crr: 0.000000000 0.997696947 0.002303053
QK:/cc/r: 0.000094390 0.727763695 0.272141915
QK:/crc/c: 0.358375056 0.641624944 0.000000000
QK:/crc/crr: 0.000000000 0.000171229 0.999828771
QK:/crc/r: 0.000022780 0.449740080 0.550237140
QK:/crrc/c: 0.001486085 0.998513915 0.000000000
QK:/crrc/crr: 0.000000000 0.053930907 0.946069093
QK:/crrc/r: 0.000012630 0.316567389 0.683419980
QK:/rc/c: 0.343624783 0.656375217 0.000000000
QK:/rc/crr: 0.000000000 0.000007662 0.999992338
QK:/rc/r: 0.000004070 0.289111009 0.710884921
QK:/rrc/c: 0.424413632 0.575586368 0.000000000
QK:/rrc/crr: 0.000000000 0.075893635 0.924106365
QK:/rrc/r: 0.000008268 0.513880964 0.486110768
QQ:/cc/c: 0.999967925 0.000032075 0.000000000
QQ:/cc/crr: 0.000000000 0.999983962 0.000016038
QQ:/cc/r: 0.999440042 0.000538575 0.000021383
QQ:/crc/c: 0.999994077 0.000005923 0.000000000
QQ:/crc/crr: 0.000000000 0.999997038 0.000002962
QQ:/crc/r: 0.952238474 0.047757577 0.000003949
QQ:/crrc/c: 0.999997038 0.000002962 0.000000000
QQ:/crrc/crr: 0.000000000 0.999998519 0.000001481
QQ:/crrc/r: 0.999963492 0.000034534 0.000001974
QQ:/rc/c: 0.999994734 0.000005266 0.000000000
QQ:/rc/crr: 0.000000000 0.999997367 0.000002633
QQ:/rc/r: 0.999991391 0.000005099 0.000003510
QQ:/rrc/c: 0.999990916 0.000009084 0.000000000
QQ:/rrc/crr: 0.000000000 0.999995458 0.000004542
QQ:/rrc/r: 0.999976181 0.000017762 0.000006056
