J:/: 0.072150751 0.927849249 0.000000000
J:/cr: 0.018775524 0.032856631 0.948367845
J:/rr: 0.000000000 0.999930701 0.000069299
JJ:/cc/: 0.000104277 0.999895723 0.000000000
JJ:/cc/cr: 0.999993654 0.000004550 0.000001796
JJ:/cc/rr: 0.000000000 0.974161118 0.025838882
JJ:/crc/: 0.962865097 0.037134903 0.000000000
JJ:/crc/cr: 0.999018535 0.000490732 0.000490732
JJ:/crc/rr: 0.000000000 0.999971611 0.000028389
JJ:/crrc/: 0.973926217 0.026073783 0.000000000
JJ:/crrc/cr: 0.997553845 0.001223077 0.001223077
JJ:/crrc/rr: 0.000000000 0.999950884 0.000049116
JJ:/rc/: 0.813787634 0.186212366 0.000000000
JJ:/rc/cr: 0.999751899 0.000124051 0.000124051
JJ:/rc/rr: 0.000000000 0.999957422 0.000042578
JJ:/rrc/: 0.999550056 0.000449944 0.000000000
JJ:/rrc/cr: 0.948657166 0.025671417 0.025671417
JJ:/rrc/rr: 0.000000000 0.999982666 0.000017334
JK:/cc/: 0.095034264 0.904965736 0.000000000
JK:/cc/cr: 0.000001985 0.000001985 0.999996030
JK:/cc/rr: 0.000000000 0.000028352 0.999971648
JK:/crc/: 0.040009946 0.959990054 0.000000000
JK:/crc/cr: 0.001676053 0.000018983 0.998304964
JK:/crc/rr: 0.000000000 0.000683204 0.999316796
JK:/crrc/: 0.999904329 0.000095671 0.000000000
JK:/crrc/cr: 0.333333333 0.333333333 0.333333333
JK:/crrc/rr: 0.000000000 0.000047840 0.999952160
JK:/rc/: 0.998385197 0.001614803 0.000000000
JK:/rc/cr: 0.971389967 0.014305016 0.014305016
JK:/rc/rr: 0.000000000 0.000034706 0.999965294
JK:/rrc/: 0.551430046 0.448569954 0.000000000
JK:/rrc/cr: 0.982046561 0.000025750 0.017927689
JK:/rrc/rr: 0.000000000 0.000031420 0.999968580
JQ:/cc/: 0.138521324 0.861478676 0.000000000
JQ:/cc/cr: 0.000002085 0.000002085 0.999995830
JQ:/cc/rr: 0.000000000 0.000019451 0.999980549
JQ:/crc/: 0.997625815 0.002374185 0.000000000
JQ:/crc/cr: 0.007675601 0.007675601 0.984648797
JQ:/crc/rr: 0.000000000 0.000027400 0.999972600
JQ:/crrc/: 0.011286617 0.988713383 0.000000000
JQ:/crrc/cr: 0.208948243 0.000032254 0.791019502
JQ:/crrc/rr: 0.000000000 0.004238239 0.995761761
JQ:/rc/: 0.999103238 0.000896762 0.000000000
JQ:/rc/cr: 0.025759104 0.025759104 0.948481791
JQ:/rc/rr: 0.000000000 0.000034681 0.999965319
JQ:/rrc/: 0.122493081 0.877506919 0.000000000
JQ:/rrc/cr: 0.000492422 0.000013163 0.999494415
JQ:/rrc/rr: 0.000000000 0.000141445 0.999858555
K:/: 0.753329371 0.246670629 0.000000000
K:/cr: 0.704904214 0.295082273 0.000013513
K:/rr: 0.000000000 0.999993363 0.000006637
KJ:/cc/: 0.000020270 0.999979730 0.000000000
KJ:/cc/cr: 0.000006757 0.000139113 0.999854131
KJ:/cc/rr: 0.000000000 0.500000000 0.500000000
KJ:/crc/: 0.000022898 0.999977102 0.000000000
KJ:/crc/cr: 0.000007633 0.999984735 0.000007633
KJ:/crc/rr: 0.000000000 0.500000000 0.500000000
KJ:/crrc/: 0.000373986 0.999626014 0.000000000
KJ:/crrc/cr: 0.000426272 0.994774752 0.004798976
KJ:/crrc/rr: 0.000000000 0.987185092 0.012814908
KJ:/rc/: 0.000060597 0.999939403 0.000000000
KJ:/rc/cr: 0.024194266 0.925501429 0.050304305
KJ:/rc/rr: 0.000000000 0.945235005 0.054764995
KJ:/rrc/: 0.080878817 0.919121183 0.000000000
KJ:/rrc/cr: 0.000113835 0.999884961 0.000001204
KJ:/rrc/rr: 0.000000000 0.641543624 0.358456376
KK:/cc/: 0.999694952 0.000305048 0.000000000
KK:/cc/cr: 0.955701112 0.022149444 0.022149444
KK:/cc/rr: 0.000000000 0.999989862 0.000010138
KK:/crc/: 0.076189426 0.923810574 0.000000000
KK:/crc/cr: 0.999983476 0.000008262 0.000008262
KK:/crc/rr: 0.000000000 0.999849733 0.000150267
KK:/crrc/: 0.995440297 0.004559703 0.000000000
KK:/crrc/cr: 0.998598564 0.000700718 0.000700718
KK:/crrc/rr: 0.000000000 0.999995185 0.000004815
KK:/rc/: 0.798470353 0.201529647 0.000000000
KK:/rc/cr: 0.999978044 0.000010978 0.000010978
KK:/rc/rr: 0.000000000 0.999995844 0.000004156
KK:/rrc/: 0.531328730 0.468671270 0.000000000
KK:/rrc/cr: 0.999995279 0.000002360 0.000002360
KK:/rrc/rr: 0.000000000 0.999996877 0.000003123
KQ:/cc/: 0.000197597 0.999802403 0.000000000
KQ:/cc/cr: 0.000006758 0.440811538 0.559181704
KQ:/cc/rr: 0.000000000 0.948708750 0.051291250
KQ:/crc/: 0.898590072 0.101409928 0.000000000
KQ:/crc/cr: 0.000075264 0.638476725 0.361448011
KQ:/crc/rr: 0.000000000 0.000012741 0.999987259
KQ:/crrc/: 0.003741815 0.996258185 0.000000000
KQ:/crrc/cr: 0.000556031 0.699822710 0.299621259
KQ:/crrc/rr: 0.000000000 0.119095437 0.880904563
KQ:/rc/: 0.000006637 0.999993363 0.000000000
KQ:/rc/cr: 0.000019762 0.472611805 0.527368433
KQ:/rc/rr: 0.000000000 0.500000000 0.500000000
KQ:/rrc/: 0.719128648 0.280871352 0.000000000
KQ:/rrc/cr: 0.029069898 0.875600209 0.095329893
KQ:/rrc/rr: 0.000000000 0.393469469 0.606530531
Q:/: 0.754485789 0.245514211 0.000000000
Q:/cr: 0.169640467 0.830085855 0.000273678
Q:/rr: 0.000000000 0.999993373 0.000006627
QJ:/cc/: 0.000020365 0.999979635 0.000000000
QJ:/cc/cr: 0.000006789 0.000006789 0.999986423
QJ:/cc/rr: 0.000000000 0.500000000 0.500000000
QJ:/crc/: 0.030398392 0.969601608 0.000000000
QJ:/crc/cr: 0.001172919 0.000002811 0.998824270
QJ:/crc/rr: 0.000000000 0.000134514 0.999865486
QJ:/crrc/: 0.069215097 0.930784903 0.000000000
QJ:/crrc/cr: 0.000014331 0.000014331 0.999971338
QJ:/crrc/rr: 0.000000000 0.000289076 0.999710924
QJ:/rc/: 0.015939376 0.984060624 0.000000000
QJ:/rc/cr: 0.000002245 0.000002245 0.999995510
QJ:/rc/rr: 0.000000000 0.000207882 0.999792118
QJ:/rrc/: 0.000003314 0.999996686 0.000000000
QJ:/rrc/cr: 0.000001105 0.000001105 0.999997791
QJ:/rrc/rr: 0.000000000 0.500000000 0.500000000
QK:/cc/: 0.000688743 0.999311257 0.000000000
QK:/cc/cr: 0.034009657 0.965983515 0.000006829
QK:/cc/rr: 0.000000000 0.985215524 0.014784476
QK:/crc/: 0.001346525 0.998653475 0.000000000
QK:/crc/cr: 0.000006346 0.555343255 0.444650399
QK:/crc/rr: 0.000000000 0.003036720 0.996963280
QK:/crrc/: 0.990937651 0.009062349 0.000000000
QK:/crrc/cr: 0.001471908 0.546507367 0.452020725
QK:/crrc/rr: 0.000000000 0.006120937 0.993879063
QK:/rc/: 0.424883986 0.575116014 0.000000000
QK:/rc/cr: 0.001485790 0.519670093 0.478844118
QK:/rc/rr: 0.000000000 0.203116250 0.796883750
QK:/rrc/: 0.127242317 0.872757683 0.000000000
QK:/rrc/cr: 0.000001910 0.301858956 0.698139134
QK:/rrc/rr: 0.000000000 0.000013021 0.999986979
QQ:/cc/: 0.443896720 0.556103280 0.000000000
QQ:/cc/cr: 0.999953489 0.000034304 0.000012207
QQ:/cc/rr: 0.000000000 0.999977061 0.000022939
QQ:/crc/: 0.993765290 0.006234710 0.000000000
QQ:/crc/cr: 0.999125537 0.000437232 0.000437232
QQ:/crc/rr: 0.000000000 0.999995885 0.000004115
QQ:/crrc/: 0.043764441 0.956235559 0.000000000
QQ:/crrc/cr: 0.999972101 0.000013949 0.000013949
QQ:/crrc/rr: 0.000000000 0.999542816 0.000457184
QQ:/rc/: 0.476261706 0.523738294 0.000000000
QQ:/rc/cr: 0.999991564 0.000004218 0.000004218
QQ:/rc/rr: 0.000000000 0.999993043 0.000006957
QQ:/rrc/: 0.982867931 0.017132069 0.000000000
QQ:/rrc/cr: 0.999871059 0.000064470 0.000064470
QQ:/rrc/rr: 0.000000000 0.999998314 0.000001686
