J:/: 0.072157648 0.927842352 0.000000000
J:/cr: 0.018909626 0.031710829 0.949379545
J:/rr: 0.000000000 0.999930707 0.000069293
JJ:/cc/: 0.000430684 0.999569316 0.000000000
JJ:/cc/cr: 0.999993541 0.000004662 0.000001797
JJ:/cc/rr: 0.000000000 0.993743853 0.006256147
JJ:/crc/: 0.978325236 0.021674764 0.000000000
JJ:/crc/cr: 0.998257707 0.000871147 0.000871147
JJ:/crc/rr: 0.000000000 0.999971050 0.000028950
JJ:/crrc/: 0.995654321 0.004345679 0.000000000
JJ:/crrc/cr: 0.985427210 0.007286395 0.007286395
JJ:/crrc/rr: 0.000000000 0.999952296 0.000047704
JJ:/rc/: 0.955845406 0.044154594 0.000000000
JJ:/rc/cr: 0.998953786 0.000523107 0.000523107
JJ:/rc/rr: 0.000000000 0.999963753 0.000036247
JJ:/rrc/: 0.999871712 0.000128288 0.000000000
JJ:/rrc/cr: 0.819943015 0.090028492 0.090028492
JJ:/rrc/rr: 0.000000000 0.999982673 0.000017327
JK:/cc/: 0.078495549 0.921504451 0.000000000
JK:/cc/cr: 0.000001949 0.000001949 0.999996101
JK:/cc/rr: 0.000000000 0.000034326 0.999965674
JK:/crc/: 0.077685731 0.922314269 0.000000000
JK:/crc/cr: 0.014048981 0.000020472 0.985930546
JK:/crc/rr: 0.000000000 0.000364582 0.999635418
JK:/crrc/: 0.999905007 0.000094993 0.000000000
JK:/crrc/cr: 0.333333333 0.333333333 0.333333333
JK:/crrc/rr: 0.000000000 0.000047501 0.999952499
JK:/rc/: 0.999224265 0.000775735 0.000000000
JK:/rc/cr: 0.940449794 0.029775103 0.029775103
JK:/rc/rr: 0.000000000 0.000034673 0.999965327
JK:/rrc/: 0.552018930 0.447981070 0.000000000
JK:/rrc/cr: 0.987325940 0.000025781 0.012648279
JK:/rrc/rr: 0.000000000 0.000031384 0.999968616
JQ:/cc/: 0.156058746 0.843941254 0.000000000
JQ:/cc/cr: 0.000002128 0.000002128 0.999995743
JQ:/cc/rr: 0.000000000 0.000017265 0.999982735
JQ:/crc/: 0.996383945 0.003616055 0.000000000
JQ:/crc/cr: 0.105011054 0.005221685 0.889767261
JQ:/crc/rr: 0.000000000 0.000028426 0.999971574
JQ:/crrc/: 0.011757009 0.988242991 0.000000000
JQ:/crrc/cr: 0.194813983 0.000032041 0.805153976
JQ:/crrc/rr: 0.000000000 0.004039846 0.995960154
JQ:/rc/: 0.995661217 0.004338783 0.000000000
JQ:/rc/cr: 0.005323514 0.005323514 0.989352972
JQ:/rc/rr: 0.000000000 0.000034797 0.999965203
JQ:/rrc/: 0.131806240 0.868193760 0.000000000
JQ:/rrc/cr: 0.000013303 0.000013303 0.999973394
JQ:/rrc/rr: 0.000000000 0.000131438 0.999868562
K:/: 0.751930608 0.248069392 0.000000000
K:/cr: 0.717948204 0.282038358 0.000013437
K:/rr: 0.000000000 0.999993350 0.000006650
KJ:/cc/: 0.000020156 0.999979844 0.000000000
KJ:/cc/cr: 0.000049778 0.000023653 0.999926569
KJ:/cc/rr: 0.000000000 0.500000000 0.500000000
KJ:/crc/: 0.000053636 0.999946364 0.000000000
KJ:/crc/cr: 0.000608275 0.999383784 0.000007941
KJ:/crc/rr: 0.000000000 0.777932765 0.222067235
KJ:/crrc/: 0.072056119 0.927943881 0.000000000
KJ:/crrc/cr: 0.000003362 0.999395926 0.000600713
KJ:/crrc/rr: 0.000000000 0.420560854 0.579439146
KJ:/rc/: 0.055928330 0.944071670 0.000000000
KJ:/rc/cr: 0.005737276 0.979960366 0.014302358
KJ:/rc/rr: 0.000000000 0.280811100 0.719188900
KJ:/rrc/: 0.079130074 0.920869926 0.000000000
KJ:/rrc/cr: 0.000001203 0.999951772 0.000047025
KJ:/rrc/rr: 0.000000000 0.999978992 0.000021008
KK:/cc/: 0.999470606 0.000529394 0.000000000
KK:/cc/cr: 0.974617947 0.012691027 0.012691027
KK:/cc/rr: 0.000000000 0.999989917 0.000010083
KK:/crc/: 0.134614166 0.865385834 0.000000000
KK:/crc/cr: 0.999981649 0.000009176 0.000009176
KK:/crc/rr: 0.000000000 0.999911520 0.000088480
KK:/crrc/: 0.999085552 0.000914448 0.000000000
KK:/crrc/cr: 0.993177675 0.003411163 0.003411163
KK:/crrc/rr: 0.000000000 0.999995317 0.000004683
KK:/rc/: 0.799318339 0.200681661 0.000000000
KK:/rc/cr: 0.999977910 0.000011045 0.000011045
KK:/rc/rr: 0.000000000 0.999995840 0.000004160
KK:/rrc/: 0.533239437 0.466760563 0.000000000
KK:/rrc/cr: 0.999995251 0.000002374 0.000002374
KK:/rrc/rr: 0.000000000 0.999996882 0.000003118
KQ:/cc/: 0.000051444 0.999948556 0.000000000
KQ:/cc/cr: 0.000038407 0.475820467 0.524141127
KQ:/cc/rr: 0.000000000 0.804102507 0.195897493
KQ:/crc/: 0.842434723 0.157565277 0.000000000
KQ:/crc/cr: 0.000348533 0.531641768 0.468009699
KQ:/crc/rr: 0.000000000 0.000021869 0.999978131
KQ:/crrc/: 0.017256387 0.982743613 0.000000000
KQ:/crrc/cr: 0.007473602 0.701104262 0.291422137
KQ:/crrc/rr: 0.000000000 0.663955053 0.336044947
KQ:/rc/: 0.000057155 0.999942845 0.000000000
KQ:/rc/cr: 0.000002217 0.474504216 0.525493567
KQ:/rc/rr: 0.000000000 0.941828711 0.058171289
KQ:/rrc/: 0.727979180 0.272020820 0.000000000
KQ:/rrc/cr: 0.052517758 0.848492927 0.098989316
KQ:/rrc/rr: 0.000000000 0.392356807 0.607643193
Q:/: 0.761882455 0.238117545 0.000000000
Q:/cr: 0.185538026 0.814286812 0.000175162
Q:/rr: 0.000000000 0.999993437 0.000006563
QJ:/cc/: 0.000020998 0.999979002 0.000000000
QJ:/cc/cr: 0.000006999 0.000006999 0.999986001
QJ:/cc/rr: 0.000000000 0.500000000 0.500000000
QJ:/crc/: 0.029491350 0.970508650 0.000000000
QJ:/crc/cr: 0.001053213 0.000002952 0.998943835
QJ:/crc/rr: 0.000000000 0.000145732 0.999854268
QJ:/crrc/: 0.013130155 0.986869845 0.000000000
QJ:/crrc/cr: 0.000324393 0.000012742 0.999662865
QJ:/crrc/rr: 0.000000000 0.001436563 0.998563437
QJ:/rc/: 0.012013258 0.987986742 0.000000000
QJ:/rc/cr: 0.000002214 0.000002214 0.999995572
QJ:/rc/rr: 0.000000000 0.000273144 0.999726856
QJ:/rrc/: 0.000003281 0.999996719 0.000000000
QJ:/rrc/cr: 0.000001094 0.000001094 0.999997812
QJ:/rrc/rr: 0.000000000 0.500000000 0.500000000
QK:/cc/: 0.549839508 0.450160492 0.000000000
QK:/cc/cr: 0.034534034 0.965445459 0.000020507
QK:/cc/rr: 0.000000000 0.999980905 0.000019095
QK:/crc/: 0.005408071 0.994591929 0.000000000
QK:/crc/cr: 0.000003334 0.556200810 0.443795855
QK:/crc/rr: 0.000000000 0.000819828 0.999180172
QK:/crrc/: 0.942220931 0.057779069 0.000000000
QK:/crrc/cr: 0.000258900 0.702429029 0.297312071
QK:/crrc/rr: 0.000000000 0.000541851 0.999458149
QK:/rc/: 0.421864086 0.578135914 0.000000000
QK:/rc/cr: 0.000042694 0.536761653 0.463195653
QK:/rc/rr: 0.000000000 0.202387882 0.797612118
QK:/rrc/: 0.125742041 0.874257959 0.000000000
QK:/rrc/cr: 0.000001251 0.306696461 0.693302288
QK:/rrc/rr: 0.000000000 0.000388339 0.999611661
QQ:/cc/: 0.458752502 0.541247498 0.000000000
QQ:/cc/cr: 0.999974136 0.000012932 0.000012932
QQ:/cc/rr: 0.000000000 0.999977114 0.000022886
QQ:/crc/: 0.987163133 0.012836867 0.000000000
QQ:/crc/cr: 0.999553594 0.000223203 0.000223203
QQ:/crc/rr: 0.000000000 0.999995646 0.000004354
QQ:/crrc/: 0.124110530 0.875889470 0.000000000
QQ:/crrc/cr: 0.999971287 0.000014357 0.000014357
QQ:/crrc/rr: 0.000000000 0.999848020 0.000151980
QQ:/rc/: 0.466030447 0.533969553 0.000000000
QQ:/rc/cr: 0.999987117 0.000008786 0.000004097
QQ:/rc/rr: 0.000000000 0.999992959 0.000007041
QQ:/rrc/: 0.986143458 0.013856542 0.000000000
QQ:/rrc/cr: 0.999842127 0.000078937 0.000078937
QQ:/rrc/rr: 0.000000000 0.999998336 0.000001664
