J:/c: 0.302427011 0.697572989 0.000000000
J:/crr: 0.000000000 0.999983467 0.000016533
J:/r: 0.053863769 0.127311811 0.818824420
JJ:/cc/c: 0.999992832 0.000007168 0.000000000
JJ:/cc/crr: 0.000000000 0.999996416 0.000003584
JJ:/cc/r: 0.999990443 0.000004778 0.000004778
JJ:/crc/c: 0.999983467 0.000016533 0.000000000
JJ:/crc/crr: 0.000000000 0.999991733 0.000008267
JJ:/crc/r: 0.999588830 0.000400148 0.000011022
JJ:/crrc/c: 0.999991733 0.000008267 0.000000000
JJ:/crrc/crr: 0.000000000 0.999995867 0.000004133
JJ:/crrc/r: 0.999959263 0.000035226 0.000005511
JJ:/rc/c: 0.999973818 0.000026182 0.000000000
JJ:/rc/crr: 0.000000000 0.999986908 0.000013092
JJ:/rc/r: 0.999964806 0.000017739 0.000017455
JJ:/rrc/c: 0.999938115 0.000061885 0.000000000
JJ:/rrc/crr: 0.000000000 0.999969056 0.000030944
JJ:/rrc/r: 0.999917487 0.000041256 0.000041256
JK:/cc/c: 0.006223681 0.993776319 0.000000000
JK:/cc/crr: 0.000000000 0.000575842 0.999424158
JK:/cc/r: 0.000004778 0.000004778 0.999990443
JK:/crc/c: 0.525928748 0.474071252 0.000000000
JK:/crc/crr: 0.000000000 0.000015718 0.999984282
JK:/crc/r: 0.058362799 0.000011022 0.941626179
JK:/crrc/c: 0.540587519 0.459412481 0.000000000
JK:/crrc/crr: 0.000000000 0.000007646 0.999992354
JK:/crrc/r: 0.220358928 0.000005511 0.779635561
JK:/rc/c: 0.400113240 0.599886760 0.000000000
JK:/rc/crr: 0.000000000 0.000032719 0.999967281
JK:/rc/r: 0.368610378 0.000017455 0.631372167
JK:/rrc/c: 0.999938115 0.000061885 0.000000000
JK:/rrc/crr: 0.000000000 0.000030944 0.999969056
JK:/rrc/r: 0.352542727 0.000041256 0.647416017
JQ:/cc/c: 0.072293073 0.927706927 0.000000000
JQ:/cc/crr: 0.000000000 0.000049574 0.999950426
JQ:/cc/r: 0.039790604 0.000004778 0.960204618
JQ:/crc/c: 0.582571577 0.417428423 0.000000000
JQ:/crc/crr: 0.000000000 0.000014190 0.999985810
JQ:/crc/r: 0.002728324 0.000011022 0.997260654
JQ:/crrc/c: 0.024390917 0.975609083 0.000000000
JQ:/crrc/crr: 0.000000000 0.000169461 0.999830539
JQ:/crrc/r: 0.275111347 0.000005511 0.724883142
JQ:/rc/c: 0.999654550 0.000345450 0.000000000
JQ:/rc/crr: 0.000000000 0.000013096 0.999986904
JQ:/rc/r: 0.000017455 0.000017455 0.999965090
JQ:/rrc/c: 0.001115161 0.998884839 0.000000000
JQ:/rrc/crr: 0.000000000 0.027746897 0.972253103
JQ:/rrc/r: 0.610677284 0.000041256 0.389281459
K:/c: 0.999820311 0.000179689 0.000000000
K:/crr: 0.000000000 0.999994999 0.000005001
K:/r: 0.574112443 0.425880890 0.000006667
KJ:/cc/c: 0.027825815 0.972174185 0.000000000
KJ:/cc/crr: 0.000000000 0.500000000 0.500000000
KJ:/cc/r: 0.018550544 0.018550544 0.962898913
KJ:/crc/c: 0.068441893 0.931558107 0.000000000
KJ:/crc/crr: 0.000000000 0.999963466 0.000036534
KJ:/crc/r: 0.000021517 0.718651704 0.281326779
KJ:/crrc/c: 0.402558934 0.597441066 0.000000000
KJ:/crrc/crr: 0.000000000 0.999996894 0.000003106
KJ:/crrc/r: 0.000516428 0.908873422 0.090610150
KJ:/rc/c: 0.424063056 0.575936944 0.000000000
KJ:/rc/crr: 0.000000000 0.773681174 0.226318826
KJ:/rc/r: 0.005469003 0.856329701 0.138201296
KJ:/rrc/c: 0.237238391 0.762761609 0.000000000
KJ:/rrc/crr: 0.000000000 0.999987763 0.000012237
KJ:/rrc/r: 0.022669732 0.934022900 0.043307367
KK:/cc/c: 0.972174185 0.027825815 0.000000000
KK:/cc/crr: 0.000000000 0.985688874 0.014311126
KK:/cc/r: 0.962898913 0.018550544 0.018550544
KK:/crc/c: 0.999994999 0.000005001 0.000000000
KK:/crc/crr: 0.000000000 0.999997500 0.000002500
KK:/crc/r: 0.979448432 0.020548234 0.000003334
KK:/crrc/c: 0.999997500 0.000002500 0.000000000
KK:/crrc/crr: 0.000000000 0.999998750 0.000001250
KK:/crrc/r: 0.999915728 0.000082605 0.000001667
KK:/rc/c: 0.999992173 0.000007827 0.000000000
KK:/rc/crr: 0.000000000 0.999996087 0.000003913
KK:/rc/r: 0.999977611 0.000017171 0.000005218
KK:/rrc/c: 0.999994194 0.000005806 0.000000000
KK:/rrc/crr: 0.000000000 0.999997097 0.000002903
KK:/rrc/r: 0.999132073 0.000864057 0.000003871
KQ:/cc/c: 0.027825815 0.972174185 0.000000000
KQ:/cc/crr: 0.000000000 0.500000000 0.500000000
KQ:/cc/r: 0.018550544 0.962898913 0.018550544
KQ:/crc/c: 0.002142356 0.997857644 0.000000000
KQ:/crc/crr: 0.000000000 0.055238979 0.944761021
KQ:/crc/r: 0.000017563 0.436581580 0.563400858
KQ:/crrc/c: 0.634067208 0.365932792 0.000000000
KQ:/crrc/crr: 0.000000000 0.419858147 0.580141853
KQ:/crrc/r: 0.000050612 0.738684004 0.261265384
KQ:/rc/c: 0.000010188 0.999989812 0.000000000
KQ:/rc/crr: 0.000000000 0.615859787 0.384140213
KQ:/rc/r: 0.000014084 0.299371298 0.700614618
KQ:/rrc/c: 0.535569397 0.464430603 0.000000000
KQ:/rrc/crr: 0.000000000 0.480212161 0.519787839
KQ:/rrc/r: 0.000138981 0.683978683 0.315882336
Q:/c: 0.850766195 0.149233805 0.000000000
Q:/crr: 0.000000000 0.999994123 0.000005877
Q:/r: 0.361068266 0.638897409 0.000034324
QJ:/cc/c: 0.000352832 0.999647168 0.000000000
QJ:/cc/crr: 0.000000000 0.047479370 0.952520630
QJ:/cc/r: 0.000022336 0.000022336 0.999955327
QJ:/crc/c: 0.389626744 0.610373256 0.000000000
QJ:/crc/crr: 0.000000000 0.000119655 0.999880345
QJ:/crc/r: 0.000003918 0.000003918 0.999992164
QJ:/crrc/c: 0.000002939 0.999997061 0.000000000
QJ:/crrc/crr: 0.000000000 0.500000000 0.500000000
QJ:/crrc/r: 0.013158070 0.000001959 0.986839970
QJ:/rc/c: 0.000005217 0.999994783 0.000000000
QJ:/rc/crr: 0.000000000 0.500000000 0.500000000
QJ:/rc/r: 0.000020124 0.000003478 0.999976398
QJ:/rrc/c: 0.000009232 0.999990768 0.000000000
QJ:/rrc/crr: 0.000000000 0.500000000 0.500000000
QJ:/rrc/r: 0.000072107 0.000006155 0.999921738
QK:/cc/c: 0.068996816 0.931003184 0.000000000
QK:/cc/crr: 0.000000000 0.999757203 0.000242797
QK:/cc/r: 0.000050107 0.751169282 0.248780610
QK:/crc/c: 0.326818344 0.673181656 0.000000000
QK:/crc/crr: 0.000000000 0.009100318 0.990899682
QK:/crc/r: 0.000026827 0.455247442 0.544725731
QK:/crrc/c: 0.000203025 0.999796975 0.000000000
QK:/crrc/crr: 0.000000000 0.414373591 0.585626409
QK:/crrc/r: 0.000021079 0.284605372 0.715373549
QK:/rc/c: 0.371796520 0.628203480 0.000000000
QK:/rc/crr: 0.000000000 0.000198048 0.999801952
QK:/rc/r: 0.000003492 0.307012593 0.692983914
QK:/rrc/c: 0.437157190 0.562842810 0.000000000
QK:/rrc/crr: 0.000000000 0.000055986 0.999944014
QK:/rrc/r: 0.000066489 0.483787864 0.516145647
QQ:/cc/c: 0.999966496 0.000033504 0.000000000
QQ:/cc/crr: 0.000000000 0.999983247 0.000016753
QQ:/cc/r: 0.999207758 0.000769906 0.000022336
QQ:/crc/c: 0.999994123 0.000005877 0.000000000
QQ:/crc/crr: 0.000000000 0.999997061 0.000002939
QQ:/crc/r: 0.999941707 0.000054375 0.000003918
QQ:/crrc/c: 0.999997061 0.000002939 0.000000000
QQ:/crrc/crr: 0.000000000 0.999998531 0.000001469
QQ:/crrc/r: 0.999914491 0.000083550 0.000001959
QQ:/rc/c: 0.999994783 0.000005217 0.000000000
QQ:/rc/crr: 0.000000000 0.999997391 0.000002609
QQ:/rc/r: 0.982516994 0.017479528 0.000003478
QQ:/rrc/c: 0.999990768 0.000009232 0.000000000
QQ:/rrc/crr: 0.000000000 0.999995384 0.000004616
QQ:/rrc/r: 0.999952622 0.000041224 0.000006155
