J:/: 0.071708752 0.928291248 0.000000000
J:/cr: 0.018924614 0.032409531 0.948665856
J:/rr: 0.000000000 0.999930274 0.000069726
JJ:/cc/: 0.000129254 0.999870746 0.000000000
JJ:/cc/cr: 0.999993626 0.000004579 0.000001796
JJ:/cc/rr: 0.000000000 0.979164204 0.020835796
JJ:/crc/: 0.882766672 0.117233328 0.000000000
JJ:/crc/cr: 0.999684972 0.000157514 0.000157514
JJ:/crc/rr: 0.000000000 0.999968623 0.000031377
JJ:/crrc/: 0.971882266 0.028117734 0.000000000
JJ:/crrc/cr: 0.997750604 0.001124698 0.001124698
JJ:/crrc/rr: 0.000000000 0.999951192 0.000048808
JJ:/rc/: 0.947785315 0.052214685 0.000000000
JJ:/rc/cr: 0.999109746 0.000445127 0.000445127
JJ:/rc/rr: 0.000000000 0.999963216 0.000036784
JJ:/rrc/: 0.999965134 0.000034866 0.000000000
JJ:/rrc/cr: 0.333333333 0.333333333 0.333333333
JJ:/rrc/rr: 0.000000000 0.999982567 0.000017433
JK:/cc/: 0.084623950 0.915376050 0.000000000
JK:/cc/cr: 0.000001961 0.000001961 0.999996077
JK:/cc/rr: 0.000000000 0.000031825 0.999968175
JK:/crc/: 0.044663153 0.955336847 0.000000000
JK:/crc/cr: 0.000019329 0.000019329 0.999961342
JK:/crc/rr: 0.000000000 0.000620172 0.999379828
JK:/crrc/: 0.999905128 0.000094872 0.000000000
JK:/crrc/cr: 0.333333333 0.333333333 0.333333333
JK:/crrc/rr: 0.000000000 0.000047440 0.999952560
JK:/rc/: 0.999930274 0.000069726 0.000000000
JK:/rc/cr: 0.333333333 0.333333333 0.333333333
JK:/rc/rr: 0.000000000 0.000034866 0.999965134
JK:/rrc/: 0.553655072 0.446344928 0.000000000
JK:/rrc/cr: 0.939657198 0.000026038 0.060316764
JK:/rrc/rr: 0.000000000 0.000031487 0.999968513
JQ:/cc/: 0.151049234 0.848950766 0.000000000
JQ:/cc/cr: 0.000002115 0.000002115 0.999995770
JQ:/cc/rr: 0.000000000 0.000017829 0.999982171
JQ:/crc/: 0.992140509 0.007859491 0.000000000
JQ:/crc/cr: 0.493952135 0.002349503 0.503698362
JQ:/crc/rr: 0.000000000 0.000027918 0.999972082
JQ:/crrc/: 0.006955447 0.993044553 0.000000000
JQ:/crrc/cr: 0.204407594 0.000031845 0.795560561
JQ:/crrc/rr: 0.000000000 0.006819969 0.993180031
JQ:/rc/: 0.998731372 0.001268628 0.000000000
JQ:/rc/cr: 0.018320703 0.018320703 0.963358593
JQ:/rc/rr: 0.000000000 0.000034908 0.999965092
JQ:/rrc/: 0.151135372 0.848864628 0.000000000
JQ:/rrc/cr: 0.000013691 0.000013691 0.999972618
JQ:/rrc/rr: 0.000000000 0.000115346 0.999884654
K:/: 0.755138181 0.244861819 0.000000000
K:/cr: 0.726915907 0.273070479 0.000013613
K:/rr: 0.000000000 0.999993379 0.000006621
KJ:/cc/: 0.000020420 0.999979580 0.000000000
KJ:/cc/cr: 0.000006807 0.000006807 0.999986387
KJ:/cc/rr: 0.000000000 0.500000000 0.500000000
KJ:/crc/: 0.000079662 0.999920338 0.000000000
KJ:/crc/cr: 0.000876039 0.999115651 0.000008309
KJ:/crc/rr: 0.000000000 0.843550739 0.156449261
KJ:/crrc/: 0.003067368 0.996932632 0.000000000
KJ:/crrc/cr: 0.000692794 0.995277711 0.004029495
KJ:/crrc/rr: 0.000000000 0.998473673 0.001526327
KJ:/rc/: 0.030770371 0.969229629 0.000000000
KJ:/rc/cr: 0.001786061 0.989938827 0.008275112
KJ:/rc/rr: 0.000000000 0.061642131 0.938357869
KJ:/rrc/: 0.115151206 0.884848794 0.000000000
KJ:/rrc/cr: 0.000006463 0.999992290 0.000001247
KJ:/rrc/rr: 0.000000000 0.709381797 0.290618203
KK:/cc/: 0.999855706 0.000144294 0.000000000
KK:/cc/cr: 0.905656890 0.047171555 0.047171555
KK:/cc/rr: 0.000000000 0.999989789 0.000010211
KK:/crc/: 0.098661885 0.901338115 0.000000000
KK:/crc/cr: 0.999981564 0.000009218 0.000009218
KK:/crc/rr: 0.000000000 0.999873680 0.000126320
KK:/crrc/: 0.994447847 0.005552153 0.000000000
KK:/crrc/cr: 0.998875678 0.000562161 0.000562161
KK:/crrc/rr: 0.000000000 0.999995292 0.000004708
KK:/rc/: 0.805799297 0.194200703 0.000000000
KK:/rc/cr: 0.999977270 0.000011365 0.000011365
KK:/rc/rr: 0.000000000 0.999995891 0.000004109
KK:/rrc/: 0.521345187 0.478654813 0.000000000
KK:/rrc/cr: 0.999995389 0.000002306 0.000002306
KK:/rrc/rr: 0.000000000 0.999996825 0.000003175
KQ:/cc/: 0.000020420 0.999979580 0.000000000
KQ:/cc/cr: 0.000006807 0.438896775 0.561096419
KQ:/cc/rr: 0.000000000 0.500000000 0.500000000
KQ:/crc/: 0.917994418 0.082005582 0.000000000
KQ:/crc/cr: 0.000101318 0.533620178 0.466278504
KQ:/crc/rr: 0.000000000 0.000013576 0.999986424
KQ:/crrc/: 0.001454131 0.998545869 0.000000000
KQ:/crrc/cr: 0.002497242 0.710273299 0.287229458
KQ:/crrc/rr: 0.000000000 0.003219660 0.996780340
KQ:/rc/: 0.000006621 0.999993379 0.000000000
KQ:/rc/cr: 0.000019367 0.477569928 0.522410705
KQ:/rc/rr: 0.000000000 0.500000000 0.500000000
KQ:/rrc/: 0.716863437 0.283136563 0.000000000
KQ:/rrc/cr: 0.019890947 0.881150570 0.098958483
KQ:/rrc/rr: 0.000000000 0.392450756 0.607549244
Q:/: 0.760988977 0.239011023 0.000000000
Q:/cr: 0.173527109 0.826294612 0.000178279
Q:/rr: 0.000000000 0.999993430 0.000006570
QJ:/cc/: 0.000020920 0.999979080 0.000000000
QJ:/cc/cr: 0.000006973 0.000006973 0.999986053
QJ:/cc/rr: 0.000000000 0.500000000 0.500000000
QJ:/crc/: 0.030671396 0.969328604 0.000000000
QJ:/crc/cr: 0.013074575 0.000002902 0.986922523
QJ:/crc/rr: 0.000000000 0.000137573 0.999862427
QJ:/crrc/: 0.064276679 0.935723321 0.000000000
QJ:/crrc/cr: 0.000014315 0.000014315 0.999971370
QJ:/crrc/rr: 0.000000000 0.000312594 0.999687406
QJ:/rc/: 0.014472821 0.985527179 0.000000000
QJ:/rc/cr: 0.000002222 0.000002222 0.999995555
QJ:/rc/rr: 0.000000000 0.000226991 0.999773009
QJ:/rrc/: 0.000003285 0.999996715 0.000000000
QJ:/rrc/cr: 0.000001095 0.000001095 0.999997810
QJ:/rrc/rr: 0.000000000 0.500000000 0.500000000
QK:/cc/: 0.531248000 0.468752000 0.000000000
QK:/cc/cr: 0.003824383 0.996160077 0.000015541
QK:/cc/rr: 0.000000000 0.999980311 0.000019689
QK:/crc/: 0.000165194 0.999834806 0.000000000
QK:/crc/cr: 0.000002813 0.564126686 0.435870500
QK:/crc/rr: 0.000000000 0.047899411 0.952100589
QK:/crrc/: 0.986841526 0.013158474 0.000000000
QK:/crrc/cr: 0.001163059 0.800813793 0.198023148
QK:/crrc/rr: 0.000000000 0.000514618 0.999485382
QK:/rc/: 0.425523428 0.574476572 0.000000000
QK:/rc/cr: 0.004914895 0.526773011 0.468312093
QK:/rc/rr: 0.000000000 0.198767451 0.801232549
QK:/rrc/: 0.122375542 0.877624458 0.000000000
QK:/rrc/cr: 0.000008406 0.305035074 0.694956520
QK:/rrc/rr: 0.000000000 0.000013423 0.999986577
QQ:/cc/: 0.449979921 0.550020079 0.000000000
QQ:/cc/cr: 0.999974644 0.000012678 0.000012678
QQ:/cc/rr: 0.000000000 0.999976755 0.000023245
QQ:/crc/: 0.991884703 0.008115297 0.000000000
QQ:/crc/cr: 0.999306733 0.000346633 0.000346633
QQ:/crc/rr: 0.000000000 0.999995746 0.000004254
QQ:/crrc/: 0.028625879 0.971374121 0.000000000
QQ:/crrc/cr: 0.999972063 0.000014147 0.000013790
QQ:/crrc/rr: 0.000000000 0.999298101 0.000701899
QQ:/rc/: 0.472734022 0.527265978 0.000000000
QQ:/rc/cr: 0.999990849 0.000004997 0.000004154
QQ:/rc/rr: 0.000000000 0.999993051 0.000006949
QQ:/rrc/: 0.987375187 0.012624813 0.000000000
QQ:/rrc/cr: 0.999826520 0.000086740 0.000086740
QQ:/rrc/rr: 0.000000000 0.999998336 0.000001664
