J:/: 0.081990926 0.918009074 0.000000000
J:/cr: 0.018458426 0.037046131 0.944495443
J:/rr: 0.000000000 0.999939018 0.000060982
JJ:/cc/: 0.000265932 0.999734068 0.000000000
JJ:/cc/cr: 0.999996368 0.000001816 0.000001816
JJ:/cc/rr: 0.000000000 0.989759452 0.010240548
JJ:/crc/: 0.963983932 0.036016068 0.000000000
JJ:/crc/cr: 0.999092866 0.000453567 0.000453567
JJ:/crc/rr: 0.000000000 0.999974581 0.000025419
JJ:/crrc/: 0.945359766 0.054640234 0.000000000
JJ:/crrc/cr: 0.998799939 0.000600030 0.000600030
JJ:/crrc/rr: 0.000000000 0.999947979 0.000052021
JJ:/rc/: 0.943252225 0.056747775 0.000000000
JJ:/rc/cr: 0.999283586 0.000358207 0.000358207
JJ:/rc/rr: 0.000000000 0.999967674 0.000032326
JJ:/rrc/: 0.999181691 0.000818309 0.000000000
JJ:/rrc/cr: 0.975157687 0.012421157 0.012421157
JJ:/rrc/rr: 0.000000000 0.999984741 0.000015259
JK:/cc/: 0.075918917 0.924081083 0.000000000
JK:/cc/cr: 0.000006869 0.000001965 0.999991166
JK:/cc/rr: 0.000000000 0.000035871 0.999964129
JK:/crc/: 0.061726282 0.938273718 0.000000000
JK:/crc/cr: 0.038924062 0.000017410 0.961058528
JK:/crc/rr: 0.000000000 0.000396971 0.999603029
JK:/crrc/: 0.999814900 0.000185100 0.000000000
JK:/crrc/cr: 0.177124367 0.177124367 0.645751267
JK:/crrc/rr: 0.000000000 0.000049188 0.999950812
JK:/rc/: 0.972635327 0.027364673 0.000000000
JK:/rc/cr: 0.956825873 0.000742836 0.042431291
JK:/rc/rr: 0.000000000 0.000031349 0.999968651
JK:/rrc/: 0.498770568 0.501229432 0.000000000
JK:/rrc/cr: 0.736943868 0.000020279 0.263035853
JK:/rrc/rr: 0.000000000 0.000030568 0.999969432
JQ:/cc/: 0.198137034 0.801862966 0.000000000
JQ:/cc/cr: 0.000008259 0.000002264 0.999989477
JQ:/cc/rr: 0.000000000 0.000013744 0.999986256
JQ:/crc/: 0.984324262 0.015675738 0.000000000
JQ:/crc/cr: 0.368489786 0.001042101 0.630468113
JQ:/crc/rr: 0.000000000 0.000024894 0.999975106
JQ:/crrc/: 0.037491758 0.962508242 0.000000000
JQ:/crrc/cr: 0.126391147 0.000034063 0.873574790
JQ:/crrc/rr: 0.000000000 0.001311721 0.998688279
JQ:/rc/: 0.996073466 0.003926534 0.000000000
JQ:/rc/cr: 0.005176945 0.005176945 0.989646110
JQ:/rc/rr: 0.000000000 0.000030611 0.999969389
JQ:/rrc/: 0.123470394 0.876529606 0.000000000
JQ:/rrc/cr: 0.000011596 0.000011596 0.999976808
JQ:/rrc/rr: 0.000000000 0.000123483 0.999876517
K:/: 0.758578154 0.241421846 0.000000000
K:/cr: 0.676547808 0.323438385 0.000013807
K:/rr: 0.000000000 0.999993409 0.000006591
KJ:/cc/: 0.000058421 0.999941579 0.000000000
KJ:/cc/cr: 0.000049978 0.000008828 0.999941194
KJ:/cc/rr: 0.000000000 0.822747951 0.177252049
KJ:/crc/: 0.000045379 0.999954621 0.000000000
KJ:/crc/cr: 0.000456046 0.999536839 0.000007115
KJ:/crc/rr: 0.000000000 0.764823746 0.235176254
KJ:/crrc/: 0.069412882 0.930587118 0.000000000
KJ:/crrc/cr: 0.008094824 0.987660431 0.004244745
KJ:/crrc/rr: 0.000000000 0.488287281 0.511712719
KJ:/rc/: 0.063260018 0.936739982 0.000000000
KJ:/rc/cr: 0.004476561 0.977992706 0.017530732
KJ:/rc/rr: 0.000000000 0.399211918 0.600788082
KJ:/rrc/: 0.095059745 0.904940255 0.000000000
KJ:/rrc/cr: 0.000447687 0.999406504 0.000145810
KJ:/rrc/rr: 0.000000000 0.596156870 0.403843130
KK:/cc/: 0.999731073 0.000268927 0.000000000
KK:/cc/cr: 0.948658561 0.025670720 0.025670720
KK:/cc/rr: 0.000000000 0.999989642 0.000010358
KK:/crc/: 0.188793825 0.811206175 0.000000000
KK:/crc/cr: 0.999982459 0.000008771 0.000008771
KK:/crc/rr: 0.000000000 0.999943472 0.000056528
KK:/crrc/: 0.986141762 0.013858238 0.000000000
KK:/crrc/cr: 0.999509121 0.000245439 0.000245439
KK:/crrc/rr: 0.000000000 0.999994826 0.000005174
KK:/rc/: 0.871716801 0.128283199 0.000000000
KK:/rc/cr: 0.999965746 0.000017127 0.000017127
KK:/rc/rr: 0.000000000 0.999996219 0.000003781
KK:/rrc/: 0.539947899 0.460052101 0.000000000
KK:/rrc/cr: 0.999995224 0.000002388 0.000002388
KK:/rrc/rr: 0.000000000 0.999996948 0.000003052
KQ:/cc/: 0.000059304 0.999940696 0.000000000
KQ:/cc/cr: 0.000050741 0.432400359 0.567548900
KQ:/cc/rr: 0.000000000 0.825387277 0.174612723
KQ:/crc/: 0.738915331 0.261084669 0.000000000
KQ:/crc/cr: 0.000211174 0.540236894 0.459551932
KQ:/crc/rr: 0.000000000 0.000023188 0.999976812
KQ:/crrc/: 0.027168696 0.972831304 0.000000000
KQ:/crrc/cr: 0.026718623 0.689451833 0.283829544
KQ:/crrc/rr: 0.000000000 0.374159248 0.625840752
KQ:/rc/: 0.000016658 0.999983342 0.000000000
KQ:/rc/cr: 0.000073886 0.497617842 0.502308272
KQ:/rc/rr: 0.000000000 0.802155578 0.197844422
KQ:/rrc/: 0.686242189 0.313757811 0.000000000
KQ:/rrc/cr: 0.026909862 0.857721408 0.115368730
KQ:/rrc/rr: 0.000000000 0.390878167 0.609121833
Q:/: 0.739985553 0.260014447 0.000000000
Q:/cr: 0.160545687 0.837956287 0.001498026
Q:/rr: 0.000000000 0.999993243 0.000006757
QJ:/cc/: 0.000019230 0.999980770 0.000000000
QJ:/cc/cr: 0.000021487 0.000006410 0.999972103
QJ:/cc/rr: 0.000000000 0.500000000 0.500000000
QJ:/crc/: 0.030527734 0.969472266 0.000000000
QJ:/crc/cr: 0.001803668 0.000002630 0.998193702
QJ:/crc/rr: 0.000000000 0.000125287 0.999874713
QJ:/crrc/: 0.006504405 0.993495595 0.000000000
QJ:/crrc/cr: 0.000205249 0.000013396 0.999781355
QJ:/crrc/rr: 0.000000000 0.003069128 0.996930872
QJ:/rc/: 0.012935561 0.987064439 0.000000000
QJ:/rc/cr: 0.000003339 0.000002282 0.999994379
QJ:/rc/rr: 0.000000000 0.000261175 0.999738825
QJ:/rrc/: 0.000052723 0.999947277 0.000000000
QJ:/rrc/cr: 0.000001878 0.000001126 0.999996996
QJ:/rrc/rr: 0.000000000 0.032039745 0.967960255
QK:/cc/: 0.467596334 0.532403666 0.000000000
QK:/cc/cr: 0.001267948 0.996335014 0.002397038
QK:/cc/rr: 0.000000000 0.851959315 0.148040685
QK:/crc/: 0.010496886 0.989503114 0.000000000
QK:/crc/cr: 0.000002577 0.557701676 0.442295747
QK:/crc/rr: 0.000000000 0.000364367 0.999635633
QK:/crrc/: 0.895755293 0.104244707 0.000000000
QK:/crrc/cr: 0.000216284 0.617810782 0.381972934
QK:/crrc/rr: 0.000000000 0.000589341 0.999410659
QK:/rc/: 0.469020772 0.530979228 0.000000000
QK:/rc/cr: 0.035816239 0.516658825 0.447524936
QK:/rc/rr: 0.000000000 0.201928299 0.798071701
QK:/rrc/: 0.130258792 0.869741208 0.000000000
QK:/rrc/cr: 0.000001295 0.299353027 0.700645679
QK:/rrc/rr: 0.000000000 0.000649339 0.999350661
QQ:/cc/: 0.533097242 0.466902758 0.000000000
QQ:/cc/cr: 0.999972543 0.000013729 0.000013729
QQ:/cc/rr: 0.000000000 0.999981964 0.000018036
QQ:/crc/: 0.966195240 0.033804760 0.000000000
QQ:/crc/cr: 0.999849145 0.000075428 0.000075428
QQ:/crc/rr: 0.000000000 0.999996041 0.000003959
QQ:/crrc/: 0.210237389 0.789762611 0.000000000
QQ:/crrc/cr: 0.999966297 0.000016851 0.000016851
QQ:/crrc/rr: 0.000000000 0.999905046 0.000094954
QQ:/rc/: 0.549545335 0.450454665 0.000000000
QQ:/rc/cr: 0.999990000 0.000005000 0.000005000
QQ:/rc/rr: 0.000000000 0.999993852 0.000006148
QQ:/rrc/: 0.973006463 0.026993537 0.000000000
QQ:/rrc/cr: 0.999916561 0.000041719 0.000041719
QQ:/rrc/rr: 0.000000000 0.999998264 0.000001736
