J:/: 0.074643353 0.925356647 0.000000000
J:/cr: 0.019117381 0.033452181 0.947430438
J:/rr: 0.000000000 0.999933015 0.000066985
JJ:/cc/: 0.000114116 0.999885884 0.000000000
JJ:/cc/cr: 0.999993554 0.000004645 0.000001801
JJ:/cc/rr: 0.000000000 0.976325245 0.023674755
JJ:/crc/: 0.977668024 0.022331976 0.000000000
JJ:/crc/cr: 0.998392701 0.000803650 0.000803650
JJ:/crc/rr: 0.000000000 0.999972464 0.000027536
JJ:/crrc/: 0.978053608 0.021946392 0.000000000
JJ:/crrc/cr: 0.997138084 0.001430958 0.001430958
JJ:/crrc/rr: 0.000000000 0.999951836 0.000048164
JJ:/rc/: 0.955619146 0.044380854 0.000000000
JJ:/rc/cr: 0.998993782 0.000503109 0.000503109
JJ:/rc/rr: 0.000000000 0.999964952 0.000035048
JJ:/rrc/: 0.999094210 0.000905790 0.000000000
JJ:/rrc/cr: 0.975347599 0.012326200 0.012326200
JJ:/rrc/rr: 0.000000000 0.999983237 0.000016763
JK:/cc/: 0.081840507 0.918159493 0.000000000
JK:/cc/cr: 0.000381371 0.000001962 0.999616668
JK:/cc/rr: 0.000000000 0.000033011 0.999966989
JK:/crc/: 0.073186476 0.926813524 0.000000000
JK:/crc/cr: 0.000911682 0.000019364 0.999068953
JK:/crc/rr: 0.000000000 0.000367836 0.999632164
JK:/crrc/: 0.999905787 0.000094213 0.000000000
JK:/crrc/cr: 0.333333333 0.333333333 0.333333333
JK:/crrc/rr: 0.000000000 0.000047111 0.999952889
JK:/rc/: 0.999801168 0.000198832 0.000000000
JK:/rc/cr: 0.654172563 0.112298019 0.233529417
JK:/rc/rr: 0.000000000 0.000033499 0.999966501
JK:/rrc/: 0.536766555 0.463233445 0.000000000
JK:/rrc/cr: 0.896276046 0.000024102 0.103699852
JK:/rrc/rr: 0.000000000 0.000031201 0.999968799
JQ:/cc/: 0.163782333 0.836217667 0.000000000
JQ:/cc/cr: 0.000002154 0.000002154 0.999995692
JQ:/cc/rr: 0.000000000 0.000016495 0.999983505
JQ:/crc/: 0.995441639 0.004558361 0.000000000
JQ:/crc/cr: 0.149953177 0.003937179 0.846109644
JQ:/crc/rr: 0.000000000 0.000027044 0.999972956
JQ:/crrc/: 0.037836234 0.962163766 0.000000000
JQ:/crrc/cr: 0.178377856 0.000032639 0.821589504
JQ:/crrc/rr: 0.000000000 0.001245011 0.998754989
JQ:/rc/: 0.998517550 0.001482450 0.000000000
JQ:/rc/cr: 0.015061825 0.015061825 0.969876351
JQ:/rc/rr: 0.000000000 0.000033542 0.999966458
JQ:/rrc/: 0.100808860 0.899191140 0.000000000
JQ:/rrc/cr: 0.000012417 0.000012417 0.999975167
JQ:/rrc/rr: 0.000000000 0.000166130 0.999833870
K:/: 0.753462237 0.246537763 0.000000000
K:/cr: 0.705097280 0.294889199 0.000013521
K:/rr: 0.000000000 0.999993364 0.000006636
KJ:/cc/: 0.000020281 0.999979719 0.000000000
KJ:/cc/cr: 0.000006760 0.000006760 0.999986479
KJ:/cc/rr: 0.000000000 0.500000000 0.500000000
KJ:/crc/: 0.000132745 0.999867255 0.000000000
KJ:/crc/cr: 0.000007643 0.999984715 0.000007643
KJ:/crc/rr: 0.000000000 0.913650974 0.086349026
KJ:/crrc/: 0.060770365 0.939229635 0.000000000
KJ:/crrc/cr: 0.000496776 0.997109282 0.002393942
KJ:/crrc/rr: 0.000000000 0.362570718 0.637429282
KJ:/rc/: 0.025134589 0.974865411 0.000000000
KJ:/rc/cr: 0.003498513 0.984440951 0.012060536
KJ:/rc/rr: 0.000000000 0.120745617 0.879254383
KJ:/rrc/: 0.082633500 0.917366500 0.000000000
KJ:/rrc/cr: 0.000296128 0.999524456 0.000179416
KJ:/rrc/rr: 0.000000000 0.582560468 0.417439532
KK:/cc/: 0.994939054 0.005060946 0.000000000
KK:/cc/cr: 0.997328448 0.001335776 0.001335776
KK:/cc/rr: 0.000000000 0.999989808 0.000010192
KK:/crc/: 0.067986306 0.932013694 0.000000000
KK:/crc/cr: 0.999983602 0.000008199 0.000008199
KK:/crc/rr: 0.000000000 0.999831401 0.000168599
KK:/crrc/: 0.994110495 0.005889505 0.000000000
KK:/crrc/cr: 0.998914709 0.000542646 0.000542646
KK:/crrc/rr: 0.000000000 0.999995178 0.000004822
KK:/rc/: 0.817424220 0.182575780 0.000000000
KK:/rc/cr: 0.999975769 0.000012116 0.000012116
KK:/rc/rr: 0.000000000 0.999995941 0.000004059
KK:/rrc/: 0.527068186 0.472931814 0.000000000
KK:/rrc/cr: 0.999995323 0.000002339 0.000002339
KK:/rrc/rr: 0.000000000 0.999996852 0.000003148
KQ:/cc/: 0.000062457 0.999937543 0.000000000
KQ:/cc/cr: 0.000006761 0.438302025 0.561691214
KQ:/cc/rr: 0.000000000 0.837641384 0.162358616
KQ:/crc/: 0.893898969 0.106101031 0.000000000
KQ:/crc/cr: 0.000072022 0.440195349 0.559732629
KQ:/crc/rr: 0.000000000 0.000012823 0.999987177
KQ:/crrc/: 0.003382038 0.996617962 0.000000000
KQ:/crrc/cr: 0.000210851 0.729337355 0.270451794
KQ:/crrc/rr: 0.000000000 0.034264793 0.965735207
KQ:/rc/: 0.000006636 0.999993364 0.000000000
KQ:/rc/cr: 0.000028434 0.479356101 0.520615465
KQ:/rc/rr: 0.000000000 0.500000000 0.500000000
KQ:/rrc/: 0.731133289 0.268866711 0.000000000
KQ:/rrc/cr: 0.011989854 0.894002594 0.094007552
KQ:/rrc/rr: 0.000000000 0.403088177 0.596911823
Q:/: 0.753163331 0.246836669 0.000000000
Q:/cr: 0.168996172 0.830530541 0.000473287
Q:/rr: 0.000000000 0.999993361 0.000006639
QJ:/cc/: 0.000020256 0.999979744 0.000000000
QJ:/cc/cr: 0.000006752 0.000006752 0.999986496
QJ:/cc/rr: 0.000000000 0.500000000 0.500000000
QJ:/crc/: 0.027296904 0.972703096 0.000000000
QJ:/crc/cr: 0.001094536 0.000002786 0.998902678
QJ:/crc/rr: 0.000000000 0.000148916 0.999851084
QJ:/crrc/: 0.016081687 0.983918313 0.000000000
QJ:/crrc/cr: 0.000205486 0.000013536 0.999780978
QJ:/crrc/rr: 0.000000000 0.001242226 0.998757774
QJ:/rc/: 0.015329017 0.984670983 0.000000000
QJ:/rc/cr: 0.000002794 0.000002247 0.999994958
QJ:/rc/rr: 0.000000000 0.000216539 0.999783461
QJ:/rrc/: 0.000035912 0.999964088 0.000000000
QJ:/rrc/cr: 0.000001106 0.000001106 0.999997787
QJ:/rrc/rr: 0.000000000 0.046215249 0.953784751
QK:/cc/: 0.356306034 0.643693966 0.000000000
QK:/cc/cr: 0.488120948 0.511867883 0.000011168
QK:/cc/rr: 0.000000000 0.999971575 0.000028425
QK:/crc/: 0.000009660 0.999990340 0.000000000
QK:/crc/cr: 0.000004670 0.550469939 0.449525391
QK:/crc/rr: 0.000000000 0.579192720 0.420807280
QK:/crrc/: 0.971859929 0.028140071 0.000000000
QK:/crrc/cr: 0.000820334 0.358001106 0.641178560
QK:/crrc/rr: 0.000000000 0.000565056 0.999434944
QK:/rc/: 0.432119303 0.567880697 0.000000000
QK:/rc/cr: 0.003032210 0.534651128 0.462316663
QK:/rc/rr: 0.000000000 0.207711936 0.792288064
QK:/rrc/: 0.127506412 0.872493588 0.000000000
QK:/rrc/cr: 0.000005583 0.301870225 0.698124192
QK:/rrc/rr: 0.000000000 0.000113999 0.999886001
QQ:/cc/: 0.535390330 0.464609670 0.000000000
QQ:/cc/cr: 0.999970934 0.000014533 0.000014533
QQ:/cc/rr: 0.000000000 0.999981083 0.000018917
QQ:/crc/: 0.987323612 0.012676388 0.000000000
QQ:/crc/cr: 0.999572440 0.000213780 0.000213780
QQ:/crc/rr: 0.000000000 0.999995883 0.000004117
QQ:/crrc/: 0.124930665 0.875069335 0.000000000
QQ:/crrc/cr: 0.999969561 0.000015219 0.000015219
QQ:/crrc/rr: 0.000000000 0.999840095 0.000159905
QQ:/rc/: 0.493734174 0.506265826 0.000000000
QQ:/rc/cr: 0.999991168 0.000004461 0.000004371
QQ:/rc/rr: 0.000000000 0.999993277 0.000006723
QQ:/rrc/: 0.982975913 0.017024087 0.000000000
QQ:/rrc/cr: 0.999870013 0.000064993 0.000064993
QQ:/rrc/rr: 0.000000000 0.999998312 0.000001688
