J:/c: 0.295387900 0.704612100 0.000000000
J:/crr: 0.000000000 0.999983073 0.000016927
J:/r: 0.054629516 0.125365116 0.820005368
JJ:/cc/c: 0.999992904 0.000007096 0.000000000
JJ:/cc/crr: 0.000000000 0.999996452 0.000003548
JJ:/cc/r: 0.999990539 0.000004731 0.000004731
JJ:/crc/c: 0.999983073 0.000016927 0.000000000
JJ:/crc/crr: 0.000000000 0.999991536 0.000008464
JJ:/crc/r: 0.999856522 0.000132193 0.000011285
JJ:/crrc/c: 0.999991536 0.000008464 0.000000000
JJ:/crrc/crr: 0.000000000 0.999995768 0.000004232
JJ:/crrc/r: 0.999960603 0.000033755 0.000005642
JJ:/rc/c: 0.999973411 0.000026589 0.000000000
JJ:/rc/crr: 0.000000000 0.999986705 0.000013295
JJ:/rc/r: 0.999958179 0.000024095 0.000017726
JJ:/rrc/c: 0.999938983 0.000061017 0.000000000
JJ:/rrc/crr: 0.000000000 0.999969490 0.000030510
JJ:/rrc/r: 0.999794633 0.000164689 0.000040678
JK:/cc/c: 0.004834281 0.995165719 0.000000000
JK:/cc/crr: 0.000000000 0.000733936 0.999266064
JK:/cc/r: 0.000004731 0.000004731 0.999990539
JK:/crc/c: 0.504656444 0.495343556 0.000000000
JK:/crc/crr: 0.000000000 0.000016771 0.999983229
JK:/crc/r: 0.072669979 0.000011285 0.927318737
JK:/crrc/c: 0.463849566 0.536150434 0.000000000
JK:/crrc/crr: 0.000000000 0.000009123 0.999990877
JK:/crrc/r: 0.206472334 0.000005642 0.793522023
JK:/rc/c: 0.388058637 0.611941363 0.000000000
JK:/rc/crr: 0.000000000 0.000034259 0.999965741
JK:/rc/r: 0.369181997 0.000017726 0.630800277
JK:/rrc/c: 0.999896227 0.000103773 0.000000000
JK:/rrc/crr: 0.000000000 0.000030512 0.999969488
JK:/rrc/r: 0.344935615 0.000040678 0.655023707
JQ:/cc/c: 0.073846548 0.926153452 0.000000000
JQ:/cc/crr: 0.000000000 0.000048046 0.999951954
JQ:/cc/r: 0.040075566 0.000004731 0.959919703
JQ:/crc/c: 0.563017025 0.436982975 0.000000000
JQ:/crc/crr: 0.000000000 0.000015032 0.999984968
JQ:/crc/r: 0.047005069 0.000011285 0.952983647
JQ:/crrc/c: 0.040843659 0.959156341 0.000000000
JQ:/crrc/crr: 0.000000000 0.000103610 0.999896390
JQ:/crrc/r: 0.282083583 0.000005642 0.717910775
JQ:/rc/c: 0.996577586 0.003422414 0.000000000
JQ:/rc/crr: 0.000000000 0.000013340 0.999986660
JQ:/rc/r: 0.000017726 0.000017726 0.999964548
JQ:/rrc/c: 0.003313987 0.996686013 0.000000000
JQ:/rrc/crr: 0.000000000 0.009205991 0.990794009
JQ:/rrc/r: 0.627446679 0.000040678 0.372512643
K:/c: 0.999969595 0.000030405 0.000000000
K:/crr: 0.000000000 0.999995000 0.000005000
K:/r: 0.586568539 0.413424794 0.000006667
KJ:/cc/c: 0.167463595 0.832536405 0.000000000
KJ:/cc/crr: 0.000000000 0.509015535 0.490984465
KJ:/cc/r: 0.517572690 0.225839289 0.256588022
KJ:/crc/c: 0.134322837 0.865677163 0.000000000
KJ:/crc/crr: 0.000000000 0.999981388 0.000018612
KJ:/crc/r: 0.000049522 0.756643112 0.243307366
KJ:/crrc/c: 0.422143443 0.577856557 0.000000000
KJ:/crrc/crr: 0.000000000 0.738677211 0.261322789
KJ:/crrc/r: 0.068053767 0.759468373 0.172477861
KJ:/rc/c: 0.450714017 0.549285983 0.000000000
KJ:/rc/crr: 0.000000000 0.764229146 0.235770854
KJ:/rc/r: 0.027094523 0.732657863 0.240247614
KJ:/rrc/c: 0.184805436 0.815194564 0.000000000
KJ:/rrc/crr: 0.000000000 0.999984625 0.000015375
KJ:/rrc/r: 0.041745176 0.884251371 0.074003453
KK:/cc/c: 0.835555953 0.164444047 0.000000000
KK:/cc/crr: 0.000000000 0.901596030 0.098403970
KK:/cc/r: 0.684528645 0.205841990 0.109629364
KK:/crc/c: 0.999995000 0.000005000 0.000000000
KK:/crc/crr: 0.000000000 0.999997500 0.000002500
KK:/crc/r: 0.996900412 0.003096254 0.000003333
KK:/crrc/c: 0.999997500 0.000002500 0.000000000
KK:/crrc/crr: 0.000000000 0.999998750 0.000001250
KK:/crrc/r: 0.999994213 0.000004121 0.000001667
KK:/rc/c: 0.999991937 0.000008063 0.000000000
KK:/rc/crr: 0.000000000 0.999995969 0.000004031
KK:/rc/r: 0.999978340 0.000016285 0.000005375
KK:/rrc/c: 0.999994317 0.000005683 0.000000000
KK:/rrc/crr: 0.000000000 0.999997159 0.000002841
KK:/rrc/r: 0.999831608 0.000164604 0.000003789
KQ:/cc/c: 0.502763489 0.497236511 0.000000000
KQ:/cc/crr: 0.000000000 0.836459836 0.163540164
KQ:/cc/r: 0.503983701 0.381640842 0.114375457
KQ:/crc/c: 0.000996861 0.999003139 0.000000000
KQ:/crc/crr: 0.000000000 0.997492051 0.002507949
KQ:/crc/r: 0.000016263 0.445892080 0.554091657
KQ:/crrc/c: 0.603717313 0.396282687 0.000000000
KQ:/crrc/crr: 0.000000000 0.400606666 0.599393334
KQ:/crrc/r: 0.000865252 0.693061948 0.306072799
KQ:/rc/c: 0.000008063 0.999991937 0.000000000
KQ:/rc/crr: 0.000000000 0.500000000 0.500000000
KQ:/rc/r: 0.000022481 0.303344293 0.696633226
KQ:/rrc/c: 0.512119360 0.487880640 0.000000000
KQ:/rrc/crr: 0.000000000 0.476386485 0.523613515
KQ:/rrc/r: 0.000086505 0.673166126 0.326747369
Q:/c: 0.843264528 0.156735472 0.000000000
Q:/crr: 0.000000000 0.999994071 0.000005929
Q:/r: 0.374892807 0.625051332 0.000055861
QJ:/cc/c: 0.000304156 0.999695844 0.000000000
QJ:/cc/crr: 0.000000000 0.052441659 0.947558341
QJ:/cc/r: 0.000021267 0.000021267 0.999957465
QJ:/crc/c: 0.421831886 0.578168114 0.000000000
QJ:/crc/crr: 0.000000000 0.083116744 0.916883256
QJ:/crc/r: 0.000272223 0.000003953 0.999723824
QJ:/crrc/c: 0.000032156 0.999967844 0.000000000
QJ:/crrc/crr: 0.000000000 0.046098198 0.953901802
QJ:/crrc/r: 0.014206265 0.000001976 0.985791758
QJ:/rc/c: 0.000103273 0.999896727 0.000000000
QJ:/rc/crr: 0.000000000 0.025819396 0.974180604
QJ:/rc/r: 0.017726516 0.000003555 0.982269928
QJ:/rrc/c: 0.000171311 0.999828689 0.000000000
QJ:/rrc/crr: 0.000000000 0.025951208 0.974048792
QJ:/rrc/r: 0.000077538 0.000005928 0.999916534
QK:/cc/c: 0.030818836 0.969181164 0.000000000
QK:/cc/crr: 0.000000000 0.999482445 0.000517555
QK:/cc/r: 0.000091543 0.720278432 0.279630025
QK:/crc/c: 0.377476503 0.622523497 0.000000000
QK:/crc/crr: 0.000000000 0.008691834 0.991308166
QK:/crc/r: 0.000119273 0.433093989 0.566786738
QK:/crrc/c: 0.033444766 0.966555234 0.000000000
QK:/crrc/crr: 0.000000000 0.014198884 0.985801116
QK:/crrc/r: 0.000060905 0.285318304 0.714620791
QK:/rc/c: 0.370323345 0.629676655 0.000000000
QK:/rc/crr: 0.000000000 0.003588336 0.996411664
QK:/rc/r: 0.000019715 0.299912467 0.700067818
QK:/rrc/c: 0.422730172 0.577269828 0.000000000
QK:/rrc/crr: 0.000000000 0.000410455 0.999589545
QK:/rrc/r: 0.000072610 0.474343842 0.525583549
QQ:/cc/c: 0.999968099 0.000031901 0.000000000
QQ:/cc/crr: 0.000000000 0.999984049 0.000015951
QQ:/cc/r: 0.999937095 0.000041638 0.000021267
QQ:/crc/c: 0.999994071 0.000005929 0.000000000
QQ:/crc/crr: 0.000000000 0.999997035 0.000002965
QQ:/crc/r: 0.999936348 0.000059699 0.000003953
QQ:/crrc/c: 0.999997035 0.000002965 0.000000000
QQ:/crrc/crr: 0.000000000 0.999998518 0.000001482
QQ:/crrc/r: 0.999996047 0.000001976 0.000001976
QQ:/rc/c: 0.999994667 0.000005333 0.000000000
QQ:/rc/crr: 0.000000000 0.999997334 0.000002666
QQ:/rc/r: 0.999992017 0.000004428 0.000003555
QQ:/rrc/c: 0.999991109 0.000008891 0.000000000
QQ:/rrc/crr: 0.000000000 0.999995554 0.000004446
QQ:/rrc/r: 0.999950894 0.000043178 0.000005928
