J:/c: 0.298839903 0.701160097 0.000000000
J:/crr: 0.000000000 0.999983269 0.000016731
J:/r: 0.050429809 0.121732097 0.827838094
JJ:/cc/c: 0.999992869 0.000007131 0.000000000
JJ:/cc/crr: 0.000000000 0.999996434 0.000003566
JJ:/cc/r: 0.999990492 0.000004754 0.000004754
JJ:/crc/c: 0.999983269 0.000016731 0.000000000
JJ:/crc/crr: 0.000000000 0.999991634 0.000008366
JJ:/crc/r: 0.999622430 0.000366416 0.000011154
JJ:/crrc/c: 0.999991634 0.000008366 0.000000000
JJ:/crrc/crr: 0.000000000 0.999995817 0.000004183
JJ:/crrc/r: 0.999960048 0.000034375 0.000005577
JJ:/rc/c: 0.999972617 0.000027383 0.000000000
JJ:/rc/crr: 0.000000000 0.999986308 0.000013692
JJ:/rc/r: 0.999963490 0.000018255 0.000018255
JJ:/rrc/c: 0.999933902 0.000066098 0.000000000
JJ:/rrc/crr: 0.000000000 0.999966949 0.000033051
JJ:/rrc/r: 0.999911869 0.000044066 0.000044066
JK:/cc/c: 0.000007131 0.999992869 0.000000000
JK:/cc/crr: 0.000000000 0.500000000 0.500000000
JK:/cc/r: 0.000004754 0.000004754 0.999990492
JK:/crc/c: 0.677622905 0.322377095 0.000000000
JK:/crc/crr: 0.000000000 0.000012346 0.999987654
JK:/crc/r: 0.000085756 0.000011154 0.999903090
JK:/crrc/c: 0.000366049 0.999633951 0.000000000
JK:/crrc/crr: 0.000000000 0.011427180 0.988572820
JK:/crrc/r: 0.117171104 0.000005577 0.882823319
JK:/rc/c: 0.400919821 0.599080179 0.000000000
JK:/rc/crr: 0.000000000 0.000034150 0.999965850
JK:/rc/r: 0.347891186 0.000018255 0.652090559
JK:/rrc/c: 0.999933902 0.000066098 0.000000000
JK:/rrc/crr: 0.000000000 0.000033051 0.999966949
JK:/rrc/r: 0.322052342 0.000044066 0.677903592
JQ:/cc/c: 0.069487775 0.930512225 0.000000000
JQ:/cc/crr: 0.000000000 0.000051311 0.999948689
JQ:/cc/r: 0.031246862 0.000004754 0.968748384
JQ:/crc/c: 0.629467900 0.370532100 0.000000000
JQ:/crc/crr: 0.000000000 0.000013290 0.999986710
JQ:/crc/r: 0.000220761 0.000011154 0.999768084
JQ:/crrc/c: 0.081396169 0.918603831 0.000000000
JQ:/crrc/crr: 0.000000000 0.000051390 0.999948610
JQ:/crrc/r: 0.000044769 0.000005577 0.999949654
JQ:/rc/c: 0.999972617 0.000027383 0.000000000
JQ:/rc/crr: 0.000000000 0.000013692 0.999986308
JQ:/rc/r: 0.000018255 0.000018255 0.999963490
JQ:/rrc/c: 0.000066098 0.999933902 0.000000000
JQ:/rrc/crr: 0.000000000 0.500000000 0.500000000
JQ:/rrc/r: 0.520730674 0.000044066 0.479225261
K:/c: 0.999990000 0.000010000 0.000000000
K:/crr: 0.000000000 0.999995000 0.000005000
K:/r: 0.588537770 0.411455563 0.000006667
KJ:/cc/c: 0.500000000 0.500000000 0.000000000
KJ:/cc/crr: 0.000000000 0.500000000 0.500000000
KJ:/cc/r: 0.333333333 0.333333333 0.333333333
KJ:/crc/c: 0.164412103 0.835587897 0.000000000
KJ:/crc/crr: 0.000000000 0.999984794 0.000015206
KJ:/crc/r: 0.000003333 0.999913135 0.000083532
KJ:/crrc/c: 0.242122431 0.757877569 0.000000000
KJ:/crrc/crr: 0.000000000 0.999994837 0.000005163
KJ:/crrc/r: 0.000030331 0.893365138 0.106604532
KJ:/rc/c: 0.500141866 0.499858134 0.000000000
KJ:/rc/crr: 0.000000000 0.999991901 0.000008099
KJ:/rc/r: 0.000014260 0.999976041 0.000009699
KJ:/rrc/c: 0.086216074 0.913783926 0.000000000
KJ:/rrc/crr: 0.000000000 0.999967154 0.000032846
KJ:/rrc/r: 0.000014041 0.999982183 0.000003776
KK:/cc/c: 0.500000000 0.500000000 0.000000000
KK:/cc/crr: 0.000000000 0.500000000 0.500000000
KK:/cc/r: 0.333333333 0.333333333 0.333333333
KK:/crc/c: 0.999995000 0.000005000 0.000000000
KK:/crc/crr: 0.000000000 0.999997500 0.000002500
KK:/crc/r: 0.992039917 0.007956749 0.000003333
KK:/crrc/c: 0.999997500 0.000002500 0.000000000
KK:/crrc/crr: 0.000000000 0.999998750 0.000001250
KK:/crrc/r: 0.999117511 0.000880823 0.000001667
KK:/rc/c: 0.999991899 0.000008101 0.000000000
KK:/rc/crr: 0.000000000 0.999995949 0.000004051
KK:/rc/r: 0.999966483 0.000028116 0.000005401
KK:/rrc/c: 0.999994336 0.000005664 0.000000000
KK:/rrc/crr: 0.000000000 0.999997168 0.000002832
KK:/rrc/r: 0.996782470 0.003213755 0.000003776
KQ:/cc/c: 0.500000000 0.500000000 0.000000000
KQ:/cc/crr: 0.000000000 0.500000000 0.500000000
KQ:/cc/r: 0.333333333 0.333333333 0.333333333
KQ:/crc/c: 0.000318907 0.999681093 0.000000000
KQ:/crc/crr: 0.000000000 0.440903174 0.559096826
KQ:/crc/r: 0.000005704 0.459833406 0.540160890
KQ:/crrc/c: 0.520436673 0.479563327 0.000000000
KQ:/crrc/crr: 0.000000000 0.356549123 0.643450877
KQ:/crrc/r: 0.000035278 0.746328698 0.253636025
KQ:/rc/c: 0.000008101 0.999991899 0.000000000
KQ:/rc/crr: 0.000000000 0.500000000 0.500000000
KQ:/rc/r: 0.000005401 0.298490087 0.701504512
KQ:/rrc/c: 0.526781814 0.473218186 0.000000000
KQ:/rrc/crr: 0.000000000 0.448378867 0.551621133
KQ:/rrc/r: 0.073919795 0.541129868 0.384950337
Q:/c: 0.845456477 0.154543523 0.000000000
Q:/crr: 0.000000000 0.999994086 0.000005914
Q:/r: 0.390231059 0.609735674 0.000033267
QJ:/cc/c: 0.000032353 0.999967647 0.000000000
QJ:/cc/crr: 0.000000000 0.500000000 0.500000000
QJ:/cc/r: 0.000021569 0.000021569 0.999956862
QJ:/crc/c: 0.502053465 0.497946535 0.000000000
QJ:/crc/crr: 0.000000000 0.000056528 0.999943472
QJ:/crc/r: 0.000003943 0.000003943 0.999992115
QJ:/crrc/c: 0.000002957 0.999997043 0.000000000
QJ:/crrc/crr: 0.000000000 0.500000000 0.500000000
QJ:/crrc/r: 0.000001971 0.000001971 0.999996057
QJ:/rc/c: 0.000005467 0.999994533 0.000000000
QJ:/rc/crr: 0.000000000 0.500000000 0.500000000
QJ:/rc/r: 0.000004387 0.000003645 0.999991969
QJ:/rrc/c: 0.000008542 0.999991458 0.000000000
QJ:/rrc/crr: 0.000000000 0.500000000 0.500000000
QJ:/rrc/r: 0.000005695 0.000005695 0.999988611
QK:/cc/c: 0.001223130 0.998776870 0.000000000
QK:/cc/crr: 0.000000000 0.986774363 0.013225637
QK:/cc/r: 0.000021569 0.999751425 0.000227006
QK:/crc/c: 0.000573868 0.999426132 0.000000000
QK:/crc/crr: 0.000000000 0.038957633 0.961042367
QK:/crc/r: 0.000029390 0.476520234 0.523450376
QK:/crrc/c: 0.195783043 0.804216957 0.000000000
QK:/crrc/crr: 0.000000000 0.000018155 0.999981845
QK:/crrc/r: 0.000011974 0.297793780 0.702194246
QK:/rc/c: 0.369055983 0.630944017 0.000000000
QK:/rc/crr: 0.000000000 0.000007407 0.999992593
QK:/rc/r: 0.000004264 0.313003378 0.686992358
QK:/rrc/c: 0.457045075 0.542954925 0.000000000
QK:/rrc/crr: 0.000000000 0.126107814 0.873892186
QK:/rrc/r: 0.000005695 0.546828829 0.453165476
QQ:/cc/c: 0.999967647 0.000032353 0.000000000
QQ:/cc/crr: 0.000000000 0.999983823 0.000016177
QQ:/cc/r: 0.999738109 0.000240322 0.000021569
QQ:/crc/c: 0.999994086 0.000005914 0.000000000
QQ:/crc/crr: 0.000000000 0.999997043 0.000002957
QQ:/crc/r: 0.994170807 0.005825250 0.000003943
QQ:/crrc/c: 0.999997043 0.000002957 0.000000000
QQ:/crrc/crr: 0.000000000 0.999998521 0.000001479
QQ:/crrc/r: 0.999979960 0.000018069 0.000001971
QQ:/rc/c: 0.999994533 0.000005467 0.000000000
QQ:/rc/crr: 0.000000000 0.999997267 0.000002733
QQ:/rc/r: 0.990204270 0.009792086 0.000003645
QQ:/rrc/c: 0.999991458 0.000008542 0.000000000
QQ:/rrc/crr: 0.000000000 0.999995729 0.000004271
QQ:/rrc/r: 0.999986118 0.000008187 0.000005695
