J:/c: 0.297940697 0.702059303 0.000000000
J:/crr: 0.000000000 0.999983218 0.000016782
J:/r: 0.054437847 0.131268612 0.814293541
JJ:/cc/c: 0.999992878 0.000007122 0.000000000
JJ:/cc/crr: 0.000000000 0.999996439 0.000003561
JJ:/cc/r: 0.999982709 0.000012543 0.000004748
JJ:/crc/c: 0.999983218 0.000016782 0.000000000
JJ:/crc/crr: 0.000000000 0.999991609 0.000008391
JJ:/crc/r: 0.999977624 0.000011188 0.000011188
JJ:/crrc/c: 0.999991609 0.000008391 0.000000000
JJ:/crrc/crr: 0.000000000 0.999995804 0.000004196
JJ:/crrc/r: 0.999988812 0.000005594 0.000005594
JJ:/rc/c: 0.999974607 0.000025393 0.000000000
JJ:/rc/crr: 0.000000000 0.999987303 0.000012697
JJ:/rc/r: 0.999962892 0.000020179 0.000016929
JJ:/rrc/c: 0.999938768 0.000061232 0.000000000
JJ:/rrc/crr: 0.000000000 0.999969382 0.000030618
JJ:/rrc/r: 0.999754791 0.000204387 0.000040821
JK:/cc/c: 0.007621641 0.992378359 0.000000000
JK:/cc/crr: 0.000000000 0.000467216 0.999532784
JK:/cc/r: 0.000008772 0.000004748 0.999986480
JK:/crc/c: 0.547199235 0.452800765 0.000000000
JK:/crc/crr: 0.000000000 0.000015334 0.999984666
JK:/crc/r: 0.056959258 0.000011188 0.943029554
JK:/crrc/c: 0.468176178 0.531823822 0.000000000
JK:/crrc/crr: 0.000000000 0.000008961 0.999991039
JK:/crrc/r: 0.203964756 0.000005594 0.796029650
JK:/rc/c: 0.381038540 0.618961460 0.000000000
JK:/rc/crr: 0.000000000 0.000033321 0.999966679
JK:/rc/r: 0.356011523 0.000016929 0.643971549
JK:/rrc/c: 0.999659565 0.000340435 0.000000000
JK:/rrc/crr: 0.000000000 0.000030626 0.999969374
JK:/rrc/r: 0.293180953 0.000040821 0.706778225
JQ:/cc/c: 0.071300864 0.928699136 0.000000000
JQ:/cc/crr: 0.000000000 0.000049943 0.999950057
JQ:/cc/r: 0.035453926 0.000004748 0.964541326
JQ:/crc/c: 0.469004659 0.530995341 0.000000000
JQ:/crc/crr: 0.000000000 0.000017891 0.999982109
JQ:/crc/r: 0.043380948 0.000011188 0.956607864
JQ:/crrc/c: 0.031023806 0.968976194 0.000000000
JQ:/crrc/crr: 0.000000000 0.000135236 0.999864764
JQ:/crrc/r: 0.218067570 0.000005594 0.781926836
JQ:/rc/c: 0.988149904 0.011850096 0.000000000
JQ:/rc/crr: 0.000000000 0.000012849 0.999987151
JQ:/rc/r: 0.000024752 0.000016929 0.999958319
JQ:/rrc/c: 0.013262546 0.986737454 0.000000000
JQ:/rrc/crr: 0.000000000 0.002308452 0.997691548
JQ:/rrc/r: 0.402684320 0.000040821 0.597274859
K:/c: 0.999969299 0.000030701 0.000000000
K:/crr: 0.000000000 0.999995000 0.000005000
K:/r: 0.569374444 0.430618890 0.000006667
KJ:/cc/c: 0.464235920 0.535764080 0.000000000
KJ:/cc/crr: 0.000000000 0.824592124 0.175407876
KJ:/cc/r: 0.532629408 0.218767740 0.248602852
KJ:/crc/c: 0.163158173 0.836841827 0.000000000
KJ:/crc/crr: 0.000000000 0.999984677 0.000015323
KJ:/crc/r: 0.000129006 0.743086783 0.256784211
KJ:/crrc/c: 0.337155063 0.662844937 0.000000000
KJ:/crrc/crr: 0.000000000 0.780314857 0.219685143
KJ:/crrc/r: 0.065494344 0.763683246 0.170822410
KJ:/rc/c: 0.461067039 0.538932961 0.000000000
KJ:/rc/crr: 0.000000000 0.629790119 0.370209881
KJ:/rc/r: 0.057074710 0.715288933 0.227636358
KJ:/rrc/c: 0.184050813 0.815949187 0.000000000
KJ:/rrc/crr: 0.000000000 0.996701118 0.003298882
KJ:/rrc/r: 0.036053773 0.895918558 0.068027669
KK:/cc/c: 0.837138726 0.162861274 0.000000000
KK:/cc/crr: 0.000000000 0.902727428 0.097272572
KK:/cc/r: 0.602375747 0.289050071 0.108574182
KK:/crc/c: 0.999995000 0.000005000 0.000000000
KK:/crc/crr: 0.000000000 0.999997500 0.000002500
KK:/crc/r: 0.992926094 0.007070572 0.000003333
KK:/crrc/c: 0.999997500 0.000002500 0.000000000
KK:/crrc/crr: 0.000000000 0.999998750 0.000001250
KK:/crrc/r: 0.999996667 0.000001667 0.000001667
KK:/rc/c: 0.999992259 0.000007741 0.000000000
KK:/rc/crr: 0.000000000 0.999996130 0.000003870
KK:/rc/r: 0.999979172 0.000015667 0.000005161
KK:/rrc/c: 0.999994146 0.000005854 0.000000000
KK:/rrc/crr: 0.000000000 0.999997073 0.000002927
KK:/rrc/r: 0.999974621 0.000021476 0.000003903
KQ:/cc/c: 0.837138726 0.162861274 0.000000000
KQ:/cc/crr: 0.000000000 0.902727428 0.097272572
KQ:/cc/r: 0.532633169 0.299125056 0.168241775
KQ:/crc/c: 0.236845181 0.763154819 0.000000000
KQ:/crc/crr: 0.000000000 0.001916854 0.998083146
KQ:/crc/r: 0.000062134 0.438865069 0.561072797
KQ:/crrc/c: 0.623603079 0.376396921 0.000000000
KQ:/crrc/crr: 0.000000000 0.402953799 0.597046201
KQ:/crrc/r: 0.000009610 0.717400382 0.282590008
KQ:/rc/c: 0.001310863 0.998689137 0.000000000
KQ:/rc/crr: 0.000000000 0.043968541 0.956031459
KQ:/rc/r: 0.000025749 0.294137479 0.705836772
KQ:/rrc/c: 0.502818241 0.497181759 0.000000000
KQ:/rrc/crr: 0.000000000 0.527985670 0.472014330
KQ:/rrc/r: 0.084802739 0.543126233 0.372071028
Q:/c: 0.844288698 0.155711302 0.000000000
Q:/crr: 0.000000000 0.999994078 0.000005922
Q:/r: 0.352260299 0.647679089 0.000060613
QJ:/cc/c: 0.000309445 0.999690555 0.000000000
QJ:/cc/crr: 0.000000000 0.051884432 0.948115568
QJ:/cc/r: 0.000037252 0.000021407 0.999941341
QJ:/crc/c: 0.445986464 0.554013536 0.000000000
QJ:/crc/crr: 0.000000000 0.011075249 0.988924751
QJ:/crc/r: 0.000167192 0.000003948 0.999828860
QJ:/crrc/c: 0.000096535 0.999903465 0.000000000
QJ:/crrc/crr: 0.000000000 0.015336825 0.984663175
QJ:/crrc/r: 0.019274239 0.000001974 0.980723787
QJ:/rc/c: 0.000155697 0.999844303 0.000000000
QJ:/rc/crr: 0.000000000 0.016527537 0.983472463
QJ:/rc/r: 0.009738142 0.000003431 0.990258427
QJ:/rrc/c: 0.000237692 0.999762308 0.000000000
QJ:/rrc/crr: 0.000000000 0.019905382 0.980094618
QJ:/rrc/r: 0.000085849 0.000006308 0.999907843
QK:/cc/c: 0.116339071 0.883660929 0.000000000
QK:/cc/crr: 0.000000000 0.999861995 0.000138005
QK:/cc/r: 0.000110185 0.715882018 0.284007797
QK:/crc/c: 0.301097524 0.698902476 0.000000000
QK:/crc/crr: 0.000000000 0.019442997 0.980557003
QK:/crc/r: 0.000821462 0.440157627 0.559020911
QK:/crrc/c: 0.123627083 0.876372917 0.000000000
QK:/crrc/crr: 0.000000000 0.003133752 0.996866248
QK:/crrc/r: 0.000074097 0.285689431 0.714236472
QK:/rc/c: 0.378953217 0.621046783 0.000000000
QK:/rc/crr: 0.000000000 0.003925433 0.996074567
QK:/rc/r: 0.000006604 0.316146082 0.683847314
QK:/rrc/c: 0.424618966 0.575381034 0.000000000
QK:/rrc/crr: 0.000000000 0.059272966 0.940727034
QK:/rrc/r: 0.000091147 0.517496133 0.482412721
QQ:/cc/c: 0.999967889 0.000032111 0.000000000
QQ:/cc/crr: 0.000000000 0.999983944 0.000016056
QQ:/cc/r: 0.999919176 0.000059417 0.000021407
QQ:/crc/c: 0.999994078 0.000005922 0.000000000
QQ:/crc/crr: 0.000000000 0.999997039 0.000002961
QQ:/crc/r: 0.841681128 0.158314924 0.000003948
QQ:/crrc/c: 0.999997039 0.000002961 0.000000000
QQ:/crrc/crr: 0.000000000 0.999998519 0.000001481
QQ:/crrc/r: 0.999996052 0.000001974 0.000001974
QQ:/rc/c: 0.999994853 0.000005147 0.000000000
QQ:/rc/crr: 0.000000000 0.999997427 0.000002573
QQ:/rc/r: 0.942734563 0.057262006 0.000003431
QQ:/rrc/c: 0.999990537 0.000009463 0.000000000
QQ:/rrc/crr: 0.000000000 0.999995269 0.000004731
QQ:/rrc/r: 0.999957305 0.000036386 0.000006308
