J:/: 0.081813058 0.918186942 0.000000000
J:/cr: 0.016104519 0.040477703 0.943417778
J:/rr: 0.000000000 0.999938885 0.000061115
JJ:/cc/: 0.000261410 0.999738590 0.000000000
JJ:/cc/cr: 0.999996369 0.000001816 0.000001816
JJ:/cc/rr: 0.000000000 0.989584333 0.010415667
JJ:/crc/: 0.958662125 0.041337875 0.000000000
JJ:/crc/cr: 0.999276793 0.000361603 0.000361603
JJ:/crc/rr: 0.000000000 0.999976611 0.000023389
JJ:/crrc/: 0.908062329 0.091937671 0.000000000
JJ:/crrc/cr: 0.999182693 0.000408653 0.000408653
JJ:/crrc/rr: 0.000000000 0.999937938 0.000062062
JJ:/rc/: 0.882140144 0.117859856 0.000000000
JJ:/rc/cr: 0.999654307 0.000172846 0.000172846
JJ:/rc/rr: 0.000000000 0.999965360 0.000034640
JJ:/rrc/: 0.999455894 0.000544106 0.000000000
JJ:/rrc/cr: 0.962557151 0.018721425 0.018721425
JJ:/rrc/rr: 0.000000000 0.999984712 0.000015288
JK:/cc/: 0.083732321 0.916267679 0.000000000
JK:/cc/cr: 0.000576236 0.000001981 0.999421783
JK:/cc/rr: 0.000000000 0.000032517 0.999967483
JK:/crc/: 0.064150222 0.935849778 0.000000000
JK:/crc/cr: 0.023208693 0.000015973 0.976775334
JK:/crc/rr: 0.000000000 0.000349521 0.999650479
JK:/crrc/: 0.999887288 0.000112712 0.000000000
JK:/crrc/cr: 0.333333333 0.333333333 0.333333333
JK:/crrc/rr: 0.000000000 0.000056362 0.999943638
JK:/rc/: 0.987233907 0.012766093 0.000000000
JK:/rc/cr: 0.959240224 0.001595762 0.039164014
JK:/rc/rr: 0.000000000 0.000030953 0.999969047
JK:/rrc/: 0.539881619 0.460118381 0.000000000
JK:/rrc/cr: 0.754160597 0.000022139 0.245817264
JK:/rrc/rr: 0.000000000 0.000028302 0.999971698
JQ:/cc/: 0.212769331 0.787230669 0.000000000
JQ:/cc/cr: 0.000004542 0.000002306 0.999993152
JQ:/cc/rr: 0.000000000 0.000012797 0.999987203
JQ:/crc/: 0.994914360 0.005085640 0.000000000
JQ:/crc/cr: 0.002939239 0.002939239 0.994121522
JQ:/crc/rr: 0.000000000 0.000022536 0.999977464
JQ:/crrc/: 0.036132174 0.963867826 0.000000000
JQ:/crrc/cr: 0.172215331 0.000038979 0.827745690
JQ:/crrc/rr: 0.000000000 0.001559717 0.998440283
JQ:/rc/: 0.995359107 0.004640893 0.000000000
JQ:/rc/cr: 0.004389596 0.004389596 0.991220808
JQ:/rc/rr: 0.000000000 0.000030700 0.999969300
JQ:/rrc/: 0.098718790 0.901281210 0.000000000
JQ:/rrc/cr: 0.000745581 0.000011302 0.999243117
JQ:/rrc/rr: 0.000000000 0.000154780 0.999845220
K:/: 0.761876973 0.238123027 0.000000000
K:/cr: 0.635187382 0.364798619 0.000013998
K:/rr: 0.000000000 0.999993437 0.000006563
KJ:/cc/: 0.000041660 0.999958340 0.000000000
KJ:/cc/cr: 0.000053662 0.000015752 0.999930587
KJ:/cc/rr: 0.000000000 0.747989920 0.252010080
KJ:/crc/: 0.000045197 0.999954803 0.000000000
KJ:/crc/cr: 0.000083419 0.999910185 0.000006396
KJ:/crc/rr: 0.000000000 0.787748799 0.212251201
KJ:/crrc/: 0.063825440 0.936174560 0.000000000
KJ:/crrc/cr: 0.004002221 0.990340617 0.005657161
KJ:/crrc/rr: 0.000000000 0.579818175 0.420181825
KJ:/rc/: 0.062188710 0.937811290 0.000000000
KJ:/rc/cr: 0.008785015 0.942515525 0.048699460
KJ:/rc/rr: 0.000000000 0.290726125 0.709273875
KJ:/rrc/: 0.086980815 0.913019185 0.000000000
KJ:/rrc/cr: 0.000125006 0.999873796 0.000001198
KJ:/rrc/rr: 0.000000000 0.571570519 0.428429481
KK:/cc/: 0.996114108 0.003885892 0.000000000
KK:/cc/cr: 0.996397644 0.001801178 0.001801178
KK:/cc/rr: 0.000000000 0.999989460 0.000010540
KK:/crc/: 0.157163581 0.842836419 0.000000000
KK:/crc/cr: 0.999984824 0.000007588 0.000007588
KK:/crc/rr: 0.000000000 0.999938960 0.000061040
KK:/crrc/: 0.983046624 0.016953376 0.000000000
KK:/crrc/cr: 0.999566691 0.000216655 0.000216655
KK:/crrc/rr: 0.000000000 0.999994395 0.000005605
KK:/rc/: 0.861844927 0.138155073 0.000000000
KK:/rc/cr: 0.999968332 0.000015834 0.000015834
KK:/rc/rr: 0.000000000 0.999996193 0.000003807
KK:/rrc/: 0.532348644 0.467651356 0.000000000
KK:/rrc/cr: 0.999995322 0.000002339 0.000002339
KK:/rrc/rr: 0.000000000 0.999996918 0.000003082
KQ:/cc/: 0.000338157 0.999661843 0.000000000
KQ:/cc/cr: 0.000045882 0.427800138 0.572153980
KQ:/cc/rr: 0.000000000 0.968952945 0.031047055
KQ:/crc/: 0.878982574 0.121017426 0.000000000
KQ:/crc/cr: 0.000281372 0.518319536 0.481399093
KQ:/crc/rr: 0.000000000 0.000037602 0.999962398
KQ:/crrc/: 0.011170719 0.988829281 0.000000000
KQ:/crrc/cr: 0.014388891 0.696588016 0.289023093
KQ:/crrc/rr: 0.000000000 0.236193904 0.763806096
KQ:/rc/: 0.000028311 0.999971689 0.000000000
KQ:/rc/cr: 0.000031860 0.499383704 0.500584436
KQ:/rc/rr: 0.000000000 0.884093575 0.115906425
KQ:/rrc/: 0.681383447 0.318616553 0.000000000
KQ:/rrc/cr: 0.019747513 0.893864170 0.086388317
KQ:/rrc/rr: 0.000000000 0.393959245 0.606040755
Q:/: 0.721707606 0.278292394 0.000000000
Q:/cr: 0.131755160 0.867594515 0.000650325
Q:/rr: 0.000000000 0.999993072 0.000006928
QJ:/cc/: 0.000017967 0.999982033 0.000000000
QJ:/cc/cr: 0.000007041 0.000005989 0.999986970
QJ:/cc/rr: 0.000000000 0.500000000 0.500000000
QJ:/crc/: 0.031280668 0.968719332 0.000000000
QJ:/crc/cr: 0.001731664 0.000002375 0.998265961
QJ:/crc/rr: 0.000000000 0.000110338 0.999889662
QJ:/crrc/: 0.007505568 0.992494432 0.000000000
QJ:/crrc/cr: 0.000187270 0.000015266 0.999797464
QJ:/crrc/rr: 0.000000000 0.003028072 0.996971928
QJ:/rc/: 0.009254578 0.990745422 0.000000000
QJ:/rc/cr: 0.000004022 0.000002331 0.999993647
QJ:/rc/rr: 0.000000000 0.000374302 0.999625698
QJ:/rrc/: 0.000003464 0.999996536 0.000000000
QJ:/rrc/cr: 0.000001155 0.000001155 0.999997691
QJ:/rrc/rr: 0.000000000 0.500000000 0.500000000
QK:/cc/: 0.527368723 0.472631277 0.000000000
QK:/cc/cr: 0.955779412 0.044181131 0.000039458
QK:/cc/rr: 0.000000000 0.999982966 0.000017034
QK:/crc/: 0.014110399 0.985889601 0.000000000
QK:/crc/cr: 0.000002567 0.566784383 0.433213050
QK:/crc/rr: 0.000000000 0.000264768 0.999735232
QK:/crrc/: 0.947877260 0.052122740 0.000000000
QK:/crrc/cr: 0.000568830 0.625639673 0.373791497
QK:/crrc/rr: 0.000000000 0.000649960 0.999350040
QK:/rc/: 0.455601143 0.544398857 0.000000000
QK:/rc/cr: 0.030974728 0.518684343 0.450340929
QK:/rc/rr: 0.000000000 0.180721475 0.819278525
QK:/rrc/: 0.104880147 0.895119853 0.000000000
QK:/rrc/cr: 0.000001290 0.301806129 0.698192581
QK:/rrc/rr: 0.000000000 0.000767651 0.999232349
QQ:/cc/: 0.563382717 0.436617283 0.000000000
QQ:/cc/cr: 0.999972567 0.000013717 0.000013717
QQ:/cc/rr: 0.000000000 0.999984055 0.000015945
QQ:/crc/: 0.985364801 0.014635199 0.000000000
QQ:/crc/cr: 0.999685558 0.000157221 0.000157221
QQ:/crc/rr: 0.000000000 0.999996497 0.000003503
QQ:/crrc/: 0.139124732 0.860875268 0.000000000
QQ:/crrc/cr: 0.999964800 0.000017600 0.000017600
QQ:/crrc/rr: 0.000000000 0.999836640 0.000163360
QQ:/rc/: 0.562057987 0.437942013 0.000000000
QQ:/rc/cr: 0.999987122 0.000007605 0.000005273
QQ:/rc/rr: 0.000000000 0.999993837 0.000006163
QQ:/rrc/: 0.978872001 0.021127999 0.000000000
QQ:/rrc/cr: 0.999890697 0.000054652 0.000054652
QQ:/rrc/rr: 0.000000000 0.999998231 0.000001769
