J:/: 0.075493703 0.924506297 0.000000000
J:/cr: 0.018581988 0.036522057 0.944895955
J:/rr: 0.000000000 0.999933769 0.000066231
JJ:/cc/: 0.000224808 0.999775192 0.000000000
JJ:/cc/cr: 0.999996394 0.000001803 0.000001803
JJ:/cc/rr: 0.000000000 0.987971321 0.012028679
JJ:/crc/: 0.905155567 0.094844433 0.000000000
JJ:/crc/cr: 0.999653039 0.000173480 0.000173480
JJ:/crc/rr: 0.000000000 0.999972733 0.000027267
JJ:/crrc/: 0.984765555 0.015234445 0.000000000
JJ:/crrc/cr: 0.995754500 0.002122750 0.002122750
JJ:/crrc/rr: 0.000000000 0.999950741 0.000049259
JJ:/rc/: 0.875097577 0.124902423 0.000000000
JJ:/rc/cr: 0.999646494 0.000176753 0.000176753
JJ:/rc/rr: 0.000000000 0.999962158 0.000037842
JJ:/rrc/: 0.999579943 0.000420057 0.000000000
JJ:/rrc/cr: 0.947439553 0.026280224 0.026280224
JJ:/rrc/rr: 0.000000000 0.999983434 0.000016566
JK:/cc/: 0.078129306 0.921870694 0.000000000
JK:/cc/cr: 0.000416304 0.000001956 0.999581740
JK:/cc/rr: 0.000000000 0.000034611 0.999965389
JK:/crc/: 0.061266221 0.938733779 0.000000000
JK:/crc/cr: 0.024641843 0.000017527 0.975340629
JK:/crc/rr: 0.000000000 0.000402840 0.999597160
JK:/crrc/: 0.999902983 0.000097017 0.000000000
JK:/crrc/cr: 0.333333333 0.333333333 0.333333333
JK:/crrc/rr: 0.000000000 0.000048513 0.999951487
JK:/rc/: 0.992641089 0.007358911 0.000000000
JK:/rc/cr: 0.993999955 0.003000022 0.003000022
JK:/rc/rr: 0.000000000 0.000033361 0.999966639
JK:/rrc/: 0.529116960 0.470883040 0.000000000
JK:/rrc/cr: 0.877221568 0.000023444 0.122754988
JK:/rrc/rr: 0.000000000 0.000031295 0.999968705
JQ:/cc/: 0.182212330 0.817787670 0.000000000
JQ:/cc/cr: 0.000002204 0.000002204 0.999995591
JQ:/cc/rr: 0.000000000 0.000014841 0.999985159
JQ:/crc/: 0.984374222 0.015625778 0.000000000
JQ:/crc/cr: 0.280028949 0.001052981 0.718918069
JQ:/crc/rr: 0.000000000 0.000025072 0.999974928
JQ:/crrc/: 0.037628620 0.962371380 0.000000000
JQ:/crrc/cr: 0.166860113 0.000033603 0.833106284
JQ:/crrc/rr: 0.000000000 0.001289135 0.998710865
JQ:/rc/: 0.998198388 0.001801612 0.000000000
JQ:/rc/cr: 0.012253971 0.012253971 0.975492057
JQ:/rc/rr: 0.000000000 0.000033175 0.999966825
JQ:/rrc/: 0.149350768 0.850649232 0.000000000
JQ:/rrc/cr: 0.000012977 0.000012977 0.999974045
JQ:/rrc/rr: 0.000000000 0.000110872 0.999889128
K:/: 0.753621917 0.246378083 0.000000000
K:/cr: 0.689749905 0.310236566 0.000013529
K:/rr: 0.000000000 0.999993365 0.000006635
KJ:/cc/: 0.000020294 0.999979706 0.000000000
KJ:/cc/cr: 0.000054254 0.000021236 0.999924510
KJ:/cc/rr: 0.000000000 0.500000000 0.500000000
KJ:/crc/: 0.000050948 0.999949052 0.000000000
KJ:/crc/cr: 0.000032864 0.999959867 0.000007269
KJ:/crc/rr: 0.000000000 0.786007912 0.213992088
KJ:/crrc/: 0.109714371 0.890285629 0.000000000
KJ:/crrc/cr: 0.004960976 0.992541252 0.002497772
KJ:/crrc/rr: 0.000000000 0.665934766 0.334065234
KJ:/rc/: 0.067931046 0.932068954 0.000000000
KJ:/rc/cr: 0.005318565 0.955178158 0.039503277
KJ:/rc/rr: 0.000000000 0.329876714 0.670123286
KJ:/rrc/: 0.081936421 0.918063579 0.000000000
KJ:/rrc/cr: 0.000259033 0.999739762 0.000001204
KJ:/rrc/rr: 0.000000000 0.787753792 0.212246208
KK:/cc/: 0.994809316 0.005190684 0.000000000
KK:/cc/cr: 0.997393534 0.001303233 0.001303233
KK:/cc/rr: 0.000000000 0.999989800 0.000010200
KK:/crc/: 0.126319318 0.873680682 0.000000000
KK:/crc/cr: 0.999983362 0.000008319 0.000008319
KK:/crc/rr: 0.000000000 0.999913691 0.000086309
KK:/crrc/: 0.986978534 0.013021466 0.000000000
KK:/crrc/cr: 0.999497884 0.000251058 0.000251058
KK:/crrc/rr: 0.000000000 0.999995032 0.000004968
KK:/rc/: 0.822607316 0.177392684 0.000000000
KK:/rc/cr: 0.999975066 0.000012467 0.000012467
KK:/rc/rr: 0.000000000 0.999995967 0.000004033
KK:/rrc/: 0.524801302 0.475198698 0.000000000
KK:/rrc/cr: 0.999995346 0.000002327 0.000002327
KK:/rrc/rr: 0.000000000 0.999996839 0.000003161
KQ:/cc/: 0.000055884 0.999944116 0.000000000
KQ:/cc/cr: 0.000041199 0.468627909 0.531330892
KQ:/cc/rr: 0.000000000 0.818426609 0.181573391
KQ:/crc/: 0.932133032 0.067866968 0.000000000
KQ:/crc/cr: 0.000649555 0.549427026 0.449923419
KQ:/crc/rr: 0.000000000 0.000035976 0.999964024
KQ:/crrc/: 0.004442712 0.995557288 0.000000000
KQ:/crrc/cr: 0.011424305 0.718831024 0.269744671
KQ:/crrc/rr: 0.000000000 0.239617767 0.760382233
KQ:/rc/: 0.000071755 0.999928245 0.000000000
KQ:/rc/cr: 0.000002283 0.485754537 0.514243180
KQ:/rc/rr: 0.000000000 0.953768914 0.046231086
KQ:/rrc/: 0.699834205 0.300165795 0.000000000
KQ:/rrc/cr: 0.007995406 0.951810192 0.040194402
KQ:/rrc/rr: 0.000000000 0.387841599 0.612158401
Q:/: 0.740446659 0.259553341 0.000000000
Q:/cr: 0.149941395 0.849456297 0.000602308
Q:/rr: 0.000000000 0.999993247 0.000006753
QJ:/cc/: 0.000019264 0.999980736 0.000000000
QJ:/cc/cr: 0.000006421 0.000006421 0.999987157
QJ:/cc/rr: 0.000000000 0.500000000 0.500000000
QJ:/crc/: 0.028020624 0.971979376 0.000000000
QJ:/crc/cr: 0.006535723 0.000002592 0.993461684
QJ:/crc/rr: 0.000000000 0.000134888 0.999865112
QJ:/crrc/: 0.011070696 0.988929304 0.000000000
QJ:/crrc/cr: 0.000054155 0.000014435 0.999931410
QJ:/crrc/rr: 0.000000000 0.001934174 0.998065826
QJ:/rc/: 0.008122105 0.991877895 0.000000000
QJ:/rc/cr: 0.000002269 0.000002269 0.999995461
QJ:/rc/rr: 0.000000000 0.000415698 0.999584302
QJ:/rrc/: 0.000003376 0.999996624 0.000000000
QJ:/rrc/cr: 0.000001125 0.000001125 0.999997749
QJ:/rrc/rr: 0.000000000 0.500000000 0.500000000
QK:/cc/: 0.551580021 0.448419979 0.000000000
QK:/cc/cr: 0.013195250 0.986736559 0.000068190
QK:/cc/rr: 0.000000000 0.999982538 0.000017462
QK:/crc/: 0.002313777 0.997686223 0.000000000
QK:/crc/cr: 0.000003312 0.558269225 0.441727464
QK:/crc/rr: 0.000000000 0.001742754 0.998257246
QK:/crrc/: 0.933037421 0.066962579 0.000000000
QK:/crrc/cr: 0.000342615 0.601700550 0.397956835
QK:/crrc/rr: 0.000000000 0.000611910 0.999388090
QK:/rc/: 0.438884732 0.561115268 0.000000000
QK:/rc/cr: 0.014165364 0.517135335 0.468699302
QK:/rc/rr: 0.000000000 0.194833337 0.805166663
QK:/rrc/: 0.127299802 0.872700198 0.000000000
QK:/rrc/cr: 0.000001290 0.296772352 0.703226359
QK:/rrc/rr: 0.000000000 0.000310387 0.999689613
QQ:/cc/: 0.548193023 0.451806977 0.000000000
QQ:/cc/cr: 0.999971575 0.000014212 0.000014212
QQ:/cc/rr: 0.000000000 0.999982430 0.000017570
QQ:/crc/: 0.992974573 0.007025427 0.000000000
QQ:/crc/cr: 0.999282673 0.000358663 0.000358663
QQ:/crc/rr: 0.000000000 0.999996194 0.000003806
QQ:/crrc/: 0.142274456 0.857725544 0.000000000
QQ:/crrc/cr: 0.999966714 0.000016643 0.000016643
QQ:/crrc/rr: 0.000000000 0.999849498 0.000150502
QQ:/rc/: 0.508404702 0.491595298 0.000000000
QQ:/rc/cr: 0.999989295 0.000006127 0.000004579
QQ:/rc/rr: 0.000000000 0.999993359 0.000006641
QQ:/rrc/: 0.994680000 0.005320000 0.000000000
QQ:/rrc/cr: 0.999576897 0.000211552 0.000211552
QQ:/rrc/rr: 0.000000000 0.999998303 0.000001697
