J:/c: 0.293846691 0.706153309 0.000000000
J:/crr: 0.000000000 0.999982984 0.000017016
J:/r: 0.054003090 0.127844687 0.818152223
JJ:/cc/c: 0.999992919 0.000007081 0.000000000
JJ:/cc/crr: 0.000000000 0.999996460 0.000003540
JJ:/cc/r: 0.999982799 0.000012480 0.000004720
JJ:/crc/c: 0.999982984 0.000017016 0.000000000
JJ:/crc/crr: 0.000000000 0.999991492 0.000008508
JJ:/crc/r: 0.999977312 0.000011344 0.000011344
JJ:/crrc/c: 0.999991492 0.000008508 0.000000000
JJ:/crrc/crr: 0.000000000 0.999995746 0.000004254
JJ:/crrc/r: 0.999988656 0.000005672 0.000005672
JJ:/rc/c: 0.999973927 0.000026073 0.000000000
JJ:/rc/crr: 0.000000000 0.999986963 0.000013037
JJ:/rc/r: 0.999962389 0.000020229 0.000017382
JJ:/rrc/c: 0.999938275 0.000061725 0.000000000
JJ:/rrc/crr: 0.000000000 0.999969136 0.000030864
JJ:/rrc/r: 0.999750493 0.000208357 0.000041150
JK:/cc/c: 0.006236374 0.993763626 0.000000000
JK:/cc/crr: 0.000000000 0.000567687 0.999432313
JK:/cc/r: 0.000013067 0.000004720 0.999982213
JK:/crc/c: 0.520204923 0.479795077 0.000000000
JK:/crc/crr: 0.000000000 0.000016355 0.999983645
JK:/crc/r: 0.033328758 0.000011344 0.966659899
JK:/crrc/c: 0.366716675 0.633283325 0.000000000
JK:/crrc/crr: 0.000000000 0.000011600 0.999988400
JK:/crrc/r: 0.232706627 0.000005672 0.767287701
JK:/rc/c: 0.392333957 0.607666043 0.000000000
JK:/rc/crr: 0.000000000 0.000033228 0.999966772
JK:/rc/r: 0.366609657 0.000017382 0.633372961
JK:/rrc/c: 0.999803309 0.000196691 0.000000000
JK:/rrc/crr: 0.000000000 0.000030869 0.999969131
JK:/rrc/r: 0.307347040 0.000041150 0.692611810
JQ:/cc/c: 0.074434203 0.925565797 0.000000000
JQ:/cc/crr: 0.000000000 0.000047563 0.999952437
JQ:/cc/r: 0.036394375 0.000004720 0.963600904
JQ:/crc/c: 0.533052227 0.466947773 0.000000000
JQ:/crc/crr: 0.000000000 0.000015961 0.999984039
JQ:/crc/r: 0.004481759 0.000011344 0.995506897
JQ:/crrc/c: 0.028773086 0.971226914 0.000000000
JQ:/crrc/crr: 0.000000000 0.000147846 0.999852154
JQ:/crrc/r: 0.164359258 0.000005672 0.835635070
JQ:/rc/c: 0.991443097 0.008556903 0.000000000
JQ:/rc/crr: 0.000000000 0.000013149 0.999986851
JQ:/rc/r: 0.000017382 0.000017382 0.999965236
JQ:/rrc/c: 0.010390687 0.989609313 0.000000000
JQ:/rrc/crr: 0.000000000 0.002970201 0.997029799
JQ:/rrc/r: 0.430547635 0.000041150 0.569411215
K:/c: 0.999969385 0.000030615 0.000000000
K:/crr: 0.000000000 0.999995000 0.000005000
K:/r: 0.569309587 0.430683746 0.000006667
KJ:/cc/c: 0.468189302 0.531810698 0.000000000
KJ:/cc/crr: 0.000000000 0.825587436 0.174412564
KJ:/cc/r: 0.537956674 0.220809536 0.241233790
KJ:/crc/c: 0.115315085 0.884684915 0.000000000
KJ:/crc/crr: 0.000000000 0.999978320 0.000021680
KJ:/crc/r: 0.000073505 0.726896216 0.273030279
KJ:/crrc/c: 0.308321051 0.691678949 0.000000000
KJ:/crrc/crr: 0.000000000 0.999995946 0.000004054
KJ:/crrc/r: 0.062308417 0.758879356 0.178812227
KJ:/rc/c: 0.394897869 0.605102131 0.000000000
KJ:/rc/crr: 0.000000000 0.917442547 0.082557453
KJ:/rc/r: 0.039058300 0.725127417 0.235814283
KJ:/rrc/c: 0.184051923 0.815948077 0.000000000
KJ:/rrc/crr: 0.000000000 0.999984094 0.000015906
KJ:/rrc/r: 0.055898195 0.872783805 0.071318000
KK:/cc/c: 0.836683807 0.163316193 0.000000000
KK:/cc/crr: 0.000000000 0.902402681 0.097597319
KK:/cc/r: 0.579411262 0.311711276 0.108877462
KK:/crc/c: 0.999995000 0.000005000 0.000000000
KK:/crc/crr: 0.000000000 0.999997500 0.000002500
KK:/crc/r: 0.908570284 0.091426383 0.000003333
KK:/crrc/c: 0.999997500 0.000002500 0.000000000
KK:/crrc/crr: 0.000000000 0.999998750 0.000001250
KK:/crrc/r: 0.999986355 0.000011979 0.000001667
KK:/rc/c: 0.999992260 0.000007740 0.000000000
KK:/rc/crr: 0.000000000 0.999996130 0.000003870
KK:/rc/r: 0.999980631 0.000014209 0.000005160
KK:/rrc/c: 0.999994145 0.000005855 0.000000000
KK:/rrc/crr: 0.000000000 0.999997072 0.000002928
KK:/rrc/r: 0.999975688 0.000020409 0.000003903
KQ:/cc/c: 0.836683807 0.163316193 0.000000000
KQ:/cc/crr: 0.000000000 0.902402681 0.097597319
KQ:/cc/r: 0.532654411 0.293452708 0.173892881
KQ:/crc/c: 0.081148713 0.918851287 0.000000000
KQ:/crc/crr: 0.000000000 0.032911492 0.967088508
KQ:/crc/r: 0.000050621 0.441062358 0.558887021
KQ:/crrc/c: 0.631172533 0.368827467 0.000000000
KQ:/crrc/crr: 0.000000000 0.437930417 0.562069583
KQ:/crrc/r: 0.000002848 0.820751594 0.179245558
KQ:/rc/c: 0.000652590 0.999347410 0.000000000
KQ:/rc/crr: 0.000000000 0.024103071 0.975896929
KQ:/rc/r: 0.000022558 0.295458183 0.704519259
KQ:/rrc/c: 0.509260432 0.490739568 0.000000000
KQ:/rrc/crr: 0.000000000 0.456615137 0.543384863
KQ:/rrc/r: 0.084225045 0.532008683 0.383766272
Q:/c: 0.849880507 0.150119493 0.000000000
Q:/crr: 0.000000000 0.999994117 0.000005883
Q:/r: 0.364496946 0.635452187 0.000050867
QJ:/cc/c: 0.000514876 0.999485124 0.000000000
QJ:/cc/crr: 0.000000000 0.032344485 0.967655515
QJ:/cc/r: 0.000039619 0.000022205 0.999938176
QJ:/crc/c: 0.391184221 0.608815779 0.000000000
QJ:/crc/crr: 0.000000000 0.070202521 0.929797479
QJ:/crc/r: 0.000005525 0.000003922 0.999990553
QJ:/crrc/c: 0.000094621 0.999905379 0.000000000
QJ:/crrc/crr: 0.000000000 0.015544232 0.984455768
QJ:/crrc/r: 0.012898728 0.000001961 0.987099311
QJ:/rc/c: 0.000141659 0.999858341 0.000000000
QJ:/rc/crr: 0.000000000 0.018514928 0.981485072
QJ:/rc/r: 0.017418275 0.000003497 0.982578228
QJ:/rrc/c: 0.000206439 0.999793561 0.000000000
QJ:/rrc/crr: 0.000000000 0.022149503 0.977850497
QJ:/rrc/r: 0.000082890 0.000006097 0.999911013
QK:/cc/c: 0.363637949 0.636362051 0.000000000
QK:/cc/crr: 0.000000000 0.999954203 0.000045797
QK:/cc/r: 0.000204384 0.759423033 0.240372583
QK:/crc/c: 0.366316973 0.633683027 0.000000000
QK:/crc/crr: 0.000000000 0.004591334 0.995408666
QK:/crc/r: 0.000237221 0.468160443 0.531602336
QK:/crrc/c: 0.233414933 0.766585067 0.000000000
QK:/crrc/crr: 0.000000000 0.003084317 0.996915683
QK:/crrc/r: 0.000023300 0.274624931 0.725351770
QK:/rc/c: 0.376920689 0.623079311 0.000000000
QK:/rc/crr: 0.000000000 0.005986148 0.994013852
QK:/rc/r: 0.000010354 0.315146052 0.684843595
QK:/rrc/c: 0.418925144 0.581074856 0.000000000
QK:/rrc/crr: 0.000000000 0.096272421 0.903727579
QK:/rrc/r: 0.000087542 0.523398888 0.476513569
QQ:/cc/c: 0.999966693 0.000033307 0.000000000
QQ:/cc/crr: 0.000000000 0.999983346 0.000016654
QQ:/cc/r: 0.999916507 0.000061288 0.000022205
QQ:/crc/c: 0.999994117 0.000005883 0.000000000
QQ:/crc/crr: 0.000000000 0.999997058 0.000002942
QQ:/crc/r: 0.987138322 0.012857756 0.000003922
QQ:/crrc/c: 0.999997058 0.000002942 0.000000000
QQ:/crrc/crr: 0.000000000 0.999998529 0.000001471
QQ:/crrc/r: 0.999972199 0.000025840 0.000001961
QQ:/rc/c: 0.999994754 0.000005246 0.000000000
QQ:/rc/crr: 0.000000000 0.999997377 0.000002623
QQ:/rc/r: 0.999992417 0.000004085 0.000003497
QQ:/rrc/c: 0.999990855 0.000009145 0.000000000
QQ:/rrc/crr: 0.000000000 0.999995427 0.000004573
QQ:/rrc/r: 0.999959230 0.000034673 0.000006097
