J:/: 0.080112508 0.919887492 0.000000000
J:/cr: 0.016610864 0.038448113 0.944941023
J:/rr: 0.000000000 0.999937588 0.000062412
JJ:/cc/: 0.000300596 0.999699404 0.000000000
JJ:/cc/cr: 0.999996375 0.000001812 0.000001812
JJ:/cc/rr: 0.000000000 0.990958879 0.009041121
JJ:/crc/: 0.951064572 0.048935428 0.000000000
JJ:/crc/cr: 0.999358016 0.000320992 0.000320992
JJ:/crc/rr: 0.000000000 0.999975226 0.000024774
JJ:/crrc/: 0.940808593 0.059191407 0.000000000
JJ:/crrc/cr: 0.998771509 0.000614245 0.000614245
JJ:/crrc/rr: 0.000000000 0.999942032 0.000057968
JJ:/rc/: 0.866909354 0.133090646 0.000000000
JJ:/rc/cr: 0.999687370 0.000156315 0.000156315
JJ:/rc/rr: 0.000000000 0.999964003 0.000035997
JJ:/rrc/: 0.994774381 0.005225619 0.000000000
JJ:/rrc/cr: 0.996018582 0.001990709 0.001990709
JJ:/rrc/rr: 0.000000000 0.999984314 0.000015686
JK:/cc/: 0.085542364 0.914457636 0.000000000
JK:/cc/cr: 0.000006968 0.000001981 0.999991051
JK:/cc/rr: 0.000000000 0.000031770 0.999968230
JK:/crc/: 0.057334945 0.942665055 0.000000000
JK:/crc/cr: 0.042633901 0.000016663 0.957349435
JK:/crc/rr: 0.000000000 0.000410951 0.999589049
JK:/crrc/: 0.999801015 0.000198985 0.000000000
JK:/crrc/cr: 0.182717595 0.182717595 0.634564811
JK:/crrc/rr: 0.000000000 0.000054548 0.999945452
JK:/rc/: 0.977115872 0.022884128 0.000000000
JK:/rc/cr: 0.941318326 0.000909105 0.057772569
JK:/rc/rr: 0.000000000 0.000031937 0.999968063
JK:/rrc/: 0.495421457 0.504578543 0.000000000
JK:/rrc/cr: 0.748202292 0.000020617 0.251777092
JK:/rrc/rr: 0.000000000 0.000031496 0.999968504
JQ:/cc/: 0.194644012 0.805355988 0.000000000
JQ:/cc/cr: 0.000007844 0.000002250 0.999989906
JQ:/cc/rr: 0.000000000 0.000013963 0.999986037
JQ:/crc/: 0.991636174 0.008363826 0.000000000
JQ:/crc/cr: 0.319752756 0.001878074 0.678369170
JQ:/crc/rr: 0.000000000 0.000023761 0.999976239
JQ:/crrc/: 0.053053800 0.946946200 0.000000000
JQ:/crrc/cr: 0.150461343 0.000038395 0.849500262
JQ:/crrc/rr: 0.000000000 0.001027958 0.998972042
JQ:/rc/: 0.994652908 0.005347092 0.000000000
JQ:/rc/cr: 0.003890727 0.003890727 0.992218546
JQ:/rc/rr: 0.000000000 0.000031374 0.999968626
JQ:/rrc/: 0.112794627 0.887205373 0.000000000
JQ:/rrc/cr: 0.000011725 0.000011725 0.999976550
JQ:/rrc/rr: 0.000000000 0.000138340 0.999861660
K:/: 0.757771741 0.242228259 0.000000000
K:/cr: 0.662345888 0.337640351 0.000013761
K:/rr: 0.000000000 0.999993402 0.000006598
KJ:/cc/: 0.000056468 0.999943532 0.000000000
KJ:/cc/cr: 0.000050605 0.000009438 0.999939957
KJ:/cc/rr: 0.000000000 0.817226304 0.182773696
KJ:/crc/: 0.000043836 0.999956164 0.000000000
KJ:/crc/cr: 0.000178993 0.999814214 0.000006793
KJ:/crc/rr: 0.000000000 0.767559512 0.232440488
KJ:/crrc/: 0.078339454 0.921660546 0.000000000
KJ:/crrc/cr: 0.006352045 0.984536770 0.009111185
KJ:/crrc/rr: 0.000000000 0.507010555 0.492989445
KJ:/rc/: 0.061202657 0.938797343 0.000000000
KJ:/rc/cr: 0.007465482 0.953593799 0.038940720
KJ:/rc/rr: 0.000000000 0.389190330 0.610809670
KJ:/rrc/: 0.088625062 0.911374938 0.000000000
KJ:/rrc/cr: 0.000133481 0.999430146 0.000436373
KJ:/rrc/rr: 0.000000000 0.635886214 0.364113786
KK:/cc/: 0.999654735 0.000345265 0.000000000
KK:/cc/cr: 0.960143290 0.019928355 0.019928355
KK:/cc/rr: 0.000000000 0.999989676 0.000010324
KK:/crc/: 0.144874824 0.855125176 0.000000000
KK:/crc/cr: 0.999984113 0.000007944 0.000007944
KK:/crc/rr: 0.000000000 0.999929669 0.000070331
KK:/crrc/: 0.979952164 0.020047836 0.000000000
KK:/crrc/cr: 0.999654554 0.000172723 0.000172723
KK:/crrc/rr: 0.000000000 0.999994700 0.000005300
KK:/rc/: 0.863764101 0.136235899 0.000000000
KK:/rc/cr: 0.999967711 0.000016144 0.000016144
KK:/rc/rr: 0.000000000 0.999996181 0.000003819
KK:/rrc/: 0.521983383 0.478016617 0.000000000
KK:/rrc/cr: 0.999995399 0.000002301 0.000002301
KK:/rrc/rr: 0.000000000 0.999996840 0.000003160
KQ:/cc/: 0.000518909 0.999481091 0.000000000
KQ:/cc/cr: 0.000050724 0.436786541 0.563162735
KQ:/cc/rr: 0.000000000 0.980110505 0.019889495
KQ:/crc/: 0.879257838 0.120742162 0.000000000
KQ:/crc/cr: 0.000442461 0.498128724 0.501428816
KQ:/crc/rr: 0.000000000 0.000016858 0.999983142
KQ:/crrc/: 0.016797927 0.983202073 0.000000000
KQ:/crrc/cr: 0.029293850 0.681211500 0.289494650
KQ:/crrc/rr: 0.000000000 0.208381665 0.791618335
KQ:/rc/: 0.000055020 0.999944980 0.000000000
KQ:/rc/cr: 0.000042141 0.498736058 0.501221801
KQ:/rc/rr: 0.000000000 0.940037058 0.059962942
KQ:/rrc/: 0.683011605 0.316988395 0.000000000
KQ:/rrc/cr: 0.030251503 0.845942695 0.123805802
KQ:/rrc/rr: 0.000000000 0.391071460 0.608928540
Q:/: 0.728384322 0.271615678 0.000000000
Q:/cr: 0.154872102 0.843491549 0.001636348
Q:/rr: 0.000000000 0.999993135 0.000006865
QJ:/cc/: 0.000018408 0.999981592 0.000000000
QJ:/cc/cr: 0.000020228 0.000006136 0.999973636
QJ:/cc/rr: 0.000000000 0.500000000 0.500000000
QJ:/crc/: 0.030979998 0.969020002 0.000000000
QJ:/crc/cr: 0.001782902 0.000002502 0.998214596
QJ:/crc/rr: 0.000000000 0.000117409 0.999882591
QJ:/crrc/: 0.009153201 0.990846799 0.000000000
QJ:/crrc/cr: 0.000178549 0.000013329 0.999808122
QJ:/crrc/rr: 0.000000000 0.002164301 0.997835699
QJ:/rc/: 0.011449963 0.988550037 0.000000000
QJ:/rc/cr: 0.000023182 0.000002315 0.999974504
QJ:/rc/rr: 0.000000000 0.000299761 0.999700239
QJ:/rrc/: 0.000003432 0.999996568 0.000000000
QJ:/rrc/cr: 0.000001144 0.000001144 0.999997712
QJ:/rrc/rr: 0.000000000 0.500000000 0.500000000
QK:/cc/: 0.583898776 0.416101224 0.000000000
QK:/cc/cr: 0.256507415 0.743466601 0.000025984
QK:/cc/rr: 0.000000000 0.999984237 0.000015763
QK:/crc/: 0.001937442 0.998062558 0.000000000
QK:/crc/cr: 0.000002430 0.555271539 0.444726031
QK:/crc/rr: 0.000000000 0.001877390 0.998122610
QK:/crrc/: 0.886042030 0.113957970 0.000000000
QK:/crrc/cr: 0.000184253 0.480053405 0.519762342
QK:/crrc/rr: 0.000000000 0.000588550 0.999411450
QK:/rc/: 0.477872744 0.522127256 0.000000000
QK:/rc/cr: 0.028651444 0.511770751 0.459577805
QK:/rc/rr: 0.000000000 0.200376832 0.799623168
QK:/rrc/: 0.132780003 0.867219997 0.000000000
QK:/rrc/cr: 0.000001319 0.298849304 0.701149377
QK:/rrc/rr: 0.000000000 0.000630855 0.999369145
QQ:/cc/: 0.520568331 0.479431669 0.000000000
QQ:/cc/cr: 0.999974403 0.000012799 0.000012799
QQ:/cc/rr: 0.000000000 0.999982319 0.000017681
QQ:/crc/: 0.990303394 0.009696606 0.000000000
QQ:/crc/cr: 0.999499848 0.000250076 0.000250076
QQ:/crc/rr: 0.000000000 0.999996327 0.000003673
QQ:/crrc/: 0.208316768 0.791683232 0.000000000
QQ:/crrc/cr: 0.999966636 0.000016682 0.000016682
QQ:/crrc/rr: 0.000000000 0.999904903 0.000095097
QQ:/rc/: 0.546454905 0.453545095 0.000000000
QQ:/rc/cr: 0.999989910 0.000005045 0.000005045
QQ:/rc/rr: 0.000000000 0.999993719 0.000006281
QQ:/rrc/: 0.977321549 0.022678451 0.000000000
QQ:/rrc/cr: 0.999899103 0.000050448 0.000050448
QQ:/rrc/rr: 0.000000000 0.999998244 0.000001756
