J:/c: 0.315042745 0.684957255 0.000000000
J:/crr: 0.000000000 0.999984129 0.000015871
J:/r: 0.055310420 0.127721777 0.816967803
JJ:/cc/c: 0.999992700 0.000007300 0.000000000
JJ:/cc/crr: 0.000000000 0.999996350 0.000003650
JJ:/cc/r: 0.999990267 0.000004866 0.000004866
JJ:/crc/c: 0.999984129 0.000015871 0.000000000
JJ:/crc/crr: 0.000000000 0.999992064 0.000007936
JJ:/crc/r: 0.999708068 0.000281351 0.000010581
JJ:/crrc/c: 0.999992064 0.000007936 0.000000000
JJ:/crrc/crr: 0.000000000 0.999996032 0.000003968
JJ:/crrc/r: 0.999973057 0.000021653 0.000005290
JJ:/rc/c: 0.999973902 0.000026098 0.000000000
JJ:/rc/crr: 0.000000000 0.999986950 0.000013050
JJ:/rc/r: 0.999859237 0.000123364 0.000017399
JJ:/rrc/c: 0.999939734 0.000060266 0.000000000
JJ:/rrc/crr: 0.000000000 0.999969865 0.000030135
JJ:/rrc/r: 0.999887088 0.000072735 0.000040177
JK:/cc/c: 0.000007300 0.999992700 0.000000000
JK:/cc/crr: 0.000000000 0.500000000 0.500000000
JK:/cc/r: 0.000004866 0.000004866 0.999990267
JK:/crc/c: 0.504263987 0.495736013 0.000000000
JK:/crc/crr: 0.000000000 0.000015737 0.999984263
JK:/crc/r: 0.042247605 0.000010581 0.957741814
JK:/crrc/c: 0.484565889 0.515434111 0.000000000
JK:/crrc/crr: 0.000000000 0.000008188 0.999991812
JK:/crrc/r: 0.207199470 0.000005290 0.792795240
JK:/rc/c: 0.354243899 0.645756101 0.000000000
JK:/rc/crr: 0.000000000 0.000036837 0.999963163
JK:/rc/r: 0.355138116 0.000017399 0.644844485
JK:/rrc/c: 0.999939734 0.000060266 0.000000000
JK:/rrc/crr: 0.000000000 0.000030135 0.999969865
JK:/rrc/r: 0.332562754 0.000040177 0.667397068
JQ:/cc/c: 0.075103621 0.924896379 0.000000000
JQ:/cc/crr: 0.000000000 0.000048598 0.999951402
JQ:/cc/r: 0.032265532 0.000004866 0.967729601
JQ:/crc/c: 0.356747594 0.643252406 0.000000000
JQ:/crc/crr: 0.000000000 0.000022244 0.999977756
JQ:/crc/r: 0.000057442 0.000010581 0.999931977
JQ:/crrc/c: 0.042184839 0.957815161 0.000000000
JQ:/crrc/crr: 0.000000000 0.000094057 0.999905943
JQ:/crrc/r: 0.212580321 0.000005290 0.787414389
JQ:/rc/c: 0.998134144 0.001865856 0.000000000
JQ:/rc/crr: 0.000000000 0.000013074 0.999986926
JQ:/rc/r: 0.000017399 0.000017399 0.999965202
JQ:/rrc/c: 0.001316707 0.998683293 0.000000000
JQ:/rrc/crr: 0.000000000 0.022885088 0.977114912
JQ:/rrc/r: 0.451792146 0.000040177 0.548167676
K:/c: 0.999947922 0.000052078 0.000000000
K:/crr: 0.000000000 0.999995000 0.000005000
K:/r: 0.591951115 0.408042218 0.000006667
KJ:/cc/c: 0.096009549 0.903990451 0.000000000
KJ:/cc/crr: 0.000000000 0.500000000 0.500000000
KJ:/cc/r: 0.064006366 0.064006366 0.871987268
KJ:/crc/c: 0.108012299 0.891987701 0.000000000
KJ:/crc/crr: 0.000000000 0.999976853 0.000023147
KJ:/crc/r: 0.000034234 0.719724983 0.280240783
KJ:/crrc/c: 0.349676475 0.650323525 0.000000000
KJ:/crrc/crr: 0.000000000 0.866794541 0.133205459
KJ:/crrc/r: 0.000011962 0.905598487 0.094389551
KJ:/rc/c: 0.431536468 0.568463532 0.000000000
KJ:/rc/crr: 0.000000000 0.786401550 0.213598450
KJ:/rc/r: 0.000101537 0.834489738 0.165408725
KJ:/rrc/c: 0.342769443 0.657230557 0.000000000
KJ:/rrc/crr: 0.000000000 0.999991786 0.000008214
KJ:/rrc/r: 0.054203822 0.888207812 0.057588366
KK:/cc/c: 0.903990451 0.096009549 0.000000000
KK:/cc/crr: 0.000000000 0.946896813 0.053103187
KK:/cc/r: 0.871987268 0.064006366 0.064006366
KK:/crc/c: 0.999995000 0.000005000 0.000000000
KK:/crc/crr: 0.000000000 0.999997500 0.000002500
KK:/crc/r: 0.953909655 0.046087011 0.000003334
KK:/crrc/c: 0.999997500 0.000002500 0.000000000
KK:/crrc/crr: 0.000000000 0.999998750 0.000001250
KK:/crrc/r: 0.999958623 0.000039710 0.000001667
KK:/rc/c: 0.999991831 0.000008169 0.000000000
KK:/rc/crr: 0.000000000 0.999995915 0.000004085
KK:/rc/r: 0.999980612 0.000013942 0.000005446
KK:/rrc/c: 0.999994369 0.000005631 0.000000000
KK:/rrc/crr: 0.000000000 0.999997184 0.000002816
KK:/rrc/r: 0.999890579 0.000105667 0.000003754
KQ:/cc/c: 0.096009549 0.903990451 0.000000000
KQ:/cc/crr: 0.000000000 0.500000000 0.500000000
KQ:/cc/r: 0.064006366 0.871987268 0.064006366
KQ:/crc/c: 0.331111681 0.668888319 0.000000000
KQ:/crc/crr: 0.000000000 0.002392965 0.997607035
KQ:/crc/r: 0.000018768 0.442941059 0.557040173
KQ:/crrc/c: 0.609515794 0.390484206 0.000000000
KQ:/crrc/crr: 0.000000000 0.417678174 0.582321826
KQ:/crrc/r: 0.002295122 0.704969092 0.292735785
KQ:/rc/c: 0.000008169 0.999991831 0.000000000
KQ:/rc/crr: 0.000000000 0.500000000 0.500000000
KQ:/rc/r: 0.000014376 0.311547349 0.688438274
KQ:/rrc/c: 0.490104151 0.509895849 0.000000000
KQ:/rrc/crr: 0.000000000 0.536998371 0.463001629
KQ:/rrc/r: 0.070452508 0.563663748 0.365883744
Q:/c: 0.840024603 0.159975397 0.000000000
Q:/crr: 0.000000000 0.999994048 0.000005952
Q:/r: 0.367349893 0.632635573 0.000014533
QJ:/cc/c: 0.000031255 0.999968745 0.000000000
QJ:/cc/crr: 0.000000000 0.500000000 0.500000000
QJ:/cc/r: 0.000020837 0.000020837 0.999958327
QJ:/crc/c: 0.427082099 0.572917901 0.000000000
QJ:/crc/crr: 0.000000000 0.000054234 0.999945766
QJ:/crc/r: 0.000003968 0.000003968 0.999992064
QJ:/crrc/c: 0.000002976 0.999997024 0.000000000
QJ:/crrc/crr: 0.000000000 0.500000000 0.500000000
QJ:/crrc/r: 0.000001984 0.000001984 0.999996032
QJ:/rc/c: 0.000054443 0.999945557 0.000000000
QJ:/rc/crr: 0.000000000 0.048389667 0.951610333
QJ:/rc/r: 0.009171233 0.000003513 0.990825254
QJ:/rrc/c: 0.000009074 0.999990926 0.000000000
QJ:/rrc/crr: 0.000000000 0.500000000 0.500000000
QJ:/rrc/r: 0.000072852 0.000006049 0.999921099
QK:/cc/c: 0.002283780 0.997716220 0.000000000
QK:/cc/crr: 0.000000000 0.993157220 0.006842780
QK:/cc/r: 0.000054124 0.705194753 0.294751123
QK:/crc/c: 0.330071357 0.669928643 0.000000000
QK:/crc/crr: 0.000000000 0.008611038 0.991388962
QK:/crc/r: 0.000044129 0.446051848 0.553904023
QK:/crrc/c: 0.002827671 0.997172329 0.000000000
QK:/crrc/crr: 0.000000000 0.056661021 0.943338979
QK:/crrc/r: 0.000038456 0.280799565 0.719161979
QK:/rc/c: 0.380629044 0.619370956 0.000000000
QK:/rc/crr: 0.000000000 0.042320432 0.957679568
QK:/rc/r: 0.000008999 0.326099519 0.673891482
QK:/rrc/c: 0.431242096 0.568757904 0.000000000
QK:/rrc/crr: 0.000000000 0.000454416 0.999545584
QK:/rrc/r: 0.000067653 0.478741780 0.521190567
QQ:/cc/c: 0.999968745 0.000031255 0.000000000
QQ:/cc/crr: 0.000000000 0.999984372 0.000015628
QQ:/cc/r: 0.999903121 0.000076043 0.000020837
QQ:/crc/c: 0.999994048 0.000005952 0.000000000
QQ:/crc/crr: 0.000000000 0.999997024 0.000002976
QQ:/crc/r: 0.999943186 0.000052846 0.000003968
QQ:/crrc/c: 0.999997024 0.000002976 0.000000000
QQ:/crrc/crr: 0.000000000 0.999998512 0.000001488
QQ:/crrc/r: 0.999892022 0.000105994 0.000001984
QQ:/rc/c: 0.999994731 0.000005269 0.000000000
QQ:/rc/crr: 0.000000000 0.999997366 0.000002634
QQ:/rc/r: 0.999991927 0.000004560 0.000003513
QQ:/rrc/c: 0.999990926 0.000009074 0.000000000
QQ:/rrc/crr: 0.000000000 0.999995463 0.000004537
QQ:/rrc/r: 0.999954180 0.000039770 0.000006049
