J:/c: 0.297136025 0.702863975 0.000000000
J:/crr: 0.000000000 0.999983173 0.000016827
J:/r: 0.054111779 0.126593960 0.819294262
JJ:/cc/c: 0.999992886 0.000007114 0.000000000
JJ:/cc/crr: 0.000000000 0.999996443 0.000003557
JJ:/cc/r: 0.999986844 0.000008414 0.000004743
JJ:/crc/c: 0.999983173 0.000016827 0.000000000
JJ:/crc/crr: 0.000000000 0.999991586 0.000008414
JJ:/crc/r: 0.999970313 0.000018468 0.000011218
JJ:/crrc/c: 0.999991586 0.000008414 0.000000000
JJ:/crrc/crr: 0.000000000 0.999995793 0.000004207
JJ:/crrc/r: 0.999988782 0.000005609 0.000005609
JJ:/rc/c: 0.999973669 0.000026331 0.000000000
JJ:/rc/crr: 0.000000000 0.999986834 0.000013166
JJ:/rc/r: 0.999964892 0.000017554 0.000017554
JJ:/rrc/c: 0.999938399 0.000061601 0.000000000
JJ:/rrc/crr: 0.000000000 0.999969198 0.000030802
JJ:/rrc/r: 0.999841816 0.000117117 0.000041067
JK:/cc/c: 0.005610370 0.994389630 0.000000000
JK:/cc/crr: 0.000000000 0.000633982 0.999366018
JK:/cc/r: 0.000010368 0.000004743 0.999984889
JK:/crc/c: 0.537371917 0.462628083 0.000000000
JK:/crc/crr: 0.000000000 0.000015657 0.999984343
JK:/crc/r: 0.024480230 0.000011218 0.975508552
JK:/crrc/c: 0.809992617 0.190007383 0.000000000
JK:/crrc/crr: 0.000000000 0.000005194 0.999994806
JK:/crrc/r: 0.136741739 0.000005609 0.863252651
JK:/rc/c: 0.389205668 0.610794332 0.000000000
JK:/rc/crr: 0.000000000 0.000033826 0.999966174
JK:/rc/r: 0.366749718 0.000017554 0.633232728
JK:/rrc/c: 0.999938399 0.000061601 0.000000000
JK:/rrc/crr: 0.000000000 0.000030802 0.999969198
JK:/rrc/r: 0.317511848 0.000041067 0.682447085
JQ:/cc/c: 0.072412362 0.927587638 0.000000000
JQ:/cc/crr: 0.000000000 0.000049120 0.999950880
JQ:/cc/r: 0.034873787 0.000004743 0.965121471
JQ:/crc/c: 0.538157979 0.461842021 0.000000000
JQ:/crc/crr: 0.000000000 0.000015634 0.999984366
JQ:/crc/r: 0.035918630 0.000011218 0.964070151
JQ:/crrc/c: 0.073275798 0.926724202 0.000000000
JQ:/crrc/crr: 0.000000000 0.000057412 0.999942588
JQ:/crrc/r: 0.211437117 0.000005609 0.788557274
JQ:/rc/c: 0.993806017 0.006193983 0.000000000
JQ:/rc/crr: 0.000000000 0.000013248 0.999986752
JQ:/rc/r: 0.000017554 0.000017554 0.999964892
JQ:/rrc/c: 0.003525678 0.996474322 0.000000000
JQ:/rrc/crr: 0.000000000 0.008736034 0.991263966
JQ:/rrc/r: 0.436876553 0.000041067 0.563082380
K:/c: 0.999969890 0.000030110 0.000000000
K:/crr: 0.000000000 0.999995000 0.000005000
K:/r: 0.577365688 0.422627646 0.000006667
KJ:/cc/c: 0.166056935 0.833943065 0.000000000
KJ:/cc/crr: 0.000000000 0.500000000 0.500000000
KJ:/cc/r: 0.484016649 0.256845673 0.259137678
KJ:/crc/c: 0.095549990 0.904450010 0.000000000
KJ:/crc/crr: 0.000000000 0.999973835 0.000026165
KJ:/crc/r: 0.000031342 0.723056710 0.276911948
KJ:/crrc/c: 0.422877269 0.577122731 0.000000000
KJ:/crrc/crr: 0.000000000 0.999997044 0.000002956
KJ:/crrc/r: 0.000001667 0.955580715 0.044417618
KJ:/rc/c: 0.485632464 0.514367536 0.000000000
KJ:/rc/crr: 0.000000000 0.785263300 0.214736700
KJ:/rc/r: 0.092387651 0.672667182 0.234945166
KJ:/rrc/c: 0.148869723 0.851130277 0.000000000
KJ:/rrc/crr: 0.000000000 0.999980609 0.000019391
KJ:/rrc/r: 0.049169761 0.888254417 0.062575822
KK:/cc/c: 0.833943065 0.166056935 0.000000000
KK:/cc/crr: 0.000000000 0.900438686 0.099561314
KK:/cc/r: 0.565634106 0.323661271 0.110704624
KK:/crc/c: 0.999995000 0.000005000 0.000000000
KK:/crc/crr: 0.000000000 0.999997500 0.000002500
KK:/crc/r: 0.986517590 0.013479077 0.000003333
KK:/crrc/c: 0.999997500 0.000002500 0.000000000
KK:/crrc/crr: 0.000000000 0.999998750 0.000001250
KK:/crrc/r: 0.999994871 0.000003462 0.000001667
KK:/rc/c: 0.999992113 0.000007887 0.000000000
KK:/rc/crr: 0.000000000 0.999996056 0.000003944
KK:/rc/r: 0.999978531 0.000016211 0.000005258
KK:/rrc/c: 0.999994227 0.000005773 0.000000000
KK:/rrc/crr: 0.000000000 0.999997113 0.000002887
KK:/rrc/r: 0.999863853 0.000132298 0.000003849
KQ:/cc/c: 0.833943065 0.166056935 0.000000000
KQ:/cc/crr: 0.000000000 0.900438686 0.099561314
KQ:/cc/r: 0.453027835 0.436267541 0.110704624
KQ:/crc/c: 0.060960623 0.939039377 0.000000000
KQ:/crc/crr: 0.000000000 0.001434834 0.998565166
KQ:/crc/r: 0.000008468 0.434617735 0.565373796
KQ:/crrc/c: 0.553041203 0.446958797 0.000000000
KQ:/crrc/crr: 0.000000000 0.379333238 0.620666762
KQ:/crrc/r: 0.014360676 0.596437372 0.389201952
KQ:/rc/c: 0.000131779 0.999868221 0.000000000
KQ:/rc/crr: 0.000000000 0.885706357 0.114293643
KQ:/rc/r: 0.000020654 0.306069157 0.693910190
KQ:/rrc/c: 0.501591490 0.498408510 0.000000000
KQ:/rrc/crr: 0.000000000 0.480362492 0.519637508
KQ:/rrc/r: 0.082475871 0.537763086 0.379761043
Q:/c: 0.848150999 0.151849001 0.000000000
Q:/crr: 0.000000000 0.999994105 0.000005895
Q:/r: 0.363612492 0.636350517 0.000036991
QJ:/cc/c: 0.000032927 0.999967073 0.000000000
QJ:/cc/crr: 0.000000000 0.500000000 0.500000000
QJ:/cc/r: 0.000021952 0.000021952 0.999956097
QJ:/crc/c: 0.433522254 0.566477746 0.000000000
QJ:/crc/crr: 0.000000000 0.000006799 0.999993201
QJ:/crc/r: 0.000068460 0.000003930 0.999927610
QJ:/crrc/c: 0.000002948 0.999997052 0.000000000
QJ:/crrc/crr: 0.000000000 0.500000000 0.500000000
QJ:/crrc/r: 0.007741213 0.000001965 0.992256822
QJ:/rc/c: 0.000023792 0.999976208 0.000000000
QJ:/rc/crr: 0.000000000 0.110083987 0.889916013
QJ:/rc/r: 0.004277315 0.000003492 0.995719193
QJ:/rrc/c: 0.000091770 0.999908230 0.000000000
QJ:/rrc/crr: 0.000000000 0.049947005 0.950052995
QJ:/rrc/r: 0.000061086 0.000006112 0.999932802
QK:/cc/c: 0.041607429 0.958392571 0.000000000
QK:/cc/crr: 0.000000000 0.999604308 0.000395692
QK:/cc/r: 0.000096087 0.742109585 0.257794328
QK:/crc/c: 0.316956333 0.683043667 0.000000000
QK:/crc/crr: 0.000000000 0.002794894 0.997205106
QK:/crc/r: 0.000045372 0.443520871 0.556433756
QK:/crrc/c: 0.064590568 0.935409432 0.000000000
QK:/crrc/crr: 0.000000000 0.002009115 0.997990885
QK:/crrc/r: 0.000066803 0.308254661 0.691678537
QK:/rc/c: 0.366043507 0.633956493 0.000000000
QK:/rc/crr: 0.000000000 0.004785907 0.995214093
QK:/rc/r: 0.000007833 0.299616235 0.700375932
QK:/rrc/c: 0.436407278 0.563592722 0.000000000
QK:/rrc/crr: 0.000000000 0.083883796 0.916116204
QK:/rrc/r: 0.000072646 0.520105265 0.479822088
QQ:/cc/c: 0.999967073 0.000032927 0.000000000
QQ:/cc/crr: 0.000000000 0.999983536 0.000016464
QQ:/cc/r: 0.999927524 0.000050524 0.000021952
QQ:/crc/c: 0.999994105 0.000005895 0.000000000
QQ:/crc/crr: 0.000000000 0.999997052 0.000002948
QQ:/crc/r: 0.869834004 0.130162066 0.000003930
QQ:/crrc/c: 0.999997052 0.000002948 0.000000000
QQ:/crrc/crr: 0.000000000 0.999998526 0.000001474
QQ:/crrc/r: 0.999996070 0.000001965 0.000001965
QQ:/rc/c: 0.999994762 0.000005238 0.000000000
QQ:/rc/crr: 0.000000000 0.999997381 0.000002619
QQ:/rc/r: 0.999992000 0.000004507 0.000003492
QQ:/rrc/c: 0.999990833 0.000009167 0.000000000
QQ:/rrc/crr: 0.000000000 0.999995416 0.000004584
QQ:/rrc/r: 0.999950548 0.000043341 0.000006112
