J:/c: 0.293597449 0.706402551 0.000000000
J:/crr: 0.000000000 0.999982970 0.000017030
J:/r: 0.055368811 0.130513021 0.814118168
JJ:/cc/c: 0.999992922 0.000007078 0.000000000
JJ:/cc/crr: 0.000000000 0.999996461 0.000003539
JJ:/cc/r: 0.999982811 0.000012471 0.000004719
JJ:/crc/c: 0.999982970 0.000017030 0.000000000
JJ:/crc/crr: 0.000000000 0.999991485 0.000008515
JJ:/crc/r: 0.999977293 0.000011353 0.000011353
JJ:/crrc/c: 0.999991485 0.000008515 0.000000000
JJ:/crrc/crr: 0.000000000 0.999995742 0.000004258
JJ:/crrc/r: 0.999988646 0.000005677 0.000005677
JJ:/rc/c: 0.999974460 0.000025540 0.000000000
JJ:/rc/crr: 0.000000000 0.999987230 0.000012770
JJ:/rc/r: 0.999963129 0.000019844 0.000017027
JJ:/rrc/c: 0.999939798 0.000060202 0.000000000
JJ:/rrc/crr: 0.000000000 0.999969897 0.000030103
JJ:/rrc/r: 0.999761605 0.000198260 0.000040135
JK:/cc/c: 0.007470945 0.992529055 0.000000000
JK:/cc/crr: 0.000000000 0.000473710 0.999526290
JK:/cc/r: 0.000008356 0.000004719 0.999986925
JK:/crc/c: 0.529568315 0.470431685 0.000000000
JK:/crc/crr: 0.000000000 0.000016079 0.999983921
JK:/crc/r: 0.031990939 0.000011353 0.967997707
JK:/crrc/c: 0.287605387 0.712394613 0.000000000
JK:/crrc/crr: 0.000000000 0.000014804 0.999985196
JK:/crrc/r: 0.167867358 0.000005677 0.832126965
JK:/rc/c: 0.384995500 0.615004500 0.000000000
JK:/rc/crr: 0.000000000 0.000033170 0.999966830
JK:/rc/r: 0.359711897 0.000017027 0.640271076
JK:/rrc/c: 0.999693260 0.000306740 0.000000000
JK:/rrc/crr: 0.000000000 0.000030110 0.999969890
JK:/rrc/r: 0.254894714 0.000040135 0.745065151
JQ:/cc/c: 0.073856959 0.926143041 0.000000000
JQ:/cc/crr: 0.000000000 0.000047918 0.999952082
JQ:/cc/r: 0.032218318 0.000004719 0.967776964
JQ:/crc/c: 0.428950358 0.571049642 0.000000000
JQ:/crc/crr: 0.000000000 0.000019851 0.999980149
JQ:/crc/r: 0.034994588 0.000011353 0.964994059
JQ:/crrc/c: 0.058863416 0.941136584 0.000000000
JQ:/crrc/crr: 0.000000000 0.000072330 0.999927670
JQ:/crrc/r: 0.222700783 0.000005677 0.777293540
JQ:/rc/c: 0.994817821 0.005182179 0.000000000
JQ:/rc/crr: 0.000000000 0.000012837 0.999987163
JQ:/rc/r: 0.000021011 0.000017027 0.999961962
JQ:/rrc/c: 0.014232591 0.985767409 0.000000000
JQ:/rrc/crr: 0.000000000 0.002114947 0.997885053
JQ:/rrc/r: 0.414410785 0.000040135 0.585549080
K:/c: 0.999969323 0.000030677 0.000000000
K:/crr: 0.000000000 0.999995000 0.000005000
K:/r: 0.574275184 0.425718149 0.000006667
KJ:/cc/c: 0.466855642 0.533144358 0.000000000
KJ:/cc/crr: 0.000000000 0.825439863 0.174560137
KJ:/cc/r: 0.535577452 0.220064182 0.244358366
KJ:/crc/c: 0.156195009 0.843804991 0.000000000
KJ:/crc/crr: 0.000000000 0.999983994 0.000016006
KJ:/crc/r: 0.000131806 0.747205687 0.252662507
KJ:/crrc/c: 0.424631516 0.575368484 0.000000000
KJ:/crrc/crr: 0.000000000 0.999997056 0.000002944
KJ:/crrc/r: 0.018356112 0.871020061 0.110623828
KJ:/rc/c: 0.475650907 0.524349093 0.000000000
KJ:/rc/crr: 0.000000000 0.774838659 0.225161341
KJ:/rc/r: 0.026339243 0.755974765 0.217685992
KJ:/rrc/c: 0.229291687 0.770708313 0.000000000
KJ:/rrc/crr: 0.000000000 0.995921406 0.004078594
KJ:/rrc/r: 0.033223740 0.907303455 0.059472805
KK:/cc/c: 0.837011230 0.162988770 0.000000000
KK:/cc/crr: 0.000000000 0.902636450 0.097363550
KK:/cc/r: 0.609333851 0.282006969 0.108659180
KK:/crc/c: 0.999995000 0.000005000 0.000000000
KK:/crc/crr: 0.000000000 0.999997500 0.000002500
KK:/crc/r: 0.791630185 0.208366482 0.000003333
KK:/crrc/c: 0.999997500 0.000002500 0.000000000
KK:/crrc/crr: 0.000000000 0.999998750 0.000001250
KK:/crrc/r: 0.999966266 0.000032067 0.000001667
KK:/rc/c: 0.999992170 0.000007830 0.000000000
KK:/rc/crr: 0.000000000 0.999996085 0.000003915
KK:/rc/r: 0.999979484 0.000015296 0.000005220
KK:/rrc/c: 0.999994196 0.000005804 0.000000000
KK:/rrc/crr: 0.000000000 0.999997098 0.000002902
KK:/rrc/r: 0.999975969 0.000020161 0.000003870
KQ:/cc/c: 0.837011230 0.162988770 0.000000000
KQ:/cc/crr: 0.000000000 0.902636450 0.097363550
KQ:/cc/r: 0.530091204 0.295043472 0.174865324
KQ:/crc/c: 0.105485075 0.894514925 0.000000000
KQ:/crc/crr: 0.000000000 0.093731257 0.906268743
KQ:/crc/r: 0.000057574 0.440834742 0.559107685
KQ:/crrc/c: 0.587900316 0.412099684 0.000000000
KQ:/crrc/crr: 0.000000000 0.386857599 0.613142401
KQ:/crrc/r: 0.011441530 0.649181517 0.339376953
KQ:/rc/c: 0.000431249 0.999568751 0.000000000
KQ:/rc/crr: 0.000000000 0.103601999 0.896398001
KQ:/rc/r: 0.000024429 0.308681654 0.691293917
KQ:/rrc/c: 0.502237882 0.497762118 0.000000000
KQ:/rrc/crr: 0.000000000 0.514900070 0.485099930
KQ:/rrc/r: 0.073195053 0.569646559 0.357158387
Q:/c: 0.843941879 0.156058121 0.000000000
Q:/crr: 0.000000000 0.999994075 0.000005925
Q:/r: 0.346787910 0.652866160 0.000345930
QJ:/cc/c: 0.000524220 0.999475780 0.000000000
QJ:/cc/crr: 0.000000000 0.030559055 0.969440945
QJ:/cc/r: 0.000037688 0.000021360 0.999940953
QJ:/crc/c: 0.416133496 0.583866504 0.000000000
QJ:/crc/crr: 0.000000000 0.074237626 0.925762374
QJ:/crc/r: 0.000201862 0.000003950 0.999794189
QJ:/crrc/c: 0.000026782 0.999973218 0.000000000
QJ:/crrc/crr: 0.000000000 0.055304439 0.944695561
QJ:/crrc/r: 0.024501269 0.000001975 0.975496756
QJ:/rc/c: 0.000066726 0.999933274 0.000000000
QJ:/rc/crr: 0.000000000 0.038258456 0.961741544
QJ:/rc/r: 0.019733092 0.000003404 0.980263505
QJ:/rrc/c: 0.000265428 0.999734572 0.000000000
QJ:/rrc/crr: 0.000000000 0.018106655 0.981893345
QJ:/rrc/r: 0.000078239 0.000006408 0.999915353
QK:/cc/c: 0.026994246 0.973005754 0.000000000
QK:/cc/crr: 0.000000000 0.999406552 0.000593448
QK:/cc/r: 0.000112665 0.713475543 0.286411792
QK:/crc/c: 0.346541518 0.653458482 0.000000000
QK:/crc/crr: 0.000000000 0.001226659 0.998773341
QK:/crc/r: 0.000210832 0.457669512 0.542119656
QK:/crrc/c: 0.292338336 0.707661664 0.000000000
QK:/crrc/crr: 0.000000000 0.002284096 0.997715904
QK:/crrc/r: 0.000043071 0.293080922 0.706876007
QK:/rc/c: 0.356492612 0.643507388 0.000000000
QK:/rc/crr: 0.000000000 0.022610917 0.977389083
QK:/rc/r: 0.000007695 0.314149007 0.685843298
QK:/rrc/c: 0.431338376 0.568661624 0.000000000
QK:/rrc/crr: 0.000000000 0.041788859 0.958211141
QK:/rrc/r: 0.000137176 0.524926665 0.474936159
QQ:/cc/c: 0.999967961 0.000032039 0.000000000
QQ:/cc/crr: 0.000000000 0.999983980 0.000016020
QQ:/cc/r: 0.999919786 0.000058854 0.000021360
QQ:/crc/c: 0.999994075 0.000005925 0.000000000
QQ:/crc/crr: 0.000000000 0.999997038 0.000002962
QQ:/crc/r: 0.768518121 0.231477930 0.000003950
QQ:/crrc/c: 0.999997038 0.000002962 0.000000000
QQ:/crrc/crr: 0.000000000 0.999998519 0.000001481
QQ:/crrc/r: 0.999996050 0.000001975 0.000001975
QQ:/rc/c: 0.999994894 0.000005106 0.000000000
QQ:/rc/crr: 0.000000000 0.999997447 0.000002553
QQ:/rc/r: 0.999981574 0.000015022 0.000003404
QQ:/rrc/c: 0.999990388 0.000009612 0.000000000
QQ:/rrc/crr: 0.000000000 0.999995194 0.000004806
QQ:/rrc/r: 0.999957435 0.000036157 0.000006408
