J:/: 0.087309899 0.912690101 0.000000000
J:/cr: 0.016519614 0.040910242 0.942570144
J:/rr: 0.000000000 0.999942733 0.000057267
JJ:/cc/: 0.000116702 0.999883298 0.000000000
JJ:/cc/cr: 0.999181734 0.000816440 0.000001826
JJ:/cc/rr: 0.000000000 0.976528561 0.023471439
JJ:/crc/: 0.944013964 0.055986036 0.000000000
JJ:/crc/cr: 0.999468477 0.000265762 0.000265762
JJ:/crc/rr: 0.000000000 0.999976358 0.000023642
JJ:/crrc/: 0.985931703 0.014068297 0.000000000
JJ:/crrc/cr: 0.994761671 0.002619164 0.002619164
JJ:/crrc/rr: 0.000000000 0.999943941 0.000056059
JJ:/rc/: 0.978273185 0.021726815 0.000000000
JJ:/rc/cr: 0.998242808 0.000878596 0.000878596
JJ:/rc/rr: 0.000000000 0.999970730 0.000029270
JJ:/rrc/: 0.999971365 0.000028635 0.000000000
JJ:/rrc/cr: 0.333333333 0.333333333 0.333333333
JJ:/rrc/rr: 0.000000000 0.999985682 0.000014318
JK:/cc/: 0.074302347 0.925697653 0.000000000
JK:/cc/cr: 0.000001973 0.000001973 0.999996055
JK:/cc/rr: 0.000000000 0.000036865 0.999963135
JK:/crc/: 0.033699585 0.966300415 0.000000000
JK:/crc/cr: 0.008202745 0.000015398 0.991781857
JK:/crc/rr: 0.000000000 0.000662276 0.999337724
JK:/crrc/: 0.999889458 0.000110542 0.000000000
JK:/crrc/cr: 0.333333333 0.333333333 0.333333333
JK:/crrc/rr: 0.000000000 0.000055277 0.999944723
JK:/rc/: 0.999942733 0.000057267 0.000000000
JK:/rc/cr: 0.333333333 0.333333333 0.333333333
JK:/rc/rr: 0.000000000 0.000028635 0.999971365
JK:/rrc/: 0.489686412 0.510313588 0.000000000
JK:/rrc/cr: 0.651618549 0.000018704 0.348362747
JK:/rrc/rr: 0.000000000 0.000029238 0.999970762
JQ:/cc/: 0.245614281 0.754385719 0.000000000
JQ:/cc/cr: 0.000002421 0.000002421 0.999995159
JQ:/cc/rr: 0.000000000 0.000011152 0.999988848
JQ:/crc/: 0.995399966 0.004600034 0.000000000
JQ:/crc/cr: 0.189396034 0.003234529 0.807369437
JQ:/crc/rr: 0.000000000 0.000022422 0.999977578
JQ:/crrc/: 0.023022631 0.976977369 0.000000000
JQ:/crrc/cr: 0.172789337 0.000037715 0.827172947
JQ:/crrc/rr: 0.000000000 0.002400715 0.997599285
JQ:/rc/: 0.998577929 0.001422071 0.000000000
JQ:/rc/cr: 0.013423442 0.013423442 0.973153116
JQ:/rc/rr: 0.000000000 0.000028674 0.999971326
JQ:/rrc/: 0.101079090 0.898920910 0.000000000
JQ:/rrc/cr: 0.000010618 0.000010618 0.999978763
JQ:/rrc/rr: 0.000000000 0.000141648 0.999858352
K:/: 0.761591272 0.238408728 0.000000000
K:/cr: 0.629537631 0.370448387 0.000013982
K:/rr: 0.000000000 0.999993435 0.000006565
KJ:/cc/: 0.000020972 0.999979028 0.000000000
KJ:/cc/cr: 0.000006991 0.000006991 0.999986018
KJ:/cc/rr: 0.000000000 0.500000000 0.500000000
KJ:/crc/: 0.000206274 0.999793726 0.000000000
KJ:/crc/cr: 0.000006292 0.999987417 0.000006292
KJ:/crc/rr: 0.000000000 0.954257089 0.045742911
KJ:/crrc/: 0.074142473 0.925857527 0.000000000
KJ:/crrc/cr: 0.000058372 0.998912738 0.001028890
KJ:/crrc/rr: 0.000000000 0.711116905 0.288883095
KJ:/rc/: 0.048136424 0.951863576 0.000000000
KJ:/rc/cr: 0.003195628 0.987929899 0.008874473
KJ:/rc/rr: 0.000000000 0.200907903 0.799092097
KJ:/rrc/: 0.093790823 0.906209177 0.000000000
KJ:/rrc/cr: 0.000002856 0.999995936 0.000001207
KJ:/rrc/rr: 0.000000000 0.999982500 0.000017500
KK:/cc/: 0.999802952 0.000197048 0.000000000
KK:/cc/cr: 0.929044897 0.035477551 0.035477551
KK:/cc/rr: 0.000000000 0.999989512 0.000010488
KK:/crc/: 0.066092605 0.933907395 0.000000000
KK:/crc/cr: 0.999986529 0.000006736 0.000006736
KK:/crc/rr: 0.000000000 0.999857237 0.000142763
KK:/crrc/: 0.995474896 0.004525104 0.000000000
KK:/crrc/cr: 0.998363993 0.000818003 0.000818003
KK:/crrc/rr: 0.000000000 0.999994422 0.000005578
KK:/rc/: 0.918290303 0.081709697 0.000000000
KK:/rc/cr: 0.999946435 0.000026783 0.000026783
KK:/rc/rr: 0.000000000 0.999996425 0.000003575
KK:/rrc/: 0.560634080 0.439365920 0.000000000
KK:/rrc/cr: 0.999995019 0.000002490 0.000002490
KK:/rrc/rr: 0.000000000 0.999997072 0.000002928
KQ:/cc/: 0.000020972 0.999979028 0.000000000
KQ:/cc/cr: 0.000006991 0.409899531 0.590093479
KQ:/cc/rr: 0.000000000 0.500000000 0.500000000
KQ:/crc/: 0.916172991 0.083827009 0.000000000
KQ:/crc/cr: 0.000075040 0.643177574 0.356747386
KQ:/crc/rr: 0.000000000 0.000010299 0.999989701
KQ:/crrc/: 0.001590995 0.998409005 0.000000000
KQ:/crrc/cr: 0.007186432 0.692166879 0.300646689
KQ:/crrc/rr: 0.000000000 0.003489845 0.996510155
KQ:/rc/: 0.000044654 0.999955346 0.000000000
KQ:/rc/cr: 0.000010209 0.523086323 0.476903469
KQ:/rc/rr: 0.000000000 0.926488443 0.073511557
KQ:/rrc/: 0.682191167 0.317808833 0.000000000
KQ:/rrc/cr: 0.014427069 0.911977319 0.073595612
KQ:/rrc/rr: 0.000000000 0.398702402 0.601297598
Q:/: 0.713103086 0.286896914 0.000000000
Q:/cr: 0.126795295 0.873084121 0.000120584
Q:/rr: 0.000000000 0.999992988 0.000007012
QJ:/cc/: 0.000017428 0.999982572 0.000000000
QJ:/cc/cr: 0.000005809 0.000005809 0.999988381
QJ:/cc/rr: 0.000000000 0.500000000 0.500000000
QJ:/crc/: 0.029145876 0.970854124 0.000000000
QJ:/crc/cr: 0.003340970 0.000002285 0.996656746
QJ:/crc/rr: 0.000000000 0.000114146 0.999885854
QJ:/crrc/: 0.001024817 0.998975183 0.000000000
QJ:/crrc/cr: 0.000015288 0.000015288 0.999969424
QJ:/crrc/rr: 0.000000000 0.022353382 0.977646618
QJ:/rc/: 0.018197057 0.981802943 0.000000000
QJ:/rc/cr: 0.000002381 0.000002381 0.999995239
QJ:/rc/rr: 0.000000000 0.000192658 0.999807342
QJ:/rrc/: 0.000003506 0.999996494 0.000000000
QJ:/rrc/cr: 0.000001169 0.000001169 0.999997663
QJ:/rrc/rr: 0.000000000 0.500000000 0.500000000
QK:/cc/: 0.457951544 0.542048456 0.000000000
QK:/cc/cr: 0.000444618 0.999544665 0.000010717
QK:/cc/rr: 0.000000000 0.999980972 0.000019028
QK:/crc/: 0.000008953 0.999991047 0.000000000
QK:/crc/cr: 0.000002240 0.553086368 0.446911392
QK:/crc/rr: 0.000000000 0.628401888 0.371598112
QK:/crrc/: 0.974927918 0.025072082 0.000000000
QK:/crrc/cr: 0.000647562 0.683763910 0.315588528
QK:/crrc/rr: 0.000000000 0.000588755 0.999411245
QK:/rc/: 0.488626194 0.511373806 0.000000000
QK:/rc/cr: 0.095666795 0.462499578 0.441833627
QK:/rc/rr: 0.000000000 0.169118381 0.830881619
QK:/rrc/: 0.140547401 0.859452599 0.000000000
QK:/rrc/cr: 0.000010196 0.300781954 0.699207850
QK:/rrc/rr: 0.000000000 0.000012472 0.999987528
QQ:/cc/: 0.587127891 0.412872109 0.000000000
QQ:/cc/cr: 0.993033997 0.006951932 0.000014070
QQ:/cc/rr: 0.000000000 0.999985158 0.000014842
QQ:/crc/: 0.990071152 0.009928848 0.000000000
QQ:/crc/cr: 0.999553238 0.000223381 0.000223381
QQ:/crc/rr: 0.000000000 0.999996640 0.000003360
QQ:/crrc/: 0.062567592 0.937432408 0.000000000
QQ:/crrc/cr: 0.999967417 0.000016291 0.000016291
QQ:/crrc/rr: 0.000000000 0.999633866 0.000366134
QQ:/rc/: 0.621691347 0.378308653 0.000000000
QQ:/rc/cr: 0.999987644 0.000006178 0.000006178
QQ:/rc/rr: 0.000000000 0.999994361 0.000005639
QQ:/rrc/: 0.989183321 0.010816679 0.000000000
QQ:/rrc/cr: 0.999783924 0.000108038 0.000108038
QQ:/rrc/rr: 0.000000000 0.999998228 0.000001772
