J:/c: 0.277865896 0.722134104 0.000000000
J:/crr: 0.000000000 0.999982006 0.000017994
J:/r: 0.054902725 0.127706167 0.817391108
JJ:/cc/c: 0.999993076 0.000006924 0.000000000
JJ:/cc/crr: 0.000000000 0.999996538 0.000003462
JJ:/cc/r: 0.999983183 0.000012201 0.000004616
JJ:/crc/c: 0.999982006 0.000017994 0.000000000
JJ:/crc/crr: 0.000000000 0.999991003 0.000008997
JJ:/crc/r: 0.999976008 0.000011996 0.000011996
JJ:/crrc/c: 0.999991003 0.000008997 0.000000000
JJ:/crrc/crr: 0.000000000 0.999995501 0.000004499
JJ:/crrc/r: 0.999988004 0.000005998 0.000005998
JJ:/rc/c: 0.999973898 0.000026102 0.000000000
JJ:/rc/crr: 0.000000000 0.999986949 0.000013051
JJ:/rc/r: 0.999962646 0.000019953 0.000017401
JJ:/rrc/c: 0.999939287 0.000060713 0.000000000
JJ:/rrc/crr: 0.000000000 0.999969641 0.000030359
JJ:/rrc/r: 0.999753505 0.000206020 0.000040476
JK:/cc/c: 0.006311135 0.993688865 0.000000000
JK:/cc/crr: 0.000000000 0.000548548 0.999451452
JK:/cc/r: 0.000008303 0.000004616 0.999987081
JK:/crc/c: 0.550515288 0.449484712 0.000000000
JK:/crc/crr: 0.000000000 0.000016343 0.999983657
JK:/crc/r: 0.019027522 0.000011996 0.980960481
JK:/crrc/c: 0.498520082 0.501479918 0.000000000
JK:/crrc/crr: 0.000000000 0.000009024 0.999990976
JK:/crrc/r: 0.221730687 0.000005998 0.778263315
JK:/rc/c: 0.378481704 0.621518296 0.000000000
JK:/rc/crr: 0.000000000 0.000034482 0.999965518
JK:/rc/r: 0.364063678 0.000017401 0.635918920
JK:/rrc/c: 0.999736546 0.000263454 0.000000000
JK:/rrc/crr: 0.000000000 0.000030365 0.999969635
JK:/rrc/r: 0.302304193 0.000040476 0.697655332
JQ:/cc/c: 0.074165539 0.925834461 0.000000000
JQ:/cc/crr: 0.000000000 0.000046679 0.999953321
JQ:/cc/r: 0.041642398 0.000004616 0.958352986
JQ:/crc/c: 0.530939099 0.469060901 0.000000000
JQ:/crc/crr: 0.000000000 0.000016946 0.999983054
JQ:/crc/r: 0.039702914 0.000011996 0.960285090
JQ:/crrc/c: 0.044592068 0.955407932 0.000000000
JQ:/crrc/crr: 0.000000000 0.000100885 0.999899115
JQ:/crrc/r: 0.231636325 0.000005998 0.768357677
JQ:/rc/c: 0.988711448 0.011288552 0.000000000
JQ:/rc/crr: 0.000000000 0.000013200 0.999986800
JQ:/rc/r: 0.000017401 0.000017401 0.999965198
JQ:/rrc/c: 0.005016787 0.994983213 0.000000000
JQ:/rrc/crr: 0.000000000 0.006051029 0.993948971
JQ:/rrc/r: 0.445571572 0.000040476 0.554387952
K:/c: 0.999969341 0.000030659 0.000000000
K:/crr: 0.000000000 0.999995000 0.000005000
K:/r: 0.581704651 0.418288682 0.000006667
KJ:/cc/c: 0.467267728 0.532732272 0.000000000
KJ:/cc/crr: 0.000000000 0.825492405 0.174507595
KJ:/cc/r: 0.536291929 0.220293759 0.243414312
KJ:/crc/c: 0.090943140 0.909056860 0.000000000
KJ:/crc/crr: 0.000000000 0.999972509 0.000027491
KJ:/crc/r: 0.000122487 0.732543863 0.267333650
KJ:/crrc/c: 0.430321281 0.569678719 0.000000000
KJ:/crrc/crr: 0.000000000 0.809051841 0.190948159
KJ:/crrc/r: 0.016726175 0.865709736 0.117564089
KJ:/rc/c: 0.434262812 0.565737188 0.000000000
KJ:/rc/crr: 0.000000000 0.813480586 0.186519414
KJ:/rc/r: 0.027410210 0.739765703 0.232824087
KJ:/rrc/c: 0.201937597 0.798062403 0.000000000
KJ:/rrc/crr: 0.000000000 0.993026867 0.006973133
KJ:/rrc/r: 0.036285581 0.899649741 0.064064678
KK:/cc/c: 0.836916465 0.163083535 0.000000000
KK:/cc/crr: 0.000000000 0.902568810 0.097431190
KK:/cc/r: 0.604755455 0.286522189 0.108722357
KK:/crc/c: 0.999995000 0.000005000 0.000000000
KK:/crc/crr: 0.000000000 0.999997500 0.000002500
KK:/crc/r: 0.928415721 0.071580946 0.000003333
KK:/crrc/c: 0.999997500 0.000002500 0.000000000
KK:/crrc/crr: 0.000000000 0.999998750 0.000001250
KK:/crrc/r: 0.999991374 0.000006959 0.000001667
KK:/rc/c: 0.999992031 0.000007969 0.000000000
KK:/rc/crr: 0.000000000 0.999996015 0.000003985
KK:/rc/r: 0.999979174 0.000015513 0.000005313
KK:/rrc/c: 0.999994270 0.000005730 0.000000000
KK:/rrc/crr: 0.000000000 0.999997135 0.000002865
KK:/rrc/r: 0.999975457 0.000020722 0.000003820
KQ:/cc/c: 0.836916465 0.163083535 0.000000000
KQ:/cc/crr: 0.000000000 0.902568810 0.097431190
KQ:/cc/r: 0.534738475 0.293945932 0.171315593
KQ:/crc/c: 0.025296009 0.974703991 0.000000000
KQ:/crc/crr: 0.000000000 0.005677022 0.994322978
KQ:/crc/r: 0.000060672 0.430039550 0.569899778
KQ:/crrc/c: 0.625342594 0.374657406 0.000000000
KQ:/crrc/crr: 0.000000000 0.400729477 0.599270523
KQ:/crrc/r: 0.002696809 0.670879943 0.326423248
KQ:/rc/c: 0.000570482 0.999429518 0.000000000
KQ:/rc/crr: 0.000000000 0.082771961 0.917228039
KQ:/rc/r: 0.000024575 0.303490847 0.696484579
KQ:/rrc/c: 0.505406629 0.494593371 0.000000000
KQ:/rrc/crr: 0.000000000 0.463611624 0.536388376
KQ:/rrc/r: 0.074971139 0.545813285 0.379215575
Q:/c: 0.850083592 0.149916408 0.000000000
Q:/crr: 0.000000000 0.999994118 0.000005882
Q:/r: 0.368609263 0.631211310 0.000179427
QJ:/cc/c: 0.000374823 0.999625177 0.000000000
QJ:/cc/crr: 0.000000000 0.044490253 0.955509747
QJ:/cc/r: 0.000039397 0.000022235 0.999938369
QJ:/crc/c: 0.395822062 0.604177938 0.000000000
QJ:/crc/crr: 0.000000000 0.019866179 0.980133821
QJ:/crc/r: 0.000003921 0.000003921 0.999992158
QJ:/crrc/c: 0.000002941 0.999997059 0.000000000
QJ:/crrc/crr: 0.000000000 0.500000000 0.500000000
QJ:/crrc/r: 0.017088475 0.000001961 0.982909565
QJ:/rc/c: 0.000096181 0.999903819 0.000000000
QJ:/rc/crr: 0.000000000 0.027452611 0.972547389
QJ:/rc/r: 0.016374180 0.000003521 0.983622300
QJ:/rrc/c: 0.000223181 0.999776819 0.000000000
QJ:/rrc/crr: 0.000000000 0.020259366 0.979740634
QJ:/rrc/r: 0.000084328 0.000006029 0.999909644
QK:/cc/c: 0.349751602 0.650248398 0.000000000
QK:/cc/crr: 0.000000000 0.999952321 0.000047679
QK:/cc/r: 0.000115687 0.769497319 0.230386994
QK:/crc/c: 0.373407650 0.626592350 0.000000000
QK:/crc/crr: 0.000000000 0.013436906 0.986563094
QK:/crc/r: 0.001079178 0.512951513 0.485969309
QK:/crrc/c: 0.184684977 0.815315023 0.000000000
QK:/crrc/crr: 0.000000000 0.002293416 0.997706584
QK:/crrc/r: 0.000047907 0.282678670 0.717273422
QK:/rc/c: 0.366072428 0.633927572 0.000000000
QK:/rc/crr: 0.000000000 0.016464882 0.983535118
QK:/rc/r: 0.000007519 0.298050275 0.701942206
QK:/rrc/c: 0.431267305 0.568732695 0.000000000
QK:/rrc/crr: 0.000000000 0.084503784 0.915496216
QK:/rrc/r: 0.000084681 0.523659458 0.476255860
QQ:/cc/c: 0.999966648 0.000033352 0.000000000
QQ:/cc/crr: 0.000000000 0.999983323 0.000016677
QQ:/cc/r: 0.999915883 0.000061883 0.000022235
QQ:/crc/c: 0.999994118 0.000005882 0.000000000
QQ:/crc/crr: 0.000000000 0.999997059 0.000002941
QQ:/crc/r: 0.765970188 0.234025891 0.000003921
QQ:/crrc/c: 0.999997059 0.000002941 0.000000000
QQ:/crrc/crr: 0.000000000 0.999998530 0.000001470
QQ:/crrc/r: 0.999996079 0.000001961 0.000001961
QQ:/rc/c: 0.999994719 0.000005281 0.000000000
QQ:/rc/crr: 0.000000000 0.999997360 0.000002640
QQ:/rc/r: 0.999992409 0.000004070 0.000003521
QQ:/rrc/c: 0.999990957 0.000009043 0.000000000
QQ:/rrc/crr: 0.000000000 0.999995478 0.000004522
QQ:/rrc/r: 0.999959449 0.000034522 0.000006029
