J:/c: 0.306602556 0.693397444 0.000000000
J:/crr: 0.000000000 0.999983692 0.000016308
J:/r: 0.054264607 0.125805592 0.819929800
JJ:/cc/c: 0.999992789 0.000007211 0.000000000
JJ:/cc/crr: 0.000000000 0.999996395 0.000003605
JJ:/cc/r: 0.999986765 0.000008428 0.000004807
JJ:/crc/c: 0.999983692 0.000016308 0.000000000
JJ:/crc/crr: 0.000000000 0.999991846 0.000008154
JJ:/crc/r: 0.999836840 0.000152288 0.000010872
JJ:/crrc/c: 0.999991846 0.000008154 0.000000000
JJ:/crrc/crr: 0.000000000 0.999995923 0.000004077
JJ:/crrc/r: 0.999989128 0.000005436 0.000005436
JJ:/rc/c: 0.999973504 0.000026496 0.000000000
JJ:/rc/crr: 0.000000000 0.999986752 0.000013248
JJ:/rc/r: 0.999964672 0.000017664 0.000017664
JJ:/rrc/c: 0.999938573 0.000061427 0.000000000
JJ:/rrc/crr: 0.000000000 0.999969284 0.000030716
JJ:/rrc/r: 0.999879174 0.000079874 0.000040952
JK:/cc/c: 0.000007211 0.999992789 0.000000000
JK:/cc/crr: 0.000000000 0.500000000 0.500000000
JK:/cc/r: 0.000011702 0.000004807 0.999983491
JK:/crc/c: 0.524294361 0.475705639 0.000000000
JK:/crc/crr: 0.000000000 0.000015552 0.999984448
JK:/crc/r: 0.023729261 0.000010872 0.976259867
JK:/crrc/c: 0.502280752 0.497719248 0.000000000
JK:/crrc/crr: 0.000000000 0.000008117 0.999991883
JK:/crrc/r: 0.171171732 0.000005436 0.828822832
JK:/rc/c: 0.400502913 0.599497087 0.000000000
JK:/rc/crr: 0.000000000 0.000033078 0.999966922
JK:/rc/r: 0.371472793 0.000017664 0.628509543
JK:/rrc/c: 0.999938573 0.000061427 0.000000000
JK:/rrc/crr: 0.000000000 0.000030716 0.999969284
JK:/rrc/r: 0.331464168 0.000040952 0.668494880
JQ:/cc/c: 0.069872260 0.930127740 0.000000000
JQ:/cc/crr: 0.000000000 0.000051600 0.999948400
JQ:/cc/r: 0.036794533 0.000004807 0.963200660
JQ:/crc/c: 0.498895635 0.501104365 0.000000000
JQ:/crc/crr: 0.000000000 0.000016344 0.999983656
JQ:/crc/r: 0.035543550 0.000010872 0.964445579
JQ:/crrc/c: 0.047222324 0.952777676 0.000000000
JQ:/crrc/crr: 0.000000000 0.000086336 0.999913664
JQ:/crrc/r: 0.172932250 0.000005436 0.827062314
JQ:/rc/c: 0.997883117 0.002116883 0.000000000
JQ:/rc/crr: 0.000000000 0.000013276 0.999986724
JQ:/rc/r: 0.000017664 0.000017664 0.999964672
JQ:/rrc/c: 0.005563312 0.994436688 0.000000000
JQ:/rrc/crr: 0.000000000 0.005520758 0.994479242
JQ:/rrc/r: 0.486405573 0.000040952 0.513553475
K:/c: 0.999990000 0.000010000 0.000000000
K:/crr: 0.000000000 0.999995000 0.000005000
K:/r: 0.577820560 0.422172773 0.000006667
KJ:/cc/c: 0.500000000 0.500000000 0.000000000
KJ:/cc/crr: 0.000000000 0.500000000 0.500000000
KJ:/cc/r: 0.333333333 0.333333333 0.333333333
KJ:/crc/c: 0.147714321 0.852285679 0.000000000
KJ:/crc/crr: 0.000000000 0.999983075 0.000016925
KJ:/crc/r: 0.000034313 0.800063843 0.199901844
KJ:/crrc/c: 0.507647362 0.492352638 0.000000000
KJ:/crrc/crr: 0.000000000 0.877225502 0.122774498
KJ:/crrc/r: 0.000269028 0.937097366 0.062633606
KJ:/rc/c: 0.469808823 0.530191177 0.000000000
KJ:/rc/crr: 0.000000000 0.773905274 0.226094726
KJ:/rc/r: 0.066898744 0.723577260 0.209523996
KJ:/rrc/c: 0.407063086 0.592936914 0.000000000
KJ:/rrc/crr: 0.000000000 0.999992914 0.000007086
KJ:/rrc/r: 0.035187682 0.902779247 0.062033071
KK:/cc/c: 0.500000000 0.500000000 0.000000000
KK:/cc/crr: 0.000000000 0.500000000 0.500000000
KK:/cc/r: 0.333333333 0.333333333 0.333333333
KK:/crc/c: 0.999995000 0.000005000 0.000000000
KK:/crc/crr: 0.000000000 0.999997500 0.000002500
KK:/crc/r: 0.956114646 0.043882021 0.000003333
KK:/crrc/c: 0.999997500 0.000002500 0.000000000
KK:/crrc/crr: 0.000000000 0.999998750 0.000001250
KK:/crrc/r: 0.996202924 0.003795409 0.000001667
KK:/rc/c: 0.999992104 0.000007896 0.000000000
KK:/rc/crr: 0.000000000 0.999996052 0.000003948
KK:/rc/r: 0.999981586 0.000013150 0.000005264
KK:/rrc/c: 0.999994231 0.000005769 0.000000000
KK:/rrc/crr: 0.000000000 0.999997116 0.000002884
KK:/rrc/r: 0.999577598 0.000418556 0.000003846
KQ:/cc/c: 0.500000000 0.500000000 0.000000000
KQ:/cc/crr: 0.000000000 0.500000000 0.500000000
KQ:/cc/r: 0.333333333 0.333333333 0.333333333
KQ:/crc/c: 0.080978838 0.919021162 0.000000000
KQ:/crc/crr: 0.000000000 0.001413045 0.998586955
KQ:/crc/r: 0.000023472 0.446607359 0.553369170
KQ:/crrc/c: 0.597525437 0.402474563 0.000000000
KQ:/crrc/crr: 0.000000000 0.405455155 0.594544845
KQ:/crrc/r: 0.001149252 0.621838080 0.377012668
KQ:/rc/c: 0.000446940 0.999553060 0.000000000
KQ:/rc/crr: 0.000000000 0.008833024 0.991166976
KQ:/rc/r: 0.000013604 0.301148310 0.698838087
KQ:/rrc/c: 0.508895776 0.491104224 0.000000000
KQ:/rrc/crr: 0.000000000 0.479926688 0.520073312
KQ:/rrc/r: 0.059167602 0.574030133 0.366802264
Q:/c: 0.849275100 0.150724900 0.000000000
Q:/crr: 0.000000000 0.999994113 0.000005887
Q:/r: 0.370064178 0.629901022 0.000034800
QJ:/cc/c: 0.000033173 0.999966827 0.000000000
QJ:/cc/crr: 0.000000000 0.500000000 0.500000000
QJ:/cc/r: 0.000022115 0.000022115 0.999955769
QJ:/crc/c: 0.448437552 0.551562448 0.000000000
QJ:/crc/crr: 0.000000000 0.000032462 0.999967538
QJ:/crc/r: 0.000003925 0.000003925 0.999992150
QJ:/crrc/c: 0.000002944 0.999997056 0.000000000
QJ:/crrc/crr: 0.000000000 0.500000000 0.500000000
QJ:/crrc/r: 0.007512967 0.000001962 0.992485070
QJ:/rc/c: 0.000022250 0.999977750 0.000000000
QJ:/rc/crr: 0.000000000 0.118915878 0.881084122
QJ:/rc/r: 0.000733154 0.000003528 0.999263318
QJ:/rrc/c: 0.000009007 0.999990993 0.000000000
QJ:/rrc/crr: 0.000000000 0.500000000 0.500000000
QJ:/rrc/r: 0.000077512 0.000006005 0.999916483
QK:/cc/c: 0.000235233 0.999764767 0.000000000
QK:/cc/crr: 0.000000000 0.929489046 0.070510954
QK:/cc/r: 0.000082056 0.722304290 0.277613654
QK:/crc/c: 0.311905225 0.688094775 0.000000000
QK:/crc/crr: 0.000000000 0.000744197 0.999255803
QK:/crc/r: 0.000045400 0.468575534 0.531379066
QK:/crrc/c: 0.148928164 0.851071836 0.000000000
QK:/crrc/crr: 0.000000000 0.001370823 0.998629177
QK:/crrc/r: 0.000027491 0.295400366 0.704572143
QK:/rc/c: 0.363603110 0.636396890 0.000000000
QK:/rc/crr: 0.000000000 0.005028670 0.994971330
QK:/rc/r: 0.000012515 0.298279522 0.701707963
QK:/rrc/c: 0.429885972 0.570114028 0.000000000
QK:/rrc/crr: 0.000000000 0.085694493 0.914305507
QK:/rrc/r: 0.000068776 0.518394295 0.481536930
QQ:/cc/c: 0.999966827 0.000033173 0.000000000
QQ:/cc/crr: 0.000000000 0.999983413 0.000016587
QQ:/cc/r: 0.999912714 0.000065171 0.000022115
QQ:/crc/c: 0.999994113 0.000005887 0.000000000
QQ:/crc/crr: 0.000000000 0.999997056 0.000002944
QQ:/crc/r: 0.999844559 0.000151516 0.000003925
QQ:/crrc/c: 0.999997056 0.000002944 0.000000000
QQ:/crrc/crr: 0.000000000 0.999998528 0.000001472
QQ:/crrc/r: 0.999972433 0.000025605 0.000001962
QQ:/rc/c: 0.999994708 0.000005292 0.000000000
QQ:/rc/crr: 0.000000000 0.999997354 0.000002646
QQ:/rc/r: 0.999992023 0.000004449 0.000003528
QQ:/rrc/c: 0.999990993 0.000009007 0.000000000
QQ:/rrc/crr: 0.000000000 0.999995496 0.000004504
QQ:/rrc/r: 0.999956055 0.000037940 0.000006005
