J:/: 0.070405206 0.929594794 0.000000000
J:/cr: 0.018289853 0.034920542 0.946789605
J:/rr: 0.000000000 0.999928983 0.000071017
JJ:/cc/: 0.000034838 0.999965162 0.000000000
JJ:/cc/cr: 0.999996414 0.000001793 0.000001793
JJ:/cc/rr: 0.000000000 0.922804604 0.077195396
JJ:/crc/: 0.953035586 0.046964414 0.000000000
JJ:/crc/cr: 0.999271191 0.000364405 0.000364405
JJ:/crc/rr: 0.000000000 0.999973064 0.000026936
JJ:/crrc/: 0.970877922 0.029122078 0.000000000
JJ:/crrc/cr: 0.997755957 0.001122022 0.001122022
JJ:/crrc/rr: 0.000000000 0.999949516 0.000050484
JJ:/rc/: 0.926077496 0.073922504 0.000000000
JJ:/rc/cr: 0.999359532 0.000320234 0.000320234
JJ:/rc/rr: 0.000000000 0.999961657 0.000038343
JJ:/rrc/: 0.999864235 0.000135765 0.000000000
JJ:/rrc/cr: 0.825623497 0.087188252 0.087188252
JJ:/rrc/rr: 0.000000000 0.999982242 0.000017758
JK:/cc/: 0.088690410 0.911309590 0.000000000
JK:/cc/cr: 0.000001967 0.000001967 0.999996065
JK:/cc/rr: 0.000000000 0.000030323 0.999969677
JK:/crc/: 0.040295709 0.959704291 0.000000000
JK:/crc/cr: 0.005203135 0.000017833 0.994779032
JK:/crc/rr: 0.000000000 0.000637067 0.999362933
JK:/crrc/: 0.999901973 0.000098027 0.000000000
JK:/crrc/cr: 0.333333333 0.333333333 0.333333333
JK:/crrc/rr: 0.000000000 0.000049018 0.999950982
JK:/rc/: 0.999928983 0.000071017 0.000000000
JK:/rc/cr: 0.333333333 0.333333333 0.333333333
JK:/rc/rr: 0.000000000 0.000035511 0.999964489
JK:/rrc/: 0.568576242 0.431423758 0.000000000
JK:/rrc/cr: 0.983967038 0.000027437 0.016005525
JK:/rrc/rr: 0.000000000 0.000031228 0.999968772
JQ:/cc/: 0.168643050 0.831356950 0.000000000
JQ:/cc/cr: 0.000002157 0.000002157 0.999995687
JQ:/cc/rr: 0.000000000 0.000015947 0.999984053
JQ:/crc/: 0.996236038 0.003763962 0.000000000
JQ:/crc/cr: 0.004546818 0.004546818 0.990906364
JQ:/crc/rr: 0.000000000 0.000025768 0.999974232
JQ:/crrc/: 0.032337998 0.967662002 0.000000000
JQ:/crrc/cr: 0.164153039 0.000033768 0.835813194
JQ:/crrc/rr: 0.000000000 0.001515660 0.998484340
JQ:/rc/: 0.995255909 0.004744091 0.000000000
JQ:/rc/cr: 0.004989890 0.004989890 0.990020220
JQ:/rc/rr: 0.000000000 0.000035678 0.999964322
JQ:/rrc/: 0.130171999 0.869828001 0.000000000
JQ:/rrc/cr: 0.000013609 0.000013609 0.999972783
JQ:/rrc/rr: 0.000000000 0.000136401 0.999863599
K:/: 0.756224183 0.243775817 0.000000000
K:/cr: 0.693686409 0.306299917 0.000013674
K:/rr: 0.000000000 0.999993388 0.000006612
KJ:/cc/: 0.000020511 0.999979489 0.000000000
KJ:/cc/cr: 0.000006837 0.000006837 0.999986326
KJ:/cc/rr: 0.000000000 0.500000000 0.500000000
KJ:/crc/: 0.000050094 0.999949906 0.000000000
KJ:/crc/cr: 0.000031879 0.999960681 0.000007441
KJ:/crc/rr: 0.000000000 0.777211269 0.222788731
KJ:/crrc/: 0.021795494 0.978204506 0.000000000
KJ:/crrc/cr: 0.000623385 0.997824871 0.001551744
KJ:/crrc/rr: 0.000000000 0.120791963 0.879208037
KJ:/rc/: 0.029685665 0.970314335 0.000000000
KJ:/rc/cr: 0.005772963 0.970878848 0.023348189
KJ:/rc/rr: 0.000000000 0.119671640 0.880328360
KJ:/rrc/: 0.076252358 0.923747642 0.000000000
KJ:/rrc/cr: 0.000001193 0.999987306 0.000011501
KJ:/rrc/rr: 0.000000000 0.728458716 0.271541284
KK:/cc/: 0.999626544 0.000373456 0.000000000
KK:/cc/cr: 0.963385839 0.018307080 0.018307080
KK:/cc/rr: 0.000000000 0.999989741 0.000010259
KK:/crc/: 0.085029345 0.914970655 0.000000000
KK:/crc/cr: 0.999983737 0.000008132 0.000008132
KK:/crc/rr: 0.000000000 0.999868746 0.000131254
KK:/crrc/: 0.982176146 0.017823854 0.000000000
KK:/crrc/cr: 0.999631360 0.000184320 0.000184320
KK:/crrc/rr: 0.000000000 0.999994983 0.000005017
KK:/rc/: 0.805607541 0.194392459 0.000000000
KK:/rc/cr: 0.999977325 0.000011338 0.000011338
KK:/rc/rr: 0.000000000 0.999995896 0.000004104
KK:/rrc/: 0.511317820 0.488682180 0.000000000
KK:/rrc/cr: 0.999995490 0.000002255 0.000002255
KK:/rrc/rr: 0.000000000 0.999996767 0.000003233
KQ:/cc/: 0.000054877 0.999945123 0.000000000
KQ:/cc/cr: 0.000035770 0.424867818 0.575096412
KQ:/cc/rr: 0.000000000 0.813122864 0.186877136
KQ:/crc/: 0.807506347 0.192493653 0.000000000
KQ:/crc/cr: 0.000260343 0.612803261 0.386936396
KQ:/crc/rr: 0.000000000 0.000028757 0.999971243
KQ:/crrc/: 0.001892858 0.998107142 0.000000000
KQ:/crrc/cr: 0.000070178 0.718513192 0.281416630
KQ:/crrc/rr: 0.000000000 0.015227507 0.984772493
KQ:/rc/: 0.000040925 0.999959075 0.000000000
KQ:/rc/cr: 0.000036441 0.476622798 0.523340761
KQ:/rc/rr: 0.000000000 0.080778959 0.919221041
KQ:/rrc/: 0.711909981 0.288090019 0.000000000
KQ:/rrc/cr: 0.028300708 0.886034262 0.085665030
KQ:/rrc/rr: 0.000000000 0.391064157 0.608935843
Q:/: 0.749983485 0.250016515 0.000000000
Q:/cr: 0.155633150 0.844246672 0.000120178
Q:/rr: 0.000000000 0.999993333 0.000006667
QJ:/cc/: 0.000019999 0.999980001 0.000000000
QJ:/cc/cr: 0.000006666 0.000006666 0.999986667
QJ:/cc/rr: 0.000000000 0.500000000 0.500000000
QJ:/crc/: 0.031556573 0.968443427 0.000000000
QJ:/crc/cr: 0.002239621 0.000002718 0.997757661
QJ:/crc/rr: 0.000000000 0.000125110 0.999874890
QJ:/crrc/: 0.040749151 0.959250849 0.000000000
QJ:/crrc/cr: 0.000119551 0.000014884 0.999865565
QJ:/crrc/rr: 0.000000000 0.000525569 0.999474431
QJ:/rc/: 0.013858325 0.986141675 0.000000000
QJ:/rc/cr: 0.000002254 0.000002254 0.999995493
QJ:/rc/rr: 0.000000000 0.000240535 0.999759465
QJ:/rrc/: 0.000003333 0.999996667 0.000000000
QJ:/rrc/cr: 0.000001111 0.000001111 0.999997778
QJ:/rrc/rr: 0.000000000 0.500000000 0.500000000
QK:/cc/: 0.026530071 0.973469929 0.000000000
QK:/cc/cr: 0.000312554 0.998441191 0.001246255
QK:/cc/rr: 0.000000000 0.049482018 0.950517982
QK:/crc/: 0.001465100 0.998534900 0.000000000
QK:/crc/cr: 0.000002636 0.558553335 0.441444029
QK:/crc/rr: 0.000000000 0.002694718 0.997305282
QK:/crrc/: 0.958832172 0.041167828 0.000000000
QK:/crrc/cr: 0.000757589 0.191661866 0.807580546
QK:/crrc/rr: 0.000000000 0.000615422 0.999384578
QK:/rc/: 0.408713320 0.591286680 0.000000000
QK:/rc/cr: 0.001089664 0.534786550 0.464123785
QK:/rc/rr: 0.000000000 0.176347559 0.823652441
QK:/rrc/: 0.114906597 0.885093403 0.000000000
QK:/rrc/cr: 0.000001255 0.299016382 0.700982363
QK:/rrc/rr: 0.000000000 0.000547249 0.999452751
QQ:/cc/: 0.481746807 0.518253193 0.000000000
QQ:/cc/cr: 0.999974274 0.000012863 0.000012863
QQ:/cc/rr: 0.000000000 0.999979244 0.000020756
QQ:/crc/: 0.981397989 0.018602011 0.000000000
QQ:/crc/cr: 0.999717018 0.000141491 0.000141491
QQ:/crc/rr: 0.000000000 0.999995977 0.000004023
QQ:/crrc/: 0.098591563 0.901408437 0.000000000
QQ:/crrc/cr: 0.999968321 0.000015839 0.000015839
QQ:/crrc/rr: 0.000000000 0.999782776 0.000217224
QQ:/rc/: 0.469636285 0.530363715 0.000000000
QQ:/rc/cr: 0.999987875 0.000007935 0.000004190
QQ:/rc/rr: 0.000000000 0.999992902 0.000007098
QQ:/rrc/: 0.983937027 0.016062973 0.000000000
QQ:/rrc/cr: 0.999861652 0.000069174 0.000069174
QQ:/rrc/rr: 0.000000000 0.999998306 0.000001694
