J:/c: 0.283621745 0.716378255 0.000000000
J:/crr: 0.000000000 0.999982371 0.000017629
J:/r: 0.054481261 0.127461637 0.818057102
JJ:/cc/c: 0.999993020 0.000006980 0.000000000
JJ:/cc/crr: 0.000000000 0.999996510 0.000003490
JJ:/cc/r: 0.999990694 0.000004653 0.000004653
JJ:/crc/c: 0.999982371 0.000017629 0.000000000
JJ:/crc/crr: 0.000000000 0.999991185 0.000008815
JJ:/crc/r: 0.999953456 0.000034792 0.000011753
JJ:/crrc/c: 0.999991185 0.000008815 0.000000000
JJ:/crrc/crr: 0.000000000 0.999995593 0.000004407
JJ:/crrc/r: 0.999973863 0.000020260 0.000005876
JJ:/rc/c: 0.999973848 0.000026152 0.000000000
JJ:/rc/crr: 0.000000000 0.999986924 0.000013076
JJ:/rc/r: 0.999959937 0.000022628 0.000017434
JJ:/rrc/c: 0.999938817 0.000061183 0.000000000
JJ:/rrc/crr: 0.000000000 0.999969407 0.000030593
JJ:/rrc/r: 0.999766306 0.000192905 0.000040789
JK:/cc/c: 0.007958705 0.992041295 0.000000000
JK:/cc/crr: 0.000000000 0.000438485 0.999561515
JK:/cc/r: 0.000004653 0.000004653 0.999990694
JK:/crc/c: 0.537353942 0.462646058 0.000000000
JK:/crc/crr: 0.000000000 0.000016404 0.999983596
JK:/crc/r: 0.022206581 0.000011753 0.977781666
JK:/crrc/c: 0.397971405 0.602028595 0.000000000
JK:/crrc/crr: 0.000000000 0.000011075 0.999988925
JK:/crrc/r: 0.227283569 0.000005876 0.772710554
JK:/rc/c: 0.394514932 0.605485068 0.000000000
JK:/rc/crr: 0.000000000 0.000033144 0.999966856
JK:/rc/r: 0.366654222 0.000017434 0.633328343
JK:/rrc/c: 0.999760037 0.000239963 0.000000000
JK:/rrc/crr: 0.000000000 0.000030599 0.999969401
JK:/rrc/r: 0.297069441 0.000040789 0.702889770
JQ:/cc/c: 0.069790229 0.930209771 0.000000000
JQ:/cc/crr: 0.000000000 0.000050004 0.999949996
JQ:/cc/r: 0.038165576 0.000004653 0.961829771
JQ:/crc/c: 0.516949377 0.483050623 0.000000000
JQ:/crc/crr: 0.000000000 0.000017051 0.999982949
JQ:/crc/r: 0.032316234 0.000011753 0.967672013
JQ:/crrc/c: 0.038528902 0.961471098 0.000000000
JQ:/crrc/crr: 0.000000000 0.000114391 0.999885609
JQ:/crrc/r: 0.136371958 0.000005876 0.863622165
JQ:/rc/c: 0.993845047 0.006154953 0.000000000
JQ:/rc/crr: 0.000000000 0.000013157 0.999986843
JQ:/rc/r: 0.000017434 0.000017434 0.999965131
JQ:/rrc/c: 0.037813210 0.962186790 0.000000000
JQ:/rrc/crr: 0.000000000 0.000809018 0.999190982
JQ:/rrc/r: 0.433920192 0.000040789 0.566039019
K:/c: 0.999969359 0.000030641 0.000000000
K:/crr: 0.000000000 0.999995000 0.000005000
K:/r: 0.578983286 0.421010047 0.000006667
KJ:/cc/c: 0.393056942 0.606943058 0.000000000
KJ:/cc/crr: 0.000000000 0.792422871 0.207577129
KJ:/cc/r: 0.530138532 0.225824169 0.244037299
KJ:/crc/c: 0.097198366 0.902801634 0.000000000
KJ:/crc/crr: 0.000000000 0.999974279 0.000025721
KJ:/crc/r: 0.000096590 0.720596558 0.279306852
KJ:/crrc/c: 0.285353963 0.714646037 0.000000000
KJ:/crrc/crr: 0.000000000 0.999995619 0.000004381
KJ:/crrc/r: 0.029915168 0.812532472 0.157552360
KJ:/rc/c: 0.440055943 0.559944057 0.000000000
KJ:/rc/crr: 0.000000000 0.931585808 0.068414192
KJ:/rc/r: 0.022778502 0.744110792 0.233110706
KJ:/rrc/c: 0.210363250 0.789636750 0.000000000
KJ:/rrc/crr: 0.000000000 0.999986316 0.000013684
KJ:/rrc/r: 0.043302885 0.885610210 0.071086905
KK:/cc/c: 0.836820737 0.163179263 0.000000000
KK:/cc/crr: 0.000000000 0.902500466 0.097499534
KK:/cc/r: 0.616160582 0.275053242 0.108786176
KK:/crc/c: 0.999995000 0.000005000 0.000000000
KK:/crc/crr: 0.000000000 0.999997500 0.000002500
KK:/crc/r: 0.999988641 0.000008026 0.000003333
KK:/crrc/c: 0.999997500 0.000002500 0.000000000
KK:/crrc/crr: 0.000000000 0.999998750 0.000001250
KK:/crrc/r: 0.999996667 0.000001667 0.000001667
KK:/rc/c: 0.999992083 0.000007917 0.000000000
KK:/rc/crr: 0.000000000 0.999996041 0.000003959
KK:/rc/r: 0.999978890 0.000015832 0.000005278
KK:/rrc/c: 0.999994243 0.000005757 0.000000000
KK:/rrc/crr: 0.000000000 0.999997121 0.000002879
KK:/rrc/r: 0.999806190 0.000189972 0.000003838
KQ:/cc/c: 0.827669199 0.172330801 0.000000000
KQ:/cc/crr: 0.000000000 0.901422414 0.098577586
KQ:/cc/r: 0.510220430 0.332483174 0.157296396
KQ:/crc/c: 0.046223831 0.953776169 0.000000000
KQ:/crc/crr: 0.000000000 0.002549029 0.997450971
KQ:/crc/r: 0.000028879 0.432067988 0.567903133
KQ:/crrc/c: 0.621565788 0.378434212 0.000000000
KQ:/crrc/crr: 0.000000000 0.409293027 0.590706973
KQ:/crrc/r: 0.000875913 0.820406100 0.178717987
KQ:/rc/c: 0.000734023 0.999265977 0.000000000
KQ:/rc/crr: 0.000000000 0.123503278 0.876496722
KQ:/rc/r: 0.000023807 0.299195330 0.700780863
KQ:/rrc/c: 0.488941666 0.511058334 0.000000000
KQ:/rrc/crr: 0.000000000 0.509434208 0.490565792
KQ:/rrc/r: 0.078788634 0.541032118 0.380179248
Q:/c: 0.849091141 0.150908859 0.000000000
Q:/crr: 0.000000000 0.999994111 0.000005889
Q:/r: 0.365278244 0.634662504 0.000059252
QJ:/cc/c: 0.000328527 0.999671473 0.000000000
QJ:/cc/crr: 0.000000000 0.050426013 0.949573987
QJ:/cc/r: 0.000026283 0.000022088 0.999951629
QJ:/crc/c: 0.394337616 0.605662384 0.000000000
QJ:/crc/crr: 0.000000000 0.000273376 0.999726624
QJ:/crc/r: 0.000003926 0.000003926 0.999992148
QJ:/crrc/c: 0.000068906 0.999931094 0.000000000
QJ:/crrc/crr: 0.000000000 0.021365008 0.978634992
QJ:/crrc/r: 0.021046084 0.000001963 0.978951953
QJ:/rc/c: 0.000049199 0.999950801 0.000000000
QJ:/rc/crr: 0.000000000 0.053376269 0.946623731
QJ:/rc/r: 0.021159778 0.000003501 0.978836721
QJ:/rrc/c: 0.000226082 0.999773918 0.000000000
QJ:/rrc/crr: 0.000000000 0.062858980 0.937141020
QJ:/rrc/r: 0.000084341 0.000006084 0.999909575
QK:/cc/c: 0.048203161 0.951796839 0.000000000
QK:/cc/crr: 0.000000000 0.999656324 0.000343676
QK:/cc/r: 0.000102773 0.760974384 0.238922843
QK:/crc/c: 0.369419162 0.630580838 0.000000000
QK:/crc/crr: 0.000000000 0.007646467 0.992353533
QK:/crc/r: 0.000258546 0.514617071 0.485124383
QK:/crrc/c: 0.137595463 0.862404537 0.000000000
QK:/crrc/crr: 0.000000000 0.003314239 0.996685761
QK:/crrc/r: 0.000080231 0.290137881 0.709781889
QK:/rc/c: 0.356126709 0.643873291 0.000000000
QK:/rc/crr: 0.000000000 0.030192127 0.969807873
QK:/rc/r: 0.000012027 0.303865910 0.696122064
QK:/rrc/c: 0.431302595 0.568697405 0.000000000
QK:/rrc/crr: 0.000000000 0.072305166 0.927694834
QK:/rrc/r: 0.000077583 0.521997192 0.477925225
QQ:/cc/c: 0.999966867 0.000033133 0.000000000
QQ:/cc/crr: 0.000000000 0.999983433 0.000016567
QQ:/cc/r: 0.996612241 0.003365670 0.000022088
QQ:/crc/c: 0.999994111 0.000005889 0.000000000
QQ:/crc/crr: 0.000000000 0.999997056 0.000002944
QQ:/crc/r: 0.999946472 0.000049603 0.000003926
QQ:/crrc/c: 0.999997056 0.000002944 0.000000000
QQ:/crrc/crr: 0.000000000 0.999998528 0.000001472
QQ:/crrc/r: 0.999996074 0.000001963 0.000001963
QQ:/rc/c: 0.999994748 0.000005252 0.000000000
QQ:/rc/crr: 0.000000000 0.999997374 0.000002626
QQ:/rc/r: 0.999992333 0.000004166 0.000003501
QQ:/rrc/c: 0.999990875 0.000009125 0.000000000
QQ:/rrc/crr: 0.000000000 0.999995437 0.000004563
QQ:/rrc/r: 0.999959881 0.000034035 0.000006084
