J:/c: 0.310220238 0.689779762 0.000000000
J:/crr: 0.000000000 0.999983882 0.000016118
J:/r: 0.056092593 0.130881142 0.813026265
JJ:/cc/c: 0.999992751 0.000007249 0.000000000
JJ:/cc/crr: 0.000000000 0.999996376 0.000003624
JJ:/cc/r: 0.999886009 0.000109159 0.000004832
JJ:/crc/c: 0.999983882 0.000016118 0.000000000
JJ:/crc/crr: 0.000000000 0.999991941 0.000008059
JJ:/crc/r: 0.999972083 0.000017172 0.000010745
JJ:/crrc/c: 0.999991941 0.000008059 0.000000000
JJ:/crrc/crr: 0.000000000 0.999995971 0.000004029
JJ:/crrc/r: 0.999981601 0.000013027 0.000005373
JJ:/rc/c: 0.999974532 0.000025468 0.000000000
JJ:/rc/crr: 0.000000000 0.999987265 0.000012735
JJ:/rc/r: 0.999966042 0.000016979 0.000016979
JJ:/rrc/c: 0.999940574 0.000059426 0.000000000
JJ:/rrc/crr: 0.000000000 0.999970285 0.000029715
JJ:/rrc/r: 0.999920766 0.000039617 0.000039617
JK:/cc/c: 0.003718873 0.996281127 0.000000000
JK:/cc/crr: 0.000000000 0.000974582 0.999025418
JK:/cc/r: 0.000028823 0.000004832 0.999966345
JK:/crc/c: 0.518163805 0.481836195 0.000000000
JK:/crc/crr: 0.000000000 0.000015553 0.999984447
JK:/crc/r: 0.000011736 0.000010745 0.999977519
JK:/crrc/c: 0.393526668 0.606473332 0.000000000
JK:/crrc/crr: 0.000000000 0.000010239 0.999989761
JK:/crrc/r: 0.270337768 0.000005373 0.729656859
JK:/rc/c: 0.387748752 0.612251248 0.000000000
JK:/rc/crr: 0.000000000 0.000032841 0.999967159
JK:/rc/r: 0.358098506 0.000016979 0.641884515
JK:/rrc/c: 0.999940574 0.000059426 0.000000000
JK:/rrc/crr: 0.000000000 0.000029715 0.999970285
JK:/rrc/r: 0.291891505 0.000039617 0.708068878
JQ:/cc/c: 0.071015830 0.928984170 0.000000000
JQ:/cc/crr: 0.000000000 0.000051036 0.999948964
JQ:/cc/r: 0.031815922 0.000004832 0.968179245
JQ:/crc/c: 0.388209131 0.611790869 0.000000000
JQ:/crc/crr: 0.000000000 0.000020759 0.999979241
JQ:/crc/r: 0.000011621 0.000010745 0.999977634
JQ:/crrc/c: 0.002842530 0.997157470 0.000000000
JQ:/crrc/crr: 0.000000000 0.001417561 0.998582439
JQ:/crrc/r: 0.005079428 0.000005373 0.994915200
JQ:/rc/c: 0.999515205 0.000484795 0.000000000
JQ:/rc/crr: 0.000000000 0.000012740 0.999987260
JQ:/rc/r: 0.000016979 0.000016979 0.999966042
JQ:/rrc/c: 0.046125486 0.953874514 0.000000000
JQ:/rrc/crr: 0.000000000 0.000644173 0.999355827
JQ:/rrc/r: 0.547967624 0.000039617 0.451992759
K:/c: 0.999990000 0.000010000 0.000000000
K:/crr: 0.000000000 0.999995000 0.000005000
K:/r: 0.578318938 0.421674395 0.000006667
KJ:/cc/c: 0.500000000 0.500000000 0.000000000
KJ:/cc/crr: 0.000000000 0.500000000 0.500000000
KJ:/cc/r: 0.333333333 0.333333333 0.333333333
KJ:/crc/c: 0.099618072 0.900381928 0.000000000
KJ:/crc/crr: 0.000000000 0.999974904 0.000025096
KJ:/crc/r: 0.000006957 0.997382221 0.002610822
KJ:/crrc/c: 0.474399259 0.525600741 0.000000000
KJ:/crrc/crr: 0.000000000 0.999997365 0.000002635
KJ:/crrc/r: 0.012061424 0.928331705 0.059606871
KJ:/rc/c: 0.495858985 0.504141015 0.000000000
KJ:/rc/crr: 0.000000000 0.999992029 0.000007971
KJ:/rc/r: 0.000023369 0.999957864 0.000018767
KJ:/rrc/c: 0.457039774 0.542960226 0.000000000
KJ:/rrc/crr: 0.000000000 0.999993694 0.000006306
KJ:/rrc/r: 0.000269790 0.952141019 0.047589191
KK:/cc/c: 0.500000000 0.500000000 0.000000000
KK:/cc/crr: 0.000000000 0.500000000 0.500000000
KK:/cc/r: 0.333333333 0.333333333 0.333333333
KK:/crc/c: 0.999995000 0.000005000 0.000000000
KK:/crc/crr: 0.000000000 0.999997500 0.000002500
KK:/crc/r: 0.995820480 0.004176186 0.000003333
KK:/crrc/c: 0.999997500 0.000002500 0.000000000
KK:/crrc/crr: 0.000000000 0.999998750 0.000001250
KK:/crrc/r: 0.999196801 0.000801532 0.000001667
KK:/rc/c: 0.999992095 0.000007905 0.000000000
KK:/rc/crr: 0.000000000 0.999996047 0.000003953
KK:/rc/r: 0.999969577 0.000025153 0.000005270
KK:/rrc/c: 0.999994236 0.000005764 0.000000000
KK:/rrc/crr: 0.000000000 0.999997118 0.000002882
KK:/rrc/r: 0.998474878 0.001521280 0.000003843
KQ:/cc/c: 0.500000000 0.500000000 0.000000000
KQ:/cc/crr: 0.000000000 0.500000000 0.500000000
KQ:/cc/r: 0.333333333 0.333333333 0.333333333
KQ:/crc/c: 0.270147372 0.729852628 0.000000000
KQ:/crc/crr: 0.000000000 0.107704941 0.892295059
KQ:/crc/r: 0.000010170 0.480495966 0.519493864
KQ:/crrc/c: 0.666586631 0.333413369 0.000000000
KQ:/crrc/crr: 0.000000000 0.456099295 0.543900705
KQ:/crrc/r: 0.000042002 0.945506518 0.054451480
KQ:/rc/c: 0.000007905 0.999992095 0.000000000
KQ:/rc/crr: 0.000000000 0.500000000 0.500000000
KQ:/rc/r: 0.000006481 0.302992141 0.697001378
KQ:/rrc/c: 0.455322855 0.544677145 0.000000000
KQ:/rrc/crr: 0.000000000 0.424192579 0.575807421
KQ:/rrc/r: 0.000163375 0.674381745 0.325454881
Q:/c: 0.846644219 0.153355781 0.000000000
Q:/crr: 0.000000000 0.999994094 0.000005906
Q:/r: 0.347677774 0.652274149 0.000048076
QJ:/cc/c: 0.000032604 0.999967396 0.000000000
QJ:/cc/crr: 0.000000000 0.500000000 0.500000000
QJ:/cc/r: 0.000021736 0.000021736 0.999956528
QJ:/crc/c: 0.430213266 0.569786734 0.000000000
QJ:/crc/crr: 0.000000000 0.000006864 0.999993136
QJ:/crc/r: 0.000003937 0.000003937 0.999992126
QJ:/crrc/c: 0.000002953 0.999997047 0.000000000
QJ:/crrc/crr: 0.000000000 0.500000000 0.500000000
QJ:/crrc/r: 0.000001969 0.000001969 0.999996063
QJ:/rc/c: 0.000005110 0.999994890 0.000000000
QJ:/rc/crr: 0.000000000 0.500000000 0.500000000
QJ:/rc/r: 0.000003407 0.000003407 0.999993186
QJ:/rrc/c: 0.000009587 0.999990413 0.000000000
QJ:/rrc/crr: 0.000000000 0.500000000 0.500000000
QJ:/rrc/r: 0.000006392 0.000006392 0.999987217
QK:/cc/c: 0.039640497 0.960359503 0.000000000
QK:/cc/crr: 0.000000000 0.999588755 0.000411245
QK:/cc/r: 0.000095834 0.709887161 0.290017005
QK:/crc/c: 0.307826903 0.692173097 0.000000000
QK:/crc/crr: 0.000000000 0.000267135 0.999732865
QK:/crc/r: 0.000025681 0.493428342 0.506545976
QK:/crrc/c: 0.245437783 0.754562217 0.000000000
QK:/crrc/crr: 0.000000000 0.000471496 0.999528504
QK:/crrc/r: 0.000015815 0.246040173 0.753944012
QK:/rc/c: 0.354481799 0.645518201 0.000000000
QK:/rc/crr: 0.000000000 0.000108323 0.999891677
QK:/rc/r: 0.000003407 0.325070347 0.674926247
QK:/rrc/c: 0.426665161 0.573334839 0.000000000
QK:/rrc/crr: 0.000000000 0.012937273 0.987062727
QK:/rrc/r: 0.000006392 0.489331981 0.510661627
QQ:/cc/c: 0.999967396 0.000032604 0.000000000
QQ:/cc/crr: 0.000000000 0.999983698 0.000016302
QQ:/cc/r: 0.997800716 0.002177548 0.000021736
QQ:/crc/c: 0.999994094 0.000005906 0.000000000
QQ:/crc/crr: 0.000000000 0.999997047 0.000002953
QQ:/crc/r: 0.962591503 0.037404560 0.000003937
QQ:/crrc/c: 0.999997047 0.000002953 0.000000000
QQ:/crrc/crr: 0.000000000 0.999998524 0.000001476
QQ:/crrc/r: 0.999892873 0.000105158 0.000001969
QQ:/rc/c: 0.999994890 0.000005110 0.000000000
QQ:/rc/crr: 0.000000000 0.999997445 0.000002555
QQ:/rc/r: 0.999993186 0.000003407 0.000003407
QQ:/rrc/c: 0.999990413 0.000009587 0.000000000
QQ:/rrc/crr: 0.000000000 0.999995206 0.000004794
QQ:/rrc/r: 0.999983604 0.000010004 0.000006392
