J:/c: 0.300480769 0.699519231 0.000000000
J:/crr: 0.000000000 0.999983360 0.000016640
J:/r: 0.053538653 0.129443767 0.817017580
JJ:/cc/c: 0.999992852 0.000007148 0.000000000
JJ:/cc/crr: 0.000000000 0.999996426 0.000003574
JJ:/cc/r: 0.999990470 0.000004765 0.000004765
JJ:/crc/c: 0.999983360 0.000016640 0.000000000
JJ:/crc/crr: 0.000000000 0.999991680 0.000008320
JJ:/crc/r: 0.998808979 0.001179927 0.000011093
JJ:/crrc/c: 0.999991680 0.000008320 0.000000000
JJ:/crrc/crr: 0.000000000 0.999995840 0.000004160
JJ:/crrc/r: 0.999964561 0.000029892 0.000005547
JJ:/rc/c: 0.999974249 0.000025751 0.000000000
JJ:/rc/crr: 0.000000000 0.999987124 0.000012876
JJ:/rc/r: 0.999965665 0.000017167 0.000017167
JJ:/rrc/c: 0.999937740 0.000062260 0.000000000
JJ:/rrc/crr: 0.000000000 0.999968868 0.000031132
JJ:/rrc/r: 0.999916986 0.000041507 0.000041507
JK:/cc/c: 0.000007148 0.999992852 0.000000000
JK:/cc/crr: 0.000000000 0.500000000 0.500000000
JK:/cc/r: 0.000004765 0.000004765 0.999990470
JK:/crc/c: 0.519699714 0.480300286 0.000000000
JK:/crc/crr: 0.000000000 0.000016009 0.999983991
JK:/crc/r: 0.026753862 0.000011093 0.973235044
JK:/crrc/c: 0.650391883 0.349608117 0.000000000
JK:/crrc/crr: 0.000000000 0.000007114 0.999992886
JK:/crrc/r: 0.150207803 0.000005547 0.849786651
JK:/rc/c: 0.380250336 0.619749664 0.000000000
JK:/rc/crr: 0.000000000 0.000033861 0.999966139
JK:/rc/r: 0.360660835 0.000017167 0.639321998
JK:/rrc/c: 0.999937740 0.000062260 0.000000000
JK:/rrc/crr: 0.000000000 0.000031132 0.999968868
JK:/rrc/r: 0.276911215 0.000041507 0.723047279
JQ:/cc/c: 0.071194267 0.928805733 0.000000000
JQ:/cc/crr: 0.000000000 0.000050199 0.999949801
JQ:/cc/r: 0.033373461 0.000004765 0.966621774
JQ:/crc/c: 0.570971301 0.429028699 0.000000000
JQ:/crc/crr: 0.000000000 0.000014572 0.999985428
JQ:/crc/r: 0.000062097 0.000011093 0.999926810
JQ:/crrc/c: 0.046640884 0.953359116 0.000000000
JQ:/crrc/crr: 0.000000000 0.000089194 0.999910806
JQ:/crrc/r: 0.008448829 0.000005547 0.991545624
JQ:/rc/c: 0.997211824 0.002788176 0.000000000
JQ:/rc/crr: 0.000000000 0.000012912 0.999987088
JQ:/rc/r: 0.000017167 0.000017167 0.999965665
JQ:/rrc/c: 0.000062260 0.999937740 0.000000000
JQ:/rrc/crr: 0.000000000 0.500000000 0.500000000
JQ:/rrc/r: 0.432362394 0.000041507 0.567596100
K:/c: 0.999934231 0.000065769 0.000000000
K:/crr: 0.000000000 0.999995000 0.000005000
K:/r: 0.575507645 0.424485689 0.000006667
KJ:/cc/c: 0.076024098 0.923975902 0.000000000
KJ:/cc/crr: 0.000000000 0.500000000 0.500000000
KJ:/cc/r: 0.050682732 0.050682732 0.898634536
KJ:/crc/c: 0.063460906 0.936539094 0.000000000
KJ:/crc/crr: 0.000000000 0.999960603 0.000039397
KJ:/crc/r: 0.000021863 0.723791561 0.276186576
KJ:/crrc/c: 0.497693887 0.502306113 0.000000000
KJ:/crrc/crr: 0.000000000 0.999997488 0.000002512
KJ:/crrc/r: 0.000067562 0.999922315 0.000010123
KJ:/rc/c: 0.517009626 0.482990374 0.000000000
KJ:/rc/crr: 0.000000000 0.832741835 0.167258165
KJ:/rc/r: 0.170775885 0.597681143 0.231542972
KJ:/rrc/c: 0.114898609 0.885101391 0.000000000
KJ:/rrc/crr: 0.000000000 0.999974795 0.000025205
KJ:/rrc/r: 0.004833614 0.968010358 0.027156028
KK:/cc/c: 0.923975902 0.076024098 0.000000000
KK:/cc/crr: 0.000000000 0.958860346 0.041139654
KK:/cc/r: 0.898634536 0.050682732 0.050682732
KK:/crc/c: 0.999995000 0.000005000 0.000000000
KK:/crc/crr: 0.000000000 0.999997500 0.000002500
KK:/crc/r: 0.992623270 0.007373396 0.000003334
KK:/crrc/c: 0.999997500 0.000002500 0.000000000
KK:/crrc/crr: 0.000000000 0.999998750 0.000001250
KK:/crrc/r: 0.999904408 0.000093925 0.000001667
KK:/rc/c: 0.999992147 0.000007853 0.000000000
KK:/rc/crr: 0.000000000 0.999996074 0.000003926
KK:/rc/r: 0.999975480 0.000019285 0.000005235
KK:/rrc/c: 0.999994208 0.000005792 0.000000000
KK:/rrc/crr: 0.000000000 0.999997104 0.000002896
KK:/rrc/r: 0.998707386 0.001288753 0.000003861
KQ:/cc/c: 0.076024098 0.923975902 0.000000000
KQ:/cc/crr: 0.000000000 0.500000000 0.500000000
KQ:/cc/r: 0.050682732 0.898634536 0.050682732
KQ:/crc/c: 0.000119182 0.999880818 0.000000000
KQ:/crc/crr: 0.000000000 0.972091412 0.027908588
KQ:/crc/r: 0.000015226 0.434972179 0.565012595
KQ:/crrc/c: 0.610717777 0.389282223 0.000000000
KQ:/crrc/crr: 0.000000000 0.408773759 0.591226241
KQ:/crrc/r: 0.028034717 0.786051945 0.185913338
KQ:/rc/c: 0.000007853 0.999992147 0.000000000
KQ:/rc/crr: 0.000000000 0.500000000 0.500000000
KQ:/rc/r: 0.000011586 0.299196765 0.700791649
KQ:/rrc/c: 0.514166288 0.485833712 0.000000000
KQ:/rrc/crr: 0.000000000 0.512774007 0.487225993
KQ:/rrc/r: 0.079377852 0.545234855 0.375387294
Q:/c: 0.848871132 0.151128868 0.000000000
Q:/crr: 0.000000000 0.999994110 0.000005890
Q:/r: 0.360468792 0.639499392 0.000031817
QJ:/cc/c: 0.000033084 0.999966916 0.000000000
QJ:/cc/crr: 0.000000000 0.500000000 0.500000000
QJ:/cc/r: 0.000022056 0.000022056 0.999955888
QJ:/crc/c: 0.388612255 0.611387745 0.000000000
QJ:/crc/crr: 0.000000000 0.000074695 0.999925305
QJ:/crc/r: 0.000003927 0.000003927 0.999992146
QJ:/crrc/c: 0.000002945 0.999997055 0.000000000
QJ:/crrc/crr: 0.000000000 0.500000000 0.500000000
QJ:/crrc/r: 0.000001963 0.000001963 0.999996073
QJ:/rc/c: 0.000005212 0.999994788 0.000000000
QJ:/rc/crr: 0.000000000 0.500000000 0.500000000
QJ:/rc/r: 0.000004345 0.000003475 0.999992180
QJ:/rrc/c: 0.000009247 0.999990753 0.000000000
QJ:/rrc/crr: 0.000000000 0.500000000 0.500000000
QJ:/rrc/r: 0.000029423 0.000006165 0.999964412
QK:/cc/c: 0.004184456 0.995815544 0.000000000
QK:/cc/crr: 0.000000000 0.996046756 0.003953244
QK:/cc/r: 0.000096414 0.728220424 0.271683162
QK:/crc/c: 0.333934575 0.666065425 0.000000000
QK:/crc/crr: 0.000000000 0.000539233 0.999460767
QK:/crc/r: 0.000031836 0.462068254 0.537899910
QK:/crrc/c: 0.000083199 0.999916801 0.000000000
QK:/crrc/crr: 0.000000000 0.982300908 0.017699092
QK:/crrc/r: 0.000037706 0.325429682 0.674532613
QK:/rc/c: 0.376147131 0.623852869 0.000000000
QK:/rc/crr: 0.000000000 0.000168412 0.999831588
QK:/rc/r: 0.000004063 0.308458691 0.691537246
QK:/rrc/c: 0.437896229 0.562103771 0.000000000
QK:/rrc/crr: 0.000000000 0.074229278 0.925770722
QK:/rrc/r: 0.000047903 0.525228848 0.474723248
QQ:/cc/c: 0.999966916 0.000033084 0.000000000
QQ:/cc/crr: 0.000000000 0.999983457 0.000016543
QQ:/cc/r: 0.997306613 0.002671331 0.000022056
QQ:/crc/c: 0.999994110 0.000005890 0.000000000
QQ:/crc/crr: 0.000000000 0.999997055 0.000002945
QQ:/crc/r: 0.999952526 0.000043547 0.000003927
QQ:/crrc/c: 0.999997055 0.000002945 0.000000000
QQ:/crrc/crr: 0.000000000 0.999998527 0.000001473
QQ:/crrc/r: 0.999992206 0.000005831 0.000001963
QQ:/rc/c: 0.999994788 0.000005212 0.000000000
QQ:/rc/crr: 0.000000000 0.999997394 0.000002606
QQ:/rc/r: 0.999992530 0.000003995 0.000003475
QQ:/rrc/c: 0.999990753 0.000009247 0.000000000
QQ:/rrc/crr: 0.000000000 0.999995376 0.000004624
QQ:/rrc/r: 0.999962983 0.000030852 0.000006165
