J:/c: 0.308791888 0.691208112 0.000000000
J:/crr: 0.000000000 0.999983808 0.000016192
J:/r: 0.054510720 0.124816028 0.820673252
JJ:/cc/c: 0.999992766 0.000007234 0.000000000
JJ:/cc/crr: 0.000000000 0.999996383 0.000003617
JJ:/cc/r: 0.999929111 0.000066067 0.000004822
JJ:/crc/c: 0.999983808 0.000016192 0.000000000
JJ:/crc/crr: 0.000000000 0.999991904 0.000008096
JJ:/crc/r: 0.999780436 0.000208769 0.000010795
JJ:/crrc/c: 0.999991904 0.000008096 0.000000000
JJ:/crrc/crr: 0.000000000 0.999995952 0.000004048
JJ:/crrc/r: 0.999989205 0.000005397 0.000005397
JJ:/rc/c: 0.999973294 0.000026706 0.000000000
JJ:/rc/crr: 0.000000000 0.999986647 0.000013353
JJ:/rc/r: 0.999964392 0.000017804 0.000017804
JJ:/rrc/c: 0.999938850 0.000061150 0.000000000
JJ:/rrc/crr: 0.000000000 0.999969423 0.000030577
JJ:/rrc/r: 0.999918467 0.000040767 0.000040767
JK:/cc/c: 0.009280882 0.990719118 0.000000000
JK:/cc/crr: 0.000000000 0.000389710 0.999610290
JK:/cc/r: 0.000004822 0.000004822 0.999990355
JK:/crc/c: 0.510585033 0.489414967 0.000000000
JK:/crc/crr: 0.000000000 0.000015856 0.999984144
JK:/crc/r: 0.003505798 0.000010795 0.996483407
JK:/crrc/c: 0.404522847 0.595477153 0.000000000
JK:/crrc/crr: 0.000000000 0.000010007 0.999989993
JK:/crrc/r: 0.163273434 0.000005397 0.836721169
JK:/rc/c: 0.375206910 0.624793090 0.000000000
JK:/rc/crr: 0.000000000 0.000035588 0.999964412
JK:/rc/r: 0.371524249 0.000017804 0.628457947
JK:/rrc/c: 0.999938850 0.000061150 0.000000000
JK:/rrc/crr: 0.000000000 0.000030577 0.999969423
JK:/rrc/r: 0.323227039 0.000040767 0.676732194
JQ:/cc/c: 0.070554933 0.929445067 0.000000000
JQ:/cc/crr: 0.000000000 0.000051263 0.999948737
JQ:/cc/r: 0.033881564 0.000004822 0.966113613
JQ:/crc/c: 0.491498193 0.508501807 0.000000000
JQ:/crc/crr: 0.000000000 0.000016472 0.999983528
JQ:/crc/r: 0.000010795 0.000010795 0.999978410
JQ:/crrc/c: 0.075389202 0.924610798 0.000000000
JQ:/crrc/crr: 0.000000000 0.000053696 0.999946304
JQ:/crrc/r: 0.182214868 0.000005397 0.817779734
JQ:/rc/c: 0.999963993 0.000036007 0.000000000
JQ:/rc/crr: 0.000000000 0.000013353 0.999986647
JQ:/rc/r: 0.000017804 0.000017804 0.999964392
JQ:/rrc/c: 0.000061150 0.999938850 0.000000000
JQ:/rrc/crr: 0.000000000 0.500000000 0.500000000
JQ:/rrc/r: 0.576705900 0.000040767 0.423253334
K:/c: 0.999990000 0.000010000 0.000000000
K:/crr: 0.000000000 0.999995000 0.000005000
K:/r: 0.586126470 0.413866863 0.000006667
KJ:/cc/c: 0.500000000 0.500000000 0.000000000
KJ:/cc/crr: 0.000000000 0.500000000 0.500000000
KJ:/cc/r: 0.333333333 0.333333333 0.333333333
KJ:/crc/c: 0.129386983 0.870613017 0.000000000
KJ:/crc/crr: 0.000000000 0.999980678 0.000019322
KJ:/crc/r: 0.000003932 0.767839613 0.232156455
KJ:/crrc/c: 0.369970034 0.630029966 0.000000000
KJ:/crrc/crr: 0.000000000 0.999996621 0.000003379
KJ:/crrc/r: 0.000466274 0.999496615 0.000037111
KJ:/rc/c: 0.429873861 0.570126139 0.000000000
KJ:/rc/crr: 0.000000000 0.996186730 0.003813270
KJ:/rc/r: 0.000026839 0.804889133 0.195084028
KJ:/rrc/c: 0.303281501 0.696718499 0.000000000
KJ:/rrc/crr: 0.000000000 0.999990624 0.000009376
KJ:/rrc/r: 0.000047003 0.999949205 0.000003791
KK:/cc/c: 0.500000000 0.500000000 0.000000000
KK:/cc/crr: 0.000000000 0.500000000 0.500000000
KK:/cc/r: 0.333333333 0.333333333 0.333333333
KK:/crc/c: 0.999995000 0.000005000 0.000000000
KK:/crc/crr: 0.000000000 0.999997500 0.000002500
KK:/crc/r: 0.996140785 0.003855881 0.000003333
KK:/crrc/c: 0.999997500 0.000002500 0.000000000
KK:/crrc/crr: 0.000000000 0.999998750 0.000001250
KK:/crrc/r: 0.998112891 0.001885442 0.000001667
KK:/rc/c: 0.999991946 0.000008054 0.000000000
KK:/rc/crr: 0.000000000 0.999995973 0.000004027
KK:/rc/r: 0.999973803 0.000020827 0.000005369
KK:/rrc/c: 0.999994313 0.000005687 0.000000000
KK:/rrc/crr: 0.000000000 0.999997156 0.000002844
KK:/rrc/r: 0.996302596 0.003693613 0.000003791
KQ:/cc/c: 0.500000000 0.500000000 0.000000000
KQ:/cc/crr: 0.000000000 0.500000000 0.500000000
KQ:/cc/r: 0.333333333 0.333333333 0.333333333
KQ:/crc/c: 0.000627216 0.999372784 0.000000000
KQ:/crc/crr: 0.000000000 0.022126771 0.977873229
KQ:/crc/r: 0.000011546 0.453840155 0.546148300
KQ:/crrc/c: 0.530841712 0.469158288 0.000000000
KQ:/crrc/crr: 0.000000000 0.526283034 0.473716966
KQ:/crrc/r: 0.000563651 0.734939868 0.264496481
KQ:/rc/c: 0.000008054 0.999991946 0.000000000
KQ:/rc/crr: 0.000000000 0.500000000 0.500000000
KQ:/rc/r: 0.000006789 0.293143505 0.706849705
KQ:/rrc/c: 0.524089142 0.475910858 0.000000000
KQ:/rrc/crr: 0.000000000 0.458054093 0.541945907
KQ:/rrc/r: 0.020340302 0.643728277 0.335931421
Q:/c: 0.849582019 0.150417981 0.000000000
Q:/crr: 0.000000000 0.999994115 0.000005885
Q:/r: 0.373586277 0.626385301 0.000028423
QJ:/cc/c: 0.000033241 0.999966759 0.000000000
QJ:/cc/crr: 0.000000000 0.500000000 0.500000000
QJ:/cc/r: 0.000022160 0.000022160 0.999955679
QJ:/crc/c: 0.413639654 0.586360346 0.000000000
QJ:/crc/crr: 0.000000000 0.000057267 0.999942733
QJ:/crc/r: 0.000003923 0.000003923 0.999992153
QJ:/crrc/c: 0.000002943 0.999997057 0.000000000
QJ:/crrc/crr: 0.000000000 0.500000000 0.500000000
QJ:/crrc/r: 0.000019472 0.000001962 0.999978566
QJ:/rc/c: 0.000005322 0.999994678 0.000000000
QJ:/rc/crr: 0.000000000 0.500000000 0.500000000
QJ:/rc/r: 0.000003548 0.000003548 0.999992905
QJ:/rrc/c: 0.000008923 0.999991077 0.000000000
QJ:/rrc/crr: 0.000000000 0.500000000 0.500000000
QJ:/rrc/r: 0.000005948 0.000005948 0.999988103
QK:/cc/c: 0.016887569 0.983112431 0.000000000
QK:/cc/crr: 0.000000000 0.999015823 0.000984177
QK:/cc/r: 0.000042174 0.724231426 0.275726400
QK:/crc/c: 0.326524674 0.673475326 0.000000000
QK:/crc/crr: 0.000000000 0.000198135 0.999801865
QK:/crc/r: 0.000022018 0.459149822 0.540828160
QK:/crrc/c: 0.079540014 0.920459986 0.000000000
QK:/crrc/crr: 0.000000000 0.003621827 0.996378173
QK:/crrc/r: 0.000020160 0.299892783 0.700087057
QK:/rc/c: 0.378173983 0.621826017 0.000000000
QK:/rc/crr: 0.000000000 0.003528075 0.996471925
QK:/rc/r: 0.000004254 0.311342948 0.688652798
QK:/rrc/c: 0.427397054 0.572602946 0.000000000
QK:/rrc/crr: 0.000000000 0.044026109 0.955973891
QK:/rrc/r: 0.000008009 0.495290175 0.504701816
QQ:/cc/c: 0.999966759 0.000033241 0.000000000
QQ:/cc/crr: 0.000000000 0.999983379 0.000016621
QQ:/cc/r: 0.998662842 0.001314997 0.000022160
QQ:/crc/c: 0.999994115 0.000005885 0.000000000
QQ:/crc/crr: 0.000000000 0.999997057 0.000002943
QQ:/crc/r: 0.928928957 0.071067120 0.000003923
QQ:/crrc/c: 0.999997057 0.000002943 0.000000000
QQ:/crrc/crr: 0.000000000 0.999998529 0.000001471
QQ:/crrc/r: 0.999962615 0.000035424 0.000001962
QQ:/rc/c: 0.999994678 0.000005322 0.000000000
QQ:/rc/crr: 0.000000000 0.999997339 0.000002661
QQ:/rc/r: 0.999990954 0.000005498 0.000003548
QQ:/rrc/c: 0.999991077 0.000008923 0.000000000
QQ:/rrc/crr: 0.000000000 0.999995539 0.000004461
QQ:/rrc/r: 0.999980943 0.000013109 0.000005948
