J:/: 0.072701339 0.927298661 0.000000000
J:/cr: 0.019004262 0.034058941 0.946936798
J:/rr: 0.000000000 0.999931225 0.000068775
JJ:/cc/: 0.000293793 0.999706207 0.000000000
JJ:/cc/cr: 0.999996404 0.000001798 0.000001798
JJ:/cc/rr: 0.000000000 0.990823474 0.009176526
JJ:/crc/: 0.931917635 0.068082365 0.000000000
JJ:/crc/cr: 0.999483260 0.000258370 0.000258370
JJ:/crc/rr: 0.000000000 0.999971687 0.000028313
JJ:/crrc/: 0.922236674 0.077763326 0.000000000
JJ:/crrc/cr: 0.999189203 0.000405398 0.000405398
JJ:/crrc/rr: 0.000000000 0.999948725 0.000051275
JJ:/rc/: 0.931638087 0.068361913 0.000000000
JJ:/rc/cr: 0.999329310 0.000335345 0.000335345
JJ:/rc/rr: 0.000000000 0.999963089 0.000036911
JJ:/rrc/: 0.999521116 0.000478884 0.000000000
JJ:/rrc/cr: 0.952125289 0.023937355 0.023937355
JJ:/rrc/rr: 0.000000000 0.999982797 0.000017203
JK:/cc/: 0.081216109 0.918783891 0.000000000
JK:/cc/cr: 0.000209057 0.000001956 0.999788986
JK:/cc/rr: 0.000000000 0.000033195 0.999966805
JK:/crc/: 0.045911612 0.954088388 0.000000000
JK:/crc/cr: 0.018104437 0.000018437 0.981877126
JK:/crc/rr: 0.000000000 0.000574706 0.999425294
JK:/crrc/: 0.999905425 0.000094575 0.000000000
JK:/crrc/cr: 0.333333333 0.333333333 0.333333333
JK:/crrc/rr: 0.000000000 0.000047292 0.999952708
JK:/rc/: 0.998305104 0.001694896 0.000000000
JK:/rc/cr: 0.972948380 0.013525810 0.013525810
JK:/rc/rr: 0.000000000 0.000034446 0.999965554
JK:/rrc/: 0.561442564 0.438557436 0.000000000
JK:/rrc/cr: 0.969874951 0.000026138 0.030098910
JK:/rrc/rr: 0.000000000 0.000030626 0.999969374
JQ:/cc/: 0.178849271 0.821150729 0.000000000
JQ:/cc/cr: 0.000004985 0.000002189 0.999992826
JQ:/cc/rr: 0.000000000 0.000015074 0.999984926
JQ:/crc/: 0.994709800 0.005290200 0.000000000
JQ:/crc/cr: 0.010090783 0.003325099 0.986584117
JQ:/crc/rr: 0.000000000 0.000026526 0.999973474
JQ:/crrc/: 0.032948555 0.967051445 0.000000000
JQ:/crrc/cr: 0.087296132 0.000032599 0.912671269
JQ:/crrc/rr: 0.000000000 0.001435198 0.998564802
JQ:/rc/: 0.995994777 0.004005223 0.000000000
JQ:/rc/cr: 0.005723737 0.005723737 0.988552526
JQ:/rc/rr: 0.000000000 0.000034526 0.999965474
JQ:/rrc/: 0.126108548 0.873891452 0.000000000
JQ:/rrc/cr: 0.000013117 0.000013117 0.999973765
JQ:/rrc/rr: 0.000000000 0.000136349 0.999863651
K:/: 0.750536115 0.249463885 0.000000000
K:/cr: 0.691789124 0.308197514 0.000013362
K:/rr: 0.000000000 0.999993338 0.000006662
KJ:/cc/: 0.000052207 0.999947793 0.000000000
KJ:/cc/cr: 0.000047992 0.000009326 0.999942682
KJ:/cc/rr: 0.000000000 0.808041838 0.191958162
KJ:/crc/: 0.000047777 0.999952223 0.000000000
KJ:/crc/cr: 0.000496735 0.999496039 0.000007226
KJ:/crc/rr: 0.000000000 0.773138189 0.226861811
KJ:/crrc/: 0.066461292 0.933538708 0.000000000
KJ:/crrc/cr: 0.006550053 0.988018873 0.005431075
KJ:/crrc/rr: 0.000000000 0.469845785 0.530154215
KJ:/rc/: 0.073553078 0.926446922 0.000000000
KJ:/rc/cr: 0.004631011 0.976116692 0.019252297
KJ:/rc/rr: 0.000000000 0.310139141 0.689860859
KJ:/rrc/: 0.087179453 0.912820547 0.000000000
KJ:/rrc/cr: 0.000164495 0.999834289 0.000001216
KJ:/rrc/rr: 0.000000000 0.574744981 0.425255019
KK:/cc/: 0.998221656 0.001778344 0.000000000
KK:/cc/cr: 0.992486277 0.003756862 0.003756862
KK:/cc/rr: 0.000000000 0.999989961 0.000010039
KK:/crc/: 0.116889675 0.883110325 0.000000000
KK:/crc/cr: 0.999983635 0.000008182 0.000008182
KK:/crc/rr: 0.000000000 0.999907273 0.000092727
KK:/crrc/: 0.993503473 0.006496527 0.000000000
KK:/crrc/cr: 0.999008952 0.000495524 0.000495524
KK:/crrc/rr: 0.000000000 0.999995140 0.000004860
KK:/rc/: 0.810220362 0.189779638 0.000000000
KK:/rc/cr: 0.999976598 0.000011701 0.000011701
KK:/rc/rr: 0.000000000 0.999995889 0.000004111
KK:/rrc/: 0.526810537 0.473189463 0.000000000
KK:/rrc/cr: 0.999995307 0.000002346 0.000002346
KK:/rrc/rr: 0.000000000 0.999996839 0.000003161
KQ:/cc/: 0.000057522 0.999942478 0.000000000
KQ:/cc/cr: 0.000042693 0.439241902 0.560715405
KQ:/cc/rr: 0.000000000 0.825779734 0.174220266
KQ:/crc/: 0.882506229 0.117493771 0.000000000
KQ:/crc/cr: 0.000379696 0.622156418 0.377463886
KQ:/crc/rr: 0.000000000 0.000032827 0.999967173
KQ:/crrc/: 0.020594864 0.979405136 0.000000000
KQ:/crrc/cr: 0.042564997 0.676339740 0.281095263
KQ:/crrc/rr: 0.000000000 0.193291172 0.806708828
KQ:/rc/: 0.000268345 0.999731655 0.000000000
KQ:/rc/cr: 0.000007532 0.484615371 0.515377097
KQ:/rc/rr: 0.000000000 0.276175246 0.723824754
KQ:/rrc/: 0.712635789 0.287364211 0.000000000
KQ:/rrc/cr: 0.024438835 0.903114720 0.072446445
KQ:/rrc/rr: 0.000000000 0.395921339 0.604078661
Q:/: 0.742085857 0.257914143 0.000000000
Q:/cr: 0.161943374 0.837475729 0.000580897
Q:/rr: 0.000000000 0.999993262 0.000006738
QJ:/cc/: 0.000019386 0.999980614 0.000000000
QJ:/cc/cr: 0.000006462 0.000006462 0.999987076
QJ:/cc/rr: 0.000000000 0.500000000 0.500000000
QJ:/crc/: 0.031103963 0.968896037 0.000000000
QJ:/crc/cr: 0.003230505 0.000002655 0.996766840
QJ:/crc/rr: 0.000000000 0.000124038 0.999875962
QJ:/crrc/: 0.020625802 0.979374198 0.000000000
QJ:/crrc/cr: 0.000221354 0.000013581 0.999765064
QJ:/crrc/rr: 0.000000000 0.000967319 0.999032681
QJ:/rc/: 0.007026204 0.992973796 0.000000000
QJ:/rc/cr: 0.000002377 0.000002262 0.999995361
QJ:/rc/rr: 0.000000000 0.000479474 0.999520526
QJ:/rrc/: 0.000003369 0.999996631 0.000000000
QJ:/rrc/cr: 0.000001123 0.000001123 0.999997754
QJ:/rrc/rr: 0.000000000 0.500000000 0.500000000
QK:/cc/: 0.485867840 0.514132160 0.000000000
QK:/cc/cr: 0.000643458 0.999307262 0.000049280
QK:/cc/rr: 0.000000000 0.249402918 0.750597082
QK:/crc/: 0.010561527 0.989438473 0.000000000
QK:/crc/cr: 0.000002600 0.552125936 0.447871464
QK:/crc/rr: 0.000000000 0.000365296 0.999634704
QK:/crrc/: 0.945471470 0.054528530 0.000000000
QK:/crrc/cr: 0.000517990 0.534268323 0.465213687
QK:/crrc/rr: 0.000000000 0.000644360 0.999355640
QK:/rc/: 0.440678367 0.559321633 0.000000000
QK:/rc/cr: 0.003256148 0.534130523 0.462613329
QK:/rc/rr: 0.000000000 0.203740333 0.796259667
QK:/rrc/: 0.119021961 0.880978039 0.000000000
QK:/rrc/cr: 0.000001275 0.299186203 0.700812522
QK:/rrc/rr: 0.000000000 0.000425431 0.999574569
QQ:/cc/: 0.544511652 0.455488348 0.000000000
QQ:/cc/cr: 0.999971626 0.000014187 0.000014187
QQ:/cc/rr: 0.000000000 0.999982198 0.000017802
QQ:/crc/: 0.988025256 0.011974744 0.000000000
QQ:/crc/cr: 0.999570420 0.000214790 0.000214790
QQ:/crc/rr: 0.000000000 0.999996095 0.000003905
QQ:/crrc/: 0.219017886 0.780982114 0.000000000
QQ:/crrc/cr: 0.999965937 0.000017031 0.000017031
QQ:/crrc/rr: 0.000000000 0.999908904 0.000091096
QQ:/rc/: 0.492605622 0.507394378 0.000000000
QQ:/rc/cr: 0.999988545 0.000007029 0.000004426
QQ:/rc/rr: 0.000000000 0.999993161 0.000006839
QQ:/rrc/: 0.984925944 0.015074056 0.000000000
QQ:/rrc/cr: 0.999851006 0.000074497 0.000074497
QQ:/rrc/rr: 0.000000000 0.999998290 0.000001710
