J:/: 0.074184953 0.925815047 0.000000000
J:/cr: 0.017365703 0.037552336 0.945081961
J:/rr: 0.000000000 0.999932601 0.000067399
JJ:/cc/: 0.000257996 0.999742004 0.000000000
JJ:/cc/cr: 0.999996399 0.000001801 0.000001801
JJ:/cc/rr: 0.000000000 0.989533484 0.010466516
JJ:/crc/: 0.910936539 0.089063461 0.000000000
JJ:/crc/cr: 0.999641163 0.000179418 0.000179418
JJ:/crc/rr: 0.000000000 0.999973687 0.000026313
JJ:/crrc/: 0.958848844 0.041151156 0.000000000
JJ:/crrc/cr: 0.998320582 0.000839709 0.000839709
JJ:/crrc/rr: 0.000000000 0.999945943 0.000054057
JJ:/rc/: 0.941183616 0.058816384 0.000000000
JJ:/rc/cr: 0.999236051 0.000381975 0.000381975
JJ:/rc/rr: 0.000000000 0.999964194 0.000035806
JJ:/rrc/: 0.998754416 0.001245584 0.000000000
JJ:/rrc/cr: 0.981961973 0.009019013 0.009019013
JJ:/rrc/rr: 0.000000000 0.999983128 0.000016872
JK:/cc/: 0.073292220 0.926707780 0.000000000
JK:/cc/cr: 0.000834172 0.000001943 0.999163886
JK:/cc/rr: 0.000000000 0.000036843 0.999963157
JK:/crc/: 0.046573518 0.953426482 0.000000000
JK:/crc/cr: 0.031211736 0.000016760 0.968771504
JK:/crc/rr: 0.000000000 0.000514658 0.999485342
JK:/crrc/: 0.999896335 0.000103665 0.000000000
JK:/crrc/cr: 0.333333333 0.333333333 0.333333333
JK:/crrc/rr: 0.000000000 0.000051838 0.999948162
JK:/rc/: 0.999932601 0.000067399 0.000000000
JK:/rc/cr: 0.333333333 0.333333333 0.333333333
JK:/rc/rr: 0.000000000 0.000033702 0.999966298
JK:/rrc/: 0.543402325 0.456597675 0.000000000
JK:/rrc/cr: 0.913114800 0.000024604 0.086860597
JK:/rrc/rr: 0.000000000 0.000031010 0.999968990
JQ:/cc/: 0.198939185 0.801060815 0.000000000
JQ:/cc/cr: 0.000002247 0.000002247 0.999995505
JQ:/cc/rr: 0.000000000 0.000013574 0.999986426
JQ:/crc/: 0.995418492 0.004581508 0.000000000
JQ:/crc/cr: 0.009491749 0.003487851 0.987020401
JQ:/crc/rr: 0.000000000 0.000024080 0.999975920
JQ:/crrc/: 0.034941105 0.965058895 0.000000000
JQ:/crrc/cr: 0.144248104 0.000035806 0.855716090
JQ:/crrc/rr: 0.000000000 0.001483425 0.998516575
JQ:/rc/: 0.998101908 0.001898092 0.000000000
JQ:/rc/cr: 0.011836290 0.011836290 0.976327420
JQ:/rc/rr: 0.000000000 0.000033764 0.999966236
JQ:/rrc/: 0.116572539 0.883427461 0.000000000
JQ:/rrc/cr: 0.007128475 0.000012716 0.992858808
JQ:/rrc/rr: 0.000000000 0.000144553 0.999855447
K:/: 0.758226208 0.241773792 0.000000000
K:/cr: 0.678440451 0.321545762 0.000013787
K:/rr: 0.000000000 0.999993406 0.000006594
KJ:/cc/: 0.000046126 0.999953874 0.000000000
KJ:/cc/cr: 0.000049625 0.000011742 0.999938633
KJ:/cc/rr: 0.000000000 0.775824304 0.224175696
KJ:/crc/: 0.000047439 0.999952561 0.000000000
KJ:/crc/cr: 0.000031418 0.999961436 0.000007147
KJ:/crc/rr: 0.000000000 0.774041239 0.225958761
KJ:/crrc/: 0.048187628 0.951812372 0.000000000
KJ:/crrc/cr: 0.002207803 0.994240384 0.003551813
KJ:/crrc/rr: 0.000000000 0.340351100 0.659648900
KJ:/rc/: 0.019231519 0.980768481 0.000000000
KJ:/rc/cr: 0.005645676 0.979912952 0.014441372
KJ:/rc/rr: 0.000000000 0.017248384 0.982751616
KJ:/rrc/: 0.080775155 0.919224845 0.000000000
KJ:/rrc/cr: 0.000036857 0.999876006 0.000087136
KJ:/rrc/rr: 0.000000000 0.517337939 0.482662061
KK:/cc/: 0.996550212 0.003449788 0.000000000
KK:/cc/cr: 0.996003525 0.001998238 0.001998238
KK:/cc/rr: 0.000000000 0.999989624 0.000010376
KK:/crc/: 0.105210932 0.894789068 0.000000000
KK:/crc/cr: 0.999984027 0.000007986 0.000007986
KK:/crc/rr: 0.000000000 0.999898116 0.000101884
KK:/crrc/: 0.992117297 0.007882703 0.000000000
KK:/crrc/cr: 0.999140667 0.000429666 0.000429666
KK:/crrc/rr: 0.000000000 0.999994879 0.000005121
KK:/rc/: 0.817964703 0.182035297 0.000000000
KK:/rc/cr: 0.999975850 0.000012075 0.000012075
KK:/rc/rr: 0.000000000 0.999995969 0.000004031
KK:/rrc/: 0.532339460 0.467660540 0.000000000
KK:/rrc/cr: 0.999995300 0.000002350 0.000002350
KK:/rrc/rr: 0.000000000 0.999996903 0.000003097
KQ:/cc/: 0.000054435 0.999945565 0.000000000
KQ:/cc/cr: 0.000043787 0.446409476 0.553546736
KQ:/cc/rr: 0.000000000 0.810045724 0.189954276
KQ:/crc/: 0.913923412 0.086076588 0.000000000
KQ:/crc/cr: 0.000513226 0.585339390 0.414147384
KQ:/crc/rr: 0.000000000 0.000033945 0.999966055
KQ:/crrc/: 0.012071243 0.987928757 0.000000000
KQ:/crrc/cr: 0.017093735 0.708542028 0.274364237
KQ:/crrc/rr: 0.000000000 0.203811361 0.796188639
KQ:/rc/: 0.000333693 0.999666307 0.000000000
KQ:/rc/cr: 0.000003164 0.487707741 0.512289095
KQ:/rc/rr: 0.000000000 0.182028167 0.817971833
KQ:/rrc/: 0.695401140 0.304598860 0.000000000
KQ:/rrc/cr: 0.009312138 0.915843028 0.074844834
KQ:/rrc/rr: 0.000000000 0.392171086 0.607828914
Q:/: 0.735274376 0.264725624 0.000000000
Q:/cr: 0.149668669 0.849384183 0.000947148
Q:/rr: 0.000000000 0.999993200 0.000006800
QJ:/cc/: 0.000018887 0.999981113 0.000000000
QJ:/cc/cr: 0.000006296 0.000006296 0.999987408
QJ:/cc/rr: 0.000000000 0.500000000 0.500000000
QJ:/crc/: 0.033716733 0.966283267 0.000000000
QJ:/crc/cr: 0.004653709 0.000002557 0.995343734
QJ:/crc/rr: 0.000000000 0.000109919 0.999890081
QJ:/crrc/: 0.020173228 0.979826772 0.000000000
QJ:/crrc/cr: 0.000094271 0.000014310 0.999891419
QJ:/crrc/rr: 0.000000000 0.001042597 0.998957403
QJ:/rc/: 0.015619206 0.984380794 0.000000000
QJ:/rc/cr: 0.000004293 0.000002303 0.999993404
QJ:/rc/rr: 0.000000000 0.000217687 0.999782313
QJ:/rrc/: 0.000003400 0.999996600 0.000000000
QJ:/rrc/cr: 0.000001133 0.000001133 0.999997733
QJ:/rrc/rr: 0.000000000 0.500000000 0.500000000
QK:/cc/: 0.530479211 0.469520789 0.000000000
QK:/cc/cr: 0.064158126 0.935804749 0.000037126
QK:/cc/rr: 0.000000000 0.999982198 0.000017802
QK:/crc/: 0.000009440 0.999990560 0.000000000
QK:/crc/cr: 0.000002806 0.560171335 0.439825859
QK:/crc/rr: 0.000000000 0.607394923 0.392605077
QK:/crrc/: 0.972655011 0.027344989 0.000000000
QK:/crrc/cr: 0.000970538 0.478166648 0.520862815
QK:/crrc/rr: 0.000000000 0.000575759 0.999424241
QK:/rc/: 0.451821034 0.548178966 0.000000000
QK:/rc/cr: 0.000349364 0.527110035 0.472540600
QK:/rc/rr: 0.000000000 0.201774371 0.798225629
QK:/rrc/: 0.130348304 0.869651696 0.000000000
QK:/rrc/cr: 0.000001331 0.290327112 0.709671557
QK:/rrc/rr: 0.000000000 0.000380149 0.999619851
QQ:/cc/: 0.536415718 0.463584282 0.000000000
QQ:/cc/cr: 0.999972838 0.000013581 0.000013581
QQ:/cc/rr: 0.000000000 0.999982395 0.000017605
QQ:/crc/: 0.993514065 0.006485935 0.000000000
QQ:/crc/cr: 0.999238123 0.000380938 0.000380938
QQ:/crc/rr: 0.000000000 0.999996270 0.000003730
QQ:/crrc/: 0.160991651 0.839008349 0.000000000
QQ:/crrc/cr: 0.999966576 0.000016712 0.000016712
QQ:/crrc/rr: 0.000000000 0.999869356 0.000130644
QQ:/rc/: 0.508552502 0.491447498 0.000000000
QQ:/rc/cr: 0.999986522 0.000008865 0.000004612
QQ:/rc/rr: 0.000000000 0.999993314 0.000006686
QQ:/rrc/: 0.980061354 0.019938646 0.000000000
QQ:/rrc/cr: 0.999886314 0.000056843 0.000056843
QQ:/rrc/rr: 0.000000000 0.999998265 0.000001735
