J:/c: 0.296375612 0.703624388 0.000000000
J:/crr: 0.000000000 0.999983130 0.000016870
J:/r: 0.053921607 0.128275328 0.817803064
JJ:/cc/c: 0.999992894 0.000007106 0.000000000
JJ:/cc/crr: 0.000000000 0.999996447 0.000003553
JJ:/cc/r: 0.999990525 0.000004737 0.000004737
JJ:/crc/c: 0.999983130 0.000016870 0.000000000
JJ:/crc/crr: 0.000000000 0.999991565 0.000008435
JJ:/crc/r: 0.999887062 0.000101691 0.000011247
JJ:/crrc/c: 0.999991565 0.000008435 0.000000000
JJ:/crrc/crr: 0.000000000 0.999995782 0.000004218
JJ:/crrc/r: 0.999975230 0.000019146 0.000005624
JJ:/rc/c: 0.999974014 0.000025986 0.000000000
JJ:/rc/crr: 0.000000000 0.999987007 0.000012993
JJ:/rc/r: 0.999962677 0.000019999 0.000017324
JJ:/rrc/c: 0.999938182 0.000061818 0.000000000
JJ:/rrc/crr: 0.000000000 0.999969089 0.000030911
JJ:/rrc/r: 0.999797986 0.000160802 0.000041212
JK:/cc/c: 0.007885744 0.992114256 0.000000000
JK:/cc/crr: 0.000000000 0.000450564 0.999549436
JK:/cc/r: 0.000004737 0.000004737 0.999990525
JK:/crc/c: 0.533211122 0.466788878 0.000000000
JK:/crc/crr: 0.000000000 0.000015820 0.999984180
JK:/crc/r: 0.035115999 0.000011247 0.964872754
JK:/crrc/c: 0.418651628 0.581348372 0.000000000
JK:/crrc/crr: 0.000000000 0.000010074 0.999989926
JK:/crrc/r: 0.214075187 0.000005624 0.785919189
JK:/rc/c: 0.375972108 0.624027892 0.000000000
JK:/rc/crr: 0.000000000 0.000034558 0.999965442
JK:/rc/r: 0.364310781 0.000017324 0.635671896
JK:/rrc/c: 0.999895976 0.000104024 0.000000000
JK:/rrc/crr: 0.000000000 0.000030912 0.999969088
JK:/rrc/r: 0.353424791 0.000041212 0.646533997
JQ:/cc/c: 0.073169864 0.926830136 0.000000000
JQ:/cc/crr: 0.000000000 0.000048559 0.999951441
JQ:/cc/r: 0.036069735 0.000004737 0.963925528
JQ:/crc/c: 0.433684465 0.566315535 0.000000000
JQ:/crc/crr: 0.000000000 0.000019450 0.999980550
JQ:/crc/r: 0.087380671 0.000011247 0.912608082
JQ:/crrc/c: 0.032816482 0.967183518 0.000000000
JQ:/crrc/crr: 0.000000000 0.000128524 0.999871476
JQ:/crrc/r: 0.250893605 0.000005624 0.749100772
JQ:/rc/c: 0.994880606 0.005119394 0.000000000
JQ:/rc/crr: 0.000000000 0.000013060 0.999986940
JQ:/rc/r: 0.000023863 0.000017324 0.999958813
JQ:/rrc/c: 0.014078559 0.985921441 0.000000000
JQ:/rrc/crr: 0.000000000 0.002195471 0.997804529
JQ:/rrc/r: 0.429361888 0.000041212 0.570596900
K:/c: 0.999948731 0.000051269 0.000000000
K:/crr: 0.000000000 0.999995000 0.000005000
K:/r: 0.574574969 0.425418365 0.000006667
KJ:/cc/c: 0.099806133 0.900193867 0.000000000
KJ:/cc/crr: 0.000000000 0.511426748 0.488573252
KJ:/cc/r: 0.306865213 0.134665470 0.558469317
KJ:/crc/c: 0.126834036 0.873165964 0.000000000
KJ:/crc/crr: 0.000000000 0.999980288 0.000019712
KJ:/crc/r: 0.000032185 0.742720185 0.257247630
KJ:/crrc/c: 0.300808261 0.699191739 0.000000000
KJ:/crrc/crr: 0.000000000 0.574578370 0.425421630
KJ:/crrc/r: 0.070878247 0.768142730 0.160979024
KJ:/rc/c: 0.421645404 0.578354596 0.000000000
KJ:/rc/crr: 0.000000000 0.965751901 0.034248099
KJ:/rc/r: 0.033821913 0.741042149 0.225135938
KJ:/rrc/c: 0.224028098 0.775971902 0.000000000
KJ:/rrc/crr: 0.000000000 0.999987052 0.000012948
KJ:/rrc/r: 0.025506154 0.923008507 0.051485339
KK:/cc/c: 0.902474786 0.097525214 0.000000000
KK:/cc/crr: 0.000000000 0.945967901 0.054032099
KK:/cc/r: 0.769458131 0.165525060 0.065016809
KK:/crc/c: 0.999995000 0.000005000 0.000000000
KK:/crc/crr: 0.000000000 0.999997500 0.000002500
KK:/crc/r: 0.999987331 0.000009336 0.000003334
KK:/crrc/c: 0.999997500 0.000002500 0.000000000
KK:/crrc/crr: 0.000000000 0.999998750 0.000001250
KK:/crrc/r: 0.999994233 0.000004100 0.000001667
KK:/rc/c: 0.999992165 0.000007835 0.000000000
KK:/rc/crr: 0.000000000 0.999996082 0.000003918
KK:/rc/r: 0.999980322 0.000014455 0.000005224
KK:/rrc/c: 0.999994199 0.000005801 0.000000000
KK:/rrc/crr: 0.000000000 0.999997099 0.000002901
KK:/rrc/r: 0.999835048 0.000161085 0.000003868
KQ:/cc/c: 0.492114431 0.507885569 0.000000000
KQ:/cc/crr: 0.000000000 0.900912056 0.099087944
KQ:/cc/r: 0.294668343 0.639323093 0.066008564
KQ:/crc/c: 0.214292271 0.785707729 0.000000000
KQ:/crc/crr: 0.000000000 0.320357575 0.679642425
KQ:/crc/r: 0.000014024 0.423530384 0.576455592
KQ:/crrc/c: 0.621380016 0.378619984 0.000000000
KQ:/crrc/crr: 0.000000000 0.409299856 0.590700144
KQ:/crrc/r: 0.000009932 0.710336767 0.289653301
KQ:/rc/c: 0.000285302 0.999714698 0.000000000
KQ:/rc/crr: 0.000000000 0.093037377 0.906962623
KQ:/rc/r: 0.000021083 0.298696318 0.701282599
KQ:/rrc/c: 0.502247002 0.497752998 0.000000000
KQ:/rrc/crr: 0.000000000 0.513465986 0.486534014
KQ:/rrc/r: 0.080153627 0.547804269 0.372042104
Q:/c: 0.846342462 0.153657538 0.000000000
Q:/crr: 0.000000000 0.999994092 0.000005908
Q:/r: 0.361262433 0.638690769 0.000046797
QJ:/cc/c: 0.000271332 0.999728668 0.000000000
QJ:/cc/crr: 0.000000000 0.059963235 0.940036765
QJ:/cc/r: 0.000021693 0.000021693 0.999956613
QJ:/crc/c: 0.466030942 0.533969058 0.000000000
QJ:/crc/crr: 0.000000000 0.000022517 0.999977483
QJ:/crc/r: 0.000245663 0.000003939 0.999750398
QJ:/crrc/c: 0.000064573 0.999935427 0.000000000
QJ:/crrc/crr: 0.000000000 0.022872551 0.977127449
QJ:/crrc/r: 0.007693958 0.000001969 0.992304073
QJ:/rc/c: 0.000037382 0.999962618 0.000000000
QJ:/rc/crr: 0.000000000 0.069806403 0.930193597
QJ:/rc/r: 0.017151346 0.000003479 0.982845174
QJ:/rrc/c: 0.000223251 0.999776749 0.000000000
QJ:/rrc/crr: 0.000000000 0.020664900 0.979335100
QJ:/rrc/r: 0.000068556 0.000006151 0.999925293
QK:/cc/c: 0.080020606 0.919979394 0.000000000
QK:/cc/crr: 0.000000000 0.999796678 0.000203322
QK:/cc/r: 0.000092121 0.716948149 0.282959729
QK:/crc/c: 0.332106767 0.667893233 0.000000000
QK:/crc/crr: 0.000000000 0.009480072 0.990519928
QK:/crc/r: 0.001023448 0.490298532 0.508678019
QK:/crrc/c: 0.044492219 0.955507781 0.000000000
QK:/crrc/crr: 0.000000000 0.002912228 0.997087772
QK:/crrc/r: 0.000050581 0.288438970 0.711510449
QK:/rc/c: 0.376534915 0.623465085 0.000000000
QK:/rc/crr: 0.000000000 0.004316532 0.995683468
QK:/rc/r: 0.000011930 0.309290848 0.690697223
QK:/rrc/c: 0.432889843 0.567110157 0.000000000
QK:/rrc/crr: 0.000000000 0.083514719 0.916485281
QK:/rrc/r: 0.000075520 0.513075897 0.486848583
QQ:/cc/c: 0.999967460 0.000032540 0.000000000
QQ:/cc/crr: 0.000000000 0.999983730 0.000016270
QQ:/cc/r: 0.999936189 0.000042117 0.000021693
QQ:/crc/c: 0.999994092 0.000005908 0.000000000
QQ:/crc/crr: 0.000000000 0.999997046 0.000002954
QQ:/crc/r: 0.999957558 0.000038503 0.000003939
QQ:/crrc/c: 0.999997046 0.000002954 0.000000000
QQ:/crrc/crr: 0.000000000 0.999998523 0.000001477
QQ:/crrc/r: 0.997647658 0.002350373 0.000001969
QQ:/rc/c: 0.999994781 0.000005219 0.000000000
QQ:/rc/crr: 0.000000000 0.999997390 0.000002610
QQ:/rc/r: 0.929325911 0.070670609 0.000003479
QQ:/rrc/c: 0.999990773 0.000009227 0.000000000
QQ:/rrc/crr: 0.000000000 0.999995387 0.000004613
QQ:/rrc/r: 0.999960548 0.000033301 0.000006151
