J:/c: 0.294027943 0.705972057 0.000000000
J:/crr: 0.000000000 0.999982995 0.000017005
J:/r: 0.054181412 0.125777378 0.820041210
JJ:/cc/c: 0.999992918 0.000007082 0.000000000
JJ:/cc/crr: 0.000000000 0.999996459 0.000003541
JJ:/cc/r: 0.999990557 0.000004722 0.000004722
JJ:/crc/c: 0.999982995 0.000017005 0.000000000
JJ:/crc/crr: 0.000000000 0.999991497 0.000008503
JJ:/crc/r: 0.999663258 0.000325405 0.000011337
JJ:/crrc/c: 0.999991497 0.000008503 0.000000000
JJ:/crrc/crr: 0.000000000 0.999995749 0.000004251
JJ:/crrc/r: 0.999957935 0.000036396 0.000005668
JJ:/rc/c: 0.999973498 0.000026502 0.000000000
JJ:/rc/crr: 0.000000000 0.999986749 0.000013251
JJ:/rc/r: 0.999964664 0.000017668 0.000017668
JJ:/rrc/c: 0.999938478 0.000061522 0.000000000
JJ:/rrc/crr: 0.000000000 0.999969237 0.000030763
JJ:/rrc/r: 0.999917971 0.000041014 0.000041014
JK:/cc/c: 0.000007082 0.999992918 0.000000000
JK:/cc/crr: 0.000000000 0.500000000 0.500000000
JK:/cc/r: 0.000004722 0.000004722 0.999990557
JK:/crc/c: 0.572698396 0.427301604 0.000000000
JK:/crc/crr: 0.000000000 0.000014847 0.999985153
JK:/crc/r: 0.003502329 0.000011337 0.996486334
JK:/crrc/c: 0.364217949 0.635782051 0.000000000
JK:/crrc/crr: 0.000000000 0.000011673 0.999988327
JK:/crrc/r: 0.278364184 0.000005668 0.721630147
JK:/rc/c: 0.384963260 0.615036740 0.000000000
JK:/rc/crr: 0.000000000 0.000034421 0.999965579
JK:/rc/r: 0.368587962 0.000017668 0.631394370
JK:/rrc/c: 0.999938478 0.000061522 0.000000000
JK:/rrc/crr: 0.000000000 0.000030763 0.999969237
JK:/rrc/r: 0.338847462 0.000041014 0.661111524
JQ:/cc/c: 0.055725346 0.944274654 0.000000000
JQ:/cc/crr: 0.000000000 0.000063548 0.999936452
JQ:/cc/r: 0.058894399 0.000004722 0.941100879
JQ:/crc/c: 0.005061762 0.994938238 0.000000000
JQ:/crc/crr: 0.000000000 0.001679769 0.998320231
JQ:/crc/r: 0.000049024 0.000011337 0.999939639
JQ:/crrc/c: 0.134306685 0.865693315 0.000000000
JQ:/crrc/crr: 0.000000000 0.000031654 0.999968346
JQ:/crrc/r: 0.126663123 0.000005668 0.873331209
JQ:/rc/c: 0.999973498 0.000026502 0.000000000
JQ:/rc/crr: 0.000000000 0.000013251 0.999986749
JQ:/rc/r: 0.000017668 0.000017668 0.999964664
JQ:/rrc/c: 0.000061522 0.999938478 0.000000000
JQ:/rrc/crr: 0.000000000 0.500000000 0.500000000
JQ:/rrc/r: 0.618787046 0.000041014 0.381171940
K:/c: 0.999990000 0.000010000 0.000000000
K:/crr: 0.000000000 0.999995000 0.000005000
K:/r: 0.583729344 0.416263989 0.000006667
KJ:/cc/c: 0.500000000 0.500000000 0.000000000
KJ:/cc/crr: 0.000000000 0.500000000 0.500000000
KJ:/cc/r: 0.333333333 0.333333333 0.333333333
KJ:/crc/c: 0.174778612 0.825221388 0.000000000
KJ:/crc/crr: 0.000000000 0.999985696 0.000014304
KJ:/crc/r: 0.000003333 0.753428751 0.246567916
KJ:/crrc/c: 0.445149386 0.554850614 0.000000000
KJ:/crrc/crr: 0.000000000 0.999997192 0.000002808
KJ:/crrc/r: 0.000068305 0.939057391 0.060874304
KJ:/rc/c: 0.399803758 0.600196242 0.000000000
KJ:/rc/crr: 0.000000000 0.999989985 0.000010015
KJ:/rc/r: 0.000007783 0.767874201 0.232118016
KJ:/rrc/c: 0.099809903 0.900190097 0.000000000
KJ:/rrc/crr: 0.000000000 0.999971394 0.000028606
KJ:/rrc/r: 0.001019700 0.969341159 0.029639141
KK:/cc/c: 0.500000000 0.500000000 0.000000000
KK:/cc/crr: 0.000000000 0.500000000 0.500000000
KK:/cc/r: 0.333333333 0.333333333 0.333333333
KK:/crc/c: 0.999995000 0.000005000 0.000000000
KK:/crc/crr: 0.000000000 0.999997500 0.000002500
KK:/crc/r: 0.996158128 0.003838539 0.000003333
KK:/crrc/c: 0.999997500 0.000002500 0.000000000
KK:/crrc/crr: 0.000000000 0.999998750 0.000001250
KK:/crrc/r: 0.999492191 0.000506142 0.000001667
KK:/rc/c: 0.999991992 0.000008008 0.000000000
KK:/rc/crr: 0.000000000 0.999995996 0.000004004
KK:/rc/r: 0.999964948 0.000029714 0.000005338
KK:/rrc/c: 0.999994290 0.000005710 0.000000000
KK:/rrc/crr: 0.000000000 0.999997145 0.000002855
KK:/rrc/r: 0.996764966 0.003231227 0.000003807
KQ:/cc/c: 0.500000000 0.500000000 0.000000000
KQ:/cc/crr: 0.000000000 0.500000000 0.500000000
KQ:/cc/r: 0.333333333 0.333333333 0.333333333
KQ:/crc/c: 0.393838939 0.606161061 0.000000000
KQ:/crc/crr: 0.000000000 0.094429732 0.905570268
KQ:/crc/r: 0.000005181 0.434312234 0.565682585
KQ:/crrc/c: 0.477302033 0.522697967 0.000000000
KQ:/crrc/crr: 0.000000000 0.999997381 0.000002619
KQ:/crrc/r: 0.000035649 0.732083486 0.267880865
KQ:/rc/c: 0.000008008 0.999991992 0.000000000
KQ:/rc/crr: 0.000000000 0.500000000 0.500000000
KQ:/rc/r: 0.000005338 0.297977890 0.702016772
KQ:/rrc/c: 0.510736519 0.489263481 0.000000000
KQ:/rrc/crr: 0.000000000 0.485716068 0.514283932
KQ:/rrc/r: 0.000260485 0.678106330 0.321633185
Q:/c: 0.876414156 0.123585844 0.000000000
Q:/crr: 0.000000000 0.999994295 0.000005705
Q:/r: 0.370322351 0.629643565 0.000034084
QJ:/cc/c: 0.000040458 0.999959542 0.000000000
QJ:/cc/crr: 0.000000000 0.500000000 0.500000000
QJ:/cc/r: 0.000026972 0.000026972 0.999946056
QJ:/crc/c: 0.413804226 0.586195774 0.000000000
QJ:/crc/crr: 0.000000000 0.000068849 0.999931151
QJ:/crc/r: 0.000003803 0.000003803 0.999992393
QJ:/crrc/c: 0.000002853 0.999997147 0.000000000
QJ:/crrc/crr: 0.000000000 0.500000000 0.500000000
QJ:/crrc/r: 0.000002604 0.000001902 0.999995495
QJ:/rc/c: 0.000005294 0.999994706 0.000000000
QJ:/rc/crr: 0.000000000 0.500000000 0.500000000
QJ:/rc/r: 0.000003529 0.000003529 0.999992941
QJ:/rrc/c: 0.000009001 0.999990999 0.000000000
QJ:/rrc/crr: 0.000000000 0.500000000 0.500000000
QJ:/rrc/r: 0.000006001 0.000006001 0.999987998
QK:/cc/c: 0.001232593 0.998767407 0.000000000
QK:/cc/crr: 0.000000000 0.983588370 0.016411630
QK:/cc/r: 0.000026972 0.813012298 0.186960730
QK:/crc/c: 0.241453181 0.758546819 0.000000000
QK:/crc/crr: 0.000000000 0.000011814 0.999988186
QK:/crc/r: 0.000018138 0.464432865 0.535548997
QK:/crrc/c: 0.221134731 0.778865269 0.000000000
QK:/crrc/crr: 0.000000000 0.000006450 0.999993550
QK:/crrc/r: 0.000013129 0.182661997 0.817324874
QK:/rc/c: 0.373823996 0.626176004 0.000000000
QK:/rc/crr: 0.000000000 0.000237960 0.999762040
QK:/rc/r: 0.000003529 0.309545361 0.690451109
QK:/rrc/c: 0.434502594 0.565497406 0.000000000
QK:/rrc/crr: 0.000000000 0.000171327 0.999828673
QK:/rrc/r: 0.000006001 0.482837300 0.517156699
QQ:/cc/c: 0.999959542 0.000040458 0.000000000
QQ:/cc/crr: 0.000000000 0.999979770 0.000020230
QQ:/cc/r: 0.999359343 0.000613685 0.000026972
QQ:/crc/c: 0.999994295 0.000005705 0.000000000
QQ:/crc/crr: 0.000000000 0.999997147 0.000002853
QQ:/crc/r: 0.989246210 0.010749986 0.000003803
QQ:/crrc/c: 0.999997147 0.000002853 0.000000000
QQ:/crrc/crr: 0.000000000 0.999998574 0.000001426
QQ:/crrc/r: 0.999973647 0.000024451 0.000001902
QQ:/rc/c: 0.999994706 0.000005294 0.000000000
QQ:/rc/crr: 0.000000000 0.999997353 0.000002647
QQ:/rc/r: 0.999968063 0.000028408 0.000003529
QQ:/rrc/c: 0.999990999 0.000009001 0.000000000
QQ:/rrc/crr: 0.000000000 0.999995499 0.000004501
QQ:/rrc/r: 0.999983900 0.000010099 0.000006001
