J:/: 0.069933978 0.930066022 0.000000000
J:/cr: 0.020368693 0.032076815 0.947554491
J:/rr: 0.000000000 0.999928504 0.000071496
JJ:/cc/: 0.000119029 0.999880971 0.000000000
JJ:/cc/cr: 0.999996416 0.000001792 0.000001792
JJ:/cc/rr: 0.000000000 0.977417471 0.022582529
JJ:/crc/: 0.997749294 0.002250706 0.000000000
JJ:/crc/cr: 0.983452449 0.008273775 0.008273775
JJ:/crc/rr: 0.000000000 0.999972004 0.000027996
JJ:/crrc/: 0.997867299 0.002132701 0.000000000
JJ:/crrc/cr: 0.972498866 0.013750567 0.013750567
JJ:/crrc/rr: 0.000000000 0.999955917 0.000044083
JJ:/rc/: 0.952017942 0.047982058 0.000000000
JJ:/rc/cr: 0.999006629 0.000496686 0.000496686
JJ:/rc/rr: 0.000000000 0.999962450 0.000037550
JJ:/rrc/: 0.999964249 0.000035751 0.000000000
JJ:/rrc/cr: 0.333333333 0.333333333 0.333333333
JJ:/rrc/rr: 0.000000000 0.999982124 0.000017876
JK:/cc/: 0.091771284 0.908228716 0.000000000
JK:/cc/cr: 0.000001973 0.000001973 0.999996054
JK:/cc/rr: 0.000000000 0.000029290 0.999970710
JK:/crc/: 0.042993612 0.957006388 0.000000000
JK:/crc/cr: 0.001984032 0.000019458 0.997996510
JK:/crc/rr: 0.000000000 0.000649695 0.999350305
JK:/crrc/: 0.999912022 0.000087978 0.000000000
JK:/crrc/cr: 0.333333333 0.333333333 0.333333333
JK:/crrc/rr: 0.000000000 0.000043993 0.999956007
JK:/rc/: 0.997902149 0.002097851 0.000000000
JK:/rc/cr: 0.977279600 0.011360200 0.011360200
JK:/rc/rr: 0.000000000 0.000035823 0.999964177
JK:/rrc/: 0.519238362 0.480761638 0.000000000
JK:/rrc/cr: 0.985894384 0.000024787 0.014080829
JK:/rrc/rr: 0.000000000 0.000034426 0.999965574
JQ:/cc/: 0.142483555 0.857516445 0.000000000
JQ:/cc/cr: 0.000002090 0.000002090 0.999995821
JQ:/cc/rr: 0.000000000 0.000018865 0.999981135
JQ:/crc/: 0.994894318 0.005105682 0.000000000
JQ:/crc/cr: 0.298996742 0.003647276 0.697355982
JQ:/crc/rr: 0.000000000 0.000028076 0.999971924
JQ:/crrc/: 0.025396306 0.974603694 0.000000000
JQ:/crrc/cr: 0.096018438 0.000030090 0.903951472
JQ:/crrc/rr: 0.000000000 0.001732093 0.998267907
JQ:/rc/: 0.999352754 0.000647246 0.000000000
JQ:/rc/cr: 0.036820618 0.036820618 0.926358764
JQ:/rc/rr: 0.000000000 0.000035771 0.999964229
JQ:/rrc/: 0.142203700 0.857796300 0.000000000
JQ:/rrc/cr: 0.000013892 0.000013892 0.999972215
JQ:/rrc/rr: 0.000000000 0.000125702 0.999874298
K:/: 0.745874513 0.254125487 0.000000000
K:/cr: 0.728419031 0.271567852 0.000013117
K:/rr: 0.000000000 0.999993296 0.000006704
KJ:/cc/: 0.000019675 0.999980325 0.000000000
KJ:/cc/cr: 0.000006559 0.000006559 0.999986883
KJ:/cc/rr: 0.000000000 0.500000000 0.500000000
KJ:/crc/: 0.000093355 0.999906645 0.000000000
KJ:/crc/cr: 0.000008051 0.999983898 0.000008051
KJ:/crc/rr: 0.000000000 0.870654124 0.129345876
KJ:/crrc/: 0.000204672 0.999795328 0.000000000
KJ:/crrc/cr: 0.000091363 0.999541123 0.000367514
KJ:/crrc/rr: 0.000000000 0.978004632 0.021995368
KJ:/rc/: 0.059469185 0.940530815 0.000000000
KJ:/rc/cr: 0.002803832 0.990714115 0.006482053
KJ:/rc/rr: 0.000000000 0.370239390 0.629760610
KJ:/rrc/: 0.077629514 0.922370486 0.000000000
KJ:/rrc/cr: 0.000002168 0.999996621 0.000001211
KJ:/rrc/rr: 0.000000000 0.522320745 0.477679255
KK:/cc/: 0.999954874 0.000045126 0.000000000
KK:/cc/cr: 0.709330823 0.145334588 0.145334588
KK:/cc/rr: 0.000000000 0.999990162 0.000009838
KK:/crc/: 0.109627819 0.890372181 0.000000000
KK:/crc/cr: 0.999981917 0.000009041 0.000009041
KK:/crc/rr: 0.000000000 0.999889853 0.000110147
KK:/crrc/: 0.993200729 0.006799271 0.000000000
KK:/crrc/cr: 0.999117193 0.000441403 0.000441403
KK:/crrc/rr: 0.000000000 0.999995467 0.000004533
KK:/rc/: 0.805635851 0.194364149 0.000000000
KK:/rc/cr: 0.999977007 0.000011497 0.000011497
KK:/rc/rr: 0.000000000 0.999995840 0.000004160
KK:/rrc/: 0.514740411 0.485259589 0.000000000
KK:/rrc/cr: 0.999995395 0.000002302 0.000002302
KK:/rrc/rr: 0.000000000 0.999996744 0.000003256
KQ:/cc/: 0.000019675 0.999980325 0.000000000
KQ:/cc/cr: 0.000006559 0.423798837 0.576194604
KQ:/cc/rr: 0.000000000 0.500000000 0.500000000
KQ:/crc/: 0.915926065 0.084073935 0.000000000
KQ:/crc/cr: 0.000095750 0.831912387 0.167991863
KQ:/crc/rr: 0.000000000 0.000013184 0.999986816
KQ:/crrc/: 0.010044728 0.989955272 0.000000000
KQ:/crrc/cr: 0.035819095 0.686457088 0.277723817
KQ:/crrc/rr: 0.000000000 0.035751395 0.964248605
KQ:/rc/: 0.000006704 0.999993296 0.000000000
KQ:/rc/cr: 0.000019966 0.482496292 0.517483741
KQ:/rc/rr: 0.000000000 0.500000000 0.500000000
KQ:/rrc/: 0.732887364 0.267112636 0.000000000
KQ:/rrc/cr: 0.016531858 0.925952595 0.057515547
KQ:/rrc/rr: 0.000000000 0.386194766 0.613805234
Q:/: 0.761435773 0.238564227 0.000000000
Q:/cr: 0.171877935 0.828006113 0.000115952
Q:/rr: 0.000000000 0.999993433 0.000006567
QJ:/cc/: 0.000020959 0.999979041 0.000000000
QJ:/cc/cr: 0.000006986 0.000006986 0.999986027
QJ:/cc/rr: 0.000000000 0.500000000 0.500000000
QJ:/crc/: 0.034335450 0.965664550 0.000000000
QJ:/crc/cr: 0.000085684 0.000002912 0.999911404
QJ:/crc/rr: 0.000000000 0.000122868 0.999877132
QJ:/crrc/: 0.075206172 0.924793828 0.000000000
QJ:/crrc/cr: 0.000014651 0.000014651 0.999970699
QJ:/crrc/rr: 0.000000000 0.000270234 0.999729766
QJ:/rc/: 0.008687147 0.991312853 0.000000000
QJ:/rc/cr: 0.000002208 0.000002208 0.999995584
QJ:/rc/rr: 0.000000000 0.000377946 0.999622054
QJ:/rrc/: 0.000003283 0.999996717 0.000000000
QJ:/rrc/cr: 0.000001094 0.000001094 0.999997811
QJ:/rrc/rr: 0.000000000 0.500000000 0.500000000
QK:/cc/: 0.006492595 0.993507405 0.000000000
QK:/cc/cr: 0.000048559 0.999943851 0.000007589
QK:/cc/rr: 0.000000000 0.998385952 0.001614048
QK:/crc/: 0.000009661 0.999990339 0.000000000
QK:/crc/cr: 0.000003261 0.549904190 0.450092549
QK:/crc/rr: 0.000000000 0.563320326 0.436679674
QK:/crrc/: 0.982262118 0.017737882 0.000000000
QK:/crrc/cr: 0.012696611 0.362455909 0.624847480
QK:/crrc/rr: 0.000000000 0.000307827 0.999692173
QK:/rc/: 0.439012193 0.560987807 0.000000000
QK:/rc/cr: 0.003347809 0.522522318 0.474129873
QK:/rc/rr: 0.000000000 0.216635091 0.783364909
QK:/rrc/: 0.136250599 0.863749401 0.000000000
QK:/rrc/cr: 0.000009072 0.306683572 0.693307356
QK:/rrc/rr: 0.000000000 0.000012049 0.999987951
QQ:/cc/: 0.435126992 0.564873008 0.000000000
QQ:/cc/cr: 0.999975264 0.000012368 0.000012368
QQ:/cc/rr: 0.000000000 0.999975917 0.000024083
QQ:/crc/: 0.997181289 0.002818711 0.000000000
QQ:/crc/cr: 0.998004425 0.000997788 0.000997788
QQ:/crc/rr: 0.000000000 0.999995769 0.000004231
QQ:/crrc/: 0.148342717 0.851657283 0.000000000
QQ:/crrc/cr: 0.999967445 0.000016646 0.000015909
QQ:/crrc/rr: 0.000000000 0.999862998 0.000137002
QQ:/rc/: 0.469032847 0.530967153 0.000000000
QQ:/rc/cr: 0.999991144 0.000004734 0.000004122
QQ:/rc/rr: 0.000000000 0.999993000 0.000007000
QQ:/rrc/: 0.990196844 0.009803156 0.000000000
QQ:/rrc/cr: 0.999776719 0.000111641 0.000111641
QQ:/rrc/rr: 0.000000000 0.999998342 0.000001658
