J:/: 0.073115854 0.926884146 0.000000000
J:/cr: 0.018946486 0.033044062 0.948009452
J:/rr: 0.000000000 0.999931615 0.000068385
JJ:/cc/: 0.000112849 0.999887151 0.000000000
JJ:/cc/cr: 0.999993785 0.000004417 0.000001798
JJ:/cc/rr: 0.000000000 0.976098956 0.023901044
JJ:/crc/: 0.997215048 0.002784952 0.000000000
JJ:/crc/cr: 0.986973705 0.006513148 0.006513148
JJ:/crc/rr: 0.000000000 0.999972716 0.000027284
JJ:/crrc/: 0.999653336 0.000346664 0.000000000
JJ:/crrc/cr: 0.817486669 0.091256666 0.091256666
JJ:/crrc/rr: 0.000000000 0.999952530 0.000047470
JJ:/rc/: 0.963337272 0.036662728 0.000000000
JJ:/rc/cr: 0.998756510 0.000621745 0.000621745
JJ:/rc/rr: 0.000000000 0.999964506 0.000035494
JJ:/rrc/: 0.999965805 0.000034195 0.000000000
JJ:/rrc/cr: 0.333333333 0.333333333 0.333333333
JJ:/rrc/rr: 0.000000000 0.999982902 0.000017098
JK:/cc/: 0.076277609 0.923722391 0.000000000
JK:/cc/cr: 0.000001947 0.000001947 0.999996107
JK:/cc/rr: 0.000000000 0.000035360 0.999964640
JK:/crc/: 0.049464173 0.950535827 0.000000000
JK:/crc/cr: 0.000572000 0.000019083 0.999408917
JK:/crc/rr: 0.000000000 0.000550059 0.999449941
JK:/crrc/: 0.999905094 0.000094906 0.000000000
JK:/crrc/cr: 0.333333333 0.333333333 0.333333333
JK:/crrc/rr: 0.000000000 0.000047458 0.999952542
JK:/rc/: 0.999931615 0.000068385 0.000000000
JK:/rc/cr: 0.333333333 0.333333333 0.333333333
JK:/rc/rr: 0.000000000 0.000034195 0.999965805
JK:/rrc/: 0.554978929 0.445021071 0.000000000
JK:/rrc/cr: 0.999948774 0.000025613 0.000025613
JK:/rrc/rr: 0.000000000 0.000030807 0.999969193
JQ:/cc/: 0.173625955 0.826374045 0.000000000
JQ:/cc/cr: 0.000002176 0.000002176 0.999995648
JQ:/cc/rr: 0.000000000 0.000015535 0.999984465
JQ:/crc/: 0.997933934 0.002066066 0.000000000
JQ:/crc/cr: 0.008779391 0.008779391 0.982441217
JQ:/crc/rr: 0.000000000 0.000027265 0.999972735
JQ:/crrc/: 0.012870226 0.987129774 0.000000000
JQ:/crrc/cr: 0.161722239 0.000032048 0.838245713
JQ:/crrc/rr: 0.000000000 0.003687045 0.996312955
JQ:/rc/: 0.999931615 0.000068385 0.000000000
JQ:/rc/cr: 0.333333333 0.333333333 0.333333333
JQ:/rc/rr: 0.000000000 0.000034195 0.999965805
JQ:/rrc/: 0.145094936 0.854905064 0.000000000
JQ:/rrc/cr: 0.000013333 0.000013333 0.999973335
JQ:/rrc/rr: 0.000000000 0.000117835 0.999882165
K:/: 0.751287806 0.248712194 0.000000000
K:/cr: 0.696215616 0.303770982 0.000013402
K:/rr: 0.000000000 0.999993345 0.000006655
KJ:/cc/: 0.000020104 0.999979896 0.000000000
KJ:/cc/cr: 0.000006701 0.000006701 0.999986597
KJ:/cc/rr: 0.000000000 0.500000000 0.500000000
KJ:/crc/: 0.000022060 0.999977940 0.000000000
KJ:/crc/cr: 0.000007353 0.999985293 0.000007353
KJ:/crc/rr: 0.000000000 0.500000000 0.500000000
KJ:/crrc/: 0.069622826 0.930377174 0.000000000
KJ:/crrc/cr: 0.000003448 0.999993103 0.000003448
KJ:/crrc/rr: 0.000000000 0.387717892 0.612282108
KJ:/rc/: 0.051576764 0.948423236 0.000000000
KJ:/rc/cr: 0.006018613 0.985097330 0.008884058
KJ:/rc/rr: 0.000000000 0.295002439 0.704997561
KJ:/rrc/: 0.082387602 0.917612398 0.000000000
KJ:/rrc/cr: 0.000014159 0.999984632 0.000001209
KJ:/rrc/rr: 0.000000000 0.468722295 0.531277705
KK:/cc/: 0.999940635 0.000059365 0.000000000
KK:/cc/cr: 0.774238711 0.112880645 0.112880645
KK:/cc/rr: 0.000000000 0.999989948 0.000010052
KK:/crc/: 0.105043682 0.894956318 0.000000000
KK:/crc/cr: 0.999983567 0.000008216 0.000008216
KK:/crc/rr: 0.000000000 0.999894996 0.000105004
KK:/crrc/: 0.996968314 0.003031686 0.000000000
KK:/crrc/cr: 0.997883431 0.001058285 0.001058285
KK:/crrc/rr: 0.000000000 0.999995173 0.000004827
KK:/rc/: 0.812207383 0.187792617 0.000000000
KK:/rc/cr: 0.999976374 0.000011813 0.000011813
KK:/rc/rr: 0.000000000 0.999995903 0.000004097
KK:/rrc/: 0.520939034 0.479060966 0.000000000
KK:/rrc/cr: 0.999995369 0.000002315 0.000002315
KK:/rrc/rr: 0.000000000 0.999996806 0.000003194
KQ:/cc/: 0.000137487 0.999862513 0.000000000
KQ:/cc/cr: 0.000006702 0.453413314 0.546579984
KQ:/cc/rr: 0.000000000 0.926889394 0.073110606
KQ:/crc/: 0.877105675 0.122894325 0.000000000
KQ:/crc/cr: 0.000059835 0.407532890 0.592407276
KQ:/crc/rr: 0.000000000 0.000012575 0.999987425
KQ:/crrc/: 0.002939663 0.997060337 0.000000000
KQ:/crrc/cr: 0.004749663 0.706317372 0.288932964
KQ:/crrc/rr: 0.000000000 0.082679375 0.917320625
KQ:/rc/: 0.000006655 0.999993345 0.000000000
KQ:/rc/cr: 0.000008315 0.479665785 0.520325900
KQ:/rc/rr: 0.000000000 0.500000000 0.500000000
KQ:/rrc/: 0.713889205 0.286110795 0.000000000
KQ:/rrc/cr: 0.000958457 0.954774988 0.044266555
KQ:/rrc/rr: 0.000000000 0.383354035 0.616645965
Q:/: 0.752226287 0.247773713 0.000000000
Q:/cr: 0.156592056 0.843229508 0.000178436
Q:/rr: 0.000000000 0.999993353 0.000006647
QJ:/cc/: 0.000020180 0.999979820 0.000000000
QJ:/cc/cr: 0.000006727 0.000006727 0.999986547
QJ:/cc/rr: 0.000000000 0.500000000 0.500000000
QJ:/crc/: 0.029686309 0.970313691 0.000000000
QJ:/crc/cr: 0.000082457 0.000002740 0.999914803
QJ:/crc/rr: 0.000000000 0.000134357 0.999865643
QJ:/crrc/: 0.011316655 0.988683345 0.000000000
QJ:/crrc/cr: 0.000014483 0.000014483 0.999971035
QJ:/crrc/rr: 0.000000000 0.001897910 0.998102090
QJ:/rc/: 0.012672712 0.987327288 0.000000000
QJ:/rc/cr: 0.000002244 0.000002244 0.999995512
QJ:/rc/rr: 0.000000000 0.000262254 0.999737746
QJ:/rrc/: 0.000003323 0.999996677 0.000000000
QJ:/rrc/cr: 0.000001108 0.000001108 0.999997784
QJ:/rrc/rr: 0.000000000 0.500000000 0.500000000
QK:/cc/: 0.559195580 0.440804420 0.000000000
QK:/cc/cr: 0.005075023 0.994909718 0.000015260
QK:/cc/rr: 0.000000000 0.999981956 0.000018044
QK:/crc/: 0.000007977 0.999992023 0.000000000
QK:/crc/cr: 0.000002659 0.557798409 0.442198932
QK:/crc/rr: 0.000000000 0.500000000 0.500000000
QK:/crrc/: 0.996062662 0.003937338 0.000000000
QK:/crrc/cr: 0.003636636 0.184066340 0.812297024
QK:/crrc/rr: 0.000000000 0.000021563 0.999978437
QK:/rc/: 0.425349957 0.574650043 0.000000000
QK:/rc/cr: 0.002245431 0.546954257 0.450800312
QK:/rc/rr: 0.000000000 0.196681186 0.803318814
QK:/rrc/: 0.114761381 0.885238619 0.000000000
QK:/rrc/cr: 0.000027862 0.302014190 0.697957947
QK:/rrc/rr: 0.000000000 0.000014480 0.999985520
QQ:/cc/: 0.500381281 0.499618719 0.000000000
QQ:/cc/cr: 0.999973073 0.000013463 0.000013463
QQ:/cc/rr: 0.000000000 0.999979836 0.000020164
QQ:/crc/: 0.979090109 0.020909891 0.000000000
QQ:/crc/cr: 0.999745666 0.000127167 0.000127167
QQ:/crc/rr: 0.000000000 0.999995926 0.000004074
QQ:/crrc/: 0.050486727 0.949513273 0.000000000
QQ:/crrc/cr: 0.999969840 0.000015080 0.000015080
QQ:/crrc/rr: 0.000000000 0.999574581 0.000425419
QQ:/rc/: 0.484545953 0.515454047 0.000000000
QQ:/rc/cr: 0.999980555 0.000015146 0.000004298
QQ:/rc/rr: 0.000000000 0.999993141 0.000006859
QQ:/rrc/: 0.989462844 0.010537156 0.000000000
QQ:/rrc/cr: 0.999789729 0.000105136 0.000105136
QQ:/rrc/rr: 0.000000000 0.999998321 0.000001679
