J:/: 0.071686820 0.928313180 0.000000000
J:/cr: 0.019942925 0.032930477 0.947126598
J:/rr: 0.000000000 0.999930252 0.000069748
JJ:/cc/: 0.000114462 0.999885538 0.000000000
JJ:/cc/cr: 0.999996409 0.000001796 0.000001796
JJ:/cc/rr: 0.000000000 0.976472036 0.023527964
JJ:/crc/: 0.992763487 0.007236513 0.000000000
JJ:/crc/cr: 0.994977319 0.002511341 0.002511341
JJ:/crc/rr: 0.000000000 0.999972541 0.000027459
JJ:/crrc/: 0.997612308 0.002387692 0.000000000
JJ:/crrc/cr: 0.974864021 0.012567990 0.012567990
JJ:/crrc/rr: 0.000000000 0.999954880 0.000045120
JJ:/rc/: 0.951892906 0.048107094 0.000000000
JJ:/rc/cr: 0.999033437 0.000483282 0.000483282
JJ:/rc/rr: 0.000000000 0.999963364 0.000036636
JJ:/rrc/: 0.999965124 0.000034876 0.000000000
JJ:/rrc/cr: 0.333333333 0.333333333 0.333333333
JJ:/rrc/rr: 0.000000000 0.999982561 0.000017439
JK:/cc/: 0.083070759 0.916929241 0.000000000
JK:/cc/cr: 0.000001958 0.000001958 0.999996084
JK:/cc/rr: 0.000000000 0.000032419 0.999967581
JK:/crc/: 0.022582104 0.977417896 0.000000000
JK:/crc/cr: 0.003651055 0.000018593 0.996330352
JK:/crc/rr: 0.000000000 0.001207152 0.998792848
JK:/crrc/: 0.999909975 0.000090025 0.000000000
JK:/crrc/cr: 0.333333333 0.333333333 0.333333333
JK:/crrc/rr: 0.000000000 0.000045017 0.999954983
JK:/rc/: 0.999930252 0.000069748 0.000000000
JK:/rc/cr: 0.333333333 0.333333333 0.333333333
JK:/rc/rr: 0.000000000 0.000034876 0.999965124
JK:/rrc/: 0.542636521 0.457363479 0.000000000
JK:/rrc/cr: 0.980142978 0.000025418 0.019831603
JK:/rrc/rr: 0.000000000 0.000032136 0.999967864
JQ:/cc/: 0.154451041 0.845548959 0.000000000
JQ:/cc/cr: 0.000002123 0.000002123 0.999995753
JQ:/cc/rr: 0.000000000 0.000017436 0.999982564
JQ:/crc/: 0.993696767 0.006303233 0.000000000
JQ:/crc/cr: 0.002883179 0.002883179 0.994233642
JQ:/crc/rr: 0.000000000 0.000027433 0.999972567
JQ:/crrc/: 0.036066474 0.963933526 0.000000000
JQ:/crrc/cr: 0.225771363 0.000031131 0.774197506
JQ:/crrc/rr: 0.000000000 0.001248049 0.998751951
JQ:/rc/: 0.999648390 0.000351610 0.000000000
JQ:/rc/cr: 0.066122302 0.066122302 0.867755397
JQ:/rc/rr: 0.000000000 0.000034886 0.999965114
JQ:/rrc/: 0.126273910 0.873726090 0.000000000
JQ:/rrc/cr: 0.000300781 0.000013306 0.999685913
JQ:/rrc/rr: 0.000000000 0.000138098 0.999861902
K:/: 0.748373055 0.251626945 0.000000000
K:/cr: 0.710116450 0.289870303 0.000013247
K:/rr: 0.000000000 0.999993319 0.000006681
KJ:/cc/: 0.000019871 0.999980129 0.000000000
KJ:/cc/cr: 0.000006624 0.000006624 0.999986753
KJ:/cc/rr: 0.000000000 0.500000000 0.500000000
KJ:/crc/: 0.000022850 0.999977150 0.000000000
KJ:/crc/cr: 0.000007617 0.999984766 0.000007617
KJ:/crc/rr: 0.000000000 0.500000000 0.500000000
KJ:/crrc/: 0.024584737 0.975415263 0.000000000
KJ:/crrc/cr: 0.000003188 0.999993625 0.000003188
KJ:/crrc/rr: 0.000000000 0.381915947 0.618084053
KJ:/rc/: 0.055475276 0.944524724 0.000000000
KJ:/rc/cr: 0.002755266 0.982676617 0.014568117
KJ:/rc/rr: 0.000000000 0.346567011 0.653432989
KJ:/rrc/: 0.083082501 0.916917499 0.000000000
KJ:/rrc/cr: 0.000002186 0.999996599 0.000001214
KJ:/rrc/rr: 0.000000000 0.549595972 0.450404028
KK:/cc/: 0.999882786 0.000117214 0.000000000
KK:/cc/cr: 0.886983466 0.056508267 0.056508267
KK:/cc/rr: 0.000000000 0.999990063 0.000009937
KK:/crc/: 0.074492171 0.925507829 0.000000000
KK:/crc/cr: 0.999983541 0.000008230 0.000008230
KK:/crc/rr: 0.000000000 0.999846628 0.000153372
KK:/crrc/: 0.999969267 0.000030733 0.000000000
KK:/crrc/cr: 0.797664826 0.101167587 0.101167587
KK:/crrc/rr: 0.000000000 0.999995336 0.000004664
KK:/rc/: 0.800232624 0.199767376 0.000000000
KK:/rc/cr: 0.999977704 0.000011148 0.000011148
KK:/rc/rr: 0.000000000 0.999995825 0.000004175
KK:/rrc/: 0.518565373 0.481434627 0.000000000
KK:/rrc/cr: 0.999995374 0.000002313 0.000002313
KK:/rrc/rr: 0.000000000 0.999996779 0.000003221
KQ:/cc/: 0.000019871 0.999980129 0.000000000
KQ:/cc/cr: 0.000006624 0.451752204 0.548241172
KQ:/cc/rr: 0.000000000 0.500000000 0.500000000
KQ:/crc/: 0.857064180 0.142935820 0.000000000
KQ:/crc/cr: 0.000053288 0.754579595 0.245367117
KQ:/crc/rr: 0.000000000 0.000013330 0.999986670
KQ:/crrc/: 0.003006602 0.996993398 0.000000000
KQ:/crrc/cr: 0.005965131 0.708347163 0.285687706
KQ:/crrc/rr: 0.000000000 0.407361905 0.592638095
KQ:/rc/: 0.000006681 0.999993319 0.000000000
KQ:/rc/cr: 0.000020027 0.475088323 0.524891650
KQ:/rc/rr: 0.000000000 0.500000000 0.500000000
KQ:/rrc/: 0.726206931 0.273793069 0.000000000
KQ:/rrc/cr: 0.022979099 0.865659741 0.111361160
KQ:/rrc/rr: 0.000000000 0.397520578 0.602479422
Q:/: 0.757316582 0.242683418 0.000000000
Q:/cr: 0.169706168 0.830129530 0.000164303
Q:/rr: 0.000000000 0.999993398 0.000006602
QJ:/cc/: 0.000020603 0.999979397 0.000000000
QJ:/cc/cr: 0.000006868 0.000006868 0.999986264
QJ:/cc/rr: 0.000000000 0.500000000 0.500000000
QJ:/crc/: 0.030802559 0.969197441 0.000000000
QJ:/crc/cr: 0.000134329 0.000002845 0.999862826
QJ:/crc/rr: 0.000000000 0.000134291 0.999865709
QJ:/crrc/: 0.064354254 0.935645746 0.000000000
QJ:/crrc/cr: 0.000014417 0.000014417 0.999971166
QJ:/crrc/rr: 0.000000000 0.000314415 0.999685585
QJ:/rc/: 0.011114430 0.988885570 0.000000000
QJ:/rc/cr: 0.000002225 0.000002225 0.999995549
QJ:/rc/rr: 0.000000000 0.000297013 0.999702987
QJ:/rrc/: 0.000003301 0.999996699 0.000000000
QJ:/rrc/cr: 0.000001100 0.000001100 0.999997799
QJ:/rrc/rr: 0.000000000 0.500000000 0.500000000
QK:/cc/: 0.439002506 0.560997494 0.000000000
QK:/cc/cr: 0.001929820 0.998056944 0.000013236
QK:/cc/rr: 0.000000000 0.999976534 0.000023466
QK:/crc/: 0.001643227 0.998356773 0.000000000
QK:/crc/cr: 0.000003274 0.550645382 0.449351343
QK:/crc/rr: 0.000000000 0.003075565 0.996924435
QK:/crrc/: 0.999718540 0.000281460 0.000000000
QK:/crrc/cr: 0.052884227 0.700754550 0.246361223
QK:/crrc/rr: 0.000000000 0.000511596 0.999488404
QK:/rc/: 0.415179247 0.584820753 0.000000000
QK:/rc/cr: 0.003921615 0.528350691 0.467727694
QK:/rc/rr: 0.000000000 0.197288080 0.802711920
QK:/rrc/: 0.122009411 0.877990589 0.000000000
QK:/rrc/cr: 0.000009907 0.297665043 0.702325050
QK:/rrc/rr: 0.000000000 0.000013528 0.999986472
QQ:/cc/: 0.503661607 0.496338393 0.000000000
QQ:/cc/cr: 0.999972327 0.000013837 0.000013837
QQ:/cc/rr: 0.000000000 0.999979547 0.000020453
QQ:/crc/: 0.991475523 0.008524477 0.000000000
QQ:/crc/cr: 0.999353001 0.000323500 0.000323500
QQ:/crc/rr: 0.000000000 0.999995828 0.000004172
QQ:/crrc/: 0.070130243 0.929869757 0.000000000
QQ:/crrc/cr: 0.999970987 0.000014507 0.000014507
QQ:/crrc/rr: 0.000000000 0.999711480 0.000288520
QQ:/rc/: 0.470010243 0.529989757 0.000000000
QQ:/rc/cr: 0.999990962 0.000004886 0.000004152
QQ:/rc/rr: 0.000000000 0.999992976 0.000007024
QQ:/rrc/: 0.980130090 0.019869910 0.000000000
QQ:/rrc/cr: 0.999889241 0.000055379 0.000055379
QQ:/rrc/rr: 0.000000000 0.999998316 0.000001684
