J:/c: 0.306837477 0.693162523 0.000000000
J:/crr: 0.000000000 0.999983705 0.000016295
J:/r: 0.055646224 0.149808877 0.794544898
JJ:/cc/c: 0.999992787 0.000007213 0.000000000
JJ:/cc/crr: 0.000000000 0.999996393 0.000003607
JJ:/cc/r: 0.999978270 0.000016921 0.000004809
JJ:/crc/c: 0.999983705 0.000016295 0.000000000
JJ:/crc/crr: 0.000000000 0.999991852 0.000008148
JJ:/crc/r: 0.999938696 0.000050441 0.000010864
JJ:/crrc/c: 0.999991852 0.000008148 0.000000000
JJ:/crrc/crr: 0.000000000 0.999995926 0.000004074
JJ:/crrc/r: 0.999989136 0.000005432 0.000005432
JJ:/rc/c: 0.999977749 0.000022251 0.000000000
JJ:/rc/crr: 0.000000000 0.999988874 0.000011126
JJ:/rc/r: 0.999970333 0.000014834 0.000014834
JJ:/rrc/c: 0.999940098 0.000059902 0.000000000
JJ:/rrc/crr: 0.000000000 0.999970047 0.000029953
JJ:/rrc/r: 0.999920130 0.000039935 0.000039935
JK:/cc/c: 0.010569278 0.989430722 0.000000000
JK:/cc/crr: 0.000000000 0.000341240 0.999658760
JK:/cc/r: 0.000005762 0.000004809 0.999989429
JK:/crc/c: 0.541856978 0.458143022 0.000000000
JK:/crc/crr: 0.000000000 0.000015037 0.999984963
JK:/crc/r: 0.005381376 0.000010864 0.994607761
JK:/crrc/c: 0.000935650 0.999064350 0.000000000
JK:/crrc/crr: 0.000000000 0.004354070 0.995645930
JK:/crrc/r: 0.176013760 0.000005432 0.823980808
JK:/rc/c: 0.375801630 0.624198370 0.000000000
JK:/rc/crr: 0.000000000 0.000029604 0.999970396
JK:/rc/r: 0.349472493 0.000014834 0.650512674
JK:/rrc/c: 0.999940098 0.000059902 0.000000000
JK:/rrc/crr: 0.000000000 0.000029953 0.999970047
JK:/rrc/r: 0.023366825 0.000039935 0.976593240
JQ:/cc/c: 0.081736962 0.918263038 0.000000000
JQ:/cc/crr: 0.000000000 0.000044125 0.999955875
JQ:/cc/r: 0.000004809 0.000004809 0.999990382
JQ:/crc/c: 0.999983705 0.000016295 0.000000000
JQ:/crc/crr: 0.000000000 0.000008148 0.999991852
JQ:/crc/r: 0.000010864 0.000010864 0.999978273
JQ:/crrc/c: 0.005059124 0.994940876 0.000000000
JQ:/crrc/crr: 0.000000000 0.000805255 0.999194745
JQ:/crrc/r: 0.000042209 0.000005432 0.999952359
JQ:/rc/c: 0.999934457 0.000065543 0.000000000
JQ:/rc/crr: 0.000000000 0.000011126 0.999988874
JQ:/rc/r: 0.000014834 0.000014834 0.999970333
JQ:/rrc/c: 0.018140818 0.981859182 0.000000000
JQ:/rrc/crr: 0.000000000 0.001651035 0.998348965
JQ:/rrc/r: 0.102825929 0.000039935 0.897134137
K:/c: 0.999990000 0.000010000 0.000000000
K:/crr: 0.000000000 0.999995000 0.000005000
K:/r: 0.515103378 0.484889956 0.000006667
KJ:/cc/c: 0.500000000 0.500000000 0.000000000
KJ:/cc/crr: 0.000000000 0.500000000 0.500000000
KJ:/cc/r: 0.333333333 0.333333333 0.333333333
KJ:/crc/c: 0.072347661 0.927652339 0.000000000
KJ:/crc/crr: 0.000000000 0.999965444 0.000034556
KJ:/crc/r: 0.000003333 0.711322239 0.288674428
KJ:/crrc/c: 0.396953634 0.603046366 0.000000000
KJ:/crrc/crr: 0.000000000 0.999996851 0.000003149
KJ:/crrc/r: 0.000001667 0.999988847 0.000009487
KJ:/rc/c: 0.443154683 0.556845317 0.000000000
KJ:/rc/crr: 0.000000000 0.999992244 0.000007756
KJ:/rc/r: 0.000046662 0.871666128 0.128287210
KJ:/rrc/c: 0.481187536 0.518812464 0.000000000
KJ:/rrc/crr: 0.000000000 0.999993276 0.000006724
KJ:/rrc/r: 0.000021582 0.999974104 0.000004314
KK:/cc/c: 0.500000000 0.500000000 0.000000000
KK:/cc/crr: 0.000000000 0.500000000 0.500000000
KK:/cc/r: 0.333333333 0.333333333 0.333333333
KK:/crc/c: 0.999995000 0.000005000 0.000000000
KK:/crc/crr: 0.000000000 0.999997500 0.000002500
KK:/crc/r: 0.984422214 0.015574453 0.000003333
KK:/crrc/c: 0.999997500 0.000002500 0.000000000
KK:/crrc/crr: 0.000000000 0.999998750 0.000001250
KK:/crrc/r: 0.996557441 0.003440892 0.000001667
KK:/rc/c: 0.999993126 0.000006874 0.000000000
KK:/rc/crr: 0.000000000 0.999996563 0.000003437
KK:/rc/r: 0.999971383 0.000024034 0.000004583
KK:/rrc/c: 0.999993529 0.000006471 0.000000000
KK:/rrc/crr: 0.000000000 0.999996764 0.000003236
KK:/rrc/r: 0.996721976 0.003273710 0.000004314
KQ:/cc/c: 0.500000000 0.500000000 0.000000000
KQ:/cc/crr: 0.000000000 0.500000000 0.500000000
KQ:/cc/r: 0.333333333 0.333333333 0.333333333
KQ:/crc/c: 0.144422460 0.855577540 0.000000000
KQ:/crc/crr: 0.000000000 0.000017311 0.999982689
KQ:/crc/r: 0.000004167 0.512852702 0.487143131
KQ:/crrc/c: 0.651871622 0.348128378 0.000000000
KQ:/crrc/crr: 0.000000000 0.456407286 0.543592714
KQ:/crrc/r: 0.000040547 0.942362084 0.057597370
KQ:/rc/c: 0.000006874 0.999993126 0.000000000
KQ:/rc/crr: 0.000000000 0.500000000 0.500000000
KQ:/rc/r: 0.000004583 0.313875149 0.686120268
KQ:/rrc/c: 0.408967306 0.591032694 0.000000000
KQ:/rrc/crr: 0.000000000 0.999992088 0.000007912
KQ:/rrc/r: 0.165511555 0.511536616 0.322951830
Q:/c: 0.811231995 0.188768005 0.000000000
Q:/crr: 0.000000000 0.999993837 0.000006163
Q:/r: 0.251000742 0.748963894 0.000035364
QJ:/cc/c: 0.000026488 0.999973512 0.000000000
QJ:/cc/crr: 0.000000000 0.500000000 0.500000000
QJ:/cc/r: 0.000017658 0.000017658 0.999964683
QJ:/crc/c: 0.415635528 0.584364472 0.000000000
QJ:/crc/crr: 0.000000000 0.000047739 0.999952261
QJ:/crc/r: 0.000004109 0.000004109 0.999991782
QJ:/crrc/c: 0.000003082 0.999996918 0.000000000
QJ:/crrc/crr: 0.000000000 0.500000000 0.500000000
QJ:/crrc/r: 0.000002055 0.000002055 0.999995891
QJ:/rc/c: 0.000004451 0.999995549 0.000000000
QJ:/rc/crr: 0.000000000 0.500000000 0.500000000
QJ:/rc/r: 0.000002967 0.000002967 0.999994066
QJ:/rrc/c: 0.000013280 0.999986720 0.000000000
QJ:/rrc/crr: 0.000000000 0.500000000 0.500000000
QJ:/rrc/r: 0.000008853 0.000008853 0.999982293
QK:/cc/c: 0.032200631 0.967799369 0.000000000
QK:/cc/crr: 0.000000000 0.999588711 0.000411289
QK:/cc/r: 0.000017658 0.655542579 0.344439762
QK:/crc/c: 0.299584607 0.700415393 0.000000000
QK:/crc/crr: 0.000000000 0.000010287 0.999989713
QK:/crc/r: 0.000032591 0.463922700 0.536044709
QK:/crrc/c: 0.000003082 0.999996918 0.000000000
QK:/crrc/crr: 0.000000000 0.500000000 0.500000000
QK:/crrc/r: 0.000015316 0.279491408 0.720493276
QK:/rc/c: 0.360492716 0.639507284 0.000000000
QK:/rc/crr: 0.000000000 0.000006173 0.999993827
QK:/rc/r: 0.000002967 0.331903690 0.668093343
QK:/rrc/c: 0.398095148 0.601904852 0.000000000
QK:/rrc/crr: 0.000000000 0.000016680 0.999983320
QK:/rrc/r: 0.000008853 0.606254383 0.393736764
QQ:/cc/c: 0.999973512 0.000026488 0.000000000
QQ:/cc/crr: 0.000000000 0.999986756 0.000013244
QQ:/cc/r: 0.998347374 0.001634968 0.000017658
QQ:/crc/c: 0.999993837 0.000006163 0.000000000
QQ:/crc/crr: 0.000000000 0.999996918 0.000003082
QQ:/crc/r: 0.957128786 0.042867105 0.000004109
QQ:/crrc/c: 0.999996918 0.000003082 0.000000000
QQ:/crrc/crr: 0.000000000 0.999998459 0.000001541
QQ:/crrc/r: 0.999975459 0.000022487 0.000002055
QQ:/rc/c: 0.999995549 0.000004451 0.000000000
QQ:/rc/crr: 0.000000000 0.999997775 0.000002225
QQ:/rc/r: 0.989883280 0.010113753 0.000002967
QQ:/rrc/c: 0.999986720 0.000013280 0.000000000
QQ:/rrc/crr: 0.000000000 0.999993360 0.000006640
QQ:/rrc/r: 0.999978634 0.000012513 0.000008853
