J:/: 0.073420876 0.926579124 0.000000000
J:/cr: 0.018588525 0.034926853 0.946484622
J:/rr: 0.000000000 0.999931899 0.000068101
JJ:/cc/: 0.000120677 0.999879323 0.000000000
JJ:/cc/cr: 0.999996402 0.000001799 0.000001799
JJ:/cc/rr: 0.000000000 0.977641976 0.022358024
JJ:/crc/: 0.997946790 0.002053210 0.000000000
JJ:/crc/cr: 0.983278235 0.008360882 0.008360882
JJ:/crc/rr: 0.000000000 0.999974197 0.000025803
JJ:/crrc/: 0.997504167 0.002495833 0.000000000
JJ:/crrc/cr: 0.974152734 0.012923633 0.012923633
JJ:/crrc/rr: 0.000000000 0.999951496 0.000048504
JJ:/rc/: 0.984736170 0.015263830 0.000000000
JJ:/rc/cr: 0.997025625 0.001487187 0.001487187
JJ:/rc/rr: 0.000000000 0.999965422 0.000034578
JJ:/rrc/: 0.999965947 0.000034053 0.000000000
JJ:/rrc/cr: 0.333333333 0.333333333 0.333333333
JJ:/rrc/rr: 0.000000000 0.999982973 0.000017027
JK:/cc/: 0.079856802 0.920143198 0.000000000
JK:/cc/cr: 0.000001955 0.000001955 0.999996090
JK:/cc/rr: 0.000000000 0.000033787 0.999966213
JK:/crc/: 0.033444737 0.966555263 0.000000000
JK:/crc/cr: 0.000017761 0.000017761 0.999964479
JK:/crc/rr: 0.000000000 0.000769926 0.999230074
JK:/crrc/: 0.999903234 0.000096766 0.000000000
JK:/crrc/cr: 0.333333333 0.333333333 0.333333333
JK:/crrc/rr: 0.000000000 0.000048388 0.999951612
JK:/rc/: 0.999931899 0.000068101 0.000000000
JK:/rc/cr: 0.333333333 0.333333333 0.333333333
JK:/rc/rr: 0.000000000 0.000034053 0.999965947
JK:/rrc/: 0.556645710 0.443354290 0.000000000
JK:/rrc/cr: 0.996536714 0.000025602 0.003437684
JK:/rrc/rr: 0.000000000 0.000030587 0.999969413
JQ:/cc/: 0.190168163 0.809831837 0.000000000
JQ:/cc/cr: 0.000002221 0.000002221 0.999995558
JQ:/cc/rr: 0.000000000 0.000014188 0.999985812
JQ:/crc/: 0.995051144 0.004948856 0.000000000
JQ:/crc/cr: 0.003468811 0.003468811 0.993062377
JQ:/crc/rr: 0.000000000 0.000025878 0.999974122
JQ:/crrc/: 0.010968519 0.989031481 0.000000000
JQ:/crrc/cr: 0.159099461 0.000032613 0.840867926
JQ:/crrc/rr: 0.000000000 0.004411064 0.995588936
JQ:/rc/: 0.998867550 0.001132450 0.000000000
JQ:/rc/cr: 0.020045182 0.020045182 0.959909635
JQ:/rc/rr: 0.000000000 0.000034089 0.999965911
JQ:/rrc/: 0.111764189 0.888235811 0.000000000
JQ:/rrc/cr: 0.000012779 0.000012779 0.999974442
JQ:/rrc/rr: 0.000000000 0.000152341 0.999847659
K:/: 0.755765553 0.244234447 0.000000000
K:/cr: 0.686370162 0.313616190 0.000013648
K:/rr: 0.000000000 0.999993384 0.000006616
KJ:/cc/: 0.000020472 0.999979528 0.000000000
KJ:/cc/cr: 0.000006824 0.000006824 0.999986352
KJ:/cc/rr: 0.000000000 0.500000000 0.500000000
KJ:/crc/: 0.000021759 0.999978241 0.000000000
KJ:/crc/cr: 0.000007253 0.999985494 0.000007253
KJ:/crc/rr: 0.000000000 0.500000000 0.500000000
KJ:/crrc/: 0.067135148 0.932864852 0.000000000
KJ:/crrc/cr: 0.000207796 0.996199603 0.003592601
KJ:/crrc/rr: 0.000000000 0.621885378 0.378114622
KJ:/rc/: 0.021274425 0.978725575 0.000000000
KJ:/rc/cr: 0.002585220 0.989903762 0.007511018
KJ:/rc/rr: 0.000000000 0.059224371 0.940775629
KJ:/rrc/: 0.079697364 0.920302636 0.000000000
KJ:/rrc/cr: 0.000001198 0.999997604 0.000001198
KJ:/rrc/rr: 0.000000000 0.583275699 0.416724301
KK:/cc/: 0.999807055 0.000192945 0.000000000
KK:/cc/cr: 0.929264272 0.035367864 0.035367864
KK:/cc/rr: 0.000000000 0.999989762 0.000010238
KK:/crc/: 0.089121565 0.910878435 0.000000000
KK:/crc/cr: 0.999984075 0.000007963 0.000007963
KK:/crc/rr: 0.000000000 0.999877924 0.000122076
KK:/crrc/: 0.999990058 0.000009942 0.000000000
KK:/crrc/cr: 0.333333333 0.333333333 0.333333333
KK:/crrc/rr: 0.000000000 0.999995029 0.000004971
KK:/rc/: 0.799922584 0.200077416 0.000000000
KK:/rc/cr: 0.999977956 0.000011022 0.000011022
KK:/rc/rr: 0.000000000 0.999995865 0.000004135
KK:/rrc/: 0.529072060 0.470927940 0.000000000
KK:/rrc/cr: 0.999995317 0.000002341 0.000002341
KK:/rrc/rr: 0.000000000 0.999996874 0.000003126
KQ:/cc/: 0.000020472 0.999979528 0.000000000
KQ:/cc/cr: 0.000006824 0.426309280 0.573683895
KQ:/cc/rr: 0.000000000 0.500000000 0.500000000
KQ:/crc/: 0.900092298 0.099907702 0.000000000
KQ:/crc/cr: 0.000072598 0.758665807 0.241261595
KQ:/crc/rr: 0.000000000 0.000012087 0.999987913
KQ:/crrc/: 0.001119312 0.998880688 0.000000000
KQ:/crrc/cr: 0.014700719 0.685296962 0.300002319
KQ:/crrc/rr: 0.000000000 0.266132615 0.733867385
KQ:/rc/: 0.000006616 0.999993384 0.000000000
KQ:/rc/cr: 0.000009538 0.485829778 0.514160684
KQ:/rc/rr: 0.000000000 0.500000000 0.500000000
KQ:/rrc/: 0.724705142 0.275294858 0.000000000
KQ:/rrc/cr: 0.000042470 0.972350245 0.027607285
KQ:/rrc/rr: 0.000000000 0.393902463 0.606097537
Q:/: 0.746927910 0.253072090 0.000000000
Q:/cr: 0.148346847 0.851638730 0.000014423
Q:/rr: 0.000000000 0.999993306 0.000006694
QJ:/cc/: 0.000019757 0.999980243 0.000000000
QJ:/cc/cr: 0.000006586 0.000006586 0.999986828
QJ:/cc/rr: 0.000000000 0.500000000 0.500000000
QJ:/crc/: 0.029005977 0.970994023 0.000000000
QJ:/crc/cr: 0.000048572 0.000002655 0.999948774
QJ:/crc/rr: 0.000000000 0.000133300 0.999866700
QJ:/crrc/: 0.012437335 0.987562665 0.000000000
QJ:/crrc/cr: 0.000014984 0.000014984 0.999970031
QJ:/crrc/rr: 0.000000000 0.001784715 0.998215285
QJ:/rc/: 0.016268603 0.983731397 0.000000000
QJ:/rc/cr: 0.000002268 0.000002268 0.999995463
QJ:/rc/rr: 0.000000000 0.000205736 0.999794264
QJ:/rrc/: 0.000003347 0.999996653 0.000000000
QJ:/rrc/cr: 0.000001116 0.000001116 0.999997769
QJ:/rrc/rr: 0.000000000 0.500000000 0.500000000
QK:/cc/: 0.474387596 0.525612404 0.000000000
QK:/cc/cr: 0.015617844 0.984369183 0.000012973
QK:/cc/rr: 0.000000000 0.999979176 0.000020824
QK:/crc/: 0.000007733 0.999992267 0.000000000
QK:/crc/cr: 0.000002608 0.562023006 0.437974386
QK:/crc/rr: 0.000000000 0.500000000 0.500000000
QK:/crrc/: 0.999369892 0.000630108 0.000000000
QK:/crrc/cr: 0.023812570 0.952702448 0.023484982
QK:/crrc/rr: 0.000000000 0.000555551 0.999444449
QK:/rc/: 0.425472373 0.574527627 0.000000000
QK:/rc/cr: 0.000023156 0.526178948 0.473797896
QK:/rc/rr: 0.000000000 0.199548456 0.800451544
QK:/rrc/: 0.125851031 0.874148969 0.000000000
QK:/rrc/cr: 0.000005740 0.290649992 0.709344268
QK:/rrc/rr: 0.000000000 0.000013298 0.999986702
QQ:/cc/: 0.530526235 0.469473765 0.000000000
QQ:/cc/cr: 0.999971944 0.000014028 0.000014028
QQ:/cc/rr: 0.000000000 0.999981380 0.000018620
QQ:/crc/: 0.997898499 0.002101501 0.000000000
QQ:/crc/cr: 0.997546826 0.001226587 0.001226587
QQ:/crc/rr: 0.000000000 0.999996125 0.000003875
QQ:/crrc/: 0.046617945 0.953382055 0.000000000
QQ:/crrc/cr: 0.999968957 0.000015522 0.000015522
QQ:/crrc/rr: 0.000000000 0.999523851 0.000476149
QQ:/rc/: 0.487847229 0.512152771 0.000000000
QQ:/rc/cr: 0.999986784 0.000008859 0.000004357
QQ:/rc/rr: 0.000000000 0.999993139 0.000006861
QQ:/rrc/: 0.996237279 0.003762721 0.000000000
QQ:/rrc/cr: 0.999406978 0.000296511 0.000296511
QQ:/rrc/rr: 0.000000000 0.999998320 0.000001680
