J:/: 0.073139185 0.926860815 0.000000000
J:/cr: 0.017740952 0.034665030 0.947594018
J:/rr: 0.000000000 0.999931637 0.000068363
JJ:/cc/: 0.000102888 0.999897112 0.000000000
JJ:/cc/cr: 0.999996403 0.000001798 0.000001798
JJ:/cc/rr: 0.000000000 0.973784229 0.026215771
JJ:/crc/: 0.966871730 0.033128270 0.000000000
JJ:/crc/cr: 0.998956115 0.000521942 0.000521942
JJ:/crc/rr: 0.000000000 0.999973175 0.000026825
JJ:/crrc/: 0.998566158 0.001433842 0.000000000
JJ:/crrc/cr: 0.952873533 0.023563233 0.023563233
JJ:/crrc/rr: 0.000000000 0.999949248 0.000050752
JJ:/rc/: 0.941293782 0.058706218 0.000000000
JJ:/rc/cr: 0.999223673 0.000388163 0.000388163
JJ:/rc/rr: 0.000000000 0.999963687 0.000036313
JJ:/rrc/: 0.999965816 0.000034184 0.000000000
JJ:/rrc/cr: 0.333333333 0.333333333 0.333333333
JJ:/rrc/rr: 0.000000000 0.999982908 0.000017092
JK:/cc/: 0.076343865 0.923656135 0.000000000
JK:/cc/cr: 0.000001947 0.000001947 0.999996106
JK:/cc/rr: 0.000000000 0.000035331 0.999964669
JK:/crc/: 0.052687608 0.947312392 0.000000000
JK:/crc/cr: 0.018875332 0.000018253 0.981106415
JK:/crc/rr: 0.000000000 0.000492271 0.999507729
JK:/crrc/: 0.999898642 0.000101358 0.000000000
JK:/crrc/cr: 0.333333333 0.333333333 0.333333333
JK:/crrc/rr: 0.000000000 0.000050684 0.999949316
JK:/rc/: 0.999931637 0.000068363 0.000000000
JK:/rc/cr: 0.333333333 0.333333333 0.333333333
JK:/rc/rr: 0.000000000 0.000034184 0.999965816
JK:/rrc/: 0.569780619 0.430219381 0.000000000
JK:/rrc/cr: 0.971728565 0.000026486 0.028244950
JK:/rrc/rr: 0.000000000 0.000029997 0.999970003
JQ:/cc/: 0.184830879 0.815169121 0.000000000
JQ:/cc/cr: 0.000002206 0.000002206 0.999995588
JQ:/cc/rr: 0.000000000 0.000014593 0.999985407
JQ:/crc/: 0.996991430 0.003008570 0.000000000
JQ:/crc/cr: 0.005747266 0.005747266 0.988505469
JQ:/crc/rr: 0.000000000 0.000026015 0.999973985
JQ:/crrc/: 0.042729787 0.957270213 0.000000000
JQ:/crrc/cr: 0.211560816 0.000035294 0.788403890
JQ:/crrc/rr: 0.000000000 0.001186032 0.998813968
JQ:/rc/: 0.999547456 0.000452544 0.000000000
JQ:/rc/cr: 0.050354391 0.050354391 0.899291217
JQ:/rc/rr: 0.000000000 0.000034197 0.999965803
JQ:/rrc/: 0.154366841 0.845633159 0.000000000
JQ:/rrc/cr: 0.000013475 0.000013475 0.999973051
JQ:/rrc/rr: 0.000000000 0.000110722 0.999889278
K:/: 0.757470702 0.242529298 0.000000000
K:/cr: 0.682025751 0.317960504 0.000013744
K:/rr: 0.000000000 0.999993399 0.000006601
KJ:/cc/: 0.000020616 0.999979384 0.000000000
KJ:/cc/cr: 0.000006872 0.000006872 0.999986256
KJ:/cc/rr: 0.000000000 0.500000000 0.500000000
KJ:/crc/: 0.000021613 0.999978387 0.000000000
KJ:/crc/cr: 0.000007204 0.999985591 0.000007204
KJ:/crc/rr: 0.000000000 0.500000000 0.500000000
KJ:/crrc/: 0.000561042 0.999438958 0.000000000
KJ:/crrc/cr: 0.000108634 0.999888005 0.000003361
KJ:/crrc/rr: 0.000000000 0.991020378 0.008979622
KJ:/rc/: 0.037020538 0.962979462 0.000000000
KJ:/rc/cr: 0.002429434 0.984267763 0.013302802
KJ:/rc/rr: 0.000000000 0.397648865 0.602351135
KJ:/rrc/: 0.081844770 0.918155230 0.000000000
KJ:/rrc/cr: 0.000007396 0.999991406 0.000001198
KJ:/rrc/rr: 0.000000000 0.495468124 0.504531876
KK:/cc/: 0.999836888 0.000163112 0.000000000
KK:/cc/cr: 0.915738523 0.042130738 0.042130738
KK:/cc/rr: 0.000000000 0.999989690 0.000010310
KK:/crc/: 0.161582710 0.838417290 0.000000000
KK:/crc/cr: 0.999982815 0.000008593 0.000008593
KK:/crc/rr: 0.000000000 0.999933122 0.000066878
KK:/crrc/: 0.999716424 0.000283576 0.000000000
KK:/crrc/cr: 0.976312269 0.011843866 0.011843866
KK:/crrc/rr: 0.000000000 0.999994961 0.000005039
KK:/rc/: 0.823784644 0.176215356 0.000000000
KK:/rc/cr: 0.999975027 0.000012486 0.000012486
KK:/rc/rr: 0.000000000 0.999995994 0.000004006
KK:/rrc/: 0.526027037 0.473972963 0.000000000
KK:/rrc/cr: 0.999995358 0.000002321 0.000002321
KK:/rrc/rr: 0.000000000 0.999996863 0.000003137
KQ:/cc/: 0.000020616 0.999979384 0.000000000
KQ:/cc/cr: 0.000006872 0.446896072 0.553097056
KQ:/cc/rr: 0.000000000 0.500000000 0.500000000
KQ:/crc/: 0.904016513 0.095983487 0.000000000
KQ:/crc/cr: 0.000075057 0.545964902 0.453960040
KQ:/crc/rr: 0.000000000 0.000011954 0.999988046
KQ:/crrc/: 0.003398556 0.996601444 0.000000000
KQ:/crrc/cr: 0.000932814 0.696414970 0.302652216
KQ:/crrc/rr: 0.000000000 0.045981841 0.954018159
KQ:/rc/: 0.000006601 0.999993399 0.000000000
KQ:/rc/cr: 0.000019196 0.488774405 0.511206398
KQ:/rc/rr: 0.000000000 0.500000000 0.500000000
KQ:/rrc/: 0.694340793 0.305659207 0.000000000
KQ:/rrc/cr: 0.013478831 0.921499162 0.065022008
KQ:/rrc/rr: 0.000000000 0.389333076 0.610666924
Q:/: 0.744933192 0.255066808 0.000000000
Q:/cr: 0.156992003 0.842798860 0.000209137
Q:/rr: 0.000000000 0.999993288 0.000006712
QJ:/cc/: 0.000019603 0.999980397 0.000000000
QJ:/cc/cr: 0.000006534 0.000006534 0.999986931
QJ:/cc/rr: 0.000000000 0.500000000 0.500000000
QJ:/crc/: 0.029344089 0.970655911 0.000000000
QJ:/crc/cr: 0.002198678 0.000002662 0.997798660
QJ:/crc/rr: 0.000000000 0.000132105 0.999867895
QJ:/crrc/: 0.070588072 0.929411928 0.000000000
QJ:/crrc/cr: 0.000014928 0.000014928 0.999970145
QJ:/crrc/rr: 0.000000000 0.000294819 0.999705181
QJ:/rc/: 0.012526955 0.987473045 0.000000000
QJ:/rc/cr: 0.000002266 0.000002266 0.999995469
QJ:/rc/rr: 0.000000000 0.000267903 0.999732097
QJ:/rrc/: 0.000003356 0.999996644 0.000000000
QJ:/rrc/cr: 0.000001119 0.000001119 0.999997763
QJ:/rrc/rr: 0.000000000 0.500000000 0.500000000
QK:/cc/: 0.490163281 0.509836719 0.000000000
QK:/cc/cr: 0.003718348 0.996267507 0.000014145
QK:/cc/rr: 0.000000000 0.999980004 0.000019996
QK:/crc/: 0.000010356 0.999989644 0.000000000
QK:/crc/cr: 0.000003065 0.565964421 0.434032514
QK:/crc/rr: 0.000000000 0.625686261 0.374313739
QK:/crrc/: 0.984066662 0.015933338 0.000000000
QK:/crrc/cr: 0.000947679 0.682963634 0.316088687
QK:/crrc/rr: 0.000000000 0.000540442 0.999459558
QK:/rc/: 0.450225571 0.549774429 0.000000000
QK:/rc/cr: 0.000063267 0.530578416 0.469358317
QK:/rc/rr: 0.000000000 0.202487418 0.797512582
QK:/rrc/: 0.114322314 0.885677686 0.000000000
QK:/rrc/cr: 0.000009095 0.305599989 0.694390916
QK:/rrc/rr: 0.000000000 0.000014678 0.999985322
QQ:/cc/: 0.564496070 0.435503930 0.000000000
QQ:/cc/cr: 0.999969992 0.000015004 0.000015004
QQ:/cc/rr: 0.000000000 0.999982637 0.000017363
QQ:/crc/: 0.985954839 0.014045161 0.000000000
QQ:/crc/cr: 0.999631996 0.000184002 0.000184002
QQ:/crc/rr: 0.000000000 0.999996068 0.000003932
QQ:/crrc/: 0.098655105 0.901344895 0.000000000
QQ:/crrc/cr: 0.999968773 0.000015835 0.000015392
QQ:/crrc/rr: 0.000000000 0.999789056 0.000210944
QQ:/rc/: 0.490972742 0.509027258 0.000000000
QQ:/rc/cr: 0.999989477 0.000006128 0.000004395
QQ:/rc/rr: 0.000000000 0.999993165 0.000006835
QQ:/rrc/: 0.987536471 0.012463529 0.000000000
QQ:/rrc/cr: 0.999820488 0.000089756 0.000089756
QQ:/rrc/rr: 0.000000000 0.999998301 0.000001699
