J:/: 0.081383776 0.918616224 0.000000000
J:/cr: 0.016292626 0.039782033 0.943925341
J:/rr: 0.000000000 0.999938563 0.000061437
JJ:/cc/: 0.000279240 0.999720760 0.000000000
JJ:/cc/cr: 0.999996370 0.000001815 0.000001815
JJ:/cc/rr: 0.000000000 0.990253960 0.009746040
JJ:/crc/: 0.990781296 0.009218704 0.000000000
JJ:/crc/cr: 0.996701880 0.001649060 0.001649060
JJ:/crc/rr: 0.000000000 0.999976985 0.000023015
JJ:/crrc/: 0.976546173 0.023453827 0.000000000
JJ:/crrc/cr: 0.996834673 0.001582663 0.001582663
JJ:/crrc/rr: 0.000000000 0.999942983 0.000057017
JJ:/rc/: 0.903999765 0.096000235 0.000000000
JJ:/rc/cr: 0.999573353 0.000213323 0.000213323
JJ:/rc/rr: 0.000000000 0.999966019 0.000033981
JJ:/rrc/: 0.999130662 0.000869338 0.000000000
JJ:/rrc/cr: 0.976441422 0.011779289 0.011779289
JJ:/rrc/rr: 0.000000000 0.999984626 0.000015374
JK:/cc/: 0.073061406 0.926938594 0.000000000
JK:/cc/cr: 0.000089088 0.000001957 0.999908955
JK:/cc/rr: 0.000000000 0.000037249 0.999962751
JK:/crc/: 0.047147006 0.952852994 0.000000000
JK:/crc/cr: 0.039413148 0.000015954 0.960570898
JK:/crc/rr: 0.000000000 0.000483664 0.999516336
JK:/crrc/: 0.999888641 0.000111359 0.000000000
JK:/crrc/cr: 0.333333333 0.333333333 0.333333333
JK:/crrc/rr: 0.000000000 0.000055685 0.999944315
JK:/rc/: 0.988479811 0.011520189 0.000000000
JK:/rc/cr: 0.953005524 0.001777671 0.045216806
JK:/rc/rr: 0.000000000 0.000031077 0.999968923
JK:/rrc/: 0.497254509 0.502745491 0.000000000
JK:/rrc/cr: 0.739816472 0.000020369 0.260163160
JK:/rrc/rr: 0.000000000 0.000030890 0.999969110
JQ:/cc/: 0.224451893 0.775548107 0.000000000
JQ:/cc/cr: 0.000005592 0.000002339 0.999992069
JQ:/cc/rr: 0.000000000 0.000012125 0.999987875
JQ:/crc/: 0.995497075 0.004502925 0.000000000
JQ:/crc/cr: 0.003376072 0.003376072 0.993247857
JQ:/crc/rr: 0.000000000 0.000022906 0.999977094
JQ:/crrc/: 0.040473773 0.959526227 0.000000000
JQ:/crrc/cr: 0.166614320 0.000038685 0.833346995
JQ:/crrc/rr: 0.000000000 0.001375688 0.998624312
JQ:/rc/: 0.997918412 0.002081588 0.000000000
JQ:/rc/cr: 0.009838213 0.009838213 0.980323574
JQ:/rc/rr: 0.000000000 0.000030783 0.999969217
JQ:/rrc/: 0.109192007 0.890807993 0.000000000
JQ:/rrc/cr: 0.000011495 0.000011495 0.999977009
JQ:/rrc/rr: 0.000000000 0.000140672 0.999859328
K:/: 0.759964141 0.240035859 0.000000000
K:/cr: 0.627300527 0.372685587 0.000013887
K:/rr: 0.000000000 0.999993421 0.000006579
KJ:/cc/: 0.000052727 0.999947273 0.000000000
KJ:/cc/cr: 0.000050175 0.000010083 0.999939741
KJ:/cc/rr: 0.000000000 0.802469213 0.197530787
KJ:/crc/: 0.000041009 0.999958991 0.000000000
KJ:/crc/cr: 0.000028292 0.999965497 0.000006211
KJ:/crc/rr: 0.000000000 0.772845531 0.227154469
KJ:/crrc/: 0.051494539 0.948505461 0.000000000
KJ:/crrc/cr: 0.000892390 0.997876309 0.001231301
KJ:/crrc/rr: 0.000000000 0.343678193 0.656321807
KJ:/rc/: 0.052360736 0.947639264 0.000000000
KJ:/rc/cr: 0.009229472 0.961371877 0.029398652
KJ:/rc/rr: 0.000000000 0.267321696 0.732678304
KJ:/rrc/: 0.090942340 0.909057660 0.000000000
KJ:/rrc/cr: 0.000096731 0.996708247 0.003195022
KJ:/rrc/rr: 0.000000000 0.539606287 0.460393713
KK:/cc/: 0.999239745 0.000760255 0.000000000
KK:/cc/cr: 0.981734005 0.009132998 0.009132998
KK:/cc/rr: 0.000000000 0.999989577 0.000010423
KK:/crc/: 0.117865488 0.882134512 0.000000000
KK:/crc/cr: 0.999985920 0.000007040 0.000007040
KK:/crc/rr: 0.000000000 0.999920966 0.000079034
KK:/crrc/: 0.984923413 0.015076587 0.000000000
KK:/crrc/cr: 0.999510556 0.000244722 0.000244722
KK:/crrc/rr: 0.000000000 0.999994381 0.000005619
KK:/rc/: 0.867122201 0.132877799 0.000000000
KK:/rc/cr: 0.999966991 0.000016505 0.000016505
KK:/rc/rr: 0.000000000 0.999996206 0.000003794
KK:/rrc/: 0.548539120 0.451460880 0.000000000
KK:/rrc/cr: 0.999995142 0.000002429 0.000002429
KK:/rrc/rr: 0.000000000 0.999997001 0.000002999
KQ:/cc/: 0.000057138 0.999942862 0.000000000
KQ:/cc/cr: 0.000045408 0.459342919 0.540611673
KQ:/cc/rr: 0.000000000 0.817719541 0.182280459
KQ:/crc/: 0.860312495 0.139687505 0.000000000
KQ:/crc/cr: 0.000259771 0.540479745 0.459260484
KQ:/crc/rr: 0.000000000 0.000027428 0.999972572
KQ:/crrc/: 0.009051886 0.990948114 0.000000000
KQ:/crrc/cr: 0.012793219 0.687510765 0.299696016
KQ:/crrc/rr: 0.000000000 0.187219196 0.812780804
KQ:/rc/: 0.000027944 0.999972056 0.000000000
KQ:/rc/cr: 0.000028409 0.501802833 0.498168758
KQ:/rc/rr: 0.000000000 0.882278113 0.117721887
KQ:/rrc/: 0.679750846 0.320249154 0.000000000
KQ:/rrc/cr: 0.015020657 0.921770781 0.063208563
KQ:/rrc/rr: 0.000000000 0.400889626 0.599110374
Q:/: 0.718240248 0.281759752 0.000000000
Q:/cr: 0.130603006 0.868751669 0.000645326
Q:/rr: 0.000000000 0.999993039 0.000006961
QJ:/cc/: 0.000017746 0.999982254 0.000000000
QJ:/cc/cr: 0.000005915 0.000005915 0.999988169
QJ:/cc/rr: 0.000000000 0.500000000 0.500000000
QJ:/crc/: 0.028799205 0.971200795 0.000000000
QJ:/crc/cr: 0.000645296 0.000002337 0.999352367
QJ:/crc/rr: 0.000000000 0.000118213 0.999881787
QJ:/crrc/: 0.020157984 0.979842016 0.000000000
QJ:/crrc/cr: 0.000098762 0.000015408 0.999885830
QJ:/crrc/rr: 0.000000000 0.001123413 0.998876587
QJ:/rc/: 0.012110363 0.987889637 0.000000000
QJ:/rc/cr: 0.000002660 0.000002349 0.999994991
QJ:/rc/rr: 0.000000000 0.000287417 0.999712583
QJ:/rrc/: 0.000003481 0.999996519 0.000000000
QJ:/rrc/cr: 0.000001160 0.000001160 0.999997679
QJ:/rrc/rr: 0.000000000 0.500000000 0.500000000
QK:/cc/: 0.602914625 0.397085375 0.000000000
QK:/cc/cr: 0.051120606 0.948840790 0.000038603
QK:/cc/rr: 0.000000000 0.999985283 0.000014717
QK:/crc/: 0.007748123 0.992251877 0.000000000
QK:/crc/cr: 0.000002287 0.558034720 0.441962992
QK:/crc/rr: 0.000000000 0.000439387 0.999560613
QK:/crrc/: 0.908661273 0.091338727 0.000000000
QK:/crrc/cr: 0.000363079 0.451684669 0.547952251
QK:/crrc/rr: 0.000000000 0.000683028 0.999316972
QK:/rc/: 0.471532265 0.528467735 0.000000000
QK:/rc/cr: 0.034850530 0.510138721 0.455010748
QK:/rc/rr: 0.000000000 0.190590412 0.809409588
QK:/rrc/: 0.135978018 0.864021982 0.000000000
QK:/rrc/cr: 0.000001343 0.288718946 0.711279711
QK:/rrc/rr: 0.000000000 0.000411723 0.999588277
QQ:/cc/: 0.610912165 0.389087835 0.000000000
QQ:/cc/cr: 0.999969595 0.000015203 0.000015203
QQ:/cc/rr: 0.000000000 0.999985476 0.000014524
QQ:/crc/: 0.983558884 0.016441116 0.000000000
QQ:/crc/cr: 0.999723909 0.000138045 0.000138045
QQ:/crc/rr: 0.000000000 0.999996539 0.000003461
QQ:/crrc/: 0.154554651 0.845445349 0.000000000
QQ:/crrc/cr: 0.999964286 0.000017857 0.000017857
QQ:/crrc/rr: 0.000000000 0.999853477 0.000146523
QQ:/rc/: 0.561262329 0.438737671 0.000000000
QQ:/rc/cr: 0.999989193 0.000005518 0.000005289
QQ:/rc/rr: 0.000000000 0.999993798 0.000006202
QQ:/rrc/: 0.986003364 0.013996636 0.000000000
QQ:/rrc/cr: 0.999834210 0.000082895 0.000082895
QQ:/rrc/rr: 0.000000000 0.999998235 0.000001765
