J:/c: 0.292220310 0.707779690 0.000000000
J:/crr: 0.000000000 0.999982890 0.000017110
J:/r: 0.054346465 0.130984385 0.814669150
JJ:/cc/c: 0.999992936 0.000007064 0.000000000
JJ:/cc/crr: 0.000000000 0.999996468 0.000003532
JJ:/cc/r: 0.999982838 0.000012452 0.000004710
JJ:/crc/c: 0.999982890 0.000017110 0.000000000
JJ:/crc/crr: 0.000000000 0.999991445 0.000008555
JJ:/crc/r: 0.999977186 0.000011407 0.000011407
JJ:/crrc/c: 0.999991445 0.000008555 0.000000000
JJ:/crrc/crr: 0.000000000 0.999995722 0.000004278
JJ:/crrc/r: 0.999988593 0.000005704 0.000005704
JJ:/rc/c: 0.999974552 0.000025448 0.000000000
JJ:/rc/crr: 0.000000000 0.999987276 0.000012724
JJ:/rc/r: 0.999963789 0.000019246 0.000016966
JJ:/rrc/c: 0.999938665 0.000061335 0.000000000
JJ:/rrc/crr: 0.000000000 0.999969331 0.000030669
JJ:/rrc/r: 0.999754635 0.000204475 0.000040890
JK:/cc/c: 0.011431758 0.988568242 0.000000000
JK:/cc/crr: 0.000000000 0.000308979 0.999691021
JK:/cc/r: 0.000011864 0.000004710 0.999983426
JK:/crc/c: 0.515863510 0.484136490 0.000000000
JK:/crc/crr: 0.000000000 0.000016584 0.999983416
JK:/crc/r: 0.026723931 0.000011407 0.973264662
JK:/crrc/c: 0.415691822 0.584308178 0.000000000
JK:/crrc/crr: 0.000000000 0.000010290 0.999989710
JK:/crrc/r: 0.179271376 0.000005704 0.820722920
JK:/rc/c: 0.371557508 0.628442492 0.000000000
JK:/rc/crr: 0.000000000 0.000034245 0.999965755
JK:/rc/r: 0.358935814 0.000016966 0.641047221
JK:/rrc/c: 0.999795872 0.000204128 0.000000000
JK:/rrc/crr: 0.000000000 0.000030674 0.999969326
JK:/rrc/r: 0.291535065 0.000040890 0.708424045
JQ:/cc/c: 0.073214644 0.926785356 0.000000000
JQ:/cc/crr: 0.000000000 0.000048244 0.999951756
JQ:/cc/r: 0.033750674 0.000004710 0.966244617
JQ:/crc/c: 0.643580570 0.356419430 0.000000000
JQ:/crc/crr: 0.000000000 0.000013293 0.999986707
JQ:/crc/r: 0.040651900 0.000011407 0.959336693
JQ:/crrc/c: 0.050311539 0.949688461 0.000000000
JQ:/crrc/crr: 0.000000000 0.000085024 0.999914976
JQ:/crrc/r: 0.241611667 0.000005704 0.758382630
JQ:/rc/c: 0.990565940 0.009434060 0.000000000
JQ:/rc/crr: 0.000000000 0.000012845 0.999987155
JQ:/rc/r: 0.000019263 0.000016966 0.999963771
JQ:/rrc/c: 0.005932252 0.994067748 0.000000000
JQ:/rrc/crr: 0.000000000 0.005169611 0.994830389
JQ:/rrc/r: 0.423390958 0.000040890 0.576568152
K:/c: 0.999969358 0.000030642 0.000000000
K:/crr: 0.000000000 0.999995000 0.000005000
K:/r: 0.575103583 0.424889750 0.000006667
KJ:/cc/c: 0.468697573 0.531302427 0.000000000
KJ:/cc/crr: 0.000000000 0.825927322 0.174072678
KJ:/cc/r: 0.538394794 0.221087841 0.240517365
KJ:/crc/c: 0.188072937 0.811927063 0.000000000
KJ:/crc/crr: 0.000000000 0.999986707 0.000013293
KJ:/crc/r: 0.000116332 0.739551451 0.260332217
KJ:/crrc/c: 0.438532965 0.561467035 0.000000000
KJ:/crrc/crr: 0.000000000 0.999997149 0.000002851
KJ:/crrc/r: 0.012864958 0.864105392 0.123029650
KJ:/rc/c: 0.433975936 0.566024064 0.000000000
KJ:/rc/crr: 0.000000000 0.953860324 0.046139676
KJ:/rc/r: 0.060583930 0.707900687 0.231515384
KJ:/rrc/c: 0.182039942 0.817960058 0.000000000
KJ:/rrc/crr: 0.000000000 0.996601280 0.003398720
KJ:/rrc/r: 0.036677048 0.897792520 0.065530432
KK:/cc/c: 0.836825117 0.163174883 0.000000000
KK:/cc/crr: 0.000000000 0.902503594 0.097496406
KK:/cc/r: 0.595690807 0.295525938 0.108783256
KK:/crc/c: 0.999995000 0.000005000 0.000000000
KK:/crc/crr: 0.000000000 0.999997500 0.000002500
KK:/crc/r: 0.995927228 0.004069439 0.000003333
KK:/crrc/c: 0.999997500 0.000002500 0.000000000
KK:/crrc/crr: 0.000000000 0.999998750 0.000001250
KK:/crrc/r: 0.999974724 0.000023610 0.000001667
KK:/rc/c: 0.999992155 0.000007845 0.000000000
KK:/rc/crr: 0.000000000 0.999996077 0.000003923
KK:/rc/r: 0.999979906 0.000014863 0.000005230
KK:/rrc/c: 0.999994204 0.000005796 0.000000000
KK:/rrc/crr: 0.000000000 0.999997102 0.000002898
KK:/rrc/r: 0.999975855 0.000020281 0.000003864
KQ:/cc/c: 0.836825117 0.163174883 0.000000000
KQ:/cc/crr: 0.000000000 0.902503594 0.097496406
KQ:/cc/r: 0.532396067 0.289221176 0.178382757
KQ:/crc/c: 0.076375190 0.923624810 0.000000000
KQ:/crc/crr: 0.000000000 0.117423491 0.882576509
KQ:/crc/r: 0.000059648 0.440147102 0.559793250
KQ:/crrc/c: 0.600705473 0.399294527 0.000000000
KQ:/crrc/crr: 0.000000000 0.385861702 0.614138298
KQ:/crrc/r: 0.025350408 0.655078233 0.319571360
KQ:/rc/c: 0.000869761 0.999130239 0.000000000
KQ:/rc/crr: 0.000000000 0.044721207 0.955278793
KQ:/rc/r: 0.000023904 0.308541121 0.691434975
KQ:/rrc/c: 0.511214678 0.488785322 0.000000000
KQ:/rrc/crr: 0.000000000 0.512767705 0.487232295
KQ:/rrc/r: 0.076707526 0.557570083 0.365722391
Q:/c: 0.845486603 0.154513397 0.000000000
Q:/crr: 0.000000000 0.999994086 0.000005914
Q:/r: 0.353649796 0.646076681 0.000273524
QJ:/cc/c: 0.000398516 0.999601484 0.000000000
QJ:/cc/crr: 0.000000000 0.040600180 0.959399820
QJ:/cc/r: 0.000038531 0.000021573 0.999939896
QJ:/crc/c: 0.407529752 0.592470248 0.000000000
QJ:/crc/crr: 0.000000000 0.000480227 0.999519773
QJ:/crc/r: 0.000209740 0.000003943 0.999786318
QJ:/crrc/c: 0.000002957 0.999997043 0.000000000
QJ:/crrc/crr: 0.000000000 0.500000000 0.500000000
QJ:/crrc/r: 0.036297276 0.000001971 0.963700752
QJ:/rc/c: 0.000183863 0.999816137 0.000000000
QJ:/rc/crr: 0.000000000 0.014030400 0.985969600
QJ:/rc/r: 0.010973603 0.000003440 0.989022957
QJ:/rrc/c: 0.000252111 0.999747889 0.000000000
QJ:/rrc/crr: 0.000000000 0.018693208 0.981306792
QJ:/rrc/r: 0.000077923 0.000006284 0.999915794
QK:/cc/c: 0.032584068 0.967415932 0.000000000
QK:/cc/crr: 0.000000000 0.999503444 0.000496556
QK:/cc/r: 0.000214175 0.726735410 0.273050414
QK:/crc/c: 0.372454297 0.627545703 0.000000000
QK:/crc/crr: 0.000000000 0.009004780 0.990995220
QK:/crc/r: 0.000790018 0.516647489 0.482562493
QK:/crrc/c: 0.087076340 0.912923660 0.000000000
QK:/crrc/crr: 0.000000000 0.007980356 0.992019644
QK:/crrc/r: 0.000037727 0.296460003 0.703502270
QK:/rc/c: 0.365611169 0.634388831 0.000000000
QK:/rc/crr: 0.000000000 0.023454535 0.976545465
QK:/rc/r: 0.000007384 0.309835772 0.690156844
QK:/rrc/c: 0.425677052 0.574322948 0.000000000
QK:/rrc/crr: 0.000000000 0.047563181 0.952436819
QK:/rrc/r: 0.000193312 0.509785837 0.490020852
QQ:/cc/c: 0.999967640 0.000032360 0.000000000
QQ:/cc/crr: 0.000000000 0.999983820 0.000016180
QQ:/cc/r: 0.999918660 0.000059766 0.000021573
QQ:/crc/c: 0.999994086 0.000005914 0.000000000
QQ:/crc/crr: 0.000000000 0.999997043 0.000002957
QQ:/crc/r: 0.854625404 0.145370653 0.000003943
QQ:/crrc/c: 0.999997043 0.000002957 0.000000000
QQ:/crrc/crr: 0.000000000 0.999998522 0.000001478
QQ:/crrc/r: 0.999996057 0.000001971 0.000001971
QQ:/rc/c: 0.999994841 0.000005159 0.000000000
QQ:/rc/crr: 0.000000000 0.999997420 0.000002580
QQ:/rc/r: 0.999977693 0.000018867 0.000003440
QQ:/rrc/c: 0.999990574 0.000009426 0.000000000
QQ:/rrc/crr: 0.000000000 0.999995287 0.000004713
QQ:/rrc/r: 0.999958105 0.000035612 0.000006284
