J:/: 0.074270972 0.925729028 0.000000000
J:/cr: 0.017477275 0.034264152 0.948258572
J:/rr: 0.000000000 0.999932679 0.000067321
JJ:/cc/: 0.000116278 0.999883722 0.000000000
JJ:/cc/cr: 0.999996399 0.000001801 0.000001801
JJ:/cc/rr: 0.000000000 0.976774916 0.023225084
JJ:/crc/: 0.997511030 0.002488970 0.000000000
JJ:/crc/cr: 0.985926119 0.007036941 0.007036941
JJ:/crc/rr: 0.000000000 0.999973662 0.000026338
JJ:/crrc/: 0.966760889 0.033239111 0.000000000
JJ:/crrc/cr: 0.997933904 0.001033048 0.001033048
JJ:/crrc/rr: 0.000000000 0.999946723 0.000053277
JJ:/rc/: 0.970731476 0.029268524 0.000000000
JJ:/rc/cr: 0.998466588 0.000766706 0.000766706
JJ:/rc/rr: 0.000000000 0.999965325 0.000034675
JJ:/rrc/: 0.997111976 0.002888024 0.000000000
JJ:/rrc/cr: 0.992229337 0.003885331 0.003885331
JJ:/rrc/rr: 0.000000000 0.999983120 0.000016880
JK:/cc/: 0.087476198 0.912523802 0.000000000
JK:/cc/cr: 0.000001973 0.000001973 0.999996054
JK:/cc/rr: 0.000000000 0.000030872 0.999969128
JK:/crc/: 0.054189476 0.945810524 0.000000000
JK:/crc/cr: 0.000018518 0.000018518 0.999962964
JK:/crc/rr: 0.000000000 0.000484819 0.999515181
JK:/crrc/: 0.999896987 0.000103013 0.000000000
JK:/crrc/cr: 0.333333333 0.333333333 0.333333333
JK:/crrc/rr: 0.000000000 0.000051512 0.999948488
JK:/rc/: 0.997758802 0.002241198 0.000000000
JK:/rc/cr: 0.979974680 0.010012660 0.010012660
JK:/rc/rr: 0.000000000 0.000033736 0.999966264
JK:/rrc/: 0.550956354 0.449043646 0.000000000
JK:/rrc/cr: 0.951798829 0.000024989 0.048176183
JK:/rrc/rr: 0.000000000 0.000030549 0.999969451
JQ:/cc/: 0.155706157 0.844293843 0.000000000
JQ:/cc/cr: 0.000002132 0.000002132 0.999995735
JQ:/cc/rr: 0.000000000 0.000017344 0.999982656
JQ:/crc/: 0.991409739 0.008590261 0.000000000
JQ:/crc/cr: 0.341100431 0.002038906 0.656860663
JQ:/crc/rr: 0.000000000 0.000026500 0.999973500
JQ:/crrc/: 0.035380061 0.964619939 0.000000000
JQ:/crrc/cr: 0.135669690 0.000035597 0.864294713
JQ:/crrc/rr: 0.000000000 0.001455803 0.998544197
JQ:/rc/: 0.997888953 0.002111047 0.000000000
JQ:/rc/cr: 0.010629964 0.010629964 0.978740073
JQ:/rc/rr: 0.000000000 0.000033732 0.999966268
JQ:/rrc/: 0.103512116 0.896487884 0.000000000
JQ:/rrc/cr: 0.000012517 0.000012517 0.999974967
JQ:/rrc/rr: 0.000000000 0.000162603 0.999837397
K:/: 0.753384732 0.246615268 0.000000000
K:/cr: 0.695629201 0.304357282 0.000013516
K:/rr: 0.000000000 0.999993363 0.000006637
KJ:/cc/: 0.000020274 0.999979726 0.000000000
KJ:/cc/cr: 0.000006758 0.000006758 0.999986483
KJ:/cc/rr: 0.000000000 0.500000000 0.500000000
KJ:/crc/: 0.000139825 0.999860175 0.000000000
KJ:/crc/cr: 0.000007403 0.999985195 0.000007403
KJ:/crc/rr: 0.000000000 0.920598019 0.079401981
KJ:/crrc/: 0.001155047 0.998844953 0.000000000
KJ:/crrc/cr: 0.002094085 0.992711041 0.005194874
KJ:/crrc/rr: 0.000000000 0.995794465 0.004205535
KJ:/rc/: 0.061978575 0.938021425 0.000000000
KJ:/rc/cr: 0.001687608 0.983091579 0.015220814
KJ:/rc/rr: 0.000000000 0.301648628 0.698351372
KJ:/rrc/: 0.080252214 0.919747786 0.000000000
KJ:/rrc/cr: 0.001079334 0.998538112 0.000382553
KJ:/rrc/rr: 0.000000000 0.686626186 0.313373814
KK:/cc/: 0.999792870 0.000207130 0.000000000
KK:/cc/cr: 0.934744610 0.032627695 0.032627695
KK:/cc/rr: 0.000000000 0.999989861 0.000010139
KK:/crc/: 0.097084309 0.902915691 0.000000000
KK:/crc/cr: 0.999983605 0.000008197 0.000008197
KK:/crc/rr: 0.000000000 0.999885642 0.000114358
KK:/crrc/: 0.993837204 0.006162796 0.000000000
KK:/crrc/cr: 0.998949050 0.000525475 0.000525475
KK:/crrc/rr: 0.000000000 0.999995112 0.000004888
KK:/rc/: 0.815784629 0.184215371 0.000000000
KK:/rc/cr: 0.999975982 0.000012009 0.000012009
KK:/rc/rr: 0.000000000 0.999995932 0.000004068
KK:/rrc/: 0.529375075 0.470624925 0.000000000
KK:/rrc/cr: 0.999995299 0.000002350 0.000002350
KK:/rrc/rr: 0.000000000 0.999996866 0.000003134
KQ:/cc/: 0.000020274 0.999979726 0.000000000
KQ:/cc/cr: 0.000006758 0.447168736 0.552824506
KQ:/cc/rr: 0.000000000 0.500000000 0.500000000
KQ:/crc/: 0.860883940 0.139116060 0.000000000
KQ:/crc/cr: 0.000053204 0.607792148 0.392154648
KQ:/crc/rr: 0.000000000 0.000012896 0.999987104
KQ:/crrc/: 0.010328562 0.989671438 0.000000000
KQ:/crrc/cr: 0.033168221 0.659482056 0.307349724
KQ:/crrc/rr: 0.000000000 0.227257772 0.772742228
KQ:/rc/: 0.000253768 0.999746232 0.000000000
KQ:/rc/cr: 0.000029131 0.484315654 0.515655215
KQ:/rc/rr: 0.000000000 0.013076349 0.986923651
KQ:/rrc/: 0.723255186 0.276744814 0.000000000
KQ:/rrc/cr: 0.015337540 0.901585948 0.083076512
KQ:/rrc/rr: 0.000000000 0.403146933 0.596853067
Q:/: 0.748079715 0.251920285 0.000000000
Q:/cr: 0.166065235 0.833296506 0.000638259
Q:/rr: 0.000000000 0.999993316 0.000006684
QJ:/cc/: 0.000019848 0.999980152 0.000000000
QJ:/cc/cr: 0.000006616 0.000006616 0.999986768
QJ:/cc/rr: 0.000000000 0.500000000 0.500000000
QJ:/crc/: 0.029855798 0.970144202 0.000000000
QJ:/crc/cr: 0.000165460 0.000002728 0.999831812
QJ:/crc/rr: 0.000000000 0.000132962 0.999867038
QJ:/crrc/: 0.068386512 0.931613488 0.000000000
QJ:/crrc/cr: 0.000129060 0.000014254 0.999856686
QJ:/crrc/rr: 0.000000000 0.000291277 0.999708723
QJ:/rc/: 0.009086386 0.990913614 0.000000000
QJ:/rc/cr: 0.000002248 0.000002248 0.999995503
QJ:/rc/rr: 0.000000000 0.000367791 0.999632209
QJ:/rrc/: 0.000003342 0.999996658 0.000000000
QJ:/rrc/cr: 0.000001114 0.000001114 0.999997772
QJ:/rrc/rr: 0.000000000 0.500000000 0.500000000
QK:/cc/: 0.036445524 0.963554476 0.000000000
QK:/cc/cr: 0.003545371 0.996447075 0.000007554
QK:/cc/rr: 0.000000000 0.999727709 0.000272291
QK:/crc/: 0.000013268 0.999986732 0.000000000
QK:/crc/cr: 0.000003595 0.560312189 0.439684216
QK:/crc/rr: 0.000000000 0.700814775 0.299185225
QK:/crrc/: 0.978118865 0.021881135 0.000000000
QK:/crrc/cr: 0.002193748 0.173000108 0.824806144
QK:/crrc/rr: 0.000000000 0.000621040 0.999378960
QK:/rc/: 0.434022429 0.565977571 0.000000000
QK:/rc/cr: 0.008304232 0.524878565 0.466817203
QK:/rc/rr: 0.000000000 0.198979260 0.801020740
QK:/rrc/: 0.127794336 0.872205664 0.000000000
QK:/rrc/cr: 0.000005745 0.297303142 0.702691113
QK:/rrc/rr: 0.000000000 0.000017407 0.999982593
QQ:/cc/: 0.478323874 0.521676126 0.000000000
QQ:/cc/cr: 0.999974636 0.000012682 0.000012682
QQ:/cc/rr: 0.000000000 0.999979253 0.000020747
QQ:/crc/: 0.984703597 0.015296403 0.000000000
QQ:/crc/cr: 0.999653977 0.000173012 0.000173012
QQ:/crc/rr: 0.000000000 0.999995969 0.000004031
QQ:/crrc/: 0.131537150 0.868462850 0.000000000
QQ:/crrc/cr: 0.999969418 0.000015291 0.000015291
QQ:/crrc/rr: 0.000000000 0.999848564 0.000151436
QQ:/rc/: 0.488845025 0.511154975 0.000000000
QQ:/rc/cr: 0.999990246 0.000005395 0.000004359
QQ:/rc/rr: 0.000000000 0.999993164 0.000006836
QQ:/rrc/: 0.981817626 0.018182374 0.000000000
QQ:/rrc/cr: 0.999877467 0.000061267 0.000061267
QQ:/rrc/rr: 0.000000000 0.999998298 0.000001702
