J:/c: 0.303133414 0.696866586 0.000000000
J:/crr: 0.000000000 0.999983506 0.000016494
J:/r: 0.054151549 0.129482506 0.816365945
JJ:/cc/c: 0.999992825 0.000007175 0.000000000
JJ:/cc/crr: 0.000000000 0.999996412 0.000003588
JJ:/cc/r: 0.999990433 0.000004783 0.000004783
JJ:/crc/c: 0.999983506 0.000016494 0.000000000
JJ:/crc/crr: 0.000000000 0.999991753 0.000008247
JJ:/crc/r: 0.999954766 0.000034238 0.000010996
JJ:/crrc/c: 0.999991753 0.000008247 0.000000000
JJ:/crrc/crr: 0.000000000 0.999995876 0.000004124
JJ:/crrc/r: 0.999975879 0.000018623 0.000005498
JJ:/rc/c: 0.999974256 0.000025744 0.000000000
JJ:/rc/crr: 0.000000000 0.999987128 0.000012872
JJ:/rc/r: 0.999965675 0.000017162 0.000017162
JJ:/rrc/c: 0.999938444 0.000061556 0.000000000
JJ:/rrc/crr: 0.000000000 0.999969220 0.000030780
JJ:/rrc/r: 0.999846166 0.000112797 0.000041037
JK:/cc/c: 0.009545082 0.990454918 0.000000000
JK:/cc/crr: 0.000000000 0.000375847 0.999624153
JK:/cc/r: 0.000004783 0.000004783 0.999990433
JK:/crc/c: 0.523187404 0.476812596 0.000000000
JK:/crc/crr: 0.000000000 0.000015763 0.999984237
JK:/crc/r: 0.045081936 0.000010996 0.954907068
JK:/crrc/c: 0.440498327 0.559501673 0.000000000
JK:/crrc/crr: 0.000000000 0.000009361 0.999990639
JK:/crrc/r: 0.237359774 0.000005498 0.762634728
JK:/rc/c: 0.382565355 0.617434645 0.000000000
JK:/rc/crr: 0.000000000 0.000033646 0.999966354
JK:/rc/r: 0.360919131 0.000017162 0.639063707
JK:/rrc/c: 0.999938444 0.000061556 0.000000000
JK:/rrc/crr: 0.000000000 0.000030780 0.999969220
JK:/rrc/r: 0.295183879 0.000041037 0.704775084
JQ:/cc/c: 0.071633613 0.928366387 0.000000000
JQ:/cc/crr: 0.000000000 0.000050081 0.999949919
JQ:/cc/r: 0.036105823 0.000004783 0.963889394
JQ:/crc/c: 0.609519529 0.390480471 0.000000000
JQ:/crc/crr: 0.000000000 0.000013531 0.999986469
JQ:/crc/r: 0.000057669 0.000010996 0.999931335
JQ:/crrc/c: 0.030175085 0.969824915 0.000000000
JQ:/crrc/crr: 0.000000000 0.000136658 0.999863342
JQ:/crrc/r: 0.262441333 0.000005498 0.737553169
JQ:/rc/c: 0.995895082 0.004104918 0.000000000
JQ:/rc/crr: 0.000000000 0.000012925 0.999987075
JQ:/rc/r: 0.000017162 0.000017162 0.999965675
JQ:/rrc/c: 0.001327612 0.998672388 0.000000000
JQ:/rrc/crr: 0.000000000 0.023182839 0.976817161
JQ:/rrc/r: 0.453209248 0.000041037 0.546749715
K:/c: 0.999969714 0.000030286 0.000000000
K:/crr: 0.000000000 0.999995000 0.000005000
K:/r: 0.567219716 0.432773618 0.000006667
KJ:/cc/c: 0.165095191 0.834904809 0.000000000
KJ:/cc/crr: 0.000000000 0.500000000 0.500000000
KJ:/cc/r: 0.485925964 0.241593945 0.272480091
KJ:/crc/c: 0.191823158 0.808176842 0.000000000
KJ:/crc/crr: 0.000000000 0.999986967 0.000013033
KJ:/crc/r: 0.000014653 0.726576150 0.273409197
KJ:/crrc/c: 0.408685531 0.591314469 0.000000000
KJ:/crrc/crr: 0.000000000 0.999996941 0.000003059
KJ:/crrc/r: 0.076957121 0.798708185 0.124334694
KJ:/rc/c: 0.423996129 0.576003871 0.000000000
KJ:/rc/crr: 0.000000000 0.672383488 0.327616512
KJ:/rc/r: 0.048569394 0.710404316 0.241026290
KJ:/rrc/c: 0.212129658 0.787870342 0.000000000
KJ:/rrc/crr: 0.000000000 0.999986149 0.000013851
KJ:/rrc/r: 0.030371921 0.922545496 0.047082584
KK:/cc/c: 0.834904809 0.165095191 0.000000000
KK:/cc/crr: 0.000000000 0.901129333 0.098870667
KK:/cc/r: 0.622690551 0.267245988 0.110063460
KK:/crc/c: 0.999995000 0.000005000 0.000000000
KK:/crc/crr: 0.000000000 0.999997500 0.000002500
KK:/crc/r: 0.996675732 0.003320934 0.000003333
KK:/crrc/c: 0.999997500 0.000002500 0.000000000
KK:/crrc/crr: 0.000000000 0.999998750 0.000001250
KK:/crrc/r: 0.999992664 0.000005669 0.000001667
KK:/rc/c: 0.999992298 0.000007702 0.000000000
KK:/rc/crr: 0.000000000 0.999996149 0.000003851
KK:/rc/r: 0.999979819 0.000015046 0.000005135
KK:/rrc/c: 0.999994123 0.000005877 0.000000000
KK:/rrc/crr: 0.000000000 0.999997062 0.000002938
KK:/rrc/r: 0.999617888 0.000378194 0.000003918
KQ:/cc/c: 0.830221150 0.169778850 0.000000000
KQ:/cc/crr: 0.000000000 0.900571558 0.099428442
KQ:/cc/r: 0.452677030 0.437259509 0.110063460
KQ:/crc/c: 0.001066903 0.998933097 0.000000000
KQ:/crc/crr: 0.000000000 0.428445820 0.571554180
KQ:/crc/r: 0.000007174 0.439465790 0.560527037
KQ:/crrc/c: 0.629405401 0.370594599 0.000000000
KQ:/crrc/crr: 0.000000000 0.410294983 0.589705017
KQ:/crrc/r: 0.001182857 0.759870218 0.238946924
KQ:/rc/c: 0.000754214 0.999245786 0.000000000
KQ:/rc/crr: 0.000000000 0.009190978 0.990809022
KQ:/rc/r: 0.000017542 0.311033553 0.688948905
KQ:/rrc/c: 0.512225353 0.487774647 0.000000000
KQ:/rrc/crr: 0.000000000 0.502591625 0.497408375
KQ:/rrc/r: 0.068706058 0.565312876 0.365981066
Q:/c: 0.849990884 0.150009116 0.000000000
Q:/crr: 0.000000000 0.999994118 0.000005882
Q:/r: 0.357347152 0.642561046 0.000091801
QJ:/cc/c: 0.000185037 0.999814963 0.000000000
QJ:/cc/crr: 0.000000000 0.090066829 0.909933171
QJ:/cc/r: 0.000022221 0.000022221 0.999955558
QJ:/crc/c: 0.382013526 0.617986474 0.000000000
QJ:/crc/crr: 0.000000000 0.000007699 0.999992301
QJ:/crc/r: 0.000003922 0.000003922 0.999992157
QJ:/crrc/c: 0.000054315 0.999945685 0.000000000
QJ:/crrc/crr: 0.000000000 0.027075830 0.972924170
QJ:/crrc/r: 0.000001961 0.000001961 0.999996078
QJ:/rc/c: 0.000016146 0.999983854 0.000000000
QJ:/rc/crr: 0.000000000 0.160645770 0.839354230
QJ:/rc/r: 0.013587742 0.000003458 0.986408799
QJ:/rrc/c: 0.000183244 0.999816756 0.000000000
QJ:/rrc/crr: 0.000000000 0.025452462 0.974547538
QJ:/rrc/r: 0.000036858 0.000006219 0.999956924
QK:/cc/c: 0.260331213 0.739668787 0.000000000
QK:/cc/crr: 0.000000000 0.999935983 0.000064017
QK:/cc/r: 0.000083416 0.748710502 0.251206082
QK:/crc/c: 0.342752360 0.657247640 0.000000000
QK:/crc/crr: 0.000000000 0.007970604 0.992029396
QK:/crc/r: 0.000059844 0.511004008 0.488936147
QK:/crrc/c: 0.093957558 0.906042442 0.000000000
QK:/crrc/crr: 0.000000000 0.002987407 0.997012593
QK:/crrc/r: 0.000051922 0.276580104 0.723367974
QK:/rc/c: 0.378022488 0.621977512 0.000000000
QK:/rc/crr: 0.000000000 0.007909406 0.992090594
QK:/rc/r: 0.000020576 0.312554690 0.687424733
QK:/rrc/c: 0.424451280 0.575548720 0.000000000
QK:/rrc/crr: 0.000000000 0.063533027 0.936466973
QK:/rrc/r: 0.000070287 0.514657369 0.485272344
QQ:/cc/c: 0.999966669 0.000033331 0.000000000
QQ:/cc/crr: 0.000000000 0.999983334 0.000016666
QQ:/cc/r: 0.999928214 0.000049565 0.000022221
QQ:/crc/c: 0.999994118 0.000005882 0.000000000
QQ:/crc/crr: 0.000000000 0.999997059 0.000002941
QQ:/crc/r: 0.999964684 0.000031395 0.000003922
QQ:/crrc/c: 0.999997059 0.000002941 0.000000000
QQ:/crrc/crr: 0.000000000 0.999998529 0.000001471
QQ:/crrc/r: 0.999996078 0.000001961 0.000001961
QQ:/rc/c: 0.999994812 0.000005188 0.000000000
QQ:/rc/crr: 0.000000000 0.999997406 0.000002594
QQ:/rc/r: 0.999991846 0.000004696 0.000003458
QQ:/rrc/c: 0.999990672 0.000009328 0.000000000
QQ:/rrc/crr: 0.000000000 0.999995336 0.000004664
QQ:/rrc/r: 0.999955069 0.000038713 0.000006219
