J:/c: 0.293440481 0.706559519 0.000000000
J:/crr: 0.000000000 0.999982961 0.000017039
J:/r: 0.054462719 0.130029470 0.815507811
JJ:/cc/c: 0.999992923 0.000007077 0.000000000
JJ:/cc/crr: 0.000000000 0.999996462 0.000003538
JJ:/cc/r: 0.999982646 0.000012636 0.000004718
JJ:/crc/c: 0.999982961 0.000017039 0.000000000
JJ:/crc/crr: 0.000000000 0.999991480 0.000008520
JJ:/crc/r: 0.999977281 0.000011359 0.000011359
JJ:/crrc/c: 0.999991480 0.000008520 0.000000000
JJ:/crrc/crr: 0.000000000 0.999995740 0.000004260
JJ:/crrc/r: 0.999988640 0.000005680 0.000005680
JJ:/rc/c: 0.999974365 0.000025635 0.000000000
JJ:/rc/crr: 0.000000000 0.999987182 0.000012818
JJ:/rc/r: 0.999962900 0.000020010 0.000017090
JJ:/rrc/c: 0.999938796 0.000061204 0.000000000
JJ:/rrc/crr: 0.000000000 0.999969396 0.000030604
JJ:/rrc/r: 0.999732453 0.000226744 0.000040803
JK:/cc/c: 0.006765329 0.993234671 0.000000000
JK:/cc/crr: 0.000000000 0.000523001 0.999476999
JK:/cc/r: 0.000010446 0.000004718 0.999984836
JK:/crc/c: 0.545835014 0.454164986 0.000000000
JK:/crc/crr: 0.000000000 0.000015608 0.999984392
JK:/crc/r: 0.057851419 0.000011359 0.942137221
JK:/crrc/c: 0.541571079 0.458428921 0.000000000
JK:/crrc/crr: 0.000000000 0.000007866 0.999992134
JK:/crrc/r: 0.201009117 0.000005680 0.798985203
JK:/rc/c: 0.387640793 0.612359207 0.000000000
JK:/rc/crr: 0.000000000 0.000033066 0.999966934
JK:/rc/r: 0.361517840 0.000017090 0.638465069
JK:/rrc/c: 0.999592885 0.000407115 0.000000000
JK:/rrc/crr: 0.000000000 0.000030614 0.999969386
JK:/rrc/r: 0.253735887 0.000040803 0.746223310
JQ:/cc/c: 0.070275637 0.929724363 0.000000000
JQ:/cc/crr: 0.000000000 0.000050348 0.999949652
JQ:/cc/r: 0.035416672 0.000004718 0.964578610
JQ:/crc/c: 0.463509306 0.536490694 0.000000000
JQ:/crc/crr: 0.000000000 0.000018381 0.999981619
JQ:/crc/r: 0.061655902 0.000011359 0.938332738
JQ:/crrc/c: 0.047865443 0.952134557 0.000000000
JQ:/crrc/crr: 0.000000000 0.000088997 0.999911003
JQ:/crrc/r: 0.189588730 0.000005680 0.810405590
JQ:/rc/c: 0.989277470 0.010722530 0.000000000
JQ:/rc/crr: 0.000000000 0.000012957 0.999987043
JQ:/rc/r: 0.000017090 0.000017090 0.999965820
JQ:/rrc/c: 0.022003105 0.977996895 0.000000000
JQ:/rrc/crr: 0.000000000 0.001390802 0.998609198
JQ:/rrc/r: 0.405563243 0.000040803 0.594395954
K:/c: 0.999940281 0.000059719 0.000000000
K:/crr: 0.000000000 0.999995000 0.000005000
K:/r: 0.572440460 0.427552873 0.000006667
KJ:/cc/c: 0.256108438 0.743891562 0.000000000
KJ:/cc/crr: 0.000000000 0.836543022 0.163456978
KJ:/cc/r: 0.282547568 0.113546809 0.603905623
KJ:/crc/c: 0.097579997 0.902420003 0.000000000
KJ:/crc/crr: 0.000000000 0.999974378 0.000025622
KJ:/crc/r: 0.000108375 0.757000488 0.242891136
KJ:/crrc/c: 0.289411149 0.710588851 0.000000000
KJ:/crrc/crr: 0.000000000 0.803141172 0.196858828
KJ:/crrc/r: 0.052685745 0.801938914 0.145375341
KJ:/rc/c: 0.399085903 0.600914097 0.000000000
KJ:/rc/crr: 0.000000000 0.702935824 0.297064176
KJ:/rc/r: 0.057884151 0.715150378 0.226965471
KJ:/rrc/c: 0.178036180 0.821963820 0.000000000
KJ:/rrc/crr: 0.000000000 0.996126231 0.003873769
KJ:/rrc/r: 0.032077489 0.916651665 0.051270846
KK:/cc/c: 0.916274577 0.083725423 0.000000000
KK:/cc/crr: 0.000000000 0.954312045 0.045687955
KK:/cc/r: 0.796760333 0.147422719 0.055816949
KK:/crc/c: 0.999995000 0.000005000 0.000000000
KK:/crc/crr: 0.000000000 0.999997500 0.000002500
KK:/crc/r: 0.896524876 0.103471790 0.000003334
KK:/crrc/c: 0.999997500 0.000002500 0.000000000
KK:/crrc/crr: 0.000000000 0.999998750 0.000001250
KK:/crrc/r: 0.999996666 0.000001667 0.000001667
KK:/rc/c: 0.999992204 0.000007796 0.000000000
KK:/rc/crr: 0.000000000 0.999996102 0.000003898
KK:/rc/r: 0.999980066 0.000014737 0.000005198
KK:/rrc/c: 0.999994177 0.000005823 0.000000000
KK:/rrc/crr: 0.000000000 0.999997088 0.000002912
KK:/rrc/r: 0.999977267 0.000018851 0.000003882
KQ:/cc/c: 0.430586443 0.569413557 0.000000000
KQ:/cc/crr: 0.000000000 0.902777451 0.097222549
KQ:/cc/r: 0.282394483 0.616483336 0.101122180
KQ:/crc/c: 0.306534664 0.693465336 0.000000000
KQ:/crc/crr: 0.000000000 0.038211605 0.961788395
KQ:/crc/r: 0.000081893 0.446020658 0.553897449
KQ:/crrc/c: 0.599771146 0.400228854 0.000000000
KQ:/crrc/crr: 0.000000000 0.426600489 0.573399511
KQ:/crrc/r: 0.000017466 0.693497524 0.306485011
KQ:/rc/c: 0.002207171 0.997792829 0.000000000
KQ:/rc/crr: 0.000000000 0.018834547 0.981165453
KQ:/rc/r: 0.000024652 0.306825503 0.693149846
KQ:/rrc/c: 0.498407682 0.501592318 0.000000000
KQ:/rrc/crr: 0.000000000 0.479525467 0.520474533
KQ:/rrc/r: 0.084486524 0.541607658 0.373905819
Q:/c: 0.849122955 0.150877045 0.000000000
Q:/crr: 0.000000000 0.999994112 0.000005888
Q:/r: 0.350958577 0.648875816 0.000165607
QJ:/cc/c: 0.000583398 0.999416602 0.000000000
QJ:/cc/crr: 0.000000000 0.028402173 0.971597827
QJ:/cc/r: 0.000049136 0.000022093 0.999928771
QJ:/crc/c: 0.455985754 0.544014246 0.000000000
QJ:/crc/crr: 0.000000000 0.008297869 0.991702131
QJ:/crc/r: 0.000024522 0.000003926 0.999971553
QJ:/crrc/c: 0.000136796 0.999863204 0.000000000
QJ:/crrc/crr: 0.000000000 0.010761433 0.989238567
QJ:/crrc/r: 0.014023170 0.000001963 0.985974867
QJ:/rc/c: 0.000161442 0.999838558 0.000000000
QJ:/rc/crr: 0.000000000 0.015910056 0.984089944
QJ:/rc/r: 0.009151046 0.000003425 0.990845529
QJ:/rrc/c: 0.000299335 0.999700665 0.000000000
QJ:/rrc/crr: 0.000000000 0.015864846 0.984135154
QJ:/rrc/r: 0.000091289 0.000010465 0.999898246
QK:/cc/c: 0.046719985 0.953280015 0.000000000
QK:/cc/crr: 0.000000000 0.999645338 0.000354662
QK:/cc/r: 0.000156340 0.744492413 0.255351247
QK:/crc/c: 0.310554185 0.689445815 0.000000000
QK:/crc/crr: 0.000000000 0.024249491 0.975750509
QK:/crc/r: 0.000374463 0.439617713 0.560007824
QK:/crrc/c: 0.081637955 0.918362045 0.000000000
QK:/crrc/crr: 0.000000000 0.002882978 0.997117022
QK:/crrc/r: 0.000065720 0.283242240 0.716692040
QK:/rc/c: 0.369961049 0.630038951 0.000000000
QK:/rc/crr: 0.000000000 0.013008465 0.986991535
QK:/rc/r: 0.000007493 0.310990445 0.689002062
QK:/rrc/c: 0.436010518 0.563989482 0.000000000
QK:/rrc/crr: 0.000000000 0.070170725 0.929829275
QK:/rrc/r: 0.000091546 0.543359457 0.456548997
QQ:/cc/c: 0.999966860 0.000033140 0.000000000
QQ:/cc/crr: 0.000000000 0.999983430 0.000016570
QQ:/cc/r: 0.999917587 0.000060319 0.000022093
QQ:/crc/c: 0.999994112 0.000005888 0.000000000
QQ:/crc/crr: 0.000000000 0.999997056 0.000002944
QQ:/crc/r: 0.823595728 0.176400346 0.000003926
QQ:/crrc/c: 0.999997056 0.000002944 0.000000000
QQ:/crrc/crr: 0.000000000 0.999998528 0.000001472
QQ:/crrc/r: 0.999996074 0.000001963 0.000001963
QQ:/rc/c: 0.999994863 0.000005137 0.000000000
QQ:/rc/crr: 0.000000000 0.999997431 0.000002569
QQ:/rc/r: 0.999992848 0.000003728 0.000003425
QQ:/rrc/c: 0.999990502 0.000009498 0.000000000
QQ:/rrc/crr: 0.000000000 0.999995251 0.000004749
QQ:/rrc/r: 0.999955627 0.000038041 0.000006332
