J:/: 0.077359872 0.922640128 0.000000000
J:/cr: 0.017076425 0.036973526 0.945950049
J:/rr: 0.000000000 0.999935367 0.000064633
JJ:/cc/: 0.000290263 0.999709737 0.000000000
JJ:/cc/cr: 0.999996386 0.000001807 0.000001807
JJ:/cc/rr: 0.000000000 0.990664973 0.009335027
JJ:/crc/: 0.980874695 0.019125305 0.000000000
JJ:/crc/cr: 0.998296956 0.000851522 0.000851522
JJ:/crc/rr: 0.000000000 0.999975095 0.000024905
JJ:/crrc/: 0.985011414 0.014988586 0.000000000
JJ:/crrc/cr: 0.995294914 0.002352543 0.002352543
JJ:/crrc/rr: 0.000000000 0.999946303 0.000053697
JJ:/rc/: 0.915596793 0.084403207 0.000000000
JJ:/rc/cr: 0.999489490 0.000255255 0.000255255
JJ:/rc/rr: 0.000000000 0.999964704 0.000035296
JJ:/rrc/: 0.995010118 0.004989882 0.000000000
JJ:/rrc/cr: 0.995682118 0.002158941 0.002158941
JJ:/rrc/rr: 0.000000000 0.999983760 0.000016240
JK:/cc/: 0.074354236 0.925645764 0.000000000
JK:/cc/cr: 0.000271827 0.000001952 0.999726222
JK:/cc/rr: 0.000000000 0.000036442 0.999963558
JK:/crc/: 0.045765270 0.954234730 0.000000000
JK:/crc/cr: 0.001014439 0.000017067 0.998968494
JK:/crc/rr: 0.000000000 0.000533777 0.999466223
JK:/crrc/: 0.999894216 0.000105784 0.000000000
JK:/crrc/cr: 0.333333333 0.333333333 0.333333333
JK:/crrc/rr: 0.000000000 0.000052898 0.999947102
JK:/rc/: 0.993886867 0.006113133 0.000000000
JK:/rc/cr: 0.930029244 0.003524270 0.066446486
JK:/rc/rr: 0.000000000 0.000032515 0.999967485
JK:/rrc/: 0.533463517 0.466536483 0.000000000
JK:/rrc/cr: 0.825566639 0.000023091 0.174410270
JK:/rrc/rr: 0.000000000 0.000030291 0.999969709
JQ:/cc/: 0.206705684 0.793294316 0.000000000
JQ:/cc/cr: 0.000003734 0.000002277 0.999993989
JQ:/cc/rr: 0.000000000 0.000013109 0.999986891
JQ:/crc/: 0.994479436 0.005520564 0.000000000
JQ:/crc/cr: 0.007205468 0.002949992 0.989844540
JQ:/crc/rr: 0.000000000 0.000024564 0.999975436
JQ:/crrc/: 0.035843379 0.964156621 0.000000000
JQ:/crrc/cr: 0.145836215 0.000036572 0.854127213
JQ:/crrc/rr: 0.000000000 0.001475640 0.998524360
JQ:/rc/: 0.995359394 0.004640606 0.000000000
JQ:/rc/cr: 0.004642569 0.004642569 0.990714862
JQ:/rc/rr: 0.000000000 0.000032467 0.999967533
JQ:/rrc/: 0.126452893 0.873547107 0.000000000
JQ:/rrc/cr: 0.000059299 0.000012332 0.999928369
JQ:/rrc/rr: 0.000000000 0.000127789 0.999872211
K:/: 0.756152435 0.243847565 0.000000000
K:/cr: 0.669969539 0.330016791 0.000013670
K:/rr: 0.000000000 0.999993388 0.000006612
KJ:/cc/: 0.000050970 0.999949030 0.000000000
KJ:/cc/cr: 0.000049752 0.000010253 0.999939995
KJ:/cc/rr: 0.000000000 0.798856107 0.201143893
KJ:/crc/: 0.000077673 0.999922327 0.000000000
KJ:/crc/cr: 0.000334905 0.999658191 0.000006904
KJ:/crc/rr: 0.000000000 0.866680166 0.133319834
KJ:/crrc/: 0.072269279 0.927730721 0.000000000
KJ:/crrc/cr: 0.001233900 0.995954645 0.002811455
KJ:/crrc/rr: 0.000000000 0.434426588 0.565573412
KJ:/rc/: 0.053097229 0.946902771 0.000000000
KJ:/rc/cr: 0.006525977 0.968901158 0.024572865
KJ:/rc/rr: 0.000000000 0.292444581 0.707555419
KJ:/rrc/: 0.084318638 0.915681362 0.000000000
KJ:/rrc/cr: 0.000043987 0.999628169 0.000327844
KJ:/rrc/rr: 0.000000000 0.576553731 0.423446269
KK:/cc/: 0.997139566 0.002860434 0.000000000
KK:/cc/cr: 0.995221095 0.002389452 0.002389452
KK:/cc/rr: 0.000000000 0.999989718 0.000010282
KK:/crc/: 0.089970359 0.910029641 0.000000000
KK:/crc/cr: 0.999984828 0.000007586 0.000007586
KK:/crc/rr: 0.000000000 0.999884903 0.000115097
KK:/crrc/: 0.993769494 0.006230506 0.000000000
KK:/crrc/cr: 0.998908407 0.000545796 0.000545796
KK:/crrc/rr: 0.000000000 0.999994867 0.000005133
KK:/rc/: 0.851626182 0.148373818 0.000000000
KK:/rc/cr: 0.999970289 0.000014855 0.000014855
KK:/rc/rr: 0.000000000 0.999996118 0.000003882
KK:/rrc/: 0.551491402 0.448508598 0.000000000
KK:/rrc/cr: 0.999995086 0.000002457 0.000002457
KK:/rrc/rr: 0.000000000 0.999997002 0.000002998
KQ:/cc/: 0.000055861 0.999944139 0.000000000
KQ:/cc/cr: 0.000045849 0.439934243 0.560019908
KQ:/cc/rr: 0.000000000 0.816466497 0.183533503
KQ:/crc/: 0.847162006 0.152837994 0.000000000
KQ:/crc/cr: 0.000271512 0.553794717 0.445933771
KQ:/crc/rr: 0.000000000 0.000033760 0.999966240
KQ:/crrc/: 0.018500481 0.981499519 0.000000000
KQ:/crrc/cr: 0.016768420 0.695777234 0.287454346
KQ:/crrc/rr: 0.000000000 0.188287582 0.811712418
KQ:/rc/: 0.000060499 0.999939501 0.000000000
KQ:/rc/cr: 0.000027813 0.496904671 0.503067516
KQ:/rc/rr: 0.000000000 0.484814620 0.515185380
KQ:/rrc/: 0.692298537 0.307701463 0.000000000
KQ:/rrc/cr: 0.027656699 0.868784727 0.103558574
KQ:/rrc/rr: 0.000000000 0.400237909 0.599762091
Q:/: 0.736020502 0.263979498 0.000000000
Q:/cr: 0.149452434 0.849049498 0.001498067
Q:/rr: 0.000000000 0.999993207 0.000006793
QJ:/cc/: 0.000018941 0.999981059 0.000000000
QJ:/cc/cr: 0.000006314 0.000006314 0.999987373
QJ:/cc/rr: 0.000000000 0.500000000 0.500000000
QJ:/crc/: 0.029829447 0.970170553 0.000000000
QJ:/crc/cr: 0.001158891 0.000002555 0.998838554
QJ:/crc/rr: 0.000000000 0.000124644 0.999875356
QJ:/crrc/: 0.005755219 0.994244781 0.000000000
QJ:/crrc/cr: 0.000156217 0.000014163 0.999829619
QJ:/crrc/rr: 0.000000000 0.003670149 0.996329851
QJ:/rc/: 0.010167153 0.989832847 0.000000000
QJ:/rc/cr: 0.000003650 0.000002288 0.999994062
QJ:/rc/rr: 0.000000000 0.000334080 0.999665920
QJ:/rrc/: 0.000003397 0.999996603 0.000000000
QJ:/rrc/cr: 0.000001132 0.000001132 0.999997736
QJ:/rrc/rr: 0.000000000 0.500000000 0.500000000
QK:/cc/: 0.544444222 0.455555778 0.000000000
QK:/cc/cr: 0.135523540 0.864448161 0.000028299
QK:/cc/rr: 0.000000000 0.999982605 0.000017395
QK:/crc/: 0.000007479 0.999992521 0.000000000
QK:/crc/cr: 0.000002487 0.556470268 0.443527245
QK:/crc/rr: 0.000000000 0.502839090 0.497160910
QK:/crrc/: 0.982166564 0.017833436 0.000000000
QK:/crrc/cr: 0.001614633 0.503175933 0.495209434
QK:/crrc/rr: 0.000000000 0.000582499 0.999417501
QK:/rc/: 0.466579830 0.533420170 0.000000000
QK:/rc/cr: 0.030430336 0.505332095 0.464237569
QK:/rc/rr: 0.000000000 0.201030750 0.798969250
QK:/rrc/: 0.136288020 0.863711980 0.000000000
QK:/rrc/cr: 0.000001311 0.296303663 0.703695026
QK:/rrc/rr: 0.000000000 0.000434645 0.999565355
QQ:/cc/: 0.583839109 0.416160891 0.000000000
QQ:/cc/cr: 0.999969658 0.000015171 0.000015171
QQ:/cc/rr: 0.000000000 0.999983779 0.000016221
QQ:/crc/: 0.979977802 0.020022198 0.000000000
QQ:/crc/cr: 0.999752405 0.000123798 0.000123798
QQ:/crc/rr: 0.000000000 0.999996206 0.000003794
QQ:/crrc/: 0.184323341 0.815676659 0.000000000
QQ:/crrc/cr: 0.999965472 0.000017264 0.000017264
QQ:/crrc/rr: 0.000000000 0.999885405 0.000114595
QQ:/rc/: 0.529965202 0.470034798 0.000000000
QQ:/rc/cr: 0.999989446 0.000005737 0.000004818
QQ:/rc/rr: 0.000000000 0.999993591 0.000006409
QQ:/rrc/: 0.979434701 0.020565299 0.000000000
QQ:/rrc/cr: 0.999889890 0.000055055 0.000055055
QQ:/rrc/rr: 0.000000000 0.999998266 0.000001734
