J:/c: 0.291237218 0.708762782 0.000000000
J:/crr: 0.000000000 0.999982832 0.000017168
J:/r: 0.055537373 0.128311323 0.816151304
JJ:/cc/c: 0.999992945 0.000007055 0.000000000
JJ:/cc/crr: 0.000000000 0.999996473 0.000003527
JJ:/cc/r: 0.999990594 0.000004703 0.000004703
JJ:/crc/c: 0.999982832 0.000017168 0.000000000
JJ:/crc/crr: 0.000000000 0.999991416 0.000008584
JJ:/crc/r: 0.999957373 0.000031181 0.000011445
JJ:/crrc/c: 0.999991416 0.000008584 0.000000000
JJ:/crrc/crr: 0.000000000 0.999995708 0.000004292
JJ:/crrc/r: 0.999974701 0.000019576 0.000005723
JJ:/rc/c: 0.999974022 0.000025978 0.000000000
JJ:/rc/crr: 0.000000000 0.999987010 0.000012990
JJ:/rc/r: 0.999964492 0.000018189 0.000017319
JJ:/rrc/c: 0.999939980 0.000060020 0.000000000
JJ:/rrc/crr: 0.000000000 0.999969988 0.000030012
JJ:/rrc/r: 0.999757192 0.000202795 0.000040013
JK:/cc/c: 0.008790111 0.991209889 0.000000000
JK:/cc/crr: 0.000000000 0.000401277 0.999598723
JK:/cc/r: 0.000004703 0.000004703 0.999990594
JK:/crc/c: 0.530311931 0.469688069 0.000000000
JK:/crc/crr: 0.000000000 0.000016187 0.999983813
JK:/crc/r: 0.076039521 0.000011445 0.923949033
JK:/crrc/c: 0.448871283 0.551128717 0.000000000
JK:/crrc/crr: 0.000000000 0.000009562 0.999990438
JK:/crrc/r: 0.215914439 0.000005723 0.784079838
JK:/rc/c: 0.387316882 0.612683118 0.000000000
JK:/rc/crr: 0.000000000 0.000033536 0.999966464
JK:/rc/r: 0.361560870 0.000017319 0.638421811
JK:/rrc/c: 0.999752309 0.000247691 0.000000000
JK:/rrc/crr: 0.000000000 0.000030017 0.999969983
JK:/rrc/r: 0.268563396 0.000040013 0.731396591
JQ:/cc/c: 0.070130410 0.929869590 0.000000000
JQ:/cc/crr: 0.000000000 0.000050296 0.999949704
JQ:/cc/r: 0.036321739 0.000004703 0.963673558
JQ:/crc/c: 0.447245904 0.552754096 0.000000000
JQ:/crc/crr: 0.000000000 0.000019193 0.999980807
JQ:/crc/r: 0.109689350 0.000011445 0.890299205
JQ:/crrc/c: 0.050067617 0.949932383 0.000000000
JQ:/crrc/crr: 0.000000000 0.000085726 0.999914274
JQ:/crrc/r: 0.184780718 0.000005723 0.815213559
JQ:/rc/c: 0.995754184 0.004245816 0.000000000
JQ:/rc/crr: 0.000000000 0.000013045 0.999986955
JQ:/rc/r: 0.000017319 0.000017319 0.999965362
JQ:/rrc/c: 0.014554952 0.985445048 0.000000000
JQ:/rrc/crr: 0.000000000 0.002061829 0.997938171
JQ:/rrc/r: 0.428098024 0.000040013 0.571861963
K:/c: 0.999181722 0.000818278 0.000000000
K:/crr: 0.000000000 0.999994996 0.000005004
K:/r: 0.582131612 0.417861721 0.000006667
KJ:/cc/c: 0.017870226 0.982129774 0.000000000
KJ:/cc/crr: 0.000000000 0.829034321 0.170965679
KJ:/cc/r: 0.020147004 0.008286446 0.971566550
KJ:/crc/c: 0.171415814 0.828584186 0.000000000
KJ:/crc/crr: 0.000000000 0.999985404 0.000014596
KJ:/crc/r: 0.000108108 0.772881338 0.227010554
KJ:/crrc/c: 0.450329108 0.549670892 0.000000000
KJ:/crrc/crr: 0.000000000 0.999997222 0.000002778
KJ:/crrc/r: 0.023061003 0.836710467 0.140228530
KJ:/rc/c: 0.433614387 0.566385613 0.000000000
KJ:/rc/crr: 0.000000000 0.737612119 0.262387881
KJ:/rc/r: 0.070740468 0.714521043 0.214738489
KJ:/rrc/c: 0.195841785 0.804158215 0.000000000
KJ:/rrc/crr: 0.000000000 0.955294779 0.044705221
KJ:/rrc/r: 0.034467592 0.903852780 0.061679628
KK:/cc/c: 0.993889609 0.006110391 0.000000000
KK:/cc/crr: 0.000000000 0.996926021 0.003073979
KK:/cc/r: 0.985205502 0.010720905 0.004073594
KK:/crc/c: 0.999994996 0.000005004 0.000000000
KK:/crc/crr: 0.000000000 0.999997498 0.000002502
KK:/crc/r: 0.999988509 0.000008154 0.000003336
KK:/crrc/c: 0.999997498 0.000002502 0.000000000
KK:/crrc/crr: 0.000000000 0.999998749 0.000001251
KK:/crrc/r: 0.999996664 0.000001668 0.000001668
KK:/rc/c: 0.999992023 0.000007977 0.000000000
KK:/rc/crr: 0.000000000 0.999996011 0.000003989
KK:/rc/r: 0.999978057 0.000016625 0.000005318
KK:/rrc/c: 0.999994274 0.000005726 0.000000000
KK:/rrc/crr: 0.000000000 0.999997137 0.000002863
KK:/rrc/r: 0.999970142 0.000026041 0.000003817
KQ:/cc/c: 0.031362178 0.968637822 0.000000000
KQ:/cc/crr: 0.000000000 0.902583443 0.097416557
KQ:/cc/r: 0.020045189 0.973682870 0.006271941
KQ:/crc/c: 0.303724735 0.696275265 0.000000000
KQ:/crc/crr: 0.000000000 0.075075669 0.924924331
KQ:/crc/r: 0.000063080 0.438139366 0.561797555
KQ:/crrc/c: 0.618632782 0.381367218 0.000000000
KQ:/crrc/crr: 0.000000000 0.396381595 0.603618405
KQ:/crrc/r: 0.004212577 0.742188672 0.253598750
KQ:/rc/c: 0.001474144 0.998525856 0.000000000
KQ:/rc/crr: 0.000000000 0.015377248 0.984622752
KQ:/rc/r: 0.000027019 0.308124161 0.691848820
KQ:/rrc/c: 0.488814703 0.511185297 0.000000000
KQ:/rrc/crr: 0.000000000 0.498770064 0.501229936
KQ:/rrc/r: 0.075305178 0.555509646 0.369185176
Q:/c: 0.849923462 0.150076538 0.000000000
Q:/crr: 0.000000000 0.999994117 0.000005883
Q:/r: 0.360500053 0.639458435 0.000041511
QJ:/cc/c: 0.000369872 0.999630128 0.000000000
QJ:/cc/crr: 0.000000000 0.045037622 0.954962378
QJ:/cc/r: 0.000039676 0.000022211 0.999938113
QJ:/crc/c: 0.475841478 0.524158522 0.000000000
QJ:/crc/crr: 0.000000000 0.095718068 0.904281932
QJ:/crc/r: 0.000252281 0.000003922 0.999743797
QJ:/crrc/c: 0.000070817 0.999929183 0.000000000
QJ:/crrc/crr: 0.000000000 0.020768124 0.979231876
QJ:/crrc/r: 0.022018340 0.000001961 0.977979699
QJ:/rc/c: 0.000075245 0.999924755 0.000000000
QJ:/rc/crr: 0.000000000 0.034638678 0.965361322
QJ:/rc/r: 0.006265597 0.000003475 0.993730928
QJ:/rrc/c: 0.000265115 0.999734885 0.000000000
QJ:/rrc/crr: 0.000000000 0.017438475 0.982561525
QJ:/rrc/r: 0.000084487 0.000006164 0.999909348
QK:/cc/c: 0.182263747 0.817736253 0.000000000
QK:/cc/crr: 0.000000000 0.999908604 0.000091396
QK:/cc/r: 0.000111015 0.734253109 0.265635876
QK:/crc/c: 0.354894952 0.645105048 0.000000000
QK:/crc/crr: 0.000000000 0.017933171 0.982066829
QK:/crc/r: 0.003002626 0.429137990 0.567859384
QK:/crrc/c: 0.054569205 0.945430795 0.000000000
QK:/crrc/crr: 0.000000000 0.066321411 0.933678589
QK:/crrc/r: 0.000081379 0.275972614 0.723946006
QK:/rc/c: 0.363896015 0.636103985 0.000000000
QK:/rc/crr: 0.000000000 0.021439860 0.978560140
QK:/rc/r: 0.000015353 0.304901474 0.695083173
QK:/rrc/c: 0.418201078 0.581798922 0.000000000
QK:/rrc/crr: 0.000000000 0.057476463 0.942523537
QK:/rrc/r: 0.000084185 0.516563144 0.483352671
QQ:/cc/c: 0.999966684 0.000033316 0.000000000
QQ:/cc/crr: 0.000000000 0.999983341 0.000016659
QQ:/cc/r: 0.987105748 0.012872041 0.000022211
QQ:/crc/c: 0.999994117 0.000005883 0.000000000
QQ:/crc/crr: 0.000000000 0.999997059 0.000002941
QQ:/crc/r: 0.999958282 0.000037796 0.000003922
QQ:/crrc/c: 0.999997059 0.000002941 0.000000000
QQ:/crrc/crr: 0.000000000 0.999998529 0.000001471
QQ:/crrc/r: 0.999996078 0.000001961 0.000001961
QQ:/rc/c: 0.999994787 0.000005213 0.000000000
QQ:/rc/crr: 0.000000000 0.999997394 0.000002606
QQ:/rc/r: 0.999992583 0.000003941 0.000003475
QQ:/rrc/c: 0.999990754 0.000009246 0.000000000
QQ:/rrc/crr: 0.000000000 0.999995377 0.000004623
QQ:/rrc/r: 0.999958551 0.000035285 0.000006164
