J:/c: 0.297053120 0.702946880 0.000000000
J:/crr: 0.000000000 0.999983168 0.000016832
J:/r: 0.055257159 0.130805342 0.813937500
JJ:/cc/c: 0.999992887 0.000007113 0.000000000
JJ:/cc/crr: 0.000000000 0.999996444 0.000003556
JJ:/cc/r: 0.999986778 0.000008480 0.000004742
JJ:/crc/c: 0.999983168 0.000016832 0.000000000
JJ:/crc/crr: 0.000000000 0.999991584 0.000008416
JJ:/crc/r: 0.999975882 0.000012897 0.000011221
JJ:/crrc/c: 0.999991584 0.000008416 0.000000000
JJ:/crrc/crr: 0.000000000 0.999995792 0.000004208
JJ:/crrc/r: 0.999988778 0.000005611 0.000005611
JJ:/rc/c: 0.999974517 0.000025483 0.000000000
JJ:/rc/crr: 0.000000000 0.999987258 0.000012742
JJ:/rc/r: 0.999962949 0.000020062 0.000016989
JJ:/rrc/c: 0.999939676 0.000060324 0.000000000
JJ:/rrc/crr: 0.000000000 0.999969836 0.000030164
JJ:/rrc/r: 0.999800833 0.000158951 0.000040216
JK:/cc/c: 0.008688496 0.991311504 0.000000000
JK:/cc/crr: 0.000000000 0.000409329 0.999590671
JK:/cc/r: 0.000011086 0.000004742 0.999984172
JK:/crc/c: 0.533803247 0.466196753 0.000000000
JK:/crc/crr: 0.000000000 0.000015766 0.999984234
JK:/crc/r: 0.025679594 0.000011221 0.974309185
JK:/crrc/c: 0.467198807 0.532801193 0.000000000
JK:/crrc/crr: 0.000000000 0.000009007 0.999990993
JK:/crrc/r: 0.205008060 0.000005611 0.794986329
JK:/rc/c: 0.368875737 0.631124263 0.000000000
JK:/rc/crr: 0.000000000 0.000034542 0.999965458
JK:/rc/r: 0.357987457 0.000016989 0.641995554
JK:/rrc/c: 0.999895383 0.000104617 0.000000000
JK:/rrc/crr: 0.000000000 0.000030165 0.999969835
JK:/rrc/r: 0.282141844 0.000040216 0.717817940
JQ:/cc/c: 0.073787936 0.926212064 0.000000000
JQ:/cc/crr: 0.000000000 0.000048198 0.999951802
JQ:/cc/r: 0.036123238 0.000004742 0.963872020
JQ:/crc/c: 0.460101893 0.539898107 0.000000000
JQ:/crc/crr: 0.000000000 0.000018292 0.999981708
JQ:/crc/r: 0.099618098 0.000011221 0.900370681
JQ:/crrc/c: 0.068243173 0.931756827 0.000000000
JQ:/crrc/crr: 0.000000000 0.000061663 0.999938337
JQ:/crrc/r: 0.174716152 0.000005611 0.825278237
JQ:/rc/c: 0.993559056 0.006440944 0.000000000
JQ:/rc/crr: 0.000000000 0.000012824 0.999987176
JQ:/rc/r: 0.000022006 0.000016989 0.999961006
JQ:/rrc/c: 0.017415593 0.982584407 0.000000000
JQ:/rrc/crr: 0.000000000 0.001731896 0.998268104
JQ:/rrc/r: 0.410169111 0.000040216 0.589790673
K:/c: 0.999969623 0.000030377 0.000000000
K:/crr: 0.000000000 0.999995000 0.000005000
K:/r: 0.574925067 0.425068266 0.000006667
KJ:/cc/c: 0.164598603 0.835401397 0.000000000
KJ:/cc/crr: 0.000000000 0.500000000 0.500000000
KJ:/cc/r: 0.515955197 0.234178338 0.249866466
KJ:/crc/c: 0.149946235 0.850053765 0.000000000
KJ:/crc/crr: 0.000000000 0.999983327 0.000016673
KJ:/crc/r: 0.000047786 0.745579354 0.254372860
KJ:/crrc/c: 0.390190585 0.609809415 0.000000000
KJ:/crrc/crr: 0.000000000 0.999996796 0.000003204
KJ:/crrc/r: 0.027546668 0.855908110 0.116545222
KJ:/rc/c: 0.419709154 0.580290846 0.000000000
KJ:/rc/crr: 0.000000000 0.635124164 0.364875836
KJ:/rc/r: 0.028755348 0.737304499 0.233940153
KJ:/rrc/c: 0.131885175 0.868114825 0.000000000
KJ:/rrc/crr: 0.000000000 0.999978019 0.000021981
KJ:/rrc/r: 0.045325110 0.880414025 0.074260865
KK:/cc/c: 0.835401397 0.164598603 0.000000000
KK:/cc/crr: 0.000000000 0.901485319 0.098514681
KK:/cc/r: 0.584576917 0.305690681 0.109732402
KK:/crc/c: 0.999995000 0.000005000 0.000000000
KK:/crc/crr: 0.000000000 0.999997500 0.000002500
KK:/crc/r: 0.979377001 0.020619666 0.000003333
KK:/crrc/c: 0.999997500 0.000002500 0.000000000
KK:/crrc/crr: 0.000000000 0.999998750 0.000001250
KK:/crrc/r: 0.999974096 0.000024237 0.000001667
KK:/rc/c: 0.999992158 0.000007842 0.000000000
KK:/rc/crr: 0.000000000 0.999996079 0.000003921
KK:/rc/r: 0.999979610 0.000015162 0.000005228
KK:/rrc/c: 0.999994202 0.000005798 0.000000000
KK:/rrc/crr: 0.000000000 0.999997101 0.000002899
KK:/rrc/r: 0.999824921 0.000171214 0.000003865
KQ:/cc/c: 0.830886956 0.169113044 0.000000000
KQ:/cc/crr: 0.000000000 0.900950062 0.099049938
KQ:/cc/r: 0.496769407 0.389725578 0.113505015
KQ:/crc/c: 0.251021728 0.748978272 0.000000000
KQ:/crc/crr: 0.000000000 0.000421465 0.999578535
KQ:/crc/r: 0.000024244 0.434317924 0.565657832
KQ:/crrc/c: 0.604311167 0.395688833 0.000000000
KQ:/crrc/crr: 0.000000000 0.415317581 0.584682419
KQ:/crrc/r: 0.000044558 0.781305448 0.218649994
KQ:/rc/c: 0.000578229 0.999421771 0.000000000
KQ:/rc/crr: 0.000000000 0.006780948 0.993219052
KQ:/rc/r: 0.000021616 0.298820051 0.701158334
KQ:/rrc/c: 0.487743046 0.512256954 0.000000000
KQ:/rrc/crr: 0.000000000 0.445580019 0.554419981
KQ:/rrc/r: 0.083217950 0.545948527 0.370833523
Q:/c: 0.841942873 0.158057127 0.000000000
Q:/crr: 0.000000000 0.999994061 0.000005939
Q:/r: 0.352977888 0.646987585 0.000034527
QJ:/cc/c: 0.000391290 0.999608710 0.000000000
QJ:/cc/crr: 0.000000000 0.040422834 0.959577166
QJ:/cc/r: 0.000021089 0.000021089 0.999957821
QJ:/crc/c: 0.474768529 0.525231471 0.000000000
QJ:/crc/crr: 0.000000000 0.000266696 0.999733304
QJ:/crc/r: 0.000003959 0.000003959 0.999992082
QJ:/crrc/c: 0.000002969 0.999997031 0.000000000
QJ:/crrc/crr: 0.000000000 0.500000000 0.500000000
QJ:/crrc/r: 0.007124008 0.000001980 0.992874013
QJ:/rc/c: 0.000155891 0.999844109 0.000000000
QJ:/rc/crr: 0.000000000 0.016524647 0.983475353
QJ:/rc/r: 0.015703009 0.000003435 0.984293556
QJ:/rrc/c: 0.000173254 0.999826746 0.000000000
QJ:/rrc/crr: 0.000000000 0.027253303 0.972746697
QJ:/rrc/r: 0.000061267 0.000006296 0.999932437
QK:/cc/c: 0.023746274 0.976253726 0.000000000
QK:/cc/crr: 0.000000000 0.999333914 0.000666086
QK:/cc/r: 0.000115922 0.708665098 0.291218980
QK:/crc/c: 0.335513000 0.664487000 0.000000000
QK:/crc/crr: 0.000000000 0.003505501 0.996494499
QK:/crc/r: 0.000229815 0.506643574 0.493126611
QK:/crrc/c: 0.119713227 0.880286773 0.000000000
QK:/crrc/crr: 0.000000000 0.002108136 0.997891864
QK:/crrc/r: 0.000033388 0.276261039 0.723705573
QK:/rc/c: 0.371717801 0.628282199 0.000000000
QK:/rc/crr: 0.000000000 0.000161989 0.999838011
QK:/rc/r: 0.000008539 0.309916483 0.690074978
QK:/rrc/c: 0.419149211 0.580850789 0.000000000
QK:/rrc/crr: 0.000000000 0.055104441 0.944895559
QK:/rrc/r: 0.000075347 0.515639982 0.484284671
QQ:/cc/c: 0.999968366 0.000031634 0.000000000
QQ:/cc/crr: 0.000000000 0.999984182 0.000015818
QQ:/cc/r: 0.999937783 0.000041128 0.000021089
QQ:/crc/c: 0.999994061 0.000005939 0.000000000
QQ:/crc/crr: 0.000000000 0.999997031 0.000002969
QQ:/crc/r: 0.862116735 0.137879306 0.000003959
QQ:/crrc/c: 0.999997031 0.000002969 0.000000000
QQ:/crrc/crr: 0.000000000 0.999998515 0.000001485
QQ:/crrc/r: 0.999996041 0.000001980 0.000001980
QQ:/rc/c: 0.999994848 0.000005152 0.000000000
QQ:/rc/crr: 0.000000000 0.999997424 0.000002576
QQ:/rc/r: 0.914700557 0.085296008 0.000003435
QQ:/rrc/c: 0.999990557 0.000009443 0.000000000
QQ:/rrc/crr: 0.000000000 0.999995278 0.000004722
QQ:/rrc/r: 0.999960034 0.000033670 0.000006296
