J:/: 0.078833040 0.921166960 0.000000000
J:/cr: 0.017486570 0.034322596 0.948190834
J:/rr: 0.000000000 0.999936575 0.000063425
JJ:/cc/: 0.000302988 0.999697012 0.000000000
JJ:/cc/cr: 0.999996380 0.000001810 0.000001810
JJ:/cc/rr: 0.000000000 0.991042731 0.008957269
JJ:/crc/: 0.935901621 0.064098379 0.000000000
JJ:/crc/cr: 0.999451733 0.000274133 0.000274133
JJ:/crc/rr: 0.000000000 0.999971838 0.000028162
JJ:/crrc/: 0.941634360 0.058365640 0.000000000
JJ:/crrc/cr: 0.998818164 0.000590918 0.000590918
JJ:/crrc/rr: 0.000000000 0.999945059 0.000054941
JJ:/rc/: 0.834388049 0.165611951 0.000000000
JJ:/rc/cr: 0.999744684 0.000127658 0.000127658
JJ:/rc/rr: 0.000000000 0.999961993 0.000038007
JJ:/rrc/: 0.998797755 0.001202245 0.000000000
JJ:/rrc/cr: 0.982413677 0.008793162 0.008793162
JJ:/rrc/rr: 0.000000000 0.999984124 0.000015876
JK:/cc/: 0.079032745 0.920967255 0.000000000
JK:/cc/cr: 0.000226041 0.000001965 0.999771995
JK:/cc/rr: 0.000000000 0.000034340 0.999965660
JK:/crc/: 0.077869663 0.922130337 0.000000000
JK:/crc/cr: 0.047613214 0.000019055 0.952367730
JK:/crc/rr: 0.000000000 0.000338479 0.999661521
JK:/crrc/: 0.999896532 0.000103468 0.000000000
JK:/crrc/cr: 0.333333333 0.333333333 0.333333333
JK:/crrc/rr: 0.000000000 0.000051739 0.999948261
JK:/rc/: 0.998875681 0.001124319 0.000000000
JK:/rc/cr: 0.620531482 0.018804033 0.360664484
JK:/rc/rr: 0.000000000 0.000031748 0.999968252
JK:/rrc/: 0.527983155 0.472016845 0.000000000
JK:/rrc/cr: 0.849399031 0.000022397 0.150578573
JK:/rrc/rr: 0.000000000 0.000030034 0.999969966
JQ:/cc/: 0.175902313 0.824097687 0.000000000
JQ:/cc/cr: 0.000004777 0.000002195 0.999993027
JQ:/cc/rr: 0.000000000 0.000015429 0.999984571
JQ:/crc/: 0.991952667 0.008047333 0.000000000
JQ:/crc/cr: 0.317319666 0.002183519 0.680496815
JQ:/crc/rr: 0.000000000 0.000026571 0.999973429
JQ:/crrc/: 0.064740489 0.935259511 0.000000000
JQ:/crrc/cr: 0.177309037 0.000036877 0.822654086
JQ:/crrc/rr: 0.000000000 0.000799098 0.999200902
JQ:/rc/: 0.996921930 0.003078070 0.000000000
JQ:/rc/cr: 0.006868500 0.006868500 0.986263000
JQ:/rc/rr: 0.000000000 0.000031811 0.999968189
JQ:/rrc/: 0.118290513 0.881709487 0.000000000
JQ:/rrc/cr: 0.000653399 0.000011990 0.999334611
JQ:/rrc/rr: 0.000000000 0.000134054 0.999865946
K:/: 0.759734539 0.240265461 0.000000000
K:/cr: 0.700534729 0.299451397 0.000013874
K:/rr: 0.000000000 0.999993419 0.000006581
KJ:/cc/: 0.000053959 0.999946041 0.000000000
KJ:/cc/cr: 0.000049889 0.000009787 0.999940323
KJ:/cc/rr: 0.000000000 0.807165402 0.192834598
KJ:/crc/: 0.000072432 0.999927568 0.000000000
KJ:/crc/cr: 0.000036247 0.999956030 0.000007722
KJ:/crc/rr: 0.000000000 0.840092058 0.159907942
KJ:/crrc/: 0.000103358 0.999896642 0.000000000
KJ:/crrc/cr: 0.002045057 0.991300480 0.006654463
KJ:/crrc/rr: 0.000000000 0.952097968 0.047902032
KJ:/rc/: 0.059781565 0.940218435 0.000000000
KJ:/rc/cr: 0.009543964 0.950045007 0.040411029
KJ:/rc/rr: 0.000000000 0.273994219 0.726005781
KJ:/rrc/: 0.089826239 0.910173761 0.000000000
KJ:/rrc/cr: 0.000223258 0.999484898 0.000291844
KJ:/rrc/rr: 0.000000000 0.505639587 0.494360413
KK:/cc/: 0.997144644 0.002855356 0.000000000
KK:/cc/cr: 0.995141220 0.002429390 0.002429390
KK:/cc/rr: 0.000000000 0.999989565 0.000010435
KK:/crc/: 0.189066085 0.810933915 0.000000000
KK:/crc/cr: 0.999980956 0.000009522 0.000009522
KK:/crc/rr: 0.000000000 0.999938739 0.000061261
KK:/crrc/: 0.990066273 0.009933727 0.000000000
KK:/crrc/cr: 0.999335455 0.000332272 0.000332272
KK:/crrc/rr: 0.000000000 0.999994999 0.000005001
KK:/rc/: 0.855336494 0.144663506 0.000000000
KK:/rc/cr: 0.999969671 0.000015164 0.000015164
KK:/rc/rr: 0.000000000 0.999996153 0.000003847
KK:/rrc/: 0.526907193 0.473092807 0.000000000
KK:/rrc/cr: 0.999995363 0.000002319 0.000002319
KK:/rrc/rr: 0.000000000 0.999996877 0.000003123
KQ:/cc/: 0.000057866 0.999942134 0.000000000
KQ:/cc/cr: 0.000045028 0.449476621 0.550478352
KQ:/cc/rr: 0.000000000 0.820184890 0.179815110
KQ:/crc/: 0.885546344 0.114453656 0.000000000
KQ:/crc/cr: 0.000430338 0.687928931 0.311640732
KQ:/crc/rr: 0.000000000 0.000036107 0.999963893
KQ:/crrc/: 0.016542105 0.983457895 0.000000000
KQ:/crrc/cr: 0.021977146 0.680260770 0.297762084
KQ:/crrc/rr: 0.000000000 0.353926469 0.646073531
KQ:/rc/: 0.000352504 0.999647496 0.000000000
KQ:/rc/cr: 0.000012356 0.482202792 0.517784852
KQ:/rc/rr: 0.000000000 0.148413744 0.851586256
KQ:/rrc/: 0.699668326 0.300331674 0.000000000
KQ:/rrc/cr: 0.040131098 0.783362209 0.176506693
KQ:/rrc/rr: 0.000000000 0.393087081 0.606912919
Q:/: 0.753404497 0.246595503 0.000000000
Q:/cr: 0.175971394 0.822484287 0.001544318
Q:/rr: 0.000000000 0.999993363 0.000006637
QJ:/cc/: 0.000020276 0.999979724 0.000000000
QJ:/cc/cr: 0.000006759 0.000006759 0.999986482
QJ:/cc/rr: 0.000000000 0.500000000 0.500000000
QJ:/crc/: 0.033728407 0.966271593 0.000000000
QJ:/crc/cr: 0.004927765 0.000002835 0.995069400
QJ:/crc/rr: 0.000000000 0.000121818 0.999878182
QJ:/crrc/: 0.060129392 0.939870608 0.000000000
QJ:/crrc/cr: 0.000141558 0.000013622 0.999844820
QJ:/crrc/rr: 0.000000000 0.000319378 0.999680622
QJ:/rc/: 0.008000807 0.991999193 0.000000000
QJ:/rc/cr: 0.000002717 0.000002230 0.999995053
QJ:/rc/rr: 0.000000000 0.000414742 0.999585258
QJ:/rrc/: 0.000003318 0.999996682 0.000000000
QJ:/rrc/cr: 0.000001106 0.000001106 0.999997788
QJ:/rrc/rr: 0.000000000 0.500000000 0.500000000
QK:/cc/: 0.388146669 0.611853331 0.000000000
QK:/cc/cr: 0.010928854 0.989023415 0.000047731
QK:/cc/rr: 0.000000000 0.796434177 0.203565823
QK:/crc/: 0.005573757 0.994426243 0.000000000
QK:/crc/cr: 0.000003065 0.566378461 0.433618474
QK:/crc/rr: 0.000000000 0.000919186 0.999080814
QK:/crrc/: 0.911529519 0.088470481 0.000000000
QK:/crrc/cr: 0.000409443 0.730300691 0.269289866
QK:/crrc/rr: 0.000000000 0.000596371 0.999403629
QK:/rc/: 0.449765841 0.550234159 0.000000000
QK:/rc/cr: 0.047015593 0.499560017 0.453424390
QK:/rc/rr: 0.000000000 0.193863054 0.806136946
QK:/rrc/: 0.116768360 0.883231640 0.000000000
QK:/rrc/cr: 0.000001252 0.302503037 0.697495710
QK:/rrc/rr: 0.000000000 0.000474694 0.999525306
QQ:/cc/: 0.531603597 0.468396403 0.000000000
QQ:/cc/cr: 0.999971141 0.000014429 0.000014429
QQ:/cc/rr: 0.000000000 0.999980929 0.000019071
QQ:/crc/: 0.992011869 0.007988131 0.000000000
QQ:/crc/cr: 0.999314197 0.000342902 0.000342902
QQ:/crc/rr: 0.000000000 0.999995858 0.000004142
QQ:/crrc/: 0.167747629 0.832252371 0.000000000
QQ:/crrc/cr: 0.999969234 0.000015383 0.000015383
QQ:/crrc/rr: 0.000000000 0.999885519 0.000114481
QQ:/rc/: 0.524032281 0.475967719 0.000000000
QQ:/rc/cr: 0.999989907 0.000005446 0.000004648
QQ:/rc/rr: 0.000000000 0.999993668 0.000006332
QQ:/rrc/: 0.966523595 0.033476405 0.000000000
QQ:/rrc/cr: 0.999933918 0.000033041 0.000033041
QQ:/rrc/rr: 0.000000000 0.999998283 0.000001717
