J:/: 0.077773387 0.922226613 0.000000000
J:/cr: 0.018041927 0.034921989 0.947036084
J:/rr: 0.000000000 0.999935711 0.000064289
JJ:/cc/: 0.000309770 0.999690230 0.000000000
JJ:/cc/cr: 0.999996384 0.000001808 0.000001808
JJ:/cc/rr: 0.000000000 0.991248896 0.008751104
JJ:/crc/: 0.964093069 0.035906931 0.000000000
JJ:/crc/cr: 0.999039179 0.000480411 0.000480411
JJ:/crc/rr: 0.000000000 0.999973161 0.000026839
JJ:/crrc/: 0.962772123 0.037227877 0.000000000
JJ:/crrc/cr: 0.998206222 0.000896889 0.000896889
JJ:/crrc/rr: 0.000000000 0.999947979 0.000052021
JJ:/rc/: 0.868800204 0.131199796 0.000000000
JJ:/rc/cr: 0.999673326 0.000163337 0.000163337
JJ:/rc/rr: 0.000000000 0.999963001 0.000036999
JJ:/rrc/: 0.987251039 0.012748961 0.000000000
JJ:/rrc/cr: 0.998318988 0.000840506 0.000840506
JJ:/rrc/rr: 0.000000000 0.999983719 0.000016281
JK:/cc/: 0.087424496 0.912575504 0.000000000
JK:/cc/cr: 0.000095059 0.000001980 0.999902960
JK:/cc/rr: 0.000000000 0.000031008 0.999968992
JK:/crc/: 0.076955688 0.923044312 0.000000000
JK:/crc/cr: 0.042598900 0.000018688 0.957382412
JK:/crc/rr: 0.000000000 0.000336234 0.999663766
JK:/crrc/: 0.999799148 0.000200852 0.000000000
JK:/crrc/cr: 0.621949264 0.166238009 0.211812727
JK:/crrc/rr: 0.000000000 0.000050094 0.999949906
JK:/rc/: 0.978436769 0.021563231 0.000000000
JK:/rc/cr: 0.971550354 0.000993811 0.027455835
JK:/rc/rr: 0.000000000 0.000032853 0.999967147
JK:/rrc/: 0.533866088 0.466133912 0.000000000
JK:/rrc/cr: 0.837387297 0.000022988 0.162589714
JK:/rrc/rr: 0.000000000 0.000030107 0.999969893
JQ:/cc/: 0.167884981 0.832115019 0.000000000
JQ:/cc/cr: 0.000006193 0.000002172 0.999991635
JQ:/cc/rr: 0.000000000 0.000016147 0.999983853
JQ:/crc/: 0.991514550 0.008485450 0.000000000
JQ:/crc/cr: 0.165689319 0.002032900 0.832277781
JQ:/crc/rr: 0.000000000 0.000026097 0.999973903
JQ:/crrc/: 0.093966138 0.906033862 0.000000000
JQ:/crrc/cr: 0.119579859 0.000036852 0.880383289
JQ:/crrc/rr: 0.000000000 0.000533000 0.999467000
JQ:/rc/: 0.996133709 0.003866291 0.000000000
JQ:/rc/cr: 0.005542723 0.005542723 0.988914553
JQ:/rc/rr: 0.000000000 0.000032269 0.999967731
JQ:/rrc/: 0.105583925 0.894416075 0.000000000
JQ:/rrc/cr: 0.000380491 0.000011981 0.999607528
JQ:/rrc/rr: 0.000000000 0.000152233 0.999847767
K:/: 0.756532990 0.243467010 0.000000000
K:/cr: 0.684889737 0.315096572 0.000013691
K:/rr: 0.000000000 0.999993391 0.000006609
KJ:/cc/: 0.000055432 0.999944568 0.000000000
KJ:/cc/cr: 0.000049641 0.000009192 0.999941168
KJ:/cc/rr: 0.000000000 0.814759210 0.185240790
KJ:/crc/: 0.000103043 0.999896957 0.000000000
KJ:/crc/cr: 0.000097632 0.999895125 0.000007242
KJ:/crc/rr: 0.000000000 0.894582052 0.105417948
KJ:/crrc/: 0.046502624 0.953497376 0.000000000
KJ:/crrc/cr: 0.003730154 0.988899741 0.007370105
KJ:/crrc/rr: 0.000000000 0.375732187 0.624267813
KJ:/rc/: 0.074199938 0.925800062 0.000000000
KJ:/rc/cr: 0.010615240 0.953385321 0.035999439
KJ:/rc/rr: 0.000000000 0.328063108 0.671936892
KJ:/rrc/: 0.106966506 0.893033494 0.000000000
KJ:/rrc/cr: 0.000203444 0.998662946 0.001133610
KJ:/rrc/rr: 0.000000000 0.639169923 0.360830077
KK:/cc/: 0.998310414 0.001689586 0.000000000
KK:/cc/cr: 0.991896767 0.004051616 0.004051616
KK:/cc/rr: 0.000000000 0.999989714 0.000010286
KK:/crc/: 0.165631049 0.834368951 0.000000000
KK:/crc/cr: 0.999982641 0.000008679 0.000008679
KK:/crc/rr: 0.000000000 0.999934417 0.000065583
KK:/crrc/: 0.994841330 0.005158670 0.000000000
KK:/crrc/cr: 0.998708308 0.000645846 0.000645846
KK:/crrc/rr: 0.000000000 0.999994977 0.000005023
KK:/rc/: 0.852719729 0.147280271 0.000000000
KK:/rc/cr: 0.999970084 0.000014958 0.000014958
KK:/rc/rr: 0.000000000 0.999996125 0.000003875
KK:/rrc/: 0.544438232 0.455561768 0.000000000
KK:/rrc/cr: 0.999995164 0.000002418 0.000002418
KK:/rrc/rr: 0.000000000 0.999996965 0.000003035
KQ:/cc/: 0.001543393 0.998456607 0.000000000
KQ:/cc/cr: 0.000047315 0.444446802 0.555505883
KQ:/cc/rr: 0.000000000 0.993346910 0.006653090
KQ:/crc/: 0.871701076 0.128298924 0.000000000
KQ:/crc/cr: 0.000362048 0.539382884 0.460255069
KQ:/crc/rr: 0.000000000 0.000032201 0.999967799
KQ:/crrc/: 0.007837726 0.992162274 0.000000000
KQ:/crrc/cr: 0.029552436 0.687845324 0.282602240
KQ:/crrc/rr: 0.000000000 0.012581209 0.987418791
KQ:/rc/: 0.000395339 0.999604661 0.000000000
KQ:/rc/cr: 0.000032478 0.494494930 0.505472592
KQ:/rc/rr: 0.000000000 0.101599316 0.898400684
KQ:/rrc/: 0.708754279 0.291245721 0.000000000
KQ:/rrc/cr: 0.044990076 0.817700267 0.137309657
KQ:/rrc/rr: 0.000000000 0.400426134 0.599573866
Q:/: 0.743761842 0.256238158 0.000000000
Q:/cr: 0.165978995 0.832918416 0.001102589
Q:/rr: 0.000000000 0.999993277 0.000006723
QJ:/cc/: 0.000019513 0.999980487 0.000000000
QJ:/cc/cr: 0.000013932 0.000006504 0.999979563
QJ:/cc/rr: 0.000000000 0.500000000 0.500000000
QJ:/crc/: 0.030108616 0.969891384 0.000000000
QJ:/crc/cr: 0.001720315 0.000002684 0.998277001
QJ:/crc/rr: 0.000000000 0.000129683 0.999870317
QJ:/crrc/: 0.022388771 0.977611229 0.000000000
QJ:/crrc/cr: 0.000121562 0.000013362 0.999865076
QJ:/crrc/rr: 0.000000000 0.000875168 0.999124832
QJ:/rc/: 0.007651933 0.992348067 0.000000000
QJ:/rc/cr: 0.000035124 0.000002258 0.999962618
QJ:/rc/rr: 0.000000000 0.000439273 0.999560727
QJ:/rrc/: 0.000003361 0.999996639 0.000000000
QJ:/rrc/cr: 0.000001120 0.000001120 0.999997759
QJ:/rrc/rr: 0.000000000 0.500000000 0.500000000
QK:/cc/: 0.494506360 0.505493640 0.000000000
QK:/cc/cr: 0.066427434 0.933543011 0.000029555
QK:/cc/rr: 0.000000000 0.999980270 0.000019730
QK:/crc/: 0.000020217 0.999979783 0.000000000
QK:/crc/cr: 0.000002603 0.558003400 0.441993997
QK:/crc/rr: 0.000000000 0.193133631 0.806866369
QK:/crrc/: 0.932414305 0.067585695 0.000000000
QK:/crrc/cr: 0.000368471 0.572992417 0.426639112
QK:/crrc/rr: 0.000000000 0.000565222 0.999434778
QK:/rc/: 0.473752778 0.526247222 0.000000000
QK:/rc/cr: 0.020437885 0.517465948 0.462096166
QK:/rc/rr: 0.000000000 0.207980095 0.792019905
QK:/rrc/: 0.132561553 0.867438447 0.000000000
QK:/rrc/cr: 0.000001292 0.301393011 0.698605697
QK:/rrc/rr: 0.000000000 0.000496197 0.999503803
QQ:/cc/: 0.500434289 0.499565711 0.000000000
QQ:/cc/cr: 0.999973960 0.000013020 0.000013020
QQ:/cc/rr: 0.000000000 0.999980504 0.000019496
QQ:/crc/: 0.985274515 0.014725485 0.000000000
QQ:/crc/cr: 0.999646458 0.000176771 0.000176771
QQ:/crc/rr: 0.000000000 0.999996037 0.000003963
QQ:/crrc/: 0.194769343 0.805230657 0.000000000
QQ:/crrc/cr: 0.999967556 0.000016222 0.000016222
QQ:/crrc/rr: 0.000000000 0.999899399 0.000100601
QQ:/rc/: 0.528221059 0.471778941 0.000000000
QQ:/rc/cr: 0.999990127 0.000005123 0.000004750
QQ:/rc/rr: 0.000000000 0.999993637 0.000006363
QQ:/rrc/: 0.977052976 0.022947024 0.000000000
QQ:/rrc/cr: 0.999902346 0.000048827 0.000048827
QQ:/rrc/rr: 0.000000000 0.999998280 0.000001720
