J:/: 0.072279156 0.927720844 0.000000000
J:/cr: 0.018460452 0.031801895 0.949737653
J:/rr: 0.000000000 0.999930824 0.000069176
JJ:/cc/: 0.001320246 0.998679754 0.000000000
JJ:/cc/cr: 0.999993537 0.000004664 0.000001799
JJ:/cc/rr: 0.000000000 0.997958883 0.002041117
JJ:/crc/: 0.872710839 0.127289161 0.000000000
JJ:/crc/cr: 0.999704134 0.000147933 0.000147933
JJ:/crc/rr: 0.000000000 0.999967635 0.000032365
JJ:/crrc/: 0.961957596 0.038042404 0.000000000
JJ:/crrc/cr: 0.998294586 0.000852707 0.000852707
JJ:/crrc/rr: 0.000000000 0.999949417 0.000050583
JJ:/rc/: 0.909265540 0.090734460 0.000000000
JJ:/rc/cr: 0.999491731 0.000254134 0.000254134
JJ:/rc/rr: 0.000000000 0.999961960 0.000038040
JJ:/rrc/: 0.994755993 0.005244007 0.000000000
JJ:/rrc/cr: 0.995602535 0.002198733 0.002198733
JJ:/rrc/rr: 0.000000000 0.999982614 0.000017386
JK:/cc/: 0.078283937 0.921716063 0.000000000
JK:/cc/cr: 0.000483122 0.000001949 0.999514929
JK:/cc/rr: 0.000000000 0.000034423 0.999965577
JK:/crc/: 0.051392993 0.948607007 0.000000000
JK:/crc/cr: 0.023258229 0.000019850 0.976721921
JK:/crc/rr: 0.000000000 0.000549597 0.999450403
JK:/crrc/: 0.999902683 0.000097317 0.000000000
JK:/crrc/cr: 0.333333333 0.333333333 0.333333333
JK:/crrc/rr: 0.000000000 0.000048663 0.999951337
JK:/rc/: 0.996022217 0.003977783 0.000000000
JK:/rc/cr: 0.988406231 0.005796884 0.005796884
JK:/rc/rr: 0.000000000 0.000034726 0.999965274
JK:/rrc/: 0.526167841 0.473832159 0.000000000
JK:/rrc/cr: 0.919175703 0.000024334 0.080799964
JK:/rrc/rr: 0.000000000 0.000032870 0.999967130
JQ:/cc/: 0.167337774 0.832662226 0.000000000
JQ:/cc/cr: 0.000002158 0.000002158 0.999995685
JQ:/cc/rr: 0.000000000 0.000016104 0.999983896
JQ:/crc/: 0.995669719 0.004330281 0.000000000
JQ:/crc/cr: 0.253807466 0.004348516 0.741844019
JQ:/crc/rr: 0.000000000 0.000028368 0.999971632
JQ:/crrc/: 0.024986241 0.975013759 0.000000000
JQ:/crrc/cr: 0.168232218 0.000033270 0.831734512
JQ:/crrc/rr: 0.000000000 0.001947414 0.998052586
JQ:/rc/: 0.998669752 0.001330248 0.000000000
JQ:/rc/cr: 0.017334176 0.017334176 0.965331647
JQ:/rc/rr: 0.000000000 0.000034634 0.999965366
JQ:/rrc/: 0.163105510 0.836894490 0.000000000
JQ:/rrc/cr: 0.000013777 0.000013777 0.999972445
JQ:/rrc/rr: 0.000000000 0.000106037 0.999893963
K:/: 0.755464735 0.244535265 0.000000000
K:/cr: 0.718956558 0.281029811 0.000013631
K:/rr: 0.000000000 0.999993382 0.000006618
KJ:/cc/: 0.000020447 0.999979553 0.000000000
KJ:/cc/cr: 0.000006816 0.000006816 0.999986368
KJ:/cc/rr: 0.000000000 0.500000000 0.500000000
KJ:/crc/: 0.000056029 0.999943971 0.000000000
KJ:/crc/cr: 0.000033636 0.999958279 0.000008085
KJ:/crc/rr: 0.000000000 0.783571785 0.216428215
KJ:/crrc/: 0.062578943 0.937421057 0.000000000
KJ:/crrc/cr: 0.003170791 0.995691203 0.001138005
KJ:/crrc/rr: 0.000000000 0.376735055 0.623264945
KJ:/rc/: 0.038042229 0.961957771 0.000000000
KJ:/rc/cr: 0.008533000 0.967201101 0.024265899
KJ:/rc/rr: 0.000000000 0.133337889 0.866662111
KJ:/rrc/: 0.078462106 0.921537894 0.000000000
KJ:/rrc/cr: 0.000018897 0.999952626 0.000028477
KJ:/rrc/rr: 0.000000000 0.495436747 0.504563253
KK:/cc/: 0.996003624 0.003996376 0.000000000
KK:/cc/cr: 0.996589085 0.001705458 0.001705458
KK:/cc/rr: 0.000000000 0.999989736 0.000010264
KK:/crc/: 0.124557740 0.875442260 0.000000000
KK:/crc/cr: 0.999981531 0.000009234 0.000009234
KK:/crc/rr: 0.000000000 0.999902646 0.000097354
KK:/crrc/: 0.976932050 0.023067950 0.000000000
KK:/crrc/cr: 0.999726029 0.000136985 0.000136985
KK:/crrc/rr: 0.000000000 0.999995148 0.000004852
KK:/rc/: 0.803639992 0.196360008 0.000000000
KK:/rc/cr: 0.999977530 0.000011235 0.000011235
KK:/rc/rr: 0.000000000 0.999995882 0.000004118
KK:/rrc/: 0.510155284 0.489844716 0.000000000
KK:/rrc/cr: 0.999995496 0.000002252 0.000002252
KK:/rrc/rr: 0.000000000 0.999996757 0.000003243
KQ:/cc/: 0.000164898 0.999835102 0.000000000
KQ:/cc/cr: 0.000038918 0.434122676 0.565838406
KQ:/cc/rr: 0.000000000 0.938001088 0.061998912
KQ:/crc/: 0.896042266 0.103957734 0.000000000
KQ:/crc/cr: 0.000501838 0.626500277 0.372997885
KQ:/crc/rr: 0.000000000 0.000032345 0.999967655
KQ:/crrc/: 0.010705894 0.989294106 0.000000000
KQ:/crrc/cr: 0.007852778 0.717373393 0.274773829
KQ:/crrc/rr: 0.000000000 0.316741472 0.683258528
KQ:/rc/: 0.000062274 0.999937726 0.000000000
KQ:/rc/cr: 0.000011446 0.474097059 0.525891495
KQ:/rc/rr: 0.000000000 0.053139507 0.946860493
KQ:/rrc/: 0.702554118 0.297445882 0.000000000
KQ:/rrc/cr: 0.025832593 0.867108784 0.107058623
KQ:/rrc/rr: 0.000000000 0.386395068 0.613604932
Q:/: 0.759779561 0.240220439 0.000000000
Q:/cr: 0.170491890 0.829350930 0.000157180
Q:/rr: 0.000000000 0.999993419 0.000006581
QJ:/cc/: 0.000020814 0.999979186 0.000000000
QJ:/cc/cr: 0.000006938 0.000006938 0.999986124
QJ:/cc/rr: 0.000000000 0.500000000 0.500000000
QJ:/crc/: 0.025774321 0.974225679 0.000000000
QJ:/crc/cr: 0.004364108 0.000002862 0.995633030
QJ:/crc/rr: 0.000000000 0.000162287 0.999837713
QJ:/crrc/: 0.009403563 0.990596437 0.000000000
QJ:/crrc/cr: 0.000502257 0.000013694 0.999484049
QJ:/crrc/rr: 0.000000000 0.002163778 0.997836222
QJ:/rc/: 0.011444745 0.988555255 0.000000000
QJ:/rc/cr: 0.000002219 0.000002219 0.999995562
QJ:/rc/rr: 0.000000000 0.000287506 0.999712494
QJ:/rrc/: 0.000003290 0.999996710 0.000000000
QJ:/rrc/cr: 0.000001097 0.000001097 0.999997806
QJ:/rrc/rr: 0.000000000 0.500000000 0.500000000
QK:/cc/: 0.483395519 0.516604481 0.000000000
QK:/cc/cr: 0.486918515 0.513063996 0.000017489
QK:/cc/rr: 0.000000000 0.999978471 0.000021529
QK:/crc/: 0.000008958 0.999991042 0.000000000
QK:/crc/cr: 0.000003044 0.560067039 0.439929917
QK:/crc/rr: 0.000000000 0.533043251 0.466956749
QK:/crrc/: 0.956699998 0.043300002 0.000000000
QK:/crrc/cr: 0.000564332 0.682853309 0.316582360
QK:/crrc/rr: 0.000000000 0.000566418 0.999433582
QK:/rc/: 0.431008812 0.568991188 0.000000000
QK:/rc/cr: 0.005136782 0.522498192 0.472365027
QK:/rc/rr: 0.000000000 0.204488182 0.795511818
QK:/rrc/: 0.123105412 0.876894588 0.000000000
QK:/rrc/cr: 0.000001251 0.298015868 0.701982881
QK:/rrc/rr: 0.000000000 0.000222888 0.999777112
QQ:/cc/: 0.486954296 0.513045704 0.000000000
QQ:/cc/cr: 0.999972953 0.000013523 0.000013523
QQ:/cc/rr: 0.000000000 0.999978628 0.000021372
QQ:/crc/: 0.993118458 0.006881542 0.000000000
QQ:/crc/cr: 0.999189555 0.000405222 0.000405222
QQ:/crc/rr: 0.000000000 0.999995788 0.000004212
QQ:/crrc/: 0.093044725 0.906955275 0.000000000
QQ:/crrc/cr: 0.999970087 0.000014956 0.000014956
QQ:/crrc/rr: 0.000000000 0.999781318 0.000218682
QQ:/rc/: 0.474408220 0.525591780 0.000000000
QQ:/rc/cr: 0.999991462 0.000004365 0.000004174
QQ:/rc/rr: 0.000000000 0.999993064 0.000006936
QQ:/rrc/: 0.980657312 0.019342688 0.000000000
QQ:/rrc/cr: 0.999886591 0.000056704 0.000056704
QQ:/rrc/rr: 0.000000000 0.999998322 0.000001678
