J:/c: 0.327996001 0.672003999 0.000000000
J:/crr: 0.000000000 0.999984756 0.000015244
J:/r: 0.054609665 0.122489233 0.822901102
JJ:/cc/c: 0.999992560 0.000007440 0.000000000
JJ:/cc/crr: 0.000000000 0.999996280 0.000003720
JJ:/cc/r: 0.999990079 0.000004960 0.000004960
JJ:/crc/c: 0.999984756 0.000015244 0.000000000
JJ:/crc/crr: 0.000000000 0.999992378 0.000007622
JJ:/crc/r: 0.999954233 0.000035604 0.000010163
JJ:/crrc/c: 0.999992378 0.000007622 0.000000000
JJ:/crrc/crr: 0.000000000 0.999996189 0.000003811
JJ:/crrc/r: 0.999972592 0.000022326 0.000005081
JJ:/rc/c: 0.999972787 0.000027213 0.000000000
JJ:/rc/crr: 0.000000000 0.999986393 0.000013607
JJ:/rc/r: 0.999919393 0.000062465 0.000018142
JJ:/rrc/c: 0.999938961 0.000061039 0.000000000
JJ:/rrc/crr: 0.000000000 0.999969479 0.000030521
JJ:/rrc/r: 0.999918614 0.000040693 0.000040693
JK:/cc/c: 0.000007440 0.999992560 0.000000000
JK:/cc/crr: 0.000000000 0.500000000 0.500000000
JK:/cc/r: 0.000004960 0.000004960 0.999990079
JK:/crc/c: 0.459592019 0.540407981 0.000000000
JK:/crc/crr: 0.000000000 0.000016584 0.999983416
JK:/crc/r: 0.000069925 0.000010163 0.999919912
JK:/crrc/c: 0.454398537 0.545601463 0.000000000
JK:/crrc/crr: 0.000000000 0.000008387 0.999991613
JK:/crrc/r: 0.207840265 0.000005081 0.792154654
JK:/rc/c: 0.370213235 0.629786765 0.000000000
JK:/rc/crr: 0.000000000 0.000036754 0.999963246
JK:/rc/r: 0.355869060 0.000018142 0.644112798
JK:/rrc/c: 0.999938961 0.000061039 0.000000000
JK:/rrc/crr: 0.000000000 0.000030521 0.999969479
JK:/rrc/r: 0.360647768 0.000040693 0.639311539
JQ:/cc/c: 0.070746270 0.929253730 0.000000000
JQ:/cc/crr: 0.000000000 0.000052585 0.999947415
JQ:/cc/r: 0.036366042 0.000004960 0.963628998
JQ:/crc/c: 0.492055301 0.507944699 0.000000000
JQ:/crc/crr: 0.000000000 0.000015490 0.999984510
JQ:/crc/r: 0.000024434 0.000010163 0.999965403
JQ:/crrc/c: 0.080913032 0.919086968 0.000000000
JQ:/crrc/crr: 0.000000000 0.000047101 0.999952899
JQ:/crrc/r: 0.239081633 0.000005081 0.760913285
JQ:/rc/c: 0.999756982 0.000243018 0.000000000
JQ:/rc/crr: 0.000000000 0.000013610 0.999986390
JQ:/rc/r: 0.000018142 0.000018142 0.999963716
JQ:/rrc/c: 0.006001363 0.993998637 0.000000000
JQ:/rrc/crr: 0.000000000 0.005085449 0.994914551
JQ:/rrc/r: 0.500942395 0.000040693 0.499016912
K:/c: 0.999990000 0.000010000 0.000000000
K:/crr: 0.000000000 0.999995000 0.000005000
K:/r: 0.598325568 0.401667766 0.000006667
KJ:/cc/c: 0.500000000 0.500000000 0.000000000
KJ:/cc/crr: 0.000000000 0.500000000 0.500000000
KJ:/cc/r: 0.333333333 0.333333333 0.333333333
KJ:/crc/c: 0.253022834 0.746977166 0.000000000
KJ:/crc/crr: 0.000000000 0.999990119 0.000009881
KJ:/crc/r: 0.000003333 0.894835648 0.105161019
KJ:/crrc/c: 0.425477763 0.574522237 0.000000000
KJ:/crrc/crr: 0.000000000 0.999997062 0.000002938
KJ:/crrc/r: 0.000006122 0.998363412 0.001630466
KJ:/rc/c: 0.572991119 0.427008881 0.000000000
KJ:/rc/crr: 0.000000000 0.723379039 0.276620961
KJ:/rc/r: 0.000014103 0.999969796 0.000016101
KJ:/rrc/c: 0.138107252 0.861892748 0.000000000
KJ:/rrc/crr: 0.000000000 0.999979831 0.000020169
KJ:/rrc/r: 0.000032790 0.971725844 0.028241367
KK:/cc/c: 0.500000000 0.500000000 0.000000000
KK:/cc/crr: 0.000000000 0.500000000 0.500000000
KK:/cc/r: 0.333333333 0.333333333 0.333333333
KK:/crc/c: 0.999995000 0.000005000 0.000000000
KK:/crc/crr: 0.000000000 0.999997500 0.000002500
KK:/crc/r: 0.989600220 0.010396447 0.000003333
KK:/crrc/c: 0.999997500 0.000002500 0.000000000
KK:/crrc/crr: 0.000000000 0.999998750 0.000001250
KK:/crrc/r: 0.999782897 0.000215436 0.000001667
KK:/rc/c: 0.999991701 0.000008299 0.000000000
KK:/rc/crr: 0.000000000 0.999995851 0.000004149
KK:/rc/r: 0.999970026 0.000024442 0.000005532
KK:/rrc/c: 0.999994429 0.000005571 0.000000000
KK:/rrc/crr: 0.000000000 0.999997214 0.000002786
KK:/rrc/r: 0.995931212 0.004065074 0.000003714
KQ:/cc/c: 0.500000000 0.500000000 0.000000000
KQ:/cc/crr: 0.000000000 0.500000000 0.500000000
KQ:/cc/r: 0.333333333 0.333333333 0.333333333
KQ:/crc/c: 0.060592103 0.939407897 0.000000000
KQ:/crc/crr: 0.000000000 0.005467248 0.994532752
KQ:/crc/r: 0.000005329 0.502737119 0.497257551
KQ:/crrc/c: 0.604754212 0.395245788 0.000000000
KQ:/crrc/crr: 0.000000000 0.408908763 0.591091237
KQ:/crrc/r: 0.000029964 0.625621838 0.374348198
KQ:/rc/c: 0.000008299 0.999991701 0.000000000
KQ:/rc/crr: 0.000000000 0.500000000 0.500000000
KQ:/rc/r: 0.000006343 0.303595180 0.696398477
KQ:/rrc/c: 0.530921641 0.469078359 0.000000000
KQ:/rrc/crr: 0.000000000 0.462163275 0.537836725
KQ:/rrc/r: 0.060553282 0.566481147 0.372965571
Q:/c: 0.856733678 0.143266322 0.000000000
Q:/crr: 0.000000000 0.999994164 0.000005836
Q:/r: 0.387742430 0.612229359 0.000028211
QJ:/cc/c: 0.000034900 0.999965100 0.000000000
QJ:/cc/crr: 0.000000000 0.500000000 0.500000000
QJ:/cc/r: 0.000023267 0.000023267 0.999953467
QJ:/crc/c: 0.429773876 0.570226124 0.000000000
QJ:/crc/crr: 0.000000000 0.000006790 0.999993210
QJ:/crc/r: 0.000003891 0.000003891 0.999992219
QJ:/crrc/c: 0.000002918 0.999997082 0.000000000
QJ:/crrc/crr: 0.000000000 0.500000000 0.500000000
QJ:/crrc/r: 0.000001945 0.000001945 0.999996109
QJ:/rc/c: 0.000005445 0.999994555 0.000000000
QJ:/rc/crr: 0.000000000 0.500000000 0.500000000
QJ:/rc/r: 0.000034979 0.000003630 0.999961392
QJ:/rrc/c: 0.000008597 0.999991403 0.000000000
QJ:/rrc/crr: 0.000000000 0.500000000 0.500000000
QJ:/rrc/r: 0.000005731 0.000005731 0.999988538
QK:/cc/c: 0.000327247 0.999672753 0.000000000
QK:/cc/crr: 0.000000000 0.946676306 0.053323694
QK:/cc/r: 0.000023267 0.734715994 0.265260739
QK:/crc/c: 0.379802952 0.620197048 0.000000000
QK:/crc/crr: 0.000000000 0.000367465 0.999632535
QK:/crc/r: 0.000011350 0.551309553 0.448679097
QK:/crrc/c: 0.000174828 0.999825172 0.000000000
QK:/crrc/crr: 0.000000000 0.008345565 0.991654435
QK:/crrc/r: 0.000001945 0.296804671 0.703193384
QK:/rc/c: 0.377989184 0.622010816 0.000000000
QK:/rc/crr: 0.000000000 0.022999819 0.977000181
QK:/rc/r: 0.000006449 0.327098250 0.672895301
QK:/rrc/c: 0.431010292 0.568989708 0.000000000
QK:/rrc/crr: 0.000000000 0.039883335 0.960116665
QK:/rrc/r: 0.000013595 0.492268781 0.507717624
QQ:/cc/c: 0.999965100 0.000034900 0.000000000
QQ:/cc/crr: 0.000000000 0.999982549 0.000017451
QQ:/cc/r: 0.999753684 0.000223050 0.000023267
QQ:/crc/c: 0.999994164 0.000005836 0.000000000
QQ:/crc/crr: 0.000000000 0.999997082 0.000002918
QQ:/crc/r: 0.988841482 0.011154627 0.000003891
QQ:/crrc/c: 0.999997082 0.000002918 0.000000000
QQ:/crrc/crr: 0.000000000 0.999998541 0.000001459
QQ:/crrc/r: 0.999989416 0.000008639 0.000001945
QQ:/rc/c: 0.999994555 0.000005445 0.000000000
QQ:/rc/crr: 0.000000000 0.999997278 0.000002722
QQ:/rc/r: 0.999989939 0.000006431 0.000003630
QQ:/rrc/c: 0.999991403 0.000008597 0.000000000
QQ:/rrc/crr: 0.000000000 0.999995702 0.000004298
QQ:/rrc/r: 0.999976505 0.000017764 0.000005731
