J:/c: 0.315058726 0.684941274 0.000000000
J:/crr: 0.000000000 0.999984130 0.000015870
J:/r: 0.055558986 0.129979177 0.814461837
JJ:/cc/c: 0.999992700 0.000007300 0.000000000
JJ:/cc/crr: 0.000000000 0.999996350 0.000003650
JJ:/cc/r: 0.999990267 0.000004867 0.000004867
JJ:/crc/c: 0.999984130 0.000015870 0.000000000
JJ:/crc/crr: 0.000000000 0.999992065 0.000007935
JJ:/crc/r: 0.999758335 0.000231085 0.000010580
JJ:/crrc/c: 0.999992065 0.000007935 0.000000000
JJ:/crrc/crr: 0.000000000 0.999996032 0.000003968
JJ:/crrc/r: 0.999969797 0.000024913 0.000005290
JJ:/rc/c: 0.999974355 0.000025645 0.000000000
JJ:/rc/crr: 0.000000000 0.999987177 0.000012823
JJ:/rc/r: 0.999930247 0.000052656 0.000017097
JJ:/rrc/c: 0.999940004 0.000059996 0.000000000
JJ:/rrc/crr: 0.000000000 0.999970000 0.000030000
JJ:/rrc/r: 0.999920005 0.000039998 0.000039998
JK:/cc/c: 0.008103530 0.991896470 0.000000000
JK:/cc/crr: 0.000000000 0.000450415 0.999549585
JK:/cc/r: 0.000004867 0.000004867 0.999990267
JK:/crc/c: 0.516363108 0.483636892 0.000000000
JK:/crc/crr: 0.000000000 0.000015367 0.999984633
JK:/crc/r: 0.011022366 0.000010580 0.988967054
JK:/crrc/c: 0.399789261 0.600210739 0.000000000
JK:/crrc/crr: 0.000000000 0.000009924 0.999990076
JK:/crrc/r: 0.237916768 0.000005290 0.762077942
JK:/rc/c: 0.382031270 0.617968730 0.000000000
JK:/rc/crr: 0.000000000 0.000033564 0.999966436
JK:/rc/r: 0.357923817 0.000017097 0.642059086
JK:/rrc/c: 0.999940004 0.000059996 0.000000000
JK:/rrc/crr: 0.000000000 0.000030000 0.999970000
JK:/rrc/r: 0.270366195 0.000039998 0.729593808
JQ:/cc/c: 0.066162857 0.933837143 0.000000000
JQ:/cc/crr: 0.000000000 0.000055166 0.999944834
JQ:/cc/r: 0.029515217 0.000004867 0.970479916
JQ:/crc/c: 0.531978749 0.468021251 0.000000000
JQ:/crc/crr: 0.000000000 0.000014916 0.999985084
JQ:/crc/r: 0.018994537 0.000010580 0.980994883
JQ:/crrc/c: 0.000147789 0.999852211 0.000000000
JQ:/crrc/crr: 0.000000000 0.026846305 0.973153695
JQ:/crrc/r: 0.001833669 0.000005290 0.998161041
JQ:/rc/c: 0.999255614 0.000744386 0.000000000
JQ:/rc/crr: 0.000000000 0.000012832 0.999987168
JQ:/rc/r: 0.000017097 0.000017097 0.999965806
JQ:/rrc/c: 0.005385650 0.994614350 0.000000000
JQ:/rrc/crr: 0.000000000 0.005570015 0.994429985
JQ:/rrc/r: 0.384951694 0.000039998 0.615008308
K:/c: 0.999990000 0.000010000 0.000000000
K:/crr: 0.000000000 0.999995000 0.000005000
K:/r: 0.570889173 0.429104161 0.000006667
KJ:/cc/c: 0.500000000 0.500000000 0.000000000
KJ:/cc/crr: 0.000000000 0.500000000 0.500000000
KJ:/cc/r: 0.333333333 0.333333333 0.333333333
KJ:/crc/c: 0.138503574 0.861496426 0.000000000
KJ:/crc/crr: 0.000000000 0.999981950 0.000018050
KJ:/crc/r: 0.000017646 0.725600798 0.274381556
KJ:/crrc/c: 0.440747286 0.559252714 0.000000000
KJ:/crrc/crr: 0.000000000 0.999997164 0.000002836
KJ:/crrc/r: 0.000009728 0.999988605 0.000001667
KJ:/rc/c: 0.407662198 0.592337802 0.000000000
KJ:/rc/crr: 0.000000000 0.965049956 0.034950044
KJ:/rc/r: 0.020695772 0.831055375 0.148248853
KJ:/rrc/c: 0.443002919 0.556997081 0.000000000
KJ:/rrc/crr: 0.000000000 0.999993410 0.000006590
KJ:/rrc/r: 0.000195840 0.981676056 0.018128104
KK:/cc/c: 0.500000000 0.500000000 0.000000000
KK:/cc/crr: 0.000000000 0.500000000 0.500000000
KK:/cc/r: 0.333333333 0.333333333 0.333333333
KK:/crc/c: 0.999995000 0.000005000 0.000000000
KK:/crc/crr: 0.000000000 0.999997500 0.000002500
KK:/crc/r: 0.992085827 0.007910839 0.000003333
KK:/crrc/c: 0.999997500 0.000002500 0.000000000
KK:/crrc/crr: 0.000000000 0.999998750 0.000001250
KK:/crrc/r: 0.999924428 0.000073905 0.000001667
KK:/rc/c: 0.999992232 0.000007768 0.000000000
KK:/rc/crr: 0.000000000 0.999996116 0.000003884
KK:/rc/r: 0.999980988 0.000013833 0.000005179
KK:/rrc/c: 0.999994161 0.000005839 0.000000000
KK:/rrc/crr: 0.000000000 0.999997081 0.000002919
KK:/rrc/r: 0.996793921 0.003202186 0.000003893
KQ:/cc/c: 0.500000000 0.500000000 0.000000000
KQ:/cc/crr: 0.000000000 0.500000000 0.500000000
KQ:/cc/r: 0.333333333 0.333333333 0.333333333
KQ:/crc/c: 0.000326216 0.999673784 0.000000000
KQ:/crc/crr: 0.000000000 0.992336289 0.007663711
KQ:/crc/r: 0.000016713 0.435250002 0.564733285
KQ:/crrc/c: 0.677677192 0.322322808 0.000000000
KQ:/crrc/crr: 0.000000000 0.461008042 0.538991958
KQ:/crrc/r: 0.000025032 0.950228596 0.049746372
KQ:/rc/c: 0.000142551 0.999857449 0.000000000
KQ:/rc/crr: 0.000000000 0.027246901 0.972753099
KQ:/rc/r: 0.000009970 0.303971389 0.696018641
KQ:/rrc/c: 0.498676158 0.501323842 0.000000000
KQ:/rrc/crr: 0.000000000 0.577161707 0.422838293
KQ:/rrc/r: 0.084210413 0.548822467 0.366967120
Q:/c: 0.842787115 0.157212885 0.000000000
Q:/crr: 0.000000000 0.999994067 0.000005933
Q:/r: 0.351603414 0.648363921 0.000032665
QJ:/cc/c: 0.000031804 0.999968196 0.000000000
QJ:/cc/crr: 0.000000000 0.500000000 0.500000000
QJ:/cc/r: 0.000021203 0.000021203 0.999957595
QJ:/crc/c: 0.422819439 0.577180561 0.000000000
QJ:/crc/crr: 0.000000000 0.000077453 0.999922547
QJ:/crc/r: 0.000003955 0.000003955 0.999992090
QJ:/crrc/c: 0.000002966 0.999997034 0.000000000
QJ:/crrc/crr: 0.000000000 0.500000000 0.500000000
QJ:/crrc/r: 0.000001978 0.000001978 0.999996045
QJ:/rc/c: 0.000005141 0.999994859 0.000000000
QJ:/rc/crr: 0.000000000 0.500000000 0.500000000
QJ:/rc/r: 0.005666119 0.000003427 0.994330454
QJ:/rrc/c: 0.000009480 0.999990520 0.000000000
QJ:/rrc/crr: 0.000000000 0.500000000 0.500000000
QJ:/rrc/r: 0.000007108 0.000006320 0.999986572
QK:/cc/c: 0.033080442 0.966919558 0.000000000
QK:/cc/crr: 0.000000000 0.999519293 0.000480707
QK:/cc/r: 0.000044313 0.778745303 0.221210384
QK:/crc/c: 0.291695419 0.708304581 0.000000000
QK:/crc/crr: 0.000000000 0.000329559 0.999670441
QK:/crc/r: 0.000015841 0.453848319 0.546135840
QK:/crrc/c: 0.145191385 0.854808615 0.000000000
QK:/crrc/crr: 0.000000000 0.001000133 0.998999867
QK:/crrc/r: 0.000016557 0.265412310 0.734571134
QK:/rc/c: 0.373442861 0.626557139 0.000000000
QK:/rc/crr: 0.000000000 0.003136000 0.996864000
QK:/rc/r: 0.000007361 0.312593668 0.687398970
QK:/rrc/c: 0.415037760 0.584962240 0.000000000
QK:/rrc/crr: 0.000000000 0.056436323 0.943563677
QK:/rrc/r: 0.000055948 0.520098806 0.479845245
QQ:/cc/c: 0.999968196 0.000031804 0.000000000
QQ:/cc/crr: 0.000000000 0.999984097 0.000015903
QQ:/cc/r: 0.998667017 0.001311781 0.000021203
QQ:/crc/c: 0.999994067 0.000005933 0.000000000
QQ:/crc/crr: 0.000000000 0.999997034 0.000002966
QQ:/crc/r: 0.999955039 0.000041006 0.000003955
QQ:/crrc/c: 0.999997034 0.000002966 0.000000000
QQ:/crrc/crr: 0.000000000 0.999998517 0.000001483
QQ:/crrc/r: 0.999984576 0.000013447 0.000001978
QQ:/rc/c: 0.999994859 0.000005141 0.000000000
QQ:/rc/crr: 0.000000000 0.999997429 0.000002571
QQ:/rc/r: 0.999991605 0.000004968 0.000003427
QQ:/rrc/c: 0.999990520 0.000009480 0.000000000
QQ:/rrc/crr: 0.000000000 0.999995260 0.000004740
QQ:/rrc/r: 0.999961862 0.000031818 0.000006320
