J:/: 0.075394470 0.924605530 0.000000000
J:/cr: 0.014796367 0.042684045 0.942519589
J:/rr: 0.000000000 0.999933682 0.000066318
JJ:/cc/: 0.000039395 0.999960605 0.000000000
JJ:/cc/cr: 0.998349735 0.001648462 0.000001803
JJ:/cc/rr: 0.000000000 0.931366301 0.068633699
JJ:/crc/: 0.958863937 0.041136063 0.000000000
JJ:/crc/cr: 0.999315596 0.000342202 0.000342202
JJ:/crc/rr: 0.000000000 0.999977979 0.000022021
JJ:/crrc/: 0.998716515 0.001283485 0.000000000
JJ:/crrc/cr: 0.936721634 0.031639183 0.031639183
JJ:/crrc/rr: 0.000000000 0.999939009 0.000060991
JJ:/rc/: 0.000616166 0.999383834 0.000000000
JJ:/rc/cr: 0.999955761 0.000022120 0.000022120
JJ:/rc/rr: 0.000000000 0.946185113 0.053814887
JJ:/rrc/: 0.999966839 0.000033161 0.000000000
JJ:/rrc/cr: 0.333333333 0.333333333 0.333333333
JJ:/rrc/rr: 0.000000000 0.999983419 0.000016581
JK:/cc/: 0.081616966 0.918383034 0.000000000
JK:/cc/cr: 0.000001963 0.000001963 0.999996074
JK:/cc/rr: 0.000000000 0.000033129 0.999966871
JK:/crc/: 0.018125977 0.981874023 0.000000000
JK:/crc/cr: 0.003338114 0.000014337 0.996647550
JK:/crc/rr: 0.000000000 0.001164918 0.998835082
JK:/crrc/: 0.999878175 0.000121825 0.000000000
JK:/crrc/cr: 0.333333333 0.333333333 0.333333333
JK:/crrc/rr: 0.000000000 0.000060920 0.999939080
JK:/rc/: 0.999933682 0.000066318 0.000000000
JK:/rc/cr: 0.333333333 0.333333333 0.333333333
JK:/rc/rr: 0.000000000 0.000033161 0.999966839
JK:/rrc/: 0.587370166 0.412629834 0.000000000
JK:/rrc/cr: 0.998864769 0.000026788 0.001108442
JK:/rrc/rr: 0.000000000 0.000028228 0.999971772
JQ:/cc/: 0.243692232 0.756307768 0.000000000
JQ:/cc/cr: 0.000002383 0.000002383 0.999995233
JQ:/cc/rr: 0.000000000 0.000011095 0.999988905
JQ:/crc/: 0.994382061 0.005617939 0.000000000
JQ:/crc/cr: 0.738143841 0.002505696 0.259350463
JQ:/crc/rr: 0.000000000 0.000021235 0.999978765
JQ:/crrc/: 0.052543952 0.947456048 0.000000000
JQ:/crrc/cr: 0.200101415 0.000042860 0.799855725
JQ:/crrc/rr: 0.000000000 0.001159270 0.998840730
JQ:/rc/: 0.999933682 0.000066318 0.000000000
JQ:/rc/cr: 0.333333333 0.333333333 0.333333333
JQ:/rc/rr: 0.000000000 0.000033161 0.999966839
JQ:/rrc/: 0.130392606 0.869607394 0.000000000
JQ:/rrc/cr: 0.000012711 0.000012711 0.999974578
JQ:/rrc/rr: 0.000000000 0.000127159 0.999872841
K:/: 0.763265412 0.236734588 0.000000000
K:/cr: 0.601001653 0.398984266 0.000014080
K:/rr: 0.000000000 0.999993449 0.000006551
KJ:/cc/: 0.000021121 0.999978879 0.000000000
KJ:/cc/cr: 0.000007040 0.000007040 0.999985919
KJ:/cc/rr: 0.000000000 0.500000000 0.500000000
KJ:/crc/: 0.000039539 0.999960461 0.000000000
KJ:/crc/cr: 0.000023925 0.999970193 0.000005882
KJ:/crc/rr: 0.000000000 0.776863449 0.223136551
KJ:/crrc/: 0.013953289 0.986046711 0.000000000
KJ:/crrc/cr: 0.000052898 0.999943142 0.000003960
KJ:/crrc/rr: 0.000000000 0.007887730 0.992112270
KJ:/rc/: 0.000050652 0.999949348 0.000000000
KJ:/rc/cr: 0.052666360 0.944944106 0.002389534
KJ:/rc/rr: 0.000000000 0.935335840 0.064664160
KJ:/rrc/: 0.089140059 0.910859941 0.000000000
KJ:/rrc/cr: 0.000001199 0.999997603 0.000001199
KJ:/rrc/rr: 0.000000000 0.537447796 0.462552204
KK:/cc/: 0.999848594 0.000151406 0.000000000
KK:/cc/cr: 0.907001968 0.046499016 0.046499016
KK:/cc/rr: 0.000000000 0.999989438 0.000010562
KK:/crc/: 0.063267478 0.936732522 0.000000000
KK:/crc/cr: 0.999987442 0.000006279 0.000006279
KK:/crc/rr: 0.000000000 0.999860549 0.000139451
KK:/crrc/: 0.994158279 0.005841721 0.000000000
KK:/crrc/cr: 0.998663160 0.000668420 0.000668420
KK:/crrc/rr: 0.000000000 0.999994109 0.000005891
KK:/rc/: 0.880566669 0.119433331 0.000000000
KK:/rc/cr: 0.999963434 0.000018283 0.000018283
KK:/rc/rr: 0.000000000 0.999996280 0.000003720
KK:/rrc/: 0.554076635 0.445923365 0.000000000
KK:/rrc/cr: 0.999995103 0.000002448 0.000002448
KK:/rrc/rr: 0.000000000 0.999997044 0.000002956
KQ:/cc/: 0.000042598 0.999957402 0.000000000
KQ:/cc/cr: 0.000015641 0.443860498 0.556123861
KQ:/cc/rr: 0.000000000 0.752092160 0.247907840
KQ:/crc/: 0.896385715 0.103614285 0.000000000
KQ:/crc/cr: 0.000337472 0.626531774 0.373130753
KQ:/crc/rr: 0.000000000 0.000031136 0.999968864
KQ:/crrc/: 0.000354550 0.999645450 0.000000000
KQ:/crrc/cr: 0.001521072 0.733669071 0.264809857
KQ:/crrc/rr: 0.000000000 0.983480245 0.016519755
KQ:/rc/: 0.000006551 0.999993449 0.000000000
KQ:/rc/cr: 0.000002184 0.516825729 0.483172087
KQ:/rc/rr: 0.000000000 0.500000000 0.500000000
KQ:/rrc/: 0.652407687 0.347592313 0.000000000
KQ:/rrc/cr: 0.015090921 0.928614938 0.056294140
KQ:/rrc/rr: 0.000000000 0.384534378 0.615465622
Q:/: 0.702928675 0.297071325 0.000000000
Q:/cr: 0.112371700 0.887396564 0.000231736
Q:/rr: 0.000000000 0.999992887 0.000007113
QJ:/cc/: 0.000016831 0.999983169 0.000000000
QJ:/cc/cr: 0.000005610 0.000005610 0.999988779
QJ:/cc/rr: 0.000000000 0.500000000 0.500000000
QJ:/crc/: 0.029478465 0.970521535 0.000000000
QJ:/crc/cr: 0.002779203 0.000002171 0.997218626
QJ:/crc/rr: 0.000000000 0.000107235 0.999892765
QJ:/crrc/: 0.055604365 0.944395635 0.000000000
QJ:/crrc/cr: 0.000017622 0.000017622 0.999964756
QJ:/crrc/rr: 0.000000000 0.000448944 0.999551056
QJ:/rc/: 0.000007113 0.999992887 0.000000000
QJ:/rc/cr: 0.000002371 0.000002371 0.999995258
QJ:/rc/rr: 0.000000000 0.500000000 0.500000000
QJ:/rrc/: 0.000003557 0.999996443 0.000000000
QJ:/rrc/cr: 0.000001186 0.000001186 0.999997629
QJ:/rrc/rr: 0.000000000 0.500000000 0.500000000
QK:/cc/: 0.532165124 0.467834876 0.000000000
QK:/cc/cr: 0.000308395 0.999679613 0.000011992
QK:/cc/rr: 0.000000000 0.134537851 0.865462149
QK:/crc/: 0.002216222 0.997783778 0.000000000
QK:/crc/cr: 0.000002112 0.553789593 0.446208295
QK:/crc/rr: 0.000000000 0.001426353 0.998573647
QK:/crrc/: 0.981430638 0.018569362 0.000000000
QK:/crrc/cr: 0.000896216 0.520197333 0.478906450
QK:/crrc/rr: 0.000000000 0.000636300 0.999363700
QK:/rc/: 0.554585034 0.445414966 0.000000000
QK:/rc/cr: 0.000005323 0.539788426 0.460206250
QK:/rc/rr: 0.000000000 0.226483975 0.773516025
QK:/rrc/: 0.132172913 0.867827087 0.000000000
QK:/rrc/cr: 0.000008100 0.276161273 0.723830627
QK:/rrc/rr: 0.000000000 0.000022132 0.999977868
QQ:/cc/: 0.570649741 0.429350259 0.000000000
QQ:/cc/cr: 0.994587931 0.005399002 0.000013067
QQ:/cc/rr: 0.000000000 0.999985253 0.000014747
QQ:/crc/: 0.989827952 0.010172048 0.000000000
QQ:/crc/cr: 0.999585647 0.000207177 0.000207177
QQ:/crc/rr: 0.000000000 0.999996806 0.000003194
QQ:/crrc/: 0.111237504 0.888762496 0.000000000
QQ:/crrc/cr: 0.999962550 0.000018725 0.000018725
QQ:/crrc/rr: 0.000000000 0.999775586 0.000224414
QQ:/rc/: 0.549281643 0.450718357 0.000000000
QQ:/rc/cr: 0.999989170 0.000005570 0.000005261
QQ:/rc/rr: 0.000000000 0.999993525 0.000006475
QQ:/rrc/: 0.986187714 0.013812286 0.000000000
QQ:/rrc/cr: 0.999828338 0.000085831 0.000085831
QQ:/rrc/rr: 0.000000000 0.999998197 0.000001803
