J:/: 0.074339538 0.925660462 0.000000000
J:/cr: 0.018972879 0.034007870 0.947019251
J:/rr: 0.000000000 0.999932741 0.000067259
JJ:/cc/: 0.000034752 0.999965248 0.000000000
JJ:/cc/cr: 0.999996399 0.000001801 0.000001801
JJ:/cc/rr: 0.000000000 0.922284480 0.077715520
JJ:/crc/: 0.927673788 0.072326212 0.000000000
JJ:/crc/cr: 0.999511988 0.000244006 0.000244006
JJ:/crc/rr: 0.000000000 0.999971464 0.000028536
JJ:/crrc/: 0.984298601 0.015701399 0.000000000
JJ:/crrc/cr: 0.995970657 0.002014671 0.002014671
JJ:/crrc/rr: 0.000000000 0.999951793 0.000048207
JJ:/rc/: 0.955928300 0.044071700 0.000000000
JJ:/rc/cr: 0.998982583 0.000508709 0.000508709
JJ:/rc/rr: 0.000000000 0.999964820 0.000035180
JJ:/rrc/: 0.999145649 0.000854351 0.000000000
JJ:/rrc/cr: 0.973756487 0.013121757 0.013121757
JJ:/rrc/rr: 0.000000000 0.999983170 0.000016830
JK:/cc/: 0.079578369 0.920421631 0.000000000
JK:/cc/cr: 0.000405382 0.000001956 0.999592662
JK:/cc/rr: 0.000000000 0.000033939 0.999966061
JK:/crc/: 0.036789205 0.963210795 0.000000000
JK:/crc/cr: 0.011053123 0.000018322 0.988928555
JK:/crc/rr: 0.000000000 0.000719560 0.999280440
JK:/crrc/: 0.999905101 0.000094899 0.000000000
JK:/crrc/cr: 0.333333333 0.333333333 0.333333333
JK:/crrc/rr: 0.000000000 0.000047454 0.999952546
JK:/rc/: 0.999932741 0.000067259 0.000000000
JK:/rc/cr: 0.333333333 0.333333333 0.333333333
JK:/rc/rr: 0.000000000 0.000033632 0.999966368
JK:/rrc/: 0.552218254 0.447781746 0.000000000
JK:/rrc/cr: 0.914132952 0.000025036 0.085842012
JK:/rrc/rr: 0.000000000 0.000030451 0.999969549
JQ:/cc/: 0.169105589 0.830894411 0.000000000
JQ:/cc/cr: 0.000002167 0.000002167 0.999995666
JQ:/cc/rr: 0.000000000 0.000015971 0.999984029
JQ:/crc/: 0.996708095 0.003291905 0.000000000
JQ:/crc/cr: 0.005361041 0.005361041 0.989277918
JQ:/crc/rr: 0.000000000 0.000026559 0.999973441
JQ:/crrc/: 0.021763220 0.978236780 0.000000000
JQ:/crrc/cr: 0.136467088 0.000032337 0.863500576
JQ:/crrc/rr: 0.000000000 0.002180272 0.997819728
JQ:/rc/: 0.999625895 0.000374105 0.000000000
JQ:/rc/cr: 0.059928786 0.059928786 0.880142427
JQ:/rc/rr: 0.000000000 0.000033642 0.999966358
JQ:/rrc/: 0.156038945 0.843961055 0.000000000
JQ:/rrc/cr: 0.000013283 0.000013283 0.999973433
JQ:/rrc/rr: 0.000000000 0.000107767 0.999892233
K:/: 0.752294694 0.247705306 0.000000000
K:/cr: 0.699246648 0.300739895 0.000013457
K:/rr: 0.000000000 0.999993354 0.000006646
KJ:/cc/: 0.000020185 0.999979815 0.000000000
KJ:/cc/cr: 0.000006729 0.000006729 0.999986543
KJ:/cc/rr: 0.000000000 0.500000000 0.500000000
KJ:/crc/: 0.000050637 0.999949363 0.000000000
KJ:/crc/cr: 0.000029630 0.999962912 0.000007458
KJ:/crc/rr: 0.000000000 0.779085625 0.220914375
KJ:/crrc/: 0.061450607 0.938549393 0.000000000
KJ:/crrc/cr: 0.000084744 0.999418956 0.000496300
KJ:/crrc/rr: 0.000000000 0.489790649 0.510209351
KJ:/rc/: 0.055463939 0.944536061 0.000000000
KJ:/rc/cr: 0.003073481 0.980060869 0.016865651
KJ:/rc/rr: 0.000000000 0.254184477 0.745815523
KJ:/rrc/: 0.078606851 0.921393149 0.000000000
KJ:/rrc/cr: 0.000172465 0.999708106 0.000119429
KJ:/rrc/rr: 0.000000000 0.454270393 0.545729607
KK:/cc/: 0.990353054 0.009646946 0.000000000
KK:/cc/cr: 0.998605066 0.000697467 0.000697467
KK:/cc/rr: 0.000000000 0.999989809 0.000010191
KK:/crc/: 0.088355356 0.911644644 0.000000000
KK:/crc/cr: 0.999983639 0.000008180 0.000008180
KK:/crc/rr: 0.000000000 0.999873392 0.000126608
KK:/crrc/: 0.997218747 0.002781253 0.000000000
KK:/crrc/cr: 0.997693511 0.001153244 0.001153244
KK:/crrc/rr: 0.000000000 0.999995175 0.000004825
KK:/rc/: 0.832288536 0.167711464 0.000000000
KK:/rc/cr: 0.999973580 0.000013210 0.000013210
KK:/rc/rr: 0.000000000 0.999996007 0.000003993
KK:/rrc/: 0.538800583 0.461199417 0.000000000
KK:/rrc/cr: 0.999995196 0.000002402 0.000002402
KK:/rrc/rr: 0.000000000 0.999996916 0.000003084
KQ:/cc/: 0.000053072 0.999946928 0.000000000
KQ:/cc/cr: 0.000035331 0.433628424 0.566336245
KQ:/cc/rr: 0.000000000 0.809829593 0.190170407
KQ:/crc/: 0.915652444 0.084347556 0.000000000
KQ:/crc/cr: 0.000558090 0.628336751 0.371105159
KQ:/crc/rr: 0.000000000 0.000028098 0.999971902
KQ:/crrc/: 0.006169400 0.993830600 0.000000000
KQ:/crrc/cr: 0.019304555 0.700303014 0.280392432
KQ:/crrc/rr: 0.000000000 0.006312645 0.993687355
KQ:/rc/: 0.000006646 0.999993354 0.000000000
KQ:/rc/cr: 0.000008623 0.484338434 0.515652943
KQ:/rc/rr: 0.000000000 0.500000000 0.500000000
KQ:/rrc/: 0.699526287 0.300473713 0.000000000
KQ:/rrc/cr: 0.031006171 0.870359367 0.098634462
KQ:/rrc/rr: 0.000000000 0.388595722 0.611404278
Q:/: 0.748644992 0.251355008 0.000000000
Q:/cr: 0.161639995 0.837680652 0.000679353
Q:/rr: 0.000000000 0.999993321 0.000006679
QJ:/cc/: 0.000019892 0.999980108 0.000000000
QJ:/cc/cr: 0.000006631 0.000006631 0.999986738
QJ:/cc/rr: 0.000000000 0.500000000 0.500000000
QJ:/crc/: 0.033278687 0.966721313 0.000000000
QJ:/crc/cr: 0.004629370 0.000002729 0.995367901
QJ:/crc/rr: 0.000000000 0.000118929 0.999881071
QJ:/crrc/: 0.015439814 0.984560186 0.000000000
QJ:/crrc/cr: 0.000013888 0.000013888 0.999972223
QJ:/crrc/rr: 0.000000000 0.001328435 0.998671565
QJ:/rc/: 0.010905082 0.989094918 0.000000000
QJ:/rc/cr: 0.000002251 0.000002251 0.999995498
QJ:/rc/rr: 0.000000000 0.000306221 0.999693779
QJ:/rrc/: 0.000003339 0.999996661 0.000000000
QJ:/rrc/cr: 0.000001113 0.000001113 0.999997774
QJ:/rrc/rr: 0.000000000 0.500000000 0.500000000
QK:/cc/: 0.346607586 0.653392414 0.000000000
QK:/cc/cr: 0.003449179 0.996522241 0.000028580
QK:/cc/rr: 0.000000000 0.490181035 0.509818965
QK:/crc/: 0.000009925 0.999990075 0.000000000
QK:/crc/cr: 0.000003279 0.558234137 0.441762584
QK:/crc/rr: 0.000000000 0.601218163 0.398781837
QK:/crrc/: 0.987560899 0.012439101 0.000000000
QK:/crrc/cr: 0.001613507 0.557630301 0.440756192
QK:/crrc/rr: 0.000000000 0.000545515 0.999454485
QK:/rc/: 0.452757396 0.547242604 0.000000000
QK:/rc/cr: 0.018963914 0.515088802 0.465947284
QK:/rc/rr: 0.000000000 0.206294356 0.793705644
QK:/rrc/: 0.138806918 0.861193082 0.000000000
QK:/rrc/cr: 0.000001293 0.298728548 0.701270160
QK:/rrc/rr: 0.000000000 0.000199696 0.999800304
QQ:/cc/: 0.530425509 0.469574491 0.000000000
QQ:/cc/cr: 0.999971759 0.000014121 0.000014121
QQ:/cc/rr: 0.000000000 0.999981249 0.000018751
QQ:/crc/: 0.992074162 0.007925838 0.000000000
QQ:/crc/cr: 0.999334196 0.000332902 0.000332902
QQ:/crc/rr: 0.000000000 0.999996011 0.000003989
QQ:/crrc/: 0.116201304 0.883798696 0.000000000
QQ:/crrc/cr: 0.999969057 0.000015472 0.000015472
QQ:/crrc/rr: 0.000000000 0.999823489 0.000176511
QQ:/rc/: 0.499824376 0.500175624 0.000000000
QQ:/rc/cr: 0.999991098 0.000004451 0.000004451
QQ:/rc/rr: 0.000000000 0.999993319 0.000006681
QQ:/rrc/: 0.982258654 0.017741346 0.000000000
QQ:/rrc/cr: 0.999874516 0.000062742 0.000062742
QQ:/rrc/rr: 0.000000000 0.999998300 0.000001700
