J:/: 0.071763120 0.928236880 0.000000000
J:/cr: 0.018452511 0.032865383 0.948682106
J:/rr: 0.000000000 0.999930326 0.000069674
JJ:/cc/: 0.000315747 0.999684253 0.000000000
JJ:/cc/cr: 0.999996408 0.000001796 0.000001796
JJ:/cc/rr: 0.000000000 0.991470137 0.008529863
JJ:/crc/: 0.993586620 0.006413380 0.000000000
JJ:/crc/cr: 0.994320985 0.002839508 0.002839508
JJ:/crc/rr: 0.000000000 0.999972507 0.000027493
JJ:/crrc/: 0.986206154 0.013793846 0.000000000
JJ:/crrc/cr: 0.995297186 0.002351407 0.002351407
JJ:/crrc/rr: 0.000000000 0.999950667 0.000049333
JJ:/rc/: 0.938285963 0.061714037 0.000000000
JJ:/rc/cr: 0.999247349 0.000376325 0.000376325
JJ:/rc/rr: 0.000000000 0.999962872 0.000037128
JJ:/rrc/: 0.999497291 0.000502709 0.000000000
JJ:/rrc/cr: 0.953798008 0.023100996 0.023100996
JJ:/rrc/rr: 0.000000000 0.999982572 0.000017428
JK:/cc/: 0.080555144 0.919444856 0.000000000
JK:/cc/cr: 0.000127139 0.000001953 0.999870908
JK:/cc/rr: 0.000000000 0.000033434 0.999966566
JK:/crc/: 0.041476682 0.958523318 0.000000000
JK:/crc/cr: 0.017857177 0.000018999 0.982123824
JK:/crc/rr: 0.000000000 0.000658593 0.999341407
JK:/crrc/: 0.999902695 0.000097305 0.000000000
JK:/crrc/cr: 0.333333333 0.333333333 0.333333333
JK:/crrc/rr: 0.000000000 0.000048657 0.999951343
JK:/rc/: 0.993909976 0.006090024 0.000000000
JK:/rc/cr: 0.990741863 0.003813541 0.005444596
JK:/rc/rr: 0.000000000 0.000035050 0.999964950
JK:/rrc/: 0.545929823 0.454070177 0.000000000
JK:/rrc/cr: 0.952809996 0.000025576 0.047164429
JK:/rrc/rr: 0.000000000 0.000031908 0.999968092
JQ:/cc/: 0.143429953 0.856570047 0.000000000
JQ:/cc/cr: 0.000004488 0.000002096 0.999993416
JQ:/cc/rr: 0.000000000 0.000018778 0.999981222
JQ:/crc/: 0.992685326 0.007314674 0.000000000
JQ:/crc/cr: 0.373141513 0.002489631 0.624368856
JQ:/crc/rr: 0.000000000 0.000027518 0.999972482
JQ:/crrc/: 0.019591198 0.980408802 0.000000000
JQ:/crrc/cr: 0.191736794 0.000033083 0.808230122
JQ:/crrc/rr: 0.000000000 0.002483382 0.997516618
JQ:/rc/: 0.996776127 0.003223873 0.000000000
JQ:/rc/cr: 0.007203932 0.007203932 0.985592137
JQ:/rc/rr: 0.000000000 0.000034950 0.999965050
JQ:/rrc/: 0.184974431 0.815025569 0.000000000
JQ:/rrc/cr: 0.000014249 0.000014249 0.999971503
JQ:/rrc/rr: 0.000000000 0.000094173 0.999905827
K:/: 0.750103254 0.249896746 0.000000000
K:/cr: 0.711364267 0.288622395 0.000013339
K:/rr: 0.000000000 0.999993334 0.000006666
KJ:/cc/: 0.000049627 0.999950373 0.000000000
KJ:/cc/cr: 0.000048461 0.000009955 0.999941584
KJ:/cc/rr: 0.000000000 0.798414726 0.201585274
KJ:/crc/: 0.000052114 0.999947886 0.000000000
KJ:/crc/cr: 0.000034199 0.999958098 0.000007703
KJ:/crc/rr: 0.000000000 0.778297475 0.221702525
KJ:/crrc/: 0.043845005 0.956154995 0.000000000
KJ:/crrc/cr: 0.000690802 0.997154228 0.002154970
KJ:/crrc/rr: 0.000000000 0.357967305 0.642032695
KJ:/rc/: 0.054364348 0.945635652 0.000000000
KJ:/rc/cr: 0.015110933 0.966001919 0.018887148
KJ:/rc/rr: 0.000000000 0.253546114 0.746453886
KJ:/rrc/: 0.078098489 0.921901511 0.000000000
KJ:/rrc/cr: 0.000063561 0.999813535 0.000122904
KJ:/rrc/rr: 0.000000000 0.459214676 0.540785324
KK:/cc/: 0.996436720 0.003563280 0.000000000
KK:/cc/cr: 0.996256583 0.001871708 0.001871708
KK:/cc/rr: 0.000000000 0.999989960 0.000010040
KK:/crc/: 0.108576398 0.891423602 0.000000000
KK:/crc/cr: 0.999982718 0.000008641 0.000008641
KK:/crc/rr: 0.000000000 0.999893587 0.000106413
KK:/crrc/: 0.991249286 0.008750714 0.000000000
KK:/crrc/cr: 0.999285732 0.000357134 0.000357134
KK:/crrc/rr: 0.000000000 0.999995271 0.000004729
KK:/rc/: 0.812277197 0.187722803 0.000000000
KK:/rc/cr: 0.999976328 0.000011836 0.000011836
KK:/rc/rr: 0.000000000 0.999995897 0.000004103
KK:/rrc/: 0.518908755 0.481091245 0.000000000
KK:/rrc/cr: 0.999995381 0.000002309 0.000002309
KK:/rrc/rr: 0.000000000 0.999996789 0.000003211
KQ:/cc/: 0.000054332 0.999945668 0.000000000
KQ:/cc/cr: 0.000044435 0.473947722 0.526007842
KQ:/cc/rr: 0.000000000 0.815870744 0.184129256
KQ:/crc/: 0.842332675 0.157667325 0.000000000
KQ:/crc/cr: 0.000300552 0.557803150 0.441896299
KQ:/crc/rr: 0.000000000 0.000034504 0.999965496
KQ:/crrc/: 0.011098362 0.988901638 0.000000000
KQ:/crrc/cr: 0.019578250 0.669344612 0.311077137
KQ:/crrc/rr: 0.000000000 0.468122970 0.531877030
KQ:/rc/: 0.000078094 0.999921906 0.000000000
KQ:/rc/cr: 0.000027766 0.477092428 0.522879806
KQ:/rc/rr: 0.000000000 0.318504223 0.681495777
KQ:/rrc/: 0.698487352 0.301512648 0.000000000
KQ:/rrc/cr: 0.039223419 0.857589964 0.103186617
KQ:/rrc/rr: 0.000000000 0.376778550 0.623221450
Q:/: 0.757570972 0.242429028 0.000000000
Q:/cr: 0.180393234 0.818737762 0.000869004
Q:/rr: 0.000000000 0.999993400 0.000006600
QJ:/cc/: 0.000020625 0.999979375 0.000000000
QJ:/cc/cr: 0.000006875 0.000006875 0.999986250
QJ:/cc/rr: 0.000000000 0.500000000 0.500000000
QJ:/crc/: 0.030227194 0.969772806 0.000000000
QJ:/crc/cr: 0.000557692 0.000002886 0.999439421
QJ:/crc/rr: 0.000000000 0.000138897 0.999861103
QJ:/crrc/: 0.025605897 0.974394103 0.000000000
QJ:/crrc/cr: 0.000134285 0.000013037 0.999852678
QJ:/crrc/rr: 0.000000000 0.000744173 0.999255827
QJ:/rc/: 0.009073467 0.990926533 0.000000000
QJ:/rc/cr: 0.000002818 0.000002220 0.999994962
QJ:/rc/rr: 0.000000000 0.000363700 0.999636300
QJ:/rrc/: 0.000003300 0.999996700 0.000000000
QJ:/rrc/cr: 0.000001100 0.000001100 0.999997800
QJ:/rrc/rr: 0.000000000 0.500000000 0.500000000
QK:/cc/: 0.340824180 0.659175820 0.000000000
QK:/cc/cr: 0.065043758 0.934936177 0.000020065
QK:/cc/rr: 0.000000000 0.999969743 0.000030257
QK:/crc/: 0.000008839 0.999991161 0.000000000
QK:/crc/cr: 0.000002923 0.551783657 0.448213420
QK:/crc/rr: 0.000000000 0.524995390 0.475004610
QK:/crrc/: 0.952809890 0.047190110 0.000000000
QK:/crrc/cr: 0.000509743 0.396343971 0.603146286
QK:/crrc/rr: 0.000000000 0.000538521 0.999461479
QK:/rc/: 0.438252734 0.561747266 0.000000000
QK:/rc/cr: 0.000036320 0.541518401 0.458445279
QK:/rc/rr: 0.000000000 0.209640648 0.790359352
QK:/rrc/: 0.118560113 0.881439887 0.000000000
QK:/rrc/cr: 0.000001248 0.306845978 0.693152774
QK:/rrc/rr: 0.000000000 0.000435541 0.999564459
QQ:/cc/: 0.499494794 0.500505206 0.000000000
QQ:/cc/cr: 0.999972528 0.000013736 0.000013736
QQ:/cc/rr: 0.000000000 0.999979355 0.000020645
QQ:/crc/: 0.991371045 0.008628955 0.000000000
QQ:/crc/cr: 0.999351261 0.000324369 0.000324369
QQ:/crc/rr: 0.000000000 0.999995765 0.000004235
QQ:/crrc/: 0.096813715 0.903186285 0.000000000
QQ:/crrc/cr: 0.999971870 0.000014065 0.000014065
QQ:/crrc/rr: 0.000000000 0.999803176 0.000196824
QQ:/rc/: 0.471613325 0.528386675 0.000000000
QQ:/rc/cr: 0.999991673 0.000004164 0.000004164
QQ:/rc/rr: 0.000000000 0.999993003 0.000006997
QQ:/rrc/: 0.980705508 0.019294492 0.000000000
QQ:/rrc/cr: 0.999885976 0.000057012 0.000057012
QQ:/rrc/rr: 0.000000000 0.999998318 0.000001682
