J:/: 0.072404966 0.927595034 0.000000000
J:/cr: 0.019382076 0.033161718 0.947456206
J:/rr: 0.000000000 0.999930944 0.000069056
JJ:/cc/: 0.000118055 0.999881945 0.000000000
JJ:/cc/cr: 0.999623748 0.000374455 0.000001797
JJ:/cc/rr: 0.000000000 0.977170440 0.022829560
JJ:/crc/: 0.961223999 0.038776001 0.000000000
JJ:/crc/cr: 0.999068465 0.000465767 0.000465767
JJ:/crc/rr: 0.000000000 0.999971816 0.000028184
JJ:/crrc/: 0.999907298 0.000092702 0.000000000
JJ:/crrc/cr: 0.333333333 0.333333333 0.333333333
JJ:/crrc/rr: 0.000000000 0.999953645 0.000046355
JJ:/rc/: 0.972386112 0.027613888 0.000000000
JJ:/rc/cr: 0.998332819 0.000833591 0.000833591
JJ:/rc/rr: 0.000000000 0.999964491 0.000035509
JJ:/rrc/: 0.999428346 0.000571654 0.000000000
JJ:/rrc/cr: 0.959730432 0.020134784 0.020134784
JJ:/rrc/rr: 0.000000000 0.999982725 0.000017275
JK:/cc/: 0.087545594 0.912454406 0.000000000
JK:/cc/cr: 0.000001969 0.000001969 0.999996062
JK:/cc/rr: 0.000000000 0.000030786 0.999969214
JK:/crc/: 0.051142856 0.948857144 0.000000000
JK:/crc/cr: 0.021711399 0.000019034 0.978269567
JK:/crc/rr: 0.000000000 0.000529710 0.999470290
JK:/crrc/: 0.999907298 0.000092702 0.000000000
JK:/crrc/cr: 0.333333333 0.333333333 0.333333333
JK:/crrc/rr: 0.000000000 0.000046355 0.999953645
JK:/rc/: 0.999930944 0.000069056 0.000000000
JK:/rc/cr: 0.333333333 0.333333333 0.333333333
JK:/rc/rr: 0.000000000 0.000034530 0.999965470
JK:/rrc/: 0.567276873 0.432723127 0.000000000
JK:/rrc/cr: 0.995126261 0.000026599 0.004847140
JK:/rrc/rr: 0.000000000 0.000030435 0.999969565
JQ:/cc/: 0.147928455 0.852071545 0.000000000
JQ:/cc/cr: 0.000002109 0.000002109 0.999995783
JQ:/cc/rr: 0.000000000 0.000018219 0.999981781
JQ:/crc/: 0.994973573 0.005026427 0.000000000
JQ:/crc/cr: 0.003593128 0.003593128 0.992813744
JQ:/crc/rr: 0.000000000 0.000027228 0.999972772
JQ:/crrc/: 0.007650960 0.992349040 0.000000000
JQ:/crrc/cr: 0.171567171 0.000031139 0.828401690
JQ:/crrc/rr: 0.000000000 0.006058207 0.993941793
JQ:/rc/: 0.999298886 0.000701114 0.000000000
JQ:/rc/cr: 0.032831569 0.032831569 0.934336862
JQ:/rc/rr: 0.000000000 0.000034552 0.999965448
JQ:/rrc/: 0.161730716 0.838269284 0.000000000
JQ:/rrc/cr: 0.000013731 0.000013731 0.999972538
JQ:/rrc/rr: 0.000000000 0.000106753 0.999893247
K:/: 0.755728470 0.244271530 0.000000000
K:/cr: 0.722061157 0.277925197 0.000013646
K:/rr: 0.000000000 0.999993384 0.000006616
KJ:/cc/: 0.000020469 0.999979531 0.000000000
KJ:/cc/cr: 0.000006823 0.000006823 0.999986354
KJ:/cc/rr: 0.000000000 0.500000000 0.500000000
KJ:/crc/: 0.000024550 0.999975450 0.000000000
KJ:/crc/cr: 0.000008183 0.999983633 0.000008183
KJ:/crc/rr: 0.000000000 0.500000000 0.500000000
KJ:/crrc/: 0.073705613 0.926294387 0.000000000
KJ:/crrc/cr: 0.000175302 0.999821298 0.000003400
KJ:/crrc/rr: 0.000000000 0.409611333 0.590388667
KJ:/rc/: 0.058105697 0.941894303 0.000000000
KJ:/rc/cr: 0.001488516 0.990234791 0.008276693
KJ:/rc/rr: 0.000000000 0.423117163 0.576882837
KJ:/rrc/: 0.082641825 0.917358175 0.000000000
KJ:/rrc/cr: 0.000055509 0.999943289 0.000001202
KJ:/rrc/rr: 0.000000000 0.999979985 0.000020015
KK:/cc/: 0.999759370 0.000240630 0.000000000
KK:/cc/cr: 0.943290374 0.028354813 0.028354813
KK:/cc/rr: 0.000000000 0.999989763 0.000010237
KK:/crc/: 0.115538654 0.884461346 0.000000000
KK:/crc/cr: 0.999981495 0.000009252 0.000009252
KK:/crc/rr: 0.000000000 0.999893759 0.000106241
KK:/crrc/: 0.998442342 0.001557658 0.000000000
KK:/crrc/cr: 0.995955745 0.002022128 0.002022128
KK:/crrc/rr: 0.000000000 0.999995268 0.000004732
KK:/rc/: 0.812315055 0.187684945 0.000000000
KK:/rc/cr: 0.999976499 0.000011750 0.000011750
KK:/rc/rr: 0.000000000 0.999995928 0.000004072
KK:/rrc/: 0.544634002 0.455365998 0.000000000
KK:/rrc/cr: 0.999995157 0.000002422 0.000002422
KK:/rrc/rr: 0.000000000 0.999996963 0.000003037
KQ:/cc/: 0.000020469 0.999979531 0.000000000
KQ:/cc/cr: 0.000006823 0.468744988 0.531248189
KQ:/cc/rr: 0.000000000 0.500000000 0.500000000
KQ:/crc/: 0.911763898 0.088236102 0.000000000
KQ:/crc/cr: 0.000092743 0.638948567 0.360958690
KQ:/crc/rr: 0.000000000 0.000013463 0.999986537
KQ:/crrc/: 0.000146876 0.999853124 0.000000000
KQ:/crrc/cr: 0.005710854 0.718525596 0.275763550
KQ:/crrc/rr: 0.000000000 0.919736285 0.080263715
KQ:/rc/: 0.000006616 0.999993384 0.000000000
KQ:/rc/cr: 0.000008411 0.480762048 0.519229542
KQ:/rc/rr: 0.000000000 0.500000000 0.500000000
KQ:/rrc/: 0.708152563 0.291847437 0.000000000
KQ:/rrc/cr: 0.011779850 0.933702259 0.054517891
KQ:/rrc/rr: 0.000000000 0.388725361 0.611274639
Q:/: 0.760334065 0.239665935 0.000000000
Q:/cr: 0.162465777 0.837396562 0.000137661
Q:/rr: 0.000000000 0.999993424 0.000006576
QJ:/cc/: 0.000020862 0.999979138 0.000000000
QJ:/cc/cr: 0.000006954 0.000006954 0.999986091
QJ:/cc/rr: 0.000000000 0.500000000 0.500000000
QJ:/crc/: 0.028897620 0.971102380 0.000000000
QJ:/crc/cr: 0.001286385 0.000002851 0.998710764
QJ:/crc/rr: 0.000000000 0.000143688 0.999856312
QJ:/crrc/: 0.010952062 0.989047938 0.000000000
QJ:/crrc/cr: 0.000115325 0.000014426 0.999870250
QJ:/crrc/rr: 0.000000000 0.001954135 0.998045865
QJ:/rc/: 0.009804549 0.990195451 0.000000000
QJ:/rc/cr: 0.000002214 0.000002214 0.999995573
QJ:/rc/rr: 0.000000000 0.000335357 0.999664643
QJ:/rrc/: 0.000003288 0.999996712 0.000000000
QJ:/rrc/cr: 0.000001096 0.000001096 0.999997808
QJ:/rrc/rr: 0.000000000 0.500000000 0.500000000
QK:/cc/: 0.024200012 0.975799988 0.000000000
QK:/cc/cr: 0.999975509 0.000017365 0.000007127
QK:/cc/rr: 0.000000000 0.999568959 0.000431041
QK:/crc/: 0.004214813 0.995785187 0.000000000
QK:/crc/cr: 0.000002780 0.566331271 0.433665949
QK:/crc/rr: 0.000000000 0.000985151 0.999014849
QK:/crrc/: 0.998149658 0.001850342 0.000000000
QK:/crrc/cr: 0.007710941 0.323502952 0.668786107
QK:/crrc/rr: 0.000000000 0.000536413 0.999463587
QK:/rc/: 0.441928155 0.558071845 0.000000000
QK:/rc/cr: 0.000039203 0.534347881 0.465612917
QK:/rc/rr: 0.000000000 0.212843962 0.787156038
QK:/rrc/: 0.130209718 0.869790282 0.000000000
QK:/rrc/cr: 0.000006408 0.303256592 0.696737001
QK:/rrc/rr: 0.000000000 0.000012626 0.999987374
QQ:/cc/: 0.580746790 0.419253210 0.000000000
QQ:/cc/cr: 0.992558380 0.007425033 0.000016587
QQ:/cc/rr: 0.000000000 0.999982038 0.000017962
QQ:/crc/: 0.999062666 0.000937334 0.000000000
QQ:/crc/cr: 0.994093561 0.002953219 0.002953219
QQ:/crc/rr: 0.000000000 0.999995844 0.000004156
QQ:/crrc/: 0.037769144 0.962230856 0.000000000
QQ:/crrc/cr: 0.999970344 0.000014828 0.000014828
QQ:/crrc/rr: 0.000000000 0.999433352 0.000566648
QQ:/rc/: 0.484640086 0.515359914 0.000000000
QQ:/rc/cr: 0.999977908 0.000017838 0.000004253
QQ:/rc/rr: 0.000000000 0.999993216 0.000006784
QQ:/rrc/: 0.988232023 0.011767977 0.000000000
QQ:/rrc/cr: 0.999813729 0.000093136 0.000093136
QQ:/rrc/rr: 0.000000000 0.999998336 0.000001664
