J:/: 0.082591269 0.917408731 0.000000000
J:/cr: 0.017434116 0.038463826 0.944102058
J:/rr: 0.000000000 0.999939461 0.000060539
JJ:/cc/: 0.000329003 0.999670997 0.000000000
JJ:/cc/cr: 0.999996365 0.000001817 0.000001817
JJ:/cc/rr: 0.000000000 0.991717190 0.008282810
JJ:/crc/: 0.922768660 0.077231340 0.000000000
JJ:/crc/cr: 0.999592293 0.000203854 0.000203854
JJ:/crc/rr: 0.000000000 0.999974408 0.000025592
JJ:/crrc/: 0.972846876 0.027153124 0.000000000
JJ:/crrc/cr: 0.997441562 0.001279219 0.001279219
JJ:/crrc/rr: 0.000000000 0.999946444 0.000053556
JJ:/rc/: 0.888980829 0.111019171 0.000000000
JJ:/rc/cr: 0.999636465 0.000181768 0.000181768
JJ:/rc/rr: 0.000000000 0.999965950 0.000034050
JJ:/rrc/: 0.986989809 0.013010191 0.000000000
JJ:/rrc/cr: 0.998448838 0.000775581 0.000775581
JJ:/rrc/rr: 0.000000000 0.999984665 0.000015335
JK:/cc/: 0.086351797 0.913648203 0.000000000
JK:/cc/cr: 0.000200071 0.000001988 0.999797940
JK:/cc/rr: 0.000000000 0.000031558 0.999968442
JK:/crc/: 0.051909906 0.948090094 0.000000000
JK:/crc/cr: 0.037075266 0.000016606 0.962908128
JK:/crc/rr: 0.000000000 0.000454939 0.999545061
JK:/crrc/: 0.999807052 0.000192948 0.000000000
JK:/crrc/cr: 0.180021462 0.180021462 0.639957076
JK:/crrc/rr: 0.000000000 0.000052112 0.999947888
JK:/rc/: 0.985699266 0.014300734 0.000000000
JK:/rc/cr: 0.928344009 0.001411095 0.070244896
JK:/rc/rr: 0.000000000 0.000030709 0.999969291
JK:/rrc/: 0.491362965 0.508637035 0.000000000
JK:/rrc/cr: 0.708417922 0.000019838 0.291562240
JK:/rrc/rr: 0.000000000 0.000030803 0.999969197
JQ:/cc/: 0.195748053 0.804251947 0.000000000
JQ:/cc/cr: 0.000008242 0.000002259 0.999989499
JQ:/cc/rr: 0.000000000 0.000013921 0.999986079
JQ:/crc/: 0.978038995 0.021961005 0.000000000
JQ:/crc/cr: 0.682743830 0.000716902 0.316539267
JQ:/crc/rr: 0.000000000 0.000024146 0.999975854
JQ:/crrc/: 0.030448860 0.969551140 0.000000000
JQ:/crrc/cr: 0.179747104 0.000035826 0.820217071
JQ:/crrc/rr: 0.000000000 0.001711138 0.998288862
JQ:/rc/: 0.993846186 0.006153814 0.000000000
JQ:/rc/cr: 0.003279218 0.003279218 0.993441565
JQ:/rc/rr: 0.000000000 0.000030457 0.999969543
JQ:/rrc/: 0.117349215 0.882650785 0.000000000
JQ:/rrc/cr: 0.000149966 0.000011432 0.999838602
JQ:/rrc/rr: 0.000000000 0.000128980 0.999871020
K:/: 0.753120790 0.246879210 0.000000000
K:/cr: 0.668102045 0.331884453 0.000013502
K:/rr: 0.000000000 0.999993361 0.000006639
KJ:/cc/: 0.000056907 0.999943093 0.000000000
KJ:/cc/cr: 0.000048888 0.000008612 0.999942500
KJ:/cc/rr: 0.000000000 0.822052600 0.177947400
KJ:/crc/: 0.000043714 0.999956286 0.000000000
KJ:/crc/cr: 0.000501436 0.999491783 0.000006781
KJ:/crc/rr: 0.000000000 0.767337862 0.232662138
KJ:/crrc/: 0.082124597 0.917875403 0.000000000
KJ:/crrc/cr: 0.001630776 0.994581627 0.003787597
KJ:/crrc/rr: 0.000000000 0.509638670 0.490361330
KJ:/rc/: 0.081201057 0.918798943 0.000000000
KJ:/rc/cr: 0.014639586 0.948362291 0.036998123
KJ:/rc/rr: 0.000000000 0.338095060 0.661904940
KJ:/rrc/: 0.094138163 0.905861837 0.000000000
KJ:/rrc/cr: 0.000397961 0.998745997 0.000856043
KJ:/rrc/rr: 0.000000000 0.485024838 0.514975162
KK:/cc/: 0.997423963 0.002576037 0.000000000
KK:/cc/cr: 0.994758661 0.002620669 0.002620669
KK:/cc/rr: 0.000000000 0.999989847 0.000010153
KK:/crc/: 0.145474760 0.854525240 0.000000000
KK:/crc/cr: 0.999984131 0.000007935 0.000007935
KK:/crc/rr: 0.000000000 0.999930087 0.000069913
KK:/crrc/: 0.984297165 0.015702835 0.000000000
KK:/crrc/cr: 0.999571005 0.000214497 0.000214497
KK:/crrc/rr: 0.000000000 0.999994867 0.000005133
KK:/rc/: 0.886441625 0.113558375 0.000000000
KK:/rc/cr: 0.999961024 0.000019488 0.000019488
KK:/rc/rr: 0.000000000 0.999996255 0.000003745
KK:/rrc/: 0.535330368 0.464669632 0.000000000
KK:/rrc/cr: 0.999995237 0.000002381 0.000002381
KK:/rrc/rr: 0.000000000 0.999996900 0.000003100
KQ:/cc/: 0.000150806 0.999849194 0.000000000
KQ:/cc/cr: 0.000050205 0.404589082 0.595360713
KQ:/cc/rr: 0.000000000 0.932851248 0.067148752
KQ:/crc/: 0.855644450 0.144355550 0.000000000
KQ:/crc/cr: 0.000356185 0.444960932 0.554682883
KQ:/crc/rr: 0.000000000 0.000020175 0.999979825
KQ:/crrc/: 0.010640967 0.989359033 0.000000000
KQ:/crrc/cr: 0.014674123 0.709532980 0.275792897
KQ:/crrc/rr: 0.000000000 0.506911197 0.493088803
KQ:/rc/: 0.000319567 0.999680433 0.000000000
KQ:/rc/cr: 0.000035032 0.508457224 0.491507744
KQ:/rc/rr: 0.000000000 0.168116755 0.831883245
KQ:/rrc/: 0.685436001 0.314563999 0.000000000
KQ:/rrc/cr: 0.023164668 0.872533010 0.104302321
KQ:/rrc/rr: 0.000000000 0.392516654 0.607483346
Q:/: 0.728057517 0.271942483 0.000000000
Q:/cr: 0.149220286 0.849968492 0.000811222
Q:/rr: 0.000000000 0.999993132 0.000006868
QJ:/cc/: 0.000018386 0.999981614 0.000000000
QJ:/cc/cr: 0.000020527 0.000006129 0.999973344
QJ:/cc/rr: 0.000000000 0.500000000 0.500000000
QJ:/crc/: 0.027839932 0.972160068 0.000000000
QJ:/crc/cr: 0.005774927 0.000002472 0.994222601
QJ:/crc/rr: 0.000000000 0.000129500 0.999870500
QJ:/crrc/: 0.006503958 0.993496042 0.000000000
QJ:/crrc/cr: 0.000169808 0.000013780 0.999816412
QJ:/crrc/rr: 0.000000000 0.003157447 0.996842553
QJ:/rc/: 0.009020750 0.990979250 0.000000000
QJ:/rc/cr: 0.000030668 0.000002310 0.999967022
QJ:/rc/rr: 0.000000000 0.000380655 0.999619345
QJ:/rrc/: 0.000003434 0.999996566 0.000000000
QJ:/rrc/cr: 0.000001447 0.000001145 0.999997408
QJ:/rrc/rr: 0.000000000 0.500000000 0.500000000
QK:/cc/: 0.569579085 0.430420915 0.000000000
QK:/cc/cr: 0.013228405 0.986740713 0.000030882
QK:/cc/rr: 0.000000000 0.438745748 0.561254252
QK:/crc/: 0.009345179 0.990654821 0.000000000
QK:/crc/cr: 0.000002426 0.552326334 0.447671240
QK:/crc/rr: 0.000000000 0.000385790 0.999614210
QK:/crrc/: 0.900916243 0.099083757 0.000000000
QK:/crrc/cr: 0.000228838 0.561889170 0.437881991
QK:/crrc/rr: 0.000000000 0.000601569 0.999398431
QK:/rc/: 0.469742756 0.530257244 0.000000000
QK:/rc/cr: 0.056781949 0.498159345 0.445058706
QK:/rc/rr: 0.000000000 0.189426984 0.810573016
QK:/rrc/: 0.124311177 0.875688823 0.000000000
QK:/rrc/cr: 0.000001307 0.298428707 0.701569986
QK:/rrc/rr: 0.000000000 0.000664486 0.999335514
QQ:/cc/: 0.515203905 0.484796095 0.000000000
QQ:/cc/cr: 0.999974716 0.000012642 0.000012642
QQ:/cc/rr: 0.000000000 0.999982156 0.000017844
QQ:/crc/: 0.981391788 0.018608212 0.000000000
QQ:/crc/cr: 0.999741671 0.000129164 0.000129164
QQ:/crc/rr: 0.000000000 0.999996326 0.000003674
QQ:/crrc/: 0.183447155 0.816552845 0.000000000
QQ:/crrc/cr: 0.999966467 0.000016766 0.000016766
QQ:/crrc/rr: 0.000000000 0.999888055 0.000111945
QQ:/rc/: 0.576912228 0.423087772 0.000000000
QQ:/rc/cr: 0.999989179 0.000005411 0.000005411
QQ:/rc/rr: 0.000000000 0.999994048 0.000005952
QQ:/rrc/: 0.978987516 0.021012484 0.000000000
QQ:/rrc/cr: 0.999891055 0.000054473 0.000054473
QQ:/rrc/rr: 0.000000000 0.999998246 0.000001754
