J:/c: 0.305634431 0.694365569 0.000000000
J:/crr: 0.000000000 0.999983641 0.000016359
J:/r: 0.055296697 0.129213005 0.815490298
JJ:/cc/c: 0.999992799 0.000007201 0.000000000
JJ:/cc/crr: 0.000000000 0.999996400 0.000003600
JJ:/cc/r: 0.999990399 0.000004801 0.000004801
JJ:/crc/c: 0.999983641 0.000016359 0.000000000
JJ:/crc/crr: 0.000000000 0.999991820 0.000008180
JJ:/crc/r: 0.999404461 0.000584633 0.000010906
JJ:/crrc/c: 0.999991820 0.000008180 0.000000000
JJ:/crrc/crr: 0.000000000 0.999995910 0.000004090
JJ:/crrc/r: 0.999961457 0.000033090 0.000005453
JJ:/rc/c: 0.999974203 0.000025797 0.000000000
JJ:/rc/crr: 0.000000000 0.999987101 0.000012899
JJ:/rc/r: 0.999965604 0.000017198 0.000017198
JJ:/rrc/c: 0.999939719 0.000060281 0.000000000
JJ:/rrc/crr: 0.000000000 0.999969858 0.000030142
JJ:/rrc/r: 0.999845022 0.000114791 0.000040187
JK:/cc/c: 0.006559851 0.993440149 0.000000000
JK:/cc/crr: 0.000000000 0.000548855 0.999451145
JK:/cc/r: 0.000004801 0.000004801 0.999990399
JK:/crc/c: 0.508095003 0.491904997 0.000000000
JK:/crc/crr: 0.000000000 0.000016099 0.999983901
JK:/crc/r: 0.026757373 0.000010906 0.973231720
JK:/crrc/c: 0.365237002 0.634762998 0.000000000
JK:/crrc/crr: 0.000000000 0.000011198 0.999988802
JK:/crrc/r: 0.201986324 0.000005453 0.798008223
JK:/rc/c: 0.365347975 0.634652025 0.000000000
JK:/rc/crr: 0.000000000 0.000035305 0.999964695
JK:/rc/r: 0.366125606 0.000017198 0.633857196
JK:/rrc/c: 0.999939719 0.000060281 0.000000000
JK:/rrc/crr: 0.000000000 0.000030142 0.999969858
JK:/rrc/r: 0.280867451 0.000040187 0.719092362
JQ:/cc/c: 0.067465830 0.932534170 0.000000000
JQ:/cc/crr: 0.000000000 0.000053366 0.999946634
JQ:/cc/r: 0.036071461 0.000004801 0.963923739
JQ:/crc/c: 0.482812809 0.517187191 0.000000000
JQ:/crc/crr: 0.000000000 0.000016942 0.999983058
JQ:/crc/r: 0.000053892 0.000010906 0.999935202
JQ:/crrc/c: 0.049951304 0.950048696 0.000000000
JQ:/crrc/crr: 0.000000000 0.000081878 0.999918122
JQ:/crrc/r: 0.048342701 0.000005453 0.951651846
JQ:/rc/c: 0.998751394 0.001248606 0.000000000
JQ:/rc/crr: 0.000000000 0.000012915 0.999987085
JQ:/rc/r: 0.000017198 0.000017198 0.999965604
JQ:/rrc/c: 0.033782643 0.966217357 0.000000000
JQ:/rrc/crr: 0.000000000 0.000892187 0.999107813
JQ:/rrc/r: 0.377024534 0.000040187 0.622935279
K:/c: 0.999891140 0.000108860 0.000000000
K:/crr: 0.000000000 0.999994999 0.000005001
K:/r: 0.575745927 0.424247406 0.000006667
KJ:/cc/c: 0.045930720 0.954069280 0.000000000
KJ:/cc/crr: 0.000000000 0.500000000 0.500000000
KJ:/cc/r: 0.030620480 0.030620480 0.938759040
KJ:/crc/c: 0.163243772 0.836756228 0.000000000
KJ:/crc/crr: 0.000000000 0.999984684 0.000015316
KJ:/crc/r: 0.000018939 0.746074924 0.253906137
KJ:/crrc/c: 0.292754408 0.707245592 0.000000000
KJ:/crrc/crr: 0.000000000 0.999995730 0.000004270
KJ:/crrc/r: 0.008149793 0.872427878 0.119422329
KJ:/rc/c: 0.442093591 0.557906409 0.000000000
KJ:/rc/crr: 0.000000000 0.666997367 0.333002633
KJ:/rc/r: 0.000328626 0.823656585 0.176014790
KJ:/rrc/c: 0.272620142 0.727379858 0.000000000
KJ:/rrc/crr: 0.000000000 0.999989382 0.000010618
KJ:/rrc/r: 0.053339759 0.890775859 0.055884382
KK:/cc/c: 0.954069280 0.045930720 0.000000000
KK:/cc/crr: 0.000000000 0.975929044 0.024070956
KK:/cc/r: 0.938759040 0.030620480 0.030620480
KK:/crc/c: 0.999994999 0.000005001 0.000000000
KK:/crc/crr: 0.000000000 0.999997500 0.000002500
KK:/crc/r: 0.968209617 0.031787049 0.000003334
KK:/crrc/c: 0.999997500 0.000002500 0.000000000
KK:/crrc/crr: 0.000000000 0.999998750 0.000001250
KK:/crrc/r: 0.999922612 0.000075721 0.000001667
KK:/rc/c: 0.999992143 0.000007857 0.000000000
KK:/rc/crr: 0.000000000 0.999996071 0.000003929
KK:/rc/r: 0.999973005 0.000021757 0.000005238
KK:/rrc/c: 0.999994210 0.000005790 0.000000000
KK:/rrc/crr: 0.000000000 0.999997105 0.000002895
KK:/rrc/r: 0.997332903 0.002663237 0.000003860
KQ:/cc/c: 0.045930720 0.954069280 0.000000000
KQ:/cc/crr: 0.000000000 0.500000000 0.500000000
KQ:/cc/r: 0.030620480 0.938759040 0.030620480
KQ:/crc/c: 0.147860173 0.852139827 0.000000000
KQ:/crc/crr: 0.000000000 0.001350425 0.998649575
KQ:/crc/r: 0.000014058 0.439286131 0.560699811
KQ:/crrc/c: 0.604754267 0.395245733 0.000000000
KQ:/crrc/crr: 0.000000000 0.407930294 0.592069706
KQ:/crrc/r: 0.000021429 0.810928601 0.189049969
KQ:/rc/c: 0.000555285 0.999444715 0.000000000
KQ:/rc/crr: 0.000000000 0.007074787 0.992925213
KQ:/rc/r: 0.000009706 0.300313014 0.699677280
KQ:/rrc/c: 0.471070265 0.528929735 0.000000000
KQ:/rrc/crr: 0.000000000 0.605660493 0.394339507
KQ:/rrc/r: 0.093572993 0.535742116 0.370684891
Q:/c: 0.849160528 0.150839472 0.000000000
Q:/crr: 0.000000000 0.999994112 0.000005888
Q:/r: 0.352545247 0.647435386 0.000019367
QJ:/cc/c: 0.000033148 0.999966852 0.000000000
QJ:/cc/crr: 0.000000000 0.500000000 0.500000000
QJ:/cc/r: 0.000022099 0.000022099 0.999955803
QJ:/crc/c: 0.379186624 0.620813376 0.000000000
QJ:/crc/crr: 0.000000000 0.000080490 0.999919510
QJ:/crc/r: 0.000087025 0.000003925 0.999909050
QJ:/crrc/c: 0.000002944 0.999997056 0.000000000
QJ:/crrc/crr: 0.000000000 0.500000000 0.500000000
QJ:/crrc/r: 0.000001963 0.000001963 0.999996075
QJ:/rc/c: 0.000005149 0.999994851 0.000000000
QJ:/rc/crr: 0.000000000 0.500000000 0.500000000
QJ:/rc/r: 0.000003432 0.000003432 0.999993135
QJ:/rrc/c: 0.000009455 0.999990545 0.000000000
QJ:/rrc/crr: 0.000000000 0.500000000 0.500000000
QJ:/rrc/r: 0.000069585 0.000006303 0.999924111
QK:/cc/c: 0.064696092 0.935303908 0.000000000
QK:/cc/crr: 0.000000000 0.999743819 0.000256181
QK:/cc/r: 0.000044144 0.723049023 0.276906833
QK:/crc/c: 0.373385342 0.626614658 0.000000000
QK:/crc/crr: 0.000000000 0.000750457 0.999249543
QK:/crc/r: 0.000022055 0.510347309 0.489630636
QK:/crrc/c: 0.128681710 0.871318290 0.000000000
QK:/crrc/crr: 0.000000000 0.001018181 0.998981819
QK:/crrc/r: 0.000022904 0.261585071 0.738392025
QK:/rc/c: 0.383125648 0.616874352 0.000000000
QK:/rc/crr: 0.000000000 0.023246615 0.976753385
QK:/rc/r: 0.000005474 0.319570357 0.680424168
QK:/rrc/c: 0.424144348 0.575855652 0.000000000
QK:/rrc/crr: 0.000000000 0.012448960 0.987551040
QK:/rrc/r: 0.000049770 0.498730293 0.501219937
QQ:/cc/c: 0.999966852 0.000033148 0.000000000
QQ:/cc/crr: 0.000000000 0.999983426 0.000016574
QQ:/cc/r: 0.996466189 0.003511713 0.000022099
QQ:/crc/c: 0.999994112 0.000005888 0.000000000
QQ:/crc/crr: 0.000000000 0.999997056 0.000002944
QQ:/crc/r: 0.999941439 0.000054636 0.000003925
QQ:/crrc/c: 0.999997056 0.000002944 0.000000000
QQ:/crrc/crr: 0.000000000 0.999998528 0.000001472
QQ:/crrc/r: 0.999821157 0.000176880 0.000001963
QQ:/rc/c: 0.999994851 0.000005149 0.000000000
QQ:/rc/crr: 0.000000000 0.999997426 0.000002574
QQ:/rc/r: 0.999992968 0.000003599 0.000003432
QQ:/rrc/c: 0.999990545 0.000009455 0.000000000
QQ:/rrc/crr: 0.000000000 0.999995272 0.000004728
QQ:/rrc/r: 0.999961685 0.000032012 0.000006303
