J:/: 0.080231582 0.919768418 0.000000000
J:/cr: 0.016851398 0.037909793 0.945238808
J:/rr: 0.000000000 0.999937680 0.000062320
JJ:/cc/: 0.000294264 0.999705736 0.000000000
JJ:/cc/cr: 0.999996375 0.000001813 0.000001813
JJ:/cc/rr: 0.000000000 0.990763151 0.009236849
JJ:/crc/: 0.890204419 0.109795581 0.000000000
JJ:/crc/cr: 0.999709770 0.000145115 0.000145115
JJ:/crc/rr: 0.000000000 0.999973153 0.000026847
JJ:/crrc/: 0.961926506 0.038073494 0.000000000
JJ:/crrc/cr: 0.998117130 0.000941435 0.000941435
JJ:/crrc/rr: 0.000000000 0.999944106 0.000055894
JJ:/rc/: 0.836929488 0.163070512 0.000000000
JJ:/rc/cr: 0.999745224 0.000127388 0.000127388
JJ:/rc/rr: 0.000000000 0.999962769 0.000037231
JJ:/rrc/: 0.993476153 0.006523847 0.000000000
JJ:/rrc/cr: 0.996815607 0.001592197 0.001592197
JJ:/rrc/rr: 0.000000000 0.999984317 0.000015683
JK:/cc/: 0.081613457 0.918386543 0.000000000
JK:/cc/cr: 0.000283937 0.000001973 0.999714090
JK:/cc/rr: 0.000000000 0.000033304 0.999966696
JK:/crc/: 0.086368146 0.913631854 0.000000000
JK:/crc/cr: 0.075724992 0.000017439 0.924257569
JK:/crc/rr: 0.000000000 0.000276717 0.999723283
JK:/crrc/: 0.999801155 0.000198845 0.000000000
JK:/crrc/cr: 0.180259141 0.180259141 0.639481718
JK:/crrc/rr: 0.000000000 0.000053776 0.999946224
JK:/rc/: 0.986166889 0.013833111 0.000000000
JK:/rc/cr: 0.868295714 0.001501701 0.130202585
JK:/rc/rr: 0.000000000 0.000031597 0.999968403
JK:/rrc/: 0.499988849 0.500011151 0.000000000
JK:/rrc/cr: 0.778332595 0.000020774 0.221646631
JK:/rrc/rr: 0.000000000 0.000031162 0.999968838
JQ:/cc/: 0.197829525 0.802170475 0.000000000
JQ:/cc/cr: 0.000008264 0.000002259 0.999989477
JQ:/cc/rr: 0.000000000 0.000013739 0.999986261
JQ:/crc/: 0.983664522 0.016335478 0.000000000
JQ:/crc/cr: 0.642735913 0.000975362 0.356288725
JQ:/crc/rr: 0.000000000 0.000024296 0.999975704
JQ:/crrc/: 0.042905020 0.957094980 0.000000000
JQ:/crrc/cr: 0.115883728 0.000037451 0.884078821
JQ:/crrc/rr: 0.000000000 0.001253130 0.998746870
JQ:/rc/: 0.992295366 0.007704634 0.000000000
JQ:/rc/cr: 0.002696195 0.002696195 0.994607609
JQ:/rc/rr: 0.000000000 0.000031402 0.999968598
JQ:/rrc/: 0.146342136 0.853657864 0.000000000
JQ:/rrc/cr: 0.001349634 0.000012168 0.998638198
JQ:/rrc/rr: 0.000000000 0.000106469 0.999893531
K:/: 0.760400153 0.239599847 0.000000000
K:/cr: 0.676839131 0.323146957 0.000013912
K:/rr: 0.000000000 0.999993425 0.000006575
KJ:/cc/: 0.000058228 0.999941772 0.000000000
KJ:/cc/cr: 0.000050551 0.000009001 0.999940447
KJ:/cc/rr: 0.000000000 0.820807371 0.179192629
KJ:/crc/: 0.000045901 0.999954099 0.000000000
KJ:/crc/cr: 0.000220336 0.999772488 0.000007176
KJ:/crc/rr: 0.000000000 0.765519458 0.234480542
KJ:/crrc/: 0.066637392 0.933362608 0.000000000
KJ:/crrc/cr: 0.004071487 0.991434748 0.004493765
KJ:/crrc/rr: 0.000000000 0.543789644 0.456210356
KJ:/rc/: 0.057282756 0.942717244 0.000000000
KJ:/rc/cr: 0.012573085 0.943256949 0.044169967
KJ:/rc/rr: 0.000000000 0.317725067 0.682274933
KJ:/rrc/: 0.102266156 0.897733844 0.000000000
KJ:/rrc/cr: 0.000495949 0.998379207 0.001124844
KJ:/rrc/rr: 0.000000000 0.593800301 0.406199699
KK:/cc/: 0.983484548 0.016515452 0.000000000
KK:/cc/cr: 0.999157632 0.000421184 0.000421184
KK:/cc/rr: 0.000000000 0.999989391 0.000010609
KK:/crc/: 0.194670418 0.805329582 0.000000000
KK:/crc/cr: 0.999982180 0.000008910 0.000008910
KK:/crc/rr: 0.000000000 0.999944712 0.000055288
KK:/crrc/: 0.976286956 0.023713044 0.000000000
KK:/crrc/cr: 0.999711066 0.000144467 0.000144467
KK:/crrc/rr: 0.000000000 0.999994737 0.000005263
KK:/rc/: 0.860981101 0.139018899 0.000000000
KK:/rc/cr: 0.999968467 0.000015766 0.000015766
KK:/rc/rr: 0.000000000 0.999996181 0.000003819
KK:/rrc/: 0.524145494 0.475854506 0.000000000
KK:/rrc/cr: 0.999995394 0.000002303 0.000002303
KK:/rrc/rr: 0.000000000 0.999996864 0.000003136
KQ:/cc/: 0.000059209 0.999940791 0.000000000
KQ:/cc/cr: 0.000051231 0.413929764 0.586019005
KQ:/cc/rr: 0.000000000 0.823777008 0.176222992
KQ:/crc/: 0.874565975 0.125434025 0.000000000
KQ:/crc/cr: 0.000443975 0.691716021 0.307840004
KQ:/crc/rr: 0.000000000 0.000019128 0.999980872
KQ:/crrc/: 0.016557294 0.983442706 0.000000000
KQ:/crrc/cr: 0.039637316 0.666218641 0.294144042
KQ:/crrc/rr: 0.000000000 0.309268534 0.690731466
KQ:/rc/: 0.000359041 0.999640959 0.000000000
KQ:/rc/cr: 0.000040230 0.493579708 0.506380062
KQ:/rc/rr: 0.000000000 0.114286820 0.885713180
KQ:/rrc/: 0.674772639 0.325227361 0.000000000
KQ:/rrc/cr: 0.026618065 0.877473416 0.095908520
KQ:/rrc/rr: 0.000000000 0.388080340 0.611919660
Q:/: 0.736174214 0.263825786 0.000000000
Q:/cr: 0.153375543 0.845488419 0.001136038
Q:/rr: 0.000000000 0.999993208 0.000006792
QJ:/cc/: 0.000018952 0.999981048 0.000000000
QJ:/cc/cr: 0.000021370 0.000006317 0.999972313
QJ:/cc/rr: 0.000000000 0.500000000 0.500000000
QJ:/crc/: 0.027949549 0.972050451 0.000000000
QJ:/crc/cr: 0.005506212 0.000002562 0.994491226
QJ:/crc/rr: 0.000000000 0.000133665 0.999866335
QJ:/crrc/: 0.004749831 0.995250169 0.000000000
QJ:/crrc/cr: 0.000170015 0.000013795 0.999816190
QJ:/crrc/rr: 0.000000000 0.004335780 0.995664220
QJ:/rc/: 0.009356279 0.990643721 0.000000000
QJ:/rc/cr: 0.000018082 0.000002285 0.999979632
QJ:/rc/rr: 0.000000000 0.000362958 0.999637042
QJ:/rrc/: 0.000003396 0.999996604 0.000000000
QJ:/rrc/cr: 0.000001964 0.000001132 0.999996904
QJ:/rrc/rr: 0.000000000 0.500000000 0.500000000
QK:/cc/: 0.380406864 0.619593136 0.000000000
QK:/cc/cr: 0.112771955 0.887209485 0.000018561
QK:/cc/rr: 0.000000000 0.999975090 0.000024910
QK:/crc/: 0.002882519 0.997117481 0.000000000
QK:/crc/cr: 0.000002498 0.555656198 0.444341304
QK:/crc/rr: 0.000000000 0.001296050 0.998703950
QK:/crrc/: 0.903785476 0.096214524 0.000000000
QK:/crrc/cr: 0.000230513 0.657419150 0.342350337
QK:/crrc/rr: 0.000000000 0.000598362 0.999401638
QK:/rc/: 0.465623821 0.534376179 0.000000000
QK:/rc/cr: 0.027485876 0.521507055 0.451007068
QK:/rc/rr: 0.000000000 0.198089056 0.801910944
QK:/rrc/: 0.127632413 0.872367587 0.000000000
QK:/rrc/cr: 0.000001298 0.294843105 0.705155598
QK:/rrc/rr: 0.000000000 0.000640330 0.999359670
QQ:/cc/: 0.528603578 0.471396422 0.000000000
QQ:/cc/cr: 0.999973198 0.000013401 0.000013401
QQ:/cc/rr: 0.000000000 0.999982074 0.000017926
QQ:/crc/: 0.991621301 0.008378699 0.000000000
QQ:/crc/cr: 0.999405494 0.000297253 0.000297253
QQ:/crc/rr: 0.000000000 0.999996233 0.000003767
QQ:/crrc/: 0.159445513 0.840554487 0.000000000
QQ:/crrc/cr: 0.999967332 0.000016334 0.000016334
QQ:/crrc/rr: 0.000000000 0.999870838 0.000129162
QQ:/rc/: 0.539926210 0.460073790 0.000000000
QQ:/rc/cr: 0.999990158 0.000004921 0.000004921
QQ:/rc/rr: 0.000000000 0.999993710 0.000006290
QQ:/rrc/: 0.980154740 0.019845260 0.000000000
QQ:/rrc/cr: 0.999885919 0.000057041 0.000057041
QQ:/rrc/rr: 0.000000000 0.999998268 0.000001732
