J:/c: 0.295813500 0.704186500 0.000000000
J:/crr: 0.000000000 0.999983097 0.000016903
J:/r: 0.054851685 0.126998155 0.818150160
JJ:/cc/c: 0.999992900 0.000007100 0.000000000
JJ:/cc/crr: 0.000000000 0.999996450 0.000003550
JJ:/cc/r: 0.999990533 0.000004734 0.000004734
JJ:/crc/c: 0.999983097 0.000016903 0.000000000
JJ:/crc/crr: 0.000000000 0.999991549 0.000008451
JJ:/crc/r: 0.999146068 0.000842664 0.000011268
JJ:/crrc/c: 0.999991549 0.000008451 0.000000000
JJ:/crrc/crr: 0.000000000 0.999995774 0.000004226
JJ:/crrc/r: 0.999971117 0.000023248 0.000005634
JJ:/rc/c: 0.999973753 0.000026247 0.000000000
JJ:/rc/crr: 0.000000000 0.999986876 0.000013124
JJ:/rc/r: 0.999957592 0.000024910 0.000017498
JJ:/rrc/c: 0.999939230 0.000060770 0.000000000
JJ:/rrc/crr: 0.000000000 0.999969613 0.000030387
JJ:/rrc/r: 0.999846330 0.000113157 0.000040513
JK:/cc/c: 0.005272104 0.994727896 0.000000000
JK:/cc/crr: 0.000000000 0.000673393 0.999326607
JK:/cc/r: 0.000004734 0.000004734 0.999990533
JK:/crc/c: 0.517606881 0.482393119 0.000000000
JK:/crc/crr: 0.000000000 0.000016328 0.999983672
JK:/crc/r: 0.021725057 0.000011268 0.978263675
JK:/crrc/c: 0.467080459 0.532919541 0.000000000
JK:/crrc/crr: 0.000000000 0.000009047 0.999990953
JK:/crrc/r: 0.228456706 0.000005634 0.771537659
JK:/rc/c: 0.388665191 0.611334809 0.000000000
JK:/rc/crr: 0.000000000 0.000033766 0.999966234
JK:/rc/r: 0.368162178 0.000017498 0.631820324
JK:/rrc/c: 0.999939230 0.000060770 0.000000000
JK:/rrc/crr: 0.000000000 0.000030387 0.999969613
JK:/rrc/r: 0.299566524 0.000040513 0.700392963
JQ:/cc/c: 0.066337699 0.933662301 0.000000000
JQ:/cc/crr: 0.000000000 0.000053517 0.999946483
JQ:/cc/r: 0.043709775 0.000004734 0.956285491
JQ:/crc/c: 0.544309930 0.455690070 0.000000000
JQ:/crc/crr: 0.000000000 0.000015527 0.999984473
JQ:/crc/r: 0.027364306 0.000011268 0.972624426
JQ:/crrc/c: 0.036925720 0.963074280 0.000000000
JQ:/crrc/crr: 0.000000000 0.000114438 0.999885562
JQ:/crrc/r: 0.197750156 0.000005634 0.802244210
JQ:/rc/c: 0.998616177 0.001383823 0.000000000
JQ:/rc/crr: 0.000000000 0.000013142 0.999986858
JQ:/rc/r: 0.000017498 0.000017498 0.999965004
JQ:/rrc/c: 0.054651116 0.945348884 0.000000000
JQ:/rrc/crr: 0.000000000 0.000555981 0.999444019
JQ:/rrc/r: 0.507032203 0.000040513 0.492927284
K:/c: 0.999969822 0.000030178 0.000000000
K:/crr: 0.000000000 0.999995000 0.000005000
K:/r: 0.579963392 0.420029941 0.000006667
KJ:/cc/c: 0.165681037 0.834318963 0.000000000
KJ:/cc/crr: 0.000000000 0.500000000 0.500000000
KJ:/cc/r: 0.489974887 0.239166711 0.270858402
KJ:/crc/c: 0.181005539 0.818994461 0.000000000
KJ:/crc/crr: 0.000000000 0.999986188 0.000013812
KJ:/crc/r: 0.000026856 0.740680278 0.259292866
KJ:/crrc/c: 0.323300021 0.676699979 0.000000000
KJ:/crrc/crr: 0.000000000 0.606667689 0.393332311
KJ:/crrc/r: 0.000001714 0.880981909 0.119016377
KJ:/rc/c: 0.437671136 0.562328864 0.000000000
KJ:/rc/crr: 0.000000000 0.963191370 0.036808630
KJ:/rc/r: 0.024539210 0.775436161 0.200024628
KJ:/rrc/c: 0.196952802 0.803047198 0.000000000
KJ:/rrc/crr: 0.000000000 0.999985409 0.000014591
KJ:/rrc/r: 0.028597473 0.918925175 0.052477352
KK:/cc/c: 0.834318963 0.165681037 0.000000000
KK:/cc/crr: 0.000000000 0.900708815 0.099291185
KK:/cc/r: 0.623714489 0.265831486 0.110454025
KK:/crc/c: 0.999995000 0.000005000 0.000000000
KK:/crc/crr: 0.000000000 0.999997500 0.000002500
KK:/crc/r: 0.984605075 0.015391591 0.000003333
KK:/crrc/c: 0.999997500 0.000002500 0.000000000
KK:/crrc/crr: 0.000000000 0.999998750 0.000001250
KK:/crrc/r: 0.999992727 0.000005606 0.000001667
KK:/rc/c: 0.999992064 0.000007936 0.000000000
KK:/rc/crr: 0.000000000 0.999996032 0.000003968
KK:/rc/r: 0.999980366 0.000014343 0.000005291
KK:/rrc/c: 0.999994253 0.000005747 0.000000000
KK:/rrc/crr: 0.000000000 0.999997126 0.000002874
KK:/rrc/r: 0.999266553 0.000729616 0.000003832
KQ:/cc/c: 0.493100822 0.506899178 0.000000000
KQ:/cc/crr: 0.000000000 0.832000851 0.167999149
KQ:/cc/r: 0.462363983 0.426073137 0.111562880
KQ:/crc/c: 0.113753531 0.886246469 0.000000000
KQ:/crc/crr: 0.000000000 0.005579983 0.994420017
KQ:/crc/r: 0.000010130 0.435047260 0.564942609
KQ:/crrc/c: 0.637340246 0.362659754 0.000000000
KQ:/crrc/crr: 0.000000000 0.407841406 0.592158594
KQ:/crrc/r: 0.000004549 0.732562621 0.267432830
KQ:/rc/c: 0.000149077 0.999850923 0.000000000
KQ:/rc/crr: 0.000000000 0.029920075 0.970079925
KQ:/rc/r: 0.000017233 0.305181641 0.694801125
KQ:/rrc/c: 0.459355172 0.540644828 0.000000000
KQ:/rrc/crr: 0.000000000 0.425413660 0.574586340
KQ:/rrc/r: 0.042518712 0.601827262 0.355654026
Q:/c: 0.859281450 0.140718550 0.000000000
Q:/crr: 0.000000000 0.999994181 0.000005819
Q:/r: 0.360854937 0.639066712 0.000078352
QJ:/cc/c: 0.000036097 0.999963903 0.000000000
QJ:/cc/crr: 0.000000000 0.492172051 0.507827949
QJ:/cc/r: 0.000023688 0.000023688 0.999952624
QJ:/crc/c: 0.401093948 0.598906052 0.000000000
QJ:/crc/crr: 0.000000000 0.000045584 0.999954416
QJ:/crc/r: 0.000003879 0.000003879 0.999992242
QJ:/crrc/c: 0.000024243 0.999975757 0.000000000
QJ:/crrc/crr: 0.000000000 0.060006212 0.939993788
QJ:/crrc/r: 0.019763942 0.000001940 0.980234119
QJ:/rc/c: 0.000057542 0.999942458 0.000000000
QJ:/rc/crr: 0.000000000 0.045322863 0.954677137
QJ:/rc/r: 0.018321274 0.000003477 0.981675248
QJ:/rrc/c: 0.000174255 0.999825745 0.000000000
QJ:/rrc/crr: 0.000000000 0.026505241 0.973494759
QJ:/rrc/r: 0.000055326 0.000006158 0.999938516
QK:/cc/c: 0.040598513 0.959401487 0.000000000
QK:/cc/crr: 0.000000000 0.999562399 0.000437601
QK:/cc/r: 0.000089269 0.786170931 0.213739800
QK:/crc/c: 0.365458851 0.634541149 0.000000000
QK:/crc/crr: 0.000000000 0.000756498 0.999243502
QK:/crc/r: 0.000059601 0.516727900 0.483212499
QK:/crrc/c: 0.000124335 0.999875665 0.000000000
QK:/crrc/crr: 0.000000000 0.988300077 0.011699923
QK:/crrc/r: 0.000052222 0.274506723 0.725441055
QK:/rc/c: 0.366771800 0.633228200 0.000000000
QK:/rc/crr: 0.000000000 0.000395209 0.999604791
QK:/rc/r: 0.000011491 0.307168926 0.692819583
QK:/rrc/c: 0.428710312 0.571289688 0.000000000
QK:/rrc/crr: 0.000000000 0.058519447 0.941480553
QK:/rrc/r: 0.000068442 0.510442155 0.489489403
QQ:/cc/c: 0.999964468 0.000035532 0.000000000
QQ:/cc/crr: 0.000000000 0.999982233 0.000017767
QQ:/cc/r: 0.999755209 0.000221103 0.000023688
QQ:/crc/c: 0.999994181 0.000005819 0.000000000
QQ:/crc/crr: 0.000000000 0.999997091 0.000002909
QQ:/crc/r: 0.999957567 0.000038554 0.000003879
QQ:/crrc/c: 0.999997091 0.000002909 0.000000000
QQ:/crrc/crr: 0.000000000 0.999998545 0.000001455
QQ:/crrc/r: 0.999657949 0.000340112 0.000001940
QQ:/rc/c: 0.999994784 0.000005216 0.000000000
QQ:/rc/crr: 0.000000000 0.999997392 0.000002608
QQ:/rc/r: 0.999991577 0.000004945 0.000003477
QQ:/rrc/c: 0.999990763 0.000009237 0.000000000
QQ:/rrc/crr: 0.000000000 0.999995381 0.000004619
QQ:/rrc/r: 0.999957099 0.000036743 0.000006158
