J:/: 0.078845781 0.921154219 0.000000000
J:/cr: 0.018126380 0.035707981 0.946165639
J:/rr: 0.000000000 0.999936585 0.000063415
JJ:/cc/: 0.000299058 0.999700942 0.000000000
JJ:/cc/cr: 0.999996380 0.000001810 0.000001810
JJ:/cc/rr: 0.000000000 0.990924887 0.009075113
JJ:/crc/: 0.877015023 0.122984977 0.000000000
JJ:/crc/cr: 0.999725332 0.000137334 0.000137334
JJ:/crc/rr: 0.000000000 0.999971112 0.000028888
JJ:/crrc/: 0.954730997 0.045269003 0.000000000
JJ:/crrc/cr: 0.998530014 0.000734993 0.000734993
JJ:/crrc/rr: 0.000000000 0.999947725 0.000052275
JJ:/rc/: 0.859532179 0.140467821 0.000000000
JJ:/rc/cr: 0.999699030 0.000150485 0.000150485
JJ:/rc/rr: 0.000000000 0.999963111 0.000036889
JJ:/rrc/: 0.997645155 0.002354845 0.000000000
JJ:/rrc/cr: 0.991022910 0.004488545 0.004488545
JJ:/rrc/rr: 0.000000000 0.999984108 0.000015892
JK:/cc/: 0.075912283 0.924087717 0.000000000
JK:/cc/cr: 0.000102396 0.000001958 0.999895646
JK:/cc/rr: 0.000000000 0.000035752 0.999964248
JK:/crc/: 0.078389465 0.921610535 0.000000000
JK:/crc/cr: 0.046713870 0.000018327 0.953267803
JK:/crc/rr: 0.000000000 0.000323194 0.999676806
JK:/crrc/: 0.999723770 0.000276230 0.000000000
JK:/crrc/cr: 0.715968021 0.120451800 0.163580179
JK:/crrc/rr: 0.000000000 0.000049922 0.999950078
JK:/rc/: 0.998449169 0.001550831 0.000000000
JK:/rc/cr: 0.640033764 0.013630312 0.346335923
JK:/rc/rr: 0.000000000 0.000031757 0.999968243
JK:/rrc/: 0.536012811 0.463987189 0.000000000
JK:/rrc/cr: 0.845147012 0.000022780 0.154830208
JK:/rrc/rr: 0.000000000 0.000029579 0.999970421
JQ:/cc/: 0.201247294 0.798752706 0.000000000
JQ:/cc/cr: 0.000006286 0.000002265 0.999991449
JQ:/cc/rr: 0.000000000 0.000013486 0.999986514
JQ:/crc/: 0.986651322 0.013348678 0.000000000
JQ:/crc/cr: 0.457689623 0.001265294 0.541045083
JQ:/crc/rr: 0.000000000 0.000025678 0.999974322
JQ:/crrc/: 0.057924382 0.942075618 0.000000000
JQ:/crrc/cr: 0.096770371 0.000035318 0.903194310
JQ:/crrc/rr: 0.000000000 0.000861616 0.999138384
JQ:/rc/: 0.992990805 0.007009195 0.000000000
JQ:/rc/cr: 0.003015797 0.003015797 0.993968405
JQ:/rc/rr: 0.000000000 0.000031931 0.999968069
JQ:/rrc/: 0.111663964 0.888336036 0.000000000
JQ:/rrc/cr: 0.000389599 0.000011898 0.999598503
JQ:/rrc/rr: 0.000000000 0.000141986 0.999858014
K:/: 0.758001769 0.241998231 0.000000000
K:/cr: 0.685629594 0.314356632 0.000013774
K:/rr: 0.000000000 0.999993404 0.000006596
KJ:/cc/: 0.000055586 0.999944414 0.000000000
KJ:/cc/cr: 0.000050027 0.000009344 0.999940629
KJ:/cc/rr: 0.000000000 0.814149870 0.185850130
KJ:/crc/: 0.000048315 0.999951685 0.000000000
KJ:/crc/cr: 0.000215301 0.999777395 0.000007303
KJ:/crc/rr: 0.000000000 0.773272165 0.226727835
KJ:/crrc/: 0.071047799 0.928952201 0.000000000
KJ:/crrc/cr: 0.001517564 0.994215267 0.004267169
KJ:/crrc/rr: 0.000000000 0.528395234 0.471604766
KJ:/rc/: 0.079655728 0.920344272 0.000000000
KJ:/rc/cr: 0.019424443 0.941823053 0.038752505
KJ:/rc/rr: 0.000000000 0.345320357 0.654679643
KJ:/rrc/: 0.089915160 0.910084840 0.000000000
KJ:/rrc/cr: 0.000790347 0.998839783 0.000369870
KJ:/rrc/rr: 0.000000000 0.494312301 0.505687699
KK:/cc/: 0.998980212 0.001019788 0.000000000
KK:/cc/cr: 0.986493067 0.006753467 0.006753467
KK:/cc/rr: 0.000000000 0.999989659 0.000010341
KK:/crc/: 0.160608775 0.839391225 0.000000000
KK:/crc/cr: 0.999982600 0.000008700 0.000008700
KK:/crc/rr: 0.000000000 0.999931795 0.000068205
KK:/crrc/: 0.986922174 0.013077826 0.000000000
KK:/crrc/cr: 0.999487941 0.000256030 0.000256030
KK:/crrc/rr: 0.000000000 0.999994911 0.000005089
KK:/rc/: 0.852057231 0.147942769 0.000000000
KK:/rc/cr: 0.999970275 0.000014862 0.000014862
KK:/rc/rr: 0.000000000 0.999996129 0.000003871
KK:/rrc/: 0.549127429 0.450872571 0.000000000
KK:/rrc/cr: 0.999995123 0.000002438 0.000002438
KK:/rrc/rr: 0.000000000 0.999996997 0.000003003
KQ:/cc/: 0.000095590 0.999904410 0.000000000
KQ:/cc/cr: 0.000047778 0.430466303 0.569485919
KQ:/cc/rr: 0.000000000 0.891927115 0.108072885
KQ:/crc/: 0.882512940 0.117487060 0.000000000
KQ:/crc/cr: 0.000403871 0.440357189 0.559238940
KQ:/crc/rr: 0.000000000 0.000030689 0.999969311
KQ:/crrc/: 0.016866849 0.983133151 0.000000000
KQ:/crrc/cr: 0.039223167 0.705297980 0.255478853
KQ:/crrc/rr: 0.000000000 0.123213279 0.876786721
KQ:/rc/: 0.000182888 0.999817112 0.000000000
KQ:/rc/cr: 0.000010483 0.492632439 0.507357078
KQ:/rc/rr: 0.000000000 0.401881113 0.598118887
KQ:/rrc/: 0.698545824 0.301454176 0.000000000
KQ:/rrc/cr: 0.036318024 0.833914208 0.129767767
KQ:/rrc/rr: 0.000000000 0.395247966 0.604752034
Q:/: 0.742326744 0.257673256 0.000000000
Q:/cr: 0.157565634 0.841883743 0.000550623
Q:/rr: 0.000000000 0.999993264 0.000006736
QJ:/cc/: 0.000019404 0.999980596 0.000000000
QJ:/cc/cr: 0.000013639 0.000006468 0.999979893
QJ:/cc/rr: 0.000000000 0.500000000 0.500000000
QJ:/crc/: 0.025581955 0.974418045 0.000000000
QJ:/crc/cr: 0.003875089 0.000002628 0.996122283
QJ:/crc/rr: 0.000000000 0.000150163 0.999849837
QJ:/crrc/: 0.015026262 0.984973738 0.000000000
QJ:/crrc/cr: 0.000230737 0.000013892 0.999755370
QJ:/crrc/rr: 0.000000000 0.001365957 0.998634043
QJ:/rc/: 0.007845831 0.992154169 0.000000000
QJ:/rc/cr: 0.000002934 0.000002263 0.999994803
QJ:/rc/rr: 0.000000000 0.000429246 0.999570754
QJ:/rrc/: 0.000003368 0.999996632 0.000000000
QJ:/rrc/cr: 0.000001123 0.000001123 0.999997755
QJ:/rrc/rr: 0.000000000 0.500000000 0.500000000
QK:/cc/: 0.486470871 0.513529129 0.000000000
QK:/cc/cr: 0.095707963 0.904264809 0.000027227
QK:/cc/rr: 0.000000000 0.999980056 0.000019944
QK:/crc/: 0.007358059 0.992641941 0.000000000
QK:/crc/cr: 0.000002580 0.559938608 0.440058812
QK:/crc/rr: 0.000000000 0.000522076 0.999477924
QK:/crrc/: 0.931377084 0.068622916 0.000000000
QK:/crrc/cr: 0.000384000 0.559791606 0.439824394
QK:/crrc/rr: 0.000000000 0.000593589 0.999406411
QK:/rc/: 0.452980948 0.547019052 0.000000000
QK:/rc/cr: 0.045760329 0.495649482 0.458590190
QK:/rc/rr: 0.000000000 0.203341718 0.796658282
QK:/rrc/: 0.128402334 0.871597666 0.000000000
QK:/rrc/cr: 0.000001288 0.295960986 0.704037726
QK:/rrc/rr: 0.000000000 0.000515652 0.999484348
QQ:/cc/: 0.563181179 0.436818821 0.000000000
QQ:/cc/cr: 0.999970385 0.000014807 0.000014807
QQ:/cc/rr: 0.000000000 0.999982772 0.000017228
QQ:/crc/: 0.980027276 0.019972724 0.000000000
QQ:/crc/cr: 0.999743552 0.000128224 0.000128224
QQ:/crc/rr: 0.000000000 0.999996080 0.000003920
QQ:/crrc/: 0.278346444 0.721653556 0.000000000
QQ:/crrc/cr: 0.999962077 0.000018961 0.000018961
QQ:/crrc/rr: 0.000000000 0.999926260 0.000073740
QQ:/rc/: 0.528995602 0.471004398 0.000000000
QQ:/rc/cr: 0.999988445 0.000006789 0.000004767
QQ:/rc/rr: 0.000000000 0.999993634 0.000006366
QQ:/rrc/: 0.973929302 0.026070698 0.000000000
QQ:/rrc/cr: 0.999913880 0.000043060 0.000043060
QQ:/rrc/rr: 0.000000000 0.999998271 0.000001729
