J:/: 0.071461408 0.928538592 0.000000000
J:/cr: 0.019076465 0.033002975 0.947920560
J:/rr: 0.000000000 0.999930032 0.000069968
JJ:/cc/: 0.000116455 0.999883545 0.000000000
JJ:/cc/cr: 0.999996410 0.000001795 0.000001795
JJ:/cc/rr: 0.000000000 0.976880354 0.023119646
JJ:/crc/: 0.994759376 0.005240624 0.000000000
JJ:/crc/cr: 0.993081349 0.003459325 0.003459325
JJ:/crc/rr: 0.000000000 0.999972663 0.000027337
JJ:/crrc/: 0.990794632 0.009205368 0.000000000
JJ:/crrc/cr: 0.993185744 0.003407128 0.003407128
JJ:/crrc/rr: 0.000000000 0.999952517 0.000047483
JJ:/rc/: 0.975155549 0.024844451 0.000000000
JJ:/rc/cr: 0.998122509 0.000938745 0.000938745
JJ:/rc/rr: 0.000000000 0.999964125 0.000035875
JJ:/rrc/: 0.999965014 0.000034986 0.000000000
JJ:/rrc/cr: 0.333333333 0.333333333 0.333333333
JJ:/rrc/rr: 0.000000000 0.999982506 0.000017494
JK:/cc/: 0.078625631 0.921374369 0.000000000
JK:/cc/cr: 0.000001948 0.000001948 0.999996104
JK:/cc/rr: 0.000000000 0.000034243 0.999965757
JK:/crc/: 0.064886343 0.935113657 0.000000000
JK:/crc/cr: 0.005886609 0.000019387 0.994094004
JK:/crc/rr: 0.000000000 0.000419095 0.999580905
JK:/crrc/: 0.999905908 0.000094092 0.000000000
JK:/crrc/cr: 0.333333333 0.333333333 0.333333333
JK:/crrc/rr: 0.000000000 0.000047050 0.999952950
JK:/rc/: 0.997931369 0.002068631 0.000000000
JK:/rc/cr: 0.977451162 0.011274419 0.011274419
JK:/rc/rr: 0.000000000 0.000035056 0.999964944
JK:/rrc/: 0.543742464 0.456257536 0.000000000
JK:/rrc/cr: 0.980135467 0.000025560 0.019838972
JK:/rrc/rr: 0.000000000 0.000032172 0.999967828
JQ:/cc/: 0.172100252 0.827899748 0.000000000
JQ:/cc/cr: 0.000002168 0.000002168 0.999995664
JQ:/cc/rr: 0.000000000 0.000015644 0.999984356
JQ:/crc/: 0.997227143 0.002772857 0.000000000
JQ:/crc/cr: 0.006538030 0.006538030 0.986923939
JQ:/crc/rr: 0.000000000 0.000027269 0.999972731
JQ:/crrc/: 0.010404050 0.989595950 0.000000000
JQ:/crrc/cr: 0.135942238 0.000031694 0.864026069
JQ:/crrc/rr: 0.000000000 0.004521874 0.995478126
JQ:/rc/: 0.998209986 0.001790014 0.000000000
JQ:/rc/cr: 0.013029293 0.013029293 0.973941414
JQ:/rc/rr: 0.000000000 0.000035047 0.999964953
JQ:/rrc/: 0.149448551 0.850551449 0.000000000
JQ:/rrc/cr: 0.000013711 0.000013711 0.999972578
JQ:/rrc/rr: 0.000000000 0.000117052 0.999882948
K:/: 0.749307780 0.250692220 0.000000000
K:/cr: 0.708122574 0.291864130 0.000013297
K:/rr: 0.000000000 0.999993327 0.000006673
KJ:/cc/: 0.000019945 0.999980055 0.000000000
KJ:/cc/cr: 0.000006648 0.000006648 0.999986703
KJ:/cc/rr: 0.000000000 0.500000000 0.500000000
KJ:/crc/: 0.000023564 0.999976436 0.000000000
KJ:/crc/cr: 0.000007593 0.999984814 0.000007593
KJ:/crc/rr: 0.000000000 0.516662774 0.483337226
KJ:/crrc/: 0.070638691 0.929361309 0.000000000
KJ:/crrc/cr: 0.001834073 0.993614063 0.004551864
KJ:/crrc/rr: 0.000000000 0.512163900 0.487836100
KJ:/rc/: 0.020881699 0.979118301 0.000000000
KJ:/rc/cr: 0.006335969 0.984435573 0.009228458
KJ:/rc/rr: 0.000000000 0.104170421 0.895829579
KJ:/rrc/: 0.085469973 0.914530027 0.000000000
KJ:/rrc/cr: 0.000001817 0.999996967 0.000001216
KJ:/rrc/rr: 0.000000000 0.540124092 0.459875908
KK:/cc/: 0.999772152 0.000227848 0.000000000
KK:/cc/cr: 0.941642977 0.029178511 0.029178511
KK:/cc/rr: 0.000000000 0.999990025 0.000009975
KK:/crc/: 0.128600279 0.871399721 0.000000000
KK:/crc/cr: 0.999982573 0.000008713 0.000008713
KK:/crc/rr: 0.000000000 0.999911436 0.000088564
KK:/crrc/: 0.997935529 0.002064471 0.000000000
KK:/crrc/cr: 0.996968207 0.001515896 0.001515896
KK:/crrc/rr: 0.000000000 0.999995296 0.000004704
KK:/rc/: 0.798701559 0.201298441 0.000000000
KK:/rc/cr: 0.999977901 0.000011050 0.000011050
KK:/rc/rr: 0.000000000 0.999995823 0.000004177
KK:/rrc/: 0.523036803 0.476963197 0.000000000
KK:/rrc/cr: 0.999995337 0.000002332 0.000002332
KK:/rrc/rr: 0.000000000 0.999996811 0.000003189
KQ:/cc/: 0.000019945 0.999980055 0.000000000
KQ:/cc/cr: 0.000006648 0.433962498 0.566030854
KQ:/cc/rr: 0.000000000 0.500000000 0.500000000
KQ:/crc/: 0.901238222 0.098761778 0.000000000
KQ:/crc/cr: 0.000076881 0.687143506 0.312779614
KQ:/crc/rr: 0.000000000 0.000012637 0.999987363
KQ:/crrc/: 0.009384909 0.990615091 0.000000000
KQ:/crrc/cr: 0.015317012 0.697184545 0.287498443
KQ:/crrc/rr: 0.000000000 0.471488071 0.528511929
KQ:/rc/: 0.000006673 0.999993327 0.000000000
KQ:/rc/cr: 0.000020273 0.478170840 0.521808887
KQ:/rc/rr: 0.000000000 0.500000000 0.500000000
KQ:/rrc/: 0.717778305 0.282221695 0.000000000
KQ:/rrc/cr: 0.008813987 0.921895141 0.069290872
KQ:/rrc/rr: 0.000000000 0.386321017 0.613678983
Q:/: 0.754726115 0.245273885 0.000000000
Q:/cr: 0.170726446 0.829089356 0.000184199
Q:/rr: 0.000000000 0.999993375 0.000006625
QJ:/cc/: 0.000020385 0.999979615 0.000000000
QJ:/cc/cr: 0.000006795 0.000006795 0.999986409
QJ:/cc/rr: 0.000000000 0.500000000 0.500000000
QJ:/crc/: 0.031015168 0.968984832 0.000000000
QJ:/crc/cr: 0.000197537 0.000002819 0.999799644
QJ:/crc/rr: 0.000000000 0.000132127 0.999867873
QJ:/crrc/: 0.008552569 0.991447431 0.000000000
QJ:/crrc/cr: 0.000013382 0.000013382 0.999973237
QJ:/crrc/rr: 0.000000000 0.002326859 0.997673141
QJ:/rc/: 0.013284689 0.986715311 0.000000000
QJ:/rc/cr: 0.000002238 0.000002238 0.999995524
QJ:/rc/rr: 0.000000000 0.000249344 0.999750656
QJ:/rrc/: 0.000003312 0.999996688 0.000000000
QJ:/rrc/cr: 0.000001104 0.000001104 0.999997792
QJ:/rrc/rr: 0.000000000 0.500000000 0.500000000
QK:/cc/: 0.524438682 0.475561318 0.000000000
QK:/cc/cr: 0.005619914 0.994364842 0.000015245
QK:/cc/rr: 0.000000000 0.999980565 0.000019435
QK:/crc/: 0.000759011 0.999240989 0.000000000
QK:/crc/cr: 0.000003021 0.557595409 0.442401570
QK:/crc/rr: 0.000000000 0.007280181 0.992719819
QK:/crrc/: 0.997740067 0.002259933 0.000000000
QK:/crrc/cr: 0.006266115 0.102181333 0.891552552
QK:/crrc/rr: 0.000000000 0.000505478 0.999494522
QK:/rc/: 0.424055735 0.575944265 0.000000000
QK:/rc/cr: 0.001274006 0.535491130 0.463234864
QK:/rc/rr: 0.000000000 0.200954282 0.799045718
QK:/rrc/: 0.120088240 0.879911760 0.000000000
QK:/rrc/cr: 0.000008643 0.302404636 0.697586722
QK:/rrc/rr: 0.000000000 0.000013792 0.999986208
QQ:/cc/: 0.502597877 0.497402123 0.000000000
QQ:/cc/cr: 0.999972678 0.000013661 0.000013661
QQ:/cc/rr: 0.000000000 0.999979720 0.000020280
QQ:/crc/: 0.995024105 0.004975895 0.000000000
QQ:/crc/cr: 0.998901921 0.000549040 0.000549040
QQ:/crc/rr: 0.000000000 0.999995882 0.000004118
QQ:/crrc/: 0.071283614 0.928716386 0.000000000
QQ:/crrc/cr: 0.999971350 0.000014365 0.000014285
QQ:/crrc/rr: 0.000000000 0.999720825 0.000279175
QQ:/rc/: 0.477914831 0.522085169 0.000000000
QQ:/rc/cr: 0.999988253 0.000007518 0.000004230
QQ:/rc/rr: 0.000000000 0.999993069 0.000006931
QQ:/rrc/: 0.988894694 0.011105306 0.000000000
QQ:/rrc/cr: 0.999801147 0.000099426 0.000099426
QQ:/rrc/rr: 0.000000000 0.999998325 0.000001675
