J:/: 0.072514872 0.927485128 0.000000000
J:/cr: 0.018357821 0.032301786 0.949340393
J:/rr: 0.000000000 0.999931049 0.000068951
JJ:/cc/: 0.000125019 0.999874981 0.000000000
JJ:/cc/cr: 0.999996406 0.000001797 0.000001797
JJ:/cc/rr: 0.000000000 0.978439594 0.021560406
JJ:/crc/: 0.948455716 0.051544284 0.000000000
JJ:/crc/cr: 0.999280479 0.000359761 0.000359761
JJ:/crc/rr: 0.000000000 0.999970673 0.000029327
JJ:/crrc/: 0.980800843 0.019199157 0.000000000
JJ:/crrc/cr: 0.996601031 0.001699485 0.001699485
JJ:/crrc/rr: 0.000000000 0.999950099 0.000049901
JJ:/rc/: 0.900825561 0.099174439 0.000000000
JJ:/rc/cr: 0.999536498 0.000231751 0.000231751
JJ:/rc/rr: 0.000000000 0.999961729 0.000038271
JJ:/rrc/: 0.999374307 0.000625693 0.000000000
JJ:/rrc/cr: 0.963264158 0.018367921 0.018367921
JJ:/rrc/rr: 0.000000000 0.999982750 0.000017250
JK:/cc/: 0.078011036 0.921988964 0.000000000
JK:/cc/cr: 0.000001949 0.000001949 0.999996102
JK:/cc/rr: 0.000000000 0.000034552 0.999965448
JK:/crc/: 0.089278482 0.910721518 0.000000000
JK:/crc/cr: 0.038167216 0.000020361 0.961812422
JK:/crc/rr: 0.000000000 0.000311558 0.999688442
JK:/crrc/: 0.999902114 0.000097886 0.000000000
JK:/crrc/cr: 0.333333333 0.333333333 0.333333333
JK:/crrc/rr: 0.000000000 0.000048948 0.999951052
JK:/rc/: 0.999751085 0.000248915 0.000000000
JK:/rc/cr: 0.815328006 0.092335997 0.092335997
JK:/rc/rr: 0.000000000 0.000034484 0.999965516
JK:/rrc/: 0.542338281 0.457661719 0.000000000
JK:/rrc/cr: 0.953857417 0.000025112 0.046117471
JK:/rrc/rr: 0.000000000 0.000031786 0.999968214
JQ:/cc/: 0.172015910 0.827984090 0.000000000
JQ:/cc/cr: 0.000002170 0.000002170 0.999995659
JQ:/cc/rr: 0.000000000 0.000015670 0.999984330
JQ:/crc/: 0.997461079 0.002538921 0.000000000
JQ:/crc/cr: 0.007303731 0.007303731 0.985392538
JQ:/crc/rr: 0.000000000 0.000027886 0.999972114
JQ:/crrc/: 0.031231489 0.968768511 0.000000000
JQ:/crrc/cr: 0.176881083 0.000033681 0.823085236
JQ:/crrc/rr: 0.000000000 0.001567105 0.998432895
JQ:/rc/: 0.999180417 0.000819583 0.000000000
JQ:/rc/cr: 0.028043276 0.028043276 0.943913449
JQ:/rc/rr: 0.000000000 0.000034504 0.999965496
JQ:/rrc/: 0.144145762 0.855854238 0.000000000
JQ:/rrc/cr: 0.000013428 0.000013428 0.999973143
JQ:/rrc/rr: 0.000000000 0.000119594 0.999880406
K:/: 0.751505034 0.248494966 0.000000000
K:/cr: 0.711855218 0.288131368 0.000013414
K:/rr: 0.000000000 0.999993347 0.000006653
KJ:/cc/: 0.000020121 0.999979879 0.000000000
KJ:/cc/cr: 0.000006707 0.000006707 0.999986586
KJ:/cc/rr: 0.000000000 0.500000000 0.500000000
KJ:/crc/: 0.000023278 0.999976722 0.000000000
KJ:/crc/cr: 0.000007759 0.999984481 0.000007759
KJ:/crc/rr: 0.000000000 0.500000000 0.500000000
KJ:/crrc/: 0.039740327 0.960259673 0.000000000
KJ:/crrc/cr: 0.000215773 0.999402479 0.000381748
KJ:/crrc/rr: 0.000000000 0.441362868 0.558637132
KJ:/rc/: 0.041321955 0.958678045 0.000000000
KJ:/rc/cr: 0.002481621 0.986292583 0.011225796
KJ:/rc/rr: 0.000000000 0.501861715 0.498138285
KJ:/rrc/: 0.091243627 0.908756373 0.000000000
KJ:/rrc/cr: 0.000022085 0.999896826 0.000081089
KJ:/rrc/rr: 0.000000000 0.650910355 0.349089645
KK:/cc/: 0.999841325 0.000158675 0.000000000
KK:/cc/cr: 0.915461664 0.042269168 0.042269168
KK:/cc/rr: 0.000000000 0.999989938 0.000010062
KK:/crc/: 0.161831485 0.838168515 0.000000000
KK:/crc/cr: 0.999981485 0.000009257 0.000009257
KK:/crc/rr: 0.000000000 0.999928080 0.000071920
KK:/crrc/: 0.981031947 0.018968053 0.000000000
KK:/crrc/cr: 0.999668849 0.000165575 0.000165575
KK:/crrc/rr: 0.000000000 0.999995198 0.000004802
KK:/rc/: 0.800668198 0.199331802 0.000000000
KK:/rc/cr: 0.999977748 0.000011126 0.000011126
KK:/rc/rr: 0.000000000 0.999995845 0.000004155
KK:/rrc/: 0.523195405 0.476804595 0.000000000
KK:/rrc/cr: 0.999995349 0.000002326 0.000002326
KK:/rrc/rr: 0.000000000 0.999996821 0.000003179
KQ:/cc/: 0.000020121 0.999979879 0.000000000
KQ:/cc/cr: 0.000006707 0.437503236 0.562490057
KQ:/cc/rr: 0.000000000 0.500000000 0.500000000
KQ:/crc/: 0.884841095 0.115158905 0.000000000
KQ:/crc/cr: 0.000067379 0.713334587 0.286598034
KQ:/crc/rr: 0.000000000 0.000013154 0.999986846
KQ:/crrc/: 0.008355956 0.991644044 0.000000000
KQ:/crrc/cr: 0.003618976 0.725163572 0.271217452
KQ:/crrc/rr: 0.000000000 0.061712668 0.938287332
KQ:/rc/: 0.000006653 0.999993347 0.000000000
KQ:/rc/cr: 0.000029264 0.482455487 0.517515249
KQ:/rc/rr: 0.000000000 0.500000000 0.500000000
KQ:/rrc/: 0.719006984 0.280993016 0.000000000
KQ:/rrc/cr: 0.015408833 0.920176221 0.064414945
KQ:/rrc/rr: 0.000000000 0.385437491 0.614562509
Q:/: 0.757589163 0.242410837 0.000000000
Q:/cr: 0.175432463 0.824316800 0.000250737
Q:/rr: 0.000000000 0.999993400 0.000006600
QJ:/cc/: 0.000020626 0.999979374 0.000000000
QJ:/cc/cr: 0.000006876 0.000006876 0.999986249
QJ:/cc/rr: 0.000000000 0.500000000 0.500000000
QJ:/crc/: 0.027902707 0.972097293 0.000000000
QJ:/crc/cr: 0.003037194 0.000002860 0.996959946
QJ:/crc/rr: 0.000000000 0.000149460 0.999850540
QJ:/crrc/: 0.032585558 0.967414442 0.000000000
QJ:/crrc/cr: 0.000091063 0.000013504 0.999895433
QJ:/crrc/rr: 0.000000000 0.000601356 0.999398644
QJ:/rc/: 0.011737208 0.988262792 0.000000000
QJ:/rc/cr: 0.000002226 0.000002226 0.999995548
QJ:/rc/rr: 0.000000000 0.000281152 0.999718848
QJ:/rrc/: 0.000003300 0.999996700 0.000000000
QJ:/rrc/cr: 0.000001100 0.000001100 0.999997800
QJ:/rrc/rr: 0.000000000 0.500000000 0.500000000
QK:/cc/: 0.515920237 0.484079763 0.000000000
QK:/cc/cr: 0.007246898 0.992737564 0.000015538
QK:/cc/rr: 0.000000000 0.999980010 0.000019990
QK:/crc/: 0.003035172 0.996964828 0.000000000
QK:/crc/cr: 0.000003500 0.558066635 0.441929865
QK:/crc/rr: 0.000000000 0.002785135 0.997214865
QK:/crrc/: 0.956373710 0.043626290 0.000000000
QK:/crrc/cr: 0.000299445 0.603336562 0.396363993
QK:/crrc/rr: 0.000000000 0.000551183 0.999448817
QK:/rc/: 0.421670638 0.578329362 0.000000000
QK:/rc/cr: 0.008009474 0.525684396 0.466306131
QK:/rc/rr: 0.000000000 0.198695337 0.801304663
QK:/rrc/: 0.120700406 0.879299594 0.000000000
QK:/rrc/cr: 0.000008161 0.300724455 0.699267384
QK:/rrc/rr: 0.000000000 0.000034581 0.999965419
QQ:/cc/: 0.521752533 0.478247467 0.000000000
QQ:/cc/cr: 0.999971248 0.000014376 0.000014376
QQ:/cc/rr: 0.000000000 0.999980234 0.000019766
QQ:/crc/: 0.987567211 0.012432789 0.000000000
QQ:/crc/cr: 0.999552758 0.000223621 0.000223621
QQ:/crc/rr: 0.000000000 0.999995777 0.000004223
QQ:/crrc/: 0.111932440 0.888067560 0.000000000
QQ:/crrc/cr: 0.999970580 0.000014710 0.000014710
QQ:/crrc/rr: 0.000000000 0.999824934 0.000175066
QQ:/rc/: 0.482696822 0.517303178 0.000000000
QQ:/rc/cr: 0.999991464 0.000004283 0.000004253
QQ:/rc/rr: 0.000000000 0.999993164 0.000006836
QQ:/rrc/: 0.989141396 0.010858604 0.000000000
QQ:/rrc/cr: 0.999797398 0.000101301 0.000101301
QQ:/rrc/rr: 0.000000000 0.999998332 0.000001668
