J:/c: 0.296670671 0.703329329 0.000000000
J:/crr: 0.000000000 0.999983146 0.000016854
J:/r: 0.053073860 0.128715939 0.818210201
JJ:/cc/c: 0.999992891 0.000007109 0.000000000
JJ:/cc/crr: 0.000000000 0.999996445 0.000003555
JJ:/cc/r: 0.999990521 0.000004739 0.000004739
JJ:/crc/c: 0.999983146 0.000016854 0.000000000
JJ:/crc/crr: 0.000000000 0.999991573 0.000008427
JJ:/crc/r: 0.999542745 0.000446019 0.000011236
JJ:/crrc/c: 0.999991573 0.000008427 0.000000000
JJ:/crrc/crr: 0.000000000 0.999995786 0.000004214
JJ:/crrc/r: 0.999975168 0.000019214 0.000005618
JJ:/rc/c: 0.999974103 0.000025897 0.000000000
JJ:/rc/crr: 0.000000000 0.999987051 0.000012949
JJ:/rc/r: 0.999951622 0.000031113 0.000017265
JJ:/rrc/c: 0.999937194 0.000062806 0.000000000
JJ:/rrc/crr: 0.000000000 0.999968595 0.000031405
JJ:/rrc/r: 0.999796773 0.000161357 0.000041870
JK:/cc/c: 0.007766150 0.992233850 0.000000000
JK:/cc/crr: 0.000000000 0.000457694 0.999542306
JK:/cc/r: 0.000004739 0.000004739 0.999990521
JK:/crc/c: 0.539438360 0.460561640 0.000000000
JK:/crc/crr: 0.000000000 0.000015622 0.999984378
JK:/crc/r: 0.016360591 0.000011236 0.983628174
JK:/crrc/c: 0.462328212 0.537671788 0.000000000
JK:/crrc/crr: 0.000000000 0.000009114 0.999990886
JK:/crrc/r: 0.208603429 0.000005618 0.791390953
JK:/rc/c: 0.376221599 0.623778401 0.000000000
JK:/rc/crr: 0.000000000 0.000034417 0.999965583
JK:/rc/r: 0.364396987 0.000017265 0.635585748
JK:/rrc/c: 0.999899044 0.000100956 0.000000000
JK:/rrc/crr: 0.000000000 0.000031406 0.999968594
JK:/rrc/r: 0.273945777 0.000041870 0.726012353
JQ:/cc/c: 0.071501631 0.928498369 0.000000000
JQ:/cc/crr: 0.000000000 0.000049712 0.999950288
JQ:/cc/r: 0.041433057 0.000004739 0.958562203
JQ:/crc/c: 0.536764206 0.463235794 0.000000000
JQ:/crc/crr: 0.000000000 0.000015699 0.999984301
JQ:/crc/r: 0.033499887 0.000011236 0.966488877
JQ:/crrc/c: 0.043992472 0.956007528 0.000000000
JQ:/crrc/crr: 0.000000000 0.000095778 0.999904222
JQ:/crrc/r: 0.096866801 0.000005618 0.903127581
JQ:/rc/c: 0.996928350 0.003071650 0.000000000
JQ:/rc/crr: 0.000000000 0.000012988 0.999987012
JQ:/rc/r: 0.000017265 0.000017265 0.999965471
JQ:/rrc/c: 0.016291738 0.983708262 0.000000000
JQ:/rrc/crr: 0.000000000 0.001927528 0.998072472
JQ:/rrc/r: 0.417586321 0.000041870 0.582371808
K:/c: 0.999969637 0.000030363 0.000000000
K:/crr: 0.000000000 0.999995000 0.000005000
K:/r: 0.574341398 0.425651935 0.000006667
KJ:/cc/c: 0.168958135 0.831041865 0.000000000
KJ:/cc/crr: 0.000000000 0.512675634 0.487324366
KJ:/cc/r: 0.515275783 0.234519245 0.250204972
KJ:/crc/c: 0.120728593 0.879271407 0.000000000
KJ:/crc/crr: 0.000000000 0.999979292 0.000020708
KJ:/crc/r: 0.000034571 0.722714869 0.277250560
KJ:/crrc/c: 0.467933805 0.532066195 0.000000000
KJ:/crrc/crr: 0.000000000 0.999997329 0.000002671
KJ:/crrc/r: 0.026375250 0.835760701 0.137864049
KJ:/rc/c: 0.460932997 0.539067003 0.000000000
KJ:/rc/crr: 0.000000000 0.814407477 0.185592523
KJ:/rc/r: 0.032169012 0.750637800 0.217193188
KJ:/rrc/c: 0.163525599 0.836474401 0.000000000
KJ:/rrc/crr: 0.000000000 0.999982254 0.000017746
KJ:/rrc/r: 0.027722895 0.918464509 0.053812597
KK:/cc/c: 0.835325168 0.164674832 0.000000000
KK:/cc/crr: 0.000000000 0.901430701 0.098569299
KK:/cc/r: 0.615503760 0.274713019 0.109783221
KK:/crc/c: 0.999995000 0.000005000 0.000000000
KK:/crc/crr: 0.000000000 0.999997500 0.000002500
KK:/crc/r: 0.999983142 0.000013525 0.000003333
KK:/crrc/c: 0.999997500 0.000002500 0.000000000
KK:/crrc/crr: 0.000000000 0.999998750 0.000001250
KK:/crrc/r: 0.999994138 0.000004195 0.000001667
KK:/rc/c: 0.999992169 0.000007831 0.000000000
KK:/rc/crr: 0.000000000 0.999996084 0.000003916
KK:/rc/r: 0.999981213 0.000013566 0.000005221
KK:/rrc/c: 0.999994196 0.000005804 0.000000000
KK:/rrc/crr: 0.000000000 0.999997098 0.000002902
KK:/rrc/r: 0.999850317 0.000145814 0.000003869
KQ:/cc/c: 0.501134991 0.498865009 0.000000000
KQ:/cc/crr: 0.000000000 0.835698130 0.164301870
KQ:/cc/r: 0.495090733 0.391488394 0.113420873
KQ:/crc/c: 0.189718981 0.810281019 0.000000000
KQ:/crc/crr: 0.000000000 0.014843653 0.985156347
KQ:/crc/r: 0.000013489 0.425547625 0.574438886
KQ:/crrc/c: 0.609342000 0.390658000 0.000000000
KQ:/crrc/crr: 0.000000000 0.407786813 0.592213187
KQ:/crrc/r: 0.000007033 0.769910187 0.230082780
KQ:/rc/c: 0.001227966 0.998772034 0.000000000
KQ:/rc/crr: 0.000000000 0.003188656 0.996811344
KQ:/rc/r: 0.000018679 0.301023841 0.698957480
KQ:/rrc/c: 0.498247903 0.501752097 0.000000000
KQ:/rrc/crr: 0.000000000 0.533677659 0.466322341
KQ:/rrc/r: 0.088118906 0.533359371 0.378521723
Q:/c: 0.850998415 0.149001585 0.000000000
Q:/crr: 0.000000000 0.999994125 0.000005875
Q:/r: 0.357457275 0.642510728 0.000031997
QJ:/cc/c: 0.000297856 0.999702144 0.000000000
QJ:/cc/crr: 0.000000000 0.056330368 0.943669632
QJ:/cc/r: 0.000022371 0.000022371 0.999955258
QJ:/crc/c: 0.423619661 0.576380339 0.000000000
QJ:/crc/crr: 0.000000000 0.020519948 0.979480052
QJ:/crc/r: 0.000003917 0.000003917 0.999992166
QJ:/crrc/c: 0.000068172 0.999931828 0.000000000
QJ:/crrc/crr: 0.000000000 0.021546562 0.978453438
QJ:/crrc/r: 0.015674843 0.000001958 0.984323198
QJ:/rc/c: 0.000046589 0.999953411 0.000000000
QJ:/rc/crr: 0.000000000 0.055678005 0.944321995
QJ:/rc/r: 0.017865580 0.000003459 0.982130961
QJ:/rrc/c: 0.000137878 0.999862122 0.000000000
QJ:/rrc/crr: 0.000000000 0.033816596 0.966183404
QJ:/rrc/r: 0.000090287 0.000006217 0.999903496
QK:/cc/c: 0.021344135 0.978655865 0.000000000
QK:/cc/crr: 0.000000000 0.999213913 0.000786087
QK:/cc/r: 0.000095313 0.729954338 0.269950349
QK:/crc/c: 0.306855661 0.693144339 0.000000000
QK:/crc/crr: 0.000000000 0.001296308 0.998703692
QK:/crc/r: 0.000099385 0.484349746 0.515550870
QK:/crrc/c: 0.012754049 0.987245951 0.000000000
QK:/crrc/crr: 0.000000000 0.041695114 0.958304886
QK:/crrc/r: 0.000049052 0.274570624 0.725380324
QK:/rc/c: 0.378743978 0.621256022 0.000000000
QK:/rc/crr: 0.000000000 0.012038662 0.987961338
QK:/rc/r: 0.000026653 0.314882157 0.685091190
QK:/rrc/c: 0.429239830 0.570760170 0.000000000
QK:/rrc/crr: 0.000000000 0.056462417 0.943537583
QK:/rrc/r: 0.000082262 0.513136372 0.486781366
QQ:/cc/c: 0.999966443 0.000033557 0.000000000
QQ:/cc/crr: 0.000000000 0.999983221 0.000016779
QQ:/cc/r: 0.999934041 0.000043588 0.000022371
QQ:/crc/c: 0.999994125 0.000005875 0.000000000
QQ:/crc/crr: 0.000000000 0.999997062 0.000002938
QQ:/crc/r: 0.999964065 0.000032018 0.000003917
QQ:/crrc/c: 0.999997062 0.000002938 0.000000000
QQ:/crrc/crr: 0.000000000 0.999998531 0.000001469
QQ:/crrc/r: 0.999996083 0.000001958 0.000001958
QQ:/rc/c: 0.999994812 0.000005188 0.000000000
QQ:/rc/crr: 0.000000000 0.999997406 0.000002594
QQ:/rc/r: 0.999993083 0.000003459 0.000003459
QQ:/rrc/c: 0.999990675 0.000009325 0.000000000
QQ:/rrc/crr: 0.000000000 0.999995337 0.000004663
QQ:/rrc/r: 0.999958617 0.000035167 0.000006217
