J:/: 0.077883139 0.922116861 0.000000000
J:/cr: 0.018704070 0.034044549 0.947251380
J:/rr: 0.000000000 0.999935801 0.000064199
JJ:/cc/: 0.000285298 0.999714702 0.000000000
JJ:/cc/cr: 0.999996384 0.000001808 0.000001808
JJ:/cc/rr: 0.000000000 0.990497105 0.009502895
JJ:/crc/: 0.960833708 0.039166292 0.000000000
JJ:/crc/cr: 0.999096327 0.000451837 0.000451837
JJ:/crc/rr: 0.000000000 0.999972373 0.000027627
JJ:/crrc/: 0.998978612 0.001021388 0.000000000
JJ:/crrc/cr: 0.936926820 0.031536590 0.031536590
JJ:/crrc/rr: 0.000000000 0.999951634 0.000048366
JJ:/rc/: 0.882595425 0.117404575 0.000000000
JJ:/rc/cr: 0.999635456 0.000182272 0.000182272
JJ:/rc/rr: 0.000000000 0.999963631 0.000036369
JJ:/rrc/: 0.988515887 0.011484113 0.000000000
JJ:/rrc/cr: 0.998136473 0.000931764 0.000931764
JJ:/rrc/rr: 0.000000000 0.999983763 0.000016237
JK:/cc/: 0.071546661 0.928453339 0.000000000
JK:/cc/cr: 0.000954282 0.000001947 0.999043771
JK:/cc/rr: 0.000000000 0.000037893 0.999962107
JK:/crc/: 0.091700026 0.908299974 0.000000000
JK:/crc/cr: 0.073760295 0.000019483 0.926220221
JK:/crc/rr: 0.000000000 0.000289478 0.999710522
JK:/crrc/: 0.999691383 0.000308617 0.000000000
JK:/crrc/cr: 0.104372520 0.104372520 0.791254960
JK:/crrc/rr: 0.000000000 0.000048332 0.999951668
JK:/rc/: 0.982936516 0.017063484 0.000000000
JK:/rc/cr: 0.811007313 0.001254116 0.187738571
JK:/rc/rr: 0.000000000 0.000032657 0.999967343
JK:/rrc/: 0.510586835 0.489413165 0.000000000
JK:/rrc/cr: 0.793117164 0.000021864 0.206860972
JK:/rrc/rr: 0.000000000 0.000031436 0.999968564
JQ:/cc/: 0.159203513 0.840796487 0.000000000
JQ:/cc/cr: 0.000009029 0.000002150 0.999988822
JQ:/cc/rr: 0.000000000 0.000017029 0.999982971
JQ:/crc/: 0.981132567 0.018867433 0.000000000
JQ:/crc/cr: 0.079700215 0.000937953 0.919361832
JQ:/crc/rr: 0.000000000 0.000027056 0.999972944
JQ:/crrc/: 0.036645792 0.963354208 0.000000000
JQ:/crrc/cr: 0.140786373 0.000033436 0.859180191
JQ:/crrc/rr: 0.000000000 0.001318477 0.998681523
JQ:/rc/: 0.988426298 0.011573702 0.000000000
JQ:/rc/cr: 0.001848983 0.001848983 0.996302033
JQ:/rc/rr: 0.000000000 0.000032475 0.999967525
JQ:/rrc/: 0.117211580 0.882788420 0.000000000
JQ:/rrc/cr: 0.002594258 0.000012121 0.997393621
JQ:/rrc/rr: 0.000000000 0.000136938 0.999863062
K:/: 0.754404756 0.245595244 0.000000000
K:/cr: 0.704536065 0.295450363 0.000013572
K:/rr: 0.000000000 0.999993372 0.000006628
KJ:/cc/: 0.000058401 0.999941599 0.000000000
KJ:/cc/cr: 0.000049246 0.000008443 0.999942310
KJ:/cc/rr: 0.000000000 0.825699763 0.174300237
KJ:/crc/: 0.000518197 0.999481803 0.000000000
KJ:/crc/cr: 0.000305312 0.999687028 0.000007660
KJ:/crc/rr: 0.000000000 0.977837462 0.022162538
KJ:/crrc/: 0.057213472 0.942786528 0.000000000
KJ:/crrc/cr: 0.000007002 0.999934032 0.000058966
KJ:/crrc/rr: 0.000000000 0.633058862 0.366941138
KJ:/rc/: 0.049173120 0.950826880 0.000000000
KJ:/rc/cr: 0.017429101 0.950876127 0.031694772
KJ:/rc/rr: 0.000000000 0.376316739 0.623683261
KJ:/rrc/: 0.086009795 0.913990205 0.000000000
KJ:/rrc/cr: 0.000607052 0.999052979 0.000339969
KJ:/rrc/rr: 0.000000000 0.554029136 0.445970864
KK:/cc/: 0.915769739 0.084230261 0.000000000
KK:/cc/cr: 0.999838865 0.000080568 0.000080568
KK:/cc/rr: 0.000000000 0.999988884 0.000011116
KK:/crc/: 0.253895643 0.746104357 0.000000000
KK:/crc/cr: 0.999979476 0.000010262 0.000010262
KK:/crc/rr: 0.000000000 0.999954767 0.000045233
KK:/crrc/: 0.987436250 0.012563750 0.000000000
KK:/crrc/cr: 0.999488889 0.000255555 0.000255555
KK:/crrc/rr: 0.000000000 0.999995123 0.000004877
KK:/rc/: 0.841007563 0.158992437 0.000000000
KK:/rc/cr: 0.999966287 0.000019818 0.000013895
KK:/rc/rr: 0.000000000 0.999996060 0.000003940
KK:/rrc/: 0.517715699 0.482284301 0.000000000
KK:/rrc/cr: 0.999995419 0.000002290 0.000002290
KK:/rrc/rr: 0.000000000 0.999996800 0.000003200
KQ:/cc/: 0.000573794 0.999426206 0.000000000
KQ:/cc/cr: 0.000071766 0.430086078 0.569842156
KQ:/cc/rr: 0.000000000 0.982259569 0.017740431
KQ:/crc/: 0.871904749 0.128095251 0.000000000
KQ:/crc/cr: 0.000526796 0.518284434 0.481188771
KQ:/crc/rr: 0.000000000 0.000013172 0.999986828
KQ:/crrc/: 0.025955113 0.974044887 0.000000000
KQ:/crrc/cr: 0.023006907 0.685870137 0.291122956
KQ:/crrc/rr: 0.000000000 0.210584259 0.789415741
KQ:/rc/: 0.000529903 0.999470097 0.000000000
KQ:/rc/cr: 0.000049532 0.491324061 0.508626407
KQ:/rc/rr: 0.000000000 0.055294790 0.944705210
KQ:/rrc/: 0.704757636 0.295242364 0.000000000
KQ:/rrc/cr: 0.037676902 0.809348071 0.152975028
KQ:/rrc/rr: 0.000000000 0.390782468 0.609217532
Q:/: 0.752081582 0.247918418 0.000000000
Q:/cr: 0.181707239 0.817027101 0.001265659
Q:/rr: 0.000000000 0.999993352 0.000006648
QJ:/cc/: 0.000020168 0.999979832 0.000000000
QJ:/cc/cr: 0.000028236 0.000006723 0.999965042
QJ:/cc/rr: 0.000000000 0.500000000 0.500000000
QJ:/crc/: 0.031661393 0.968338607 0.000000000
QJ:/crc/cr: 0.001991204 0.000002832 0.998005964
QJ:/crc/rr: 0.000000000 0.000129940 0.999870060
QJ:/crrc/: 0.014173578 0.985826422 0.000000000
QJ:/crrc/cr: 0.000116450 0.000012510 0.999871041
QJ:/crrc/rr: 0.000000000 0.001305143 0.998694857
QJ:/rc/: 0.011379119 0.988620881 0.000000000
QJ:/rc/cr: 0.000058411 0.000002242 0.999939348
QJ:/rc/rr: 0.000000000 0.000292123 0.999707877
QJ:/rrc/: 0.000003324 0.999996676 0.000000000
QJ:/rrc/cr: 0.000004053 0.000001108 0.999994838
QJ:/rrc/rr: 0.000000000 0.500000000 0.500000000
QK:/cc/: 0.356431142 0.643568858 0.000000000
QK:/cc/cr: 0.012634951 0.987349146 0.000015903
QK:/cc/rr: 0.000000000 0.078925994 0.921074006
QK:/crc/: 0.013391045 0.986608955 0.000000000
QK:/crc/cr: 0.000002780 0.570231209 0.429766011
QK:/crc/rr: 0.000000000 0.000307227 0.999692773
QK:/crrc/: 0.885681302 0.114318698 0.000000000
QK:/crrc/cr: 0.000144401 0.649428050 0.350427550
QK:/crrc/rr: 0.000000000 0.001042188 0.998957812
QK:/rc/: 0.447910393 0.552089607 0.000000000
QK:/rc/cr: 0.023363525 0.518428828 0.458207647
QK:/rc/rr: 0.000000000 0.201613361 0.798386639
QK:/rrc/: 0.123100127 0.876899873 0.000000000
QK:/rrc/cr: 0.000001264 0.303883814 0.696114923
QK:/rrc/rr: 0.000000000 0.000768627 0.999231373
QQ:/cc/: 0.453949479 0.546050521 0.000000000
QQ:/cc/cr: 0.999975377 0.000012311 0.000012311
QQ:/cc/rr: 0.000000000 0.999977786 0.000022214
QQ:/crc/: 0.989707468 0.010292532 0.000000000
QQ:/crc/cr: 0.999467046 0.000266477 0.000266477
QQ:/crc/rr: 0.000000000 0.999995843 0.000004157
QQ:/crrc/: 0.194787262 0.805212738 0.000000000
QQ:/crrc/cr: 0.999969369 0.000015316 0.000015316
QQ:/crrc/rr: 0.000000000 0.999905032 0.000094968
QQ:/rc/: 0.518371204 0.481628796 0.000000000
QQ:/rc/cr: 0.999990798 0.000004601 0.000004601
QQ:/rc/rr: 0.000000000 0.999993587 0.000006413
QQ:/rrc/: 0.971487151 0.028512849 0.000000000
QQ:/rrc/cr: 0.999922278 0.000038861 0.000038861
QQ:/rrc/rr: 0.000000000 0.999998289 0.000001711
