J:/: 0.077279489 0.922720511 0.000000000
J:/cr: 0.017267052 0.034938887 0.947794061
J:/rr: 0.000000000 0.999935300 0.000064700
JJ:/cc/: 0.000341528 0.999658472 0.000000000
JJ:/cc/cr: 0.999996386 0.000001807 0.000001807
JJ:/cc/rr: 0.000000000 0.992066888 0.007933112
JJ:/crc/: 0.947872391 0.052127609 0.000000000
JJ:/crc/cr: 0.999338834 0.000330583 0.000330583
JJ:/crc/rr: 0.000000000 0.999972730 0.000027270
JJ:/crrc/: 0.950573326 0.049426674 0.000000000
JJ:/crrc/cr: 0.998589063 0.000705469 0.000705469
JJ:/crrc/rr: 0.000000000 0.999944977 0.000055023
JJ:/rc/: 0.901499336 0.098500664 0.000000000
JJ:/rc/cr: 0.999562100 0.000218950 0.000218950
JJ:/rc/rr: 0.000000000 0.999964115 0.000035885
JJ:/rrc/: 0.999823077 0.000176923 0.000000000
JJ:/rrc/cr: 0.878092943 0.060953529 0.060953529
JJ:/rrc/rr: 0.000000000 0.999983821 0.000016179
JK:/cc/: 0.078172169 0.921827831 0.000000000
JK:/cc/cr: 0.000190674 0.000001959 0.999807366
JK:/cc/rr: 0.000000000 0.000034659 0.999965341
JK:/crc/: 0.080143505 0.919856495 0.000000000
JK:/crc/cr: 0.063771527 0.000018734 0.936209739
JK:/crc/rr: 0.000000000 0.000322531 0.999677469
JK:/crrc/: 0.999895393 0.000104607 0.000000000
JK:/crrc/cr: 0.333333333 0.333333333 0.333333333
JK:/crrc/rr: 0.000000000 0.000052309 0.999947691
JK:/rc/: 0.993231701 0.006768299 0.000000000
JK:/rc/cr: 0.929263440 0.003186434 0.067550126
JK:/rc/rr: 0.000000000 0.000032571 0.999967429
JK:/rrc/: 0.525832363 0.474167637 0.000000000
JK:/rrc/cr: 0.822151404 0.000022743 0.177825853
JK:/rrc/rr: 0.000000000 0.000030763 0.999969237
JQ:/cc/: 0.180343917 0.819656083 0.000000000
JQ:/cc/cr: 0.000005075 0.000002204 0.999992722
JQ:/cc/rr: 0.000000000 0.000015023 0.999984977
JQ:/crc/: 0.990966827 0.009033173 0.000000000
JQ:/crc/cr: 0.367762778 0.001907691 0.630329531
JQ:/crc/rr: 0.000000000 0.000026084 0.999973916
JQ:/crrc/: 0.036611706 0.963388294 0.000000000
JQ:/crrc/cr: 0.151319001 0.000036194 0.848644805
JQ:/crrc/rr: 0.000000000 0.001428599 0.998571401
JQ:/rc/: 0.997277962 0.002722038 0.000000000
JQ:/rc/cr: 0.007923012 0.007923012 0.984153975
JQ:/rc/rr: 0.000000000 0.000032438 0.999967562
JQ:/rrc/: 0.135843890 0.864156110 0.000000000
JQ:/rrc/cr: 0.000012479 0.000012479 0.999975041
JQ:/rrc/rr: 0.000000000 0.000119079 0.999880921
K:/: 0.757161081 0.242838919 0.000000000
K:/cr: 0.681612132 0.318374141 0.000013727
K:/rr: 0.000000000 0.999993396 0.000006604
KJ:/cc/: 0.000052241 0.999947759 0.000000000
KJ:/cc/cr: 0.000049617 0.000009945 0.999940438
KJ:/cc/rr: 0.000000000 0.802934897 0.197065103
KJ:/crc/: 0.000309171 0.999690829 0.000000000
KJ:/crc/cr: 0.000033201 0.999959611 0.000007188
KJ:/crc/rr: 0.000000000 0.965137038 0.034862962
KJ:/crrc/: 0.011953248 0.988046752 0.000000000
KJ:/crrc/cr: 0.000969133 0.997147257 0.001883610
KJ:/crrc/rr: 0.000000000 0.328034331 0.671965669
KJ:/rc/: 0.067434543 0.932565457 0.000000000
KJ:/rc/cr: 0.008396904 0.965189686 0.026413410
KJ:/rc/rr: 0.000000000 0.383848178 0.616151822
KJ:/rrc/: 0.088714776 0.911285224 0.000000000
KJ:/rrc/cr: 0.000155786 0.999814236 0.000029979
KJ:/rrc/rr: 0.000000000 0.677090486 0.322909514
KK:/cc/: 0.991289386 0.008710614 0.000000000
KK:/cc/cr: 0.998424162 0.000787919 0.000787919
KK:/cc/rr: 0.000000000 0.999989615 0.000010385
KK:/crc/: 0.185099068 0.814900932 0.000000000
KK:/crc/cr: 0.999982364 0.000008818 0.000008818
KK:/crc/rr: 0.000000000 0.999941768 0.000058232
KK:/crrc/: 0.994757457 0.005242543 0.000000000
KK:/crrc/cr: 0.998719558 0.000640221 0.000640221
KK:/crrc/rr: 0.000000000 0.999994939 0.000005061
KK:/rc/: 0.842636863 0.157363137 0.000000000
KK:/rc/cr: 0.999972024 0.000013988 0.000013988
KK:/rc/rr: 0.000000000 0.999996082 0.000003918
KK:/rrc/: 0.531197863 0.468802137 0.000000000
KK:/rrc/cr: 0.999995305 0.000002348 0.000002348
KK:/rrc/rr: 0.000000000 0.999996892 0.000003108
KQ:/cc/: 0.000056392 0.999943608 0.000000000
KQ:/cc/cr: 0.000045229 0.444986920 0.554967851
KQ:/cc/rr: 0.000000000 0.817441876 0.182558124
KQ:/crc/: 0.878275535 0.121724465 0.000000000
KQ:/crc/cr: 0.000394509 0.488925070 0.510680421
KQ:/crc/rr: 0.000000000 0.000027569 0.999972431
KQ:/crrc/: 0.011613671 0.988386329 0.000000000
KQ:/crrc/cr: 0.025259496 0.674795908 0.299944596
KQ:/crrc/rr: 0.000000000 0.004502688 0.995497312
KQ:/rc/: 0.000028768 0.999971232 0.000000000
KQ:/rc/cr: 0.000027273 0.495171114 0.504801613
KQ:/rc/rr: 0.000000000 0.885225408 0.114774592
KQ:/rrc/: 0.693584349 0.306415651 0.000000000
KQ:/rrc/cr: 0.037962206 0.867076653 0.094961141
KQ:/rrc/rr: 0.000000000 0.391409533 0.608590467
Q:/: 0.740175946 0.259824054 0.000000000
Q:/cr: 0.160583392 0.838939107 0.000477501
Q:/rr: 0.000000000 0.999993245 0.000006755
QJ:/cc/: 0.000019244 0.999980756 0.000000000
QJ:/cc/cr: 0.000006415 0.000006415 0.999987171
QJ:/cc/rr: 0.000000000 0.500000000 0.500000000
QJ:/crc/: 0.028543329 0.971456671 0.000000000
QJ:/crc/cr: 0.001694660 0.000002624 0.998302716
QJ:/crc/rr: 0.000000000 0.000133938 0.999866062
QJ:/crrc/: 0.044026998 0.955973002 0.000000000
QJ:/crrc/cr: 0.000405801 0.000013928 0.999580270
QJ:/crrc/rr: 0.000000000 0.000453649 0.999546351
QJ:/rc/: 0.008400332 0.991599668 0.000000000
QJ:/rc/cr: 0.000002271 0.000002271 0.999995458
QJ:/rc/rr: 0.000000000 0.000402076 0.999597924
QJ:/rrc/: 0.000003378 0.999996622 0.000000000
QJ:/rrc/cr: 0.000001126 0.000001126 0.999997748
QJ:/rrc/rr: 0.000000000 0.500000000 0.500000000
QK:/cc/: 0.488088773 0.511911227 0.000000000
QK:/cc/cr: 0.041115084 0.958866939 0.000017977
QK:/cc/rr: 0.000000000 0.999980287 0.000019713
QK:/crc/: 0.004756571 0.995243429 0.000000000
QK:/crc/cr: 0.000002561 0.556762441 0.443234998
QK:/crc/rr: 0.000000000 0.000803739 0.999196261
QK:/crrc/: 0.936838271 0.063161729 0.000000000
QK:/crrc/cr: 0.000472340 0.679446701 0.320080959
QK:/crrc/rr: 0.000000000 0.000583211 0.999416789
QK:/rc/: 0.458823059 0.541176941 0.000000000
QK:/rc/cr: 0.027411090 0.508821878 0.463767032
QK:/rc/rr: 0.000000000 0.202560202 0.797439798
QK:/rrc/: 0.124895846 0.875104154 0.000000000
QK:/rrc/cr: 0.000001368 0.299007858 0.700990774
QK:/rrc/rr: 0.000000000 0.000398398 0.999601602
QQ:/cc/: 0.488376694 0.511623306 0.000000000
QQ:/cc/cr: 0.999974925 0.000012538 0.000012538
QQ:/cc/rr: 0.000000000 0.999980298 0.000019702
QQ:/crc/: 0.979911010 0.020088990 0.000000000
QQ:/crc/cr: 0.999746260 0.000126870 0.000126870
QQ:/crc/rr: 0.000000000 0.999996099 0.000003901
QQ:/crrc/: 0.143575946 0.856424054 0.000000000
QQ:/crrc/cr: 0.999968905 0.000015547 0.000015547
QQ:/crrc/rr: 0.000000000 0.999860890 0.000139110
QQ:/rc/: 0.519546126 0.480453874 0.000000000
QQ:/rc/cr: 0.999990627 0.000004687 0.000004687
QQ:/rc/rr: 0.000000000 0.999993499 0.000006501
QQ:/rrc/: 0.978015549 0.021984451 0.000000000
QQ:/rrc/cr: 0.999897576 0.000051212 0.000051212
QQ:/rrc/rr: 0.000000000 0.999998273 0.000001727
