J:/c: 0.305859608 0.694140392 0.000000000
J:/crr: 0.000000000 0.999983653 0.000016347
J:/r: 0.053121596 0.126203612 0.820674792
JJ:/cc/c: 0.999992797 0.000007203 0.000000000
JJ:/cc/crr: 0.000000000 0.999996398 0.000003602
JJ:/cc/r: 0.999990396 0.000004802 0.000004802
JJ:/crc/c: 0.999983653 0.000016347 0.000000000
JJ:/crc/crr: 0.000000000 0.999991826 0.000008174
JJ:/crc/r: 0.999616226 0.000372876 0.000010898
JJ:/crrc/c: 0.999991826 0.000008174 0.000000000
JJ:/crrc/crr: 0.000000000 0.999995913 0.000004087
JJ:/crrc/r: 0.999973694 0.000020857 0.000005449
JJ:/rc/c: 0.999973588 0.000026412 0.000000000
JJ:/rc/crr: 0.000000000 0.999986793 0.000013207
JJ:/rc/r: 0.999964784 0.000017608 0.000017608
JJ:/rrc/c: 0.999937251 0.000062749 0.000000000
JJ:/rrc/crr: 0.000000000 0.999968623 0.000031377
JJ:/rrc/r: 0.999878903 0.000079265 0.000041833
JK:/cc/c: 0.000007203 0.999992797 0.000000000
JK:/cc/crr: 0.000000000 0.500000000 0.500000000
JK:/cc/r: 0.000004802 0.000004802 0.999990396
JK:/crc/c: 0.500843493 0.499156507 0.000000000
JK:/crc/crr: 0.000000000 0.000016320 0.999983680
JK:/crc/r: 0.048307322 0.000010898 0.951681780
JK:/crrc/c: 0.294506455 0.705493545 0.000000000
JK:/crrc/crr: 0.000000000 0.000013877 0.999986123
JK:/crrc/r: 0.205811772 0.000005449 0.794182779
JK:/rc/c: 0.405004971 0.594995029 0.000000000
JK:/rc/crr: 0.000000000 0.000032607 0.999967393
JK:/rc/r: 0.363426828 0.000017608 0.636555564
JK:/rrc/c: 0.999937251 0.000062749 0.000000000
JK:/rrc/crr: 0.000000000 0.000031377 0.999968623
JK:/rrc/r: 0.340415718 0.000041833 0.659542449
JQ:/cc/c: 0.067812978 0.932187022 0.000000000
JQ:/cc/crr: 0.000000000 0.000053110 0.999946890
JQ:/cc/r: 0.036122693 0.000004802 0.963872505
JQ:/crc/c: 0.554607225 0.445392775 0.000000000
JQ:/crc/crr: 0.000000000 0.000014738 0.999985262
JQ:/crc/r: 0.000059157 0.000010898 0.999929945
JQ:/crrc/c: 0.033514557 0.966485443 0.000000000
JQ:/crrc/crr: 0.000000000 0.000121944 0.999878056
JQ:/crrc/r: 0.141820109 0.000005449 0.858174442
JQ:/rc/c: 0.998705786 0.001294214 0.000000000
JQ:/rc/crr: 0.000000000 0.000013223 0.999986777
JQ:/rc/r: 0.000017608 0.000017608 0.999964784
JQ:/rrc/c: 0.015291013 0.984708987 0.000000000
JQ:/rrc/crr: 0.000000000 0.002051830 0.997948170
JQ:/rrc/r: 0.456690827 0.000041833 0.543267340
K:/c: 0.999990000 0.000010000 0.000000000
K:/crr: 0.000000000 0.999995000 0.000005000
K:/r: 0.574959616 0.425033717 0.000006667
KJ:/cc/c: 0.500000000 0.500000000 0.000000000
KJ:/cc/crr: 0.000000000 0.500000000 0.500000000
KJ:/cc/r: 0.333333333 0.333333333 0.333333333
KJ:/crc/c: 0.068669695 0.931330305 0.000000000
KJ:/crc/crr: 0.000000000 0.999963593 0.000036407
KJ:/crc/r: 0.000029948 0.744484484 0.255485568
KJ:/crrc/c: 0.411977815 0.588022185 0.000000000
KJ:/crrc/crr: 0.000000000 0.950285883 0.049714117
KJ:/crrc/r: 0.067729418 0.932268916 0.000001667
KJ:/rc/c: 0.432526469 0.567473531 0.000000000
KJ:/rc/crr: 0.000000000 0.698087927 0.301912073
KJ:/rc/r: 0.027424785 0.757481013 0.215094202
KJ:/rrc/c: 0.126324795 0.873675205 0.000000000
KJ:/rrc/crr: 0.000000000 0.999977053 0.000022947
KJ:/rrc/r: 0.023137110 0.936316949 0.040545941
KK:/cc/c: 0.500000000 0.500000000 0.000000000
KK:/cc/crr: 0.000000000 0.500000000 0.500000000
KK:/cc/r: 0.333333333 0.333333333 0.333333333
KK:/crc/c: 0.999995000 0.000005000 0.000000000
KK:/crc/crr: 0.000000000 0.999997500 0.000002500
KK:/crc/r: 0.983315492 0.016681175 0.000003333
KK:/crrc/c: 0.999997500 0.000002500 0.000000000
KK:/crrc/crr: 0.000000000 0.999998750 0.000001250
KK:/crrc/r: 0.999961270 0.000037063 0.000001667
KK:/rc/c: 0.999992157 0.000007843 0.000000000
KK:/rc/crr: 0.000000000 0.999996079 0.000003921
KK:/rc/r: 0.999981774 0.000012997 0.000005228
KK:/rrc/c: 0.999994202 0.000005798 0.000000000
KK:/rrc/crr: 0.000000000 0.999997101 0.000002899
KK:/rrc/r: 0.999894629 0.000101506 0.000003865
KQ:/cc/c: 0.500000000 0.500000000 0.000000000
KQ:/cc/crr: 0.000000000 0.500000000 0.500000000
KQ:/cc/r: 0.333333333 0.333333333 0.333333333
KQ:/crc/c: 0.004030329 0.995969671 0.000000000
KQ:/crc/crr: 0.000000000 0.030900577 0.969099423
KQ:/crc/r: 0.000018730 0.444892031 0.555089239
KQ:/crrc/c: 0.622909891 0.377090109 0.000000000
KQ:/crrc/crr: 0.000000000 0.467381073 0.532618927
KQ:/crrc/r: 0.001628079 0.708847005 0.289524916
KQ:/rc/c: 0.000116423 0.999883577 0.000000000
KQ:/rc/crr: 0.000000000 0.033681139 0.966318861
KQ:/rc/r: 0.000013511 0.298317662 0.701668826
KQ:/rrc/c: 0.509769076 0.490230924 0.000000000
KQ:/rrc/crr: 0.000000000 0.503619890 0.496380110
KQ:/rrc/r: 0.077862994 0.543135754 0.379001252
Q:/c: 0.845496240 0.154503760 0.000000000
Q:/crr: 0.000000000 0.999994086 0.000005914
Q:/r: 0.366119928 0.633845221 0.000034851
QJ:/cc/c: 0.000032362 0.999967638 0.000000000
QJ:/cc/crr: 0.000000000 0.500000000 0.500000000
QJ:/cc/r: 0.000021574 0.000021574 0.999956851
QJ:/crc/c: 0.391621367 0.608378633 0.000000000
QJ:/crc/crr: 0.000000000 0.004129868 0.995870132
QJ:/crc/r: 0.000003942 0.000003942 0.999992115
QJ:/crrc/c: 0.000002957 0.999997043 0.000000000
QJ:/crrc/crr: 0.000000000 0.500000000 0.500000000
QJ:/crrc/r: 0.000001971 0.000001971 0.999996058
QJ:/rc/c: 0.000030981 0.999969019 0.000000000
QJ:/rc/crr: 0.000000000 0.084874017 0.915125983
QJ:/rc/r: 0.012388209 0.000003506 0.987608285
QJ:/rrc/c: 0.000009104 0.999990896 0.000000000
QJ:/rrc/crr: 0.000000000 0.500000000 0.500000000
QJ:/rrc/r: 0.000063704 0.000006070 0.999930226
QK:/cc/c: 0.000209310 0.999790690 0.000000000
QK:/cc/crr: 0.000000000 0.922694469 0.077305531
QK:/cc/r: 0.000076536 0.745970514 0.253952951
QK:/crc/c: 0.370946998 0.629053002 0.000000000
QK:/crc/crr: 0.000000000 0.000377190 0.999622810
QK:/crc/r: 0.000044252 0.496593317 0.503362431
QK:/crrc/c: 0.334949937 0.665050063 0.000000000
QK:/crrc/crr: 0.000000000 0.000341744 0.999658256
QK:/crrc/r: 0.000037891 0.302361209 0.697600900
QK:/rc/c: 0.368976585 0.631023415 0.000000000
QK:/rc/crr: 0.000000000 0.005392808 0.994607192
QK:/rc/r: 0.000010051 0.307695807 0.692294142
QK:/rrc/c: 0.434465248 0.565534752 0.000000000
QK:/rrc/crr: 0.000000000 0.058576808 0.941423192
QK:/rrc/r: 0.000064876 0.502281712 0.497653412
QQ:/cc/c: 0.999967638 0.000032362 0.000000000
QQ:/cc/crr: 0.000000000 0.999983819 0.000016181
QQ:/cc/r: 0.999867181 0.000111245 0.000021574
QQ:/crc/c: 0.999994086 0.000005914 0.000000000
QQ:/crc/crr: 0.000000000 0.999997043 0.000002957
QQ:/crc/r: 0.999940368 0.000055690 0.000003942
QQ:/crrc/c: 0.999997043 0.000002957 0.000000000
QQ:/crrc/crr: 0.000000000 0.999998522 0.000001478
QQ:/crrc/r: 0.999996058 0.000001971 0.000001971
QQ:/rc/c: 0.999994741 0.000005259 0.000000000
QQ:/rc/crr: 0.000000000 0.999997371 0.000002629
QQ:/rc/r: 0.999991731 0.000004763 0.000003506
QQ:/rrc/c: 0.999990896 0.000009104 0.000000000
QQ:/rrc/crr: 0.000000000 0.999995448 0.000004552
QQ:/rrc/r: 0.999958896 0.000035034 0.000006070
