J:/c: 0.306589945 0.693410055 0.000000000
J:/crr: 0.000000000 0.999983692 0.000016308
J:/r: 0.054633266 0.128965665 0.816401069
JJ:/cc/c: 0.999992789 0.000007211 0.000000000
JJ:/cc/crr: 0.000000000 0.999996395 0.000003605
JJ:/cc/r: 0.999990386 0.000004807 0.000004807
JJ:/crc/c: 0.999983692 0.000016308 0.000000000
JJ:/crc/crr: 0.000000000 0.999991846 0.000008154
JJ:/crc/r: 0.999452743 0.000536385 0.000010872
JJ:/crrc/c: 0.999991846 0.000008154 0.000000000
JJ:/crrc/crr: 0.000000000 0.999995923 0.000004077
JJ:/crrc/r: 0.999973437 0.000021127 0.000005436
JJ:/rc/c: 0.999974153 0.000025847 0.000000000
JJ:/rc/crr: 0.000000000 0.999987076 0.000012924
JJ:/rc/r: 0.999963670 0.000019099 0.000017231
JJ:/rrc/c: 0.999938987 0.000061013 0.000000000
JJ:/rrc/crr: 0.000000000 0.999969492 0.000030508
JJ:/rrc/r: 0.999849296 0.000110029 0.000040675
JK:/cc/c: 0.007749631 0.992250369 0.000000000
JK:/cc/crr: 0.000000000 0.000465231 0.999534769
JK:/cc/r: 0.000004807 0.000004807 0.999990386
JK:/crc/c: 0.527045961 0.472954039 0.000000000
JK:/crc/crr: 0.000000000 0.000015472 0.999984528
JK:/crc/r: 0.060876218 0.000010872 0.939112910
JK:/crrc/c: 0.586422032 0.413577968 0.000000000
JK:/crrc/crr: 0.000000000 0.000006953 0.999993047
JK:/crrc/r: 0.196048105 0.000005436 0.803946458
JK:/rc/c: 0.381911536 0.618088464 0.000000000
JK:/rc/crr: 0.000000000 0.000033839 0.999966161
JK:/rc/r: 0.359661849 0.000017231 0.640320920
JK:/rrc/c: 0.999938987 0.000061013 0.000000000
JK:/rrc/crr: 0.000000000 0.000030508 0.999969492
JK:/rrc/r: 0.302319044 0.000040675 0.697640281
JQ:/cc/c: 0.062567202 0.937432798 0.000000000
JQ:/cc/crr: 0.000000000 0.000057624 0.999942376
JQ:/cc/r: 0.030916845 0.000004807 0.969078348
JQ:/crc/c: 0.610731065 0.389268935 0.000000000
JQ:/crc/crr: 0.000000000 0.000013352 0.999986648
JQ:/crc/r: 0.019552644 0.000010872 0.980436483
JQ:/crrc/c: 0.031945332 0.968054668 0.000000000
JQ:/crrc/crr: 0.000000000 0.000127630 0.999872370
JQ:/crrc/r: 0.188735075 0.000005436 0.811259489
JQ:/rc/c: 0.994490154 0.005509846 0.000000000
JQ:/rc/crr: 0.000000000 0.000012995 0.999987005
JQ:/rc/r: 0.000017231 0.000017231 0.999965538
JQ:/rrc/c: 0.016868576 0.983131424 0.000000000
JQ:/rrc/crr: 0.000000000 0.001808478 0.998191522
JQ:/rrc/r: 0.425961785 0.000040675 0.573997540
K:/c: 0.999965060 0.000034940 0.000000000
K:/crr: 0.000000000 0.999995000 0.000005000
K:/r: 0.576086042 0.423907291 0.000006667
KJ:/cc/c: 0.143103208 0.856896792 0.000000000
KJ:/cc/crr: 0.000000000 0.500000000 0.500000000
KJ:/cc/r: 0.421707351 0.207978851 0.370313799
KJ:/crc/c: 0.158031161 0.841968839 0.000000000
KJ:/crc/crr: 0.000000000 0.999984180 0.000015820
KJ:/crc/r: 0.000032555 0.740371921 0.259595524
KJ:/crrc/c: 0.407060351 0.592939649 0.000000000
KJ:/crrc/crr: 0.000000000 0.999996929 0.000003071
KJ:/crrc/r: 0.001066938 0.882640490 0.116292572
KJ:/rc/c: 0.466411035 0.533588965 0.000000000
KJ:/rc/crr: 0.000000000 0.786483245 0.213516755
KJ:/rc/r: 0.049153515 0.733782362 0.217064124
KJ:/rrc/c: 0.224922028 0.775077972 0.000000000
KJ:/rrc/crr: 0.000000000 0.999987137 0.000012863
KJ:/rrc/r: 0.034504295 0.916439968 0.049055738
KK:/cc/c: 0.856896792 0.143103208 0.000000000
KK:/cc/crr: 0.000000000 0.916499158 0.083500842
KK:/cc/r: 0.678952875 0.225644986 0.095402138
KK:/crc/c: 0.999995000 0.000005000 0.000000000
KK:/crc/crr: 0.000000000 0.999997500 0.000002500
KK:/crc/r: 0.980219583 0.019777083 0.000003333
KK:/crrc/c: 0.999997500 0.000002500 0.000000000
KK:/crrc/crr: 0.000000000 0.999998750 0.000001250
KK:/crrc/r: 0.999993230 0.000005103 0.000001667
KK:/rc/c: 0.999992137 0.000007863 0.000000000
KK:/rc/crr: 0.000000000 0.999996068 0.000003932
KK:/rc/r: 0.999979505 0.000015253 0.000005242
KK:/rrc/c: 0.999994214 0.000005786 0.000000000
KK:/rrc/crr: 0.000000000 0.999997107 0.000002893
KK:/rrc/r: 0.999642991 0.000353152 0.000003857
KQ:/cc/c: 0.429894783 0.570105217 0.000000000
KQ:/cc/crr: 0.000000000 0.833560195 0.166439805
KQ:/cc/r: 0.397066074 0.506961239 0.095972687
KQ:/crc/c: 0.127331420 0.872668580 0.000000000
KQ:/crc/crr: 0.000000000 0.006228960 0.993771040
KQ:/crc/r: 0.000010135 0.438831566 0.561158299
KQ:/crrc/c: 0.623499056 0.376500944 0.000000000
KQ:/crrc/crr: 0.000000000 0.393545871 0.606454129
KQ:/crrc/r: 0.001295004 0.729438485 0.269266511
KQ:/rc/c: 0.000823687 0.999176313 0.000000000
KQ:/rc/crr: 0.000000000 0.005808999 0.994191001
KQ:/rc/r: 0.000017972 0.299614585 0.700367443
KQ:/rrc/c: 0.524085820 0.475914180 0.000000000
KQ:/rrc/crr: 0.000000000 0.498755728 0.501244272
KQ:/rrc/r: 0.078312159 0.550361952 0.371325890
Q:/c: 0.847282503 0.152717497 0.000000000
Q:/crr: 0.000000000 0.999994099 0.000005901
Q:/r: 0.358780744 0.641102090 0.000117166
QJ:/cc/c: 0.000032740 0.999967260 0.000000000
QJ:/cc/crr: 0.000000000 0.500000000 0.500000000
QJ:/cc/r: 0.000021827 0.000021827 0.999956346
QJ:/crc/c: 0.415518546 0.584481454 0.000000000
QJ:/crc/crr: 0.000000000 0.025009038 0.974990962
QJ:/crc/r: 0.000003934 0.000003934 0.999992132
QJ:/crrc/c: 0.000032619 0.999967381 0.000000000
QJ:/crrc/crr: 0.000000000 0.045228197 0.954771803
QJ:/crrc/r: 0.031464220 0.000001967 0.968533812
QJ:/rc/c: 0.000005199 0.999994801 0.000000000
QJ:/rc/crr: 0.000000000 0.500000000 0.500000000
QJ:/rc/r: 0.007818032 0.000003466 0.992178501
QJ:/rrc/c: 0.000197964 0.999802036 0.000000000
QJ:/rrc/crr: 0.000000000 0.023465736 0.976534264
QJ:/rrc/r: 0.000039183 0.000006194 0.999954623
QK:/cc/c: 0.020823385 0.979176615 0.000000000
QK:/cc/crr: 0.000000000 0.999213860 0.000786140
QK:/cc/r: 0.000083268 0.726480683 0.273436049
QK:/crc/c: 0.328045835 0.671954165 0.000000000
QK:/crc/crr: 0.000000000 0.001092352 0.998907648
QK:/crc/r: 0.000053440 0.456668482 0.543278078
QK:/crrc/c: 0.028374234 0.971625766 0.000000000
QK:/crrc/crr: 0.000000000 0.004804714 0.995195286
QK:/crrc/r: 0.000062951 0.285680227 0.714256822
QK:/rc/c: 0.370841932 0.629158068 0.000000000
QK:/rc/crr: 0.000000000 0.005777238 0.994222762
QK:/rc/r: 0.000015747 0.309616368 0.690367886
QK:/rrc/c: 0.428042804 0.571957196 0.000000000
QK:/rrc/crr: 0.000000000 0.067293095 0.932706905
QK:/rrc/r: 0.000070022 0.515036732 0.484893246
QQ:/cc/c: 0.999967260 0.000032740 0.000000000
QQ:/cc/crr: 0.000000000 0.999983629 0.000016371
QQ:/cc/r: 0.999622254 0.000355919 0.000021827
QQ:/crc/c: 0.999994099 0.000005901 0.000000000
QQ:/crc/crr: 0.000000000 0.999997049 0.000002951
QQ:/crc/r: 0.999951999 0.000044067 0.000003934
QQ:/crrc/c: 0.999997049 0.000002951 0.000000000
QQ:/crrc/crr: 0.000000000 0.999998525 0.000001475
QQ:/crrc/r: 0.999996066 0.000001967 0.000001967
QQ:/rc/c: 0.999994801 0.000005199 0.000000000
QQ:/rc/crr: 0.000000000 0.999997400 0.000002600
QQ:/rc/r: 0.999991750 0.000004784 0.000003466
QQ:/rrc/c: 0.999990709 0.000009291 0.000000000
QQ:/rrc/crr: 0.000000000 0.999995355 0.000004645
QQ:/rrc/r: 0.999956294 0.000037512 0.000006194
