J:/c: 0.293481283 0.706518717 0.000000000
J:/crr: 0.000000000 0.999982963 0.000017037
J:/r: 0.054352519 0.127130465 0.818517015
JJ:/cc/c: 0.999992923 0.000007077 0.000000000
JJ:/cc/crr: 0.000000000 0.999996461 0.000003539
JJ:/cc/r: 0.999982812 0.000012470 0.000004718
JJ:/crc/c: 0.999982963 0.000017037 0.000000000
JJ:/crc/crr: 0.000000000 0.999991481 0.000008519
JJ:/crc/r: 0.999977284 0.000011358 0.000011358
JJ:/crrc/c: 0.999991481 0.000008519 0.000000000
JJ:/crrc/crr: 0.000000000 0.999995741 0.000004259
JJ:/crrc/r: 0.999988642 0.000005679 0.000005679
JJ:/rc/c: 0.999973780 0.000026220 0.000000000
JJ:/rc/crr: 0.000000000 0.999986890 0.000013110
JJ:/rc/r: 0.999956295 0.000026226 0.000017480
JJ:/rrc/c: 0.999938672 0.000061328 0.000000000
JJ:/rrc/crr: 0.000000000 0.999969334 0.000030666
JJ:/rrc/r: 0.999752605 0.000206510 0.000040885
JK:/cc/c: 0.005852821 0.994147179 0.000000000
JK:/cc/crr: 0.000000000 0.000604576 0.999395424
JK:/cc/r: 0.000010451 0.000004718 0.999984831
JK:/crc/c: 0.561845519 0.438154481 0.000000000
JK:/crc/crr: 0.000000000 0.000015162 0.999984838
JK:/crc/r: 0.057271096 0.000011358 0.942717547
JK:/crrc/c: 0.478632994 0.521367006 0.000000000
JK:/crrc/crr: 0.000000000 0.000008899 0.999991101
JK:/crrc/r: 0.233565261 0.000005679 0.766429060
JK:/rc/c: 0.381387361 0.618612639 0.000000000
JK:/rc/crr: 0.000000000 0.000034374 0.999965626
JK:/rc/r: 0.363009404 0.000017480 0.636973117
JK:/rrc/c: 0.999797454 0.000202546 0.000000000
JK:/rrc/crr: 0.000000000 0.000030670 0.999969330
JK:/rrc/r: 0.283743860 0.000040885 0.716215255
JQ:/cc/c: 0.069118040 0.930881960 0.000000000
JQ:/cc/crr: 0.000000000 0.000051195 0.999948805
JQ:/cc/r: 0.033708495 0.000004718 0.966286787
JQ:/crc/c: 0.541083692 0.458916308 0.000000000
JQ:/crc/crr: 0.000000000 0.000015743 0.999984257
JQ:/crc/r: 0.020426824 0.000011358 0.979561818
JQ:/crrc/c: 0.036010580 0.963989420 0.000000000
JQ:/crrc/crr: 0.000000000 0.000118279 0.999881721
JQ:/crrc/r: 0.190521288 0.000005679 0.809473032
JQ:/rc/c: 0.989548655 0.010451345 0.000000000
JQ:/rc/crr: 0.000000000 0.000013248 0.999986752
JQ:/rc/r: 0.000017480 0.000017480 0.999965040
JQ:/rrc/c: 0.021018420 0.978981580 0.000000000
JQ:/rrc/crr: 0.000000000 0.001458912 0.998541088
JQ:/rrc/r: 0.488205335 0.000040885 0.511753780
K:/c: 0.999969355 0.000030645 0.000000000
K:/crr: 0.000000000 0.999995000 0.000005000
K:/r: 0.583370520 0.416622814 0.000006667
KJ:/cc/c: 0.467194777 0.532805223 0.000000000
KJ:/cc/crr: 0.000000000 0.825385925 0.174614075
KJ:/cc/r: 0.536298871 0.220282287 0.243418842
KJ:/crc/c: 0.091827261 0.908172739 0.000000000
KJ:/crc/crr: 0.000000000 0.999972774 0.000027226
KJ:/crc/r: 0.000077019 0.743380299 0.256542682
KJ:/crrc/c: 0.394489206 0.605510794 0.000000000
KJ:/crrc/crr: 0.000000000 0.981405737 0.018594263
KJ:/crrc/r: 0.020641498 0.840176970 0.139181531
KJ:/rc/c: 0.419059105 0.580940895 0.000000000
KJ:/rc/crr: 0.000000000 0.818397066 0.181602934
KJ:/rc/r: 0.052599085 0.707231157 0.240169758
KJ:/rrc/c: 0.220377196 0.779622804 0.000000000
KJ:/rrc/crr: 0.000000000 0.952411193 0.047588807
KJ:/rrc/r: 0.043582288 0.907434569 0.048983143
KK:/cc/c: 0.836842432 0.163157568 0.000000000
KK:/cc/crr: 0.000000000 0.902515957 0.097484043
KK:/cc/r: 0.596304525 0.294923763 0.108771712
KK:/crc/c: 0.999995000 0.000005000 0.000000000
KK:/crc/crr: 0.000000000 0.999997500 0.000002500
KK:/crc/r: 0.933450649 0.066546017 0.000003333
KK:/crrc/c: 0.999997500 0.000002500 0.000000000
KK:/crrc/crr: 0.000000000 0.999998750 0.000001250
KK:/crrc/r: 0.999987635 0.000010698 0.000001667
KK:/rc/c: 0.999991999 0.000008001 0.000000000
KK:/rc/crr: 0.000000000 0.999996000 0.000004000
KK:/rc/r: 0.999980000 0.000014666 0.000005334
KK:/rrc/c: 0.999994286 0.000005714 0.000000000
KK:/rrc/crr: 0.000000000 0.999997143 0.000002857
KK:/rrc/r: 0.999976001 0.000020190 0.000003809
KQ:/cc/c: 0.836842432 0.163157568 0.000000000
KQ:/cc/crr: 0.000000000 0.902515957 0.097484043
KQ:/cc/r: 0.533773553 0.296341264 0.169885183
KQ:/crc/c: 0.268881392 0.731118608 0.000000000
KQ:/crc/crr: 0.000000000 0.034519305 0.965480695
KQ:/crc/r: 0.000061515 0.438009080 0.561929405
KQ:/crrc/c: 0.629012635 0.370987365 0.000000000
KQ:/crrc/crr: 0.000000000 0.419839609 0.580160391
KQ:/crrc/r: 0.000121812 0.670831317 0.329046871
KQ:/rc/c: 0.000577414 0.999422586 0.000000000
KQ:/rc/crr: 0.000000000 0.077988362 0.922011638
KQ:/rc/r: 0.000023211 0.304133407 0.695843382
KQ:/rrc/c: 0.513674045 0.486325955 0.000000000
KQ:/rrc/crr: 0.000000000 0.473651002 0.526348998
KQ:/rrc/r: 0.059870799 0.579067052 0.361062149
Q:/c: 0.847108130 0.152891870 0.000000000
Q:/crr: 0.000000000 0.999994098 0.000005902
Q:/r: 0.371350795 0.628523331 0.000125874
QJ:/cc/c: 0.000349819 0.999650181 0.000000000
QJ:/cc/crr: 0.000000000 0.046742592 0.953257408
QJ:/cc/r: 0.000038608 0.000021802 0.999939590
QJ:/crc/c: 0.428304216 0.571695784 0.000000000
QJ:/crc/crr: 0.000000000 0.005203856 0.994796144
QJ:/crc/r: 0.000140870 0.000003935 0.999855195
QJ:/crrc/c: 0.000002951 0.999997049 0.000000000
QJ:/crrc/crr: 0.000000000 0.500000000 0.500000000
QJ:/crrc/r: 0.027936296 0.000001967 0.972061736
QJ:/rc/c: 0.000228731 0.999771269 0.000000000
QJ:/rc/crr: 0.000000000 0.011593177 0.988406823
QJ:/rc/r: 0.010980468 0.000003536 0.989015996
QJ:/rrc/c: 0.000223206 0.999776794 0.000000000
QJ:/rrc/crr: 0.000000000 0.020107480 0.979892520
QJ:/rrc/r: 0.000084423 0.000005984 0.999909593
QK:/cc/c: 0.024479018 0.975520982 0.000000000
QK:/cc/crr: 0.000000000 0.999332023 0.000667977
QK:/cc/r: 0.000142107 0.725205999 0.274651893
QK:/crc/c: 0.305323869 0.694676131 0.000000000
QK:/crc/crr: 0.000000000 0.003900407 0.996099593
QK:/crc/r: 0.000238600 0.440089687 0.559671714
QK:/crrc/c: 0.009300391 0.990699609 0.000000000
QK:/crrc/crr: 0.000000000 0.046805303 0.953194697
QK:/crrc/r: 0.000040774 0.282775074 0.717184152
QK:/rc/c: 0.369728894 0.630271106 0.000000000
QK:/rc/crr: 0.000000000 0.007900858 0.992099142
QK:/rc/r: 0.000006849 0.303394785 0.696598366
QK:/rrc/c: 0.431879273 0.568120727 0.000000000
QK:/rrc/crr: 0.000000000 0.071601659 0.928398341
QK:/rrc/r: 0.000088739 0.526722780 0.473188481
QQ:/cc/c: 0.999967297 0.000032703 0.000000000
QQ:/cc/crr: 0.000000000 0.999983648 0.000016352
QQ:/cc/r: 0.999917803 0.000060395 0.000021802
QQ:/crc/c: 0.999994098 0.000005902 0.000000000
QQ:/crc/crr: 0.000000000 0.999997049 0.000002951
QQ:/crc/r: 0.999882396 0.000113669 0.000003935
QQ:/crrc/c: 0.999997049 0.000002951 0.000000000
QQ:/crrc/crr: 0.000000000 0.999998524 0.000001476
QQ:/crrc/r: 0.999996065 0.000001967 0.000001967
QQ:/rc/c: 0.999994697 0.000005303 0.000000000
QQ:/rc/crr: 0.000000000 0.999997348 0.000002652
QQ:/rc/r: 0.999992929 0.000003536 0.000003536
QQ:/rrc/c: 0.999991024 0.000008976 0.000000000
QQ:/rrc/crr: 0.000000000 0.999995512 0.000004488
QQ:/rrc/r: 0.999958765 0.000035250 0.000005984
