J:/c: 0.297706217 0.702293783 0.000000000
J:/crr: 0.000000000 0.999983205 0.000016795
J:/r: 0.053736187 0.126454693 0.819809121
JJ:/cc/c: 0.999992880 0.000007120 0.000000000
JJ:/cc/crr: 0.000000000 0.999996440 0.000003560
JJ:/cc/r: 0.999986770 0.000008484 0.000004746
JJ:/crc/c: 0.999983205 0.000016795 0.000000000
JJ:/crc/crr: 0.000000000 0.999991602 0.000008398
JJ:/crc/r: 0.999977607 0.000011197 0.000011197
JJ:/crrc/c: 0.999991602 0.000008398 0.000000000
JJ:/crrc/crr: 0.000000000 0.999995801 0.000004199
JJ:/crrc/r: 0.999988803 0.000005598 0.000005598
JJ:/rc/c: 0.999973640 0.000026360 0.000000000
JJ:/rc/crr: 0.000000000 0.999986820 0.000013180
JJ:/rc/r: 0.999961424 0.000021003 0.000017573
JJ:/rrc/c: 0.999937969 0.000062031 0.000000000
JJ:/rrc/crr: 0.000000000 0.999968982 0.000031018
JJ:/rrc/r: 0.999801705 0.000156941 0.000041354
JK:/cc/c: 0.002183433 0.997816567 0.000000000
JK:/cc/crr: 0.000000000 0.001630352 0.998369648
JK:/cc/r: 0.000010171 0.000004746 0.999985083
JK:/crc/c: 0.517504503 0.482495497 0.000000000
JK:/crc/crr: 0.000000000 0.000016227 0.999983773
JK:/crc/r: 0.021472983 0.000011197 0.978515821
JK:/crrc/c: 0.445298688 0.554701312 0.000000000
JK:/crrc/crr: 0.000000000 0.000009429 0.999990571
JK:/crrc/r: 0.227012844 0.000005598 0.772981558
JK:/rc/c: 0.375167119 0.624832881 0.000000000
JK:/rc/crr: 0.000000000 0.000035131 0.999964869
JK:/rc/r: 0.355190363 0.000017573 0.644792063
JK:/rrc/c: 0.999892376 0.000107624 0.000000000
JK:/rrc/crr: 0.000000000 0.000031019 0.999968981
JK:/rrc/r: 0.357683473 0.000041354 0.642275173
JQ:/cc/c: 0.072740507 0.927259493 0.000000000
JQ:/cc/crr: 0.000000000 0.000048938 0.999951062
JQ:/cc/r: 0.037891813 0.000004746 0.962103440
JQ:/crc/c: 0.541895788 0.458104212 0.000000000
JQ:/crc/crr: 0.000000000 0.000015497 0.999984503
JQ:/crc/r: 0.039151438 0.000011197 0.960837365
JQ:/crrc/c: 0.031381714 0.968618286 0.000000000
JQ:/crrc/crr: 0.000000000 0.000133799 0.999866201
JQ:/crrc/r: 0.157845558 0.000005598 0.842148843
JQ:/rc/c: 0.994650307 0.005349693 0.000000000
JQ:/rc/crr: 0.000000000 0.000013251 0.999986749
JQ:/rc/r: 0.000017573 0.000017573 0.999964853
JQ:/rrc/c: 0.009995813 0.990004187 0.000000000
JQ:/rrc/crr: 0.000000000 0.003102872 0.996897128
JQ:/rrc/r: 0.458240255 0.000041354 0.541718390
K:/c: 0.999969665 0.000030335 0.000000000
K:/crr: 0.000000000 0.999995000 0.000005000
K:/r: 0.584612913 0.415380420 0.000006667
KJ:/cc/c: 0.164824921 0.835175079 0.000000000
KJ:/cc/crr: 0.000000000 0.500000000 0.500000000
KJ:/cc/r: 0.517292118 0.229931241 0.252776641
KJ:/crc/c: 0.085607640 0.914392360 0.000000000
KJ:/crc/crr: 0.000000000 0.999970796 0.000029204
KJ:/crc/r: 0.000044659 0.731123563 0.268831778
KJ:/crrc/c: 0.279212080 0.720787920 0.000000000
KJ:/crrc/crr: 0.000000000 0.999995523 0.000004477
KJ:/crrc/r: 0.081856920 0.740603824 0.177539256
KJ:/rc/c: 0.479411506 0.520588494 0.000000000
KJ:/rc/crr: 0.000000000 0.740797451 0.259202549
KJ:/rc/r: 0.016694876 0.743251732 0.240053392
KJ:/rrc/c: 0.076614856 0.923385144 0.000000000
KJ:/rrc/crr: 0.000000000 0.999962789 0.000037211
KJ:/rrc/r: 0.056158517 0.877108078 0.066733405
KK:/cc/c: 0.835175079 0.164824921 0.000000000
KK:/cc/crr: 0.000000000 0.901323133 0.098676867
KK:/cc/r: 0.574656373 0.315460346 0.109883281
KK:/crc/c: 0.999995000 0.000005000 0.000000000
KK:/crc/crr: 0.000000000 0.999997500 0.000002500
KK:/crc/r: 0.958063537 0.041933129 0.000003333
KK:/crrc/c: 0.999997500 0.000002500 0.000000000
KK:/crrc/crr: 0.000000000 0.999998750 0.000001250
KK:/crrc/r: 0.999962889 0.000035444 0.000001667
KK:/rc/c: 0.999991975 0.000008025 0.000000000
KK:/rc/crr: 0.000000000 0.999995988 0.000004012
KK:/rc/r: 0.999980465 0.000014185 0.000005350
KK:/rrc/c: 0.999994298 0.000005702 0.000000000
KK:/rrc/crr: 0.000000000 0.999997149 0.000002851
KK:/rrc/r: 0.999876632 0.000119567 0.000003801
KQ:/cc/c: 0.829882906 0.170117094 0.000000000
KQ:/cc/crr: 0.000000000 0.900693869 0.099306131
KQ:/cc/r: 0.494550422 0.391682306 0.113767272
KQ:/crc/c: 0.001703233 0.998296767 0.000000000
KQ:/crc/crr: 0.000000000 0.215901101 0.784098899
KQ:/crc/r: 0.000025421 0.430640997 0.569333582
KQ:/crrc/c: 0.637978759 0.362021241 0.000000000
KQ:/crrc/crr: 0.000000000 0.404412831 0.595587169
KQ:/crrc/r: 0.007798450 0.748108699 0.244092851
KQ:/rc/c: 0.000297791 0.999702209 0.000000000
KQ:/rc/crr: 0.000000000 0.013473831 0.986526169
KQ:/rc/r: 0.000019574 0.299713478 0.700266948
KQ:/rrc/c: 0.500311083 0.499688917 0.000000000
KQ:/rrc/crr: 0.000000000 0.477670041 0.522329959
KQ:/rrc/r: 0.079606382 0.545683604 0.374710014
Q:/c: 0.851950204 0.148049796 0.000000000
Q:/crr: 0.000000000 0.999994131 0.000005869
Q:/r: 0.370691462 0.629219855 0.000088683
QJ:/cc/c: 0.000411733 0.999588267 0.000000000
QJ:/cc/crr: 0.000000000 0.041012508 0.958987492
QJ:/cc/r: 0.000022515 0.000022515 0.999954970
QJ:/crc/c: 0.409627622 0.590372378 0.000000000
QJ:/crc/crr: 0.000000000 0.000605478 0.999394522
QJ:/crc/r: 0.000003913 0.000003913 0.999992175
QJ:/crrc/c: 0.000002934 0.999997066 0.000000000
QJ:/crrc/crr: 0.000000000 0.500000000 0.500000000
QJ:/crrc/r: 0.002972894 0.000001956 0.997025150
QJ:/rc/c: 0.000065945 0.999934055 0.000000000
QJ:/rc/crr: 0.000000000 0.040166843 0.959833157
QJ:/rc/r: 0.021112873 0.000003532 0.978883595
QJ:/rrc/c: 0.000117642 0.999882358 0.000000000
QJ:/rrc/crr: 0.000000000 0.038218369 0.961781631
QJ:/rrc/r: 0.000072805 0.000005995 0.999921201
QK:/cc/c: 0.018248321 0.981751679 0.000000000
QK:/cc/crr: 0.000000000 0.999074643 0.000925357
QK:/cc/r: 0.000107463 0.739789233 0.260103304
QK:/crc/c: 0.371041768 0.628958232 0.000000000
QK:/crc/crr: 0.000000000 0.000833058 0.999166942
QK:/crc/r: 0.000204826 0.542543034 0.457252140
QK:/crrc/c: 0.047002613 0.952997387 0.000000000
QK:/crrc/crr: 0.000000000 0.007915077 0.992084923
QK:/crrc/r: 0.000033364 0.279042777 0.720923859
QK:/rc/c: 0.373718293 0.626281707 0.000000000
QK:/rc/crr: 0.000000000 0.006862492 0.993137508
QK:/rc/r: 0.000009617 0.321058569 0.678931814
QK:/rrc/c: 0.438689553 0.561310447 0.000000000
QK:/rrc/crr: 0.000000000 0.046986819 0.953013181
QK:/rrc/r: 0.000072271 0.480057371 0.519870358
QQ:/cc/c: 0.999966228 0.000033772 0.000000000
QQ:/cc/crr: 0.000000000 0.999983113 0.000016887
QQ:/cc/r: 0.999933821 0.000043664 0.000022515
QQ:/crc/c: 0.999994131 0.000005869 0.000000000
QQ:/crc/crr: 0.000000000 0.999997066 0.000002934
QQ:/crc/r: 0.999733590 0.000262498 0.000003913
QQ:/crrc/c: 0.999997066 0.000002934 0.000000000
QQ:/crrc/crr: 0.000000000 0.999998533 0.000001467
QQ:/crrc/r: 0.999996087 0.000001956 0.000001956
QQ:/rc/c: 0.999994702 0.000005298 0.000000000
QQ:/rc/crr: 0.000000000 0.999997351 0.000002649
QQ:/rc/r: 0.999991933 0.000004536 0.000003532
QQ:/rrc/c: 0.999991008 0.000008992 0.000000000
QQ:/rrc/crr: 0.000000000 0.999995504 0.000004496
QQ:/rrc/r: 0.999961886 0.000032119 0.000005995
