J:/c: 0.284801650 0.715198350 0.000000000
J:/crr: 0.000000000 0.999982444 0.000017556
J:/r: 0.054049349 0.131060587 0.814890064
JJ:/cc/c: 0.999993009 0.000006991 0.000000000
JJ:/cc/crr: 0.000000000 0.999996504 0.000003496
JJ:/cc/r: 0.999982854 0.000012485 0.000004661
JJ:/crc/c: 0.999982444 0.000017556 0.000000000
JJ:/crc/crr: 0.000000000 0.999991222 0.000008778
JJ:/crc/r: 0.999976592 0.000011704 0.000011704
JJ:/crrc/c: 0.999991222 0.000008778 0.000000000
JJ:/crrc/crr: 0.000000000 0.999995611 0.000004389
JJ:/crrc/r: 0.999988296 0.000005852 0.000005852
JJ:/rc/c: 0.999974566 0.000025434 0.000000000
JJ:/rc/crr: 0.000000000 0.999987283 0.000012717
JJ:/rc/r: 0.999963115 0.000019930 0.000016956
JJ:/rrc/c: 0.999938328 0.000061672 0.000000000
JJ:/rrc/crr: 0.000000000 0.999969162 0.000030838
JJ:/rrc/r: 0.999730606 0.000228279 0.000041115
JK:/cc/c: 0.006391251 0.993608749 0.000000000
JK:/cc/crr: 0.000000000 0.191443490 0.808556510
JK:/cc/r: 0.000010295 0.000004661 0.999985045
JK:/crc/c: 0.554186347 0.445813653 0.000000000
JK:/crc/crr: 0.000000000 0.000015840 0.999984160
JK:/crc/r: 0.027518536 0.000011704 0.972469760
JK:/crrc/c: 0.525721013 0.474278987 0.000000000
JK:/crrc/crr: 0.000000000 0.000008349 0.999991651
JK:/crrc/r: 0.207762573 0.000005852 0.792231575
JK:/rc/c: 0.388853132 0.611146868 0.000000000
JK:/rc/crr: 0.000000000 0.000032703 0.999967297
JK:/rc/r: 0.352762046 0.000016956 0.647220998
JK:/rrc/c: 0.999560867 0.000439133 0.000000000
JK:/rrc/crr: 0.000000000 0.000030850 0.999969150
JK:/rrc/r: 0.274965608 0.000041943 0.724992449
JQ:/cc/c: 0.079569415 0.920430585 0.000000000
JQ:/cc/crr: 0.000000000 0.000043931 0.999956069
JQ:/cc/r: 0.034403561 0.000004661 0.965591778
JQ:/crc/c: 0.470992188 0.529007812 0.000000000
JQ:/crc/crr: 0.000000000 0.000018637 0.999981363
JQ:/crc/r: 0.064252679 0.000011704 0.935735617
JQ:/crrc/c: 0.052596976 0.947403024 0.000000000
JQ:/crrc/crr: 0.000000000 0.000083448 0.999916552
JQ:/crrc/r: 0.149950436 0.000005852 0.850043712
JQ:/rc/c: 0.990806120 0.009193880 0.000000000
JQ:/rc/crr: 0.000000000 0.000012835 0.999987165
JQ:/rc/r: 0.000016956 0.000016956 0.999966089
JQ:/rrc/c: 0.009941676 0.990058324 0.000000000
JQ:/rrc/crr: 0.000000000 0.003101692 0.996898308
JQ:/rrc/r: 0.433483067 0.000041115 0.566475818
K:/c: 0.999942858 0.000057142 0.000000000
K:/crr: 0.000000000 0.999995000 0.000005000
K:/r: 0.565766050 0.434227283 0.000006667
KJ:/cc/c: 0.267771254 0.732228746 0.000000000
KJ:/cc/crr: 0.000000000 0.836612564 0.163387436
KJ:/cc/r: 0.295532736 0.118797641 0.585669623
KJ:/crc/c: 0.086311761 0.913688239 0.000000000
KJ:/crc/crr: 0.000000000 0.999971034 0.000028966
KJ:/crc/r: 0.000102662 0.729599239 0.270298100
KJ:/crrc/c: 0.242190699 0.757809301 0.000000000
KJ:/crrc/crr: 0.000000000 0.951432675 0.048567325
KJ:/crrc/r: 0.023734162 0.850179814 0.126086024
KJ:/rc/c: 0.471288086 0.528711914 0.000000000
KJ:/rc/crr: 0.000000000 0.802307894 0.197692106
KJ:/rc/r: 0.023731925 0.742271498 0.233996576
KJ:/rrc/c: 0.240433244 0.759566756 0.000000000
KJ:/rrc/crr: 0.000000000 0.996327046 0.003672954
KJ:/rrc/r: 0.044304924 0.888928715 0.066766361
KK:/cc/c: 0.912499083 0.087500917 0.000000000
KK:/cc/crr: 0.000000000 0.952054244 0.047945756
KK:/cc/r: 0.787849455 0.153816601 0.058333945
KK:/crc/c: 0.999995000 0.000005000 0.000000000
KK:/crc/crr: 0.000000000 0.999997500 0.000002500
KK:/crc/r: 0.716912034 0.283084632 0.000003334
KK:/crrc/c: 0.999997500 0.000002500 0.000000000
KK:/crrc/crr: 0.000000000 0.999998750 0.000001250
KK:/crrc/r: 0.999996666 0.000001667 0.000001667
KK:/rc/c: 0.999992324 0.000007676 0.000000000
KK:/rc/crr: 0.000000000 0.999996162 0.000003838
KK:/rc/r: 0.999980269 0.000014613 0.000005118
KK:/rrc/c: 0.999994108 0.000005892 0.000000000
KK:/rrc/crr: 0.000000000 0.999997054 0.000002946
KK:/rrc/r: 0.999976955 0.000019117 0.000003928
KQ:/cc/c: 0.449959338 0.550040662 0.000000000
KQ:/cc/crr: 0.000000000 0.902767973 0.097232027
KQ:/cc/r: 0.295952216 0.599081673 0.104966112
KQ:/crc/c: 0.246078003 0.753921997 0.000000000
KQ:/crc/crr: 0.000000000 0.149880817 0.850119183
KQ:/crc/r: 0.000083203 0.442773620 0.557143177
KQ:/crrc/c: 0.598052603 0.401947397 0.000000000
KQ:/crrc/crr: 0.000000000 0.466847857 0.533152143
KQ:/crrc/r: 0.000599529 0.734109897 0.265290574
KQ:/rc/c: 0.001877725 0.998122275 0.000000000
KQ:/rc/crr: 0.000000000 0.025567934 0.974432066
KQ:/rc/r: 0.000024417 0.307464953 0.692510630
KQ:/rrc/c: 0.516707934 0.483292066 0.000000000
KQ:/rrc/crr: 0.000000000 0.504030050 0.495969950
KQ:/rrc/r: 0.071585727 0.563157909 0.365256363
Q:/c: 0.841137701 0.158862299 0.000000000
Q:/crr: 0.000000000 0.999994056 0.000005944
Q:/r: 0.350060637 0.649776462 0.000162901
QJ:/cc/c: 0.000551897 0.999448103 0.000000000
QJ:/cc/crr: 0.000000000 0.028514176 0.971485824
QJ:/cc/r: 0.000046783 0.000020983 0.999932235
QJ:/crc/c: 0.439143277 0.560856723 0.000000000
QJ:/crc/crr: 0.000000000 0.031002391 0.968997609
QJ:/crc/r: 0.000017542 0.000003963 0.999978495
QJ:/crrc/c: 0.000138395 0.999861605 0.000000000
QJ:/crrc/crr: 0.000000000 0.010738059 0.989261941
QJ:/crrc/r: 0.016636983 0.000001981 0.983361036
QJ:/rc/c: 0.000163089 0.999836911 0.000000000
QJ:/rc/crr: 0.000000000 0.015727494 0.984272506
QJ:/rc/r: 0.020907429 0.000003420 0.979089151
QJ:/rrc/c: 0.000304075 0.999695925 0.000000000
QJ:/rrc/crr: 0.000000000 0.015657586 0.984342414
QJ:/rrc/r: 0.000089620 0.000010536 0.999899845
QK:/cc/c: 0.319032149 0.680967851 0.000000000
QK:/cc/crr: 0.000000000 0.999950673 0.000049327
QK:/cc/r: 0.000150876 0.714635310 0.285213814
QK:/crc/c: 0.337493086 0.662506914 0.000000000
QK:/crc/crr: 0.000000000 0.006082890 0.993917110
QK:/crc/r: 0.000380915 0.455566769 0.544052315
QK:/crrc/c: 0.010574793 0.989425207 0.000000000
QK:/crrc/crr: 0.000000000 0.024039355 0.975960645
QK:/crrc/r: 0.000071211 0.278137306 0.721791483
QK:/rc/c: 0.370441500 0.629558500 0.000000000
QK:/rc/crr: 0.000000000 0.007215200 0.992784800
QK:/rc/r: 0.000007430 0.314976161 0.685016409
QK:/rrc/c: 0.421308925 0.578691075 0.000000000
QK:/rrc/crr: 0.000000000 0.046884393 0.953115607
QK:/rrc/r: 0.000091370 0.513512693 0.486395938
QQ:/cc/c: 0.999968526 0.000031474 0.000000000
QQ:/cc/crr: 0.000000000 0.999984263 0.000015737
QQ:/cc/r: 0.999921650 0.000057367 0.000020983
QQ:/crc/c: 0.999994056 0.000005944 0.000000000
QQ:/crc/crr: 0.000000000 0.999997028 0.000002972
QQ:/crc/r: 0.828476018 0.171520019 0.000003963
QQ:/crrc/c: 0.999997028 0.000002972 0.000000000
QQ:/crrc/crr: 0.000000000 0.999998514 0.000001486
QQ:/crrc/r: 0.999996037 0.000001981 0.000001981
QQ:/rc/c: 0.999994870 0.000005130 0.000000000
QQ:/rc/crr: 0.000000000 0.999997435 0.000002565
QQ:/rc/r: 0.999992813 0.000003767 0.000003420
QQ:/rrc/c: 0.999990478 0.000009522 0.000000000
QQ:/rrc/crr: 0.000000000 0.999995239 0.000004761
QQ:/rrc/r: 0.999955612 0.000038040 0.000006348
