J:/c: 0.297389317 0.702610683 0.000000000
J:/crr: 0.000000000 0.999983187 0.000016813
J:/r: 0.055205751 0.123691731 0.821102518
JJ:/cc/c: 0.999992884 0.000007116 0.000000000
JJ:/cc/crr: 0.000000000 0.999996442 0.000003558
JJ:/cc/r: 0.999986931 0.000008324 0.000004744
JJ:/crc/c: 0.999983187 0.000016813 0.000000000
JJ:/crc/crr: 0.000000000 0.999991593 0.000008407
JJ:/crc/r: 0.999838048 0.000150743 0.000011209
JJ:/crrc/c: 0.999991593 0.000008407 0.000000000
JJ:/crrc/crr: 0.000000000 0.999995797 0.000004203
JJ:/crrc/r: 0.999988791 0.000005604 0.000005604
JJ:/rc/c: 0.999973051 0.000026949 0.000000000
JJ:/rc/crr: 0.000000000 0.999986525 0.000013475
JJ:/rc/r: 0.999964068 0.000017966 0.000017966
JJ:/rrc/c: 0.999939620 0.000060380 0.000000000
JJ:/rrc/crr: 0.000000000 0.999969808 0.000030192
JJ:/rrc/r: 0.999894915 0.000064831 0.000040253
JK:/cc/c: 0.004503355 0.995496645 0.000000000
JK:/cc/crr: 0.000000000 0.000790113 0.999209887
JK:/cc/r: 0.000007864 0.000004744 0.999987392
JK:/crc/c: 0.522583219 0.477416781 0.000000000
JK:/crc/crr: 0.000000000 0.000016086 0.999983914
JK:/crc/r: 0.029771888 0.000011209 0.970216903
JK:/crrc/c: 0.471191142 0.528808858 0.000000000
JK:/crrc/crr: 0.000000000 0.000008921 0.999991079
JK:/crrc/r: 0.186304160 0.000005604 0.813690235
JK:/rc/c: 0.393430815 0.606569185 0.000000000
JK:/rc/crr: 0.000000000 0.000034248 0.999965752
JK:/rc/r: 0.362127250 0.000017966 0.637854785
JK:/rrc/c: 0.999939620 0.000060380 0.000000000
JK:/rrc/crr: 0.000000000 0.000030192 0.999969808
JK:/rrc/r: 0.340663369 0.000040253 0.659296377
JQ:/cc/c: 0.067978252 0.932021748 0.000000000
JQ:/cc/crr: 0.000000000 0.000052343 0.999947657
JQ:/cc/r: 0.032120210 0.000004744 0.967875046
JQ:/crc/c: 0.571456325 0.428543675 0.000000000
JQ:/crc/crr: 0.000000000 0.000014711 0.999985289
JQ:/crc/r: 0.014352825 0.000011209 0.985635966
JQ:/crrc/c: 0.031237227 0.968762773 0.000000000
JQ:/crrc/crr: 0.000000000 0.000134561 0.999865439
JQ:/crrc/r: 0.029609439 0.000005604 0.970384957
JQ:/rc/c: 0.998189903 0.001810097 0.000000000
JQ:/rc/crr: 0.000000000 0.000013499 0.999986501
JQ:/rc/r: 0.000017966 0.000017966 0.999964068
JQ:/rrc/c: 0.008286422 0.991713578 0.000000000
JQ:/rrc/crr: 0.000000000 0.003643321 0.996356679
JQ:/rrc/r: 0.566602736 0.000040253 0.433357010
K:/c: 0.999990000 0.000010000 0.000000000
K:/crr: 0.000000000 0.999995000 0.000005000
K:/r: 0.592183281 0.407810052 0.000006667
KJ:/cc/c: 0.500000000 0.500000000 0.000000000
KJ:/cc/crr: 0.000000000 0.500000000 0.500000000
KJ:/cc/r: 0.333333333 0.333333333 0.333333333
KJ:/crc/c: 0.063430205 0.936569795 0.000000000
KJ:/crc/crr: 0.000000000 0.999960586 0.000039414
KJ:/crc/r: 0.000030846 0.717801603 0.282167551
KJ:/crrc/c: 0.328583891 0.671416109 0.000000000
KJ:/crrc/crr: 0.000000000 0.999996196 0.000003804
KJ:/crrc/r: 0.000339503 0.962596273 0.037064223
KJ:/rc/c: 0.461347713 0.538652287 0.000000000
KJ:/rc/crr: 0.000000000 0.887668791 0.112331209
KJ:/rc/r: 0.030777606 0.759228667 0.209993727
KJ:/rrc/c: 0.132547362 0.867452638 0.000000000
KJ:/rrc/crr: 0.000000000 0.999978767 0.000021233
KJ:/rrc/r: 0.008283421 0.952482779 0.039233800
KK:/cc/c: 0.500000000 0.500000000 0.000000000
KK:/cc/crr: 0.000000000 0.500000000 0.500000000
KK:/cc/r: 0.333333333 0.333333333 0.333333333
KK:/crc/c: 0.999995000 0.000005000 0.000000000
KK:/crc/crr: 0.000000000 0.999997500 0.000002500
KK:/crc/r: 0.950387128 0.049609538 0.000003333
KK:/crrc/c: 0.999997500 0.000002500 0.000000000
KK:/crrc/crr: 0.000000000 0.999998750 0.000001250
KK:/crrc/r: 0.999867941 0.000130393 0.000001667
KK:/rc/c: 0.999991826 0.000008174 0.000000000
KK:/rc/crr: 0.000000000 0.999995913 0.000004087
KK:/rc/r: 0.999980247 0.000014304 0.000005449
KK:/rrc/c: 0.999994371 0.000005629 0.000000000
KK:/rrc/crr: 0.000000000 0.999997186 0.000002814
KK:/rrc/r: 0.998264060 0.001732188 0.000003753
KQ:/cc/c: 0.500000000 0.500000000 0.000000000
KQ:/cc/crr: 0.000000000 0.500000000 0.500000000
KQ:/cc/r: 0.333333333 0.333333333 0.333333333
KQ:/crc/c: 0.105721332 0.894278668 0.000000000
KQ:/crc/crr: 0.000000000 0.001255973 0.998744027
KQ:/crc/r: 0.000019202 0.429117089 0.570863709
KQ:/crrc/c: 0.617627744 0.382372256 0.000000000
KQ:/crrc/crr: 0.000000000 0.414940879 0.585059121
KQ:/crrc/r: 0.000446203 0.793728226 0.205825572
KQ:/rc/c: 0.000008174 0.999991826 0.000000000
KQ:/rc/crr: 0.000000000 0.500000000 0.500000000
KQ:/rc/r: 0.000017307 0.301919822 0.698062871
KQ:/rrc/c: 0.527793110 0.472206890 0.000000000
KQ:/rrc/crr: 0.000000000 0.487329841 0.512670159
KQ:/rrc/r: 0.027505179 0.625513867 0.346980954
Q:/c: 0.845022015 0.154977985 0.000000000
Q:/crr: 0.000000000 0.999994083 0.000005917
Q:/r: 0.381956445 0.618003216 0.000040340
QJ:/cc/c: 0.000032263 0.999967737 0.000000000
QJ:/cc/crr: 0.000000000 0.500000000 0.500000000
QJ:/cc/r: 0.000021508 0.000021508 0.999956983
QJ:/crc/c: 0.396655083 0.603344917 0.000000000
QJ:/crc/crr: 0.000000000 0.005733601 0.994266399
QJ:/crc/r: 0.000003945 0.000003945 0.999992111
QJ:/crrc/c: 0.000002959 0.999997041 0.000000000
QJ:/crrc/crr: 0.000000000 0.500000000 0.500000000
QJ:/crrc/r: 0.010922187 0.000001972 0.989075841
QJ:/rc/c: 0.000071195 0.999928805 0.000000000
QJ:/rc/crr: 0.000000000 0.037879699 0.962120301
QJ:/rc/r: 0.017757639 0.000003596 0.982238766
QJ:/rrc/c: 0.000008727 0.999991273 0.000000000
QJ:/rrc/crr: 0.000000000 0.500000000 0.500000000
QJ:/rrc/r: 0.000039359 0.000005818 0.999954823
QK:/cc/c: 0.042419253 0.957580747 0.000000000
QK:/cc/crr: 0.000000000 0.999619717 0.000380283
QK:/cc/r: 0.000080521 0.732427180 0.267492299
QK:/crc/c: 0.348000349 0.651999651 0.000000000
QK:/crc/crr: 0.000000000 0.000663018 0.999336982
QK:/crc/r: 0.000057371 0.476361374 0.523581255
QK:/crrc/c: 0.133204032 0.866795968 0.000000000
QK:/crrc/crr: 0.000000000 0.000550452 0.999449548
QK:/crrc/r: 0.000029322 0.304905672 0.695065007
QK:/rc/c: 0.343183132 0.656816868 0.000000000
QK:/rc/crr: 0.000000000 0.000235902 0.999764098
QK:/rc/r: 0.000007348 0.298675780 0.701316872
QK:/rrc/c: 0.428173354 0.571826646 0.000000000
QK:/rrc/crr: 0.000000000 0.047540070 0.952459930
QK:/rrc/r: 0.000060843 0.497485679 0.502453478
QQ:/cc/c: 0.999967737 0.000032263 0.000000000
QQ:/cc/crr: 0.000000000 0.999983868 0.000016132
QQ:/cc/r: 0.999923793 0.000054698 0.000021508
QQ:/crc/c: 0.999994083 0.000005917 0.000000000
QQ:/crc/crr: 0.000000000 0.999997041 0.000002959
QQ:/crc/r: 0.961486018 0.038510037 0.000003945
QQ:/crrc/c: 0.999997041 0.000002959 0.000000000
QQ:/crrc/crr: 0.000000000 0.999998521 0.000001479
QQ:/crrc/r: 0.999939602 0.000058426 0.000001972
QQ:/rc/c: 0.999994606 0.000005394 0.000000000
QQ:/rc/crr: 0.000000000 0.999997303 0.000002697
QQ:/rc/r: 0.963314864 0.036681540 0.000003596
QQ:/rrc/c: 0.999991273 0.000008727 0.000000000
QQ:/rrc/crr: 0.000000000 0.999995636 0.000004364
QQ:/rrc/r: 0.999958117 0.000036065 0.000005818
