J:/c: 0.292077875 0.707922125 0.000000000
J:/crr: 0.000000000 0.999982881 0.000017119
J:/r: 0.054381662 0.128562425 0.817055913
JJ:/cc/c: 0.999992937 0.000007063 0.000000000
JJ:/cc/crr: 0.000000000 0.999996469 0.000003531
JJ:/cc/r: 0.999990583 0.000004709 0.000004709
JJ:/crc/c: 0.999982881 0.000017119 0.000000000
JJ:/crc/crr: 0.000000000 0.999991440 0.000008560
JJ:/crc/r: 0.999955984 0.000032603 0.000011412
JJ:/crrc/c: 0.999991440 0.000008560 0.000000000
JJ:/crrc/crr: 0.000000000 0.999995720 0.000004280
JJ:/crrc/r: 0.999974761 0.000019533 0.000005706
JJ:/rc/c: 0.999974072 0.000025928 0.000000000
JJ:/rc/crr: 0.000000000 0.999987036 0.000012964
JJ:/rc/r: 0.999953060 0.000029655 0.000017285
JJ:/rrc/c: 0.999938705 0.000061295 0.000000000
JJ:/rrc/crr: 0.000000000 0.999969351 0.000030649
JJ:/rrc/r: 0.999767177 0.000191959 0.000040863
JK:/cc/c: 0.004733852 0.995266148 0.000000000
JK:/cc/crr: 0.000000000 0.000746002 0.999253998
JK:/cc/r: 0.000004709 0.000004709 0.999990583
JK:/crc/c: 0.538330913 0.461669087 0.000000000
JK:/crc/crr: 0.000000000 0.000015900 0.999984100
JK:/crc/r: 0.054389787 0.000011412 0.945598800
JK:/crrc/c: 0.505228177 0.494771823 0.000000000
JK:/crrc/crr: 0.000000000 0.000008471 0.999991529
JK:/crrc/r: 0.208824391 0.000005706 0.791169902
JK:/rc/c: 0.380391051 0.619608949 0.000000000
JK:/rc/crr: 0.000000000 0.000034080 0.999965920
JK:/rc/r: 0.363258146 0.000017285 0.636724569
JK:/rrc/c: 0.999821686 0.000178314 0.000000000
JK:/rrc/crr: 0.000000000 0.000030653 0.999969347
JK:/rrc/r: 0.304517996 0.000040863 0.695441140
JQ:/cc/c: 0.071947729 0.928052271 0.000000000
JQ:/cc/crr: 0.000000000 0.000049084 0.999950916
JQ:/cc/r: 0.036714238 0.000004709 0.963281053
JQ:/crc/c: 0.513453929 0.486546071 0.000000000
JQ:/crc/crr: 0.000000000 0.000016670 0.999983330
JQ:/crc/r: 0.032857126 0.000011412 0.967131461
JQ:/crrc/c: 0.045639873 0.954360127 0.000000000
JQ:/crrc/crr: 0.000000000 0.000093772 0.999906228
JQ:/crrc/r: 0.249515501 0.000005706 0.750478793
JQ:/rc/c: 0.987267169 0.012732831 0.000000000
JQ:/rc/crr: 0.000000000 0.000013131 0.999986869
JQ:/rc/r: 0.000017285 0.000017285 0.999965430
JQ:/rrc/c: 0.016089752 0.983910248 0.000000000
JQ:/rrc/crr: 0.000000000 0.001904789 0.998095211
JQ:/rrc/r: 0.440527278 0.000040863 0.559431859
K:/c: 0.999969439 0.000030561 0.000000000
K:/crr: 0.000000000 0.999995000 0.000005000
K:/r: 0.575000460 0.424992873 0.000006667
KJ:/cc/c: 0.402849866 0.597150134 0.000000000
KJ:/cc/crr: 0.000000000 0.796935135 0.203064865
KJ:/cc/r: 0.535610142 0.227945841 0.236444017
KJ:/crc/c: 0.071422451 0.928577549 0.000000000
KJ:/crc/crr: 0.000000000 0.999964996 0.000035004
KJ:/crc/r: 0.000079965 0.731593143 0.268326892
KJ:/crrc/c: 0.381861074 0.618138926 0.000000000
KJ:/crrc/crr: 0.000000000 0.999996726 0.000003274
KJ:/crrc/r: 0.106368805 0.783167043 0.110464152
KJ:/rc/c: 0.461196355 0.538803645 0.000000000
KJ:/rc/crr: 0.000000000 0.693230620 0.306769380
KJ:/rc/r: 0.020583699 0.739092376 0.240323925
KJ:/rrc/c: 0.461935446 0.538064554 0.000000000
KJ:/rrc/crr: 0.000000000 0.999993725 0.000006275
KJ:/rrc/r: 0.032220558 0.911024511 0.056754931
KK:/cc/c: 0.836390693 0.163609307 0.000000000
KK:/cc/crr: 0.000000000 0.902193252 0.097806748
KK:/cc/r: 0.611140836 0.279786293 0.109072872
KK:/crc/c: 0.999995000 0.000005000 0.000000000
KK:/crc/crr: 0.000000000 0.999997500 0.000002500
KK:/crc/r: 0.999988793 0.000007873 0.000003333
KK:/crrc/c: 0.999997500 0.000002500 0.000000000
KK:/crrc/crr: 0.000000000 0.999998750 0.000001250
KK:/crrc/r: 0.999996667 0.000001667 0.000001667
KK:/rc/c: 0.999992157 0.000007843 0.000000000
KK:/rc/crr: 0.000000000 0.999996078 0.000003922
KK:/rc/r: 0.999980249 0.000014522 0.000005229
KK:/rrc/c: 0.999994203 0.000005797 0.000000000
KK:/rrc/crr: 0.000000000 0.999997101 0.000002899
KK:/rrc/r: 0.999826667 0.000169468 0.000003865
KQ:/cc/c: 0.827373068 0.172626932 0.000000000
KQ:/cc/crr: 0.000000000 0.901127246 0.098872754
KQ:/cc/r: 0.529113201 0.355358333 0.115528466
KQ:/crc/c: 0.224411893 0.775588107 0.000000000
KQ:/crc/crr: 0.000000000 0.002512006 0.997487994
KQ:/crc/r: 0.000026337 0.429355986 0.570617677
KQ:/crrc/c: 0.614711754 0.385288246 0.000000000
KQ:/crrc/crr: 0.000000000 0.444972295 0.555027705
KQ:/crrc/r: 0.001337979 0.668432630 0.330229391
KQ:/rc/c: 0.001938071 0.998061929 0.000000000
KQ:/rc/crr: 0.000000000 0.013102877 0.986897123
KQ:/rc/r: 0.000021821 0.302718235 0.697259944
KQ:/rrc/c: 0.524947434 0.475052566 0.000000000
KQ:/rrc/crr: 0.000000000 0.480664585 0.519335415
KQ:/rrc/r: 0.077959536 0.541921706 0.380118758
Q:/c: 0.846237440 0.153762560 0.000000000
Q:/crr: 0.000000000 0.999994091 0.000005909
Q:/r: 0.363791828 0.636170113 0.000038059
QJ:/cc/c: 0.000322231 0.999677769 0.000000000
QJ:/cc/crr: 0.000000000 0.050457142 0.949542858
QJ:/cc/r: 0.000026837 0.000021678 0.999951485
QJ:/crc/c: 0.406112786 0.593887214 0.000000000
QJ:/crc/crr: 0.000000000 0.000007274 0.999992726
QJ:/crc/r: 0.000003939 0.000003939 0.999992122
QJ:/crrc/c: 0.000074573 0.999925427 0.000000000
QJ:/crrc/crr: 0.000000000 0.019807827 0.980192173
QJ:/crrc/r: 0.010178922 0.000001970 0.989819108
QJ:/rc/c: 0.000067571 0.999932429 0.000000000
QJ:/rc/crr: 0.000000000 0.038771580 0.961228420
QJ:/rc/r: 0.020158382 0.000003493 0.979838125
QJ:/rrc/c: 0.000203373 0.999796627 0.000000000
QJ:/rrc/crr: 0.000000000 0.022526948 0.977473052
QJ:/rrc/r: 0.000086314 0.000006108 0.999907578
QK:/cc/c: 0.030148290 0.969851710 0.000000000
QK:/cc/crr: 0.000000000 0.999460705 0.000539295
QK:/cc/r: 0.000100019 0.736530328 0.263369653
QK:/crc/c: 0.335450460 0.664549540 0.000000000
QK:/crc/crr: 0.000000000 0.022150393 0.977849607
QK:/crc/r: 0.000181653 0.512452138 0.487366210
QK:/crrc/c: 0.024890970 0.975109030 0.000000000
QK:/crrc/crr: 0.000000000 0.014590135 0.985409865
QK:/crrc/r: 0.000105991 0.294026170 0.705867840
QK:/rc/c: 0.371801800 0.628198200 0.000000000
QK:/rc/crr: 0.000000000 0.006363452 0.993636548
QK:/rc/r: 0.000014043 0.305945941 0.694040017
QK:/rrc/c: 0.423903653 0.576096347 0.000000000
QK:/rrc/crr: 0.000000000 0.066783885 0.933216115
QK:/rrc/r: 0.000081885 0.511931568 0.487986547
QQ:/cc/c: 0.999967482 0.000032518 0.000000000
QQ:/cc/crr: 0.000000000 0.999983741 0.000016259
QQ:/cc/r: 0.999936924 0.000041398 0.000021678
QQ:/crc/c: 0.999994091 0.000005909 0.000000000
QQ:/crc/crr: 0.000000000 0.999997046 0.000002954
QQ:/crc/r: 0.999970701 0.000025360 0.000003939
QQ:/crrc/c: 0.999997046 0.000002954 0.000000000
QQ:/crrc/crr: 0.000000000 0.999998523 0.000001477
QQ:/crrc/r: 0.999996061 0.000001970 0.000001970
QQ:/rc/c: 0.999994760 0.000005240 0.000000000
QQ:/rc/crr: 0.000000000 0.999997380 0.000002620
QQ:/rc/r: 0.999993002 0.000003505 0.000003493
QQ:/rrc/c: 0.999990837 0.000009163 0.000000000
QQ:/rrc/crr: 0.000000000 0.999995419 0.000004581
QQ:/rrc/r: 0.999958925 0.000034967 0.000006108
