J:/c: 0.330894859 0.669105141 0.000000000
J:/crr: 0.000000000 0.999984889 0.000015111
J:/r: 0.052828825 0.129227051 0.817944124
JJ:/cc/c: 0.999992527 0.000007473 0.000000000
JJ:/cc/crr: 0.000000000 0.999996264 0.000003736
JJ:/cc/r: 0.999990036 0.000004982 0.000004982
JJ:/crc/c: 0.999984889 0.000015111 0.000000000
JJ:/crc/crr: 0.000000000 0.999992445 0.000007555
JJ:/crc/r: 0.999883431 0.000106495 0.000010074
JJ:/crrc/c: 0.999992445 0.000007555 0.000000000
JJ:/crrc/crr: 0.000000000 0.999996222 0.000003778
JJ:/crrc/r: 0.999955916 0.000039047 0.000005037
JJ:/rc/c: 0.999974206 0.000025794 0.000000000
JJ:/rc/crr: 0.000000000 0.999987102 0.000012898
JJ:/rc/r: 0.999947024 0.000035780 0.000017196
JJ:/rrc/c: 0.999936903 0.000063097 0.000000000
JJ:/rrc/crr: 0.000000000 0.999968450 0.000031550
JJ:/rrc/r: 0.999915871 0.000042065 0.000042065
JK:/cc/c: 0.000007473 0.999992527 0.000000000
JK:/cc/crr: 0.000000000 0.500000000 0.500000000
JK:/cc/r: 0.000004982 0.000004982 0.999990036
JK:/crc/c: 0.461955969 0.538044031 0.000000000
JK:/crc/crr: 0.000000000 0.000016355 0.999983645
JK:/crc/r: 0.044351620 0.000010074 0.955638307
JK:/crrc/c: 0.435141151 0.564858849 0.000000000
JK:/crrc/crr: 0.000000000 0.000008682 0.999991318
JK:/crrc/r: 0.156388532 0.000005037 0.843606431
JK:/rc/c: 0.389124818 0.610875182 0.000000000
JK:/rc/crr: 0.000000000 0.000033144 0.999966856
JK:/rc/r: 0.356861696 0.000017196 0.643121108
JK:/rrc/c: 0.999936903 0.000063097 0.000000000
JK:/rrc/crr: 0.000000000 0.000031550 0.999968450
JK:/rrc/r: 0.295310235 0.000042065 0.704647700
JQ:/cc/c: 0.075880617 0.924119383 0.000000000
JQ:/cc/crr: 0.000000000 0.000049240 0.999950760
JQ:/cc/r: 0.000004982 0.000004982 0.999990036
JQ:/crc/c: 0.477500380 0.522499620 0.000000000
JQ:/crc/crr: 0.000000000 0.000015823 0.999984177
JQ:/crc/r: 0.000050721 0.000010074 0.999939205
JQ:/crrc/c: 0.011221837 0.988778163 0.000000000
JQ:/crrc/crr: 0.000000000 0.000336638 0.999663362
JQ:/crrc/r: 0.229840229 0.000005037 0.770154734
JQ:/rc/c: 0.999644470 0.000355530 0.000000000
JQ:/rc/crr: 0.000000000 0.000012902 0.999987098
JQ:/rc/r: 0.000017196 0.000017196 0.999965607
JQ:/rrc/c: 0.005176699 0.994823301 0.000000000
JQ:/rrc/crr: 0.000000000 0.006094315 0.993905685
JQ:/rrc/r: 0.612481565 0.000042065 0.387476370
K:/c: 0.999990000 0.000010000 0.000000000
K:/crr: 0.000000000 0.999995000 0.000005000
K:/r: 0.570671805 0.429321528 0.000006667
KJ:/cc/c: 0.500000000 0.500000000 0.000000000
KJ:/cc/crr: 0.000000000 0.500000000 0.500000000
KJ:/cc/r: 0.333333333 0.333333333 0.333333333
KJ:/crc/c: 0.171902228 0.828097772 0.000000000
KJ:/crc/crr: 0.000000000 0.999985457 0.000014543
KJ:/crc/r: 0.000004176 0.709351797 0.290644028
KJ:/crrc/c: 0.510168042 0.489831958 0.000000000
KJ:/crrc/crr: 0.000000000 0.999997550 0.000002450
KJ:/crrc/r: 0.000116789 0.999353866 0.000529345
KJ:/rc/c: 0.431853132 0.568146868 0.000000000
KJ:/rc/crr: 0.000000000 0.999991011 0.000008989
KJ:/rc/r: 0.020888541 0.829092560 0.150018899
KJ:/rrc/c: 0.146409181 0.853590819 0.000000000
KJ:/rrc/crr: 0.000000000 0.999980052 0.000019948
KJ:/rrc/r: 0.000040360 0.959481076 0.040478564
KK:/cc/c: 0.500000000 0.500000000 0.000000000
KK:/cc/crr: 0.000000000 0.500000000 0.500000000
KK:/cc/r: 0.333333333 0.333333333 0.333333333
KK:/crc/c: 0.999995000 0.000005000 0.000000000
KK:/crc/crr: 0.000000000 0.999997500 0.000002500
KK:/crc/r: 0.986728268 0.013268398 0.000003333
KK:/crrc/c: 0.999997500 0.000002500 0.000000000
KK:/crrc/crr: 0.000000000 0.999998750 0.000001250
KK:/crrc/r: 0.999818722 0.000179611 0.000001667
KK:/rc/c: 0.999992236 0.000007764 0.000000000
KK:/rc/crr: 0.000000000 0.999996118 0.000003882
KK:/rc/r: 0.999970036 0.000024788 0.000005176
KK:/rrc/c: 0.999994159 0.000005841 0.000000000
KK:/rrc/crr: 0.000000000 0.999997079 0.000002921
KK:/rrc/r: 0.999090687 0.000905419 0.000003894
KQ:/cc/c: 0.500000000 0.500000000 0.000000000
KQ:/cc/crr: 0.000000000 0.500000000 0.500000000
KQ:/cc/r: 0.333333333 0.333333333 0.333333333
KQ:/crc/c: 0.000106270 0.999893730 0.000000000
KQ:/crc/crr: 0.000000000 0.023525228 0.976474772
KQ:/crc/r: 0.000011103 0.461335337 0.538653559
KQ:/crrc/c: 0.635287920 0.364712080 0.000000000
KQ:/crrc/crr: 0.000000000 0.435435151 0.564564849
KQ:/crrc/r: 0.000036451 0.645413622 0.354549927
KQ:/rc/c: 0.000007764 0.999992236 0.000000000
KQ:/rc/crr: 0.000000000 0.500000000 0.500000000
KQ:/rc/r: 0.000006602 0.296204927 0.703788471
KQ:/rrc/c: 0.494632872 0.505367128 0.000000000
KQ:/rrc/crr: 0.000000000 0.444111751 0.555888249
KQ:/rrc/r: 0.000693897 0.678581682 0.320724421
Q:/c: 0.819815317 0.180184683 0.000000000
Q:/crr: 0.000000000 0.999993901 0.000006099
Q:/r: 0.353889882 0.646061561 0.000048557
QJ:/cc/c: 0.000027749 0.999972251 0.000000000
QJ:/cc/crr: 0.000000000 0.500000000 0.500000000
QJ:/cc/r: 0.000018500 0.000018500 0.999963001
QJ:/crc/c: 0.410407772 0.589592228 0.000000000
QJ:/crc/crr: 0.000000000 0.000071892 0.999928108
QJ:/crc/r: 0.000004066 0.000004066 0.999991868
QJ:/crrc/c: 0.000003049 0.999996951 0.000000000
QJ:/crrc/crr: 0.000000000 0.500000000 0.500000000
QJ:/crrc/r: 0.000005876 0.000002033 0.999992091
QJ:/rc/c: 0.000005159 0.999994841 0.000000000
QJ:/rc/crr: 0.000000000 0.500000000 0.500000000
QJ:/rc/r: 0.000732728 0.000003440 0.999263833
QJ:/rrc/c: 0.000009419 0.999990581 0.000000000
QJ:/rrc/crr: 0.000000000 0.500000000 0.500000000
QJ:/rrc/r: 0.000006279 0.000006279 0.999987441
QK:/cc/c: 0.001047509 0.998952491 0.000000000
QK:/cc/crr: 0.000000000 0.986754621 0.013245379
QK:/cc/r: 0.000018500 0.650175369 0.349806132
QK:/crc/c: 0.374368357 0.625631643 0.000000000
QK:/crc/crr: 0.000000000 0.000008146 0.999991854
QK:/crc/r: 0.000038198 0.518219315 0.481742487
QK:/crrc/c: 0.011140526 0.988859474 0.000000000
QK:/crrc/crr: 0.000000000 0.010567412 0.989432588
QK:/crrc/r: 0.000030153 0.320737862 0.679231985
QK:/rc/c: 0.374772598 0.625227402 0.000000000
QK:/rc/crr: 0.000000000 0.000174385 0.999825615
QK:/rc/r: 0.000003440 0.316651371 0.683345189
QK:/rrc/c: 0.429481832 0.570518168 0.000000000
QK:/rrc/crr: 0.000000000 0.000208300 0.999791700
QK:/rrc/r: 0.000006279 0.491512584 0.508481137
QQ:/cc/c: 0.999972251 0.000027749 0.000000000
QQ:/cc/crr: 0.000000000 0.999986125 0.000013875
QQ:/cc/r: 0.999959681 0.000021819 0.000018500
QQ:/crc/c: 0.999993901 0.000006099 0.000000000
QQ:/crc/crr: 0.000000000 0.999996951 0.000003049
QQ:/crc/r: 0.999950318 0.000045616 0.000004066
QQ:/crrc/c: 0.999996951 0.000003049 0.000000000
QQ:/crrc/crr: 0.000000000 0.999998475 0.000001525
QQ:/crrc/r: 0.999928916 0.000069051 0.000002033
QQ:/rc/c: 0.999994841 0.000005159 0.000000000
QQ:/rc/crr: 0.000000000 0.999997420 0.000002580
QQ:/rc/r: 0.999993121 0.000003440 0.000003440
QQ:/rrc/c: 0.999990581 0.000009419 0.000000000
QQ:/rrc/crr: 0.000000000 0.999995290 0.000004710
QQ:/rrc/r: 0.999983327 0.000010394 0.000006279
