J:/c: 0.294768140 0.705231860 0.000000000
J:/crr: 0.000000000 0.999983038 0.000016962
J:/r: 0.055713870 0.127340835 0.816945295
JJ:/cc/c: 0.999992910 0.000007090 0.000000000
JJ:/cc/crr: 0.000000000 0.999996455 0.000003545
JJ:/cc/r: 0.999990547 0.000004727 0.000004727
JJ:/crc/c: 0.999983038 0.000016962 0.000000000
JJ:/crc/crr: 0.000000000 0.999991519 0.000008481
JJ:/crc/r: 0.999896712 0.000091980 0.000011308
JJ:/crrc/c: 0.999991519 0.000008481 0.000000000
JJ:/crrc/crr: 0.000000000 0.999995759 0.000004241
JJ:/crrc/r: 0.999974913 0.000019432 0.000005654
JJ:/rc/c: 0.999973824 0.000026176 0.000000000
JJ:/rc/crr: 0.000000000 0.999986911 0.000013089
JJ:/rc/r: 0.999965098 0.000017451 0.000017451
JJ:/rrc/c: 0.999940170 0.000059830 0.000000000
JJ:/rrc/crr: 0.000000000 0.999970083 0.000029917
JJ:/rrc/r: 0.999847322 0.000112792 0.000039886
JK:/cc/c: 0.006762858 0.993237142 0.000000000
JK:/cc/crr: 0.000000000 0.000524177 0.999475823
JK:/cc/r: 0.000004727 0.000004727 0.999990547
JK:/crc/c: 0.533496316 0.466503684 0.000000000
JK:/crc/crr: 0.000000000 0.000015897 0.999984103
JK:/crc/r: 0.086423729 0.000011308 0.913564963
JK:/crrc/c: 0.450617224 0.549382776 0.000000000
JK:/crrc/crr: 0.000000000 0.000009411 0.999990589
JK:/crrc/r: 0.212311706 0.000005654 0.787682639
JK:/rc/c: 0.369412363 0.630587637 0.000000000
JK:/rc/crr: 0.000000000 0.000035430 0.999964570
JK:/rc/r: 0.362514902 0.000017451 0.637467647
JK:/rrc/c: 0.999940170 0.000059830 0.000000000
JK:/rrc/crr: 0.000000000 0.000029917 0.999970083
JK:/rrc/r: 0.318321311 0.000039886 0.681638802
JQ:/cc/c: 0.072615619 0.927384381 0.000000000
JQ:/cc/crr: 0.000000000 0.000048818 0.999951182
JQ:/cc/r: 0.035288419 0.000004727 0.964706854
JQ:/crc/c: 0.467977812 0.532022188 0.000000000
JQ:/crc/crr: 0.000000000 0.000018123 0.999981877
JQ:/crc/r: 0.024637924 0.000011308 0.975350767
JQ:/crrc/c: 0.053300635 0.946699365 0.000000000
JQ:/crrc/crr: 0.000000000 0.000079562 0.999920438
JQ:/crrc/r: 0.253833633 0.000005654 0.746160713
JQ:/rc/c: 0.996021936 0.003978064 0.000000000
JQ:/rc/crr: 0.000000000 0.000013141 0.999986859
JQ:/rc/r: 0.000017451 0.000017451 0.999965098
JQ:/rrc/c: 0.011355977 0.988644023 0.000000000
JQ:/rrc/crr: 0.000000000 0.002634274 0.997365726
JQ:/rrc/r: 0.464470897 0.000039886 0.535489217
K:/c: 0.999969856 0.000030144 0.000000000
K:/crr: 0.000000000 0.999995000 0.000005000
K:/r: 0.585219159 0.414774174 0.000006667
KJ:/cc/c: 0.165871237 0.834128763 0.000000000
KJ:/cc/crr: 0.000000000 0.500000000 0.500000000
KJ:/cc/r: 0.485093505 0.252205138 0.262701357
KJ:/crc/c: 0.106898079 0.893101921 0.000000000
KJ:/crc/crr: 0.000000000 0.999976613 0.000023387
KJ:/crc/r: 0.000030221 0.723986165 0.275983614
KJ:/crrc/c: 0.422631257 0.577368743 0.000000000
KJ:/crrc/crr: 0.000000000 0.999997042 0.000002958
KJ:/crrc/r: 0.057318231 0.817775403 0.124906366
KJ:/rc/c: 0.420805351 0.579194649 0.000000000
KJ:/rc/crr: 0.000000000 0.787073750 0.212926250
KJ:/rc/r: 0.029095815 0.740293583 0.230610602
KJ:/rrc/c: 0.189033047 0.810966953 0.000000000
KJ:/rrc/crr: 0.000000000 0.999984934 0.000015066
KJ:/rrc/r: 0.035263316 0.902948572 0.061788112
KK:/cc/c: 0.834128763 0.165871237 0.000000000
KK:/cc/crr: 0.000000000 0.900572164 0.099427836
KK:/cc/r: 0.590263786 0.299155389 0.110580824
KK:/crc/c: 0.999995000 0.000005000 0.000000000
KK:/crc/crr: 0.000000000 0.999997500 0.000002500
KK:/crc/r: 0.953849889 0.046146777 0.000003333
KK:/crrc/c: 0.999997500 0.000002500 0.000000000
KK:/crrc/crr: 0.000000000 0.999998750 0.000001250
KK:/crrc/r: 0.999993047 0.000005286 0.000001667
KK:/rc/c: 0.999991963 0.000008037 0.000000000
KK:/rc/crr: 0.000000000 0.999995982 0.000004018
KK:/rc/r: 0.999979784 0.000014859 0.000005358
KK:/rrc/c: 0.999994304 0.000005696 0.000000000
KK:/rrc/crr: 0.000000000 0.999997152 0.000002848
KK:/rrc/r: 0.999635131 0.000361072 0.000003797
KQ:/cc/c: 0.479168421 0.520831579 0.000000000
KQ:/cc/crr: 0.000000000 0.826917604 0.173082396
KQ:/cc/r: 0.465810726 0.423165134 0.111024140
KQ:/crc/c: 0.041093612 0.958906388 0.000000000
KQ:/crc/crr: 0.000000000 0.002826088 0.997173912
KQ:/crc/r: 0.000010994 0.439282970 0.560706037
KQ:/crrc/c: 0.603064454 0.396935546 0.000000000
KQ:/crrc/crr: 0.000000000 0.384989021 0.615010979
KQ:/crrc/r: 0.000455303 0.669036335 0.330508361
KQ:/rc/c: 0.001277639 0.998722361 0.000000000
KQ:/rc/crr: 0.000000000 0.003145061 0.996854939
KQ:/rc/r: 0.000018272 0.307887248 0.692094480
KQ:/rrc/c: 0.516765896 0.483234104 0.000000000
KQ:/rrc/crr: 0.000000000 0.471882215 0.528117785
KQ:/rrc/r: 0.059694365 0.569689675 0.370615960
Q:/c: 0.847025386 0.152974614 0.000000000
Q:/crr: 0.000000000 0.999994097 0.000005903
Q:/r: 0.365647461 0.634308874 0.000043665
QJ:/cc/c: 0.000319573 0.999680427 0.000000000
QJ:/cc/crr: 0.000000000 0.051138803 0.948861197
QJ:/cc/r: 0.000021790 0.000021790 0.999956420
QJ:/crc/c: 0.421632715 0.578367285 0.000000000
QJ:/crc/crr: 0.000000000 0.007244140 0.992755860
QJ:/crc/r: 0.000195933 0.000003935 0.999800132
QJ:/crrc/c: 0.000032685 0.999967315 0.000000000
QJ:/crrc/crr: 0.000000000 0.045151070 0.954848930
QJ:/crrc/r: 0.005205847 0.000001968 0.994792186
QJ:/rc/c: 0.000042124 0.999957876 0.000000000
QJ:/rc/crr: 0.000000000 0.062375804 0.937624196
QJ:/rc/r: 0.014644884 0.000003503 0.985351612
QJ:/rrc/c: 0.000132144 0.999867856 0.000000000
QJ:/rrc/crr: 0.000000000 0.034493701 0.965506299
QJ:/rrc/r: 0.000054169 0.000006077 0.999939754
QK:/cc/c: 0.013103833 0.986896167 0.000000000
QK:/cc/crr: 0.000000000 0.998752840 0.001247160
QK:/cc/r: 0.000100372 0.720830507 0.279069121
QK:/crc/c: 0.331549975 0.668450025 0.000000000
QK:/crc/crr: 0.000000000 0.000902539 0.999097461
QK:/crc/r: 0.000657206 0.430792005 0.568550788
QK:/crrc/c: 0.053758283 0.946241717 0.000000000
QK:/crrc/crr: 0.000000000 0.005695292 0.994304708
QK:/crrc/r: 0.000053309 0.292074886 0.707871805
QK:/rc/c: 0.379434303 0.620565697 0.000000000
QK:/rc/crr: 0.000000000 0.021745472 0.978254528
QK:/rc/r: 0.000016997 0.316731353 0.683251649
QK:/rrc/c: 0.429802946 0.570197054 0.000000000
QK:/rrc/crr: 0.000000000 0.000372278 0.999627722
QK:/rrc/r: 0.000069673 0.485891650 0.514038676
QQ:/cc/c: 0.999967315 0.000032685 0.000000000
QQ:/cc/crr: 0.000000000 0.999983657 0.000016343
QQ:/cc/r: 0.999424707 0.000553503 0.000021790
QQ:/crc/c: 0.999994097 0.000005903 0.000000000
QQ:/crc/crr: 0.000000000 0.999997048 0.000002952
QQ:/crc/r: 0.999956768 0.000039297 0.000003935
QQ:/crrc/c: 0.999997048 0.000002952 0.000000000
QQ:/crrc/crr: 0.000000000 0.999998524 0.000001476
QQ:/crrc/r: 0.999390196 0.000607836 0.000001968
QQ:/rc/c: 0.999994745 0.000005255 0.000000000
QQ:/rc/crr: 0.000000000 0.999997372 0.000002628
QQ:/rc/r: 0.999991742 0.000004755 0.000003503
QQ:/rrc/c: 0.999990884 0.000009116 0.000000000
QQ:/rrc/crr: 0.000000000 0.999995442 0.000004558
QQ:/rrc/r: 0.999956686 0.000037236 0.000006077
