J:/: 0.075568688 0.924431312 0.000000000
J:/cr: 0.019264923 0.035479627 0.945255450
J:/rr: 0.000000000 0.999933835 0.000066165
JJ:/cc/: 0.000276628 0.999723372 0.000000000
JJ:/cc/cr: 0.999996393 0.000001803 0.000001803
JJ:/cc/rr: 0.000000000 0.990223817 0.009776183
JJ:/crc/: 0.979245547 0.020754453 0.000000000
JJ:/crc/cr: 0.998367728 0.000816136 0.000816136
JJ:/crc/rr: 0.000000000 0.999974054 0.000025946
JJ:/crrc/: 0.975309599 0.024690401 0.000000000
JJ:/crrc/cr: 0.997473104 0.001263448 0.001263448
JJ:/crrc/rr: 0.000000000 0.999952023 0.000047977
JJ:/rc/: 0.879068663 0.120931337 0.000000000
JJ:/rc/cr: 0.999635248 0.000182376 0.000182376
JJ:/rc/rr: 0.000000000 0.999962366 0.000037634
JJ:/rrc/: 0.999604464 0.000395536 0.000000000
JJ:/rrc/cr: 0.944236565 0.027881718 0.027881718
JJ:/rrc/rr: 0.000000000 0.999983451 0.000016549
JK:/cc/: 0.078243577 0.921756423 0.000000000
JK:/cc/cr: 0.000081475 0.000001956 0.999916569
JK:/cc/rr: 0.000000000 0.000034563 0.999965437
JK:/crc/: 0.040740852 0.959259148 0.000000000
JK:/crc/cr: 0.021479517 0.000017658 0.978502825
JK:/crc/rr: 0.000000000 0.000623641 0.999376359
JK:/crrc/: 0.999704248 0.000295752 0.000000000
JK:/crrc/cr: 0.748660931 0.105477153 0.145861917
JK:/crrc/rr: 0.000000000 0.000046806 0.999953194
JK:/rc/: 0.997788274 0.002211726 0.000000000
JK:/rc/cr: 0.857270277 0.009971847 0.132757876
JK:/rc/rr: 0.000000000 0.000033156 0.999966844
JK:/rrc/: 0.519044149 0.480955851 0.000000000
JK:/rrc/cr: 0.812173903 0.000022930 0.187803167
JK:/rrc/rr: 0.000000000 0.000031871 0.999968129
JQ:/cc/: 0.172886555 0.827113445 0.000000000
JQ:/cc/cr: 0.000005722 0.000002180 0.999992099
JQ:/cc/rr: 0.000000000 0.000015642 0.999984358
JQ:/crc/: 0.985011608 0.014988392 0.000000000
JQ:/crc/cr: 0.528243639 0.001130105 0.470626256
JQ:/crc/rr: 0.000000000 0.000025794 0.999974206
JQ:/crrc/: 0.031540203 0.968459797 0.000000000
JQ:/crrc/cr: 0.114837588 0.000032211 0.885130201
JQ:/crrc/rr: 0.000000000 0.001483585 0.998516415
JQ:/rc/: 0.996508524 0.003491476 0.000000000
JQ:/rc/cr: 0.006316809 0.006316809 0.987366381
JQ:/rc/rr: 0.000000000 0.000033198 0.999966802
JQ:/rrc/: 0.127342875 0.872657125 0.000000000
JQ:/rrc/cr: 0.001500106 0.000012638 0.998487257
JQ:/rrc/rr: 0.000000000 0.000129904 0.999870096
K:/: 0.744436496 0.255563504 0.000000000
K:/cr: 0.692186026 0.307800931 0.000013043
K:/rr: 0.000000000 0.999993284 0.000006716
KJ:/cc/: 0.000052180 0.999947820 0.000000000
KJ:/cc/cr: 0.000047585 0.000009040 0.999943375
KJ:/cc/rr: 0.000000000 0.812526013 0.187473987
KJ:/crc/: 0.000075415 0.999924585 0.000000000
KJ:/crc/cr: 0.000034284 0.999958653 0.000007063
KJ:/crc/rr: 0.000000000 0.859528010 0.140471990
KJ:/crrc/: 0.063477682 0.936522318 0.000000000
KJ:/crrc/cr: 0.002656494 0.993547512 0.003795993
KJ:/crrc/rr: 0.000000000 0.470156422 0.529843578
KJ:/rc/: 0.044365241 0.955634759 0.000000000
KJ:/rc/cr: 0.006408124 0.958019318 0.035572557
KJ:/rc/rr: 0.000000000 0.188581013 0.811418987
KJ:/rrc/: 0.080844724 0.919155276 0.000000000
KJ:/rrc/cr: 0.000027700 0.999913195 0.000059105
KJ:/rrc/rr: 0.000000000 0.622463388 0.377536612
KK:/cc/: 0.999284061 0.000715939 0.000000000
KK:/cc/cr: 0.981781857 0.009109071 0.009109071
KK:/cc/rr: 0.000000000 0.999990211 0.000009789
KK:/crc/: 0.112315820 0.887684180 0.000000000
KK:/crc/cr: 0.999984088 0.000007956 0.000007956
KK:/crc/rr: 0.000000000 0.999905679 0.000094321
KK:/crrc/: 0.991631624 0.008368376 0.000000000
KK:/crrc/cr: 0.999249424 0.000375288 0.000375288
KK:/crrc/rr: 0.000000000 0.999995249 0.000004751
KK:/rc/: 0.832837849 0.167162151 0.000000000
KK:/rc/cr: 0.999973214 0.000013393 0.000013393
KK:/rc/rr: 0.000000000 0.999995968 0.000004032
KK:/rrc/: 0.516800638 0.483199362 0.000000000
KK:/rrc/cr: 0.999995367 0.000002317 0.000002317
KK:/rrc/rr: 0.000000000 0.999996751 0.000003249
KQ:/cc/: 0.000054529 0.999945471 0.000000000
KQ:/cc/cr: 0.000045775 0.435950832 0.564003393
KQ:/cc/rr: 0.000000000 0.820602291 0.179397709
KQ:/crc/: 0.861985000 0.138015000 0.000000000
KQ:/crc/cr: 0.000323707 0.374443635 0.625232658
KQ:/crc/rr: 0.000000000 0.000032841 0.999967159
KQ:/crrc/: 0.012163429 0.987836571 0.000000000
KQ:/crrc/cr: 0.039634923 0.660008995 0.300356082
KQ:/crrc/rr: 0.000000000 0.249062422 0.750937578
KQ:/rc/: 0.000096846 0.999903154 0.000000000
KQ:/rc/cr: 0.000005141 0.483666900 0.516327959
KQ:/rc/rr: 0.000000000 0.965323770 0.034676230
KQ:/rrc/: 0.698246393 0.301753607 0.000000000
KQ:/rrc/cr: 0.034204821 0.822924386 0.142870793
KQ:/rrc/rr: 0.000000000 0.393326354 0.606673646
Q:/: 0.738478319 0.261521681 0.000000000
Q:/cr: 0.168184731 0.830997360 0.000817909
Q:/rr: 0.000000000 0.999993229 0.000006771
QJ:/cc/: 0.000019119 0.999980881 0.000000000
QJ:/cc/cr: 0.000012943 0.000006373 0.999980684
QJ:/cc/rr: 0.000000000 0.500000000 0.500000000
QJ:/crc/: 0.028971203 0.971028797 0.000000000
QJ:/crc/cr: 0.001122991 0.000002633 0.998874376
QJ:/crc/rr: 0.000000000 0.000132356 0.999867644
QJ:/crrc/: 0.013531249 0.986468751 0.000000000
QJ:/crrc/cr: 0.000170121 0.000012804 0.999817075
QJ:/crrc/rr: 0.000000000 0.001400189 0.998599811
QJ:/rc/: 0.010672710 0.989327290 0.000000000
QJ:/rc/cr: 0.000004263 0.000002281 0.999993456
QJ:/rc/rr: 0.000000000 0.000317196 0.999682804
QJ:/rrc/: 0.000003385 0.999996615 0.000000000
QJ:/rrc/cr: 0.000001128 0.000001128 0.999997743
QJ:/rrc/rr: 0.000000000 0.500000000 0.500000000
QK:/cc/: 0.567034404 0.432965596 0.000000000
QK:/cc/cr: 0.160989227 0.838982002 0.000028771
QK:/cc/rr: 0.000000000 0.999983141 0.000016859
QK:/crc/: 0.006945548 0.993054452 0.000000000
QK:/crc/cr: 0.000002574 0.544857429 0.455139996
QK:/crc/rr: 0.000000000 0.000552084 0.999447916
QK:/crrc/: 0.933392631 0.066607369 0.000000000
QK:/crrc/cr: 0.000347439 0.613148257 0.386504304
QK:/crrc/rr: 0.000000000 0.000542712 0.999457288
QK:/rc/: 0.436778971 0.563221029 0.000000000
QK:/rc/cr: 0.028320923 0.507468867 0.464210210
QK:/rc/rr: 0.000000000 0.196590058 0.803409942
QK:/rrc/: 0.122714462 0.877285538 0.000000000
QK:/rrc/cr: 0.000001286 0.301292599 0.698706115
QK:/rrc/rr: 0.000000000 0.000649948 0.999350052
QQ:/cc/: 0.552278204 0.447721796 0.000000000
QQ:/cc/cr: 0.999971532 0.000014234 0.000014234
QQ:/cc/rr: 0.000000000 0.999982691 0.000017309
QQ:/crc/: 0.979200480 0.020799520 0.000000000
QQ:/crc/cr: 0.999754192 0.000122904 0.000122904
QQ:/crc/rr: 0.000000000 0.999996084 0.000003916
QQ:/crrc/: 0.163824061 0.836175939 0.000000000
QQ:/crrc/cr: 0.999969789 0.000015106 0.000015106
QQ:/crrc/rr: 0.000000000 0.999884350 0.000115650
QQ:/rc/: 0.518864480 0.481135520 0.000000000
QQ:/rc/cr: 0.999439355 0.000555954 0.000004691
QQ:/rc/rr: 0.000000000 0.999993475 0.000006525
QQ:/rrc/: 0.970416640 0.029583360 0.000000000
QQ:/rrc/cr: 0.999923710 0.000038145 0.000038145
QQ:/rrc/rr: 0.000000000 0.999998256 0.000001744
