J:/: 0.076477057 0.923522943 0.000000000
J:/cr: 0.018310004 0.033568541 0.948121455
J:/rr: 0.000000000 0.999934621 0.000065379
JJ:/cc/: 0.000249682 0.999750318 0.000000000
JJ:/cc/cr: 0.999996390 0.000001805 0.000001805
JJ:/cc/rr: 0.000000000 0.989158091 0.010841909
JJ:/crc/: 0.899385366 0.100614634 0.000000000
JJ:/crc/cr: 0.999643782 0.000178109 0.000178109
JJ:/crc/rr: 0.000000000 0.999970112 0.000029888
JJ:/crrc/: 0.974798645 0.025201355 0.000000000
JJ:/crrc/cr: 0.997392661 0.001303669 0.001303669
JJ:/crrc/rr: 0.000000000 0.999949445 0.000050555
JJ:/rc/: 0.849522444 0.150477556 0.000000000
JJ:/rc/cr: 0.999710348 0.000144826 0.000144826
JJ:/rc/rr: 0.000000000 0.999961520 0.000038480
JJ:/rrc/: 0.999734772 0.000265228 0.000000000
JJ:/rrc/cr: 0.917827355 0.041086322 0.041086322
JJ:/rrc/rr: 0.000000000 0.999983650 0.000016350
JK:/cc/: 0.076789548 0.923210452 0.000000000
JK:/cc/cr: 0.000126799 0.000001955 0.999871246
JK:/cc/rr: 0.000000000 0.000035253 0.999964747
JK:/crc/: 0.041245925 0.958754075 0.000000000
JK:/crc/cr: 0.008390976 0.000018691 0.991590333
JK:/crc/rr: 0.000000000 0.000651715 0.999348285
JK:/crrc/: 0.999901437 0.000098563 0.000000000
JK:/crrc/cr: 0.333333333 0.333333333 0.333333333
JK:/crrc/rr: 0.000000000 0.000049286 0.999950714
JK:/rc/: 0.999259407 0.000740593 0.000000000
JK:/rc/cr: 0.941147047 0.029426477 0.029426477
JK:/rc/rr: 0.000000000 0.000032714 0.999967286
JK:/rrc/: 0.526805172 0.473194828 0.000000000
JK:/rrc/cr: 0.907013291 0.000023029 0.092963680
JK:/rrc/rr: 0.000000000 0.000031028 0.999968972
JQ:/cc/: 0.175872195 0.824127805 0.000000000
JQ:/cc/cr: 0.000002190 0.000002190 0.999995620
JQ:/cc/rr: 0.000000000 0.000015392 0.999984608
JQ:/crc/: 0.990193960 0.009806040 0.000000000
JQ:/crc/cr: 0.340560879 0.001827484 0.657611636
JQ:/crc/rr: 0.000000000 0.000027147 0.999972853
JQ:/crrc/: 0.032738163 0.967261837 0.000000000
JQ:/crrc/cr: 0.165075177 0.000033966 0.834890857
JQ:/crrc/rr: 0.000000000 0.001505318 0.998494682
JQ:/rc/: 0.999399969 0.000600031 0.000000000
JQ:/rc/cr: 0.036319813 0.036319813 0.927360374
JQ:/rc/rr: 0.000000000 0.000032709 0.999967291
JQ:/rrc/: 0.118487543 0.881512457 0.000000000
JQ:/rrc/cr: 0.000981189 0.000012362 0.999006449
JQ:/rrc/rr: 0.000000000 0.000137954 0.999862046
K:/: 0.754164979 0.245835021 0.000000000
K:/cr: 0.699000876 0.300985564 0.000013559
K:/rr: 0.000000000 0.999993370 0.000006630
KJ:/cc/: 0.000047248 0.999952752 0.000000000
KJ:/cc/cr: 0.000048404 0.000010943 0.999940653
KJ:/cc/rr: 0.000000000 0.784764112 0.215235888
KJ:/crc/: 0.000050073 0.999949927 0.000000000
KJ:/crc/cr: 0.000032130 0.999960361 0.000007509
KJ:/crc/rr: 0.000000000 0.775081450 0.224918550
KJ:/crrc/: 0.060955115 0.939044885 0.000000000
KJ:/crrc/cr: 0.000411446 0.997172568 0.002415985
KJ:/crrc/rr: 0.000000000 0.409851071 0.590148929
KJ:/rc/: 0.065569201 0.934430799 0.000000000
KJ:/rc/cr: 0.007444996 0.955727846 0.036827158
KJ:/rc/rr: 0.000000000 0.443053551 0.556946449
KJ:/rrc/: 0.083186536 0.916813464 0.000000000
KJ:/rrc/cr: 0.000052255 0.999946540 0.000001205
KJ:/rrc/rr: 0.000000000 0.497173380 0.502826620
KK:/cc/: 0.997950511 0.002049489 0.000000000
KK:/cc/cr: 0.993384092 0.003307954 0.003307954
KK:/cc/rr: 0.000000000 0.999989810 0.000010190
KK:/crc/: 0.095126401 0.904873599 0.000000000
KK:/crc/cr: 0.999983405 0.000008298 0.000008298
KK:/crc/rr: 0.000000000 0.999881606 0.000118394
KK:/crrc/: 0.989913287 0.010086713 0.000000000
KK:/crrc/cr: 0.999358958 0.000320521 0.000320521
KK:/crrc/rr: 0.000000000 0.999995101 0.000004899
KK:/rc/: 0.835071768 0.164928232 0.000000000
KK:/rc/cr: 0.999973201 0.000013399 0.000013399
KK:/rc/rr: 0.000000000 0.999996030 0.000003970
KK:/rrc/: 0.516860535 0.483139465 0.000000000
KK:/rrc/cr: 0.999995426 0.000002287 0.000002287
KK:/rrc/rr: 0.000000000 0.999996793 0.000003207
KQ:/cc/: 0.000054331 0.999945669 0.000000000
KQ:/cc/cr: 0.000041835 0.436030874 0.563927291
KQ:/cc/rr: 0.000000000 0.812823890 0.187176110
KQ:/crc/: 0.890304825 0.109695175 0.000000000
KQ:/crc/cr: 0.000422451 0.523062780 0.476514769
KQ:/crc/rr: 0.000000000 0.000034550 0.999965450
KQ:/crrc/: 0.008843590 0.991156410 0.000000000
KQ:/crrc/cr: 0.021405341 0.667694910 0.310899749
KQ:/crrc/rr: 0.000000000 0.142569160 0.857430840
KQ:/rc/: 0.000038835 0.999961165 0.000000000
KQ:/rc/cr: 0.000011935 0.485308147 0.514679918
KQ:/rc/rr: 0.000000000 0.623308314 0.376691686
KQ:/rrc/: 0.707810276 0.292189724 0.000000000
KQ:/rrc/cr: 0.038637212 0.823737480 0.137625308
KQ:/rrc/rr: 0.000000000 0.392293043 0.607706957
Q:/: 0.748907410 0.251092590 0.000000000
Q:/cr: 0.169036770 0.830231534 0.000731696
Q:/rr: 0.000000000 0.999993324 0.000006676
QJ:/cc/: 0.000019913 0.999980087 0.000000000
QJ:/cc/cr: 0.000006638 0.000006638 0.999986724
QJ:/cc/rr: 0.000000000 0.500000000 0.500000000
QJ:/crc/: 0.028594947 0.971405053 0.000000000
QJ:/crc/cr: 0.001810335 0.000002743 0.998186921
QJ:/crc/rr: 0.000000000 0.000139797 0.999860203
QJ:/crrc/: 0.036646126 0.963353874 0.000000000
QJ:/crrc/cr: 0.000076658 0.000013587 0.999909755
QJ:/crrc/rr: 0.000000000 0.000535767 0.999464233
QJ:/rc/: 0.007719149 0.992280851 0.000000000
QJ:/rc/cr: 0.000003009 0.000002243 0.999994748
QJ:/rc/rr: 0.000000000 0.000432457 0.999567543
QJ:/rrc/: 0.000003338 0.999996662 0.000000000
QJ:/rrc/cr: 0.000001113 0.000001113 0.999997775
QJ:/rrc/rr: 0.000000000 0.500000000 0.500000000
QK:/cc/: 0.477583229 0.522416771 0.000000000
QK:/cc/cr: 0.021565120 0.978369104 0.000065775
QK:/cc/rr: 0.000000000 0.999979152 0.000020848
QK:/crc/: 0.000853106 0.999146894 0.000000000
QK:/crc/cr: 0.000003093 0.555758970 0.444237937
QK:/crc/rr: 0.000000000 0.006656552 0.993343448
QK:/crrc/: 0.947708151 0.052291849 0.000000000
QK:/crrc/cr: 0.000457290 0.740420614 0.259122096
QK:/crrc/rr: 0.000000000 0.000552978 0.999447022
QK:/rc/: 0.443406703 0.556593297 0.000000000
QK:/rc/cr: 0.026574616 0.513109113 0.460316271
QK:/rc/rr: 0.000000000 0.199430418 0.800569582
QK:/rrc/: 0.116586412 0.883413588 0.000000000
QK:/rrc/cr: 0.000001445 0.297247939 0.702750616
QK:/rrc/rr: 0.000000000 0.000383143 0.999616857
QQ:/cc/: 0.516724560 0.483275440 0.000000000
QQ:/cc/cr: 0.999972531 0.000013735 0.000013735
QQ:/cc/rr: 0.000000000 0.999980732 0.000019268
QQ:/crc/: 0.988184695 0.011815305 0.000000000
QQ:/crc/cr: 0.999548893 0.000225553 0.000225553
QQ:/crc/rr: 0.000000000 0.999995955 0.000004045
QQ:/crrc/: 0.126888409 0.873111591 0.000000000
QQ:/crrc/cr: 0.999970017 0.000014991 0.000014991
QQ:/crrc/rr: 0.000000000 0.999845267 0.000154733
QQ:/rc/: 0.514248050 0.485751950 0.000000000
QQ:/rc/cr: 0.999990837 0.000004581 0.000004581
QQ:/rc/rr: 0.000000000 0.999993509 0.000006491
QQ:/rrc/: 0.976266414 0.023733586 0.000000000
QQ:/rrc/cr: 0.999906231 0.000046885 0.000046885
QQ:/rrc/rr: 0.000000000 0.999998290 0.000001710
