J:/c: 0.298729529 0.701270471 0.000000000
J:/crr: 0.000000000 0.999983262 0.000016738
J:/r: 0.055347808 0.128196831 0.816455361
JJ:/cc/c: 0.999992870 0.000007130 0.000000000
JJ:/cc/crr: 0.000000000 0.999996435 0.000003565
JJ:/cc/r: 0.999990493 0.000004753 0.000004753
JJ:/crc/c: 0.999983262 0.000016738 0.000000000
JJ:/crc/crr: 0.000000000 0.999991631 0.000008369
JJ:/crc/r: 0.999704506 0.000284336 0.000011158
JJ:/crrc/c: 0.999991631 0.000008369 0.000000000
JJ:/crrc/crr: 0.000000000 0.999995816 0.000004184
JJ:/crrc/r: 0.999960828 0.000033593 0.000005579
JJ:/rc/c: 0.999973998 0.000026002 0.000000000
JJ:/rc/crr: 0.000000000 0.999986999 0.000013001
JJ:/rc/r: 0.999965331 0.000017334 0.000017334
JJ:/rrc/c: 0.999939775 0.000060225 0.000000000
JJ:/rrc/crr: 0.000000000 0.999969886 0.000030114
JJ:/rrc/r: 0.999884537 0.000075313 0.000040150
JK:/cc/c: 0.001608614 0.998391386 0.000000000
JK:/cc/crr: 0.000000000 0.002216168 0.997783832
JK:/cc/r: 0.000004753 0.000004753 0.999990493
JK:/crc/c: 0.500950124 0.499049876 0.000000000
JK:/crc/crr: 0.000000000 0.000016706 0.999983294
JK:/crc/r: 0.040986298 0.000011158 0.959002544
JK:/crrc/c: 0.533255808 0.466744192 0.000000000
JK:/crrc/crr: 0.000000000 0.000007847 0.999992153
JK:/crrc/r: 0.228230875 0.000005579 0.771763546
JK:/rc/c: 0.388771521 0.611228479 0.000000000
JK:/rc/crr: 0.000000000 0.000033441 0.999966559
JK:/rc/r: 0.359767559 0.000017334 0.640215107
JK:/rrc/c: 0.999939775 0.000060225 0.000000000
JK:/rrc/crr: 0.000000000 0.000030114 0.999969886
JK:/rrc/r: 0.313438846 0.000040150 0.686521004
JQ:/cc/c: 0.071808484 0.928191516 0.000000000
JQ:/cc/crr: 0.000000000 0.000049645 0.999950355
JQ:/cc/r: 0.036527294 0.000004753 0.963467953
JQ:/crc/c: 0.352932090 0.647067910 0.000000000
JQ:/crc/crr: 0.000000000 0.000023712 0.999976288
JQ:/crc/r: 0.070007614 0.000011158 0.929981228
JQ:/crrc/c: 0.033070616 0.966929384 0.000000000
JQ:/crrc/crr: 0.000000000 0.000126531 0.999873469
JQ:/crrc/r: 0.239659376 0.000005579 0.760335045
JQ:/rc/c: 0.999410290 0.000589710 0.000000000
JQ:/rc/crr: 0.000000000 0.000013009 0.999986991
JQ:/rc/r: 0.000017334 0.000017334 0.999965331
JQ:/rrc/c: 0.001138010 0.998861990 0.000000000
JQ:/rrc/crr: 0.000000000 0.026460764 0.973539236
JQ:/rrc/r: 0.449263632 0.000040150 0.550696218
K:/c: 0.999990000 0.000010000 0.000000000
K:/crr: 0.000000000 0.999995000 0.000005000
K:/r: 0.579330191 0.420663143 0.000006667
KJ:/cc/c: 0.500000000 0.500000000 0.000000000
KJ:/cc/crr: 0.000000000 0.500000000 0.500000000
KJ:/cc/r: 0.333333333 0.333333333 0.333333333
KJ:/crc/c: 0.100037507 0.899962493 0.000000000
KJ:/crc/crr: 0.000000000 0.999975009 0.000024991
KJ:/crc/r: 0.000028486 0.767470640 0.232500874
KJ:/crrc/c: 0.319241388 0.680758612 0.000000000
KJ:/crrc/crr: 0.000000000 0.999996084 0.000003916
KJ:/crrc/r: 0.000948817 0.868898284 0.130152899
KJ:/rc/c: 0.481005235 0.518994765 0.000000000
KJ:/rc/crr: 0.000000000 0.808355627 0.191644373
KJ:/rc/r: 0.055934964 0.731463580 0.212601456
KJ:/rrc/c: 0.107008902 0.892991098 0.000000000
KJ:/rrc/crr: 0.000000000 0.999973115 0.000026885
KJ:/rrc/r: 0.032967934 0.905535909 0.061496156
KK:/cc/c: 0.500000000 0.500000000 0.000000000
KK:/cc/crr: 0.000000000 0.500000000 0.500000000
KK:/cc/r: 0.333333333 0.333333333 0.333333333
KK:/crc/c: 0.999995000 0.000005000 0.000000000
KK:/crc/crr: 0.000000000 0.999997500 0.000002500
KK:/crc/r: 0.987471844 0.012524822 0.000003333
KK:/crrc/c: 0.999997500 0.000002500 0.000000000
KK:/crrc/crr: 0.000000000 0.999998750 0.000001250
KK:/crrc/r: 0.999962024 0.000036309 0.000001667
KK:/rc/c: 0.999992076 0.000007924 0.000000000
KK:/rc/crr: 0.000000000 0.999996038 0.000003962
KK:/rc/r: 0.999980706 0.000014012 0.000005283
KK:/rrc/c: 0.999994246 0.000005754 0.000000000
KK:/rrc/crr: 0.000000000 0.999997123 0.000002877
KK:/rrc/r: 0.999885240 0.000110925 0.000003836
KQ:/cc/c: 0.500000000 0.500000000 0.000000000
KQ:/cc/crr: 0.000000000 0.500000000 0.500000000
KQ:/cc/r: 0.333333333 0.333333333 0.333333333
KQ:/crc/c: 0.263199126 0.736800874 0.000000000
KQ:/crc/crr: 0.000000000 0.008155528 0.991844472
KQ:/crc/r: 0.000019279 0.437265138 0.562715584
KQ:/crrc/c: 0.631354673 0.368645327 0.000000000
KQ:/crrc/crr: 0.000000000 0.456743292 0.543256708
KQ:/crrc/r: 0.000399323 0.702376020 0.297224657
KQ:/rc/c: 0.000008181 0.999991819 0.000000000
KQ:/rc/crr: 0.000000000 0.484302257 0.515697743
KQ:/rc/r: 0.000013729 0.304668100 0.695318171
KQ:/rrc/c: 0.496608400 0.503391600 0.000000000
KQ:/rrc/crr: 0.000000000 0.532317823 0.467682177
KQ:/rrc/r: 0.066051900 0.570472757 0.363475343
Q:/c: 0.850881628 0.149118372 0.000000000
Q:/crr: 0.000000000 0.999994124 0.000005876
Q:/r: 0.359490401 0.640497721 0.000011878
QJ:/cc/c: 0.000033530 0.999966470 0.000000000
QJ:/cc/crr: 0.000000000 0.500000000 0.500000000
QJ:/cc/r: 0.000022354 0.000022354 0.999955293
QJ:/crc/c: 0.426903094 0.573096906 0.000000000
QJ:/crc/crr: 0.000000000 0.000039289 0.999960711
QJ:/crc/r: 0.000003918 0.000003918 0.999992165
QJ:/crrc/c: 0.000002938 0.999997062 0.000000000
QJ:/crrc/crr: 0.000000000 0.500000000 0.500000000
QJ:/crrc/r: 0.029897733 0.000001959 0.970100308
QJ:/rc/c: 0.000019296 0.999980704 0.000000000
QJ:/rc/crr: 0.000000000 0.134852368 0.865147632
QJ:/rc/r: 0.000003470 0.000003470 0.999993061
QJ:/rrc/c: 0.000009272 0.999990728 0.000000000
QJ:/rrc/crr: 0.000000000 0.500000000 0.500000000
QJ:/rrc/r: 0.000079841 0.000006182 0.999913977
QK:/cc/c: 0.013681125 0.986318875 0.000000000
QK:/cc/crr: 0.000000000 0.998774574 0.001225426
QK:/cc/r: 0.000073517 0.760982645 0.238943838
QK:/crc/c: 0.385395896 0.614604104 0.000000000
QK:/crc/crr: 0.000000000 0.000368286 0.999631714
QK:/crc/r: 0.000049199 0.545022778 0.454928023
QK:/crrc/c: 0.019620554 0.980379446 0.000000000
QK:/crrc/crr: 0.000000000 0.005777538 0.994222462
QK:/crrc/r: 0.000036820 0.271692482 0.728270698
QK:/rc/c: 0.376912236 0.623087764 0.000000000
QK:/rc/crr: 0.000000000 0.003081875 0.996918125
QK:/rc/r: 0.000006247 0.314902751 0.685091002
QK:/rrc/c: 0.428506565 0.571493435 0.000000000
QK:/rrc/crr: 0.000000000 0.026312033 0.973687967
QK:/rrc/r: 0.000075186 0.497356591 0.502568223
QQ:/cc/c: 0.999966470 0.000033530 0.000000000
QQ:/cc/crr: 0.000000000 0.999983234 0.000016766
QQ:/cc/r: 0.999775085 0.000202562 0.000022354
QQ:/crc/c: 0.999994124 0.000005876 0.000000000
QQ:/crc/crr: 0.000000000 0.999997062 0.000002938
QQ:/crc/r: 0.999942985 0.000053097 0.000003918
QQ:/crrc/c: 0.999997062 0.000002938 0.000000000
QQ:/crrc/crr: 0.000000000 0.999998531 0.000001469
QQ:/crrc/r: 0.999967660 0.000030382 0.000001959
QQ:/rc/c: 0.999994796 0.000005204 0.000000000
QQ:/rc/crr: 0.000000000 0.999997398 0.000002602
QQ:/rc/r: 0.999992543 0.000003988 0.000003470
QQ:/rrc/c: 0.999990728 0.000009272 0.000000000
QQ:/rrc/crr: 0.000000000 0.999995364 0.000004636
QQ:/rrc/r: 0.999949049 0.000044769 0.000006182
