J:/c: 0.370447348 0.629552652 0.000000000
J:/crr: 0.000000000 0.999986503 0.000013497
J:/r: 0.050967225 0.112749325 0.836283449
JJ:/cc/c: 0.999992058 0.000007942 0.000000000
JJ:/cc/crr: 0.000000000 0.999996029 0.000003971
JJ:/cc/r: 0.999989410 0.000005295 0.000005295
JJ:/crc/c: 0.999986503 0.000013497 0.000000000
JJ:/crc/crr: 0.000000000 0.999993251 0.000006749
JJ:/crc/r: 0.999947519 0.000043483 0.000008998
JJ:/crrc/c: 0.999993251 0.000006749 0.000000000
JJ:/crrc/crr: 0.000000000 0.999996626 0.000003374
JJ:/crrc/r: 0.999958087 0.000037414 0.000004499
JJ:/rc/c: 0.999970436 0.000029564 0.000000000
JJ:/rc/crr: 0.000000000 0.999985218 0.000014782
JJ:/rc/r: 0.999960581 0.000019709 0.000019709
JJ:/rrc/c: 0.999934598 0.000065402 0.000000000
JJ:/rrc/crr: 0.000000000 0.999967297 0.000032703
JJ:/rrc/r: 0.999912798 0.000043601 0.000043601
JK:/cc/c: 0.000007942 0.999992058 0.000000000
JK:/cc/crr: 0.000000000 0.500000000 0.500000000
JK:/cc/r: 0.000005295 0.000005295 0.999989410
JK:/crc/c: 0.408897266 0.591102734 0.000000000
JK:/crc/crr: 0.000000000 0.000016504 0.999983496
JK:/crc/r: 0.000082041 0.000008998 0.999908961
JK:/crrc/c: 0.326545829 0.673454171 0.000000000
JK:/crrc/crr: 0.000000000 0.000010333 0.999989667
JK:/crrc/r: 0.208234172 0.000004499 0.791761329
JK:/rc/c: 0.379606407 0.620393593 0.000000000
JK:/rc/crr: 0.000000000 0.000038940 0.999961060
JK:/rc/r: 0.347366868 0.000019709 0.652613423
JK:/rrc/c: 0.999934598 0.000065402 0.000000000
JK:/rrc/crr: 0.000000000 0.000032703 0.999967297
JK:/rrc/r: 0.480782565 0.000043601 0.519173834
JQ:/cc/c: 0.000007942 0.999992058 0.000000000
JQ:/cc/crr: 0.000000000 0.500000000 0.500000000
JQ:/cc/r: 0.000005295 0.000005295 0.999989410
JQ:/crc/c: 0.977320182 0.022679818 0.000000000
JQ:/crc/crr: 0.000000000 0.000006905 0.999993095
JQ:/crc/r: 0.000030100 0.000008998 0.999960901
JQ:/crrc/c: 0.035723496 0.964276504 0.000000000
JQ:/crrc/crr: 0.000000000 0.000094457 0.999905543
JQ:/crrc/r: 0.168242696 0.000004499 0.831752804
JQ:/rc/c: 0.999970436 0.000029564 0.000000000
JQ:/rc/crr: 0.000000000 0.000014782 0.999985218
JQ:/rc/r: 0.000019709 0.000019709 0.999960581
JQ:/rrc/c: 0.000065402 0.999934598 0.000000000
JQ:/rrc/crr: 0.000000000 0.500000000 0.500000000
JQ:/rrc/r: 0.765200628 0.000043601 0.234755771
K:/c: 0.999990000 0.000010000 0.000000000
K:/crr: 0.000000000 0.999995000 0.000005000
K:/r: 0.621245356 0.378747977 0.000006667
KJ:/cc/c: 0.500000000 0.500000000 0.000000000
KJ:/cc/crr: 0.000000000 0.500000000 0.500000000
KJ:/cc/r: 0.333333333 0.333333333 0.333333333
KJ:/crc/c: 0.000356969 0.999643031 0.000000000
KJ:/crc/crr: 0.000000000 0.992996520 0.007003480
KJ:/crc/r: 0.000003333 0.912430911 0.087565755
KJ:/crrc/c: 0.349312340 0.650687660 0.000000000
KJ:/crrc/crr: 0.000000000 0.999996421 0.000003579
KJ:/crrc/r: 0.005751462 0.898020685 0.096227853
KJ:/rc/c: 0.419270803 0.580729197 0.000000000
KJ:/rc/crr: 0.000000000 0.999989504 0.000010496
KJ:/rc/r: 0.000016943 0.999964638 0.000018419
KJ:/rrc/c: 0.489924537 0.510075463 0.000000000
KJ:/rrc/crr: 0.000000000 0.999994524 0.000005476
KJ:/rrc/r: 0.000013027 0.958523335 0.041463639
KK:/cc/c: 0.500000000 0.500000000 0.000000000
KK:/cc/crr: 0.000000000 0.500000000 0.500000000
KK:/cc/r: 0.333333333 0.333333333 0.333333333
KK:/crc/c: 0.999995000 0.000005000 0.000000000
KK:/crc/crr: 0.000000000 0.999997500 0.000002500
KK:/crc/r: 0.981482401 0.018514265 0.000003333
KK:/crrc/c: 0.999997500 0.000002500 0.000000000
KK:/crrc/crr: 0.000000000 0.999998750 0.000001250
KK:/crrc/r: 0.999614271 0.000384062 0.000001667
KK:/rc/c: 0.999991199 0.000008801 0.000000000
KK:/rc/crr: 0.000000000 0.999995599 0.000004401
KK:/rc/r: 0.999964425 0.000029707 0.000005867
KK:/rrc/c: 0.999994634 0.000005366 0.000000000
KK:/rrc/crr: 0.000000000 0.999997317 0.000002683
KK:/rrc/r: 0.998162250 0.001834173 0.000003577
KQ:/cc/c: 0.500000000 0.500000000 0.000000000
KQ:/cc/crr: 0.000000000 0.500000000 0.500000000
KQ:/cc/r: 0.333333333 0.333333333 0.333333333
KQ:/crc/c: 0.000005000 0.999995000 0.000000000
KQ:/crc/crr: 0.000000000 0.500000000 0.500000000
KQ:/crc/r: 0.000003333 0.368284991 0.631711676
KQ:/crrc/c: 0.587232594 0.412767406 0.000000000
KQ:/crrc/crr: 0.000000000 0.421240144 0.578759856
KQ:/crrc/r: 0.000038849 0.706176161 0.293784990
KQ:/rc/c: 0.000016004 0.999983996 0.000000000
KQ:/rc/crr: 0.000000000 0.274953679 0.725046321
KQ:/rc/r: 0.000005867 0.297096674 0.702897459
KQ:/rrc/c: 0.528853835 0.471146165 0.000000000
KQ:/rrc/crr: 0.000000000 0.405456123 0.594543877
KQ:/rrc/r: 0.000353879 0.642679865 0.356966256
Q:/c: 0.840377417 0.159622583 0.000000000
Q:/crr: 0.000000000 0.999994050 0.000005950
Q:/r: 0.428052614 0.571912395 0.000034991
QJ:/cc/c: 0.000031324 0.999968676 0.000000000
QJ:/cc/crr: 0.000000000 0.500000000 0.500000000
QJ:/cc/r: 0.000020883 0.000020883 0.999958235
QJ:/crc/c: 0.335526412 0.664473588 0.000000000
QJ:/crc/crr: 0.000000000 0.000020633 0.999979367
QJ:/crc/r: 0.000003966 0.000003966 0.999992067
QJ:/crrc/c: 0.000002975 0.999997025 0.000000000
QJ:/crrc/crr: 0.000000000 0.500000000 0.500000000
QJ:/crrc/r: 0.000004405 0.000001983 0.999993612
QJ:/rc/c: 0.000005828 0.999994172 0.000000000
QJ:/rc/crr: 0.000000000 0.500000000 0.500000000
QJ:/rc/r: 0.000003886 0.000003886 0.999992229
QJ:/rrc/c: 0.000007787 0.999992213 0.000000000
QJ:/rrc/crr: 0.000000000 0.500000000 0.500000000
QJ:/rrc/r: 0.000005191 0.000005191 0.999989617
QK:/cc/c: 0.001300304 0.998699696 0.000000000
QK:/cc/crr: 0.000000000 0.987955165 0.012044835
QK:/cc/r: 0.000020883 0.667771040 0.332208078
QK:/crc/c: 0.373732844 0.626267156 0.000000000
QK:/crc/crr: 0.000000000 0.000007960 0.999992040
QK:/crc/r: 0.000024637 0.999971397 0.000003966
QK:/crrc/c: 0.209579367 0.790420633 0.000000000
QK:/crrc/crr: 0.000000000 0.000007097 0.999992903
QK:/crrc/r: 0.000015107 0.282308744 0.717676149
QK:/rc/c: 0.372949865 0.627050135 0.000000000
QK:/rc/crr: 0.000000000 0.001945774 0.998054226
QK:/rc/r: 0.000003886 0.327618702 0.672377412
QK:/rrc/c: 0.458828251 0.541171749 0.000000000
QK:/rrc/crr: 0.000000000 0.000127378 0.999872622
QK:/rrc/r: 0.000005191 0.466693192 0.533301617
QQ:/cc/c: 0.999968676 0.000031324 0.000000000
QQ:/cc/crr: 0.000000000 0.999984338 0.000015662
QQ:/cc/r: 0.999542907 0.000436210 0.000020883
QQ:/crc/c: 0.999994050 0.000005950 0.000000000
QQ:/crc/crr: 0.000000000 0.999997025 0.000002975
QQ:/crc/r: 0.989704818 0.010291216 0.000003966
QQ:/crrc/c: 0.999997025 0.000002975 0.000000000
QQ:/crrc/crr: 0.000000000 0.999998513 0.000001487
QQ:/crrc/r: 0.999975384 0.000022633 0.000001983
QQ:/rc/c: 0.999994172 0.000005828 0.000000000
QQ:/rc/crr: 0.000000000 0.999997086 0.000002914
QQ:/rc/r: 0.999948625 0.000047489 0.000003886
QQ:/rrc/c: 0.999992213 0.000007787 0.000000000
QQ:/rrc/crr: 0.000000000 0.999996106 0.000003894
QQ:/rrc/r: 0.999988949 0.000005859 0.000005191
