J:/c: 0.302746859 0.697253141 0.000000000
J:/crr: 0.000000000 0.999983485 0.000016515
J:/r: 0.055538420 0.125180281 0.819281299
JJ:/cc/c: 0.999992829 0.000007171 0.000000000
JJ:/cc/crr: 0.000000000 0.999996414 0.000003586
JJ:/cc/r: 0.999986593 0.000008626 0.000004781
JJ:/crc/c: 0.999983485 0.000016515 0.000000000
JJ:/crc/crr: 0.000000000 0.999991742 0.000008258
JJ:/crc/r: 0.999977068 0.000011922 0.000011010
JJ:/crrc/c: 0.999991742 0.000008258 0.000000000
JJ:/crrc/crr: 0.000000000 0.999995871 0.000004129
JJ:/crrc/r: 0.999988990 0.000005505 0.000005505
JJ:/rc/c: 0.999973372 0.000026628 0.000000000
JJ:/rc/crr: 0.000000000 0.999986686 0.000013314
JJ:/rc/r: 0.999961137 0.000021111 0.000017752
JJ:/rrc/c: 0.999939981 0.000060019 0.000000000
JJ:/rrc/crr: 0.000000000 0.999969989 0.000030011
JJ:/rrc/r: 0.999768891 0.000191097 0.000040012
JK:/cc/c: 0.005279139 0.994720861 0.000000000
JK:/cc/crr: 0.000000000 0.000679182 0.999320818
JK:/cc/r: 0.000011609 0.000004781 0.999983610
JK:/crc/c: 0.526175712 0.473824288 0.000000000
JK:/crc/crr: 0.000000000 0.000015694 0.999984306
JK:/crc/r: 0.048530881 0.000011010 0.951458108
JK:/crrc/c: 0.373987358 0.626012642 0.000000000
JK:/crrc/crr: 0.000000000 0.000011040 0.999988960
JK:/crrc/r: 0.204629258 0.000005505 0.795365237
JK:/rc/c: 0.372646476 0.627353524 0.000000000
JK:/rc/crr: 0.000000000 0.000035729 0.999964271
JK:/rc/r: 0.365426464 0.000017752 0.634555784
JK:/rrc/c: 0.999818825 0.000181175 0.000000000
JK:/rrc/crr: 0.000000000 0.000030015 0.999969985
JK:/rrc/r: 0.362221873 0.000040012 0.637738114
JQ:/cc/c: 0.070382893 0.929617107 0.000000000
JQ:/cc/crr: 0.000000000 0.000050943 0.999949057
JQ:/cc/r: 0.033836340 0.000004781 0.966158879
JQ:/crc/c: 0.498925862 0.501074138 0.000000000
JQ:/crc/crr: 0.000000000 0.000016551 0.999983449
JQ:/crc/r: 0.051686381 0.000011010 0.948302608
JQ:/crrc/c: 0.045646206 0.954353794 0.000000000
JQ:/crrc/crr: 0.000000000 0.000090455 0.999909545
JQ:/crrc/r: 0.214322331 0.000005505 0.785672163
JQ:/rc/c: 0.991974217 0.008025783 0.000000000
JQ:/rc/crr: 0.000000000 0.000013422 0.999986578
JQ:/rc/r: 0.000017752 0.000017752 0.999964496
JQ:/rrc/c: 0.003247185 0.996752815 0.000000000
JQ:/rrc/crr: 0.000000000 0.009241622 0.990758378
JQ:/rrc/r: 0.505069359 0.000040012 0.494890629
K:/c: 0.999969456 0.000030544 0.000000000
K:/crr: 0.000000000 0.999995000 0.000005000
K:/r: 0.591846982 0.408146351 0.000006667
KJ:/cc/c: 0.385764439 0.614235561 0.000000000
KJ:/cc/crr: 0.000000000 0.787824285 0.212175715
KJ:/cc/r: 0.534258073 0.226241552 0.239500374
KJ:/crc/c: 0.131930503 0.868069497 0.000000000
KJ:/crc/crr: 0.000000000 0.999981050 0.000018950
KJ:/crc/r: 0.000115500 0.728325042 0.271559458
KJ:/crrc/c: 0.378954014 0.621045986 0.000000000
KJ:/crrc/crr: 0.000000000 0.999996701 0.000003299
KJ:/crrc/r: 0.061440644 0.768086739 0.170472617
KJ:/rc/c: 0.486124993 0.513875007 0.000000000
KJ:/rc/crr: 0.000000000 0.806902253 0.193097747
KJ:/rc/r: 0.021110734 0.766869028 0.212020239
KJ:/rrc/c: 0.158951413 0.841048587 0.000000000
KJ:/rrc/crr: 0.000000000 0.999982284 0.000017716
KJ:/rrc/r: 0.037515162 0.902310076 0.060174762
KK:/cc/c: 0.836300309 0.163699691 0.000000000
KK:/cc/crr: 0.000000000 0.902128644 0.097871356
KK:/cc/r: 0.591684250 0.299182622 0.109133127
KK:/crc/c: 0.999995000 0.000005000 0.000000000
KK:/crc/crr: 0.000000000 0.999997500 0.000002500
KK:/crc/r: 0.904724452 0.095272214 0.000003333
KK:/crrc/c: 0.999997500 0.000002500 0.000000000
KK:/crrc/crr: 0.000000000 0.999998750 0.000001250
KK:/crrc/r: 0.999980795 0.000017538 0.000001667
KK:/rc/c: 0.999991833 0.000008167 0.000000000
KK:/rc/crr: 0.000000000 0.999995916 0.000004084
KK:/rc/r: 0.999978513 0.000016042 0.000005445
KK:/rrc/c: 0.999994368 0.000005632 0.000000000
KK:/rrc/crr: 0.000000000 0.999997184 0.000002816
KK:/rrc/r: 0.999828252 0.000167994 0.000003755
KQ:/cc/c: 0.836300309 0.163699691 0.000000000
KQ:/cc/crr: 0.000000000 0.902128644 0.097871356
KQ:/cc/r: 0.527237301 0.356041698 0.116721001
KQ:/crc/c: 0.164124669 0.835875331 0.000000000
KQ:/crc/crr: 0.000000000 0.000953289 0.999046711
KQ:/crc/r: 0.000041887 0.432387695 0.567570418
KQ:/crrc/c: 0.615826875 0.384173125 0.000000000
KQ:/crrc/crr: 0.000000000 0.394561244 0.605438756
KQ:/crrc/r: 0.000008704 0.660615563 0.339375733
KQ:/rc/c: 0.000625201 0.999374799 0.000000000
KQ:/rc/crr: 0.000000000 0.006531506 0.993468494
KQ:/rc/r: 0.000023866 0.308361521 0.691614612
KQ:/rrc/c: 0.513338634 0.486661366 0.000000000
KQ:/rrc/crr: 0.000000000 0.443606539 0.556393461
KQ:/rrc/r: 0.050144715 0.590801741 0.359053545
Q:/c: 0.850368557 0.149631443 0.000000000
Q:/crr: 0.000000000 0.999994120 0.000005880
Q:/r: 0.377522858 0.622443759 0.000033383
QJ:/cc/c: 0.000376400 0.999623600 0.000000000
QJ:/cc/crr: 0.000000000 0.044388185 0.955611815
QJ:/cc/r: 0.000027104 0.000022277 0.999950619
QJ:/crc/c: 0.450159351 0.549840649 0.000000000
QJ:/crc/crr: 0.000000000 0.029406895 0.970593105
QJ:/crc/r: 0.000003920 0.000003920 0.999992160
QJ:/crrc/c: 0.000002940 0.999997060 0.000000000
QJ:/crrc/crr: 0.000000000 0.500000000 0.500000000
QJ:/crrc/r: 0.013644580 0.000001960 0.986353460
QJ:/rc/c: 0.000332787 0.999667213 0.000000000
QJ:/rc/crr: 0.000000000 0.008046040 0.991953960
QJ:/rc/r: 0.022430563 0.000003570 0.977565867
QJ:/rrc/c: 0.000190191 0.999809809 0.000000000
QJ:/rrc/crr: 0.000000000 0.045444160 0.954555840
QJ:/rrc/r: 0.000079633 0.000005886 0.999914481
QK:/cc/c: 0.035067429 0.964932571 0.000000000
QK:/cc/crr: 0.000000000 0.999523555 0.000476445
QK:/cc/r: 0.000164664 0.740233851 0.259601485
QK:/crc/c: 0.324947666 0.675052334 0.000000000
QK:/crc/crr: 0.000000000 0.001044996 0.998955004
QK:/crc/r: 0.000174975 0.467804499 0.532020526
QK:/crrc/c: 0.235808496 0.764191504 0.000000000
QK:/crrc/crr: 0.000000000 0.002507159 0.997492841
QK:/crrc/r: 0.000027564 0.282906610 0.717065826
QK:/rc/c: 0.369898911 0.630101089 0.000000000
QK:/rc/crr: 0.000000000 0.003118046 0.996881954
QK:/rc/r: 0.000008078 0.314474597 0.685517325
QK:/rrc/c: 0.429333321 0.570666679 0.000000000
QK:/rrc/crr: 0.000000000 0.038639513 0.961360487
QK:/rrc/r: 0.000074348 0.490150795 0.509774858
QQ:/cc/c: 0.999966585 0.000033415 0.000000000
QQ:/cc/crr: 0.000000000 0.999983292 0.000016708
QQ:/cc/r: 0.999935377 0.000042346 0.000022277
QQ:/crc/c: 0.999994120 0.000005880 0.000000000
QQ:/crc/crr: 0.000000000 0.999997060 0.000002940
QQ:/crc/r: 0.978692328 0.021303752 0.000003920
QQ:/crrc/c: 0.999997060 0.000002940 0.000000000
QQ:/crrc/crr: 0.000000000 0.999998530 0.000001470
QQ:/crrc/r: 0.999996080 0.000001960 0.000001960
QQ:/rc/c: 0.999994645 0.000005355 0.000000000
QQ:/rc/crr: 0.000000000 0.999997322 0.000002678
QQ:/rc/r: 0.999992109 0.000004321 0.000003570
QQ:/rrc/c: 0.999991171 0.000008829 0.000000000
QQ:/rrc/crr: 0.000000000 0.999995585 0.000004415
QQ:/rrc/r: 0.999961451 0.000032662 0.000005886
