J:/c: 0.321337506 0.678662494 0.000000000
J:/crr: 0.000000000 0.999984440 0.000015560
J:/r: 0.055442258 0.131617763 0.812939979
JJ:/cc/c: 0.999992633 0.000007367 0.000000000
JJ:/cc/crr: 0.000000000 0.999996316 0.000003684
JJ:/cc/r: 0.999982508 0.000012580 0.000004912
JJ:/crc/c: 0.999984440 0.000015560 0.000000000
JJ:/crc/crr: 0.000000000 0.999992220 0.000007780
JJ:/crc/r: 0.999952166 0.000037460 0.000010373
JJ:/crrc/c: 0.999992220 0.000007780 0.000000000
JJ:/crrc/crr: 0.000000000 0.999996110 0.000003890
JJ:/crrc/r: 0.999989627 0.000005187 0.000005187
JJ:/rc/c: 0.999974674 0.000025326 0.000000000
JJ:/rc/crr: 0.000000000 0.999987337 0.000012663
JJ:/rc/r: 0.999862186 0.000120930 0.000016884
JJ:/rrc/c: 0.999939877 0.000060123 0.000000000
JJ:/rrc/crr: 0.000000000 0.999969937 0.000030063
JJ:/rrc/r: 0.999919837 0.000040082 0.000040082
JK:/cc/c: 0.000007367 0.999992633 0.000000000
JK:/cc/crr: 0.000000000 0.500000000 0.500000000
JK:/cc/r: 0.000004912 0.000004912 0.999990177
JK:/crc/c: 0.479008184 0.520991816 0.000000000
JK:/crc/crr: 0.000000000 0.000016242 0.999983758
JK:/crc/r: 0.003055569 0.000010373 0.996934058
JK:/crrc/c: 0.913830700 0.086169300 0.000000000
JK:/crrc/crr: 0.000000000 0.000004257 0.999995743
JK:/crrc/r: 0.271928884 0.000005187 0.728065929
JK:/rc/c: 0.369614512 0.630385488 0.000000000
JK:/rc/crr: 0.000000000 0.000034260 0.999965740
JK:/rc/r: 0.339069411 0.000016884 0.660913705
JK:/rrc/c: 0.999939877 0.000060123 0.000000000
JK:/rrc/crr: 0.000000000 0.000030063 0.999969937
JK:/rrc/r: 0.262675359 0.000040082 0.737284559
JQ:/cc/c: 0.066401467 0.933598533 0.000000000
JQ:/cc/crr: 0.000000000 0.000055476 0.999944524
JQ:/cc/r: 0.029485344 0.000004912 0.970509745
JQ:/crc/c: 0.332147201 0.667852799 0.000000000
JQ:/crc/crr: 0.000000000 0.000023423 0.999976577
JQ:/crc/r: 0.000119953 0.000010373 0.999869674
JQ:/crrc/c: 0.000007780 0.999992220 0.000000000
JQ:/crrc/crr: 0.000000000 0.500000000 0.500000000
JQ:/crrc/r: 0.071771912 0.000005187 0.928222901
JQ:/rc/c: 0.999974674 0.000025326 0.000000000
JQ:/rc/crr: 0.000000000 0.000012663 0.999987337
JQ:/rc/r: 0.000016884 0.000016884 0.999966232
JQ:/rrc/c: 0.000060123 0.999939877 0.000000000
JQ:/rrc/crr: 0.000000000 0.500000000 0.500000000
JQ:/rrc/r: 0.410695216 0.000040082 0.589264703
K:/c: 0.999990000 0.000010000 0.000000000
K:/crr: 0.000000000 0.999995000 0.000005000
K:/r: 0.571175623 0.428817710 0.000006667
KJ:/cc/c: 0.500000000 0.500000000 0.000000000
KJ:/cc/crr: 0.000000000 0.500000000 0.500000000
KJ:/cc/r: 0.333333333 0.333333333 0.333333333
KJ:/crc/c: 0.179443401 0.820556599 0.000000000
KJ:/crc/crr: 0.000000000 0.999986068 0.000013932
KJ:/crc/r: 0.000003333 0.744291900 0.255704767
KJ:/crrc/c: 0.485763128 0.514236872 0.000000000
KJ:/crrc/crr: 0.000000000 0.999997427 0.000002573
KJ:/crrc/r: 0.000075476 0.999900140 0.000024384
KJ:/rc/c: 0.471690810 0.528309190 0.000000000
KJ:/rc/crr: 0.000000000 0.862315869 0.137684131
KJ:/rc/r: 0.000013695 0.962804757 0.037181548
KJ:/rrc/c: 0.087246894 0.912753106 0.000000000
KJ:/rrc/crr: 0.000000000 0.999966555 0.000033445
KJ:/rrc/r: 0.000097879 0.969533340 0.030368782
KK:/cc/c: 0.500000000 0.500000000 0.000000000
KK:/cc/crr: 0.000000000 0.500000000 0.500000000
KK:/cc/r: 0.333333333 0.333333333 0.333333333
KK:/crc/c: 0.999995000 0.000005000 0.000000000
KK:/crc/crr: 0.000000000 0.999997500 0.000002500
KK:/crc/r: 0.993627173 0.006369494 0.000003333
KK:/crrc/c: 0.999997500 0.000002500 0.000000000
KK:/crrc/crr: 0.000000000 0.999998750 0.000001250
KK:/crrc/r: 0.999231208 0.000767125 0.000001667
KK:/rc/c: 0.999992227 0.000007773 0.000000000
KK:/rc/crr: 0.000000000 0.999996113 0.000003887
KK:/rc/r: 0.999968854 0.000025964 0.000005182
KK:/rrc/c: 0.999994164 0.000005836 0.000000000
KK:/rrc/crr: 0.000000000 0.999997082 0.000002918
KK:/rrc/r: 0.996396983 0.003599127 0.000003891
KQ:/cc/c: 0.500000000 0.500000000 0.000000000
KQ:/cc/crr: 0.000000000 0.500000000 0.500000000
KQ:/cc/r: 0.333333333 0.333333333 0.333333333
KQ:/crc/c: 0.303833672 0.696166328 0.000000000
KQ:/crc/crr: 0.000000000 0.000008228 0.999991772
KQ:/crc/r: 0.000004906 0.450346090 0.549649004
KQ:/crrc/c: 0.685188621 0.314811379 0.000000000
KQ:/crrc/crr: 0.000000000 0.454216042 0.545783958
KQ:/crrc/r: 0.000019126 0.945795068 0.054185806
KQ:/rc/c: 0.000007773 0.999992227 0.000000000
KQ:/rc/crr: 0.000000000 0.500000000 0.500000000
KQ:/rc/r: 0.000005182 0.320547349 0.679447469
KQ:/rrc/c: 0.479018027 0.520981973 0.000000000
KQ:/rrc/crr: 0.000000000 0.604578801 0.395421199
KQ:/rrc/r: 0.070455598 0.566170978 0.363373425
Q:/c: 0.847490828 0.152509172 0.000000000
Q:/crr: 0.000000000 0.999994100 0.000005900
Q:/r: 0.342146809 0.657817534 0.000035657
QJ:/cc/c: 0.000032785 0.999967215 0.000000000
QJ:/cc/crr: 0.000000000 0.500000000 0.500000000
QJ:/cc/r: 0.000021857 0.000021857 0.999956287
QJ:/crc/c: 0.387809147 0.612190853 0.000000000
QJ:/crc/crr: 0.000000000 0.000054289 0.999945711
QJ:/crc/r: 0.000003933 0.000003933 0.999992134
QJ:/crrc/c: 0.000002950 0.999997050 0.000000000
QJ:/crrc/crr: 0.000000000 0.500000000 0.500000000
QJ:/crrc/r: 0.000002422 0.000001967 0.999995612
QJ:/rc/c: 0.000005067 0.999994933 0.000000000
QJ:/rc/crr: 0.000000000 0.500000000 0.500000000
QJ:/rc/r: 0.000603466 0.000003378 0.999393156
QJ:/rrc/c: 0.000009742 0.999990258 0.000000000
QJ:/rrc/crr: 0.000000000 0.500000000 0.500000000
QJ:/rrc/r: 0.000006495 0.000006495 0.999987010
QK:/cc/c: 0.001215286 0.998784714 0.000000000
QK:/cc/crr: 0.000000000 0.986511440 0.013488560
QK:/cc/r: 0.000021857 0.706849216 0.293128928
QK:/crc/c: 0.362092826 0.637907174 0.000000000
QK:/crc/crr: 0.000000000 0.000008147 0.999991853
QK:/crc/r: 0.000013513 0.532762927 0.467223560
QK:/crrc/c: 0.050163453 0.949836547 0.000000000
QK:/crrc/crr: 0.000000000 0.000029403 0.999970597
QK:/crrc/r: 0.000014000 0.232264715 0.767721285
QK:/rc/c: 0.371976776 0.628023224 0.000000000
QK:/rc/crr: 0.000000000 0.000006811 0.999993189
QK:/rc/r: 0.000003378 0.326579746 0.673416876
QK:/rrc/c: 0.424974573 0.575025427 0.000000000
QK:/rrc/crr: 0.000000000 0.000122748 0.999877252
QK:/rrc/r: 0.000006495 0.502289449 0.497704057
QQ:/cc/c: 0.999967215 0.000032785 0.000000000
QQ:/cc/crr: 0.000000000 0.999983607 0.000016393
QQ:/cc/r: 0.998852323 0.001125820 0.000021857
QQ:/crc/c: 0.999994100 0.000005900 0.000000000
QQ:/crc/crr: 0.000000000 0.999997050 0.000002950
QQ:/crc/r: 0.954946942 0.045049125 0.000003933
QQ:/crrc/c: 0.999997050 0.000002950 0.000000000
QQ:/crrc/crr: 0.000000000 0.999998525 0.000001475
QQ:/crrc/r: 0.999868964 0.000129069 0.000001967
QQ:/rc/c: 0.999994933 0.000005067 0.000000000
QQ:/rc/crr: 0.000000000 0.999997466 0.000002534
QQ:/rc/r: 0.989985129 0.010011493 0.000003378
QQ:/rrc/c: 0.999990258 0.000009742 0.000000000
QQ:/rrc/crr: 0.000000000 0.999995129 0.000004871
QQ:/rrc/r: 0.999981695 0.000011810 0.000006495
