J:/: 0.073097364 0.926902636 0.000000000
J:/cr: 0.018828119 0.036028215 0.945143666
J:/rr: 0.000000000 0.999931598 0.000068402
JJ:/cc/: 0.000266371 0.999733629 0.000000000
JJ:/cc/cr: 0.999996403 0.000001799 0.000001799
JJ:/cc/rr: 0.000000000 0.989874435 0.010125565
JJ:/crc/: 0.953624991 0.046375009 0.000000000
JJ:/crc/cr: 0.999282542 0.000358729 0.000358729
JJ:/crc/rr: 0.000000000 0.999973832 0.000026168
JJ:/crrc/: 0.991636183 0.008363817 0.000000000
JJ:/crrc/cr: 0.992387770 0.003806115 0.003806115
JJ:/crrc/rr: 0.000000000 0.999951847 0.000048153
JJ:/rc/: 0.846245321 0.153754679 0.000000000
JJ:/rc/cr: 0.999703415 0.000148292 0.000148292
JJ:/rc/rr: 0.000000000 0.999959585 0.000040415
JJ:/rrc/: 0.999764023 0.000235977 0.000000000
JJ:/rrc/cr: 0.903371071 0.048314465 0.048314465
JJ:/rrc/rr: 0.000000000 0.999982894 0.000017106
JK:/cc/: 0.080620992 0.919379008 0.000000000
JK:/cc/cr: 0.000129050 0.000001956 0.999868994
JK:/cc/rr: 0.000000000 0.000033455 0.999966545
JK:/crc/: 0.067265933 0.932734067 0.000000000
JK:/crc/cr: 0.054444576 0.000017836 0.945537589
JK:/crc/rr: 0.000000000 0.000370977 0.999629023
JK:/crrc/: 0.999904499 0.000095501 0.000000000
JK:/crrc/cr: 0.333333333 0.333333333 0.333333333
JK:/crrc/rr: 0.000000000 0.000047755 0.999952245
JK:/rc/: 0.990414691 0.009585309 0.000000000
JK:/rc/cr: 0.995242586 0.002378707 0.002378707
JK:/rc/rr: 0.000000000 0.000034532 0.999965468
JK:/rrc/: 0.562902254 0.437097746 0.000000000
JK:/rrc/cr: 0.945497499 0.000026084 0.054476417
JK:/rrc/rr: 0.000000000 0.000030381 0.999969619
JQ:/cc/: 0.190464234 0.809535766 0.000000000
JQ:/cc/cr: 0.000002221 0.000002221 0.999995558
JQ:/cc/rr: 0.000000000 0.000014161 0.999985839
JQ:/crc/: 0.994976424 0.005023576 0.000000000
JQ:/crc/cr: 0.006827001 0.003311599 0.989861400
JQ:/crc/rr: 0.000000000 0.000025080 0.999974920
JQ:/crrc/: 0.016513355 0.983486645 0.000000000
JQ:/crrc/cr: 0.141493572 0.000032368 0.858474060
JQ:/crrc/rr: 0.000000000 0.002891628 0.997108372
JQ:/rc/: 0.998294431 0.001705569 0.000000000
JQ:/rc/cr: 0.013368352 0.013368352 0.973263296
JQ:/rc/rr: 0.000000000 0.000034259 0.999965741
JQ:/rrc/: 0.249452175 0.750547825 0.000000000
JQ:/rrc/cr: 0.000643230 0.000015190 0.999341580
JQ:/rrc/rr: 0.000000000 0.000068557 0.999931443
K:/: 0.747685000 0.252315000 0.000000000
K:/cr: 0.684272322 0.315714467 0.000013211
K:/rr: 0.000000000 0.999993313 0.000006687
KJ:/cc/: 0.000044015 0.999955985 0.000000000
KJ:/cc/cr: 0.000047532 0.000011280 0.999941188
KJ:/cc/rr: 0.000000000 0.774891664 0.225108336
KJ:/crc/: 0.000045170 0.999954830 0.000000000
KJ:/crc/cr: 0.000029499 0.999963526 0.000006974
KJ:/crc/rr: 0.000000000 0.768406120 0.231593880
KJ:/crrc/: 0.076368003 0.923631997 0.000000000
KJ:/crrc/cr: 0.001816729 0.996381229 0.001802042
KJ:/crrc/rr: 0.000000000 0.465589411 0.534410589
KJ:/rc/: 0.000083992 0.999916008 0.000000000
KJ:/rc/cr: 0.006007715 0.958373891 0.035618394
KJ:/rc/rr: 0.000000000 0.960190574 0.039809426
KJ:/rrc/: 0.082108857 0.917891143 0.000000000
KJ:/rrc/cr: 0.000051289 0.999829863 0.000118848
KJ:/rrc/rr: 0.000000000 0.477783974 0.522216026
KK:/cc/: 0.995655770 0.004344230 0.000000000
KK:/cc/cr: 0.996958955 0.001520522 0.001520522
KK:/cc/rr: 0.000000000 0.999990049 0.000009951
KK:/crc/: 0.123824330 0.876175670 0.000000000
KK:/crc/cr: 0.999984081 0.000007960 0.000007960
KK:/crc/rr: 0.000000000 0.999915516 0.000084484
KK:/crrc/: 0.990683977 0.009316023 0.000000000
KK:/crrc/cr: 0.999309196 0.000345402 0.000345402
KK:/crrc/rr: 0.000000000 0.999995128 0.000004872
KK:/rc/: 0.819247773 0.180752227 0.000000000
KK:/rc/cr: 0.999975335 0.000012332 0.000012332
KK:/rc/rr: 0.000000000 0.999995919 0.000004081
KK:/rrc/: 0.522302938 0.477697062 0.000000000
KK:/rrc/cr: 0.999995334 0.000002333 0.000002333
KK:/rrc/rr: 0.000000000 0.999996799 0.000003201
KQ:/cc/: 0.000052317 0.999947683 0.000000000
KQ:/cc/cr: 0.000041820 0.419238652 0.580719528
KQ:/cc/rr: 0.000000000 0.810610176 0.189389824
KQ:/crc/: 0.897682595 0.102317405 0.000000000
KQ:/crc/cr: 0.000392816 0.561188660 0.438418524
KQ:/crc/rr: 0.000000000 0.000031466 0.999968534
KQ:/crrc/: 0.013321181 0.986678819 0.000000000
KQ:/crrc/cr: 0.015169081 0.718316535 0.266514385
KQ:/crrc/rr: 0.000000000 0.076529199 0.923470801
KQ:/rc/: 0.000083996 0.999916004 0.000000000
KQ:/rc/cr: 0.000014603 0.478766499 0.521218898
KQ:/rc/rr: 0.000000000 0.345113897 0.654886103
KQ:/rrc/: 0.637120135 0.362879865 0.000000000
KQ:/rrc/cr: 0.030138460 0.870890346 0.098971194
KQ:/rrc/rr: 0.000000000 0.374939235 0.625060765
Q:/: 0.738209991 0.261790009 0.000000000
Q:/cr: 0.148377218 0.850542325 0.001080457
Q:/rr: 0.000000000 0.999993227 0.000006773
QJ:/cc/: 0.000019099 0.999980901 0.000000000
QJ:/cc/cr: 0.000006367 0.000006367 0.999987267
QJ:/cc/rr: 0.000000000 0.500000000 0.500000000
QJ:/crc/: 0.030005414 0.969994586 0.000000000
QJ:/crc/cr: 0.001549371 0.000002572 0.998448057
QJ:/crc/rr: 0.000000000 0.000124730 0.999875270
QJ:/crrc/: 0.008079721 0.991920279 0.000000000
QJ:/crrc/cr: 0.000143658 0.000014419 0.999841923
QJ:/crrc/rr: 0.000000000 0.002655230 0.997344770
QJ:/rc/: 0.017518568 0.982481432 0.000000000
QJ:/rc/cr: 0.000004935 0.000002298 0.999992767
QJ:/rc/rr: 0.000000000 0.000193313 0.999806687
QJ:/rrc/: 0.000003387 0.999996613 0.000000000
QJ:/rrc/cr: 0.000001129 0.000001129 0.999997742
QJ:/rrc/rr: 0.000000000 0.500000000 0.500000000
QK:/cc/: 0.562271276 0.437728724 0.000000000
QK:/cc/cr: 0.077766617 0.922211765 0.000021618
QK:/cc/rr: 0.000000000 0.999983016 0.000016984
QK:/crc/: 0.000234100 0.999765900 0.000000000
QK:/crc/cr: 0.000002664 0.548567083 0.451430253
QK:/crc/rr: 0.000000000 0.018939714 0.981060286
QK:/crrc/: 0.968731032 0.031268968 0.000000000
QK:/crrc/cr: 0.001057378 0.514356598 0.484586024
QK:/crrc/rr: 0.000000000 0.000616255 0.999383745
QK:/rc/: 0.448611794 0.551388206 0.000000000
QK:/rc/cr: 0.002787128 0.528671507 0.468541365
QK:/rc/rr: 0.000000000 0.206281966 0.793718034
QK:/rrc/: 0.118102872 0.881897128 0.000000000
QK:/rrc/cr: 0.000001280 0.290795166 0.709203554
QK:/rrc/rr: 0.000000000 0.000428644 0.999571356
QQ:/cc/: 0.537877931 0.462122069 0.000000000
QQ:/cc/cr: 0.999972447 0.000013777 0.000013777
QQ:/cc/rr: 0.000000000 0.999982246 0.000017754
QQ:/crc/: 0.992446006 0.007553994 0.000000000
QQ:/crc/cr: 0.999339410 0.000330295 0.000330295
QQ:/crc/rr: 0.000000000 0.999996229 0.000003771
QQ:/crrc/: 0.124576154 0.875423846 0.000000000
QQ:/crrc/cr: 0.999967325 0.000016338 0.000016338
QQ:/crrc/rr: 0.000000000 0.999827788 0.000172212
QQ:/rc/: 0.498686500 0.501313500 0.000000000
QQ:/rc/cr: 0.999983999 0.000011497 0.000004504
QQ:/rc/rr: 0.000000000 0.999993209 0.000006791
QQ:/rrc/: 0.976528000 0.023472000 0.000000000
QQ:/rrc/cr: 0.999903812 0.000048094 0.000048094
QQ:/rrc/rr: 0.000000000 0.999998266 0.000001734
