J:/: 0.072133915 0.927866085 0.000000000
J:/cr: 0.019236973 0.032515411 0.948247616
J:/rr: 0.000000000 0.999930684 0.000069316
JJ:/cc/: 0.000293139 0.999706861 0.000000000
JJ:/cc/cr: 0.999996406 0.000001797 0.000001797
JJ:/cc/rr: 0.000000000 0.990808613 0.009191387
JJ:/crc/: 0.835215935 0.164784065 0.000000000
JJ:/crc/cr: 0.999776505 0.000111747 0.000111747
JJ:/crc/rr: 0.000000000 0.999966929 0.000033071
JJ:/crrc/: 0.954492757 0.045507243 0.000000000
JJ:/crrc/cr: 0.998632098 0.000683951 0.000683951
JJ:/crrc/rr: 0.000000000 0.999951087 0.000048913
JJ:/rc/: 0.948018687 0.051981313 0.000000000
JJ:/rc/cr: 0.999111020 0.000444490 0.000444490
JJ:/rc/rr: 0.000000000 0.999963442 0.000036558
JJ:/rrc/: 0.999521215 0.000478785 0.000000000
JJ:/rrc/cr: 0.951738707 0.024130646 0.024130646
JJ:/rrc/rr: 0.000000000 0.999982662 0.000017338
JK:/cc/: 0.079807522 0.920192478 0.000000000
JK:/cc/cr: 0.000001952 0.000001952 0.999996096
JK:/cc/rr: 0.000000000 0.000033761 0.999966239
JK:/crc/: 0.069048903 0.930951097 0.000000000
JK:/crc/cr: 0.054308079 0.000019780 0.945672141
JK:/crc/rr: 0.000000000 0.000400025 0.999599975
JK:/crrc/: 0.999906626 0.000093374 0.000000000
JK:/crrc/cr: 0.333333333 0.333333333 0.333333333
JK:/crrc/rr: 0.000000000 0.000046691 0.999953309
JK:/rc/: 0.996258631 0.003741369 0.000000000
JK:/rc/cr: 0.887188716 0.006175593 0.106635691
JK:/rc/rr: 0.000000000 0.000034788 0.999965212
JK:/rrc/: 0.545741296 0.454258704 0.000000000
JK:/rrc/cr: 0.962955264 0.000025433 0.037019303
JK:/rrc/rr: 0.000000000 0.000031755 0.999968245
JQ:/cc/: 0.153965055 0.846034945 0.000000000
JQ:/cc/cr: 0.000004659 0.000002123 0.999993218
JQ:/cc/rr: 0.000000000 0.000017500 0.999982500
JQ:/crc/: 0.991817713 0.008182287 0.000000000
JQ:/crc/cr: 0.096889443 0.002250496 0.900860061
JQ:/crc/rr: 0.000000000 0.000027849 0.999972151
JQ:/crrc/: 0.009781748 0.990218252 0.000000000
JQ:/crrc/cr: 0.139932101 0.000031432 0.860036467
JQ:/crrc/rr: 0.000000000 0.004772877 0.995227123
JQ:/rc/: 0.994758823 0.005241177 0.000000000
JQ:/rc/cr: 0.004408394 0.004408394 0.991183212
JQ:/rc/rr: 0.000000000 0.000034840 0.999965160
JQ:/rrc/: 0.154667067 0.845332933 0.000000000
JQ:/rrc/cr: 0.005173444 0.000013667 0.994812889
JQ:/rrc/rr: 0.000000000 0.000112048 0.999887952
K:/: 0.751815712 0.248184288 0.000000000
K:/cr: 0.717516701 0.282469869 0.000013431
K:/rr: 0.000000000 0.999993349 0.000006651
KJ:/cc/: 0.000051951 0.999948049 0.000000000
KJ:/cc/cr: 0.000048333 0.000009514 0.999942153
KJ:/cc/rr: 0.000000000 0.806101237 0.193898763
KJ:/crc/: 0.000054102 0.999945898 0.000000000
KJ:/crc/cr: 0.000254529 0.999737546 0.000007925
KJ:/crc/rr: 0.000000000 0.780283605 0.219716395
KJ:/crrc/: 0.070979608 0.929020392 0.000000000
KJ:/crrc/cr: 0.003697759 0.992187825 0.004114416
KJ:/crrc/rr: 0.000000000 0.447672276 0.552327724
KJ:/rc/: 0.059067395 0.940932605 0.000000000
KJ:/rc/cr: 0.003027993 0.986124996 0.010847010
KJ:/rc/rr: 0.000000000 0.262524858 0.737475142
KJ:/rrc/: 0.086924176 0.913075824 0.000000000
KJ:/rrc/cr: 0.000111057 0.999887729 0.000001214
KJ:/rrc/rr: 0.000000000 0.661400362 0.338599638
KK:/cc/: 0.999561690 0.000438310 0.000000000
KK:/cc/cr: 0.969357555 0.015321222 0.015321222
KK:/cc/rr: 0.000000000 0.999989922 0.000010078
KK:/crc/: 0.158247042 0.841752958 0.000000000
KK:/crc/cr: 0.999981171 0.000009414 0.000009414
KK:/crc/rr: 0.000000000 0.999924883 0.000075117
KK:/crrc/: 0.989791597 0.010208403 0.000000000
KK:/crrc/cr: 0.999388786 0.000305607 0.000305607
KK:/crrc/rr: 0.000000000 0.999995272 0.000004728
KK:/rc/: 0.812235486 0.187764514 0.000000000
KK:/rc/cr: 0.999976387 0.000011807 0.000011807
KK:/rc/rr: 0.000000000 0.999995906 0.000004094
KK:/rrc/: 0.510545532 0.489454468 0.000000000
KK:/rrc/cr: 0.999995471 0.000002265 0.000002265
KK:/rrc/rr: 0.000000000 0.999996743 0.000003257
KQ:/cc/: 0.000055861 0.999944139 0.000000000
KQ:/cc/cr: 0.000043502 0.463838517 0.536117981
KQ:/cc/rr: 0.000000000 0.819674512 0.180325488
KQ:/crc/: 0.880757670 0.119242330 0.000000000
KQ:/crc/cr: 0.000414146 0.510273090 0.489312764
KQ:/crc/rr: 0.000000000 0.000033925 0.999966075
KQ:/crrc/: 0.013637883 0.986362117 0.000000000
KQ:/crrc/cr: 0.025754521 0.668230997 0.306014482
KQ:/crrc/rr: 0.000000000 0.318215059 0.681784941
KQ:/rc/: 0.000361026 0.999638974 0.000000000
KQ:/rc/cr: 0.000027230 0.487652036 0.512320735
KQ:/rc/rr: 0.000000000 0.073342928 0.926657072
KQ:/rrc/: 0.708335711 0.291664289 0.000000000
KQ:/rrc/cr: 0.033946021 0.844306515 0.121747464
KQ:/rrc/rr: 0.000000000 0.393486917 0.606513083
Q:/: 0.758211860 0.241788140 0.000000000
Q:/cr: 0.176643854 0.822369638 0.000986508
Q:/rr: 0.000000000 0.999993406 0.000006594
QJ:/cc/: 0.000020679 0.999979321 0.000000000
QJ:/cc/cr: 0.000006893 0.000006893 0.999986214
QJ:/cc/rr: 0.000000000 0.500000000 0.500000000
QJ:/crc/: 0.024996989 0.975003011 0.000000000
QJ:/crc/cr: 0.001759600 0.000002866 0.998237534
QJ:/crc/rr: 0.000000000 0.000167660 0.999832340
QJ:/crrc/: 0.018519967 0.981480033 0.000000000
QJ:/crrc/cr: 0.000221738 0.000013253 0.999765009
QJ:/crrc/rr: 0.000000000 0.001053525 0.998946475
QJ:/rc/: 0.009302626 0.990697374 0.000000000
QJ:/rc/cr: 0.000002219 0.000002219 0.999995562
QJ:/rc/rr: 0.000000000 0.000354441 0.999645559
QJ:/rrc/: 0.000003297 0.999996703 0.000000000
QJ:/rrc/cr: 0.000001099 0.000001099 0.999997802
QJ:/rrc/rr: 0.000000000 0.500000000 0.500000000
QK:/cc/: 0.625344976 0.374655024 0.000000000
QK:/cc/cr: 0.996657597 0.003275559 0.000066844
QK:/cc/rr: 0.000000000 0.999983466 0.000016534
QK:/crc/: 0.003719091 0.996280909 0.000000000
QK:/crc/cr: 0.000003005 0.559876328 0.440120667
QK:/crc/rr: 0.000000000 0.001269359 0.998730641
QK:/crrc/: 0.970281913 0.029718087 0.000000000
QK:/crrc/cr: 0.000952787 0.496899801 0.502147412
QK:/crrc/rr: 0.000000000 0.000556082 0.999443918
QK:/rc/: 0.441714534 0.558285466 0.000000000
QK:/rc/cr: 0.003427441 0.526145167 0.470427392
QK:/rc/rr: 0.000000000 0.205507028 0.794492972
QK:/rrc/: 0.117255273 0.882744727 0.000000000
QK:/rrc/cr: 0.000001245 0.299051391 0.700947364
QK:/rrc/rr: 0.000000000 0.000427735 0.999572265
QQ:/cc/: 0.486658109 0.513341891 0.000000000
QQ:/cc/cr: 0.999973144 0.000013428 0.000013428
QQ:/cc/rr: 0.000000000 0.999978754 0.000021246
QQ:/crc/: 0.988922371 0.011077629 0.000000000
QQ:/crc/cr: 0.999495561 0.000252219 0.000252219
QQ:/crc/rr: 0.000000000 0.999995762 0.000004238
QQ:/crrc/: 0.093381095 0.906618905 0.000000000
QQ:/crrc/cr: 0.999971305 0.000014347 0.000014347
QQ:/crrc/rr: 0.000000000 0.999791058 0.000208942
QQ:/rc/: 0.479554416 0.520445584 0.000000000
QQ:/rc/cr: 0.999991296 0.000004481 0.000004224
QQ:/rc/rr: 0.000000000 0.999993124 0.000006876
QQ:/rrc/: 0.975494080 0.024505920 0.000000000
QQ:/rrc/cr: 0.999910300 0.000044850 0.000044850
QQ:/rrc/rr: 0.000000000 0.999998310 0.000001690
