J:/: 0.075271169 0.924728831 0.000000000
J:/cr: 0.018641124 0.035048057 0.946310819
J:/rr: 0.000000000 0.999933574 0.000066426
JJ:/cc/: 0.000294603 0.999705397 0.000000000
JJ:/cc/cr: 0.999996394 0.000001803 0.000001803
JJ:/cc/rr: 0.000000000 0.990823272 0.009176728
JJ:/crc/: 0.987870578 0.012129422 0.000000000
JJ:/crc/cr: 0.997173565 0.001413218 0.001413218
JJ:/crc/rr: 0.000000000 0.999973972 0.000026028
JJ:/crrc/: 0.957068836 0.042931164 0.000000000
JJ:/crrc/cr: 0.998498593 0.000750703 0.000750703
JJ:/crrc/rr: 0.000000000 0.999949489 0.000050511
JJ:/rc/: 0.872467740 0.127532260 0.000000000
JJ:/rc/cr: 0.999652760 0.000173620 0.000173620
JJ:/rc/rr: 0.000000000 0.999961932 0.000038068
JJ:/rrc/: 0.987219849 0.012780151 0.000000000
JJ:/rrc/cr: 0.998267342 0.000866329 0.000866329
JJ:/rrc/rr: 0.000000000 0.999983177 0.000016823
JK:/cc/: 0.075857751 0.924142249 0.000000000
JK:/cc/cr: 0.000839884 0.000001950 0.999158165
JK:/cc/rr: 0.000000000 0.000035639 0.999964361
JK:/crc/: 0.094812169 0.905187831 0.000000000
JK:/crc/cr: 0.080400732 0.000018937 0.919580331
JK:/crc/rr: 0.000000000 0.000271192 0.999728808
JK:/crrc/: 0.999820585 0.000179415 0.000000000
JK:/crrc/cr: 0.179630916 0.179630916 0.640738168
JK:/crrc/rr: 0.000000000 0.000048352 0.999951648
JK:/rc/: 0.986112399 0.013887601 0.000000000
JK:/rc/cr: 0.894214679 0.001594384 0.104190938
JK:/rc/rr: 0.000000000 0.000033681 0.999966319
JK:/rrc/: 0.536926716 0.463073284 0.000000000
JK:/rrc/cr: 0.905926023 0.000023909 0.094050068
JK:/rrc/rr: 0.000000000 0.000030931 0.999969069
JQ:/cc/: 0.155152798 0.844847202 0.000000000
JQ:/cc/cr: 0.000007430 0.000002133 0.999990436
JQ:/cc/rr: 0.000000000 0.000017425 0.999982575
JQ:/crc/: 0.970304006 0.029695994 0.000000000
JQ:/crc/cr: 0.631379855 0.000577233 0.368042912
JQ:/crc/rr: 0.000000000 0.000026499 0.999973501
JQ:/crrc/: 0.022082773 0.977917227 0.000000000
JQ:/crrc/cr: 0.113414951 0.000032956 0.886552093
JQ:/crrc/rr: 0.000000000 0.002189166 0.997810834
JQ:/rc/: 0.993661389 0.006338611 0.000000000
JQ:/rc/cr: 0.003493221 0.003493221 0.993013559
JQ:/rc/rr: 0.000000000 0.000033425 0.999966575
JQ:/rrc/: 0.115391863 0.884608137 0.000000000
JQ:/rrc/cr: 0.002371404 0.000012516 0.997616080
JQ:/rrc/rr: 0.000000000 0.000143925 0.999856075
K:/: 0.751745540 0.248254460 0.000000000
K:/cr: 0.698482190 0.301504383 0.000013427
K:/rr: 0.000000000 0.999993349 0.000006651
KJ:/cc/: 0.000056035 0.999943965 0.000000000
KJ:/cc/cr: 0.000048897 0.000008778 0.999942325
KJ:/cc/rr: 0.000000000 0.820286305 0.179713695
KJ:/crc/: 0.000047120 0.999952880 0.000000000
KJ:/crc/cr: 0.000107572 0.999885006 0.000007423
KJ:/crc/rr: 0.000000000 0.763724143 0.236275857
KJ:/crrc/: 0.075943342 0.924056658 0.000000000
KJ:/crrc/cr: 0.000992276 0.995737161 0.003270562
KJ:/crrc/rr: 0.000000000 0.456409069 0.543590931
KJ:/rc/: 0.072055563 0.927944437 0.000000000
KJ:/rc/cr: 0.008415483 0.952339067 0.039245450
KJ:/rc/rr: 0.000000000 0.327043105 0.672956895
KJ:/rrc/: 0.093967119 0.906032881 0.000000000
KJ:/rrc/cr: 0.000356529 0.999009492 0.000633979
KJ:/rrc/rr: 0.000000000 0.603301787 0.396698213
KK:/cc/: 0.983274451 0.016725549 0.000000000
KK:/cc/cr: 0.999197211 0.000401394 0.000401394
KK:/cc/rr: 0.000000000 0.999989758 0.000010242
KK:/crc/: 0.232254903 0.767745097 0.000000000
KK:/crc/cr: 0.999980665 0.000009668 0.000009668
KK:/crc/rr: 0.000000000 0.999952064 0.000047936
KK:/crrc/: 0.989290533 0.010709467 0.000000000
KK:/crrc/cr: 0.999401675 0.000299163 0.000299163
KK:/crrc/rr: 0.000000000 0.999995142 0.000004858
KK:/rc/: 0.832389743 0.167610257 0.000000000
KK:/rc/cr: 0.999973545 0.000013227 0.000013227
KK:/rc/rr: 0.000000000 0.999996005 0.000003995
KK:/rrc/: 0.525698790 0.474301210 0.000000000
KK:/rrc/cr: 0.999995326 0.000002337 0.000002337
KK:/rrc/rr: 0.000000000 0.999996837 0.000003163
KQ:/cc/: 0.000223967 0.999776033 0.000000000
KQ:/cc/cr: 0.000049212 0.443824502 0.556126286
KQ:/cc/rr: 0.000000000 0.955036701 0.044963299
KQ:/crc/: 0.865677843 0.134322157 0.000000000
KQ:/crc/cr: 0.000405918 0.600105758 0.399488324
KQ:/crc/rr: 0.000000000 0.000024064 0.999975936
KQ:/crrc/: 0.015025712 0.984974288 0.000000000
KQ:/crrc/cr: 0.035432508 0.664065899 0.300501594
KQ:/crrc/rr: 0.000000000 0.217936265 0.782063735
KQ:/rc/: 0.000072367 0.999927633 0.000000000
KQ:/rc/cr: 0.000028840 0.484360236 0.515610924
KQ:/rc/rr: 0.000000000 0.954045669 0.045954331
KQ:/rrc/: 0.704760762 0.295239238 0.000000000
KQ:/rrc/cr: 0.042253601 0.801611200 0.156135199
KQ:/rrc/rr: 0.000000000 0.392375053 0.607624947
Q:/: 0.748967974 0.251032026 0.000000000
Q:/cr: 0.167187272 0.831808064 0.001004665
Q:/rr: 0.000000000 0.999993324 0.000006676
QJ:/cc/: 0.000019918 0.999980082 0.000000000
QJ:/cc/cr: 0.000021392 0.000006639 0.999971969
QJ:/cc/rr: 0.000000000 0.500000000 0.500000000
QJ:/crc/: 0.031089958 0.968910042 0.000000000
QJ:/crc/cr: 0.000838594 0.000002746 0.999158661
QJ:/crc/rr: 0.000000000 0.000128365 0.999871635
QJ:/crrc/: 0.014427993 0.985572007 0.000000000
QJ:/crrc/cr: 0.000177751 0.000013431 0.999808818
QJ:/crrc/rr: 0.000000000 0.001376197 0.998623803
QJ:/rc/: 0.007576652 0.992423348 0.000000000
QJ:/rc/cr: 0.000004098 0.000002242 0.999993659
QJ:/rc/rr: 0.000000000 0.000440554 0.999559446
QJ:/rrc/: 0.000003338 0.999996662 0.000000000
QJ:/rrc/cr: 0.000001372 0.000001113 0.999997515
QJ:/rrc/rr: 0.000000000 0.500000000 0.500000000
QK:/cc/: 0.466844241 0.533155759 0.000000000
QK:/cc/cr: 0.328292864 0.671684025 0.000023111
QK:/cc/rr: 0.000000000 0.999978668 0.000021332
QK:/crc/: 0.012099430 0.987900570 0.000000000
QK:/crc/cr: 0.000002693 0.555333852 0.444663455
QK:/crc/rr: 0.000000000 0.000329839 0.999670161
QK:/crrc/: 0.951628421 0.048371579 0.000000000
QK:/crrc/cr: 0.000440702 0.623086784 0.376472513
QK:/crrc/rr: 0.000000000 0.000547849 0.999452151
QK:/rc/: 0.451224648 0.548775352 0.000000000
QK:/rc/cr: 0.022471496 0.513599074 0.463929429
QK:/rc/rr: 0.000000000 0.203361987 0.796638013
QK:/rrc/: 0.117392350 0.882607650 0.000000000
QK:/rrc/cr: 0.000001261 0.304943864 0.695054875
QK:/rrc/rr: 0.000000000 0.000692310 0.999307690
QQ:/cc/: 0.458249721 0.541750279 0.000000000
QQ:/cc/cr: 0.999975490 0.000012255 0.000012255
QQ:/cc/rr: 0.000000000 0.999978268 0.000021732
QQ:/crc/: 0.987039294 0.012960706 0.000000000
QQ:/crc/cr: 0.999589440 0.000205280 0.000205280
QQ:/crc/rr: 0.000000000 0.999995957 0.000004043
QQ:/crrc/: 0.136895477 0.863104523 0.000000000
QQ:/crrc/cr: 0.999969327 0.000015337 0.000015337
QQ:/crrc/rr: 0.000000000 0.999854957 0.000145043
QQ:/rc/: 0.501173610 0.498826390 0.000000000
QQ:/rc/cr: 0.999991078 0.000004461 0.000004461
QQ:/rc/rr: 0.000000000 0.999993340 0.000006660
QQ:/rrc/: 0.967937586 0.032062414 0.000000000
QQ:/rrc/cr: 0.999930595 0.000034703 0.000034703
QQ:/rrc/rr: 0.000000000 0.999998276 0.000001724
