J:/: 0.072908842 0.927091158 0.000000000
J:/cr: 0.018037870 0.035751856 0.946210273
J:/rr: 0.000000000 0.999931421 0.000068579
JJ:/cc/: 0.000273978 0.999726022 0.000000000
JJ:/cc/cr: 0.999996404 0.000001798 0.000001798
JJ:/cc/rr: 0.000000000 0.990157565 0.009842435
JJ:/crc/: 0.943155572 0.056844428 0.000000000
JJ:/crc/cr: 0.999410276 0.000294862 0.000294862
JJ:/crc/rr: 0.000000000 0.999973343 0.000026657
JJ:/crrc/: 0.963177282 0.036822718 0.000000000
JJ:/crrc/cr: 0.998195595 0.000902202 0.000902202
JJ:/crrc/rr: 0.000000000 0.999948263 0.000051737
JJ:/rc/: 0.895347315 0.104652685 0.000000000
JJ:/rc/cr: 0.999563134 0.000218433 0.000218433
JJ:/rc/rr: 0.000000000 0.999961703 0.000038297
JJ:/rrc/: 0.997477340 0.002522660 0.000000000
JJ:/rrc/cr: 0.990937676 0.004531162 0.004531162
JJ:/rrc/rr: 0.000000000 0.999982811 0.000017189
JK:/cc/: 0.084931200 0.915068800 0.000000000
JK:/cc/cr: 0.000260411 0.000001965 0.999737625
JK:/cc/rr: 0.000000000 0.000031750 0.999968250
JK:/crc/: 0.035046992 0.964953008 0.000000000
JK:/crc/cr: 0.013032531 0.000017370 0.986950099
JK:/crc/rr: 0.000000000 0.000717376 0.999282624
JK:/crrc/: 0.999900335 0.000099665 0.000000000
JK:/crrc/cr: 0.333333333 0.333333333 0.333333333
JK:/crrc/rr: 0.000000000 0.000049837 0.999950163
JK:/rc/: 0.998658023 0.001341977 0.000000000
JK:/rc/cr: 0.965931470 0.017034265 0.017034265
JK:/rc/rr: 0.000000000 0.000034335 0.999965665
JK:/rrc/: 0.561080967 0.438919033 0.000000000
JK:/rrc/cr: 0.979865679 0.000026043 0.020108279
JK:/rrc/rr: 0.000000000 0.000030559 0.999969441
JQ:/cc/: 0.172003745 0.827996255 0.000000000
JQ:/cc/cr: 0.000002171 0.000002171 0.999995658
JQ:/cc/rr: 0.000000000 0.000015678 0.999984322
JQ:/crc/: 0.986491443 0.013508557 0.000000000
JQ:/crc/cr: 0.688780983 0.001240788 0.309978229
JQ:/crc/rr: 0.000000000 0.000025486 0.999974514
JQ:/crrc/: 0.027777468 0.972222532 0.000000000
JQ:/crrc/cr: 0.126796208 0.000034171 0.873169621
JQ:/crrc/rr: 0.000000000 0.001793983 0.998206017
JQ:/rc/: 0.994805562 0.005194438 0.000000000
JQ:/rc/cr: 0.004400783 0.004400783 0.991198434
JQ:/rc/rr: 0.000000000 0.000034468 0.999965532
JQ:/rrc/: 0.114287019 0.885712981 0.000000000
JQ:/rrc/cr: 0.000290125 0.000012906 0.999696969
JQ:/rrc/rr: 0.000000000 0.000150025 0.999849975
K:/: 0.755829428 0.244170572 0.000000000
K:/cr: 0.687208361 0.312777987 0.000013652
K:/rr: 0.000000000 0.999993385 0.000006615
KJ:/cc/: 0.000047163 0.999952837 0.000000000
KJ:/cc/cr: 0.000048788 0.000011158 0.999940054
KJ:/cc/rr: 0.000000000 0.782906840 0.217093160
KJ:/crc/: 0.000048609 0.999951391 0.000000000
KJ:/crc/cr: 0.000031068 0.999961658 0.000007275
KJ:/crc/rr: 0.000000000 0.775523656 0.224476344
KJ:/crrc/: 0.065693475 0.934306525 0.000000000
KJ:/crrc/cr: 0.000815198 0.995857164 0.003327638
KJ:/crrc/rr: 0.000000000 0.400221624 0.599778376
KJ:/rc/: 0.042230447 0.957769553 0.000000000
KJ:/rc/cr: 0.005365089 0.963409286 0.031225625
KJ:/rc/rr: 0.000000000 0.216202076 0.783797924
KJ:/rrc/: 0.083927768 0.916072232 0.000000000
KJ:/rrc/cr: 0.000029379 0.999897479 0.000073143
KJ:/rrc/rr: 0.000000000 0.589076644 0.410923356
KK:/cc/: 0.997494715 0.002505285 0.000000000
KK:/cc/cr: 0.994550857 0.002724572 0.002724572
KK:/cc/rr: 0.000000000 0.999989736 0.000010264
KK:/crc/: 0.116868201 0.883131799 0.000000000
KK:/crc/cr: 0.999983526 0.000008237 0.000008237
KK:/crc/rr: 0.000000000 0.999906633 0.000093367
KK:/crrc/: 0.988144837 0.011855163 0.000000000
KK:/crrc/cr: 0.999441442 0.000279279 0.000279279
KK:/crrc/rr: 0.000000000 0.999994974 0.000005026
KK:/rc/: 0.805756002 0.194243998 0.000000000
KK:/rc/cr: 0.999977296 0.000011352 0.000011352
KK:/rc/rr: 0.000000000 0.999995895 0.000004105
KK:/rrc/: 0.538288710 0.461711290 0.000000000
KK:/rrc/cr: 0.999995224 0.000002388 0.000002388
KK:/rrc/rr: 0.000000000 0.999996928 0.000003072
KQ:/cc/: 0.000054750 0.999945250 0.000000000
KQ:/cc/cr: 0.000042217 0.456445241 0.543512542
KQ:/cc/rr: 0.000000000 0.812992086 0.187007914
KQ:/crc/: 0.873503670 0.126496330 0.000000000
KQ:/crc/cr: 0.000355714 0.582626441 0.417017845
KQ:/crc/rr: 0.000000000 0.000033362 0.999966638
KQ:/crrc/: 0.013373931 0.986626069 0.000000000
KQ:/crrc/cr: 0.032070256 0.665736820 0.302192924
KQ:/crrc/rr: 0.000000000 0.054905571 0.945094429
KQ:/rc/: 0.000213565 0.999786435 0.000000000
KQ:/rc/cr: 0.000007768 0.475903404 0.524088828
KQ:/rc/rr: 0.000000000 0.187806563 0.812193437
KQ:/rrc/: 0.714236248 0.285763752 0.000000000
KQ:/rrc/cr: 0.037687201 0.878779467 0.083533332
KQ:/rrc/rr: 0.000000000 0.395467154 0.604532846
Q:/: 0.744842996 0.255157004 0.000000000
Q:/cr: 0.157666850 0.841765858 0.000567293
Q:/rr: 0.000000000 0.999993287 0.000006713
QJ:/cc/: 0.000019596 0.999980404 0.000000000
QJ:/cc/cr: 0.000006532 0.000006532 0.999986936
QJ:/cc/rr: 0.000000000 0.500000000 0.500000000
QJ:/crc/: 0.029106189 0.970893811 0.000000000
QJ:/crc/cr: 0.001841643 0.000002664 0.998155693
QJ:/crc/rr: 0.000000000 0.000133301 0.999866699
QJ:/crrc/: 0.011438883 0.988561117 0.000000000
QJ:/crrc/cr: 0.000188780 0.000013969 0.999797251
QJ:/crrc/rr: 0.000000000 0.001810870 0.998189130
QJ:/rc/: 0.010716030 0.989283970 0.000000000
QJ:/rc/cr: 0.000002262 0.000002262 0.999995476
QJ:/rc/rr: 0.000000000 0.000313214 0.999686786
QJ:/rrc/: 0.000003356 0.999996644 0.000000000
QJ:/rrc/cr: 0.000001119 0.000001119 0.999997762
QJ:/rrc/rr: 0.000000000 0.500000000 0.500000000
QK:/cc/: 0.449358332 0.550641668 0.000000000
QK:/cc/cr: 0.033441684 0.966536613 0.000021703
QK:/cc/rr: 0.000000000 0.999978196 0.000021804
QK:/crc/: 0.012559275 0.987440725 0.000000000
QK:/crc/cr: 0.000002877 0.560398921 0.439598203
QK:/crc/rr: 0.000000000 0.000377392 0.999622608
QK:/crrc/: 0.940153654 0.059846346 0.000000000
QK:/crrc/cr: 0.000486285 0.601290482 0.398223233
QK:/crrc/rr: 0.000000000 0.000603480 0.999396520
QK:/rc/: 0.436888668 0.563111332 0.000000000
QK:/rc/cr: 0.001130126 0.528943657 0.469926217
QK:/rc/rr: 0.000000000 0.202285344 0.797714656
QK:/rrc/: 0.129434946 0.870565054 0.000000000
QK:/rrc/cr: 0.000001531 0.295723679 0.704274790
QK:/rrc/rr: 0.000000000 0.000323688 0.999676312
QQ:/cc/: 0.552499898 0.447500102 0.000000000
QQ:/cc/cr: 0.999970807 0.000014596 0.000014596
QQ:/cc/rr: 0.000000000 0.999982266 0.000017734
QQ:/crc/: 0.987360390 0.012639610 0.000000000
QQ:/crc/cr: 0.999590716 0.000204642 0.000204642
QQ:/crc/rr: 0.000000000 0.999996070 0.000003930
QQ:/crrc/: 0.148109219 0.851890781 0.000000000
QQ:/crrc/cr: 0.999967579 0.000016210 0.000016210
QQ:/crrc/rr: 0.000000000 0.999860142 0.000139858
QQ:/rc/: 0.490784746 0.509215254 0.000000000
QQ:/rc/cr: 0.999991212 0.000004394 0.000004394
QQ:/rc/rr: 0.000000000 0.999993161 0.000006839
QQ:/rrc/: 0.987040791 0.012959209 0.000000000
QQ:/rrc/cr: 0.999827333 0.000086333 0.000086333
QQ:/rrc/rr: 0.000000000 0.999998300 0.000001700
