J:/c: 0.282483094 0.717516906 0.000000000
J:/crr: 0.000000000 0.999982300 0.000017700
J:/r: 0.055012924 0.129821040 0.815166036
JJ:/cc/c: 0.999993032 0.000006968 0.000000000
JJ:/cc/crr: 0.000000000 0.999996516 0.000003484
JJ:/cc/r: 0.999982911 0.000012443 0.000004646
JJ:/crc/c: 0.999982300 0.000017700 0.000000000
JJ:/crc/crr: 0.000000000 0.999991150 0.000008850
JJ:/crc/r: 0.999976400 0.000011800 0.000011800
JJ:/crrc/c: 0.999991150 0.000008850 0.000000000
JJ:/crrc/crr: 0.000000000 0.999995575 0.000004425
JJ:/crrc/r: 0.999988200 0.000005900 0.000005900
JJ:/rc/c: 0.999974324 0.000025676 0.000000000
JJ:/rc/crr: 0.000000000 0.999987161 0.000012839
JJ:/rc/r: 0.999964358 0.000018524 0.000017118
JJ:/rrc/c: 0.999939408 0.000060592 0.000000000
JJ:/rrc/crr: 0.000000000 0.999969702 0.000030298
JJ:/rrc/r: 0.999734669 0.000224936 0.000040395
JK:/cc/c: 0.006708298 0.993291702 0.000000000
JK:/cc/crr: 0.000000000 0.000519392 0.999480608
JK:/cc/r: 0.000011271 0.000004646 0.999984083
JK:/crc/c: 0.538309399 0.461690601 0.000000000
JK:/crc/crr: 0.000000000 0.000016441 0.999983559
JK:/crc/r: 0.064362002 0.000011800 0.935626198
JK:/crrc/c: 0.429380979 0.570619021 0.000000000
JK:/crrc/crr: 0.000000000 0.000010306 0.999989694
JK:/crrc/r: 0.212476685 0.000005900 0.787517414
JK:/rc/c: 0.387230631 0.612769369 0.000000000
JK:/rc/crr: 0.000000000 0.000033154 0.999966846
JK:/rc/r: 0.353312593 0.000017118 0.646670290
JK:/rrc/c: 0.999768948 0.000231052 0.000000000
JK:/rrc/crr: 0.000000000 0.000030303 0.999969697
JK:/rrc/r: 0.301271254 0.000040395 0.698688352
JQ:/cc/c: 0.072825663 0.927174337 0.000000000
JQ:/cc/crr: 0.000000000 0.000047844 0.999952156
JQ:/cc/r: 0.038627998 0.000004646 0.961367357
JQ:/crc/c: 0.487116471 0.512883529 0.000000000
JQ:/crc/crr: 0.000000000 0.000018168 0.999981832
JQ:/crc/r: 0.084724013 0.000011800 0.915264187
JQ:/crrc/c: 0.041051742 0.958948258 0.000000000
JQ:/crrc/crr: 0.000000000 0.000107794 0.999892206
JQ:/crrc/r: 0.375431448 0.000005900 0.624562652
JQ:/rc/c: 0.984120213 0.015879787 0.000000000
JQ:/rc/crr: 0.000000000 0.000013045 0.999986955
JQ:/rc/r: 0.000017118 0.000017118 0.999965765
JQ:/rrc/c: 0.012752935 0.987247065 0.000000000
JQ:/rrc/crr: 0.000000000 0.002375603 0.997624397
JQ:/rrc/r: 0.435005982 0.000040395 0.564953623
K:/c: 0.999963242 0.000036758 0.000000000
K:/crr: 0.000000000 0.999995000 0.000005000
K:/r: 0.575142132 0.424851201 0.000006667
KJ:/cc/c: 0.415824560 0.584175440 0.000000000
KJ:/cc/crr: 0.000000000 0.836440841 0.163559159
KJ:/cc/r: 0.458814208 0.184394745 0.356791046
KJ:/crc/c: 0.104110353 0.895889647 0.000000000
KJ:/crc/crr: 0.000000000 0.999975986 0.000024014
KJ:/crc/r: 0.000095747 0.752095540 0.247808713
KJ:/crrc/c: 0.322177832 0.677822168 0.000000000
KJ:/crrc/crr: 0.000000000 0.999996120 0.000003880
KJ:/crrc/r: 0.058951609 0.787066113 0.153982278
KJ:/rc/c: 0.434055458 0.565944542 0.000000000
KJ:/rc/crr: 0.000000000 0.741900269 0.258099731
KJ:/rc/r: 0.022788633 0.732140142 0.245071226
KJ:/rrc/c: 0.411534976 0.588465024 0.000000000
KJ:/rrc/crr: 0.000000000 0.996954854 0.003045146
KJ:/rrc/r: 0.042756984 0.878278392 0.078964624
KK:/cc/c: 0.863976169 0.136023831 0.000000000
KK:/cc/crr: 0.000000000 0.921280334 0.078719666
KK:/cc/r: 0.663797306 0.245520140 0.090682554
KK:/crc/c: 0.999995000 0.000005000 0.000000000
KK:/crc/crr: 0.000000000 0.999997500 0.000002500
KK:/crc/r: 0.766179539 0.233817128 0.000003333
KK:/crrc/c: 0.999997500 0.000002500 0.000000000
KK:/crrc/crr: 0.000000000 0.999998750 0.000001250
KK:/crrc/r: 0.999996667 0.000001667 0.000001667
KK:/rc/c: 0.999992154 0.000007846 0.000000000
KK:/rc/crr: 0.000000000 0.999996077 0.000003923
KK:/rc/r: 0.999980458 0.000014311 0.000005231
KK:/rrc/c: 0.999994204 0.000005796 0.000000000
KK:/rrc/crr: 0.000000000 0.999997102 0.000002898
KK:/rrc/r: 0.999977364 0.000018772 0.000003864
KQ:/cc/c: 0.699241969 0.300758031 0.000000000
KQ:/cc/crr: 0.000000000 0.902734792 0.097265208
KQ:/cc/r: 0.459202939 0.377113256 0.163683805
KQ:/crc/c: 0.313267209 0.686732791 0.000000000
KQ:/crc/crr: 0.000000000 0.052129854 0.947870146
KQ:/crc/r: 0.000080565 0.442296909 0.557622526
KQ:/crrc/c: 0.620551170 0.379448830 0.000000000
KQ:/crrc/crr: 0.000000000 0.411587712 0.588412288
KQ:/crrc/r: 0.040807834 0.593771533 0.365420633
KQ:/rc/c: 0.000327340 0.999672660 0.000000000
KQ:/rc/crr: 0.000000000 0.249765072 0.750234928
KQ:/rc/r: 0.000024184 0.305591025 0.694384790
KQ:/rrc/c: 0.510602140 0.489397860 0.000000000
KQ:/rrc/crr: 0.000000000 0.484272050 0.515727950
KQ:/rrc/r: 0.077469373 0.546655002 0.375875625
Q:/c: 0.850296150 0.149703850 0.000000000
Q:/crr: 0.000000000 0.999994120 0.000005880
Q:/r: 0.361712957 0.638238470 0.000048572
QJ:/cc/c: 0.000682644 0.999317356 0.000000000
QJ:/cc/crr: 0.000000000 0.024463169 0.975536831
QJ:/cc/r: 0.000049536 0.000022266 0.999928197
QJ:/crc/c: 0.437785047 0.562214953 0.000000000
QJ:/crc/crr: 0.000000000 0.024743526 0.975256474
QJ:/crc/r: 0.000004187 0.000003920 0.999991893
QJ:/crrc/c: 0.000137136 0.999862864 0.000000000
QJ:/crrc/crr: 0.000000000 0.010719942 0.989280058
QJ:/crrc/r: 0.015603221 0.000001960 0.984394819
QJ:/rc/c: 0.000149717 0.999850283 0.000000000
QJ:/rc/crr: 0.000000000 0.017441948 0.982558052
QJ:/rc/r: 0.020364834 0.000003482 0.979631684
QJ:/rrc/c: 0.000545099 0.999454901 0.000000000
QJ:/rrc/crr: 0.000000000 0.008452974 0.991547026
QJ:/rrc/r: 0.000091345 0.000009648 0.999899007
QK:/cc/c: 0.132053138 0.867946862 0.000000000
QK:/cc/crr: 0.000000000 0.999873539 0.000126461
QK:/cc/r: 0.000189945 0.751931676 0.247878379
QK:/crc/c: 0.373462962 0.626537038 0.000000000
QK:/crc/crr: 0.000000000 0.003531916 0.996468084
QK:/crc/r: 0.000360168 0.445215592 0.554424240
QK:/crrc/c: 0.239914975 0.760085025 0.000000000
QK:/crrc/crr: 0.000000000 0.001022963 0.998977037
QK:/crrc/r: 0.000069068 0.283139935 0.716790997
QK:/rc/c: 0.364287850 0.635712150 0.000000000
QK:/rc/crr: 0.000000000 0.019406553 0.980593447
QK:/rc/r: 0.000006465 0.309476708 0.690516827
QK:/rrc/c: 0.422987975 0.577012025 0.000000000
QK:/rrc/crr: 0.000000000 0.046787227 0.953212773
QK:/rrc/r: 0.000251030 0.503227603 0.496521368
QQ:/cc/c: 0.999966601 0.000033399 0.000000000
QQ:/cc/crr: 0.000000000 0.999983300 0.000016700
QQ:/cc/r: 0.999916870 0.000060864 0.000022266
QQ:/crc/c: 0.999994120 0.000005880 0.000000000
QQ:/crc/crr: 0.000000000 0.999997060 0.000002940
QQ:/crc/r: 0.818973704 0.181022376 0.000003920
QQ:/crrc/c: 0.999997060 0.000002940 0.000000000
QQ:/crrc/crr: 0.000000000 0.999998530 0.000001470
QQ:/crrc/r: 0.999996080 0.000001960 0.000001960
QQ:/rc/c: 0.999994777 0.000005223 0.000000000
QQ:/rc/crr: 0.000000000 0.999997389 0.000002611
QQ:/rc/r: 0.999992858 0.000003660 0.000003482
QQ:/rrc/c: 0.999990785 0.000009215 0.000000000
QQ:/rrc/crr: 0.000000000 0.999995392 0.000004608
QQ:/rrc/r: 0.999956749 0.000037107 0.000006144
