J:/c: 0.292995868 0.707004132 0.000000000
J:/crr: 0.000000000 0.999982935 0.000017065
J:/r: 0.055959484 0.129635685 0.814404830
JJ:/cc/c: 0.999992928 0.000007072 0.000000000
JJ:/cc/crr: 0.000000000 0.999996464 0.000003536
JJ:/cc/r: 0.999982825 0.000012460 0.000004715
JJ:/crc/c: 0.999982935 0.000017065 0.000000000
JJ:/crc/crr: 0.000000000 0.999991467 0.000008533
JJ:/crc/r: 0.999977247 0.000011377 0.000011377
JJ:/crrc/c: 0.999991467 0.000008533 0.000000000
JJ:/crrc/crr: 0.000000000 0.999995734 0.000004266
JJ:/crrc/r: 0.999988623 0.000005688 0.000005688
JJ:/rc/c: 0.999974287 0.000025713 0.000000000
JJ:/rc/crr: 0.000000000 0.999987143 0.000012857
JJ:/rc/r: 0.999962830 0.000020028 0.000017142
JJ:/rrc/c: 0.999940433 0.000059567 0.000000000
JJ:/rrc/crr: 0.000000000 0.999970215 0.000029785
JJ:/rrc/r: 0.999761969 0.000198320 0.000039711
JK:/cc/c: 0.009297759 0.990702241 0.000000000
JK:/cc/crr: 0.000000000 0.000380312 0.999619688
JK:/cc/r: 0.000008377 0.000004715 0.999986909
JK:/crc/c: 0.530168935 0.469831065 0.000000000
JK:/crc/crr: 0.000000000 0.000016094 0.999983906
JK:/crc/r: 0.017309538 0.000011377 0.982679085
JK:/crrc/c: 0.511244979 0.488755021 0.000000000
JK:/crrc/crr: 0.000000000 0.000008345 0.999991655
JK:/crrc/r: 0.216166301 0.000005688 0.783828011
JK:/rc/c: 0.373888913 0.626111087 0.000000000
JK:/rc/crr: 0.000000000 0.000034386 0.999965614
JK:/rc/r: 0.354794368 0.000017142 0.645188490
JK:/rrc/c: 0.999803479 0.000196521 0.000000000
JK:/rrc/crr: 0.000000000 0.000029789 0.999970211
JK:/rrc/r: 0.299843805 0.000039711 0.700116484
JQ:/cc/c: 0.074477658 0.925522342 0.000000000
JQ:/cc/crr: 0.000000000 0.000047478 0.999952522
JQ:/cc/r: 0.038569864 0.000004715 0.961425422
JQ:/crc/c: 0.472606048 0.527393952 0.000000000
JQ:/crc/crr: 0.000000000 0.000018054 0.999981946
JQ:/crc/r: 0.068098071 0.000011377 0.931890552
JQ:/crrc/c: 0.051431471 0.948568529 0.000000000
JQ:/crrc/crr: 0.000000000 0.000082952 0.999917048
JQ:/crrc/r: 0.127709939 0.000005688 0.872284372
JQ:/rc/c: 0.992664196 0.007335804 0.000000000
JQ:/rc/crr: 0.000000000 0.000012952 0.999987048
JQ:/rc/r: 0.000020814 0.000017142 0.999962044
JQ:/rrc/c: 0.011776486 0.988223514 0.000000000
JQ:/rrc/crr: 0.000000000 0.002529061 0.997470939
JQ:/rrc/r: 0.427535068 0.000039711 0.572425220
K:/c: 0.999969337 0.000030663 0.000000000
K:/crr: 0.000000000 0.999995000 0.000005000
K:/r: 0.578091306 0.421902027 0.000006667
KJ:/cc/c: 0.467289361 0.532710639 0.000000000
KJ:/cc/crr: 0.000000000 0.825524150 0.174475850
KJ:/cc/r: 0.536066600 0.220289539 0.243643860
KJ:/crc/c: 0.100864457 0.899135543 0.000000000
KJ:/crc/crr: 0.000000000 0.999975214 0.000024786
KJ:/crc/r: 0.000084511 0.730072529 0.269842960
KJ:/crrc/c: 0.289568193 0.710431807 0.000000000
KJ:/crrc/crr: 0.000000000 0.885835951 0.114164049
KJ:/crrc/r: 0.035488864 0.856922980 0.107588156
KJ:/rc/c: 0.417968986 0.582031014 0.000000000
KJ:/rc/crr: 0.000000000 0.851289930 0.148710070
KJ:/rc/r: 0.014367121 0.804014666 0.181618213
KJ:/rrc/c: 0.272924485 0.727075515 0.000000000
KJ:/rrc/crr: 0.000000000 0.993898000 0.006102000
KJ:/rrc/r: 0.048190078 0.884584928 0.067224995
KK:/cc/c: 0.836938583 0.163061417 0.000000000
KK:/cc/crr: 0.000000000 0.902584598 0.097415402
KK:/cc/r: 0.607431480 0.283860909 0.108707611
KK:/crc/c: 0.999995000 0.000005000 0.000000000
KK:/crc/crr: 0.000000000 0.999997500 0.000002500
KK:/crc/r: 0.987586285 0.012410381 0.000003333
KK:/crrc/c: 0.999997500 0.000002500 0.000000000
KK:/crrc/crr: 0.000000000 0.999998750 0.000001250
KK:/crrc/r: 0.999987941 0.000010392 0.000001667
KK:/rc/c: 0.999992099 0.000007901 0.000000000
KK:/rc/crr: 0.000000000 0.999996050 0.000003950
KK:/rc/r: 0.999979987 0.000014745 0.000005267
KK:/rrc/c: 0.999994234 0.000005766 0.000000000
KK:/rrc/crr: 0.000000000 0.999997117 0.000002883
KK:/rrc/r: 0.999976074 0.000020082 0.000003844
KQ:/cc/c: 0.836938583 0.163061417 0.000000000
KQ:/cc/crr: 0.000000000 0.902584598 0.097415402
KQ:/cc/r: 0.531775692 0.295668395 0.172555913
KQ:/crc/c: 0.260592598 0.739407402 0.000000000
KQ:/crc/crr: 0.000000000 0.009807402 0.990192598
KQ:/crc/r: 0.000053962 0.440771727 0.559174312
KQ:/crrc/c: 0.621877929 0.378122071 0.000000000
KQ:/crrc/crr: 0.000000000 0.415648228 0.584351772
KQ:/crrc/r: 0.000003040 0.770909569 0.229087391
KQ:/rc/c: 0.001034066 0.998965934 0.000000000
KQ:/rc/crr: 0.000000000 0.034408735 0.965591265
KQ:/rc/r: 0.000023999 0.308618227 0.691357774
KQ:/rrc/c: 0.495361234 0.504638766 0.000000000
KQ:/rrc/crr: 0.000000000 0.446801382 0.553198618
KQ:/rrc/r: 0.072513875 0.563565663 0.363920461
Q:/c: 0.842037968 0.157962032 0.000000000
Q:/crr: 0.000000000 0.999994062 0.000005938
Q:/r: 0.356381967 0.643489556 0.000128478
QJ:/cc/c: 0.000508462 0.999491538 0.000000000
QJ:/cc/crr: 0.000000000 0.031126379 0.968873621
QJ:/cc/r: 0.000037322 0.000021102 0.999941576
QJ:/crc/c: 0.443851621 0.556148379 0.000000000
QJ:/crc/crr: 0.000000000 0.026205964 0.973794036
QJ:/crc/r: 0.000046594 0.000003959 0.999949448
QJ:/crrc/c: 0.000089078 0.999910922 0.000000000
QJ:/crrc/crr: 0.000000000 0.016665166 0.983334834
QJ:/crrc/r: 0.013177982 0.000001979 0.986820038
QJ:/rc/c: 0.000101865 0.999898135 0.000000000
QJ:/rc/crr: 0.000000000 0.025426131 0.974573869
QJ:/rc/r: 0.014413832 0.000003453 0.985582714
QJ:/rrc/c: 0.000240416 0.999759584 0.000000000
QJ:/rrc/crr: 0.000000000 0.019452277 0.980547723
QJ:/rrc/r: 0.000078807 0.000006236 0.999914958
QK:/cc/c: 0.180081402 0.819918598 0.000000000
QK:/cc/crr: 0.000000000 0.999912114 0.000087886
QK:/cc/r: 0.000109959 0.709504964 0.290385077
QK:/crc/c: 0.358715559 0.641284441 0.000000000
QK:/crc/crr: 0.000000000 0.004523038 0.995476962
QK:/crc/r: 0.000319792 0.504241943 0.495438265
QK:/crrc/c: 0.144940294 0.855059706 0.000000000
QK:/crrc/crr: 0.000000000 0.002745868 0.997254132
QK:/crrc/r: 0.000023058 0.279489259 0.720487683
QK:/rc/c: 0.357787307 0.642212693 0.000000000
QK:/rc/crr: 0.000000000 0.019079519 0.980920481
QK:/rc/r: 0.000009580 0.312008054 0.687982365
QK:/rrc/c: 0.421485853 0.578514147 0.000000000
QK:/rrc/crr: 0.000000000 0.048615035 0.951384965
QK:/rrc/r: 0.000090694 0.505644730 0.494264576
QQ:/cc/c: 0.999968347 0.000031653 0.000000000
QQ:/cc/crr: 0.000000000 0.999984173 0.000015827
QQ:/cc/r: 0.999920648 0.000058250 0.000021102
QQ:/crc/c: 0.999994062 0.000005938 0.000000000
QQ:/crc/crr: 0.000000000 0.999997031 0.000002969
QQ:/crc/r: 0.999824708 0.000171333 0.000003959
QQ:/crrc/c: 0.999997031 0.000002969 0.000000000
QQ:/crrc/crr: 0.000000000 0.999998515 0.000001485
QQ:/crrc/r: 0.999972442 0.000025578 0.000001979
QQ:/rc/c: 0.999994820 0.000005180 0.000000000
QQ:/rc/crr: 0.000000000 0.999997410 0.000002590
QQ:/rc/r: 0.760129237 0.239867310 0.000003453
QQ:/rrc/c: 0.999990647 0.000009353 0.000000000
QQ:/rrc/crr: 0.000000000 0.999995323 0.000004677
QQ:/rrc/r: 0.999958203 0.000035561 0.000006236
