J:/: 0.073928279 0.926071721 0.000000000
J:/cr: 0.018008875 0.032215631 0.949775494
J:/rr: 0.000000000 0.999932367 0.000067633
JJ:/cc/: 0.000322196 0.999677804 0.000000000
JJ:/cc/cr: 0.999996399 0.000001800 0.000001800
JJ:/cc/rr: 0.000000000 0.991621321 0.008378679
JJ:/crc/: 0.962672308 0.037327692 0.000000000
JJ:/crc/cr: 0.999002265 0.000498867 0.000498867
JJ:/crc/rr: 0.000000000 0.999970985 0.000029015
JJ:/crrc/: 0.971834161 0.028165839 0.000000000
JJ:/crrc/cr: 0.997634605 0.001182697 0.001182697
JJ:/crrc/rr: 0.000000000 0.999948584 0.000051416
JJ:/rc/: 0.940470116 0.059529884 0.000000000
JJ:/rc/cr: 0.999242586 0.000378707 0.000378707
JJ:/rc/rr: 0.000000000 0.999964043 0.000035957
JJ:/rrc/: 0.996496447 0.003503553 0.000000000
JJ:/rrc/cr: 0.993564847 0.003217577 0.003217577
JJ:/rrc/rr: 0.000000000 0.999983031 0.000016969
JK:/cc/: 0.090739228 0.909260772 0.000000000
JK:/cc/cr: 0.000001979 0.000001979 0.999996041
JK:/cc/rr: 0.000000000 0.000029751 0.999970249
JK:/crc/: 0.048878380 0.951121620 0.000000000
JK:/crc/cr: 0.004115502 0.000019579 0.995864919
JK:/crc/rr: 0.000000000 0.000571466 0.999428534
JK:/crrc/: 0.999900065 0.000099935 0.000000000
JK:/crrc/cr: 0.333333333 0.333333333 0.333333333
JK:/crrc/rr: 0.000000000 0.000049972 0.999950028
JK:/rc/: 0.999045713 0.000954287 0.000000000
JK:/rc/cr: 0.952751375 0.023624313 0.023624313
JK:/rc/rr: 0.000000000 0.000033849 0.999966151
JK:/rrc/: 0.544833277 0.455166723 0.000000000
JK:/rrc/cr: 0.950366071 0.000024767 0.049609162
JK:/rrc/rr: 0.000000000 0.000031036 0.999968964
JQ:/cc/: 0.154030521 0.845969479 0.000000000
JQ:/cc/cr: 0.000002931 0.000002127 0.999994941
JQ:/cc/rr: 0.000000000 0.000017526 0.999982474
JQ:/crc/: 0.989441959 0.010558041 0.000000000
JQ:/crc/cr: 0.716886782 0.001763733 0.281349485
JQ:/crc/rr: 0.000000000 0.000028230 0.999971770
JQ:/crrc/: 0.019793942 0.980206058 0.000000000
JQ:/crrc/cr: 0.148793591 0.000033984 0.851172425
JQ:/crrc/rr: 0.000000000 0.002524383 0.997475617
JQ:/rc/: 0.997776689 0.002223311 0.000000000
JQ:/rc/cr: 0.010140001 0.010140001 0.979719998
JQ:/rc/rr: 0.000000000 0.000033892 0.999966108
JQ:/rrc/: 0.125644737 0.874355263 0.000000000
JQ:/rrc/cr: 0.001964111 0.000012893 0.998022996
JQ:/rrc/rr: 0.000000000 0.000134581 0.999865419
K:/: 0.750030740 0.249969260 0.000000000
K:/cr: 0.703900071 0.296086595 0.000013335
K:/rr: 0.000000000 0.999993334 0.000006666
KJ:/cc/: 0.000046036 0.999953964 0.000000000
KJ:/cc/cr: 0.000047585 0.000010797 0.999941617
KJ:/cc/rr: 0.000000000 0.782751597 0.217248403
KJ:/crc/: 0.000052767 0.999947233 0.000000000
KJ:/crc/cr: 0.000033298 0.999959195 0.000007507
KJ:/crc/rr: 0.000000000 0.786623139 0.213376861
KJ:/crrc/: 0.000523431 0.999476569 0.000000000
KJ:/crrc/cr: 0.010469314 0.986971566 0.002559121
KJ:/crrc/rr: 0.000000000 0.990951814 0.009048186
KJ:/rc/: 0.060045746 0.939954254 0.000000000
KJ:/rc/cr: 0.006140424 0.978441367 0.015418209
KJ:/rc/rr: 0.000000000 0.430452626 0.569547374
KJ:/rrc/: 0.093887103 0.906112897 0.000000000
KJ:/rrc/cr: 0.002353222 0.997343748 0.000303030
KJ:/rrc/rr: 0.000000000 0.678667111 0.321332889
KK:/cc/: 0.999671097 0.000328903 0.000000000
KK:/cc/cr: 0.959456173 0.020271914 0.020271914
KK:/cc/rr: 0.000000000 0.999989995 0.000010005
KK:/crc/: 0.099982627 0.900017373 0.000000000
KK:/crc/cr: 0.999983320 0.000008340 0.000008340
KK:/crc/rr: 0.000000000 0.999887387 0.000112613
KK:/crrc/: 0.991497535 0.008502465 0.000000000
KK:/crrc/cr: 0.999257297 0.000371351 0.000371351
KK:/crrc/rr: 0.000000000 0.999995223 0.000004777
KK:/rc/: 0.824482852 0.175517148 0.000000000
KK:/rc/cr: 0.999974679 0.000012660 0.000012660
KK:/rc/rr: 0.000000000 0.999995957 0.000004043
KK:/rrc/: 0.530730952 0.469269048 0.000000000
KK:/rrc/cr: 0.999995265 0.000002368 0.000002368
KK:/rrc/rr: 0.000000000 0.999996860 0.000003140
KQ:/cc/: 0.000053075 0.999946925 0.000000000
KQ:/cc/cr: 0.000040991 0.420738560 0.579220449
KQ:/cc/rr: 0.000000000 0.811562476 0.188437524
KQ:/crc/: 0.887206575 0.112793425 0.000000000
KQ:/crc/cr: 0.000441606 0.541641976 0.457916417
KQ:/crc/rr: 0.000000000 0.000029122 0.999970878
KQ:/crrc/: 0.009985214 0.990014786 0.000000000
KQ:/crrc/cr: 0.024137987 0.686407715 0.289454297
KQ:/crrc/rr: 0.000000000 0.160241472 0.839758528
KQ:/rc/: 0.000243915 0.999756085 0.000000000
KQ:/rc/cr: 0.000020765 0.486272975 0.513706261
KQ:/rc/rr: 0.000000000 0.041620201 0.958379799
KQ:/rrc/: 0.719674286 0.280325714 0.000000000
KQ:/rrc/cr: 0.031623523 0.852629656 0.115746822
KQ:/rrc/rr: 0.000000000 0.393969217 0.606030783
Q:/: 0.753900454 0.246099546 0.000000000
Q:/cr: 0.168652572 0.830486076 0.000861352
Q:/rr: 0.000000000 0.999993368 0.000006632
QJ:/cc/: 0.000020317 0.999979683 0.000000000
QJ:/cc/cr: 0.000006772 0.000006772 0.999986455
QJ:/cc/rr: 0.000000000 0.500000000 0.500000000
QJ:/crc/: 0.028352156 0.971647844 0.000000000
QJ:/crc/cr: 0.001781586 0.000002798 0.998215617
QJ:/crc/rr: 0.000000000 0.000143810 0.999856190
QJ:/crrc/: 0.063785168 0.936214832 0.000000000
QJ:/crrc/cr: 0.000295534 0.000014297 0.999690169
QJ:/crrc/rr: 0.000000000 0.000314771 0.999685229
QJ:/rc/: 0.010508498 0.989491502 0.000000000
QJ:/rc/cr: 0.000002234 0.000002234 0.999995532
QJ:/rc/rr: 0.000000000 0.000315562 0.999684438
QJ:/rrc/: 0.000003316 0.999996684 0.000000000
QJ:/rrc/cr: 0.000001105 0.000001105 0.999997789
QJ:/rrc/rr: 0.000000000 0.500000000 0.500000000
QK:/cc/: 0.448325296 0.551674704 0.000000000
QK:/cc/cr: 0.020240817 0.979718369 0.000040815
QK:/cc/rr: 0.000000000 0.999977341 0.000022659
QK:/crc/: 0.004114664 0.995885336 0.000000000
QK:/crc/cr: 0.000003290 0.557427091 0.442569619
QK:/crc/rr: 0.000000000 0.001280366 0.998719634
QK:/crrc/: 0.977721064 0.022278936 0.000000000
QK:/crrc/cr: 0.001065445 0.559501827 0.439432728
QK:/crrc/rr: 0.000000000 0.000544044 0.999455956
QK:/rc/: 0.439233142 0.560766858 0.000000000
QK:/rc/cr: 0.015358165 0.525940437 0.458701399
QK:/rc/rr: 0.000000000 0.203061719 0.796938281
QK:/rrc/: 0.122836208 0.877163792 0.000000000
QK:/rrc/cr: 0.000001667 0.304601710 0.695396623
QK:/rrc/rr: 0.000000000 0.000270625 0.999729375
QQ:/cc/: 0.442022881 0.557977119 0.000000000
QQ:/cc/cr: 0.999975725 0.000012137 0.000012137
QQ:/cc/rr: 0.000000000 0.999977018 0.000022982
QQ:/crc/: 0.988497883 0.011502117 0.000000000
QQ:/crc/cr: 0.999527353 0.000236323 0.000236323
QQ:/crc/rr: 0.000000000 0.999995875 0.000004125
QQ:/crrc/: 0.114201477 0.885798523 0.000000000
QQ:/crrc/cr: 0.999969778 0.000015111 0.000015111
QQ:/crrc/rr: 0.000000000 0.999824190 0.000175810
QQ:/rc/: 0.493646759 0.506353241 0.000000000
QQ:/rc/cr: 0.999991119 0.000004515 0.000004366
QQ:/rc/rr: 0.000000000 0.999993282 0.000006718
QQ:/rrc/: 0.979522782 0.020477218 0.000000000
QQ:/rrc/cr: 0.999892039 0.000053980 0.000053980
QQ:/rrc/rr: 0.000000000 0.999998307 0.000001693
