J:/: 0.075250375 0.924749625 0.000000000
J:/cr: 0.018461634 0.033556470 0.947981896
J:/rr: 0.000000000 0.999933555 0.000066445
JJ:/cc/: 0.000278714 0.999721286 0.000000000
JJ:/cc/cr: 0.999996394 0.000001803 0.000001803
JJ:/cc/rr: 0.000000000 0.990300330 0.009699670
JJ:/crc/: 0.926257021 0.073742979 0.000000000
JJ:/crc/cr: 0.999514447 0.000242776 0.000242776
JJ:/crc/rr: 0.000000000 0.999971007 0.000028993
JJ:/crrc/: 0.972955614 0.027044386 0.000000000
JJ:/crrc/cr: 0.997593499 0.001203251 0.001203251
JJ:/crrc/rr: 0.000000000 0.999949831 0.000050169
JJ:/rc/: 0.918303493 0.081696507 0.000000000
JJ:/rc/cr: 0.999457791 0.000271104 0.000271104
JJ:/rc/rr: 0.000000000 0.999963822 0.000036178
JJ:/rrc/: 0.999666605 0.000333395 0.000000000
JJ:/rrc/cr: 0.933563063 0.033218468 0.033218468
JJ:/rrc/rr: 0.000000000 0.999983382 0.000016618
JK:/cc/: 0.077278017 0.922721983 0.000000000
JK:/cc/cr: 0.000003593 0.000001953 0.999994454
JK:/cc/rr: 0.000000000 0.000034983 0.999965017
JK:/crc/: 0.080080977 0.919919023 0.000000000
JK:/crc/cr: 0.051232609 0.000019462 0.948747930
JK:/crc/rr: 0.000000000 0.000335343 0.999664657
JK:/crrc/: 0.999902376 0.000097624 0.000000000
JK:/crrc/cr: 0.333333333 0.333333333 0.333333333
JK:/crrc/rr: 0.000000000 0.000048817 0.999951183
JK:/rc/: 0.990221144 0.009778856 0.000000000
JK:/rc/cr: 0.961458440 0.002264916 0.036276644
JK:/rc/rr: 0.000000000 0.000033551 0.999966449
JK:/rrc/: 0.545755914 0.454244086 0.000000000
JK:/rrc/cr: 0.938916561 0.000024381 0.061059058
JK:/rrc/rr: 0.000000000 0.000030439 0.999969561
JQ:/cc/: 0.160804697 0.839195303 0.000000000
JQ:/cc/cr: 0.000004250 0.000002148 0.999993602
JQ:/cc/rr: 0.000000000 0.000016812 0.999983188
JQ:/crc/: 0.993965052 0.006034948 0.000000000
JQ:/crc/cr: 0.008054667 0.002966563 0.988978771
JQ:/crc/rr: 0.000000000 0.000027018 0.999972982
JQ:/crrc/: 0.016319986 0.983680014 0.000000000
JQ:/crrc/cr: 0.144704575 0.000033081 0.855262344
JQ:/crrc/rr: 0.000000000 0.002990919 0.997009081
JQ:/rc/: 0.995025724 0.004974276 0.000000000
JQ:/rc/cr: 0.004452564 0.004452564 0.991094871
JQ:/rc/rr: 0.000000000 0.000033389 0.999966611
JQ:/rrc/: 0.112708427 0.887291573 0.000000000
JQ:/rrc/cr: 0.000012482 0.000012482 0.999975037
JQ:/rrc/rr: 0.000000000 0.000147392 0.999852608
K:/: 0.751581031 0.248418969 0.000000000
K:/cr: 0.709188368 0.290798213 0.000013418
K:/rr: 0.000000000 0.999993347 0.000006653
KJ:/cc/: 0.000051473 0.999948527 0.000000000
KJ:/cc/cr: 0.000048438 0.000009635 0.999941926
KJ:/cc/rr: 0.000000000 0.804486862 0.195513138
KJ:/crc/: 0.000080397 0.999919603 0.000000000
KJ:/crc/cr: 0.000034129 0.999958180 0.000007691
KJ:/crc/rr: 0.000000000 0.856515614 0.143484386
KJ:/crrc/: 0.037749288 0.962250712 0.000000000
KJ:/crrc/cr: 0.009870386 0.986468207 0.003661407
KJ:/crrc/rr: 0.000000000 0.481044281 0.518955719
KJ:/rc/: 0.057880942 0.942119058 0.000000000
KJ:/rc/cr: 0.007938075 0.963321585 0.028740340
KJ:/rc/rr: 0.000000000 0.282747094 0.717252906
KJ:/rrc/: 0.084878426 0.915121574 0.000000000
KJ:/rrc/cr: 0.000041378 0.999845027 0.000113595
KJ:/rrc/rr: 0.000000000 0.495085156 0.504914844
KK:/cc/: 0.999570473 0.000429527 0.000000000
KK:/cc/cr: 0.968760505 0.015619748 0.015619748
KK:/cc/rr: 0.000000000 0.999989932 0.000010068
KK:/crc/: 0.191237387 0.808762613 0.000000000
KK:/crc/cr: 0.999980982 0.000009509 0.000009509
KK:/crc/rr: 0.000000000 0.999939679 0.000060321
KK:/crrc/: 0.983573372 0.016426628 0.000000000
KK:/crrc/cr: 0.999616061 0.000191970 0.000191970
KK:/crrc/rr: 0.000000000 0.999995191 0.000004809
KK:/rc/: 0.830788170 0.169211830 0.000000000
KK:/rc/cr: 0.999973790 0.000013105 0.000013105
KK:/rc/rr: 0.000000000 0.999995996 0.000004004
KK:/rrc/: 0.529834394 0.470165606 0.000000000
KK:/rrc/cr: 0.999995283 0.000002358 0.000002358
KK:/rrc/rr: 0.000000000 0.999996861 0.000003139
KQ:/cc/: 0.000055452 0.999944548 0.000000000
KQ:/cc/cr: 0.000044043 0.464862799 0.535093158
KQ:/cc/rr: 0.000000000 0.818515594 0.181484406
KQ:/crc/: 0.895879147 0.104120853 0.000000000
KQ:/crc/cr: 0.000458148 0.537409070 0.462132782
KQ:/crc/rr: 0.000000000 0.000035469 0.999964531
KQ:/crrc/: 0.016759133 0.983240867 0.000000000
KQ:/crrc/cr: 0.024108255 0.678444979 0.297446766
KQ:/crrc/rr: 0.000000000 0.256783843 0.743216157
KQ:/rc/: 0.000079081 0.999920919 0.000000000
KQ:/rc/cr: 0.000027573 0.483627017 0.516345411
KQ:/rc/rr: 0.000000000 0.344298663 0.655701337
KQ:/rrc/: 0.721336597 0.278663403 0.000000000
KQ:/rrc/cr: 0.038122084 0.818599161 0.143278755
KQ:/rrc/rr: 0.000000000 0.397069011 0.602930989
Q:/: 0.753588891 0.246411109 0.000000000
Q:/cr: 0.172947797 0.826165754 0.000886449
Q:/rr: 0.000000000 0.999993365 0.000006635
QJ:/cc/: 0.000020291 0.999979709 0.000000000
QJ:/cc/cr: 0.000006764 0.000006764 0.999986472
QJ:/cc/rr: 0.000000000 0.500000000 0.500000000
QJ:/crc/: 0.027776456 0.972223544 0.000000000
QJ:/crc/cr: 0.006508066 0.000002807 0.993489127
QJ:/crc/rr: 0.000000000 0.000147372 0.999852628
QJ:/crrc/: 0.032860143 0.967139857 0.000000000
QJ:/crrc/cr: 0.000076366 0.000013479 0.999910155
QJ:/crrc/rr: 0.000000000 0.000595078 0.999404922
QJ:/rc/: 0.009862796 0.990137204 0.000000000
QJ:/rc/cr: 0.000002234 0.000002234 0.999995533
QJ:/rc/rr: 0.000000000 0.000336361 0.999663639
QJ:/rrc/: 0.000003317 0.999996683 0.000000000
QJ:/rrc/cr: 0.000001106 0.000001106 0.999997788
QJ:/rrc/rr: 0.000000000 0.500000000 0.500000000
QK:/cc/: 0.558263018 0.441736982 0.000000000
QK:/cc/cr: 0.043286640 0.956666113 0.000047246
QK:/cc/rr: 0.000000000 0.999981826 0.000018174
QK:/crc/: 0.000008580 0.999991420 0.000000000
QK:/crc/cr: 0.000002824 0.557276313 0.442720862
QK:/crc/rr: 0.000000000 0.522890809 0.477109191
QK:/crrc/: 0.941521494 0.058478506 0.000000000
QK:/crrc/cr: 0.000499875 0.599185626 0.400314499
QK:/crrc/rr: 0.000000000 0.000570450 0.999429550
QK:/rc/: 0.443929973 0.556070027 0.000000000
QK:/rc/cr: 0.010968931 0.523835597 0.465195473
QK:/rc/rr: 0.000000000 0.201717222 0.798282778
QK:/rrc/: 0.118181594 0.881818406 0.000000000
QK:/rrc/cr: 0.000001281 0.300367340 0.699631379
QK:/rrc/rr: 0.000000000 0.000420493 0.999579507
QQ:/cc/: 0.480178155 0.519821845 0.000000000
QQ:/cc/cr: 0.999973977 0.000013012 0.000013012
QQ:/cc/rr: 0.000000000 0.999978871 0.000021129
QQ:/crc/: 0.988044210 0.011955790 0.000000000
QQ:/crc/cr: 0.999543488 0.000228256 0.000228256
QQ:/crc/rr: 0.000000000 0.999995857 0.000004143
QQ:/crrc/: 0.127991192 0.872008808 0.000000000
QQ:/crrc/cr: 0.999970101 0.000014950 0.000014950
QQ:/crrc/rr: 0.000000000 0.999847221 0.000152779
QQ:/rc/: 0.499466592 0.500533408 0.000000000
QQ:/rc/cr: 0.999990747 0.000004834 0.000004419
QQ:/rc/rr: 0.000000000 0.999993358 0.000006642
QQ:/rrc/: 0.976057744 0.023942256 0.000000000
QQ:/rrc/cr: 0.999907626 0.000046187 0.000046187
QQ:/rrc/rr: 0.000000000 0.999998301 0.000001699
