J:/c: 0.294839806 0.705160194 0.000000000
J:/crr: 0.000000000 0.999983042 0.000016958
J:/r: 0.055421790 0.127377314 0.817200896
JJ:/cc/c: 0.999992909 0.000007091 0.000000000
JJ:/cc/crr: 0.000000000 0.999996455 0.000003545
JJ:/cc/r: 0.999982611 0.000012662 0.000004727
JJ:/crc/c: 0.999983042 0.000016958 0.000000000
JJ:/crc/crr: 0.000000000 0.999991521 0.000008479
JJ:/crc/r: 0.999977389 0.000011306 0.000011306
JJ:/crrc/c: 0.999991521 0.000008479 0.000000000
JJ:/crrc/crr: 0.000000000 0.999995760 0.000004240
JJ:/crrc/r: 0.999988694 0.000005653 0.000005653
JJ:/rc/c: 0.999973831 0.000026169 0.000000000
JJ:/rc/crr: 0.000000000 0.999986915 0.000013085
JJ:/rc/r: 0.999962770 0.000019785 0.000017446
JJ:/rrc/c: 0.999939855 0.000060145 0.000000000
JJ:/rrc/crr: 0.000000000 0.999969926 0.000030074
JJ:/rrc/r: 0.999736677 0.000223226 0.000040097
JK:/cc/c: 0.008034762 0.991965238 0.000000000
JK:/cc/crr: 0.000000000 0.036287837 0.963712163
JK:/cc/r: 0.000012012 0.000004727 0.999983261
JK:/crc/c: 0.517336997 0.482663003 0.000000000
JK:/crc/crr: 0.000000000 0.000016390 0.999983610
JK:/crc/r: 0.038271390 0.000011306 0.961717304
JK:/crrc/c: 0.441071817 0.558928183 0.000000000
JK:/crrc/crr: 0.000000000 0.000009612 0.999990388
JK:/crrc/r: 0.171414246 0.000005653 0.828580101
JK:/rc/c: 0.381914480 0.618085520 0.000000000
JK:/rc/crr: 0.000000000 0.000034260 0.999965740
JK:/rc/r: 0.355969442 0.000017446 0.644013112
JK:/rrc/c: 0.999598777 0.000401223 0.000000000
JK:/rrc/crr: 0.000000000 0.000030084 0.999969916
JK:/rrc/r: 0.304337780 0.000040097 0.695622123
JQ:/cc/c: 0.074202495 0.925797505 0.000000000
JQ:/cc/crr: 0.000000000 0.000047779 0.999952221
JQ:/cc/r: 0.034390551 0.000004727 0.965604722
JQ:/crc/c: 0.553374851 0.446625149 0.000000000
JQ:/crc/crr: 0.000000000 0.000015323 0.999984677
JQ:/crc/r: 0.056687626 0.000011306 0.943301068
JQ:/crrc/c: 0.060993175 0.939006825 0.000000000
JQ:/crrc/crr: 0.000000000 0.000069510 0.999930490
JQ:/crrc/r: 0.326997341 0.000005653 0.672997006
JQ:/rc/c: 0.990070735 0.009929265 0.000000000
JQ:/rc/crr: 0.000000000 0.000013216 0.999986784
JQ:/rc/r: 0.000017446 0.000017446 0.999965108
JQ:/rrc/c: 0.006066139 0.993933861 0.000000000
JQ:/rrc/crr: 0.000000000 0.004957421 0.995042579
JQ:/rrc/r: 0.429998474 0.000040097 0.569961430
K:/c: 0.998144372 0.001855628 0.000000000
K:/crr: 0.000000000 0.999994991 0.000005009
K:/r: 0.585072643 0.414920690 0.000006667
KJ:/cc/c: 0.008236143 0.991763857 0.000000000
KJ:/cc/crr: 0.000000000 0.836421869 0.163578131
KJ:/cc/r: 0.009095381 0.003654234 0.987250385
KJ:/crc/c: 0.146396829 0.853603171 0.000000000
KJ:/crc/crr: 0.000000000 0.999982891 0.000017109
KJ:/crc/r: 0.000109543 0.723512762 0.276377695
KJ:/crrc/c: 0.399332762 0.600667238 0.000000000
KJ:/crrc/crr: 0.000000000 0.999996864 0.000003136
KJ:/crrc/r: 0.033069438 0.809084632 0.157845930
KJ:/rc/c: 0.438842857 0.561157143 0.000000000
KJ:/rc/crr: 0.000000000 0.694367767 0.305632233
KJ:/rc/r: 0.042834921 0.736991225 0.220173855
KJ:/rrc/c: 0.101907179 0.898092821 0.000000000
KJ:/rrc/crr: 0.000000000 0.990692374 0.009307626
KJ:/rrc/r: 0.044172728 0.888587232 0.067240041
KK:/cc/c: 0.997305494 0.002694506 0.000000000
KK:/cc/crr: 0.000000000 0.998649107 0.001350893
KK:/cc/r: 0.993287006 0.004916657 0.001796337
KK:/crc/c: 0.999994991 0.000005009 0.000000000
KK:/crc/crr: 0.000000000 0.999997495 0.000002505
KK:/crc/r: 0.857619068 0.142377593 0.000003340
KK:/crrc/c: 0.999997495 0.000002505 0.000000000
KK:/crrc/crr: 0.000000000 0.999998748 0.000001252
KK:/crrc/r: 0.999996660 0.000001670 0.000001670
KK:/rc/c: 0.999991966 0.000008034 0.000000000
KK:/rc/crr: 0.000000000 0.999995983 0.000004017
KK:/rc/r: 0.999979969 0.000014675 0.000005356
KK:/rrc/c: 0.999994303 0.000005697 0.000000000
KK:/rrc/crr: 0.000000000 0.999997151 0.000002849
KK:/rrc/r: 0.999977800 0.000018402 0.000003798
KQ:/cc/c: 0.013846289 0.986153711 0.000000000
KQ:/cc/crr: 0.000000000 0.902699351 0.097300649
KQ:/cc/r: 0.009070364 0.987609444 0.003320192
KQ:/crc/c: 0.141904747 0.858095253 0.000000000
KQ:/crc/crr: 0.000000000 0.709358598 0.290641402
KQ:/crc/r: 0.000083766 0.437731962 0.562184272
KQ:/crrc/c: 0.582452861 0.417547139 0.000000000
KQ:/crrc/crr: 0.000000000 0.381399923 0.618600077
KQ:/crrc/r: 0.010735640 0.585363303 0.403901057
KQ:/rc/c: 0.000389152 0.999610848 0.000000000
KQ:/rc/crr: 0.000000000 0.088298177 0.911701823
KQ:/rc/r: 0.000024927 0.313617328 0.686357746
KQ:/rrc/c: 0.513510051 0.486489949 0.000000000
KQ:/rrc/crr: 0.000000000 0.522551459 0.477448541
KQ:/rrc/r: 0.080945135 0.541489970 0.377564895
Q:/c: 0.842397587 0.157602413 0.000000000
Q:/crr: 0.000000000 0.999994065 0.000005935
Q:/r: 0.369668691 0.630260564 0.000070746
QJ:/cc/c: 0.000457604 0.999542396 0.000000000
QJ:/cc/crr: 0.000000000 0.034664705 0.965335295
QJ:/cc/r: 0.000047107 0.000021150 0.999931743
QJ:/crc/c: 0.432798101 0.567201899 0.000000000
QJ:/crc/crr: 0.000000000 0.120894343 0.879105657
QJ:/crc/r: 0.000033456 0.000003957 0.999962587
QJ:/crrc/c: 0.000125347 0.999874653 0.000000000
QJ:/crrc/crr: 0.000000000 0.011838047 0.988161953
QJ:/crrc/r: 0.023189285 0.000001978 0.976808736
QJ:/rc/c: 0.000081479 0.999918521 0.000000000
QJ:/rc/crr: 0.000000000 0.032455011 0.967544989
QJ:/rc/r: 0.015773279 0.000003526 0.984223195
QJ:/rrc/c: 0.000287208 0.999712792 0.000000000
QJ:/rrc/crr: 0.000000000 0.015697850 0.984302150
QJ:/rrc/r: 0.000087834 0.000009551 0.999902614
QK:/cc/c: 0.046233501 0.953766499 0.000000000
QK:/cc/crr: 0.000000000 0.999656900 0.000343100
QK:/cc/r: 0.000205140 0.721294129 0.278500731
QK:/crc/c: 0.366262578 0.633737422 0.000000000
QK:/crc/crr: 0.000000000 0.018532943 0.981467057
QK:/crc/r: 0.003893755 0.442686001 0.553420244
QK:/crrc/c: 0.184963095 0.815036905 0.000000000
QK:/crrc/crr: 0.000000000 0.001333183 0.998666817
QK:/crrc/r: 0.000070517 0.300468675 0.699460808
QK:/rc/c: 0.363495533 0.636504467 0.000000000
QK:/rc/crr: 0.000000000 0.005026695 0.994973305
QK:/rc/r: 0.000008990 0.305100568 0.694890442
QK:/rrc/c: 0.425620484 0.574379516 0.000000000
QK:/rrc/crr: 0.000000000 0.045641820 0.954358180
QK:/rrc/r: 0.000087681 0.509744517 0.490167802
QQ:/cc/c: 0.999968275 0.000031725 0.000000000
QQ:/cc/crr: 0.000000000 0.999984137 0.000015863
QQ:/cc/r: 0.999921129 0.000057720 0.000021150
QQ:/crc/c: 0.999994065 0.000005935 0.000000000
QQ:/crc/crr: 0.000000000 0.999997032 0.000002968
QQ:/crc/r: 0.835380255 0.164615788 0.000003957
QQ:/crrc/c: 0.999997032 0.000002968 0.000000000
QQ:/crrc/crr: 0.000000000 0.999998516 0.000001484
QQ:/crrc/r: 0.999996043 0.000001978 0.000001978
QQ:/rc/c: 0.999994711 0.000005289 0.000000000
QQ:/rc/crr: 0.000000000 0.999997356 0.000002644
QQ:/rc/r: 0.999992691 0.000003783 0.000003526
QQ:/rrc/c: 0.999990983 0.000009017 0.000000000
QQ:/rrc/crr: 0.000000000 0.999995491 0.000004509
QQ:/rrc/r: 0.999957824 0.000036165 0.000006011
