J:/c: 0.314407098 0.685592902 0.000000000
J:/crr: 0.000000000 0.999984097 0.000015903
J:/r: 0.054698113 0.125603866 0.819698022
JJ:/cc/c: 0.999992707 0.000007293 0.000000000
JJ:/cc/crr: 0.000000000 0.999996353 0.000003647
JJ:/cc/r: 0.999990276 0.000004862 0.000004862
JJ:/crc/c: 0.999984097 0.000015903 0.000000000
JJ:/crc/crr: 0.000000000 0.999992048 0.000007952
JJ:/crc/r: 0.999112087 0.000877311 0.000010602
JJ:/crrc/c: 0.999992048 0.000007952 0.000000000
JJ:/crrc/crr: 0.000000000 0.999996024 0.000003976
JJ:/crrc/r: 0.999975015 0.000019684 0.000005301
JJ:/rc/c: 0.999973462 0.000026538 0.000000000
JJ:/rc/crr: 0.000000000 0.999986730 0.000013270
JJ:/rc/r: 0.999964615 0.000017692 0.000017692
JJ:/rrc/c: 0.999939059 0.000060941 0.000000000
JJ:/rrc/crr: 0.000000000 0.999969528 0.000030472
JJ:/rrc/r: 0.999882107 0.000077266 0.000040627
JK:/cc/c: 0.008504565 0.991495435 0.000000000
JK:/cc/crr: 0.000000000 0.000428767 0.999571233
JK:/cc/r: 0.000004862 0.000004862 0.999990276
JK:/crc/c: 0.523619014 0.476380986 0.000000000
JK:/crc/crr: 0.000000000 0.000015186 0.999984814
JK:/crc/r: 0.041496798 0.000010602 0.958492600
JK:/crrc/c: 0.303228561 0.696771439 0.000000000
JK:/crrc/crr: 0.000000000 0.000013112 0.999986888
JK:/crrc/r: 0.256320356 0.000005301 0.743674343
JK:/rc/c: 0.395395375 0.604604625 0.000000000
JK:/rc/crr: 0.000000000 0.000033559 0.999966441
JK:/rc/r: 0.368648822 0.000017692 0.631333486
JK:/rrc/c: 0.999939059 0.000060941 0.000000000
JK:/rrc/crr: 0.000000000 0.000030472 0.999969528
JK:/rrc/r: 0.325842444 0.000040627 0.674116929
JQ:/cc/c: 0.073097613 0.926902387 0.000000000
JQ:/cc/crr: 0.000000000 0.000049885 0.999950115
JQ:/cc/r: 0.034291239 0.000004862 0.965703899
JQ:/crc/c: 0.564359741 0.435640259 0.000000000
JQ:/crc/crr: 0.000000000 0.000014089 0.999985911
JQ:/crc/r: 0.000052443 0.000010602 0.999936955
JQ:/crrc/c: 0.016934987 0.983065013 0.000000000
JQ:/crrc/crr: 0.000000000 0.000234768 0.999765232
JQ:/crrc/r: 0.227713775 0.000005301 0.772280924
JQ:/rc/c: 0.999581370 0.000418630 0.000000000
JQ:/rc/crr: 0.000000000 0.000013275 0.999986725
JQ:/rc/r: 0.000017692 0.000017692 0.999964615
JQ:/rrc/c: 0.002107541 0.997892459 0.000000000
JQ:/rrc/crr: 0.000000000 0.014457737 0.985542263
JQ:/rrc/r: 0.451525727 0.000040627 0.548433646
K:/c: 0.999908011 0.000091989 0.000000000
K:/crr: 0.000000000 0.999995000 0.000005000
K:/r: 0.582088246 0.417905087 0.000006667
KJ:/cc/c: 0.054354486 0.945645514 0.000000000
KJ:/cc/crr: 0.000000000 0.500000000 0.500000000
KJ:/cc/r: 0.036236324 0.036236324 0.927527352
KJ:/crc/c: 0.119036018 0.880963982 0.000000000
KJ:/crc/crr: 0.000000000 0.999978996 0.000021004
KJ:/crc/r: 0.000018384 0.757042244 0.242939372
KJ:/crrc/c: 0.540411327 0.459588673 0.000000000
KJ:/crrc/crr: 0.000000000 0.999997687 0.000002313
KJ:/crrc/r: 0.129076194 0.870919692 0.000004114
KJ:/rc/c: 0.428791974 0.571208026 0.000000000
KJ:/rc/crr: 0.000000000 0.619570576 0.380429424
KJ:/rc/r: 0.041820451 0.799341756 0.158837794
KJ:/rrc/c: 0.357022999 0.642977001 0.000000000
KJ:/rrc/crr: 0.000000000 0.999991980 0.000008020
KJ:/rrc/r: 0.001064988 0.961580058 0.037354955
KK:/cc/c: 0.945645514 0.054354486 0.000000000
KK:/cc/crr: 0.000000000 0.971260644 0.028739356
KK:/cc/r: 0.927527352 0.036236324 0.036236324
KK:/crc/c: 0.999995000 0.000005000 0.000000000
KK:/crc/crr: 0.000000000 0.999997500 0.000002500
KK:/crc/r: 0.959889068 0.040107598 0.000003334
KK:/crrc/c: 0.999997500 0.000002500 0.000000000
KK:/crrc/crr: 0.000000000 0.999998750 0.000001250
KK:/crrc/r: 0.999955036 0.000043297 0.000001667
KK:/rc/c: 0.999992024 0.000007976 0.000000000
KK:/rc/crr: 0.000000000 0.999996012 0.000003988
KK:/rc/r: 0.999979259 0.000015424 0.000005318
KK:/rrc/c: 0.999994273 0.000005727 0.000000000
KK:/rrc/crr: 0.000000000 0.999997137 0.000002863
KK:/rrc/r: 0.998984715 0.001011468 0.000003818
KQ:/cc/c: 0.054354486 0.945645514 0.000000000
KQ:/cc/crr: 0.000000000 0.500000000 0.500000000
KQ:/cc/r: 0.036236324 0.927527352 0.036236324
KQ:/crc/c: 0.000584577 0.999415423 0.000000000
KQ:/crc/crr: 0.000000000 0.995723007 0.004276993
KQ:/crc/r: 0.000017877 0.426123163 0.573858960
KQ:/crrc/c: 0.665625467 0.334374533 0.000000000
KQ:/crrc/crr: 0.000000000 0.473925684 0.526074316
KQ:/crrc/r: 0.000265593 0.811460264 0.188274143
KQ:/rc/c: 0.000266670 0.999733330 0.000000000
KQ:/rc/crr: 0.000000000 0.014955346 0.985044654
KQ:/rc/r: 0.000013862 0.302174921 0.697811217
KQ:/rrc/c: 0.518693446 0.481306554 0.000000000
KQ:/rrc/crr: 0.000000000 0.505767897 0.494232103
KQ:/rrc/r: 0.072280507 0.558432880 0.369286613
Q:/c: 0.852424658 0.147575342 0.000000000
Q:/crr: 0.000000000 0.999994134 0.000005866
Q:/r: 0.368480832 0.631480956 0.000038211
QJ:/cc/c: 0.000033881 0.999966119 0.000000000
QJ:/cc/crr: 0.000000000 0.500000000 0.500000000
QJ:/cc/r: 0.000022587 0.000022587 0.999954825
QJ:/crc/c: 0.410279198 0.589720802 0.000000000
QJ:/crc/crr: 0.000000000 0.000042954 0.999957046
QJ:/crc/r: 0.000003910 0.000003910 0.999992179
QJ:/crrc/c: 0.000002933 0.999997067 0.000000000
QJ:/crrc/crr: 0.000000000 0.500000000 0.500000000
QJ:/crrc/r: 0.000001955 0.000001955 0.999996090
QJ:/rc/c: 0.000005279 0.999994721 0.000000000
QJ:/rc/crr: 0.000000000 0.500000000 0.500000000
QJ:/rc/r: 0.000009027 0.000003519 0.999987454
QJ:/rrc/c: 0.000046240 0.999953760 0.000000000
QJ:/rrc/crr: 0.000000000 0.097817602 0.902182398
QJ:/rrc/r: 0.000016351 0.000006031 0.999977619
QK:/cc/c: 0.032452311 0.967547689 0.000000000
QK:/cc/crr: 0.000000000 0.999477988 0.000522012
QK:/cc/r: 0.000064799 0.744323842 0.255611359
QK:/crc/c: 0.290749437 0.709250563 0.000000000
QK:/crc/crr: 0.000000000 0.000453094 0.999546906
QK:/crc/r: 0.000044883 0.448042858 0.551912260
QK:/crrc/c: 0.373772213 0.626227787 0.000000000
QK:/crrc/crr: 0.000000000 0.000271194 0.999728806
QK:/crrc/r: 0.000028920 0.293599199 0.706371881
QK:/rc/c: 0.367716690 0.632283310 0.000000000
QK:/rc/crr: 0.000000000 0.004686649 0.995313351
QK:/rc/r: 0.000010862 0.305109839 0.694879300
QK:/rrc/c: 0.435369246 0.564630754 0.000000000
QK:/rrc/crr: 0.000000000 0.067840529 0.932159471
QK:/rrc/r: 0.000066902 0.510137152 0.489795947
QQ:/cc/c: 0.999966119 0.000033881 0.000000000
QQ:/cc/crr: 0.000000000 0.999983059 0.000016941
QQ:/cc/r: 0.999876513 0.000100900 0.000022587
QQ:/crc/c: 0.999994134 0.000005866 0.000000000
QQ:/crc/crr: 0.000000000 0.999997067 0.000002933
QQ:/crc/r: 0.999949585 0.000046505 0.000003910
QQ:/crrc/c: 0.999997067 0.000002933 0.000000000
QQ:/crrc/crr: 0.000000000 0.999998534 0.000001466
QQ:/crrc/r: 0.999948440 0.000049605 0.000001955
QQ:/rc/c: 0.999994721 0.000005279 0.000000000
QQ:/rc/crr: 0.000000000 0.999997361 0.000002639
QQ:/rc/r: 0.999991872 0.000004609 0.000003519
QQ:/rrc/c: 0.999990954 0.000009046 0.000000000
QQ:/rrc/crr: 0.000000000 0.999995477 0.000004523
QQ:/rrc/r: 0.999956283 0.000037687 0.000006031
