J:/: 0.077765623 0.922234377 0.000000000
J:/cr: 0.018186965 0.034473980 0.947339056
J:/rr: 0.000000000 0.999935704 0.000064296
JJ:/cc/: 0.000306562 0.999693438 0.000000000
JJ:/cc/cr: 0.999996384 0.000001808 0.000001808
JJ:/cc/rr: 0.000000000 0.991157378 0.008842622
JJ:/crc/: 0.959516767 0.040483233 0.000000000
JJ:/crc/cr: 0.999136724 0.000431638 0.000431638
JJ:/crc/rr: 0.000000000 0.999972683 0.000027317
JJ:/crrc/: 0.906481783 0.093518217 0.000000000
JJ:/crrc/cr: 0.999291631 0.000354185 0.000354185
JJ:/crrc/rr: 0.000000000 0.999945190 0.000054810
JJ:/rc/: 0.854212858 0.145787142 0.000000000
JJ:/rc/cr: 0.999705983 0.000147008 0.000147008
JJ:/rc/rr: 0.000000000 0.999962365 0.000037635
JJ:/rrc/: 0.997996013 0.002003987 0.000000000
JJ:/rrc/cr: 0.989304671 0.005347665 0.005347665
JJ:/rrc/rr: 0.000000000 0.999983893 0.000016107
JK:/cc/: 0.075423511 0.924576489 0.000000000
JK:/cc/cr: 0.000675212 0.000001955 0.999322834
JK:/cc/rr: 0.000000000 0.000035941 0.999964059
JK:/crc/: 0.070127928 0.929872072 0.000000000
JK:/crc/cr: 0.042506653 0.000018792 0.957474555
JK:/crc/rr: 0.000000000 0.000373762 0.999626238
JK:/crrc/: 0.999817797 0.000182203 0.000000000
JK:/crrc/cr: 0.181790192 0.181790192 0.636419616
JK:/crrc/rr: 0.000000000 0.000049693 0.999950307
JK:/rc/: 0.994925964 0.005074036 0.000000000
JK:/rc/cr: 0.840213686 0.004223841 0.155562473
JK:/rc/rr: 0.000000000 0.000032312 0.999967688
JK:/rrc/: 0.529526512 0.470473488 0.000000000
JK:/rrc/cr: 0.846072616 0.000022778 0.153904606
JK:/rrc/rr: 0.000000000 0.000030357 0.999969643
JQ:/cc/: 0.184717046 0.815282954 0.000000000
JQ:/cc/cr: 0.000008079 0.000002217 0.999989705
JQ:/cc/rr: 0.000000000 0.000014675 0.999985325
JQ:/crc/: 0.988707003 0.011292997 0.000000000
JQ:/crc/cr: 0.318086065 0.001547339 0.680366596
JQ:/crc/rr: 0.000000000 0.000026511 0.999973489
JQ:/crrc/: 0.016305417 0.983694583 0.000000000
JQ:/crrc/cr: 0.101335416 0.000033672 0.898630913
JQ:/crrc/rr: 0.000000000 0.003047090 0.996952910
JQ:/rc/: 0.997099572 0.002900428 0.000000000
JQ:/rc/cr: 0.007389227 0.007389227 0.985221546
JQ:/rc/rr: 0.000000000 0.000032241 0.999967759
JQ:/rrc/: 0.125592330 0.874407670 0.000000000
JQ:/rrc/cr: 0.001308856 0.000012256 0.998678888
JQ:/rrc/rr: 0.000000000 0.000127993 0.999872007
K:/: 0.758156018 0.241843982 0.000000000
K:/cr: 0.694490736 0.305495481 0.000013783
K:/rr: 0.000000000 0.999993405 0.000006595
KJ:/cc/: 0.000058193 0.999941807 0.000000000
KJ:/cc/cr: 0.000049896 0.000008795 0.999941310
KJ:/cc/rr: 0.000000000 0.822361379 0.177638621
KJ:/crc/: 0.000048339 0.999951661 0.000000000
KJ:/crc/cr: 0.000229668 0.999762812 0.000007520
KJ:/crc/rr: 0.000000000 0.766665616 0.233334384
KJ:/crrc/: 0.041703364 0.958296636 0.000000000
KJ:/crrc/cr: 0.002819216 0.991121686 0.006059098
KJ:/crrc/rr: 0.000000000 0.343080653 0.656919347
KJ:/rc/: 0.051061348 0.948938652 0.000000000
KJ:/rc/cr: 0.012679343 0.951433530 0.035887127
KJ:/rc/rr: 0.000000000 0.366971489 0.633028511
KJ:/rrc/: 0.084174413 0.915825587 0.000000000
KJ:/rrc/cr: 0.000555899 0.999079399 0.000364702
KJ:/rrc/rr: 0.000000000 0.540104397 0.459895603
KK:/cc/: 0.995619161 0.004380839 0.000000000
KK:/cc/cr: 0.996853802 0.001573099 0.001573099
KK:/cc/rr: 0.000000000 0.999989617 0.000010383
KK:/crc/: 0.169665342 0.830334658 0.000000000
KK:/crc/cr: 0.999981888 0.000009056 0.000009056
KK:/crc/rr: 0.000000000 0.999933521 0.000066479
KK:/crrc/: 0.978743180 0.021256820 0.000000000
KK:/crrc/cr: 0.999688787 0.000155606 0.000155606
KK:/crrc/rr: 0.000000000 0.999994931 0.000005069
KK:/rc/: 0.838185501 0.161814499 0.000000000
KK:/rc/cr: 0.999971327 0.000015087 0.000013585
KK:/rc/rr: 0.000000000 0.999996066 0.000003934
KK:/rrc/: 0.533891559 0.466108441 0.000000000
KK:/rrc/cr: 0.999995284 0.000002358 0.000002358
KK:/rrc/rr: 0.000000000 0.999996912 0.000003088
KQ:/cc/: 0.000058946 0.999941054 0.000000000
KQ:/cc/cr: 0.000052585 0.451724859 0.548222557
KQ:/cc/rr: 0.000000000 0.824630924 0.175369076
KQ:/crc/: 0.896583329 0.103416671 0.000000000
KQ:/crc/cr: 0.000522549 0.537108193 0.462369258
KQ:/crc/rr: 0.000000000 0.000026177 0.999973823
KQ:/crrc/: 0.024949896 0.975050104 0.000000000
KQ:/crrc/cr: 0.036964048 0.665770469 0.297265483
KQ:/crrc/rr: 0.000000000 0.352128338 0.647871662
KQ:/rc/: 0.000083334 0.999916666 0.000000000
KQ:/rc/cr: 0.000019964 0.486100000 0.513880036
KQ:/rc/rr: 0.000000000 0.960430845 0.039569155
KQ:/rrc/: 0.700034577 0.299965423 0.000000000
KQ:/rrc/cr: 0.028600601 0.857409236 0.113990163
KQ:/rrc/rr: 0.000000000 0.397830254 0.602169746
Q:/: 0.748892354 0.251107646 0.000000000
Q:/cr: 0.170560020 0.828586909 0.000853071
Q:/rr: 0.000000000 0.999993323 0.000006677
QJ:/cc/: 0.000019912 0.999980088 0.000000000
QJ:/cc/cr: 0.000022279 0.000006637 0.999971084
QJ:/cc/rr: 0.000000000 0.500000000 0.500000000
QJ:/crc/: 0.030570053 0.969429947 0.000000000
QJ:/crc/cr: 0.003558643 0.000002754 0.996438603
QJ:/crc/rr: 0.000000000 0.000131016 0.999868984
QJ:/crrc/: 0.025123277 0.974876723 0.000000000
QJ:/crrc/cr: 0.000167682 0.000013306 0.999819012
QJ:/crrc/rr: 0.000000000 0.000774471 0.999225529
QJ:/rc/: 0.010530303 0.989469697 0.000000000
QJ:/rc/cr: 0.000027235 0.000002249 0.999970516
QJ:/rc/rr: 0.000000000 0.000317015 0.999682985
QJ:/rrc/: 0.000003338 0.999996662 0.000000000
QJ:/rrc/cr: 0.000001628 0.000001113 0.999997259
QJ:/rrc/rr: 0.000000000 0.500000000 0.500000000
QK:/cc/: 0.552008391 0.447991609 0.000000000
QK:/cc/cr: 0.015885801 0.984083105 0.000031095
QK:/cc/rr: 0.000000000 0.086486611 0.913513389
QK:/crc/: 0.004026130 0.995973870 0.000000000
QK:/crc/cr: 0.000002681 0.560018132 0.439979187
QK:/crc/rr: 0.000000000 0.000994794 0.999005206
QK:/crrc/: 0.907019257 0.092980743 0.000000000
QK:/crrc/cr: 0.000235740 0.664912273 0.334851987
QK:/crrc/rr: 0.000000000 0.000567059 0.999432941
QK:/rc/: 0.451903200 0.548096800 0.000000000
QK:/rc/cr: 0.019079934 0.526913165 0.454006901
QK:/rc/rr: 0.000000000 0.201698353 0.798301647
QK:/rrc/: 0.125105437 0.874894563 0.000000000
QK:/rrc/cr: 0.000001272 0.304279353 0.695719375
QK:/rrc/rr: 0.000000000 0.000647447 0.999352553
QQ:/cc/: 0.576027929 0.423972071 0.000000000
QQ:/cc/cr: 0.999968690 0.000015655 0.000015655
QQ:/cc/rr: 0.000000000 0.999982716 0.000017284
QQ:/crc/: 0.989833768 0.010166232 0.000000000
QQ:/crc/cr: 0.999474710 0.000262645 0.000262645
QQ:/crc/rr: 0.000000000 0.999995954 0.000004046
QQ:/crrc/: 0.180157774 0.819842226 0.000000000
QQ:/crrc/cr: 0.999968356 0.000015822 0.000015822
QQ:/crrc/rr: 0.000000000 0.999891999 0.000108001
QQ:/rc/: 0.519704244 0.480295756 0.000000000
QQ:/rc/cr: 0.999990733 0.000004634 0.000004634
QQ:/rc/rr: 0.000000000 0.999993577 0.000006423
QQ:/rrc/: 0.977197928 0.022802072 0.000000000
QQ:/rrc/cr: 0.999902398 0.000048801 0.000048801
QQ:/rrc/rr: 0.000000000 0.999998292 0.000001708
