J:/c: 0.313024350 0.686975650 0.000000000
J:/crr: 0.000000000 0.999984027 0.000015973
J:/r: 0.055181785 0.127718018 0.817100197
JJ:/cc/c: 0.999992722 0.000007278 0.000000000
JJ:/cc/crr: 0.000000000 0.999996361 0.000003639
JJ:/cc/r: 0.999990296 0.000004852 0.000004852
JJ:/crc/c: 0.999984027 0.000015973 0.000000000
JJ:/crc/crr: 0.000000000 0.999992013 0.000007987
JJ:/crc/r: 0.999501155 0.000488196 0.000010649
JJ:/crrc/c: 0.999992013 0.000007987 0.000000000
JJ:/crrc/crr: 0.000000000 0.999996007 0.000003993
JJ:/crrc/r: 0.999961042 0.000033633 0.000005324
JJ:/rc/c: 0.999973901 0.000026099 0.000000000
JJ:/rc/crr: 0.000000000 0.999986950 0.000013050
JJ:/rc/r: 0.999947448 0.000035153 0.000017399
JJ:/rrc/c: 0.999939594 0.000060406 0.000000000
JJ:/rrc/crr: 0.000000000 0.999969795 0.000030205
JJ:/rrc/r: 0.999919458 0.000040271 0.000040271
JK:/cc/c: 0.006553804 0.993446196 0.000000000
JK:/cc/crr: 0.000000000 0.000555271 0.999444729
JK:/cc/r: 0.000004852 0.000004852 0.999990296
JK:/crc/c: 0.502454894 0.497545106 0.000000000
JK:/crc/crr: 0.000000000 0.000015895 0.999984105
JK:/crc/r: 0.019130596 0.000010649 0.980858755
JK:/crrc/c: 0.315700863 0.684299137 0.000000000
JK:/crrc/crr: 0.000000000 0.000012649 0.999987351
JK:/crrc/r: 0.277218092 0.000005324 0.722776583
JK:/rc/c: 0.378558340 0.621441660 0.000000000
JK:/rc/crr: 0.000000000 0.000034472 0.999965528
JK:/rc/r: 0.347581377 0.000017399 0.652401224
JK:/rrc/c: 0.999939594 0.000060406 0.000000000
JK:/rrc/crr: 0.000000000 0.000030205 0.999969795
JK:/rrc/r: 0.286258040 0.000040271 0.713701689
JQ:/cc/c: 0.073979820 0.926020180 0.000000000
JQ:/cc/crr: 0.000000000 0.000049191 0.999950809
JQ:/cc/r: 0.037301686 0.000004852 0.962693462
JQ:/crc/c: 0.548372110 0.451627890 0.000000000
JQ:/crc/crr: 0.000000000 0.000014564 0.999985436
JQ:/crc/r: 0.005745141 0.000010649 0.994244210
JQ:/crrc/c: 0.000007987 0.999992013 0.000000000
JQ:/crrc/crr: 0.000000000 0.500000000 0.500000000
JQ:/crrc/r: 0.000059374 0.000005324 0.999935302
JQ:/rc/c: 0.999547923 0.000452077 0.000000000
JQ:/rc/crr: 0.000000000 0.000013055 0.999986945
JQ:/rc/r: 0.000017399 0.000017399 0.999965201
JQ:/rrc/c: 0.002443911 0.997556089 0.000000000
JQ:/rrc/crr: 0.000000000 0.012358553 0.987641447
JQ:/rrc/r: 0.398635617 0.000040271 0.601324112
K:/c: 0.999990000 0.000010000 0.000000000
K:/crr: 0.000000000 0.999995000 0.000005000
K:/r: 0.579164228 0.420829105 0.000006667
KJ:/cc/c: 0.500000000 0.500000000 0.000000000
KJ:/cc/crr: 0.000000000 0.500000000 0.500000000
KJ:/cc/r: 0.333333333 0.333333333 0.333333333
KJ:/crc/c: 0.144926573 0.855073427 0.000000000
KJ:/crc/crr: 0.000000000 0.999982750 0.000017250
KJ:/crc/r: 0.000004331 0.717765614 0.282230055
KJ:/crrc/c: 0.471150335 0.528849665 0.000000000
KJ:/crrc/crr: 0.000000000 0.999997347 0.000002653
KJ:/crrc/r: 0.000006226 0.999990671 0.000003103
KJ:/rc/c: 0.416722658 0.583277342 0.000000000
KJ:/rc/crr: 0.000000000 0.991598818 0.008401182
KJ:/rc/r: 0.000014678 0.890609398 0.109375924
KJ:/rrc/c: 0.445420507 0.554579493 0.000000000
KJ:/rrc/crr: 0.000000000 0.999993539 0.000006461
KJ:/rrc/r: 0.000024462 0.999971701 0.000003837
KK:/cc/c: 0.500000000 0.500000000 0.000000000
KK:/cc/crr: 0.000000000 0.500000000 0.500000000
KK:/cc/r: 0.333333333 0.333333333 0.333333333
KK:/crc/c: 0.999995000 0.000005000 0.000000000
KK:/crc/crr: 0.000000000 0.999997500 0.000002500
KK:/crc/r: 0.990341879 0.009654788 0.000003333
KK:/crrc/c: 0.999997500 0.000002500 0.000000000
KK:/crrc/crr: 0.000000000 0.999998750 0.000001250
KK:/crrc/r: 0.999841168 0.000157165 0.000001667
KK:/rc/c: 0.999992079 0.000007921 0.000000000
KK:/rc/crr: 0.000000000 0.999996040 0.000003960
KK:/rc/r: 0.999971172 0.000023548 0.000005281
KK:/rrc/c: 0.999994245 0.000005755 0.000000000
KK:/rrc/crr: 0.000000000 0.999997122 0.000002878
KK:/rrc/r: 0.998161421 0.001834742 0.000003837
KQ:/cc/c: 0.500000000 0.500000000 0.000000000
KQ:/cc/crr: 0.000000000 0.500000000 0.500000000
KQ:/cc/r: 0.333333333 0.333333333 0.333333333
KQ:/crc/c: 0.000329824 0.999670176 0.000000000
KQ:/crc/crr: 0.000000000 0.992420119 0.007579881
KQ:/crc/r: 0.000011253 0.433809439 0.566179308
KQ:/crrc/c: 0.696285979 0.303714021 0.000000000
KQ:/crrc/crr: 0.000000000 0.479124245 0.520875755
KQ:/crrc/r: 0.000015228 0.966647553 0.033337219
KQ:/rc/c: 0.000007921 0.999992079 0.000000000
KQ:/rc/crr: 0.000000000 0.500000000 0.500000000
KQ:/rc/r: 0.000006375 0.292610296 0.707383329
KQ:/rrc/c: 0.501675984 0.498324016 0.000000000
KQ:/rrc/crr: 0.000000000 0.554164189 0.445835811
KQ:/rrc/r: 0.080652526 0.558835568 0.360511906
Q:/c: 0.853027419 0.146972581 0.000000000
Q:/crr: 0.000000000 0.999994139 0.000005861
Q:/r: 0.363020704 0.636950351 0.000028946
QJ:/cc/c: 0.000034020 0.999965980 0.000000000
QJ:/cc/crr: 0.000000000 0.500000000 0.500000000
QJ:/cc/r: 0.000022680 0.000022680 0.999954640
QJ:/crc/c: 0.411709952 0.588290048 0.000000000
QJ:/crc/crr: 0.000000000 0.000068788 0.999931212
QJ:/crc/r: 0.000003908 0.000003908 0.999992185
QJ:/crrc/c: 0.000002931 0.999997069 0.000000000
QJ:/crrc/crr: 0.000000000 0.500000000 0.500000000
QJ:/crrc/r: 0.000002195 0.000001954 0.999995851
QJ:/rc/c: 0.000005233 0.999994767 0.000000000
QJ:/rc/crr: 0.000000000 0.500000000 0.500000000
QJ:/rc/r: 0.000868179 0.000003489 0.999128332
QJ:/rrc/c: 0.000009182 0.999990818 0.000000000
QJ:/rrc/crr: 0.000000000 0.500000000 0.500000000
QJ:/rrc/r: 0.000006121 0.000006121 0.999987757
QK:/cc/c: 0.022943573 0.977056427 0.000000000
QK:/cc/crr: 0.000000000 0.999258617 0.000741383
QK:/cc/r: 0.000022680 0.742583524 0.257393796
QK:/crc/c: 0.309245848 0.690754152 0.000000000
QK:/crc/crr: 0.000000000 0.000444594 0.999555406
QK:/crc/r: 0.000029118 0.457253231 0.542717652
QK:/crrc/c: 0.283177024 0.716822976 0.000000000
QK:/crrc/crr: 0.000000000 0.000031599 0.999968401
QK:/crrc/r: 0.000029410 0.254446417 0.745524173
QK:/rc/c: 0.371862396 0.628137604 0.000000000
QK:/rc/crr: 0.000000000 0.007505734 0.992494266
QK:/rc/r: 0.000003864 0.324684496 0.675311639
QK:/rrc/c: 0.422892245 0.577107755 0.000000000
QK:/rrc/crr: 0.000000000 0.059421196 0.940578804
QK:/rrc/r: 0.000008652 0.515839784 0.484151564
QQ:/cc/c: 0.999965980 0.000034020 0.000000000
QQ:/cc/crr: 0.000000000 0.999982989 0.000017011
QQ:/cc/r: 0.999945464 0.000031857 0.000022680
QQ:/crc/c: 0.999994139 0.000005861 0.000000000
QQ:/crc/crr: 0.000000000 0.999997069 0.000002931
QQ:/crc/r: 0.999950912 0.000045181 0.000003908
QQ:/crrc/c: 0.999997069 0.000002931 0.000000000
QQ:/crrc/crr: 0.000000000 0.999998535 0.000001465
QQ:/crrc/r: 0.999978918 0.000019128 0.000001954
QQ:/rc/c: 0.999994767 0.000005233 0.000000000
QQ:/rc/crr: 0.000000000 0.999997383 0.000002617
QQ:/rc/r: 0.999991243 0.000005268 0.000003489
QQ:/rrc/c: 0.999990818 0.000009182 0.000000000
QQ:/rrc/crr: 0.000000000 0.999995409 0.000004591
QQ:/rrc/r: 0.999978144 0.000015735 0.000006121
