J:/c: 0.355300975 0.644699025 0.000000000
J:/crr: 0.000000000 0.999985927 0.000014073
J:/r: 0.055287479 0.126793790 0.817918731
JJ:/cc/c: 0.999992244 0.000007756 0.000000000
JJ:/cc/crr: 0.000000000 0.999996122 0.000003878
JJ:/cc/r: 0.999989659 0.000005170 0.000005170
JJ:/crc/c: 0.999985927 0.000014073 0.000000000
JJ:/crc/crr: 0.000000000 0.999992964 0.000007036
JJ:/crc/r: 0.999738024 0.000252594 0.000009382
JJ:/crrc/c: 0.999992964 0.000007036 0.000000000
JJ:/crrc/crr: 0.000000000 0.999996482 0.000003518
JJ:/crrc/r: 0.999960761 0.000034548 0.000004691
JJ:/rc/c: 0.999973711 0.000026289 0.000000000
JJ:/rc/crr: 0.000000000 0.999986855 0.000013145
JJ:/rc/r: 0.999964947 0.000017526 0.000017526
JJ:/rrc/c: 0.999939709 0.000060291 0.000000000
JJ:/rrc/crr: 0.000000000 0.999969853 0.000030147
JJ:/rrc/r: 0.999919612 0.000040194 0.000040194
JK:/cc/c: 0.011164594 0.988835406 0.000000000
JK:/cc/crr: 0.000000000 0.000347328 0.999652672
JK:/cc/r: 0.000005170 0.000005170 0.999989659
JK:/crc/c: 0.472245359 0.527754641 0.000000000
JK:/crc/crr: 0.000000000 0.000014900 0.999985100
JK:/crc/r: 0.000052779 0.000009382 0.999937839
JK:/crrc/c: 0.728933904 0.271066096 0.000000000
JK:/crrc/crr: 0.000000000 0.000004826 0.999995174
JK:/crrc/r: 0.223381248 0.000004691 0.776614061
JK:/rc/c: 0.368776027 0.631223973 0.000000000
JK:/rc/crr: 0.000000000 0.000035644 0.999964356
JK:/rc/r: 0.346821524 0.000017526 0.653160950
JK:/rrc/c: 0.999939709 0.000060291 0.000000000
JK:/rrc/crr: 0.000000000 0.000030147 0.999969853
JK:/rrc/r: 0.259732914 0.000040194 0.740226892
JQ:/cc/c: 0.000007756 0.999992244 0.000000000
JQ:/cc/crr: 0.000000000 0.500000000 0.500000000
JQ:/cc/r: 0.000005170 0.000005170 0.999989659
JQ:/crc/c: 0.453945640 0.546054360 0.000000000
JQ:/crc/crr: 0.000000000 0.000015500 0.999984500
JQ:/crc/r: 0.000043786 0.000009382 0.999946832
JQ:/crrc/c: 0.000007036 0.999992964 0.000000000
JQ:/crrc/crr: 0.000000000 0.500000000 0.500000000
JQ:/crrc/r: 0.000035351 0.000004691 0.999959958
JQ:/rc/c: 0.999973711 0.000026289 0.000000000
JQ:/rc/crr: 0.000000000 0.000013145 0.999986855
JQ:/rc/r: 0.000017526 0.000017526 0.999964947
JQ:/rrc/c: 0.000060291 0.999939709 0.000000000
JQ:/rrc/crr: 0.000000000 0.500000000 0.500000000
JQ:/rrc/r: 0.509028382 0.000040194 0.490931424
K:/c: 0.999990000 0.000010000 0.000000000
K:/crr: 0.000000000 0.999995000 0.000005000
K:/r: 0.578652756 0.421340577 0.000006667
KJ:/cc/c: 0.500000000 0.500000000 0.000000000
KJ:/cc/crr: 0.000000000 0.500000000 0.500000000
KJ:/cc/r: 0.333333333 0.333333333 0.333333333
KJ:/crc/c: 0.118347238 0.881652762 0.000000000
KJ:/crc/crr: 0.000000000 0.999978876 0.000021124
KJ:/crc/r: 0.000003333 0.724694802 0.275301865
KJ:/crrc/c: 0.412501425 0.587498575 0.000000000
KJ:/crrc/crr: 0.000000000 0.999996970 0.000003030
KJ:/crrc/r: 0.000014689 0.999972141 0.000013170
KJ:/rc/c: 0.418148094 0.581851906 0.000000000
KJ:/rc/crr: 0.000000000 0.995629387 0.004370613
KJ:/rc/r: 0.000014211 0.999965479 0.000020309
KJ:/rrc/c: 0.327905575 0.672094425 0.000000000
KJ:/rrc/crr: 0.000000000 0.999991216 0.000008784
KJ:/rrc/r: 0.000015807 0.999980353 0.000003840
KK:/cc/c: 0.500000000 0.500000000 0.000000000
KK:/cc/crr: 0.000000000 0.500000000 0.500000000
KK:/cc/r: 0.333333333 0.333333333 0.333333333
KK:/crc/c: 0.999995000 0.000005000 0.000000000
KK:/crc/crr: 0.000000000 0.999997500 0.000002500
KK:/crc/r: 0.995340834 0.004655832 0.000003333
KK:/crrc/c: 0.999997500 0.000002500 0.000000000
KK:/crrc/crr: 0.000000000 0.999998750 0.000001250
KK:/crrc/r: 0.999765419 0.000232914 0.000001667
KK:/rc/c: 0.999992089 0.000007911 0.000000000
KK:/rc/crr: 0.000000000 0.999996044 0.000003956
KK:/rc/r: 0.999966334 0.000028392 0.000005274
KK:/rrc/c: 0.999994239 0.000005761 0.000000000
KK:/rrc/crr: 0.000000000 0.999997120 0.000002880
KK:/rrc/r: 0.996073525 0.003922634 0.000003840
KQ:/cc/c: 0.500000000 0.500000000 0.000000000
KQ:/cc/crr: 0.000000000 0.500000000 0.500000000
KQ:/cc/r: 0.333333333 0.333333333 0.333333333
KQ:/crc/c: 0.000125402 0.999874598 0.000000000
KQ:/crc/crr: 0.000000000 0.980063967 0.019936033
KQ:/crc/r: 0.000005269 0.445190763 0.554803967
KQ:/crrc/c: 0.678362308 0.321637692 0.000000000
KQ:/crrc/crr: 0.000000000 0.453907186 0.546092814
KQ:/crrc/r: 0.000010855 0.964757141 0.035232004
KQ:/rc/c: 0.000007911 0.999992089 0.000000000
KQ:/rc/crr: 0.000000000 0.500000000 0.500000000
KQ:/rc/r: 0.000005274 0.299491214 0.700503512
KQ:/rrc/c: 0.495272965 0.504727035 0.000000000
KQ:/rrc/crr: 0.000000000 0.610737223 0.389262777
KQ:/rrc/r: 0.036341395 0.629476783 0.334181822
Q:/c: 0.839097987 0.160902013 0.000000000
Q:/crr: 0.000000000 0.999994041 0.000005959
Q:/r: 0.363204128 0.636760588 0.000035284
QJ:/cc/c: 0.000031075 0.999968925 0.000000000
QJ:/cc/crr: 0.000000000 0.500000000 0.500000000
QJ:/cc/r: 0.000020717 0.000020717 0.999958567
QJ:/crc/c: 0.441195634 0.558804366 0.000000000
QJ:/crc/crr: 0.000000000 0.000073134 0.999926866
QJ:/crc/r: 0.000003973 0.000003973 0.999992055
QJ:/crrc/c: 0.000002979 0.999997021 0.000000000
QJ:/crrc/crr: 0.000000000 0.500000000 0.500000000
QJ:/crrc/r: 0.000001986 0.000001986 0.999996027
QJ:/rc/c: 0.000005235 0.999994765 0.000000000
QJ:/rc/crr: 0.000000000 0.500000000 0.500000000
QJ:/rc/r: 0.000008909 0.000003490 0.999987602
QJ:/rrc/c: 0.000009178 0.999990822 0.000000000
QJ:/rrc/crr: 0.000000000 0.500000000 0.500000000
QJ:/rrc/r: 0.000006118 0.000006118 0.999987763
QK:/cc/c: 0.136288142 0.863711858 0.000000000
QK:/cc/crr: 0.000000000 0.999885996 0.000114004
QK:/cc/r: 0.000020717 0.689097587 0.310881697
QK:/crc/c: 0.263881409 0.736118591 0.000000000
QK:/crc/crr: 0.000000000 0.000287343 0.999712657
QK:/crc/r: 0.000009828 0.461416234 0.538573939
QK:/crrc/c: 0.000175610 0.999824390 0.000000000
QK:/crrc/crr: 0.000000000 0.008483036 0.991516964
QK:/crrc/r: 0.000014357 0.266472612 0.733513031
QK:/rc/c: 0.380522914 0.619477086 0.000000000
QK:/rc/crr: 0.000000000 0.014010138 0.985989862
QK:/rc/r: 0.000003490 0.320100266 0.679896244
QK:/rrc/c: 0.419322162 0.580677838 0.000000000
QK:/rrc/crr: 0.000000000 0.046180969 0.953819031
QK:/rrc/r: 0.000006118 0.530152068 0.469841813
QQ:/cc/c: 0.999968925 0.000031075 0.000000000
QQ:/cc/crr: 0.000000000 0.999984462 0.000015538
QQ:/cc/r: 0.998464717 0.001514566 0.000020717
QQ:/crc/c: 0.999994041 0.000005959 0.000000000
QQ:/crc/crr: 0.000000000 0.999997021 0.000002979
QQ:/crc/r: 0.996751674 0.003244353 0.000003973
QQ:/crrc/c: 0.999997021 0.000002979 0.000000000
QQ:/crrc/crr: 0.000000000 0.999998510 0.000001490
QQ:/crrc/r: 0.999978159 0.000019855 0.000001986
QQ:/rc/c: 0.999994765 0.000005235 0.000000000
QQ:/rc/crr: 0.000000000 0.999997383 0.000002617
QQ:/rc/r: 0.999969340 0.000027170 0.000003490
QQ:/rrc/c: 0.999990822 0.000009178 0.000000000
QQ:/rrc/crr: 0.000000000 0.999995411 0.000004589
QQ:/rrc/r: 0.999984782 0.000009100 0.000006118
