J:/c: 0.335754607 0.664245393 0.000000000
J:/crr: 0.000000000 0.999985108 0.000014892
J:/r: 0.044768897 0.123202638 0.832028465
JJ:/cc/c: 0.999992473 0.000007527 0.000000000
JJ:/cc/crr: 0.000000000 0.999996236 0.000003764
JJ:/cc/r: 0.999989964 0.000005018 0.000005018
JJ:/crc/c: 0.999985108 0.000014892 0.000000000
JJ:/crc/crr: 0.000000000 0.999992554 0.000007446
JJ:/crc/r: 0.999954616 0.000035456 0.000009928
JJ:/crrc/c: 0.999992554 0.000007446 0.000000000
JJ:/crrc/crr: 0.000000000 0.999996277 0.000003723
JJ:/crrc/r: 0.999970411 0.000024625 0.000004964
JJ:/rc/c: 0.999972944 0.000027056 0.000000000
JJ:/rc/crr: 0.000000000 0.999986472 0.000013528
JJ:/rc/r: 0.999963926 0.000018037 0.000018037
JJ:/rrc/c: 0.999925544 0.000074456 0.000000000
JJ:/rrc/crr: 0.000000000 0.999962769 0.000037231
JJ:/rrc/r: 0.999900725 0.000049638 0.000049638
JK:/cc/c: 0.000007527 0.999992473 0.000000000
JK:/cc/crr: 0.000000000 0.500000000 0.500000000
JK:/cc/r: 0.000005018 0.000005018 0.999989964
JK:/crc/c: 0.447751369 0.552248631 0.000000000
JK:/crc/crr: 0.000000000 0.000016630 0.999983370
JK:/crc/r: 0.006267400 0.000009928 0.993722672
JK:/crrc/c: 0.259698150 0.740301850 0.000000000
JK:/crrc/crr: 0.000000000 0.000014336 0.999985664
JK:/crrc/r: 0.236533009 0.000004964 0.763462027
JK:/rc/c: 0.399234595 0.600765405 0.000000000
JK:/rc/crr: 0.000000000 0.000033884 0.999966116
JK:/rc/r: 0.345215068 0.000018037 0.654766895
JK:/rrc/c: 0.999925544 0.000074456 0.000000000
JK:/rrc/crr: 0.000000000 0.000037231 0.999962769
JK:/rrc/r: 0.615101151 0.000049638 0.384849211
JQ:/cc/c: 0.000069284 0.999930716 0.000000000
JQ:/cc/crr: 0.000000000 0.054322413 0.945677587
JQ:/cc/r: 0.000005018 0.000005018 0.999989964
JQ:/crc/c: 0.516889257 0.483110743 0.000000000
JQ:/crc/crr: 0.000000000 0.000014405 0.999985595
JQ:/crc/r: 0.000038184 0.000009928 0.999951888
JQ:/crrc/c: 0.000431495 0.999568505 0.000000000
JQ:/crrc/crr: 0.000000000 0.008628167 0.991371833
JQ:/crrc/r: 0.000013189 0.000004964 0.999981847
JQ:/rc/c: 0.999972944 0.000027056 0.000000000
JQ:/rc/crr: 0.000000000 0.000013528 0.999986472
JQ:/rc/r: 0.000018037 0.000018037 0.999963926
JQ:/rrc/c: 0.000074456 0.999925544 0.000000000
JQ:/rrc/crr: 0.000000000 0.500000000 0.500000000
JQ:/rrc/r: 0.778094541 0.000049638 0.221855822
K:/c: 0.999990000 0.000010000 0.000000000
K:/crr: 0.000000000 0.999995000 0.000005000
K:/r: 0.585853934 0.414139399 0.000006667
KJ:/cc/c: 0.500000000 0.500000000 0.000000000
KJ:/cc/crr: 0.000000000 0.500000000 0.500000000
KJ:/cc/r: 0.333333333 0.333333333 0.333333333
KJ:/crc/c: 0.062740069 0.937259931 0.000000000
KJ:/crc/crr: 0.000000000 0.999960153 0.000039847
KJ:/crc/r: 0.000003333 0.722472348 0.277524319
KJ:/crrc/c: 0.500702936 0.499297064 0.000000000
KJ:/crrc/crr: 0.000000000 0.999997503 0.000002497
KJ:/crrc/r: 0.000612161 0.999374572 0.000013267
KJ:/rc/c: 0.396108163 0.603891837 0.000000000
KJ:/rc/crr: 0.000000000 0.573752031 0.426247969
KJ:/rc/r: 0.000235013 0.835156906 0.164608081
KJ:/rrc/c: 0.060907362 0.939092638 0.000000000
KJ:/rrc/crr: 0.000000000 0.999953292 0.000046708
KJ:/rrc/r: 0.000027865 0.996010029 0.003962106
KK:/cc/c: 0.500000000 0.500000000 0.000000000
KK:/cc/crr: 0.000000000 0.500000000 0.500000000
KK:/cc/r: 0.333333333 0.333333333 0.333333333
KK:/crc/c: 0.999995000 0.000005000 0.000000000
KK:/crc/crr: 0.000000000 0.999997500 0.000002500
KK:/crc/r: 0.995721090 0.004275577 0.000003333
KK:/crrc/c: 0.999997500 0.000002500 0.000000000
KK:/crrc/crr: 0.000000000 0.999998750 0.000001250
KK:/crrc/r: 0.999270019 0.000728315 0.000001667
KK:/rc/c: 0.999991951 0.000008049 0.000000000
KK:/rc/crr: 0.000000000 0.999995976 0.000004024
KK:/rc/r: 0.999967057 0.000027577 0.000005366
KK:/rrc/c: 0.999994310 0.000005690 0.000000000
KK:/rrc/crr: 0.000000000 0.999997155 0.000002845
KK:/rrc/r: 0.998474793 0.001521414 0.000003793
KQ:/cc/c: 0.500000000 0.500000000 0.000000000
KQ:/cc/crr: 0.000000000 0.500000000 0.500000000
KQ:/cc/r: 0.333333333 0.333333333 0.333333333
KQ:/crc/c: 0.000218652 0.999781348 0.000000000
KQ:/crc/crr: 0.000000000 0.011433801 0.988566199
KQ:/crc/r: 0.000003649 0.444592202 0.555404149
KQ:/crrc/c: 0.683585829 0.316414171 0.000000000
KQ:/crrc/crr: 0.000000000 0.470301846 0.529698154
KQ:/crrc/r: 0.000010803 0.899741763 0.100247434
KQ:/rc/c: 0.000008049 0.999991951 0.000000000
KQ:/rc/crr: 0.000000000 0.500000000 0.500000000
KQ:/rc/r: 0.000005366 0.302912136 0.697082498
KQ:/rrc/c: 0.531178271 0.468821729 0.000000000
KQ:/rrc/crr: 0.000000000 0.456475915 0.543524085
KQ:/rrc/r: 0.000255640 0.659978642 0.339765718
Q:/c: 0.836532379 0.163467621 0.000000000
Q:/crr: 0.000000000 0.999994023 0.000005977
Q:/r: 0.383211622 0.616753495 0.000034883
QJ:/cc/c: 0.000030587 0.999969413 0.000000000
QJ:/cc/crr: 0.000000000 0.500000000 0.500000000
QJ:/cc/r: 0.000020391 0.000020391 0.999959217
QJ:/crc/c: 0.381476154 0.618523846 0.000000000
QJ:/crc/crr: 0.000000000 0.000062422 0.999937578
QJ:/crc/r: 0.000003985 0.000003985 0.999992031
QJ:/crrc/c: 0.000002989 0.999997011 0.000000000
QJ:/crrc/crr: 0.000000000 0.500000000 0.500000000
QJ:/crrc/r: 0.000001992 0.000001992 0.999996015
QJ:/rc/c: 0.000005405 0.999994595 0.000000000
QJ:/rc/crr: 0.000000000 0.500000000 0.500000000
QJ:/rc/r: 0.000004196 0.000003603 0.999992201
QJ:/rrc/c: 0.000008698 0.999991302 0.000000000
QJ:/rrc/crr: 0.000000000 0.500000000 0.500000000
QJ:/rrc/r: 0.000005799 0.000005799 0.999988402
QK:/cc/c: 0.000979152 0.999020848 0.000000000
QK:/cc/crr: 0.000000000 0.984380827 0.015619173
QK:/cc/r: 0.000020391 0.999795792 0.000183816
QK:/crc/c: 0.391219480 0.608780520 0.000000000
QK:/crc/crr: 0.000000000 0.000007639 0.999992361
QK:/crc/r: 0.000013772 0.479976767 0.520009461
QK:/crrc/c: 0.356832667 0.643167333 0.000000000
QK:/crrc/crr: 0.000000000 0.000004188 0.999995812
QK:/crrc/r: 0.000015671 0.287035853 0.712948476
QK:/rc/c: 0.378089760 0.621910240 0.000000000
QK:/rc/crr: 0.000000000 0.000306147 0.999693853
QK:/rc/r: 0.000003603 0.319051942 0.680944455
QK:/rrc/c: 0.478239829 0.521760171 0.000000000
QK:/rrc/crr: 0.000000000 0.000146356 0.999853644
QK:/rrc/r: 0.000005799 0.446847265 0.553146936
QQ:/cc/c: 0.999969413 0.000030587 0.000000000
QQ:/cc/crr: 0.000000000 0.999984706 0.000015294
QQ:/cc/r: 0.999702778 0.000276830 0.000020391
QQ:/crc/c: 0.999994023 0.000005977 0.000000000
QQ:/crc/crr: 0.000000000 0.999997011 0.000002989
QQ:/crc/r: 0.982146768 0.017849248 0.000003985
QQ:/crrc/c: 0.999997011 0.000002989 0.000000000
QQ:/crrc/crr: 0.000000000 0.999998506 0.000001494
QQ:/crrc/r: 0.999980248 0.000017760 0.000001992
QQ:/rc/c: 0.999994595 0.000005405 0.000000000
QQ:/rc/crr: 0.000000000 0.999997298 0.000002702
QQ:/rc/r: 0.999956714 0.000039683 0.000003603
QQ:/rrc/c: 0.999991302 0.000008698 0.000000000
QQ:/rrc/crr: 0.000000000 0.999995651 0.000004349
QQ:/rrc/r: 0.999987527 0.000006674 0.000005799
