J:/c: 0.288965976 0.711034024 0.000000000
J:/crr: 0.000000000 0.999982697 0.000017303
J:/r: 0.054188928 0.129412187 0.816398885
JJ:/cc/c: 0.999992968 0.000007032 0.000000000
JJ:/cc/crr: 0.000000000 0.999996484 0.000003516
JJ:/cc/r: 0.999986853 0.000008459 0.000004688
JJ:/crc/c: 0.999982697 0.000017303 0.000000000
JJ:/crc/crr: 0.000000000 0.999991348 0.000008652
JJ:/crc/r: 0.999968845 0.000019620 0.000011535
JJ:/crrc/c: 0.999991348 0.000008652 0.000000000
JJ:/crrc/crr: 0.000000000 0.999995674 0.000004326
JJ:/crrc/r: 0.999988464 0.000005768 0.000005768
JJ:/rc/c: 0.999974243 0.000025757 0.000000000
JJ:/rc/crr: 0.000000000 0.999987121 0.000012879
JJ:/rc/r: 0.999944606 0.000038222 0.000017172
JJ:/rrc/c: 0.999938487 0.000061513 0.000000000
JJ:/rrc/crr: 0.000000000 0.999969242 0.000030758
JJ:/rrc/r: 0.999759453 0.000199538 0.000041009
JK:/cc/c: 0.005434671 0.994565329 0.000000000
JK:/cc/crr: 0.000000000 0.000646958 0.999353042
JK:/cc/r: 0.000011424 0.000004688 0.999983888
JK:/crc/c: 0.553216362 0.446783638 0.000000000
JK:/crc/crr: 0.000000000 0.000015639 0.999984361
JK:/crc/r: 0.061901074 0.000011535 0.938087391
JK:/crrc/c: 0.406039119 0.593960881 0.000000000
JK:/crrc/crr: 0.000000000 0.000010654 0.999989346
JK:/crrc/r: 0.207385328 0.000005768 0.792608904
JK:/rc/c: 0.392130855 0.607869145 0.000000000
JK:/rc/crr: 0.000000000 0.000032843 0.999967157
JK:/rc/r: 0.360060021 0.000017172 0.639922807
JK:/rrc/c: 0.999814970 0.000185030 0.000000000
JK:/rrc/crr: 0.000000000 0.000030762 0.999969238
JK:/rrc/r: 0.311172007 0.000041009 0.688786984
JQ:/cc/c: 0.069652138 0.930347862 0.000000000
JQ:/cc/crr: 0.000000000 0.000050480 0.999949520
JQ:/cc/r: 0.041994412 0.000004688 0.958000900
JQ:/crc/c: 0.491307288 0.508692712 0.000000000
JQ:/crc/crr: 0.000000000 0.000017609 0.999982391
JQ:/crc/r: 0.078148607 0.000011535 0.921839857
JQ:/crrc/c: 0.043750609 0.956249391 0.000000000
JQ:/crrc/crr: 0.000000000 0.000098875 0.999901125
JQ:/crrc/r: 0.265336048 0.000005768 0.734658184
JQ:/rc/c: 0.990046564 0.009953436 0.000000000
JQ:/rc/crr: 0.000000000 0.000013008 0.999986992
JQ:/rc/r: 0.000033997 0.000017172 0.999948832
JQ:/rrc/c: 0.001427252 0.998572748 0.000000000
JQ:/rrc/crr: 0.000000000 0.021549520 0.978450480
JQ:/rrc/r: 0.444436330 0.000041009 0.555522661
K:/c: 0.999969457 0.000030543 0.000000000
K:/crr: 0.000000000 0.999995000 0.000005000
K:/r: 0.579757015 0.420236318 0.000006667
KJ:/cc/c: 0.385072860 0.614927140 0.000000000
KJ:/cc/crr: 0.000000000 0.787436355 0.212563645
KJ:/cc/r: 0.533796006 0.226018742 0.240185252
KJ:/crc/c: 0.184919248 0.815080752 0.000000000
KJ:/crc/crr: 0.000000000 0.999986480 0.000013520
KJ:/crc/r: 0.000065224 0.741962497 0.257972278
KJ:/crrc/c: 0.377884547 0.622115453 0.000000000
KJ:/crrc/crr: 0.000000000 0.999996692 0.000003308
KJ:/crrc/r: 0.055006970 0.820166457 0.124826573
KJ:/rc/c: 0.448151709 0.551848291 0.000000000
KJ:/rc/crr: 0.000000000 0.895599122 0.104400878
KJ:/rc/r: 0.030095635 0.730077227 0.239827138
KJ:/rrc/c: 0.150583766 0.849416234 0.000000000
KJ:/rrc/crr: 0.000000000 0.999980909 0.000019091
KJ:/rrc/r: 0.042923162 0.891877087 0.065199751
KK:/cc/c: 0.836295018 0.163704982 0.000000000
KK:/cc/crr: 0.000000000 0.902124861 0.097875139
KK:/cc/r: 0.586954671 0.303908675 0.109136654
KK:/crc/c: 0.999995000 0.000005000 0.000000000
KK:/crc/crr: 0.000000000 0.999997500 0.000002500
KK:/crc/r: 0.875059832 0.124936834 0.000003333
KK:/crrc/c: 0.999997500 0.000002500 0.000000000
KK:/crrc/crr: 0.000000000 0.999998750 0.000001250
KK:/crrc/r: 0.999985214 0.000013119 0.000001667
KK:/rc/c: 0.999992068 0.000007932 0.000000000
KK:/rc/crr: 0.000000000 0.999996034 0.000003966
KK:/rc/r: 0.999978598 0.000016114 0.000005288
KK:/rrc/c: 0.999994250 0.000005750 0.000000000
KK:/rrc/crr: 0.000000000 0.999997125 0.000002875
KK:/rrc/r: 0.999779074 0.000217093 0.000003833
KQ:/cc/c: 0.836295018 0.163704982 0.000000000
KQ:/cc/crr: 0.000000000 0.902124861 0.097875139
KQ:/cc/r: 0.519457579 0.342806166 0.137736255
KQ:/crc/c: 0.152631226 0.847368774 0.000000000
KQ:/crc/crr: 0.000000000 0.069280061 0.930719939
KQ:/crc/r: 0.000038250 0.435593602 0.564368148
KQ:/crrc/c: 0.618303566 0.381696434 0.000000000
KQ:/crrc/crr: 0.000000000 0.431312506 0.568687494
KQ:/crrc/r: 0.000524227 0.659923873 0.339551900
KQ:/rc/c: 0.001092021 0.998907979 0.000000000
KQ:/rc/crr: 0.000000000 0.020272233 0.979727767
KQ:/rc/r: 0.000024832 0.307473400 0.692501767
KQ:/rrc/c: 0.527613030 0.472386970 0.000000000
KQ:/rrc/crr: 0.000000000 0.473537769 0.526462231
KQ:/rrc/r: 0.073639709 0.553416929 0.372943362
Q:/c: 0.851147399 0.148852601 0.000000000
Q:/crr: 0.000000000 0.999994126 0.000005874
Q:/r: 0.360314517 0.639504854 0.000180629
QJ:/cc/c: 0.000368068 0.999631932 0.000000000
QJ:/cc/crr: 0.000000000 0.045630503 0.954369497
QJ:/cc/r: 0.000027218 0.000022394 0.999950388
QJ:/crc/c: 0.461477347 0.538522653 0.000000000
QJ:/crc/crr: 0.000000000 0.043362806 0.956637194
QJ:/crc/r: 0.000044518 0.000003916 0.999951566
QJ:/crrc/c: 0.000002937 0.999997063 0.000000000
QJ:/crrc/crr: 0.000000000 0.500000000 0.500000000
QJ:/crrc/r: 0.031179264 0.000001958 0.968818778
QJ:/rc/c: 0.000112934 0.999887066 0.000000000
QJ:/rc/crr: 0.000000000 0.023076975 0.976923025
QJ:/rc/r: 0.020232905 0.000003475 0.979763621
QJ:/rrc/c: 0.000194310 0.999805690 0.000000000
QJ:/rrc/crr: 0.000000000 0.035160597 0.964839403
QJ:/rrc/r: 0.000081214 0.000006167 0.999912618
QK:/cc/c: 0.010746296 0.989253704 0.000000000
QK:/cc/crr: 0.000000000 0.998437123 0.001562877
QK:/cc/r: 0.000171341 0.740888762 0.258939897
QK:/crc/c: 0.309515944 0.690484056 0.000000000
QK:/crc/crr: 0.000000000 0.008010580 0.991989420
QK:/crc/r: 0.000135076 0.463536057 0.536328867
QK:/crrc/c: 0.070778267 0.929221733 0.000000000
QK:/crrc/crr: 0.000000000 0.004779155 0.995220845
QK:/crrc/r: 0.000020295 0.291136641 0.708843065
QK:/rc/c: 0.359489193 0.640510807 0.000000000
QK:/rc/crr: 0.000000000 0.005755105 0.994244895
QK:/rc/r: 0.000008057 0.304617376 0.695374567
QK:/rrc/c: 0.429882826 0.570117174 0.000000000
QK:/rrc/crr: 0.000000000 0.059754487 0.940245513
QK:/rrc/r: 0.000077633 0.506731994 0.493190373
QQ:/cc/c: 0.999966410 0.000033590 0.000000000
QQ:/cc/crr: 0.000000000 0.999983204 0.000016796
QQ:/cc/r: 0.999914333 0.000063273 0.000022394
QQ:/crc/c: 0.999994126 0.000005874 0.000000000
QQ:/crc/crr: 0.000000000 0.999997063 0.000002937
QQ:/crc/r: 0.912489024 0.087507059 0.000003916
QQ:/crrc/c: 0.999997063 0.000002937 0.000000000
QQ:/crrc/crr: 0.000000000 0.999998531 0.000001469
QQ:/crrc/r: 0.999972471 0.000025570 0.000001958
QQ:/rc/c: 0.999994788 0.000005212 0.000000000
QQ:/rc/crr: 0.000000000 0.999997394 0.000002606
QQ:/rc/r: 0.879791349 0.120205176 0.000003475
QQ:/rrc/c: 0.999990749 0.000009251 0.000000000
QQ:/rrc/crr: 0.000000000 0.999995374 0.000004626
QQ:/rrc/r: 0.999959806 0.000034026 0.000006167
