J:/: 0.072150258 0.927849742 0.000000000
J:/cr: 0.018871752 0.032586815 0.948541434
J:/rr: 0.000000000 0.999930700 0.000069300
JJ:/cc/: 0.000128036 0.999871964 0.000000000
JJ:/cc/cr: 0.999993717 0.000004486 0.000001796
JJ:/cc/rr: 0.000000000 0.978955957 0.021044043
JJ:/crc/: 0.783905272 0.216094728 0.000000000
JJ:/crc/cr: 0.999829943 0.000085028 0.000085028
JJ:/crc/rr: 0.000000000 0.999964841 0.000035159
JJ:/crrc/: 0.994474511 0.005525489 0.000000000
JJ:/crrc/cr: 0.988515901 0.005742050 0.005742050
JJ:/crrc/rr: 0.000000000 0.999952144 0.000047856
JJ:/rc/: 0.926571381 0.073428619 0.000000000
JJ:/rc/cr: 0.999370819 0.000314590 0.000314590
JJ:/rc/rr: 0.000000000 0.999962604 0.000037396
JJ:/rrc/: 0.999965348 0.000034652 0.000000000
JJ:/rrc/cr: 0.333333333 0.333333333 0.333333333
JJ:/rrc/rr: 0.000000000 0.999982673 0.000017327
JK:/cc/: 0.081679085 0.918320915 0.000000000
JK:/cc/cr: 0.000001956 0.000001956 0.999996088
JK:/cc/rr: 0.000000000 0.000032988 0.999967012
JK:/crc/: 0.025313601 0.974686399 0.000000000
JK:/crc/cr: 0.009696195 0.000018851 0.990284953
JK:/crc/rr: 0.000000000 0.001088793 0.998911207
JK:/crrc/: 0.999904817 0.000095183 0.000000000
JK:/crrc/cr: 0.333333333 0.333333333 0.333333333
JK:/crrc/rr: 0.000000000 0.000047596 0.999952404
JK:/rc/: 0.999930700 0.000069300 0.000000000
JK:/rc/cr: 0.333333333 0.333333333 0.333333333
JK:/rc/rr: 0.000000000 0.000034652 0.999965348
JK:/rrc/: 0.535038433 0.464961567 0.000000000
JK:/rrc/cr: 0.949642451 0.000024842 0.050332706
JK:/rrc/rr: 0.000000000 0.000032383 0.999967617
JQ:/cc/: 0.159267451 0.840732549 0.000000000
JQ:/cc/cr: 0.000002137 0.000002137 0.999995727
JQ:/cc/rr: 0.000000000 0.000016917 0.999983083
JQ:/crc/: 0.997584375 0.002415625 0.000000000
JQ:/crc/cr: 0.007606387 0.007606387 0.984787227
JQ:/crc/rr: 0.000000000 0.000027628 0.999972372
JQ:/crrc/: 0.003643874 0.996356126 0.000000000
JQ:/crrc/cr: 0.207310316 0.000031844 0.792657840
JQ:/crrc/rr: 0.000000000 0.013060673 0.986939327
JQ:/rc/: 0.999930700 0.000069300 0.000000000
JQ:/rc/cr: 0.333333333 0.333333333 0.333333333
JQ:/rc/rr: 0.000000000 0.000034652 0.999965348
JQ:/rrc/: 0.141861132 0.858138868 0.000000000
JQ:/rrc/cr: 0.000483164 0.000013460 0.999503376
JQ:/rrc/rr: 0.000000000 0.000122135 0.999877865
K:/: 0.751999781 0.248000219 0.000000000
K:/cr: 0.723168932 0.276817627 0.000013441
K:/rr: 0.000000000 0.999993351 0.000006649
KJ:/cc/: 0.000020161 0.999979839 0.000000000
KJ:/cc/cr: 0.000006721 0.000006721 0.999986559
KJ:/cc/rr: 0.000000000 0.500000000 0.500000000
KJ:/crc/: 0.000024277 0.999975723 0.000000000
KJ:/crc/cr: 0.000008093 0.999983815 0.000008093
KJ:/crc/rr: 0.000000000 0.500000000 0.500000000
KJ:/crrc/: 0.046834844 0.953165156 0.000000000
KJ:/crrc/cr: 0.000377610 0.996136279 0.003486111
KJ:/crrc/rr: 0.000000000 0.322791846 0.677208154
KJ:/rc/: 0.011580202 0.988419798 0.000000000
KJ:/rc/cr: 0.003385150 0.979726706 0.016888144
KJ:/rc/rr: 0.000000000 0.999712918 0.000287082
KJ:/rrc/: 0.090145049 0.909854951 0.000000000
KJ:/rrc/cr: 0.000003560 0.999995222 0.000001218
KJ:/rrc/rr: 0.000000000 0.650324780 0.349675220
KK:/cc/: 0.999968067 0.000031933 0.000000000
KK:/cc/cr: 0.579097824 0.210451088 0.210451088
KK:/cc/rr: 0.000000000 0.999989919 0.000010081
KK:/crc/: 0.048741642 0.951258358 0.000000000
KK:/crc/cr: 0.999982986 0.000008507 0.000008507
KK:/crc/rr: 0.000000000 0.999750958 0.000249042
KK:/crrc/: 0.999260368 0.000739632 0.000000000
KK:/crrc/cr: 0.991623738 0.004188131 0.004188131
KK:/crrc/rr: 0.000000000 0.999995350 0.000004650
KK:/rc/: 0.806068579 0.193931421 0.000000000
KK:/rc/cr: 0.999977143 0.000011428 0.000011428
KK:/rc/rr: 0.000000000 0.999995876 0.000004124
KK:/rrc/: 0.532612553 0.467387447 0.000000000
KK:/rrc/cr: 0.999995258 0.000002371 0.000002371
KK:/rrc/rr: 0.000000000 0.999996879 0.000003121
KQ:/cc/: 0.000020161 0.999979839 0.000000000
KQ:/cc/cr: 0.000006721 0.465050380 0.534942899
KQ:/cc/rr: 0.000000000 0.500000000 0.500000000
KQ:/crc/: 0.952655167 0.047344833 0.000000000
KQ:/crc/cr: 0.000170926 0.939250101 0.060578973
KQ:/crc/rr: 0.000000000 0.000012742 0.999987258
KQ:/crrc/: 0.000751489 0.999248511 0.000000000
KQ:/crrc/cr: 0.005975929 0.695412346 0.298611724
KQ:/crrc/rr: 0.000000000 0.179107764 0.820892236
KQ:/rc/: 0.000006649 0.999993351 0.000000000
KQ:/rc/cr: 0.000007725 0.475600108 0.524392167
KQ:/rc/rr: 0.000000000 0.500000000 0.500000000
KQ:/rrc/: 0.724400561 0.275599439 0.000000000
KQ:/rrc/cr: 0.014089979 0.932843168 0.053066853
KQ:/rrc/rr: 0.000000000 0.390362448 0.609637552
Q:/: 0.758110241 0.241889759 0.000000000
Q:/cr: 0.168648728 0.831327219 0.000024053
Q:/rr: 0.000000000 0.999993405 0.000006595
QJ:/cc/: 0.000020671 0.999979329 0.000000000
QJ:/cc/cr: 0.000006890 0.000006890 0.999986219
QJ:/cc/rr: 0.000000000 0.500000000 0.500000000
QJ:/crc/: 0.023499618 0.976500382 0.000000000
QJ:/crc/cr: 0.005728800 0.000002829 0.994268371
QJ:/crc/rr: 0.000000000 0.000176347 0.999823653
QJ:/crrc/: 0.023888421 0.976111579 0.000000000
QJ:/crrc/cr: 0.000013952 0.000013952 0.999972097
QJ:/crrc/rr: 0.000000000 0.000855127 0.999144873
QJ:/rc/: 0.016375056 0.983624944 0.000000000
QJ:/rc/cr: 0.000002235 0.000002235 0.999995530
QJ:/rc/rr: 0.000000000 0.000201384 0.999798616
QJ:/rrc/: 0.000003298 0.999996702 0.000000000
QJ:/rrc/cr: 0.000001099 0.000001099 0.999997802
QJ:/rrc/rr: 0.000000000 0.500000000 0.500000000
QK:/cc/: 0.478352657 0.521647343 0.000000000
QK:/cc/cr: 0.000054839 0.999931452 0.000013709
QK:/cc/rr: 0.000000000 0.999978394 0.000021606
QK:/crc/: 0.000008482 0.999991518 0.000000000
QK:/crc/cr: 0.000002872 0.550141412 0.449855716
QK:/crc/rr: 0.000000000 0.511438646 0.488561354
QK:/crrc/: 0.998479715 0.001520285 0.000000000
QK:/crrc/cr: 0.008957810 0.010299853 0.980742337
QK:/crrc/rr: 0.000000000 0.000513740 0.999486260
QK:/rc/: 0.421840325 0.578159675 0.000000000
QK:/rc/cr: 0.005193240 0.527967368 0.466839392
QK:/rc/rr: 0.000000000 0.203376347 0.796623653
QK:/rrc/: 0.142371555 0.857628445 0.000000000
QK:/rrc/cr: 0.000007692 0.306331476 0.693660832
QK:/rrc/rr: 0.000000000 0.000011581 0.999988419
QQ:/cc/: 0.491316445 0.508683555 0.000000000
QQ:/cc/cr: 0.999972910 0.000013545 0.000013545
QQ:/cc/rr: 0.000000000 0.999978964 0.000021036
QQ:/crc/: 0.997629713 0.002370287 0.000000000
QQ:/crc/cr: 0.997668867 0.001165566 0.001165566
QQ:/crc/rr: 0.000000000 0.999995846 0.000004154
QQ:/crrc/: 0.022881850 0.977118150 0.000000000
QQ:/crrc/cr: 0.999972125 0.000013937 0.000013937
QQ:/crrc/rr: 0.000000000 0.999107256 0.000892744
QQ:/rc/: 0.482353748 0.517646252 0.000000000
QQ:/rc/cr: 0.999990967 0.000004786 0.000004247
QQ:/rc/rr: 0.000000000 0.999993163 0.000006837
QQ:/rrc/: 0.992511707 0.007488293 0.000000000
QQ:/rrc/cr: 0.999706413 0.000146793 0.000146793
QQ:/rrc/rr: 0.000000000 0.999998339 0.000001661
