J:/: 0.077555510 0.922444490 0.000000000
J:/cr: 0.018087729 0.033090532 0.948821739
J:/rr: 0.000000000 0.999935530 0.000064470
JJ:/cc/: 0.000273640 0.999726360 0.000000000
JJ:/cc/cr: 0.999996385 0.000001807 0.000001807
JJ:/cc/rr: 0.000000000 0.990095795 0.009904205
JJ:/crc/: 0.952534593 0.047465407 0.000000000
JJ:/crc/cr: 0.999233104 0.000383448 0.000383448
JJ:/crc/rr: 0.000000000 0.999971339 0.000028661
JJ:/crrc/: 0.955934565 0.044065435 0.000000000
JJ:/crrc/cr: 0.998488754 0.000755623 0.000755623
JJ:/crrc/rr: 0.000000000 0.999947752 0.000052248
JJ:/rc/: 0.879896362 0.120103638 0.000000000
JJ:/rc/cr: 0.999642143 0.000178929 0.000178929
JJ:/rc/rr: 0.000000000 0.999963365 0.000036635
JJ:/rrc/: 0.999420159 0.000579841 0.000000000
JJ:/rrc/cr: 0.962935751 0.018532125 0.018532125
JJ:/rrc/rr: 0.000000000 0.999983872 0.000016128
JK:/cc/: 0.079779084 0.920220916 0.000000000
JK:/cc/cr: 0.000003737 0.000001963 0.999994300
JK:/cc/rr: 0.000000000 0.000033971 0.999966029
JK:/crc/: 0.071690963 0.928309037 0.000000000
JK:/crc/cr: 0.040230973 0.000019606 0.959749421
JK:/crc/rr: 0.000000000 0.000380812 0.999619188
JK:/crrc/: 0.999900109 0.000099891 0.000000000
JK:/crrc/cr: 0.333333333 0.333333333 0.333333333
JK:/crrc/rr: 0.000000000 0.000049950 0.999950050
JK:/rc/: 0.994163702 0.005836298 0.000000000
JK:/rc/cr: 0.845916852 0.003682126 0.150401023
JK:/rc/rr: 0.000000000 0.000032424 0.999967576
JK:/rrc/: 0.526532741 0.473467259 0.000000000
JK:/rrc/cr: 0.850631585 0.000022696 0.149345719
JK:/rrc/rr: 0.000000000 0.000030613 0.999969387
JQ:/cc/: 0.175280316 0.824719684 0.000000000
JQ:/cc/cr: 0.000004130 0.000002191 0.999993679
JQ:/cc/rr: 0.000000000 0.000015462 0.999984538
JQ:/crc/: 0.992632550 0.007367450 0.000000000
JQ:/crc/cr: 0.337805410 0.002470394 0.659724196
JQ:/crc/rr: 0.000000000 0.000027503 0.999972497
JQ:/crrc/: 0.013759232 0.986240768 0.000000000
JQ:/crrc/cr: 0.109340892 0.000033761 0.890625347
JQ:/crrc/rr: 0.000000000 0.003629947 0.996370053
JQ:/rc/: 0.997978264 0.002021736 0.000000000
JQ:/rc/cr: 0.010629472 0.010629472 0.978741057
JQ:/rc/rr: 0.000000000 0.000032300 0.999967700
JQ:/rrc/: 0.128843010 0.871156990 0.000000000
JQ:/rrc/cr: 0.001762342 0.000012335 0.998225323
JQ:/rrc/rr: 0.000000000 0.000125102 0.999874898
K:/: 0.753352036 0.246647964 0.000000000
K:/cr: 0.698365055 0.301621430 0.000013515
K:/rr: 0.000000000 0.999993363 0.000006637
KJ:/cc/: 0.000051710 0.999948290 0.000000000
KJ:/cc/cr: 0.000048839 0.000009776 0.999941385
KJ:/cc/rr: 0.000000000 0.803986814 0.196013186
KJ:/crc/: 0.000059755 0.999940245 0.000000000
KJ:/crc/cr: 0.000033695 0.999958836 0.000007468
KJ:/crc/rr: 0.000000000 0.812541036 0.187458964
KJ:/crrc/: 0.035701248 0.964298752 0.000000000
KJ:/crrc/cr: 0.002158223 0.987675778 0.010165999
KJ:/crrc/rr: 0.000000000 0.253433049 0.746566951
KJ:/rc/: 0.053756483 0.946243517 0.000000000
KJ:/rc/cr: 0.009875308 0.947283843 0.042840849
KJ:/rc/rr: 0.000000000 0.286409299 0.713590701
KJ:/rrc/: 0.087421788 0.912578212 0.000000000
KJ:/rrc/cr: 0.000062013 0.999936774 0.000001212
KJ:/rrc/rr: 0.000000000 0.721261172 0.278738828
KK:/cc/: 0.999653060 0.000346940 0.000000000
KK:/cc/cr: 0.961046477 0.019476761 0.019476761
KK:/cc/rr: 0.000000000 0.999989861 0.000010139
KK:/crc/: 0.156740520 0.843259480 0.000000000
KK:/crc/cr: 0.999982288 0.000008856 0.000008856
KK:/crc/rr: 0.000000000 0.999928534 0.000071466
KK:/crrc/: 0.994670203 0.005329797 0.000000000
KK:/crrc/cr: 0.998789717 0.000605141 0.000605141
KK:/crrc/rr: 0.000000000 0.999995136 0.000004864
KK:/rc/: 0.846712388 0.153287612 0.000000000
KK:/rc/cr: 0.999971135 0.000014433 0.000014433
KK:/rc/rr: 0.000000000 0.999996081 0.000003919
KK:/rrc/: 0.527098969 0.472901031 0.000000000
KK:/rrc/cr: 0.999995322 0.000002339 0.000002339
KK:/rrc/rr: 0.000000000 0.999996852 0.000003148
KQ:/cc/: 0.000595984 0.999404016 0.000000000
KQ:/cc/cr: 0.000044688 0.424085634 0.575869679
KQ:/cc/rr: 0.000000000 0.982992980 0.017007020
KQ:/crc/: 0.875321941 0.124678059 0.000000000
KQ:/crc/cr: 0.000374084 0.539019906 0.460606010
KQ:/crc/rr: 0.000000000 0.000033829 0.999966171
KQ:/crrc/: 0.017456515 0.982543485 0.000000000
KQ:/crrc/cr: 0.035487553 0.668571155 0.295941292
KQ:/crrc/rr: 0.000000000 0.317967130 0.682032870
KQ:/rc/: 0.000047277 0.999952723 0.000000000
KQ:/rc/cr: 0.000015938 0.482849381 0.517134680
KQ:/rc/rr: 0.000000000 0.929807450 0.070192550
KQ:/rrc/: 0.698502967 0.301497033 0.000000000
KQ:/rrc/cr: 0.032671178 0.819140550 0.148188272
KQ:/rrc/rr: 0.000000000 0.389164464 0.610835536
Q:/: 0.753568088 0.246431912 0.000000000
Q:/cr: 0.169890256 0.828829991 0.001279753
Q:/rr: 0.000000000 0.999993365 0.000006635
QJ:/cc/: 0.000020290 0.999979710 0.000000000
QJ:/cc/cr: 0.000006763 0.000006763 0.999986473
QJ:/cc/rr: 0.000000000 0.500000000 0.500000000
QJ:/crc/: 0.027807603 0.972192397 0.000000000
QJ:/crc/cr: 0.003632073 0.000002798 0.996365129
QJ:/crc/rr: 0.000000000 0.000146721 0.999853279
QJ:/crrc/: 0.037317673 0.962682327 0.000000000
QJ:/crrc/cr: 0.000126167 0.000013784 0.999860049
QJ:/crrc/rr: 0.000000000 0.000533383 0.999466617
QJ:/rc/: 0.010407504 0.989592496 0.000000000
QJ:/rc/cr: 0.000003383 0.000002235 0.999994382
QJ:/rc/rr: 0.000000000 0.000318765 0.999681235
QJ:/rrc/: 0.000003318 0.999996682 0.000000000
QJ:/rrc/cr: 0.000001106 0.000001106 0.999997788
QJ:/rrc/rr: 0.000000000 0.500000000 0.500000000
QK:/cc/: 0.430989774 0.569010226 0.000000000
QK:/cc/cr: 0.024589765 0.975371219 0.000039016
QK:/cc/rr: 0.000000000 0.999976462 0.000023538
QK:/crc/: 0.000008353 0.999991647 0.000000000
QK:/crc/cr: 0.000002758 0.556468449 0.443528793
QK:/crc/rr: 0.000000000 0.511536782 0.488463218
QK:/crrc/: 0.967011848 0.032988152 0.000000000
QK:/crrc/cr: 0.001051590 0.529937625 0.469010784
QK:/crrc/rr: 0.000000000 0.000579962 0.999420038
QK:/rc/: 0.445911859 0.554088141 0.000000000
QK:/rc/cr: 0.037782302 0.495874874 0.466342824
QK:/rc/rr: 0.000000000 0.207196484 0.792803516
QK:/rrc/: 0.122899298 0.877100702 0.000000000
QK:/rrc/cr: 0.000001261 0.304874827 0.695123913
QK:/rrc/rr: 0.000000000 0.000458571 0.999541429
QQ:/cc/: 0.499517329 0.500482671 0.000000000
QQ:/cc/cr: 0.999972973 0.000013513 0.000013513
QQ:/cc/rr: 0.000000000 0.999979691 0.000020309
QQ:/crc/: 0.981306198 0.018693802 0.000000000
QQ:/crc/cr: 0.999708997 0.000145501 0.000145501
QQ:/crc/rr: 0.000000000 0.999995842 0.000004158
QQ:/crrc/: 0.143182372 0.856817628 0.000000000
QQ:/crrc/cr: 0.999969026 0.000015487 0.000015487
QQ:/crrc/rr: 0.000000000 0.999860984 0.000139016
QQ:/rc/: 0.510767058 0.489232942 0.000000000
QQ:/rc/cr: 0.999990958 0.000004521 0.000004521
QQ:/rc/rr: 0.000000000 0.999993505 0.000006495
QQ:/rrc/: 0.968630054 0.031369946 0.000000000
QQ:/rrc/cr: 0.999929496 0.000035252 0.000035252
QQ:/rrc/rr: 0.000000000 0.999998287 0.000001713
