J:/c: 0.296565024 0.703434976 0.000000000
J:/crr: 0.000000000 0.999983140 0.000016860
J:/r: 0.055336283 0.128421145 0.816242572
JJ:/cc/c: 0.999992892 0.000007108 0.000000000
JJ:/cc/crr: 0.000000000 0.999996446 0.000003554
JJ:/cc/r: 0.999990523 0.000004739 0.000004739
JJ:/crc/c: 0.999983140 0.000016860 0.000000000
JJ:/crc/crr: 0.000000000 0.999991570 0.000008430
JJ:/crc/r: 0.999897457 0.000091304 0.000011240
JJ:/crrc/c: 0.999991570 0.000008430 0.000000000
JJ:/crrc/crr: 0.000000000 0.999995785 0.000004215
JJ:/crrc/r: 0.999960776 0.000033604 0.000005620
JJ:/rc/c: 0.999974044 0.000025956 0.000000000
JJ:/rc/crr: 0.000000000 0.999987022 0.000012978
JJ:/rc/r: 0.999956062 0.000026633 0.000017304
JJ:/rrc/c: 0.999939762 0.000060238 0.000000000
JJ:/rrc/crr: 0.000000000 0.999969879 0.000030121
JJ:/rrc/r: 0.999801950 0.000157892 0.000040159
JK:/cc/c: 0.007318746 0.992681254 0.000000000
JK:/cc/crr: 0.000000000 0.000485601 0.999514399
JK:/cc/r: 0.000004739 0.000004739 0.999990523
JK:/crc/c: 0.524622580 0.475377420 0.000000000
JK:/crc/crr: 0.000000000 0.000016068 0.999983932
JK:/crc/r: 0.017751426 0.000011240 0.982237334
JK:/crrc/c: 0.304992513 0.695007487 0.000000000
JK:/crrc/crr: 0.000000000 0.000013820 0.999986180
JK:/crrc/r: 0.157634699 0.000005620 0.842359681
JK:/rc/c: 0.382127698 0.617872302 0.000000000
JK:/rc/crr: 0.000000000 0.000033963 0.999966037
JK:/rc/r: 0.357338150 0.000017304 0.642644546
JK:/rrc/c: 0.999897914 0.000102086 0.000000000
JK:/rrc/crr: 0.000000000 0.000030122 0.999969878
JK:/rrc/r: 0.266237403 0.000040159 0.733722439
JQ:/cc/c: 0.075771432 0.924228568 0.000000000
JQ:/cc/crr: 0.000000000 0.000046904 0.999953096
JQ:/cc/r: 0.037420014 0.000004739 0.962575247
JQ:/crc/c: 0.412234459 0.587765541 0.000000000
JQ:/crc/crr: 0.000000000 0.000020449 0.999979551
JQ:/crc/r: 0.057534384 0.000011240 0.942454376
JQ:/crrc/c: 0.066047888 0.933952112 0.000000000
JQ:/crrc/crr: 0.000000000 0.000063817 0.999936183
JQ:/crrc/r: 0.243924696 0.000005620 0.756069684
JQ:/rc/c: 0.996484135 0.003515865 0.000000000
JQ:/rc/crr: 0.000000000 0.000013024 0.999986976
JQ:/rc/r: 0.000017304 0.000017304 0.999965392
JQ:/rrc/c: 0.019235492 0.980764508 0.000000000
JQ:/rrc/crr: 0.000000000 0.001565797 0.998434203
JQ:/rrc/r: 0.429437089 0.000040159 0.570522752
K:/c: 0.999969627 0.000030373 0.000000000
K:/crr: 0.000000000 0.999995000 0.000005000
K:/r: 0.582661880 0.417331454 0.000006667
KJ:/cc/c: 0.169740486 0.830259514 0.000000000
KJ:/cc/crr: 0.000000000 0.515088582 0.484911418
KJ:/cc/r: 0.515353782 0.238956849 0.245689370
KJ:/crc/c: 0.129382366 0.870617634 0.000000000
KJ:/crc/crr: 0.000000000 0.999980677 0.000019323
KJ:/crc/r: 0.000047273 0.728969784 0.270982943
KJ:/crrc/c: 0.483613508 0.516386492 0.000000000
KJ:/crrc/crr: 0.000000000 0.999997415 0.000002585
KJ:/crrc/r: 0.025418593 0.876113062 0.098468345
KJ:/rc/c: 0.420644286 0.579355714 0.000000000
KJ:/rc/crr: 0.000000000 0.846282508 0.153717492
KJ:/rc/r: 0.032824988 0.748759224 0.218415787
KJ:/rrc/c: 0.134724269 0.865275731 0.000000000
KJ:/rrc/crr: 0.000000000 0.999978768 0.000021232
KJ:/rrc/r: 0.036682024 0.894705188 0.068612787
KK:/cc/c: 0.835381800 0.164618200 0.000000000
KK:/cc/crr: 0.000000000 0.901471280 0.098528720
KK:/cc/r: 0.684110666 0.206143868 0.109745467
KK:/crc/c: 0.999995000 0.000005000 0.000000000
KK:/crc/crr: 0.000000000 0.999997500 0.000002500
KK:/crc/r: 0.997292480 0.002704187 0.000003333
KK:/crrc/c: 0.999997500 0.000002500 0.000000000
KK:/crrc/crr: 0.000000000 0.999998750 0.000001250
KK:/crrc/r: 0.999994085 0.000004248 0.000001667
KK:/rc/c: 0.999992013 0.000007987 0.000000000
KK:/rc/crr: 0.000000000 0.999996006 0.000003994
KK:/rc/r: 0.999980541 0.000014134 0.000005325
KK:/rrc/c: 0.999994279 0.000005721 0.000000000
KK:/rrc/crr: 0.000000000 0.999997140 0.000002860
KK:/rrc/r: 0.999839783 0.000156403 0.000003814
KQ:/cc/c: 0.499106224 0.500893776 0.000000000
KQ:/cc/crr: 0.000000000 0.835087010 0.164912990
KQ:/cc/r: 0.498334910 0.386932509 0.114732582
KQ:/crc/c: 0.306030256 0.693969744 0.000000000
KQ:/crc/crr: 0.000000000 0.000728997 0.999271003
KQ:/crc/r: 0.000017363 0.439103847 0.560878790
KQ:/crrc/c: 0.574322966 0.425677034 0.000000000
KQ:/crrc/crr: 0.000000000 0.401095387 0.598904613
KQ:/crrc/r: 0.000812451 0.647488147 0.351699402
KQ:/rc/c: 0.000550688 0.999449312 0.000000000
KQ:/rc/crr: 0.000000000 0.007252065 0.992747935
KQ:/rc/r: 0.000019535 0.304134296 0.695846169
KQ:/rrc/c: 0.496412477 0.503587523 0.000000000
KQ:/rrc/crr: 0.000000000 0.500479537 0.499520463
KQ:/rrc/r: 0.073151230 0.561543535 0.365305235
Q:/c: 0.847450107 0.152549893 0.000000000
Q:/crr: 0.000000000 0.999994100 0.000005900
Q:/r: 0.359381656 0.640580444 0.000037900
QJ:/cc/c: 0.000407026 0.999592974 0.000000000
QJ:/cc/crr: 0.000000000 0.040262989 0.959737011
QJ:/cc/r: 0.000021851 0.000021851 0.999956298
QJ:/crc/c: 0.431345289 0.568654711 0.000000000
QJ:/crc/crr: 0.000000000 0.045053975 0.954946025
QJ:/crc/r: 0.000345575 0.000003933 0.999650492
QJ:/crrc/c: 0.000028937 0.999971063 0.000000000
QJ:/crrc/crr: 0.000000000 0.050973258 0.949026742
QJ:/crrc/r: 0.021642278 0.000001967 0.978355755
QJ:/rc/c: 0.000110183 0.999889817 0.000000000
QJ:/rc/crr: 0.000000000 0.023613587 0.976386413
QJ:/rc/r: 0.015158176 0.000003469 0.984838355
QJ:/rrc/c: 0.000139925 0.999860075 0.000000000
QJ:/rrc/crr: 0.000000000 0.033143331 0.966856669
QJ:/rrc/r: 0.000082967 0.000006183 0.999910849
QK:/cc/c: 0.012892653 0.987107347 0.000000000
QK:/cc/crr: 0.000000000 0.998728882 0.001271118
QK:/cc/r: 0.000095264 0.735281145 0.264623590
QK:/crc/c: 0.352574271 0.647425729 0.000000000
QK:/crc/crr: 0.000000000 0.001015132 0.998984868
QK:/crc/r: 0.000099807 0.523181502 0.476718691
QK:/crrc/c: 0.299706190 0.700293810 0.000000000
QK:/crrc/crr: 0.000000000 0.001054274 0.998945726
QK:/crrc/r: 0.000055144 0.295926168 0.704018688
QK:/rc/c: 0.350807174 0.649192826 0.000000000
QK:/rc/crr: 0.000000000 0.001877491 0.998122509
QK:/rc/r: 0.000023491 0.308287208 0.691689301
QK:/rrc/c: 0.432265645 0.567734355 0.000000000
QK:/rrc/crr: 0.000000000 0.040902254 0.959097746
QK:/rrc/r: 0.000075643 0.514805188 0.485119169
QQ:/cc/c: 0.999967224 0.000032776 0.000000000
QQ:/cc/crr: 0.000000000 0.999983611 0.000016389
QQ:/cc/r: 0.999935607 0.000042542 0.000021851
QQ:/crc/c: 0.999994100 0.000005900 0.000000000
QQ:/crc/crr: 0.000000000 0.999997050 0.000002950
QQ:/crc/r: 0.999950388 0.000045679 0.000003933
QQ:/crrc/c: 0.999997050 0.000002950 0.000000000
QQ:/crrc/crr: 0.000000000 0.999998525 0.000001475
QQ:/crrc/r: 0.999996067 0.000001967 0.000001967
QQ:/rc/c: 0.999994796 0.000005204 0.000000000
QQ:/rc/crr: 0.000000000 0.999997398 0.000002602
QQ:/rc/r: 0.999992253 0.000004278 0.000003469
QQ:/rrc/c: 0.999990725 0.000009275 0.000000000
QQ:/rrc/crr: 0.000000000 0.999995362 0.000004638
QQ:/rrc/r: 0.999959924 0.000033892 0.000006183
