J:/: 0.073380101 0.926619899 0.000000000
J:/cr: 0.015345031 0.037700104 0.946954865
J:/rr: 0.000000000 0.999931862 0.000068138
JJ:/cc/: 0.001113828 0.998886172 0.000000000
JJ:/cc/cr: 0.999993644 0.000004555 0.000001801
JJ:/cc/rr: 0.000000000 0.997577743 0.002422257
JJ:/crc/: 0.976699985 0.023300015 0.000000000
JJ:/crc/cr: 0.998634923 0.000682538 0.000682538
JJ:/crc/rr: 0.000000000 0.999975576 0.000024424
JJ:/crrc/: 0.987598031 0.012401969 0.000000000
JJ:/crrc/cr: 0.993699175 0.003150413 0.003150413
JJ:/crrc/rr: 0.000000000 0.999940657 0.000059343
JJ:/rc/: 0.059195860 0.940804140 0.000000000
JJ:/rc/cr: 0.999951716 0.000024142 0.000024142
JJ:/rc/rr: 0.000000000 0.999424467 0.000575533
JJ:/rrc/: 0.999965928 0.000034072 0.000000000
JJ:/rrc/cr: 0.333333333 0.333333333 0.333333333
JJ:/rrc/rr: 0.000000000 0.999982964 0.000017036
JK:/cc/: 0.074168609 0.925831391 0.000000000
JK:/cc/cr: 0.000048034 0.000001943 0.999950023
JK:/cc/rr: 0.000000000 0.000036376 0.999963624
JK:/crc/: 0.031344287 0.968655713 0.000000000
JK:/crc/cr: 0.004624989 0.000016418 0.995358593
JK:/crc/rr: 0.000000000 0.000761055 0.999238945
JK:/crrc/: 0.999882786 0.000117214 0.000000000
JK:/crrc/cr: 0.333333333 0.333333333 0.333333333
JK:/crrc/rr: 0.000000000 0.000058614 0.999941386
JK:/rc/: 0.999931862 0.000068138 0.000000000
JK:/rc/cr: 0.333333333 0.333333333 0.333333333
JK:/rc/rr: 0.000000000 0.000034072 0.999965928
JK:/rrc/: 0.581857778 0.418142222 0.000000000
JK:/rrc/cr: 0.996841608 0.000027161 0.003131231
JK:/rrc/rr: 0.000000000 0.000029278 0.999970722
JQ:/cc/: 0.221562259 0.778437741 0.000000000
JQ:/cc/cr: 0.000002311 0.000002311 0.999995379
JQ:/cc/rr: 0.000000000 0.000012177 0.999987823
JQ:/crc/: 0.994142395 0.005857605 0.000000000
JQ:/crc/cr: 0.002714959 0.002714959 0.994570082
JQ:/crc/rr: 0.000000000 0.000023995 0.999976005
JQ:/crrc/: 0.012415183 0.987584817 0.000000000
JQ:/crrc/cr: 0.189720332 0.000039562 0.810240105
JQ:/crrc/rr: 0.000000000 0.004720589 0.995279411
JQ:/rc/: 0.999931862 0.000068138 0.000000000
JQ:/rc/cr: 0.333333333 0.333333333 0.333333333
JQ:/rc/rr: 0.000000000 0.000034072 0.999965928
JQ:/rrc/: 0.122418920 0.877581080 0.000000000
JQ:/rrc/cr: 0.001250609 0.000012941 0.998736449
JQ:/rrc/rr: 0.000000000 0.000139159 0.999860841
K:/: 0.757289930 0.242710070 0.000000000
K:/cr: 0.645332231 0.354654035 0.000013734
K:/rr: 0.000000000 0.999993398 0.000006602
KJ:/cc/: 0.000020601 0.999979399 0.000000000
KJ:/cc/cr: 0.000006867 0.000006867 0.999986266
KJ:/cc/rr: 0.000000000 0.500000000 0.500000000
KJ:/crc/: 0.000042477 0.999957523 0.000000000
KJ:/crc/cr: 0.000027951 0.999965595 0.000006454
KJ:/crc/rr: 0.000000000 0.772083115 0.227916885
KJ:/crrc/: 0.001776376 0.998223624 0.000000000
KJ:/crrc/cr: 0.000035740 0.999960706 0.000003553
KJ:/crrc/rr: 0.000000000 0.997004890 0.002995110
KJ:/rc/: 0.001697695 0.998302305 0.000000000
KJ:/rc/cr: 0.051382906 0.945549323 0.003067772
KJ:/rc/rr: 0.000000000 0.084514927 0.915485073
KJ:/rrc/: 0.085065276 0.914934724 0.000000000
KJ:/rrc/cr: 0.000018534 0.999980264 0.000001203
KJ:/rrc/rr: 0.000000000 0.566247742 0.433752258
KK:/cc/: 0.998992295 0.001007705 0.000000000
KK:/cc/cr: 0.986371197 0.006814402 0.006814402
KK:/cc/rr: 0.000000000 0.999989689 0.000010311
KK:/crc/: 0.083931263 0.916068737 0.000000000
KK:/crc/cr: 0.999985909 0.000007045 0.000007045
KK:/crc/rr: 0.000000000 0.999884654 0.000115346
KK:/crrc/: 0.985356113 0.014643887 0.000000000
KK:/crrc/cr: 0.999515571 0.000242214 0.000242214
KK:/crrc/rr: 0.000000000 0.999994600 0.000005400
KK:/rc/: 0.849163606 0.150836394 0.000000000
KK:/rc/cr: 0.999970818 0.000014591 0.000014591
KK:/rc/rr: 0.000000000 0.999996112 0.000003888
KK:/rrc/: 0.535494676 0.464505324 0.000000000
KK:/rrc/cr: 0.999995262 0.000002369 0.000002369
KK:/rrc/rr: 0.000000000 0.999996918 0.000003082
KQ:/cc/: 0.000048996 0.999951004 0.000000000
KQ:/cc/cr: 0.000032084 0.421245765 0.578722151
KQ:/cc/rr: 0.000000000 0.789771013 0.210228987
KQ:/crc/: 0.879707593 0.120292407 0.000000000
KQ:/crc/cr: 0.000347878 0.457952218 0.541699904
KQ:/crc/rr: 0.000000000 0.000033673 0.999966327
KQ:/crrc/: 0.003849420 0.996150580 0.000000000
KQ:/crrc/cr: 0.004000648 0.696149559 0.299849792
KQ:/crrc/rr: 0.000000000 0.049457312 0.950542688
KQ:/rc/: 0.000017966 0.999982034 0.000000000
KQ:/rc/cr: 0.000002987 0.506754454 0.493242560
KQ:/rc/rr: 0.000000000 0.816248356 0.183751644
KQ:/rrc/: 0.688592758 0.311407242 0.000000000
KQ:/rrc/cr: 0.020658939 0.882050545 0.097290516
KQ:/rrc/rr: 0.000000000 0.393232629 0.606767371
Q:/: 0.723472301 0.276527699 0.000000000
Q:/cr: 0.140136810 0.859654960 0.000208230
Q:/rr: 0.000000000 0.999993089 0.000006911
QJ:/cc/: 0.000018081 0.999981919 0.000000000
QJ:/cc/cr: 0.000006027 0.000006027 0.999987946
QJ:/cc/rr: 0.000000000 0.500000000 0.500000000
QJ:/crc/: 0.030042254 0.969957746 0.000000000
QJ:/crc/cr: 0.000562773 0.000002409 0.999434818
QJ:/crc/rr: 0.000000000 0.000116687 0.999883313
QJ:/crrc/: 0.049061729 0.950938271 0.000000000
QJ:/crrc/cr: 0.000015076 0.000015076 0.999969848
QJ:/crrc/rr: 0.000000000 0.000438314 0.999561686
QJ:/rc/: 0.000531273 0.999468727 0.000000000
QJ:/rc/cr: 0.000002305 0.000002305 0.999995390
QJ:/rc/rr: 0.000000000 0.006504292 0.993495708
QJ:/rrc/: 0.000003456 0.999996544 0.000000000
QJ:/rrc/cr: 0.000001152 0.000001152 0.999997696
QJ:/rrc/rr: 0.000000000 0.500000000 0.500000000
QK:/cc/: 0.532839307 0.467160693 0.000000000
QK:/cc/cr: 0.060116911 0.939865946 0.000017143
QK:/cc/rr: 0.000000000 0.999983033 0.000016967
QK:/crc/: 0.000008048 0.999991952 0.000000000
QK:/crc/cr: 0.000002761 0.554203570 0.445793670
QK:/crc/rr: 0.000000000 0.564421433 0.435578567
QK:/crrc/: 0.960969035 0.039030965 0.000000000
QK:/crrc/cr: 0.006835913 0.593349559 0.399814528
QK:/crrc/rr: 0.000000000 0.000307175 0.999692825
QK:/rc/: 0.501711706 0.498288294 0.000000000
QK:/rc/cr: 0.000248224 0.537819444 0.461932333
QK:/rc/rr: 0.000000000 0.218091291 0.781908709
QK:/rrc/: 0.121586701 0.878413299 0.000000000
QK:/rrc/cr: 0.000001803 0.286134455 0.713863741
QK:/rrc/rr: 0.000000000 0.000240699 0.999759301
QQ:/cc/: 0.565225971 0.434774029 0.000000000
QQ:/cc/cr: 0.999947351 0.000038786 0.000013863
QQ:/cc/rr: 0.000000000 0.999984005 0.000015995
QQ:/crc/: 0.981436699 0.018563301 0.000000000
QQ:/crc/cr: 0.999748209 0.000125895 0.000125895
QQ:/crc/rr: 0.000000000 0.999996428 0.000003572
QQ:/crrc/: 0.087094228 0.912905772 0.000000000
QQ:/crrc/cr: 0.999968592 0.000015704 0.000015704
QQ:/crrc/rr: 0.000000000 0.999753090 0.000246910
QQ:/rc/: 0.512208731 0.487791269 0.000000000
QQ:/rc/cr: 0.999990435 0.000004842 0.000004723
QQ:/rc/rr: 0.000000000 0.999993254 0.000006746
QQ:/rrc/: 0.982880888 0.017119112 0.000000000
QQ:/rrc/cr: 0.999865430 0.000067285 0.000067285
QQ:/rrc/rr: 0.000000000 0.999998242 0.000001758
