J:/: 0.074092007 0.925907993 0.000000000
J:/cr: 0.017158741 0.037796154 0.945045105
J:/rr: 0.000000000 0.999932516 0.000067484
JJ:/cc/: 0.000125409 0.999874591 0.000000000
JJ:/cc/cr: 0.999993777 0.000004423 0.000001800
JJ:/cc/rr: 0.000000000 0.978470040 0.021529960
JJ:/crc/: 0.964362823 0.035637177 0.000000000
JJ:/crc/cr: 0.999109080 0.000445460 0.000445460
JJ:/crc/rr: 0.000000000 0.999975308 0.000024692
JJ:/crrc/: 0.999895095 0.000104905 0.000000000
JJ:/crrc/cr: 0.333333333 0.333333333 0.333333333
JJ:/crrc/rr: 0.000000000 0.999947542 0.000052458
JJ:/rc/: 0.955804943 0.044195057 0.000000000
JJ:/rc/cr: 0.998982033 0.000508983 0.000508983
JJ:/rc/rr: 0.000000000 0.999964698 0.000035302
JJ:/rrc/: 0.999966256 0.000033744 0.000000000
JJ:/rrc/cr: 0.333333333 0.333333333 0.333333333
JJ:/rrc/rr: 0.000000000 0.999983127 0.000016873
JK:/cc/: 0.072938759 0.927061241 0.000000000
JK:/cc/cr: 0.000001942 0.000001942 0.999996117
JK:/cc/rr: 0.000000000 0.000037018 0.999962982
JK:/crc/: 0.039577540 0.960422460 0.000000000
JK:/crc/cr: 0.003113679 0.000016529 0.996869792
JK:/crc/rr: 0.000000000 0.000601665 0.999398335
JK:/crrc/: 0.999895095 0.000104905 0.000000000
JK:/crrc/cr: 0.333333333 0.333333333 0.333333333
JK:/crrc/rr: 0.000000000 0.000052458 0.999947542
JK:/rc/: 0.999932516 0.000067484 0.000000000
JK:/rc/cr: 0.333333333 0.333333333 0.333333333
JK:/rc/rr: 0.000000000 0.000033744 0.999966256
JK:/rrc/: 0.581562116 0.418437884 0.000000000
JK:/rrc/cr: 0.998105666 0.000026881 0.001867453
JK:/rrc/rr: 0.000000000 0.000029012 0.999970988
JQ:/cc/: 0.219437740 0.780562260 0.000000000
JQ:/cc/cr: 0.000002306 0.000002306 0.999995388
JQ:/cc/rr: 0.000000000 0.000012304 0.999987696
JQ:/crc/: 0.996308127 0.003691873 0.000000000
JQ:/crc/cr: 0.004299969 0.004299969 0.991400062
JQ:/crc/rr: 0.000000000 0.000023901 0.999976099
JQ:/crrc/: 0.061463034 0.938536966 0.000000000
JQ:/crrc/cr: 0.136386651 0.000037258 0.863576090
JQ:/crrc/rr: 0.000000000 0.000853398 0.999146602
JQ:/rc/: 0.999162403 0.000837597 0.000000000
JQ:/rc/cr: 0.026856066 0.026856066 0.946287869
JQ:/rc/rr: 0.000000000 0.000033770 0.999966230
JQ:/rrc/: 0.124680753 0.875319247 0.000000000
JQ:/rrc/cr: 0.000537657 0.000012850 0.999449493
JQ:/rrc/rr: 0.000000000 0.000135322 0.999864678
K:/: 0.761685232 0.238314768 0.000000000
K:/cr: 0.641959645 0.358026368 0.000013987
K:/rr: 0.000000000 0.999993436 0.000006564
KJ:/cc/: 0.000020981 0.999979019 0.000000000
KJ:/cc/cr: 0.000006994 0.000006994 0.999986013
KJ:/cc/rr: 0.000000000 0.500000000 0.500000000
KJ:/crc/: 0.000019534 0.999980466 0.000000000
KJ:/crc/cr: 0.000006511 0.999986977 0.000006511
KJ:/crc/rr: 0.000000000 0.500000000 0.500000000
KJ:/crrc/: 0.041513822 0.958486178 0.000000000
KJ:/crrc/cr: 0.000003789 0.999992423 0.000003789
KJ:/crrc/rr: 0.000000000 0.446281108 0.553718892
KJ:/rc/: 0.055861509 0.944138491 0.000000000
KJ:/rc/cr: 0.004635348 0.983714159 0.011650493
KJ:/rc/rr: 0.000000000 0.999941244 0.000058756
KJ:/rrc/: 0.088529361 0.911470639 0.000000000
KJ:/rrc/cr: 0.000008066 0.999990734 0.000001200
KJ:/rrc/rr: 0.000000000 0.743602276 0.256397724
KK:/cc/: 0.999961937 0.000038063 0.000000000
KK:/cc/cr: 0.632529509 0.183735245 0.183735245
KK:/cc/rr: 0.000000000 0.999989509 0.000010491
KK:/crc/: 0.071828353 0.928171647 0.000000000
KK:/crc/cr: 0.999985970 0.000007015 0.000007015
KK:/crc/rr: 0.000000000 0.999864026 0.000135974
KK:/crrc/: 0.999989106 0.000010894 0.000000000
KK:/crrc/cr: 0.333333333 0.333333333 0.333333333
KK:/crrc/rr: 0.000000000 0.999994553 0.000005447
KK:/rc/: 0.827001076 0.172998924 0.000000000
KK:/rc/cr: 0.999974704 0.000012648 0.000012648
KK:/rc/rr: 0.000000000 0.999996031 0.000003969
KK:/rrc/: 0.544572985 0.455427015 0.000000000
KK:/rrc/cr: 0.999995195 0.000002402 0.000002402
KK:/rrc/rr: 0.000000000 0.999996986 0.000003014
KQ:/cc/: 0.000020981 0.999979019 0.000000000
KQ:/cc/cr: 0.000006994 0.423678607 0.576314399
KQ:/cc/rr: 0.000000000 0.500000000 0.500000000
KQ:/crc/: 0.882489581 0.117510419 0.000000000
KQ:/crc/cr: 0.000055410 0.701377025 0.298567565
KQ:/crc/rr: 0.000000000 0.000011067 0.999988933
KQ:/crrc/: 0.008451765 0.991548235 0.000000000
KQ:/crrc/cr: 0.000495998 0.759668137 0.239835865
KQ:/crrc/rr: 0.000000000 0.029333061 0.970666939
KQ:/rc/: 0.000006564 0.999993436 0.000000000
KQ:/rc/cr: 0.000008396 0.505449794 0.494541810
KQ:/rc/rr: 0.000000000 0.500000000 0.500000000
KQ:/rrc/: 0.689391071 0.310608929 0.000000000
KQ:/rrc/cr: 0.013975171 0.933574763 0.052450066
KQ:/rrc/rr: 0.000000000 0.388884101 0.611115899
Q:/: 0.729237373 0.270762627 0.000000000
Q:/cr: 0.126346496 0.873637816 0.000015687
Q:/rr: 0.000000000 0.999993144 0.000006856
QJ:/cc/: 0.000018466 0.999981534 0.000000000
QJ:/cc/cr: 0.000006156 0.000006156 0.999987689
QJ:/cc/rr: 0.000000000 0.500000000 0.500000000
QJ:/crc/: 0.030031831 0.969968169 0.000000000
QJ:/crc/cr: 0.000965954 0.000002421 0.999031625
QJ:/crc/rr: 0.000000000 0.000117305 0.999882695
QJ:/crrc/: 0.037425678 0.962574322 0.000000000
QJ:/crrc/cr: 0.000016871 0.000016871 0.999966258
QJ:/crrc/rr: 0.000000000 0.000650874 0.999349126
QJ:/rc/: 0.011380551 0.988619449 0.000000000
QJ:/rc/cr: 0.000002312 0.000002312 0.999995376
QJ:/rc/rr: 0.000000000 0.000301237 0.999698763
QJ:/rrc/: 0.000003428 0.999996572 0.000000000
QJ:/rrc/cr: 0.000001143 0.000001143 0.999997714
QJ:/rrc/rr: 0.000000000 0.500000000 0.500000000
QK:/cc/: 0.463542576 0.536457424 0.000000000
QK:/cc/cr: 0.000088574 0.999899651 0.000011774
QK:/cc/rr: 0.000000000 0.999980081 0.000019919
QK:/crc/: 0.000007419 0.999992581 0.000000000
QK:/crc/cr: 0.000002567 0.559262170 0.440735263
QK:/crc/rr: 0.000000000 0.525177861 0.474822139
QK:/crrc/: 0.999520209 0.000479791 0.000000000
QK:/crrc/cr: 0.035905761 0.886632345 0.077461894
QK:/crrc/rr: 0.000000000 0.000611449 0.999388551
QK:/rc/: 0.470514118 0.529485882 0.000000000
QK:/rc/cr: 0.000403354 0.530279759 0.469316886
QK:/rc/rr: 0.000000000 0.205903834 0.794096166
QK:/rrc/: 0.122931528 0.877068472 0.000000000
QK:/rrc/cr: 0.000008922 0.292862629 0.707128449
QK:/rrc/rr: 0.000000000 0.000013944 0.999986056
QQ:/cc/: 0.562476361 0.437523639 0.000000000
QQ:/cc/cr: 0.999945849 0.000040082 0.000014069
QQ:/cc/rr: 0.000000000 0.999983585 0.000016415
QQ:/crc/: 0.989559396 0.010440604 0.000000000
QQ:/crc/cr: 0.999550104 0.000224948 0.000224948
QQ:/crc/rr: 0.000000000 0.999996440 0.000003560
QQ:/crrc/: 0.219171337 0.780828663 0.000000000
QQ:/crrc/cr: 0.999957773 0.000021430 0.000020798
QQ:/crrc/rr: 0.000000000 0.999888857 0.000111143
QQ:/rc/: 0.521906293 0.478093707 0.000000000
QQ:/rc/cr: 0.999984897 0.000010323 0.000004780
QQ:/rc/rr: 0.000000000 0.999993431 0.000006569
QQ:/rrc/: 0.989112900 0.010887100 0.000000000
QQ:/rrc/cr: 0.999790072 0.000104964 0.000104964
QQ:/rrc/rr: 0.000000000 0.999998267 0.000001733
