J:/c: 0.301750399 0.698249601 0.000000000
J:/crr: 0.000000000 0.999983430 0.000016570
J:/r: 0.053804230 0.124879170 0.821316600
JJ:/cc/c: 0.999992839 0.000007161 0.000000000
JJ:/cc/crr: 0.000000000 0.999996420 0.000003580
JJ:/cc/r: 0.999990452 0.000004774 0.000004774
JJ:/crc/c: 0.999983430 0.000016570 0.000000000
JJ:/crc/crr: 0.000000000 0.999991715 0.000008285
JJ:/crc/r: 0.998894212 0.001094742 0.000011047
JJ:/crrc/c: 0.999991715 0.000008285 0.000000000
JJ:/crrc/crr: 0.000000000 0.999995857 0.000004143
JJ:/crrc/r: 0.999955094 0.000039383 0.000005523
JJ:/rc/c: 0.999973308 0.000026692 0.000000000
JJ:/rc/crr: 0.000000000 0.999986653 0.000013347
JJ:/rc/r: 0.999792792 0.000189413 0.000017795
JJ:/rrc/c: 0.999938047 0.000061953 0.000000000
JJ:/rrc/crr: 0.000000000 0.999969022 0.000030978
JJ:/rrc/r: 0.999917396 0.000041302 0.000041302
JK:/cc/c: 0.000007161 0.999992839 0.000000000
JK:/cc/crr: 0.000000000 0.500000000 0.500000000
JK:/cc/r: 0.000004774 0.000004774 0.999990452
JK:/crc/c: 0.513116518 0.486883482 0.000000000
JK:/crc/crr: 0.000000000 0.000016146 0.999983854
JK:/crc/r: 0.061998625 0.000011047 0.937990329
JK:/crrc/c: 0.337509810 0.662490190 0.000000000
JK:/crrc/crr: 0.000000000 0.000012274 0.999987726
JK:/crrc/r: 0.188183241 0.000005523 0.811811235
JK:/rc/c: 0.372895284 0.627104716 0.000000000
JK:/rc/crr: 0.000000000 0.000035791 0.999964209
JK:/rc/r: 0.365537985 0.000017795 0.634444220
JK:/rrc/c: 0.999938047 0.000061953 0.000000000
JK:/rrc/crr: 0.000000000 0.000030978 0.999969022
JK:/rrc/r: 0.396387756 0.000041302 0.603570942
JQ:/cc/c: 0.068531676 0.931468324 0.000000000
JQ:/cc/crr: 0.000000000 0.000052244 0.999947756
JQ:/cc/r: 0.034216398 0.000004774 0.965778828
JQ:/crc/c: 0.597916914 0.402083086 0.000000000
JQ:/crc/crr: 0.000000000 0.000013856 0.999986144
JQ:/crc/r: 0.029205447 0.000011047 0.970783506
JQ:/crrc/c: 0.033637796 0.966362204 0.000000000
JQ:/crrc/crr: 0.000000000 0.000123152 0.999876848
JQ:/crrc/r: 0.209185596 0.000005523 0.790808881
JQ:/rc/c: 0.998937307 0.001062693 0.000000000
JQ:/rc/crr: 0.000000000 0.000013360 0.999986640
JQ:/rc/r: 0.000017795 0.000017795 0.999964410
JQ:/rrc/c: 0.008696062 0.991303938 0.000000000
JQ:/rrc/crr: 0.000000000 0.003562129 0.996437871
JQ:/rrc/r: 0.606906705 0.000041302 0.393051993
K:/c: 0.999990000 0.000010000 0.000000000
K:/crr: 0.000000000 0.999995000 0.000005000
K:/r: 0.588072502 0.411920832 0.000006667
KJ:/cc/c: 0.500000000 0.500000000 0.000000000
KJ:/cc/crr: 0.000000000 0.500000000 0.500000000
KJ:/cc/r: 0.333333333 0.333333333 0.333333333
KJ:/crc/c: 0.197811849 0.802188151 0.000000000
KJ:/crc/crr: 0.000000000 0.999987362 0.000012638
KJ:/crc/r: 0.000020531 0.825241038 0.174738431
KJ:/crrc/c: 0.388886158 0.611113842 0.000000000
KJ:/crrc/crr: 0.000000000 0.999996786 0.000003214
KJ:/crrc/r: 0.002720340 0.837858614 0.159421046
KJ:/rc/c: 0.414309910 0.585690090 0.000000000
KJ:/rc/crr: 0.000000000 0.837938485 0.162061515
KJ:/rc/r: 0.013728355 0.768156316 0.218115329
KJ:/rrc/c: 0.152515864 0.847484136 0.000000000
KJ:/rrc/crr: 0.000000000 0.999981418 0.000018582
KJ:/rrc/r: 0.030885021 0.911060034 0.058054945
KK:/cc/c: 0.500000000 0.500000000 0.000000000
KK:/cc/crr: 0.000000000 0.500000000 0.500000000
KK:/cc/r: 0.333333333 0.333333333 0.333333333
KK:/crc/c: 0.999995000 0.000005000 0.000000000
KK:/crc/crr: 0.000000000 0.999997500 0.000002500
KK:/crc/r: 0.995040240 0.004956427 0.000003333
KK:/crrc/c: 0.999997500 0.000002500 0.000000000
KK:/crrc/crr: 0.000000000 0.999998750 0.000001250
KK:/crrc/r: 0.999920730 0.000077603 0.000001667
KK:/rc/c: 0.999991908 0.000008092 0.000000000
KK:/rc/crr: 0.000000000 0.999995954 0.000004046
KK:/rc/r: 0.999973836 0.000020769 0.000005395
KK:/rrc/c: 0.999994332 0.000005668 0.000000000
KK:/rrc/crr: 0.000000000 0.999997166 0.000002834
KK:/rrc/r: 0.997027748 0.002968473 0.000003779
KQ:/cc/c: 0.500000000 0.500000000 0.000000000
KQ:/cc/crr: 0.000000000 0.500000000 0.500000000
KQ:/cc/r: 0.333333333 0.333333333 0.333333333
KQ:/crc/c: 0.022699318 0.977300682 0.000000000
KQ:/crc/crr: 0.000000000 0.004109935 0.995890065
KQ:/crc/r: 0.000016065 0.459146022 0.540837913
KQ:/crrc/c: 0.626791596 0.373208404 0.000000000
KQ:/crrc/crr: 0.000000000 0.399434204 0.600565796
KQ:/crrc/r: 0.000018255 0.646376971 0.353604774
KQ:/rc/c: 0.000008092 0.999991908 0.000000000
KQ:/rc/crr: 0.000000000 0.500000000 0.500000000
KQ:/rc/r: 0.000010723 0.304523270 0.695466007
KQ:/rrc/c: 0.509207509 0.490792491 0.000000000
KQ:/rrc/crr: 0.000000000 0.483692613 0.516307387
KQ:/rrc/r: 0.017370113 0.637364058 0.345265830
Q:/c: 0.851087982 0.148912018 0.000000000
Q:/crr: 0.000000000 0.999994125 0.000005875
Q:/r: 0.378174080 0.621805788 0.000020133
QJ:/cc/c: 0.000033577 0.999966423 0.000000000
QJ:/cc/crr: 0.000000000 0.500000000 0.500000000
QJ:/cc/r: 0.000022385 0.000022385 0.999955231
QJ:/crc/c: 0.413934354 0.586065646 0.000000000
QJ:/crc/crr: 0.000000000 0.000062512 0.999937488
QJ:/crc/r: 0.000003917 0.000003917 0.999992167
QJ:/crrc/c: 0.000002937 0.999997063 0.000000000
QJ:/crrc/crr: 0.000000000 0.500000000 0.500000000
QJ:/crrc/r: 0.043748252 0.000001958 0.956249790
QJ:/rc/c: 0.000005361 0.999994639 0.000000000
QJ:/rc/crr: 0.000000000 0.500000000 0.500000000
QJ:/rc/r: 0.016769662 0.000003574 0.983226764
QJ:/rrc/c: 0.000008814 0.999991186 0.000000000
QJ:/rrc/crr: 0.000000000 0.500000000 0.500000000
QJ:/rrc/r: 0.000058445 0.000005876 0.999935679
QK:/cc/c: 0.000204580 0.999795420 0.000000000
QK:/cc/crr: 0.000000000 0.917936914 0.082063086
QK:/cc/r: 0.000046469 0.818784017 0.181169514
QK:/crc/c: 0.368490343 0.631509657 0.000000000
QK:/crc/crr: 0.000000000 0.000515273 0.999484727
QK:/crc/r: 0.000027333 0.455759401 0.544213266
QK:/crrc/c: 0.235107986 0.764892014 0.000000000
QK:/crrc/crr: 0.000000000 0.000626765 0.999373235
QK:/crrc/r: 0.000021360 0.289241826 0.710736815
QK:/rc/c: 0.378613880 0.621386120 0.000000000
QK:/rc/crr: 0.000000000 0.000007079 0.999992921
QK:/rc/r: 0.000005092 0.308195467 0.691799441
QK:/rrc/c: 0.447288692 0.552711308 0.000000000
QK:/rrc/crr: 0.000000000 0.000227049 0.999772951
QK:/rrc/r: 0.000044232 0.473826143 0.526129625
QQ:/cc/c: 0.999966423 0.000033577 0.000000000
QQ:/cc/crr: 0.000000000 0.999983211 0.000016789
QQ:/cc/r: 0.994836984 0.005140631 0.000022385
QQ:/crc/c: 0.999994125 0.000005875 0.000000000
QQ:/crc/crr: 0.000000000 0.999997063 0.000002937
QQ:/crc/r: 0.999949985 0.000046098 0.000003917
QQ:/crrc/c: 0.999997063 0.000002937 0.000000000
QQ:/crrc/crr: 0.000000000 0.999998531 0.000001469
QQ:/crrc/r: 0.999934550 0.000063491 0.000001958
QQ:/rc/c: 0.999994639 0.000005361 0.000000000
QQ:/rc/crr: 0.000000000 0.999997320 0.000002680
QQ:/rc/r: 0.999992452 0.000003974 0.000003574
QQ:/rrc/c: 0.999991186 0.000008814 0.000000000
QQ:/rrc/crr: 0.000000000 0.999995593 0.000004407
QQ:/rrc/r: 0.999962970 0.000031154 0.000005876
