J:/c: 0.302951249 0.697048751 0.000000000
J:/crr: 0.000000000 0.999983496 0.000016504
J:/r: 0.054748718 0.126906078 0.818345204
JJ:/cc/c: 0.999992827 0.000007173 0.000000000
JJ:/cc/crr: 0.000000000 0.999996413 0.000003587
JJ:/cc/r: 0.999986753 0.000008465 0.000004782
JJ:/crc/c: 0.999983496 0.000016504 0.000000000
JJ:/crc/crr: 0.000000000 0.999991748 0.000008252
JJ:/crc/r: 0.999967599 0.000021398 0.000011003
JJ:/crrc/c: 0.999991748 0.000008252 0.000000000
JJ:/crrc/crr: 0.000000000 0.999995874 0.000004126
JJ:/crrc/r: 0.999902450 0.000092049 0.000005502
JJ:/rc/c: 0.999973734 0.000026266 0.000000000
JJ:/rc/crr: 0.000000000 0.999986867 0.000013133
JJ:/rc/r: 0.999817671 0.000164819 0.000017511
JJ:/rrc/c: 0.999939116 0.000060884 0.000000000
JJ:/rrc/crr: 0.000000000 0.999969556 0.000030444
JJ:/rrc/r: 0.999838631 0.000120779 0.000040589
JK:/cc/c: 0.006827004 0.993172996 0.000000000
JK:/cc/crr: 0.000000000 0.000525348 0.999474652
JK:/cc/r: 0.000010235 0.000004782 0.999984983
JK:/crc/c: 0.509026204 0.490973796 0.000000000
JK:/crc/crr: 0.000000000 0.000016212 0.999983788
JK:/crc/r: 0.045239810 0.000011003 0.954749187
JK:/crrc/c: 0.487349788 0.512650212 0.000000000
JK:/crrc/crr: 0.000000000 0.000008466 0.999991534
JK:/crrc/r: 0.262198835 0.000005502 0.737795663
JK:/rc/c: 0.394277452 0.605722548 0.000000000
JK:/rc/crr: 0.000000000 0.000033309 0.999966691
JK:/rc/r: 0.365749701 0.000017511 0.634232788
JK:/rrc/c: 0.999939116 0.000060884 0.000000000
JK:/rrc/crr: 0.000000000 0.000030444 0.999969556
JK:/rrc/r: 0.306835402 0.000040589 0.693124009
JQ:/cc/c: 0.070713288 0.929286712 0.000000000
JQ:/cc/crr: 0.000000000 0.000050720 0.999949280
JQ:/cc/r: 0.037295558 0.000004782 0.962699660
JQ:/crc/c: 0.531982865 0.468017135 0.000000000
JQ:/crc/crr: 0.000000000 0.000015512 0.999984488
JQ:/crc/r: 0.090145073 0.000011003 0.909843925
JQ:/crrc/c: 0.021528261 0.978471739 0.000000000
JQ:/crrc/crr: 0.000000000 0.000191662 0.999808338
JQ:/crrc/r: 0.182906176 0.000005502 0.817088323
JQ:/rc/c: 0.997646153 0.002353847 0.000000000
JQ:/rc/crr: 0.000000000 0.000013164 0.999986836
JQ:/rc/r: 0.000017511 0.000017511 0.999964978
JQ:/rrc/c: 0.006020524 0.993979476 0.000000000
JQ:/rrc/crr: 0.000000000 0.005056389 0.994943611
JQ:/rrc/r: 0.514851458 0.000040589 0.485107953
K:/c: 0.999969896 0.000030104 0.000000000
K:/crr: 0.000000000 0.999995000 0.000005000
K:/r: 0.581950489 0.418042844 0.000006667
KJ:/cc/c: 0.166091872 0.833908128 0.000000000
KJ:/cc/crr: 0.000000000 0.500000000 0.500000000
KJ:/cc/r: 0.490510256 0.239641437 0.269848308
KJ:/crc/c: 0.147285699 0.852714301 0.000000000
KJ:/crc/crr: 0.000000000 0.999983026 0.000016974
KJ:/crc/r: 0.000030159 0.739586318 0.260383523
KJ:/crrc/c: 0.428485566 0.571514434 0.000000000
KJ:/crrc/crr: 0.000000000 0.992751221 0.007248779
KJ:/crrc/r: 0.004833916 0.878144219 0.117021865
KJ:/rc/c: 0.437369121 0.562630879 0.000000000
KJ:/rc/crr: 0.000000000 0.806276613 0.193723387
KJ:/rc/r: 0.023296913 0.739041399 0.237661687
KJ:/rrc/c: 0.233172457 0.766827543 0.000000000
KJ:/rrc/crr: 0.000000000 0.999987718 0.000012282
KJ:/rrc/r: 0.040184141 0.895856976 0.063958883
KK:/cc/c: 0.833908128 0.166091872 0.000000000
KK:/cc/crr: 0.000000000 0.900413567 0.099586433
KK:/cc/r: 0.568470393 0.320801692 0.110727915
KK:/crc/c: 0.999995000 0.000005000 0.000000000
KK:/crc/crr: 0.000000000 0.999997500 0.000002500
KK:/crc/r: 0.969339565 0.030657101 0.000003333
KK:/crrc/c: 0.999997500 0.000002500 0.000000000
KK:/crrc/crr: 0.000000000 0.999998750 0.000001250
KK:/crrc/r: 0.999983664 0.000014669 0.000001667
KK:/rc/c: 0.999992026 0.000007974 0.000000000
KK:/rc/crr: 0.000000000 0.999996013 0.000003987
KK:/rc/r: 0.999980139 0.000014545 0.000005316
KK:/rrc/c: 0.999994272 0.000005728 0.000000000
KK:/rrc/crr: 0.000000000 0.999997136 0.000002864
KK:/rrc/r: 0.999854367 0.000141815 0.000003819
KQ:/cc/c: 0.499602915 0.500397085 0.000000000
KQ:/cc/crr: 0.000000000 0.833776118 0.166223882
KQ:/cc/r: 0.462026650 0.426808370 0.111164980
KQ:/crc/c: 0.238599991 0.761400009 0.000000000
KQ:/crc/crr: 0.000000000 0.000555558 0.999444442
KQ:/crc/r: 0.000009194 0.430358056 0.569632750
KQ:/crrc/c: 0.650194153 0.349805847 0.000000000
KQ:/crrc/crr: 0.000000000 0.442415987 0.557584013
KQ:/crrc/r: 0.000004311 0.844743317 0.155252372
KQ:/rc/c: 0.000195015 0.999804985 0.000000000
KQ:/rc/crr: 0.000000000 0.020443721 0.979556279
KQ:/rc/r: 0.000019553 0.303799212 0.696181235
KQ:/rrc/c: 0.513725124 0.486274876 0.000000000
KQ:/rrc/crr: 0.000000000 0.472259491 0.527740509
KQ:/rrc/r: 0.040781082 0.604630666 0.354588252
Q:/c: 0.849872451 0.150127549 0.000000000
Q:/crr: 0.000000000 0.999994117 0.000005883
Q:/r: 0.366329830 0.633623194 0.000046975
QJ:/cc/c: 0.000033305 0.999966695 0.000000000
QJ:/cc/crr: 0.000000000 0.500000000 0.500000000
QJ:/cc/r: 0.000022203 0.000022203 0.999955593
QJ:/crc/c: 0.464374451 0.535625549 0.000000000
QJ:/crc/crr: 0.000000000 0.014009209 0.985990791
QJ:/crc/r: 0.000003922 0.000003922 0.999992156
QJ:/crrc/c: 0.000002942 0.999997058 0.000000000
QJ:/crrc/crr: 0.000000000 0.500000000 0.500000000
QJ:/crrc/r: 0.038963618 0.000001961 0.961034421
QJ:/rc/c: 0.000005261 0.999994739 0.000000000
QJ:/rc/crr: 0.000000000 0.500000000 0.500000000
QJ:/rc/r: 0.022917705 0.000003507 0.977078788
QJ:/rrc/c: 0.000108160 0.999891840 0.000000000
QJ:/rrc/crr: 0.000000000 0.042064093 0.957935907
QJ:/rrc/r: 0.000080173 0.000006066 0.999913761
QK:/cc/c: 0.025998837 0.974001163 0.000000000
QK:/cc/crr: 0.000000000 0.999359490 0.000640510
QK:/cc/r: 0.000096462 0.724012614 0.275890924
QK:/crc/c: 0.359494393 0.640505607 0.000000000
QK:/crc/crr: 0.000000000 0.000878953 0.999121047
QK:/crc/r: 0.000097001 0.445573919 0.554329080
QK:/crrc/c: 0.245694672 0.754305328 0.000000000
QK:/crrc/crr: 0.000000000 0.001424019 0.998575981
QK:/crrc/r: 0.000031309 0.254563711 0.745404980
QK:/rc/c: 0.354959482 0.645040518 0.000000000
QK:/rc/crr: 0.000000000 0.000386355 0.999613645
QK:/rc/r: 0.000007392 0.307120537 0.692872071
QK:/rrc/c: 0.426604874 0.573395126 0.000000000
QK:/rrc/crr: 0.000000000 0.038856764 0.961143236
QK:/rrc/r: 0.000072616 0.500568847 0.499358538
QQ:/cc/c: 0.999966695 0.000033305 0.000000000
QQ:/cc/crr: 0.000000000 0.999983347 0.000016653
QQ:/cc/r: 0.999928229 0.000049568 0.000022203
QQ:/crc/c: 0.999994117 0.000005883 0.000000000
QQ:/crc/crr: 0.000000000 0.999997058 0.000002942
QQ:/crc/r: 0.882752494 0.117243584 0.000003922
QQ:/crrc/c: 0.999997058 0.000002942 0.000000000
QQ:/crrc/crr: 0.000000000 0.999998529 0.000001471
QQ:/crrc/r: 0.999753922 0.000244117 0.000001961
QQ:/rc/c: 0.999994739 0.000005261 0.000000000
QQ:/rc/crr: 0.000000000 0.999997370 0.000002630
QQ:/rc/r: 0.948002366 0.051994127 0.000003507
QQ:/rrc/c: 0.999990901 0.000009099 0.000000000
QQ:/rrc/crr: 0.000000000 0.999995450 0.000004550
QQ:/rrc/r: 0.999954522 0.000039412 0.000006066
