J:/c: 0.290258294 0.709741706 0.000000000
J:/crr: 0.000000000 0.999982774 0.000017226
J:/r: 0.054695313 0.129895053 0.815409634
JJ:/cc/c: 0.999992955 0.000007045 0.000000000
JJ:/cc/crr: 0.000000000 0.999996478 0.000003522
JJ:/cc/r: 0.999990607 0.000004697 0.000004697
JJ:/crc/c: 0.999982774 0.000017226 0.000000000
JJ:/crc/crr: 0.000000000 0.999991387 0.000008613
JJ:/crc/r: 0.999957245 0.000031271 0.000011484
JJ:/crrc/c: 0.999991387 0.000008613 0.000000000
JJ:/crrc/crr: 0.000000000 0.999995693 0.000004307
JJ:/crrc/r: 0.999974371 0.000019887 0.000005742
JJ:/rc/c: 0.999974338 0.000025662 0.000000000
JJ:/rc/crr: 0.000000000 0.999987169 0.000012831
JJ:/rc/r: 0.999964405 0.000018488 0.000017108
JJ:/rrc/c: 0.999939056 0.000060944 0.000000000
JJ:/rrc/crr: 0.000000000 0.999969526 0.000030474
JJ:/rrc/r: 0.999752288 0.000207083 0.000040629
JK:/cc/c: 0.005456202 0.994543798 0.000000000
JK:/cc/crr: 0.000000000 0.000645579 0.999354421
JK:/cc/r: 0.000004697 0.000004697 0.999990607
JK:/crc/c: 0.536919376 0.463080624 0.000000000
JK:/crc/crr: 0.000000000 0.000016042 0.999983958
JK:/crc/r: 0.023316471 0.000011484 0.976672045
JK:/crrc/c: 0.433613824 0.566386176 0.000000000
JK:/crrc/crr: 0.000000000 0.000009932 0.999990068
JK:/crrc/r: 0.201655545 0.000005742 0.798338713
JK:/rc/c: 0.382423232 0.617576768 0.000000000
JK:/rc/crr: 0.000000000 0.000033551 0.999966449
JK:/rc/r: 0.363711618 0.000017108 0.636271274
JK:/rrc/c: 0.999749365 0.000250635 0.000000000
JK:/rrc/crr: 0.000000000 0.000030479 0.999969521
JK:/rrc/r: 0.296711573 0.000040629 0.703247798
JQ:/cc/c: 0.073830057 0.926169943 0.000000000
JQ:/cc/crr: 0.000000000 0.000047710 0.999952290
JQ:/cc/r: 0.037936302 0.000004697 0.962059002
JQ:/crc/c: 0.391690780 0.608309220 0.000000000
JQ:/crc/crr: 0.000000000 0.000021989 0.999978011
JQ:/crc/r: 0.128107817 0.000011484 0.871880699
JQ:/crrc/c: 0.049679685 0.950320315 0.000000000
JQ:/crrc/crr: 0.000000000 0.000086687 0.999913313
JQ:/crrc/r: 0.203141119 0.000005742 0.796853139
JQ:/rc/c: 0.993380338 0.006619662 0.000000000
JQ:/rc/crr: 0.000000000 0.000012916 0.999987084
JQ:/rc/r: 0.000017108 0.000017108 0.999965784
JQ:/rrc/c: 0.016181415 0.983818585 0.000000000
JQ:/rrc/crr: 0.000000000 0.001883138 0.998116862
JQ:/rrc/r: 0.415530772 0.000040629 0.584428599
K:/c: 0.999969330 0.000030670 0.000000000
K:/crr: 0.000000000 0.999995000 0.000005000
K:/r: 0.574232810 0.425760524 0.000006667
KJ:/cc/c: 0.477808566 0.522191434 0.000000000
KJ:/cc/crr: 0.000000000 0.829400008 0.170599992
KJ:/cc/r: 0.539133253 0.221636180 0.239230567
KJ:/crc/c: 0.128494494 0.871505506 0.000000000
KJ:/crc/crr: 0.000000000 0.999980543 0.000019457
KJ:/crc/r: 0.000112150 0.762219828 0.237668022
KJ:/crrc/c: 0.431654127 0.568345873 0.000000000
KJ:/crrc/crr: 0.000000000 0.933623138 0.066376862
KJ:/crrc/r: 0.048626764 0.777792997 0.173580239
KJ:/rc/c: 0.471372471 0.528627529 0.000000000
KJ:/rc/crr: 0.000000000 0.713471261 0.286528739
KJ:/rc/r: 0.025996915 0.749164275 0.224838810
KJ:/rrc/c: 0.172327632 0.827672368 0.000000000
KJ:/rrc/crr: 0.000000000 0.928597708 0.071402292
KJ:/rrc/r: 0.031903860 0.910682872 0.057413268
KK:/cc/c: 0.836971725 0.163028275 0.000000000
KK:/cc/crr: 0.000000000 0.902608254 0.097391746
KK:/cc/r: 0.601955174 0.289359309 0.108685517
KK:/crc/c: 0.999995000 0.000005000 0.000000000
KK:/crc/crr: 0.000000000 0.999997500 0.000002500
KK:/crc/r: 0.999987822 0.000008845 0.000003333
KK:/crrc/c: 0.999997500 0.000002500 0.000000000
KK:/crrc/crr: 0.000000000 0.999998750 0.000001250
KK:/crrc/r: 0.999996667 0.000001667 0.000001667
KK:/rc/c: 0.999992171 0.000007829 0.000000000
KK:/rc/crr: 0.000000000 0.999996085 0.000003915
KK:/rc/r: 0.999978069 0.000016712 0.000005219
KK:/rrc/c: 0.999994195 0.000005805 0.000000000
KK:/rrc/crr: 0.000000000 0.999997098 0.000002902
KK:/rrc/r: 0.999969624 0.000026506 0.000003870
KQ:/cc/c: 0.827187586 0.172812414 0.000000000
KQ:/cc/crr: 0.000000000 0.901456285 0.098543715
KQ:/cc/r: 0.532058258 0.290485006 0.177456736
KQ:/crc/c: 0.343395600 0.656604400 0.000000000
KQ:/crc/crr: 0.000000000 0.119666034 0.880333966
KQ:/crc/r: 0.000070431 0.430861267 0.569068301
KQ:/crrc/c: 0.603540217 0.396459783 0.000000000
KQ:/crrc/crr: 0.000000000 0.424566574 0.575433426
KQ:/crrc/r: 0.000600007 0.759847263 0.239552730
KQ:/rc/c: 0.000891744 0.999108256 0.000000000
KQ:/rc/crr: 0.000000000 0.052016051 0.947983949
KQ:/rc/r: 0.000027186 0.302814683 0.697158132
KQ:/rrc/c: 0.485348962 0.514651038 0.000000000
KQ:/rrc/crr: 0.000000000 0.552243082 0.447756918
KQ:/rrc/r: 0.080289420 0.551973988 0.367736592
Q:/c: 0.846685094 0.153314906 0.000000000
Q:/crr: 0.000000000 0.999994095 0.000005905
Q:/r: 0.354590436 0.645335860 0.000073704
QJ:/cc/c: 0.000271916 0.999728084 0.000000000
QJ:/cc/crr: 0.000000000 0.059968252 0.940031748
QJ:/cc/r: 0.000039042 0.000021742 0.999939216
QJ:/crc/c: 0.481746069 0.518253931 0.000000000
QJ:/crc/crr: 0.000000000 0.014261486 0.985738514
QJ:/crc/r: 0.000229914 0.000003937 0.999766149
QJ:/crrc/c: 0.000059813 0.999940187 0.000000000
QJ:/crrc/crr: 0.000000000 0.024682669 0.975317331
QJ:/crrc/r: 0.020886725 0.000001968 0.979111306
QJ:/rc/c: 0.000118711 0.999881289 0.000000000
QJ:/rc/crr: 0.000000000 0.021755587 0.978244413
QJ:/rc/r: 0.020056651 0.000003444 0.979939905
QJ:/rrc/c: 0.000524983 0.999475017 0.000000000
QJ:/rrc/crr: 0.000000000 0.008953159 0.991046841
QJ:/rrc/r: 0.000085310 0.000006267 0.999908423
QK:/cc/c: 0.355155918 0.644844082 0.000000000
QK:/cc/crr: 0.000000000 0.999954087 0.000045913
QK:/cc/r: 0.000108019 0.729186891 0.270705091
QK:/crc/c: 0.344485690 0.655514310 0.000000000
QK:/crc/crr: 0.000000000 0.016038434 0.983961566
QK:/crc/r: 0.000282632 0.516564005 0.483153363
QK:/crrc/c: 0.035871186 0.964128814 0.000000000
QK:/crrc/crr: 0.000000000 0.008551216 0.991448784
QK:/crrc/r: 0.000076003 0.293304195 0.706619803
QK:/rc/c: 0.374806588 0.625193412 0.000000000
QK:/rc/crr: 0.000000000 0.002096523 0.997903477
QK:/rc/r: 0.000012961 0.317602144 0.682384895
QK:/rrc/c: 0.431865212 0.568134788 0.000000000
QK:/rrc/crr: 0.000000000 0.044706577 0.955293423
QK:/rrc/r: 0.000084498 0.500704315 0.499211187
QQ:/cc/c: 0.999967387 0.000032613 0.000000000
QQ:/cc/crr: 0.000000000 0.999983693 0.000016307
QQ:/cc/r: 0.997616318 0.002361940 0.000021742
QQ:/crc/c: 0.999994095 0.000005905 0.000000000
QQ:/crc/crr: 0.000000000 0.999997047 0.000002953
QQ:/crc/r: 0.999953341 0.000042722 0.000003937
QQ:/crrc/c: 0.999997047 0.000002953 0.000000000
QQ:/crrc/crr: 0.000000000 0.999998524 0.000001476
QQ:/crrc/r: 0.999996063 0.000001968 0.000001968
QQ:/rc/c: 0.999994835 0.000005165 0.000000000
QQ:/rc/crr: 0.000000000 0.999997417 0.000002583
QQ:/rc/r: 0.999992534 0.000004022 0.000003444
QQ:/rrc/c: 0.999990599 0.000009401 0.000000000
QQ:/rrc/crr: 0.000000000 0.999995300 0.000004700
QQ:/rrc/r: 0.999957796 0.000035937 0.000006267
