J:/c: 0.298126413 0.701873587 0.000000000
J:/crr: 0.000000000 0.999983229 0.000016771
J:/r: 0.054293804 0.125185420 0.820520777
JJ:/cc/c: 0.999992876 0.000007124 0.000000000
JJ:/cc/crr: 0.000000000 0.999996438 0.000003562
JJ:/cc/r: 0.999990502 0.000004749 0.000004749
JJ:/crc/c: 0.999983229 0.000016771 0.000000000
JJ:/crc/crr: 0.000000000 0.999991614 0.000008386
JJ:/crc/r: 0.999870752 0.000118067 0.000011181
JJ:/crrc/c: 0.999991614 0.000008386 0.000000000
JJ:/crrc/crr: 0.000000000 0.999995807 0.000004193
JJ:/crrc/r: 0.999973671 0.000020738 0.000005591
JJ:/rc/c: 0.999973373 0.000026627 0.000000000
JJ:/rc/crr: 0.000000000 0.999986686 0.000013314
JJ:/rc/r: 0.999930383 0.000051865 0.000017751
JJ:/rrc/c: 0.999938606 0.000061394 0.000000000
JJ:/rrc/crr: 0.000000000 0.999969301 0.000030699
JJ:/rrc/r: 0.999844869 0.000114201 0.000040930
JK:/cc/c: 0.007594034 0.992405966 0.000000000
JK:/cc/crr: 0.000000000 0.000469039 0.999530961
JK:/cc/r: 0.000004749 0.000004749 0.999990502
JK:/crc/c: 0.537016485 0.462983515 0.000000000
JK:/crc/crr: 0.000000000 0.000015615 0.999984385
JK:/crc/r: 0.011941033 0.000011181 0.988047787
JK:/crrc/c: 0.390610431 0.609389569 0.000000000
JK:/crrc/crr: 0.000000000 0.000010734 0.999989266
JK:/crrc/r: 0.230214512 0.000005591 0.769779898
JK:/rc/c: 0.403194511 0.596805489 0.000000000
JK:/rc/crr: 0.000000000 0.000033020 0.999966980
JK:/rc/r: 0.357482273 0.000017751 0.642499975
JK:/rrc/c: 0.999938606 0.000061394 0.000000000
JK:/rrc/crr: 0.000000000 0.000030699 0.999969301
JK:/rrc/r: 0.307828898 0.000040930 0.692130172
JQ:/cc/c: 0.071767054 0.928232946 0.000000000
JQ:/cc/crr: 0.000000000 0.000049631 0.999950369
JQ:/cc/r: 0.036477367 0.000004749 0.963517884
JQ:/crc/c: 0.515828125 0.484171875 0.000000000
JQ:/crc/crr: 0.000000000 0.000016257 0.999983743
JQ:/crc/r: 0.025504024 0.000011181 0.974484795
JQ:/crrc/c: 0.021728255 0.978271745 0.000000000
JQ:/crrc/crr: 0.000000000 0.000192971 0.999807029
JQ:/crrc/r: 0.137417537 0.000005591 0.862576872
JQ:/rc/c: 0.996618083 0.003381917 0.000000000
JQ:/rc/crr: 0.000000000 0.000013359 0.999986641
JQ:/rc/r: 0.000017751 0.000017751 0.999964497
JQ:/rrc/c: 0.006646969 0.993353031 0.000000000
JQ:/rrc/crr: 0.000000000 0.004618222 0.995381778
JQ:/rrc/r: 0.452580600 0.000040930 0.547378470
K:/c: 0.999969839 0.000030161 0.000000000
K:/crr: 0.000000000 0.999995000 0.000005000
K:/r: 0.585693025 0.414300308 0.000006667
KJ:/cc/c: 0.165777475 0.834222525 0.000000000
KJ:/cc/crr: 0.000000000 0.500000000 0.500000000
KJ:/cc/r: 0.489062923 0.240123816 0.270813260
KJ:/crc/c: 0.078498101 0.921501899 0.000000000
KJ:/crc/crr: 0.000000000 0.999968151 0.000031849
KJ:/crc/r: 0.000040846 0.746152414 0.253806739
KJ:/crrc/c: 0.427221166 0.572778834 0.000000000
KJ:/crrc/crr: 0.000000000 0.999997074 0.000002926
KJ:/crrc/r: 0.002418627 0.927177094 0.070404279
KJ:/rc/c: 0.400695213 0.599304787 0.000000000
KJ:/rc/crr: 0.000000000 0.950036122 0.049963878
KJ:/rc/r: 0.065848642 0.740144655 0.194006703
KJ:/rrc/c: 0.229777182 0.770222818 0.000000000
KJ:/rrc/crr: 0.000000000 0.999987616 0.000012384
KJ:/rrc/r: 0.015351810 0.951115255 0.033532935
KK:/cc/c: 0.834222525 0.165777475 0.000000000
KK:/cc/crr: 0.000000000 0.900639536 0.099360464
KK:/cc/r: 0.680766093 0.208715590 0.110518316
KK:/crc/c: 0.999995000 0.000005000 0.000000000
KK:/crc/crr: 0.000000000 0.999997500 0.000002500
KK:/crc/r: 0.970144622 0.029852044 0.000003333
KK:/crrc/c: 0.999997500 0.000002500 0.000000000
KK:/crrc/crr: 0.000000000 0.999998750 0.000001250
KK:/crrc/r: 0.999993055 0.000005278 0.000001667
KK:/rc/c: 0.999991954 0.000008046 0.000000000
KK:/rc/crr: 0.000000000 0.999995977 0.000004023
KK:/rc/r: 0.999979736 0.000014901 0.000005364
KK:/rrc/c: 0.999994309 0.000005691 0.000000000
KK:/rrc/crr: 0.000000000 0.999997154 0.000002846
KK:/rrc/r: 0.999715349 0.000280857 0.000003794
KQ:/cc/c: 0.488383756 0.511616244 0.000000000
KQ:/cc/crr: 0.000000000 0.830279496 0.169720504
KQ:/cc/r: 0.459734475 0.428901729 0.111363796
KQ:/crc/c: 0.000880216 0.999119784 0.000000000
KQ:/crc/crr: 0.000000000 0.065408372 0.934591628
KQ:/crc/r: 0.000010653 0.441139305 0.558850042
KQ:/crrc/c: 0.647636692 0.352363308 0.000000000
KQ:/crrc/crr: 0.000000000 0.424013284 0.575986716
KQ:/crrc/r: 0.000005434 0.797215493 0.202779073
KQ:/rc/c: 0.000243246 0.999756754 0.000000000
KQ:/rc/crr: 0.000000000 0.016538195 0.983461805
KQ:/rc/r: 0.000019669 0.301074407 0.698905924
KQ:/rrc/c: 0.515588795 0.484411205 0.000000000
KQ:/rrc/crr: 0.000000000 0.516922890 0.483077110
KQ:/rrc/r: 0.078043889 0.544908751 0.377047361
Q:/c: 0.849357588 0.150642412 0.000000000
Q:/crr: 0.000000000 0.999994113 0.000005887
Q:/r: 0.375500173 0.624406343 0.000093484
QJ:/cc/c: 0.000033191 0.999966809 0.000000000
QJ:/cc/crr: 0.000000000 0.500000000 0.500000000
QJ:/cc/r: 0.000022127 0.000022127 0.999955745
QJ:/crc/c: 0.417689052 0.582310948 0.000000000
QJ:/crc/crr: 0.000000000 0.000043450 0.999956550
QJ:/crc/r: 0.000182853 0.000003925 0.999813223
QJ:/crrc/c: 0.000035326 0.999964674 0.000000000
QJ:/crrc/crr: 0.000000000 0.041661239 0.958338761
QJ:/crrc/r: 0.025366041 0.000001962 0.974631997
QJ:/rc/c: 0.000029298 0.999970702 0.000000000
QJ:/rc/crr: 0.000000000 0.091104997 0.908895003
QJ:/rc/r: 0.001147893 0.000003559 0.998848548
QJ:/rrc/c: 0.000195152 0.999804848 0.000000000
QJ:/rrc/crr: 0.000000000 0.022743891 0.977256109
QJ:/rrc/r: 0.000041995 0.000005918 0.999952087
QK:/cc/c: 0.072659552 0.927340448 0.000000000
QK:/cc/crr: 0.000000000 0.999771598 0.000228402
QK:/cc/r: 0.000083448 0.779889474 0.220027077
QK:/crc/c: 0.333022548 0.666977452 0.000000000
QK:/crc/crr: 0.000000000 0.001059518 0.998940482
QK:/crc/r: 0.000059056 0.502863603 0.497077341
QK:/crrc/c: 0.211277510 0.788722490 0.000000000
QK:/crrc/crr: 0.000000000 0.004686294 0.995313706
QK:/crrc/r: 0.000054979 0.278817008 0.721128013
QK:/rc/c: 0.358845647 0.641154353 0.000000000
QK:/rc/crr: 0.000000000 0.002613262 0.997386738
QK:/rc/r: 0.000007501 0.310756337 0.689236161
QK:/rrc/c: 0.429623121 0.570376879 0.000000000
QK:/rrc/crr: 0.000000000 0.060125375 0.939874625
QK:/rrc/r: 0.000073844 0.510204605 0.489721552
QQ:/cc/c: 0.999966809 0.000033191 0.000000000
QQ:/cc/crr: 0.000000000 0.999983404 0.000016596
QQ:/cc/r: 0.999931213 0.000046660 0.000022127
QQ:/crc/c: 0.999994113 0.000005887 0.000000000
QQ:/crc/crr: 0.000000000 0.999997057 0.000002943
QQ:/crc/r: 0.999956697 0.000039379 0.000003925
QQ:/crrc/c: 0.999997057 0.000002943 0.000000000
QQ:/crrc/crr: 0.000000000 0.999998528 0.000001472
QQ:/crrc/r: 0.997857838 0.002140200 0.000001962
QQ:/rc/c: 0.999994662 0.000005338 0.000000000
QQ:/rc/crr: 0.000000000 0.999997331 0.000002669
QQ:/rc/r: 0.962030757 0.037965684 0.000003559
QQ:/rrc/c: 0.999991123 0.000008877 0.000000000
QQ:/rrc/crr: 0.000000000 0.999995561 0.000004439
QQ:/rrc/r: 0.999953790 0.000040292 0.000005918
