J:/: 0.072752380 0.927247620 0.000000000
J:/cr: 0.016405072 0.041249308 0.942345621
J:/rr: 0.000000000 0.999931274 0.000068726
JJ:/cc/: 0.000125958 0.999874042 0.000000000
JJ:/cc/cr: 0.999993786 0.000004416 0.000001798
JJ:/cc/rr: 0.000000000 0.978594765 0.021405235
JJ:/crc/: 0.944094996 0.055905004 0.000000000
JJ:/crc/cr: 0.999480370 0.000259815 0.000259815
JJ:/crc/rr: 0.000000000 0.999976922 0.000023078
JJ:/crrc/: 0.994957293 0.005042707 0.000000000
JJ:/crrc/cr: 0.985514954 0.007242523 0.007242523
JJ:/crrc/rr: 0.000000000 0.999944939 0.000055061
JJ:/rc/: 0.011651040 0.988348960 0.000000000
JJ:/rc/cr: 0.999953642 0.000023179 0.000023179
JJ:/rc/rr: 0.000000000 0.997050638 0.002949362
JJ:/rrc/: 0.999965635 0.000034365 0.000000000
JJ:/rrc/cr: 0.333333333 0.333333333 0.333333333
JJ:/rrc/rr: 0.000000000 0.999982817 0.000017183
JK:/cc/: 0.071343477 0.928656523 0.000000000
JK:/cc/cr: 0.000001936 0.000001936 0.999996129
JK:/cc/rr: 0.000000000 0.000037791 0.999962209
JK:/crc/: 0.036600195 0.963399805 0.000000000
JK:/crc/cr: 0.008315108 0.000015077 0.991669815
JK:/crc/rr: 0.000000000 0.000595282 0.999404718
JK:/crrc/: 0.999890434 0.000109566 0.000000000
JK:/crrc/cr: 0.333333333 0.333333333 0.333333333
JK:/crrc/rr: 0.000000000 0.000054789 0.999945211
JK:/rc/: 0.999931274 0.000068726 0.000000000
JK:/rc/cr: 0.333333333 0.333333333 0.333333333
JK:/rc/rr: 0.000000000 0.000034365 0.999965635
JK:/rrc/: 0.593689401 0.406310599 0.000000000
JK:/rrc/cr: 0.999631573 0.000028193 0.000340233
JK:/rrc/rr: 0.000000000 0.000028942 0.999971058
JQ:/cc/: 0.229216377 0.770783623 0.000000000
JQ:/cc/cr: 0.000002332 0.000002332 0.999995336
JQ:/cc/rr: 0.000000000 0.000011762 0.999988238
JQ:/crc/: 0.995775466 0.004224534 0.000000000
JQ:/crc/cr: 0.003438241 0.003438241 0.993123519
JQ:/crc/rr: 0.000000000 0.000021880 0.999978120
JQ:/crrc/: 0.016493086 0.983506914 0.000000000
JQ:/crrc/cr: 0.164314182 0.000037134 0.835648684
JQ:/crrc/rr: 0.000000000 0.003321567 0.996678433
JQ:/rc/: 0.999931274 0.000068726 0.000000000
JQ:/rc/cr: 0.333333333 0.333333333 0.333333333
JQ:/rc/rr: 0.000000000 0.000034365 0.999965635
JQ:/rrc/: 0.112742255 0.887257745 0.000000000
JQ:/rrc/cr: 0.000056759 0.000012911 0.999930330
JQ:/rrc/rr: 0.000000000 0.000152407 0.999847593
K:/: 0.760761232 0.239238768 0.000000000
K:/cr: 0.624332807 0.375653260 0.000013933
K:/rr: 0.000000000 0.999993428 0.000006572
KJ:/cc/: 0.000020900 0.999979100 0.000000000
KJ:/cc/cr: 0.000006967 0.000006967 0.999986067
KJ:/cc/rr: 0.000000000 0.500000000 0.500000000
KJ:/crc/: 0.000018545 0.999981455 0.000000000
KJ:/crc/cr: 0.000006182 0.999987636 0.000006182
KJ:/crc/rr: 0.000000000 0.500000000 0.500000000
KJ:/crrc/: 0.000494755 0.999505245 0.000000000
KJ:/crrc/cr: 0.000003721 0.999992557 0.000003721
KJ:/crrc/rr: 0.000000000 0.988723328 0.011276672
KJ:/rc/: 0.000700243 0.999299757 0.000000000
KJ:/rc/cr: 0.051692915 0.946545671 0.001761414
KJ:/rc/rr: 0.000000000 0.406594680 0.593405320
KJ:/rrc/: 0.078568905 0.921431095 0.000000000
KJ:/rrc/cr: 0.000008200 0.999990611 0.000001189
KJ:/rrc/rr: 0.000000000 0.943618723 0.056381277
KK:/cc/: 0.999236824 0.000763176 0.000000000
KK:/cc/cr: 0.981743291 0.009128355 0.009128355
KK:/cc/rr: 0.000000000 0.999989542 0.000010458
KK:/crc/: 0.073952299 0.926047701 0.000000000
KK:/crc/cr: 0.999986649 0.000006675 0.000006675
KK:/crc/rr: 0.000000000 0.999874614 0.000125386
KK:/crrc/: 0.996635447 0.003364553 0.000000000
KK:/crrc/cr: 0.997789033 0.001105484 0.001105484
KK:/crrc/rr: 0.000000000 0.999994402 0.000005598
KK:/rc/: 0.865484288 0.134515712 0.000000000
KK:/rc/cr: 0.999967427 0.000016286 0.000016286
KK:/rc/rr: 0.000000000 0.999996203 0.000003797
KK:/rrc/: 0.552833150 0.447166850 0.000000000
KK:/rrc/cr: 0.999995101 0.000002450 0.000002450
KK:/rrc/rr: 0.000000000 0.999997028 0.000002972
KQ:/cc/: 0.000020900 0.999979100 0.000000000
KQ:/cc/cr: 0.000006967 0.449597898 0.550395135
KQ:/cc/rr: 0.000000000 0.500000000 0.500000000
KQ:/crc/: 0.811027516 0.188972484 0.000000000
KQ:/crc/cr: 0.000032712 0.420255148 0.579712140
KQ:/crc/rr: 0.000000000 0.000011433 0.999988567
KQ:/crrc/: 0.002607037 0.997392963 0.000000000
KQ:/crrc/cr: 0.012612787 0.713657099 0.273730114
KQ:/crrc/rr: 0.000000000 0.087718969 0.912281031
KQ:/rc/: 0.000006572 0.999993428 0.000000000
KQ:/rc/cr: 0.000007805 0.508582466 0.491409730
KQ:/rc/rr: 0.000000000 0.500000000 0.500000000
KQ:/rrc/: 0.677154918 0.322845082 0.000000000
KQ:/rrc/cr: 0.012569062 0.918052223 0.069378715
KQ:/rrc/rr: 0.000000000 0.395271373 0.604728627
Q:/: 0.712572858 0.287427142 0.000000000
Q:/cr: 0.113998435 0.885985504 0.000016060
Q:/rr: 0.000000000 0.999992983 0.000007017
QJ:/cc/: 0.000017396 0.999982604 0.000000000
QJ:/cc/cr: 0.000005799 0.000005799 0.999988403
QJ:/cc/rr: 0.000000000 0.500000000 0.500000000
QJ:/crc/: 0.032762418 0.967237582 0.000000000
QJ:/crc/cr: 0.004437934 0.000002255 0.995559811
QJ:/crc/rr: 0.000000000 0.000099882 0.999900118
QJ:/crrc/: 0.070735925 0.929264075 0.000000000
QJ:/crrc/cr: 0.000018246 0.000018246 0.999963509
QJ:/crrc/rr: 0.000000000 0.000359544 0.999640456
QJ:/rc/: 0.000007017 0.999992983 0.000000000
QJ:/rc/cr: 0.000002339 0.000002339 0.999995322
QJ:/rc/rr: 0.000000000 0.500000000 0.500000000
QJ:/rrc/: 0.000003508 0.999996492 0.000000000
QJ:/rrc/cr: 0.000001169 0.000001169 0.999997661
QJ:/rrc/rr: 0.000000000 0.500000000 0.500000000
QK:/cc/: 0.595478488 0.404521512 0.000000000
QK:/cc/cr: 0.029056190 0.970928889 0.000014921
QK:/cc/rr: 0.000000000 0.999985394 0.000014606
QK:/crc/: 0.000007963 0.999992037 0.000000000
QK:/crc/cr: 0.000002442 0.552207070 0.447790489
QK:/crc/rr: 0.000000000 0.589057733 0.410942267
QK:/crrc/: 0.966671113 0.033328887 0.000000000
QK:/crrc/cr: 0.009377496 0.694885615 0.295736889
QK:/crrc/rr: 0.000000000 0.000347047 0.999652953
QK:/rc/: 0.535477307 0.464522693 0.000000000
QK:/rc/cr: 0.000228230 0.542597688 0.457174083
QK:/rc/rr: 0.000000000 0.225531421 0.774468579
QK:/rrc/: 0.139687522 0.860312478 0.000000000
QK:/rrc/cr: 0.000008079 0.281822864 0.718169057
QK:/rrc/rr: 0.000000000 0.000012558 0.999987442
QQ:/cc/: 0.607747617 0.392252383 0.000000000
QQ:/cc/cr: 0.999943214 0.000042003 0.000014783
QQ:/cc/rr: 0.000000000 0.999985688 0.000014312
QQ:/crc/: 0.961719693 0.038280307 0.000000000
QQ:/crc/cr: 0.999886020 0.000056990 0.000056990
QQ:/crc/rr: 0.000000000 0.999996597 0.000003403
QQ:/crrc/: 0.091527492 0.908472508 0.000000000
QQ:/crrc/cr: 0.999962413 0.000018924 0.000018663
QQ:/crrc/rr: 0.000000000 0.999722131 0.000277869
QQ:/rc/: 0.511081144 0.488918856 0.000000000
QQ:/rc/cr: 0.999989639 0.000005577 0.000004784
QQ:/rc/rr: 0.000000000 0.999993135 0.000006865
QQ:/rrc/: 0.986445943 0.013554057 0.000000000
QQ:/rrc/cr: 0.999827435 0.000086283 0.000086283
QQ:/rrc/rr: 0.000000000 0.999998222 0.000001778
