J:/c: 0.299670032 0.700329968 0.000000000
J:/crr: 0.000000000 0.999983315 0.000016685
J:/r: 0.055473063 0.125821955 0.818704982
JJ:/cc/c: 0.999992861 0.000007139 0.000000000
JJ:/cc/crr: 0.000000000 0.999996430 0.000003570
JJ:/cc/r: 0.999990481 0.000004760 0.000004760
JJ:/crc/c: 0.999983315 0.000016685 0.000000000
JJ:/crc/crr: 0.000000000 0.999991657 0.000008343
JJ:/crc/r: 0.999573375 0.000415502 0.000011123
JJ:/crrc/c: 0.999991657 0.000008343 0.000000000
JJ:/crrc/crr: 0.000000000 0.999995829 0.000004171
JJ:/crrc/r: 0.999973447 0.000020992 0.000005562
JJ:/rc/c: 0.999973508 0.000026492 0.000000000
JJ:/rc/crr: 0.000000000 0.999986753 0.000013247
JJ:/rc/r: 0.999963983 0.000018355 0.000017662
JJ:/rrc/c: 0.999939911 0.000060089 0.000000000
JJ:/rrc/crr: 0.000000000 0.999969954 0.000030046
JJ:/rrc/r: 0.999883817 0.000076123 0.000040059
JK:/cc/c: 0.008351350 0.991648650 0.000000000
JK:/cc/crr: 0.000000000 0.000427445 0.999572555
JK:/cc/r: 0.000004760 0.000004760 0.999990481
JK:/crc/c: 0.506591592 0.493408408 0.000000000
JK:/crc/crr: 0.000000000 0.000016468 0.999983532
JK:/crc/r: 0.027299694 0.000011123 0.972689182
JK:/crrc/c: 0.392632550 0.607367450 0.000000000
JK:/crrc/crr: 0.000000000 0.000010624 0.999989376
JK:/crrc/r: 0.175568185 0.000005562 0.824426254
JK:/rc/c: 0.369570483 0.630429517 0.000000000
JK:/rc/crr: 0.000000000 0.000035842 0.999964158
JK:/rc/r: 0.358395647 0.000017662 0.641586691
JK:/rrc/c: 0.999939911 0.000060089 0.000000000
JK:/rrc/crr: 0.000000000 0.000030046 0.999969954
JK:/rrc/r: 0.332009959 0.000040059 0.667949981
JQ:/cc/c: 0.072439346 0.927560654 0.000000000
JQ:/cc/crr: 0.000000000 0.000049279 0.999950721
JQ:/cc/r: 0.035889851 0.000004760 0.964105389
JQ:/crc/c: 0.663509923 0.336490077 0.000000000
JQ:/crc/crr: 0.000000000 0.000012573 0.999987427
JQ:/crc/r: 0.034296482 0.000011123 0.965692395
JQ:/crrc/c: 0.040700934 0.959299066 0.000000000
JQ:/crrc/crr: 0.000000000 0.000102487 0.999897513
JQ:/crrc/r: 0.225218718 0.000005562 0.774775720
JQ:/rc/c: 0.998625024 0.001374976 0.000000000
JQ:/rc/crr: 0.000000000 0.000013264 0.999986736
JQ:/rc/r: 0.000017662 0.000017662 0.999964677
JQ:/rrc/c: 0.026158942 0.973841058 0.000000000
JQ:/rrc/crr: 0.000000000 0.001148541 0.998851459
JQ:/rrc/r: 0.493019745 0.000040059 0.506940196
K:/c: 0.999990000 0.000010000 0.000000000
K:/crr: 0.000000000 0.999995000 0.000005000
K:/r: 0.588329561 0.411663772 0.000006667
KJ:/cc/c: 0.500000000 0.500000000 0.000000000
KJ:/cc/crr: 0.000000000 0.500000000 0.500000000
KJ:/cc/r: 0.333333333 0.333333333 0.333333333
KJ:/crc/c: 0.093411819 0.906588181 0.000000000
KJ:/crc/crr: 0.000000000 0.999973237 0.000026763
KJ:/crc/r: 0.000033025 0.728365387 0.271601588
KJ:/crrc/c: 0.429972970 0.570027030 0.000000000
KJ:/crrc/crr: 0.000000000 0.999997093 0.000002907
KJ:/crrc/r: 0.077761369 0.750734095 0.171504536
KJ:/rc/c: 0.425030746 0.574969254 0.000000000
KJ:/rc/crr: 0.000000000 0.724768762 0.275231238
KJ:/rc/r: 0.021753151 0.793377971 0.184868878
KJ:/rrc/c: 0.120757203 0.879242797 0.000000000
KJ:/rrc/crr: 0.000000000 0.999976541 0.000023459
KJ:/rrc/r: 0.023513392 0.929065108 0.047421500
KK:/cc/c: 0.500000000 0.500000000 0.000000000
KK:/cc/crr: 0.000000000 0.500000000 0.500000000
KK:/cc/r: 0.333333333 0.333333333 0.333333333
KK:/crc/c: 0.999995000 0.000005000 0.000000000
KK:/crc/crr: 0.000000000 0.999997500 0.000002500
KK:/crc/r: 0.982358213 0.017638453 0.000003333
KK:/crrc/c: 0.999997500 0.000002500 0.000000000
KK:/crrc/crr: 0.000000000 0.999998750 0.000001250
KK:/crrc/r: 0.999956652 0.000041681 0.000001667
KK:/rc/c: 0.999991903 0.000008097 0.000000000
KK:/rc/crr: 0.000000000 0.999995951 0.000004049
KK:/rc/r: 0.999980791 0.000013811 0.000005398
KK:/rrc/c: 0.999994334 0.000005666 0.000000000
KK:/rrc/crr: 0.000000000 0.999997167 0.000002833
KK:/rrc/r: 0.998642271 0.001353952 0.000003777
KQ:/cc/c: 0.500000000 0.500000000 0.000000000
KQ:/cc/crr: 0.000000000 0.500000000 0.500000000
KQ:/cc/r: 0.333333333 0.333333333 0.333333333
KQ:/crc/c: 0.000834868 0.999165132 0.000000000
KQ:/crc/crr: 0.000000000 0.146165663 0.853834337
KQ:/crc/r: 0.000019959 0.438887795 0.561092246
KQ:/crrc/c: 0.593266242 0.406733758 0.000000000
KQ:/crrc/crr: 0.000000000 0.396578342 0.603421658
KQ:/crrc/r: 0.000745486 0.659545705 0.339708809
KQ:/rc/c: 0.000014623 0.999985377 0.000000000
KQ:/rc/crr: 0.000000000 0.276867498 0.723132502
KQ:/rc/r: 0.000014756 0.303768344 0.696216900
KQ:/rrc/c: 0.497962167 0.502037833 0.000000000
KQ:/rrc/crr: 0.000000000 0.484332027 0.515667973
KQ:/rrc/r: 0.054603285 0.585094399 0.360302316
Q:/c: 0.846720889 0.153279111 0.000000000
Q:/crr: 0.000000000 0.999994095 0.000005905
Q:/r: 0.374615405 0.625346879 0.000037716
QJ:/cc/c: 0.000032620 0.999967380 0.000000000
QJ:/cc/crr: 0.000000000 0.500000000 0.500000000
QJ:/cc/r: 0.000021747 0.000021747 0.999956506
QJ:/crc/c: 0.409985952 0.590014048 0.000000000
QJ:/crc/crr: 0.000000000 0.000043212 0.999956788
QJ:/crc/r: 0.000003937 0.000003937 0.999992126
QJ:/crrc/c: 0.000002953 0.999997047 0.000000000
QJ:/crrc/crr: 0.000000000 0.500000000 0.500000000
QJ:/crrc/r: 0.000087556 0.000001968 0.999910476
QJ:/rc/c: 0.000005330 0.999994670 0.000000000
QJ:/rc/crr: 0.000000000 0.500000000 0.500000000
QJ:/rc/r: 0.008235790 0.000003554 0.991760656
QJ:/rrc/c: 0.000008898 0.999991102 0.000000000
QJ:/rrc/crr: 0.000000000 0.500000000 0.500000000
QJ:/rrc/r: 0.000038130 0.000005932 0.999955938
QK:/cc/c: 0.284040340 0.715959660 0.000000000
QK:/cc/crr: 0.000000000 0.999942578 0.000057422
QK:/cc/r: 0.000090313 0.733804948 0.266104739
QK:/crc/c: 0.382023520 0.617976480 0.000000000
QK:/crc/crr: 0.000000000 0.000297174 0.999702826
QK:/crc/r: 0.000036320 0.504347686 0.495615994
QK:/crrc/c: 0.183528952 0.816471048 0.000000000
QK:/crrc/crr: 0.000000000 0.000545396 0.999454604
QK:/crrc/r: 0.000027500 0.297194595 0.702777905
QK:/rc/c: 0.377823965 0.622176035 0.000000000
QK:/rc/crr: 0.000000000 0.000007054 0.999992946
QK:/rc/r: 0.000010506 0.315535272 0.684454222
QK:/rrc/c: 0.430209693 0.569790307 0.000000000
QK:/rrc/crr: 0.000000000 0.000284935 0.999715065
QK:/rrc/r: 0.000062688 0.483789519 0.516147793
QQ:/cc/c: 0.999967380 0.000032620 0.000000000
QQ:/cc/crr: 0.000000000 0.999983689 0.000016311
QQ:/cc/r: 0.999751765 0.000226489 0.000021747
QQ:/crc/c: 0.999994095 0.000005905 0.000000000
QQ:/crc/crr: 0.000000000 0.999997047 0.000002953
QQ:/crc/r: 0.999949549 0.000046515 0.000003937
QQ:/crrc/c: 0.999997047 0.000002953 0.000000000
QQ:/crrc/crr: 0.000000000 0.999998524 0.000001476
QQ:/crrc/r: 0.999528764 0.000469267 0.000001968
QQ:/rc/c: 0.999994670 0.000005330 0.000000000
QQ:/rc/crr: 0.000000000 0.999997335 0.000002665
QQ:/rc/r: 0.999991602 0.000004844 0.000003554
QQ:/rrc/c: 0.999991102 0.000008898 0.000000000
QQ:/rrc/crr: 0.000000000 0.999995551 0.000004449
QQ:/rrc/r: 0.999959934 0.000034134 0.000005932
