J:/c: 0.311166167 0.688833833 0.000000000
J:/crr: 0.000000000 0.999983931 0.000016069
J:/r: 0.053653216 0.127646731 0.818700054
JJ:/cc/c: 0.999992741 0.000007259 0.000000000
JJ:/cc/crr: 0.000000000 0.999996371 0.000003629
JJ:/cc/r: 0.999990322 0.000004839 0.000004839
JJ:/crc/c: 0.999983931 0.000016069 0.000000000
JJ:/crc/crr: 0.000000000 0.999991966 0.000008034
JJ:/crc/r: 0.999617113 0.000372175 0.000010712
JJ:/crrc/c: 0.999991966 0.000008034 0.000000000
JJ:/crrc/crr: 0.000000000 0.999995983 0.000004017
JJ:/crrc/r: 0.999961124 0.000033520 0.000005356
JJ:/rc/c: 0.999973886 0.000026114 0.000000000
JJ:/rc/crr: 0.000000000 0.999986943 0.000013057
JJ:/rc/r: 0.999965182 0.000017409 0.000017409
JJ:/rrc/c: 0.999937873 0.000062127 0.000000000
JJ:/rrc/crr: 0.000000000 0.999968934 0.000031066
JJ:/rrc/r: 0.999917164 0.000041418 0.000041418
JK:/cc/c: 0.000007259 0.999992741 0.000000000
JK:/cc/crr: 0.000000000 0.500000000 0.500000000
JK:/cc/r: 0.000004839 0.000004839 0.999990322
JK:/crc/c: 0.528190597 0.471809403 0.000000000
JK:/crc/crr: 0.000000000 0.000015211 0.999984789
JK:/crc/r: 0.017273870 0.000010712 0.982715418
JK:/crrc/c: 0.402280363 0.597719637 0.000000000
JK:/crrc/crr: 0.000000000 0.000009986 0.999990014
JK:/crrc/r: 0.254407405 0.000005356 0.745587238
JK:/rc/c: 0.387746606 0.612253394 0.000000000
JK:/rc/crr: 0.000000000 0.000033674 0.999966326
JK:/rc/r: 0.364955666 0.000017409 0.635026925
JK:/rrc/c: 0.999937873 0.000062127 0.000000000
JK:/rrc/crr: 0.000000000 0.000031066 0.999968934
JK:/rrc/r: 0.331176936 0.000041418 0.668781646
JQ:/cc/c: 0.071576058 0.928423942 0.000000000
JQ:/cc/crr: 0.000000000 0.000050706 0.999949294
JQ:/cc/r: 0.036612904 0.000004839 0.963382257
JQ:/crc/c: 0.368818490 0.631181510 0.000000000
JQ:/crc/crr: 0.000000000 0.000021784 0.999978216
JQ:/crc/r: 0.004560529 0.000010712 0.995428759
JQ:/crrc/c: 0.131922392 0.868077608 0.000000000
JQ:/crrc/crr: 0.000000000 0.000030451 0.999969549
JQ:/crrc/r: 0.184163176 0.000005356 0.815831467
JQ:/rc/c: 0.999675908 0.000324092 0.000000000
JQ:/rc/crr: 0.000000000 0.000013061 0.999986939
JQ:/rc/r: 0.000017409 0.000017409 0.999965182
JQ:/rrc/c: 0.000062127 0.999937873 0.000000000
JQ:/rrc/crr: 0.000000000 0.500000000 0.500000000
JQ:/rrc/r: 0.605708720 0.000041418 0.394249862
K:/c: 0.999990000 0.000010000 0.000000000
K:/crr: 0.000000000 0.999995000 0.000005000
K:/r: 0.580126479 0.419866854 0.000006667
KJ:/cc/c: 0.500000000 0.500000000 0.000000000
KJ:/cc/crr: 0.000000000 0.500000000 0.500000000
KJ:/cc/r: 0.333333333 0.333333333 0.333333333
KJ:/crc/c: 0.116255332 0.883744668 0.000000000
KJ:/crc/crr: 0.000000000 0.999978495 0.000021505
KJ:/crc/r: 0.000003909 0.735618145 0.264377946
KJ:/crrc/c: 0.382372825 0.617627175 0.000000000
KJ:/crrc/crr: 0.000000000 0.999996731 0.000003269
KJ:/crrc/r: 0.000080682 0.924613393 0.075305925
KJ:/rc/c: 0.433075718 0.566924282 0.000000000
KJ:/rc/crr: 0.000000000 0.796996585 0.203003415
KJ:/rc/r: 0.000011968 0.774941783 0.225046249
KJ:/rrc/c: 0.251291371 0.748708629 0.000000000
KJ:/rrc/crr: 0.000000000 0.999988567 0.000011433
KJ:/rrc/r: 0.018433337 0.930858763 0.050707900
KK:/cc/c: 0.500000000 0.500000000 0.000000000
KK:/cc/crr: 0.000000000 0.500000000 0.500000000
KK:/cc/r: 0.333333333 0.333333333 0.333333333
KK:/crc/c: 0.999995000 0.000005000 0.000000000
KK:/crc/crr: 0.000000000 0.999997500 0.000002500
KK:/crc/r: 0.994953613 0.005043053 0.000003333
KK:/crrc/c: 0.999997500 0.000002500 0.000000000
KK:/crrc/crr: 0.000000000 0.999998750 0.000001250
KK:/crrc/r: 0.999531396 0.000466937 0.000001667
KK:/rc/c: 0.999992061 0.000007939 0.000000000
KK:/rc/crr: 0.000000000 0.999996030 0.000003970
KK:/rc/r: 0.999970206 0.000024501 0.000005293
KK:/rrc/c: 0.999994254 0.000005746 0.000000000
KK:/rrc/crr: 0.000000000 0.999997127 0.000002873
KK:/rrc/r: 0.997525266 0.002470903 0.000003831
KQ:/cc/c: 0.500000000 0.500000000 0.000000000
KQ:/cc/crr: 0.000000000 0.500000000 0.500000000
KQ:/cc/r: 0.333333333 0.333333333 0.333333333
KQ:/crc/c: 0.312928726 0.687071274 0.000000000
KQ:/crc/crr: 0.000000000 0.054155154 0.945844846
KQ:/crc/r: 0.000011167 0.440308124 0.559680709
KQ:/crrc/c: 0.449337046 0.550662954 0.000000000
KQ:/crrc/crr: 0.000000000 0.999997218 0.000002782
KQ:/crrc/r: 0.000305863 0.708852998 0.290841139
KQ:/rc/c: 0.000007939 0.999992061 0.000000000
KQ:/rc/crr: 0.000000000 0.500000000 0.500000000
KQ:/rc/r: 0.000006434 0.306617398 0.693376168
KQ:/rrc/c: 0.502147377 0.497852623 0.000000000
KQ:/rrc/crr: 0.000000000 0.495774286 0.504225714
KQ:/rrc/r: 0.000600450 0.679257477 0.320142073
Q:/c: 0.844938426 0.155061574 0.000000000
Q:/crr: 0.000000000 0.999994082 0.000005918
Q:/r: 0.361992155 0.637979124 0.000028721
QJ:/cc/c: 0.000032245 0.999967755 0.000000000
QJ:/cc/crr: 0.000000000 0.500000000 0.500000000
QJ:/cc/r: 0.000021497 0.000021497 0.999957006
QJ:/crc/c: 0.437101239 0.562898761 0.000000000
QJ:/crc/crr: 0.000000000 0.000063812 0.999936188
QJ:/crc/r: 0.000003945 0.000003945 0.999992110
QJ:/crrc/c: 0.000002959 0.999997041 0.000000000
QJ:/crrc/crr: 0.000000000 0.500000000 0.500000000
QJ:/crrc/r: 0.000858477 0.000001973 0.999139551
QJ:/rc/c: 0.000005225 0.999994775 0.000000000
QJ:/rc/crr: 0.000000000 0.500000000 0.500000000
QJ:/rc/r: 0.000003483 0.000003483 0.999993034
QJ:/rrc/c: 0.000009208 0.999990792 0.000000000
QJ:/rrc/crr: 0.000000000 0.500000000 0.500000000
QJ:/rrc/r: 0.000006139 0.000006139 0.999987722
QK:/cc/c: 0.001126577 0.998873423 0.000000000
QK:/cc/crr: 0.000000000 0.985688842 0.014311158
QK:/cc/r: 0.000021497 0.707491940 0.292486564
QK:/crc/c: 0.278582782 0.721417218 0.000000000
QK:/crc/crr: 0.000000000 0.000156500 0.999843500
QK:/crc/r: 0.000032687 0.451753269 0.548214043
QK:/crrc/c: 0.111063369 0.888936631 0.000000000
QK:/crrc/crr: 0.000000000 0.000030557 0.999969443
QK:/crrc/r: 0.000028404 0.192551728 0.807419868
QK:/rc/c: 0.363179151 0.636820849 0.000000000
QK:/rc/crr: 0.000000000 0.000702798 0.999297202
QK:/rc/r: 0.000003483 0.300681729 0.699314788
QK:/rrc/c: 0.440135681 0.559864319 0.000000000
QK:/rrc/crr: 0.000000000 0.000183431 0.999816569
QK:/rrc/r: 0.000007912 0.498850027 0.501142061
QQ:/cc/c: 0.999967755 0.000032245 0.000000000
QQ:/cc/crr: 0.000000000 0.999983877 0.000016123
QQ:/cc/r: 0.999948728 0.000029775 0.000021497
QQ:/crc/c: 0.999994082 0.000005918 0.000000000
QQ:/crc/crr: 0.000000000 0.999997041 0.000002959
QQ:/crc/r: 0.999945000 0.000051055 0.000003945
QQ:/crrc/c: 0.999997041 0.000002959 0.000000000
QQ:/crrc/crr: 0.000000000 0.999998521 0.000001479
QQ:/crrc/r: 0.999965380 0.000032648 0.000001973
QQ:/rc/c: 0.999994775 0.000005225 0.000000000
QQ:/rc/crr: 0.000000000 0.999997388 0.000002612
QQ:/rc/r: 0.999990936 0.000005581 0.000003483
QQ:/rrc/c: 0.999990792 0.000009208 0.000000000
QQ:/rrc/crr: 0.000000000 0.999995396 0.000004604
QQ:/rrc/r: 0.999978991 0.000014870 0.000006139
