J:/: 0.075491940 0.924508060 0.000000000
J:/cr: 0.018620925 0.034693686 0.946685389
J:/rr: 0.000000000 0.999933768 0.000066232
JJ:/cc/: 0.000307034 0.999692966 0.000000000
JJ:/cc/cr: 0.999996393 0.000001803 0.000001803
JJ:/cc/rr: 0.000000000 0.991192710 0.008807290
JJ:/crc/: 0.960485329 0.039514671 0.000000000
JJ:/crc/cr: 0.999123326 0.000438337 0.000438337
JJ:/crc/rr: 0.000000000 0.999972950 0.000027050
JJ:/crrc/: 0.957950960 0.042049040 0.000000000
JJ:/crrc/cr: 0.998465067 0.000767467 0.000767467
JJ:/crrc/rr: 0.000000000 0.999949468 0.000050532
JJ:/rc/: 0.897032637 0.102967363 0.000000000
JJ:/rc/cr: 0.999571177 0.000214412 0.000214412
JJ:/rc/rr: 0.000000000 0.999963083 0.000036917
JJ:/rrc/: 0.996868756 0.003131244 0.000000000
JJ:/rrc/cr: 0.992948849 0.003525576 0.003525576
JJ:/rrc/rr: 0.000000000 0.999983389 0.000016611
JK:/cc/: 0.080300671 0.919699329 0.000000000
JK:/cc/cr: 0.000114324 0.000001960 0.999883716
JK:/cc/rr: 0.000000000 0.000033675 0.999966325
JK:/crc/: 0.081731388 0.918268612 0.000000000
JK:/crc/cr: 0.045372817 0.000018862 0.954608321
JK:/crc/rr: 0.000000000 0.000317884 0.999682116
JK:/crrc/: 0.999804197 0.000195803 0.000000000
JK:/crrc/cr: 0.164815054 0.164815054 0.670369892
JK:/crrc/rr: 0.000000000 0.000048416 0.999951584
JK:/rc/: 0.997695560 0.002304440 0.000000000
JK:/rc/cr: 0.212941171 0.009580379 0.777478451
JK:/rc/rr: 0.000000000 0.000033193 0.999966807
JK:/rrc/: 0.524379406 0.475620594 0.000000000
JK:/rrc/cr: 0.864764521 0.000023211 0.135212269
JK:/rrc/rr: 0.000000000 0.000031579 0.999968421
JQ:/cc/: 0.181013218 0.818986782 0.000000000
JQ:/cc/cr: 0.000008120 0.000002201 0.999989679
JQ:/cc/rr: 0.000000000 0.000014939 0.999985061
JQ:/crc/: 0.990840064 0.009159936 0.000000000
JQ:/crc/cr: 0.001890923 0.001890923 0.996218154
JQ:/crc/rr: 0.000000000 0.000026221 0.999973779
JQ:/crrc/: 0.050708620 0.949291380 0.000000000
JQ:/crrc/cr: 0.080866404 0.000033995 0.919099601
JQ:/crrc/rr: 0.000000000 0.000954608 0.999045392
JQ:/rc/: 0.996639966 0.003360034 0.000000000
JQ:/rc/cr: 0.006570593 0.006570593 0.986858815
JQ:/rc/rr: 0.000000000 0.000033228 0.999966772
JQ:/rrc/: 0.137640868 0.862359132 0.000000000
JQ:/rrc/cr: 0.001497876 0.000012801 0.998489323
JQ:/rrc/rr: 0.000000000 0.000120307 0.999879693
K:/: 0.752326804 0.247673196 0.000000000
K:/cr: 0.698688732 0.301297810 0.000013459
K:/rr: 0.000000000 0.999993354 0.000006646
KJ:/cc/: 0.000056368 0.999943632 0.000000000
KJ:/cc/cr: 0.000048871 0.000008688 0.999942441
KJ:/cc/rr: 0.000000000 0.820927457 0.179072543
KJ:/crc/: 0.000047592 0.999952408 0.000000000
KJ:/crc/cr: 0.000040007 0.999952548 0.000007445
KJ:/crc/rr: 0.000000000 0.765356884 0.234643116
KJ:/crrc/: 0.020124473 0.979875527 0.000000000
KJ:/crrc/cr: 0.002698824 0.995938514 0.001362662
KJ:/crrc/rr: 0.000000000 0.435798584 0.564201416
KJ:/rc/: 0.041867494 0.958132506 0.000000000
KJ:/rc/cr: 0.005755639 0.960581074 0.033663287
KJ:/rc/rr: 0.000000000 0.244240781 0.755759219
KJ:/rrc/: 0.086293183 0.913706817 0.000000000
KJ:/rrc/cr: 0.000504055 0.999278905 0.000217040
KJ:/rrc/rr: 0.000000000 0.486479704 0.513520296
KK:/cc/: 0.994957539 0.005042461 0.000000000
KK:/cc/cr: 0.997330947 0.001334526 0.001334526
KK:/cc/rr: 0.000000000 0.999989855 0.000010145
KK:/crc/: 0.233515755 0.766484245 0.000000000
KK:/crc/cr: 0.999980574 0.000009713 0.000009713
KK:/crc/rr: 0.000000000 0.999952178 0.000047822
KK:/crrc/: 0.981329639 0.018670361 0.000000000
KK:/crrc/cr: 0.999656092 0.000171954 0.000171954
KK:/crrc/rr: 0.000000000 0.999995093 0.000004907
KK:/rc/: 0.826738540 0.173261460 0.000000000
KK:/rc/cr: 0.999974428 0.000012786 0.000012786
KK:/rc/rr: 0.000000000 0.999995981 0.000004019
KK:/rrc/: 0.519041200 0.480958800 0.000000000
KK:/rrc/cr: 0.999995394 0.000002303 0.000002303
KK:/rrc/rr: 0.000000000 0.999996799 0.000003201
KQ:/cc/: 0.000261728 0.999738272 0.000000000
KQ:/cc/cr: 0.000051313 0.438024916 0.561923771
KQ:/cc/rr: 0.000000000 0.961433512 0.038566488
KQ:/crc/: 0.877836027 0.122163973 0.000000000
KQ:/crc/cr: 0.000445222 0.513008899 0.486545879
KQ:/crc/rr: 0.000000000 0.000023199 0.999976801
KQ:/crrc/: 0.026523256 0.973476744 0.000000000
KQ:/crrc/cr: 0.032531163 0.713668990 0.253799847
KQ:/crrc/rr: 0.000000000 0.240982496 0.759017504
KQ:/rc/: 0.000044862 0.999955138 0.000000000
KQ:/rc/cr: 0.000041631 0.481458616 0.518499753
KQ:/rc/rr: 0.000000000 0.925928601 0.074071399
KQ:/rrc/: 0.699402216 0.300597784 0.000000000
KQ:/rrc/cr: 0.026834465 0.863809732 0.109355804
KQ:/rrc/rr: 0.000000000 0.389374481 0.610625519
Q:/: 0.748243941 0.251756059 0.000000000
Q:/cr: 0.165962988 0.832774698 0.001262315
Q:/rr: 0.000000000 0.999993318 0.000006682
QJ:/cc/: 0.000019860 0.999980140 0.000000000
QJ:/cc/cr: 0.000022393 0.000006620 0.999970986
QJ:/cc/rr: 0.000000000 0.500000000 0.500000000
QJ:/crc/: 0.029404107 0.970595893 0.000000000
QJ:/crc/cr: 0.001764768 0.000002730 0.998232502
QJ:/crc/rr: 0.000000000 0.000135177 0.999864823
QJ:/crrc/: 0.046875688 0.953124312 0.000000000
QJ:/crrc/cr: 0.000161747 0.000013950 0.999824303
QJ:/crrc/rr: 0.000000000 0.000425481 0.999574519
QJ:/rc/: 0.012457758 0.987542242 0.000000000
QJ:/rc/cr: 0.000003488 0.000002256 0.999994257
QJ:/rc/rr: 0.000000000 0.000268199 0.999731801
QJ:/rrc/: 0.000003341 0.999996659 0.000000000
QJ:/rrc/cr: 0.000001959 0.000001114 0.999996927
QJ:/rrc/rr: 0.000000000 0.500000000 0.500000000
QK:/cc/: 0.550494356 0.449505644 0.000000000
QK:/cc/cr: 0.167816127 0.832156186 0.000027686
QK:/cc/rr: 0.000000000 0.999981961 0.000018039
QK:/crc/: 0.025892637 0.974107363 0.000000000
QK:/crc/cr: 0.000002720 0.560907400 0.439089880
QK:/crc/rr: 0.000000000 0.000153509 0.999846491
QK:/crrc/: 0.882305618 0.117694382 0.000000000
QK:/crrc/cr: 0.000183379 0.607525942 0.392290679
QK:/crrc/rr: 0.000000000 0.000594150 0.999405850
QK:/rc/: 0.431666964 0.568333036 0.000000000
QK:/rc/cr: 0.021668810 0.518400544 0.459930646
QK:/rc/rr: 0.000000000 0.195740651 0.804259349
QK:/rrc/: 0.117784605 0.882215395 0.000000000
QK:/rrc/cr: 0.000001262 0.299317434 0.700681304
QK:/rrc/rr: 0.000000000 0.000684121 0.999315879
QQ:/cc/: 0.539588558 0.460411442 0.000000000
QQ:/cc/cr: 0.999971242 0.000014379 0.000014379
QQ:/cc/rr: 0.000000000 0.999981597 0.000018403
QQ:/crc/: 0.991855395 0.008144605 0.000000000
QQ:/crc/cr: 0.999349301 0.000325349 0.000325349
QQ:/crc/rr: 0.000000000 0.999995993 0.000004007
QQ:/crrc/: 0.301759510 0.698240490 0.000000000
QQ:/crrc/cr: 0.999961914 0.000019043 0.000019043
QQ:/crrc/rr: 0.000000000 0.999933905 0.000066095
QQ:/rc/: 0.506641120 0.493358880 0.000000000
QQ:/rc/cr: 0.999990970 0.000004515 0.000004515
QQ:/rc/rr: 0.000000000 0.999993405 0.000006595
QQ:/rrc/: 0.977855990 0.022144010 0.000000000
QQ:/rrc/cr: 0.999899411 0.000050295 0.000050295
QQ:/rrc/rr: 0.000000000 0.999998292 0.000001708
