J:/: 0.072550882 0.927449118 0.000000000
J:/cr: 0.018693173 0.033646225 0.947660602
J:/rr: 0.000000000 0.999931083 0.000068917
JJ:/cc/: 0.000125005 0.999874995 0.000000000
JJ:/cc/cr: 0.999996405 0.000001797 0.000001797
JJ:/cc/rr: 0.000000000 0.978436302 0.021563698
JJ:/crc/: 0.997484885 0.002515115 0.000000000
JJ:/crc/cr: 0.985842936 0.007078532 0.007078532
JJ:/crc/rr: 0.000000000 0.999973228 0.000026772
JJ:/crrc/: 0.999903866 0.000096134 0.000000000
JJ:/crrc/cr: 0.333333333 0.333333333 0.333333333
JJ:/crrc/rr: 0.000000000 0.999951929 0.000048071
JJ:/rc/: 0.977454871 0.022545129 0.000000000
JJ:/rc/cr: 0.997962098 0.001018951 0.001018951
JJ:/rc/rr: 0.000000000 0.999964747 0.000035253
JJ:/rrc/: 0.999965539 0.000034461 0.000000000
JJ:/rrc/cr: 0.333333333 0.333333333 0.333333333
JJ:/rrc/rr: 0.000000000 0.999982769 0.000017231
JK:/cc/: 0.091926977 0.908073023 0.000000000
JK:/cc/cr: 0.000001979 0.000001979 0.999996042
JK:/cc/rr: 0.000000000 0.000029323 0.999970677
JK:/crc/: 0.024451001 0.975548999 0.000000000
JK:/crc/cr: 0.000018250 0.000018250 0.999963501
JK:/crc/rr: 0.000000000 0.001092184 0.998907816
JK:/crrc/: 0.999903866 0.000096134 0.000000000
JK:/crrc/cr: 0.333333333 0.333333333 0.333333333
JK:/crrc/rr: 0.000000000 0.000048071 0.999951929
JK:/rc/: 0.999809871 0.000190129 0.000000000
JK:/rc/cr: 0.758349130 0.120825435 0.120825435
JK:/rc/rr: 0.000000000 0.000034465 0.999965535
JK:/rrc/: 0.555618143 0.444381857 0.000000000
JK:/rrc/cr: 0.963924980 0.000025849 0.036049171
JK:/rrc/rr: 0.000000000 0.000031011 0.999968989
JQ:/cc/: 0.169932708 0.830067292 0.000000000
JQ:/cc/cr: 0.000002165 0.000002165 0.999995670
JQ:/cc/rr: 0.000000000 0.000015863 0.999984137
JQ:/crc/: 0.996174684 0.003825316 0.000000000
JQ:/crc/cr: 0.004654079 0.004654079 0.990691842
JQ:/crc/rr: 0.000000000 0.000026808 0.999973192
JQ:/crrc/: 0.009597467 0.990402533 0.000000000
JQ:/crrc/cr: 0.089740388 0.000032355 0.910227257
JQ:/crrc/rr: 0.000000000 0.005008284 0.994991716
JQ:/rc/: 0.999931083 0.000068917 0.000000000
JQ:/rc/cr: 0.333333333 0.333333333 0.333333333
JQ:/rc/rr: 0.000000000 0.000034461 0.999965539
JQ:/rrc/: 0.130609048 0.869390952 0.000000000
JQ:/rrc/cr: 0.000013213 0.000013213 0.999973575
JQ:/rrc/rr: 0.000000000 0.000131924 0.999868076
K:/: 0.756118502 0.243881498 0.000000000
K:/cr: 0.697858256 0.302128077 0.000013668
K:/rr: 0.000000000 0.999993387 0.000006613
KJ:/cc/: 0.000020502 0.999979498 0.000000000
KJ:/cc/cr: 0.000006834 0.000006834 0.999986332
KJ:/cc/rr: 0.000000000 0.500000000 0.500000000
KJ:/crc/: 0.000022619 0.999977381 0.000000000
KJ:/crc/cr: 0.000007540 0.999984920 0.000007540
KJ:/crc/rr: 0.000000000 0.500000000 0.500000000
KJ:/crrc/: 0.000302198 0.999697802 0.000000000
KJ:/crrc/cr: 0.000003265 0.999993470 0.000003265
KJ:/crrc/rr: 0.000000000 0.983797545 0.016202455
KJ:/rc/: 0.041817490 0.958182510 0.000000000
KJ:/rc/cr: 0.001872725 0.991707762 0.006419513
KJ:/rc/rr: 0.000000000 0.248722096 0.751277904
KJ:/rrc/: 0.103606719 0.896393281 0.000000000
KJ:/rrc/cr: 0.000001230 0.999997541 0.000001230
KJ:/rrc/rr: 0.000000000 0.632379071 0.367620929
KK:/cc/: 0.999912423 0.000087577 0.000000000
KK:/cc/cr: 0.843933361 0.078033319 0.078033319
KK:/cc/rr: 0.000000000 0.999989748 0.000010252
KK:/crc/: 0.073487223 0.926512777 0.000000000
KK:/crc/cr: 0.999983724 0.000008138 0.000008138
KK:/crc/rr: 0.000000000 0.999846101 0.000153899
KK:/crrc/: 0.995956057 0.004043943 0.000000000
KK:/crrc/cr: 0.998385618 0.000807191 0.000807191
KK:/crrc/rr: 0.000000000 0.999995084 0.000004916
KK:/rc/: 0.810613569 0.189386431 0.000000000
KK:/rc/cr: 0.999976722 0.000011639 0.000011639
KK:/rc/rr: 0.000000000 0.999995921 0.000004079
KK:/rrc/: 0.530135905 0.469864095 0.000000000
KK:/rrc/cr: 0.999993651 0.000004004 0.000002346
KK:/rrc/rr: 0.000000000 0.999996882 0.000003118
KQ:/cc/: 0.000020502 0.999979498 0.000000000
KQ:/cc/cr: 0.000006834 0.420079373 0.579913793
KQ:/cc/rr: 0.000000000 0.500000000 0.500000000
KQ:/crc/: 0.919933692 0.080066308 0.000000000
KQ:/crc/cr: 0.000094169 0.933128670 0.066777161
KQ:/crc/rr: 0.000000000 0.000012294 0.999987706
KQ:/crrc/: 0.008471715 0.991528285 0.000000000
KQ:/crrc/cr: 0.031984810 0.697385642 0.270629549
KQ:/crrc/rr: 0.000000000 0.528037844 0.471962156
KQ:/rc/: 0.000006613 0.999993387 0.000000000
KQ:/rc/cr: 0.000008805 0.479998868 0.519992327
KQ:/rc/rr: 0.000000000 0.500000000 0.500000000
KQ:/rrc/: 0.719426076 0.280573924 0.000000000
KQ:/rrc/cr: 0.001414242 0.947749884 0.050835874
KQ:/rrc/rr: 0.000000000 0.392176648 0.607823352
Q:/: 0.752268572 0.247731428 0.000000000
Q:/cr: 0.156702423 0.843282614 0.000014962
Q:/rr: 0.000000000 0.999993353 0.000006647
QJ:/cc/: 0.000020183 0.999979817 0.000000000
QJ:/cc/cr: 0.000006728 0.000006728 0.999986544
QJ:/cc/rr: 0.000000000 0.500000000 0.500000000
QJ:/crc/: 0.030117957 0.969882043 0.000000000
QJ:/crc/cr: 0.000074545 0.000002742 0.999922713
QJ:/crc/rr: 0.000000000 0.000132446 0.999867554
QJ:/crrc/: 0.075288196 0.924711804 0.000000000
QJ:/crrc/cr: 0.000015476 0.000015476 0.999969048
QJ:/crrc/rr: 0.000000000 0.000285125 0.999714875
QJ:/rc/: 0.012275092 0.987724908 0.000000000
QJ:/rc/cr: 0.000002243 0.000002243 0.999995514
QJ:/rc/rr: 0.000000000 0.000270734 0.999729266
QJ:/rrc/: 0.000003323 0.999996677 0.000000000
QJ:/rrc/cr: 0.000001108 0.000001108 0.999997784
QJ:/rrc/rr: 0.000000000 0.500000000 0.500000000
QK:/cc/: 0.000708560 0.999291440 0.000000000
QK:/cc/cr: 0.000027215 0.999965735 0.000007051
QK:/cc/rr: 0.000000000 0.985757636 0.014242364
QK:/crc/: 0.000007978 0.999992022 0.000000000
QK:/crc/cr: 0.000002746 0.556699573 0.443297681
QK:/crc/rr: 0.000000000 0.500000000 0.500000000
QK:/crrc/: 0.998912975 0.001087025 0.000000000
QK:/crrc/cr: 0.013991372 0.390577911 0.595430717
QK:/crrc/rr: 0.000000000 0.000537279 0.999462721
QK:/rc/: 0.428392036 0.571607964 0.000000000
QK:/rc/cr: 0.002217019 0.536964044 0.460818937
QK:/rc/rr: 0.000000000 0.206254289 0.793745711
QK:/rrc/: 0.126961027 0.873038973 0.000000000
QK:/rrc/cr: 0.000007199 0.300600679 0.699392121
QK:/rrc/rr: 0.000000000 0.000013088 0.999986912
QQ:/cc/: 0.477588893 0.522411107 0.000000000
QQ:/cc/cr: 0.999974244 0.000012878 0.000012878
QQ:/cc/rr: 0.000000000 0.999978870 0.000021130
QQ:/crc/: 0.998109415 0.001890585 0.000000000
QQ:/crc/cr: 0.997186758 0.001406621 0.001406621
QQ:/crc/rr: 0.000000000 0.999996003 0.000003997
QQ:/crrc/: 0.108128672 0.891871328 0.000000000
QQ:/crrc/cr: 0.999967744 0.000016210 0.000016046
QQ:/crrc/rr: 0.000000000 0.999801472 0.000198528
QQ:/rc/: 0.482111768 0.517888232 0.000000000
QQ:/rc/cr: 0.999983746 0.000011976 0.000004278
QQ:/rc/rr: 0.000000000 0.999993107 0.000006893
QQ:/rrc/: 0.991524943 0.008475057 0.000000000
QQ:/rrc/cr: 0.999738582 0.000130709 0.000130709
QQ:/rrc/rr: 0.000000000 0.999998324 0.000001676
