J:/c: 0.296307180 0.703692820 0.000000000
J:/crr: 0.000000000 0.999983126 0.000016874
J:/r: 0.054519623 0.128754413 0.816725964
JJ:/cc/c: 0.999992895 0.000007105 0.000000000
JJ:/cc/crr: 0.000000000 0.999996447 0.000003553
JJ:/cc/r: 0.999982745 0.000012518 0.000004737
JJ:/crc/c: 0.999983126 0.000016874 0.000000000
JJ:/crc/crr: 0.000000000 0.999991563 0.000008437
JJ:/crc/r: 0.999977501 0.000011250 0.000011250
JJ:/crrc/c: 0.999991563 0.000008437 0.000000000
JJ:/crrc/crr: 0.000000000 0.999995781 0.000004219
JJ:/crrc/r: 0.999988750 0.000005625 0.000005625
JJ:/rc/c: 0.999974111 0.000025889 0.000000000
JJ:/rc/crr: 0.000000000 0.999987055 0.000012945
JJ:/rc/r: 0.999963441 0.000019299 0.000017259
JJ:/rrc/c: 0.999938860 0.000061140 0.000000000
JJ:/rrc/crr: 0.000000000 0.999969428 0.000030572
JJ:/rrc/r: 0.999756470 0.000202770 0.000040760
JK:/cc/c: 0.008537193 0.991462807 0.000000000
JK:/cc/crr: 0.000000000 0.000416142 0.999583858
JK:/cc/r: 0.000008471 0.000004737 0.999986793
JK:/crc/c: 0.509415854 0.490584146 0.000000000
JK:/crc/crr: 0.000000000 0.000016562 0.999983438
JK:/crc/r: 0.061294798 0.000011250 0.938693952
JK:/crrc/c: 0.463587435 0.536412565 0.000000000
JK:/crrc/crr: 0.000000000 0.000009100 0.999990900
JK:/crrc/r: 0.226498964 0.000005625 0.773495411
JK:/rc/c: 0.384999944 0.615000056 0.000000000
JK:/rc/crr: 0.000000000 0.000033622 0.999966378
JK:/rc/r: 0.352937351 0.000017259 0.647045389
JK:/rrc/c: 0.999795858 0.000204142 0.000000000
JK:/rrc/crr: 0.000000000 0.000030576 0.999969424
JK:/rrc/r: 0.295885165 0.000040760 0.704074075
JQ:/cc/c: 0.072316218 0.927683782 0.000000000
JQ:/cc/crr: 0.000000000 0.000049127 0.999950873
JQ:/cc/r: 0.038081004 0.000004737 0.961914259
JQ:/crc/c: 0.512830206 0.487169794 0.000000000
JQ:/crc/crr: 0.000000000 0.000016452 0.999983548
JQ:/crc/r: 0.008980605 0.000011250 0.991008145
JQ:/crrc/c: 0.026872486 0.973127514 0.000000000
JQ:/crrc/crr: 0.000000000 0.000156988 0.999843012
JQ:/crrc/r: 0.222422341 0.000005625 0.777572034
JQ:/rc/c: 0.992019701 0.007980299 0.000000000
JQ:/rc/crr: 0.000000000 0.000013049 0.999986951
JQ:/rc/r: 0.000017259 0.000017259 0.999965481
JQ:/rrc/c: 0.018940760 0.981059240 0.000000000
JQ:/rrc/crr: 0.000000000 0.001613981 0.998386019
JQ:/rrc/r: 0.451034884 0.000040760 0.548924356
K:/c: 0.999969311 0.000030689 0.000000000
K:/crr: 0.000000000 0.999995000 0.000005000
K:/r: 0.573886159 0.426107174 0.000006667
KJ:/cc/c: 0.467178543 0.532821457 0.000000000
KJ:/cc/crr: 0.000000000 0.825628936 0.174371064
KJ:/cc/r: 0.535246109 0.220143515 0.244610376
KJ:/crc/c: 0.163684687 0.836315313 0.000000000
KJ:/crc/crr: 0.000000000 0.999984726 0.000015274
KJ:/crc/r: 0.000069603 0.764731883 0.235198514
KJ:/crrc/c: 0.368494075 0.631505925 0.000000000
KJ:/crrc/crr: 0.000000000 0.999996608 0.000003392
KJ:/crrc/r: 0.021346432 0.856271715 0.122381853
KJ:/rc/c: 0.411752238 0.588247762 0.000000000
KJ:/rc/crr: 0.000000000 0.742074871 0.257925129
KJ:/rc/r: 0.072682664 0.718113580 0.209203757
KJ:/rrc/c: 0.151342520 0.848657480 0.000000000
KJ:/rrc/crr: 0.000000000 0.997704019 0.002295981
KJ:/rrc/r: 0.047344991 0.883367623 0.069287386
KK:/cc/c: 0.837075161 0.162924839 0.000000000
KK:/cc/crr: 0.000000000 0.902682073 0.097317927
KK:/cc/r: 0.606767560 0.284615881 0.108616560
KK:/crc/c: 0.999995000 0.000005000 0.000000000
KK:/crc/crr: 0.000000000 0.999997500 0.000002500
KK:/crc/r: 0.926189603 0.073807064 0.000003333
KK:/crrc/c: 0.999997500 0.000002500 0.000000000
KK:/crrc/crr: 0.000000000 0.999998750 0.000001250
KK:/crrc/r: 0.999980403 0.000017931 0.000001667
KK:/rc/c: 0.999992177 0.000007823 0.000000000
KK:/rc/crr: 0.000000000 0.999996089 0.000003911
KK:/rc/r: 0.999979918 0.000014866 0.000005215
KK:/rrc/c: 0.999994192 0.000005808 0.000000000
KK:/rrc/crr: 0.000000000 0.999997096 0.000002904
KK:/rrc/r: 0.999975753 0.000020374 0.000003872
KQ:/cc/c: 0.837075161 0.162924839 0.000000000
KQ:/cc/crr: 0.000000000 0.902682073 0.097317927
KQ:/cc/r: 0.532356815 0.298848179 0.168795006
KQ:/crc/c: 0.109765147 0.890234853 0.000000000
KQ:/crc/crr: 0.000000000 0.028927516 0.971072484
KQ:/crc/r: 0.000069960 0.441786056 0.558143984
KQ:/crrc/c: 0.628235078 0.371764922 0.000000000
KQ:/crrc/crr: 0.000000000 0.434906910 0.565093090
KQ:/crrc/r: 0.001963993 0.643557647 0.354478359
KQ:/rc/c: 0.000546462 0.999453538 0.000000000
KQ:/rc/crr: 0.000000000 0.102745945 0.897254055
KQ:/rc/r: 0.000023445 0.297679991 0.702296564
KQ:/rrc/c: 0.490501286 0.509498714 0.000000000
KQ:/rrc/crr: 0.000000000 0.553469535 0.446530465
KQ:/rrc/r: 0.070506809 0.552430228 0.377062963
Q:/c: 0.850888582 0.149111418 0.000000000
Q:/crr: 0.000000000 0.999994124 0.000005876
Q:/r: 0.363788196 0.636166601 0.000045203
QJ:/cc/c: 0.000339879 0.999660121 0.000000000
QJ:/cc/crr: 0.000000000 0.049329311 0.950670689
QJ:/cc/r: 0.000039499 0.000022355 0.999938146
QJ:/crc/c: 0.391426392 0.608573608 0.000000000
QJ:/crc/crr: 0.000000000 0.000415768 0.999584232
QJ:/crc/r: 0.000003917 0.000003917 0.999992165
QJ:/crrc/c: 0.000002938 0.999997062 0.000000000
QJ:/crrc/crr: 0.000000000 0.500000000 0.500000000
QJ:/crrc/r: 0.016583517 0.000001959 0.983414525
QJ:/rc/c: 0.000111397 0.999888603 0.000000000
QJ:/rc/crr: 0.000000000 0.023518143 0.976481857
QJ:/rc/r: 0.014651409 0.000003493 0.985345097
QJ:/rrc/c: 0.000251597 0.999748403 0.000000000
QJ:/rrc/crr: 0.000000000 0.018209388 0.981790612
QJ:/rrc/r: 0.000075765 0.000006109 0.999918127
QK:/cc/c: 0.187809762 0.812190238 0.000000000
QK:/cc/crr: 0.000000000 0.999910729 0.000089271
QK:/cc/r: 0.000116160 0.734618338 0.265265502
QK:/crc/c: 0.381779645 0.618220355 0.000000000
QK:/crc/crr: 0.000000000 0.002411957 0.997588043
QK:/crc/r: 0.000257888 0.438715500 0.561026611
QK:/crrc/c: 0.035367622 0.964632378 0.000000000
QK:/crrc/crr: 0.000000000 0.017580977 0.982419023
QK:/crrc/r: 0.000050330 0.283042460 0.716907210
QK:/rc/c: 0.375811971 0.624188029 0.000000000
QK:/rc/crr: 0.000000000 0.003208021 0.996791979
QK:/rc/r: 0.000010400 0.320596002 0.679393598
QK:/rrc/c: 0.425600393 0.574399607 0.000000000
QK:/rrc/crr: 0.000000000 0.066589487 0.933410513
QK:/rrc/r: 0.000086768 0.525113416 0.474799816
QQ:/cc/c: 0.999966468 0.000033532 0.000000000
QQ:/cc/crr: 0.000000000 0.999983233 0.000016767
QQ:/cc/r: 0.999916187 0.000061459 0.000022355
QQ:/crc/c: 0.999994124 0.000005876 0.000000000
QQ:/crc/crr: 0.000000000 0.999997062 0.000002938
QQ:/crc/r: 0.912242573 0.087753509 0.000003917
QQ:/crrc/c: 0.999997062 0.000002938 0.000000000
QQ:/crrc/crr: 0.000000000 0.999998531 0.000001469
QQ:/crrc/r: 0.999996083 0.000001959 0.000001959
QQ:/rc/c: 0.999994760 0.000005240 0.000000000
QQ:/rc/crr: 0.000000000 0.999997380 0.000002620
QQ:/rc/r: 0.999992260 0.000004247 0.000003493
QQ:/rrc/c: 0.999990837 0.000009163 0.000000000
QQ:/rrc/crr: 0.000000000 0.999995419 0.000004581
QQ:/rrc/r: 0.999959433 0.000034459 0.000006109
