J:/: 0.073968953 0.926031047 0.000000000
J:/cr: 0.017854171 0.035682270 0.946463559
J:/rr: 0.000000000 0.999932404 0.000067596
JJ:/cc/: 0.000031755 0.999968245 0.000000000
JJ:/cc/cr: 0.999996400 0.000001800 0.000001800
JJ:/cc/rr: 0.000000000 0.914983483 0.085016517
JJ:/crc/: 0.962221310 0.037778690 0.000000000
JJ:/crc/cr: 0.999109913 0.000445044 0.000445044
JJ:/crc/rr: 0.000000000 0.999973790 0.000026210
JJ:/crrc/: 0.985240631 0.014759369 0.000000000
JJ:/crrc/cr: 0.995446719 0.002276641 0.002276641
JJ:/crrc/rr: 0.000000000 0.999948842 0.000051158
JJ:/rc/: 0.873580064 0.126419936 0.000000000
JJ:/rc/cr: 0.999643538 0.000178231 0.000178231
JJ:/rc/rr: 0.000000000 0.999961311 0.000038689
JJ:/rrc/: 0.999263822 0.000736178 0.000000000
JJ:/rrc/cr: 0.969391241 0.015304380 0.015304380
JJ:/rrc/rr: 0.000000000 0.999983087 0.000016913
JK:/cc/: 0.077727033 0.922272967 0.000000000
JK:/cc/cr: 0.000001951 0.000001951 0.999996097
JK:/cc/rr: 0.000000000 0.000034733 0.999965267
JK:/crc/: 0.051620862 0.948379138 0.000000000
JK:/crc/cr: 0.046433687 0.000017728 0.953548585
JK:/crc/rr: 0.000000000 0.000488557 0.999511443
JK:/crrc/: 0.999899195 0.000100805 0.000000000
JK:/crrc/cr: 0.333333333 0.333333333 0.333333333
JK:/crrc/rr: 0.000000000 0.000050408 0.999949592
JK:/rc/: 0.999932404 0.000067596 0.000000000
JK:/rc/cr: 0.333333333 0.333333333 0.333333333
JK:/rc/rr: 0.000000000 0.000033800 0.999966200
JK:/rrc/: 0.546986157 0.453013843 0.000000000
JK:/rrc/cr: 0.878229611 0.000024871 0.121745519
JK:/rrc/rr: 0.000000000 0.000030897 0.999969103
JQ:/cc/: 0.196149537 0.803850463 0.000000000
JQ:/cc/cr: 0.000002239 0.000002239 0.999995522
JQ:/cc/rr: 0.000000000 0.000013763 0.999986237
JQ:/crc/: 0.996298446 0.003701554 0.000000000
JQ:/crc/cr: 0.004542191 0.004542191 0.990915618
JQ:/crc/rr: 0.000000000 0.000025313 0.999974687
JQ:/crrc/: 0.016804702 0.983195298 0.000000000
JQ:/crrc/cr: 0.139773975 0.000034176 0.860191848
JQ:/crrc/rr: 0.000000000 0.002999319 0.997000681
JQ:/rc/: 0.998436744 0.001563256 0.000000000
JQ:/rc/cr: 0.014413490 0.014413490 0.971173021
JQ:/rc/rr: 0.000000000 0.000033851 0.999966149
JQ:/rrc/: 0.183879184 0.816120816 0.000000000
JQ:/rrc/cr: 0.000013805 0.000013805 0.999972390
JQ:/rrc/rr: 0.000000000 0.000091909 0.999908091
K:/: 0.753324192 0.246675808 0.000000000
K:/cr: 0.676095897 0.323890590 0.000013513
K:/rr: 0.000000000 0.999993363 0.000006637
KJ:/cc/: 0.000020270 0.999979730 0.000000000
KJ:/cc/cr: 0.000006757 0.000006757 0.999986487
KJ:/cc/rr: 0.000000000 0.500000000 0.500000000
KJ:/crc/: 0.000048962 0.999951038 0.000000000
KJ:/crc/cr: 0.000028166 0.999964880 0.000006954
KJ:/crc/rr: 0.000000000 0.786971832 0.213028168
KJ:/crrc/: 0.068931460 0.931068540 0.000000000
KJ:/crrc/cr: 0.000405888 0.999035635 0.000558477
KJ:/crrc/rr: 0.000000000 0.407429541 0.592570459
KJ:/rc/: 0.075696941 0.924303059 0.000000000
KJ:/rc/cr: 0.012655112 0.952127412 0.035217476
KJ:/rc/rr: 0.000000000 0.403885362 0.596114638
KJ:/rrc/: 0.077080156 0.922919844 0.000000000
KJ:/rrc/cr: 0.000090382 0.999908419 0.000001199
KJ:/rrc/rr: 0.000000000 0.677517983 0.322482017
KK:/cc/: 0.999303058 0.000696942 0.000000000
KK:/cc/cr: 0.980610998 0.009694501 0.009694501
KK:/cc/rr: 0.000000000 0.999989858 0.000010142
KK:/crc/: 0.117014917 0.882985083 0.000000000
KK:/crc/cr: 0.999984250 0.000007875 0.000007875
KK:/crc/rr: 0.000000000 0.999910864 0.000089136
KK:/crrc/: 0.988571699 0.011428301 0.000000000
KK:/crrc/cr: 0.999417037 0.000291481 0.000291481
KK:/crrc/rr: 0.000000000 0.999994946 0.000005054
KK:/rc/: 0.821908129 0.178091871 0.000000000
KK:/rc/cr: 0.999975154 0.000012423 0.000012423
KK:/rc/rr: 0.000000000 0.999995962 0.000004038
KK:/rrc/: 0.512003949 0.487996051 0.000000000
KK:/rrc/cr: 0.999995466 0.000002267 0.000002267
KK:/rrc/rr: 0.000000000 0.999996759 0.000003241
KQ:/cc/: 0.000132068 0.999867932 0.000000000
KQ:/cc/cr: 0.000035927 0.428083668 0.571880405
KQ:/cc/rr: 0.000000000 0.923261017 0.076738983
KQ:/crc/: 0.888355171 0.111644829 0.000000000
KQ:/crc/cr: 0.000357264 0.714683893 0.284958843
KQ:/crc/rr: 0.000000000 0.000032330 0.999967670
KQ:/crrc/: 0.005088831 0.994911169 0.000000000
KQ:/crrc/cr: 0.028417592 0.670736206 0.300846203
KQ:/crrc/rr: 0.000000000 0.343793844 0.656206156
KQ:/rc/: 0.000006637 0.999993363 0.000000000
KQ:/rc/cr: 0.000012098 0.490666514 0.509321388
KQ:/rc/rr: 0.000000000 0.500000000 0.500000000
KQ:/rrc/: 0.676616340 0.323383660 0.000000000
KQ:/rrc/cr: 0.010899334 0.947175234 0.041925432
KQ:/rrc/rr: 0.000000000 0.386249684 0.613750316
Q:/: 0.739775714 0.260224286 0.000000000
Q:/cr: 0.150473348 0.849344232 0.000182420
Q:/rr: 0.000000000 0.999993241 0.000006759
QJ:/cc/: 0.000019214 0.999980786 0.000000000
QJ:/cc/cr: 0.000006405 0.000006405 0.999987190
QJ:/cc/rr: 0.000000000 0.500000000 0.500000000
QJ:/crc/: 0.028892369 0.971107631 0.000000000
QJ:/crc/cr: 0.001318601 0.000002588 0.998678811
QJ:/crc/rr: 0.000000000 0.000130498 0.999869502
QJ:/crrc/: 0.006765080 0.993234920 0.000000000
QJ:/crrc/cr: 0.000362949 0.000014285 0.999622766
QJ:/crrc/rr: 0.000000000 0.003145853 0.996854147
QJ:/rc/: 0.005988389 0.994011611 0.000000000
QJ:/rc/cr: 0.000002267 0.000002267 0.999995467
QJ:/rc/rr: 0.000000000 0.000564326 0.999435674
QJ:/rrc/: 0.000003379 0.999996621 0.000000000
QJ:/rrc/cr: 0.000001126 0.000001126 0.999997747
QJ:/rrc/rr: 0.000000000 0.500000000 0.500000000
QK:/cc/: 0.488997194 0.511002806 0.000000000
QK:/cc/cr: 0.997885396 0.002095697 0.000018907
QK:/cc/rr: 0.000000000 0.999980353 0.000019647
QK:/crc/: 0.009762007 0.990237993 0.000000000
QK:/crc/cr: 0.000003590 0.553186476 0.446809934
QK:/crc/rr: 0.000000000 0.000453197 0.999546803
QK:/crrc/: 0.962338337 0.037661663 0.000000000
QK:/crrc/cr: 0.000486022 0.414950548 0.584563431
QK:/crrc/rr: 0.000000000 0.000587541 0.999412459
QK:/rc/: 0.448404851 0.551595149 0.000000000
QK:/rc/cr: 0.000543589 0.535275847 0.464180564
QK:/rc/rr: 0.000000000 0.200568161 0.799431839
QK:/rrc/: 0.118714967 0.881285033 0.000000000
QK:/rrc/cr: 0.000001278 0.294043072 0.705955650
QK:/rrc/rr: 0.000000000 0.000228979 0.999771021
QQ:/cc/: 0.551028132 0.448971868 0.000000000
QQ:/cc/cr: 0.999971469 0.000014265 0.000014265
QQ:/cc/rr: 0.000000000 0.999982565 0.000017435
QQ:/crc/: 0.990962007 0.009037993 0.000000000
QQ:/crc/cr: 0.999443771 0.000278115 0.000278115
QQ:/crc/rr: 0.000000000 0.999996195 0.000003805
QQ:/crrc/: 0.083905383 0.916094617 0.000000000
QQ:/crrc/cr: 0.999969025 0.000015487 0.000015487
QQ:/crrc/rr: 0.000000000 0.999746358 0.000253642
QQ:/rc/: 0.501369354 0.498630646 0.000000000
QQ:/rc/cr: 0.999989445 0.000006037 0.000004518
QQ:/rc/rr: 0.000000000 0.999993260 0.000006740
QQ:/rrc/: 0.989041825 0.010958175 0.000000000
QQ:/rrc/cr: 0.999794405 0.000102798 0.000102798
QQ:/rrc/rr: 0.000000000 0.999998292 0.000001708
