J:/: 0.085120903 0.914879097 0.000000000
J:/cr: 0.018030567 0.035011332 0.946958101
J:/rr: 0.000000000 0.999941260 0.000058740
JJ:/cc/: 0.000297131 0.999702869 0.000000000
JJ:/cc/cr: 0.999996355 0.000001822 0.000001822
JJ:/cc/rr: 0.000000000 0.990803383 0.009196617
JJ:/crc/: 0.917255335 0.082744665 0.000000000
JJ:/crc/cr: 0.999580777 0.000209612 0.000209612
JJ:/crc/rr: 0.000000000 0.999971637 0.000028363
JJ:/crrc/: 0.967903377 0.032096623 0.000000000
JJ:/crrc/cr: 0.997901422 0.001049289 0.001049289
JJ:/crrc/rr: 0.000000000 0.999947807 0.000052193
JJ:/rc/: 0.907550552 0.092449448 0.000000000
JJ:/rc/cr: 0.999576417 0.000211791 0.000211791
JJ:/rc/rr: 0.000000000 0.999967638 0.000032362
JJ:/rrc/: 0.985987932 0.014012068 0.000000000
JJ:/rrc/cr: 0.998602552 0.000698724 0.000698724
JJ:/rrc/rr: 0.000000000 0.999985105 0.000014895
JK:/cc/: 0.073416460 0.926583540 0.000000000
JK:/cc/cr: 0.000006785 0.000001966 0.999991249
JK:/cc/rr: 0.000000000 0.000037221 0.999962779
JK:/crc/: 0.076236567 0.923763433 0.000000000
JK:/crc/cr: 0.071087171 0.000018776 0.928894054
JK:/crc/rr: 0.000000000 0.000341258 0.999658742
JK:/crrc/: 0.999811580 0.000188420 0.000000000
JK:/crrc/cr: 0.178741866 0.178741866 0.642516267
JK:/crrc/rr: 0.000000000 0.000050527 0.999949473
JK:/rc/: 0.974789702 0.025210298 0.000000000
JK:/rc/cr: 0.940845794 0.000776666 0.058377540
JK:/rc/rr: 0.000000000 0.000030130 0.999969870
JK:/rrc/: 0.492279669 0.507720331 0.000000000
JK:/rrc/cr: 0.705783031 0.000019283 0.294197686
JK:/rrc/rr: 0.000000000 0.000029832 0.999970168
JQ:/cc/: 0.185948963 0.814051037 0.000000000
JQ:/cc/cr: 0.000008154 0.000002238 0.999989608
JQ:/cc/rr: 0.000000000 0.000014695 0.999985305
JQ:/crc/: 0.989357351 0.010642649 0.000000000
JQ:/crc/cr: 0.162915432 0.001629692 0.835454876
JQ:/crc/rr: 0.000000000 0.000026296 0.999973704
JQ:/crrc/: 0.039836467 0.960163533 0.000000000
JQ:/crrc/cr: 0.073293306 0.000035076 0.926671618
JQ:/crrc/rr: 0.000000000 0.001268133 0.998731867
JQ:/rc/: 0.994134635 0.005865365 0.000000000
JQ:/rc/cr: 0.003338240 0.003338240 0.993323521
JQ:/rc/rr: 0.000000000 0.000029543 0.999970457
JQ:/rrc/: 0.102912589 0.897087411 0.000000000
JQ:/rrc/cr: 0.000220161 0.000010914 0.999768925
JQ:/rrc/rr: 0.000000000 0.000142702 0.999857298
K:/: 0.759529012 0.240470988 0.000000000
K:/cr: 0.693307987 0.306678151 0.000013862
K:/rr: 0.000000000 0.999993417 0.000006583
KJ:/cc/: 0.000058425 0.999941575 0.000000000
KJ:/cc/cr: 0.000050195 0.000008840 0.999940965
KJ:/cc/rr: 0.000000000 0.822057697 0.177942303
KJ:/crc/: 0.000048191 0.999951809 0.000000000
KJ:/crc/cr: 0.000045491 0.999946975 0.000007534
KJ:/crc/rr: 0.000000000 0.765518251 0.234481749
KJ:/crrc/: 0.062772103 0.937227897 0.000000000
KJ:/crrc/cr: 0.004443212 0.989432590 0.006124197
KJ:/crrc/rr: 0.000000000 0.513994479 0.486005521
KJ:/rc/: 0.070651915 0.929348085 0.000000000
KJ:/rc/cr: 0.014563416 0.957109793 0.028326791
KJ:/rc/rr: 0.000000000 0.455328619 0.544671381
KJ:/rrc/: 0.098125267 0.901874733 0.000000000
KJ:/rrc/cr: 0.000012955 0.998659309 0.001327736
KJ:/rrc/rr: 0.000000000 0.494883223 0.505116777
KK:/cc/: 0.999657719 0.000342281 0.000000000
KK:/cc/cr: 0.959502070 0.020248965 0.020248965
KK:/cc/rr: 0.000000000 0.999989600 0.000010400
KK:/crc/: 0.185126682 0.814873318 0.000000000
KK:/crc/cr: 0.999981511 0.000009245 0.000009245
KK:/crc/rr: 0.000000000 0.999938961 0.000061039
KK:/crrc/: 0.988757568 0.011242432 0.000000000
KK:/crrc/cr: 0.999407200 0.000296400 0.000296400
KK:/crrc/rr: 0.000000000 0.999994945 0.000005055
KK:/rc/: 0.903364127 0.096635873 0.000000000
KK:/rc/cr: 0.999954585 0.000022707 0.000022707
KK:/rc/rr: 0.000000000 0.999996356 0.000003644
KK:/rrc/: 0.537345196 0.462654804 0.000000000
KK:/rrc/cr: 0.999995257 0.000002371 0.000002371
KK:/rrc/rr: 0.000000000 0.999996937 0.000003063
KQ:/cc/: 0.000205692 0.999794308 0.000000000
KQ:/cc/cr: 0.000051427 0.430607649 0.569340923
KQ:/cc/rr: 0.000000000 0.949457098 0.050542902
KQ:/crc/: 0.857240393 0.142759607 0.000000000
KQ:/crc/cr: 0.000401728 0.433338528 0.566259744
KQ:/crc/rr: 0.000000000 0.000021945 0.999978055
KQ:/crrc/: 0.027204666 0.972795334 0.000000000
KQ:/crrc/cr: 0.052107762 0.650793188 0.297099050
KQ:/crrc/rr: 0.000000000 0.379572957 0.620427043
KQ:/rc/: 0.000049209 0.999950791 0.000000000
KQ:/rc/cr: 0.000039378 0.507078595 0.492882026
KQ:/rc/rr: 0.000000000 0.933111085 0.066888915
KQ:/rrc/: 0.688335923 0.311664077 0.000000000
KQ:/rrc/cr: 0.070422699 0.716461458 0.213115843
KQ:/rrc/rr: 0.000000000 0.392212764 0.607787236
Q:/: 0.744506873 0.255493127 0.000000000
Q:/cr: 0.167290474 0.831749683 0.000959844
Q:/rr: 0.000000000 0.999993284 0.000006716
QJ:/cc/: 0.000019570 0.999980430 0.000000000
QJ:/cc/cr: 0.000021832 0.000006523 0.999971645
QJ:/cc/rr: 0.000000000 0.500000000 0.500000000
QJ:/crc/: 0.032484836 0.967515164 0.000000000
QJ:/crc/cr: 0.005888240 0.000002702 0.994109058
QJ:/crc/rr: 0.000000000 0.000120716 0.999879284
QJ:/crrc/: 0.010379868 0.989620132 0.000000000
QJ:/crrc/cr: 0.000176483 0.000013134 0.999810383
QJ:/crrc/rr: 0.000000000 0.001878350 0.998121650
QJ:/rc/: 0.010982665 0.989017335 0.000000000
QJ:/rc/cr: 0.000007268 0.000002263 0.999990468
QJ:/rc/rr: 0.000000000 0.000305748 0.999694252
QJ:/rrc/: 0.000003358 0.999996642 0.000000000
QJ:/rrc/cr: 0.000028055 0.000001119 0.999970826
QJ:/rrc/rr: 0.000000000 0.500000000 0.500000000
QK:/cc/: 0.542776972 0.457223028 0.000000000
QK:/cc/cr: 0.019541095 0.980429047 0.000029858
QK:/cc/rr: 0.000000000 0.999981972 0.000018028
QK:/crc/: 0.011640927 0.988359073 0.000000000
QK:/crc/cr: 0.000002645 0.561573470 0.438423885
QK:/crc/rr: 0.000000000 0.000336868 0.999663132
QK:/crrc/: 0.897622752 0.102377248 0.000000000
QK:/crrc/cr: 0.000210128 0.681590896 0.318198976
QK:/crrc/rr: 0.000000000 0.000572634 0.999427366
QK:/rc/: 0.487103023 0.512896977 0.000000000
QK:/rc/cr: 0.060066662 0.507268598 0.432664740
QK:/rc/rr: 0.000000000 0.195289188 0.804710812
QK:/rrc/: 0.122700884 0.877299116 0.000000000
QK:/rrc/cr: 0.000001276 0.307350368 0.692648356
QK:/rrc/rr: 0.000000000 0.000657580 0.999342420
QQ:/cc/: 0.536612826 0.463387174 0.000000000
QQ:/cc/cr: 0.999971845 0.000014077 0.000014077
QQ:/cc/rr: 0.000000000 0.999981765 0.000018235
QQ:/crc/: 0.976527091 0.023472909 0.000000000
QQ:/crc/cr: 0.999777249 0.000111375 0.000111375
QQ:/crc/rr: 0.000000000 0.999995984 0.000004016
QQ:/crrc/: 0.250169354 0.749830646 0.000000000
QQ:/crrc/cr: 0.999965331 0.000017335 0.000017335
QQ:/crrc/rr: 0.000000000 0.999922065 0.000077935
QQ:/rc/: 0.567146698 0.432853302 0.000000000
QQ:/rc/cr: 0.999989656 0.000005172 0.000005172
QQ:/rc/rr: 0.000000000 0.999994079 0.000005921
QQ:/rrc/: 0.959093989 0.040906011 0.000000000
QQ:/rrc/cr: 0.999945274 0.000027363 0.000027363
QQ:/rrc/rr: 0.000000000 0.999998249 0.000001751
