J:/: 0.074150570 0.925849430 0.000000000
J:/cr: 0.016798051 0.040092158 0.943109791
J:/rr: 0.000000000 0.999932570 0.000067430
JJ:/cc/: 0.000039367 0.999960633 0.000000000
JJ:/cc/cr: 0.996035687 0.003962513 0.000001800
JJ:/cc/rr: 0.000000000 0.931408524 0.068591476
JJ:/crc/: 0.952908471 0.047091529 0.000000000
JJ:/crc/cr: 0.999364355 0.000317823 0.000317823
JJ:/crc/rr: 0.000000000 0.999976440 0.000023560
JJ:/crrc/: 0.999055498 0.000944502 0.000000000
JJ:/crrc/cr: 0.924359316 0.037820342 0.037820342
JJ:/crrc/rr: 0.000000000 0.999946367 0.000053633
JJ:/rc/: 0.105959036 0.894040964 0.000000000
JJ:/rc/cr: 0.999949719 0.000025141 0.000025141
JJ:/rc/rr: 0.000000000 0.999681809 0.000318191
JJ:/rrc/: 0.999966283 0.000033717 0.000000000
JJ:/rrc/cr: 0.333333333 0.333333333 0.333333333
JJ:/rrc/rr: 0.000000000 0.999983141 0.000016859
JK:/cc/: 0.077478235 0.922521765 0.000000000
JK:/cc/cr: 0.000001951 0.000001951 0.999996097
JK:/cc/rr: 0.000000000 0.000034851 0.999965149
JK:/crc/: 0.070550614 0.929449386 0.000000000
JK:/crc/cr: 0.042197816 0.000016103 0.957786081
JK:/crc/rr: 0.000000000 0.000318213 0.999681787
JK:/crrc/: 0.999892836 0.000107164 0.000000000
JK:/crrc/cr: 0.333333333 0.333333333 0.333333333
JK:/crrc/rr: 0.000000000 0.000053588 0.999946412
JK:/rc/: 0.999932570 0.000067430 0.000000000
JK:/rc/cr: 0.333333333 0.333333333 0.333333333
JK:/rc/rr: 0.000000000 0.000033717 0.999966283
JK:/rrc/: 0.553447800 0.446552200 0.000000000
JK:/rrc/cr: 0.931551470 0.000025169 0.068423361
JK:/rrc/rr: 0.000000000 0.000030461 0.999969539
JQ:/cc/: 0.222085169 0.777914831 0.000000000
JQ:/cc/cr: 0.000002314 0.000002314 0.999995372
JQ:/cc/rr: 0.000000000 0.000012159 0.999987841
JQ:/crc/: 0.992275981 0.007724019 0.000000000
JQ:/crc/cr: 0.491892678 0.001937690 0.506169632
JQ:/crc/rr: 0.000000000 0.000022625 0.999977375
JQ:/crrc/: 0.016824234 0.983175766 0.000000000
JQ:/crrc/cr: 0.158555967 0.000036333 0.841407700
JQ:/crrc/rr: 0.000000000 0.003184815 0.996815185
JQ:/rc/: 0.999497371 0.000502629 0.000000000
JQ:/rc/cr: 0.044718432 0.044718432 0.910563136
JQ:/rc/rr: 0.000000000 0.000033732 0.999966268
JQ:/rrc/: 0.125609136 0.874390864 0.000000000
JQ:/rrc/cr: 0.000802877 0.000012854 0.999184270
JQ:/rrc/rr: 0.000000000 0.000134216 0.999865784
K:/: 0.758762251 0.241237749 0.000000000
K:/cr: 0.642092231 0.357893951 0.000013818
K:/rr: 0.000000000 0.999993410 0.000006590
KJ:/cc/: 0.000020726 0.999979274 0.000000000
KJ:/cc/cr: 0.000006909 0.000006909 0.999986182
KJ:/cc/rr: 0.000000000 0.500000000 0.500000000
KJ:/crc/: 0.000044053 0.999955947 0.000000000
KJ:/crc/cr: 0.000025964 0.999967601 0.000006435
KJ:/crc/rr: 0.000000000 0.780898317 0.219101683
KJ:/crrc/: 0.011107886 0.988892114 0.000000000
KJ:/crrc/cr: 0.000023837 0.999972536 0.000003627
KJ:/crrc/rr: 0.000000000 0.331538911 0.668461089
KJ:/rc/: 0.001684375 0.998315625 0.000000000
KJ:/rc/cr: 0.048723031 0.948206329 0.003070641
KJ:/rc/rr: 0.000000000 0.032440240 0.967559760
KJ:/rrc/: 0.096583847 0.903416153 0.000000000
KJ:/rrc/cr: 0.000023160 0.999975624 0.000001216
KJ:/rrc/rr: 0.000000000 0.669894793 0.330105207
KK:/cc/: 0.999624968 0.000375032 0.000000000
KK:/cc/cr: 0.963156089 0.018421955 0.018421955
KK:/cc/rr: 0.000000000 0.999989633 0.000010367
KK:/crc/: 0.129542494 0.870457506 0.000000000
KK:/crc/cr: 0.999985215 0.000007392 0.000007392
KK:/crc/rr: 0.000000000 0.999925491 0.000074509
KK:/crrc/: 0.997218509 0.002781491 0.000000000
KK:/crrc/cr: 0.997421084 0.001289458 0.001289458
KK:/crrc/rr: 0.000000000 0.999994605 0.000005395
KK:/rc/: 0.858916109 0.141083891 0.000000000
KK:/rc/cr: 0.999968862 0.000015569 0.000015569
KK:/rc/rr: 0.000000000 0.999996164 0.000003836
KK:/rrc/: 0.540801303 0.459198697 0.000000000
KK:/rrc/cr: 0.999995217 0.000002392 0.000002392
KK:/rrc/rr: 0.000000000 0.999996954 0.000003046
KQ:/cc/: 0.000052061 0.999947939 0.000000000
KQ:/cc/cr: 0.000028339 0.434844332 0.565127330
KQ:/cc/rr: 0.000000000 0.800941011 0.199058989
KQ:/crc/: 0.838005188 0.161994812 0.000000000
KQ:/crc/cr: 0.000244107 0.562483525 0.437272367
KQ:/crc/rr: 0.000000000 0.000035522 0.999964478
KQ:/crrc/: 0.000705290 0.999294710 0.000000000
KQ:/crrc/cr: 0.014668558 0.710127691 0.275203751
KQ:/crrc/rr: 0.000000000 0.430109984 0.569890016
KQ:/rc/: 0.000011639 0.999988361 0.000000000
KQ:/rc/cr: 0.000003098 0.503972545 0.496024358
KQ:/rc/rr: 0.000000000 0.716920276 0.283079724
KQ:/rrc/: 0.679432301 0.320567699 0.000000000
KQ:/rrc/cr: 0.021451203 0.891652511 0.086896286
KQ:/rrc/rr: 0.000000000 0.390278493 0.609721507
Q:/: 0.723551424 0.276448576 0.000000000
Q:/cr: 0.125087175 0.874544705 0.000368120
Q:/rr: 0.000000000 0.999993090 0.000006910
QJ:/cc/: 0.000018087 0.999981913 0.000000000
QJ:/cc/cr: 0.000006029 0.000006029 0.999987942
QJ:/cc/rr: 0.000000000 0.500000000 0.500000000
QJ:/crc/: 0.029210433 0.970789567 0.000000000
QJ:/crc/cr: 0.003454094 0.000002367 0.996543539
QJ:/crc/rr: 0.000000000 0.000118001 0.999881999
QJ:/crrc/: 0.050322633 0.949677367 0.000000000
QJ:/crrc/cr: 0.000016917 0.000016917 0.999966166
QJ:/crrc/rr: 0.000000000 0.000478882 0.999521118
QJ:/rc/: 0.002105264 0.997894736 0.000000000
QJ:/rc/cr: 0.000002308 0.000002308 0.999995383
QJ:/rc/rr: 0.000000000 0.001641210 0.998358790
QJ:/rrc/: 0.000003455 0.999996545 0.000000000
QJ:/rrc/cr: 0.000001152 0.000001152 0.999997697
QJ:/rrc/rr: 0.000000000 0.500000000 0.500000000
QK:/cc/: 0.579273161 0.420726839 0.000000000
QK:/cc/cr: 0.001233940 0.998751731 0.000014330
QK:/cc/rr: 0.000000000 0.410232428 0.589767572
QK:/crc/: 0.000498120 0.999501880 0.000000000
QK:/crc/cr: 0.000002420 0.554185779 0.445811801
QK:/crc/rr: 0.000000000 0.006919715 0.993080285
QK:/crrc/: 0.981623031 0.018376969 0.000000000
QK:/crrc/cr: 0.000921357 0.479938779 0.519139863
QK:/crrc/rr: 0.000000000 0.000614233 0.999385767
QK:/rc/: 0.507764172 0.492235828 0.000000000
QK:/rc/cr: 0.000004680 0.541215047 0.458780274
QK:/rc/rr: 0.000000000 0.214137013 0.785862987
QK:/rrc/: 0.130383676 0.869616324 0.000000000
QK:/rrc/cr: 0.000001324 0.288657500 0.711341176
QK:/rrc/rr: 0.000000000 0.000241293 0.999758707
QQ:/cc/: 0.566838822 0.433161178 0.000000000
QQ:/cc/cr: 0.987413337 0.012572745 0.000013918
QQ:/cc/rr: 0.000000000 0.999984046 0.000015954
QQ:/crc/: 0.987456404 0.012543596 0.000000000
QQ:/crc/cr: 0.999633614 0.000183193 0.000183193
QQ:/crc/rr: 0.000000000 0.999996509 0.000003491
QQ:/crrc/: 0.073100115 0.926899885 0.000000000
QQ:/crrc/cr: 0.999965334 0.000017333 0.000017333
QQ:/crrc/rr: 0.000000000 0.999670334 0.000329666
QQ:/rc/: 0.514846560 0.485153440 0.000000000
QQ:/rc/cr: 0.999990228 0.000005024 0.000004748
QQ:/rc/rr: 0.000000000 0.999993289 0.000006711
QQ:/rrc/: 0.981731136 0.018268864 0.000000000
QQ:/rrc/cr: 0.999873913 0.000063044 0.000063044
QQ:/rrc/rr: 0.000000000 0.999998240 0.000001760
