J:/c: 0.309656322 0.690343678 0.000000000
J:/crr: 0.000000000 0.999983853 0.000016147
J:/r: 0.053257707 0.119589074 0.827153219
JJ:/cc/c: 0.999992757 0.000007243 0.000000000
JJ:/cc/crr: 0.000000000 0.999996379 0.000003621
JJ:/cc/r: 0.999990343 0.000004829 0.000004829
JJ:/crc/c: 0.999983853 0.000016147 0.000000000
JJ:/crc/crr: 0.000000000 0.999991926 0.000008074
JJ:/crc/r: 0.999947223 0.000042012 0.000010765
JJ:/crrc/c: 0.999991926 0.000008074 0.000000000
JJ:/crrc/crr: 0.000000000 0.999995963 0.000004037
JJ:/crrc/r: 0.999957323 0.000037295 0.000005382
JJ:/rc/c: 0.999972127 0.000027873 0.000000000
JJ:/rc/crr: 0.000000000 0.999986063 0.000013937
JJ:/rc/r: 0.999959461 0.000021956 0.000018582
JJ:/rrc/c: 0.999937411 0.000062589 0.000000000
JJ:/rrc/crr: 0.000000000 0.999968704 0.000031296
JJ:/rrc/r: 0.999916548 0.000041726 0.000041726
JK:/cc/c: 0.000007243 0.999992757 0.000000000
JK:/cc/crr: 0.000000000 0.500000000 0.500000000
JK:/cc/r: 0.000004829 0.000004829 0.999990343
JK:/crc/c: 0.500113878 0.499886122 0.000000000
JK:/crc/crr: 0.000000000 0.000016143 0.999983857
JK:/crc/r: 0.000087710 0.000010765 0.999901525
JK:/crrc/c: 0.313850118 0.686149882 0.000000000
JK:/crrc/crr: 0.000000000 0.000012862 0.999987138
JK:/crrc/r: 0.243533576 0.000005382 0.756461041
JK:/rc/c: 0.372308181 0.627691819 0.000000000
JK:/rc/crr: 0.000000000 0.000037433 0.999962567
JK:/rc/r: 0.354874843 0.000018582 0.645106574
JK:/rrc/c: 0.999937411 0.000062589 0.000000000
JK:/rrc/crr: 0.000000000 0.000031296 0.999968704
JK:/rrc/r: 0.455871130 0.000041726 0.544087144
JQ:/cc/c: 0.062972985 0.937027015 0.000000000
JQ:/cc/crr: 0.000000000 0.000057507 0.999942493
JQ:/cc/r: 0.042539268 0.000004829 0.957455904
JQ:/crc/c: 0.558376314 0.441623686 0.000000000
JQ:/crc/crr: 0.000000000 0.000014459 0.999985541
JQ:/crc/r: 0.000044032 0.000010765 0.999945204
JQ:/crrc/c: 0.038982238 0.961017762 0.000000000
JQ:/crrc/crr: 0.000000000 0.000103555 0.999896445
JQ:/crrc/r: 0.215380428 0.000005382 0.784614189
JQ:/rc/c: 0.999605492 0.000394508 0.000000000
JQ:/rc/crr: 0.000000000 0.000013942 0.999986058
JQ:/rc/r: 0.000018582 0.000018582 0.999962836
JQ:/rrc/c: 0.000062589 0.999937411 0.000000000
JQ:/rrc/crr: 0.000000000 0.500000000 0.500000000
JQ:/rrc/r: 0.605174794 0.000041726 0.394783480
K:/c: 0.999990000 0.000010000 0.000000000
K:/crr: 0.000000000 0.999995000 0.000005000
K:/r: 0.609974661 0.390018672 0.000006667
KJ:/cc/c: 0.500000000 0.500000000 0.000000000
KJ:/cc/crr: 0.000000000 0.500000000 0.500000000
KJ:/cc/r: 0.333333333 0.333333333 0.333333333
KJ:/crc/c: 0.055755712 0.944244288 0.000000000
KJ:/crc/crr: 0.000000000 0.999955161 0.000044839
KJ:/crc/r: 0.000006729 0.748235104 0.251758167
KJ:/crrc/c: 0.255801585 0.744198415 0.000000000
KJ:/crrc/crr: 0.000000000 0.999995113 0.000004887
KJ:/crrc/r: 0.050750715 0.813380843 0.135868442
KJ:/rc/c: 0.458880303 0.541119697 0.000000000
KJ:/rc/crr: 0.000000000 0.979546424 0.020453576
KJ:/rc/r: 0.000186554 0.949246068 0.050567379
KJ:/rrc/c: 0.485768064 0.514231936 0.000000000
KJ:/rrc/crr: 0.000000000 0.999994375 0.000005625
KJ:/rrc/r: 0.000466777 0.957704527 0.041828696
KK:/cc/c: 0.500000000 0.500000000 0.000000000
KK:/cc/crr: 0.000000000 0.500000000 0.500000000
KK:/cc/r: 0.333333333 0.333333333 0.333333333
KK:/crc/c: 0.999995000 0.000005000 0.000000000
KK:/crc/crr: 0.000000000 0.999997500 0.000002500
KK:/crc/r: 0.982635215 0.017361451 0.000003333
KK:/crrc/c: 0.999997500 0.000002500 0.000000000
KK:/crrc/crr: 0.000000000 0.999998750 0.000001250
KK:/crrc/r: 0.999822433 0.000175900 0.000001667
KK:/rc/c: 0.999991453 0.000008547 0.000000000
KK:/rc/crr: 0.000000000 0.999995727 0.000004273
KK:/rc/r: 0.999969410 0.000024893 0.000005698
KK:/rrc/c: 0.999994535 0.000005465 0.000000000
KK:/rrc/crr: 0.000000000 0.999997268 0.000002732
KK:/rrc/r: 0.998667243 0.001329114 0.000003643
KQ:/cc/c: 0.500000000 0.500000000 0.000000000
KQ:/cc/crr: 0.000000000 0.500000000 0.500000000
KQ:/cc/r: 0.333333333 0.333333333 0.333333333
KQ:/crc/c: 0.000005000 0.999995000 0.000000000
KQ:/crc/crr: 0.000000000 0.500000000 0.500000000
KQ:/crc/r: 0.000008545 0.417070446 0.582921009
KQ:/crrc/c: 0.615688704 0.384311296 0.000000000
KQ:/crrc/crr: 0.000000000 0.396296392 0.603703608
KQ:/crrc/r: 0.000034043 0.692217412 0.307748545
KQ:/rc/c: 0.000028285 0.999971715 0.000000000
KQ:/rc/crr: 0.000000000 0.151079827 0.848920173
KQ:/rc/r: 0.000006467 0.301617954 0.698375579
KQ:/rrc/c: 0.521775045 0.478224955 0.000000000
KQ:/rrc/crr: 0.000000000 0.481261356 0.518738644
KQ:/rrc/r: 0.036132548 0.603900465 0.359966987
Q:/c: 0.859290070 0.140709930 0.000000000
Q:/crr: 0.000000000 0.999994181 0.000005819
Q:/r: 0.401629778 0.598341301 0.000028921
QJ:/cc/c: 0.000035534 0.999964466 0.000000000
QJ:/cc/crr: 0.000000000 0.500000000 0.500000000
QJ:/cc/r: 0.000023689 0.000023689 0.999952621
QJ:/crc/c: 0.379834590 0.620165410 0.000000000
QJ:/crc/crr: 0.000000000 0.000012368 0.999987632
QJ:/crc/r: 0.000003879 0.000003879 0.999992242
QJ:/crrc/c: 0.000002909 0.999997091 0.000000000
QJ:/crrc/crr: 0.000000000 0.500000000 0.500000000
QJ:/crrc/r: 0.000006629 0.000001940 0.999991431
QJ:/rc/c: 0.000005571 0.999994429 0.000000000
QJ:/rc/crr: 0.000000000 0.500000000 0.500000000
QJ:/rc/r: 0.000008557 0.000003714 0.999987729
QJ:/rrc/c: 0.000008300 0.999991700 0.000000000
QJ:/rrc/crr: 0.000000000 0.500000000 0.500000000
QJ:/rrc/r: 0.000005533 0.000005533 0.999988934
QK:/cc/c: 0.000775950 0.999224050 0.000000000
QK:/cc/crr: 0.000000000 0.977102839 0.022897161
QK:/cc/r: 0.000023689 0.748996915 0.250979396
QK:/crc/c: 0.364194668 0.635805332 0.000000000
QK:/crc/crr: 0.000000000 0.001287084 0.998712916
QK:/crc/r: 0.000023693 0.573268816 0.426707490
QK:/crrc/c: 0.310639553 0.689360447 0.000000000
QK:/crrc/crr: 0.000000000 0.000195437 0.999804563
QK:/crrc/r: 0.000019691 0.264952716 0.735027593
QK:/rc/c: 0.377257809 0.622742191 0.000000000
QK:/rc/crr: 0.000000000 0.031349290 0.968650710
QK:/rc/r: 0.000004417 0.326635988 0.673359594
QK:/rrc/c: 0.448387290 0.551612710 0.000000000
QK:/rrc/crr: 0.000000000 0.000147620 0.999852380
QK:/rrc/r: 0.000007557 0.461431270 0.538561173
QQ:/cc/c: 0.999964466 0.000035534 0.000000000
QQ:/cc/crr: 0.000000000 0.999982232 0.000017768
QQ:/cc/r: 0.999765693 0.000210618 0.000023689
QQ:/crc/c: 0.999994181 0.000005819 0.000000000
QQ:/crc/crr: 0.000000000 0.999997091 0.000002909
QQ:/crc/r: 0.999186114 0.000810007 0.000003879
QQ:/crrc/c: 0.999997091 0.000002909 0.000000000
QQ:/crrc/crr: 0.000000000 0.999998545 0.000001455
QQ:/crrc/r: 0.999978871 0.000019190 0.000001940
QQ:/rc/c: 0.999994429 0.000005571 0.000000000
QQ:/rc/crr: 0.000000000 0.999997215 0.000002785
QQ:/rc/r: 0.999990597 0.000005689 0.000003714
QQ:/rrc/c: 0.999991700 0.000008300 0.000000000
QQ:/rrc/crr: 0.000000000 0.999995850 0.000004150
QQ:/rrc/r: 0.999980789 0.000013678 0.000005533
