J:/c: 0.302448255 0.697551745 0.000000000
J:/crr: 0.000000000 0.999983468 0.000016532
J:/r: 0.054470233 0.125511762 0.820018006
JJ:/cc/c: 0.999992832 0.000007168 0.000000000
JJ:/cc/crr: 0.000000000 0.999996416 0.000003584
JJ:/cc/r: 0.999990443 0.000004779 0.000004779
JJ:/crc/c: 0.999983468 0.000016532 0.000000000
JJ:/crc/crr: 0.000000000 0.999991734 0.000008266
JJ:/crc/r: 0.999486191 0.000502788 0.000011021
JJ:/crrc/c: 0.999991734 0.000008266 0.000000000
JJ:/crrc/crr: 0.000000000 0.999995867 0.000004133
JJ:/crrc/r: 0.999970955 0.000023534 0.000005511
JJ:/rc/c: 0.999973442 0.000026558 0.000000000
JJ:/rc/crr: 0.000000000 0.999986721 0.000013279
JJ:/rc/r: 0.999964589 0.000017705 0.000017705
JJ:/rrc/c: 0.999938804 0.000061196 0.000000000
JJ:/rrc/crr: 0.000000000 0.999969400 0.000030600
JJ:/rrc/r: 0.999918406 0.000040797 0.000040797
JK:/cc/c: 0.004966116 0.995033884 0.000000000
JK:/cc/crr: 0.000000000 0.000721683 0.999278317
JK:/cc/r: 0.000004779 0.000004779 0.999990443
JK:/crc/c: 0.521060159 0.478939841 0.000000000
JK:/crc/crr: 0.000000000 0.000015864 0.999984136
JK:/crc/r: 0.007545559 0.000011021 0.992443420
JK:/crrc/c: 0.491817715 0.508182285 0.000000000
JK:/crrc/crr: 0.000000000 0.000008404 0.999991596
JK:/crrc/r: 0.217368777 0.000005511 0.782625712
JK:/rc/c: 0.396018073 0.603981927 0.000000000
JK:/rc/crr: 0.000000000 0.000033531 0.999966469
JK:/rc/r: 0.352956763 0.000017705 0.647025532
JK:/rrc/c: 0.999938804 0.000061196 0.000000000
JK:/rrc/crr: 0.000000000 0.000030600 0.999969400
JK:/rrc/r: 0.330328488 0.000040797 0.669630714
JQ:/cc/c: 0.072876137 0.927123863 0.000000000
JQ:/cc/crr: 0.000000000 0.000049179 0.999950821
JQ:/cc/r: 0.040326014 0.000004779 0.959669207
JQ:/crc/c: 0.438592885 0.561407115 0.000000000
JQ:/crc/crr: 0.000000000 0.000018846 0.999981154
JQ:/crc/r: 0.000117413 0.000011021 0.999871566
JQ:/crrc/c: 0.038568170 0.961431830 0.000000000
JQ:/crrc/crr: 0.000000000 0.000107161 0.999892839
JQ:/crrc/r: 0.144415003 0.000005511 0.855579487
JQ:/rc/c: 0.999240049 0.000759951 0.000000000
JQ:/rc/crr: 0.000000000 0.000013289 0.999986711
JQ:/rc/r: 0.000017705 0.000017705 0.999964589
JQ:/rrc/c: 0.008055193 0.991944807 0.000000000
JQ:/rrc/crr: 0.000000000 0.003798512 0.996201488
JQ:/rrc/r: 0.622706091 0.000040797 0.377253112
K:/c: 0.999990000 0.000010000 0.000000000
K:/crr: 0.000000000 0.999995000 0.000005000
K:/r: 0.580377703 0.419615630 0.000006667
KJ:/cc/c: 0.500000000 0.500000000 0.000000000
KJ:/cc/crr: 0.000000000 0.500000000 0.500000000
KJ:/cc/r: 0.333333333 0.333333333 0.333333333
KJ:/crc/c: 0.087791564 0.912208436 0.000000000
KJ:/crc/crr: 0.000000000 0.999971523 0.000028477
KJ:/crc/r: 0.000014837 0.718173060 0.281812103
KJ:/crrc/c: 0.254513537 0.745486463 0.000000000
KJ:/crrc/crr: 0.000000000 0.941538502 0.058461498
KJ:/crrc/r: 0.001669884 0.893592274 0.104737842
KJ:/rc/c: 0.436392037 0.563607963 0.000000000
KJ:/rc/crr: 0.000000000 0.999990898 0.000009102
KJ:/rc/r: 0.092070539 0.697239024 0.210690437
KJ:/rrc/c: 0.132032980 0.867967020 0.000000000
KJ:/rrc/crr: 0.000000000 0.999978250 0.000021750
KJ:/rrc/r: 0.009322642 0.950861418 0.039815939
KK:/cc/c: 0.500000000 0.500000000 0.000000000
KK:/cc/crr: 0.000000000 0.500000000 0.500000000
KK:/cc/r: 0.333333333 0.333333333 0.333333333
KK:/crc/c: 0.999995000 0.000005000 0.000000000
KK:/crc/crr: 0.000000000 0.999997500 0.000002500
KK:/crc/r: 0.996519200 0.003477466 0.000003333
KK:/crrc/c: 0.999997500 0.000002500 0.000000000
KK:/crrc/crr: 0.000000000 0.999998750 0.000001250
KK:/crrc/r: 0.999933449 0.000064884 0.000001667
KK:/rc/c: 0.999992056 0.000007944 0.000000000
KK:/rc/crr: 0.000000000 0.999996028 0.000003972
KK:/rc/r: 0.999976482 0.000018222 0.000005296
KK:/rrc/c: 0.999994257 0.000005743 0.000000000
KK:/rrc/crr: 0.000000000 0.999997128 0.000002872
KK:/rrc/r: 0.999366347 0.000629824 0.000003829
KQ:/cc/c: 0.500000000 0.500000000 0.000000000
KQ:/cc/crr: 0.000000000 0.500000000 0.500000000
KQ:/cc/r: 0.333333333 0.333333333 0.333333333
KQ:/crc/c: 0.165875323 0.834124677 0.000000000
KQ:/crc/crr: 0.000000000 0.000527198 0.999472802
KQ:/crc/r: 0.000015761 0.430439550 0.569544690
KQ:/crrc/c: 0.614277801 0.385722199 0.000000000
KQ:/crrc/crr: 0.000000000 0.388084696 0.611915304
KQ:/crrc/r: 0.000027642 0.752966009 0.247006349
KQ:/rc/c: 0.000007944 0.999992056 0.000000000
KQ:/rc/crr: 0.000000000 0.500000000 0.500000000
KQ:/rc/r: 0.000012767 0.304382290 0.695604942
KQ:/rrc/c: 0.519943324 0.480056676 0.000000000
KQ:/rrc/crr: 0.000000000 0.513019982 0.486980018
KQ:/rrc/r: 0.002283618 0.670136165 0.327580217
Q:/c: 0.847010826 0.152989174 0.000000000
Q:/crr: 0.000000000 0.999994097 0.000005903
Q:/r: 0.372781189 0.627176990 0.000041822
QJ:/cc/c: 0.000032682 0.999967318 0.000000000
QJ:/cc/crr: 0.000000000 0.500000000 0.500000000
QJ:/cc/r: 0.000021788 0.000021788 0.999956424
QJ:/crc/c: 0.403118178 0.596881822 0.000000000
QJ:/crc/crr: 0.000000000 0.000076611 0.999923389
QJ:/crc/r: 0.000003935 0.000003935 0.999992129
QJ:/crrc/c: 0.000002952 0.999997048 0.000000000
QJ:/crrc/crr: 0.000000000 0.500000000 0.500000000
QJ:/crrc/r: 0.000001968 0.000001968 0.999996065
QJ:/rc/c: 0.000005315 0.999994685 0.000000000
QJ:/rc/crr: 0.000000000 0.500000000 0.500000000
QJ:/rc/r: 0.000007009 0.000003543 0.999989448
QJ:/rrc/c: 0.000008942 0.999991058 0.000000000
QJ:/rrc/crr: 0.000000000 0.500000000 0.500000000
QJ:/rrc/r: 0.000026836 0.000005961 0.999967202
QK:/cc/c: 0.014801786 0.985198214 0.000000000
QK:/cc/crr: 0.000000000 0.998896010 0.001103990
QK:/cc/r: 0.000043430 0.717490267 0.282466304
QK:/crc/c: 0.335323822 0.664676178 0.000000000
QK:/crc/crr: 0.000000000 0.000313120 0.999686880
QK:/crc/r: 0.000027995 0.461424794 0.538547210
QK:/crrc/c: 0.000914748 0.999085252 0.000000000
QK:/crrc/crr: 0.000000000 0.087922142 0.912077858
QK:/crrc/r: 0.000019985 0.271423686 0.728556329
QK:/rc/c: 0.359363085 0.640636915 0.000000000
QK:/rc/crr: 0.000000000 0.005348664 0.994651336
QK:/rc/r: 0.000005320 0.312208126 0.687786555
QK:/rrc/c: 0.426544965 0.573455035 0.000000000
QK:/rrc/crr: 0.000000000 0.032418471 0.967581529
QK:/rrc/r: 0.000056488 0.490595682 0.509347830
QQ:/cc/c: 0.999967318 0.000032682 0.000000000
QQ:/cc/crr: 0.000000000 0.999983658 0.000016342
QQ:/cc/r: 0.999564086 0.000414126 0.000021788
QQ:/crc/c: 0.999994097 0.000005903 0.000000000
QQ:/crc/crr: 0.000000000 0.999997048 0.000002952
QQ:/crc/r: 0.999949238 0.000046826 0.000003935
QQ:/crrc/c: 0.999997048 0.000002952 0.000000000
QQ:/crrc/crr: 0.000000000 0.999998524 0.000001476
QQ:/crrc/r: 0.999118138 0.000879895 0.000001968
QQ:/rc/c: 0.999994685 0.000005315 0.000000000
QQ:/rc/crr: 0.000000000 0.999997343 0.000002657
QQ:/rc/r: 0.979271895 0.020724562 0.000003543
QQ:/rrc/c: 0.999991058 0.000008942 0.000000000
QQ:/rrc/crr: 0.000000000 0.999995529 0.000004471
QQ:/rrc/r: 0.999960145 0.000033894 0.000005961
