J:/c: 0.288030242 0.711969758 0.000000000
J:/crr: 0.000000000 0.999982641 0.000017359
J:/r: 0.028999971 0.135632859 0.835367170
JJ:/cc/c: 0.999992977 0.000007023 0.000000000
JJ:/cc/crr: 0.000000000 0.999996489 0.000003511
JJ:/cc/r: 0.999990636 0.000004682 0.000004682
JJ:/crc/c: 0.999982641 0.000017359 0.000000000
JJ:/crc/crr: 0.000000000 0.999991320 0.000008680
JJ:/crc/r: 0.999419210 0.000569217 0.000011573
JJ:/crrc/c: 0.999991320 0.000008680 0.000000000
JJ:/crrc/crr: 0.000000000 0.999995660 0.000004340
JJ:/crrc/r: 0.999942203 0.000052011 0.000005787
JJ:/rc/c: 0.999975424 0.000024576 0.000000000
JJ:/rc/crr: 0.000000000 0.999987712 0.000012288
JJ:/rc/r: 0.999961389 0.000022227 0.000016384
JJ:/rrc/c: 0.999885057 0.000114943 0.000000000
JJ:/rrc/crr: 0.000000000 0.999942522 0.000057478
JJ:/rrc/r: 0.999846743 0.000076628 0.000076628
JK:/cc/c: 0.000007023 0.999992977 0.000000000
JK:/cc/crr: 0.000000000 0.500000000 0.500000000
JK:/cc/r: 0.000004682 0.000004682 0.999990636
JK:/crc/c: 0.577394809 0.422605191 0.000000000
JK:/crc/crr: 0.000000000 0.000015032 0.999984968
JK:/crc/r: 0.000119802 0.000011573 0.999868625
JK:/crrc/c: 0.350365424 0.649634576 0.000000000
JK:/crrc/crr: 0.000000000 0.000012387 0.999987613
JK:/crrc/r: 0.123748142 0.000005787 0.876246072
JK:/rc/c: 0.380046167 0.619953833 0.000000000
JK:/rc/crr: 0.000000000 0.000032333 0.999967667
JK:/rc/r: 0.360048030 0.000016384 0.639935586
JK:/rrc/c: 0.999885057 0.000114943 0.000000000
JK:/rrc/crr: 0.000000000 0.000057478 0.999942522
JK:/rrc/r: 0.157799019 0.000076628 0.842124353
JQ:/cc/c: 0.092863970 0.907136030 0.000000000
JQ:/cc/crr: 0.000000000 0.000037812 0.999962188
JQ:/cc/r: 0.000004682 0.000004682 0.999990636
JQ:/crc/c: 0.435730099 0.564269901 0.000000000
JQ:/crc/crr: 0.000000000 0.000019920 0.999980080
JQ:/crc/r: 0.000058058 0.000011573 0.999930369
JQ:/crrc/c: 0.000008680 0.999991320 0.000000000
JQ:/crrc/crr: 0.000000000 0.500000000 0.500000000
JQ:/crrc/r: 0.245958858 0.000005787 0.754035356
JQ:/rc/c: 0.999975424 0.000024576 0.000000000
JQ:/rc/crr: 0.000000000 0.000012288 0.999987712
JQ:/rc/r: 0.000016384 0.000016384 0.999967232
JQ:/rrc/c: 0.000114943 0.999885057 0.000000000
JQ:/rrc/crr: 0.000000000 0.500000000 0.500000000
JQ:/rrc/r: 0.999523325 0.000076628 0.000400046
K:/c: 0.999990000 0.000010000 0.000000000
K:/crr: 0.000000000 0.999995000 0.000005000
K:/r: 0.558824837 0.441168497 0.000006667
KJ:/cc/c: 0.500000000 0.500000000 0.000000000
KJ:/cc/crr: 0.000000000 0.500000000 0.500000000
KJ:/cc/r: 0.333333333 0.333333333 0.333333333
KJ:/crc/c: 0.155587167 0.844412833 0.000000000
KJ:/crc/crr: 0.000000000 0.999983932 0.000016068
KJ:/crc/r: 0.000003333 0.999945593 0.000051074
KJ:/crrc/c: 0.266027755 0.733972245 0.000000000
KJ:/crrc/crr: 0.000000000 0.999995301 0.000004699
KJ:/crrc/r: 0.000449701 0.870149913 0.129400386
KJ:/rc/c: 0.517710094 0.482289906 0.000000000
KJ:/rc/crr: 0.000000000 0.682259616 0.317740384
KJ:/rc/r: 0.000015371 0.878495988 0.121488641
KJ:/rrc/c: 0.068978501 0.931021499 0.000000000
KJ:/rrc/crr: 0.000000000 0.999956763 0.000043237
KJ:/rrc/r: 0.000317113 0.991538441 0.008144447
KK:/cc/c: 0.500000000 0.500000000 0.000000000
KK:/cc/crr: 0.000000000 0.500000000 0.500000000
KK:/cc/r: 0.333333333 0.333333333 0.333333333
KK:/crc/c: 0.999995000 0.000005000 0.000000000
KK:/crc/crr: 0.000000000 0.999997500 0.000002500
KK:/crc/r: 0.993899118 0.006097549 0.000003333
KK:/crrc/c: 0.999997500 0.000002500 0.000000000
KK:/crrc/crr: 0.000000000 0.999998750 0.000001250
KK:/crrc/r: 0.999599403 0.000398931 0.000001667
KK:/rc/c: 0.999992444 0.000007556 0.000000000
KK:/rc/crr: 0.000000000 0.999996222 0.000003778
KK:/rc/r: 0.999965221 0.000029741 0.000005037
KK:/rrc/c: 0.999994035 0.000005965 0.000000000
KK:/rrc/crr: 0.000000000 0.999997018 0.000002982
KK:/rrc/r: 0.996595920 0.003400104 0.000003977
KQ:/cc/c: 0.500000000 0.500000000 0.000000000
KQ:/cc/crr: 0.000000000 0.500000000 0.500000000
KQ:/cc/r: 0.333333333 0.333333333 0.333333333
KQ:/crc/c: 0.001146553 0.998853447 0.000000000
KQ:/crc/crr: 0.000000000 0.002180470 0.997819530
KQ:/crc/r: 0.000005365 0.503112511 0.496882125
KQ:/crrc/c: 0.630138226 0.369861774 0.000000000
KQ:/crrc/crr: 0.000000000 0.435566494 0.564433506
KQ:/crrc/r: 0.000016054 0.625176189 0.374807757
KQ:/rc/c: 0.000007556 0.999992444 0.000000000
KQ:/rc/crr: 0.000000000 0.500000000 0.500000000
KQ:/rc/r: 0.000005037 0.307752444 0.692242519
KQ:/rrc/c: 0.456530652 0.543469348 0.000000000
KQ:/rrc/crr: 0.000000000 0.757740118 0.242259882
KQ:/rrc/r: 0.000122555 0.714443637 0.285433808
Q:/c: 0.802898491 0.197101509 0.000000000
Q:/crr: 0.000000000 0.999993773 0.000006227
Q:/r: 0.330687697 0.669261722 0.000050581
QJ:/cc/c: 0.000025368 0.999974632 0.000000000
QJ:/cc/crr: 0.000000000 0.500000000 0.500000000
QJ:/cc/r: 0.000016912 0.000016912 0.999966176
QJ:/crc/c: 0.362105826 0.637894174 0.000000000
QJ:/crc/crr: 0.000000000 0.000063803 0.999936197
QJ:/crc/r: 0.000004152 0.000004152 0.999991697
QJ:/crrc/c: 0.000003114 0.999996886 0.000000000
QJ:/crrc/crr: 0.000000000 0.500000000 0.500000000
QJ:/crrc/r: 0.053490596 0.000002076 0.946507328
QJ:/rc/c: 0.000004981 0.999995019 0.000000000
QJ:/rc/crr: 0.000000000 0.500000000 0.500000000
QJ:/rc/r: 0.000043227 0.000003320 0.999953452
QJ:/rrc/c: 0.000010080 0.999989920 0.000000000
QJ:/rrc/crr: 0.000000000 0.500000000 0.500000000
QJ:/rrc/r: 0.000006720 0.000006720 0.999986560
QK:/cc/c: 0.000895839 0.999104161 0.000000000
QK:/cc/crr: 0.000000000 0.985841400 0.014158600
QK:/cc/r: 0.000016912 0.999818527 0.000164561
QK:/crc/c: 0.302931453 0.697068547 0.000000000
QK:/crc/crr: 0.000000000 0.000010279 0.999989721
QK:/crc/r: 0.000032994 0.507636276 0.492330730
QK:/crrc/c: 0.119449915 0.880550085 0.000000000
QK:/crrc/crr: 0.000000000 0.000013034 0.999986966
QK:/crrc/r: 0.000012209 0.290767877 0.709219914
QK:/rc/c: 0.373852748 0.626147252 0.000000000
QK:/rc/crr: 0.000000000 0.000006661 0.999993339
QK:/rc/r: 0.000003320 0.311829704 0.688166975
QK:/rrc/c: 0.439937718 0.560062282 0.000000000
QK:/rrc/crr: 0.000000000 0.000011456 0.999988544
QK:/rrc/r: 0.000006720 0.501835556 0.498157724
QQ:/cc/c: 0.999974632 0.000025368 0.000000000
QQ:/cc/crr: 0.000000000 0.999987316 0.000012684
QQ:/cc/r: 0.999171138 0.000811951 0.000016912
QQ:/crc/c: 0.999993773 0.000006227 0.000000000
QQ:/crc/crr: 0.000000000 0.999996886 0.000003114
QQ:/crc/r: 0.994008572 0.005987277 0.000004152
QQ:/crrc/c: 0.999996886 0.000003114 0.000000000
QQ:/crrc/crr: 0.000000000 0.999998443 0.000001557
QQ:/crrc/r: 0.999971889 0.000026035 0.000002076
QQ:/rc/c: 0.999995019 0.000004981 0.000000000
QQ:/rc/crr: 0.000000000 0.999997510 0.000002490
QQ:/rc/r: 0.999991916 0.000004764 0.000003320
QQ:/rrc/c: 0.999989920 0.000010080 0.000000000
QQ:/rrc/crr: 0.000000000 0.999994960 0.000005040
QQ:/rrc/r: 0.999986560 0.000006720 0.000006720
