J:/: 0.078511877 0.921488123 0.000000000
J:/cr: 0.017482489 0.035278921 0.947238590
J:/rr: 0.000000000 0.999936315 0.000063685
JJ:/cc/: 0.000349477 0.999650523 0.000000000
JJ:/cc/cr: 0.999996381 0.000001809 0.000001809
JJ:/cc/rr: 0.000000000 0.992236956 0.007763044
JJ:/crc/: 0.924791435 0.075208565 0.000000000
JJ:/crc/cr: 0.999545551 0.000227225 0.000227225
JJ:/crc/rr: 0.000000000 0.999972281 0.000027719
JJ:/crrc/: 0.975310144 0.024689856 0.000000000
JJ:/crrc/cr: 0.997206518 0.001396741 0.001396741
JJ:/crrc/rr: 0.000000000 0.999946963 0.000053037
JJ:/rc/: 0.884369071 0.115630929 0.000000000
JJ:/rc/cr: 0.999632828 0.000183586 0.000183586
JJ:/rc/rr: 0.000000000 0.999963994 0.000036006
JJ:/rrc/: 0.998888010 0.001111990 0.000000000
JJ:/rrc/cr: 0.980908498 0.009545751 0.009545751
JJ:/rrc/rr: 0.000000000 0.999984060 0.000015940
JK:/cc/: 0.081316417 0.918683583 0.000000000
JK:/cc/cr: 0.000103998 0.000001969 0.999894033
JK:/cc/rr: 0.000000000 0.000033364 0.999966636
JK:/crc/: 0.029415050 0.970584950 0.000000000
JK:/crc/cr: 0.000938745 0.000017607 0.999043648
JK:/crc/rr: 0.000000000 0.000871453 0.999128547
JK:/crrc/: 0.999896544 0.000103456 0.000000000
JK:/crrc/cr: 0.333333333 0.333333333 0.333333333
JK:/crrc/rr: 0.000000000 0.000051733 0.999948267
JK:/rc/: 0.993018877 0.006981123 0.000000000
JK:/rc/cr: 0.948990354 0.003040802 0.047968845
JK:/rc/rr: 0.000000000 0.000032066 0.999967934
JK:/rrc/: 0.524460537 0.475539463 0.000000000
JK:/rrc/cr: 0.793204972 0.000022322 0.206772707
JK:/rrc/rr: 0.000000000 0.000030359 0.999969641
JQ:/cc/: 0.185890988 0.814109012 0.000000000
JQ:/cc/cr: 0.000005036 0.000002222 0.999992742
JQ:/cc/rr: 0.000000000 0.000014595 0.999985405
JQ:/crc/: 0.995704450 0.004295550 0.000000000
JQ:/crc/cr: 0.015824738 0.003978356 0.980196905
JQ:/crc/rr: 0.000000000 0.000025744 0.999974256
JQ:/crrc/: 0.058759734 0.941240266 0.000000000
JQ:/crrc/cr: 0.190441325 0.000036638 0.809522037
JQ:/crrc/rr: 0.000000000 0.000880331 0.999119669
JQ:/rc/: 0.996002405 0.003997595 0.000000000
JQ:/rc/cr: 0.005310245 0.005310245 0.989379510
JQ:/rc/rr: 0.000000000 0.000031970 0.999968030
JQ:/rrc/: 0.119027825 0.880972175 0.000000000
JQ:/rrc/cr: 0.001323180 0.000012049 0.998664771
JQ:/rrc/rr: 0.000000000 0.000133768 0.999866232
K:/: 0.757125549 0.242874451 0.000000000
K:/cr: 0.683780697 0.316205578 0.000013725
K:/rr: 0.000000000 0.999993396 0.000006604
KJ:/cc/: 0.000051939 0.999948061 0.000000000
KJ:/cc/cr: 0.000049655 0.000010016 0.999940330
KJ:/cc/rr: 0.000000000 0.801819083 0.198180917
KJ:/crc/: 0.000119504 0.999880496 0.000000000
KJ:/crc/cr: 0.000032472 0.999960293 0.000007235
KJ:/crc/rr: 0.000000000 0.909200167 0.090799833
KJ:/crrc/: 0.065921467 0.934078533 0.000000000
KJ:/crrc/cr: 0.004841110 0.985234428 0.009924462
KJ:/crrc/rr: 0.000000000 0.425051339 0.574948661
KJ:/rc/: 0.063554805 0.936445195 0.000000000
KJ:/rc/cr: 0.006439919 0.962687815 0.030872266
KJ:/rc/rr: 0.000000000 0.360999347 0.639000653
KJ:/rrc/: 0.086269843 0.913730157 0.000000000
KJ:/rrc/cr: 0.000559193 0.999157988 0.000282819
KJ:/rrc/rr: 0.000000000 0.480980018 0.519019982
KK:/cc/: 0.996798660 0.003201340 0.000000000
KK:/cc/cr: 0.995712885 0.002143558 0.002143558
KK:/cc/rr: 0.000000000 0.999989674 0.000010326
KK:/crc/: 0.085475969 0.914524031 0.000000000
KK:/crc/cr: 0.999984180 0.000007910 0.000007910
KK:/crc/rr: 0.000000000 0.999873053 0.000126947
KK:/crrc/: 0.974941597 0.025058403 0.000000000
KK:/crrc/cr: 0.999733004 0.000133498 0.000133498
KK:/crrc/rr: 0.000000000 0.999994853 0.000005147
KK:/rc/: 0.838035295 0.161964705 0.000000000
KK:/rc/cr: 0.999972817 0.000013591 0.000013591
KK:/rc/rr: 0.000000000 0.999996060 0.000003940
KK:/rrc/: 0.528055409 0.471944591 0.000000000
KK:/rrc/cr: 0.999995336 0.000002332 0.000002332
KK:/rrc/rr: 0.000000000 0.999996873 0.000003127
KQ:/cc/: 0.000126575 0.999873425 0.000000000
KQ:/cc/cr: 0.000045285 0.421611562 0.578343153
KQ:/cc/rr: 0.000000000 0.918677304 0.081322696
KQ:/crc/: 0.881083662 0.118916338 0.000000000
KQ:/crc/cr: 0.000375789 0.541783760 0.457840451
KQ:/crc/rr: 0.000000000 0.000028492 0.999971508
KQ:/crrc/: 0.009049826 0.990950174 0.000000000
KQ:/crrc/cr: 0.006180922 0.693482018 0.300337060
KQ:/crrc/rr: 0.000000000 0.116539668 0.883460332
KQ:/rc/: 0.000029303 0.999970697 0.000000000
KQ:/rc/cr: 0.000026355 0.490430617 0.509543027
KQ:/rc/rr: 0.000000000 0.887316510 0.112683490
KQ:/rrc/: 0.703836684 0.296163316 0.000000000
KQ:/rrc/cr: 0.021562393 0.897656128 0.080781479
KQ:/rrc/rr: 0.000000000 0.388093504 0.611906496
Q:/: 0.741057983 0.258942017 0.000000000
Q:/cr: 0.168792667 0.830383674 0.000823659
Q:/rr: 0.000000000 0.999993253 0.000006747
QJ:/cc/: 0.000019309 0.999980691 0.000000000
QJ:/cc/cr: 0.000006437 0.000006437 0.999987127
QJ:/cc/rr: 0.000000000 0.500000000 0.500000000
QJ:/crc/: 0.027619312 0.972380688 0.000000000
QJ:/crc/cr: 0.002436572 0.000002657 0.997560771
QJ:/crc/rr: 0.000000000 0.000140322 0.999859678
QJ:/crrc/: 0.010093929 0.989906071 0.000000000
QJ:/crrc/cr: 0.000175898 0.000012840 0.999811261
QJ:/crrc/rr: 0.000000000 0.001888871 0.998111129
QJ:/rc/: 0.009398190 0.990601810 0.000000000
QJ:/rc/cr: 0.000002270 0.000002270 0.999995459
QJ:/rc/rr: 0.000000000 0.000358958 0.999641042
QJ:/rrc/: 0.000003374 0.999996626 0.000000000
QJ:/rrc/cr: 0.000001125 0.000001125 0.999997751
QJ:/rrc/rr: 0.000000000 0.500000000 0.500000000
QK:/cc/: 0.354188629 0.645811371 0.000000000
QK:/cc/cr: 0.022584906 0.977392604 0.000022491
QK:/cc/rr: 0.000000000 0.999972741 0.000027259
QK:/crc/: 0.006293274 0.993706726 0.000000000
QK:/crc/cr: 0.000002600 0.555335935 0.444661465
QK:/crc/rr: 0.000000000 0.000615830 0.999384170
QK:/crrc/: 0.874317773 0.125682227 0.000000000
QK:/crrc/cr: 0.000181230 0.511699243 0.488119527
QK:/crrc/rr: 0.000000000 0.000595360 0.999404640
QK:/rc/: 0.438242766 0.561757234 0.000000000
QK:/rc/cr: 0.023714221 0.513381708 0.462904071
QK:/rc/rr: 0.000000000 0.190987674 0.809012326
QK:/rrc/: 0.122605256 0.877394744 0.000000000
QK:/rrc/cr: 0.000001282 0.299159359 0.700839359
QK:/rrc/rr: 0.000000000 0.000458052 0.999541948
QQ:/cc/: 0.511129131 0.488870869 0.000000000
QQ:/cc/cr: 0.999973668 0.000013166 0.000013166
QQ:/cc/rr: 0.000000000 0.999981111 0.000018889
QQ:/crc/: 0.987278220 0.012721780 0.000000000
QQ:/crc/cr: 0.999593811 0.000203095 0.000203095
QQ:/crc/rr: 0.000000000 0.999996074 0.000003926
QQ:/crrc/: 0.144224426 0.855775574 0.000000000
QQ:/crrc/cr: 0.999970294 0.000014853 0.000014853
QQ:/crrc/rr: 0.000000000 0.999867802 0.000132198
QQ:/rc/: 0.516395383 0.483604617 0.000000000
QQ:/rc/cr: 0.999990699 0.000004651 0.000004651
QQ:/rc/rr: 0.000000000 0.999993467 0.000006533
QQ:/rrc/: 0.984466474 0.015533526 0.000000000
QQ:/rrc/cr: 0.999855213 0.000072393 0.000072393
QQ:/rrc/rr: 0.000000000 0.999998287 0.000001713
