J:/: 0.073847446 0.926152554 0.000000000
J:/cr: 0.017934333 0.033956610 0.948109057
J:/rr: 0.000000000 0.999932293 0.000067707
JJ:/cc/: 0.000125683 0.999874317 0.000000000
JJ:/cc/cr: 0.999996400 0.000001800 0.000001800
JJ:/cc/rr: 0.000000000 0.978522683 0.021477317
JJ:/crc/: 0.998195333 0.001804667 0.000000000
JJ:/crc/cr: 0.980422669 0.009788666 0.009788666
JJ:/crc/rr: 0.000000000 0.999973454 0.000026546
JJ:/crrc/: 0.999899658 0.000100342 0.000000000
JJ:/crrc/cr: 0.333333333 0.333333333 0.333333333
JJ:/crrc/rr: 0.000000000 0.999949824 0.000050176
JJ:/rc/: 0.980357389 0.019642611 0.000000000
JJ:/rc/cr: 0.997702032 0.001148984 0.001148984
JJ:/rc/rr: 0.000000000 0.999965468 0.000034532
JJ:/rrc/: 0.999966144 0.000033856 0.000000000
JJ:/rrc/cr: 0.333333333 0.333333333 0.333333333
JJ:/rrc/rr: 0.000000000 0.999983071 0.000016929
JK:/cc/: 0.086323950 0.913676050 0.000000000
JK:/cc/cr: 0.000001970 0.000001970 0.999996061
JK:/cc/rr: 0.000000000 0.000031270 0.999968730
JK:/crc/: 0.025277623 0.974722377 0.000000000
JK:/crc/cr: 0.002635952 0.000018123 0.997345924
JK:/crc/rr: 0.000000000 0.001048276 0.998951724
JK:/crrc/: 0.999899658 0.000100342 0.000000000
JK:/crrc/cr: 0.333333333 0.333333333 0.333333333
JK:/crrc/rr: 0.000000000 0.000050176 0.999949824
JK:/rc/: 0.999572827 0.000427173 0.000000000
JK:/rc/cr: 0.894333065 0.052833468 0.052833468
JK:/rc/rr: 0.000000000 0.000033868 0.999966132
JK:/rrc/: 0.545124031 0.454875969 0.000000000
JK:/rrc/cr: 0.991510150 0.000024810 0.008465041
JK:/rrc/rr: 0.000000000 0.000031053 0.999968947
JQ:/cc/: 0.153138542 0.846861458 0.000000000
JQ:/cc/cr: 0.000002125 0.000002125 0.999995750
JQ:/cc/rr: 0.000000000 0.000017627 0.999982373
JQ:/crc/: 0.998253588 0.001746412 0.000000000
JQ:/crc/cr: 0.010115185 0.010115185 0.979769630
JQ:/crc/rr: 0.000000000 0.000026544 0.999973456
JQ:/crrc/: 0.024218847 0.975781153 0.000000000
JQ:/crrc/cr: 0.193918857 0.000034277 0.806046866
JQ:/crrc/rr: 0.000000000 0.002071560 0.997928440
JQ:/rc/: 0.999598238 0.000401762 0.000000000
JQ:/rc/cr: 0.056175199 0.056175199 0.887649603
JQ:/rc/rr: 0.000000000 0.000033867 0.999966133
JQ:/rrc/: 0.135996623 0.864003377 0.000000000
JQ:/rrc/cr: 0.000013062 0.000013062 0.999973877
JQ:/rrc/rr: 0.000000000 0.000124473 0.999875527
K:/: 0.756788747 0.243211253 0.000000000
K:/cr: 0.695105809 0.304880485 0.000013706
K:/rr: 0.000000000 0.999993393 0.000006607
KJ:/cc/: 0.000020558 0.999979442 0.000000000
KJ:/cc/cr: 0.000006853 0.000006853 0.999986294
KJ:/cc/rr: 0.000000000 0.500000000 0.500000000
KJ:/crc/: 0.000022477 0.999977523 0.000000000
KJ:/crc/cr: 0.000007492 0.999985015 0.000007492
KJ:/crc/rr: 0.000000000 0.500000000 0.500000000
KJ:/crrc/: 0.047690042 0.952309958 0.000000000
KJ:/crrc/cr: 0.000003451 0.999993098 0.000003451
KJ:/crrc/rr: 0.000000000 0.560800553 0.439199447
KJ:/rc/: 0.050587226 0.949412774 0.000000000
KJ:/rc/cr: 0.001394906 0.992225211 0.006379883
KJ:/rc/rr: 0.000000000 0.233626003 0.766373997
KJ:/rrc/: 0.084322687 0.915677313 0.000000000
KJ:/rrc/cr: 0.000001203 0.999997595 0.000001203
KJ:/rrc/rr: 0.000000000 0.485213863 0.514786137
KK:/cc/: 0.999964879 0.000035121 0.000000000
KK:/cc/cr: 0.609764351 0.195117824 0.195117824
KK:/cc/rr: 0.000000000 0.999989721 0.000010279
KK:/crc/: 0.086678358 0.913321642 0.000000000
KK:/crc/cr: 0.999983593 0.000008203 0.000008203
KK:/crc/rr: 0.000000000 0.999870343 0.000129657
KK:/crrc/: 0.998196041 0.001803959 0.000000000
KK:/crrc/cr: 0.996356689 0.001821656 0.001821656
KK:/crrc/rr: 0.000000000 0.999995062 0.000004938
KK:/rc/: 0.805280102 0.194719898 0.000000000
KK:/rc/cr: 0.999977380 0.000011310 0.000011310
KK:/rc/rr: 0.000000000 0.999995898 0.000004102
KK:/rrc/: 0.521205654 0.478794346 0.000000000
KK:/rrc/cr: 0.999995335 0.000002365 0.000002300
KK:/rrc/rr: 0.000000000 0.999996831 0.000003169
KQ:/cc/: 0.000020558 0.999979442 0.000000000
KQ:/cc/cr: 0.000006853 0.445655526 0.554337621
KQ:/cc/rr: 0.000000000 0.500000000 0.500000000
KQ:/crc/: 0.888648797 0.111351203 0.000000000
KQ:/crc/cr: 0.000067285 0.945219933 0.054712782
KQ:/crc/rr: 0.000000000 0.000012647 0.999987353
KQ:/crrc/: 0.000524377 0.999475623 0.000000000
KQ:/crrc/cr: 0.002951956 0.703653949 0.293394095
KQ:/crrc/rr: 0.000000000 0.530895609 0.469104391
KQ:/rc/: 0.000006607 0.999993393 0.000000000
KQ:/rc/cr: 0.000008821 0.484120306 0.515870873
KQ:/rc/rr: 0.000000000 0.500000000 0.500000000
KQ:/rrc/: 0.716243269 0.283756731 0.000000000
KQ:/rrc/cr: 0.011565770 0.934580738 0.053853492
KQ:/rrc/rr: 0.000000000 0.393846626 0.606153374
Q:/: 0.753706029 0.246293971 0.000000000
Q:/cr: 0.162485157 0.837441331 0.000073513
Q:/rr: 0.000000000 0.999993366 0.000006634
QJ:/cc/: 0.000020301 0.999979699 0.000000000
QJ:/cc/cr: 0.000006767 0.000006767 0.999986466
QJ:/cc/rr: 0.000000000 0.500000000 0.500000000
QJ:/crc/: 0.031457852 0.968542148 0.000000000
QJ:/crc/cr: 0.000108822 0.000002781 0.999888397
QJ:/crc/rr: 0.000000000 0.000128434 0.999871566
QJ:/crrc/: 0.028491005 0.971508995 0.000000000
QJ:/crrc/cr: 0.000014289 0.000014289 0.999971421
QJ:/crrc/rr: 0.000000000 0.000730876 0.999269124
QJ:/rc/: 0.013120214 0.986879786 0.000000000
QJ:/rc/cr: 0.000002241 0.000002241 0.999995519
QJ:/rc/rr: 0.000000000 0.000252812 0.999747188
QJ:/rrc/: 0.000003317 0.999996683 0.000000000
QJ:/rrc/cr: 0.000001106 0.000001106 0.999997789
QJ:/rrc/rr: 0.000000000 0.500000000 0.500000000
QK:/cc/: 0.084248694 0.915751306 0.000000000
QK:/cc/cr: 0.000030047 0.999962239 0.000007714
QK:/cc/rr: 0.000000000 0.999879518 0.000120482
QK:/crc/: 0.000008081 0.999991919 0.000000000
QK:/crc/cr: 0.000002794 0.554953433 0.445043773
QK:/crc/rr: 0.000000000 0.500000000 0.500000000
QK:/crrc/: 0.994453583 0.005546417 0.000000000
QK:/crrc/cr: 0.002502923 0.003217994 0.994279083
QK:/crrc/rr: 0.000000000 0.000523898 0.999476102
QK:/rc/: 0.426421297 0.573578703 0.000000000
QK:/rc/cr: 0.002540557 0.529278765 0.468180678
QK:/rc/rr: 0.000000000 0.198186979 0.801813021
QK:/rrc/: 0.118545691 0.881454309 0.000000000
QK:/rrc/cr: 0.000007455 0.286772731 0.713219813
QK:/rrc/rr: 0.000000000 0.000013990 0.999986010
QQ:/cc/: 0.485130819 0.514869181 0.000000000
QQ:/cc/cr: 0.999973714 0.000013143 0.000013143
QQ:/cc/rr: 0.000000000 0.999979077 0.000020923
QQ:/crc/: 0.997107605 0.002892395 0.000000000
QQ:/crc/cr: 0.998137519 0.000931240 0.000931240
QQ:/crc/rr: 0.000000000 0.999995948 0.000004052
QQ:/crrc/: 0.108408442 0.891591558 0.000000000
QQ:/crrc/cr: 0.999968860 0.000015570 0.000015570
QQ:/crrc/rr: 0.000000000 0.999807917 0.000192083
QQ:/rc/: 0.492064534 0.507935466 0.000000000
QQ:/rc/cr: 0.999820176 0.000175471 0.000004353
QQ:/rc/rr: 0.000000000 0.999993259 0.000006741
QQ:/rrc/: 0.991027215 0.008972785 0.000000000
QQ:/rrc/cr: 0.999753554 0.000123223 0.000123223
QQ:/rrc/rr: 0.000000000 0.999998327 0.000001673
