J:/: 0.076433489 0.923566511 0.000000000
J:/cr: 0.017303437 0.036113910 0.946582653
J:/rr: 0.000000000 0.999934584 0.000065416
JJ:/cc/: 0.000316726 0.999683274 0.000000000
JJ:/cc/cr: 0.999996390 0.000001805 0.000001805
JJ:/cc/rr: 0.000000000 0.991453509 0.008546491
JJ:/crc/: 0.973141535 0.026858465 0.000000000
JJ:/crc/cr: 0.998759680 0.000620160 0.000620160
JJ:/crc/rr: 0.000000000 0.999974326 0.000025674
JJ:/crrc/: 0.882437193 0.117562807 0.000000000
JJ:/crrc/cr: 0.999408592 0.000295704 0.000295704
JJ:/crrc/rr: 0.000000000 0.999940907 0.000059093
JJ:/rc/: 0.935085546 0.064914454 0.000000000
JJ:/rc/cr: 0.999328179 0.000335911 0.000335911
JJ:/rc/rr: 0.000000000 0.999965021 0.000034979
JJ:/rrc/: 0.996836619 0.003163381 0.000000000
JJ:/rrc/cr: 0.993106465 0.003446768 0.003446768
JJ:/rrc/rr: 0.000000000 0.999983593 0.000016407
JK:/cc/: 0.080106962 0.919893038 0.000000000
JK:/cc/cr: 0.000467794 0.000001962 0.999530244
JK:/cc/rr: 0.000000000 0.000033791 0.999966209
JK:/crc/: 0.074998008 0.925001992 0.000000000
JK:/crc/cr: 0.054114921 0.000018007 0.945867072
JK:/crc/rr: 0.000000000 0.000333140 0.999666860
JK:/crrc/: 0.999858605 0.000141395 0.000000000
JK:/crrc/cr: 0.471859975 0.245862900 0.282277124
JK:/crrc/rr: 0.000000000 0.000052153 0.999947847
JK:/rc/: 0.993222944 0.006777056 0.000000000
JK:/rc/cr: 0.897825519 0.003217540 0.098956941
JK:/rc/rr: 0.000000000 0.000032931 0.999967069
JK:/rrc/: 0.497312247 0.502687753 0.000000000
JK:/rrc/cr: 0.755118354 0.000021690 0.244859956
JK:/rrc/rr: 0.000000000 0.000032887 0.999967113
JQ:/cc/: 0.194340752 0.805659248 0.000000000
JQ:/cc/cr: 0.000005925 0.000002240 0.999991835
JQ:/cc/rr: 0.000000000 0.000013929 0.999986071
JQ:/crc/: 0.990028197 0.009971803 0.000000000
JQ:/crc/cr: 0.135542980 0.001670364 0.862786656
JQ:/crc/rr: 0.000000000 0.000025236 0.999974764
JQ:/crrc/: 0.018961426 0.981038574 0.000000000
JQ:/crrc/cr: 0.143115639 0.000035436 0.856848926
JQ:/crrc/rr: 0.000000000 0.002750092 0.997249908
JQ:/rc/: 0.995972549 0.004027451 0.000000000
JQ:/rc/cr: 0.005414207 0.005414207 0.989171587
JQ:/rc/rr: 0.000000000 0.000032840 0.999967160
JQ:/rrc/: 0.120213596 0.879786404 0.000000000
JQ:/rrc/cr: 0.000500134 0.000012393 0.999487472
JQ:/rrc/rr: 0.000000000 0.000136051 0.999863949
K:/: 0.755185304 0.244814696 0.000000000
K:/cr: 0.674582688 0.325403696 0.000013616
K:/rr: 0.000000000 0.999993379 0.000006621
KJ:/cc/: 0.000054259 0.999945741 0.000000000
KJ:/cc/cr: 0.000049676 0.000009416 0.999940908
KJ:/cc/rr: 0.000000000 0.811794728 0.188205272
KJ:/crc/: 0.000058963 0.999941037 0.000000000
KJ:/crc/cr: 0.000176076 0.999816949 0.000006974
KJ:/crc/rr: 0.000000000 0.822590958 0.177409042
KJ:/crrc/: 0.072396286 0.927603714 0.000000000
KJ:/crrc/cr: 0.000593595 0.987050506 0.012355899
KJ:/crrc/rr: 0.000000000 0.431351083 0.568648917
KJ:/rc/: 0.072322942 0.927677058 0.000000000
KJ:/rc/cr: 0.003960213 0.979586709 0.016453078
KJ:/rc/rr: 0.000000000 0.476699956 0.523300044
KJ:/rrc/: 0.102758312 0.897241688 0.000000000
KJ:/rrc/cr: 0.003664260 0.995672326 0.000663414
KJ:/rrc/rr: 0.000000000 0.586809934 0.413190066
KK:/cc/: 0.996788094 0.003211906 0.000000000
KK:/cc/cr: 0.995760854 0.002119573 0.002119573
KK:/cc/rr: 0.000000000 0.999989755 0.000010245
KK:/crc/: 0.167599182 0.832400818 0.000000000
KK:/crc/cr: 0.999983244 0.000008378 0.000008378
KK:/crc/rr: 0.000000000 0.999937585 0.000062415
KK:/crrc/: 0.992260955 0.007739045 0.000000000
KK:/crrc/cr: 0.999130644 0.000434678 0.000434678
KK:/crrc/rr: 0.000000000 0.999994915 0.000005085
KK:/rc/: 0.857330393 0.142669607 0.000000000
KK:/rc/cr: 0.999969062 0.000015469 0.000015469
KK:/rc/rr: 0.000000000 0.999996139 0.000003861
KK:/rrc/: 0.529856623 0.470143377 0.000000000
KK:/rrc/cr: 0.999995306 0.000002347 0.000002347
KK:/rrc/rr: 0.000000000 0.999996876 0.000003124
KQ:/cc/: 0.000056890 0.999943110 0.000000000
KQ:/cc/cr: 0.000047619 0.417128001 0.582824380
KQ:/cc/rr: 0.000000000 0.820499457 0.179500543
KQ:/crc/: 0.838262904 0.161737096 0.000000000
KQ:/crc/cr: 0.000292928 0.521699236 0.478007836
KQ:/crc/rr: 0.000000000 0.000027535 0.999972465
KQ:/crrc/: 0.014146259 0.985853741 0.000000000
KQ:/crrc/cr: 0.022673289 0.688849643 0.288477068
KQ:/crrc/rr: 0.000000000 0.440775674 0.559224326
KQ:/rc/: 0.000207853 0.999792147 0.000000000
KQ:/rc/cr: 0.000026025 0.495098030 0.504875946
KQ:/rc/rr: 0.000000000 0.238440960 0.761559040
KQ:/rrc/: 0.687128768 0.312871232 0.000000000
KQ:/rrc/cr: 0.035547436 0.806293512 0.158159052
KQ:/rrc/rr: 0.000000000 0.394233336 0.605766664
Q:/: 0.738081449 0.261918551 0.000000000
Q:/cr: 0.150659351 0.848689672 0.000650977
Q:/rr: 0.000000000 0.999993226 0.000006774
QJ:/cc/: 0.000019090 0.999980910 0.000000000
QJ:/cc/cr: 0.000012859 0.000006363 0.999980778
QJ:/cc/rr: 0.000000000 0.500000000 0.500000000
QJ:/crc/: 0.030639825 0.969360175 0.000000000
QJ:/crc/cr: 0.001200498 0.000002578 0.998796924
QJ:/crc/rr: 0.000000000 0.000122354 0.999877646
QJ:/crrc/: 0.009201518 0.990798482 0.000000000
QJ:/crrc/cr: 0.000544480 0.000014210 0.999441311
QJ:/crrc/rr: 0.000000000 0.002295075 0.997704925
QJ:/rc/: 0.008532998 0.991467002 0.000000000
QJ:/rc/cr: 0.000002890 0.000002278 0.999994833
QJ:/rc/rr: 0.000000000 0.000396948 0.999603052
QJ:/rrc/: 0.000003387 0.999996613 0.000000000
QJ:/rrc/cr: 0.000001129 0.000001129 0.999997742
QJ:/rrc/rr: 0.000000000 0.500000000 0.500000000
QK:/cc/: 0.510736556 0.489263444 0.000000000
QK:/cc/cr: 0.308814328 0.691168699 0.000016973
QK:/cc/rr: 0.000000000 0.999981311 0.000018689
QK:/crc/: 0.000007498 0.999992502 0.000000000
QK:/crc/cr: 0.000002499 0.555480619 0.444516882
QK:/crc/rr: 0.000000000 0.500000000 0.500000000
QK:/crrc/: 0.964635241 0.035364759 0.000000000
QK:/crrc/cr: 0.000737659 0.594821850 0.404440491
QK:/crrc/rr: 0.000000000 0.000584483 0.999415517
QK:/rc/: 0.466490318 0.533509682 0.000000000
QK:/rc/cr: 0.031310089 0.511211183 0.457478728
QK:/rc/rr: 0.000000000 0.199476574 0.800523426
QK:/rrc/: 0.127806302 0.872193698 0.000000000
QK:/rrc/cr: 0.000001295 0.299639275 0.700359430
QK:/rrc/rr: 0.000000000 0.000521044 0.999478956
QQ:/cc/: 0.517197101 0.482802899 0.000000000
QQ:/cc/cr: 0.999973640 0.000013180 0.000013180
QQ:/cc/rr: 0.000000000 0.999981545 0.000018455
QQ:/crc/: 0.979283954 0.020716046 0.000000000
QQ:/crc/cr: 0.999758712 0.000120644 0.000120644
QQ:/crc/rr: 0.000000000 0.999996172 0.000003828
QQ:/crrc/: 0.135122745 0.864877255 0.000000000
QQ:/crrc/cr: 0.999967443 0.000016278 0.000016278
QQ:/crrc/rr: 0.000000000 0.999843711 0.000156289
QQ:/rc/: 0.520368454 0.479631546 0.000000000
QQ:/rc/cr: 0.999990584 0.000004708 0.000004708
QQ:/rc/rr: 0.000000000 0.999993491 0.000006509
QQ:/rrc/: 0.967404204 0.032595796 0.000000000
QQ:/rrc/cr: 0.999930724 0.000034638 0.000034638
QQ:/rrc/rr: 0.000000000 0.999998249 0.000001751
