J:/c: 0.291949298 0.708050702 0.000000000
J:/crr: 0.000000000 0.999982874 0.000017126
J:/r: 0.054218804 0.127911316 0.817869880
JJ:/cc/c: 0.999992938 0.000007062 0.000000000
JJ:/cc/crr: 0.000000000 0.999996469 0.000003531
JJ:/cc/r: 0.999990584 0.000004708 0.000004708
JJ:/crc/c: 0.999982874 0.000017126 0.000000000
JJ:/crc/crr: 0.000000000 0.999991437 0.000008563
JJ:/crc/r: 0.999955444 0.000033139 0.000011418
JJ:/crrc/c: 0.999991437 0.000008563 0.000000000
JJ:/crrc/crr: 0.000000000 0.999995718 0.000004282
JJ:/crrc/r: 0.999974553 0.000019738 0.000005709
JJ:/rc/c: 0.999973940 0.000026060 0.000000000
JJ:/rc/crr: 0.000000000 0.999986970 0.000013030
JJ:/rc/r: 0.999959972 0.000022654 0.000017373
JJ:/rrc/c: 0.999938521 0.000061479 0.000000000
JJ:/rrc/crr: 0.000000000 0.999969258 0.000030742
JJ:/rrc/r: 0.999769591 0.000189423 0.000040986
JK:/cc/c: 0.006794872 0.993205128 0.000000000
JK:/cc/crr: 0.000000000 0.000519630 0.999480370
JK:/cc/r: 0.000004708 0.000004708 0.999990584
JK:/crc/c: 0.531023906 0.468976094 0.000000000
JK:/crc/crr: 0.000000000 0.000016126 0.999983874
JK:/crc/r: 0.040191547 0.000011418 0.959797035
JK:/crrc/c: 0.508985687 0.491014313 0.000000000
JK:/crrc/crr: 0.000000000 0.000008412 0.999991588
JK:/crrc/r: 0.209232227 0.000005709 0.790762064
JK:/rc/c: 0.403210113 0.596789887 0.000000000
JK:/rc/crr: 0.000000000 0.000032315 0.999967685
JK:/rc/r: 0.349578716 0.000017373 0.650403911
JK:/rrc/c: 0.999806310 0.000193690 0.000000000
JK:/rrc/crr: 0.000000000 0.000030746 0.999969254
JK:/rrc/r: 0.307860072 0.000040986 0.692098941
JQ:/cc/c: 0.068842368 0.931157632 0.000000000
JQ:/cc/crr: 0.000000000 0.000051288 0.999948712
JQ:/cc/r: 0.038755997 0.000004708 0.961239295
JQ:/crc/c: 0.505357394 0.494642606 0.000000000
JQ:/crc/crr: 0.000000000 0.000016945 0.999983055
JQ:/crc/r: 0.076270260 0.000011418 0.923718322
JQ:/crrc/c: 0.034115029 0.965884971 0.000000000
JQ:/crrc/crr: 0.000000000 0.000125506 0.999874494
JQ:/crrc/r: 0.237201175 0.000005709 0.762793116
JQ:/rc/c: 0.995320090 0.004679910 0.000000000
JQ:/rc/crr: 0.000000000 0.000013091 0.999986909
JQ:/rc/r: 0.000017373 0.000017373 0.999965254
JQ:/rrc/c: 0.005228216 0.994771784 0.000000000
JQ:/rrc/crr: 0.000000000 0.005879566 0.994120434
JQ:/rrc/r: 0.469898791 0.000040986 0.530060223
K:/c: 0.999969411 0.000030589 0.000000000
K:/crr: 0.000000000 0.999995000 0.000005000
K:/r: 0.576739191 0.423254142 0.000006667
KJ:/cc/c: 0.397245881 0.602754119 0.000000000
KJ:/cc/crr: 0.000000000 0.794259716 0.205740284
KJ:/cc/r: 0.533231264 0.226692395 0.240076342
KJ:/crc/c: 0.095021342 0.904978658 0.000000000
KJ:/crc/crr: 0.000000000 0.999973689 0.000026311
KJ:/crc/r: 0.000082960 0.728099769 0.271817271
KJ:/crrc/c: 0.238161336 0.761838664 0.000000000
KJ:/crrc/crr: 0.000000000 0.803971861 0.196028139
KJ:/crrc/r: 0.030149217 0.820158583 0.149692200
KJ:/rc/c: 0.430278712 0.569721288 0.000000000
KJ:/rc/crr: 0.000000000 0.778662553 0.221337447
KJ:/rc/r: 0.020176215 0.779139428 0.200684357
KJ:/rrc/c: 0.458745282 0.541254718 0.000000000
KJ:/rrc/crr: 0.000000000 0.999993701 0.000006299
KJ:/rrc/r: 0.038855325 0.898263024 0.062881651
KK:/cc/c: 0.836541039 0.163458961 0.000000000
KK:/cc/crr: 0.000000000 0.902300692 0.097699308
KK:/cc/r: 0.615208503 0.275818857 0.108972641
KK:/crc/c: 0.999995000 0.000005000 0.000000000
KK:/crc/crr: 0.000000000 0.999997500 0.000002500
KK:/crc/r: 0.999988710 0.000007957 0.000003333
KK:/crrc/c: 0.999997500 0.000002500 0.000000000
KK:/crrc/crr: 0.000000000 0.999998750 0.000001250
KK:/crrc/r: 0.999996667 0.000001667 0.000001667
KK:/rc/c: 0.999992125 0.000007875 0.000000000
KK:/rc/crr: 0.000000000 0.999996062 0.000003938
KK:/rc/r: 0.999978794 0.000015956 0.000005250
KK:/rrc/c: 0.999994220 0.000005780 0.000000000
KK:/rrc/crr: 0.000000000 0.999997110 0.000002890
KK:/rrc/r: 0.999802733 0.000193414 0.000003853
KQ:/cc/c: 0.827117138 0.172882862 0.000000000
KQ:/cc/crr: 0.000000000 0.901187538 0.098812462
KQ:/cc/r: 0.530165509 0.353552391 0.116282101
KQ:/crc/c: 0.169706951 0.830293049 0.000000000
KQ:/crc/crr: 0.000000000 0.010276590 0.989723410
KQ:/crc/r: 0.000031850 0.435214633 0.564753518
KQ:/crrc/c: 0.616175272 0.383824728 0.000000000
KQ:/crrc/crr: 0.000000000 0.400720385 0.599279615
KQ:/crrc/r: 0.000675942 0.749295617 0.250028441
KQ:/rc/c: 0.000682289 0.999317711 0.000000000
KQ:/rc/crr: 0.000000000 0.029516121 0.970483879
KQ:/rc/r: 0.000023782 0.302009345 0.697966874
KQ:/rrc/c: 0.506775216 0.493224784 0.000000000
KQ:/rrc/crr: 0.000000000 0.470846932 0.529153068
KQ:/rrc/r: 0.060900185 0.574060329 0.365039486
Q:/c: 0.850715172 0.149284828 0.000000000
Q:/crr: 0.000000000 0.999994123 0.000005877
Q:/r: 0.362235282 0.637570218 0.000194500
QJ:/cc/c: 0.000272941 0.999727059 0.000000000
QJ:/cc/crr: 0.000000000 0.061355762 0.938644238
QJ:/cc/r: 0.000027048 0.000022329 0.999950623
QJ:/crc/c: 0.447463295 0.552536705 0.000000000
QJ:/crc/crr: 0.000000000 0.000817904 0.999182096
QJ:/crc/r: 0.000229685 0.000003918 0.999766396
QJ:/crrc/c: 0.000071998 0.999928002 0.000000000
QJ:/crrc/crr: 0.000000000 0.020408359 0.979591641
QJ:/crrc/r: 0.019907508 0.000001959 0.980090532
QJ:/rc/c: 0.000052908 0.999947092 0.000000000
QJ:/rc/crr: 0.000000000 0.049408175 0.950591825
QJ:/rc/r: 0.014833471 0.000003485 0.985163044
QJ:/rrc/c: 0.000243421 0.999756579 0.000000000
QJ:/rrc/crr: 0.000000000 0.052805314 0.947194686
QJ:/rrc/r: 0.000072349 0.000006135 0.999921516
QK:/cc/c: 0.024182095 0.975817905 0.000000000
QK:/cc/crr: 0.000000000 0.999307483 0.000692517
QK:/cc/r: 0.000103527 0.734532820 0.265363653
QK:/crc/c: 0.355184667 0.644815333 0.000000000
QK:/crc/crr: 0.000000000 0.004923312 0.995076688
QK:/crc/r: 0.000232220 0.447119309 0.552648471
QK:/crrc/c: 0.000266647 0.999733353 0.000000000
QK:/crrc/crr: 0.000000000 0.994489481 0.005510519
QK:/crrc/r: 0.000070788 0.290176040 0.709753172
QK:/rc/c: 0.350551833 0.649448167 0.000000000
QK:/rc/crr: 0.000000000 0.006812117 0.993187883
QK:/rc/r: 0.000009874 0.314647806 0.685342320
QK:/rrc/c: 0.425781889 0.574218111 0.000000000
QK:/rrc/crr: 0.000000000 0.046992585 0.953007415
QK:/rrc/r: 0.000074768 0.505005468 0.494919764
QQ:/cc/c: 0.999966507 0.000033493 0.000000000
QQ:/cc/crr: 0.000000000 0.999983253 0.000016747
QQ:/cc/r: 0.999935089 0.000042582 0.000022329
QQ:/crc/c: 0.999994123 0.000005877 0.000000000
QQ:/crc/crr: 0.000000000 0.999997061 0.000002939
QQ:/crc/r: 0.999955537 0.000040545 0.000003918
QQ:/crrc/c: 0.999997061 0.000002939 0.000000000
QQ:/crrc/crr: 0.000000000 0.999998531 0.000001469
QQ:/crrc/r: 0.999996082 0.000001959 0.000001959
QQ:/rc/c: 0.999994772 0.000005228 0.000000000
QQ:/rc/crr: 0.000000000 0.999997386 0.000002614
QQ:/rc/r: 0.999991928 0.000004586 0.000003485
QQ:/rrc/c: 0.999990798 0.000009202 0.000000000
QQ:/rrc/crr: 0.000000000 0.999995399 0.000004601
QQ:/rrc/r: 0.999960633 0.000033232 0.000006135
