J:/c: 0.307242378 0.692757622 0.000000000
J:/crr: 0.000000000 0.999983726 0.000016274
J:/r: 0.054075844 0.125590064 0.820334092
JJ:/cc/c: 0.999992782 0.000007218 0.000000000
JJ:/cc/crr: 0.000000000 0.999996391 0.000003609
JJ:/cc/r: 0.999990377 0.000004812 0.000004812
JJ:/crc/c: 0.999983726 0.000016274 0.000000000
JJ:/crc/crr: 0.000000000 0.999991863 0.000008137
JJ:/crc/r: 0.999892956 0.000096195 0.000010849
JJ:/crrc/c: 0.999991863 0.000008137 0.000000000
JJ:/crrc/crr: 0.000000000 0.999995931 0.000004069
JJ:/crrc/r: 0.999961301 0.000033275 0.000005425
JJ:/rc/c: 0.999973459 0.000026541 0.000000000
JJ:/rc/crr: 0.000000000 0.999986729 0.000013271
JJ:/rc/r: 0.999868233 0.000114072 0.000017694
JJ:/rrc/c: 0.999938358 0.000061642 0.000000000
JJ:/rrc/crr: 0.000000000 0.999969177 0.000030823
JJ:/rrc/r: 0.999917811 0.000041095 0.000041095
JK:/cc/c: 0.000007218 0.999992782 0.000000000
JK:/cc/crr: 0.000000000 0.500000000 0.500000000
JK:/cc/r: 0.000004812 0.000004812 0.999990377
JK:/crc/c: 0.511807748 0.488192252 0.000000000
JK:/crc/crr: 0.000000000 0.000015898 0.999984102
JK:/crc/r: 0.039634567 0.000010849 0.960354583
JK:/crrc/c: 0.462962125 0.537037875 0.000000000
JK:/crrc/crr: 0.000000000 0.000008788 0.999991212
JK:/crrc/r: 0.169627600 0.000005425 0.830366975
JK:/rc/c: 0.392666031 0.607333969 0.000000000
JK:/rc/crr: 0.000000000 0.000033796 0.999966204
JK:/rc/r: 0.362183697 0.000017694 0.637798609
JK:/rrc/c: 0.999938358 0.000061642 0.000000000
JK:/rrc/crr: 0.000000000 0.000030823 0.999969177
JK:/rrc/r: 0.349019145 0.000041095 0.650939761
JQ:/cc/c: 0.078940455 0.921059545 0.000000000
JQ:/cc/crr: 0.000000000 0.000045715 0.999954285
JQ:/cc/r: 0.032086681 0.000004812 0.967908507
JQ:/crc/c: 0.547705493 0.452294507 0.000000000
JQ:/crc/crr: 0.000000000 0.000014856 0.999985144
JQ:/crc/r: 0.000058889 0.000010849 0.999930261
JQ:/crrc/c: 0.048777552 0.951222448 0.000000000
JQ:/crrc/crr: 0.000000000 0.000083410 0.999916590
JQ:/crrc/r: 0.245555698 0.000005425 0.754438877
JQ:/rc/c: 0.999566345 0.000433655 0.000000000
JQ:/rc/crr: 0.000000000 0.000013276 0.999986724
JQ:/rc/r: 0.000017694 0.000017694 0.999964611
JQ:/rrc/c: 0.010916772 0.989083228 0.000000000
JQ:/rrc/crr: 0.000000000 0.002823262 0.997176738
JQ:/rrc/r: 0.621260199 0.000041095 0.378698706
K:/c: 0.999990000 0.000010000 0.000000000
K:/crr: 0.000000000 0.999995000 0.000005000
K:/r: 0.585672334 0.414321000 0.000006667
KJ:/cc/c: 0.500000000 0.500000000 0.000000000
KJ:/cc/crr: 0.000000000 0.500000000 0.500000000
KJ:/cc/r: 0.333333333 0.333333333 0.333333333
KJ:/crc/c: 0.069746726 0.930253274 0.000000000
KJ:/crc/crr: 0.000000000 0.999964156 0.000035844
KJ:/crc/r: 0.000018018 0.752851570 0.247130412
KJ:/crrc/c: 0.468878434 0.531121566 0.000000000
KJ:/crrc/crr: 0.000000000 0.992926195 0.007073805
KJ:/crrc/r: 0.000215830 0.937151422 0.062632748
KJ:/rc/c: 0.411724093 0.588275907 0.000000000
KJ:/rc/crr: 0.000000000 0.980167905 0.019832095
KJ:/rc/r: 0.038225604 0.744631990 0.217142406
KJ:/rrc/c: 0.146776962 0.853223038 0.000000000
KJ:/rrc/crr: 0.000000000 0.999980612 0.000019388
KJ:/rrc/r: 0.001169850 0.952454334 0.046375817
KK:/cc/c: 0.500000000 0.500000000 0.000000000
KK:/cc/crr: 0.000000000 0.500000000 0.500000000
KK:/cc/r: 0.333333333 0.333333333 0.333333333
KK:/crc/c: 0.999995000 0.000005000 0.000000000
KK:/crc/crr: 0.000000000 0.999997500 0.000002500
KK:/crc/r: 0.972463890 0.027532777 0.000003333
KK:/crrc/c: 0.999997500 0.000002500 0.000000000
KK:/crrc/crr: 0.000000000 0.999998750 0.000001250
KK:/crrc/r: 0.999900879 0.000097454 0.000001667
KK:/rc/c: 0.999991955 0.000008045 0.000000000
KK:/rc/crr: 0.000000000 0.999995977 0.000004023
KK:/rc/r: 0.999975533 0.000019103 0.000005364
KK:/rrc/c: 0.999994309 0.000005691 0.000000000
KK:/rrc/crr: 0.000000000 0.999997154 0.000002846
KK:/rrc/r: 0.997462881 0.002533325 0.000003794
KQ:/cc/c: 0.500000000 0.500000000 0.000000000
KQ:/cc/crr: 0.000000000 0.500000000 0.500000000
KQ:/cc/r: 0.333333333 0.333333333 0.333333333
KQ:/crc/c: 0.000172851 0.999827149 0.000000000
KQ:/crc/crr: 0.000000000 0.475184490 0.524815510
KQ:/crc/r: 0.000016492 0.449556443 0.550427065
KQ:/crrc/c: 0.588326435 0.411673565 0.000000000
KQ:/crrc/crr: 0.000000000 0.406631595 0.593368405
KQ:/crrc/r: 0.000777280 0.672591399 0.326631321
KQ:/rc/c: 0.000008045 0.999991955 0.000000000
KQ:/rc/crr: 0.000000000 0.500000000 0.500000000
KQ:/rc/r: 0.000010634 0.307324087 0.692665279
KQ:/rrc/c: 0.506124221 0.493875779 0.000000000
KQ:/rrc/crr: 0.000000000 0.502945320 0.497054680
KQ:/rrc/r: 0.000215325 0.672658044 0.327126632
Q:/c: 0.838892153 0.161107847 0.000000000
Q:/crr: 0.000000000 0.999994040 0.000005960
Q:/r: 0.374688803 0.625274574 0.000036622
QJ:/cc/c: 0.000031035 0.999968965 0.000000000
QJ:/cc/crr: 0.000000000 0.500000000 0.500000000
QJ:/cc/r: 0.000020690 0.000020690 0.999958620
QJ:/crc/c: 0.403264353 0.596735647 0.000000000
QJ:/crc/crr: 0.000000000 0.000042404 0.999957596
QJ:/crc/r: 0.000003973 0.000003973 0.999992053
QJ:/crrc/c: 0.000002980 0.999997020 0.000000000
QJ:/crrc/crr: 0.000000000 0.500000000 0.500000000
QJ:/crrc/r: 0.000001987 0.000001987 0.999996026
QJ:/rc/c: 0.000005331 0.999994669 0.000000000
QJ:/rc/crr: 0.000000000 0.500000000 0.500000000
QJ:/rc/r: 0.012706274 0.000003554 0.987290172
QJ:/rrc/c: 0.000008896 0.999991104 0.000000000
QJ:/rrc/crr: 0.000000000 0.500000000 0.500000000
QJ:/rrc/r: 0.000005931 0.000005931 0.999988138
QK:/cc/c: 0.000216784 0.999783216 0.000000000
QK:/cc/crr: 0.000000000 0.928419366 0.071580634
QK:/cc/r: 0.000038387 0.735861313 0.264100299
QK:/crc/c: 0.337386430 0.662613570 0.000000000
QK:/crc/crr: 0.000000000 0.000252910 0.999747090
QK:/crc/r: 0.000026621 0.477597302 0.522376078
QK:/crrc/c: 0.002634810 0.997365190 0.000000000
QK:/crrc/crr: 0.000000000 0.033779045 0.966220955
QK:/crrc/r: 0.000007243 0.293982345 0.706010412
QK:/rc/c: 0.362917144 0.637082856 0.000000000
QK:/rc/crr: 0.000000000 0.000355417 0.999644583
QK:/rc/r: 0.000011667 0.303474772 0.696513561
QK:/rrc/c: 0.432909107 0.567090893 0.000000000
QK:/rrc/crr: 0.000000000 0.000258227 0.999741773
QK:/rrc/r: 0.000056973 0.478527265 0.521415762
QQ:/cc/c: 0.999968965 0.000031035 0.000000000
QQ:/cc/crr: 0.000000000 0.999984482 0.000015518
QQ:/cc/r: 0.998127398 0.001851912 0.000020690
QQ:/crc/c: 0.999994040 0.000005960 0.000000000
QQ:/crc/crr: 0.000000000 0.999997020 0.000002980
QQ:/crc/r: 0.999949378 0.000046649 0.000003973
QQ:/crrc/c: 0.999997020 0.000002980 0.000000000
QQ:/crrc/crr: 0.000000000 0.999998510 0.000001490
QQ:/crrc/r: 0.999835410 0.000162603 0.000001987
QQ:/rc/c: 0.999994669 0.000005331 0.000000000
QQ:/rc/crr: 0.000000000 0.999997334 0.000002666
QQ:/rc/r: 0.999990663 0.000005783 0.000003554
QQ:/rrc/c: 0.999991104 0.000008896 0.000000000
QQ:/rrc/crr: 0.000000000 0.999995552 0.000004448
QQ:/rrc/r: 0.999961874 0.000032195 0.000005931
