J:/c: 0.305593969 0.694406031 0.000000000
J:/crr: 0.000000000 0.999983638 0.000016362
J:/r: 0.052790194 0.125891329 0.821318477
JJ:/cc/c: 0.999992800 0.000007200 0.000000000
JJ:/cc/crr: 0.000000000 0.999996400 0.000003600
JJ:/cc/r: 0.999990399 0.000004800 0.000004800
JJ:/crc/c: 0.999983638 0.000016362 0.000000000
JJ:/crc/crr: 0.000000000 0.999991819 0.000008181
JJ:/crc/r: 0.999646409 0.000342683 0.000010908
JJ:/crrc/c: 0.999991819 0.000008181 0.000000000
JJ:/crrc/crr: 0.000000000 0.999995910 0.000004090
JJ:/crrc/r: 0.999972764 0.000021783 0.000005454
JJ:/rc/c: 0.999973522 0.000026478 0.000000000
JJ:/rc/crr: 0.000000000 0.999986761 0.000013239
JJ:/rc/r: 0.999954997 0.000027352 0.000017652
JJ:/rrc/c: 0.999936857 0.000063143 0.000000000
JJ:/rrc/crr: 0.000000000 0.999968426 0.000031574
JJ:/rrc/r: 0.999843220 0.000114684 0.000042095
JK:/cc/c: 0.006694505 0.993305495 0.000000000
JK:/cc/crr: 0.000000000 0.000537784 0.999462216
JK:/cc/r: 0.000004800 0.000004800 0.999990399
JK:/crc/c: 0.518599340 0.481400660 0.000000000
JK:/crc/crr: 0.000000000 0.000015775 0.999984225
JK:/crc/r: 0.027293070 0.000010908 0.972696022
JK:/crrc/c: 0.446242010 0.553757990 0.000000000
JK:/crrc/crr: 0.000000000 0.000009166 0.999990834
JK:/crrc/r: 0.211715898 0.000005454 0.788278648
JK:/rc/c: 0.377006949 0.622993051 0.000000000
JK:/rc/crr: 0.000000000 0.000035116 0.999964884
JK:/rc/r: 0.373863415 0.000017652 0.626118934
JK:/rrc/c: 0.999936857 0.000063143 0.000000000
JK:/rrc/crr: 0.000000000 0.000031574 0.999968426
JK:/rrc/r: 0.356432780 0.000042095 0.643525125
JQ:/cc/c: 0.070650634 0.929349366 0.000000000
JQ:/cc/crr: 0.000000000 0.000050958 0.999949042
JQ:/cc/r: 0.033909430 0.000004800 0.966085770
JQ:/crc/c: 0.570740671 0.429259329 0.000000000
JQ:/crc/crr: 0.000000000 0.000014334 0.999985666
JQ:/crc/r: 0.000059603 0.000010908 0.999929489
JQ:/crrc/c: 0.035017384 0.964982616 0.000000000
JQ:/crrc/crr: 0.000000000 0.000116812 0.999883188
JQ:/crrc/r: 0.204636808 0.000005454 0.795357738
JQ:/rc/c: 0.996824071 0.003175929 0.000000000
JQ:/rc/crr: 0.000000000 0.000013281 0.999986719
JQ:/rc/r: 0.000017652 0.000017652 0.999964696
JQ:/rrc/c: 0.008790879 0.991209121 0.000000000
JQ:/rrc/crr: 0.000000000 0.003591395 0.996408605
JQ:/rrc/r: 0.478517765 0.000042095 0.521440140
K:/c: 0.999932550 0.000067450 0.000000000
K:/crr: 0.000000000 0.999995000 0.000005000
K:/r: 0.584016911 0.415976422 0.000006667
KJ:/cc/c: 0.074128663 0.925871337 0.000000000
KJ:/cc/crr: 0.000000000 0.500000000 0.500000000
KJ:/cc/r: 0.219530127 0.105822326 0.674647548
KJ:/crc/c: 0.062961300 0.937038700 0.000000000
KJ:/crc/crr: 0.000000000 0.999960290 0.000039710
KJ:/crc/r: 0.000018388 0.723936754 0.276044858
KJ:/crrc/c: 0.330286895 0.669713105 0.000000000
KJ:/crrc/crr: 0.000000000 0.999996215 0.000003785
KJ:/crrc/r: 0.018302726 0.847298711 0.134398563
KJ:/rc/c: 0.429182056 0.570817944 0.000000000
KJ:/rc/crr: 0.000000000 0.989233797 0.010766203
KJ:/rc/r: 0.012533875 0.776111527 0.211354598
KJ:/rrc/c: 0.170732655 0.829267345 0.000000000
KJ:/rrc/crr: 0.000000000 0.999983285 0.000016715
KJ:/rrc/r: 0.033180154 0.901344346 0.065475500
KK:/cc/c: 0.925871337 0.074128663 0.000000000
KK:/cc/crr: 0.000000000 0.959968162 0.040031838
KK:/cc/r: 0.829257817 0.121323074 0.049419109
KK:/crc/c: 0.999995000 0.000005000 0.000000000
KK:/crc/crr: 0.000000000 0.999997500 0.000002500
KK:/crc/r: 0.995612138 0.004384529 0.000003334
KK:/crrc/c: 0.999997500 0.000002500 0.000000000
KK:/crrc/crr: 0.000000000 0.999998750 0.000001250
KK:/crrc/r: 0.999992777 0.000005556 0.000001667
KK:/rc/c: 0.999991987 0.000008013 0.000000000
KK:/rc/crr: 0.000000000 0.999995993 0.000004007
KK:/rc/r: 0.999979424 0.000015234 0.000005342
KK:/rrc/c: 0.999994292 0.000005708 0.000000000
KK:/rrc/crr: 0.000000000 0.999997146 0.000002854
KK:/rrc/r: 0.999849442 0.000146753 0.000003805
KQ:/cc/c: 0.221378394 0.778621606 0.000000000
KQ:/cc/crr: 0.000000000 0.832574756 0.167425244
KQ:/cc/r: 0.205322641 0.744845563 0.049831796
KQ:/crc/c: 0.001077326 0.998922674 0.000000000
KQ:/crc/crr: 0.000000000 0.046440476 0.953559524
KQ:/crc/r: 0.000008174 0.425034222 0.574957604
KQ:/crrc/c: 0.625517208 0.374482792 0.000000000
KQ:/crrc/crr: 0.000000000 0.403509439 0.596490561
KQ:/crrc/r: 0.000004528 0.732765870 0.267229601
KQ:/rc/c: 0.000185949 0.999814051 0.000000000
KQ:/rc/crr: 0.000000000 0.052604583 0.947395417
KQ:/rc/r: 0.000017941 0.300974841 0.699007218
KQ:/rrc/c: 0.524921724 0.475078276 0.000000000
KQ:/rrc/crr: 0.000000000 0.482493887 0.517506113
KQ:/rrc/r: 0.071331671 0.561926755 0.366741575
Q:/c: 0.847220082 0.152779918 0.000000000
Q:/crr: 0.000000000 0.999994098 0.000005902
Q:/r: 0.369782184 0.630124481 0.000093335
QJ:/cc/c: 0.000032727 0.999967273 0.000000000
QJ:/cc/crr: 0.000000000 0.500000000 0.500000000
QJ:/cc/r: 0.000021818 0.000021818 0.999956364
QJ:/crc/c: 0.389741207 0.610258793 0.000000000
QJ:/crc/crr: 0.000000000 0.001625542 0.998374458
QJ:/crc/r: 0.000003934 0.000003934 0.999992131
QJ:/crrc/c: 0.000037916 0.999962084 0.000000000
QJ:/crrc/crr: 0.000000000 0.038913062 0.961086938
QJ:/crrc/r: 0.022539246 0.000001967 0.977458787
QJ:/rc/c: 0.000048924 0.999951076 0.000000000
QJ:/rc/crr: 0.000000000 0.054063108 0.945936892
QJ:/rc/r: 0.021219891 0.000003527 0.978776582
QJ:/rrc/c: 0.000198877 0.999801123 0.000000000
QJ:/rrc/crr: 0.000000000 0.022663085 0.977336915
QJ:/rrc/r: 0.000031881 0.000006010 0.999962109
QK:/cc/c: 0.054327078 0.945672922 0.000000000
QK:/cc/crr: 0.000000000 0.999698798 0.000301202
QK:/cc/r: 0.000081999 0.762311447 0.237606553
QK:/crc/c: 0.330159428 0.669840572 0.000000000
QK:/crc/crr: 0.000000000 0.002876649 0.997123351
QK:/crc/r: 0.000071647 0.475382151 0.524546202
QK:/crrc/c: 0.087139718 0.912860282 0.000000000
QK:/crrc/crr: 0.000000000 0.001507494 0.998492506
QK:/crrc/r: 0.000049545 0.276431635 0.723518820
QK:/rc/c: 0.378764258 0.621235742 0.000000000
QK:/rc/crr: 0.000000000 0.003785004 0.996214996
QK:/rc/r: 0.000010844 0.306735012 0.693254144
QK:/rrc/c: 0.447641506 0.552358494 0.000000000
QK:/rrc/crr: 0.000000000 0.068611494 0.931388506
QK:/rrc/r: 0.000068590 0.515137787 0.484793623
QQ:/cc/c: 0.999967273 0.000032727 0.000000000
QQ:/cc/crr: 0.000000000 0.999983636 0.000016364
QQ:/cc/r: 0.999932030 0.000046152 0.000021818
QQ:/crc/c: 0.999994098 0.000005902 0.000000000
QQ:/crc/crr: 0.000000000 0.999997049 0.000002951
QQ:/crc/r: 0.999962205 0.000033861 0.000003934
QQ:/crrc/c: 0.999997049 0.000002951 0.000000000
QQ:/crrc/crr: 0.000000000 0.999998525 0.000001475
QQ:/crrc/r: 0.999914537 0.000083495 0.000001967
QQ:/rc/c: 0.999994710 0.000005290 0.000000000
QQ:/rc/crr: 0.000000000 0.999997355 0.000002645
QQ:/rc/r: 0.999991589 0.000004884 0.000003527
QQ:/rrc/c: 0.999990986 0.000009014 0.000000000
QQ:/rrc/crr: 0.000000000 0.999995493 0.000004507
QQ:/rrc/r: 0.999957326 0.000036665 0.000006010
