J:/: 0.084611557 0.915388443 0.000000000
J:/cr: 0.018551856 0.035440249 0.946007894
J:/rr: 0.000000000 0.999940906 0.000059094
JJ:/cc/: 0.000313915 0.999686085 0.000000000
JJ:/cc/cr: 0.999996357 0.000001821 0.000001821
JJ:/cc/rr: 0.000000000 0.991299925 0.008700075
JJ:/crc/: 0.953972613 0.046027387 0.000000000
JJ:/crc/cr: 0.999255887 0.000372057 0.000372057
JJ:/crc/rr: 0.000000000 0.999973073 0.000026927
JJ:/crrc/: 0.963451204 0.036548796 0.000000000
JJ:/crrc/cr: 0.998209841 0.000895080 0.000895080
JJ:/crrc/rr: 0.000000000 0.999949067 0.000050933
JJ:/rc/: 0.879902365 0.120097635 0.000000000
JJ:/rc/cr: 0.999671969 0.000164015 0.000164015
JJ:/rc/rr: 0.000000000 0.999966420 0.000033580
JJ:/rrc/: 0.994932133 0.005067867 0.000000000
JJ:/rrc/cr: 0.996112955 0.001943522 0.001943522
JJ:/rrc/rr: 0.000000000 0.999985150 0.000014850
JK:/cc/: 0.083134527 0.916865473 0.000000000
JK:/cc/cr: 0.000109141 0.000001986 0.999888873
JK:/cc/rr: 0.000000000 0.000032851 0.999967149
JK:/crc/: 0.067748466 0.932251534 0.000000000
JK:/crc/cr: 0.055300006 0.000018369 0.944681625
JK:/crc/rr: 0.000000000 0.000379155 0.999620845
JK:/crrc/: 0.999819101 0.000180899 0.000000000
JK:/crrc/cr: 0.180842071 0.180842071 0.638315857
JK:/crrc/rr: 0.000000000 0.000049080 0.999950920
JK:/rc/: 0.988334113 0.011665887 0.000000000
JK:/rc/cr: 0.899647146 0.001688501 0.098664353
JK:/rc/rr: 0.000000000 0.000029896 0.999970104
JK:/rrc/: 0.482189725 0.517810275 0.000000000
JK:/rrc/cr: 0.687894003 0.000019021 0.312086976
JK:/rrc/rr: 0.000000000 0.000030640 0.999969360
JQ:/cc/: 0.175877700 0.824122300 0.000000000
JQ:/cc/cr: 0.000007774 0.000002209 0.999990017
JQ:/cc/rr: 0.000000000 0.000015528 0.999984472
JQ:/crc/: 0.985205642 0.014794358 0.000000000
JQ:/crc/cr: 0.561125275 0.001157522 0.437717203
JQ:/crc/rr: 0.000000000 0.000026073 0.999973927
JQ:/crrc/: 0.032164284 0.967835716 0.000000000
JQ:/crrc/cr: 0.129898316 0.000033801 0.870067883
JQ:/crrc/rr: 0.000000000 0.001525640 0.998474360
JQ:/rc/: 0.996281494 0.003718506 0.000000000
JQ:/rc/cr: 0.005297251 0.005297251 0.989405498
JQ:/rc/rr: 0.000000000 0.000029657 0.999970343
JQ:/rrc/: 0.137163611 0.862836389 0.000000000
JQ:/rrc/cr: 0.007586022 0.000011415 0.992402563
JQ:/rrc/rr: 0.000000000 0.000107713 0.999892287
K:/: 0.756861017 0.243138983 0.000000000
K:/cr: 0.693198000 0.306788291 0.000013710
K:/rr: 0.000000000 0.999993394 0.000006606
KJ:/cc/: 0.000057293 0.999942707 0.000000000
KJ:/cc/cr: 0.000049863 0.000008913 0.999941225
KJ:/cc/rr: 0.000000000 0.820533009 0.179466991
KJ:/crc/: 0.000047517 0.999952483 0.000000000
KJ:/crc/cr: 0.000399507 0.999593045 0.000007448
KJ:/crc/rr: 0.000000000 0.764886127 0.235113873
KJ:/crrc/: 0.073455003 0.926544997 0.000000000
KJ:/crrc/cr: 0.003071638 0.991195223 0.005733139
KJ:/crrc/rr: 0.000000000 0.398618127 0.601381873
KJ:/rc/: 0.074278700 0.925721300 0.000000000
KJ:/rc/cr: 0.009084053 0.957203660 0.033712287
KJ:/rc/rr: 0.000000000 0.535261828 0.464738172
KJ:/rrc/: 0.105431468 0.894568532 0.000000000
KJ:/rrc/cr: 0.000298003 0.998998722 0.000703275
KJ:/rrc/rr: 0.000000000 0.714546169 0.285453831
KK:/cc/: 0.996447123 0.003552877 0.000000000
KK:/cc/cr: 0.996141274 0.001929363 0.001929363
KK:/cc/rr: 0.000000000 0.999989681 0.000010319
KK:/crc/: 0.161152387 0.838847613 0.000000000
KK:/crc/cr: 0.999982243 0.000008879 0.000008879
KK:/crc/rr: 0.000000000 0.999930675 0.000069325
KK:/crrc/: 0.982017630 0.017982370 0.000000000
KK:/crrc/cr: 0.999633395 0.000183303 0.000183303
KK:/crrc/rr: 0.000000000 0.999994965 0.000005035
KK:/rc/: 0.904359464 0.095640536 0.000000000
KK:/rc/cr: 0.999953951 0.000023025 0.000023025
KK:/rc/rr: 0.000000000 0.999996348 0.000003652
KK:/rrc/: 0.541468105 0.458531895 0.000000000
KK:/rrc/cr: 0.999995198 0.000002401 0.000002401
KK:/rrc/rr: 0.000000000 0.999996950 0.000003050
KQ:/cc/: 0.000092218 0.999907782 0.000000000
KQ:/cc/cr: 0.000053818 0.432769272 0.567176911
KQ:/cc/rr: 0.000000000 0.888501540 0.111498460
KQ:/crc/: 0.897464328 0.102535672 0.000000000
KQ:/crc/cr: 0.000548687 0.509414972 0.490036341
KQ:/crc/rr: 0.000000000 0.000021328 0.999978672
KQ:/crrc/: 0.014178378 0.985821622 0.000000000
KQ:/crrc/cr: 0.024638254 0.698451623 0.276910124
KQ:/crrc/rr: 0.000000000 0.307489529 0.692510471
KQ:/rc/: 0.000246432 0.999753568 0.000000000
KQ:/rc/cr: 0.000054284 0.500677627 0.499268089
KQ:/rc/rr: 0.000000000 0.152639451 0.847360549
KQ:/rrc/: 0.680924726 0.319075274 0.000000000
KQ:/rrc/cr: 0.025227736 0.839897989 0.134874275
KQ:/rrc/rr: 0.000000000 0.383617027 0.616382973
Q:/: 0.746997705 0.253002295 0.000000000
Q:/cr: 0.162929430 0.835962858 0.001107712
Q:/rr: 0.000000000 0.999993307 0.000006693
QJ:/cc/: 0.000019763 0.999980237 0.000000000
QJ:/cc/cr: 0.000021371 0.000006588 0.999972041
QJ:/cc/rr: 0.000000000 0.500000000 0.500000000
QJ:/crc/: 0.029745269 0.970254731 0.000000000
QJ:/crc/cr: 0.004767402 0.000002707 0.995229890
QJ:/crc/rr: 0.000000000 0.000132461 0.999867539
QJ:/crrc/: 0.000420295 0.999579705 0.000000000
QJ:/crrc/cr: 0.000161745 0.000013483 0.999824772
QJ:/crrc/rr: 0.000000000 0.048099467 0.951900533
QJ:/rc/: 0.009491546 0.990508454 0.000000000
QJ:/rc/cr: 0.000003714 0.000002253 0.999994034
QJ:/rc/rr: 0.000000000 0.000352601 0.999647399
QJ:/rrc/: 0.000003347 0.999996653 0.000000000
QJ:/rrc/cr: 0.000001366 0.000001116 0.999997519
QJ:/rrc/rr: 0.000000000 0.500000000 0.500000000
QK:/cc/: 0.536269222 0.463730778 0.000000000
QK:/cc/cr: 0.221780356 0.778192226 0.000027418
QK:/cc/rr: 0.000000000 0.999981574 0.000018426
QK:/crc/: 0.005980391 0.994019609 0.000000000
QK:/crc/cr: 0.000002643 0.556219394 0.443777964
QK:/crc/rr: 0.000000000 0.000658837 0.999341163
QK:/crrc/: 0.901599118 0.098400882 0.000000000
QK:/crrc/cr: 0.000222467 0.470655467 0.529122067
QK:/crrc/rr: 0.000000000 0.000589814 0.999410186
QK:/rc/: 0.472630682 0.527369318 0.000000000
QK:/rc/cr: 0.077798450 0.487434439 0.434767111
QK:/rc/rr: 0.000000000 0.189918889 0.810081111
QK:/rrc/: 0.132668602 0.867331398 0.000000000
QK:/rrc/cr: 0.000006923 0.313377147 0.686615930
QK:/rrc/rr: 0.000000000 0.000606905 0.999393095
QQ:/cc/: 0.531075669 0.468924331 0.000000000
QQ:/cc/cr: 0.999971904 0.000014048 0.000014048
QQ:/cc/rr: 0.000000000 0.999981394 0.000018606
QQ:/crc/: 0.988654435 0.011345565 0.000000000
QQ:/crc/cr: 0.999536958 0.000231521 0.000231521
QQ:/crc/rr: 0.000000000 0.999996015 0.000003985
QQ:/crrc/: 0.179751043 0.820248957 0.000000000
QQ:/crrc/cr: 0.999967138 0.000016431 0.000016431
QQ:/crrc/rr: 0.000000000 0.999887533 0.000112467
QQ:/rc/: 0.579351755 0.420648245 0.000000000
QQ:/rc/cr: 0.999989392 0.000005304 0.000005304
QQ:/rc/rr: 0.000000000 0.999994223 0.000005777
QQ:/rrc/: 0.969911727 0.030088273 0.000000000
QQ:/rrc/cr: 0.999925846 0.000037077 0.000037077
QQ:/rrc/rr: 0.000000000 0.999998275 0.000001725
