J:/c: 0.300400481 0.699599519 0.000000000
J:/crr: 0.000000000 0.999983356 0.000016644
J:/r: 0.054114758 0.129183047 0.816702194
JJ:/cc/c: 0.999992853 0.000007147 0.000000000
JJ:/cc/crr: 0.000000000 0.999996427 0.000003573
JJ:/cc/r: 0.999986798 0.000008438 0.000004765
JJ:/crc/c: 0.999983356 0.000016644 0.000000000
JJ:/crc/crr: 0.000000000 0.999991678 0.000008322
JJ:/crc/r: 0.999977807 0.000011096 0.000011096
JJ:/crrc/c: 0.999991678 0.000008322 0.000000000
JJ:/crrc/crr: 0.000000000 0.999995839 0.000004161
JJ:/crrc/r: 0.999912564 0.000081888 0.000005548
JJ:/rc/c: 0.999974197 0.000025803 0.000000000
JJ:/rc/crr: 0.000000000 0.999987098 0.000012902
JJ:/rc/r: 0.999965108 0.000017690 0.000017202
JJ:/rrc/c: 0.999938403 0.000061597 0.000000000
JJ:/rrc/crr: 0.000000000 0.999969199 0.000030801
JJ:/rrc/r: 0.999844633 0.000114302 0.000041065
JK:/cc/c: 0.002635714 0.997364286 0.000000000
JK:/cc/crr: 0.000000000 0.001355789 0.998644211
JK:/cc/r: 0.000009273 0.000004765 0.999985962
JK:/crc/c: 0.545693682 0.454306318 0.000000000
JK:/crc/crr: 0.000000000 0.000015251 0.999984749
JK:/crc/r: 0.058619358 0.000011096 0.941369545
JK:/crrc/c: 0.507423746 0.492576254 0.000000000
JK:/crrc/crr: 0.000000000 0.000008201 0.999991799
JK:/crrc/r: 0.184870919 0.000005548 0.815123533
JK:/rc/c: 0.387682340 0.612317660 0.000000000
JK:/rc/crr: 0.000000000 0.000033279 0.999966721
JK:/rc/r: 0.358496081 0.000017202 0.641486717
JK:/rrc/c: 0.999938403 0.000061597 0.000000000
JK:/rrc/crr: 0.000000000 0.000030801 0.999969199
JK:/rrc/r: 0.300964965 0.000041065 0.698993970
JQ:/cc/c: 0.078460370 0.921539630 0.000000000
JQ:/cc/crr: 0.000000000 0.000045545 0.999954455
JQ:/cc/r: 0.037886433 0.000004765 0.962108802
JQ:/crc/c: 0.538645835 0.461354165 0.000000000
JQ:/crc/crr: 0.000000000 0.000015450 0.999984550
JQ:/crc/r: 0.051982111 0.000011096 0.948006792
JQ:/crrc/c: 0.042140301 0.957859699 0.000000000
JQ:/crrc/crr: 0.000000000 0.000098746 0.999901254
JQ:/crrc/r: 0.242003563 0.000005548 0.757990889
JQ:/rc/c: 0.996247913 0.003752087 0.000000000
JQ:/rc/crr: 0.000000000 0.000012950 0.999987050
JQ:/rc/r: 0.000017202 0.000017202 0.999965596
JQ:/rrc/c: 0.005447348 0.994552652 0.000000000
JQ:/rrc/crr: 0.000000000 0.005653897 0.994346103
JQ:/rrc/r: 0.417368817 0.000041065 0.582590118
K:/c: 0.999969874 0.000030126 0.000000000
K:/crr: 0.000000000 0.999995000 0.000005000
K:/r: 0.572411674 0.427581659 0.000006667
KJ:/cc/c: 0.165971251 0.834028749 0.000000000
KJ:/cc/crr: 0.000000000 0.500000000 0.500000000
KJ:/cc/r: 0.488379199 0.242604687 0.269016114
KJ:/crc/c: 0.098094385 0.901905615 0.000000000
KJ:/crc/crr: 0.000000000 0.999974514 0.000025486
KJ:/crc/r: 0.000031814 0.723663301 0.276304885
KJ:/crrc/c: 0.386385397 0.613614603 0.000000000
KJ:/crrc/crr: 0.000000000 0.954003429 0.045996571
KJ:/crrc/r: 0.000001667 0.863174670 0.136823663
KJ:/rc/c: 0.432230972 0.567769028 0.000000000
KJ:/rc/crr: 0.000000000 0.838126752 0.161873248
KJ:/rc/r: 0.010325140 0.758237855 0.231437005
KJ:/rrc/c: 0.090366525 0.909633475 0.000000000
KJ:/rrc/crr: 0.000000000 0.999967779 0.000032221
KJ:/rrc/r: 0.040579512 0.891097018 0.068323470
KK:/cc/c: 0.834028749 0.165971251 0.000000000
KK:/cc/crr: 0.000000000 0.900500282 0.099499718
KK:/cc/r: 0.572022832 0.317329668 0.110647501
KK:/crc/c: 0.999995000 0.000005000 0.000000000
KK:/crc/crr: 0.000000000 0.999997500 0.000002500
KK:/crc/r: 0.945378842 0.054617825 0.000003333
KK:/crrc/c: 0.999997500 0.000002500 0.000000000
KK:/crrc/crr: 0.000000000 0.999998750 0.000001250
KK:/crrc/r: 0.999965189 0.000033144 0.000001667
KK:/rc/c: 0.999992204 0.000007796 0.000000000
KK:/rc/crr: 0.000000000 0.999996102 0.000003898
KK:/rc/r: 0.999979835 0.000014967 0.000005197
KK:/rrc/c: 0.999994177 0.000005823 0.000000000
KK:/rrc/crr: 0.000000000 0.999997088 0.000002912
KK:/rrc/r: 0.999870669 0.000125449 0.000003882
KQ:/cc/c: 0.831999703 0.168000297 0.000000000
KQ:/cc/crr: 0.000000000 0.900257626 0.099742374
KQ:/cc/r: 0.452289502 0.437062997 0.110647501
KQ:/crc/c: 0.029735773 0.970264227 0.000000000
KQ:/crc/crr: 0.000000000 0.008181986 0.991818014
KQ:/crc/r: 0.000009026 0.429123392 0.570867581
KQ:/crrc/c: 0.607053090 0.392946910 0.000000000
KQ:/crrc/crr: 0.000000000 0.414937470 0.585062530
KQ:/crrc/r: 0.001841877 0.624024568 0.374133555
KQ:/rc/c: 0.000751524 0.999248476 0.000000000
KQ:/rc/crr: 0.000000000 0.005186651 0.994813349
KQ:/rc/r: 0.000019916 0.308464688 0.691515395
KQ:/rrc/c: 0.498177978 0.501822022 0.000000000
KQ:/rrc/crr: 0.000000000 0.469675362 0.530324638
KQ:/rrc/r: 0.077907301 0.555846478 0.366246222
Q:/c: 0.846081264 0.153918736 0.000000000
Q:/crr: 0.000000000 0.999994090 0.000005910
Q:/r: 0.357888068 0.642061843 0.000050089
QJ:/cc/c: 0.000032485 0.999967515 0.000000000
QJ:/cc/crr: 0.000000000 0.500000000 0.500000000
QJ:/cc/r: 0.000021656 0.000021656 0.999956687
QJ:/crc/c: 0.447023632 0.552976368 0.000000000
QJ:/crc/crr: 0.000000000 0.001482145 0.998517855
QJ:/crc/r: 0.000003940 0.000003940 0.999992121
QJ:/crrc/c: 0.000002955 0.999997045 0.000000000
QJ:/crrc/crr: 0.000000000 0.500000000 0.500000000
QJ:/crrc/r: 0.034556303 0.000001970 0.965441728
QJ:/rc/c: 0.000006215 0.999993785 0.000000000
QJ:/rc/crr: 0.000000000 0.417660389 0.582339611
QJ:/rc/r: 0.021164555 0.000003461 0.978831984
QJ:/rrc/c: 0.000126517 0.999873483 0.000000000
QJ:/rrc/crr: 0.000000000 0.036808836 0.963191164
QJ:/rrc/r: 0.000057145 0.000006209 0.999936646
QK:/cc/c: 0.015482044 0.984517956 0.000000000
QK:/cc/crr: 0.000000000 0.998950892 0.001049108
QK:/cc/r: 0.000092221 0.717171139 0.282736640
QK:/crc/c: 0.293253053 0.706746947 0.000000000
QK:/crc/crr: 0.000000000 0.001122721 0.998877279
QK:/crc/r: 0.000168555 0.453970662 0.545860783
QK:/crrc/c: 0.041465771 0.958534229 0.000000000
QK:/crrc/crr: 0.000000000 0.009381815 0.990618185
QK:/crrc/r: 0.000045466 0.288338596 0.711615937
QK:/rc/c: 0.374190465 0.625809535 0.000000000
QK:/rc/crr: 0.000000000 0.000478676 0.999521324
QK:/rc/r: 0.000008406 0.313632521 0.686359073
QK:/rrc/c: 0.435176797 0.564823203 0.000000000
QK:/rrc/crr: 0.000000000 0.047920822 0.952079178
QK:/rrc/r: 0.000071375 0.503554629 0.496373996
QQ:/cc/c: 0.999967515 0.000032485 0.000000000
QQ:/cc/crr: 0.000000000 0.999983757 0.000016243
QQ:/cc/r: 0.999930481 0.000047862 0.000021656
QQ:/crc/c: 0.999994090 0.000005910 0.000000000
QQ:/crc/crr: 0.000000000 0.999997045 0.000002955
QQ:/crc/r: 0.999727910 0.000268150 0.000003940
QQ:/crrc/c: 0.999997045 0.000002955 0.000000000
QQ:/crrc/crr: 0.000000000 0.999998523 0.000001477
QQ:/crrc/r: 0.999996060 0.000001970 0.000001970
QQ:/rc/c: 0.999994808 0.000005192 0.000000000
QQ:/rc/crr: 0.000000000 0.999997404 0.000002596
QQ:/rc/r: 0.946466334 0.053530205 0.000003461
QQ:/rrc/c: 0.999990686 0.000009314 0.000000000
QQ:/rrc/crr: 0.000000000 0.999995343 0.000004657
QQ:/rrc/r: 0.999951078 0.000042713 0.000006209
