J:/: 0.076940035 0.923059965 0.000000000
J:/cr: 0.018144929 0.036296402 0.945558669
J:/rr: 0.000000000 0.999935014 0.000064986
JJ:/cc/: 0.000349162 0.999650838 0.000000000
JJ:/cc/cr: 0.999996388 0.000001806 0.000001806
JJ:/cc/rr: 0.000000000 0.992243194 0.007756806
JJ:/crc/: 0.998460365 0.001539635 0.000000000
JJ:/crc/cr: 0.978459970 0.010770015 0.010770015
JJ:/crc/rr: 0.000000000 0.999975089 0.000024911
JJ:/crrc/: 0.933028905 0.066971095 0.000000000
JJ:/crrc/cr: 0.999009431 0.000495285 0.000495285
JJ:/crrc/rr: 0.000000000 0.999946674 0.000053326
JJ:/rc/: 0.899516736 0.100483264 0.000000000
JJ:/rc/cr: 0.999568846 0.000215577 0.000215577
JJ:/rc/rr: 0.000000000 0.999963877 0.000036123
JJ:/rrc/: 0.997937406 0.002062594 0.000000000
JJ:/rrc/cr: 0.989497061 0.005251470 0.005251470
JJ:/rrc/rr: 0.000000000 0.999983719 0.000016281
JK:/cc/: 0.082596672 0.917403328 0.000000000
JK:/cc/cr: 0.000005118 0.000001968 0.999992914
JK:/cc/rr: 0.000000000 0.000032790 0.999967210
JK:/crc/: 0.065346534 0.934653466 0.000000000
JK:/crc/cr: 0.032511639 0.000017741 0.967470619
JK:/crc/rr: 0.000000000 0.000380630 0.999619370
JK:/crrc/: 0.999821462 0.000178538 0.000000000
JK:/crrc/cr: 0.501527014 0.185785421 0.312687566
JK:/crrc/rr: 0.000000000 0.000049764 0.999950236
JK:/rc/: 0.993389909 0.006610091 0.000000000
JK:/rc/cr: 0.817036985 0.003277094 0.179685921
JK:/rc/rr: 0.000000000 0.000032709 0.999967291
JK:/rrc/: 0.515653547 0.484346453 0.000000000
JK:/rrc/cr: 0.793136660 0.000022363 0.206840976
JK:/rrc/rr: 0.000000000 0.000031509 0.999968491
JQ:/cc/: 0.196352479 0.803647521 0.000000000
JQ:/cc/cr: 0.000007040 0.000002247 0.999990714
JQ:/cc/rr: 0.000000000 0.000013793 0.999986207
JQ:/crc/: 0.994029619 0.005970381 0.000000000
JQ:/crc/cr: 0.140200877 0.002777358 0.857021764
JQ:/crc/rr: 0.000000000 0.000025022 0.999974978
JQ:/crrc/: 0.041338051 0.958661949 0.000000000
JQ:/crrc/cr: 0.137074199 0.000034600 0.862891201
JQ:/crrc/rr: 0.000000000 0.001203604 0.998796396
JQ:/rc/: 0.998261173 0.001738827 0.000000000
JQ:/rc/cr: 0.012457760 0.012457760 0.975084480
JQ:/rc/rr: 0.000000000 0.000032549 0.999967451
JQ:/rrc/: 0.119583378 0.880416622 0.000000000
JQ:/rrc/cr: 0.000186930 0.000012303 0.999800767
JQ:/rrc/rr: 0.000000000 0.000135867 0.999864133
K:/: 0.755256753 0.244743247 0.000000000
K:/cr: 0.669123305 0.330863076 0.000013620
K:/rr: 0.000000000 0.999993380 0.000006620
KJ:/cc/: 0.000055426 0.999944574 0.000000000
KJ:/cc/cr: 0.000049273 0.000009025 0.999941702
KJ:/cc/rr: 0.000000000 0.815703421 0.184296579
KJ:/crc/: 0.000045157 0.999954843 0.000000000
KJ:/crc/cr: 0.000510639 0.999482500 0.000006861
KJ:/crc/rr: 0.000000000 0.772104644 0.227895356
KJ:/crrc/: 0.069576701 0.930423299 0.000000000
KJ:/crrc/cr: 0.007065679 0.986735524 0.006198798
KJ:/crrc/rr: 0.000000000 0.504730978 0.495269022
KJ:/rc/: 0.057302315 0.942697685 0.000000000
KJ:/rc/cr: 0.008555027 0.964735470 0.026709502
KJ:/rc/rr: 0.000000000 0.283234246 0.716765754
KJ:/rrc/: 0.087301999 0.912698001 0.000000000
KJ:/rrc/cr: 0.000298370 0.996207231 0.003494398
KJ:/rrc/rr: 0.000000000 0.519997436 0.480002564
KK:/cc/: 0.999632884 0.000367116 0.000000000
KK:/cc/cr: 0.962900834 0.018549583 0.018549583
KK:/cc/rr: 0.000000000 0.999989781 0.000010219
KK:/crc/: 0.165172203 0.834827797 0.000000000
KK:/crc/cr: 0.999983564 0.000008218 0.000008218
KK:/crc/rr: 0.000000000 0.999937695 0.000062305
KK:/crrc/: 0.991796309 0.008203691 0.000000000
KK:/crrc/cr: 0.999172951 0.000413525 0.000413525
KK:/crrc/rr: 0.000000000 0.999994869 0.000005131
KK:/rc/: 0.848166164 0.151833836 0.000000000
KK:/rc/cr: 0.999970932 0.000014534 0.000014534
KK:/rc/rr: 0.000000000 0.999996097 0.000003903
KK:/rrc/: 0.520053385 0.479946615 0.000000000
KK:/rrc/cr: 0.999995402 0.000002299 0.000002299
KK:/rrc/rr: 0.000000000 0.999996817 0.000003183
KQ:/cc/: 0.000057333 0.999942667 0.000000000
KQ:/cc/cr: 0.000046815 0.424172243 0.575780942
KQ:/cc/rr: 0.000000000 0.821834675 0.178165325
KQ:/crc/: 0.902003923 0.097996077 0.000000000
KQ:/crc/cr: 0.000452995 0.536345967 0.463201038
KQ:/crc/rr: 0.000000000 0.000027566 0.999972434
KQ:/crrc/: 0.013066054 0.986933946 0.000000000
KQ:/crrc/cr: 0.024493370 0.705827683 0.269678947
KQ:/crrc/rr: 0.000000000 0.179269132 0.820730868
KQ:/rc/: 0.000109396 0.999890604 0.000000000
KQ:/rc/cr: 0.000033336 0.493309325 0.506657339
KQ:/rc/rr: 0.000000000 0.343738254 0.656261746
KQ:/rrc/: 0.697352821 0.302647179 0.000000000
KQ:/rrc/cr: 0.023352435 0.882122726 0.094524839
KQ:/rrc/rr: 0.000000000 0.393396565 0.606603435
Q:/: 0.737131715 0.262868285 0.000000000
Q:/cr: 0.147137554 0.852153967 0.000708479
Q:/rr: 0.000000000 0.999993217 0.000006783
QJ:/cc/: 0.000019021 0.999980979 0.000000000
QJ:/cc/cr: 0.000015164 0.000006340 0.999978495
QJ:/cc/rr: 0.000000000 0.500000000 0.500000000
QJ:/crc/: 0.036921042 0.963078958 0.000000000
QJ:/crc/cr: 0.000136231 0.000002575 0.999861194
QJ:/crc/rr: 0.000000000 0.000100760 0.999899240
QJ:/crrc/: 0.008594660 0.991405340 0.000000000
QJ:/crrc/cr: 0.000277660 0.000014488 0.999707851
QJ:/crrc/rr: 0.000000000 0.002506850 0.997493150
QJ:/rc/: 0.013041842 0.986958158 0.000000000
QJ:/rc/cr: 0.000002323 0.000002291 0.999995386
QJ:/rc/rr: 0.000000000 0.000260049 0.999739951
QJ:/rrc/: 0.000003392 0.999996608 0.000000000
QJ:/rrc/cr: 0.000001131 0.000001131 0.999997739
QJ:/rrc/rr: 0.000000000 0.500000000 0.500000000
QK:/cc/: 0.538112579 0.461887421 0.000000000
QK:/cc/cr: 0.025976738 0.973993833 0.000029429
QK:/cc/rr: 0.000000000 0.999982326 0.000017674
QK:/crc/: 0.002989940 0.997010060 0.000000000
QK:/crc/cr: 0.000002488 0.560394779 0.439602733
QK:/crc/rr: 0.000000000 0.001244228 0.998755772
QK:/crrc/: 0.912927764 0.087072236 0.000000000
QK:/crrc/cr: 0.000302063 0.723259055 0.276438882
QK:/crrc/rr: 0.000000000 0.000632111 0.999367889
QK:/rc/: 0.458819125 0.541180875 0.000000000
QK:/rc/cr: 0.021170282 0.521999381 0.456830337
QK:/rc/rr: 0.000000000 0.195489512 0.804510488
QK:/rrc/: 0.129560717 0.870439283 0.000000000
QK:/rrc/cr: 0.000001299 0.294512724 0.705485977
QK:/rrc/rr: 0.000000000 0.000514021 0.999485979
QQ:/cc/: 0.545735105 0.454264895 0.000000000
QQ:/cc/cr: 0.999972085 0.000013957 0.000013957
QQ:/cc/rr: 0.000000000 0.999982573 0.000017427
QQ:/crc/: 0.989909513 0.010090487 0.000000000
QQ:/crc/cr: 0.999508426 0.000245787 0.000245787
QQ:/crc/rr: 0.000000000 0.999996242 0.000003758
QQ:/crrc/: 0.196208481 0.803791519 0.000000000
QQ:/crrc/cr: 0.999964260 0.000017870 0.000017870
QQ:/crrc/rr: 0.000000000 0.999890191 0.000109809
QQ:/rc/: 0.525032138 0.474967862 0.000000000
QQ:/rc/cr: 0.999990479 0.000004760 0.000004760
QQ:/rc/rr: 0.000000000 0.999993540 0.000006460
QQ:/rrc/: 0.980751072 0.019248928 0.000000000
QQ:/rrc/cr: 0.999882537 0.000058731 0.000058731
QQ:/rrc/rr: 0.000000000 0.999998271 0.000001729
