J:/: 0.074524400 0.925475600 0.000000000
J:/cr: 0.017807380 0.035099487 0.947093133
J:/rr: 0.000000000 0.999932908 0.000067092
JJ:/cc/: 0.000125241 0.999874759 0.000000000
JJ:/cc/cr: 0.999996398 0.000001801 0.000001801
JJ:/cc/rr: 0.000000000 0.978431109 0.021568891
JJ:/crc/: 0.955473557 0.044526443 0.000000000
JJ:/crc/cr: 0.999231801 0.000384100 0.000384100
JJ:/crc/rr: 0.000000000 0.999973151 0.000026849
JJ:/crrc/: 0.979754881 0.020245119 0.000000000
JJ:/crrc/cr: 0.996669786 0.001665107 0.001665107
JJ:/crrc/rr: 0.000000000 0.999948390 0.000051610
JJ:/rc/: 0.938896511 0.061103489 0.000000000
JJ:/rc/cr: 0.999267995 0.000366003 0.000366003
JJ:/rc/rr: 0.000000000 0.999964271 0.000035729
JJ:/rrc/: 0.997801893 0.002198107 0.000000000
JJ:/rrc/cr: 0.989825090 0.005087455 0.005087455
JJ:/rrc/rr: 0.000000000 0.999983189 0.000016811
JK:/cc/: 0.080350561 0.919649439 0.000000000
JK:/cc/cr: 0.000001958 0.000001958 0.999996084
JK:/cc/rr: 0.000000000 0.000033619 0.999966381
JK:/crc/: 0.043200052 0.956799948 0.000000000
JK:/crc/cr: 0.015766482 0.000017875 0.984215644
JK:/crc/rr: 0.000000000 0.000593839 0.999406161
JK:/crrc/: 0.999898869 0.000101131 0.000000000
JK:/crrc/cr: 0.333333333 0.333333333 0.333333333
JK:/crrc/rr: 0.000000000 0.000050571 0.999949429
JK:/rc/: 0.995901776 0.004098224 0.000000000
JK:/rc/cr: 0.987788362 0.005457008 0.006754630
JK:/rc/rr: 0.000000000 0.000033684 0.999966316
JK:/rrc/: 0.557140614 0.442859386 0.000000000
JK:/rrc/cr: 0.944688589 0.000025251 0.055286159
JK:/rrc/rr: 0.000000000 0.000030108 0.999969892
JQ:/cc/: 0.184582805 0.815417195 0.000000000
JQ:/cc/cr: 0.000002209 0.000002209 0.999995583
JQ:/cc/rr: 0.000000000 0.000014635 0.999985365
JQ:/crc/: 0.994518598 0.005481402 0.000000000
JQ:/crc/cr: 0.003120112 0.003120112 0.993759777
JQ:/crc/rr: 0.000000000 0.000025795 0.999974205
JQ:/crrc/: 0.042803540 0.957196460 0.000000000
JQ:/crrc/cr: 0.200555682 0.000035218 0.799409100
JQ:/crrc/rr: 0.000000000 0.001181338 0.998818662
JQ:/rc/: 0.998498842 0.001501158 0.000000000
JQ:/rc/cr: 0.014897859 0.014897859 0.970204282
JQ:/rc/rr: 0.000000000 0.000033596 0.999966404
JQ:/rrc/: 0.119507737 0.880492263 0.000000000
JQ:/rrc/cr: 0.000012701 0.000012701 0.999974599
JQ:/rrc/rr: 0.000000000 0.000140360 0.999859640
K:/: 0.759312312 0.240687688 0.000000000
K:/cr: 0.685632133 0.314354018 0.000013849
K:/rr: 0.000000000 0.999993415 0.000006585
KJ:/cc/: 0.000020774 0.999979226 0.000000000
KJ:/cc/cr: 0.000006925 0.000006925 0.999986151
KJ:/cc/rr: 0.000000000 0.500000000 0.500000000
KJ:/crc/: 0.000022028 0.999977972 0.000000000
KJ:/crc/cr: 0.000007343 0.999985314 0.000007343
KJ:/crc/rr: 0.000000000 0.500000000 0.500000000
KJ:/crrc/: 0.045761398 0.954238602 0.000000000
KJ:/crrc/cr: 0.000177868 0.999550325 0.000271806
KJ:/crrc/rr: 0.000000000 0.528028865 0.471971135
KJ:/rc/: 0.084502695 0.915497305 0.000000000
KJ:/rc/cr: 0.008011476 0.974519857 0.017468666
KJ:/rc/rr: 0.000000000 0.367656153 0.632343847
KJ:/rrc/: 0.080001460 0.919998540 0.000000000
KJ:/rrc/cr: 0.000680269 0.999023956 0.000295775
KJ:/rrc/rr: 0.000000000 0.592077405 0.407922595
KK:/cc/: 0.999837636 0.000162364 0.000000000
KK:/cc/cr: 0.914702936 0.042648532 0.042648532
KK:/cc/rr: 0.000000000 0.999989611 0.000010389
KK:/crc/: 0.125808763 0.874191237 0.000000000
KK:/crc/cr: 0.999983201 0.000008399 0.000008399
KK:/crc/rr: 0.000000000 0.999912454 0.000087546
KK:/crrc/: 0.991133927 0.008866073 0.000000000
KK:/crrc/cr: 0.999240582 0.000379709 0.000379709
KK:/crrc/rr: 0.000000000 0.999994905 0.000005095
KK:/rc/: 0.821453419 0.178546581 0.000000000
KK:/rc/cr: 0.999975413 0.000012294 0.000012294
KK:/rc/rr: 0.000000000 0.999995992 0.000004008
KK:/rrc/: 0.520887617 0.479112383 0.000000000
KK:/rrc/cr: 0.999995419 0.000002291 0.000002291
KK:/rrc/rr: 0.000000000 0.999996840 0.000003160
KQ:/cc/: 0.000020774 0.999979226 0.000000000
KQ:/cc/cr: 0.000006925 0.439041822 0.560951253
KQ:/cc/rr: 0.000000000 0.500000000 0.500000000
KQ:/crc/: 0.860847172 0.139152828 0.000000000
KQ:/crc/cr: 0.000052767 0.597475365 0.402471868
KQ:/crc/rr: 0.000000000 0.000012794 0.999987206
KQ:/crrc/: 0.003357166 0.996642834 0.000000000
KQ:/crrc/cr: 0.008303975 0.680761696 0.310934329
KQ:/crrc/rr: 0.000000000 0.108505051 0.891494949
KQ:/rc/: 0.000006585 0.999993415 0.000000000
KQ:/rc/cr: 0.000029088 0.490054551 0.509916361
KQ:/rc/rr: 0.000000000 0.500000000 0.500000000
KQ:/rrc/: 0.708355713 0.291644287 0.000000000
KQ:/rrc/cr: 0.021973731 0.894334813 0.083691456
KQ:/rrc/rr: 0.000000000 0.394257398 0.605742602
Q:/: 0.747120677 0.252879323 0.000000000
Q:/cr: 0.166000878 0.833697276 0.000301846
Q:/rr: 0.000000000 0.999993308 0.000006692
QJ:/cc/: 0.000019772 0.999980228 0.000000000
QJ:/cc/cr: 0.000006591 0.000006591 0.999986818
QJ:/cc/rr: 0.000000000 0.500000000 0.500000000
QJ:/crc/: 0.029595555 0.970404445 0.000000000
QJ:/crc/cr: 0.000059039 0.000002716 0.999938245
QJ:/crc/rr: 0.000000000 0.000133558 0.999866442
QJ:/crrc/: 0.027638922 0.972361078 0.000000000
QJ:/crrc/cr: 0.000013611 0.000013611 0.999972779
QJ:/crrc/rr: 0.000000000 0.000718247 0.999281753
QJ:/rc/: 0.006204123 0.993795877 0.000000000
QJ:/rc/cr: 0.000002245 0.000002245 0.999995511
QJ:/rc/rr: 0.000000000 0.000539348 0.999460652
QJ:/rrc/: 0.000003346 0.999996654 0.000000000
QJ:/rrc/cr: 0.000001115 0.000001115 0.999997769
QJ:/rrc/rr: 0.000000000 0.500000000 0.500000000
QK:/cc/: 0.516814114 0.483185886 0.000000000
QK:/cc/cr: 0.006109201 0.993875779 0.000015019
QK:/cc/rr: 0.000000000 0.999980871 0.000019129
QK:/crc/: 0.002462025 0.997537975 0.000000000
QK:/crc/cr: 0.000003653 0.556417205 0.443579143
QK:/crc/rr: 0.000000000 0.003545685 0.996454315
QK:/crrc/: 0.911085625 0.088914375 0.000000000
QK:/crrc/cr: 0.000243719 0.906707284 0.093048997
QK:/crrc/rr: 0.000000000 0.000588273 0.999411727
QK:/rc/: 0.450977695 0.549022305 0.000000000
QK:/rc/cr: 0.007698639 0.528283181 0.464018180
QK:/rc/rr: 0.000000000 0.213338786 0.786661214
QK:/rrc/: 0.116453033 0.883546967 0.000000000
QK:/rrc/cr: 0.000008192 0.296653146 0.703338662
QK:/rrc/rr: 0.000000000 0.000031958 0.999968042
QQ:/cc/: 0.558927352 0.441072648 0.000000000
QQ:/cc/cr: 0.999970115 0.000014943 0.000014943
QQ:/cc/rr: 0.000000000 0.999982312 0.000017688
QQ:/crc/: 0.987440104 0.012559896 0.000000000
QQ:/crc/cr: 0.999580386 0.000209807 0.000209807
QQ:/crc/rr: 0.000000000 0.999995997 0.000004003
QQ:/crrc/: 0.106287982 0.893712018 0.000000000
QQ:/crrc/cr: 0.999970383 0.000014808 0.000014808
QQ:/crrc/rr: 0.000000000 0.999813228 0.000186772
QQ:/rc/: 0.508891260 0.491108740 0.000000000
QQ:/rc/cr: 0.999988319 0.000007139 0.000004542
QQ:/rc/rr: 0.000000000 0.999993425 0.000006575
QQ:/rrc/: 0.983624759 0.016375241 0.000000000
QQ:/rrc/cr: 0.999863770 0.000068115 0.000068115
QQ:/rrc/rr: 0.000000000 0.999998299 0.000001701
