J:/: 0.073906397 0.926093603 0.000000000
J:/cr: 0.017604613 0.034431335 0.947964052
J:/rr: 0.000000000 0.999932347 0.000067653
JJ:/cc/: 0.000147251 0.999852749 0.000000000
JJ:/cc/cr: 0.999993771 0.000004429 0.000001800
JJ:/cc/rr: 0.000000000 0.981667251 0.018332749
JJ:/crc/: 0.998458872 0.001541128 0.000000000
JJ:/crc/cr: 0.977389502 0.011305249 0.011305249
JJ:/crc/rr: 0.000000000 0.999973825 0.000026175
JJ:/crrc/: 0.999897773 0.000102227 0.000000000
JJ:/crrc/cr: 0.333333333 0.333333333 0.333333333
JJ:/crrc/rr: 0.000000000 0.999948881 0.000051119
JJ:/rc/: 0.939874753 0.060125247 0.000000000
JJ:/rc/cr: 0.999249864 0.000375068 0.000375068
JJ:/rc/rr: 0.000000000 0.999964009 0.000035991
JJ:/rrc/: 0.999966171 0.000033829 0.000000000
JJ:/rrc/cr: 0.333333333 0.333333333 0.333333333
JJ:/rrc/rr: 0.000000000 0.999983085 0.000016915
JK:/cc/: 0.085460416 0.914539584 0.000000000
JK:/cc/cr: 0.000001968 0.000001968 0.999996064
JK:/cc/rr: 0.000000000 0.000031588 0.999968412
JK:/crc/: 0.043786166 0.956213834 0.000000000
JK:/crc/cr: 0.003844818 0.000018221 0.996136961
JK:/crc/rr: 0.000000000 0.000596861 0.999403139
JK:/crrc/: 0.999897773 0.000102227 0.000000000
JK:/crrc/cr: 0.333333333 0.333333333 0.333333333
JK:/crrc/rr: 0.000000000 0.000051119 0.999948881
JK:/rc/: 0.999932347 0.000067653 0.000000000
JK:/rc/cr: 0.333333333 0.333333333 0.333333333
JK:/rc/rr: 0.000000000 0.000033829 0.999966171
JK:/rrc/: 0.548611302 0.451388698 0.000000000
JK:/rrc/cr: 0.947591326 0.000024981 0.052383693
JK:/rrc/rr: 0.000000000 0.000030831 0.999969169
JQ:/cc/: 0.182552436 0.817447564 0.000000000
JQ:/cc/cr: 0.000002202 0.000002202 0.999995597
JQ:/cc/rr: 0.000000000 0.000014788 0.999985212
JQ:/crc/: 0.995187151 0.004812849 0.000000000
JQ:/crc/cr: 0.115419969 0.003620066 0.880959965
JQ:/crc/rr: 0.000000000 0.000026261 0.999973739
JQ:/crrc/: 0.041235534 0.958764466 0.000000000
JQ:/crrc/cr: 0.000035541 0.000035541 0.999928917
JQ:/crrc/rr: 0.000000000 0.001239555 0.998760445
JQ:/rc/: 0.999806948 0.000193052 0.000000000
JQ:/rc/cr: 0.116813325 0.116813325 0.766373350
JQ:/rc/rr: 0.000000000 0.000033833 0.999966167
JQ:/rrc/: 0.137975576 0.862024424 0.000000000
JQ:/rrc/cr: 0.000013081 0.000013081 0.999973838
JQ:/rrc/rr: 0.000000000 0.000122590 0.999877410
K:/: 0.755330067 0.244669933 0.000000000
K:/cr: 0.686988738 0.312997638 0.000013624
K:/rr: 0.000000000 0.999993380 0.000006620
KJ:/cc/: 0.000020436 0.999979564 0.000000000
KJ:/cc/cr: 0.000006812 0.000006812 0.999986376
KJ:/cc/rr: 0.000000000 0.500000000 0.500000000
KJ:/crc/: 0.000021763 0.999978237 0.000000000
KJ:/crc/cr: 0.000007255 0.999985491 0.000007255
KJ:/crc/rr: 0.000000000 0.500000000 0.500000000
KJ:/crrc/: 0.036100979 0.963899021 0.000000000
KJ:/crrc/cr: 0.005584699 0.992415757 0.001999544
KJ:/crrc/rr: 0.000000000 0.371058435 0.628941565
KJ:/rc/: 0.009763913 0.990236087 0.000000000
KJ:/rc/cr: 0.002791997 0.980723001 0.016485002
KJ:/rc/rr: 0.000000000 0.028365012 0.971634988
KJ:/rrc/: 0.080214648 0.919785352 0.000000000
KJ:/rrc/cr: 0.000003455 0.999995345 0.000001199
KJ:/rrc/rr: 0.000000000 0.549115557 0.450884443
KK:/cc/: 0.999946693 0.000053307 0.000000000
KK:/cc/cr: 0.744428647 0.127785676 0.127785676
KK:/cc/rr: 0.000000000 0.999989782 0.000010218
KK:/crc/: 0.069920320 0.930079680 0.000000000
KK:/crc/cr: 0.999984400 0.000007800 0.000007800
KK:/crc/rr: 0.000000000 0.999844370 0.000155630
KK:/crrc/: 0.999800272 0.000199728 0.000000000
KK:/crrc/cr: 0.966903012 0.016548494 0.016548494
KK:/crrc/rr: 0.000000000 0.999995041 0.000004959
KK:/rc/: 0.807016385 0.192983615 0.000000000
KK:/rc/cr: 0.999977132 0.000011434 0.000011434
KK:/rc/rr: 0.000000000 0.999995899 0.000004101
KK:/rrc/: 0.525165110 0.474834890 0.000000000
KK:/rrc/cr: 0.999995353 0.000002323 0.000002323
KK:/rrc/rr: 0.000000000 0.999996849 0.000003151
KQ:/cc/: 0.000020436 0.999979564 0.000000000
KQ:/cc/cr: 0.000006812 0.428525575 0.571467613
KQ:/cc/rr: 0.000000000 0.500000000 0.500000000
KQ:/crc/: 0.904404797 0.095595203 0.000000000
KQ:/crc/cr: 0.000075887 0.720369878 0.279554234
KQ:/crc/rr: 0.000000000 0.000012032 0.999987968
KQ:/crrc/: 0.000439830 0.999560170 0.000000000
KQ:/crrc/cr: 0.000190962 0.761391311 0.238417727
KQ:/crrc/rr: 0.000000000 0.236383749 0.763616251
KQ:/rc/: 0.000006620 0.999993380 0.000000000
KQ:/rc/cr: 0.000008179 0.483820078 0.516171743
KQ:/rc/rr: 0.000000000 0.500000000 0.500000000
KQ:/rrc/: 0.709127628 0.290872372 0.000000000
KQ:/rrc/cr: 0.023429234 0.900833719 0.075737046
KQ:/rrc/rr: 0.000000000 0.387871921 0.612128079
Q:/: 0.748972325 0.251027675 0.000000000
Q:/cr: 0.151157273 0.848824542 0.000018185
Q:/rr: 0.000000000 0.999993324 0.000006676
QJ:/cc/: 0.000019918 0.999980082 0.000000000
QJ:/cc/cr: 0.000006640 0.000006640 0.999986721
QJ:/cc/rr: 0.000000000 0.500000000 0.500000000
QJ:/crc/: 0.030052645 0.969947355 0.000000000
QJ:/crc/cr: 0.000201430 0.000002688 0.999795882
QJ:/crc/rr: 0.000000000 0.000130136 0.999869864
QJ:/crrc/: 0.031628567 0.968371433 0.000000000
QJ:/crrc/cr: 0.000418995 0.000015119 0.999565886
QJ:/crrc/rr: 0.000000000 0.000694366 0.999305634
QJ:/rc/: 0.016129334 0.983870666 0.000000000
QJ:/rc/cr: 0.000002262 0.000002262 0.999995476
QJ:/rc/rr: 0.000000000 0.000206946 0.999793054
QJ:/rrc/: 0.000003338 0.999996662 0.000000000
QJ:/rrc/cr: 0.000001113 0.000001113 0.999997775
QJ:/rrc/rr: 0.000000000 0.500000000 0.500000000
QK:/cc/: 0.353026487 0.646973513 0.000000000
QK:/cc/cr: 0.003154361 0.996835165 0.000010474
QK:/cc/rr: 0.000000000 0.999971789 0.000028211
QK:/crc/: 0.000008351 0.999991649 0.000000000
QK:/crc/cr: 0.000002933 0.554774294 0.445222773
QK:/crc/rr: 0.000000000 0.531709445 0.468290555
QK:/crrc/: 0.999663067 0.000336933 0.000000000
QK:/crrc/cr: 0.045501434 0.732630727 0.221867839
QK:/crrc/rr: 0.000000000 0.000557985 0.999442015
QK:/rc/: 0.424949842 0.575050158 0.000000000
QK:/rc/cr: 0.000331092 0.539370934 0.460297973
QK:/rc/rr: 0.000000000 0.192365105 0.807634895
QK:/rrc/: 0.114185732 0.885814268 0.000000000
QK:/rrc/cr: 0.000006487 0.301107369 0.698886144
QK:/rrc/rr: 0.000000000 0.000014616 0.999985384
QQ:/cc/: 0.524402873 0.475597127 0.000000000
QQ:/cc/cr: 0.999946314 0.000039726 0.000013960
QQ:/cc/rr: 0.000000000 0.999981009 0.000018991
QQ:/crc/: 0.995100049 0.004899951 0.000000000
QQ:/crc/cr: 0.998935793 0.000532104 0.000532104
QQ:/crc/rr: 0.000000000 0.999996070 0.000003930
QQ:/crrc/: 0.101451181 0.898548819 0.000000000
QQ:/crrc/cr: 0.999967144 0.000016562 0.000016294
QQ:/crrc/rr: 0.000000000 0.999783523 0.000216477
QQ:/rc/: 0.495081771 0.504918229 0.000000000
QQ:/rc/cr: 0.999990771 0.000004821 0.000004407
QQ:/rc/rr: 0.000000000 0.999993258 0.000006742
QQ:/rrc/: 0.986737052 0.013262948 0.000000000
QQ:/rrc/cr: 0.999832218 0.000083891 0.000083891
QQ:/rrc/rr: 0.000000000 0.999998309 0.000001691
