J:/: 0.070594712 0.929405288 0.000000000
J:/cr: 0.019252683 0.030633310 0.950114007
J:/rr: 0.000000000 0.999929173 0.000070827
JJ:/cc/: 0.000119371 0.999880629 0.000000000
JJ:/cc/cr: 0.999996413 0.000001793 0.000001793
JJ:/cc/rr: 0.000000000 0.977466174 0.022533826
JJ:/crc/: 0.975138427 0.024861573 0.000000000
JJ:/crc/cr: 0.998430252 0.000784874 0.000784874
JJ:/crc/rr: 0.000000000 0.999969984 0.000030016
JJ:/crrc/: 0.982829515 0.017170485 0.000000000
JJ:/crrc/cr: 0.996383583 0.001808209 0.001808209
JJ:/crrc/rr: 0.000000000 0.999952615 0.000047385
JJ:/rc/: 0.937597907 0.062402093 0.000000000
JJ:/rc/cr: 0.999243328 0.000378336 0.000378336
JJ:/rc/rr: 0.000000000 0.999962230 0.000037770
JJ:/rrc/: 0.999616075 0.000383925 0.000000000
JJ:/rrc/cr: 0.938502071 0.030748964 0.030748964
JJ:/rrc/rr: 0.000000000 0.999982285 0.000017715
JK:/cc/: 0.085179863 0.914820137 0.000000000
JK:/cc/cr: 0.000001960 0.000001960 0.999996080
JK:/cc/rr: 0.000000000 0.000031579 0.999968421
JK:/crc/: 0.065453418 0.934546582 0.000000000
JK:/crc/cr: 0.024094570 0.000020880 0.975884550
JK:/crc/rr: 0.000000000 0.000447185 0.999552815
JK:/crrc/: 0.999906857 0.000093143 0.000000000
JK:/crrc/cr: 0.333333333 0.333333333 0.333333333
JK:/crrc/rr: 0.000000000 0.000046576 0.999953424
JK:/rc/: 0.997396252 0.002603748 0.000000000
JK:/rc/cr: 0.981865415 0.009067292 0.009067292
JK:/rc/rr: 0.000000000 0.000035506 0.999964494
JK:/rrc/: 0.541866934 0.458133066 0.000000000
JK:/rrc/cr: 0.966751023 0.000025768 0.033223209
JK:/rrc/rr: 0.000000000 0.000032680 0.999967320
JQ:/cc/: 0.142818724 0.857181276 0.000000000
JQ:/cc/cr: 0.000002092 0.000002092 0.999995816
JQ:/cc/rr: 0.000000000 0.000018834 0.999981166
JQ:/crc/: 0.997487727 0.002512273 0.000000000
JQ:/crc/cr: 0.007767148 0.007767148 0.984465703
JQ:/crc/rr: 0.000000000 0.000029344 0.999970656
JQ:/crrc/: 0.023996871 0.976003129 0.000000000
JQ:/crrc/cr: 0.129860937 0.000031811 0.870107252
JQ:/crrc/rr: 0.000000000 0.001940742 0.998059258
JQ:/rc/: 0.998814367 0.001185633 0.000000000
JQ:/rc/cr: 0.019912522 0.019912522 0.960174955
JQ:/rc/rr: 0.000000000 0.000035455 0.999964545
JQ:/rrc/: 0.148343894 0.851656106 0.000000000
JQ:/rrc/cr: 0.000013862 0.000013862 0.999972277
JQ:/rrc/rr: 0.000000000 0.000119371 0.999880629
K:/: 0.752002627 0.247997373 0.000000000
K:/cr: 0.721679340 0.278307219 0.000013441
K:/rr: 0.000000000 0.999993351 0.000006649
KJ:/cc/: 0.000020162 0.999979838 0.000000000
KJ:/cc/cr: 0.000006721 0.000006721 0.999986559
KJ:/cc/rr: 0.000000000 0.500000000 0.500000000
KJ:/crc/: 0.000024148 0.999975852 0.000000000
KJ:/crc/cr: 0.000008049 0.999983901 0.000008049
KJ:/crc/rr: 0.000000000 0.500000000 0.500000000
KJ:/crrc/: 0.030236298 0.969763702 0.000000000
KJ:/crrc/cr: 0.000021578 0.996459386 0.003519036
KJ:/crrc/rr: 0.000000000 0.286584763 0.713415237
KJ:/rc/: 0.060318672 0.939681328 0.000000000
KJ:/rc/cr: 0.004946535 0.981174519 0.013878946
KJ:/rc/rr: 0.000000000 0.347762884 0.652237116
KJ:/rrc/: 0.082569657 0.917430343 0.000000000
KJ:/rrc/cr: 0.000067444 0.999931349 0.000001208
KJ:/rrc/rr: 0.000000000 0.580405827 0.419594173
KK:/cc/: 0.999900661 0.000099339 0.000000000
KK:/cc/cr: 0.864695279 0.067652360 0.067652360
KK:/cc/rr: 0.000000000 0.999989918 0.000010082
KK:/crc/: 0.155607571 0.844392429 0.000000000
KK:/crc/cr: 0.999980935 0.000009533 0.000009533
KK:/crc/rr: 0.000000000 0.999922408 0.000077592
KK:/crrc/: 0.993132268 0.006867732 0.000000000
KK:/crrc/cr: 0.999096033 0.000451984 0.000451984
KK:/crrc/rr: 0.000000000 0.999995312 0.000004688
KK:/rc/: 0.795267963 0.204732037 0.000000000
KK:/rc/cr: 0.999978349 0.000010825 0.000010825
KK:/rc/rr: 0.000000000 0.999995820 0.000004180
KK:/rrc/: 0.512906251 0.487093749 0.000000000
KK:/rrc/cr: 0.999995450 0.000002275 0.000002275
KK:/rrc/rr: 0.000000000 0.999996759 0.000003241
KQ:/cc/: 0.000020162 0.999979838 0.000000000
KQ:/cc/cr: 0.000006721 0.430499811 0.569493468
KQ:/cc/rr: 0.000000000 0.500000000 0.500000000
KQ:/crc/: 0.883754135 0.116245865 0.000000000
KQ:/crc/cr: 0.000069243 0.623497212 0.376433545
KQ:/crc/rr: 0.000000000 0.000013662 0.999986338
KQ:/crrc/: 0.004640362 0.995359638 0.000000000
KQ:/crrc/cr: 0.029549109 0.682669230 0.287781660
KQ:/crrc/rr: 0.000000000 0.230638623 0.769361377
KQ:/rc/: 0.000006649 0.999993351 0.000000000
KQ:/rc/cr: 0.000020075 0.475868642 0.524111283
KQ:/rc/rr: 0.000000000 0.500000000 0.500000000
KQ:/rrc/: 0.726997836 0.273002164 0.000000000
KQ:/rrc/cr: 0.021954340 0.897296597 0.080749063
KQ:/rrc/rr: 0.000000000 0.384397991 0.615602009
Q:/: 0.766850306 0.233149694 0.000000000
Q:/cr: 0.185685717 0.813874191 0.000440091
Q:/rr: 0.000000000 0.999993480 0.000006520
QJ:/cc/: 0.000021445 0.999978555 0.000000000
QJ:/cc/cr: 0.000007149 0.000007149 0.999985703
QJ:/cc/rr: 0.000000000 0.500000000 0.500000000
QJ:/crc/: 0.030829850 0.969170150 0.000000000
QJ:/crc/cr: 0.001826051 0.000003021 0.998170928
QJ:/crc/rr: 0.000000000 0.000142448 0.999857552
QJ:/crrc/: 0.044111513 0.955888487 0.000000000
QJ:/crrc/cr: 0.000013425 0.000013425 0.999973150
QJ:/crrc/rr: 0.000000000 0.000436369 0.999563631
QJ:/rc/: 0.007618732 0.992381268 0.000000000
QJ:/rc/cr: 0.000002190 0.000002190 0.999995620
QJ:/rc/rr: 0.000000000 0.000427904 0.999572096
QJ:/rrc/: 0.000003260 0.999996740 0.000000000
QJ:/rrc/cr: 0.000001087 0.000001087 0.999997827
QJ:/rrc/rr: 0.000000000 0.500000000 0.500000000
QK:/cc/: 0.193677028 0.806322972 0.000000000
QK:/cc/cr: 0.003552315 0.996438505 0.000009180
QK:/cc/rr: 0.000000000 0.999944636 0.000055364
QK:/crc/: 0.000010860 0.999989140 0.000000000
QK:/crc/cr: 0.000003585 0.558560366 0.441436049
QK:/crc/rr: 0.000000000 0.595606449 0.404393551
QK:/crrc/: 0.965906134 0.034093866 0.000000000
QK:/crrc/cr: 0.000403779 0.711568238 0.288027983
QK:/crrc/rr: 0.000000000 0.000509286 0.999490714
QK:/rc/: 0.422646082 0.577353918 0.000000000
QK:/rc/cr: 0.004376430 0.522890569 0.472733001
QK:/rc/rr: 0.000000000 0.201504208 0.798495792
QK:/rrc/: 0.120012015 0.879987985 0.000000000
QK:/rrc/cr: 0.000008978 0.305458226 0.694532796
QK:/rrc/rr: 0.000000000 0.000013582 0.999986418
QQ:/cc/: 0.442409186 0.557590814 0.000000000
QQ:/cc/cr: 0.999974359 0.000012820 0.000012820
QQ:/cc/rr: 0.000000000 0.999975763 0.000024237
QQ:/crc/: 0.991239850 0.008760150 0.000000000
QQ:/crc/cr: 0.999331573 0.000334213 0.000334213
QQ:/crc/rr: 0.000000000 0.999995570 0.000004430
QQ:/crrc/: 0.138582297 0.861417703 0.000000000
QQ:/crrc/cr: 0.999969819 0.000015284 0.000014897
QQ:/crrc/rr: 0.000000000 0.999861101 0.000138899
QQ:/rc/: 0.459337875 0.540662125 0.000000000
QQ:/rc/cr: 0.999990926 0.000005054 0.000004020
QQ:/rc/rr: 0.000000000 0.999992903 0.000007097
QQ:/rrc/: 0.987476953 0.012523047 0.000000000
QQ:/rrc/cr: 0.999826447 0.000086776 0.000086776
QQ:/rrc/rr: 0.000000000 0.999998349 0.000001651
