J:/c: 0.305920246 0.694079754 0.000000000
J:/crr: 0.000000000 0.999983656 0.000016344
J:/r: 0.054835183 0.126171286 0.818993532
JJ:/cc/c: 0.999992796 0.000007204 0.000000000
JJ:/cc/crr: 0.000000000 0.999996398 0.000003602
JJ:/cc/r: 0.999990395 0.000004803 0.000004803
JJ:/crc/c: 0.999983656 0.000016344 0.000000000
JJ:/crc/crr: 0.000000000 0.999991828 0.000008172
JJ:/crc/r: 0.999675811 0.000313293 0.000010896
JJ:/crrc/c: 0.999991828 0.000008172 0.000000000
JJ:/crrc/crr: 0.000000000 0.999995914 0.000004086
JJ:/crrc/r: 0.999970894 0.000023658 0.000005448
JJ:/rc/c: 0.999973581 0.000026419 0.000000000
JJ:/rc/crr: 0.000000000 0.999986790 0.000013210
JJ:/rc/r: 0.999774897 0.000207491 0.000017613
JJ:/rrc/c: 0.999939212 0.000060788 0.000000000
JJ:/rrc/crr: 0.000000000 0.999969604 0.000030396
JJ:/rrc/r: 0.999882738 0.000076736 0.000040525
JK:/cc/c: 0.007135259 0.992864741 0.000000000
JK:/cc/crr: 0.000000000 0.000504802 0.999495198
JK:/cc/r: 0.000004803 0.000004803 0.999990395
JK:/crc/c: 0.510107548 0.489892452 0.000000000
JK:/crc/crr: 0.000000000 0.000016020 0.999983980
JK:/crc/r: 0.020243157 0.000010896 0.979745947
JK:/crrc/c: 0.481143840 0.518856160 0.000000000
JK:/crrc/crr: 0.000000000 0.000008492 0.999991508
JK:/crrc/r: 0.200086304 0.000005448 0.799908248
JK:/rc/c: 0.384318800 0.615681200 0.000000000
JK:/rc/crr: 0.000000000 0.000034371 0.999965629
JK:/rc/r: 0.356234121 0.000017613 0.643748267
JK:/rrc/c: 0.999939212 0.000060788 0.000000000
JK:/rrc/crr: 0.000000000 0.000030396 0.999969604
JK:/rrc/r: 0.360334161 0.000040525 0.639625314
JQ:/cc/c: 0.070311818 0.929688182 0.000000000
JQ:/cc/crr: 0.000000000 0.000051227 0.999948773
JQ:/cc/r: 0.034863926 0.000004803 0.965131271
JQ:/crc/c: 0.458713101 0.541286899 0.000000000
JQ:/crc/crr: 0.000000000 0.000017815 0.999982185
JQ:/crc/r: 0.020317391 0.000010896 0.979671713
JQ:/crrc/c: 0.042088224 0.957911776 0.000000000
JQ:/crrc/crr: 0.000000000 0.000097084 0.999902916
JQ:/crrc/r: 0.244815308 0.000005448 0.755179244
JQ:/rc/c: 0.999312528 0.000687472 0.000000000
JQ:/rc/crr: 0.000000000 0.000013219 0.999986781
JQ:/rc/r: 0.000017613 0.000017613 0.999964775
JQ:/rrc/c: 0.008900806 0.991099194 0.000000000
JQ:/rrc/crr: 0.000000000 0.003414759 0.996585241
JQ:/rrc/r: 0.476229478 0.000040525 0.523729996
K:/c: 0.999898591 0.000101409 0.000000000
K:/crr: 0.000000000 0.999994999 0.000005001
K:/r: 0.585449219 0.414544114 0.000006667
KJ:/cc/c: 0.049305193 0.950694807 0.000000000
KJ:/cc/crr: 0.000000000 0.500000000 0.500000000
KJ:/cc/r: 0.032870129 0.032870129 0.934259742
KJ:/crc/c: 0.181278889 0.818721111 0.000000000
KJ:/crc/crr: 0.000000000 0.999986208 0.000013792
KJ:/crc/r: 0.000032345 0.734261080 0.265706576
KJ:/crrc/c: 0.364357530 0.635642470 0.000000000
KJ:/crrc/crr: 0.000000000 0.999996569 0.000003431
KJ:/crrc/r: 0.004217807 0.893896713 0.101885480
KJ:/rc/c: 0.436462191 0.563537809 0.000000000
KJ:/rc/crr: 0.000000000 0.600317571 0.399682429
KJ:/rc/r: 0.009030111 0.760767011 0.230202878
KJ:/rrc/c: 0.099791607 0.900208393 0.000000000
KJ:/rrc/crr: 0.000000000 0.999971472 0.000028528
KJ:/rrc/r: 0.025203463 0.915180802 0.059615735
KK:/cc/c: 0.950694807 0.049305193 0.000000000
KK:/cc/crr: 0.000000000 0.974068864 0.025931136
KK:/cc/r: 0.934259742 0.032870129 0.032870129
KK:/crc/c: 0.999994999 0.000005001 0.000000000
KK:/crc/crr: 0.000000000 0.999997500 0.000002500
KK:/crc/r: 0.997312778 0.002683889 0.000003334
KK:/crrc/c: 0.999997500 0.000002500 0.000000000
KK:/crrc/crr: 0.000000000 0.999998750 0.000001250
KK:/crrc/r: 0.999955343 0.000042991 0.000001667
KK:/rc/c: 0.999991959 0.000008041 0.000000000
KK:/rc/crr: 0.000000000 0.999995979 0.000004021
KK:/rc/r: 0.999979957 0.000014683 0.000005361
KK:/rrc/c: 0.999994306 0.000005694 0.000000000
KK:/rrc/crr: 0.000000000 0.999997153 0.000002847
KK:/rrc/r: 0.998329256 0.001666948 0.000003796
KQ:/cc/c: 0.049305193 0.950694807 0.000000000
KQ:/cc/crr: 0.000000000 0.500000000 0.500000000
KQ:/cc/r: 0.032870129 0.934259742 0.032870129
KQ:/crc/c: 0.079315032 0.920684968 0.000000000
KQ:/crc/crr: 0.000000000 0.001428495 0.998571505
KQ:/crc/r: 0.000019984 0.436938729 0.563041287
KQ:/crrc/c: 0.614040608 0.385959392 0.000000000
KQ:/crrc/crr: 0.000000000 0.397589757 0.602410243
KQ:/crrc/r: 0.000087437 0.622405102 0.377507461
KQ:/rc/c: 0.000043875 0.999956125 0.000000000
KQ:/rc/crr: 0.000000000 0.091634708 0.908365292
KQ:/rc/r: 0.000014568 0.308615024 0.691370408
KQ:/rrc/c: 0.502730679 0.497269321 0.000000000
KQ:/rrc/crr: 0.000000000 0.454227184 0.545772816
KQ:/rrc/r: 0.064533654 0.565975684 0.369490662
Q:/c: 0.850209211 0.149790789 0.000000000
Q:/crr: 0.000000000 0.999994119 0.000005881
Q:/r: 0.373323931 0.626643773 0.000032296
QJ:/cc/c: 0.000033380 0.999966620 0.000000000
QJ:/cc/crr: 0.000000000 0.500000000 0.500000000
QJ:/cc/r: 0.000022253 0.000022253 0.999955493
QJ:/crc/c: 0.405900533 0.594099467 0.000000000
QJ:/crc/crr: 0.000000000 0.000047293 0.999952707
QJ:/crc/r: 0.000003921 0.000003921 0.999992159
QJ:/crrc/c: 0.000002940 0.999997060 0.000000000
QJ:/crrc/crr: 0.000000000 0.500000000 0.500000000
QJ:/crrc/r: 0.009348984 0.000001960 0.990649056
QJ:/rc/c: 0.000005319 0.999994681 0.000000000
QJ:/rc/crr: 0.000000000 0.500000000 0.500000000
QJ:/rc/r: 0.026945516 0.000003546 0.973050938
QJ:/rrc/c: 0.000066142 0.999933858 0.000000000
QJ:/rrc/crr: 0.000000000 0.067497052 0.932502948
QJ:/rrc/r: 0.000025408 0.000005953 0.999968639
QK:/cc/c: 0.022593816 0.977406184 0.000000000
QK:/cc/crr: 0.000000000 0.999261305 0.000738695
QK:/cc/r: 0.000065890 0.752630339 0.247303771
QK:/crc/c: 0.348990233 0.651009767 0.000000000
QK:/crc/crr: 0.000000000 0.000309908 0.999690092
QK:/crc/r: 0.000046296 0.504664669 0.495289035
QK:/crrc/c: 0.001174879 0.998825121 0.000000000
QK:/crrc/crr: 0.000000000 0.085083465 0.914916535
QK:/crrc/r: 0.000029440 0.285921549 0.714049011
QK:/rc/c: 0.367473776 0.632526224 0.000000000
QK:/rc/crr: 0.000000000 0.000007238 0.999992762
QK:/rc/r: 0.000011090 0.314729482 0.685259428
QK:/rrc/c: 0.430369117 0.569630883 0.000000000
QK:/rrc/crr: 0.000000000 0.000394757 0.999605243
QK:/rrc/r: 0.000061478 0.477370297 0.522568225
QQ:/cc/c: 0.999966620 0.000033380 0.000000000
QQ:/cc/crr: 0.000000000 0.999983309 0.000016691
QQ:/cc/r: 0.999744979 0.000232767 0.000022253
QQ:/crc/c: 0.999994119 0.000005881 0.000000000
QQ:/crc/crr: 0.000000000 0.999997060 0.000002940
QQ:/crc/r: 0.999951219 0.000044860 0.000003921
QQ:/crrc/c: 0.999997060 0.000002940 0.000000000
QQ:/crrc/crr: 0.000000000 0.999998530 0.000001470
QQ:/crrc/r: 0.998917421 0.001080618 0.000001960
QQ:/rc/c: 0.999994681 0.000005319 0.000000000
QQ:/rc/crr: 0.000000000 0.999997340 0.000002660
QQ:/rc/r: 0.999991380 0.000005074 0.000003546
QQ:/rrc/c: 0.999991071 0.000008929 0.000000000
QQ:/rrc/crr: 0.000000000 0.999995536 0.000004464
QQ:/rrc/r: 0.999959842 0.000034206 0.000005953
