J:/c: 0.292447067 0.707552933 0.000000000
J:/crr: 0.000000000 0.999982903 0.000017097
J:/r: 0.055072576 0.126418020 0.818509403
JJ:/cc/c: 0.999992933 0.000007067 0.000000000
JJ:/cc/crr: 0.000000000 0.999996467 0.000003533
JJ:/cc/r: 0.999982670 0.000012619 0.000004711
JJ:/crc/c: 0.999982903 0.000017097 0.000000000
JJ:/crc/crr: 0.000000000 0.999991451 0.000008549
JJ:/crc/r: 0.999977204 0.000011398 0.000011398
JJ:/crrc/c: 0.999991451 0.000008549 0.000000000
JJ:/crrc/crr: 0.000000000 0.999995726 0.000004274
JJ:/crrc/r: 0.999988602 0.000005699 0.000005699
JJ:/rc/c: 0.999973632 0.000026368 0.000000000
JJ:/rc/crr: 0.000000000 0.999986816 0.000013184
JJ:/rc/r: 0.999961729 0.000020692 0.000017578
JJ:/rrc/c: 0.999939474 0.000060526 0.000000000
JJ:/rrc/crr: 0.000000000 0.999969735 0.000030265
JJ:/rrc/r: 0.999735216 0.000224433 0.000040351
JK:/cc/c: 0.007405543 0.992594457 0.000000000
JK:/cc/crr: 0.000000000 0.000477116 0.999522884
JK:/cc/r: 0.000010570 0.000004711 0.999984719
JK:/crc/c: 0.559313730 0.440686270 0.000000000
JK:/crc/crr: 0.000000000 0.000015284 0.999984716
JK:/crc/r: 0.008523076 0.000011398 0.991465526
JK:/crrc/c: 0.582983161 0.417016839 0.000000000
JK:/crrc/crr: 0.000000000 0.000007332 0.999992668
JK:/crrc/r: 0.191436589 0.000005699 0.808557712
JK:/rc/c: 0.386944231 0.613055769 0.000000000
JK:/rc/crr: 0.000000000 0.000034072 0.999965928
JK:/rc/r: 0.362654500 0.000017578 0.637327922
JK:/rrc/c: 0.999557979 0.000442021 0.000000000
JK:/rrc/crr: 0.000000000 0.000030276 0.999969724
JK:/rrc/r: 0.323279293 0.000040351 0.676680356
JQ:/cc/c: 0.072199018 0.927800982 0.000000000
JQ:/cc/crr: 0.000000000 0.000048938 0.999951062
JQ:/cc/r: 0.035275361 0.000004711 0.964719928
JQ:/crc/c: 0.492101207 0.507898793 0.000000000
JQ:/crc/crr: 0.000000000 0.000017372 0.999982628
JQ:/crc/r: 0.044685330 0.000011398 0.955303272
JQ:/crrc/c: 0.054702876 0.945297124 0.000000000
JQ:/crrc/crr: 0.000000000 0.000078138 0.999921862
JQ:/crrc/r: 0.139186071 0.000005699 0.860808230
JQ:/rc/c: 0.982994106 0.017005894 0.000000000
JQ:/rc/crr: 0.000000000 0.000013412 0.999986588
JQ:/rc/r: 0.000017578 0.000017578 0.999964843
JQ:/rrc/c: 0.014548777 0.985451223 0.000000000
JQ:/rrc/crr: 0.000000000 0.002080113 0.997919887
JQ:/rrc/r: 0.431865775 0.000040351 0.568093875
K:/c: 0.999927875 0.000072125 0.000000000
K:/crr: 0.000000000 0.999995000 0.000005000
K:/r: 0.584922923 0.415070411 0.000006667
KJ:/cc/c: 0.212027676 0.787972324 0.000000000
KJ:/cc/crr: 0.000000000 0.836521234 0.163478766
KJ:/cc/r: 0.233815926 0.094021394 0.672162681
KJ:/crc/c: 0.145722686 0.854277314 0.000000000
KJ:/crc/crr: 0.000000000 0.999982843 0.000017157
KJ:/crc/r: 0.000108798 0.729887724 0.270003478
KJ:/crrc/c: 0.274070550 0.725929450 0.000000000
KJ:/crrc/crr: 0.000000000 0.999995439 0.000004561
KJ:/crrc/r: 0.020140786 0.861901697 0.117957517
KJ:/rc/c: 0.485736330 0.514263670 0.000000000
KJ:/rc/crr: 0.000000000 0.685167395 0.314832605
KJ:/rc/r: 0.036744028 0.737072466 0.226183506
KJ:/rrc/c: 0.188090291 0.811909709 0.000000000
KJ:/rrc/crr: 0.000000000 0.950017715 0.049982285
KJ:/rrc/r: 0.072809642 0.860643468 0.066546890
KK:/cc/c: 0.930675954 0.069324046 0.000000000
KK:/cc/crr: 0.000000000 0.962756078 0.037243922
KK:/cc/r: 0.829886736 0.123897233 0.046216030
KK:/crc/c: 0.999995000 0.000005000 0.000000000
KK:/crc/crr: 0.000000000 0.999997500 0.000002500
KK:/crc/r: 0.931664399 0.068332268 0.000003334
KK:/crrc/c: 0.999997500 0.000002500 0.000000000
KK:/crrc/crr: 0.000000000 0.999998750 0.000001250
KK:/crrc/r: 0.999996666 0.000001667 0.000001667
KK:/rc/c: 0.999991969 0.000008031 0.000000000
KK:/rc/crr: 0.000000000 0.999995985 0.000004015
KK:/rc/r: 0.999979856 0.000014790 0.000005354
KK:/rrc/c: 0.999994301 0.000005699 0.000000000
KK:/rrc/crr: 0.000000000 0.999997151 0.000002849
KK:/rrc/r: 0.999977737 0.000018464 0.000003799
KQ:/cc/c: 0.356465598 0.643534402 0.000000000
KQ:/cc/crr: 0.000000000 0.902761941 0.097238059
KQ:/cc/r: 0.234127646 0.681837710 0.084034644
KQ:/crc/c: 0.200435177 0.799564823 0.000000000
KQ:/crc/crr: 0.000000000 0.026448367 0.973551633
KQ:/crc/r: 0.000083763 0.432227027 0.567689210
KQ:/crrc/c: 0.598263997 0.401736003 0.000000000
KQ:/crrc/crr: 0.000000000 0.387366543 0.612633457
KQ:/crrc/r: 0.002861874 0.755304687 0.241833440
KQ:/rc/c: 0.009219050 0.990780950 0.000000000
KQ:/rc/crr: 0.000000000 0.008239213 0.991760787
KQ:/rc/r: 0.000025179 0.313522903 0.686451918
KQ:/rrc/c: 0.507030194 0.492969806 0.000000000
KQ:/rrc/crr: 0.000000000 0.475281401 0.524718599
KQ:/rrc/r: 0.078930027 0.544906689 0.376163284
Q:/c: 0.847232626 0.152767374 0.000000000
Q:/crr: 0.000000000 0.999994098 0.000005902
Q:/r: 0.376188041 0.623776998 0.000034961
QJ:/cc/c: 0.000567908 0.999432092 0.000000000
QJ:/cc/crr: 0.000000000 0.028815858 0.971184142
QJ:/cc/r: 0.000048569 0.000021820 0.999929612
QJ:/crc/c: 0.438500940 0.561499060 0.000000000
QJ:/crc/crr: 0.000000000 0.118438505 0.881561495
QJ:/crc/r: 0.000023196 0.000003934 0.999972870
QJ:/crrc/c: 0.000138161 0.999861839 0.000000000
QJ:/crrc/crr: 0.000000000 0.010678867 0.989321133
QJ:/crrc/r: 0.035835774 0.000001967 0.964162259
QJ:/rc/c: 0.000205958 0.999794042 0.000000000
QJ:/rc/crr: 0.000000000 0.012973024 0.987026976
QJ:/rc/r: 0.023296777 0.000003563 0.976699660
QJ:/rrc/c: 0.000273999 0.999726001 0.000000000
QJ:/rrc/crr: 0.000000000 0.016169427 0.983830573
QJ:/rrc/r: 0.000086764 0.000009186 0.999904050
QK:/cc/c: 0.028460951 0.971539049 0.000000000
QK:/cc/crr: 0.000000000 0.999425010 0.000574990
QK:/cc/r: 0.000154288 0.730669675 0.269176037
QK:/crc/c: 0.306753164 0.693246836 0.000000000
QK:/crc/crr: 0.000000000 0.048315973 0.951684027
QK:/crc/r: 0.003123082 0.500251238 0.496625680
QK:/crrc/c: 0.099294424 0.900705576 0.000000000
QK:/crrc/crr: 0.000000000 0.002478177 0.997521823
QK:/crrc/r: 0.000068720 0.292076934 0.707854345
QK:/rc/c: 0.358175973 0.641824027 0.000000000
QK:/rc/crr: 0.000000000 0.011965725 0.988034275
QK:/rc/r: 0.000007403 0.294775424 0.705217173
QK:/rrc/c: 0.425555038 0.574444962 0.000000000
QK:/rrc/crr: 0.000000000 0.097485377 0.902514623
QK:/rrc/r: 0.000086571 0.521386840 0.478526589
QQ:/cc/c: 0.999967270 0.000032730 0.000000000
QQ:/cc/crr: 0.000000000 0.999983635 0.000016365
QQ:/cc/r: 0.999918504 0.000059677 0.000021820
QQ:/crc/c: 0.999994098 0.000005902 0.000000000
QQ:/crc/crr: 0.000000000 0.999997049 0.000002951
QQ:/crc/r: 0.843474249 0.156521816 0.000003934
QQ:/crrc/c: 0.999997049 0.000002951 0.000000000
QQ:/crrc/crr: 0.000000000 0.999998525 0.000001475
QQ:/crrc/r: 0.999996066 0.000001967 0.000001967
QQ:/rc/c: 0.999994656 0.000005344 0.000000000
QQ:/rc/crr: 0.000000000 0.999997328 0.000002672
QQ:/rc/r: 0.999977761 0.000018676 0.000003563
QQ:/rrc/c: 0.999991139 0.000008861 0.000000000
QQ:/rrc/crr: 0.000000000 0.999995570 0.000004430
QQ:/rrc/r: 0.999958585 0.000035508 0.000005907
