J:/c: 0.318136999 0.681863001 0.000000000
J:/crr: 0.000000000 0.999984284 0.000015716
J:/r: 0.055761290 0.127921879 0.816316831
JJ:/cc/c: 0.999992667 0.000007333 0.000000000
JJ:/cc/crr: 0.000000000 0.999996334 0.000003666
JJ:/cc/r: 0.999990223 0.000004889 0.000004889
JJ:/crc/c: 0.999984284 0.000015716 0.000000000
JJ:/crc/crr: 0.000000000 0.999992142 0.000007858
JJ:/crc/r: 0.999667409 0.000322113 0.000010478
JJ:/crrc/c: 0.999992142 0.000007858 0.000000000
JJ:/crrc/crr: 0.000000000 0.999996071 0.000003929
JJ:/crrc/r: 0.999962450 0.000032311 0.000005239
JJ:/rc/c: 0.999973942 0.000026058 0.000000000
JJ:/rc/crr: 0.000000000 0.999986971 0.000013029
JJ:/rc/r: 0.999963469 0.000019159 0.000017372
JJ:/rrc/c: 0.999940221 0.000059779 0.000000000
JJ:/rrc/crr: 0.000000000 0.999970109 0.000029891
JJ:/rrc/r: 0.999920295 0.000039852 0.000039852
JK:/cc/c: 0.000007333 0.999992667 0.000000000
JK:/cc/crr: 0.000000000 0.500000000 0.500000000
JK:/cc/r: 0.000004889 0.000004889 0.999990223
JK:/crc/c: 0.502597356 0.497402644 0.000000000
JK:/crc/crr: 0.000000000 0.000015635 0.999984365
JK:/crc/r: 0.033863344 0.000010478 0.966126178
JK:/crrc/c: 0.393391585 0.606608415 0.000000000
JK:/crrc/crr: 0.000000000 0.000009988 0.999990012
JK:/crrc/r: 0.256996125 0.000005239 0.742998636
JK:/rc/c: 0.376975930 0.623024070 0.000000000
JK:/rc/crr: 0.000000000 0.000034561 0.999965439
JK:/rc/r: 0.355176383 0.000017372 0.644806245
JK:/rrc/c: 0.999940221 0.000059779 0.000000000
JK:/rrc/crr: 0.000000000 0.000029891 0.999970109
JK:/rrc/r: 0.308396411 0.000039852 0.691563737
JQ:/cc/c: 0.069469317 0.930530683 0.000000000
JQ:/cc/crr: 0.000000000 0.000052778 0.999947222
JQ:/cc/r: 0.037027935 0.000004889 0.962967176
JQ:/crc/c: 0.393322333 0.606677667 0.000000000
JQ:/crc/crr: 0.000000000 0.000019979 0.999980021
JQ:/crc/r: 0.000053712 0.000010478 0.999935810
JQ:/crrc/c: 0.036453447 0.963546553 0.000000000
JQ:/crrc/crr: 0.000000000 0.000107786 0.999892214
JQ:/crrc/r: 0.004023435 0.000005239 0.995971327
JQ:/rc/c: 0.998478024 0.001521976 0.000000000
JQ:/rc/crr: 0.000000000 0.000013049 0.999986951
JQ:/rc/r: 0.000017372 0.000017372 0.999965257
JQ:/rrc/c: 0.005901390 0.994098610 0.000000000
JQ:/rrc/crr: 0.000000000 0.005064792 0.994935208
JQ:/rrc/r: 0.443597663 0.000039852 0.556362485
K:/c: 0.999990000 0.000010000 0.000000000
K:/crr: 0.000000000 0.999995000 0.000005000
K:/r: 0.581412516 0.418580818 0.000006667
KJ:/cc/c: 0.500000000 0.500000000 0.000000000
KJ:/cc/crr: 0.000000000 0.500000000 0.500000000
KJ:/cc/r: 0.333333333 0.333333333 0.333333333
KJ:/crc/c: 0.071223631 0.928776369 0.000000000
KJ:/crc/crr: 0.000000000 0.999964899 0.000035101
KJ:/crc/r: 0.000015813 0.723437587 0.276546600
KJ:/crrc/c: 0.347346752 0.652653248 0.000000000
KJ:/crrc/crr: 0.000000000 0.962267385 0.037732615
KJ:/crrc/r: 0.001010195 0.891633229 0.107356577
KJ:/rc/c: 0.417037228 0.582962772 0.000000000
KJ:/rc/crr: 0.000000000 0.894466587 0.105533413
KJ:/rc/r: 0.003140262 0.872528870 0.124330868
KJ:/rrc/c: 0.215081044 0.784918956 0.000000000
KJ:/rrc/crr: 0.000000000 0.999986672 0.000013328
KJ:/rrc/r: 0.007034095 0.959432999 0.033532905
KK:/cc/c: 0.500000000 0.500000000 0.000000000
KK:/cc/crr: 0.000000000 0.500000000 0.500000000
KK:/cc/r: 0.333333333 0.333333333 0.333333333
KK:/crc/c: 0.999995000 0.000005000 0.000000000
KK:/crc/crr: 0.000000000 0.999997500 0.000002500
KK:/crc/r: 0.981085923 0.018910744 0.000003333
KK:/crrc/c: 0.999997500 0.000002500 0.000000000
KK:/crrc/crr: 0.000000000 0.999998750 0.000001250
KK:/crrc/r: 0.999932568 0.000065766 0.000001667
KK:/rc/c: 0.999992037 0.000007963 0.000000000
KK:/rc/crr: 0.000000000 0.999996018 0.000003982
KK:/rc/r: 0.999974539 0.000020152 0.000005309
KK:/rrc/c: 0.999994267 0.000005733 0.000000000
KK:/rrc/crr: 0.000000000 0.999997133 0.000002867
KK:/rrc/r: 0.999649544 0.000346634 0.000003822
KQ:/cc/c: 0.500000000 0.500000000 0.000000000
KQ:/cc/crr: 0.000000000 0.500000000 0.500000000
KQ:/cc/r: 0.333333333 0.333333333 0.333333333
KQ:/crc/c: 0.261970588 0.738029412 0.000000000
KQ:/crc/crr: 0.000000000 0.022100312 0.977899688
KQ:/crc/r: 0.000015482 0.427689339 0.572295179
KQ:/crrc/c: 0.638017307 0.361982693 0.000000000
KQ:/crrc/crr: 0.000000000 0.425597643 0.574402357
KQ:/crrc/r: 0.000028903 0.925760569 0.074210528
KQ:/rc/c: 0.000150340 0.999849660 0.000000000
KQ:/rc/crr: 0.000000000 0.026484651 0.973515349
KQ:/rc/r: 0.000012190 0.311584624 0.688403186
KQ:/rrc/c: 0.494333337 0.505666663 0.000000000
KQ:/rrc/crr: 0.000000000 0.491276797 0.508723203
KQ:/rrc/r: 0.067658823 0.563061687 0.369279490
Q:/c: 0.850841713 0.149158287 0.000000000
Q:/crr: 0.000000000 0.999994123 0.000005877
Q:/r: 0.362774829 0.637201375 0.000023796
QJ:/cc/c: 0.000033521 0.999966479 0.000000000
QJ:/cc/crr: 0.000000000 0.500000000 0.500000000
QJ:/cc/r: 0.000022348 0.000022348 0.999955305
QJ:/crc/c: 0.417160178 0.582839822 0.000000000
QJ:/crc/crr: 0.000000000 0.000058531 0.999941469
QJ:/crc/r: 0.000003918 0.000003918 0.999992165
QJ:/crrc/c: 0.000002938 0.999997062 0.000000000
QJ:/crrc/crr: 0.000000000 0.500000000 0.500000000
QJ:/crrc/r: 0.012902286 0.000001959 0.987095755
QJ:/rc/c: 0.000005231 0.999994769 0.000000000
QJ:/rc/crr: 0.000000000 0.500000000 0.500000000
QJ:/rc/r: 0.000020127 0.000003487 0.999976386
QJ:/rrc/c: 0.000009188 0.999990812 0.000000000
QJ:/rrc/crr: 0.000000000 0.500000000 0.500000000
QJ:/rrc/r: 0.000060035 0.000006126 0.999933839
QK:/cc/c: 0.000205771 0.999794229 0.000000000
QK:/cc/crr: 0.000000000 0.918546851 0.081453149
QK:/cc/r: 0.000043729 0.717100796 0.282855475
QK:/crc/c: 0.318553087 0.681446913 0.000000000
QK:/crc/crr: 0.000000000 0.001098780 0.998901220
QK:/crc/r: 0.000026111 0.445773829 0.554200060
QK:/crrc/c: 0.182018738 0.817981262 0.000000000
QK:/crrc/crr: 0.000000000 0.000525333 0.999474667
QK:/crrc/r: 0.000018284 0.228020742 0.771960975
QK:/rc/c: 0.375552484 0.624447516 0.000000000
QK:/rc/crr: 0.000000000 0.015357749 0.984642251
QK:/rc/r: 0.000006586 0.322139140 0.677854274
QK:/rrc/c: 0.421706668 0.578293332 0.000000000
QK:/rrc/crr: 0.000000000 0.010642055 0.989357945
QK:/rrc/r: 0.000059004 0.482758045 0.517182950
QQ:/cc/c: 0.999966479 0.000033521 0.000000000
QQ:/cc/crr: 0.000000000 0.999983239 0.000016761
QQ:/cc/r: 0.996848130 0.003129522 0.000022348
QQ:/crc/c: 0.999994123 0.000005877 0.000000000
QQ:/crc/crr: 0.000000000 0.999997062 0.000002938
QQ:/crc/r: 0.999946867 0.000049215 0.000003918
QQ:/crrc/c: 0.999997062 0.000002938 0.000000000
QQ:/crrc/crr: 0.000000000 0.999998531 0.000001469
QQ:/crrc/r: 0.999965335 0.000032706 0.000001959
QQ:/rc/c: 0.999994769 0.000005231 0.000000000
QQ:/rc/crr: 0.000000000 0.999997384 0.000002616
QQ:/rc/r: 0.992438490 0.007558022 0.000003487
QQ:/rrc/c: 0.999990812 0.000009188 0.000000000
QQ:/rrc/crr: 0.000000000 0.999995406 0.000004594
QQ:/rrc/r: 0.999960321 0.000033553 0.000006126
