J:/c: 0.304253483 0.695746517 0.000000000
J:/crr: 0.000000000 0.999983566 0.000016434
J:/r: 0.055260646 0.128784531 0.815954823
JJ:/cc/c: 0.999992813 0.000007187 0.000000000
JJ:/cc/crr: 0.000000000 0.999996407 0.000003593
JJ:/cc/r: 0.999986809 0.000008400 0.000004791
JJ:/crc/c: 0.999983566 0.000016434 0.000000000
JJ:/crc/crr: 0.000000000 0.999991783 0.000008217
JJ:/crc/r: 0.999887773 0.000101271 0.000010956
JJ:/crrc/c: 0.999991783 0.000008217 0.000000000
JJ:/crrc/crr: 0.000000000 0.999995891 0.000004109
JJ:/crrc/r: 0.999989044 0.000005478 0.000005478
JJ:/rc/c: 0.999974117 0.000025883 0.000000000
JJ:/rc/crr: 0.000000000 0.999987058 0.000012942
JJ:/rc/r: 0.999965489 0.000017255 0.000017255
JJ:/rrc/c: 0.999939680 0.000060320 0.000000000
JJ:/rrc/crr: 0.000000000 0.999969838 0.000030162
JJ:/rrc/r: 0.999879530 0.000080256 0.000040213
JK:/cc/c: 0.005276301 0.994723699 0.000000000
JK:/cc/crr: 0.000000000 0.000681019 0.999318981
JK:/cc/r: 0.000009440 0.000004791 0.999985769
JK:/crc/c: 0.507722120 0.492277880 0.000000000
JK:/crc/crr: 0.000000000 0.000016184 0.999983816
JK:/crc/r: 0.078304820 0.000010956 0.921684224
JK:/crrc/c: 0.418521362 0.581478638 0.000000000
JK:/crrc/crr: 0.000000000 0.000009817 0.999990183
JK:/crrc/r: 0.232325919 0.000005478 0.767668603
JK:/rc/c: 0.374288305 0.625711695 0.000000000
JK:/rc/crr: 0.000000000 0.000034576 0.999965424
JK:/rc/r: 0.356766793 0.000017255 0.643215952
JK:/rrc/c: 0.999939680 0.000060320 0.000000000
JK:/rrc/crr: 0.000000000 0.000030162 0.999969838
JK:/rrc/r: 0.303196430 0.000040213 0.696763356
JQ:/cc/c: 0.070057204 0.929942796 0.000000000
JQ:/cc/crr: 0.000000000 0.000051290 0.999948710
JQ:/cc/r: 0.036705431 0.000004791 0.963289778
JQ:/crc/c: 0.531663506 0.468336494 0.000000000
JQ:/crc/crr: 0.000000000 0.000015455 0.999984545
JQ:/crc/r: 0.039037812 0.000010956 0.960951232
JQ:/crrc/c: 0.021719671 0.978280329 0.000000000
JQ:/crrc/crr: 0.000000000 0.000189160 0.999810840
JQ:/crrc/r: 0.160116833 0.000005478 0.839877689
JQ:/rc/c: 0.999207218 0.000792782 0.000000000
JQ:/rc/crr: 0.000000000 0.000012952 0.999987048
JQ:/rc/r: 0.000017255 0.000017255 0.999965489
JQ:/rrc/c: 0.060102667 0.939897333 0.000000000
JQ:/rrc/crr: 0.000000000 0.000501810 0.999498190
JQ:/rrc/r: 0.457658312 0.000040213 0.542301475
K:/c: 0.999990000 0.000010000 0.000000000
K:/crr: 0.000000000 0.999995000 0.000005000
K:/r: 0.575839338 0.424153996 0.000006667
KJ:/cc/c: 0.500000000 0.500000000 0.000000000
KJ:/cc/crr: 0.000000000 0.500000000 0.500000000
KJ:/cc/r: 0.333333333 0.333333333 0.333333333
KJ:/crc/c: 0.132657424 0.867342576 0.000000000
KJ:/crc/crr: 0.000000000 0.999981154 0.000018846
KJ:/crc/r: 0.000036969 0.756196960 0.243766072
KJ:/crrc/c: 0.293907956 0.706092044 0.000000000
KJ:/crrc/crr: 0.000000000 0.700535393 0.299464607
KJ:/crrc/r: 0.029727745 0.829884335 0.140387920
KJ:/rc/c: 0.429271543 0.570728457 0.000000000
KJ:/rc/crr: 0.000000000 0.655600827 0.344399173
KJ:/rc/r: 0.068938927 0.706600544 0.224460529
KJ:/rrc/c: 0.107234132 0.892765868 0.000000000
KJ:/rrc/crr: 0.000000000 0.999973009 0.000026991
KJ:/rrc/r: 0.040481697 0.892539662 0.066978641
KK:/cc/c: 0.500000000 0.500000000 0.000000000
KK:/cc/crr: 0.000000000 0.500000000 0.500000000
KK:/cc/r: 0.333333333 0.333333333 0.333333333
KK:/crc/c: 0.999995000 0.000005000 0.000000000
KK:/crc/crr: 0.000000000 0.999997500 0.000002500
KK:/crc/r: 0.920770900 0.079225767 0.000003333
KK:/crrc/c: 0.999997500 0.000002500 0.000000000
KK:/crrc/crr: 0.000000000 0.999998750 0.000001250
KK:/crrc/r: 0.998884437 0.001113897 0.000001667
KK:/rc/c: 0.999992141 0.000007859 0.000000000
KK:/rc/crr: 0.000000000 0.999996071 0.000003929
KK:/rc/r: 0.999982281 0.000012480 0.000005239
KK:/rrc/c: 0.999994211 0.000005789 0.000000000
KK:/rrc/crr: 0.000000000 0.999997106 0.000002894
KK:/rrc/r: 0.999112271 0.000883870 0.000003859
KQ:/cc/c: 0.500000000 0.500000000 0.000000000
KQ:/cc/crr: 0.000000000 0.500000000 0.500000000
KQ:/cc/r: 0.333333333 0.333333333 0.333333333
KQ:/crc/c: 0.002824188 0.997175812 0.000000000
KQ:/crc/crr: 0.000000000 0.037003263 0.962996737
KQ:/crc/r: 0.000019586 0.439643364 0.560337050
KQ:/crrc/c: 0.645434470 0.354565530 0.000000000
KQ:/crrc/crr: 0.000000000 0.414759079 0.585240921
KQ:/crrc/r: 0.000987789 0.792036057 0.206976155
KQ:/rc/c: 0.000013574 0.999986426 0.000000000
KQ:/rc/crr: 0.000000000 0.289489500 0.710510500
KQ:/rc/r: 0.000013416 0.302188626 0.697797957
KQ:/rrc/c: 0.467483819 0.532516181 0.000000000
KQ:/rrc/crr: 0.000000000 0.407707418 0.592292582
KQ:/rrc/r: 0.057682299 0.579105487 0.363212214
Q:/c: 0.851767689 0.148232311 0.000000000
Q:/crr: 0.000000000 0.999994130 0.000005870
Q:/r: 0.356687397 0.643283479 0.000029124
QJ:/cc/c: 0.000033731 0.999966269 0.000000000
QJ:/cc/crr: 0.000000000 0.500000000 0.500000000
QJ:/cc/r: 0.000022487 0.000022487 0.999955026
QJ:/crc/c: 0.416140947 0.583859053 0.000000000
QJ:/crc/crr: 0.000000000 0.010824847 0.989175153
QJ:/crc/r: 0.000003913 0.000003913 0.999992173
QJ:/crrc/c: 0.000002935 0.999997065 0.000000000
QJ:/crrc/crr: 0.000000000 0.500000000 0.500000000
QJ:/crrc/r: 0.000001957 0.000001957 0.999996087
QJ:/rc/c: 0.000055318 0.999944682 0.000000000
QJ:/rc/crr: 0.000000000 0.046835590 0.953164410
QJ:/rc/r: 0.001342626 0.000003454 0.998653920
QJ:/rrc/c: 0.000009345 0.999990655 0.000000000
QJ:/rrc/crr: 0.000000000 0.500000000 0.500000000
QJ:/rrc/r: 0.000086312 0.000006230 0.999907458
QK:/cc/c: 0.110779136 0.889220864 0.000000000
QK:/cc/crr: 0.000000000 0.999847756 0.000152244
QK:/cc/r: 0.000093085 0.740998985 0.258907930
QK:/crc/c: 0.362189654 0.637810346 0.000000000
QK:/crc/crr: 0.000000000 0.000990769 0.999009231
QK:/crc/r: 0.000050534 0.467249319 0.532700147
QK:/crrc/c: 0.219135072 0.780864928 0.000000000
QK:/crrc/crr: 0.000000000 0.001497703 0.998502297
QK:/crrc/r: 0.000025098 0.266177308 0.733797595
QK:/rc/c: 0.380456596 0.619543404 0.000000000
QK:/rc/crr: 0.000000000 0.000006810 0.999993190
QK:/rc/r: 0.000007468 0.318680917 0.681311615
QK:/rrc/c: 0.424091927 0.575908073 0.000000000
QK:/rrc/crr: 0.000000000 0.020117387 0.979882613
QK:/rrc/r: 0.000070860 0.489828740 0.510100400
QQ:/cc/c: 0.999966269 0.000033731 0.000000000
QQ:/cc/crr: 0.000000000 0.999983134 0.000016866
QQ:/cc/r: 0.999922070 0.000055442 0.000022487
QQ:/crc/c: 0.999994130 0.000005870 0.000000000
QQ:/crc/crr: 0.000000000 0.999997065 0.000002935
QQ:/crc/r: 0.999865810 0.000130277 0.000003913
QQ:/crrc/c: 0.999997065 0.000002935 0.000000000
QQ:/crrc/crr: 0.000000000 0.999998532 0.000001468
QQ:/crrc/r: 0.999958799 0.000039245 0.000001957
QQ:/rc/c: 0.999994818 0.000005182 0.000000000
QQ:/rc/crr: 0.000000000 0.999997409 0.000002591
QQ:/rc/r: 0.999992035 0.000004511 0.000003454
QQ:/rrc/c: 0.999990655 0.000009345 0.000000000
QQ:/rrc/crr: 0.000000000 0.999995327 0.000004673
QQ:/rrc/r: 0.999954499 0.000039271 0.000006230
