J:/: 0.073622581 0.926377419 0.000000000
J:/cr: 0.019473026 0.033118122 0.947408853
J:/rr: 0.000000000 0.999932086 0.000067914
JJ:/cc/: 0.000295712 0.999704288 0.000000000
JJ:/cc/cr: 0.999996401 0.000001800 0.000001800
JJ:/cc/rr: 0.000000000 0.990873944 0.009126056
JJ:/crc/: 0.884333009 0.115666991 0.000000000
JJ:/crc/cr: 0.999686892 0.000156554 0.000156554
JJ:/crc/rr: 0.000000000 0.999969285 0.000030715
JJ:/crrc/: 0.889197540 0.110802460 0.000000000
JJ:/crrc/cr: 0.999444113 0.000277944 0.000277944
JJ:/crrc/rr: 0.000000000 0.999948048 0.000051952
JJ:/rc/: 0.915499352 0.084500648 0.000000000
JJ:/rc/cr: 0.999464194 0.000267903 0.000267903
JJ:/rc/rr: 0.000000000 0.999962909 0.000037091
JJ:/rrc/: 0.999942336 0.000057664 0.000000000
JJ:/rrc/cr: 0.607385819 0.196307090 0.196307090
JJ:/rrc/rr: 0.000000000 0.999983019 0.000016981
JK:/cc/: 0.075370098 0.924629902 0.000000000
JK:/cc/cr: 0.000001946 0.000001946 0.999996108
JK:/cc/rr: 0.000000000 0.000035806 0.999964194
JK:/crc/: 0.053550070 0.946449930 0.000000000
JK:/crc/cr: 0.036589434 0.000019133 0.963391433
JK:/crc/rr: 0.000000000 0.000507230 0.999492770
JK:/crrc/: 0.999907609 0.000092391 0.000000000
JK:/crrc/cr: 0.333333333 0.333333333 0.333333333
JK:/crrc/rr: 0.000000000 0.000046200 0.999953800
JK:/rc/: 0.999568206 0.000431794 0.000000000
JK:/rc/cr: 0.895144504 0.052427748 0.052427748
JK:/rc/rr: 0.000000000 0.000033972 0.999966028
JK:/rrc/: 0.543971016 0.456028984 0.000000000
JK:/rrc/cr: 0.944114238 0.000024822 0.055860940
JK:/rrc/rr: 0.000000000 0.000031214 0.999968786
JQ:/cc/: 0.167541754 0.832458246 0.000000000
JQ:/cc/cr: 0.000002709 0.000002161 0.999995130
JQ:/cc/rr: 0.000000000 0.000016108 0.999983892
JQ:/crc/: 0.993481693 0.006518307 0.000000000
JQ:/crc/cr: 0.004509875 0.002778043 0.992712082
JQ:/crc/rr: 0.000000000 0.000027340 0.999972660
JQ:/crrc/: 0.021099342 0.978900658 0.000000000
JQ:/crrc/cr: 0.178291719 0.000031461 0.821676820
JQ:/crrc/rr: 0.000000000 0.002189417 0.997810583
JQ:/rc/: 0.995444084 0.004555916 0.000000000
JQ:/rc/cr: 0.004968920 0.004968920 0.990062160
JQ:/rc/rr: 0.000000000 0.000034112 0.999965888
JQ:/rrc/: 0.141157466 0.858842534 0.000000000
JQ:/rrc/cr: 0.000863309 0.000013180 0.999123510
JQ:/rrc/rr: 0.000000000 0.000120289 0.999879711
K:/: 0.755671279 0.244328721 0.000000000
K:/cr: 0.720131694 0.279854663 0.000013643
K:/rr: 0.000000000 0.999993383 0.000006617
KJ:/cc/: 0.000048437 0.999951563 0.000000000
KJ:/cc/cr: 0.000048469 0.000010698 0.999940834
KJ:/cc/rr: 0.000000000 0.788753291 0.211246709
KJ:/crc/: 0.000237142 0.999762858 0.000000000
KJ:/crc/cr: 0.000034407 0.999957466 0.000008127
KJ:/crc/rr: 0.000000000 0.948607102 0.051392898
KJ:/crrc/: 0.053207964 0.946792036 0.000000000
KJ:/crrc/cr: 0.001746007 0.996470308 0.001783686
KJ:/crrc/rr: 0.000000000 0.361449838 0.638550162
KJ:/rc/: 0.055833465 0.944166535 0.000000000
KJ:/rc/cr: 0.006618432 0.964113055 0.029268513
KJ:/rc/rr: 0.000000000 0.267758391 0.732241609
KJ:/rrc/: 0.087225755 0.912774245 0.000000000
KJ:/rrc/cr: 0.000001208 0.999997584 0.000001208
KJ:/rrc/rr: 0.000000000 0.523583596 0.476416404
KK:/cc/: 0.999386105 0.000613895 0.000000000
KK:/cc/cr: 0.977776607 0.011111696 0.011111696
KK:/cc/rr: 0.000000000 0.999989762 0.000010238
KK:/crc/: 0.130287438 0.869712562 0.000000000
KK:/crc/cr: 0.999981316 0.000009342 0.000009342
KK:/crc/rr: 0.000000000 0.999906457 0.000093543
KK:/crrc/: 0.989646562 0.010353438 0.000000000
KK:/crrc/cr: 0.999390061 0.000304970 0.000304970
KK:/crrc/rr: 0.000000000 0.999995214 0.000004786
KK:/rc/: 0.810785389 0.189214611 0.000000000
KK:/rc/cr: 0.999976687 0.000011656 0.000011656
KK:/rc/rr: 0.000000000 0.999995920 0.000004080
KK:/rrc/: 0.517862476 0.482137524 0.000000000
KK:/rrc/cr: 0.999995425 0.000002287 0.000002287
KK:/rrc/rr: 0.000000000 0.999996806 0.000003194
KQ:/cc/: 0.000055344 0.999944656 0.000000000
KQ:/cc/cr: 0.000040952 0.465417406 0.534541642
KQ:/cc/rr: 0.000000000 0.815116819 0.184883181
KQ:/crc/: 0.896719767 0.103280233 0.000000000
KQ:/crc/cr: 0.000470807 0.523468297 0.476060895
KQ:/crc/rr: 0.000000000 0.000035917 0.999964083
KQ:/crrc/: 0.003660575 0.996339425 0.000000000
KQ:/crrc/cr: 0.010967494 0.699999492 0.289033014
KQ:/crrc/rr: 0.000000000 0.329379228 0.670620772
KQ:/rc/: 0.000268384 0.999731616 0.000000000
KQ:/rc/cr: 0.000020602 0.479312885 0.520666513
KQ:/rc/rr: 0.000000000 0.039349277 0.960650723
KQ:/rrc/: 0.715496180 0.284503820 0.000000000
KQ:/rrc/cr: 0.022462166 0.880287106 0.097250727
KQ:/rrc/rr: 0.000000000 0.395412148 0.604587852
Q:/: 0.758458607 0.241541393 0.000000000
Q:/cr: 0.166508003 0.832745091 0.000746905
Q:/rr: 0.000000000 0.999993408 0.000006592
QJ:/cc/: 0.000020700 0.999979300 0.000000000
QJ:/cc/cr: 0.000006900 0.000006900 0.999986199
QJ:/cc/rr: 0.000000000 0.500000000 0.500000000
QJ:/crc/: 0.027610124 0.972389876 0.000000000
QJ:/crc/cr: 0.004016918 0.000002840 0.995980242
QJ:/crc/rr: 0.000000000 0.000150054 0.999849946
QJ:/crrc/: 0.017628803 0.982371197 0.000000000
QJ:/crrc/cr: 0.000435388 0.000014061 0.999550551
QJ:/crrc/rr: 0.000000000 0.001175356 0.998824644
QJ:/rc/: 0.008641199 0.991358801 0.000000000
QJ:/rc/cr: 0.000002217 0.000002217 0.999995567
QJ:/rc/rr: 0.000000000 0.000381447 0.999618553
QJ:/rrc/: 0.000003296 0.999996704 0.000000000
QJ:/rrc/cr: 0.000001099 0.000001099 0.999997803
QJ:/rrc/rr: 0.000000000 0.500000000 0.500000000
QK:/cc/: 0.638439287 0.361560713 0.000000000
QK:/cc/cr: 0.997478605 0.002474523 0.000046873
QK:/cc/rr: 0.000000000 0.999983788 0.000016212
QK:/crc/: 0.004221599 0.995778401 0.000000000
QK:/crc/cr: 0.000003560 0.566635647 0.433360793
QK:/crc/rr: 0.000000000 0.001326725 0.998673275
QK:/crrc/: 0.949357361 0.050642639 0.000000000
QK:/crrc/cr: 0.000479435 0.508987627 0.490532939
QK:/crrc/rr: 0.000000000 0.000590637 0.999409363
QK:/rc/: 0.425430593 0.574569407 0.000000000
QK:/rc/cr: 0.000896128 0.536328354 0.462775518
QK:/rc/rr: 0.000000000 0.202691257 0.797308743
QK:/rrc/: 0.120763119 0.879236881 0.000000000
QK:/rrc/cr: 0.000001519 0.296583161 0.703415320
QK:/rrc/rr: 0.000000000 0.000277066 0.999722934
QQ:/cc/: 0.544288679 0.455711321 0.000000000
QQ:/cc/cr: 0.999969717 0.000015141 0.000015141
QQ:/cc/rr: 0.000000000 0.999980984 0.000019016
QQ:/crc/: 0.991056621 0.008943379 0.000000000
QQ:/crc/cr: 0.999382336 0.000308832 0.000308832
QQ:/crc/rr: 0.000000000 0.999995820 0.000004180
QQ:/crrc/: 0.073497059 0.926502941 0.000000000
QQ:/crrc/cr: 0.999970182 0.000014909 0.000014909
QQ:/crrc/rr: 0.000000000 0.999718082 0.000281918
QQ:/rc/: 0.492153429 0.507846571 0.000000000
QQ:/rc/cr: 0.999991039 0.000004634 0.000004327
QQ:/rc/rr: 0.000000000 0.999993303 0.000006697
QQ:/rrc/: 0.981394901 0.018605099 0.000000000
QQ:/rrc/cr: 0.999881890 0.000059055 0.000059055
QQ:/rrc/rr: 0.000000000 0.999998321 0.000001679
