J:/c: 0.315725431 0.684274569 0.000000000
J:/crr: 0.000000000 0.999984163 0.000015837
J:/r: 0.054785801 0.136528059 0.808686139
JJ:/cc/c: 0.999992693 0.000007307 0.000000000
JJ:/cc/crr: 0.000000000 0.999996346 0.000003654
JJ:/cc/r: 0.999990257 0.000004871 0.000004871
JJ:/crc/c: 0.999984163 0.000015837 0.000000000
JJ:/crc/crr: 0.000000000 0.999992082 0.000007918
JJ:/crc/r: 0.999949610 0.000039833 0.000010558
JJ:/crrc/c: 0.999992082 0.000007918 0.000000000
JJ:/crrc/crr: 0.000000000 0.999996041 0.000003959
JJ:/crrc/r: 0.999967046 0.000027675 0.000005279
JJ:/rc/c: 0.999975585 0.000024415 0.000000000
JJ:/rc/crr: 0.000000000 0.999987792 0.000012208
JJ:/rc/r: 0.999967447 0.000016277 0.000016277
JJ:/rrc/c: 0.999939157 0.000060843 0.000000000
JJ:/rrc/crr: 0.000000000 0.999969577 0.000030423
JJ:/rrc/r: 0.999918876 0.000040562 0.000040562
JK:/cc/c: 0.000520448 0.999479552 0.000000000
JK:/cc/crr: 0.000000000 0.007019919 0.992980081
JK:/cc/r: 0.000004871 0.000004871 0.999990257
JK:/crc/c: 0.493658769 0.506341231 0.000000000
JK:/crc/crr: 0.000000000 0.000016040 0.999983960
JK:/crc/r: 0.020784477 0.000010558 0.979204965
JK:/crrc/c: 0.298799822 0.701200178 0.000000000
JK:/crrc/crr: 0.000000000 0.000013250 0.999986750
JK:/crrc/r: 0.275546792 0.000005279 0.724447929
JK:/rc/c: 0.385620818 0.614379182 0.000000000
JK:/rc/crr: 0.000000000 0.000031657 0.999968343
JK:/rc/r: 0.368454568 0.000016277 0.631529156
JK:/rrc/c: 0.999939157 0.000060843 0.000000000
JK:/rrc/crr: 0.000000000 0.000030423 0.999969577
JK:/rrc/r: 0.226176374 0.000040562 0.773783064
JQ:/cc/c: 0.074280229 0.925719771 0.000000000
JQ:/cc/crr: 0.000000000 0.000049185 0.999950815
JQ:/cc/r: 0.031908361 0.000004871 0.968086767
JQ:/crc/c: 0.559619475 0.440380525 0.000000000
JQ:/crc/crr: 0.000000000 0.000014149 0.999985851
JQ:/crc/r: 0.000039888 0.000010558 0.999949555
JQ:/crrc/c: 0.001924445 0.998075555 0.000000000
JQ:/crrc/crr: 0.000000000 0.002057319 0.997942681
JQ:/crrc/r: 0.225613013 0.000005279 0.774381708
JQ:/rc/c: 0.999726749 0.000273251 0.000000000
JQ:/rc/crr: 0.000000000 0.000012211 0.999987789
JQ:/rc/r: 0.000016277 0.000016277 0.999967447
JQ:/rrc/c: 0.000309571 0.999690429 0.000000000
JQ:/rrc/crr: 0.000000000 0.098269760 0.901730240
JQ:/rrc/r: 0.445425451 0.000040562 0.554533987
K:/c: 0.999990000 0.000010000 0.000000000
K:/crr: 0.000000000 0.999995000 0.000005000
K:/r: 0.548400897 0.451592436 0.000006667
KJ:/cc/c: 0.500000000 0.500000000 0.000000000
KJ:/cc/crr: 0.000000000 0.500000000 0.500000000
KJ:/cc/r: 0.333333333 0.333333333 0.333333333
KJ:/crc/c: 0.183246467 0.816753533 0.000000000
KJ:/crc/crr: 0.000000000 0.999986357 0.000013643
KJ:/crc/r: 0.000003646 0.724808567 0.275187786
KJ:/crrc/c: 0.499510168 0.500489832 0.000000000
KJ:/crrc/crr: 0.000000000 0.999997498 0.000002502
KJ:/crrc/r: 0.050766271 0.949232062 0.000001667
KJ:/rc/c: 0.402451631 0.597548369 0.000000000
KJ:/rc/crr: 0.000000000 0.736884638 0.263115362
KJ:/rc/r: 0.001173962 0.840777646 0.158048392
KJ:/rrc/c: 0.124818083 0.875181917 0.000000000
KJ:/rrc/crr: 0.000000000 0.999975651 0.000024349
KJ:/rrc/r: 0.000023699 0.952958834 0.047017467
KK:/cc/c: 0.500000000 0.500000000 0.000000000
KK:/cc/crr: 0.000000000 0.500000000 0.500000000
KK:/cc/r: 0.333333333 0.333333333 0.333333333
KK:/crc/c: 0.999995000 0.000005000 0.000000000
KK:/crc/crr: 0.000000000 0.999997500 0.000002500
KK:/crc/r: 0.995420143 0.004576524 0.000003333
KK:/crrc/c: 0.999997500 0.000002500 0.000000000
KK:/crrc/crr: 0.000000000 0.999998750 0.000001250
KK:/crrc/r: 0.999700503 0.000297830 0.000001667
KK:/rc/c: 0.999992619 0.000007381 0.000000000
KK:/rc/crr: 0.000000000 0.999996309 0.000003691
KK:/rc/r: 0.999973206 0.000021873 0.000004921
KK:/rrc/c: 0.999993922 0.000006078 0.000000000
KK:/rrc/crr: 0.000000000 0.999996961 0.000003039
KK:/rrc/r: 0.996361354 0.003634594 0.000004052
KQ:/cc/c: 0.500000000 0.500000000 0.000000000
KQ:/cc/crr: 0.000000000 0.500000000 0.500000000
KQ:/cc/r: 0.333333333 0.333333333 0.333333333
KQ:/crc/c: 0.000033539 0.999966461 0.000000000
KQ:/crc/crr: 0.000000000 0.925458233 0.074541767
KQ:/crc/r: 0.000008246 0.475998294 0.523993460
KQ:/crrc/c: 0.670077947 0.329922053 0.000000000
KQ:/crrc/crr: 0.000000000 0.513964723 0.486035277
KQ:/crrc/r: 0.000024892 0.869215472 0.130759635
KQ:/rc/c: 0.000086861 0.999913139 0.000000000
KQ:/rc/crr: 0.000000000 0.042489032 0.957510968
KQ:/rc/r: 0.000005800 0.309550074 0.690444125
KQ:/rrc/c: 0.458175523 0.541824477 0.000000000
KQ:/rrc/crr: 0.000000000 0.456705695 0.543294305
KQ:/rrc/r: 0.038656737 0.639460216 0.321883048
Q:/c: 0.846660980 0.153339020 0.000000000
Q:/crr: 0.000000000 0.999994094 0.000005906
Q:/r: 0.315956060 0.684014993 0.000028947
QJ:/cc/c: 0.000032607 0.999967393 0.000000000
QJ:/cc/crr: 0.000000000 0.500000000 0.500000000
QJ:/cc/r: 0.000021738 0.000021738 0.999956523
QJ:/crc/c: 0.393135218 0.606864782 0.000000000
QJ:/crc/crr: 0.000000000 0.000359784 0.999640216
QJ:/crc/r: 0.000003937 0.000003937 0.999992126
QJ:/crrc/c: 0.000002953 0.999997047 0.000000000
QJ:/crrc/crr: 0.000000000 0.500000000 0.500000000
QJ:/crrc/r: 0.000001969 0.000001969 0.999996063
QJ:/rc/c: 0.000004873 0.999995127 0.000000000
QJ:/rc/crr: 0.000000000 0.500000000 0.500000000
QJ:/rc/r: 0.000003249 0.000003249 0.999993502
QJ:/rrc/c: 0.000010550 0.999989450 0.000000000
QJ:/rrc/crr: 0.000000000 0.500000000 0.500000000
QJ:/rrc/r: 0.000007033 0.000007033 0.999985933
QK:/cc/c: 0.115341191 0.884658809 0.000000000
QK:/cc/crr: 0.000000000 0.999858648 0.000141352
QK:/cc/r: 0.000021738 0.707144928 0.292833333
QK:/crc/c: 0.353645987 0.646354013 0.000000000
QK:/crc/crr: 0.000000000 0.000353350 0.999646650
QK:/crc/r: 0.000028598 0.497261370 0.502710032
QK:/crrc/c: 0.357637292 0.642362708 0.000000000
QK:/crrc/crr: 0.000000000 0.000007012 0.999992988
QK:/crrc/r: 0.000025267 0.266890776 0.733083958
QK:/rc/c: 0.375830574 0.624169426 0.000000000
QK:/rc/crr: 0.000000000 0.023444442 0.976555558
QK:/rc/r: 0.000003831 0.320326445 0.679669724
QK:/rrc/c: 0.420550173 0.579449827 0.000000000
QK:/rrc/crr: 0.000000000 0.000239645 0.999760355
QK:/rrc/r: 0.000008930 0.504586666 0.495404404
QQ:/cc/c: 0.999967393 0.000032607 0.000000000
QQ:/cc/crr: 0.000000000 0.999983696 0.000016304
QQ:/cc/r: 0.999923377 0.000054885 0.000021738
QQ:/crc/c: 0.999994094 0.000005906 0.000000000
QQ:/crc/crr: 0.000000000 0.999997047 0.000002953
QQ:/crc/r: 0.999950977 0.000045086 0.000003937
QQ:/crrc/c: 0.999997047 0.000002953 0.000000000
QQ:/crrc/crr: 0.000000000 0.999998524 0.000001476
QQ:/crrc/r: 0.999977653 0.000020378 0.000001969
QQ:/rc/c: 0.999995127 0.000004873 0.000000000
QQ:/rc/crr: 0.000000000 0.999997563 0.000002437
QQ:/rc/r: 0.999991867 0.000004885 0.000003249
QQ:/rrc/c: 0.999989450 0.000010550 0.000000000
QQ:/rrc/crr: 0.000000000 0.999994725 0.000005275
QQ:/rrc/r: 0.999977018 0.000015949 0.000007033
