J:/c: 0.308198222 0.691801778 0.000000000
J:/crr: 0.000000000 0.999983777 0.000016223
J:/r: 0.055679496 0.126277328 0.818043175
JJ:/cc/c: 0.999992772 0.000007228 0.000000000
JJ:/cc/crr: 0.000000000 0.999996386 0.000003614
JJ:/cc/r: 0.999990363 0.000004818 0.000004818
JJ:/crc/c: 0.999983777 0.000016223 0.000000000
JJ:/crc/crr: 0.000000000 0.999991888 0.000008112
JJ:/crc/r: 0.999955942 0.000033242 0.000010816
JJ:/crrc/c: 0.999991888 0.000008112 0.000000000
JJ:/crrc/crr: 0.000000000 0.999995944 0.000004056
JJ:/crrc/r: 0.999976263 0.000018329 0.000005408
JJ:/rc/c: 0.999973603 0.000026397 0.000000000
JJ:/rc/crr: 0.000000000 0.999986801 0.000013199
JJ:/rc/r: 0.999960920 0.000021482 0.000017598
JJ:/rrc/c: 0.999940134 0.000059866 0.000000000
JJ:/rrc/crr: 0.000000000 0.999970065 0.000029935
JJ:/rrc/r: 0.999811950 0.000148139 0.000039911
JK:/cc/c: 0.007984812 0.992015188 0.000000000
JK:/cc/crr: 0.000000000 0.000452578 0.999547422
JK:/cc/r: 0.000004818 0.000004818 0.999990363
JK:/crc/c: 0.507476803 0.492523197 0.000000000
JK:/crc/crr: 0.000000000 0.000015984 0.999984016
JK:/crc/r: 0.022409612 0.000010816 0.977579572
JK:/crrc/c: 0.389270959 0.610729041 0.000000000
JK:/crrc/crr: 0.000000000 0.000010419 0.999989581
JK:/crrc/r: 0.173323356 0.000005408 0.826671236
JK:/rc/c: 0.371823634 0.628176366 0.000000000
JK:/rc/crr: 0.000000000 0.000035497 0.999964503
JK:/rc/r: 0.354735390 0.000017598 0.645247012
JK:/rrc/c: 0.999896469 0.000103531 0.000000000
JK:/rrc/crr: 0.000000000 0.000029936 0.999970064
JK:/rrc/r: 0.338679835 0.000039911 0.661280254
JQ:/cc/c: 0.071179252 0.928820748 0.000000000
JQ:/cc/crr: 0.000000000 0.000050770 0.999949230
JQ:/cc/r: 0.038912433 0.000004818 0.961082749
JQ:/crc/c: 0.435513167 0.564486833 0.000000000
JQ:/crc/crr: 0.000000000 0.000018626 0.999981374
JQ:/crc/r: 0.000057557 0.000010816 0.999931627
JQ:/crrc/c: 0.067921169 0.932078831 0.000000000
JQ:/crrc/crr: 0.000000000 0.000060219 0.999939781
JQ:/crrc/r: 0.230646951 0.000005408 0.769347641
JQ:/rc/c: 0.996841517 0.003158483 0.000000000
JQ:/rc/crr: 0.000000000 0.000013240 0.999986760
JQ:/rc/r: 0.000017598 0.000017598 0.999964804
JQ:/rrc/c: 0.005765228 0.994234772 0.000000000
JQ:/rrc/crr: 0.000000000 0.005192027 0.994807973
JQ:/rrc/r: 0.451039566 0.000039911 0.548920523
K:/c: 0.999969475 0.000030525 0.000000000
K:/crr: 0.000000000 0.999995000 0.000005000
K:/r: 0.581885260 0.418108074 0.000006667
KJ:/cc/c: 0.167846489 0.832153511 0.000000000
KJ:/cc/crr: 0.000000000 0.512058412 0.487941588
KJ:/cc/r: 0.515123643 0.225613869 0.259262488
KJ:/crc/c: 0.246742743 0.753257257 0.000000000
KJ:/crc/crr: 0.000000000 0.999989868 0.000010132
KJ:/crc/r: 0.000017525 0.856631083 0.143351392
KJ:/crrc/c: 0.433123273 0.566876727 0.000000000
KJ:/crrc/crr: 0.000000000 0.999997114 0.000002886
KJ:/crrc/r: 0.041993229 0.859059522 0.098947249
KJ:/rc/c: 0.455835588 0.544164412 0.000000000
KJ:/rc/crr: 0.000000000 0.692876517 0.307123483
KJ:/rc/r: 0.012202129 0.779710756 0.208087115
KJ:/rrc/c: 0.160063998 0.839936002 0.000000000
KJ:/rrc/crr: 0.000000000 0.999982106 0.000017894
KJ:/rrc/r: 0.046928180 0.875361736 0.077710084
KK:/cc/c: 0.836201436 0.163798564 0.000000000
KK:/cc/crr: 0.000000000 0.902057951 0.097942049
KK:/cc/r: 0.610264566 0.280536391 0.109199043
KK:/crc/c: 0.999995000 0.000005000 0.000000000
KK:/crc/crr: 0.000000000 0.999997500 0.000002500
KK:/crc/r: 0.999314384 0.000682283 0.000003333
KK:/crrc/c: 0.999997500 0.000002500 0.000000000
KK:/crrc/crr: 0.000000000 0.999998750 0.000001250
KK:/crrc/r: 0.999993437 0.000004896 0.000001667
KK:/rc/c: 0.999992028 0.000007972 0.000000000
KK:/rc/crr: 0.000000000 0.999996014 0.000003986
KK:/rc/r: 0.999979859 0.000014826 0.000005315
KK:/rrc/c: 0.999994271 0.000005729 0.000000000
KK:/rrc/crr: 0.000000000 0.999997136 0.000002864
KK:/rrc/r: 0.999867377 0.000128804 0.000003819
KQ:/cc/c: 0.827691035 0.172308965 0.000000000
KQ:/cc/crr: 0.000000000 0.901050901 0.098949099
KQ:/cc/r: 0.493186924 0.397325058 0.109488018
KQ:/crc/c: 0.273743366 0.726256634 0.000000000
KQ:/crc/crr: 0.000000000 0.166920004 0.833079996
KQ:/crc/r: 0.000008532 0.469854777 0.530136691
KQ:/crrc/c: 0.565392286 0.434607714 0.000000000
KQ:/crrc/crr: 0.000000000 0.384489202 0.615510798
KQ:/crrc/r: 0.007682388 0.631730240 0.360587371
KQ:/rc/c: 0.000047116 0.999952884 0.000000000
KQ:/rc/crr: 0.000000000 0.234350389 0.765649611
KQ:/rc/r: 0.000020285 0.301406358 0.698573358
KQ:/rrc/c: 0.505404664 0.494595336 0.000000000
KQ:/rrc/crr: 0.000000000 0.526299926 0.473700074
KQ:/rrc/r: 0.070594857 0.559184170 0.370220973
Q:/c: 0.847904296 0.152095704 0.000000000
Q:/crr: 0.000000000 0.999994103 0.000005897
Q:/r: 0.369501543 0.630376392 0.000122065
QJ:/cc/c: 0.000318963 0.999681037 0.000000000
QJ:/cc/crr: 0.000000000 0.051532693 0.948467307
QJ:/cc/r: 0.000021916 0.000021916 0.999956168
QJ:/crc/c: 0.415894399 0.584105601 0.000000000
QJ:/crc/crr: 0.000000000 0.000012421 0.999987579
QJ:/crc/r: 0.000003931 0.000003931 0.999992137
QJ:/crrc/c: 0.000071424 0.999928576 0.000000000
QJ:/crrc/crr: 0.000000000 0.020640632 0.979359368
QJ:/crrc/r: 0.013036411 0.000001966 0.986961624
QJ:/rc/c: 0.000040258 0.999959742 0.000000000
QJ:/rc/crr: 0.000000000 0.065674143 0.934325857
QJ:/rc/r: 0.017542041 0.000003525 0.982454434
QJ:/rrc/c: 0.000209015 0.999790985 0.000000000
QJ:/rrc/crr: 0.000000000 0.021580136 0.978419864
QJ:/rrc/r: 0.000060510 0.000006014 0.999933476
QK:/cc/c: 0.053192893 0.946807107 0.000000000
QK:/cc/crr: 0.000000000 0.999690992 0.000309008
QK:/cc/r: 0.000092790 0.714652259 0.285254951
QK:/crc/c: 0.359665851 0.640334149 0.000000000
QK:/crc/crr: 0.000000000 0.001201960 0.998798040
QK:/crc/r: 0.000188212 0.495419243 0.504392545
QK:/crrc/c: 0.043857788 0.956142212 0.000000000
QK:/crrc/crr: 0.000000000 0.002968455 0.997031545
QK:/crrc/r: 0.000046348 0.296956408 0.702997243
QK:/rc/c: 0.378098135 0.621901865 0.000000000
QK:/rc/crr: 0.000000000 0.004085403 0.995914597
QK:/rc/r: 0.000017073 0.320540442 0.679442485
QK:/rrc/c: 0.418642052 0.581357948 0.000000000
QK:/rrc/crr: 0.000000000 0.054848904 0.945151096
QK:/rrc/r: 0.000071516 0.484983579 0.514944905
QQ:/cc/c: 0.999967126 0.000032874 0.000000000
QQ:/cc/crr: 0.000000000 0.999983562 0.000016438
QQ:/cc/r: 0.999935632 0.000042452 0.000021916
QQ:/crc/c: 0.999994103 0.000005897 0.000000000
QQ:/crc/crr: 0.000000000 0.999997052 0.000002948
QQ:/crc/r: 0.999961057 0.000035012 0.000003931
QQ:/crrc/c: 0.999997052 0.000002948 0.000000000
QQ:/crrc/crr: 0.000000000 0.999998526 0.000001474
QQ:/crrc/r: 0.999996069 0.000001966 0.000001966
QQ:/rc/c: 0.999994712 0.000005288 0.000000000
QQ:/rc/crr: 0.000000000 0.999997356 0.000002644
QQ:/rc/r: 0.999991772 0.000004702 0.000003525
QQ:/rrc/c: 0.999990979 0.000009021 0.000000000
QQ:/rrc/crr: 0.000000000 0.999995489 0.000004511
QQ:/rrc/r: 0.999962213 0.000031773 0.000006014
