J:/c: 0.326152242 0.673847758 0.000000000
J:/crr: 0.000000000 0.999984670 0.000015330
J:/r: 0.054040758 0.119264391 0.826694850
JJ:/cc/c: 0.999992580 0.000007420 0.000000000
JJ:/cc/crr: 0.000000000 0.999996290 0.000003710
JJ:/cc/r: 0.999990107 0.000004947 0.000004947
JJ:/crc/c: 0.999984670 0.000015330 0.000000000
JJ:/crc/crr: 0.000000000 0.999992335 0.000007665
JJ:/crc/r: 0.999955619 0.000034161 0.000010220
JJ:/crrc/c: 0.999992335 0.000007665 0.000000000
JJ:/crrc/crr: 0.000000000 0.999996167 0.000003833
JJ:/crrc/r: 0.999973752 0.000021138 0.000005110
JJ:/rc/c: 0.999972051 0.000027949 0.000000000
JJ:/rc/crr: 0.000000000 0.999986025 0.000013975
JJ:/rc/r: 0.999905492 0.000075875 0.000018633
JJ:/rrc/c: 0.999938318 0.000061682 0.000000000
JJ:/rrc/crr: 0.000000000 0.999969157 0.000030843
JJ:/rrc/r: 0.999917758 0.000041121 0.000041121
JK:/cc/c: 0.000867679 0.999132321 0.000000000
JK:/cc/crr: 0.000000000 0.004275816 0.995724184
JK:/cc/r: 0.000004947 0.000004947 0.999990107
JK:/crc/c: 0.458423744 0.541576256 0.000000000
JK:/crc/crr: 0.000000000 0.000016721 0.999983279
JK:/crc/r: 0.010649350 0.000010220 0.989340430
JK:/crrc/c: 0.444753493 0.555246507 0.000000000
JK:/crrc/crr: 0.000000000 0.000008617 0.999991383
JK:/crrc/r: 0.193536716 0.000005110 0.806458174
JK:/rc/c: 0.397153419 0.602846581 0.000000000
JK:/rc/crr: 0.000000000 0.000035187 0.999964813
JK:/rc/r: 0.371234027 0.000018633 0.628747341
JK:/rrc/c: 0.999938318 0.000061682 0.000000000
JK:/rrc/crr: 0.000000000 0.000030843 0.999969157
JK:/rrc/r: 0.407873895 0.000041121 0.592084983
JQ:/cc/c: 0.066624328 0.933375672 0.000000000
JQ:/cc/crr: 0.000000000 0.000055686 0.999944314
JQ:/cc/r: 0.037367891 0.000004947 0.962627162
JQ:/crc/c: 0.522537621 0.477462379 0.000000000
JQ:/crc/crr: 0.000000000 0.000014669 0.999985331
JQ:/crc/r: 0.000035818 0.000010220 0.999953962
JQ:/crrc/c: 0.050208272 0.949791728 0.000000000
JQ:/crrc/crr: 0.000000000 0.000076335 0.999923665
JQ:/crrc/r: 0.202727506 0.000005110 0.797267384
JQ:/rc/c: 0.999734034 0.000265966 0.000000000
JQ:/rc/crr: 0.000000000 0.000013978 0.999986022
JQ:/rc/r: 0.000018633 0.000018633 0.999962735
JQ:/rrc/c: 0.015895578 0.984104422 0.000000000
JQ:/rrc/crr: 0.000000000 0.001940220 0.998059780
JQ:/rrc/r: 0.538503431 0.000041121 0.461455447
K:/c: 0.999990000 0.000010000 0.000000000
K:/crr: 0.000000000 0.999995000 0.000005000
K:/r: 0.602896959 0.397096374 0.000006667
KJ:/cc/c: 0.500000000 0.500000000 0.000000000
KJ:/cc/crr: 0.000000000 0.500000000 0.500000000
KJ:/cc/r: 0.333333333 0.333333333 0.333333333
KJ:/crc/c: 0.268725073 0.731274927 0.000000000
KJ:/crc/crr: 0.000000000 0.999990697 0.000009303
KJ:/crc/r: 0.000007657 0.927668175 0.072324167
KJ:/crrc/c: 0.315113983 0.684886017 0.000000000
KJ:/crrc/crr: 0.000000000 0.999996033 0.000003967
KJ:/crrc/r: 0.000774869 0.916143835 0.083081296
KJ:/rc/c: 0.505403481 0.494596519 0.000000000
KJ:/rc/crr: 0.000000000 0.677009678 0.322990322
KJ:/rc/r: 0.000051703 0.887128707 0.112819590
KJ:/rrc/c: 0.089989891 0.910010109 0.000000000
KJ:/rrc/crr: 0.000000000 0.999969281 0.000030719
KJ:/rrc/r: 0.000165371 0.982424178 0.017410452
KK:/cc/c: 0.500000000 0.500000000 0.000000000
KK:/cc/crr: 0.000000000 0.500000000 0.500000000
KK:/cc/r: 0.333333333 0.333333333 0.333333333
KK:/crc/c: 0.999995000 0.000005000 0.000000000
KK:/crc/crr: 0.000000000 0.999997500 0.000002500
KK:/crc/r: 0.979460905 0.020535761 0.000003333
KK:/crrc/c: 0.999997500 0.000002500 0.000000000
KK:/crrc/crr: 0.000000000 0.999998750 0.000001250
KK:/crrc/r: 0.999951445 0.000046888 0.000001667
KK:/rc/c: 0.999991606 0.000008394 0.000000000
KK:/rc/crr: 0.000000000 0.999995803 0.000004197
KK:/rc/r: 0.999974528 0.000019876 0.000005596
KK:/rrc/c: 0.999994471 0.000005529 0.000000000
KK:/rrc/crr: 0.000000000 0.999997236 0.000002764
KK:/rrc/r: 0.999052907 0.000943407 0.000003686
KQ:/cc/c: 0.500000000 0.500000000 0.000000000
KQ:/cc/crr: 0.000000000 0.500000000 0.500000000
KQ:/cc/r: 0.333333333 0.333333333 0.333333333
KQ:/crc/c: 0.262889394 0.737110606 0.000000000
KQ:/crc/crr: 0.000000000 0.108114922 0.891885078
KQ:/crc/r: 0.000010876 0.500486630 0.499502494
KQ:/crrc/c: 0.592974978 0.407025022 0.000000000
KQ:/crrc/crr: 0.000000000 0.370127469 0.629872531
KQ:/crrc/r: 0.001082994 0.645522188 0.353394818
KQ:/rc/c: 0.000008394 0.999991606 0.000000000
KQ:/rc/crr: 0.000000000 0.500000000 0.500000000
KQ:/rc/r: 0.000010415 0.297705412 0.702284174
KQ:/rrc/c: 0.527330938 0.472669062 0.000000000
KQ:/rrc/crr: 0.000000000 0.450850550 0.549149450
KQ:/rrc/r: 0.062615109 0.554280992 0.383103899
Q:/c: 0.859153149 0.140846851 0.000000000
Q:/crr: 0.000000000 0.999994180 0.000005820
Q:/r: 0.403988153 0.595975890 0.000035957
QJ:/cc/c: 0.000035500 0.999964500 0.000000000
QJ:/cc/crr: 0.000000000 0.500000000 0.500000000
QJ:/cc/r: 0.000023666 0.000023666 0.999952667
QJ:/crc/c: 0.426878314 0.573121686 0.000000000
QJ:/crc/crr: 0.000000000 0.000016586 0.999983414
QJ:/crc/r: 0.000003880 0.000003880 0.999992240
QJ:/crrc/c: 0.000002910 0.999997090 0.000000000
QJ:/crrc/crr: 0.000000000 0.500000000 0.500000000
QJ:/crrc/r: 0.000001940 0.000001940 0.999996120
QJ:/rc/c: 0.000005593 0.999994407 0.000000000
QJ:/rc/crr: 0.000000000 0.500000000 0.500000000
QJ:/rc/r: 0.000030963 0.000003729 0.999965308
QJ:/rrc/c: 0.000008251 0.999991749 0.000000000
QJ:/rrc/crr: 0.000000000 0.500000000 0.500000000
QJ:/rrc/r: 0.000012345 0.000005501 0.999982154
QK:/cc/c: 0.019193441 0.980806559 0.000000000
QK:/cc/crr: 0.000000000 0.999075217 0.000924783
QK:/cc/r: 0.000047597 0.733503952 0.266448451
QK:/crc/c: 0.377912334 0.622087666 0.000000000
QK:/crc/crr: 0.000000000 0.000764336 0.999235664
QK:/crc/r: 0.000038719 0.516663328 0.483297953
QK:/crrc/c: 0.002203142 0.997796858 0.000000000
QK:/crrc/crr: 0.000000000 0.024266101 0.975733899
QK:/crrc/r: 0.000010352 0.293387598 0.706602050
QK:/rc/c: 0.368382532 0.631617468 0.000000000
QK:/rc/crr: 0.000000000 0.002064771 0.997935229
QK:/rc/r: 0.000010230 0.308979027 0.691010743
QK:/rrc/c: 0.441927484 0.558072516 0.000000000
QK:/rrc/crr: 0.000000000 0.056330196 0.943669804
QK:/rrc/r: 0.000053763 0.489606784 0.510339454
QQ:/cc/c: 0.999964500 0.000035500 0.000000000
QQ:/cc/crr: 0.000000000 0.999982250 0.000017750
QQ:/cc/r: 0.999853954 0.000122379 0.000023666
QQ:/crc/c: 0.999994180 0.000005820 0.000000000
QQ:/crc/crr: 0.000000000 0.999997090 0.000002910
QQ:/crc/r: 0.999940164 0.000055956 0.000003880
QQ:/crrc/c: 0.999997090 0.000002910 0.000000000
QQ:/crrc/crr: 0.000000000 0.999998545 0.000001455
QQ:/crrc/r: 0.999984318 0.000013742 0.000001940
QQ:/rc/c: 0.999994407 0.000005593 0.000000000
QQ:/rc/crr: 0.000000000 0.999997203 0.000002797
QQ:/rc/r: 0.999990593 0.000005679 0.000003729
QQ:/rrc/c: 0.999991749 0.000008251 0.000000000
QQ:/rrc/crr: 0.000000000 0.999995874 0.000004126
QQ:/rrc/r: 0.999964784 0.000029716 0.000005501
