J:/: 0.071231301 0.928768699 0.000000000
J:/cr: 0.018801677 0.035636482 0.945561841
J:/rr: 0.000000000 0.999929806 0.000070194
JJ:/cc/: 0.001602572 0.998397428 0.000000000
JJ:/cc/cr: 0.999993545 0.000004657 0.000001797
JJ:/cc/rr: 0.000000000 0.998320365 0.001679635
JJ:/crc/: 0.986396325 0.013603675 0.000000000
JJ:/crc/cr: 0.997532263 0.001233868 0.001233868
JJ:/crc/rr: 0.000000000 0.999974475 0.000025525
JJ:/crrc/: 0.999087272 0.000912728 0.000000000
JJ:/crrc/cr: 0.930287309 0.034856346 0.034856346
JJ:/crrc/rr: 0.000000000 0.999952235 0.000047765
JJ:/rc/: 0.918752047 0.081247953 0.000000000
JJ:/rc/cr: 0.999424036 0.000287982 0.000287982
JJ:/rc/rr: 0.000000000 0.999961799 0.000038201
JJ:/rrc/: 0.998866946 0.001133054 0.000000000
JJ:/rrc/cr: 0.979348208 0.010325896 0.010325896
JJ:/rrc/rr: 0.000000000 0.999982430 0.000017570
JK:/cc/: 0.078310603 0.921689397 0.000000000
JK:/cc/cr: 0.000404521 0.000001947 0.999593532
JK:/cc/rr: 0.000000000 0.000034373 0.999965627
JK:/crc/: 0.041907983 0.958092017 0.000000000
JK:/crc/cr: 0.015270130 0.000017519 0.984712351
JK:/crc/rr: 0.000000000 0.000600786 0.999399214
JK:/crrc/: 0.999904557 0.000095443 0.000000000
JK:/crrc/cr: 0.333333333 0.333333333 0.333333333
JK:/crrc/rr: 0.000000000 0.000047726 0.999952274
JK:/rc/: 0.998362993 0.001637007 0.000000000
JK:/rc/cr: 0.971413748 0.014293126 0.014293126
JK:/rc/rr: 0.000000000 0.000035154 0.999964846
JK:/rrc/: 0.563242457 0.436757543 0.000000000
JK:/rrc/cr: 0.982332066 0.000026788 0.017641147
JK:/rrc/rr: 0.000000000 0.000031158 0.999968842
JQ:/cc/: 0.186889670 0.813110330 0.000000000
JQ:/cc/cr: 0.000002207 0.000002207 0.999995586
JQ:/cc/rr: 0.000000000 0.000014403 0.999985597
JQ:/crc/: 0.994796431 0.005203569 0.000000000
JQ:/crc/cr: 0.003225699 0.003225699 0.993548603
JQ:/crc/rr: 0.000000000 0.000025309 0.999974691
JQ:/crrc/: 0.020333596 0.979666404 0.000000000
JQ:/crrc/cr: 0.155219354 0.000032475 0.844748171
JQ:/crrc/rr: 0.000000000 0.002346931 0.997653069
JQ:/rc/: 0.998066326 0.001933674 0.000000000
JQ:/rc/cr: 0.012100255 0.012100255 0.975799490
JQ:/rc/rr: 0.000000000 0.000035165 0.999964835
JQ:/rrc/: 0.124914093 0.875085907 0.000000000
JQ:/rrc/cr: 0.000013370 0.000013370 0.999973260
JQ:/rrc/rr: 0.000000000 0.000140494 0.999859506
K:/: 0.750325246 0.249674754 0.000000000
K:/cr: 0.680721713 0.319264937 0.000013351
K:/rr: 0.000000000 0.999993336 0.000006664
KJ:/cc/: 0.000020026 0.999979974 0.000000000
KJ:/cc/cr: 0.000006675 0.000006675 0.999986649
KJ:/cc/rr: 0.000000000 0.500000000 0.500000000
KJ:/crc/: 0.000044799 0.999955201 0.000000000
KJ:/crc/cr: 0.000028365 0.999964665 0.000006970
KJ:/crc/rr: 0.000000000 0.766642284 0.233357716
KJ:/crrc/: 0.076564564 0.923435436 0.000000000
KJ:/crrc/cr: 0.000088900 0.999801217 0.000109883
KJ:/crrc/rr: 0.000000000 0.710854507 0.289145493
KJ:/rc/: 0.000508418 0.999491582 0.000000000
KJ:/rc/cr: 0.007447358 0.970752655 0.021799987
KJ:/rc/rr: 0.000000000 0.993446551 0.006553449
KJ:/rrc/: 0.105595010 0.894404990 0.000000000
KJ:/rrc/cr: 0.000047860 0.999950899 0.000001242
KJ:/rrc/rr: 0.000000000 0.669084971 0.330915029
KK:/cc/: 0.994092710 0.005907290 0.000000000
KK:/cc/cr: 0.997739962 0.001130019 0.001130019
KK:/cc/rr: 0.000000000 0.999989927 0.000010073
KK:/crc/: 0.087893971 0.912106029 0.000000000
KK:/crc/cr: 0.999984718 0.000007641 0.000007641
KK:/crc/rr: 0.000000000 0.999881058 0.000118942
KK:/crrc/: 0.991119643 0.008880357 0.000000000
KK:/crrc/cr: 0.999263822 0.000368089 0.000368089
KK:/crrc/rr: 0.000000000 0.999995053 0.000004947
KK:/rc/: 0.808902496 0.191097504 0.000000000
KK:/rc/cr: 0.999976753 0.000011624 0.000011624
KK:/rc/rr: 0.000000000 0.999995881 0.000004119
KK:/rrc/: 0.526421101 0.473578899 0.000000000
KK:/rrc/cr: 0.999995310 0.000002345 0.000002345
KK:/rrc/rr: 0.000000000 0.999996835 0.000003165
KQ:/cc/: 0.000050957 0.999949043 0.000000000
KQ:/cc/cr: 0.000038242 0.439673227 0.560288531
KQ:/cc/rr: 0.000000000 0.803499782 0.196500218
KQ:/crc/: 0.888485572 0.111514428 0.000000000
KQ:/crc/cr: 0.000350552 0.454225722 0.545423726
KQ:/crc/rr: 0.000000000 0.000032326 0.999967674
KQ:/crrc/: 0.011561408 0.988438592 0.000000000
KQ:/crrc/cr: 0.003767722 0.747003942 0.249228336
KQ:/crrc/rr: 0.000000000 0.399386027 0.600613973
KQ:/rc/: 0.000013943 0.999986057 0.000000000
KQ:/rc/cr: 0.000009917 0.477344371 0.522645712
KQ:/rc/rr: 0.000000000 0.761027730 0.238972270
KQ:/rrc/: 0.704053915 0.295946085 0.000000000
KQ:/rrc/cr: 0.044674537 0.827462898 0.127862565
KQ:/rrc/rr: 0.000000000 0.392676405 0.607323595
Q:/: 0.741309322 0.258690678 0.000000000
Q:/cr: 0.144739856 0.855181045 0.000079098
Q:/rr: 0.000000000 0.999993255 0.000006745
QJ:/cc/: 0.000019328 0.999980672 0.000000000
QJ:/cc/cr: 0.000006443 0.000006443 0.999987114
QJ:/cc/rr: 0.000000000 0.500000000 0.500000000
QJ:/crc/: 0.031324641 0.968675359 0.000000000
QJ:/crc/cr: 0.001536588 0.000002592 0.998460819
QJ:/crc/rr: 0.000000000 0.000120252 0.999879748
QJ:/crrc/: 0.017317367 0.982682633 0.000000000
QJ:/crrc/cr: 0.000101332 0.000015099 0.999883569
QJ:/crrc/rr: 0.000000000 0.001285192 0.998714808
QJ:/rc/: 0.018891624 0.981108376 0.000000000
QJ:/rc/cr: 0.000003681 0.000002292 0.999994027
QJ:/rc/rr: 0.000000000 0.000178514 0.999821486
QJ:/rrc/: 0.000003372 0.999996628 0.000000000
QJ:/rrc/cr: 0.000001124 0.000001124 0.999997752
QJ:/rrc/rr: 0.000000000 0.500000000 0.500000000
QK:/cc/: 0.558709112 0.441290888 0.000000000
QK:/cc/cr: 0.101212371 0.898768659 0.000018970
QK:/cc/rr: 0.000000000 0.999982703 0.000017297
QK:/crc/: 0.001237725 0.998762275 0.000000000
QK:/crc/cr: 0.000002909 0.555430166 0.444566924
QK:/crc/rr: 0.000000000 0.003945337 0.996054663
QK:/crrc/: 0.970861270 0.029138730 0.000000000
QK:/crrc/cr: 0.000762067 0.372099701 0.627138232
QK:/crrc/rr: 0.000000000 0.000604663 0.999395337
QK:/rc/: 0.430419063 0.569580937 0.000000000
QK:/rc/cr: 0.000938535 0.529854694 0.469206771
QK:/rc/rr: 0.000000000 0.195563576 0.804436424
QK:/rrc/: 0.123632788 0.876367212 0.000000000
QK:/rrc/cr: 0.000001449 0.299353271 0.700645280
QK:/rrc/rr: 0.000000000 0.000309881 0.999690119
QQ:/cc/: 0.541464107 0.458535893 0.000000000
QQ:/cc/cr: 0.999971899 0.000014051 0.000014051
QQ:/cc/rr: 0.000000000 0.999982152 0.000017848
QQ:/crc/: 0.984542008 0.015457992 0.000000000
QQ:/crc/cr: 0.999675088 0.000162456 0.000162456
QQ:/crc/rr: 0.000000000 0.999996174 0.000003826
QQ:/crrc/: 0.126243643 0.873756357 0.000000000
QQ:/crrc/cr: 0.999966038 0.000016981 0.000016981
QQ:/crrc/rr: 0.000000000 0.999823705 0.000176295
QQ:/rc/: 0.482389042 0.517610958 0.000000000
QQ:/rc/cr: 0.999979197 0.000016460 0.000004344
QQ:/rc/rr: 0.000000000 0.999993009 0.000006991
QQ:/rrc/: 0.974849343 0.025150657 0.000000000
QQ:/rrc/cr: 0.999910607 0.000044696 0.000044696
QQ:/rrc/rr: 0.000000000 0.999998270 0.000001730
