J:/c: 0.322690493 0.677309507 0.000000000
J:/crr: 0.000000000 0.999984505 0.000015495
J:/r: 0.054970993 0.122733182 0.822295825
JJ:/cc/c: 0.999992618 0.000007382 0.000000000
JJ:/cc/crr: 0.000000000 0.999996309 0.000003691
JJ:/cc/r: 0.999990157 0.000004921 0.000004921
JJ:/crc/c: 0.999984505 0.000015495 0.000000000
JJ:/crc/crr: 0.000000000 0.999992253 0.000007747
JJ:/crc/r: 0.999872304 0.000117366 0.000010330
JJ:/crrc/c: 0.999992253 0.000007747 0.000000000
JJ:/crrc/crr: 0.000000000 0.999996126 0.000003874
JJ:/crrc/r: 0.999974962 0.000019873 0.000005165
JJ:/rc/c: 0.999972841 0.000027159 0.000000000
JJ:/rc/crr: 0.000000000 0.999986420 0.000013580
JJ:/rc/r: 0.999962635 0.000019259 0.000018106
JJ:/rrc/c: 0.999939362 0.000060638 0.000000000
JJ:/rrc/crr: 0.000000000 0.999969679 0.000030321
JJ:/rrc/r: 0.999883261 0.000076314 0.000040425
JK:/cc/c: 0.005064030 0.994935970 0.000000000
JK:/cc/crr: 0.000000000 0.000728881 0.999271119
JK:/cc/r: 0.000004921 0.000004921 0.999990157
JK:/crc/c: 0.462344705 0.537655295 0.000000000
JK:/crc/crr: 0.000000000 0.000016757 0.999983243
JK:/crc/r: 0.006931025 0.000010330 0.993058645
JK:/crrc/c: 0.483025039 0.516974961 0.000000000
JK:/crrc/crr: 0.000000000 0.000008020 0.999991980
JK:/crrc/r: 0.206718307 0.000005165 0.793276528
JK:/rc/c: 0.384225684 0.615774316 0.000000000
JK:/rc/crr: 0.000000000 0.000035343 0.999964657
JK:/rc/r: 0.361123892 0.000018106 0.638858002
JK:/rrc/c: 0.999939362 0.000060638 0.000000000
JK:/rrc/crr: 0.000000000 0.000030321 0.999969679
JK:/rrc/r: 0.357612157 0.000040425 0.642347418
JQ:/cc/c: 0.070286177 0.929713823 0.000000000
JQ:/cc/crr: 0.000000000 0.000052515 0.999947485
JQ:/cc/r: 0.033021084 0.000004921 0.966973994
JQ:/crc/c: 0.435981061 0.564018939 0.000000000
JQ:/crc/crr: 0.000000000 0.000017770 0.999982230
JQ:/crc/r: 0.000044872 0.000010330 0.999944799
JQ:/crrc/c: 0.048755728 0.951244272 0.000000000
JQ:/crrc/crr: 0.000000000 0.000079452 0.999920548
JQ:/crrc/r: 0.210925907 0.000005165 0.789068928
JQ:/rc/c: 0.997169131 0.002830869 0.000000000
JQ:/rc/crr: 0.000000000 0.000013618 0.999986382
JQ:/rc/r: 0.000018106 0.000018106 0.999963788
JQ:/rrc/c: 0.038387822 0.961612178 0.000000000
JQ:/rrc/crr: 0.000000000 0.000789808 0.999210192
JQ:/rrc/r: 0.507574963 0.000040425 0.492384612
K:/c: 0.999866641 0.000133359 0.000000000
K:/crr: 0.000000000 0.999994999 0.000005001
K:/r: 0.596684000 0.403309334 0.000006667
KJ:/cc/c: 0.037492805 0.962507195 0.000000000
KJ:/cc/crr: 0.000000000 0.500000000 0.500000000
KJ:/cc/r: 0.024995203 0.024995203 0.950009593
KJ:/crc/c: 0.251059686 0.748940314 0.000000000
KJ:/crc/crr: 0.000000000 0.999990041 0.000009959
KJ:/crc/r: 0.000016719 0.913814697 0.086168584
KJ:/crrc/c: 0.326156334 0.673843666 0.000000000
KJ:/crrc/crr: 0.000000000 0.999996167 0.000003833
KJ:/crrc/r: 0.026527339 0.837111436 0.136361225
KJ:/rc/c: 0.445838526 0.554161474 0.000000000
KJ:/rc/crr: 0.000000000 0.751228012 0.248771988
KJ:/rc/r: 0.000037588 0.829140553 0.170821859
KJ:/rrc/c: 0.083372522 0.916627478 0.000000000
KJ:/rrc/crr: 0.000000000 0.999966497 0.000033503
KJ:/rrc/r: 0.009669663 0.954796737 0.035533600
KK:/cc/c: 0.962507195 0.037492805 0.000000000
KK:/cc/crr: 0.000000000 0.980523364 0.019476636
KK:/cc/r: 0.950009593 0.024995203 0.024995203
KK:/crc/c: 0.999994999 0.000005001 0.000000000
KK:/crc/crr: 0.000000000 0.999997500 0.000002500
KK:/crc/r: 0.978899453 0.021097213 0.000003334
KK:/crrc/c: 0.999997500 0.000002500 0.000000000
KK:/crrc/crr: 0.000000000 0.999998750 0.000001250
KK:/crrc/r: 0.999970899 0.000027434 0.000001667
KK:/rc/c: 0.999991735 0.000008265 0.000000000
KK:/rc/crr: 0.000000000 0.999995867 0.000004133
KK:/rc/r: 0.999980260 0.000014230 0.000005510
KK:/rrc/c: 0.999994414 0.000005586 0.000000000
KK:/rrc/crr: 0.000000000 0.999997207 0.000002793
KK:/rrc/r: 0.999052833 0.000943443 0.000003724
KQ:/cc/c: 0.037492805 0.962507195 0.000000000
KQ:/cc/crr: 0.000000000 0.500000000 0.500000000
KQ:/cc/r: 0.024995203 0.950009593 0.024995203
KQ:/crc/c: 0.169668855 0.830331145 0.000000000
KQ:/crc/crr: 0.000000000 0.245018801 0.754981199
KQ:/crc/r: 0.000014626 0.488733456 0.511251918
KQ:/crrc/c: 0.596931732 0.403068268 0.000000000
KQ:/crrc/crr: 0.000000000 0.377614165 0.622385835
KQ:/crrc/r: 0.000219795 0.704079061 0.295701144
KQ:/rc/c: 0.000015710 0.999984290 0.000000000
KQ:/rc/crr: 0.000000000 0.263044715 0.736955285
KQ:/rc/r: 0.000014122 0.303172027 0.696813851
KQ:/rrc/c: 0.513700930 0.486299070 0.000000000
KQ:/rrc/crr: 0.000000000 0.451309809 0.548690191
KQ:/rrc/r: 0.061431645 0.562795597 0.375772759
Q:/c: 0.850176949 0.149823051 0.000000000
Q:/crr: 0.000000000 0.999994119 0.000005881
Q:/r: 0.389387886 0.610575289 0.000036825
QJ:/cc/c: 0.000033373 0.999966627 0.000000000
QJ:/cc/crr: 0.000000000 0.500000000 0.500000000
QJ:/cc/r: 0.000022248 0.000022248 0.999955503
QJ:/crc/c: 0.417174304 0.582825696 0.000000000
QJ:/crc/crr: 0.000000000 0.000022182 0.999977818
QJ:/crc/r: 0.000003921 0.000003921 0.999992158
QJ:/crrc/c: 0.000002941 0.999997059 0.000000000
QJ:/crrc/crr: 0.000000000 0.500000000 0.500000000
QJ:/crrc/r: 0.000001960 0.000001960 0.999996079
QJ:/rc/c: 0.000005459 0.999994541 0.000000000
QJ:/rc/crr: 0.000000000 0.500000000 0.500000000
QJ:/rc/r: 0.013975438 0.000003640 0.986020922
QJ:/rrc/c: 0.000061507 0.999938493 0.000000000
QJ:/rrc/crr: 0.000000000 0.069589226 0.930410774
QJ:/rrc/r: 0.000030957 0.000005707 0.999963336
QK:/cc/c: 0.067789082 0.932210918 0.000000000
QK:/cc/crr: 0.000000000 0.999753849 0.000246151
QK:/cc/r: 0.000062506 0.715187124 0.284750370
QK:/crc/c: 0.374998564 0.625001436 0.000000000
QK:/crc/crr: 0.000000000 0.003576048 0.996423952
QK:/crc/r: 0.000056757 0.557645962 0.442297281
QK:/crrc/c: 0.012318342 0.987681658 0.000000000
QK:/crrc/crr: 0.000000000 0.008805522 0.991194478
QK:/crrc/r: 0.000033913 0.282240321 0.717725766
QK:/rc/c: 0.367165677 0.632834323 0.000000000
QK:/rc/crr: 0.000000000 0.005301288 0.994698712
QK:/rc/r: 0.000014243 0.310374424 0.689611333
QK:/rrc/c: 0.433720594 0.566279406 0.000000000
QK:/rrc/crr: 0.000000000 0.040095518 0.959904482
QK:/rrc/r: 0.000060429 0.491690798 0.508248773
QQ:/cc/c: 0.999966627 0.000033373 0.000000000
QQ:/cc/crr: 0.000000000 0.999983313 0.000016687
QQ:/cc/r: 0.999920795 0.000056956 0.000022248
QQ:/crc/c: 0.999994119 0.000005881 0.000000000
QQ:/crc/crr: 0.000000000 0.999997059 0.000002941
QQ:/crc/r: 0.999940387 0.000055692 0.000003921
QQ:/crrc/c: 0.999997059 0.000002941 0.000000000
QQ:/crrc/crr: 0.000000000 0.999998530 0.000001470
QQ:/crrc/r: 0.999984138 0.000013902 0.000001960
QQ:/rc/c: 0.999994541 0.000005459 0.000000000
QQ:/rc/crr: 0.000000000 0.999997270 0.000002730
QQ:/rc/r: 0.999991376 0.000004984 0.000003640
QQ:/rrc/c: 0.999991440 0.000008560 0.000000000
QQ:/rrc/crr: 0.000000000 0.999995720 0.000004280
QQ:/rrc/r: 0.999961809 0.000032484 0.000005707
