J:/c: 0.303995517 0.696004483 0.000000000
J:/crr: 0.000000000 0.999983552 0.000016448
J:/r: 0.055075665 0.127136812 0.817787524
JJ:/cc/c: 0.999992816 0.000007184 0.000000000
JJ:/cc/crr: 0.000000000 0.999996408 0.000003592
JJ:/cc/r: 0.999986893 0.000008318 0.000004789
JJ:/crc/c: 0.999983552 0.000016448 0.000000000
JJ:/crc/crr: 0.000000000 0.999991776 0.000008224
JJ:/crc/r: 0.999862441 0.000126593 0.000010965
JJ:/crrc/c: 0.999991776 0.000008224 0.000000000
JJ:/crrc/crr: 0.000000000 0.999995888 0.000004112
JJ:/crrc/r: 0.999989035 0.000005483 0.000005483
JJ:/rc/c: 0.999973782 0.000026218 0.000000000
JJ:/rc/crr: 0.000000000 0.999986890 0.000013110
JJ:/rc/r: 0.999965042 0.000017479 0.000017479
JJ:/rrc/c: 0.999939477 0.000060523 0.000000000
JJ:/rrc/crr: 0.000000000 0.999969737 0.000030263
JJ:/rrc/r: 0.999919303 0.000040349 0.000040349
JK:/cc/c: 0.007143062 0.992856938 0.000000000
JK:/cc/crr: 0.000000000 0.000502856 0.999497144
JK:/cc/r: 0.000008222 0.000004789 0.999986988
JK:/crc/c: 0.505654250 0.494345750 0.000000000
JK:/crc/crr: 0.000000000 0.000016264 0.999983736
JK:/crc/r: 0.021035204 0.000010965 0.978953831
JK:/crrc/c: 0.273570731 0.726429269 0.000000000
JK:/crrc/crr: 0.000000000 0.000015031 0.999984969
JK:/crrc/r: 0.245587692 0.000005483 0.754406825
JK:/rc/c: 0.376641552 0.623358448 0.000000000
JK:/rc/crr: 0.000000000 0.000034806 0.999965194
JK:/rc/r: 0.364090558 0.000017479 0.635891963
JK:/rrc/c: 0.999939477 0.000060523 0.000000000
JK:/rrc/crr: 0.000000000 0.000030263 0.999969737
JK:/rrc/r: 0.321212548 0.000040349 0.678747103
JQ:/cc/c: 0.071997327 0.928002673 0.000000000
JQ:/cc/crr: 0.000000000 0.000049890 0.999950110
JQ:/cc/r: 0.034141575 0.000004789 0.965853636
JQ:/crc/c: 0.572571578 0.427428422 0.000000000
JQ:/crc/crr: 0.000000000 0.000014363 0.999985637
JQ:/crc/r: 0.000492694 0.000010965 0.999496341
JQ:/crrc/c: 0.015706659 0.984293341 0.000000000
JQ:/crrc/crr: 0.000000000 0.000261798 0.999738202
JQ:/crrc/r: 0.166027417 0.000005483 0.833967101
JQ:/rc/c: 0.999957148 0.000042852 0.000000000
JQ:/rc/crr: 0.000000000 0.000013110 0.999986890
JQ:/rc/r: 0.000017479 0.000017479 0.999965042
JQ:/rrc/c: 0.071611458 0.928388542 0.000000000
JQ:/rrc/crr: 0.000000000 0.000422578 0.999577422
JQ:/rrc/r: 0.583376345 0.000040349 0.416583307
K:/c: 0.999990000 0.000010000 0.000000000
K:/crr: 0.000000000 0.999995000 0.000005000
K:/r: 0.579038686 0.420954648 0.000006667
KJ:/cc/c: 0.500000000 0.500000000 0.000000000
KJ:/cc/crr: 0.000000000 0.500000000 0.500000000
KJ:/cc/r: 0.333333333 0.333333333 0.333333333
KJ:/crc/c: 0.164799908 0.835200092 0.000000000
KJ:/crc/crr: 0.000000000 0.999984830 0.000015170
KJ:/crc/r: 0.000018476 0.716279851 0.283701673
KJ:/crrc/c: 0.412223845 0.587776155 0.000000000
KJ:/crrc/crr: 0.000000000 0.999996968 0.000003032
KJ:/crrc/r: 0.008809620 0.887346876 0.103843503
KJ:/rc/c: 0.409201266 0.590798734 0.000000000
KJ:/rc/crr: 0.000000000 0.714306381 0.285693619
KJ:/rc/r: 0.064632628 0.714334764 0.221032608
KJ:/rrc/c: 0.110236806 0.889763194 0.000000000
KJ:/rrc/crr: 0.000000000 0.999973890 0.000026110
KJ:/rrc/r: 0.038366788 0.891652521 0.069980691
KK:/cc/c: 0.500000000 0.500000000 0.000000000
KK:/cc/crr: 0.000000000 0.500000000 0.500000000
KK:/cc/r: 0.333333333 0.333333333 0.333333333
KK:/crc/c: 0.999995000 0.000005000 0.000000000
KK:/crc/crr: 0.000000000 0.999997500 0.000002500
KK:/crc/r: 0.976227622 0.023769045 0.000003333
KK:/crrc/c: 0.999997500 0.000002500 0.000000000
KK:/crrc/crr: 0.000000000 0.999998750 0.000001250
KK:/crrc/r: 0.999834490 0.000163844 0.000001667
KK:/rc/c: 0.999992081 0.000007919 0.000000000
KK:/rc/crr: 0.000000000 0.999996041 0.000003959
KK:/rc/r: 0.999976757 0.000017964 0.000005279
KK:/rrc/c: 0.999994243 0.000005757 0.000000000
KK:/rrc/crr: 0.000000000 0.999997122 0.000002878
KK:/rrc/r: 0.997517103 0.002479060 0.000003838
KQ:/cc/c: 0.500000000 0.500000000 0.000000000
KQ:/cc/crr: 0.000000000 0.500000000 0.500000000
KQ:/cc/r: 0.333333333 0.333333333 0.333333333
KQ:/crc/c: 0.002508847 0.997491153 0.000000000
KQ:/crc/crr: 0.000000000 0.032513816 0.967486184
KQ:/crc/r: 0.000016994 0.442568742 0.557414264
KQ:/crrc/c: 0.655407487 0.344592513 0.000000000
KQ:/crrc/crr: 0.000000000 0.426983651 0.573016349
KQ:/crrc/r: 0.000767048 0.802022619 0.197210333
KQ:/rc/c: 0.000007919 0.999992081 0.000000000
KQ:/rc/crr: 0.000000000 0.500000000 0.500000000
KQ:/rc/r: 0.000010362 0.297339064 0.702650573
KQ:/rrc/c: 0.513664743 0.486335257 0.000000000
KQ:/rrc/crr: 0.000000000 0.484053731 0.515946269
KQ:/rrc/r: 0.008748539 0.660239845 0.331011616
Q:/c: 0.848505078 0.151494922 0.000000000
Q:/crr: 0.000000000 0.999994107 0.000005893
Q:/r: 0.366613002 0.633360786 0.000026212
QJ:/cc/c: 0.000033004 0.999966996 0.000000000
QJ:/cc/crr: 0.000000000 0.500000000 0.500000000
QJ:/cc/r: 0.000022003 0.000022003 0.999955994
QJ:/crc/c: 0.383071702 0.616928298 0.000000000
QJ:/crc/crr: 0.000000000 0.000050629 0.999949371
QJ:/crc/r: 0.000003928 0.000003928 0.999992143
QJ:/crrc/c: 0.000002946 0.999997054 0.000000000
QJ:/crrc/crr: 0.000000000 0.500000000 0.500000000
QJ:/crrc/r: 0.000001964 0.000001964 0.999996071
QJ:/rc/c: 0.000026894 0.999973106 0.000000000
QJ:/rc/crr: 0.000000000 0.097845909 0.902154091
QJ:/rc/r: 0.000015377 0.000003509 0.999981114
QJ:/rrc/c: 0.000009092 0.999990908 0.000000000
QJ:/rrc/crr: 0.000000000 0.500000000 0.500000000
QJ:/rrc/r: 0.000072380 0.000006061 0.999921558
QK:/cc/c: 0.026341702 0.973658298 0.000000000
QK:/cc/crr: 0.000000000 0.999373533 0.000626467
QK:/cc/r: 0.000076578 0.734999057 0.264924365
QK:/crc/c: 0.384503878 0.615496122 0.000000000
QK:/crc/crr: 0.000000000 0.001431976 0.998568024
QK:/crc/r: 0.000028003 0.521761284 0.478210712
QK:/crrc/c: 0.220978124 0.779021876 0.000000000
QK:/crrc/crr: 0.000000000 0.000298288 0.999701712
QK:/crrc/r: 0.000017604 0.262940421 0.737041975
QK:/rc/c: 0.380774151 0.619225849 0.000000000
QK:/rc/crr: 0.000000000 0.000006911 0.999993089
QK:/rc/r: 0.000007406 0.317710195 0.682282399
QK:/rrc/c: 0.425280403 0.574719597 0.000000000
QK:/rrc/crr: 0.000000000 0.000327440 0.999672560
QK:/rrc/r: 0.000059085 0.485833012 0.514107904
QQ:/cc/c: 0.999966996 0.000033004 0.000000000
QQ:/cc/crr: 0.000000000 0.999983497 0.000016503
QQ:/cc/r: 0.999759311 0.000218686 0.000022003
QQ:/crc/c: 0.999994107 0.000005893 0.000000000
QQ:/crc/crr: 0.000000000 0.999997054 0.000002946
QQ:/crc/r: 0.975224175 0.024771896 0.000003928
QQ:/crrc/c: 0.999997054 0.000002946 0.000000000
QQ:/crrc/crr: 0.000000000 0.999998527 0.000001473
QQ:/crrc/r: 0.999952399 0.000045637 0.000001964
QQ:/rc/c: 0.999994737 0.000005263 0.000000000
QQ:/rc/crr: 0.000000000 0.999997369 0.000002631
QQ:/rc/r: 0.999991495 0.000004997 0.000003509
QQ:/rrc/c: 0.999990908 0.000009092 0.000000000
QQ:/rrc/crr: 0.000000000 0.999995454 0.000004546
QQ:/rrc/r: 0.999959812 0.000034127 0.000006061
