J:/: 0.076697511 0.923302489 0.000000000
J:/cr: 0.018218412 0.034131414 0.947650173
J:/rr: 0.000000000 0.999934809 0.000065191
JJ:/cc/: 0.000310566 0.999689434 0.000000000
JJ:/cc/cr: 0.999996389 0.000001806 0.000001806
JJ:/cc/rr: 0.000000000 0.991281484 0.008718516
JJ:/crc/: 0.966613865 0.033386135 0.000000000
JJ:/crc/cr: 0.998943929 0.000528035 0.000528035
JJ:/crc/rr: 0.000000000 0.999972643 0.000027357
JJ:/crrc/: 0.910811595 0.089188405 0.000000000
JJ:/crrc/cr: 0.999259381 0.000370309 0.000370309
JJ:/crrc/rr: 0.000000000 0.999945608 0.000054392
JJ:/rc/: 0.879996580 0.120003420 0.000000000
JJ:/rc/cr: 0.999637837 0.000181081 0.000181081
JJ:/rc/rr: 0.000000000 0.999962959 0.000037041
JJ:/rrc/: 0.982508498 0.017491502 0.000000000
JJ:/rrc/cr: 0.998757579 0.000621210 0.000621210
JJ:/rrc/rr: 0.000000000 0.999983411 0.000016589
JK:/cc/: 0.078864735 0.921135265 0.000000000
JK:/cc/cr: 0.001143069 0.000001960 0.998854971
JK:/cc/rr: 0.000000000 0.000034333 0.999965667
JK:/crc/: 0.050293994 0.949706006 0.000000000
JK:/crc/cr: 0.024300494 0.000018563 0.975680943
JK:/crc/rr: 0.000000000 0.000525780 0.999474220
JK:/crrc/: 0.999820774 0.000179226 0.000000000
JK:/crrc/cr: 0.184277837 0.184277837 0.631444325
JK:/crrc/rr: 0.000000000 0.000049550 0.999950450
JK:/rc/: 0.993727622 0.006272378 0.000000000
JK:/rc/cr: 0.752078395 0.003464458 0.244457148
JK:/rc/rr: 0.000000000 0.000032801 0.999967199
JK:/rrc/: 0.516563075 0.483436925 0.000000000
JK:/rrc/cr: 0.802703200 0.000022476 0.197274323
JK:/rrc/rr: 0.000000000 0.000031552 0.999968448
JQ:/cc/: 0.172258807 0.827741193 0.000000000
JQ:/cc/cr: 0.000007912 0.000002181 0.999989907
JQ:/cc/rr: 0.000000000 0.000015719 0.999984281
JQ:/crc/: 0.978297398 0.021702602 0.000000000
JQ:/crc/cr: 0.613816612 0.000812302 0.385371086
JQ:/crc/rr: 0.000000000 0.000027030 0.999972970
JQ:/crrc/: 0.048294363 0.951705637 0.000000000
JQ:/crrc/cr: 0.112186662 0.000034703 0.887778635
JQ:/crrc/rr: 0.000000000 0.001025812 0.998974188
JQ:/rc/: 0.992077893 0.007922107 0.000000000
JQ:/rc/cr: 0.002743006 0.002743006 0.994513988
JQ:/rc/rr: 0.000000000 0.000032856 0.999967144
JQ:/rrc/: 0.123089266 0.876910734 0.000000000
JQ:/rrc/cr: 0.000293370 0.000012391 0.999694239
JQ:/rrc/rr: 0.000000000 0.000132415 0.999867585
K:/: 0.754011717 0.245988283 0.000000000
K:/cr: 0.697137670 0.302848779 0.000013551
K:/rr: 0.000000000 0.999993369 0.000006631
KJ:/cc/: 0.000057095 0.999942905 0.000000000
KJ:/cc/cr: 0.000049092 0.000008673 0.999942235
KJ:/cc/rr: 0.000000000 0.821996909 0.178003091
KJ:/crc/: 0.000048344 0.999951656 0.000000000
KJ:/crc/cr: 0.000554578 0.999437965 0.000007458
KJ:/crc/rr: 0.000000000 0.768615550 0.231384450
KJ:/crrc/: 0.022547754 0.977452246 0.000000000
KJ:/crrc/cr: 0.004382345 0.983492231 0.012125424
KJ:/crrc/rr: 0.000000000 0.422373197 0.577626803
KJ:/rc/: 0.062701003 0.937298997 0.000000000
KJ:/rc/cr: 0.005882428 0.964562448 0.029555124
KJ:/rc/rr: 0.000000000 0.313162293 0.686837707
KJ:/rrc/: 0.089735220 0.910264780 0.000000000
KJ:/rrc/cr: 0.000458887 0.998848056 0.000693057
KJ:/rrc/rr: 0.000000000 0.593683700 0.406316300
KK:/cc/: 0.974519496 0.025480504 0.000000000
KK:/cc/cr: 0.999468190 0.000265905 0.000265905
KK:/cc/rr: 0.000000000 0.999989571 0.000010429
KK:/crc/: 0.122543840 0.877456160 0.000000000
KK:/crc/cr: 0.999983002 0.000008499 0.000008499
KK:/crc/rr: 0.000000000 0.999908718 0.000091282
KK:/crrc/: 0.984896719 0.015103281 0.000000000
KK:/crrc/cr: 0.999571004 0.000214498 0.000214498
KK:/crrc/rr: 0.000000000 0.999995066 0.000004934
KK:/rc/: 0.839637468 0.160362532 0.000000000
KK:/rc/cr: 0.999972432 0.000013784 0.000013784
KK:/rc/rr: 0.000000000 0.999996051 0.000003949
KK:/rrc/: 0.507460747 0.492539253 0.000000000
KK:/rrc/cr: 0.999995512 0.000002244 0.000002244
KK:/rrc/rr: 0.000000000 0.999996733 0.000003267
KQ:/cc/: 0.000468706 0.999531294 0.000000000
KQ:/cc/cr: 0.000052530 0.447103299 0.552844171
KQ:/cc/rr: 0.000000000 0.978316699 0.021683301
KQ:/crc/: 0.875855276 0.124144724 0.000000000
KQ:/crc/cr: 0.000436663 0.415774086 0.583789251
KQ:/crc/rr: 0.000000000 0.000026133 0.999973867
KQ:/crrc/: 0.014811313 0.985188687 0.000000000
KQ:/crrc/cr: 0.032171530 0.694345965 0.273482505
KQ:/crrc/rr: 0.000000000 0.487723917 0.512276083
KQ:/rc/: 0.000075240 0.999924760 0.000000000
KQ:/rc/cr: 0.000020706 0.487713832 0.512265463
KQ:/rc/rr: 0.000000000 0.955933237 0.044066763
KQ:/rrc/: 0.697984620 0.302015380 0.000000000
KQ:/rrc/cr: 0.043107947 0.793272600 0.163619452
KQ:/rrc/rr: 0.000000000 0.394139611 0.605860389
Q:/: 0.748980207 0.251019793 0.000000000
Q:/cr: 0.165208509 0.833743946 0.001047546
Q:/rr: 0.000000000 0.999993324 0.000006676
QJ:/cc/: 0.000019919 0.999980081 0.000000000
QJ:/cc/cr: 0.000022137 0.000006640 0.999971223
QJ:/cc/rr: 0.000000000 0.500000000 0.500000000
QJ:/crc/: 0.030175724 0.969824276 0.000000000
QJ:/crc/cr: 0.002026845 0.000002737 0.997970418
QJ:/crc/rr: 0.000000000 0.000131953 0.999868047
QJ:/crrc/: 0.034361963 0.965638037 0.000000000
QJ:/crrc/cr: 0.000199791 0.000013873 0.999786336
QJ:/crrc/rr: 0.000000000 0.000584791 0.999415209
QJ:/rc/: 0.008621198 0.991378802 0.000000000
QJ:/rc/cr: 0.000034499 0.000002245 0.999963257
QJ:/rc/rr: 0.000000000 0.000387170 0.999612830
QJ:/rrc/: 0.000003338 0.999996662 0.000000000
QJ:/rrc/cr: 0.000001513 0.000001113 0.999997375
QJ:/rrc/rr: 0.000000000 0.500000000 0.500000000
QK:/cc/: 0.540432891 0.459567109 0.000000000
QK:/cc/cr: 0.049206075 0.950764043 0.000029882
QK:/cc/rr: 0.000000000 0.999981571 0.000018429
QK:/crc/: 0.011559509 0.988440491 0.000000000
QK:/crc/cr: 0.000002686 0.552439715 0.447557599
QK:/crc/rr: 0.000000000 0.000344460 0.999655540
QK:/crrc/: 0.958543814 0.041456186 0.000000000
QK:/crrc/cr: 0.000546811 0.499769117 0.499684072
QK:/crrc/rr: 0.000000000 0.000553498 0.999446502
QK:/rc/: 0.440653299 0.559346701 0.000000000
QK:/rc/cr: 0.032085913 0.515846514 0.452067573
QK:/rc/rr: 0.000000000 0.194599264 0.805400736
QK:/rrc/: 0.117322132 0.882677868 0.000000000
QK:/rrc/cr: 0.000001261 0.301562050 0.698436690
QK:/rrc/rr: 0.000000000 0.000685995 0.999314005
QQ:/cc/: 0.567008264 0.432991736 0.000000000
QQ:/cc/cr: 0.999969332 0.000015334 0.000015334
QQ:/cc/rr: 0.000000000 0.999982435 0.000017565
QQ:/crc/: 0.970110187 0.029889813 0.000000000
QQ:/crc/cr: 0.999822379 0.000088810 0.000088810
QQ:/crc/rr: 0.000000000 0.999995896 0.000004104
QQ:/crrc/: 0.188714236 0.811285764 0.000000000
QQ:/crrc/cr: 0.999966975 0.000016513 0.000016513
QQ:/crrc/rr: 0.000000000 0.999893519 0.000106481
QQ:/rc/: 0.516746367 0.483253633 0.000000000
QQ:/rc/cr: 0.999989820 0.000005575 0.000004605
QQ:/rc/rr: 0.000000000 0.999993541 0.000006459
QQ:/rrc/: 0.965850564 0.034149436 0.000000000
QQ:/rrc/cr: 0.999934837 0.000032581 0.000032581
QQ:/rrc/rr: 0.000000000 0.999998272 0.000001728
