J:/c: 0.305274130 0.694725870 0.000000000
J:/crr: 0.000000000 0.999983621 0.000016379
J:/r: 0.055224860 0.131732723 0.813042417
JJ:/cc/c: 0.999992803 0.000007197 0.000000000
JJ:/cc/crr: 0.000000000 0.999996401 0.000003599
JJ:/cc/r: 0.999990404 0.000004798 0.000004798
JJ:/crc/c: 0.999983621 0.000016379 0.000000000
JJ:/crc/crr: 0.000000000 0.999991811 0.000008189
JJ:/crc/r: 0.999719255 0.000269826 0.000010919
JJ:/crrc/c: 0.999991811 0.000008189 0.000000000
JJ:/crrc/crr: 0.000000000 0.999995905 0.000004095
JJ:/crrc/r: 0.999974649 0.000019892 0.000005460
JJ:/rc/c: 0.999974696 0.000025304 0.000000000
JJ:/rc/crr: 0.000000000 0.999987348 0.000012652
JJ:/rc/r: 0.999914249 0.000068882 0.000016869
JJ:/rrc/c: 0.999939641 0.000060359 0.000000000
JJ:/rrc/crr: 0.000000000 0.999969819 0.000030181
JJ:/rrc/r: 0.999844638 0.000115123 0.000040240
JK:/cc/c: 0.006939957 0.993060043 0.000000000
JK:/cc/crr: 0.000000000 0.000518525 0.999481475
JK:/cc/r: 0.000004798 0.000004798 0.999990404
JK:/crc/c: 0.529109417 0.470890583 0.000000000
JK:/crc/crr: 0.000000000 0.000015478 0.999984522
JK:/crc/r: 0.008281109 0.000010919 0.991707972
JK:/crrc/c: 0.462307883 0.537692117 0.000000000
JK:/crrc/crr: 0.000000000 0.000008857 0.999991143
JK:/crrc/r: 0.197177317 0.000005460 0.802817223
JK:/rc/c: 0.371094474 0.628905526 0.000000000
JK:/rc/crr: 0.000000000 0.000034093 0.999965907
JK:/rc/r: 0.350981483 0.000016869 0.649001648
JK:/rrc/c: 0.999939641 0.000060359 0.000000000
JK:/rrc/crr: 0.000000000 0.000030181 0.999969819
JK:/rrc/r: 0.265853338 0.000040240 0.734106422
JQ:/cc/c: 0.072456220 0.927543780 0.000000000
JQ:/cc/crr: 0.000000000 0.000049665 0.999950335
JQ:/cc/r: 0.039037667 0.000004798 0.960957535
JQ:/crc/c: 0.479601305 0.520398695 0.000000000
JQ:/crc/crr: 0.000000000 0.000017075 0.999982925
JQ:/crc/r: 0.020877680 0.000010919 0.979111401
JQ:/crrc/c: 0.040423926 0.959576074 0.000000000
JQ:/crrc/crr: 0.000000000 0.000101295 0.999898705
JQ:/crrc/r: 0.090278122 0.000005460 0.909716418
JQ:/rc/c: 0.998336288 0.001663712 0.000000000
JQ:/rc/crr: 0.000000000 0.000012673 0.999987327
JQ:/rc/r: 0.000016869 0.000016869 0.999966262
JQ:/rrc/c: 0.025845016 0.974154984 0.000000000
JQ:/rrc/crr: 0.000000000 0.001167716 0.998832284
JQ:/rrc/r: 0.363939038 0.000040240 0.636020722
K:/c: 0.999969894 0.000030106 0.000000000
K:/crr: 0.000000000 0.999995000 0.000005000
K:/r: 0.571685621 0.428307712 0.000006667
KJ:/cc/c: 0.166078834 0.833921166 0.000000000
KJ:/cc/crr: 0.000000000 0.500000000 0.500000000
KJ:/cc/r: 0.485701946 0.249229598 0.265068456
KJ:/crc/c: 0.135697265 0.864302735 0.000000000
KJ:/crc/crr: 0.000000000 0.999981576 0.000018424
KJ:/crc/r: 0.000024019 0.763670240 0.236305741
KJ:/crrc/c: 0.341152443 0.658847557 0.000000000
KJ:/crrc/crr: 0.000000000 0.999996336 0.000003664
KJ:/crrc/r: 0.075920145 0.752979195 0.171100659
KJ:/rc/c: 0.473515747 0.526484253 0.000000000
KJ:/rc/crr: 0.000000000 0.694166928 0.305833072
KJ:/rc/r: 0.041639576 0.772568839 0.185791584
KJ:/rrc/c: 0.270345006 0.729654994 0.000000000
KJ:/rrc/crr: 0.000000000 0.999989216 0.000010784
KJ:/rrc/r: 0.042574552 0.891565781 0.065859667
KK:/cc/c: 0.833921166 0.166078834 0.000000000
KK:/cc/crr: 0.000000000 0.900422941 0.099577059
KK:/cc/r: 0.618671172 0.270609606 0.110719223
KK:/crc/c: 0.999995000 0.000005000 0.000000000
KK:/crc/crr: 0.000000000 0.999997500 0.000002500
KK:/crc/r: 0.910033362 0.089963304 0.000003333
KK:/crrc/c: 0.999997500 0.000002500 0.000000000
KK:/crrc/crr: 0.000000000 0.999998750 0.000001250
KK:/crrc/r: 0.999993017 0.000005316 0.000001667
KK:/rc/c: 0.999992217 0.000007783 0.000000000
KK:/rc/crr: 0.000000000 0.999996109 0.000003891
KK:/rc/r: 0.999981561 0.000013251 0.000005188
KK:/rrc/c: 0.999994169 0.000005831 0.000000000
KK:/rrc/crr: 0.000000000 0.999997085 0.000002915
KK:/rrc/r: 0.999862352 0.000133761 0.000003887
KQ:/cc/c: 0.491985889 0.508014111 0.000000000
KQ:/cc/crr: 0.000000000 0.831215856 0.168784144
KQ:/cc/r: 0.458468147 0.430559787 0.110972067
KQ:/crc/c: 0.194633677 0.805366323 0.000000000
KQ:/crc/crr: 0.000000000 0.011442009 0.988557991
KQ:/crc/r: 0.000008661 0.445400173 0.554591166
KQ:/crrc/c: 0.607770259 0.392229741 0.000000000
KQ:/crrc/crr: 0.000000000 0.387713546 0.612286454
KQ:/crrc/r: 0.000008806 0.805990982 0.194000212
KQ:/rc/c: 0.000105170 0.999894830 0.000000000
KQ:/rc/crr: 0.000000000 0.036999932 0.963000068
KQ:/rc/r: 0.000016319 0.300255293 0.699728387
KQ:/rrc/c: 0.508453371 0.491546629 0.000000000
KQ:/rrc/crr: 0.000000000 0.551181608 0.448818392
KQ:/rrc/r: 0.093664324 0.540841190 0.365494485
Q:/c: 0.845297069 0.154702931 0.000000000
Q:/crr: 0.000000000 0.999994085 0.000005915
Q:/r: 0.347666951 0.652295236 0.000037814
QJ:/cc/c: 0.000032320 0.999967680 0.000000000
QJ:/cc/crr: 0.000000000 0.500000000 0.500000000
QJ:/cc/r: 0.000021547 0.000021547 0.999956907
QJ:/crc/c: 0.430784096 0.569215904 0.000000000
QJ:/crc/crr: 0.000000000 0.000014329 0.999985671
QJ:/crc/r: 0.000003943 0.000003943 0.999992113
QJ:/crrc/c: 0.000047397 0.999952603 0.000000000
QJ:/crrc/crr: 0.000000000 0.031199767 0.968800233
QJ:/crrc/r: 0.001346218 0.000001972 0.998651810
QJ:/rc/c: 0.000014429 0.999985571 0.000000000
QJ:/rc/crr: 0.000000000 0.177076781 0.822923219
QJ:/rc/r: 0.000484443 0.000003407 0.999512150
QJ:/rrc/c: 0.000078878 0.999921122 0.000000000
QJ:/rrc/crr: 0.000000000 0.060775368 0.939224632
QJ:/rrc/r: 0.000096624 0.000006392 0.999896985
QK:/cc/c: 0.018840918 0.981159082 0.000000000
QK:/cc/crr: 0.000000000 0.999142292 0.000857708
QK:/cc/r: 0.000080585 0.711824970 0.288094445
QK:/crc/c: 0.302887015 0.697112985 0.000000000
QK:/crc/crr: 0.000000000 0.007462900 0.992537100
QK:/crc/r: 0.000052280 0.470498271 0.529449448
QK:/crrc/c: 0.015025295 0.984974705 0.000000000
QK:/crrc/crr: 0.000000000 0.009044277 0.990955723
QK:/crrc/r: 0.000056382 0.271981177 0.727962440
QK:/rc/c: 0.377890391 0.622109609 0.000000000
QK:/rc/crr: 0.000000000 0.013428469 0.986571531
QK:/rc/r: 0.000022793 0.324423914 0.675553293
QK:/rrc/c: 0.430763489 0.569236511 0.000000000
QK:/rrc/crr: 0.000000000 0.032247722 0.967752278
QK:/rrc/r: 0.000082731 0.507898809 0.492018460
QQ:/cc/c: 0.999967680 0.000032320 0.000000000
QQ:/cc/crr: 0.000000000 0.999983839 0.000016161
QQ:/cc/r: 0.999817246 0.000161208 0.000021547
QQ:/crc/c: 0.999994085 0.000005915 0.000000000
QQ:/crc/crr: 0.000000000 0.999997042 0.000002958
QQ:/crc/r: 0.999962857 0.000033200 0.000003943
QQ:/crrc/c: 0.999997042 0.000002958 0.000000000
QQ:/crrc/crr: 0.000000000 0.999998521 0.000001479
QQ:/crrc/r: 0.999981162 0.000016866 0.000001972
QQ:/rc/c: 0.999994890 0.000005110 0.000000000
QQ:/rc/crr: 0.000000000 0.999997445 0.000002555
QQ:/rc/r: 0.999993186 0.000003407 0.000003407
QQ:/rrc/c: 0.999990412 0.000009588 0.000000000
QQ:/rrc/crr: 0.000000000 0.999995206 0.000004794
QQ:/rrc/r: 0.999948069 0.000045540 0.000006392
