J:/: 0.071366838 0.928633162 0.000000000
J:/cr: 0.017814446 0.034576243 0.947609311
J:/rr: 0.000000000 0.999929939 0.000070061
JJ:/cc/: 0.000113984 0.999886016 0.000000000
JJ:/cc/cr: 0.999985439 0.000012766 0.000001795
JJ:/cc/rr: 0.000000000 0.976381541 0.023618459
JJ:/crc/: 0.985298255 0.014701745 0.000000000
JJ:/crc/cr: 0.997646216 0.001176892 0.001176892
JJ:/crc/rr: 0.000000000 0.999973659 0.000026341
JJ:/crrc/: 0.999185786 0.000814214 0.000000000
JJ:/crrc/cr: 0.917509747 0.041245127 0.041245127
JJ:/crrc/rr: 0.000000000 0.999949585 0.000050415
JJ:/rc/: 0.950392569 0.049607431 0.000000000
JJ:/rc/cr: 0.999058467 0.000470767 0.000470767
JJ:/rc/rr: 0.000000000 0.999963141 0.000036859
JJ:/rrc/: 0.999964967 0.000035033 0.000000000
JJ:/rrc/cr: 0.333333333 0.333333333 0.333333333
JJ:/rrc/rr: 0.000000000 0.999982483 0.000017517
JK:/cc/: 0.082432855 0.917567145 0.000000000
JK:/cc/cr: 0.000001956 0.000001956 0.999996088
JK:/cc/rr: 0.000000000 0.000032658 0.999967342
JK:/crc/: 0.037638798 0.962361202 0.000000000
JK:/crc/cr: 0.000017979 0.000017979 0.999964042
JK:/crc/rr: 0.000000000 0.000689542 0.999310458
JK:/crrc/: 0.999899253 0.000100747 0.000000000
JK:/crrc/cr: 0.333333333 0.333333333 0.333333333
JK:/crrc/rr: 0.000000000 0.000050379 0.999949621
JK:/rc/: 0.999929939 0.000070061 0.000000000
JK:/rc/cr: 0.333333333 0.333333333 0.333333333
JK:/rc/rr: 0.000000000 0.000035033 0.999964967
JK:/rrc/: 0.537984446 0.462015554 0.000000000
JK:/rrc/cr: 0.910158108 0.000025275 0.089816616
JK:/rrc/rr: 0.000000000 0.000032559 0.999967441
JQ:/cc/: 0.184499705 0.815500295 0.000000000
JQ:/cc/cr: 0.000002201 0.000002201 0.999995598
JQ:/cc/rr: 0.000000000 0.000014592 0.999985408
JQ:/crc/: 0.998448296 0.001551704 0.000000000
JQ:/crc/cr: 0.011150560 0.011150560 0.977698879
JQ:/crc/rr: 0.000000000 0.000025994 0.999974006
JQ:/crrc/: 0.042459464 0.957540536 0.000000000
JQ:/crrc/cr: 0.205447934 0.000035071 0.794516995
JQ:/crrc/rr: 0.000000000 0.001186391 0.998813609
JQ:/rc/: 0.998838777 0.001161223 0.000000000
JQ:/rc/cr: 0.020111141 0.020111141 0.959777719
JQ:/rc/rr: 0.000000000 0.000035071 0.999964929
JQ:/rrc/: 0.121466614 0.878533386 0.000000000
JQ:/rrc/cr: 0.000013292 0.000013292 0.999973416
JQ:/rrc/rr: 0.000000000 0.000144207 0.999855793
K:/: 0.750281832 0.249718168 0.000000000
K:/cr: 0.694214631 0.305772020 0.000013348
K:/rr: 0.000000000 0.999993336 0.000006664
KJ:/cc/: 0.000020023 0.999979977 0.000000000
KJ:/cc/cr: 0.000006674 0.000006674 0.999986651
KJ:/cc/rr: 0.000000000 0.500000000 0.500000000
KJ:/crc/: 0.000021827 0.999978173 0.000000000
KJ:/crc/cr: 0.000007276 0.999985448 0.000007276
KJ:/crc/rr: 0.000000000 0.500000000 0.500000000
KJ:/crrc/: 0.084854740 0.915145260 0.000000000
KJ:/crrc/cr: 0.000053037 0.999943461 0.000003502
KJ:/crrc/rr: 0.000000000 0.499985510 0.500014490
KJ:/rc/: 0.029462134 0.970537866 0.000000000
KJ:/rc/cr: 0.004663321 0.983519552 0.011817128
KJ:/rc/rr: 0.000000000 0.091334649 0.908665351
KJ:/rrc/: 0.075761509 0.924238491 0.000000000
KJ:/rrc/cr: 0.000001862 0.999996936 0.000001202
KJ:/rrc/rr: 0.000000000 0.671041931 0.328958069
KK:/cc/: 0.999673984 0.000326016 0.000000000
KK:/cc/cr: 0.959056003 0.020471998 0.020471998
KK:/cc/rr: 0.000000000 0.999989985 0.000010015
KK:/crc/: 0.103851018 0.896148982 0.000000000
KK:/crc/cr: 0.999983762 0.000008119 0.000008119
KK:/crc/rr: 0.000000000 0.999894910 0.000105090
KK:/crrc/: 0.999990386 0.000009614 0.000000000
KK:/crrc/cr: 0.333333333 0.333333333 0.333333333
KK:/crrc/rr: 0.000000000 0.999995193 0.000004807
KK:/rc/: 0.801443854 0.198556146 0.000000000
KK:/rc/cr: 0.999977625 0.000011188 0.000011188
KK:/rc/rr: 0.000000000 0.999995842 0.000004158
KK:/rrc/: 0.515480624 0.484519376 0.000000000
KK:/rrc/cr: 0.999995415 0.000002292 0.000002292
KK:/rrc/rr: 0.000000000 0.999996768 0.000003232
KQ:/cc/: 0.000020023 0.999979977 0.000000000
KQ:/cc/cr: 0.000006674 0.426688902 0.573304424
KQ:/cc/rr: 0.000000000 0.500000000 0.500000000
KQ:/crc/: 0.900792689 0.099207311 0.000000000
KQ:/crc/cr: 0.000073339 0.974276022 0.025650639
KQ:/crc/rr: 0.000000000 0.000012116 0.999987884
KQ:/crrc/: 0.003212043 0.996787957 0.000000000
KQ:/crrc/cr: 0.000148768 0.720702654 0.279148579
KQ:/crrc/rr: 0.000000000 0.087580893 0.912419107
KQ:/rc/: 0.000006664 0.999993336 0.000000000
KQ:/rc/cr: 0.000008450 0.478532613 0.521458937
KQ:/rc/rr: 0.000000000 0.500000000 0.500000000
KQ:/rrc/: 0.726065261 0.273934739 0.000000000
KQ:/rrc/cr: 0.002252450 0.966454880 0.031292670
KQ:/rrc/rr: 0.000000000 0.395096927 0.604903073
Q:/: 0.747436451 0.252563549 0.000000000
Q:/cr: 0.160518140 0.839379901 0.000101958
Q:/rr: 0.000000000 0.999993310 0.000006690
QJ:/cc/: 0.000019797 0.999980203 0.000000000
QJ:/cc/cr: 0.000006599 0.000006599 0.999986802
QJ:/cc/rr: 0.000000000 0.500000000 0.500000000
QJ:/crc/: 0.034790770 0.965209230 0.000000000
QJ:/crc/cr: 0.000613639 0.000002715 0.999383646
QJ:/crc/rr: 0.000000000 0.000112986 0.999887014
QJ:/crrc/: 0.003455511 0.996544489 0.000000000
QJ:/crrc/cr: 0.000013751 0.000013751 0.999972498
QJ:/crrc/rr: 0.000000000 0.005948558 0.994051442
QJ:/rc/: 0.014374412 0.985625588 0.000000000
QJ:/rc/cr: 0.000002262 0.000002262 0.999995475
QJ:/rc/rr: 0.000000000 0.000232689 0.999767311
QJ:/rrc/: 0.000003345 0.999996655 0.000000000
QJ:/rrc/cr: 0.000001115 0.000001115 0.999997770
QJ:/rrc/rr: 0.000000000 0.500000000 0.500000000
QK:/cc/: 0.563590794 0.436409206 0.000000000
QK:/cc/cr: 0.001017801 0.998967078 0.000015121
QK:/cc/rr: 0.000000000 0.999982437 0.000017563
QK:/crc/: 0.000007862 0.999992138 0.000000000
QK:/crc/cr: 0.000002621 0.551784963 0.448212416
QK:/crc/rr: 0.000000000 0.500000000 0.500000000
QK:/crrc/: 0.999939972 0.000060028 0.000000000
QK:/crrc/cr: 0.229431775 0.542284168 0.228284057
QK:/crrc/rr: 0.000000000 0.000513999 0.999486001
QK:/rc/: 0.407766929 0.592233071 0.000000000
QK:/rc/cr: 0.003665071 0.525317022 0.471017908
QK:/rc/rr: 0.000000000 0.185855514 0.814144486
QK:/rrc/: 0.126728608 0.873271392 0.000000000
QK:/rrc/cr: 0.000006024 0.295320135 0.704673841
QK:/rrc/rr: 0.000000000 0.000013197 0.999986803
QQ:/cc/: 0.508298560 0.491701440 0.000000000
QQ:/cc/cr: 0.996995536 0.002991043 0.000013421
QQ:/cc/rr: 0.000000000 0.999980526 0.000019474
QQ:/crc/: 0.999333892 0.000666108 0.000000000
QQ:/crc/cr: 0.992131649 0.003934176 0.003934176
QQ:/crc/rr: 0.000000000 0.999996067 0.000003933
QQ:/crrc/: 0.138659851 0.861340149 0.000000000
QQ:/crrc/cr: 0.999968181 0.000015910 0.000015910
QQ:/crrc/rr: 0.000000000 0.999851757 0.000148243
QQ:/rc/: 0.472406069 0.527593931 0.000000000
QQ:/rc/cr: 0.999969284 0.000026490 0.000004226
QQ:/rc/rr: 0.000000000 0.999992920 0.000007080
QQ:/rrc/: 0.993132068 0.006867932 0.000000000
QQ:/rrc/cr: 0.999675323 0.000162338 0.000162338
QQ:/rrc/rr: 0.000000000 0.999998316 0.000001684
