J:/: 0.079225270 0.920774730 0.000000000
J:/cr: 0.018456483 0.035840539 0.945702979
J:/rr: 0.000000000 0.999936889 0.000063111
JJ:/cc/: 0.000296614 0.999703386 0.000000000
JJ:/cc/cr: 0.999996379 0.000001811 0.000001811
JJ:/cc/rr: 0.000000000 0.990846328 0.009153672
JJ:/crc/: 0.955585500 0.044414500 0.000000000
JJ:/crc/cr: 0.999241938 0.000379031 0.000379031
JJ:/crc/rr: 0.000000000 0.999973575 0.000026425
JJ:/crrc/: 0.975908358 0.024091642 0.000000000
JJ:/crrc/cr: 0.997286132 0.001356934 0.001356934
JJ:/crrc/rr: 0.000000000 0.999949753 0.000050247
JJ:/rc/: 0.855317765 0.144682235 0.000000000
JJ:/rc/cr: 0.999709196 0.000145402 0.000145402
JJ:/rc/rr: 0.000000000 0.999963107 0.000036893
JJ:/rrc/: 0.998498886 0.001501114 0.000000000
JJ:/rrc/cr: 0.985984821 0.007007589 0.007007589
JJ:/rrc/rr: 0.000000000 0.999984197 0.000015803
JK:/cc/: 0.083387718 0.916612282 0.000000000
JK:/cc/cr: 0.000005050 0.000001975 0.999992975
JK:/cc/rr: 0.000000000 0.000032560 0.999967440
JK:/crc/: 0.069697220 0.930302780 0.000000000
JK:/crc/cr: 0.052143943 0.000018096 0.947837962
JK:/crc/rr: 0.000000000 0.000362306 0.999637694
JK:/crrc/: 0.999864836 0.000135164 0.000000000
JK:/crrc/cr: 0.487164644 0.241859388 0.270975968
JK:/crrc/rr: 0.000000000 0.000049043 0.999950957
JK:/rc/: 0.976668094 0.023331906 0.000000000
JK:/rc/cr: 0.974951866 0.000901643 0.024146491
JK:/rc/rr: 0.000000000 0.000032309 0.999967691
JK:/rrc/: 0.505506854 0.494493146 0.000000000
JK:/rrc/cr: 0.738702507 0.000021273 0.261276220
JK:/rrc/rr: 0.000000000 0.000031214 0.999968786
JQ:/cc/: 0.181278061 0.818721939 0.000000000
JQ:/cc/cr: 0.000006630 0.000002211 0.999991159
JQ:/cc/rr: 0.000000000 0.000014978 0.999985022
JQ:/crc/: 0.978827440 0.021172560 0.000000000
JQ:/crc/cr: 0.493370929 0.000795108 0.505833963
JQ:/crc/rr: 0.000000000 0.000025798 0.999974202
JQ:/crrc/: 0.038666071 0.961333929 0.000000000
JQ:/crrc/cr: 0.172720533 0.000034006 0.827245462
JQ:/crrc/rr: 0.000000000 0.001268196 0.998731804
JQ:/rc/: 0.996699798 0.003300202 0.000000000
JQ:/rc/cr: 0.006374477 0.006374477 0.987251046
JQ:/rc/rr: 0.000000000 0.000031660 0.999968340
JQ:/rrc/: 0.149700658 0.850299342 0.000000000
JQ:/rrc/cr: 0.000012371 0.000012371 0.999975258
JQ:/rrc/rr: 0.000000000 0.000105402 0.999894598
K:/: 0.754276571 0.245723429 0.000000000
K:/cr: 0.687869690 0.312116745 0.000013565
K:/rr: 0.000000000 0.999993371 0.000006629
KJ:/cc/: 0.000055462 0.999944538 0.000000000
KJ:/cc/cr: 0.000049000 0.000008933 0.999942067
KJ:/cc/rr: 0.000000000 0.816557899 0.183442101
KJ:/crc/: 0.000049899 0.999950101 0.000000000
KJ:/crc/cr: 0.000415326 0.999577430 0.000007244
KJ:/crc/rr: 0.000000000 0.782245750 0.217754250
KJ:/crrc/: 0.070273740 0.929726260 0.000000000
KJ:/crrc/cr: 0.000396573 0.996740513 0.002862914
KJ:/crrc/rr: 0.000000000 0.567413230 0.432586770
KJ:/rc/: 0.072101702 0.927898298 0.000000000
KJ:/rc/cr: 0.007098830 0.954886820 0.038014350
KJ:/rc/rr: 0.000000000 0.331752442 0.668247558
KJ:/rrc/: 0.111708839 0.888291161 0.000000000
KJ:/rrc/cr: 0.000022165 0.999887903 0.000089932
KJ:/rrc/rr: 0.000000000 0.712905000 0.287095000
KK:/cc/: 0.999630326 0.000369674 0.000000000
KK:/cc/cr: 0.963304485 0.018347757 0.018347757
KK:/cc/rr: 0.000000000 0.999989822 0.000010178
KK:/crc/: 0.172566241 0.827433759 0.000000000
KK:/crc/cr: 0.999982491 0.000008754 0.000008754
KK:/crc/rr: 0.000000000 0.999937035 0.000062965
KK:/crrc/: 0.984787923 0.015212077 0.000000000
KK:/crrc/cr: 0.999567868 0.000216066 0.000216066
KK:/crrc/rr: 0.000000000 0.999994994 0.000005006
KK:/rc/: 0.862732762 0.137267238 0.000000000
KK:/rc/cr: 0.999967806 0.000016097 0.000016097
KK:/rc/rr: 0.000000000 0.999996158 0.000003842
KK:/rrc/: 0.530050616 0.469949384 0.000000000
KK:/rrc/cr: 0.999995298 0.000002351 0.000002351
KK:/rrc/rr: 0.000000000 0.999996873 0.000003127
KQ:/cc/: 0.000057443 0.999942557 0.000000000
KQ:/cc/cr: 0.000046388 0.414809163 0.585144450
KQ:/cc/rr: 0.000000000 0.822885656 0.177114344
KQ:/crc/: 0.905763662 0.094236338 0.000000000
KQ:/crc/cr: 0.000519030 0.548781618 0.450699352
KQ:/crc/rr: 0.000000000 0.000025895 0.999974105
KQ:/crrc/: 0.006378768 0.993621232 0.000000000
KQ:/crrc/cr: 0.021198016 0.688136708 0.290665276
KQ:/crrc/rr: 0.000000000 0.136047495 0.863952505
KQ:/rc/: 0.000094380 0.999905620 0.000000000
KQ:/rc/cr: 0.000029713 0.493283537 0.506686750
KQ:/rc/rr: 0.000000000 0.441942101 0.558057899
KQ:/rrc/: 0.686608908 0.313391092 0.000000000
KQ:/rrc/cr: 0.023479338 0.882414403 0.094106259
KQ:/rrc/rr: 0.000000000 0.390790681 0.609209319
Q:/: 0.742870547 0.257129453 0.000000000
Q:/cr: 0.162624618 0.836430010 0.000945372
Q:/rr: 0.000000000 0.999993269 0.000006731
QJ:/cc/: 0.000019445 0.999980555 0.000000000
QJ:/cc/cr: 0.000014506 0.000006482 0.999979012
QJ:/cc/rr: 0.000000000 0.500000000 0.500000000
QJ:/crc/: 0.029699524 0.970300476 0.000000000
QJ:/crc/cr: 0.002511631 0.000002662 0.997485707
QJ:/crc/rr: 0.000000000 0.000130463 0.999869537
QJ:/crrc/: 0.008751168 0.991248832 0.000000000
QJ:/crrc/cr: 0.000182738 0.000013403 0.999803859
QJ:/crrc/rr: 0.000000000 0.002277271 0.997722729
QJ:/rc/: 0.008834806 0.991165194 0.000000000
QJ:/rc/cr: 0.000002367 0.000002264 0.999995369
QJ:/rc/rr: 0.000000000 0.000380917 0.999619083
QJ:/rrc/: 0.000003365 0.999996635 0.000000000
QJ:/rrc/cr: 0.000001122 0.000001122 0.999997756
QJ:/rrc/rr: 0.000000000 0.500000000 0.500000000
QK:/cc/: 0.445760882 0.554239118 0.000000000
QK:/cc/cr: 0.011964191 0.988008139 0.000027669
QK:/cc/rr: 0.000000000 0.999978188 0.000021812
QK:/crc/: 0.001917115 0.998082885 0.000000000
QK:/crc/cr: 0.000002588 0.560596069 0.439401343
QK:/crc/rr: 0.000000000 0.002021106 0.997978894
QK:/crrc/: 0.921780972 0.078219028 0.000000000
QK:/crrc/cr: 0.000319077 0.629326695 0.370354228
QK:/crrc/rr: 0.000000000 0.000579182 0.999420818
QK:/rc/: 0.461237270 0.538762730 0.000000000
QK:/rc/cr: 0.040618425 0.504049362 0.455332213
QK:/rc/rr: 0.000000000 0.195509967 0.804490033
QK:/rrc/: 0.131277657 0.868722343 0.000000000
QK:/rrc/cr: 0.000001291 0.305828370 0.694170339
QK:/rrc/rr: 0.000000000 0.000502316 0.999497684
QQ:/cc/: 0.495006659 0.504993341 0.000000000
QQ:/cc/cr: 0.999974329 0.000012835 0.000012835
QQ:/cc/rr: 0.000000000 0.999980358 0.000019642
QQ:/crc/: 0.991717478 0.008282522 0.000000000
QQ:/crc/cr: 0.999376246 0.000311877 0.000311877
QQ:/crc/rr: 0.000000000 0.999996093 0.000003907
QQ:/crrc/: 0.129074842 0.870925158 0.000000000
QQ:/crrc/cr: 0.999969490 0.000015255 0.000015255
QQ:/crrc/rr: 0.000000000 0.999845603 0.000154397
QQ:/rc/: 0.536494214 0.463505786 0.000000000
QQ:/rc/cr: 0.999990143 0.000005017 0.000004840
QQ:/rc/rr: 0.000000000 0.999993727 0.000006273
QQ:/rrc/: 0.980838631 0.019161369 0.000000000
QQ:/rrc/cr: 0.999882912 0.000058544 0.000058544
QQ:/rrc/rr: 0.000000000 0.999998284 0.000001716
