J:/: 0.081105663 0.918894337 0.000000000
J:/cr: 0.017660223 0.034302194 0.948037583
J:/rr: 0.000000000 0.999938352 0.000061648
JJ:/cc/: 0.000316650 0.999683350 0.000000000
JJ:/cc/cr: 0.999996371 0.000001814 0.000001814
JJ:/cc/rr: 0.000000000 0.991407985 0.008592015
JJ:/crc/: 0.879166821 0.120833179 0.000000000
JJ:/crc/cr: 0.999708268 0.000145866 0.000145866
JJ:/crc/rr: 0.000000000 0.999969928 0.000030072
JJ:/crrc/: 0.991046893 0.008953107 0.000000000
JJ:/crrc/cr: 0.992352456 0.003823772 0.003823772
JJ:/crrc/rr: 0.000000000 0.999948184 0.000051816
JJ:/rc/: 0.876692781 0.123307219 0.000000000
JJ:/rc/cr: 0.999666697 0.000166651 0.000166651
JJ:/rc/rr: 0.000000000 0.999964841 0.000035159
JJ:/rrc/: 0.997983225 0.002016775 0.000000000
JJ:/rrc/cr: 0.989810169 0.005094915 0.005094915
JJ:/rrc/rr: 0.000000000 0.999984556 0.000015444
JK:/cc/: 0.076746975 0.923253025 0.000000000
JK:/cc/cr: 0.000064952 0.000001965 0.999933084
JK:/cc/rr: 0.000000000 0.000035450 0.999964550
JK:/crc/: 0.059109690 0.940890310 0.000000000
JK:/crc/cr: 0.041538652 0.000018733 0.958442615
JK:/crc/rr: 0.000000000 0.000447273 0.999552727
JK:/crrc/: 0.999747399 0.000252601 0.000000000
JK:/crrc/cr: 0.648626558 0.135528622 0.215844820
JK:/crrc/rr: 0.000000000 0.000051365 0.999948635
JK:/rc/: 0.991839734 0.008160266 0.000000000
JK:/rc/cr: 0.916202439 0.002518218 0.081279343
JK:/rc/rr: 0.000000000 0.000031078 0.999968922
JK:/rrc/: 0.498209328 0.501790672 0.000000000
JK:/rrc/cr: 0.768857371 0.000020477 0.231122152
JK:/rrc/rr: 0.000000000 0.000030937 0.999969063
JQ:/cc/: 0.179289302 0.820710698 0.000000000
JQ:/cc/cr: 0.000006743 0.000002210 0.999991047
JQ:/cc/rr: 0.000000000 0.000015175 0.999984825
JQ:/crc/: 0.989182892 0.010817108 0.000000000
JQ:/crc/cr: 0.062831380 0.001629404 0.935539215
JQ:/crc/rr: 0.000000000 0.000026727 0.999973273
JQ:/crrc/: 0.025346187 0.974653813 0.000000000
JQ:/crrc/cr: 0.097316003 0.000035125 0.902648872
JQ:/crrc/rr: 0.000000000 0.002026023 0.997973977
JQ:/rc/: 0.996038339 0.003961661 0.000000000
JQ:/rc/cr: 0.005187048 0.005187048 0.989625905
JQ:/rc/rr: 0.000000000 0.000030947 0.999969053
JQ:/rrc/: 0.120372076 0.879627924 0.000000000
JQ:/rrc/cr: 0.001173229 0.000011681 0.998815090
JQ:/rrc/rr: 0.000000000 0.000128044 0.999871956
K:/: 0.757462478 0.242537522 0.000000000
K:/cr: 0.699791085 0.300195172 0.000013744
K:/rr: 0.000000000 0.999993399 0.000006601
KJ:/cc/: 0.000055398 0.999944602 0.000000000
KJ:/cc/cr: 0.000049889 0.000009273 0.999940838
KJ:/cc/rr: 0.000000000 0.813934791 0.186065209
KJ:/crc/: 0.000192146 0.999807854 0.000000000
KJ:/crc/cr: 0.000601965 0.999390403 0.000007632
KJ:/crc/rr: 0.000000000 0.940432988 0.059567012
KJ:/crrc/: 0.017337373 0.982662627 0.000000000
KJ:/crrc/cr: 0.000345792 0.998430523 0.001223684
KJ:/crrc/rr: 0.000000000 0.614773105 0.385226895
KJ:/rc/: 0.086800638 0.913199362 0.000000000
KJ:/rc/cr: 0.008235451 0.950910530 0.040854020
KJ:/rc/rr: 0.000000000 0.386982534 0.613017466
KJ:/rrc/: 0.092491316 0.907508684 0.000000000
KJ:/rrc/cr: 0.001502096 0.998112315 0.000385589
KJ:/rrc/rr: 0.000000000 0.550450228 0.449549772
KK:/cc/: 0.999429780 0.000570220 0.000000000
KK:/cc/cr: 0.975897762 0.012051119 0.012051119
KK:/cc/rr: 0.000000000 0.999989686 0.000010314
KK:/crc/: 0.131977540 0.868022460 0.000000000
KK:/crc/cr: 0.999982419 0.000008791 0.000008791
KK:/crc/rr: 0.000000000 0.999913277 0.000086723
KK:/crrc/: 0.982109513 0.017890487 0.000000000
KK:/crrc/cr: 0.999634078 0.000182961 0.000182961
KK:/crrc/rr: 0.000000000 0.999995001 0.000004999
KK:/rc/: 0.865978578 0.134021422 0.000000000
KK:/rc/cr: 0.999967165 0.000016418 0.000016418
KK:/rc/rr: 0.000000000 0.999996189 0.000003811
KK:/rrc/: 0.536503288 0.463496712 0.000000000
KK:/rrc/cr: 0.999995253 0.000002374 0.000002374
KK:/rrc/rr: 0.000000000 0.999996924 0.000003076
KQ:/cc/: 0.000314158 0.999685842 0.000000000
KQ:/cc/cr: 0.000047547 0.462315647 0.537636806
KQ:/cc/rr: 0.000000000 0.967189468 0.032810532
KQ:/crc/: 0.914706590 0.085293410 0.000000000
KQ:/crc/cr: 0.000619937 0.531011728 0.468368335
KQ:/crc/rr: 0.000000000 0.000026376 0.999973624
KQ:/crrc/: 0.011403988 0.988596012 0.000000000
KQ:/crrc/cr: 0.037562220 0.665301025 0.297136755
KQ:/crrc/rr: 0.000000000 0.151876681 0.848123319
KQ:/rc/: 0.000070134 0.999929866 0.000000000
KQ:/rc/cr: 0.000032964 0.492179480 0.507787555
KQ:/rc/rr: 0.000000000 0.549947121 0.450052879
KQ:/rrc/: 0.702544247 0.297455753 0.000000000
KQ:/rrc/cr: 0.030391133 0.829425570 0.140183297
KQ:/rrc/rr: 0.000000000 0.393019014 0.606980986
Q:/: 0.748298227 0.251701773 0.000000000
Q:/cr: 0.166098523 0.831888763 0.002012715
Q:/rr: 0.000000000 0.999993318 0.000006682
QJ:/cc/: 0.000019865 0.999980135 0.000000000
QJ:/cc/cr: 0.000015497 0.000006622 0.999977881
QJ:/cc/rr: 0.000000000 0.500000000 0.500000000
QJ:/crc/: 0.029510400 0.970489600 0.000000000
QJ:/crc/cr: 0.004394464 0.000002734 0.995602802
QJ:/crc/rr: 0.000000000 0.000134863 0.999865137
QJ:/crrc/: 0.043827452 0.956172548 0.000000000
QJ:/crrc/cr: 0.000213699 0.000013898 0.999772403
QJ:/crrc/rr: 0.000000000 0.000454800 0.999545200
QJ:/rc/: 0.006837378 0.993162622 0.000000000
QJ:/rc/cr: 0.000030913 0.000002243 0.999966844
QJ:/rc/rr: 0.000000000 0.000488625 0.999511375
QJ:/rrc/: 0.000003341 0.999996659 0.000000000
QJ:/rrc/cr: 0.000001114 0.000001114 0.999997773
QJ:/rrc/rr: 0.000000000 0.500000000 0.500000000
QK:/cc/: 0.481284992 0.518715008 0.000000000
QK:/cc/cr: 0.048989217 0.950983700 0.000027083
QK:/cc/rr: 0.000000000 0.999979363 0.000020637
QK:/crc/: 0.000658797 0.999341203 0.000000000
QK:/crc/cr: 0.000002655 0.558110287 0.441887058
QK:/crc/rr: 0.000000000 0.006041096 0.993958904
QK:/crrc/: 0.933025286 0.066974714 0.000000000
QK:/crrc/cr: 0.000361439 0.572248874 0.427389687
QK:/crrc/rr: 0.000000000 0.000569389 0.999430611
QK:/rc/: 0.451533527 0.548466473 0.000000000
QK:/rc/cr: 0.038759090 0.535749750 0.425491160
QK:/rc/rr: 0.000000000 0.190829894 0.809170106
QK:/rrc/: 0.127551739 0.872448261 0.000000000
QK:/rrc/cr: 0.000001276 0.299747066 0.700251657
QK:/rrc/rr: 0.000000000 0.000516123 0.999483877
QQ:/cc/: 0.489871851 0.510128149 0.000000000
QQ:/cc/cr: 0.999974039 0.000012980 0.000012980
QQ:/cc/rr: 0.000000000 0.999979725 0.000020275
QQ:/crc/: 0.988041769 0.011958231 0.000000000
QQ:/crc/cr: 0.999556249 0.000221875 0.000221875
QQ:/crc/rr: 0.000000000 0.999995972 0.000004028
QQ:/crrc/: 0.125436602 0.874563398 0.000000000
QQ:/crrc/cr: 0.999969611 0.000015194 0.000015194
QQ:/crrc/rr: 0.000000000 0.999841093 0.000158907
QQ:/rc/: 0.549463433 0.450536567 0.000000000
QQ:/rc/cr: 0.999990113 0.000004944 0.000004944
QQ:/rc/rr: 0.000000000 0.999993920 0.000006080
QQ:/rrc/: 0.977287329 0.022712671 0.000000000
QQ:/rrc/cr: 0.999901936 0.000049032 0.000049032
QQ:/rrc/rr: 0.000000000 0.999998291 0.000001709
