J:/: 0.084225744 0.915774256 0.000000000
J:/cr: 0.017670024 0.037257528 0.945072448
J:/rr: 0.000000000 0.999940636 0.000059364
JJ:/cc/: 0.000318462 0.999681538 0.000000000
JJ:/cc/cr: 0.999996359 0.000001821 0.000001821
JJ:/cc/rr: 0.000000000 0.991427764 0.008572236
JJ:/crc/: 0.938555311 0.061444689 0.000000000
JJ:/crc/cr: 0.999470006 0.000264997 0.000264997
JJ:/crc/rr: 0.000000000 0.999973977 0.000026023
JJ:/crrc/: 0.929128323 0.070871677 0.000000000
JJ:/crrc/cr: 0.999031144 0.000484428 0.000484428
JJ:/crrc/rr: 0.000000000 0.999944573 0.000055427
JJ:/rc/: 0.841529033 0.158470967 0.000000000
JJ:/rc/cr: 0.999750262 0.000124869 0.000124869
JJ:/rc/rr: 0.000000000 0.999964728 0.000035272
JJ:/rrc/: 0.998802741 0.001197259 0.000000000
JJ:/rrc/cr: 0.983471196 0.008264402 0.008264402
JJ:/rrc/rr: 0.000000000 0.999985140 0.000014860
JK:/cc/: 0.074413552 0.925586448 0.000000000
JK:/cc/cr: 0.000628707 0.000001966 0.999369327
JK:/cc/rr: 0.000000000 0.000036686 0.999963314
JK:/crc/: 0.096488554 0.903511446 0.000000000
JK:/crc/cr: 0.065769492 0.000018022 0.934212486
JK:/crc/rr: 0.000000000 0.000253128 0.999746872
JK:/crrc/: 0.999813898 0.000186102 0.000000000
JK:/crrc/cr: 0.184480937 0.184480937 0.631038126
JK:/crrc/rr: 0.000000000 0.000051508 0.999948492
JK:/rc/: 0.991763541 0.008236459 0.000000000
JK:/rc/cr: 0.849632420 0.002402500 0.147965080
JK:/rc/rr: 0.000000000 0.000029929 0.999970071
JK:/rrc/: 0.493490493 0.506509507 0.000000000
JK:/rrc/cr: 0.674412153 0.000019535 0.325568312
JK:/rrc/rr: 0.000000000 0.000030075 0.999969925
JQ:/cc/: 0.202005944 0.797994056 0.000000000
JQ:/cc/cr: 0.000008116 0.000002281 0.999989604
JQ:/cc/rr: 0.000000000 0.000013514 0.999986486
JQ:/crc/: 0.992226121 0.007773879 0.000000000
JQ:/crc/cr: 0.280668878 0.002094533 0.717236589
JQ:/crc/rr: 0.000000000 0.000024615 0.999975385
JQ:/crrc/: 0.024864695 0.975135305 0.000000000
JQ:/crrc/cr: 0.106868410 0.000035208 0.893096382
JQ:/crrc/rr: 0.000000000 0.002071143 0.997928857
JQ:/rc/: 0.995600290 0.004399710 0.000000000
JQ:/rc/cr: 0.004497590 0.004497590 0.991004821
JQ:/rc/rr: 0.000000000 0.000029813 0.999970187
JQ:/rrc/: 0.114444587 0.885555413 0.000000000
JQ:/rrc/cr: 0.001251124 0.000011173 0.998737703
JQ:/rrc/rr: 0.000000000 0.000129687 0.999870313
K:/: 0.759357758 0.240642242 0.000000000
K:/cr: 0.669917082 0.330069066 0.000013852
K:/rr: 0.000000000 0.999993415 0.000006585
KJ:/cc/: 0.000058114 0.999941886 0.000000000
KJ:/cc/cr: 0.000050292 0.000008941 0.999940766
KJ:/cc/rr: 0.000000000 0.821232981 0.178767019
KJ:/crc/: 0.000044684 0.999955316 0.000000000
KJ:/crc/cr: 0.000616401 0.999376604 0.000006995
KJ:/crc/rr: 0.000000000 0.765205819 0.234794181
KJ:/crrc/: 0.089866534 0.910133466 0.000000000
KJ:/crrc/cr: 0.003069481 0.987606270 0.009324249
KJ:/crrc/rr: 0.000000000 0.535185262 0.464814738
KJ:/rc/: 0.066586714 0.933413286 0.000000000
KJ:/rc/cr: 0.008368843 0.961836168 0.029794989
KJ:/rc/rr: 0.000000000 0.289794466 0.710205534
KJ:/rrc/: 0.102353879 0.897646121 0.000000000
KJ:/rrc/cr: 0.000126035 0.999563430 0.000310535
KJ:/rrc/rr: 0.000000000 0.566810757 0.433189243
KK:/cc/: 0.994044768 0.005955232 0.000000000
KK:/cc/cr: 0.997674008 0.001162996 0.001162996
KK:/cc/rr: 0.000000000 0.999989549 0.000010451
KK:/crc/: 0.206029880 0.793970120 0.000000000
KK:/crc/cr: 0.999982381 0.000008809 0.000008809
KK:/crc/rr: 0.000000000 0.999949077 0.000050923
KK:/crrc/: 0.985068783 0.014931217 0.000000000
KK:/crrc/cr: 0.999538396 0.000230802 0.000230802
KK:/crrc/rr: 0.000000000 0.999994752 0.000005248
KK:/rc/: 0.894897375 0.105102625 0.000000000
KK:/rc/cr: 0.999958234 0.000020883 0.000020883
KK:/rc/rr: 0.000000000 0.999996321 0.000003679
KK:/rrc/: 0.532885327 0.467114673 0.000000000
KK:/rrc/cr: 0.999995301 0.000002349 0.000002349
KK:/rrc/rr: 0.000000000 0.999996911 0.000003089
KQ:/cc/: 0.000302275 0.999697725 0.000000000
KQ:/cc/cr: 0.000054757 0.435554835 0.564390407
KQ:/cc/rr: 0.000000000 0.965631047 0.034368953
KQ:/crc/: 0.876358506 0.123641494 0.000000000
KQ:/crc/cr: 0.000411275 0.569537402 0.430051323
KQ:/crc/rr: 0.000000000 0.000023779 0.999976221
KQ:/crrc/: 0.027037495 0.972962505 0.000000000
KQ:/crrc/cr: 0.040098510 0.659669704 0.300231786
KQ:/crrc/rr: 0.000000000 0.439967636 0.560032364
KQ:/rc/: 0.000066139 0.999933861 0.000000000
KQ:/rc/cr: 0.000030503 0.503948441 0.496021055
KQ:/rc/rr: 0.000000000 0.950222350 0.049777650
KQ:/rrc/: 0.689040925 0.310959075 0.000000000
KQ:/rrc/cr: 0.023527681 0.881868049 0.094604270
KQ:/rrc/rr: 0.000000000 0.383652474 0.616347526
Q:/: 0.738551321 0.261448679 0.000000000
Q:/cr: 0.150071217 0.848375065 0.001553719
Q:/rr: 0.000000000 0.999993230 0.000006770
QJ:/cc/: 0.000019124 0.999980876 0.000000000
QJ:/cc/cr: 0.000020942 0.000006375 0.999972683
QJ:/cc/rr: 0.000000000 0.500000000 0.500000000
QJ:/crc/: 0.028898378 0.971101622 0.000000000
QJ:/crc/cr: 0.003727177 0.000002579 0.996270244
QJ:/crc/rr: 0.000000000 0.000130008 0.999869992
QJ:/crrc/: 0.008688152 0.991311848 0.000000000
QJ:/crrc/cr: 0.000178518 0.000014283 0.999807199
QJ:/crrc/rr: 0.000000000 0.002444598 0.997555402
QJ:/rc/: 0.009180076 0.990819924 0.000000000
QJ:/rc/cr: 0.000083572 0.000002278 0.999914150
QJ:/rc/rr: 0.000000000 0.000368734 0.999631266
QJ:/rrc/: 0.000003385 0.999996615 0.000000000
QJ:/rrc/cr: 0.000001301 0.000001128 0.999997571
QJ:/rrc/rr: 0.000000000 0.500000000 0.500000000
QK:/cc/: 0.495360747 0.504639253 0.000000000
QK:/cc/cr: 0.003097120 0.996225293 0.000677587
QK:/cc/rr: 0.000000000 0.806111654 0.193888346
QK:/crc/: 0.001560380 0.998439620 0.000000000
QK:/crc/cr: 0.000002509 0.558969401 0.441028090
QK:/crc/rr: 0.000000000 0.002407764 0.997592236
QK:/crrc/: 0.911280352 0.088719648 0.000000000
QK:/crrc/cr: 0.000261612 0.629467409 0.370270979
QK:/crrc/rr: 0.000000000 0.000613518 0.999386482
QK:/rc/: 0.457256181 0.542743819 0.000000000
QK:/rc/cr: 0.064617337 0.506348802 0.429033860
QK:/rc/rr: 0.000000000 0.182989677 0.817010323
QK:/rrc/: 0.123115039 0.876884961 0.000000000
QK:/rrc/cr: 0.000001287 0.311895216 0.688103498
QK:/rrc/rr: 0.000000000 0.000664646 0.999335354
QQ:/cc/: 0.563994109 0.436005891 0.000000000
QQ:/cc/cr: 0.999970758 0.000014621 0.000014621
QQ:/cc/rr: 0.000000000 0.999983046 0.000016954
QQ:/crc/: 0.990033360 0.009966640 0.000000000
QQ:/crc/cr: 0.999497386 0.000251307 0.000251307
QQ:/crc/rr: 0.000000000 0.999996205 0.000003795
QQ:/crrc/: 0.203148776 0.796851224 0.000000000
QQ:/crrc/cr: 0.999964462 0.000017769 0.000017769
QQ:/crrc/rr: 0.000000000 0.999895451 0.000104549
QQ:/rc/: 0.595185583 0.404814417 0.000000000
QQ:/rc/cr: 0.999988851 0.000005575 0.000005575
QQ:/rc/rr: 0.000000000 0.999994313 0.000005687
QQ:/rrc/: 0.978843616 0.021156384 0.000000000
QQ:/rrc/cr: 0.999893333 0.000053333 0.000053333
QQ:/rrc/rr: 0.000000000 0.999998271 0.000001729
