J:/c: 0.287966191 0.712033809 0.000000000
J:/crr: 0.000000000 0.999982637 0.000017363
J:/r: 0.054718635 0.130336528 0.814944836
JJ:/cc/c: 0.999992978 0.000007022 0.000000000
JJ:/cc/crr: 0.000000000 0.999996489 0.000003511
JJ:/cc/r: 0.999982779 0.000012540 0.000004681
JJ:/crc/c: 0.999982637 0.000017363 0.000000000
JJ:/crc/crr: 0.000000000 0.999991318 0.000008682
JJ:/crc/r: 0.999976849 0.000011575 0.000011575
JJ:/crrc/c: 0.999991318 0.000008682 0.000000000
JJ:/crrc/crr: 0.000000000 0.999995659 0.000004341
JJ:/crrc/r: 0.999988424 0.000005788 0.000005788
JJ:/rc/c: 0.999974425 0.000025575 0.000000000
JJ:/rc/crr: 0.000000000 0.999987212 0.000012788
JJ:/rc/r: 0.999963772 0.000019178 0.000017050
JJ:/rrc/c: 0.999939082 0.000060918 0.000000000
JJ:/rrc/crr: 0.000000000 0.999969539 0.000030461
JJ:/rrc/r: 0.999734616 0.000224772 0.000040612
JK:/cc/c: 0.006360254 0.993639746 0.000000000
JK:/cc/crr: 0.000000000 0.000552033 0.999447967
JK:/cc/r: 0.000010555 0.000004681 0.999984764
JK:/crc/c: 0.528248537 0.471751463 0.000000000
JK:/crc/crr: 0.000000000 0.000016435 0.999983565
JK:/crc/r: 0.129960859 0.000011575 0.870027565
JK:/crrc/c: 0.390936374 0.609063626 0.000000000
JK:/crrc/crr: 0.000000000 0.000011104 0.999988896
JK:/crrc/r: 0.208840648 0.000005788 0.791153564
JK:/rc/c: 0.376911820 0.623088180 0.000000000
JK:/rc/crr: 0.000000000 0.000033927 0.999966073
JK:/rc/r: 0.361504182 0.000017050 0.638478768
JK:/rrc/c: 0.999617771 0.000382229 0.000000000
JK:/rrc/crr: 0.000000000 0.000030470 0.999969530
JK:/rrc/r: 0.275523584 0.000040612 0.724435805
JQ:/cc/c: 0.070611162 0.929388838 0.000000000
JQ:/cc/crr: 0.000000000 0.000049724 0.999950276
JQ:/cc/r: 0.037895724 0.000004681 0.962099595
JQ:/crc/c: 0.474676184 0.525323816 0.000000000
JQ:/crc/crr: 0.000000000 0.000018289 0.999981711
JQ:/crc/r: 0.075034645 0.000011575 0.924953779
JQ:/crrc/c: 0.039224405 0.960775595 0.000000000
JQ:/crrc/crr: 0.000000000 0.000110667 0.999889333
JQ:/crrc/r: 0.218978015 0.000005788 0.781016197
JQ:/rc/c: 0.987109689 0.012890311 0.000000000
JQ:/rc/crr: 0.000000000 0.000012954 0.999987046
JQ:/rc/r: 0.000017050 0.000017050 0.999965900
JQ:/rrc/c: 0.017753988 0.982246012 0.000000000
JQ:/rrc/crr: 0.000000000 0.001715606 0.998284394
JQ:/rrc/r: 0.453162057 0.000040612 0.546797331
K:/c: 0.999969300 0.000030700 0.000000000
K:/crr: 0.000000000 0.999995000 0.000005000
K:/r: 0.574578900 0.425414433 0.000006667
KJ:/cc/c: 0.497728339 0.502271661 0.000000000
KJ:/cc/crr: 0.000000000 0.836390134 0.163609866
KJ:/cc/r: 0.549416772 0.220705437 0.229877791
KJ:/crc/c: 0.171854864 0.828145136 0.000000000
KJ:/crc/crr: 0.000000000 0.999985452 0.000014548
KJ:/crc/r: 0.000100756 0.736860603 0.263038642
KJ:/crrc/c: 0.445611370 0.554388630 0.000000000
KJ:/crrc/crr: 0.000000000 0.855547722 0.144452278
KJ:/crrc/r: 0.032961605 0.833198398 0.133839997
KJ:/rc/c: 0.414118529 0.585881471 0.000000000
KJ:/rc/crr: 0.000000000 0.902775294 0.097224706
KJ:/rc/r: 0.023583215 0.755710329 0.220706456
KJ:/rrc/c: 0.212083682 0.787916318 0.000000000
KJ:/rrc/crr: 0.000000000 0.996658380 0.003341620
KJ:/rrc/r: 0.030238236 0.918904055 0.050857709
KK:/cc/c: 0.837133466 0.162866534 0.000000000
KK:/cc/crr: 0.000000000 0.902723675 0.097276325
KK:/cc/r: 0.599029432 0.292392879 0.108577689
KK:/crc/c: 0.999995000 0.000005000 0.000000000
KK:/crc/crr: 0.000000000 0.999997500 0.000002500
KK:/crc/r: 0.934514895 0.065481771 0.000003333
KK:/crrc/c: 0.999997500 0.000002500 0.000000000
KK:/crrc/crr: 0.000000000 0.999998750 0.000001250
KK:/crrc/r: 0.999996667 0.000001667 0.000001667
KK:/rc/c: 0.999992165 0.000007835 0.000000000
KK:/rc/crr: 0.000000000 0.999996082 0.000003918
KK:/rc/r: 0.999979869 0.000014907 0.000005224
KK:/rrc/c: 0.999994199 0.000005801 0.000000000
KK:/rrc/crr: 0.000000000 0.999997099 0.000002901
KK:/rrc/r: 0.999977420 0.000018712 0.000003868
KQ:/cc/c: 0.837133466 0.162866534 0.000000000
KQ:/cc/crr: 0.000000000 0.902723675 0.097276325
KQ:/cc/r: 0.548999114 0.249630314 0.201370572
KQ:/crc/c: 0.189025078 0.810974922 0.000000000
KQ:/crc/crr: 0.000000000 0.001495183 0.998504817
KQ:/crc/r: 0.000079549 0.443850076 0.556070375
KQ:/crrc/c: 0.611842347 0.388157653 0.000000000
KQ:/crrc/crr: 0.000000000 0.390742291 0.609257709
KQ:/crrc/r: 0.008041749 0.608166074 0.383792178
KQ:/rc/c: 0.007690570 0.992309430 0.000000000
KQ:/rc/crr: 0.000000000 0.003136474 0.996863526
KQ:/rc/r: 0.000024912 0.313714478 0.686260610
KQ:/rrc/c: 0.481412768 0.518587232 0.000000000
KQ:/rrc/crr: 0.000000000 0.599539541 0.400460459
KQ:/rrc/r: 0.060514011 0.580530613 0.358955376
Q:/c: 0.845602668 0.154397332 0.000000000
Q:/crr: 0.000000000 0.999994087 0.000005913
Q:/r: 0.353472299 0.645997317 0.000530383
QJ:/cc/c: 0.000687563 0.999312437 0.000000000
QJ:/cc/crr: 0.000000000 0.023549843 0.976450157
QJ:/cc/r: 0.000048008 0.000021589 0.999930403
QJ:/crc/c: 0.429682010 0.570317990 0.000000000
QJ:/crc/crr: 0.000000000 0.047710139 0.952289861
QJ:/crc/r: 0.000012924 0.000003942 0.999983134
QJ:/crrc/c: 0.000147863 0.999852137 0.000000000
QJ:/crrc/crr: 0.000000000 0.009997362 0.990002638
QJ:/crrc/r: 0.022072506 0.000001971 0.977925523
QJ:/rc/c: 0.000065240 0.999934760 0.000000000
QJ:/rc/crr: 0.000000000 0.039546414 0.960453586
QJ:/rc/r: 0.016229220 0.000003440 0.983767340
QJ:/rrc/c: 0.000284426 0.999715574 0.000000000
QJ:/rrc/crr: 0.000000000 0.016577720 0.983422280
QJ:/rrc/r: 0.000088608 0.000010727 0.999900665
QK:/cc/c: 0.021827851 0.978172149 0.000000000
QK:/cc/crr: 0.000000000 0.999258196 0.000741804
QK:/cc/r: 0.000147213 0.742178575 0.257674213
QK:/crc/c: 0.377677115 0.622322885 0.000000000
QK:/crc/crr: 0.000000000 0.010641940 0.989358060
QK:/crc/r: 0.001011138 0.427265053 0.571723809
QK:/crrc/c: 0.271334481 0.728665519 0.000000000
QK:/crrc/crr: 0.000000000 0.001242241 0.998757759
QK:/crrc/r: 0.000068966 0.284085218 0.715845815
QK:/rc/c: 0.365764344 0.634235656 0.000000000
QK:/rc/crr: 0.000000000 0.002897078 0.997102922
QK:/rc/r: 0.000007086 0.304435546 0.695557368
QK:/rrc/c: 0.428024180 0.571975820 0.000000000
QK:/rrc/crr: 0.000000000 0.055115456 0.944884544
QK:/rrc/r: 0.000343963 0.515839030 0.483817008
QQ:/cc/c: 0.999967616 0.000032384 0.000000000
QQ:/cc/crr: 0.000000000 0.999983807 0.000016193
QQ:/cc/r: 0.999919401 0.000059009 0.000021589
QQ:/crc/c: 0.999994087 0.000005913 0.000000000
QQ:/crc/crr: 0.000000000 0.999997044 0.000002956
QQ:/crc/r: 0.776695123 0.223300935 0.000003942
QQ:/crrc/c: 0.999997044 0.000002956 0.000000000
QQ:/crrc/crr: 0.000000000 0.999998522 0.000001478
QQ:/crrc/r: 0.999996058 0.000001971 0.000001971
QQ:/rc/c: 0.999994840 0.000005160 0.000000000
QQ:/rc/crr: 0.000000000 0.999997420 0.000002580
QQ:/rc/r: 0.999992798 0.000003762 0.000003440
QQ:/rrc/c: 0.999990570 0.000009430 0.000000000
QQ:/rrc/crr: 0.000000000 0.999995285 0.000004715
QQ:/rrc/r: 0.999955944 0.000037769 0.000006287
