J:/: 0.083086661 0.916913339 0.000000000
J:/cr: 0.017575695 0.037784392 0.944639914
J:/rr: 0.000000000 0.999939822 0.000060178
JJ:/cc/: 0.000298748 0.999701252 0.000000000
JJ:/cc/cr: 0.999996364 0.000001818 0.000001818
JJ:/cc/rr: 0.000000000 0.990873452 0.009126548
JJ:/crc/: 0.923326397 0.076673603 0.000000000
JJ:/crc/cr: 0.999581716 0.000209142 0.000209142
JJ:/crc/rr: 0.000000000 0.999973949 0.000026051
JJ:/crrc/: 0.936236292 0.063763708 0.000000000
JJ:/crrc/cr: 0.998918708 0.000540646 0.000540646
JJ:/crrc/rr: 0.000000000 0.999944768 0.000055232
JJ:/rc/: 0.901950718 0.098049282 0.000000000
JJ:/rc/cr: 0.999590831 0.000204585 0.000204585
JJ:/rc/rr: 0.000000000 0.999966640 0.000033360
JJ:/rrc/: 0.996189148 0.003810852 0.000000000
JJ:/rrc/cr: 0.994735932 0.002632034 0.002632034
JJ:/rrc/rr: 0.000000000 0.999984897 0.000015103
JK:/cc/: 0.077271334 0.922728666 0.000000000
JK:/cc/cr: 0.000120488 0.000001970 0.999877542
JK:/cc/rr: 0.000000000 0.000035285 0.999964715
JK:/crc/: 0.053896780 0.946103220 0.000000000
JK:/crc/cr: 0.030849192 0.000016949 0.969133859
JK:/crc/rr: 0.000000000 0.000446288 0.999553712
JK:/crrc/: 0.999809326 0.000190674 0.000000000
JK:/crrc/cr: 0.180798302 0.180798302 0.638403395
JK:/crrc/rr: 0.000000000 0.000051720 0.999948280
JK:/rc/: 0.987306519 0.012693481 0.000000000
JK:/rc/cr: 0.901928857 0.001580290 0.096490853
JK:/rc/rr: 0.000000000 0.000030476 0.999969524
JK:/rrc/: 0.506977396 0.493022604 0.000000000
JK:/rrc/cr: 0.746557186 0.000020344 0.253422470
JK:/rrc/rr: 0.000000000 0.000029677 0.999970323
JQ:/cc/: 0.208668337 0.791331663 0.000000000
JQ:/cc/cr: 0.000008008 0.000002297 0.999989695
JQ:/cc/rr: 0.000000000 0.000013066 0.999986934
JQ:/crc/: 0.990251460 0.009748540 0.000000000
JQ:/crc/cr: 0.045380691 0.001644929 0.952974380
JQ:/crc/rr: 0.000000000 0.000024290 0.999975710
JQ:/crrc/: 0.034252688 0.965747312 0.000000000
JQ:/crrc/cr: 0.075688511 0.000035696 0.924275792
JQ:/crrc/rr: 0.000000000 0.001509674 0.998490326
JQ:/rc/: 0.995365278 0.004634722 0.000000000
JQ:/rc/cr: 0.004328065 0.004328065 0.991343870
JQ:/rc/rr: 0.000000000 0.000030229 0.999969771
JQ:/rrc/: 0.114384760 0.885615240 0.000000000
JQ:/rrc/cr: 0.002036803 0.000011326 0.997951872
JQ:/rrc/rr: 0.000000000 0.000131534 0.999868466
K:/: 0.758618194 0.241381806 0.000000000
K:/cr: 0.665551426 0.334434764 0.000013809
K:/rr: 0.000000000 0.999993409 0.000006591
KJ:/cc/: 0.000057576 0.999942424 0.000000000
KJ:/cc/cr: 0.000050288 0.000009018 0.999940693
KJ:/cc/rr: 0.000000000 0.820114744 0.179885256
KJ:/crc/: 0.000043786 0.999956214 0.000000000
KJ:/crc/cr: 0.000065256 0.999927861 0.000006882
KJ:/crc/rr: 0.000000000 0.764242656 0.235757344
KJ:/crrc/: 0.066158028 0.933841972 0.000000000
KJ:/crrc/cr: 0.002231763 0.993328895 0.004439342
KJ:/crrc/rr: 0.000000000 0.504698706 0.495301294
KJ:/rc/: 0.050771036 0.949228964 0.000000000
KJ:/rc/cr: 0.006581995 0.956476091 0.036941913
KJ:/rc/rr: 0.000000000 0.265369094 0.734630906
KJ:/rrc/: 0.101163207 0.898836793 0.000000000
KJ:/rrc/cr: 0.000553414 0.998862925 0.000583661
KJ:/rrc/rr: 0.000000000 0.517488377 0.482511623
KK:/cc/: 0.996868426 0.003131574 0.000000000
KK:/cc/cr: 0.995590275 0.002204863 0.002204863
KK:/cc/rr: 0.000000000 0.999989610 0.000010390
KK:/crc/: 0.146956810 0.853043190 0.000000000
KK:/crc/cr: 0.999983865 0.000008068 0.000008068
KK:/crc/rr: 0.000000000 0.999929755 0.000070245
KK:/crrc/: 0.983098349 0.016901651 0.000000000
KK:/crrc/cr: 0.999590794 0.000204603 0.000204603
KK:/crrc/rr: 0.000000000 0.999994724 0.000005276
KK:/rc/: 0.869082317 0.130917683 0.000000000
KK:/rc/cr: 0.999966437 0.000016781 0.000016781
KK:/rc/rr: 0.000000000 0.999996208 0.000003792
KK:/rrc/: 0.542246903 0.457753097 0.000000000
KK:/rrc/cr: 0.999995200 0.000002400 0.000002400
KK:/rrc/rr: 0.000000000 0.999996961 0.000003039
KQ:/cc/: 0.000095689 0.999904311 0.000000000
KQ:/cc/cr: 0.000049767 0.418908771 0.581041462
KQ:/cc/rr: 0.000000000 0.891763572 0.108236428
KQ:/crc/: 0.894850681 0.105149319 0.000000000
KQ:/crc/cr: 0.000479868 0.553922016 0.445598115
KQ:/crc/rr: 0.000000000 0.000022235 0.999977765
KQ:/crrc/: 0.018438284 0.981561716 0.000000000
KQ:/crrc/cr: 0.054367313 0.644414472 0.301218215
KQ:/crrc/rr: 0.000000000 0.414287419 0.585712581
KQ:/rc/: 0.000050883 0.999949117 0.000000000
KQ:/rc/cr: 0.000041580 0.495337153 0.504621267
KQ:/rc/rr: 0.000000000 0.935234340 0.064765660
KQ:/rrc/: 0.688409775 0.311590225 0.000000000
KQ:/rrc/cr: 0.026960888 0.850948650 0.122090462
KQ:/rrc/rr: 0.000000000 0.393436146 0.606563854
Q:/: 0.733024909 0.266975091 0.000000000
Q:/cr: 0.148634867 0.850011736 0.001353397
Q:/rr: 0.000000000 0.999993179 0.000006821
QJ:/cc/: 0.000018728 0.999981272 0.000000000
QJ:/cc/cr: 0.000020099 0.000006243 0.999973658
QJ:/cc/rr: 0.000000000 0.500000000 0.500000000
QJ:/crc/: 0.028193765 0.971806235 0.000000000
QJ:/crc/cr: 0.004189507 0.000002519 0.995807974
QJ:/crc/rr: 0.000000000 0.000130248 0.999869752
QJ:/crrc/: 0.012592687 0.987407313 0.000000000
QJ:/crrc/cr: 0.000207321 0.000014179 0.999778500
QJ:/crrc/rr: 0.000000000 0.001667665 0.998332335
QJ:/rc/: 0.013553306 0.986446694 0.000000000
QJ:/rc/cr: 0.000003832 0.000002305 0.999993863
QJ:/rc/rr: 0.000000000 0.000251638 0.999748362
QJ:/rrc/: 0.000003411 0.999996589 0.000000000
QJ:/rrc/cr: 0.000001309 0.000001137 0.999997554
QJ:/rrc/rr: 0.000000000 0.500000000 0.500000000
QK:/cc/: 0.444648900 0.555351100 0.000000000
QK:/cc/cr: 0.065910503 0.934068196 0.000021302
QK:/cc/rr: 0.000000000 0.999978940 0.000021060
QK:/crc/: 0.011102777 0.988897223 0.000000000
QK:/crc/cr: 0.000002476 0.577053701 0.422943824
QK:/crc/rr: 0.000000000 0.000330744 0.999669256
QK:/crrc/: 0.911004488 0.088995512 0.000000000
QK:/crrc/cr: 0.000249540 0.600246477 0.399503983
QK:/crrc/rr: 0.000000000 0.000604556 0.999395444
QK:/rc/: 0.458084809 0.541915191 0.000000000
QK:/rc/cr: 0.042458762 0.508501722 0.449039516
QK:/rc/rr: 0.000000000 0.187427239 0.812572761
QK:/rrc/: 0.121744844 0.878255156 0.000000000
QK:/rrc/cr: 0.000001294 0.299700451 0.700298254
QK:/rrc/rr: 0.000000000 0.000678577 0.999321423
QQ:/cc/: 0.543322790 0.456677210 0.000000000
QQ:/cc/cr: 0.999972660 0.000013670 0.000013670
QQ:/cc/rr: 0.000000000 0.999982765 0.000017235
QQ:/crc/: 0.987326591 0.012673409 0.000000000
QQ:/crc/cr: 0.999613661 0.000193169 0.000193169
QQ:/crc/rr: 0.000000000 0.999996281 0.000003719
QQ:/crrc/: 0.191108100 0.808891900 0.000000000
QQ:/crrc/cr: 0.999965384 0.000017308 0.000017308
QQ:/crrc/rr: 0.000000000 0.999890113 0.000109887
QQ:/rc/: 0.552853260 0.447146740 0.000000000
QQ:/rc/cr: 0.999989830 0.000005085 0.000005085
QQ:/rc/rr: 0.000000000 0.999993831 0.000006169
QQ:/rrc/: 0.976921528 0.023078472 0.000000000
QQ:/rrc/cr: 0.999901480 0.000049260 0.000049260
QQ:/rrc/rr: 0.000000000 0.999998254 0.000001746
