J:/c: 0.301773590 0.698226410 0.000000000
J:/crr: 0.000000000 0.999983431 0.000016569
J:/r: 0.053955517 0.124416038 0.821628445
JJ:/cc/c: 0.999992839 0.000007161 0.000000000
JJ:/cc/crr: 0.000000000 0.999996419 0.000003581
JJ:/cc/r: 0.999990452 0.000004774 0.000004774
JJ:/crc/c: 0.999983431 0.000016569 0.000000000
JJ:/crc/crr: 0.000000000 0.999991716 0.000008284
JJ:/crc/r: 0.999885206 0.000103748 0.000011046
JJ:/crrc/c: 0.999991716 0.000008284 0.000000000
JJ:/crrc/crr: 0.000000000 0.999995858 0.000004142
JJ:/crrc/r: 0.999971998 0.000022479 0.000005523
JJ:/rc/c: 0.999973208 0.000026792 0.000000000
JJ:/rc/crr: 0.000000000 0.999986604 0.000013396
JJ:/rc/r: 0.999963123 0.000019016 0.000017861
JJ:/rrc/c: 0.999938221 0.000061779 0.000000000
JJ:/rrc/crr: 0.000000000 0.999969108 0.000030892
JJ:/rrc/r: 0.999887770 0.000071043 0.000041186
JK:/cc/c: 0.004452532 0.995547468 0.000000000
JK:/cc/crr: 0.000000000 0.000804149 0.999195851
JK:/cc/r: 0.000004774 0.000004774 0.999990452
JK:/crc/c: 0.511839257 0.488160743 0.000000000
JK:/crc/crr: 0.000000000 0.000016185 0.999983815
JK:/crc/r: 0.013018264 0.000011046 0.986970690
JK:/crrc/c: 0.450567801 0.549432199 0.000000000
JK:/crrc/crr: 0.000000000 0.000009193 0.999990807
JK:/crrc/r: 0.214482588 0.000005523 0.785511889
JK:/rc/c: 0.379373327 0.620626673 0.000000000
JK:/rc/crr: 0.000000000 0.000035311 0.999964689
JK:/rc/r: 0.361487246 0.000017861 0.638494893
JK:/rrc/c: 0.999938221 0.000061779 0.000000000
JK:/rrc/crr: 0.000000000 0.000030892 0.999969108
JK:/rrc/r: 0.324832731 0.000041186 0.675126083
JQ:/cc/c: 0.066954389 0.933045611 0.000000000
JQ:/cc/crr: 0.000000000 0.000053477 0.999946523
JQ:/cc/r: 0.038729766 0.000004774 0.961265460
JQ:/crc/c: 0.548609369 0.451390631 0.000000000
JQ:/crc/crr: 0.000000000 0.000015101 0.999984899
JQ:/crc/r: 0.001431814 0.000011046 0.998557140
JQ:/crrc/c: 0.031192351 0.968807649 0.000000000
JQ:/crrc/crr: 0.000000000 0.000132797 0.999867203
JQ:/crrc/r: 0.231457978 0.000005523 0.768536499
JQ:/rc/c: 0.998793415 0.001206585 0.000000000
JQ:/rc/crr: 0.000000000 0.000013412 0.999986588
JQ:/rc/r: 0.000017861 0.000017861 0.999964278
JQ:/rrc/c: 0.005426807 0.994573193 0.000000000
JQ:/rrc/crr: 0.000000000 0.005692047 0.994307953
JQ:/rrc/r: 0.460215895 0.000041186 0.539742919
K:/c: 0.999990000 0.000010000 0.000000000
K:/crr: 0.000000000 0.999995000 0.000005000
K:/r: 0.591639081 0.408354252 0.000006667
KJ:/cc/c: 0.500000000 0.500000000 0.000000000
KJ:/cc/crr: 0.000000000 0.500000000 0.500000000
KJ:/cc/r: 0.333333333 0.333333333 0.333333333
KJ:/crc/c: 0.187360883 0.812639117 0.000000000
KJ:/crc/crr: 0.000000000 0.999986657 0.000013343
KJ:/crc/r: 0.000031271 0.758217288 0.241751441
KJ:/crrc/c: 0.429133732 0.570866268 0.000000000
KJ:/crrc/crr: 0.000000000 0.990035226 0.009964774
KJ:/crrc/r: 0.000650875 0.999347458 0.000001667
KJ:/rc/c: 0.420457971 0.579542029 0.000000000
KJ:/rc/crr: 0.000000000 0.928271212 0.071728788
KJ:/rc/r: 0.028706622 0.806934736 0.164358642
KJ:/rrc/c: 0.490660040 0.509339960 0.000000000
KJ:/rrc/crr: 0.000000000 0.999994259 0.000005741
KJ:/rrc/r: 0.012082859 0.987913385 0.000003756
KK:/cc/c: 0.500000000 0.500000000 0.000000000
KK:/cc/crr: 0.000000000 0.500000000 0.500000000
KK:/cc/r: 0.333333333 0.333333333 0.333333333
KK:/crc/c: 0.999995000 0.000005000 0.000000000
KK:/crc/crr: 0.000000000 0.999997500 0.000002500
KK:/crc/r: 0.980093942 0.019902725 0.000003333
KK:/crrc/c: 0.999997500 0.000002500 0.000000000
KK:/crrc/crr: 0.000000000 0.999998750 0.000001250
KK:/crrc/r: 0.999955040 0.000043293 0.000001667
KK:/rc/c: 0.999991837 0.000008163 0.000000000
KK:/rc/crr: 0.000000000 0.999995919 0.000004081
KK:/rc/r: 0.999980612 0.000013946 0.000005442
KK:/rrc/c: 0.999994366 0.000005634 0.000000000
KK:/rrc/crr: 0.000000000 0.999997183 0.000002817
KK:/rrc/r: 0.998645637 0.001350607 0.000003756
KQ:/cc/c: 0.500000000 0.500000000 0.000000000
KQ:/cc/crr: 0.000000000 0.500000000 0.500000000
KQ:/cc/r: 0.333333333 0.333333333 0.333333333
KQ:/crc/c: 0.000133767 0.999866233 0.000000000
KQ:/crc/crr: 0.000000000 0.895184566 0.104815434
KQ:/crc/r: 0.000019219 0.440542751 0.559438030
KQ:/crrc/c: 0.634654470 0.365345530 0.000000000
KQ:/crrc/crr: 0.000000000 0.394575346 0.605424654
KQ:/crrc/r: 0.000252956 0.691724051 0.308022993
KQ:/rc/c: 0.000008163 0.999991837 0.000000000
KQ:/rc/crr: 0.000000000 0.500000000 0.500000000
KQ:/rc/r: 0.000016554 0.299993730 0.699989716
KQ:/rrc/c: 0.513554683 0.486445317 0.000000000
KQ:/rrc/crr: 0.000000000 0.503560770 0.496439230
KQ:/rrc/r: 0.081172789 0.535022780 0.383804431
Q:/c: 0.852922612 0.147077388 0.000000000
Q:/crr: 0.000000000 0.999994138 0.000005862
Q:/r: 0.379939135 0.620017512 0.000043353
QJ:/cc/c: 0.000033996 0.999966004 0.000000000
QJ:/cc/crr: 0.000000000 0.500000000 0.500000000
QJ:/cc/r: 0.000022664 0.000022664 0.999954672
QJ:/crc/c: 0.389407107 0.610592893 0.000000000
QJ:/crc/crr: 0.000000000 0.002875000 0.997125000
QJ:/crc/r: 0.000230124 0.000003908 0.999765968
QJ:/crrc/c: 0.000002931 0.999997069 0.000000000
QJ:/crrc/crr: 0.000000000 0.500000000 0.500000000
QJ:/crrc/r: 0.000001954 0.000001954 0.999996092
QJ:/rc/c: 0.000045868 0.999954132 0.000000000
QJ:/rc/crr: 0.000000000 0.058605498 0.941394502
QJ:/rc/r: 0.000005896 0.000003584 0.999990520
QJ:/rrc/c: 0.000103194 0.999896806 0.000000000
QJ:/rrc/crr: 0.000000000 0.042508814 0.957491186
QJ:/rrc/r: 0.000026973 0.000005849 0.999967178
QK:/cc/c: 0.081351519 0.918648481 0.000000000
QK:/cc/crr: 0.000000000 0.999791057 0.000208943
QK:/cc/r: 0.000063943 0.760582029 0.239354029
QK:/crc/c: 0.368094747 0.631905253 0.000000000
QK:/crc/crr: 0.000000000 0.000326883 0.999673117
QK:/crc/r: 0.000038114 0.514758186 0.485203700
QK:/crrc/c: 0.187431739 0.812568261 0.000000000
QK:/crrc/crr: 0.000000000 0.000806657 0.999193343
QK:/crrc/r: 0.000022627 0.291664543 0.708312831
QK:/rc/c: 0.374235227 0.625764773 0.000000000
QK:/rc/crr: 0.000000000 0.004609897 0.995390103
QK:/rc/r: 0.000004165 0.317725093 0.682270742
QK:/rrc/c: 0.448800236 0.551199764 0.000000000
QK:/rrc/crr: 0.000000000 0.055416442 0.944583558
QK:/rrc/r: 0.000068787 0.515433041 0.484498172
QQ:/cc/c: 0.999966004 0.000033996 0.000000000
QQ:/cc/crr: 0.000000000 0.999983002 0.000016998
QQ:/cc/r: 0.999922223 0.000055114 0.000022664
QQ:/crc/c: 0.999994138 0.000005862 0.000000000
QQ:/crc/crr: 0.000000000 0.999997069 0.000002931
QQ:/crc/r: 0.999954593 0.000041499 0.000003908
QQ:/crrc/c: 0.999997069 0.000002931 0.000000000
QQ:/crrc/crr: 0.000000000 0.999998534 0.000001466
QQ:/crrc/r: 0.998905490 0.001092556 0.000001954
QQ:/rc/c: 0.999994624 0.000005376 0.000000000
QQ:/rc/crr: 0.000000000 0.999997312 0.000002688
QQ:/rc/r: 0.963325575 0.036670840 0.000003584
QQ:/rrc/c: 0.999991227 0.000008773 0.000000000
QQ:/rrc/crr: 0.000000000 0.999995613 0.000004387
QQ:/rrc/r: 0.999955734 0.000038417 0.000005849
