J:/: 0.072474589 0.927525411 0.000000000
J:/cr: 0.018168369 0.035971121 0.945860510
J:/rr: 0.000000000 0.999931010 0.000068990
JJ:/cc/: 0.000027111 0.999972889 0.000000000
JJ:/cc/cr: 0.999996406 0.000001797 0.000001797
JJ:/cc/rr: 0.000000000 0.900580871 0.099419129
JJ:/crc/: 0.997221094 0.002778906 0.000000000
JJ:/crc/cr: 0.988015945 0.005992027 0.005992027
JJ:/crc/rr: 0.000000000 0.999974953 0.000025047
JJ:/crrc/: 0.983026192 0.016973808 0.000000000
JJ:/crrc/cr: 0.996115488 0.001942256 0.001942256
JJ:/crrc/rr: 0.000000000 0.999949695 0.000050305
JJ:/rc/: 0.919390639 0.080609361 0.000000000
JJ:/rc/cr: 0.999429432 0.000285284 0.000285284
JJ:/rc/rr: 0.000000000 0.999962481 0.000037519
JJ:/rrc/: 0.996576759 0.003423241 0.000000000
JJ:/rrc/cr: 0.993281760 0.003359120 0.003359120
JJ:/rrc/rr: 0.000000000 0.999982692 0.000017308
JK:/cc/: 0.078754316 0.921245684 0.000000000
JK:/cc/cr: 0.000909803 0.000001951 0.999088246
JK:/cc/rr: 0.000000000 0.000034225 0.999965775
JK:/crc/: 0.064009203 0.935990797 0.000000000
JK:/crc/cr: 0.024971912 0.000017790 0.975010298
JK:/crc/rr: 0.000000000 0.000390208 0.999609792
JK:/crrc/: 0.999901098 0.000098902 0.000000000
JK:/crrc/cr: 0.333333333 0.333333333 0.333333333
JK:/crrc/rr: 0.000000000 0.000049456 0.999950544
JK:/rc/: 0.995140865 0.004859135 0.000000000
JK:/rc/cr: 0.990534708 0.004732646 0.004732646
JK:/rc/rr: 0.000000000 0.000034663 0.999965337
JK:/rrc/: 0.561981971 0.438018029 0.000000000
JK:/rrc/cr: 0.977489042 0.000026253 0.022484705
JK:/rrc/rr: 0.000000000 0.000030692 0.999969308
JQ:/cc/: 0.169595557 0.830404443 0.000000000
JQ:/cc/cr: 0.000002164 0.000002164 0.999995672
JQ:/cc/rr: 0.000000000 0.000015893 0.999984107
JQ:/crc/: 0.988213114 0.011786886 0.000000000
JQ:/crc/cr: 0.801041663 0.001412696 0.197545641
JQ:/crc/rr: 0.000000000 0.000025275 0.999974725
JQ:/crrc/: 0.013288699 0.986711301 0.000000000
JQ:/crrc/cr: 0.161883143 0.000033411 0.838083445
JQ:/crrc/rr: 0.000000000 0.003721299 0.996278701
JQ:/rc/: 0.999931010 0.000068990 0.000000000
JQ:/rc/cr: 0.333333333 0.333333333 0.333333333
JQ:/rc/rr: 0.000000000 0.000034497 0.999965503
JQ:/rrc/: 0.108278635 0.891721365 0.000000000
JQ:/rrc/cr: 0.000012895 0.000012895 0.999974209
JQ:/rrc/rr: 0.000000000 0.000159298 0.999840702
K:/: 0.748008973 0.251991027 0.000000000
K:/cr: 0.679018648 0.320968124 0.000013228
K:/rr: 0.000000000 0.999993316 0.000006684
KJ:/cc/: 0.000019842 0.999980158 0.000000000
KJ:/cc/cr: 0.000006614 0.000006614 0.999986772
KJ:/cc/rr: 0.000000000 0.500000000 0.500000000
KJ:/crc/: 0.000045445 0.999954555 0.000000000
KJ:/crc/cr: 0.000029092 0.999964039 0.000006869
KJ:/crc/rr: 0.000000000 0.773283489 0.226716511
KJ:/crrc/: 0.047831447 0.952168553 0.000000000
KJ:/crrc/cr: 0.000595218 0.997616463 0.001788319
KJ:/crrc/rr: 0.000000000 0.465311657 0.534688343
KJ:/rc/: 0.059729903 0.940270097 0.000000000
KJ:/rc/cr: 0.005609271 0.975033530 0.019357199
KJ:/rc/rr: 0.000000000 0.384447823 0.615552177
KJ:/rrc/: 0.082025637 0.917974363 0.000000000
KJ:/rrc/cr: 0.000019732 0.999902479 0.000077789
KJ:/rrc/rr: 0.000000000 0.570784009 0.429215991
KK:/cc/: 0.984926167 0.015073833 0.000000000
KK:/cc/cr: 0.999122454 0.000438773 0.000438773
KK:/cc/rr: 0.000000000 0.999989927 0.000010073
KK:/crc/: 0.124459493 0.875540507 0.000000000
KK:/crc/cr: 0.999984310 0.000007845 0.000007845
KK:/crc/rr: 0.000000000 0.999917217 0.000082783
KK:/crrc/: 0.994467632 0.005532368 0.000000000
KK:/crrc/cr: 0.998826239 0.000586880 0.000586880
KK:/crrc/rr: 0.000000000 0.999995103 0.000004897
KK:/rc/: 0.811874019 0.188125981 0.000000000
KK:/rc/cr: 0.999976312 0.000011844 0.000011844
KK:/rc/rr: 0.000000000 0.999995883 0.000004117
KK:/rrc/: 0.517602538 0.482397462 0.000000000
KK:/rrc/cr: 0.999995381 0.000002309 0.000002309
KK:/rrc/rr: 0.000000000 0.999996771 0.000003229
KQ:/cc/: 0.000051182 0.999948818 0.000000000
KQ:/cc/cr: 0.000037107 0.452392690 0.547570202
KQ:/cc/rr: 0.000000000 0.806161797 0.193838203
KQ:/crc/: 0.888046702 0.111953298 0.000000000
KQ:/crc/cr: 0.000367515 0.668082780 0.331549705
KQ:/crc/rr: 0.000000000 0.000028006 0.999971994
KQ:/crrc/: 0.004792891 0.995207109 0.000000000
KQ:/crrc/cr: 0.019484344 0.675004065 0.305511591
KQ:/crrc/rr: 0.000000000 0.273905182 0.726094818
KQ:/rc/: 0.000006684 0.999993316 0.000000000
KQ:/rc/cr: 0.000010521 0.484972969 0.515016511
KQ:/rc/rr: 0.000000000 0.500000000 0.500000000
KQ:/rrc/: 0.710534736 0.289465264 0.000000000
KQ:/rrc/cr: 0.023848025 0.868169722 0.107982253
KQ:/rrc/rr: 0.000000000 0.396721093 0.603278907
Q:/: 0.737901036 0.262098964 0.000000000
Q:/cr: 0.157928703 0.841262402 0.000808895
Q:/rr: 0.000000000 0.999993224 0.000006776
QJ:/cc/: 0.000019077 0.999980923 0.000000000
QJ:/cc/cr: 0.000006359 0.000006359 0.999987282
QJ:/cc/rr: 0.000000000 0.500000000 0.500000000
QJ:/crc/: 0.030646695 0.969353305 0.000000000
QJ:/crc/cr: 0.000194245 0.000002599 0.999803156
QJ:/crc/rr: 0.000000000 0.000123321 0.999876679
QJ:/crrc/: 0.036451979 0.963548021 0.000000000
QJ:/crrc/cr: 0.000013929 0.000013929 0.999972141
QJ:/crrc/rr: 0.000000000 0.000552295 0.999447705
QJ:/rc/: 0.008564661 0.991435339 0.000000000
QJ:/rc/cr: 0.000002278 0.000002278 0.999995444
QJ:/rc/rr: 0.000000000 0.000395578 0.999604422
QJ:/rrc/: 0.000003388 0.999996612 0.000000000
QJ:/rrc/cr: 0.000001129 0.000001129 0.999997741
QJ:/rrc/rr: 0.000000000 0.500000000 0.500000000
QK:/cc/: 0.601857812 0.398142188 0.000000000
QK:/cc/cr: 0.097588709 0.902389964 0.000021328
QK:/cc/rr: 0.000000000 0.999984152 0.000015848
QK:/crc/: 0.000008717 0.999991283 0.000000000
QK:/crc/cr: 0.000003002 0.546175282 0.453821716
QK:/crc/rr: 0.000000000 0.566417383 0.433582617
QK:/crrc/: 0.982518360 0.017481640 0.000000000
QK:/crrc/cr: 0.001164442 0.128311032 0.870524526
QK:/crrc/rr: 0.000000000 0.000536764 0.999463236
QK:/rc/: 0.443846664 0.556153336 0.000000000
QK:/rc/cr: 0.002206232 0.528754232 0.469039535
QK:/rc/rr: 0.000000000 0.206409130 0.793590870
QK:/rrc/: 0.112500215 0.887499785 0.000000000
QK:/rrc/cr: 0.000001272 0.297413689 0.702585039
QK:/rrc/rr: 0.000000000 0.000248032 0.999751968
QQ:/cc/: 0.597170222 0.402829778 0.000000000
QQ:/cc/cr: 0.999968429 0.000015786 0.000015786
QQ:/cc/rr: 0.000000000 0.999984027 0.000015973
QQ:/crc/: 0.995409777 0.004590223 0.000000000
QQ:/crc/cr: 0.998902191 0.000548905 0.000548905
QQ:/crc/rr: 0.000000000 0.999996203 0.000003797
QQ:/crrc/: 0.090775906 0.909224094 0.000000000
QQ:/crrc/cr: 0.999970477 0.000014761 0.000014761
QQ:/crrc/rr: 0.000000000 0.999778220 0.000221780
QQ:/rc/: 0.502048798 0.497951202 0.000000000
QQ:/rc/cr: 0.999990701 0.000004763 0.000004536
QQ:/rc/rr: 0.000000000 0.999993252 0.000006748
QQ:/rrc/: 0.978400238 0.021599762 0.000000000
QQ:/rrc/cr: 0.999895431 0.000052285 0.000052285
QQ:/rrc/rr: 0.000000000 0.999998269 0.000001731
