J:/c: 0.291933280 0.708066720 0.000000000
J:/crr: 0.000000000 0.999982873 0.000017127
J:/r: 0.055370817 0.128209742 0.816419442
JJ:/cc/c: 0.999992939 0.000007061 0.000000000
JJ:/cc/crr: 0.000000000 0.999996469 0.000003531
JJ:/cc/r: 0.999990585 0.000004708 0.000004708
JJ:/crc/c: 0.999982873 0.000017127 0.000000000
JJ:/crc/crr: 0.000000000 0.999991436 0.000008564
JJ:/crc/r: 0.999853749 0.000134833 0.000011418
JJ:/crrc/c: 0.999991436 0.000008564 0.000000000
JJ:/crrc/crr: 0.000000000 0.999995718 0.000004282
JJ:/crrc/r: 0.999972979 0.000021312 0.000005709
JJ:/rc/c: 0.999974001 0.000025999 0.000000000
JJ:/rc/crr: 0.000000000 0.999987000 0.000013000
JJ:/rc/r: 0.999962035 0.000020632 0.000017333
JJ:/rrc/c: 0.999939800 0.000060200 0.000000000
JJ:/rrc/crr: 0.000000000 0.999969898 0.000030102
JJ:/rrc/r: 0.999810627 0.000149239 0.000040133
JK:/cc/c: 0.009169191 0.990830809 0.000000000
JK:/cc/crr: 0.000000000 0.000385066 0.999614934
JK:/cc/r: 0.000004708 0.000004708 0.999990585
JK:/crc/c: 0.527422933 0.472577067 0.000000000
JK:/crc/crr: 0.000000000 0.000016237 0.999983763
JK:/crc/r: 0.064941444 0.000011418 0.935047138
JK:/crrc/c: 0.508498165 0.491501835 0.000000000
JK:/crrc/crr: 0.000000000 0.000008421 0.999991579
JK:/crrc/r: 0.180104276 0.000005709 0.819890014
JK:/rc/c: 0.376725308 0.623274692 0.000000000
JK:/rc/crr: 0.000000000 0.000034507 0.999965493
JK:/rc/r: 0.365861235 0.000017333 0.634121433
JK:/rrc/c: 0.999890379 0.000109621 0.000000000
JK:/rrc/crr: 0.000000000 0.000030103 0.999969897
JK:/rrc/r: 0.280957712 0.000040133 0.719002155
JQ:/cc/c: 0.074707911 0.925292089 0.000000000
JQ:/cc/crr: 0.000000000 0.000047261 0.999952739
JQ:/cc/r: 0.038853885 0.000004708 0.961141407
JQ:/crc/c: 0.528286948 0.471713052 0.000000000
JQ:/crc/crr: 0.000000000 0.000016210 0.999983790
JQ:/crc/r: 0.054740157 0.000011418 0.945248425
JQ:/crrc/c: 0.047860718 0.952139282 0.000000000
JQ:/crrc/crr: 0.000000000 0.000089465 0.999910535
JQ:/crrc/r: 0.191384268 0.000005709 0.808610023
JQ:/rc/c: 0.996288541 0.003711459 0.000000000
JQ:/rc/crr: 0.000000000 0.000013048 0.999986952
JQ:/rc/r: 0.000017333 0.000017333 0.999965335
JQ:/rrc/c: 0.016285995 0.983714005 0.000000000
JQ:/rrc/crr: 0.000000000 0.001848219 0.998151781
JQ:/rrc/r: 0.411586004 0.000040133 0.588373863
K:/c: 0.999945934 0.000054066 0.000000000
K:/crr: 0.000000000 0.999995000 0.000005000
K:/r: 0.579977515 0.420015818 0.000006667
KJ:/cc/c: 0.094133579 0.905866421 0.000000000
KJ:/cc/crr: 0.000000000 0.508784191 0.491215809
KJ:/cc/r: 0.291388524 0.127012500 0.581598976
KJ:/crc/c: 0.127675070 0.872324930 0.000000000
KJ:/crc/crr: 0.000000000 0.999980418 0.000019582
KJ:/crc/r: 0.000037067 0.725028641 0.274934292
KJ:/crrc/c: 0.400880261 0.599119739 0.000000000
KJ:/crrc/crr: 0.000000000 0.999996882 0.000003118
KJ:/crrc/r: 0.010864266 0.899317208 0.089818526
KJ:/rc/c: 0.476138462 0.523861538 0.000000000
KJ:/rc/crr: 0.000000000 0.750428011 0.249571989
KJ:/rc/r: 0.025093806 0.742002043 0.232904150
KJ:/rrc/c: 0.220250656 0.779749344 0.000000000
KJ:/rrc/crr: 0.000000000 0.999986953 0.000013047
KJ:/rrc/r: 0.032833193 0.906187174 0.060979633
KK:/cc/c: 0.907520196 0.092479804 0.000000000
KK:/cc/crr: 0.000000000 0.949048074 0.050951926
KK:/cc/r: 0.770679954 0.167666843 0.061653203
KK:/crc/c: 0.999995000 0.000005000 0.000000000
KK:/crc/crr: 0.000000000 0.999997500 0.000002500
KK:/crc/r: 0.999982938 0.000013728 0.000003334
KK:/crrc/c: 0.999997500 0.000002500 0.000000000
KK:/crrc/crr: 0.000000000 0.999998750 0.000001250
KK:/crrc/r: 0.999994606 0.000003727 0.000001667
KK:/rc/c: 0.999992064 0.000007936 0.000000000
KK:/rc/crr: 0.000000000 0.999996032 0.000003968
KK:/rc/r: 0.999978639 0.000016070 0.000005291
KK:/rrc/c: 0.999994253 0.000005747 0.000000000
KK:/rrc/crr: 0.000000000 0.999997126 0.000002874
KK:/rrc/r: 0.999805703 0.000190465 0.000003832
KQ:/cc/c: 0.465963235 0.534036765 0.000000000
KQ:/cc/crr: 0.000000000 0.900764913 0.099235087
KQ:/cc/r: 0.279198525 0.657154020 0.063647454
KQ:/crc/c: 0.045677801 0.954322199 0.000000000
KQ:/crc/crr: 0.000000000 0.005257847 0.994742153
KQ:/crc/r: 0.000016299 0.434383689 0.565600012
KQ:/crrc/c: 0.598122615 0.401877385 0.000000000
KQ:/crrc/crr: 0.000000000 0.385497771 0.614502229
KQ:/crrc/r: 0.000333203 0.715477654 0.284189143
KQ:/rc/c: 0.000526330 0.999473670 0.000000000
KQ:/rc/crr: 0.000000000 0.012127860 0.987872140
KQ:/rc/r: 0.000021858 0.302991190 0.696986953
KQ:/rrc/c: 0.522276216 0.477723784 0.000000000
KQ:/rrc/crr: 0.000000000 0.508244474 0.491755526
KQ:/rrc/r: 0.084618426 0.540051846 0.375329728
Q:/c: 0.845408222 0.154591778 0.000000000
Q:/crr: 0.000000000 0.999994086 0.000005914
Q:/r: 0.359994651 0.639945736 0.000059613
QJ:/cc/c: 0.000356210 0.999643790 0.000000000
QJ:/cc/crr: 0.000000000 0.045399186 0.954600814
QJ:/cc/r: 0.000021562 0.000021562 0.999956876
QJ:/crc/c: 0.429034481 0.570965519 0.000000000
QJ:/crc/crr: 0.000000000 0.034379167 0.965620833
QJ:/crc/r: 0.000279530 0.000003943 0.999716527
QJ:/crrc/c: 0.000059830 0.999940170 0.000000000
QJ:/crrc/crr: 0.000000000 0.024713179 0.975286821
QJ:/crrc/r: 0.020400735 0.000001971 0.979597293
QJ:/rc/c: 0.000040297 0.999959703 0.000000000
QJ:/rc/crr: 0.000000000 0.064629419 0.935370581
QJ:/rc/r: 0.019128548 0.000003473 0.980867979
QJ:/rrc/c: 0.000204583 0.999795417 0.000000000
QJ:/rrc/crr: 0.000000000 0.022629897 0.977370103
QJ:/rrc/r: 0.000052664 0.000006173 0.999941163
QK:/cc/c: 0.019305058 0.980694942 0.000000000
QK:/cc/crr: 0.000000000 0.999162312 0.000837688
QK:/cc/r: 0.000089860 0.719049073 0.280861067
QK:/crc/c: 0.366242635 0.633757365 0.000000000
QK:/crc/crr: 0.000000000 0.000919807 0.999080193
QK:/crc/r: 0.000137758 0.436791435 0.563070807
QK:/crrc/c: 0.028870609 0.971129391 0.000000000
QK:/crrc/crr: 0.000000000 0.004599757 0.995400243
QK:/crrc/r: 0.000052554 0.303730630 0.696216816
QK:/rc/c: 0.376611664 0.623388336 0.000000000
QK:/rc/crr: 0.000000000 0.000459501 0.999540499
QK:/rc/r: 0.000019626 0.310742549 0.689237825
QK:/rrc/c: 0.425398730 0.574601270 0.000000000
QK:/rrc/crr: 0.000000000 0.054039673 0.945960327
QK:/rrc/r: 0.000072792 0.507034885 0.492892323
QQ:/cc/c: 0.999967657 0.000032343 0.000000000
QQ:/cc/crr: 0.000000000 0.999983828 0.000016172
QQ:/cc/r: 0.999936478 0.000041959 0.000021562
QQ:/crc/c: 0.999994086 0.000005914 0.000000000
QQ:/crc/crr: 0.000000000 0.999997043 0.000002957
QQ:/crc/r: 0.999953655 0.000042402 0.000003943
QQ:/crrc/c: 0.999997043 0.000002957 0.000000000
QQ:/crrc/crr: 0.000000000 0.999998521 0.000001479
QQ:/crrc/r: 0.999996057 0.000001971 0.000001971
QQ:/rc/c: 0.999994791 0.000005209 0.000000000
QQ:/rc/crr: 0.000000000 0.999997396 0.000002604
QQ:/rc/r: 0.999991807 0.000004720 0.000003473
QQ:/rrc/c: 0.999990741 0.000009259 0.000000000
QQ:/rrc/crr: 0.000000000 0.999995370 0.000004630
QQ:/rrc/r: 0.999960692 0.000033135 0.000006173
