J:/c: 0.303682059 0.696317941 0.000000000
J:/crr: 0.000000000 0.999983535 0.000016465
J:/r: 0.054171029 0.125016071 0.820812900
JJ:/cc/c: 0.999992819 0.000007181 0.000000000
JJ:/cc/crr: 0.000000000 0.999996410 0.000003590
JJ:/cc/r: 0.999990426 0.000004787 0.000004787
JJ:/crc/c: 0.999983535 0.000016465 0.000000000
JJ:/crc/crr: 0.000000000 0.999991768 0.000008232
JJ:/crc/r: 0.999661390 0.000327633 0.000010976
JJ:/crrc/c: 0.999991768 0.000008232 0.000000000
JJ:/crrc/crr: 0.000000000 0.999995884 0.000004116
JJ:/crrc/r: 0.999970895 0.000023616 0.000005488
JJ:/rc/c: 0.999973337 0.000026663 0.000000000
JJ:/rc/crr: 0.000000000 0.999986668 0.000013332
JJ:/rc/r: 0.999957632 0.000024593 0.000017775
JJ:/rrc/c: 0.999938466 0.000061534 0.000000000
JJ:/rrc/crr: 0.000000000 0.999969231 0.000030769
JJ:/rrc/r: 0.999884692 0.000074286 0.000041022
JK:/cc/c: 0.004722462 0.995277538 0.000000000
JK:/cc/crr: 0.000000000 0.000760263 0.999239737
JK:/cc/r: 0.000004787 0.000004787 0.999990426
JK:/crc/c: 0.505777351 0.494222649 0.000000000
JK:/crc/crr: 0.000000000 0.000016277 0.999983723
JK:/crc/r: 0.055700896 0.000010976 0.944288128
JK:/crrc/c: 0.483037377 0.516962623 0.000000000
JK:/crrc/crr: 0.000000000 0.000008522 0.999991478
JK:/crrc/r: 0.227258553 0.000005488 0.772735959
JK:/rc/c: 0.389669517 0.610330483 0.000000000
JK:/rc/crr: 0.000000000 0.000034213 0.999965787
JK:/rc/r: 0.359786233 0.000017775 0.640195992
JK:/rrc/c: 0.999938466 0.000061534 0.000000000
JK:/rrc/crr: 0.000000000 0.000030769 0.999969231
JK:/rrc/r: 0.294127159 0.000041022 0.705831818
JQ:/cc/c: 0.069189757 0.930810243 0.000000000
JQ:/cc/crr: 0.000000000 0.000051891 0.999948109
JQ:/cc/r: 0.037329718 0.000004787 0.962665495
JQ:/crc/c: 0.565904291 0.434095709 0.000000000
JQ:/crc/crr: 0.000000000 0.000014547 0.999985453
JQ:/crc/r: 0.040560426 0.000010976 0.959428598
JQ:/crrc/c: 0.006381679 0.993618321 0.000000000
JQ:/crrc/crr: 0.000000000 0.000645005 0.999354995
JQ:/crrc/r: 0.054433218 0.000005488 0.945561293
JQ:/rc/c: 0.997954314 0.002045686 0.000000000
JQ:/rc/crr: 0.000000000 0.000013359 0.999986641
JQ:/rc/r: 0.000017775 0.000017775 0.999964449
JQ:/rrc/c: 0.009100989 0.990899011 0.000000000
JQ:/rrc/crr: 0.000000000 0.003380594 0.996619406
JQ:/rrc/r: 0.427826788 0.000041022 0.572132189
K:/c: 0.999924061 0.000075939 0.000000000
K:/crr: 0.000000000 0.999995000 0.000005000
K:/r: 0.576039551 0.423953782 0.000006667
KJ:/cc/c: 0.065842040 0.934157960 0.000000000
KJ:/cc/crr: 0.000000000 0.500000000 0.500000000
KJ:/cc/r: 0.043894693 0.043894693 0.912210613
KJ:/crc/c: 0.083701028 0.916298972 0.000000000
KJ:/crc/crr: 0.000000000 0.999970130 0.000029870
KJ:/crc/r: 0.000031148 0.732647797 0.267321055
KJ:/crrc/c: 0.380184286 0.619815714 0.000000000
KJ:/crrc/crr: 0.000000000 0.999996712 0.000003288
KJ:/crrc/r: 0.000012571 0.970586500 0.029400929
KJ:/rc/c: 0.407224065 0.592775935 0.000000000
KJ:/rc/crr: 0.000000000 0.846563861 0.153436139
KJ:/rc/r: 0.056100722 0.738705105 0.205194173
KJ:/rrc/c: 0.487353588 0.512646412 0.000000000
KJ:/rrc/crr: 0.000000000 0.999994063 0.000005937
KJ:/rrc/r: 0.015128946 0.938261613 0.046609441
KK:/cc/c: 0.934157960 0.065842040 0.000000000
KK:/cc/crr: 0.000000000 0.964758615 0.035241385
KK:/cc/r: 0.912210613 0.043894693 0.043894693
KK:/crc/c: 0.999995000 0.000005000 0.000000000
KK:/crc/crr: 0.000000000 0.999997500 0.000002500
KK:/crc/r: 0.983569297 0.016427369 0.000003334
KK:/crrc/c: 0.999997500 0.000002500 0.000000000
KK:/crrc/crr: 0.000000000 0.999998750 0.000001250
KK:/crrc/r: 0.999962389 0.000035944 0.000001667
KK:/rc/c: 0.999992138 0.000007862 0.000000000
KK:/rc/crr: 0.000000000 0.999996069 0.000003931
KK:/rc/r: 0.999980452 0.000014306 0.000005242
KK:/rrc/c: 0.999994213 0.000005787 0.000000000
KK:/rrc/crr: 0.000000000 0.999997107 0.000002893
KK:/rrc/r: 0.998767601 0.001228541 0.000003858
KQ:/cc/c: 0.065842040 0.934157960 0.000000000
KQ:/cc/crr: 0.000000000 0.500000000 0.500000000
KQ:/cc/r: 0.043894693 0.912210613 0.043894693
KQ:/crc/c: 0.000260090 0.999739910 0.000000000
KQ:/crc/crr: 0.000000000 0.990387208 0.009612792
KQ:/crc/r: 0.000019323 0.432592065 0.567388612
KQ:/crrc/c: 0.671924171 0.328075829 0.000000000
KQ:/crrc/crr: 0.000000000 0.433382117 0.566617883
KQ:/crrc/r: 0.000026383 0.802773080 0.197200538
KQ:/rc/c: 0.000113414 0.999886586 0.000000000
KQ:/rc/crr: 0.000000000 0.034662665 0.965337335
KQ:/rc/r: 0.000013919 0.293380307 0.706605775
KQ:/rrc/c: 0.506718675 0.493281325 0.000000000
KQ:/rrc/crr: 0.000000000 0.483060626 0.516939374
KQ:/rrc/r: 0.082724245 0.542221100 0.375054655
Q:/c: 0.853327260 0.146672740 0.000000000
Q:/crr: 0.000000000 0.999994141 0.000005859
Q:/r: 0.364277581 0.635684993 0.000037426
QJ:/cc/c: 0.000034089 0.999965911 0.000000000
QJ:/cc/crr: 0.000000000 0.500000000 0.500000000
QJ:/cc/r: 0.000022726 0.000022726 0.999954547
QJ:/crc/c: 0.424127304 0.575872696 0.000000000
QJ:/crc/crr: 0.000000000 0.000050589 0.999949411
QJ:/crc/r: 0.000003906 0.000003906 0.999992187
QJ:/crrc/c: 0.000002930 0.999997070 0.000000000
QJ:/crrc/crr: 0.000000000 0.500000000 0.500000000
QJ:/crrc/r: 0.000001953 0.000001953 0.999996094
QJ:/rc/c: 0.000005244 0.999994756 0.000000000
QJ:/rc/crr: 0.000000000 0.500000000 0.500000000
QJ:/rc/r: 0.005054239 0.000003496 0.994942266
QJ:/rrc/c: 0.000111689 0.999888311 0.000000000
QJ:/rrc/crr: 0.000000000 0.040964434 0.959035566
QJ:/rrc/r: 0.000019698 0.000006100 0.999974202
QK:/cc/c: 0.036144242 0.963855758 0.000000000
QK:/cc/crr: 0.000000000 0.999528424 0.000471576
QK:/cc/r: 0.000067246 0.735363195 0.264569559
QK:/crc/c: 0.359271083 0.640728917 0.000000000
QK:/crc/crr: 0.000000000 0.000361566 0.999638434
QK:/crc/r: 0.000034510 0.440786864 0.559178626
QK:/crrc/c: 0.096404407 0.903595593 0.000000000
QK:/crrc/crr: 0.000000000 0.001142880 0.998857120
QK:/crrc/r: 0.000032214 0.284871472 0.715096313
QK:/rc/c: 0.374680703 0.625319297 0.000000000
QK:/rc/crr: 0.000000000 0.001691817 0.998308183
QK:/rc/r: 0.000011155 0.317945467 0.682043378
QK:/rrc/c: 0.426093571 0.573906429 0.000000000
QK:/rrc/crr: 0.000000000 0.053560456 0.946439544
QK:/rrc/r: 0.000067606 0.509188994 0.490743401
QQ:/cc/c: 0.999965911 0.000034089 0.000000000
QQ:/cc/crr: 0.000000000 0.999982955 0.000017045
QQ:/cc/r: 0.999270315 0.000706958 0.000022726
QQ:/crc/c: 0.999994141 0.000005859 0.000000000
QQ:/crc/crr: 0.000000000 0.999997070 0.000002930
QQ:/crc/r: 0.999947282 0.000048812 0.000003906
QQ:/crrc/c: 0.999997070 0.000002930 0.000000000
QQ:/crrc/crr: 0.000000000 0.999998535 0.000001465
QQ:/crrc/r: 0.999996094 0.000001953 0.000001953
QQ:/rc/c: 0.999994756 0.000005244 0.000000000
QQ:/rc/crr: 0.000000000 0.999997378 0.000002622
QQ:/rc/r: 0.999991791 0.000004713 0.000003496
QQ:/rrc/c: 0.999990849 0.000009151 0.000000000
QQ:/rrc/crr: 0.000000000 0.999995425 0.000004575
QQ:/rrc/r: 0.999957058 0.000036842 0.000006100
