J:/c: 0.317016956 0.682983044 0.000000000
J:/crr: 0.000000000 0.999984228 0.000015772
J:/r: 0.054852908 0.129876787 0.815270305
JJ:/cc/c: 0.999992679 0.000007321 0.000000000
JJ:/cc/crr: 0.000000000 0.999996340 0.000003660
JJ:/cc/r: 0.999884418 0.000110701 0.000004881
JJ:/crc/c: 0.999984228 0.000015772 0.000000000
JJ:/crc/crr: 0.000000000 0.999992114 0.000007886
JJ:/crc/r: 0.999794076 0.000195410 0.000010515
JJ:/crrc/c: 0.999992114 0.000007886 0.000000000
JJ:/crrc/crr: 0.000000000 0.999996057 0.000003943
JJ:/crrc/r: 0.999989485 0.000005257 0.000005257
JJ:/rc/c: 0.999974335 0.000025665 0.000000000
JJ:/rc/crr: 0.000000000 0.999987167 0.000012833
JJ:/rc/r: 0.999853366 0.000129524 0.000017110
JJ:/rrc/c: 0.999939231 0.000060769 0.000000000
JJ:/rrc/crr: 0.000000000 0.999969614 0.000030386
JJ:/rrc/r: 0.999918975 0.000040512 0.000040512
JK:/cc/c: 0.000007321 0.999992679 0.000000000
JK:/cc/crr: 0.000000000 0.500000000 0.500000000
JK:/cc/r: 0.000004881 0.000004881 0.999990239
JK:/crc/c: 0.493037782 0.506962218 0.000000000
JK:/crc/crr: 0.000000000 0.000015995 0.999984005
JK:/crc/r: 0.023528936 0.000010515 0.976460550
JK:/crrc/c: 0.864383938 0.135616062 0.000000000
JK:/crrc/crr: 0.000000000 0.000004562 0.999995438
JK:/crrc/r: 0.172862445 0.000005257 0.827132298
JK:/rc/c: 0.382711665 0.617288335 0.000000000
JK:/rc/crr: 0.000000000 0.000033531 0.999966469
JK:/rc/r: 0.355850366 0.000017110 0.644132524
JK:/rrc/c: 0.999939231 0.000060769 0.000000000
JK:/rrc/crr: 0.000000000 0.000030386 0.999969614
JK:/rrc/r: 0.321907134 0.000040512 0.678052353
JQ:/cc/c: 0.072931970 0.927068030 0.000000000
JQ:/cc/crr: 0.000000000 0.000050189 0.999949811
JQ:/cc/r: 0.021485264 0.000004881 0.978509855
JQ:/crc/c: 0.543517341 0.456482659 0.000000000
JQ:/crc/crr: 0.000000000 0.000014509 0.999985491
JQ:/crc/r: 0.000010515 0.000010515 0.999978971
JQ:/crrc/c: 0.019335375 0.980664625 0.000000000
JQ:/crrc/crr: 0.000000000 0.000203930 0.999796070
JQ:/crrc/r: 0.001220650 0.000005257 0.998774093
JQ:/rc/c: 0.999393028 0.000606972 0.000000000
JQ:/rc/crr: 0.000000000 0.000012840 0.999987160
JQ:/rc/r: 0.000017110 0.000017110 0.999965780
JQ:/rrc/c: 0.000060769 0.999939231 0.000000000
JQ:/rrc/crr: 0.000000000 0.500000000 0.500000000
JQ:/rrc/r: 0.586943626 0.000040512 0.413015862
K:/c: 0.999990000 0.000010000 0.000000000
K:/crr: 0.000000000 0.999995000 0.000005000
K:/r: 0.574209105 0.425784228 0.000006667
KJ:/cc/c: 0.500000000 0.500000000 0.000000000
KJ:/cc/crr: 0.000000000 0.500000000 0.500000000
KJ:/cc/r: 0.333333333 0.333333333 0.333333333
KJ:/crc/c: 0.098497211 0.901502789 0.000000000
KJ:/crc/crr: 0.000000000 0.999974618 0.000025382
KJ:/crc/r: 0.000005304 0.735571930 0.264422766
KJ:/crrc/c: 0.535625081 0.464374919 0.000000000
KJ:/crrc/crr: 0.000000000 0.999997666 0.000002334
KJ:/crrc/r: 0.000333435 0.999627689 0.000038877
KJ:/rc/c: 0.485712986 0.514287014 0.000000000
KJ:/rc/crr: 0.000000000 0.732393338 0.267606662
KJ:/rc/r: 0.001992469 0.862093036 0.135914494
KJ:/rrc/c: 0.103834020 0.896165980 0.000000000
KJ:/rrc/crr: 0.000000000 0.999972046 0.000027954
KJ:/rrc/r: 0.000135064 0.964029027 0.035835909
KK:/cc/c: 0.500000000 0.500000000 0.000000000
KK:/cc/crr: 0.000000000 0.500000000 0.500000000
KK:/cc/r: 0.333333333 0.333333333 0.333333333
KK:/crc/c: 0.999995000 0.000005000 0.000000000
KK:/crc/crr: 0.000000000 0.999997500 0.000002500
KK:/crc/r: 0.997253775 0.002742892 0.000003333
KK:/crrc/c: 0.999997500 0.000002500 0.000000000
KK:/crrc/crr: 0.000000000 0.999998750 0.000001250
KK:/crrc/r: 0.998976719 0.001021615 0.000001667
KK:/rc/c: 0.999992171 0.000007829 0.000000000
KK:/rc/crr: 0.000000000 0.999996086 0.000003914
KK:/rc/r: 0.999973511 0.000021270 0.000005219
KK:/rrc/c: 0.999994195 0.000005805 0.000000000
KK:/rrc/crr: 0.000000000 0.999997097 0.000002903
KK:/rrc/r: 0.995757635 0.004238495 0.000003870
KQ:/cc/c: 0.500000000 0.500000000 0.000000000
KQ:/cc/crr: 0.000000000 0.500000000 0.500000000
KQ:/cc/r: 0.333333333 0.333333333 0.333333333
KQ:/crc/c: 0.140445835 0.859554165 0.000000000
KQ:/crc/crr: 0.000000000 0.000550478 0.999449522
KQ:/crc/r: 0.000010849 0.443459069 0.556530082
KQ:/crrc/c: 0.636397232 0.363602768 0.000000000
KQ:/crrc/crr: 0.000000000 0.417149657 0.582850343
KQ:/crrc/r: 0.000019631 0.864063893 0.135916476
KQ:/rc/c: 0.000007829 0.999992171 0.000000000
KQ:/rc/crr: 0.000000000 0.500000000 0.500000000
KQ:/rc/r: 0.000008176 0.302547049 0.697444776
KQ:/rrc/c: 0.503305228 0.496694772 0.000000000
KQ:/rrc/crr: 0.000000000 0.469566564 0.530433436
KQ:/rrc/r: 0.000137130 0.670605763 0.329257107
Q:/c: 0.838470125 0.161529875 0.000000000
Q:/crr: 0.000000000 0.999994037 0.000005963
Q:/r: 0.354224564 0.645746027 0.000029409
QJ:/cc/c: 0.000030954 0.999969046 0.000000000
QJ:/cc/crr: 0.000000000 0.500000000 0.500000000
QJ:/cc/r: 0.000020636 0.000020636 0.999958728
QJ:/crc/c: 0.407338361 0.592661639 0.000000000
QJ:/crc/crr: 0.000000000 0.000058587 0.999941413
QJ:/crc/r: 0.000003975 0.000003975 0.999992049
QJ:/crrc/c: 0.000002982 0.999997018 0.000000000
QJ:/crrc/crr: 0.000000000 0.500000000 0.500000000
QJ:/crrc/r: 0.000046243 0.000001988 0.999951769
QJ:/rc/c: 0.000005162 0.999994838 0.000000000
QJ:/rc/crr: 0.000000000 0.500000000 0.500000000
QJ:/rc/r: 0.001628040 0.000003441 0.998368518
QJ:/rrc/c: 0.000009410 0.999990590 0.000000000
QJ:/rrc/crr: 0.000000000 0.500000000 0.500000000
QJ:/rrc/r: 0.000006273 0.000006273 0.999987453
QK:/cc/c: 0.000156394 0.999843606 0.000000000
QK:/cc/crr: 0.000000000 0.901038541 0.098961459
QK:/cc/r: 0.000035335 0.745331077 0.254633587
QK:/crc/c: 0.344477464 0.655522536 0.000000000
QK:/crc/crr: 0.000000000 0.000196166 0.999803834
QK:/crc/r: 0.000025705 0.454873284 0.545101011
QK:/crrc/c: 0.026469974 0.973530026 0.000000000
QK:/crrc/crr: 0.000000000 0.002437051 0.997562949
QK:/crrc/r: 0.000023978 0.301130914 0.698845108
QK:/rc/c: 0.378042776 0.621957224 0.000000000
QK:/rc/crr: 0.000000000 0.000127720 0.999872280
QK:/rc/r: 0.000003853 0.318734347 0.681261800
QK:/rrc/c: 0.425192876 0.574807124 0.000000000
QK:/rrc/crr: 0.000000000 0.000472102 0.999527898
QK:/rrc/r: 0.000009134 0.484458212 0.515532654
QQ:/cc/c: 0.999969046 0.000030954 0.000000000
QQ:/cc/crr: 0.000000000 0.999984523 0.000015477
QQ:/cc/r: 0.998557320 0.001422044 0.000020636
QQ:/crc/c: 0.999994037 0.000005963 0.000000000
QQ:/crc/crr: 0.000000000 0.999997018 0.000002982
QQ:/crc/r: 0.924674675 0.075321349 0.000003975
QQ:/crrc/c: 0.999997018 0.000002982 0.000000000
QQ:/crrc/crr: 0.000000000 0.999998509 0.000001491
QQ:/crrc/r: 0.999930135 0.000067878 0.000001988
QQ:/rc/c: 0.999994838 0.000005162 0.000000000
QQ:/rc/crr: 0.000000000 0.999997419 0.000002581
QQ:/rc/r: 0.983461849 0.016534710 0.000003441
QQ:/rrc/c: 0.999990590 0.000009410 0.000000000
QQ:/rrc/crr: 0.000000000 0.999995295 0.000004705
QQ:/rrc/r: 0.999976835 0.000016891 0.000006273
