J:/c: 0.302454444 0.697545556 0.000000000
J:/crr: 0.000000000 0.999983469 0.000016531
J:/r: 0.055079361 0.129759289 0.815161350
JJ:/cc/c: 0.999992832 0.000007168 0.000000000
JJ:/cc/crr: 0.000000000 0.999996416 0.000003584
JJ:/cc/r: 0.999986681 0.000008540 0.000004779
JJ:/crc/c: 0.999983469 0.000016531 0.000000000
JJ:/crc/crr: 0.000000000 0.999991734 0.000008266
JJ:/crc/r: 0.999803555 0.000185424 0.000011021
JJ:/crrc/c: 0.999991734 0.000008266 0.000000000
JJ:/crrc/crr: 0.000000000 0.999995867 0.000004133
JJ:/crrc/r: 0.999988979 0.000005511 0.000005511
JJ:/rc/c: 0.999974311 0.000025689 0.000000000
JJ:/rc/crr: 0.000000000 0.999987155 0.000012845
JJ:/rc/r: 0.999962798 0.000020076 0.000017126
JJ:/rrc/c: 0.999939481 0.000060519 0.000000000
JJ:/rrc/crr: 0.000000000 0.999969739 0.000030261
JJ:/rrc/r: 0.999800995 0.000158659 0.000040346
JK:/cc/c: 0.005748220 0.994251780 0.000000000
JK:/cc/crr: 0.000000000 0.000623497 0.999376503
JK:/cc/r: 0.000011062 0.000004779 0.999984160
JK:/crc/c: 0.512069030 0.487930970 0.000000000
JK:/crc/crr: 0.000000000 0.000016142 0.999983858
JK:/crc/r: 0.050918599 0.000011021 0.949070380
JK:/crrc/c: 0.596051816 0.403948184 0.000000000
JK:/crrc/crr: 0.000000000 0.000006934 0.999993066
JK:/crrc/r: 0.179273888 0.000005511 0.820720601
JK:/rc/c: 0.376607146 0.623392854 0.000000000
JK:/rc/crr: 0.000000000 0.000034105 0.999965895
JK:/rc/r: 0.361096575 0.000017126 0.638886299
JK:/rrc/c: 0.999894590 0.000105410 0.000000000
JK:/rrc/crr: 0.000000000 0.000030263 0.999969737
JK:/rrc/r: 0.291725329 0.000040346 0.708234325
JQ:/cc/c: 0.076871081 0.923128919 0.000000000
JQ:/cc/crr: 0.000000000 0.000046623 0.999953377
JQ:/cc/r: 0.032301727 0.000004779 0.967693494
JQ:/crc/c: 0.529657331 0.470342669 0.000000000
JQ:/crc/crr: 0.000000000 0.000015606 0.999984394
JQ:/crc/r: 0.058852898 0.000011021 0.941136081
JQ:/crrc/c: 0.045905405 0.954094595 0.000000000
JQ:/crrc/crr: 0.000000000 0.000090031 0.999909969
JQ:/crrc/r: 0.250862245 0.000005511 0.749132245
JQ:/rc/c: 0.995495161 0.004504839 0.000000000
JQ:/rc/crr: 0.000000000 0.000012902 0.999987098
JQ:/rc/r: 0.000017126 0.000017126 0.999965749
JQ:/rrc/c: 0.026258917 0.973741083 0.000000000
JQ:/rrc/crr: 0.000000000 0.001152346 0.998847654
JQ:/rrc/r: 0.410673542 0.000040346 0.589286112
K:/c: 0.999969600 0.000030400 0.000000000
K:/crr: 0.000000000 0.999995000 0.000005000
K:/r: 0.571185602 0.428807732 0.000006667
KJ:/cc/c: 0.164472974 0.835527026 0.000000000
KJ:/cc/crr: 0.000000000 0.500000000 0.500000000
KJ:/cc/r: 0.517459117 0.227921890 0.254618993
KJ:/crc/c: 0.131044026 0.868955974 0.000000000
KJ:/crc/crr: 0.000000000 0.999980922 0.000019078
KJ:/crc/r: 0.000068415 0.727296949 0.272634636
KJ:/crrc/c: 0.415277915 0.584722085 0.000000000
KJ:/crrc/crr: 0.000000000 0.957534575 0.042465425
KJ:/crrc/r: 0.070497628 0.792397023 0.137105349
KJ:/rc/c: 0.415299669 0.584700331 0.000000000
KJ:/rc/crr: 0.000000000 0.632556739 0.367443261
KJ:/rc/r: 0.019270092 0.736327904 0.244402003
KJ:/rrc/c: 0.217079885 0.782920115 0.000000000
KJ:/rrc/crr: 0.000000000 0.999986558 0.000013442
KJ:/rrc/r: 0.042486839 0.880507190 0.077005970
KK:/cc/c: 0.835527026 0.164472974 0.000000000
KK:/cc/crr: 0.000000000 0.901575312 0.098424688
KK:/cc/r: 0.585368054 0.304983297 0.109648649
KK:/crc/c: 0.999995000 0.000005000 0.000000000
KK:/crc/crr: 0.000000000 0.999997500 0.000002500
KK:/crc/r: 0.877267613 0.122729053 0.000003333
KK:/crrc/c: 0.999997500 0.000002500 0.000000000
KK:/crrc/crr: 0.000000000 0.999998750 0.000001250
KK:/crrc/r: 0.999977861 0.000020472 0.000001667
KK:/rc/c: 0.999992227 0.000007773 0.000000000
KK:/rc/crr: 0.000000000 0.999996113 0.000003887
KK:/rc/r: 0.999981068 0.000013749 0.000005182
KK:/rrc/c: 0.999994164 0.000005836 0.000000000
KK:/rrc/crr: 0.000000000 0.999997082 0.000002918
KK:/rrc/r: 0.999844340 0.000151769 0.000003891
KQ:/cc/c: 0.829012049 0.170987951 0.000000000
KQ:/cc/crr: 0.000000000 0.900801820 0.099198180
KQ:/cc/r: 0.493169630 0.394060031 0.112770339
KQ:/crc/c: 0.036215141 0.963784859 0.000000000
KQ:/crc/crr: 0.000000000 0.001375298 0.998624702
KQ:/crc/r: 0.000024505 0.438613294 0.561362201
KQ:/crrc/c: 0.595253634 0.404746366 0.000000000
KQ:/crrc/crr: 0.000000000 0.390125824 0.609874176
KQ:/crrc/r: 0.000027060 0.664977330 0.334995609
KQ:/rc/c: 0.001904915 0.998095085 0.000000000
KQ:/rc/crr: 0.000000000 0.002040377 0.997959623
KQ:/rc/r: 0.000018926 0.306040127 0.693940947
KQ:/rrc/c: 0.514110294 0.485889706 0.000000000
KQ:/rrc/crr: 0.000000000 0.498477853 0.501522147
KQ:/rrc/r: 0.083293402 0.543870268 0.372836331
Q:/c: 0.838459568 0.161540432 0.000000000
Q:/crr: 0.000000000 0.999994037 0.000005963
Q:/r: 0.352842515 0.647128621 0.000028863
QJ:/cc/c: 0.000384313 0.999615687 0.000000000
QJ:/cc/crr: 0.000000000 0.040269223 0.959730777
QJ:/cc/r: 0.000020635 0.000020635 0.999958731
QJ:/crc/c: 0.434926280 0.565073720 0.000000000
QJ:/crc/crr: 0.000000000 0.017469566 0.982530434
QJ:/crc/r: 0.000003976 0.000003976 0.999992049
QJ:/crrc/c: 0.000002982 0.999997018 0.000000000
QJ:/crrc/crr: 0.000000000 0.500000000 0.500000000
QJ:/crrc/r: 0.020812299 0.000001988 0.979185713
QJ:/rc/c: 0.000101143 0.999898857 0.000000000
QJ:/rc/crr: 0.000000000 0.025463697 0.974536303
QJ:/rc/r: 0.019420320 0.000003434 0.980576246
QJ:/rrc/c: 0.000133784 0.999866216 0.000000000
QJ:/rrc/crr: 0.000000000 0.035307201 0.964692799
QJ:/rrc/r: 0.000085879 0.000006298 0.999907823
QK:/cc/c: 0.047170000 0.952830000 0.000000000
QK:/cc/crr: 0.000000000 0.999671910 0.000328090
QK:/cc/r: 0.000111187 0.721013186 0.278875628
QK:/crc/c: 0.362552360 0.637447640 0.000000000
QK:/crc/crr: 0.000000000 0.005271718 0.994728282
QK:/crc/r: 0.000129399 0.455345149 0.544525452
QK:/crrc/c: 0.118434378 0.881565622 0.000000000
QK:/crrc/crr: 0.000000000 0.003056794 0.996943206
QK:/crrc/r: 0.000028410 0.294576463 0.705395127
QK:/rc/c: 0.378218759 0.621781241 0.000000000
QK:/rc/crr: 0.000000000 0.000401882 0.999598118
QK:/rc/r: 0.000007892 0.308080681 0.691911427
QK:/rrc/c: 0.417045244 0.582954756 0.000000000
QK:/rrc/crr: 0.000000000 0.041316207 0.958683793
QK:/rrc/r: 0.000077786 0.505034934 0.494887280
QQ:/cc/c: 0.999969048 0.000030952 0.000000000
QQ:/cc/crr: 0.000000000 0.999984524 0.000015476
QQ:/cc/r: 0.999939436 0.000039929 0.000020635
QQ:/crc/c: 0.999994037 0.000005963 0.000000000
QQ:/crc/crr: 0.000000000 0.999997018 0.000002982
QQ:/crc/r: 0.875454050 0.124541974 0.000003976
QQ:/crrc/c: 0.999997018 0.000002982 0.000000000
QQ:/crrc/crr: 0.000000000 0.999998509 0.000001491
QQ:/crrc/r: 0.999996024 0.000001988 0.000001988
QQ:/rc/c: 0.999994849 0.000005151 0.000000000
QQ:/rc/crr: 0.000000000 0.999997425 0.000002575
QQ:/rc/r: 0.999992338 0.000004228 0.000003434
QQ:/rrc/c: 0.999990553 0.000009447 0.000000000
QQ:/rrc/crr: 0.000000000 0.999995276 0.000004724
QQ:/rrc/r: 0.999959293 0.000034409 0.000006298
