J:/c: 0.298714580 0.701285420 0.000000000
J:/crr: 0.000000000 0.999983262 0.000016738
J:/r: 0.055337743 0.124460259 0.820201998
JJ:/cc/c: 0.999992870 0.000007130 0.000000000
JJ:/cc/crr: 0.000000000 0.999996435 0.000003565
JJ:/cc/r: 0.999990494 0.000004753 0.000004753
JJ:/crc/c: 0.999983262 0.000016738 0.000000000
JJ:/crc/crr: 0.000000000 0.999991631 0.000008369
JJ:/crc/r: 0.999858481 0.000130360 0.000011159
JJ:/crrc/c: 0.999991631 0.000008369 0.000000000
JJ:/crrc/crr: 0.000000000 0.999995815 0.000004185
JJ:/crrc/r: 0.999975372 0.000019048 0.000005580
JJ:/rc/c: 0.999973218 0.000026782 0.000000000
JJ:/rc/crr: 0.000000000 0.999986608 0.000013392
JJ:/rc/r: 0.999961654 0.000020491 0.000017855
JJ:/rrc/c: 0.999939764 0.000060236 0.000000000
JJ:/rrc/crr: 0.000000000 0.999969880 0.000030120
JJ:/rrc/r: 0.999805257 0.000154585 0.000040157
JK:/cc/c: 0.005427961 0.994572039 0.000000000
JK:/cc/crr: 0.000000000 0.000656763 0.999343237
JK:/cc/r: 0.000004753 0.000004753 0.999990494
JK:/crc/c: 0.521799467 0.478200533 0.000000000
JK:/crc/crr: 0.000000000 0.000016039 0.999983961
JK:/crc/r: 0.052572875 0.000011159 0.947415966
JK:/crrc/c: 0.473060337 0.526939663 0.000000000
JK:/crrc/crr: 0.000000000 0.000008846 0.999991154
JK:/crrc/r: 0.220180030 0.000005580 0.779814391
JK:/rc/c: 0.387926072 0.612073928 0.000000000
JK:/rc/crr: 0.000000000 0.000034520 0.999965480
JK:/rc/r: 0.358174773 0.000017855 0.641807373
JK:/rrc/c: 0.999890300 0.000109700 0.000000000
JK:/rrc/crr: 0.000000000 0.000030121 0.999969879
JK:/rrc/r: 0.323402010 0.000040157 0.676557833
JQ:/cc/c: 0.075086373 0.924913627 0.000000000
JQ:/cc/crr: 0.000000000 0.000047477 0.999952523
JQ:/cc/r: 0.039813461 0.000004753 0.960181786
JQ:/crc/c: 0.523854226 0.476145774 0.000000000
JQ:/crc/crr: 0.000000000 0.000015976 0.999984024
JQ:/crc/r: 0.017545013 0.000011159 0.982443828
JQ:/crrc/c: 0.051404645 0.948595355 0.000000000
JQ:/crrc/crr: 0.000000000 0.000081406 0.999918594
JQ:/crrc/r: 0.164050844 0.000005580 0.835943576
JQ:/rc/c: 0.994324191 0.005675809 0.000000000
JQ:/rc/crr: 0.000000000 0.000013468 0.999986532
JQ:/rc/r: 0.000024108 0.000017855 0.999958037
JQ:/rrc/c: 0.013107025 0.986892975 0.000000000
JQ:/rrc/crr: 0.000000000 0.002297858 0.997702142
JQ:/rrc/r: 0.476492521 0.000040157 0.523467322
K:/c: 0.999969588 0.000030412 0.000000000
K:/crr: 0.000000000 0.999995000 0.000005000
K:/r: 0.582025877 0.417967457 0.000006667
KJ:/cc/c: 0.168070015 0.831929985 0.000000000
KJ:/cc/crr: 0.000000000 0.510898380 0.489101620
KJ:/cc/r: 0.517102787 0.227793610 0.255103604
KJ:/crc/c: 0.124646535 0.875353465 0.000000000
KJ:/crc/crr: 0.000000000 0.999979943 0.000020057
KJ:/crc/r: 0.000046128 0.757477231 0.242476641
KJ:/crrc/c: 0.329717804 0.670282196 0.000000000
KJ:/crrc/crr: 0.000000000 0.999996209 0.000003791
KJ:/crrc/r: 0.035507623 0.817391458 0.147100918
KJ:/rc/c: 0.491080437 0.508919563 0.000000000
KJ:/rc/crr: 0.000000000 0.689325458 0.310674542
KJ:/rc/r: 0.042088701 0.751413150 0.206498149
KJ:/rrc/c: 0.274424558 0.725575442 0.000000000
KJ:/rrc/crr: 0.000000000 0.999989565 0.000010435
KJ:/rrc/r: 0.036502491 0.907841820 0.055655689
KK:/cc/c: 0.835593367 0.164406633 0.000000000
KK:/cc/crr: 0.000000000 0.901622823 0.098377177
KK:/cc/r: 0.684330556 0.206065022 0.109604422
KK:/crc/c: 0.999995000 0.000005000 0.000000000
KK:/crc/crr: 0.000000000 0.999997500 0.000002500
KK:/crc/r: 0.999984128 0.000012538 0.000003333
KK:/crrc/c: 0.999997500 0.000002500 0.000000000
KK:/crrc/crr: 0.000000000 0.999998750 0.000001250
KK:/crrc/r: 0.999994207 0.000004126 0.000001667
KK:/rc/c: 0.999992025 0.000007975 0.000000000
KK:/rc/crr: 0.000000000 0.999996012 0.000003988
KK:/rc/r: 0.999979596 0.000015087 0.000005317
KK:/rrc/c: 0.999994273 0.000005727 0.000000000
KK:/rrc/crr: 0.000000000 0.999997136 0.000002864
KK:/rrc/r: 0.999834974 0.000161208 0.000003818
KQ:/cc/c: 0.499282045 0.500717955 0.000000000
KQ:/cc/crr: 0.000000000 0.835356955 0.164643045
KQ:/cc/r: 0.493620958 0.391956116 0.114422927
KQ:/crc/c: 0.002734463 0.997265537 0.000000000
KQ:/crc/crr: 0.000000000 0.041275915 0.958724085
KQ:/crc/r: 0.000016216 0.438910183 0.561073602
KQ:/crrc/c: 0.600379755 0.399620245 0.000000000
KQ:/crrc/crr: 0.000000000 0.394535500 0.605464500
KQ:/crrc/r: 0.000980925 0.761119169 0.237899906
KQ:/rc/c: 0.001124440 0.998875560 0.000000000
KQ:/rc/crr: 0.000000000 0.079399973 0.920600027
KQ:/rc/r: 0.000021840 0.292869581 0.707108580
KQ:/rrc/c: 0.515707580 0.484292420 0.000000000
KQ:/rrc/crr: 0.000000000 0.485100622 0.514899378
KQ:/rrc/r: 0.064979941 0.557094902 0.377925157
Q:/c: 0.852862680 0.147137320 0.000000000
Q:/crr: 0.000000000 0.999994137 0.000005863
Q:/r: 0.377083300 0.622810718 0.000105983
QJ:/cc/c: 0.000523755 0.999476245 0.000000000
QJ:/cc/crr: 0.000000000 0.032440581 0.967559419
QJ:/cc/r: 0.000022655 0.000022655 0.999954691
QJ:/crc/c: 0.413201786 0.586798214 0.000000000
QJ:/crc/crr: 0.000000000 0.001065846 0.998934154
QJ:/crc/r: 0.000284478 0.000003908 0.999711613
QJ:/crrc/c: 0.000057592 0.999942408 0.000000000
QJ:/crrc/crr: 0.000000000 0.025448911 0.974551089
QJ:/crrc/r: 0.012504516 0.000001954 0.987493530
QJ:/rc/c: 0.000030419 0.999969581 0.000000000
QJ:/rc/crr: 0.000000000 0.087971985 0.912028015
QJ:/rc/r: 0.009057316 0.000003568 0.990939116
QJ:/rrc/c: 0.000223035 0.999776965 0.000000000
QJ:/rrc/crr: 0.000000000 0.019817049 0.980182951
QJ:/rrc/r: 0.000058243 0.000005893 0.999935864
QK:/cc/c: 0.017145418 0.982854582 0.000000000
QK:/cc/crr: 0.000000000 0.999009010 0.000990990
QK:/cc/r: 0.000097681 0.733240849 0.266661470
QK:/crc/c: 0.340835836 0.659164164 0.000000000
QK:/crc/crr: 0.000000000 0.002979109 0.997020891
QK:/crc/r: 0.000141199 0.453661939 0.546196863
QK:/crrc/c: 0.131882101 0.868117899 0.000000000
QK:/crrc/crr: 0.000000000 0.008475553 0.991524447
QK:/crrc/r: 0.000047264 0.272664889 0.727287846
QK:/rc/c: 0.377403285 0.622596715 0.000000000
QK:/rc/crr: 0.000000000 0.015904872 0.984095128
QK:/rc/r: 0.000008594 0.316768794 0.683222612
QK:/rrc/c: 0.417724433 0.582275567 0.000000000
QK:/rrc/crr: 0.000000000 0.072804226 0.927195774
QK:/rrc/r: 0.000076147 0.503242394 0.496681459
QQ:/cc/c: 0.999966018 0.000033982 0.000000000
QQ:/cc/crr: 0.000000000 0.999983008 0.000016992
QQ:/cc/r: 0.999933558 0.000043787 0.000022655
QQ:/crc/c: 0.999994137 0.000005863 0.000000000
QQ:/crc/crr: 0.000000000 0.999997069 0.000002931
QQ:/crc/r: 0.999953446 0.000042645 0.000003908
QQ:/crrc/c: 0.999997069 0.000002931 0.000000000
QQ:/crrc/crr: 0.000000000 0.999998534 0.000001466
QQ:/crrc/r: 0.998337515 0.001660530 0.000001954
QQ:/rc/c: 0.999994648 0.000005352 0.000000000
QQ:/rc/crr: 0.000000000 0.999997324 0.000002676
QQ:/rc/r: 0.914252431 0.085744001 0.000003568
QQ:/rrc/c: 0.999991160 0.000008840 0.000000000
QQ:/rrc/crr: 0.000000000 0.999995580 0.000004420
QQ:/rrc/r: 0.999961340 0.000032766 0.000005893
