J:/: 0.074769133 0.925230867 0.000000000
J:/cr: 0.018102542 0.036087471 0.945809987
J:/rr: 0.000000000 0.999933127 0.000066873
JJ:/cc/: 0.000114799 0.999885201 0.000000000
JJ:/cc/cr: 0.999983523 0.000014675 0.000001802
JJ:/cc/rr: 0.000000000 0.976462903 0.023537097
JJ:/crc/: 0.955110517 0.044889483 0.000000000
JJ:/crc/cr: 0.999258679 0.000370661 0.000370661
JJ:/crc/rr: 0.000000000 0.999973869 0.000026131
JJ:/crrc/: 0.999166023 0.000833977 0.000000000
JJ:/crrc/cr: 0.920454802 0.039772599 0.039772599
JJ:/crrc/rr: 0.000000000 0.999950204 0.000049796
JJ:/rc/: 0.929107596 0.070892404 0.000000000
JJ:/rc/cr: 0.999371136 0.000314432 0.000314432
JJ:/rc/rr: 0.000000000 0.999964013 0.000035987
JJ:/rrc/: 0.999966562 0.000033438 0.000000000
JJ:/rrc/cr: 0.333333333 0.333333333 0.333333333
JJ:/rrc/rr: 0.000000000 0.999983280 0.000016720
JK:/cc/: 0.073526307 0.926473693 0.000000000
JK:/cc/cr: 0.000001944 0.000001944 0.999996111
JK:/cc/rr: 0.000000000 0.000036749 0.999963251
JK:/crc/: 0.057034433 0.942965567 0.000000000
JK:/crc/cr: 0.018030759 0.000017645 0.981951596
JK:/crc/rr: 0.000000000 0.000437598 0.999562402
JK:/crrc/: 0.999900492 0.000099508 0.000000000
JK:/crrc/cr: 0.333333333 0.333333333 0.333333333
JK:/crrc/rr: 0.000000000 0.000049759 0.999950241
JK:/rc/: 0.999562911 0.000437089 0.000000000
JK:/rc/cr: 0.898003187 0.050998407 0.050998407
JK:/rc/rr: 0.000000000 0.000033451 0.999966549
JK:/rrc/: 0.545732779 0.454267221 0.000000000
JK:/rrc/cr: 0.941235389 0.000024537 0.058740074
JK:/rrc/rr: 0.000000000 0.000030636 0.999969364
JQ:/cc/: 0.188668473 0.811331527 0.000000000
JQ:/cc/cr: 0.000002220 0.000002220 0.999995560
JQ:/cc/rr: 0.000000000 0.000014322 0.999985678
JQ:/crc/: 0.995835837 0.004164163 0.000000000
JQ:/crc/cr: 0.147197327 0.003995703 0.848806970
JQ:/crc/rr: 0.000000000 0.000025063 0.999974937
JQ:/crrc/: 0.019203761 0.980796239 0.000000000
JQ:/crrc/cr: 0.192705013 0.000033819 0.807261169
JQ:/crrc/rr: 0.000000000 0.002590853 0.997409147
JQ:/rc/: 0.998754656 0.001245344 0.000000000
JQ:/rc/cr: 0.017899349 0.017899349 0.964201301
JQ:/rc/rr: 0.000000000 0.000033478 0.999966522
JQ:/rrc/: 0.131747676 0.868252324 0.000000000
JQ:/rrc/cr: 0.000012837 0.000012837 0.999974325
JQ:/rrc/rr: 0.000000000 0.000126904 0.999873096
K:/: 0.755485934 0.244514066 0.000000000
K:/cr: 0.673918624 0.326067744 0.000013632
K:/rr: 0.000000000 0.999993382 0.000006618
KJ:/cc/: 0.000020449 0.999979551 0.000000000
KJ:/cc/cr: 0.000006816 0.000006816 0.999986367
KJ:/cc/rr: 0.000000000 0.500000000 0.500000000
KJ:/crc/: 0.000020904 0.999979096 0.000000000
KJ:/crc/cr: 0.000006968 0.999986063 0.000006968
KJ:/crc/rr: 0.000000000 0.500000000 0.500000000
KJ:/crrc/: 0.073484923 0.926515077 0.000000000
KJ:/crrc/cr: 0.000019380 0.999976982 0.000003639
KJ:/crrc/rr: 0.000000000 0.527404344 0.472595656
KJ:/rc/: 0.048942783 0.951057217 0.000000000
KJ:/rc/cr: 0.002892407 0.982025162 0.015082431
KJ:/rc/rr: 0.000000000 0.258724090 0.741275910
KJ:/rrc/: 0.080651204 0.919348796 0.000000000
KJ:/rrc/cr: 0.000004642 0.999994159 0.000001200
KJ:/rrc/rr: 0.000000000 0.622805755 0.377194245
KK:/cc/: 0.999747892 0.000252108 0.000000000
KK:/cc/cr: 0.945925999 0.027037000 0.027037000
KK:/cc/rr: 0.000000000 0.999989773 0.000010227
KK:/crc/: 0.114088809 0.885911191 0.000000000
KK:/crc/cr: 0.999984269 0.000007865 0.000007865
KK:/crc/rr: 0.000000000 0.999908386 0.000091614
KK:/crrc/: 0.999989886 0.000010114 0.000000000
KK:/crrc/cr: 0.333333333 0.333333333 0.333333333
KK:/crrc/rr: 0.000000000 0.999994943 0.000005057
KK:/rc/: 0.816893756 0.183106244 0.000000000
KK:/rc/cr: 0.999975904 0.000012048 0.000012048
KK:/rc/rr: 0.000000000 0.999995949 0.000004051
KK:/rrc/: 0.527728398 0.472271602 0.000000000
KK:/rrc/cr: 0.999995329 0.000002336 0.000002336
KK:/rrc/rr: 0.000000000 0.999996865 0.000003135
KQ:/cc/: 0.000020449 0.999979551 0.000000000
KQ:/cc/cr: 0.000006816 0.448984725 0.551008459
KQ:/cc/rr: 0.000000000 0.500000000 0.500000000
KQ:/crc/: 0.894881332 0.105118668 0.000000000
KQ:/crc/cr: 0.000066288 0.743293100 0.256640612
KQ:/crc/rr: 0.000000000 0.000011680 0.999988320
KQ:/crrc/: 0.003933127 0.996066873 0.000000000
KQ:/crrc/cr: 0.000285609 0.713340842 0.286373549
KQ:/crrc/rr: 0.000000000 0.116896333 0.883103667
KQ:/rc/: 0.000006618 0.999993382 0.000000000
KQ:/rc/cr: 0.000018970 0.487653407 0.512327622
KQ:/rc/rr: 0.000000000 0.500000000 0.500000000
KQ:/rrc/: 0.704612663 0.295387337 0.000000000
KQ:/rrc/cr: 0.020808016 0.916841288 0.062350696
KQ:/rrc/rr: 0.000000000 0.394928532 0.605071468
Q:/: 0.739295389 0.260704611 0.000000000
Q:/cr: 0.147771987 0.852050032 0.000177980
Q:/rr: 0.000000000 0.999993237 0.000006763
QJ:/cc/: 0.000019179 0.999980821 0.000000000
QJ:/cc/cr: 0.000006393 0.000006393 0.999987214
QJ:/cc/rr: 0.000000000 0.500000000 0.500000000
QJ:/crc/: 0.032948285 0.967051715 0.000000000
QJ:/crc/cr: 0.002254810 0.000002586 0.997742604
QJ:/crc/rr: 0.000000000 0.000113860 0.999886140
QJ:/crrc/: 0.006123115 0.993876885 0.000000000
QJ:/crrc/cr: 0.000014510 0.000014510 0.999970981
QJ:/crrc/rr: 0.000000000 0.003532690 0.996467310
QJ:/rc/: 0.011185558 0.988814442 0.000000000
QJ:/rc/cr: 0.000002280 0.000002280 0.999995440
QJ:/rc/rr: 0.000000000 0.000302318 0.999697682
QJ:/rrc/: 0.000003382 0.999996618 0.000000000
QJ:/rrc/cr: 0.000001127 0.000001127 0.999997746
QJ:/rrc/rr: 0.000000000 0.500000000 0.500000000
QK:/cc/: 0.566147607 0.433852393 0.000000000
QK:/cc/cr: 0.006330559 0.993654706 0.000014735
QK:/cc/rr: 0.000000000 0.999983062 0.000016938
QK:/crc/: 0.000337471 0.999662529 0.000000000
QK:/crc/cr: 0.000002521 0.561927059 0.438070420
QK:/crc/rr: 0.000000000 0.011116495 0.988883505
QK:/crrc/: 0.998524170 0.001475830 0.000000000
QK:/crrc/cr: 0.010188328 0.977470010 0.012341662
QK:/crrc/rr: 0.000000000 0.000541888 0.999458112
QK:/rc/: 0.442198983 0.557801017 0.000000000
QK:/rc/cr: 0.002413072 0.534249592 0.463337336
QK:/rc/rr: 0.000000000 0.203683889 0.796316111
QK:/rrc/: 0.125469641 0.874530359 0.000000000
QK:/rrc/cr: 0.000009258 0.289652868 0.710337874
QK:/rrc/rr: 0.000000000 0.000013476 0.999986524
QQ:/cc/: 0.573653036 0.426346964 0.000000000
QQ:/cc/cr: 0.989803463 0.010181542 0.000014995
QQ:/cc/rr: 0.000000000 0.999983284 0.000016716
QQ:/crc/: 0.994572939 0.005427061 0.000000000
QQ:/crc/cr: 0.999078323 0.000460839 0.000460839
QQ:/crc/rr: 0.000000000 0.999996228 0.000003772
QQ:/crrc/: 0.063150803 0.936849197 0.000000000
QQ:/crrc/cr: 0.999969214 0.000015393 0.000015393
QQ:/crrc/rr: 0.000000000 0.999657470 0.000342530
QQ:/rc/: 0.509005064 0.490994936 0.000000000
QQ:/rc/cr: 0.999985716 0.000009692 0.000004591
QQ:/rc/rr: 0.000000000 0.999993356 0.000006644
QQ:/rrc/: 0.987207092 0.012792908 0.000000000
QQ:/rrc/cr: 0.999823776 0.000088112 0.000088112
QQ:/rrc/rr: 0.000000000 0.999998287 0.000001713
