J:/c: 0.367525769 0.632474231 0.000000000
J:/crr: 0.000000000 0.999986396 0.000013604
J:/r: 0.056285782 0.124081591 0.819632628
JJ:/cc/c: 0.999992095 0.000007905 0.000000000
JJ:/cc/crr: 0.000000000 0.999996047 0.000003953
JJ:/cc/r: 0.999989459 0.000005270 0.000005270
JJ:/crc/c: 0.999986396 0.000013604 0.000000000
JJ:/crc/crr: 0.000000000 0.999993198 0.000006802
JJ:/crc/r: 0.999952142 0.000038788 0.000009070
JJ:/crrc/c: 0.999993198 0.000006802 0.000000000
JJ:/crrc/crr: 0.000000000 0.999996599 0.000003401
JJ:/crrc/r: 0.999960737 0.000034728 0.000004535
JJ:/rc/c: 0.999973136 0.000026864 0.000000000
JJ:/rc/crr: 0.000000000 0.999986568 0.000013432
JJ:/rc/r: 0.999964181 0.000017909 0.000017909
JJ:/rrc/c: 0.999940778 0.000059222 0.000000000
JJ:/rrc/crr: 0.000000000 0.999970387 0.000029613
JJ:/rrc/r: 0.999921038 0.000039481 0.000039481
JK:/cc/c: 0.000007905 0.999992095 0.000000000
JK:/cc/crr: 0.000000000 0.500000000 0.500000000
JK:/cc/r: 0.000005270 0.000005270 0.999989459
JK:/crc/c: 0.417100624 0.582899376 0.000000000
JK:/crc/crr: 0.000000000 0.000016308 0.999983692
JK:/crc/r: 0.000059701 0.000009070 0.999931229
JK:/crrc/c: 0.280709299 0.719290701 0.000000000
JK:/crrc/crr: 0.000000000 0.000012116 0.999987884
JK:/crrc/r: 0.248068278 0.000004535 0.751927187
JK:/rc/c: 0.437772556 0.562227444 0.000000000
JK:/rc/crr: 0.000000000 0.000030683 0.999969317
JK:/rc/r: 0.356310653 0.000017909 0.643671438
JK:/rrc/c: 0.999940778 0.000059222 0.000000000
JK:/rrc/crr: 0.000000000 0.000029613 0.999970387
JK:/rrc/r: 0.353281864 0.000039481 0.646678655
JQ:/cc/c: 0.000007905 0.999992095 0.000000000
JQ:/cc/crr: 0.000000000 0.500000000 0.500000000
JQ:/cc/r: 0.000005270 0.000005270 0.999989459
JQ:/crc/c: 0.000013604 0.999986396 0.000000000
JQ:/crc/crr: 0.000000000 0.500000000 0.500000000
JQ:/crc/r: 0.000033482 0.000009070 0.999957448
JQ:/crrc/c: 0.022111930 0.977888070 0.000000000
JQ:/crrc/crr: 0.000000000 0.000153816 0.999846184
JQ:/crrc/r: 0.000074685 0.000004535 0.999920780
JQ:/rc/c: 0.999973136 0.000026864 0.000000000
JQ:/rc/crr: 0.000000000 0.000013432 0.999986568
JQ:/rc/r: 0.000017909 0.000017909 0.999964181
JQ:/rrc/c: 0.000059222 0.999940778 0.000000000
JQ:/rrc/crr: 0.000000000 0.500000000 0.500000000
JQ:/rrc/r: 0.592344978 0.000039481 0.407615541
K:/c: 0.999990000 0.000010000 0.000000000
K:/crr: 0.000000000 0.999995000 0.000005000
K:/r: 0.606051727 0.393941606 0.000006667
KJ:/cc/c: 0.500000000 0.500000000 0.000000000
KJ:/cc/crr: 0.000000000 0.500000000 0.500000000
KJ:/cc/r: 0.333333333 0.333333333 0.333333333
KJ:/crc/c: 0.047913703 0.952086297 0.000000000
KJ:/crc/crr: 0.000000000 0.999947822 0.000052178
KJ:/crc/r: 0.000003333 0.717372167 0.282624500
KJ:/crrc/c: 0.534648918 0.465351082 0.000000000
KJ:/crrc/crr: 0.000000000 0.999997662 0.000002338
KJ:/crrc/r: 0.000071304 0.999670024 0.000258671
KJ:/rc/c: 0.499696934 0.500303066 0.000000000
KJ:/rc/crr: 0.000000000 0.999991533 0.000008467
KJ:/rc/r: 0.000012005 0.999969991 0.000018004
KJ:/rrc/c: 0.152144670 0.847855330 0.000000000
KJ:/rrc/crr: 0.000000000 0.999981925 0.000018075
KJ:/rrc/r: 0.000170431 0.978820323 0.021009246
KK:/cc/c: 0.500000000 0.500000000 0.000000000
KK:/cc/crr: 0.000000000 0.500000000 0.500000000
KK:/cc/r: 0.333333333 0.333333333 0.333333333
KK:/crc/c: 0.999995000 0.000005000 0.000000000
KK:/crc/crr: 0.000000000 0.999997500 0.000002500
KK:/crc/r: 0.991129983 0.008866684 0.000003333
KK:/crrc/c: 0.999997500 0.000002500 0.000000000
KK:/crrc/crr: 0.000000000 0.999998750 0.000001250
KK:/crrc/r: 0.999515622 0.000482711 0.000001667
KK:/rc/c: 0.999991539 0.000008461 0.000000000
KK:/rc/crr: 0.000000000 0.999995769 0.000004231
KK:/rc/r: 0.999963375 0.000030984 0.000005641
KK:/rrc/c: 0.999994500 0.000005500 0.000000000
KK:/rrc/crr: 0.000000000 0.999997250 0.000002750
KK:/rrc/r: 0.996637863 0.003358470 0.000003667
KQ:/cc/c: 0.500000000 0.500000000 0.000000000
KQ:/cc/crr: 0.000000000 0.500000000 0.500000000
KQ:/cc/r: 0.333333333 0.333333333 0.333333333
KQ:/crc/c: 0.209938129 0.790061871 0.000000000
KQ:/crc/crr: 0.000000000 0.999988092 0.000011908
KQ:/crc/r: 0.000003333 0.435589478 0.564407188
KQ:/crrc/c: 0.633845703 0.366154297 0.000000000
KQ:/crrc/crr: 0.000000000 0.445336760 0.554663240
KQ:/crrc/r: 0.000012473 0.972511091 0.027476435
KQ:/rc/c: 0.000039653 0.999960347 0.000000000
KQ:/rc/crr: 0.000000000 0.106694345 0.893305655
KQ:/rc/r: 0.000005641 0.313709368 0.686284991
KQ:/rrc/c: 0.504451669 0.495548331 0.000000000
KQ:/rrc/crr: 0.000000000 0.502946969 0.497053031
KQ:/rrc/r: 0.010969442 0.668508448 0.320522110
Q:/c: 0.844388759 0.155611241 0.000000000
Q:/crr: 0.000000000 0.999994079 0.000005921
Q:/r: 0.377361490 0.622603628 0.000034882
QJ:/cc/c: 0.000032131 0.999967869 0.000000000
QJ:/cc/crr: 0.000000000 0.500000000 0.500000000
QJ:/cc/r: 0.000021421 0.000021421 0.999957158
QJ:/crc/c: 0.399194933 0.600805067 0.000000000
QJ:/crc/crr: 0.000000000 0.000030880 0.999969120
QJ:/crc/r: 0.000003948 0.000003948 0.999992105
QJ:/crrc/c: 0.000002961 0.999997039 0.000000000
QJ:/crrc/crr: 0.000000000 0.500000000 0.500000000
QJ:/crrc/r: 0.000002130 0.000001974 0.999995897
QJ:/rc/c: 0.000005354 0.999994646 0.000000000
QJ:/rc/crr: 0.000000000 0.500000000 0.500000000
QJ:/rc/r: 0.000003569 0.000003569 0.999992862
QJ:/rrc/c: 0.000008833 0.999991167 0.000000000
QJ:/rrc/crr: 0.000000000 0.500000000 0.500000000
QJ:/rrc/r: 0.000005889 0.000005889 0.999988222
QK:/cc/c: 0.001294350 0.998705650 0.000000000
QK:/cc/crr: 0.000000000 0.987587846 0.012412154
QK:/cc/r: 0.000021421 0.675011761 0.324966818
QK:/crc/c: 0.365486480 0.634513520 0.000000000
QK:/crc/crr: 0.000000000 0.000142845 0.999857155
QK:/crc/r: 0.000013569 0.521902439 0.478083992
QK:/crrc/c: 0.301351321 0.698648679 0.000000000
QK:/crrc/crr: 0.000000000 0.000004912 0.999995088
QK:/crrc/r: 0.000012878 0.216038231 0.783948891
QK:/rc/c: 0.259189935 0.740810065 0.000000000
QK:/rc/crr: 0.000000000 0.000699260 0.999300740
QK:/rc/r: 0.000003569 0.316005059 0.683991371
QK:/rrc/c: 0.442477559 0.557522441 0.000000000
QK:/rrc/crr: 0.000000000 0.000157559 0.999842441
QK:/rrc/r: 0.000005889 0.483166862 0.516827250
QQ:/cc/c: 0.999967869 0.000032131 0.000000000
QQ:/cc/crr: 0.000000000 0.999983934 0.000016066
QQ:/cc/r: 0.997652719 0.002325860 0.000021421
QQ:/crc/c: 0.999994079 0.000005921 0.000000000
QQ:/crc/crr: 0.000000000 0.999997039 0.000002961
QQ:/crc/r: 0.992975059 0.007020993 0.000003948
QQ:/crrc/c: 0.999997039 0.000002961 0.000000000
QQ:/crrc/crr: 0.000000000 0.999998520 0.000001480
QQ:/crrc/r: 0.999975006 0.000023020 0.000001974
QQ:/rc/c: 0.999994646 0.000005354 0.000000000
QQ:/rc/crr: 0.000000000 0.999997323 0.000002677
QQ:/rc/r: 0.995308957 0.004687474 0.000003569
QQ:/rrc/c: 0.999991167 0.000008833 0.000000000
QQ:/rrc/crr: 0.000000000 0.999995583 0.000004417
QQ:/rrc/r: 0.999986519 0.000007592 0.000005889
