J:/: 0.073994710 0.926005290 0.000000000
J:/cr: 0.017801218 0.037011126 0.945187656
J:/rr: 0.000000000 0.999932428 0.000067572
JJ:/cc/: 0.000653967 0.999346033 0.000000000
JJ:/cc/cr: 0.999993503 0.000004696 0.000001801
JJ:/cc/rr: 0.000000000 0.995871703 0.004128297
JJ:/crc/: 0.862097590 0.137902410 0.000000000
JJ:/crc/cr: 0.999764907 0.000117547 0.000117547
JJ:/crc/rr: 0.000000000 0.999971796 0.000028204
JJ:/crrc/: 0.999898892 0.000101108 0.000000000
JJ:/crrc/cr: 0.333333333 0.333333333 0.333333333
JJ:/crrc/rr: 0.000000000 0.999949441 0.000050559
JJ:/rc/: 0.646412571 0.353587429 0.000000000
JJ:/rc/cr: 0.999872597 0.000063702 0.000063702
JJ:/rc/rr: 0.000000000 0.999947733 0.000052267
JJ:/rrc/: 0.999966212 0.000033788 0.000000000
JJ:/rrc/cr: 0.333333333 0.333333333 0.333333333
JJ:/rrc/rr: 0.000000000 0.999983105 0.000016895
JK:/cc/: 0.081183447 0.918816553 0.000000000
JK:/cc/cr: 0.000414803 0.000001959 0.999583238
JK:/cc/rr: 0.000000000 0.000033255 0.999966745
JK:/crc/: 0.035093777 0.964906223 0.000000000
JK:/crc/cr: 0.004189370 0.000016800 0.995793830
JK:/crc/rr: 0.000000000 0.000692856 0.999307144
JK:/crrc/: 0.999898892 0.000101108 0.000000000
JK:/crrc/cr: 0.333333333 0.333333333 0.333333333
JK:/crrc/rr: 0.000000000 0.000050559 0.999949441
JK:/rc/: 0.999932428 0.000067572 0.000000000
JK:/rc/cr: 0.333333333 0.333333333 0.333333333
JK:/rc/rr: 0.000000000 0.000033788 0.999966212
JK:/rrc/: 0.560195890 0.439804110 0.000000000
JK:/rrc/cr: 0.975121218 0.000025609 0.024853173
JK:/rrc/rr: 0.000000000 0.000030158 0.999969842
JQ:/cc/: 0.184524801 0.815475199 0.000000000
JQ:/cc/cr: 0.000002207 0.000002207 0.999995586
JQ:/cc/rr: 0.000000000 0.000014631 0.999985369
JQ:/crc/: 0.991765505 0.008234495 0.000000000
JQ:/crc/cr: 0.001968542 0.001968542 0.996062916
JQ:/crc/rr: 0.000000000 0.000024517 0.999975483
JQ:/crrc/: 0.007347923 0.992652077 0.000000000
JQ:/crrc/cr: 0.209842129 0.000033952 0.790123919
JQ:/crrc/rr: 0.000000000 0.006880040 0.993119960
JQ:/rc/: 0.999716576 0.000283424 0.000000000
JQ:/rc/cr: 0.079471531 0.079471531 0.841056938
JQ:/rc/rr: 0.000000000 0.000033796 0.999966204
JQ:/rrc/: 0.119838921 0.880161079 0.000000000
JQ:/rrc/cr: 0.006622566 0.000012796 0.993364638
JQ:/rrc/rr: 0.000000000 0.000140975 0.999859025
K:/: 0.757101380 0.242898620 0.000000000
K:/cr: 0.679966487 0.320019790 0.000013723
K:/rr: 0.000000000 0.999993396 0.000006604
KJ:/cc/: 0.000020585 0.999979415 0.000000000
KJ:/cc/cr: 0.000006862 0.000006862 0.999986277
KJ:/cc/rr: 0.000000000 0.500000000 0.500000000
KJ:/crc/: 0.000048193 0.999951807 0.000000000
KJ:/crc/cr: 0.000028841 0.999964012 0.000007147
KJ:/crc/rr: 0.000000000 0.777550897 0.222449103
KJ:/crrc/: 0.069089958 0.930910042 0.000000000
KJ:/crrc/cr: 0.000234870 0.999761517 0.000003613
KJ:/crrc/rr: 0.000000000 0.415732295 0.584267705
KJ:/rc/: 0.014702343 0.985297657 0.000000000
KJ:/rc/cr: 0.015357916 0.925948442 0.058693642
KJ:/rc/rr: 0.000000000 0.005630481 0.994369519
KJ:/rrc/: 0.082349329 0.917650671 0.000000000
KJ:/rrc/cr: 0.000010296 0.999988504 0.000001199
KJ:/rrc/rr: 0.000000000 0.999979951 0.000020049
KK:/cc/: 0.992272964 0.007727036 0.000000000
KK:/cc/cr: 0.998224009 0.000887995 0.000887995
KK:/cc/rr: 0.000000000 0.999989627 0.000010373
KK:/crc/: 0.090570663 0.909429337 0.000000000
KK:/crc/cr: 0.999984282 0.000007859 0.000007859
KK:/crc/rr: 0.000000000 0.999881633 0.000118367
KK:/crrc/: 0.994131156 0.005868844 0.000000000
KK:/crrc/cr: 0.998853716 0.000573142 0.000573142
KK:/crrc/rr: 0.000000000 0.999994925 0.000005075
KK:/rc/: 0.801807107 0.198192893 0.000000000
KK:/rc/cr: 0.999977785 0.000011107 0.000011107
KK:/rc/rr: 0.000000000 0.999995882 0.000004118
KK:/rrc/: 0.534514491 0.465485509 0.000000000
KK:/rrc/cr: 0.999995271 0.000002365 0.000002365
KK:/rrc/rr: 0.000000000 0.999996911 0.000003089
KQ:/cc/: 0.000050177 0.999949823 0.000000000
KQ:/cc/cr: 0.000030293 0.447993116 0.551976591
KQ:/cc/rr: 0.000000000 0.794879374 0.205120626
KQ:/crc/: 0.852309817 0.147690183 0.000000000
KQ:/crc/cr: 0.000299232 0.701717092 0.297983676
KQ:/crc/rr: 0.000000000 0.000034426 0.999965574
KQ:/crrc/: 0.000927760 0.999072240 0.000000000
KQ:/crrc/cr: 0.003531046 0.691903648 0.304565306
KQ:/crrc/rr: 0.000000000 0.014084793 0.985915207
KQ:/rc/: 0.000006604 0.999993396 0.000000000
KQ:/rc/cr: 0.000004038 0.469291107 0.530704855
KQ:/rc/rr: 0.000000000 0.500000000 0.500000000
KQ:/rrc/: 0.707124000 0.292876000 0.000000000
KQ:/rrc/cr: 0.006147150 0.930436516 0.063416334
KQ:/rrc/rr: 0.000000000 0.391913591 0.608086409
Q:/: 0.740260131 0.259739869 0.000000000
Q:/cr: 0.149858281 0.850108501 0.000033218
Q:/rr: 0.000000000 0.999993246 0.000006754
QJ:/cc/: 0.000019250 0.999980750 0.000000000
QJ:/cc/cr: 0.000006417 0.000006417 0.999987166
QJ:/cc/rr: 0.000000000 0.500000000 0.500000000
QJ:/crc/: 0.029314628 0.970685372 0.000000000
QJ:/crc/cr: 0.003696504 0.000002592 0.996300904
QJ:/crc/rr: 0.000000000 0.000128742 0.999871258
QJ:/crrc/: 0.009925815 0.990074185 0.000000000
QJ:/crrc/cr: 0.000108344 0.000014416 0.999877240
QJ:/crrc/rr: 0.000000000 0.002156916 0.997843084
QJ:/rc/: 0.011216700 0.988783300 0.000000000
QJ:/rc/cr: 0.000002277 0.000002277 0.999995446
QJ:/rc/rr: 0.000000000 0.000301086 0.999698914
QJ:/rrc/: 0.000003377 0.999996623 0.000000000
QJ:/rrc/cr: 0.000001126 0.000001126 0.999997749
QJ:/rrc/rr: 0.000000000 0.500000000 0.500000000
QK:/cc/: 0.547213547 0.452786453 0.000000000
QK:/cc/cr: 0.006042462 0.993936044 0.000021494
QK:/cc/rr: 0.000000000 0.999982411 0.000017589
QK:/crc/: 0.010857240 0.989142760 0.000000000
QK:/crc/cr: 0.000003155 0.556794439 0.443202406
QK:/crc/rr: 0.000000000 0.000395064 0.999604936
QK:/crrc/: 0.983537835 0.016462165 0.000000000
QK:/crrc/cr: 0.000936865 0.392432634 0.606630501
QK:/crrc/rr: 0.000000000 0.000563695 0.999436305
QK:/rc/: 0.423233447 0.576766553 0.000000000
QK:/rc/cr: 0.001411831 0.527287148 0.471301021
QK:/rc/rr: 0.000000000 0.196102974 0.803897026
QK:/rrc/: 0.126309075 0.873690925 0.000000000
QK:/rrc/cr: 0.000004361 0.294153035 0.705842604
QK:/rrc/rr: 0.000000000 0.000122522 0.999877478
QQ:/cc/: 0.502471361 0.497528639 0.000000000
QQ:/cc/cr: 0.999974206 0.000012897 0.000012897
QQ:/cc/rr: 0.000000000 0.999980845 0.000019155
QQ:/crc/: 0.986396907 0.013603093 0.000000000
QQ:/crc/cr: 0.999630081 0.000184960 0.000184960
QQ:/crc/rr: 0.000000000 0.999996174 0.000003826
QQ:/crrc/: 0.026347344 0.973652656 0.000000000
QQ:/crrc/cr: 0.999970682 0.000014659 0.000014659
QQ:/crrc/rr: 0.000000000 0.999187427 0.000812573
QQ:/rc/: 0.501605565 0.498394435 0.000000000
QQ:/rc/cr: 0.999990073 0.000005409 0.000004517
QQ:/rc/rr: 0.000000000 0.999993267 0.000006733
QQ:/rrc/: 0.988708253 0.011291747 0.000000000
QQ:/rrc/cr: 0.999800609 0.000099696 0.000099696
QQ:/rrc/rr: 0.000000000 0.999998292 0.000001708
