J:/: 0.074816640 0.925183360 0.000000000
J:/cr: 0.018722698 0.034252757 0.947024545
J:/rr: 0.000000000 0.999933170 0.000066830
JJ:/cc/: 0.000279942 0.999720058 0.000000000
JJ:/cc/cr: 0.999996396 0.000001802 0.000001802
JJ:/cc/rr: 0.000000000 0.990347405 0.009652595
JJ:/crc/: 0.946139823 0.053860177 0.000000000
JJ:/crc/cr: 0.999349022 0.000325489 0.000325489
JJ:/crc/rr: 0.000000000 0.999972207 0.000027793
JJ:/crrc/: 0.987180090 0.012819910 0.000000000
JJ:/crrc/cr: 0.994996473 0.002501764 0.002501764
JJ:/crrc/rr: 0.000000000 0.999951267 0.000048733
JJ:/rc/: 0.895767310 0.104232690 0.000000000
JJ:/rc/cr: 0.999572559 0.000213721 0.000213721
JJ:/rc/rr: 0.000000000 0.999962697 0.000037303
JJ:/rrc/: 0.998356267 0.001643733 0.000000000
JJ:/rrc/cr: 0.986446598 0.006776701 0.006776701
JJ:/rrc/rr: 0.000000000 0.999983264 0.000016736
JK:/cc/: 0.081308956 0.918691044 0.000000000
JK:/cc/cr: 0.000319877 0.000001961 0.999678162
JK:/cc/rr: 0.000000000 0.000033233 0.999966767
JK:/crc/: 0.045279102 0.954720898 0.000000000
JK:/crc/cr: 0.011287293 0.000018362 0.988694345
JK:/crc/rr: 0.000000000 0.000580761 0.999419239
JK:/crrc/: 0.999903783 0.000096217 0.000000000
JK:/crrc/cr: 0.333333333 0.333333333 0.333333333
JK:/crrc/rr: 0.000000000 0.000048113 0.999951887
JK:/rc/: 0.991268661 0.008731339 0.000000000
JK:/rc/cr: 0.994897304 0.002551348 0.002551348
JK:/rc/rr: 0.000000000 0.000033709 0.999966291
JK:/rrc/: 0.540041388 0.459958612 0.000000000
JK:/rrc/cr: 0.905352728 0.000024218 0.094623054
JK:/rrc/rr: 0.000000000 0.000030940 0.999969060
JQ:/cc/: 0.168429029 0.831570971 0.000000000
JQ:/cc/cr: 0.000002166 0.000002166 0.999995667
JQ:/cc/rr: 0.000000000 0.000016043 0.999983957
JQ:/crc/: 0.987139813 0.012860187 0.000000000
JQ:/crc/cr: 0.467577097 0.001363192 0.531059711
JQ:/crc/rr: 0.000000000 0.000026639 0.999973361
JQ:/crrc/: 0.023599064 0.976400936 0.000000000
JQ:/crrc/cr: 0.120764184 0.000032848 0.879202968
JQ:/crrc/rr: 0.000000000 0.002038580 0.997961420
JQ:/rc/: 0.997745331 0.002254669 0.000000000
JQ:/rc/cr: 0.009880248 0.009880248 0.980239504
JQ:/rc/rr: 0.000000000 0.000033491 0.999966509
JQ:/rrc/: 0.125119155 0.874880845 0.000000000
JQ:/rrc/cr: 0.000012732 0.000012732 0.999974536
JQ:/rrc/rr: 0.000000000 0.000133542 0.999866458
K:/: 0.754031429 0.245968571 0.000000000
K:/cr: 0.697634876 0.302351572 0.000013552
K:/rr: 0.000000000 0.999993369 0.000006631
KJ:/cc/: 0.000044972 0.999955028 0.000000000
KJ:/cc/cr: 0.000048737 0.000011554 0.999939708
KJ:/cc/rr: 0.000000000 0.773996111 0.226003889
KJ:/crc/: 0.000191245 0.999808755 0.000000000
KJ:/crc/cr: 0.000032370 0.999960158 0.000007472
KJ:/crc/rr: 0.000000000 0.941408203 0.058591797
KJ:/crrc/: 0.078935481 0.921064519 0.000000000
KJ:/crrc/cr: 0.001695949 0.994269648 0.004034403
KJ:/crrc/rr: 0.000000000 0.456162454 0.543837546
KJ:/rc/: 0.034557227 0.965442773 0.000000000
KJ:/rc/cr: 0.010880071 0.961825396 0.027294533
KJ:/rc/rr: 0.000000000 0.198008811 0.801991189
KJ:/rrc/: 0.093158572 0.906841428 0.000000000
KJ:/rrc/cr: 0.001383087 0.998285125 0.000331788
KJ:/rrc/rr: 0.000000000 0.538688662 0.461311338
KK:/cc/: 0.995119084 0.004880916 0.000000000
KK:/cc/cr: 0.997223499 0.001388250 0.001388250
KK:/cc/rr: 0.000000000 0.999989786 0.000010214
KK:/crc/: 0.089825806 0.910174194 0.000000000
KK:/crc/cr: 0.999983585 0.000008208 0.000008208
KK:/crc/rr: 0.000000000 0.999875254 0.000124746
KK:/crrc/: 0.991768463 0.008231537 0.000000000
KK:/crrc/cr: 0.999213373 0.000393313 0.000393313
KK:/crrc/rr: 0.000000000 0.999995103 0.000004897
KK:/rc/: 0.818312916 0.181687084 0.000000000
KK:/rc/cr: 0.999975669 0.000012166 0.000012166
KK:/rc/rr: 0.000000000 0.999995948 0.000004052
KK:/rrc/: 0.532943912 0.467056088 0.000000000
KK:/rrc/cr: 0.999995267 0.000002366 0.000002366
KK:/rrc/rr: 0.000000000 0.999996889 0.000003111
KQ:/cc/: 0.000053742 0.999946258 0.000000000
KQ:/cc/cr: 0.000042789 0.468029614 0.531927597
KQ:/cc/rr: 0.000000000 0.810877510 0.189122490
KQ:/crc/: 0.865648701 0.134351299 0.000000000
KQ:/crc/cr: 0.000358132 0.614737415 0.384904453
KQ:/crc/rr: 0.000000000 0.000031022 0.999968978
KQ:/crrc/: 0.015918115 0.984081885 0.000000000
KQ:/crrc/cr: 0.029481123 0.689537528 0.280981349
KQ:/crrc/rr: 0.000000000 0.218113122 0.781886878
KQ:/rc/: 0.000204971 0.999795029 0.000000000
KQ:/rc/cr: 0.000016807 0.481756264 0.518226929
KQ:/rc/rr: 0.000000000 0.090360361 0.909639639
KQ:/rrc/: 0.715889730 0.284110270 0.000000000
KQ:/rrc/cr: 0.033714619 0.853744818 0.112540564
KQ:/rrc/rr: 0.000000000 0.394848960 0.605151040
Q:/: 0.751040962 0.248959038 0.000000000
Q:/cr: 0.159475799 0.839978197 0.000546004
Q:/rr: 0.000000000 0.999993343 0.000006657
QJ:/cc/: 0.000020084 0.999979916 0.000000000
QJ:/cc/cr: 0.000006695 0.000006695 0.999986611
QJ:/cc/rr: 0.000000000 0.500000000 0.500000000
QJ:/crc/: 0.028818331 0.971181669 0.000000000
QJ:/crc/cr: 0.002778865 0.000002735 0.997218400
QJ:/crc/rr: 0.000000000 0.000138278 0.999861722
QJ:/crrc/: 0.012094610 0.987905390 0.000000000
QJ:/crrc/cr: 0.000539491 0.000014164 0.999446345
QJ:/crrc/rr: 0.000000000 0.001735418 0.998264582
QJ:/rc/: 0.012569262 0.987430738 0.000000000
QJ:/rc/cr: 0.000002247 0.000002247 0.999995505
QJ:/rc/rr: 0.000000000 0.000264830 0.999735170
QJ:/rrc/: 0.000003329 0.999996671 0.000000000
QJ:/rrc/cr: 0.000001110 0.000001110 0.999997781
QJ:/rrc/rr: 0.000000000 0.500000000 0.500000000
QK:/cc/: 0.524592414 0.475407586 0.000000000
QK:/cc/cr: 0.230438334 0.769542665 0.000019002
QK:/cc/rr: 0.000000000 0.999980858 0.000019142
QK:/crc/: 0.000008126 0.999991874 0.000000000
QK:/crc/cr: 0.000002705 0.556896476 0.443100819
QK:/crc/rr: 0.000000000 0.509607411 0.490392589
QK:/crrc/: 0.966235355 0.033764645 0.000000000
QK:/crrc/cr: 0.000895110 0.573145606 0.425959284
QK:/crrc/rr: 0.000000000 0.000590720 0.999409280
QK:/rc/: 0.429481955 0.570518045 0.000000000
QK:/rc/cr: 0.006528706 0.536583110 0.456888184
QK:/rc/rr: 0.000000000 0.199508046 0.800491954
QK:/rrc/: 0.126382141 0.873617859 0.000000000
QK:/rrc/cr: 0.000001428 0.298753614 0.701244957
QK:/rrc/rr: 0.000000000 0.000273632 0.999726368
QQ:/cc/: 0.612062369 0.387937631 0.000000000
QQ:/cc/cr: 0.999965487 0.000017257 0.000017257
QQ:/cc/rr: 0.000000000 0.999983593 0.000016407
QQ:/crc/: 0.984810437 0.015189563 0.000000000
QQ:/crc/cr: 0.999650203 0.000174899 0.000174899
QQ:/crc/rr: 0.000000000 0.999995954 0.000004046
QQ:/crrc/: 0.164581404 0.835418596 0.000000000
QQ:/crrc/cr: 0.999966501 0.000016749 0.000016749
QQ:/crrc/rr: 0.000000000 0.999872469 0.000127531
QQ:/rc/: 0.500925999 0.499074001 0.000000000
QQ:/rc/cr: 0.999991075 0.000004479 0.000004447
QQ:/rc/rr: 0.000000000 0.999993355 0.000006645
QQ:/rrc/: 0.981608780 0.018391220 0.000000000
QQ:/rrc/cr: 0.999879336 0.000060332 0.000060332
QQ:/rrc/rr: 0.000000000 0.999998304 0.000001696
