J:/: 0.075770202 0.924229798 0.000000000
J:/cr: 0.018664568 0.034794160 0.946541272
J:/rr: 0.000000000 0.999934011 0.000065989
JJ:/cc/: 0.000273602 0.999726398 0.000000000
JJ:/cc/cr: 0.999996392 0.000001804 0.000001804
JJ:/cc/rr: 0.000000000 0.990113533 0.009886467
JJ:/crc/: 0.881424751 0.118575249 0.000000000
JJ:/crc/cr: 0.999708608 0.000145696 0.000145696
JJ:/crc/rr: 0.000000000 0.999970600 0.000029400
JJ:/crrc/: 0.979511717 0.020488283 0.000000000
JJ:/crrc/cr: 0.996856207 0.001571897 0.001571897
JJ:/crrc/rr: 0.000000000 0.999950681 0.000049319
JJ:/rc/: 0.915994330 0.084005670 0.000000000
JJ:/rc/cr: 0.999476313 0.000261843 0.000261843
JJ:/rc/rr: 0.000000000 0.999963980 0.000036020
JJ:/rrc/: 0.993318864 0.006681136 0.000000000
JJ:/rrc/cr: 0.996707478 0.001646261 0.001646261
JJ:/rrc/rr: 0.000000000 0.999983391 0.000016609
JK:/cc/: 0.081710570 0.918289430 0.000000000
JK:/cc/cr: 0.000001964 0.000001964 0.999996072
JK:/cc/rr: 0.000000000 0.000033104 0.999966896
JK:/crc/: 0.043926531 0.956073469 0.000000000
JK:/crc/cr: 0.011015162 0.000018070 0.988966768
JK:/crc/rr: 0.000000000 0.000589937 0.999410063
JK:/crrc/: 0.999903384 0.000096616 0.000000000
JK:/crrc/cr: 0.333333333 0.333333333 0.333333333
JK:/crrc/rr: 0.000000000 0.000048313 0.999951687
JK:/rc/: 0.990232182 0.009767818 0.000000000
JK:/rc/cr: 0.995496162 0.002251919 0.002251919
JK:/rc/rr: 0.000000000 0.000033320 0.999966680
JK:/rrc/: 0.537960435 0.462039565 0.000000000
JK:/rrc/cr: 0.910632986 0.000023805 0.089343209
JK:/rrc/rr: 0.000000000 0.000030668 0.999969332
JQ:/cc/: 0.172096050 0.827903950 0.000000000
JQ:/cc/cr: 0.000002828 0.000002178 0.999994994
JQ:/cc/rr: 0.000000000 0.000015718 0.999984282
JQ:/crc/: 0.993969149 0.006030851 0.000000000
JQ:/crc/cr: 0.394750908 0.002864591 0.602384501
JQ:/crc/rr: 0.000000000 0.000026071 0.999973929
JQ:/crrc/: 0.020643253 0.979356747 0.000000000
JQ:/crrc/cr: 0.177382357 0.000032884 0.822584759
JQ:/crrc/rr: 0.000000000 0.002340145 0.997659855
JQ:/rc/: 0.996210940 0.003789060 0.000000000
JQ:/rc/cr: 0.005805222 0.005805222 0.988389555
JQ:/rc/rr: 0.000000000 0.000033120 0.999966880
JQ:/rrc/: 0.131984233 0.868015767 0.000000000
JQ:/rrc/cr: 0.000012671 0.000012671 0.999974657
JQ:/rrc/rr: 0.000000000 0.000125002 0.999874998
K:/: 0.751169258 0.248830742 0.000000000
K:/cr: 0.689312171 0.310674433 0.000013396
K:/rr: 0.000000000 0.999993344 0.000006656
KJ:/cc/: 0.000048421 0.999951579 0.000000000
KJ:/cc/cr: 0.000047543 0.000010264 0.999942193
KJ:/cc/rr: 0.000000000 0.792508876 0.207491124
KJ:/crc/: 0.000072327 0.999927673 0.000000000
KJ:/crc/cr: 0.000031306 0.999961507 0.000007187
KJ:/crc/rr: 0.000000000 0.850958160 0.149041840
KJ:/crrc/: 0.088604240 0.911395760 0.000000000
KJ:/crrc/cr: 0.019281020 0.977109122 0.003609857
KJ:/crrc/rr: 0.000000000 0.706232796 0.293767204
KJ:/rc/: 0.067419007 0.932580993 0.000000000
KJ:/rc/cr: 0.009596296 0.964707635 0.025696070
KJ:/rc/rr: 0.000000000 0.353342115 0.646657885
KJ:/rrc/: 0.088758871 0.911241129 0.000000000
KJ:/rrc/cr: 0.000174412 0.999386104 0.000439483
KJ:/rrc/rr: 0.000000000 0.582909855 0.417090145
KK:/cc/: 0.999419441 0.000580559 0.000000000
KK:/cc/cr: 0.976925703 0.011537149 0.011537149
KK:/cc/rr: 0.000000000 0.999989947 0.000010053
KK:/crc/: 0.134387197 0.865612803 0.000000000
KK:/crc/cr: 0.999983396 0.000008302 0.000008302
KK:/crc/rr: 0.000000000 0.999919786 0.000080214
KK:/crrc/: 0.996391993 0.003608007 0.000000000
KK:/crrc/cr: 0.998204563 0.000897718 0.000897718
KK:/crrc/rr: 0.000000000 0.999995124 0.000004876
KK:/rc/: 0.832011249 0.167988751 0.000000000
KK:/rc/cr: 0.999973584 0.000013208 0.000013208
KK:/rc/rr: 0.000000000 0.999996000 0.000004000
KK:/rrc/: 0.530539397 0.469460603 0.000000000
KK:/rrc/cr: 0.999995274 0.000002363 0.000002363
KK:/rrc/rr: 0.000000000 0.999996863 0.000003137
KQ:/cc/: 0.000054767 0.999945233 0.000000000
KQ:/cc/cr: 0.000040052 0.435275554 0.564684394
KQ:/cc/rr: 0.000000000 0.816550515 0.183449485
KQ:/crc/: 0.870584553 0.129415447 0.000000000
KQ:/crc/cr: 0.000349708 0.507372426 0.492277866
KQ:/crc/rr: 0.000000000 0.000028324 0.999971676
KQ:/crrc/: 0.004444987 0.995555013 0.000000000
KQ:/crrc/cr: 0.008127407 0.704778113 0.287094480
KQ:/crrc/rr: 0.000000000 0.403643558 0.596356442
KQ:/rc/: 0.000165237 0.999834763 0.000000000
KQ:/rc/cr: 0.000018547 0.491953773 0.508027680
KQ:/rc/rr: 0.000000000 0.070854235 0.929145765
KQ:/rrc/: 0.710669824 0.289330176 0.000000000
KQ:/rrc/cr: 0.038309790 0.853271328 0.108418883
KQ:/rrc/rr: 0.000000000 0.397484411 0.602515589
Q:/: 0.743111521 0.256888479 0.000000000
Q:/cr: 0.157150693 0.842013258 0.000836049
Q:/rr: 0.000000000 0.999993272 0.000006728
QJ:/cc/: 0.000019464 0.999980536 0.000000000
QJ:/cc/cr: 0.000006488 0.000006488 0.999987024
QJ:/cc/rr: 0.000000000 0.500000000 0.500000000
QJ:/crc/: 0.026170722 0.973829278 0.000000000
QJ:/crc/cr: 0.001336263 0.000002637 0.998661099
QJ:/crc/rr: 0.000000000 0.000147211 0.999852789
QJ:/crrc/: 0.005476585 0.994523415 0.000000000
QJ:/crrc/cr: 0.000120348 0.000013837 0.999865814
QJ:/crrc/rr: 0.000000000 0.003769190 0.996230810
QJ:/rc/: 0.009881801 0.990118199 0.000000000
QJ:/rc/cr: 0.000002265 0.000002265 0.999995470
QJ:/rc/rr: 0.000000000 0.000340447 0.999659553
QJ:/rrc/: 0.000003364 0.999996636 0.000000000
QJ:/rrc/cr: 0.000001121 0.000001121 0.999997757
QJ:/rrc/rr: 0.000000000 0.500000000 0.500000000
QK:/cc/: 0.566678789 0.433321211 0.000000000
QK:/cc/cr: 0.010271751 0.989684514 0.000043735
QK:/cc/rr: 0.000000000 0.999982827 0.000017173
QK:/crc/: 0.007809283 0.992190717 0.000000000
QK:/crc/cr: 0.000003055 0.560055706 0.439941239
QK:/crc/rr: 0.000000000 0.000644135 0.999355865
QK:/crrc/: 0.984625231 0.015374769 0.000000000
QK:/crrc/cr: 0.001637825 0.590349366 0.408012809
QK:/crrc/rr: 0.000000000 0.000560973 0.999439027
QK:/rc/: 0.445097945 0.554902055 0.000000000
QK:/rc/cr: 0.014701037 0.531810378 0.453488585
QK:/rc/rr: 0.000000000 0.199568811 0.800431189
QK:/rrc/: 0.122416048 0.877583952 0.000000000
QK:/rrc/cr: 0.000001515 0.296461597 0.703536888
QK:/rrc/rr: 0.000000000 0.000273712 0.999726288
QQ:/cc/: 0.500834247 0.499165753 0.000000000
QQ:/cc/cr: 0.999974005 0.000012997 0.000012997
QQ:/cc/rr: 0.000000000 0.999980569 0.000019431
QQ:/crc/: 0.983048781 0.016951219 0.000000000
QQ:/crc/cr: 0.999696965 0.000151518 0.000151518
QQ:/crc/rr: 0.000000000 0.999996081 0.000003919
QQ:/crrc/: 0.085939465 0.914060535 0.000000000
QQ:/crrc/cr: 0.999969889 0.000015055 0.000015055
QQ:/crrc/rr: 0.000000000 0.999759804 0.000240196
QQ:/rc/: 0.506835281 0.493164719 0.000000000
QQ:/rc/cr: 0.999990878 0.000004575 0.000004548
QQ:/rc/rr: 0.000000000 0.999993362 0.000006638
QQ:/rrc/: 0.981629945 0.018370055 0.000000000
QQ:/rrc/cr: 0.999877908 0.000061046 0.000061046
QQ:/rrc/rr: 0.000000000 0.999998286 0.000001714
