J:/c: 0.299184203 0.700815797 0.000000000
J:/crr: 0.000000000 0.999983288 0.000016712
J:/r: 0.054192822 0.128441520 0.817365658
JJ:/cc/c: 0.999992865 0.000007135 0.000000000
JJ:/cc/crr: 0.000000000 0.999996433 0.000003567
JJ:/cc/r: 0.999990487 0.000004756 0.000004756
JJ:/crc/c: 0.999983288 0.000016712 0.000000000
JJ:/crc/crr: 0.000000000 0.999991644 0.000008356
JJ:/crc/r: 0.999956354 0.000032505 0.000011141
JJ:/crrc/c: 0.999991644 0.000008356 0.000000000
JJ:/crrc/crr: 0.000000000 0.999995822 0.000004178
JJ:/crrc/r: 0.999975113 0.000019316 0.000005571
JJ:/rc/c: 0.999974048 0.000025952 0.000000000
JJ:/rc/crr: 0.000000000 0.999987024 0.000012976
JJ:/rc/r: 0.999961826 0.000020873 0.000017301
JJ:/rrc/c: 0.999938491 0.000061509 0.000000000
JJ:/rrc/crr: 0.000000000 0.999969244 0.000030756
JJ:/rrc/r: 0.999771302 0.000187692 0.000041006
JK:/cc/c: 0.002973656 0.997026344 0.000000000
JK:/cc/crr: 0.000000000 0.001199625 0.998800375
JK:/cc/r: 0.000004756 0.000004756 0.999990487
JK:/crc/c: 0.510304422 0.489695578 0.000000000
JK:/crc/crr: 0.000000000 0.000016375 0.999983625
JK:/crc/r: 0.100611807 0.000011141 0.899377052
JK:/crrc/c: 0.448460459 0.551539541 0.000000000
JK:/crrc/crr: 0.000000000 0.000009317 0.999990683
JK:/crrc/r: 0.215816035 0.000005571 0.784178394
JK:/rc/c: 0.372182305 0.627817695 0.000000000
JK:/rc/crr: 0.000000000 0.000034865 0.999965135
JK:/rc/r: 0.355553392 0.000017301 0.644429306
JK:/rrc/c: 0.999818031 0.000181969 0.000000000
JK:/rrc/crr: 0.000000000 0.000030760 0.999969240
JK:/rrc/r: 0.320429545 0.000041006 0.679529449
JQ:/cc/c: 0.067563822 0.932436178 0.000000000
JQ:/cc/crr: 0.000000000 0.000052799 0.999947201
JQ:/cc/r: 0.030690586 0.000004756 0.969304658
JQ:/crc/c: 0.646983527 0.353016473 0.000000000
JQ:/crc/crr: 0.000000000 0.000012915 0.999987085
JQ:/crc/r: 0.048447695 0.000011141 0.951541164
JQ:/crrc/c: 0.036362122 0.963637878 0.000000000
JQ:/crrc/crr: 0.000000000 0.000114902 0.999885098
JQ:/crrc/r: 0.142174597 0.000005571 0.857819832
JQ:/rc/c: 0.992870593 0.007129407 0.000000000
JQ:/rc/crr: 0.000000000 0.000013069 0.999986931
JQ:/rc/r: 0.000017301 0.000017301 0.999965397
JQ:/rrc/c: 0.030436877 0.969563123 0.000000000
JQ:/rrc/crr: 0.000000000 0.001010432 0.998989568
JQ:/rrc/r: 0.429132841 0.000041006 0.570826154
K:/c: 0.999969455 0.000030545 0.000000000
K:/crr: 0.000000000 0.999995000 0.000005000
K:/r: 0.584284732 0.415708602 0.000006667
KJ:/cc/c: 0.395549919 0.604450081 0.000000000
KJ:/cc/crr: 0.000000000 0.793081889 0.206918111
KJ:/cc/r: 0.533365577 0.226501260 0.240133163
KJ:/crc/c: 0.092310608 0.907689392 0.000000000
KJ:/crc/crr: 0.000000000 0.999972917 0.000027083
KJ:/crc/r: 0.000088902 0.723422184 0.276488915
KJ:/crrc/c: 0.381958222 0.618041778 0.000000000
KJ:/crrc/crr: 0.000000000 0.999996727 0.000003273
KJ:/crrc/r: 0.014220935 0.874859379 0.110919686
KJ:/rc/c: 0.439454403 0.560545597 0.000000000
KJ:/rc/crr: 0.000000000 0.906951606 0.093048394
KJ:/rc/r: 0.058692068 0.734869085 0.206438847
KJ:/rrc/c: 0.093219991 0.906780009 0.000000000
KJ:/rrc/crr: 0.000000000 0.999969400 0.000030600
KJ:/rrc/r: 0.029442963 0.918827000 0.051730037
KK:/cc/c: 0.836307116 0.163692884 0.000000000
KK:/cc/crr: 0.000000000 0.902133510 0.097866490
KK:/cc/r: 0.593804368 0.297067042 0.109128590
KK:/crc/c: 0.999995000 0.000005000 0.000000000
KK:/crc/crr: 0.000000000 0.999997500 0.000002500
KK:/crc/r: 0.999988727 0.000007940 0.000003333
KK:/crrc/c: 0.999997500 0.000002500 0.000000000
KK:/crrc/crr: 0.000000000 0.999998750 0.000001250
KK:/crrc/r: 0.999996667 0.000001667 0.000001667
KK:/rc/c: 0.999991982 0.000008018 0.000000000
KK:/rc/crr: 0.000000000 0.999995991 0.000004009
KK:/rc/r: 0.999977273 0.000017381 0.000005346
KK:/rrc/c: 0.999994295 0.000005705 0.000000000
KK:/rrc/crr: 0.000000000 0.999997147 0.000002853
KK:/rrc/r: 0.999888802 0.000107395 0.000003803
KQ:/cc/c: 0.834755989 0.165244011 0.000000000
KQ:/cc/crr: 0.000000000 0.901951656 0.098048344
KQ:/cc/r: 0.509710298 0.329828722 0.160460979
KQ:/crc/c: 0.072523517 0.927476483 0.000000000
KQ:/crc/crr: 0.000000000 0.048080205 0.951919795
KQ:/crc/r: 0.000026440 0.434242493 0.565731067
KQ:/crrc/c: 0.621414644 0.378585356 0.000000000
KQ:/crrc/crr: 0.000000000 0.400010576 0.599989424
KQ:/crrc/r: 0.001418841 0.749241344 0.249339815
KQ:/rc/c: 0.000913568 0.999086432 0.000000000
KQ:/rc/crr: 0.000000000 0.028795832 0.971204168
KQ:/rc/r: 0.000026077 0.310180195 0.689793728
KQ:/rrc/c: 0.487134717 0.512865283 0.000000000
KQ:/rrc/crr: 0.000000000 0.463236444 0.536763556
KQ:/rrc/r: 0.080262993 0.538423771 0.381313236
Q:/c: 0.845856653 0.154143347 0.000000000
Q:/crr: 0.000000000 0.999994089 0.000005911
Q:/r: 0.366960180 0.632879553 0.000160267
QJ:/cc/c: 0.000417700 0.999582300 0.000000000
QJ:/cc/crr: 0.000000000 0.038828525 0.961171475
QJ:/cc/r: 0.000026142 0.000021625 0.999952233
QJ:/crc/c: 0.419697042 0.580302958 0.000000000
QJ:/crc/crr: 0.000000000 0.000630272 0.999369728
QJ:/crc/r: 0.000170740 0.000003941 0.999825319
QJ:/crrc/c: 0.000068431 0.999931569 0.000000000
QJ:/crrc/crr: 0.000000000 0.021595617 0.978404383
QJ:/crrc/r: 0.024077895 0.000001970 0.975920134
QJ:/rc/c: 0.000059361 0.999940639 0.000000000
QJ:/rc/crr: 0.000000000 0.044363500 0.955636500
QJ:/rc/r: 0.007197489 0.000003511 0.992799000
QJ:/rrc/c: 0.000247556 0.999752444 0.000000000
QJ:/rrc/crr: 0.000000000 0.048671308 0.951328692
QJ:/rrc/r: 0.000064694 0.000006056 0.999929250
QK:/cc/c: 0.005396867 0.994603133 0.000000000
QK:/cc/crr: 0.000000000 0.996994799 0.003005201
QK:/cc/r: 0.000098334 0.759325940 0.240575726
QK:/crc/c: 0.367488006 0.632511994 0.000000000
QK:/crc/crr: 0.000000000 0.001104077 0.998895923
QK:/crc/r: 0.000294053 0.480111469 0.519594478
QK:/crrc/c: 0.071544701 0.928455299 0.000000000
QK:/crrc/crr: 0.000000000 0.008521111 0.991478889
QK:/crrc/r: 0.000091949 0.283003764 0.716904287
QK:/rc/c: 0.377285694 0.622714306 0.000000000
QK:/rc/crr: 0.000000000 0.003999102 0.996000898
QK:/rc/r: 0.000009569 0.321390819 0.678599612
QK:/rrc/c: 0.430951515 0.569048485 0.000000000
QK:/rrc/crr: 0.000000000 0.033956591 0.966043409
QK:/rrc/r: 0.000074678 0.493211512 0.506713810
QQ:/cc/c: 0.999967563 0.000032437 0.000000000
QQ:/cc/crr: 0.000000000 0.999983781 0.000016219
QQ:/cc/r: 0.999328305 0.000650070 0.000021625
QQ:/crc/c: 0.999994089 0.000005911 0.000000000
QQ:/crc/crr: 0.000000000 0.999997044 0.000002956
QQ:/crc/r: 0.999805735 0.000190324 0.000003941
QQ:/crrc/c: 0.999997044 0.000002956 0.000000000
QQ:/crrc/crr: 0.000000000 0.999998522 0.000001478
QQ:/crrc/r: 0.999996059 0.000001970 0.000001970
QQ:/rc/c: 0.999994733 0.000005267 0.000000000
QQ:/rc/crr: 0.000000000 0.999997367 0.000002633
QQ:/rc/r: 0.999991891 0.000004598 0.000003511
QQ:/rrc/c: 0.999990916 0.000009084 0.000000000
QQ:/rrc/crr: 0.000000000 0.999995458 0.000004542
QQ:/rrc/r: 0.999960926 0.000033018 0.000006056
