J:/: 0.070364152 0.929635848 0.000000000
J:/cr: 0.019692800 0.032031465 0.948275735
J:/rr: 0.000000000 0.999928941 0.000071059
JJ:/cc/: 0.000125912 0.999874088 0.000000000
JJ:/cc/cr: 0.999996414 0.000001793 0.000001793
JJ:/cc/rr: 0.000000000 0.978642021 0.021357979
JJ:/crc/: 0.893929544 0.106070456 0.000000000
JJ:/crc/cr: 0.999648218 0.000175891 0.000175891
JJ:/crc/rr: 0.000000000 0.999968694 0.000031306
JJ:/crrc/: 0.975815867 0.024184133 0.000000000
JJ:/crrc/cr: 0.997490388 0.001254806 0.001254806
JJ:/crrc/rr: 0.000000000 0.999953352 0.000046648
JJ:/rc/: 0.928753740 0.071246260 0.000000000
JJ:/rc/cr: 0.999335086 0.000332457 0.000332457
JJ:/rc/rr: 0.000000000 0.999961745 0.000038255
JJ:/rrc/: 0.998552843 0.001447157 0.000000000
JJ:/rrc/cr: 0.983631363 0.008184319 0.008184319
JJ:/rrc/rr: 0.000000000 0.999982208 0.000017792
JK:/cc/: 0.079406168 0.920593832 0.000000000
JK:/cc/cr: 0.000001947 0.000001947 0.999996105
JK:/cc/rr: 0.000000000 0.000033867 0.999966133
JK:/crc/: 0.031485512 0.968514488 0.000000000
JK:/crc/cr: 0.007017074 0.000019263 0.992963663
JK:/crc/rr: 0.000000000 0.000888829 0.999111171
JK:/crrc/: 0.999908961 0.000091039 0.000000000
JK:/crrc/cr: 0.333333333 0.333333333 0.333333333
JK:/crrc/rr: 0.000000000 0.000045524 0.999954476
JK:/rc/: 0.999928941 0.000071059 0.000000000
JK:/rc/cr: 0.333333333 0.333333333 0.333333333
JK:/rc/rr: 0.000000000 0.000035532 0.999964468
JK:/rrc/: 0.549056536 0.450943464 0.000000000
JK:/rrc/cr: 0.983938185 0.000026265 0.016035551
JK:/rrc/rr: 0.000000000 0.000032357 0.999967643
JQ:/cc/: 0.159729427 0.840270573 0.000000000
JQ:/cc/cr: 0.000002134 0.000002134 0.999995733
JQ:/cc/rr: 0.000000000 0.000016836 0.999983164
JQ:/crc/: 0.993697300 0.006302700 0.000000000
JQ:/crc/cr: 0.395566917 0.002960133 0.601472950
JQ:/crc/rr: 0.000000000 0.000028163 0.999971837
JQ:/crrc/: 0.039706503 0.960293497 0.000000000
JQ:/crrc/cr: 0.116182507 0.000031601 0.883785892
JQ:/crrc/rr: 0.000000000 0.001146402 0.998853598
JQ:/rc/: 0.998243710 0.001756290 0.000000000
JQ:/rc/cr: 0.013486559 0.013486559 0.973026881
JQ:/rc/rr: 0.000000000 0.000035592 0.999964408
JQ:/rrc/: 0.122281129 0.877718871 0.000000000
JQ:/rrc/cr: 0.000601340 0.000013494 0.999385166
JQ:/rrc/rr: 0.000000000 0.000145288 0.999854712
K:/: 0.751686161 0.248313839 0.000000000
K:/cr: 0.718811371 0.281175205 0.000013424
K:/rr: 0.000000000 0.999993348 0.000006652
KJ:/cc/: 0.000020136 0.999979864 0.000000000
KJ:/cc/cr: 0.000006712 0.000006712 0.999986576
KJ:/cc/rr: 0.000000000 0.500000000 0.500000000
KJ:/crc/: 0.000023871 0.999976129 0.000000000
KJ:/crc/cr: 0.000007957 0.999984086 0.000007957
KJ:/crc/rr: 0.000000000 0.500000000 0.500000000
KJ:/crrc/: 0.052653537 0.947346463 0.000000000
KJ:/crrc/cr: 0.000260962 0.997345967 0.002393071
KJ:/crrc/rr: 0.000000000 0.450013932 0.549986068
KJ:/rc/: 0.059662803 0.940337197 0.000000000
KJ:/rc/cr: 0.009896694 0.972360841 0.017742464
KJ:/rc/rr: 0.000000000 0.293064738 0.706935262
KJ:/rrc/: 0.075522760 0.924477240 0.000000000
KJ:/rrc/cr: 0.000122735 0.999697198 0.000180067
KJ:/rrc/rr: 0.000000000 0.478624229 0.521375771
KK:/cc/: 0.999855088 0.000144912 0.000000000
KK:/cc/cr: 0.907365360 0.046317320 0.046317320
KK:/cc/rr: 0.000000000 0.999989931 0.000010069
KK:/crc/: 0.079615874 0.920384126 0.000000000
KK:/crc/cr: 0.999982709 0.000008645 0.000008645
KK:/crc/rr: 0.000000000 0.999850086 0.000149914
KK:/crrc/: 0.994487915 0.005512085 0.000000000
KK:/crrc/cr: 0.998870657 0.000564671 0.000564671
KK:/crrc/rr: 0.000000000 0.999995305 0.000004695
KK:/rc/: 0.803461510 0.196538490 0.000000000
KK:/rc/cr: 0.999977437 0.000011281 0.000011281
KK:/rc/rr: 0.000000000 0.999995861 0.000004139
KK:/rrc/: 0.514776876 0.485223124 0.000000000
KK:/rrc/cr: 0.999995430 0.000002285 0.000002285
KK:/rrc/rr: 0.000000000 0.999996770 0.000003230
KQ:/cc/: 0.000020136 0.999979864 0.000000000
KQ:/cc/cr: 0.000006712 0.462151265 0.537842023
KQ:/cc/rr: 0.000000000 0.500000000 0.500000000
KQ:/crc/: 0.902826651 0.097173349 0.000000000
KQ:/crc/cr: 0.000081885 0.578822032 0.421096083
KQ:/crc/rr: 0.000000000 0.000013220 0.999986780
KQ:/crrc/: 0.006115032 0.993884968 0.000000000
KQ:/crrc/cr: 0.032179436 0.687248906 0.280571658
KQ:/crrc/rr: 0.000000000 0.037509107 0.962490893
KQ:/rc/: 0.000006652 0.999993348 0.000000000
KQ:/rc/cr: 0.000030392 0.481228253 0.518741356
KQ:/rc/rr: 0.000000000 0.500000000 0.500000000
KQ:/rrc/: 0.730428475 0.269571525 0.000000000
KQ:/rrc/cr: 0.028169286 0.862482776 0.109347939
KQ:/rrc/rr: 0.000000000 0.394782767 0.605217233
Q:/: 0.760313964 0.239686036 0.000000000
Q:/cr: 0.171420219 0.828417630 0.000162150
Q:/rr: 0.000000000 0.999993424 0.000006576
QJ:/cc/: 0.000020861 0.999979139 0.000000000
QJ:/cc/cr: 0.000006954 0.000006954 0.999986093
QJ:/cc/rr: 0.000000000 0.500000000 0.500000000
QJ:/crc/: 0.028521008 0.971478992 0.000000000
QJ:/crc/cr: 0.003024733 0.000002880 0.996972387
QJ:/crc/rr: 0.000000000 0.000147151 0.999852849
QJ:/crrc/: 0.022576440 0.977423560 0.000000000
QJ:/crrc/cr: 0.000054047 0.000013834 0.999932119
QJ:/crrc/rr: 0.000000000 0.000898377 0.999101623
QJ:/rc/: 0.009276524 0.990723476 0.000000000
QJ:/rc/cr: 0.000002443 0.000002213 0.999995344
QJ:/rc/rr: 0.000000000 0.000354456 0.999645544
QJ:/rrc/: 0.000003288 0.999996712 0.000000000
QJ:/rrc/cr: 0.000001096 0.000001096 0.999997808
QJ:/rrc/rr: 0.000000000 0.500000000 0.500000000
QK:/cc/: 0.419190952 0.580809048 0.000000000
QK:/cc/cr: 0.028011671 0.971975642 0.000012687
QK:/cc/rr: 0.000000000 0.999975118 0.000024882
QK:/crc/: 0.000935333 0.999064667 0.000000000
QK:/crc/cr: 0.000003521 0.561007204 0.438989276
QK:/crc/rr: 0.000000000 0.010014230 0.989985770
QK:/crrc/: 0.943444610 0.056555390 0.000000000
QK:/crrc/cr: 0.000308755 0.862084546 0.137606699
QK:/crrc/rr: 0.000000000 0.000574053 0.999425947
QK:/rc/: 0.431286761 0.568713239 0.000000000
QK:/rc/cr: 0.000533629 0.527749305 0.471717066
QK:/rc/rr: 0.000000000 0.209871502 0.790128498
QK:/rrc/: 0.123457166 0.876542834 0.000000000
QK:/rrc/cr: 0.000009686 0.301125303 0.698865011
QK:/rrc/rr: 0.000000000 0.000022133 0.999977867
QQ:/cc/: 0.482783797 0.517216203 0.000000000
QQ:/cc/cr: 0.999973112 0.000013444 0.000013444
QQ:/cc/rr: 0.000000000 0.999978395 0.000021605
QQ:/crc/: 0.989193621 0.010806379 0.000000000
QQ:/crc/cr: 0.999482172 0.000258914 0.000258914
QQ:/crc/rr: 0.000000000 0.999995757 0.000004243
QQ:/crrc/: 0.145410284 0.854589716 0.000000000
QQ:/crrc/cr: 0.999968035 0.000016143 0.000015822
QQ:/crrc/rr: 0.000000000 0.999860518 0.000139482
QQ:/rc/: 0.460950472 0.539049528 0.000000000
QQ:/rc/cr: 0.999991867 0.000004067 0.000004067
QQ:/rc/rr: 0.000000000 0.999992867 0.000007133
QQ:/rrc/: 0.982039345 0.017960655 0.000000000
QQ:/rrc/cr: 0.999877950 0.000061025 0.000061025
QQ:/rrc/rr: 0.000000000 0.999998326 0.000001674
