J:/c: 0.300897880 0.699102120 0.000000000
J:/crr: 0.000000000 0.999983383 0.000016617
J:/r: 0.056228538 0.126326752 0.817444710
JJ:/cc/c: 0.999992848 0.000007152 0.000000000
JJ:/cc/crr: 0.000000000 0.999996424 0.000003576
JJ:/cc/r: 0.999990464 0.000004768 0.000004768
JJ:/crc/c: 0.999983383 0.000016617 0.000000000
JJ:/crc/crr: 0.000000000 0.999991691 0.000008309
JJ:/crc/r: 0.999883690 0.000105232 0.000011078
JJ:/crrc/c: 0.999991691 0.000008309 0.000000000
JJ:/crrc/crr: 0.000000000 0.999995846 0.000004154
JJ:/crrc/r: 0.999974897 0.000019564 0.000005539
JJ:/rc/c: 0.999973613 0.000026387 0.000000000
JJ:/rc/crr: 0.000000000 0.999986806 0.000013194
JJ:/rc/r: 0.999949553 0.000032856 0.000017591
JJ:/rrc/c: 0.999940718 0.000059282 0.000000000
JJ:/rrc/crr: 0.000000000 0.999970357 0.000029643
JJ:/rrc/r: 0.999811820 0.000148659 0.000039521
JK:/cc/c: 0.009441358 0.990558642 0.000000000
JK:/cc/crr: 0.000000000 0.000378761 0.999621239
JK:/cc/r: 0.000004768 0.000004768 0.999990464
JK:/crc/c: 0.511864510 0.488135490 0.000000000
JK:/crc/crr: 0.000000000 0.000016232 0.999983768
JK:/crc/r: 0.034148450 0.000011078 0.965840472
JK:/crrc/c: 0.517004199 0.482995801 0.000000000
JK:/crrc/crr: 0.000000000 0.000008035 0.999991965
JK:/crrc/r: 0.218772729 0.000005539 0.781221732
JK:/rc/c: 0.373327468 0.626672532 0.000000000
JK:/rc/crr: 0.000000000 0.000035340 0.999964660
JK:/rc/r: 0.359225520 0.000017591 0.640756889
JK:/rrc/c: 0.999902238 0.000097762 0.000000000
JK:/rrc/crr: 0.000000000 0.000029644 0.999970356
JK:/rrc/r: 0.312645024 0.000039521 0.687315455
JQ:/cc/c: 0.065015019 0.934984981 0.000000000
JQ:/cc/crr: 0.000000000 0.000055003 0.999944997
JQ:/cc/r: 0.035972521 0.000004768 0.964022711
JQ:/crc/c: 0.611071173 0.388928827 0.000000000
JQ:/crc/crr: 0.000000000 0.000013597 0.999986403
JQ:/crc/r: 0.048617053 0.000011078 0.951371869
JQ:/crrc/c: 0.028275993 0.971724007 0.000000000
JQ:/crrc/crr: 0.000000000 0.000146920 0.999853080
JQ:/crrc/r: 0.209656089 0.000005539 0.790338372
JQ:/rc/c: 0.996416577 0.003583423 0.000000000
JQ:/rc/crr: 0.000000000 0.000013241 0.999986759
JQ:/rc/r: 0.000017591 0.000017591 0.999964818
JQ:/rrc/c: 0.010135516 0.989864484 0.000000000
JQ:/rrc/crr: 0.000000000 0.002924463 0.997075537
JQ:/rrc/r: 0.414952920 0.000039521 0.585007559
K:/c: 0.999969592 0.000030408 0.000000000
K:/crr: 0.000000000 0.999995000 0.000005000
K:/r: 0.589790432 0.410202901 0.000006667
KJ:/cc/c: 0.168823560 0.831176440 0.000000000
KJ:/cc/crr: 0.000000000 0.513018870 0.486981130
KJ:/cc/r: 0.515838424 0.232209825 0.251951751
KJ:/crc/c: 0.110810524 0.889189476 0.000000000
KJ:/crc/crr: 0.000000000 0.999977438 0.000022562
KJ:/crc/r: 0.000040527 0.725832395 0.274127078
KJ:/crrc/c: 0.346837743 0.653162257 0.000000000
KJ:/crrc/crr: 0.000000000 0.999996396 0.000003604
KJ:/crrc/r: 0.018753464 0.818336048 0.162910488
KJ:/rc/c: 0.407526130 0.592473870 0.000000000
KJ:/rc/crr: 0.000000000 0.746728292 0.253271708
KJ:/rc/r: 0.057334606 0.712518261 0.230147133
KJ:/rrc/c: 0.433695702 0.566304298 0.000000000
KJ:/rrc/crr: 0.000000000 0.999993484 0.000006516
KJ:/rrc/r: 0.021715559 0.934744103 0.043540338
KK:/cc/c: 0.835572224 0.164427776 0.000000000
KK:/cc/crr: 0.000000000 0.901607682 0.098392318
KK:/cc/r: 0.686381502 0.203999980 0.109618518
KK:/crc/c: 0.999995000 0.000005000 0.000000000
KK:/crc/crr: 0.000000000 0.999997500 0.000002500
KK:/crc/r: 0.999980336 0.000016331 0.000003333
KK:/crrc/c: 0.999997500 0.000002500 0.000000000
KK:/crrc/crr: 0.000000000 0.999998750 0.000001250
KK:/crrc/r: 0.999994581 0.000003752 0.000001667
KK:/rc/c: 0.999991874 0.000008126 0.000000000
KK:/rc/crr: 0.000000000 0.999995937 0.000004063
KK:/rc/r: 0.999979563 0.000015020 0.000005417
KK:/rrc/c: 0.999994348 0.000005652 0.000000000
KK:/rrc/crr: 0.000000000 0.999997174 0.000002826
KK:/rrc/r: 0.999735581 0.000260652 0.000003768
KQ:/cc/c: 0.503196819 0.496803181 0.000000000
KQ:/cc/crr: 0.000000000 0.836616837 0.163383163
KQ:/cc/r: 0.498302260 0.387786470 0.113911270
KQ:/crc/c: 0.184260145 0.815739855 0.000000000
KQ:/crc/crr: 0.000000000 0.001247692 0.998752308
KQ:/crc/r: 0.000016118 0.432145968 0.567837914
KQ:/crrc/c: 0.635118237 0.364881763 0.000000000
KQ:/crrc/crr: 0.000000000 0.418397871 0.581602129
KQ:/crrc/r: 0.001943349 0.645321549 0.352735102
KQ:/rc/c: 0.001277578 0.998722422 0.000000000
KQ:/rc/crr: 0.000000000 0.008714839 0.991285161
KQ:/rc/r: 0.000020562 0.305416930 0.694562509
KQ:/rrc/c: 0.508546948 0.491453052 0.000000000
KQ:/rrc/crr: 0.000000000 0.490646727 0.509353273
KQ:/rrc/r: 0.089067088 0.529419791 0.381513121
Q:/c: 0.850255054 0.149744946 0.000000000
Q:/crr: 0.000000000 0.999994119 0.000005881
Q:/r: 0.371663628 0.628279210 0.000057163
QJ:/cc/c: 0.000339950 0.999660050 0.000000000
QJ:/cc/crr: 0.000000000 0.049110392 0.950889608
QJ:/cc/r: 0.000022260 0.000022260 0.999955480
QJ:/crc/c: 0.414733798 0.585266202 0.000000000
QJ:/crc/crr: 0.000000000 0.025659212 0.974340788
QJ:/crc/r: 0.000282549 0.000003920 0.999713531
QJ:/crrc/c: 0.000055454 0.999944546 0.000000000
QJ:/crrc/crr: 0.000000000 0.026511298 0.973488702
QJ:/crrc/r: 0.028578514 0.000001960 0.971419525
QJ:/rc/c: 0.000042417 0.999957583 0.000000000
QJ:/rc/crr: 0.000000000 0.062540110 0.937459890
QJ:/rc/r: 0.016214845 0.000003537 0.983781618
QJ:/rrc/c: 0.000194133 0.999805867 0.000000000
QJ:/rrc/crr: 0.000000000 0.023099281 0.976900719
QJ:/rrc/r: 0.000055908 0.000005979 0.999938113
QK:/cc/c: 0.323558893 0.676441107 0.000000000
QK:/cc/crr: 0.000000000 0.999948402 0.000051598
QK:/cc/r: 0.000097469 0.736162838 0.263739693
QK:/crc/c: 0.380646841 0.619353159 0.000000000
QK:/crc/crr: 0.000000000 0.001390170 0.998609830
QK:/crc/r: 0.000104962 0.489531087 0.510363951
QK:/crrc/c: 0.013709036 0.986290964 0.000000000
QK:/crrc/crr: 0.000000000 0.009655882 0.990344118
QK:/crrc/r: 0.000053742 0.278540520 0.721405737
QK:/rc/c: 0.365408268 0.634591732 0.000000000
QK:/rc/crr: 0.000000000 0.002301781 0.997698219
QK:/rc/r: 0.000019810 0.314629770 0.685350420
QK:/rrc/c: 0.417206040 0.582793960 0.000000000
QK:/rrc/crr: 0.000000000 0.025022349 0.974977651
QK:/rrc/r: 0.000069093 0.491185134 0.508745773
QQ:/cc/c: 0.999966610 0.000033390 0.000000000
QQ:/cc/crr: 0.000000000 0.999983304 0.000016696
QQ:/cc/r: 0.999934264 0.000043476 0.000022260
QQ:/crc/c: 0.999994119 0.000005881 0.000000000
QQ:/crc/crr: 0.000000000 0.999997060 0.000002940
QQ:/crc/r: 0.999959374 0.000036706 0.000003920
QQ:/crrc/c: 0.999997060 0.000002940 0.000000000
QQ:/crrc/crr: 0.000000000 0.999998530 0.000001470
QQ:/crrc/r: 0.998299185 0.001698854 0.000001960
QQ:/rc/c: 0.999994695 0.000005305 0.000000000
QQ:/rc/crr: 0.000000000 0.999997347 0.000002653
QQ:/rc/r: 0.999991609 0.000004854 0.000003537
QQ:/rrc/c: 0.999991031 0.000008969 0.000000000
QQ:/rrc/crr: 0.000000000 0.999995516 0.000004484
QQ:/rrc/r: 0.999962524 0.000031497 0.000005979
