J:/: 0.078599994 0.921400006 0.000000000
J:/cr: 0.016885918 0.036424615 0.946689467
J:/rr: 0.000000000 0.999936387 0.000063613
JJ:/cc/: 0.000290327 0.999709673 0.000000000
JJ:/cc/cr: 0.999996381 0.000001809 0.000001809
JJ:/cc/rr: 0.000000000 0.990654457 0.009345543
JJ:/crc/: 0.937089496 0.062910504 0.000000000
JJ:/crc/cr: 0.999473751 0.000263124 0.000263124
JJ:/crc/rr: 0.000000000 0.999973503 0.000026497
JJ:/crrc/: 0.915281003 0.084718997 0.000000000
JJ:/crrc/cr: 0.999157046 0.000421477 0.000421477
JJ:/crrc/rr: 0.000000000 0.999941482 0.000058518
JJ:/rc/: 0.864724545 0.135275455 0.000000000
JJ:/rc/cr: 0.999686500 0.000156750 0.000156750
JJ:/rc/rr: 0.000000000 0.999963218 0.000036782
JJ:/rrc/: 0.985778102 0.014221898 0.000000000
JJ:/rrc/cr: 0.998508936 0.000745532 0.000745532
JJ:/rrc/rr: 0.000000000 0.999983866 0.000016134
JK:/cc/: 0.075819978 0.924180022 0.000000000
JK:/cc/cr: 0.000092977 0.000001957 0.999905066
JK:/cc/rr: 0.000000000 0.000035786 0.999964214
JK:/crc/: 0.122189183 0.877810817 0.000000000
JK:/crc/cr: 0.086902649 0.000018857 0.913078493
JK:/crc/rr: 0.000000000 0.000203209 0.999796791
JK:/crrc/: 0.999799758 0.000200242 0.000000000
JK:/crrc/cr: 0.178319446 0.178319446 0.643361109
JK:/crrc/rr: 0.000000000 0.000053571 0.999946429
JK:/rc/: 0.996782886 0.003217114 0.000000000
JK:/rc/cr: 0.654007270 0.006591128 0.339401601
JK:/rc/rr: 0.000000000 0.000031909 0.999968091
JK:/rrc/: 0.521769446 0.478230554 0.000000000
JK:/rrc/cr: 0.808005967 0.000022171 0.191971862
JK:/rrc/rr: 0.000000000 0.000030482 0.999969518
JQ:/cc/: 0.192701046 0.807298954 0.000000000
JQ:/cc/cr: 0.000007798 0.000002241 0.999989962
JQ:/cc/rr: 0.000000000 0.000014080 0.999985920
JQ:/crc/: 0.992023749 0.007976251 0.000000000
JQ:/crc/cr: 0.121360127 0.002075322 0.876564551
JQ:/crc/rr: 0.000000000 0.000025030 0.999974970
JQ:/crrc/: 0.025719227 0.974280773 0.000000000
JQ:/crrc/cr: 0.205828266 0.000036650 0.794135085
JQ:/crrc/rr: 0.000000000 0.002082514 0.997917486
JQ:/rc/: 0.983441405 0.016558595 0.000000000
JQ:/rc/cr: 0.001280568 0.001280568 0.997438863
JQ:/rc/rr: 0.000000000 0.000032342 0.999967658
JQ:/rrc/: 0.120590547 0.879409453 0.000000000
JQ:/rrc/cr: 0.002379935 0.000012057 0.997608009
JQ:/rrc/rr: 0.000000000 0.000131887 0.999868113
K:/: 0.754365175 0.245634825 0.000000000
K:/cr: 0.670871574 0.329114856 0.000013570
K:/rr: 0.000000000 0.999993372 0.000006628
KJ:/cc/: 0.000056633 0.999943367 0.000000000
KJ:/cc/cr: 0.000049419 0.000008877 0.999941704
KJ:/cc/rr: 0.000000000 0.820287312 0.179712688
KJ:/crc/: 0.000044123 0.999955877 0.000000000
KJ:/crc/cr: 0.000036618 0.999956510 0.000006872
KJ:/crc/rr: 0.000000000 0.766375480 0.233624520
KJ:/crrc/: 0.061635446 0.938364554 0.000000000
KJ:/crrc/cr: 0.004105628 0.988263131 0.007631241
KJ:/crrc/rr: 0.000000000 0.452495218 0.547504782
KJ:/rc/: 0.060784460 0.939215540 0.000000000
KJ:/rc/cr: 0.013794024 0.946655893 0.039550083
KJ:/rc/rr: 0.000000000 0.274391561 0.725608439
KJ:/rrc/: 0.087075495 0.912924505 0.000000000
KJ:/rrc/cr: 0.000573402 0.998434890 0.000991708
KJ:/rrc/rr: 0.000000000 0.542686398 0.457313602
KK:/cc/: 0.994585488 0.005414512 0.000000000
KK:/cc/cr: 0.997493721 0.001253140 0.001253140
KK:/cc/rr: 0.000000000 0.999989767 0.000010233
KK:/crc/: 0.261068215 0.738931785 0.000000000
KK:/crc/cr: 0.999981400 0.000009300 0.000009300
KK:/crc/rr: 0.000000000 0.999960515 0.000039485
KK:/crrc/: 0.974790064 0.025209936 0.000000000
KK:/crrc/cr: 0.999732541 0.000133729 0.000133729
KK:/crrc/rr: 0.000000000 0.999994812 0.000005188
KK:/rc/: 0.847384285 0.152615715 0.000000000
KK:/rc/cr: 0.999971047 0.000014477 0.000014477
KK:/rc/rr: 0.000000000 0.999996089 0.000003911
KK:/rrc/: 0.542216753 0.457783247 0.000000000
KK:/rrc/cr: 0.999995174 0.000002413 0.000002413
KK:/rrc/rr: 0.000000000 0.999996944 0.000003056
KQ:/cc/: 0.000322552 0.999677448 0.000000000
KQ:/cc/cr: 0.000053956 0.419172464 0.580773579
KQ:/cc/rr: 0.000000000 0.968446316 0.031553684
KQ:/crc/: 0.849289787 0.150710213 0.000000000
KQ:/crc/cr: 0.000338966 0.343717843 0.655943191
KQ:/crc/rr: 0.000000000 0.000022481 0.999977519
KQ:/crrc/: 0.019250597 0.980749403 0.000000000
KQ:/crrc/cr: 0.010901387 0.687577268 0.301521345
KQ:/crrc/rr: 0.000000000 0.307971814 0.692028186
KQ:/rc/: 0.000082023 0.999917977 0.000000000
KQ:/rc/cr: 0.000021470 0.494770837 0.505207694
KQ:/rc/rr: 0.000000000 0.959595925 0.040404075
KQ:/rrc/: 0.694413320 0.305586680 0.000000000
KQ:/rrc/cr: 0.021572878 0.890225007 0.088202116
KQ:/rrc/rr: 0.000000000 0.394911786 0.605088214
Q:/: 0.732517419 0.267482581 0.000000000
Q:/cr: 0.159374067 0.839834731 0.000791202
Q:/rr: 0.000000000 0.999993174 0.000006826
QJ:/cc/: 0.000018693 0.999981307 0.000000000
QJ:/cc/cr: 0.000020061 0.000006231 0.999973708
QJ:/cc/rr: 0.000000000 0.500000000 0.500000000
QJ:/crc/: 0.026765359 0.973234641 0.000000000
QJ:/crc/cr: 0.002311663 0.000002541 0.997685796
QJ:/crc/rr: 0.000000000 0.000138598 0.999861402
QJ:/crrc/: 0.007408557 0.992591443 0.000000000
QJ:/crrc/cr: 0.000161047 0.000013129 0.999825824
QJ:/crrc/rr: 0.000000000 0.002638590 0.997361410
QJ:/rc/: 0.010062089 0.989937911 0.000000000
QJ:/rc/cr: 0.000003781 0.000002298 0.999993921
QJ:/rc/rr: 0.000000000 0.000339183 0.999660817
QJ:/rrc/: 0.000003413 0.999996587 0.000000000
QJ:/rrc/cr: 0.000001677 0.000001138 0.999997185
QJ:/rrc/rr: 0.000000000 0.500000000 0.500000000
QK:/cc/: 0.547225598 0.452774402 0.000000000
QK:/cc/cr: 0.258368915 0.741606377 0.000024708
QK:/cc/rr: 0.000000000 0.999982920 0.000017080
QK:/crc/: 0.005609819 0.994390181 0.000000000
QK:/crc/cr: 0.000002487 0.560199581 0.439797932
QK:/crc/rr: 0.000000000 0.000661273 0.999338727
QK:/crrc/: 0.881142981 0.118857019 0.000000000
QK:/crrc/cr: 0.000179017 0.525705495 0.474115488
QK:/crrc/rr: 0.000000000 0.000583703 0.999416297
QK:/rc/: 0.448814309 0.551185691 0.000000000
QK:/rc/cr: 0.035350250 0.504618551 0.460031199
QK:/rc/rr: 0.000000000 0.191796375 0.808203625
QK:/rrc/: 0.126325481 0.873674519 0.000000000
QK:/rrc/cr: 0.000001302 0.299148641 0.700850057
QK:/rrc/rr: 0.000000000 0.000652086 0.999347914
QQ:/cc/: 0.505067463 0.494932537 0.000000000
QQ:/cc/cr: 0.999974821 0.000012589 0.000012589
QQ:/cc/rr: 0.000000000 0.999981495 0.000018505
QQ:/crc/: 0.976683661 0.023316339 0.000000000
QQ:/crc/cr: 0.999787867 0.000106066 0.000106066
QQ:/crc/rr: 0.000000000 0.999996202 0.000003798
QQ:/crrc/: 0.140437186 0.859562814 0.000000000
QQ:/crrc/cr: 0.999969677 0.000015161 0.000015161
QQ:/crrc/rr: 0.000000000 0.999860805 0.000139195
QQ:/rc/: 0.533897091 0.466102909 0.000000000
QQ:/rc/cr: 0.999990237 0.000004881 0.000004881
QQ:/rc/rr: 0.000000000 0.999993608 0.000006392
QQ:/rrc/: 0.983099733 0.016900267 0.000000000
QQ:/rrc/cr: 0.999865371 0.000067315 0.000067315
QQ:/rrc/rr: 0.000000000 0.999998264 0.000001736
