J:/c: 0.290131047 0.709868953 0.000000000
J:/crr: 0.000000000 0.999982766 0.000017234
J:/r: 0.054552609 0.130647229 0.814800162
JJ:/cc/c: 0.999992956 0.000007044 0.000000000
JJ:/cc/crr: 0.000000000 0.999996478 0.000003522
JJ:/cc/r: 0.999990609 0.000004696 0.000004696
JJ:/crc/c: 0.999982766 0.000017234 0.000000000
JJ:/crc/crr: 0.000000000 0.999991383 0.000008617
JJ:/crc/r: 0.999956860 0.000031651 0.000011489
JJ:/crrc/c: 0.999991383 0.000008617 0.000000000
JJ:/crrc/crr: 0.000000000 0.999995691 0.000004309
JJ:/crrc/r: 0.999974508 0.000019748 0.000005745
JJ:/rc/c: 0.999974486 0.000025514 0.000000000
JJ:/rc/crr: 0.000000000 0.999987243 0.000012757
JJ:/rc/r: 0.999959210 0.000023780 0.000017009
JJ:/rrc/c: 0.999938897 0.000061103 0.000000000
JJ:/rrc/crr: 0.000000000 0.999969447 0.000030553
JJ:/rrc/r: 0.999748839 0.000210426 0.000040735
JK:/cc/c: 0.008275988 0.991724012 0.000000000
JK:/cc/crr: 0.000000000 0.000425542 0.999574458
JK:/cc/r: 0.000004696 0.000004696 0.999990609
JK:/crc/c: 0.544594733 0.455405267 0.000000000
JK:/crc/crr: 0.000000000 0.000015822 0.999984178
JK:/crc/r: 0.138314372 0.000011489 0.861674139
JK:/crrc/c: 0.434956325 0.565043675 0.000000000
JK:/crrc/crr: 0.000000000 0.000033673 0.999966327
JK:/crrc/r: 0.185228047 0.000005745 0.814766209
JK:/rc/c: 0.380967853 0.619032147 0.000000000
JK:/rc/crr: 0.000000000 0.000033486 0.999966514
JK:/rc/r: 0.355890991 0.000017009 0.644092000
JK:/rrc/c: 0.999682173 0.000317827 0.000000000
JK:/rrc/crr: 0.000000000 0.000030561 0.999969439
JK:/rrc/r: 0.294518434 0.000040735 0.705440831
JQ:/cc/c: 0.073540007 0.926459993 0.000000000
JQ:/cc/crr: 0.000000000 0.000047889 0.999952111
JQ:/cc/r: 0.037368005 0.000004696 0.962627299
JQ:/crc/c: 0.553285085 0.446714915 0.000000000
JQ:/crc/crr: 0.000000000 0.000015574 0.999984426
JQ:/crc/r: 0.094781347 0.000011489 0.905207164
JQ:/crrc/c: 0.048722889 0.951277111 0.000000000
JQ:/crrc/crr: 0.000000000 0.000088428 0.999911572
JQ:/crrc/r: 0.180139457 0.000005745 0.819854798
JQ:/rc/c: 0.988661396 0.011338604 0.000000000
JQ:/rc/crr: 0.000000000 0.000012903 0.999987097
JQ:/rc/r: 0.000046429 0.000017009 0.999936562
JQ:/rrc/c: 0.031889089 0.968110911 0.000000000
JQ:/rrc/crr: 0.000000000 0.000958056 0.999041944
JQ:/rrc/r: 0.428873230 0.000040735 0.571086035
K:/c: 0.999966580 0.000033420 0.000000000
K:/crr: 0.000000000 0.999995000 0.000005000
K:/r: 0.573181632 0.426811701 0.000006667
KJ:/cc/c: 0.436660034 0.563339966 0.000000000
KJ:/cc/crr: 0.000000000 0.828687782 0.171312218
KJ:/cc/r: 0.492383459 0.202358702 0.305257839
KJ:/crc/c: 0.121888904 0.878111096 0.000000000
KJ:/crc/crr: 0.000000000 0.999979489 0.000020511
KJ:/crc/r: 0.000081156 0.728267284 0.271651559
KJ:/crrc/c: 0.304106032 0.695893968 0.000000000
KJ:/crrc/crr: 0.000000000 0.838292380 0.161707620
KJ:/crrc/r: 0.063498558 0.762157469 0.174343973
KJ:/rc/c: 0.419222904 0.580777096 0.000000000
KJ:/rc/crr: 0.000000000 0.831438338 0.168561662
KJ:/rc/r: 0.055324136 0.701663526 0.243012339
KJ:/rrc/c: 0.221315035 0.778684965 0.000000000
KJ:/rrc/crr: 0.000000000 0.999986862 0.000013138
KJ:/rrc/r: 0.038545894 0.895869734 0.065584372
KK:/cc/c: 0.850389602 0.149610398 0.000000000
KK:/cc/crr: 0.000000000 0.912034203 0.087965797
KK:/cc/r: 0.643389746 0.256869988 0.099740265
KK:/crc/c: 0.999995000 0.000005000 0.000000000
KK:/crc/crr: 0.000000000 0.999997500 0.000002500
KK:/crc/r: 0.999988308 0.000008358 0.000003333
KK:/crrc/c: 0.999997500 0.000002500 0.000000000
KK:/crrc/crr: 0.000000000 0.999998750 0.000001250
KK:/crrc/r: 0.999996667 0.000001667 0.000001667
KK:/rc/c: 0.999992190 0.000007810 0.000000000
KK:/rc/crr: 0.000000000 0.999996095 0.000003905
KK:/rc/r: 0.999977550 0.000017244 0.000005207
KK:/rrc/c: 0.999994185 0.000005815 0.000000000
KK:/rrc/crr: 0.000000000 0.999997092 0.000002908
KK:/rrc/r: 0.999964971 0.000031152 0.000003877
KQ:/cc/c: 0.768085101 0.231914899 0.000000000
KQ:/cc/crr: 0.000000000 0.902608189 0.097391811
KQ:/cc/r: 0.487096940 0.352348018 0.160555042
KQ:/crc/c: 0.196467651 0.803532349 0.000000000
KQ:/crc/crr: 0.000000000 0.001824081 0.998175919
KQ:/crc/r: 0.000064165 0.426041235 0.573894600
KQ:/crrc/c: 0.600956315 0.399043685 0.000000000
KQ:/crrc/crr: 0.000000000 0.402027453 0.597972547
KQ:/crrc/r: 0.003206596 0.669163834 0.327629570
KQ:/rc/c: 0.001988577 0.998011423 0.000000000
KQ:/rc/crr: 0.000000000 0.025461666 0.974538334
KQ:/rc/r: 0.000028954 0.308015841 0.691955205
KQ:/rrc/c: 0.509575203 0.490424797 0.000000000
KQ:/rrc/crr: 0.000000000 0.467436935 0.532563065
KQ:/rrc/r: 0.076981268 0.553401380 0.369617352
Q:/c: 0.849611178 0.150388822 0.000000000
Q:/crr: 0.000000000 0.999994115 0.000005885
Q:/r: 0.354268342 0.645653442 0.000078216
QJ:/cc/c: 0.000341864 0.999658136 0.000000000
QJ:/cc/crr: 0.000000000 0.048626272 0.951373728
QJ:/cc/r: 0.000039367 0.000022165 0.999938468
QJ:/crc/c: 0.446802931 0.553197069 0.000000000
QJ:/crc/crr: 0.000000000 0.020293048 0.979706952
QJ:/crc/r: 0.000003923 0.000003923 0.999992153
QJ:/crrc/c: 0.000081713 0.999918287 0.000000000
QJ:/crrc/crr: 0.000000000 0.018005356 0.981994644
QJ:/crrc/r: 0.016430850 0.000001962 0.983567188
QJ:/rc/c: 0.000057258 0.999942742 0.000000000
QJ:/rc/crr: 0.000000000 0.045083317 0.954916683
QJ:/rc/r: 0.019790599 0.000003442 0.980205959
QJ:/rrc/c: 0.000282990 0.999717010 0.000000000
QJ:/rrc/crr: 0.000000000 0.016624373 0.983375627
QJ:/rrc/r: 0.000088947 0.000006273 0.999904780
QK:/cc/c: 0.028011257 0.971988743 0.000000000
QK:/cc/crr: 0.000000000 0.999406539 0.000593461
QK:/cc/r: 0.000115670 0.748777278 0.251107052
QK:/crc/c: 0.334633037 0.665366963 0.000000000
QK:/crc/crr: 0.000000000 0.017298564 0.982701436
QK:/crc/r: 0.003756192 0.419071149 0.577172660
QK:/crrc/c: 0.035822964 0.964177036 0.000000000
QK:/crrc/crr: 0.000000000 0.013070471 0.986929529
QK:/crrc/r: 0.000111025 0.291894208 0.707994767
QK:/rc/c: 0.364039108 0.635960892 0.000000000
QK:/rc/crr: 0.000000000 0.006128329 0.993871671
QK:/rc/r: 0.000006905 0.309209102 0.690783993
QK:/rrc/c: 0.427961906 0.572038094 0.000000000
QK:/rrc/crr: 0.000000000 0.060892750 0.939107250
QK:/rrc/r: 0.000084867 0.518779911 0.481135222
QQ:/cc/c: 0.999966753 0.000033247 0.000000000
QQ:/cc/crr: 0.000000000 0.999983376 0.000016624
QQ:/cc/r: 0.992137659 0.007840176 0.000022165
QQ:/crc/c: 0.999994115 0.000005885 0.000000000
QQ:/crc/crr: 0.000000000 0.999997057 0.000002943
QQ:/crc/r: 0.999967146 0.000028931 0.000003923
QQ:/crrc/c: 0.999997057 0.000002943 0.000000000
QQ:/crrc/crr: 0.000000000 0.999998529 0.000001471
QQ:/crrc/r: 0.999996077 0.000001962 0.000001962
QQ:/rc/c: 0.999994837 0.000005163 0.000000000
QQ:/rc/crr: 0.000000000 0.999997419 0.000002581
QQ:/rc/r: 0.999986321 0.000010237 0.000003442
QQ:/rrc/c: 0.999990591 0.000009409 0.000000000
QQ:/rrc/crr: 0.000000000 0.999995295 0.000004705
QQ:/rrc/r: 0.999957854 0.000035874 0.000006273
