J:/: 0.075713010 0.924286990 0.000000000
J:/cr: 0.018345721 0.033859265 0.947795014
J:/rr: 0.000000000 0.999933961 0.000066039
JJ:/cc/: 0.000305218 0.999694782 0.000000000
JJ:/cc/cr: 0.999996393 0.000001804 0.000001804
JJ:/cc/rr: 0.000000000 0.991138172 0.008861828
JJ:/crc/: 0.977822799 0.022177201 0.000000000
JJ:/crc/cr: 0.998399092 0.000800454 0.000800454
JJ:/crc/rr: 0.000000000 0.999972768 0.000027232
JJ:/crrc/: 0.969097225 0.030902775 0.000000000
JJ:/crrc/cr: 0.997879597 0.001060201 0.001060201
JJ:/crrc/rr: 0.000000000 0.999949288 0.000050712
JJ:/rc/: 0.912308071 0.087691929 0.000000000
JJ:/rc/cr: 0.999497948 0.000251026 0.000251026
JJ:/rc/rr: 0.000000000 0.999963807 0.000036193
JJ:/rrc/: 0.996819475 0.003180525 0.000000000
JJ:/rrc/cr: 0.993078374 0.003460813 0.003460813
JJ:/rrc/rr: 0.000000000 0.999983437 0.000016563
JK:/cc/: 0.080203858 0.919796142 0.000000000
JK:/cc/cr: 0.000003187 0.000001960 0.999994853
JK:/cc/rr: 0.000000000 0.000033724 0.999966276
JK:/crc/: 0.063879181 0.936120819 0.000000000
JK:/crc/cr: 0.040407035 0.000018963 0.959574002
JK:/crc/rr: 0.000000000 0.000416845 0.999583155
JK:/crrc/: 0.999901711 0.000098289 0.000000000
JK:/crrc/cr: 0.333333333 0.333333333 0.333333333
JK:/crrc/rr: 0.000000000 0.000049150 0.999950850
JK:/rc/: 0.995421505 0.004578495 0.000000000
JK:/rc/cr: 0.903987006 0.004807900 0.091205094
JK:/rc/rr: 0.000000000 0.000033171 0.999966829
JK:/rrc/: 0.528631274 0.471368726 0.000000000
JK:/rrc/cr: 0.844975888 0.000023352 0.155000760
JK:/rrc/rr: 0.000000000 0.000031233 0.999968767
JQ:/cc/: 0.167812822 0.832187178 0.000000000
JQ:/cc/cr: 0.000004859 0.000002167 0.999992974
JQ:/cc/rr: 0.000000000 0.000016118 0.999983882
JQ:/crc/: 0.993638020 0.006361980 0.000000000
JQ:/crc/cr: 0.009573491 0.002790300 0.987636210
JQ:/crc/rr: 0.000000000 0.000026798 0.999973202
JQ:/crrc/: 0.030741480 0.969258520 0.000000000
JQ:/crrc/cr: 0.181711486 0.000033802 0.818254711
JQ:/crrc/rr: 0.000000000 0.001598646 0.998401354
JQ:/rc/: 0.995527044 0.004472956 0.000000000
JQ:/rc/cr: 0.004921343 0.004921343 0.990157315
JQ:/rc/rr: 0.000000000 0.000033168 0.999966832
JQ:/rrc/: 0.146666125 0.853333875 0.000000000
JQ:/rrc/cr: 0.000012899 0.000012899 0.999974202
JQ:/rrc/rr: 0.000000000 0.000112574 0.999887426
K:/: 0.755618590 0.244381410 0.000000000
K:/cr: 0.691338524 0.308647836 0.000013640
K:/rr: 0.000000000 0.999993383 0.000006617
KJ:/cc/: 0.000051705 0.999948295 0.000000000
KJ:/cc/cr: 0.000049369 0.000009965 0.999940666
KJ:/cc/rr: 0.000000000 0.802148912 0.197851088
KJ:/crc/: 0.000048590 0.999951410 0.000000000
KJ:/crc/cr: 0.000162716 0.999829919 0.000007366
KJ:/crc/rr: 0.000000000 0.772624882 0.227375118
KJ:/crrc/: 0.058446110 0.941553890 0.000000000
KJ:/crrc/cr: 0.001077869 0.992216643 0.006705488
KJ:/crrc/rr: 0.000000000 0.397976880 0.602023120
KJ:/rc/: 0.056756644 0.943243356 0.000000000
KJ:/rc/cr: 0.004768457 0.970444944 0.024786599
KJ:/rc/rr: 0.000000000 0.253638247 0.746361753
KJ:/rrc/: 0.084132006 0.915867994 0.000000000
KJ:/rrc/cr: 0.012748117 0.986525535 0.000726349
KJ:/rrc/rr: 0.000000000 0.472135033 0.527864967
KK:/cc/: 0.999598128 0.000401872 0.000000000
KK:/cc/cr: 0.966059175 0.016970413 0.016970413
KK:/cc/rr: 0.000000000 0.999989766 0.000010234
KK:/crc/: 0.159725537 0.840274463 0.000000000
KK:/crc/cr: 0.999982469 0.000008765 0.000008765
KK:/crc/rr: 0.000000000 0.999930831 0.000069169
KK:/crrc/: 0.995507955 0.004492045 0.000000000
KK:/crrc/cr: 0.998535955 0.000732023 0.000732023
KK:/crrc/rr: 0.000000000 0.999995045 0.000004955
KK:/rc/: 0.829257640 0.170742360 0.000000000
KK:/rc/cr: 0.999974163 0.000012918 0.000012918
KK:/rc/rr: 0.000000000 0.999996010 0.000003990
KK:/rrc/: 0.523839622 0.476160378 0.000000000
KK:/rrc/cr: 0.999995368 0.000002316 0.000002316
KK:/rrc/rr: 0.000000000 0.999996842 0.000003158
KQ:/cc/: 0.000285262 0.999714738 0.000000000
KQ:/cc/cr: 0.000045180 0.461110530 0.538844290
KQ:/cc/rr: 0.000000000 0.964138578 0.035861422
KQ:/crc/: 0.878299599 0.121700401 0.000000000
KQ:/crc/cr: 0.000372226 0.523589481 0.476038294
KQ:/crc/rr: 0.000000000 0.000032005 0.999967995
KQ:/crrc/: 0.005803184 0.994196816 0.000000000
KQ:/crrc/cr: 0.011131264 0.686665004 0.302203733
KQ:/crrc/rr: 0.000000000 0.186254226 0.813745774
KQ:/rc/: 0.000028559 0.999971441 0.000000000
KQ:/rc/cr: 0.000029059 0.484216033 0.515754908
KQ:/rc/rr: 0.000000000 0.884151981 0.115848019
KQ:/rrc/: 0.697605321 0.302394679 0.000000000
KQ:/rrc/cr: 0.043579807 0.846394979 0.110025215
KQ:/rrc/rr: 0.000000000 0.382277352 0.617722648
Q:/: 0.750246962 0.249753038 0.000000000
Q:/cr: 0.167629954 0.831246720 0.001123326
Q:/rr: 0.000000000 0.999993336 0.000006664
QJ:/cc/: 0.000020020 0.999979980 0.000000000
QJ:/cc/cr: 0.000006673 0.000006673 0.999986653
QJ:/cc/rr: 0.000000000 0.500000000 0.500000000
QJ:/crc/: 0.030993619 0.969006381 0.000000000
QJ:/crc/cr: 0.001202616 0.000002762 0.998794622
QJ:/crc/rr: 0.000000000 0.000129511 0.999870489
QJ:/crrc/: 0.014146622 0.985853378 0.000000000
QJ:/crrc/cr: 0.000078801 0.000013460 0.999907739
QJ:/crrc/rr: 0.000000000 0.001407031 0.998592969
QJ:/rc/: 0.009673521 0.990326479 0.000000000
QJ:/rc/cr: 0.000002243 0.000002243 0.999995514
QJ:/rc/rr: 0.000000000 0.000344470 0.999655530
QJ:/rrc/: 0.000003332 0.999996668 0.000000000
QJ:/rrc/cr: 0.000001111 0.000001111 0.999997778
QJ:/rrc/rr: 0.000000000 0.500000000 0.500000000
QK:/cc/: 0.426797526 0.573202474 0.000000000
QK:/cc/cr: 0.063905851 0.936068167 0.000025981
QK:/cc/rr: 0.000000000 0.999976547 0.000023453
QK:/crc/: 0.000735132 0.999264868 0.000000000
QK:/crc/cr: 0.000002726 0.558621003 0.441376271
QK:/crc/rr: 0.000000000 0.005765133 0.994234867
QK:/crrc/: 0.949669975 0.050330025 0.000000000
QK:/crrc/cr: 0.000573260 0.636986496 0.362440244
QK:/crrc/rr: 0.000000000 0.000571826 0.999428174
QK:/rc/: 0.452714411 0.547285589 0.000000000
QK:/rc/cr: 0.015689609 0.518831510 0.465478881
QK:/rc/rr: 0.000000000 0.214837951 0.785162049
QK:/rrc/: 0.122818053 0.877181947 0.000000000
QK:/rrc/cr: 0.000001266 0.310087448 0.689911286
QK:/rrc/rr: 0.000000000 0.000447870 0.999552130
QQ:/cc/: 0.481436043 0.518563957 0.000000000
QQ:/cc/cr: 0.999974263 0.000012869 0.000012869
QQ:/cc/rr: 0.000000000 0.999979208 0.000020792
QQ:/crc/: 0.985382840 0.014617160 0.000000000
QQ:/crc/cr: 0.999633854 0.000183073 0.000183073
QQ:/crc/rr: 0.000000000 0.999995926 0.000004074
QQ:/crrc/: 0.100506221 0.899493779 0.000000000
QQ:/crrc/cr: 0.999970495 0.000014753 0.000014753
QQ:/crrc/rr: 0.000000000 0.999801955 0.000198045
QQ:/rc/: 0.504308232 0.495691768 0.000000000
QQ:/rc/cr: 0.999990359 0.000005159 0.000004482
QQ:/rc/rr: 0.000000000 0.999993392 0.000006608
QQ:/rrc/: 0.980547016 0.019452984 0.000000000
QQ:/rrc/cr: 0.999885801 0.000057099 0.000057099
QQ:/rrc/rr: 0.000000000 0.999998301 0.000001699
