J:/: 0.071185724 0.928814276 0.000000000
J:/cr: 0.020568442 0.031979149 0.947452409
J:/rr: 0.000000000 0.999929761 0.000070239
JJ:/cc/: 0.000028453 0.999971547 0.000000000
JJ:/cc/cr: 0.999996411 0.000001794 0.000001794
JJ:/cc/rr: 0.000000000 0.905400535 0.094599465
JJ:/crc/: 0.938855080 0.061144920 0.000000000
JJ:/crc/cr: 0.999388211 0.000305894 0.000305894
JJ:/crc/rr: 0.000000000 0.999970117 0.000029883
JJ:/crrc/: 0.991222611 0.008777389 0.000000000
JJ:/crrc/cr: 0.993373841 0.003313080 0.003313080
JJ:/crrc/rr: 0.000000000 0.999955993 0.000044007
JJ:/rc/: 0.946187656 0.053812344 0.000000000
JJ:/rc/cr: 0.999129830 0.000435085 0.000435085
JJ:/rc/rr: 0.000000000 0.999962883 0.000037117
JJ:/rrc/: 0.989872788 0.010127212 0.000000000
JJ:/rrc/cr: 0.997687954 0.001156023 0.001156023
JJ:/rrc/rr: 0.000000000 0.999982259 0.000017741
JK:/cc/: 0.082022009 0.917977991 0.000000000
JK:/cc/cr: 0.000265991 0.000001955 0.999732055
JK:/cc/rr: 0.000000000 0.000032816 0.999967184
JK:/crc/: 0.048414431 0.951585569 0.000000000
JK:/crc/cr: 0.000506377 0.000019655 0.999473968
JK:/crc/rr: 0.000000000 0.000579493 0.999420507
JK:/crrc/: 0.999724610 0.000275390 0.000000000
JK:/crrc/cr: 0.105596358 0.105596358 0.788807284
JK:/crrc/rr: 0.000000000 0.000043632 0.999956368
JK:/rc/: 0.999804998 0.000195002 0.000000000
JK:/rc/cr: 0.759870287 0.120064857 0.120064857
JK:/rc/rr: 0.000000000 0.000035126 0.999964874
JK:/rrc/: 0.548973608 0.451026392 0.000000000
JK:/rrc/cr: 0.991812896 0.000025957 0.008161147
JK:/rrc/rr: 0.000000000 0.000031989 0.999968011
JQ:/cc/: 0.143150006 0.856849994 0.000000000
JQ:/cc/cr: 0.000002094 0.000002094 0.999995812
JQ:/cc/rr: 0.000000000 0.000018803 0.999981197
JQ:/crc/: 0.991614678 0.008385322 0.000000000
JQ:/crc/cr: 0.542470131 0.002230550 0.455299319
JQ:/crc/rr: 0.000000000 0.000028293 0.999971707
JQ:/crrc/: 0.028632005 0.971367995 0.000000000
JQ:/crrc/cr: 0.183229183 0.000029937 0.816740880
JQ:/crrc/rr: 0.000000000 0.001523480 0.998476520
JQ:/rc/: 0.999320677 0.000679323 0.000000000
JQ:/rc/cr: 0.034465090 0.034465090 0.931069820
JQ:/rc/rr: 0.000000000 0.000035143 0.999964857
JQ:/rrc/: 0.138209526 0.861790474 0.000000000
JQ:/rrc/cr: 0.000013585 0.000013585 0.999972830
JQ:/rrc/rr: 0.000000000 0.000127060 0.999872940
K:/: 0.744786343 0.255213657 0.000000000
K:/cr: 0.729419765 0.270567174 0.000013061
K:/rr: 0.000000000 0.999993287 0.000006713
KJ:/cc/: 0.000019591 0.999980409 0.000000000
KJ:/cc/cr: 0.000006531 0.000006531 0.999986939
KJ:/cc/rr: 0.000000000 0.500000000 0.500000000
KJ:/crc/: 0.000055470 0.999944530 0.000000000
KJ:/crc/cr: 0.000032533 0.999959421 0.000008046
KJ:/crc/rr: 0.000000000 0.782440597 0.217559403
KJ:/crrc/: 0.070758904 0.929241096 0.000000000
KJ:/crrc/cr: 0.000003615 0.999933137 0.000063248
KJ:/crrc/rr: 0.000000000 0.584908284 0.415091716
KJ:/rc/: 0.090823266 0.909176734 0.000000000
KJ:/rc/cr: 0.003922636 0.980332520 0.015744844
KJ:/rc/rr: 0.000000000 0.550138945 0.449861055
KJ:/rrc/: 0.076191611 0.923808389 0.000000000
KJ:/rrc/cr: 0.000034710 0.999725875 0.000239415
KJ:/rrc/rr: 0.000000000 0.606236320 0.393763680
KK:/cc/: 0.996775580 0.003224420 0.000000000
KK:/cc/cr: 0.995949364 0.002025318 0.002025318
KK:/cc/rr: 0.000000000 0.999990173 0.000009827
KK:/crc/: 0.123542355 0.876457645 0.000000000
KK:/crc/cr: 0.999981641 0.000009179 0.000009179
KK:/crc/rr: 0.000000000 0.999902316 0.000097684
KK:/crrc/: 0.997774494 0.002225506 0.000000000
KK:/crrc/cr: 0.997318071 0.001340965 0.001340965
KK:/crrc/rr: 0.000000000 0.999995514 0.000004486
KK:/rc/: 0.811934317 0.188065683 0.000000000
KK:/rc/cr: 0.999976202 0.000011899 0.000011899
KK:/rc/rr: 0.000000000 0.999995866 0.000004134
KK:/rrc/: 0.527519970 0.472480030 0.000000000
KK:/rrc/cr: 0.999995264 0.000002368 0.000002368
KK:/rrc/rr: 0.000000000 0.999996818 0.000003182
KQ:/cc/: 0.000050935 0.999949065 0.000000000
KQ:/cc/cr: 0.000035874 0.443074522 0.556889604
KQ:/cc/rr: 0.000000000 0.807683107 0.192316893
KQ:/crc/: 0.882753754 0.117246246 0.000000000
KQ:/crc/cr: 0.000435162 0.597895027 0.401669811
KQ:/crc/rr: 0.000000000 0.000039225 0.999960775
KQ:/crrc/: 0.004819139 0.995180861 0.000000000
KQ:/crrc/cr: 0.003343468 0.719601111 0.277055421
KQ:/crrc/rr: 0.000000000 0.070801467 0.929198533
KQ:/rc/: 0.000006713 0.999993287 0.000000000
KQ:/rc/cr: 0.000012485 0.476573882 0.523413633
KQ:/rc/rr: 0.000000000 0.500000000 0.500000000
KQ:/rrc/: 0.728397304 0.271602696 0.000000000
KQ:/rrc/cr: 0.041144892 0.820186322 0.138668787
KQ:/rrc/rr: 0.000000000 0.392175935 0.607824065
Q:/: 0.762652530 0.237347470 0.000000000
Q:/cr: 0.179163102 0.820103632 0.000733266
Q:/rr: 0.000000000 0.999993444 0.000006556
QJ:/cc/: 0.000021066 0.999978934 0.000000000
QJ:/cc/cr: 0.000007022 0.000007022 0.999985956
QJ:/cc/rr: 0.000000000 0.500000000 0.500000000
QJ:/crc/: 0.031459145 0.968540855 0.000000000
QJ:/crc/cr: 0.004266040 0.000002947 0.995731013
QJ:/crc/rr: 0.000000000 0.000136088 0.999863912
QJ:/crrc/: 0.012509397 0.987490603 0.000000000
QJ:/crrc/cr: 0.000013230 0.000013230 0.999973540
QJ:/crrc/rr: 0.000000000 0.001566568 0.998433432
QJ:/rc/: 0.006737093 0.993262907 0.000000000
QJ:/rc/cr: 0.000002200 0.000002200 0.999995600
QJ:/rc/rr: 0.000000000 0.000486565 0.999513435
QJ:/rrc/: 0.000003278 0.999996722 0.000000000
QJ:/rrc/cr: 0.000001093 0.000001093 0.999997815
QJ:/rrc/rr: 0.000000000 0.500000000 0.500000000
QK:/cc/: 0.397155736 0.602844264 0.000000000
QK:/cc/cr: 0.285880761 0.714102852 0.000016387
QK:/cc/rr: 0.000000000 0.999973479 0.000026521
QK:/crc/: 0.015022845 0.984977155 0.000000000
QK:/crc/cr: 0.000003815 0.554198998 0.445797187
QK:/crc/rr: 0.000000000 0.000342725 0.999657275
QK:/crrc/: 0.975972829 0.024027171 0.000000000
QK:/crrc/cr: 0.000661723 0.511156838 0.488181440
QK:/crrc/rr: 0.000000000 0.000522028 0.999477972
QK:/rc/: 0.426166145 0.573833855 0.000000000
QK:/rc/cr: 0.004170804 0.556770803 0.439058394
QK:/rc/rr: 0.000000000 0.206574817 0.793425183
QK:/rrc/: 0.125035730 0.874964270 0.000000000
QK:/rrc/cr: 0.000003548 0.303633062 0.696363390
QK:/rrc/rr: 0.000000000 0.000151129 0.999848871
QQ:/cc/: 0.495056413 0.504943587 0.000000000
QQ:/cc/cr: 0.999972187 0.000013907 0.000013907
QQ:/cc/rr: 0.000000000 0.999978723 0.000021277
QQ:/crc/: 0.993354638 0.006645362 0.000000000
QQ:/crc/cr: 0.999141015 0.000429492 0.000429492
QQ:/crc/rr: 0.000000000 0.999995690 0.000004310
QQ:/crrc/: 0.095565691 0.904434309 0.000000000
QQ:/crrc/cr: 0.999971110 0.000014445 0.000014445
QQ:/crrc/rr: 0.000000000 0.999794939 0.000205061
QQ:/rc/: 0.466435037 0.533564963 0.000000000
QQ:/rc/cr: 0.999991095 0.000004809 0.000004096
QQ:/rc/rr: 0.000000000 0.999992972 0.000007028
QQ:/rrc/: 0.975429048 0.024570952 0.000000000
QQ:/rrc/cr: 0.999911059 0.000044471 0.000044471
QQ:/rrc/rr: 0.000000000 0.999998320 0.000001680
