J:/c: 0.289026804 0.710973196 0.000000000
J:/crr: 0.000000000 0.999982701 0.000017299
J:/r: 0.053279445 0.126841213 0.819879341
JJ:/cc/c: 0.999992967 0.000007033 0.000000000
JJ:/cc/crr: 0.000000000 0.999996484 0.000003516
JJ:/cc/r: 0.999990623 0.000004688 0.000004688
JJ:/crc/c: 0.999982701 0.000017299 0.000000000
JJ:/crc/crr: 0.000000000 0.999991350 0.000008650
JJ:/crc/r: 0.999917782 0.000070685 0.000011533
JJ:/crrc/c: 0.999991350 0.000008650 0.000000000
JJ:/crrc/crr: 0.000000000 0.999995675 0.000004325
JJ:/crrc/r: 0.999974303 0.000019930 0.000005767
JJ:/rc/c: 0.999973720 0.000026280 0.000000000
JJ:/rc/crr: 0.000000000 0.999986860 0.000013140
JJ:/rc/r: 0.999956465 0.000026015 0.000017520
JJ:/rrc/c: 0.999937437 0.000062563 0.000000000
JJ:/rrc/crr: 0.000000000 0.999968716 0.000031284
JJ:/rrc/r: 0.999761825 0.000196466 0.000041709
JK:/cc/c: 0.005706443 0.994293557 0.000000000
JK:/cc/crr: 0.000000000 0.000616199 0.999383801
JK:/cc/r: 0.000004688 0.000004688 0.999990623
JK:/crc/c: 0.518326497 0.481673503 0.000000000
JK:/crc/crr: 0.000000000 0.000016688 0.999983312
JK:/crc/r: 0.019550087 0.000011533 0.980438380
JK:/crrc/c: 0.406006180 0.593993820 0.000000000
JK:/crrc/crr: 0.000000000 0.000010652 0.999989348
JK:/crrc/r: 0.207973817 0.000005767 0.792020416
JK:/rc/c: 0.388485974 0.611514026 0.000000000
JK:/rc/crr: 0.000000000 0.000033823 0.999966177
JK:/rc/r: 0.353649938 0.000017520 0.646332542
JK:/rrc/c: 0.999827633 0.000172367 0.000000000
JK:/rrc/crr: 0.000000000 0.000031287 0.999968713
JK:/rrc/r: 0.290120993 0.000041709 0.709837298
JQ:/cc/c: 0.075060889 0.924939111 0.000000000
JQ:/cc/crr: 0.000000000 0.000046846 0.999953154
JQ:/cc/r: 0.038425348 0.000004688 0.961569964
JQ:/crc/c: 0.461063424 0.538936576 0.000000000
JQ:/crc/crr: 0.000000000 0.000018760 0.999981240
JQ:/crc/r: 0.086391978 0.000011533 0.913596489
JQ:/crrc/c: 0.040472753 0.959527247 0.000000000
JQ:/crrc/crr: 0.000000000 0.000106860 0.999893140
JQ:/crrc/r: 0.123350834 0.000005767 0.876643399
JQ:/rc/c: 0.995900404 0.004099596 0.000000000
JQ:/rc/crr: 0.000000000 0.000013194 0.999986806
JQ:/rc/r: 0.000042765 0.000017520 0.999939715
JQ:/rrc/c: 0.013316409 0.986683591 0.000000000
JQ:/rrc/crr: 0.000000000 0.002349102 0.997650898
JQ:/rrc/r: 0.494266803 0.000041709 0.505691489
K:/c: 0.999969398 0.000030602 0.000000000
K:/crr: 0.000000000 0.999995000 0.000005000
K:/r: 0.572814925 0.427178408 0.000006667
KJ:/cc/c: 0.400264058 0.599735942 0.000000000
KJ:/cc/crr: 0.000000000 0.795899801 0.204100199
KJ:/cc/r: 0.534290597 0.227394979 0.238314425
KJ:/crc/c: 0.177623176 0.822376824 0.000000000
KJ:/crc/crr: 0.000000000 0.999985925 0.000014075
KJ:/crc/r: 0.000097802 0.756072546 0.243829652
KJ:/crrc/c: 0.463014179 0.536985821 0.000000000
KJ:/crrc/crr: 0.000000000 0.999997300 0.000002700
KJ:/crrc/r: 0.009623875 0.852125633 0.138250491
KJ:/rc/c: 0.417011953 0.582988047 0.000000000
KJ:/rc/crr: 0.000000000 0.861879139 0.138120861
KJ:/rc/r: 0.047580179 0.710627914 0.241791907
KJ:/rrc/c: 0.226979917 0.773020083 0.000000000
KJ:/rrc/crr: 0.000000000 0.999987181 0.000012819
KJ:/rrc/r: 0.033164621 0.905550209 0.061285170
KK:/cc/c: 0.836612052 0.163387948 0.000000000
KK:/cc/crr: 0.000000000 0.902351426 0.097648574
KK:/cc/r: 0.616806862 0.274267840 0.108925298
KK:/crc/c: 0.999995000 0.000005000 0.000000000
KK:/crc/crr: 0.000000000 0.999997500 0.000002500
KK:/crc/r: 0.999988380 0.000008287 0.000003333
KK:/crrc/c: 0.999997500 0.000002500 0.000000000
KK:/crrc/crr: 0.000000000 0.999998750 0.000001250
KK:/crrc/r: 0.999996667 0.000001667 0.000001667
KK:/rc/c: 0.999992197 0.000007803 0.000000000
KK:/rc/crr: 0.000000000 0.999996098 0.000003902
KK:/rc/r: 0.999978880 0.000015918 0.000005202
KK:/rrc/c: 0.999994181 0.000005819 0.000000000
KK:/rrc/crr: 0.000000000 0.999997090 0.000002910
KK:/rrc/r: 0.999585185 0.000410936 0.000003879
KQ:/cc/c: 0.827088482 0.172911518 0.000000000
KQ:/cc/crr: 0.000000000 0.901227045 0.098772955
KQ:/cc/r: 0.531722593 0.351897143 0.116380265
KQ:/crc/c: 0.217690036 0.782309964 0.000000000
KQ:/crc/crr: 0.000000000 0.000486475 0.999513525
KQ:/crc/r: 0.000025136 0.431163857 0.568811007
KQ:/crrc/c: 0.619303506 0.380696494 0.000000000
KQ:/crrc/crr: 0.000000000 0.396686934 0.603313066
KQ:/crrc/r: 0.000266642 0.813923591 0.185809767
KQ:/rc/c: 0.000694915 0.999305085 0.000000000
KQ:/rc/crr: 0.000000000 0.017152678 0.982847322
KQ:/rc/r: 0.000024455 0.298759494 0.701216051
KQ:/rrc/c: 0.509710957 0.490289043 0.000000000
KQ:/rrc/crr: 0.000000000 0.463324549 0.536675451
KQ:/rrc/r: 0.057245932 0.578877217 0.363876851
Q:/c: 0.849600866 0.150399134 0.000000000
Q:/crr: 0.000000000 0.999994115 0.000005885
Q:/r: 0.365869580 0.633952002 0.000178419
QJ:/cc/c: 0.000384691 0.999615309 0.000000000
QJ:/cc/crr: 0.000000000 0.043209856 0.956790144
QJ:/cc/r: 0.000027181 0.000022163 0.999950656
QJ:/crc/c: 0.426734392 0.573265608 0.000000000
QJ:/crc/crr: 0.000000000 0.061110368 0.938889632
QJ:/crc/r: 0.000040816 0.000003923 0.999955260
QJ:/crrc/c: 0.000068511 0.999931489 0.000000000
QJ:/crrc/crr: 0.000000000 0.021475090 0.978524910
QJ:/crrc/r: 0.037305816 0.000001962 0.962692222
QJ:/rc/c: 0.000046984 0.999953016 0.000000000
QJ:/rc/crr: 0.000000000 0.055955260 0.944044740
QJ:/rc/r: 0.014741821 0.000003505 0.985254674
QJ:/rrc/c: 0.000262504 0.999737496 0.000000000
QJ:/rrc/crr: 0.000000000 0.026009873 0.973990127
QJ:/rrc/r: 0.000076310 0.000006074 0.999917616
QK:/cc/c: 0.016089974 0.983910026 0.000000000
QK:/cc/crr: 0.000000000 0.998966907 0.001033093
QK:/cc/r: 0.000103039 0.749670847 0.250226114
QK:/crc/c: 0.390392240 0.609607760 0.000000000
QK:/crc/crr: 0.000000000 0.007752730 0.992247270
QK:/crc/r: 0.000219757 0.519081123 0.480699120
QK:/crrc/c: 0.043372088 0.956627912 0.000000000
QK:/crrc/crr: 0.000000000 0.007609296 0.992390704
QK:/crrc/r: 0.000089044 0.289199042 0.710711915
QK:/rc/c: 0.370903450 0.629096550 0.000000000
QK:/rc/crr: 0.000000000 0.002093282 0.997906718
QK:/rc/r: 0.000007834 0.311833642 0.688158524
QK:/rrc/c: 0.423905119 0.576094881 0.000000000
QK:/rrc/crr: 0.000000000 0.063289199 0.936710801
QK:/rrc/r: 0.000150505 0.515419693 0.484429802
QQ:/cc/c: 0.999966755 0.000033245 0.000000000
QQ:/cc/crr: 0.000000000 0.999983377 0.000016623
QQ:/cc/r: 0.999935457 0.000042380 0.000022163
QQ:/crc/c: 0.999994115 0.000005885 0.000000000
QQ:/crc/crr: 0.000000000 0.999997057 0.000002943
QQ:/crc/r: 0.999958763 0.000037314 0.000003923
QQ:/crrc/c: 0.999997057 0.000002943 0.000000000
QQ:/crrc/crr: 0.000000000 0.999998529 0.000001471
QQ:/crrc/r: 0.999995485 0.000002553 0.000001962
QQ:/rc/c: 0.999994742 0.000005258 0.000000000
QQ:/rc/crr: 0.000000000 0.999997371 0.000002629
QQ:/rc/r: 0.999983869 0.000012626 0.000003505
QQ:/rrc/c: 0.999990889 0.000009111 0.000000000
QQ:/rrc/crr: 0.000000000 0.999995445 0.000004555
QQ:/rrc/r: 0.999960333 0.000033593 0.000006074
