J:/: 0.072281109 0.927718891 0.000000000
J:/cr: 0.018683812 0.032772383 0.948543805
J:/rr: 0.000000000 0.999930826 0.000069174
JJ:/cc/: 0.000033024 0.999966976 0.000000000
JJ:/cc/cr: 0.999996407 0.000001797 0.000001797
JJ:/cc/rr: 0.000000000 0.918398561 0.081601439
JJ:/crc/: 0.988857951 0.011142049 0.000000000
JJ:/crc/cr: 0.996720044 0.001639978 0.001639978
JJ:/crc/rr: 0.000000000 0.999972282 0.000027718
JJ:/crrc/: 0.970723564 0.029276436 0.000000000
JJ:/crrc/cr: 0.997810437 0.001094781 0.001094781
JJ:/crrc/rr: 0.000000000 0.999950473 0.000049527
JJ:/rc/: 0.909914098 0.090085902 0.000000000
JJ:/rc/cr: 0.999488086 0.000255957 0.000255957
JJ:/rc/rr: 0.000000000 0.999961989 0.000038011
JJ:/rrc/: 0.999448642 0.000551358 0.000000000
JJ:/rrc/cr: 0.958176481 0.020911760 0.020911760
JJ:/rrc/rr: 0.000000000 0.999982696 0.000017304
JK:/cc/: 0.077412120 0.922587880 0.000000000
JK:/cc/cr: 0.000249113 0.000001947 0.999748940
JK:/cc/rr: 0.000000000 0.000034811 0.999965189
JK:/crc/: 0.041357299 0.958642701 0.000000000
JK:/crc/cr: 0.003361674 0.000019061 0.996619265
JK:/crc/rr: 0.000000000 0.000662738 0.999337262
JK:/crrc/: 0.999903846 0.000096154 0.000000000
JK:/crrc/cr: 0.333333333 0.333333333 0.333333333
JK:/crrc/rr: 0.000000000 0.000048082 0.999951918
JK:/rc/: 0.999072007 0.000927993 0.000000000
JK:/rc/cr: 0.950305405 0.024847298 0.024847298
JK:/rc/rr: 0.000000000 0.000034619 0.999965381
JK:/rrc/: 0.548222147 0.451777853 0.000000000
JK:/rrc/cr: 0.976280635 0.000025521 0.023693844
JK:/rrc/rr: 0.000000000 0.000031547 0.999968453
JQ:/cc/: 0.150906449 0.849093551 0.000000000
JQ:/cc/cr: 0.000002116 0.000002116 0.999995768
JQ:/cc/rr: 0.000000000 0.000017857 0.999982143
JQ:/crc/: 0.981203207 0.018796793 0.000000000
JQ:/crc/cr: 0.830105777 0.000972119 0.168922104
JQ:/crc/rr: 0.000000000 0.000027934 0.999972066
JQ:/crrc/: 0.009508461 0.990491539 0.000000000
JQ:/crrc/cr: 0.189327918 0.000032359 0.810639723
JQ:/crrc/rr: 0.000000000 0.005056228 0.994943772
JQ:/rc/: 0.997454768 0.002545232 0.000000000
JQ:/rc/cr: 0.009059342 0.009059342 0.981881317
JQ:/rc/rr: 0.000000000 0.000034675 0.999965325
JQ:/rrc/: 0.147542587 0.852457413 0.000000000
JQ:/rrc/cr: 0.000013525 0.000013525 0.999972949
JQ:/rrc/rr: 0.000000000 0.000117219 0.999882781
K:/: 0.751051180 0.248948820 0.000000000
K:/cr: 0.714628740 0.285357871 0.000013390
K:/rr: 0.000000000 0.999993343 0.000006657
KJ:/cc/: 0.000020084 0.999979916 0.000000000
KJ:/cc/cr: 0.000006695 0.000006695 0.999986610
KJ:/cc/rr: 0.000000000 0.500000000 0.500000000
KJ:/crc/: 0.000053833 0.999946167 0.000000000
KJ:/crc/cr: 0.000031879 0.999960300 0.000007821
KJ:/crc/rr: 0.000000000 0.782093827 0.217906173
KJ:/crrc/: 0.034006590 0.965993410 0.000000000
KJ:/crrc/cr: 0.004704215 0.991786802 0.003508983
KJ:/crrc/rr: 0.000000000 0.364763011 0.635236989
KJ:/rc/: 0.082539589 0.917460411 0.000000000
KJ:/rc/cr: 0.008548620 0.970060496 0.021390884
KJ:/rc/rr: 0.000000000 0.393349247 0.606650753
KJ:/rrc/: 0.077051650 0.922948350 0.000000000
KJ:/rrc/cr: 0.000097877 0.999817935 0.000084188
KJ:/rrc/rr: 0.000000000 0.503009095 0.496990905
KK:/cc/: 0.997546640 0.002453360 0.000000000
KK:/cc/cr: 0.994542329 0.002728836 0.002728836
KK:/cc/rr: 0.000000000 0.999989933 0.000010067
KK:/crc/: 0.079520460 0.920479540 0.000000000
KK:/crc/cr: 0.999983008 0.000008496 0.000008496
KK:/crc/rr: 0.000000000 0.999852484 0.000147516
KK:/crrc/: 0.993849122 0.006150878 0.000000000
KK:/crrc/cr: 0.998984617 0.000507691 0.000507691
KK:/crrc/rr: 0.000000000 0.999995287 0.000004713
KK:/rc/: 0.816832621 0.183167379 0.000000000
KK:/rc/cr: 0.999975770 0.000012115 0.000012115
KK:/rc/rr: 0.000000000 0.999995925 0.000004075
KK:/rrc/: 0.521432625 0.478567375 0.000000000
KK:/rrc/cr: 0.999995363 0.000002319 0.000002319
KK:/rrc/rr: 0.000000000 0.999996808 0.000003192
KQ:/cc/: 0.000051704 0.999948296 0.000000000
KQ:/cc/cr: 0.000035640 0.429967784 0.569996575
KQ:/cc/rr: 0.000000000 0.805774519 0.194225481
KQ:/crc/: 0.896879959 0.103120041 0.000000000
KQ:/crc/cr: 0.000484564 0.603609960 0.395905476
KQ:/crc/rr: 0.000000000 0.000034417 0.999965583
KQ:/crrc/: 0.008870698 0.991129302 0.000000000
KQ:/crrc/cr: 0.006210847 0.697997558 0.295791595
KQ:/crrc/rr: 0.000000000 0.351870099 0.648129901
KQ:/rc/: 0.000117047 0.999882953 0.000000000
KQ:/rc/cr: 0.000011556 0.483015483 0.516972960
KQ:/rc/rr: 0.000000000 0.028438739 0.971561261
KQ:/rrc/: 0.717465431 0.282534569 0.000000000
KQ:/rrc/cr: 0.016664974 0.911020506 0.072314520
KQ:/rrc/rr: 0.000000000 0.385579046 0.614420954
Q:/: 0.758324502 0.241675498 0.000000000
Q:/cr: 0.176874856 0.821827071 0.001298072
Q:/rr: 0.000000000 0.999993407 0.000006593
QJ:/cc/: 0.000020689 0.999979311 0.000000000
QJ:/cc/cr: 0.000006896 0.000006896 0.999986207
QJ:/cc/rr: 0.000000000 0.500000000 0.500000000
QJ:/crc/: 0.032290292 0.967709708 0.000000000
QJ:/crc/cr: 0.000371720 0.000002890 0.999625390
QJ:/crc/rr: 0.000000000 0.000129937 0.999870063
QJ:/crrc/: 0.044690994 0.955309006 0.000000000
QJ:/crrc/cr: 0.000013605 0.000013605 0.999972791
QJ:/crrc/rr: 0.000000000 0.000436214 0.999563786
QJ:/rc/: 0.006804902 0.993195098 0.000000000
QJ:/rc/cr: 0.000002213 0.000002213 0.999995574
QJ:/rc/rr: 0.000000000 0.000484466 0.999515534
QJ:/rrc/: 0.000003297 0.999996703 0.000000000
QJ:/rrc/cr: 0.000001099 0.000001099 0.999997802
QJ:/rrc/rr: 0.000000000 0.500000000 0.500000000
QK:/cc/: 0.352248114 0.647751886 0.000000000
QK:/cc/cr: 0.006314683 0.993664944 0.000020373
QK:/cc/rr: 0.000000000 0.203524532 0.796475468
QK:/crc/: 0.000010347 0.999989653 0.000000000
QK:/crc/cr: 0.000003491 0.548866786 0.451129723
QK:/crc/rr: 0.000000000 0.594503771 0.405496229
QK:/crrc/: 0.976885657 0.023114343 0.000000000
QK:/crrc/cr: 0.000822579 0.552696026 0.446481395
QK:/crrc/rr: 0.000000000 0.000522342 0.999477658
QK:/rc/: 0.440097404 0.559902596 0.000000000
QK:/rc/cr: 0.000181931 0.542672169 0.457145900
QK:/rc/rr: 0.000000000 0.202882059 0.797117941
QK:/rrc/: 0.122925596 0.877074404 0.000000000
QK:/rrc/cr: 0.000001253 0.306701304 0.693297443
QK:/rrc/rr: 0.000000000 0.000227893 0.999772107
QQ:/cc/: 0.451904604 0.548095396 0.000000000
QQ:/cc/cr: 0.999974835 0.000012582 0.000012582
QQ:/cc/rr: 0.000000000 0.999977109 0.000022891
QQ:/crc/: 0.992921818 0.007078182 0.000000000
QQ:/crc/cr: 0.999209644 0.000395178 0.000395178
QQ:/crc/rr: 0.000000000 0.999995774 0.000004226
QQ:/crrc/: 0.086108369 0.913891631 0.000000000
QQ:/crrc/cr: 0.999971558 0.000014221 0.000014221
QQ:/crrc/rr: 0.000000000 0.999773601 0.000226399
QQ:/rc/: 0.483817523 0.516182477 0.000000000
QQ:/rc/cr: 0.999990982 0.000004761 0.000004258
QQ:/rc/rr: 0.000000000 0.999993186 0.000006814
QQ:/rrc/: 0.984127613 0.015872387 0.000000000
QQ:/rrc/cr: 0.999861530 0.000069235 0.000069235
QQ:/rrc/rr: 0.000000000 0.999998325 0.000001675
