J:/c: 0.316732256 0.683267744 0.000000000
J:/crr: 0.000000000 0.999984214 0.000015786
J:/r: 0.057585694 0.129686150 0.812728156
JJ:/cc/c: 0.999992682 0.000007318 0.000000000
JJ:/cc/crr: 0.000000000 0.999996341 0.000003659
JJ:/cc/r: 0.999990243 0.000004879 0.000004879
JJ:/crc/c: 0.999984214 0.000015786 0.000000000
JJ:/crc/crr: 0.000000000 0.999992107 0.000007893
JJ:/crc/r: 0.999747962 0.000241514 0.000010524
JJ:/crrc/c: 0.999992107 0.000007893 0.000000000
JJ:/crrc/crr: 0.000000000 0.999996053 0.000003947
JJ:/crrc/r: 0.999960932 0.000033806 0.000005262
JJ:/rc/c: 0.999974297 0.000025703 0.000000000
JJ:/rc/crr: 0.000000000 0.999987148 0.000012852
JJ:/rc/r: 0.999965729 0.000017135 0.000017135
JJ:/rrc/c: 0.999942115 0.000057885 0.000000000
JJ:/rrc/crr: 0.000000000 0.999971056 0.000028944
JJ:/rrc/r: 0.999922820 0.000038590 0.000038590
JK:/cc/c: 0.000007318 0.999992682 0.000000000
JK:/cc/crr: 0.000000000 0.500000000 0.500000000
JK:/cc/r: 0.000004879 0.000004879 0.999990243
JK:/crc/c: 0.523812863 0.476187137 0.000000000
JK:/crc/crr: 0.000000000 0.000015069 0.999984931
JK:/crc/r: 0.001409583 0.000010524 0.998579893
JK:/crrc/c: 0.287572094 0.712427906 0.000000000
JK:/crrc/crr: 0.000000000 0.000013724 0.999986276
JK:/crrc/r: 0.163658801 0.000005262 0.836335937
JK:/rc/c: 0.374977733 0.625022267 0.000000000
JK:/rc/crr: 0.000000000 0.000034273 0.999965727
JK:/rc/r: 0.354096365 0.000017135 0.645886499
JK:/rrc/c: 0.999942115 0.000057885 0.000000000
JK:/rrc/crr: 0.000000000 0.000028944 0.999971056
JK:/rrc/r: 0.277389844 0.000038590 0.722571566
JQ:/cc/c: 0.080329420 0.919670580 0.000000000
JQ:/cc/crr: 0.000000000 0.000045549 0.999954451
JQ:/cc/r: 0.025841742 0.000004879 0.974153379
JQ:/crc/c: 0.296146905 0.703853095 0.000000000
JQ:/crc/crr: 0.000000000 0.000026653 0.999973347
JQ:/crc/r: 0.000042691 0.000010524 0.999946785
JQ:/crrc/c: 0.017593759 0.982406241 0.000000000
JQ:/crrc/crr: 0.000000000 0.000224319 0.999775681
JQ:/crrc/r: 0.016210797 0.000005262 0.983783941
JQ:/rc/c: 0.999974297 0.000025703 0.000000000
JQ:/rc/crr: 0.000000000 0.000012852 0.999987148
JQ:/rc/r: 0.000017135 0.000017135 0.999965729
JQ:/rrc/c: 0.000057885 0.999942115 0.000000000
JQ:/rrc/crr: 0.000000000 0.500000000 0.500000000
JQ:/rrc/r: 0.379137318 0.000038590 0.620824092
K:/c: 0.999990000 0.000010000 0.000000000
K:/crr: 0.000000000 0.999995000 0.000005000
K:/r: 0.579546167 0.420447167 0.000006667
KJ:/cc/c: 0.500000000 0.500000000 0.000000000
KJ:/cc/crr: 0.000000000 0.500000000 0.500000000
KJ:/cc/r: 0.333333333 0.333333333 0.333333333
KJ:/crc/c: 0.083239926 0.916760074 0.000000000
KJ:/crc/crr: 0.000000000 0.999969966 0.000030034
KJ:/crc/r: 0.000003333 0.883401135 0.116595531
KJ:/crrc/c: 0.426959788 0.573040212 0.000000000
KJ:/crrc/crr: 0.000000000 0.999997072 0.000002928
KJ:/crrc/r: 0.000001667 0.999996667 0.000001667
KJ:/rc/c: 0.429115424 0.570884576 0.000000000
KJ:/rc/crr: 0.000000000 0.621063982 0.378936018
KJ:/rc/r: 0.000015842 0.999965111 0.000019047
KJ:/rrc/c: 0.098786583 0.901213417 0.000000000
KJ:/rrc/crr: 0.000000000 0.999970889 0.000029111
KJ:/rrc/r: 0.000014354 0.999981811 0.000003834
KK:/cc/c: 0.500000000 0.500000000 0.000000000
KK:/cc/crr: 0.000000000 0.500000000 0.500000000
KK:/cc/r: 0.333333333 0.333333333 0.333333333
KK:/crc/c: 0.999995000 0.000005000 0.000000000
KK:/crc/crr: 0.000000000 0.999997500 0.000002500
KK:/crc/r: 0.996587954 0.003408712 0.000003333
KK:/crrc/c: 0.999997500 0.000002500 0.000000000
KK:/crrc/crr: 0.000000000 0.999998750 0.000001250
KK:/crrc/r: 0.999378053 0.000620280 0.000001667
KK:/rc/c: 0.999992072 0.000007928 0.000000000
KK:/rc/crr: 0.000000000 0.999996036 0.000003964
KK:/rc/r: 0.999964330 0.000030385 0.000005285
KK:/rrc/c: 0.999994248 0.000005752 0.000000000
KK:/rrc/crr: 0.000000000 0.999997124 0.000002876
KK:/rrc/r: 0.996852715 0.003143451 0.000003834
KQ:/cc/c: 0.500000000 0.500000000 0.000000000
KQ:/cc/crr: 0.000000000 0.500000000 0.500000000
KQ:/cc/r: 0.333333333 0.333333333 0.333333333
KQ:/crc/c: 0.317027289 0.682972711 0.000000000
KQ:/crc/crr: 0.000000000 0.000341693 0.999658307
KQ:/crc/r: 0.000004263 0.470200503 0.529795234
KQ:/crrc/c: 0.636405301 0.363594699 0.000000000
KQ:/crrc/crr: 0.000000000 0.411369024 0.588630976
KQ:/crrc/r: 0.000014122 0.904528308 0.095457570
KQ:/rc/c: 0.000007928 0.999992072 0.000000000
KQ:/rc/crr: 0.000000000 0.500000000 0.500000000
KQ:/rc/r: 0.000005285 0.308260159 0.691734555
KQ:/rrc/c: 0.392965068 0.607034932 0.000000000
KQ:/rrc/crr: 0.000000000 0.999992682 0.000007318
KQ:/rrc/r: 0.084291052 0.553538149 0.362170799
Q:/c: 0.840694540 0.159305460 0.000000000
Q:/crr: 0.000000000 0.999994053 0.000005947
Q:/r: 0.350533822 0.649431949 0.000034229
QJ:/cc/c: 0.000031386 0.999968614 0.000000000
QJ:/cc/crr: 0.000000000 0.500000000 0.500000000
QJ:/cc/r: 0.000020924 0.000020924 0.999958152
QJ:/crc/c: 0.436437704 0.563562296 0.000000000
QJ:/crc/crr: 0.000000000 0.000073307 0.999926693
QJ:/crc/r: 0.000003965 0.000003965 0.999992070
QJ:/crrc/c: 0.000002974 0.999997026 0.000000000
QJ:/crrc/crr: 0.000000000 0.500000000 0.500000000
QJ:/crrc/r: 0.000001982 0.000001982 0.999996035
QJ:/rc/c: 0.000005133 0.999994867 0.000000000
QJ:/rc/crr: 0.000000000 0.500000000 0.500000000
QJ:/rc/r: 0.000025987 0.000003422 0.999970591
QJ:/rrc/c: 0.000009509 0.999990491 0.000000000
QJ:/rrc/crr: 0.000000000 0.500000000 0.500000000
QJ:/rrc/r: 0.000006340 0.000006340 0.999987321
QK:/cc/c: 0.352021838 0.647978162 0.000000000
QK:/cc/crr: 0.000000000 0.999955420 0.000044580
QK:/cc/r: 0.000020924 0.734955531 0.265023545
QK:/crc/c: 0.280074286 0.719925714 0.000000000
QK:/crc/crr: 0.000000000 0.000010618 0.999989382
QK:/crc/r: 0.000015406 0.465191714 0.534792881
QK:/crrc/c: 0.162535297 0.837464703 0.000000000
QK:/crrc/crr: 0.000000000 0.000009148 0.999990852
QK:/crrc/r: 0.000015149 0.285592566 0.714392285
QK:/rc/c: 0.365375357 0.634624643 0.000000000
QK:/rc/crr: 0.000000000 0.000103063 0.999896937
QK:/rc/r: 0.000003630 0.328297098 0.671699272
QK:/rrc/c: 0.403205273 0.596794727 0.000000000
QK:/rrc/crr: 0.000000000 0.000215437 0.999784563
QK:/rrc/r: 0.000006340 0.489398731 0.510594930
QQ:/cc/c: 0.999968614 0.000031386 0.000000000
QQ:/cc/crr: 0.000000000 0.999984306 0.000015694
QQ:/cc/r: 0.999071675 0.000907400 0.000020924
QQ:/crc/c: 0.999994053 0.000005947 0.000000000
QQ:/crc/crr: 0.000000000 0.999997026 0.000002974
QQ:/crc/r: 0.992612617 0.007383418 0.000003965
QQ:/crrc/c: 0.999997026 0.000002974 0.000000000
QQ:/crrc/crr: 0.000000000 0.999998513 0.000001487
QQ:/crrc/r: 0.999889882 0.000108136 0.000001982
QQ:/rc/c: 0.999994867 0.000005133 0.000000000
QQ:/rc/crr: 0.000000000 0.999997434 0.000002566
QQ:/rc/r: 0.999803910 0.000192668 0.000003422
QQ:/rrc/c: 0.999990491 0.000009509 0.000000000
QQ:/rrc/crr: 0.000000000 0.999995245 0.000004755
QQ:/rrc/r: 0.999985056 0.000008604 0.000006340
