J:/: 0.071634431 0.928365569 0.000000000
J:/cr: 0.018732592 0.033619046 0.947648363
J:/rr: 0.000000000 0.999930201 0.000069799
JJ:/cc/: 0.000103007 0.999896993 0.000000000
JJ:/cc/cr: 0.999996409 0.000001795 0.000001795
JJ:/cc/rr: 0.000000000 0.973857147 0.026142853
JJ:/crc/: 0.936950600 0.063049400 0.000000000
JJ:/crc/cr: 0.999435359 0.000282320 0.000282320
JJ:/crc/rr: 0.000000000 0.999971503 0.000028497
JJ:/crrc/: 0.999307439 0.000692561 0.000000000
JJ:/crrc/cr: 0.907746531 0.046126734 0.046126734
JJ:/crrc/rr: 0.000000000 0.999952048 0.000047952
JJ:/rc/: 0.946054038 0.053945962 0.000000000
JJ:/rc/cr: 0.999137423 0.000431289 0.000431289
JJ:/rc/rr: 0.000000000 0.999963111 0.000036889
JJ:/rrc/: 0.999965098 0.000034902 0.000000000
JJ:/rrc/cr: 0.333333333 0.333333333 0.333333333
JJ:/rrc/rr: 0.000000000 0.999982548 0.000017452
JK:/cc/: 0.074248519 0.925751481 0.000000000
JK:/cc/cr: 0.000001939 0.000001939 0.999996121
JK:/cc/rr: 0.000000000 0.000036269 0.999963731
JK:/crc/: 0.042842865 0.957157135 0.000000000
JK:/crc/cr: 0.007496026 0.000018597 0.992485377
JK:/crc/rr: 0.000000000 0.000623212 0.999376788
JK:/crrc/: 0.999904163 0.000095837 0.000000000
JK:/crrc/cr: 0.333333333 0.333333333 0.333333333
JK:/crrc/rr: 0.000000000 0.000047923 0.999952077
JK:/rc/: 0.999930201 0.000069799 0.000000000
JK:/rc/cr: 0.333333333 0.333333333 0.333333333
JK:/rc/rr: 0.000000000 0.000034902 0.999965098
JK:/rrc/: 0.543160373 0.456839627 0.000000000
JK:/rrc/cr: 0.944103765 0.000025466 0.055870768
JK:/rrc/rr: 0.000000000 0.000032128 0.999967872
JQ:/cc/: 0.168804212 0.831195788 0.000000000
JQ:/cc/cr: 0.000002160 0.000002160 0.999995680
JQ:/cc/rr: 0.000000000 0.000015953 0.999984047
JQ:/crc/: 0.986888048 0.013111952 0.000000000
JQ:/crc/cr: 0.383764166 0.001357550 0.614878284
JQ:/crc/rr: 0.000000000 0.000027055 0.999972945
JQ:/crrc/: 0.009105425 0.990894575 0.000000000
JQ:/crrc/cr: 0.171025221 0.000032239 0.828942540
JQ:/crrc/rr: 0.000000000 0.005262615 0.994737385
JQ:/rc/: 0.999619547 0.000380453 0.000000000
JQ:/rc/cr: 0.061154103 0.061154103 0.877691794
JQ:/rc/rr: 0.000000000 0.000034913 0.999965087
JQ:/rrc/: 0.151256557 0.848743443 0.000000000
JQ:/rrc/cr: 0.000013707 0.000013707 0.999972585
JQ:/rrc/rr: 0.000000000 0.000115373 0.999884627
K:/: 0.751052169 0.248947831 0.000000000
K:/cr: 0.707137743 0.292848868 0.000013390
K:/rr: 0.000000000 0.999993343 0.000006657
KJ:/cc/: 0.000020085 0.999979915 0.000000000
KJ:/cc/cr: 0.000006695 0.000006695 0.999986610
KJ:/cc/rr: 0.000000000 0.500000000 0.500000000
KJ:/crc/: 0.000022861 0.999977139 0.000000000
KJ:/crc/cr: 0.000007621 0.999984759 0.000007621
KJ:/crc/rr: 0.000000000 0.500000000 0.500000000
KJ:/crrc/: 0.072682552 0.927317448 0.000000000
KJ:/crrc/cr: 0.000003403 0.999993194 0.000003403
KJ:/crrc/rr: 0.000000000 0.396274843 0.603725157
KJ:/rc/: 0.013891221 0.986108779 0.000000000
KJ:/rc/cr: 0.004540156 0.979771187 0.015688657
KJ:/rc/rr: 0.000000000 0.043477197 0.956522803
KJ:/rrc/: 0.081406555 0.918593445 0.000000000
KJ:/rrc/cr: 0.000006827 0.999991965 0.000001208
KJ:/rrc/rr: 0.000000000 0.633609425 0.366390575
KK:/cc/: 0.999897704 0.000102296 0.000000000
KK:/cc/cr: 0.869108396 0.065445802 0.065445802
KK:/cc/rr: 0.000000000 0.999989957 0.000010043
KK:/crc/: 0.086946198 0.913053802 0.000000000
KK:/crc/cr: 0.999983308 0.000008346 0.000008346
KK:/crc/rr: 0.000000000 0.999868533 0.000131467
KK:/crrc/: 0.995755317 0.004244683 0.000000000
KK:/crrc/cr: 0.998513038 0.000743481 0.000743481
KK:/crrc/rr: 0.000000000 0.999995246 0.000004754
KK:/rc/: 0.809046571 0.190953429 0.000000000
KK:/rc/cr: 0.999976758 0.000011621 0.000011621
KK:/rc/rr: 0.000000000 0.999995886 0.000004114
KK:/rrc/: 0.519196700 0.480803300 0.000000000
KK:/rrc/cr: 0.999995385 0.000002308 0.000002308
KK:/rrc/rr: 0.000000000 0.999996794 0.000003206
KQ:/cc/: 0.000020085 0.999979915 0.000000000
KQ:/cc/cr: 0.000006695 0.448683929 0.551309376
KQ:/cc/rr: 0.000000000 0.500000000 0.500000000
KQ:/crc/: 0.888045997 0.111954003 0.000000000
KQ:/crc/cr: 0.000068067 0.548932763 0.450999170
KQ:/crc/rr: 0.000000000 0.000012872 0.999987128
KQ:/crrc/: 0.006275961 0.993724039 0.000000000
KQ:/crrc/cr: 0.013730054 0.687512718 0.298757228
KQ:/crrc/rr: 0.000000000 0.247805952 0.752194048
KQ:/rc/: 0.000006657 0.999993343 0.000000000
KQ:/rc/cr: 0.000018698 0.479775497 0.520205804
KQ:/rc/rr: 0.000000000 0.500000000 0.500000000
KQ:/rrc/: 0.711140686 0.288859314 0.000000000
KQ:/rrc/cr: 0.018468247 0.885610496 0.095921257
KQ:/rrc/rr: 0.000000000 0.393958249 0.606041751
Q:/: 0.753949553 0.246050447 0.000000000
Q:/cr: 0.166734844 0.833117569 0.000147587
Q:/rr: 0.000000000 0.999993368 0.000006632
QJ:/cc/: 0.000020321 0.999979679 0.000000000
QJ:/cc/cr: 0.000006774 0.000006774 0.999986452
QJ:/cc/rr: 0.000000000 0.500000000 0.500000000
QJ:/crc/: 0.032520262 0.967479738 0.000000000
QJ:/crc/cr: 0.001165401 0.000002801 0.998831798
QJ:/crc/rr: 0.000000000 0.000125007 0.999874993
QJ:/crrc/: 0.004868478 0.995131522 0.000000000
QJ:/crrc/cr: 0.000013608 0.000013608 0.999972784
QJ:/crrc/rr: 0.000000000 0.004172295 0.995827705
QJ:/rc/: 0.016455549 0.983544451 0.000000000
QJ:/rc/cr: 0.000002248 0.000002248 0.999995505
QJ:/rc/rr: 0.000000000 0.000201505 0.999798495
QJ:/rrc/: 0.000003316 0.999996684 0.000000000
QJ:/rrc/cr: 0.000001105 0.000001105 0.999997789
QJ:/rrc/rr: 0.000000000 0.500000000 0.500000000
QK:/cc/: 0.508118947 0.491881053 0.000000000
QK:/cc/cr: 0.000365721 0.999618810 0.000015470
QK:/cc/rr: 0.000000000 0.999980004 0.000019996
QK:/crc/: 0.009648322 0.990351678 0.000000000
QK:/crc/cr: 0.000003269 0.555225455 0.444771276
QK:/crc/rr: 0.000000000 0.000673997 0.999326003
QK:/crrc/: 0.992875670 0.007124330 0.000000000
QK:/crrc/cr: 0.002187285 0.406259989 0.591552726
QK:/crrc/rr: 0.000000000 0.000523860 0.999476140
QK:/rc/: 0.431775985 0.568224015 0.000000000
QK:/rc/cr: 0.007698325 0.523510479 0.468791196
QK:/rc/rr: 0.000000000 0.208322774 0.791677226
QK:/rrc/: 0.128333854 0.871666146 0.000000000
QK:/rrc/cr: 0.000009070 0.303253541 0.696737389
QK:/rrc/rr: 0.000000000 0.000012919 0.999987081
QQ:/cc/: 0.549091940 0.450908060 0.000000000
QQ:/cc/cr: 0.999969955 0.000015022 0.000015022
QQ:/cc/rr: 0.000000000 0.999981496 0.000018504
QQ:/crc/: 0.989160698 0.010839302 0.000000000
QQ:/crc/cr: 0.999499936 0.000250032 0.000250032
QQ:/crc/rr: 0.000000000 0.999995890 0.000004110
QQ:/crrc/: 0.059741777 0.940258223 0.000000000
QQ:/crrc/cr: 0.999970945 0.000014652 0.000014402
QQ:/crrc/rr: 0.000000000 0.999659991 0.000340009
QQ:/rc/: 0.487954064 0.512045936 0.000000000
QQ:/rc/cr: 0.999991366 0.000004317 0.000004317
QQ:/rc/rr: 0.000000000 0.999993205 0.000006795
QQ:/rrc/: 0.983274978 0.016725022 0.000000000
QQ:/rrc/cr: 0.999867827 0.000066086 0.000066086
QQ:/rrc/rr: 0.000000000 0.999998314 0.000001686
