J:/: 0.072676942 0.927323058 0.000000000
J:/cr: 0.019169046 0.032848533 0.947982421
J:/rr: 0.000000000 0.999931202 0.000068798
JJ:/cc/: 0.000108476 0.999891524 0.000000000
JJ:/cc/cr: 0.999795454 0.000202749 0.000001797
JJ:/cc/rr: 0.000000000 0.975147095 0.024852905
JJ:/crc/: 0.994519131 0.005480869 0.000000000
JJ:/crc/cr: 0.993344801 0.003327600 0.003327600
JJ:/crc/rr: 0.000000000 0.999972492 0.000027508
JJ:/crrc/: 0.998791747 0.001208253 0.000000000
JJ:/crrc/cr: 0.948266934 0.025866533 0.025866533
JJ:/crrc/rr: 0.000000000 0.999953063 0.000046937
JJ:/rc/: 0.220649667 0.779350333 0.000000000
JJ:/rc/cr: 0.999941150 0.000029425 0.000029425
JJ:/rc/rr: 0.000000000 0.999844102 0.000155898
JJ:/rrc/: 0.999965599 0.000034401 0.000000000
JJ:/rrc/cr: 0.333333333 0.333333333 0.333333333
JJ:/rrc/rr: 0.000000000 0.999982799 0.000017201
JK:/cc/: 0.081648548 0.918351452 0.000000000
JK:/cc/cr: 0.000001957 0.000001957 0.999996086
JK:/cc/rr: 0.000000000 0.000033019 0.999966981
JK:/crc/: 0.033003781 0.966996219 0.000000000
JK:/crc/cr: 0.001681548 0.000018861 0.998299591
JK:/crc/rr: 0.000000000 0.000828911 0.999171089
JK:/crrc/: 0.999906240 0.000093760 0.000000000
JK:/crrc/cr: 0.333333333 0.333333333 0.333333333
JK:/crrc/rr: 0.000000000 0.000046884 0.999953116
JK:/rc/: 0.999931202 0.000068798 0.000000000
JK:/rc/cr: 0.333333333 0.333333333 0.333333333
JK:/rc/rr: 0.000000000 0.000034401 0.999965599
JK:/rrc/: 0.551085945 0.448914055 0.000000000
JK:/rrc/cr: 0.999936214 0.000025544 0.000038242
JK:/rrc/rr: 0.000000000 0.000031212 0.999968788
JQ:/cc/: 0.174187295 0.825812705 0.000000000
JQ:/cc/cr: 0.000002176 0.000002176 0.999995647
JQ:/cc/rr: 0.000000000 0.000015477 0.999984523
JQ:/crc/: 0.996114941 0.003885059 0.000000000
JQ:/crc/cr: 0.658559417 0.004694430 0.336746153
JQ:/crc/rr: 0.000000000 0.000027464 0.999972536
JQ:/crrc/: 0.077086662 0.922913338 0.000000000
JQ:/crrc/cr: 0.132270390 0.000033864 0.867695746
JQ:/crrc/rr: 0.000000000 0.000608146 0.999391854
JQ:/rc/: 0.999931202 0.000068798 0.000000000
JQ:/rc/cr: 0.333333333 0.333333333 0.333333333
JQ:/rc/rr: 0.000000000 0.000034401 0.999965599
JQ:/rrc/: 0.154213834 0.845786166 0.000000000
JQ:/rrc/cr: 0.000124987 0.000013558 0.999861455
JQ:/rrc/rr: 0.000000000 0.000111537 0.999888463
K:/: 0.756438570 0.243561430 0.000000000
K:/cr: 0.714478514 0.285507800 0.000013686
K:/rr: 0.000000000 0.999993390 0.000006610
KJ:/cc/: 0.000020529 0.999979471 0.000000000
KJ:/cc/cr: 0.000006843 0.000006843 0.999986314
KJ:/cc/rr: 0.000000000 0.500000000 0.500000000
KJ:/crc/: 0.000023967 0.999976033 0.000000000
KJ:/crc/cr: 0.000007989 0.999984021 0.000007989
KJ:/crc/rr: 0.000000000 0.500000000 0.500000000
KJ:/crrc/: 0.073351763 0.926648237 0.000000000
KJ:/crrc/cr: 0.000003445 0.999993110 0.000003445
KJ:/crrc/rr: 0.000000000 0.509258922 0.490741078
KJ:/rc/: 0.000072881 0.999927119 0.000000000
KJ:/rc/cr: 0.042606889 0.757117138 0.200275974
KJ:/rc/rr: 0.000000000 0.954652764 0.045347236
KJ:/rrc/: 0.079046852 0.920953148 0.000000000
KJ:/rrc/cr: 0.000005536 0.999993268 0.000001196
KJ:/rrc/rr: 0.000000000 0.463330246 0.536669754
KK:/cc/: 0.999979471 0.000020529 0.000000000
KK:/cc/cr: 0.333333333 0.333333333 0.333333333
KK:/cc/rr: 0.000000000 0.999989735 0.000010265
KK:/crc/: 0.091620538 0.908379462 0.000000000
KK:/crc/cr: 0.999982410 0.000008795 0.000008795
KK:/crc/rr: 0.000000000 0.999869203 0.000130797
KK:/crrc/: 0.999544277 0.000455723 0.000000000
KK:/crrc/cr: 0.985989329 0.007005335 0.007005335
KK:/crrc/rr: 0.000000000 0.999995209 0.000004791
KK:/rc/: 0.793130261 0.206869739 0.000000000
KK:/rc/cr: 0.999978699 0.000010651 0.000010651
KK:/rc/rr: 0.000000000 0.999995833 0.000004167
KK:/rrc/: 0.523310320 0.476689680 0.000000000
KK:/rrc/cr: 0.999995378 0.000002311 0.000002311
KK:/rrc/rr: 0.000000000 0.999996842 0.000003158
KQ:/cc/: 0.000020529 0.999979471 0.000000000
KQ:/cc/cr: 0.000006843 0.471809936 0.528183221
KQ:/cc/rr: 0.000000000 0.500000000 0.500000000
KQ:/crc/: 0.894743763 0.105256237 0.000000000
KQ:/crc/cr: 0.000075902 0.584272159 0.415651939
KQ:/crc/rr: 0.000000000 0.000013393 0.999986607
KQ:/crrc/: 0.012585146 0.987414854 0.000000000
KQ:/crrc/cr: 0.000008720 0.815417000 0.184574281
KQ:/crrc/rr: 0.000000000 0.013701278 0.986298722
KQ:/rc/: 0.000006610 0.999993390 0.000000000
KQ:/rc/cr: 0.000008227 0.421720522 0.578271251
KQ:/rc/rr: 0.000000000 0.500000000 0.500000000
KQ:/rrc/: 0.699088718 0.300911282 0.000000000
KQ:/rrc/cr: 0.051627126 0.772233723 0.176139151
KQ:/rrc/rr: 0.000000000 0.389054574 0.610945426
Q:/: 0.763014352 0.236985648 0.000000000
Q:/cr: 0.163429256 0.836528206 0.000042539
Q:/rr: 0.000000000 0.999993447 0.000006553
QJ:/cc/: 0.000021098 0.999978902 0.000000000
QJ:/cc/cr: 0.000007033 0.000007033 0.999985934
QJ:/cc/rr: 0.000000000 0.500000000 0.500000000
QJ:/crc/: 0.029581168 0.970418832 0.000000000
QJ:/crc/cr: 0.000215188 0.000002888 0.999781924
QJ:/crc/rr: 0.000000000 0.000142102 0.999857898
QJ:/crrc/: 0.009390323 0.990609677 0.000000000
QJ:/crrc/cr: 0.000014480 0.000014480 0.999971040
QJ:/crrc/rr: 0.000000000 0.002291323 0.997708677
QJ:/rc/: 0.004482433 0.995517567 0.000000000
QJ:/rc/cr: 0.000002194 0.000002194 0.999995612
QJ:/rc/rr: 0.000000000 0.000730960 0.999269040
QJ:/rrc/: 0.000003276 0.999996724 0.000000000
QJ:/rrc/cr: 0.000001092 0.000001092 0.999997816
QJ:/rrc/rr: 0.000000000 0.500000000 0.500000000
QK:/cc/: 0.379968147 0.620031853 0.000000000
QK:/cc/cr: 0.000119537 0.999869120 0.000011343
QK:/cc/rr: 0.000000000 0.055745754 0.944254246
QK:/crc/: 0.001416746 0.998583254 0.000000000
QK:/crc/cr: 0.000002806 0.559790557 0.440206637
QK:/crc/rr: 0.000000000 0.002967046 0.997032954
QK:/crrc/: 0.997877790 0.002122210 0.000000000
QK:/crrc/cr: 0.006759074 0.360627332 0.632613594
QK:/crrc/rr: 0.000000000 0.000539248 0.999460752
QK:/rc/: 0.388141863 0.611858137 0.000000000
QK:/rc/cr: 0.000231509 0.532299999 0.467468492
QK:/rc/rr: 0.000000000 0.177848517 0.822151483
QK:/rrc/: 0.117488137 0.882511863 0.000000000
QK:/rrc/cr: 0.000007486 0.296648632 0.703343882
QK:/rrc/rr: 0.000000000 0.000013944 0.999986056
QQ:/cc/: 0.534230535 0.465769465 0.000000000
QQ:/cc/cr: 0.993428675 0.006556226 0.000015099
QQ:/cc/rr: 0.000000000 0.999980254 0.000019746
QQ:/crc/: 0.994399144 0.005600856 0.000000000
QQ:/crc/cr: 0.998999308 0.000500346 0.000500346
QQ:/crc/rr: 0.000000000 0.999995773 0.000004227
QQ:/crrc/: 0.358681760 0.641318240 0.000000000
QQ:/crrc/cr: 0.999955267 0.000022367 0.000022367
QQ:/crrc/rr: 0.000000000 0.999940013 0.000059987
QQ:/rc/: 0.474489583 0.525510417 0.000000000
QQ:/rc/cr: 0.999990444 0.000005400 0.000004157
QQ:/rc/rr: 0.000000000 0.999993095 0.000006905
QQ:/rrc/: 0.968926529 0.031073471 0.000000000
QQ:/rrc/cr: 0.999929704 0.000035148 0.000035148
QQ:/rrc/rr: 0.000000000 0.999998309 0.000001691
