J:/c: 0.306173696 0.693826304 0.000000000
J:/crr: 0.000000000 0.999983669 0.000016331
J:/r: 0.054443221 0.125225542 0.820331237
JJ:/cc/c: 0.999992794 0.000007206 0.000000000
JJ:/cc/crr: 0.000000000 0.999996397 0.000003603
JJ:/cc/r: 0.999990391 0.000004804 0.000004804
JJ:/crc/c: 0.999983669 0.000016331 0.000000000
JJ:/crc/crr: 0.000000000 0.999991835 0.000008165
JJ:/crc/r: 0.999615532 0.000373581 0.000010887
JJ:/crrc/c: 0.999991835 0.000008165 0.000000000
JJ:/crrc/crr: 0.000000000 0.999995917 0.000004083
JJ:/crrc/r: 0.999971103 0.000023454 0.000005444
JJ:/rc/c: 0.999973381 0.000026619 0.000000000
JJ:/rc/crr: 0.000000000 0.999986690 0.000013310
JJ:/rc/r: 0.999964508 0.000017746 0.000017746
JJ:/rrc/c: 0.999938774 0.000061226 0.000000000
JJ:/rrc/crr: 0.000000000 0.999969385 0.000030615
JJ:/rrc/r: 0.999918366 0.000040817 0.000040817
JK:/cc/c: 0.002933130 0.997066870 0.000000000
JK:/cc/crr: 0.000000000 0.001228451 0.998771549
JK:/cc/r: 0.000004804 0.000004804 0.999990391
JK:/crc/c: 0.499249982 0.500750018 0.000000000
JK:/crc/crr: 0.000000000 0.000016355 0.999983645
JK:/crc/r: 0.025985149 0.000010887 0.974003964
JK:/crrc/c: 0.394472632 0.605527368 0.000000000
JK:/crrc/crr: 0.000000000 0.000010350 0.999989650
JK:/crrc/r: 0.146900290 0.000005444 0.853094266
JK:/rc/c: 0.384195444 0.615804556 0.000000000
JK:/rc/crr: 0.000000000 0.000034642 0.999965358
JK:/rc/r: 0.343597269 0.000017746 0.656384985
JK:/rrc/c: 0.999938774 0.000061226 0.000000000
JK:/rrc/crr: 0.000000000 0.000030615 0.999969385
JK:/rrc/r: 0.315012782 0.000040817 0.684946401
JQ:/cc/c: 0.071634250 0.928365750 0.000000000
JQ:/cc/crr: 0.000000000 0.000050300 0.999949700
JQ:/cc/r: 0.039061806 0.000004804 0.960933390
JQ:/crc/c: 0.504739495 0.495260505 0.000000000
JQ:/crc/crr: 0.000000000 0.000016177 0.999983823
JQ:/crc/r: 0.000057723 0.000010887 0.999931390
JQ:/crrc/c: 0.090442137 0.909557863 0.000000000
JQ:/crrc/crr: 0.000000000 0.000045142 0.999954858
JQ:/crrc/r: 0.046033152 0.000005444 0.953961405
JQ:/rc/c: 0.998712818 0.001287182 0.000000000
JQ:/rc/crr: 0.000000000 0.000013326 0.999986674
JQ:/rc/r: 0.000017746 0.000017746 0.999964508
JQ:/rrc/c: 0.004365737 0.995634263 0.000000000
JQ:/rrc/crr: 0.000000000 0.007012089 0.992987911
JQ:/rrc/r: 0.493537455 0.000040817 0.506421727
K:/c: 0.999990000 0.000010000 0.000000000
K:/crr: 0.000000000 0.999995000 0.000005000
K:/r: 0.580874224 0.419119109 0.000006667
KJ:/cc/c: 0.500000000 0.500000000 0.000000000
KJ:/cc/crr: 0.000000000 0.500000000 0.500000000
KJ:/cc/r: 0.333333333 0.333333333 0.333333333
KJ:/crc/c: 0.200921761 0.799078239 0.000000000
KJ:/crc/crr: 0.000000000 0.999987557 0.000012443
KJ:/crc/r: 0.000023877 0.999490768 0.000485355
KJ:/crrc/c: 0.366897879 0.633102121 0.000000000
KJ:/crrc/crr: 0.000000000 0.999996593 0.000003407
KJ:/crrc/r: 0.006312132 0.892071048 0.101616820
KJ:/rc/c: 0.450330351 0.549669649 0.000000000
KJ:/rc/crr: 0.000000000 0.903813990 0.096186010
KJ:/rc/r: 0.000107624 0.999887074 0.000005302
KJ:/rrc/c: 0.098254260 0.901745740 0.000000000
KJ:/rrc/crr: 0.000000000 0.999970798 0.000029202
KJ:/rrc/r: 0.026762929 0.943820998 0.029416074
KK:/cc/c: 0.500000000 0.500000000 0.000000000
KK:/cc/crr: 0.000000000 0.500000000 0.500000000
KK:/cc/r: 0.333333333 0.333333333 0.333333333
KK:/crc/c: 0.999995000 0.000005000 0.000000000
KK:/crc/crr: 0.000000000 0.999997500 0.000002500
KK:/crc/r: 0.973499527 0.026497140 0.000003333
KK:/crrc/c: 0.999997500 0.000002500 0.000000000
KK:/crrc/crr: 0.000000000 0.999998750 0.000001250
KK:/crrc/r: 0.999938064 0.000060269 0.000001667
KK:/rc/c: 0.999992047 0.000007953 0.000000000
KK:/rc/crr: 0.000000000 0.999996023 0.000003977
KK:/rc/r: 0.999976392 0.000018306 0.000005302
KK:/rrc/c: 0.999994262 0.000005738 0.000000000
KK:/rrc/crr: 0.000000000 0.999997131 0.000002869
KK:/rrc/r: 0.997476794 0.002519380 0.000003826
KQ:/cc/c: 0.500000000 0.500000000 0.000000000
KQ:/cc/crr: 0.000000000 0.500000000 0.500000000
KQ:/cc/r: 0.333333333 0.333333333 0.333333333
KQ:/crc/c: 0.180912438 0.819087562 0.000000000
KQ:/crc/crr: 0.000000000 0.000611523 0.999388477
KQ:/crc/r: 0.000016164 0.487822396 0.512161440
KQ:/crrc/c: 0.525626213 0.474373787 0.000000000
KQ:/crrc/crr: 0.000000000 0.380001375 0.619998625
KQ:/crrc/r: 0.000286318 0.719000796 0.280712886
KQ:/rc/c: 0.000007953 0.999992047 0.000000000
KQ:/rc/crr: 0.000000000 0.500000000 0.500000000
KQ:/rc/r: 0.000012567 0.291421368 0.708566065
KQ:/rrc/c: 0.521532882 0.478467118 0.000000000
KQ:/rrc/crr: 0.000000000 0.469605071 0.530394929
KQ:/rrc/r: 0.062175789 0.562060469 0.375763742
Q:/c: 0.852342157 0.147657843 0.000000000
Q:/crr: 0.000000000 0.999994134 0.000005866
Q:/r: 0.376197384 0.623780044 0.000022573
QJ:/cc/c: 0.000033862 0.999966138 0.000000000
QJ:/cc/crr: 0.000000000 0.500000000 0.500000000
QJ:/cc/r: 0.000022575 0.000022575 0.999954851
QJ:/crc/c: 0.418901409 0.581098591 0.000000000
QJ:/crc/crr: 0.000000000 0.000071267 0.999928733
QJ:/crc/r: 0.000003911 0.000003911 0.999992178
QJ:/crrc/c: 0.000002933 0.999997067 0.000000000
QJ:/crrc/crr: 0.000000000 0.500000000 0.500000000
QJ:/crrc/r: 0.000001955 0.000001955 0.999996089
QJ:/rc/c: 0.000041856 0.999958144 0.000000000
QJ:/rc/crr: 0.000000000 0.063835193 0.936164807
QJ:/rc/r: 0.000015799 0.000003563 0.999980639
QJ:/rrc/c: 0.000008861 0.999991139 0.000000000
QJ:/rrc/crr: 0.000000000 0.500000000 0.500000000
QJ:/rrc/r: 0.000059469 0.000005907 0.999934624
QK:/cc/c: 0.014154704 0.985845296 0.000000000
QK:/cc/crr: 0.000000000 0.998803858 0.001196142
QK:/cc/r: 0.000046782 0.744444841 0.255508377
QK:/crc/c: 0.365436499 0.634563501 0.000000000
QK:/crc/crr: 0.000000000 0.000642590 0.999357410
QK:/crc/r: 0.000025732 0.517551782 0.482422485
QK:/crrc/c: 0.199799665 0.800200335 0.000000000
QK:/crrc/crr: 0.000000000 0.000516466 0.999483534
QK:/crrc/r: 0.000018973 0.285898366 0.714082661
QK:/rc/c: 0.377006394 0.622993606 0.000000000
QK:/rc/crr: 0.000000000 0.004027690 0.995972310
QK:/rc/r: 0.000004835 0.324248664 0.675746501
QK:/rrc/c: 0.424158778 0.575841222 0.000000000
QK:/rrc/crr: 0.000000000 0.092718037 0.907281963
QK:/rrc/r: 0.000058362 0.523675897 0.476265742
QQ:/cc/c: 0.999966138 0.000033862 0.000000000
QQ:/cc/crr: 0.000000000 0.999983068 0.000016932
QQ:/cc/r: 0.999846805 0.000130621 0.000022575
QQ:/crc/c: 0.999994134 0.000005866 0.000000000
QQ:/crc/crr: 0.000000000 0.999997067 0.000002933
QQ:/crc/r: 0.999944692 0.000051397 0.000003911
QQ:/crrc/c: 0.999997067 0.000002933 0.000000000
QQ:/crrc/crr: 0.000000000 0.999998533 0.000001467
QQ:/crrc/r: 0.999975588 0.000022457 0.000001955
QQ:/rc/c: 0.999994656 0.000005344 0.000000000
QQ:/rc/crr: 0.000000000 0.999997328 0.000002672
QQ:/rc/r: 0.974615587 0.025380850 0.000003563
QQ:/rrc/c: 0.999991139 0.000008861 0.000000000
QQ:/rrc/crr: 0.000000000 0.999995570 0.000004430
QQ:/rrc/r: 0.999957891 0.000036202 0.000005907
