J:/c: 0.288224305 0.711775695 0.000000000
J:/crr: 0.000000000 0.999982652 0.000017348
J:/r: 0.055443644 0.130771493 0.813784863
JJ:/cc/c: 0.999992975 0.000007025 0.000000000
JJ:/cc/crr: 0.000000000 0.999996488 0.000003512
JJ:/cc/r: 0.999990634 0.000004683 0.000004683
JJ:/crc/c: 0.999982652 0.000017348 0.000000000
JJ:/crc/crr: 0.000000000 0.999991326 0.000008674
JJ:/crc/r: 0.999897999 0.000090436 0.000011565
JJ:/crrc/c: 0.999991326 0.000008674 0.000000000
JJ:/crrc/crr: 0.000000000 0.999995663 0.000004337
JJ:/crrc/r: 0.999960508 0.000033710 0.000005783
JJ:/rc/c: 0.999974510 0.000025490 0.000000000
JJ:/rc/crr: 0.000000000 0.999987255 0.000012745
JJ:/rc/r: 0.999963281 0.000019726 0.000016993
JJ:/rrc/c: 0.999939879 0.000060121 0.000000000
JJ:/rrc/crr: 0.000000000 0.999969938 0.000030062
JJ:/rrc/r: 0.999800812 0.000159108 0.000040081
JK:/cc/c: 0.009089583 0.990910417 0.000000000
JK:/cc/crr: 0.000000000 0.000386414 0.999613586
JK:/cc/r: 0.000004683 0.000004683 0.999990634
JK:/crc/c: 0.560146426 0.439853574 0.000000000
JK:/crc/crr: 0.000000000 0.000015485 0.999984515
JK:/crc/r: 0.063265906 0.000011565 0.936722529
JK:/crrc/c: 0.438612063 0.561387937 0.000000000
JK:/crrc/crr: 0.000000000 0.000009888 0.999990112
JK:/crrc/r: 0.205296468 0.000005783 0.794697749
JK:/rc/c: 0.375024993 0.624975007 0.000000000
JK:/rc/crr: 0.000000000 0.000033984 0.999966016
JK:/rc/r: 0.359345144 0.000016993 0.640637863
JK:/rrc/c: 0.999903565 0.000096435 0.000000000
JK:/rrc/crr: 0.000000000 0.000030063 0.999969937
JK:/rrc/r: 0.274749504 0.000040081 0.725210415
JQ:/cc/c: 0.068020938 0.931979062 0.000000000
JQ:/cc/crr: 0.000000000 0.000051636 0.999948364
JQ:/cc/r: 0.046829306 0.000004683 0.953166011
JQ:/crc/c: 0.470862004 0.529137996 0.000000000
JQ:/crc/crr: 0.000000000 0.000018421 0.999981579
JQ:/crc/r: 0.083650129 0.000011565 0.916338306
JQ:/crrc/c: 0.053763071 0.946236929 0.000000000
JQ:/crrc/crr: 0.000000000 0.000080668 0.999919332
JQ:/crrc/r: 0.215334081 0.000005783 0.784660136
JQ:/rc/c: 0.997186604 0.002813396 0.000000000
JQ:/rc/crr: 0.000000000 0.000012781 0.999987219
JQ:/rc/r: 0.000016993 0.000016993 0.999966014
JQ:/rrc/c: 0.006377429 0.993622571 0.000000000
JQ:/rrc/crr: 0.000000000 0.004713585 0.995286415
JQ:/rrc/r: 0.384996111 0.000040081 0.614963809
K:/c: 0.999883227 0.000116773 0.000000000
K:/crr: 0.000000000 0.999994999 0.000005001
K:/r: 0.571396086 0.428597247 0.000006667
KJ:/cc/c: 0.043948326 0.956051674 0.000000000
KJ:/cc/crr: 0.000000000 0.512856339 0.487143661
KJ:/cc/r: 0.134355419 0.060486731 0.805157850
KJ:/crc/c: 0.124736148 0.875263852 0.000000000
KJ:/crc/crr: 0.000000000 0.999979955 0.000020045
KJ:/crc/r: 0.000046016 0.740529031 0.259424952
KJ:/crrc/c: 0.263307942 0.736692058 0.000000000
KJ:/crrc/crr: 0.000000000 0.999995252 0.000004748
KJ:/crrc/r: 0.026068323 0.834800212 0.139131465
KJ:/rc/c: 0.412344681 0.587655319 0.000000000
KJ:/rc/crr: 0.000000000 0.950374429 0.049625571
KJ:/rc/r: 0.046468537 0.721919007 0.231612457
KJ:/rrc/c: 0.079801064 0.920198936 0.000000000
KJ:/rrc/crr: 0.000000000 0.999963449 0.000036551
KJ:/rrc/r: 0.050777197 0.876936430 0.072286373
KK:/cc/c: 0.957181704 0.042818296 0.000000000
KK:/cc/crr: 0.000000000 0.977633141 0.022366859
KK:/cc/r: 0.900772254 0.070682215 0.028545531
KK:/crc/c: 0.999994999 0.000005001 0.000000000
KK:/crc/crr: 0.000000000 0.999997500 0.000002500
KK:/crc/r: 0.996841967 0.003154699 0.000003334
KK:/crrc/c: 0.999997500 0.000002500 0.000000000
KK:/crrc/crr: 0.000000000 0.999998750 0.000001250
KK:/crrc/r: 0.999994127 0.000004206 0.000001667
KK:/rc/c: 0.999992223 0.000007777 0.000000000
KK:/rc/crr: 0.000000000 0.999996111 0.000003889
KK:/rc/r: 0.999979731 0.000015084 0.000005185
KK:/rrc/c: 0.999994166 0.000005834 0.000000000
KK:/rrc/crr: 0.000000000 0.999997083 0.000002917
KK:/rrc/r: 0.999813532 0.000182579 0.000003889
KQ:/cc/c: 0.215815534 0.784184466 0.000000000
KQ:/cc/crr: 0.000000000 0.900798854 0.099201146
KQ:/cc/r: 0.128310342 0.842705023 0.028984635
KQ:/crc/c: 0.237423572 0.762576428 0.000000000
KQ:/crc/crr: 0.000000000 0.001996197 0.998003803
KQ:/crc/r: 0.000015297 0.434946867 0.565037836
KQ:/crrc/c: 0.592537113 0.407462887 0.000000000
KQ:/crrc/crr: 0.000000000 0.414882101 0.585117899
KQ:/crrc/r: 0.000698068 0.677511230 0.321790702
KQ:/rc/c: 0.000495462 0.999504538 0.000000000
KQ:/rc/crr: 0.000000000 0.007848549 0.992151451
KQ:/rc/r: 0.000020719 0.304586383 0.695392898
KQ:/rrc/c: 0.489868117 0.510131883 0.000000000
KQ:/rrc/crr: 0.000000000 0.555945723 0.444054277
KQ:/rrc/r: 0.083355395 0.556354899 0.360289707
Q:/c: 0.847252297 0.152747703 0.000000000
Q:/crr: 0.000000000 0.999994099 0.000005901
Q:/r: 0.345724980 0.654234279 0.000040741
QJ:/cc/c: 0.000308169 0.999691831 0.000000000
QJ:/cc/crr: 0.000000000 0.053109987 0.946890013
QJ:/cc/r: 0.000021822 0.000021822 0.999956355
QJ:/crc/c: 0.468718921 0.531281079 0.000000000
QJ:/crc/crr: 0.000000000 0.000071966 0.999928034
QJ:/crc/r: 0.000278496 0.000003934 0.999717570
QJ:/crrc/c: 0.000046384 0.999953616 0.000000000
QJ:/crrc/crr: 0.000000000 0.031807323 0.968192677
QJ:/crrc/r: 0.017447117 0.000001967 0.982550916
QJ:/rc/c: 0.000048476 0.999951524 0.000000000
QJ:/rc/crr: 0.000000000 0.052552157 0.947447843
QJ:/rc/r: 0.018732339 0.000003397 0.981264264
QJ:/rrc/c: 0.000202303 0.999797697 0.000000000
QJ:/rrc/crr: 0.000000000 0.023829485 0.976170515
QJ:/rrc/r: 0.000074758 0.000006428 0.999918814
QK:/cc/c: 0.019326859 0.980673141 0.000000000
QK:/cc/crr: 0.000000000 0.999153155 0.000846845
QK:/cc/r: 0.000093831 0.726855116 0.273051053
QK:/crc/c: 0.306006896 0.693993104 0.000000000
QK:/crc/crr: 0.000000000 0.001288893 0.998711107
QK:/crc/r: 0.000101408 0.426586867 0.573311725
QK:/crrc/c: 0.031450997 0.968549003 0.000000000
QK:/crrc/crr: 0.000000000 0.005897325 0.994102675
QK:/crrc/r: 0.000054797 0.275497977 0.724447226
QK:/rc/c: 0.366811798 0.633188202 0.000000000
QK:/rc/crr: 0.000000000 0.001904945 0.998095055
QK:/rc/r: 0.000018004 0.313784550 0.686197446
QK:/rrc/c: 0.423555415 0.576444585 0.000000000
QK:/rrc/crr: 0.000000000 0.037595803 0.962404197
QK:/rrc/r: 0.000076119 0.511427315 0.488496566
QQ:/cc/c: 0.999967266 0.000032734 0.000000000
QQ:/cc/crr: 0.000000000 0.999983633 0.000016367
QQ:/cc/r: 0.999935915 0.000042262 0.000021822
QQ:/crc/c: 0.999994099 0.000005901 0.000000000
QQ:/crc/crr: 0.000000000 0.999997049 0.000002951
QQ:/crc/r: 0.999956987 0.000039078 0.000003934
QQ:/crrc/c: 0.999997049 0.000002951 0.000000000
QQ:/crrc/crr: 0.000000000 0.999998525 0.000001475
QQ:/crrc/r: 0.997706231 0.002291802 0.000001967
QQ:/rc/c: 0.999994905 0.000005095 0.000000000
QQ:/rc/crr: 0.000000000 0.999997452 0.000002548
QQ:/rc/r: 0.999992093 0.000004510 0.000003397
QQ:/rrc/c: 0.999990358 0.000009642 0.000000000
QQ:/rrc/crr: 0.000000000 0.999995179 0.000004821
QQ:/rrc/r: 0.999959428 0.000034144 0.000006428
