J:/: 0.073692328 0.926307672 0.000000000
J:/cr: 0.019266118 0.033079042 0.947654840
J:/rr: 0.000000000 0.999932150 0.000067850
JJ:/cc/: 0.000039395 0.999960605 0.000000000
JJ:/cc/cr: 0.996513267 0.003484934 0.000001799
JJ:/cc/rr: 0.000000000 0.931491806 0.068508194
JJ:/crc/: 0.988574659 0.011425341 0.000000000
JJ:/crc/cr: 0.996826196 0.001586902 0.001586902
JJ:/crc/rr: 0.000000000 0.999972489 0.000027511
JJ:/crrc/: 0.999382722 0.000617278 0.000000000
JJ:/crrc/cr: 0.899138025 0.050430988 0.050430988
JJ:/crrc/rr: 0.000000000 0.999953276 0.000046724
JJ:/rc/: 0.566627065 0.433372935 0.000000000
JJ:/rc/cr: 0.999895625 0.000052187 0.000052187
JJ:/rc/rr: 0.000000000 0.999940128 0.000059872
JJ:/rrc/: 0.999966073 0.000033927 0.000000000
JJ:/rrc/cr: 0.333333333 0.333333333 0.333333333
JJ:/rrc/rr: 0.000000000 0.999983036 0.000016964
JK:/cc/: 0.076261538 0.923738462 0.000000000
JK:/cc/cr: 0.000280889 0.000001948 0.999717164
JK:/cc/rr: 0.000000000 0.000035390 0.999964610
JK:/crc/: 0.040149272 0.959850728 0.000000000
JK:/crc/cr: 0.002890015 0.000018889 0.997091096
JK:/crc/rr: 0.000000000 0.000677381 0.999322619
JK:/crrc/: 0.999906610 0.000093390 0.000000000
JK:/crrc/cr: 0.333333333 0.333333333 0.333333333
JK:/crrc/rr: 0.000000000 0.000046699 0.999953301
JK:/rc/: 0.999762663 0.000237337 0.000000000
JK:/rc/cr: 0.809414351 0.095292825 0.095292825
JK:/rc/rr: 0.000000000 0.000033933 0.999966067
JK:/rrc/: 0.561940539 0.438059461 0.000000000
JK:/rrc/cr: 0.979982259 0.000025816 0.019991925
JK:/rrc/rr: 0.000000000 0.000030187 0.999969813
JQ:/cc/: 0.174802679 0.825197321 0.000000000
JQ:/cc/cr: 0.000002180 0.000002180 0.999995639
JQ:/cc/rr: 0.000000000 0.000015440 0.999984560
JQ:/crc/: 0.995601595 0.004398405 0.000000000
JQ:/crc/cr: 0.526171129 0.004122152 0.469706719
JQ:/crc/rr: 0.000000000 0.000027316 0.999972684
JQ:/crrc/: 0.037235674 0.962764326 0.000000000
JQ:/crrc/cr: 0.186551998 0.000032334 0.813415668
JQ:/crrc/rr: 0.000000000 0.001254036 0.998745964
JQ:/rc/: 0.999836971 0.000163029 0.000000000
JQ:/rc/cr: 0.138727071 0.138727071 0.722545857
JQ:/rc/rr: 0.000000000 0.000033930 0.999966070
JQ:/rrc/: 0.177032370 0.822967630 0.000000000
JQ:/rrc/cr: 0.000129247 0.000013742 0.999857011
JQ:/rrc/rr: 0.000000000 0.000095822 0.999904178
K:/: 0.752656943 0.247343057 0.000000000
K:/cr: 0.705500920 0.294485604 0.000013477
K:/rr: 0.000000000 0.999993357 0.000006643
KJ:/cc/: 0.000020215 0.999979785 0.000000000
KJ:/cc/cr: 0.000006738 0.000006738 0.999986523
KJ:/cc/rr: 0.000000000 0.500000000 0.500000000
KJ:/crc/: 0.000050949 0.999949051 0.000000000
KJ:/crc/cr: 0.000031856 0.999960516 0.000007628
KJ:/crc/rr: 0.000000000 0.775447584 0.224552416
KJ:/crrc/: 0.074691878 0.925308122 0.000000000
KJ:/crrc/cr: 0.000003441 0.999993119 0.000003441
KJ:/crrc/rr: 0.000000000 0.451362653 0.548637347
KJ:/rc/: 0.000085452 0.999914548 0.000000000
KJ:/rc/cr: 0.020149031 0.880432840 0.099418129
KJ:/rc/rr: 0.000000000 0.961129239 0.038870761
KJ:/rrc/: 0.085328482 0.914671518 0.000000000
KJ:/rrc/cr: 0.000004099 0.999994690 0.000001210
KJ:/rrc/rr: 0.000000000 0.720340186 0.279659814
KK:/cc/: 0.992135114 0.007864886 0.000000000
KK:/cc/cr: 0.998286490 0.000856755 0.000856755
KK:/cc/rr: 0.000000000 0.999989812 0.000010188
KK:/crc/: 0.097075407 0.902924593 0.000000000
KK:/crc/cr: 0.999983106 0.000008447 0.000008447
KK:/crc/rr: 0.000000000 0.999882146 0.000117854
KK:/crrc/: 0.989633523 0.010366477 0.000000000
KK:/crrc/cr: 0.999385773 0.000307114 0.000307114
KK:/crrc/rr: 0.000000000 0.999995174 0.000004826
KK:/rc/: 0.808032597 0.191967403 0.000000000
KK:/rc/cr: 0.999976930 0.000011535 0.000011535
KK:/rc/rr: 0.000000000 0.999995889 0.000004111
KK:/rrc/: 0.529768454 0.470231546 0.000000000
KK:/rrc/cr: 0.999995291 0.000002355 0.000002355
KK:/rrc/rr: 0.000000000 0.999996865 0.000003135
KQ:/cc/: 0.000051223 0.999948777 0.000000000
KQ:/cc/cr: 0.000027722 0.451174927 0.548797351
KQ:/cc/rr: 0.000000000 0.802676407 0.197323593
KQ:/crc/: 0.847897257 0.152102743 0.000000000
KQ:/crc/cr: 0.000305230 0.610858702 0.388836068
KQ:/crc/rr: 0.000000000 0.000038850 0.999961150
KQ:/crrc/: 0.006466704 0.993533296 0.000000000
KQ:/crrc/cr: 0.000066765 0.748871306 0.251061929
KQ:/crrc/rr: 0.000000000 0.023951554 0.976048446
KQ:/rc/: 0.000006643 0.999993357 0.000000000
KQ:/rc/cr: 0.000003960 0.449832933 0.550163107
KQ:/rc/rr: 0.000000000 0.500000000 0.500000000
KQ:/rrc/: 0.692111865 0.307888135 0.000000000
KQ:/rrc/cr: 0.049200429 0.812080604 0.138718968
KQ:/rrc/rr: 0.000000000 0.370176292 0.629823708
Q:/: 0.759652546 0.240347454 0.000000000
Q:/cr: 0.157229835 0.842636734 0.000133431
Q:/rr: 0.000000000 0.999993418 0.000006582
QJ:/cc/: 0.000020803 0.999979197 0.000000000
QJ:/cc/cr: 0.000006935 0.000006935 0.999986131
QJ:/cc/rr: 0.000000000 0.500000000 0.500000000
QJ:/crc/: 0.029658321 0.970341679 0.000000000
QJ:/crc/cr: 0.000741670 0.000002827 0.999255503
QJ:/crc/rr: 0.000000000 0.000138737 0.999861263
QJ:/crrc/: 0.004773870 0.995226130 0.000000000
QJ:/crrc/cr: 0.000014772 0.000014772 0.999970457
QJ:/crrc/rr: 0.000000000 0.004619274 0.995380726
QJ:/rc/: 0.011662351 0.988337649 0.000000000
QJ:/rc/cr: 0.000002220 0.000002220 0.999995560
QJ:/rc/rr: 0.000000000 0.000282188 0.999717812
QJ:/rrc/: 0.000003291 0.999996709 0.000000000
QJ:/rrc/cr: 0.000001097 0.000001097 0.999997806
QJ:/rrc/rr: 0.000000000 0.500000000 0.500000000
QK:/cc/: 0.432150427 0.567849573 0.000000000
QK:/cc/cr: 0.000515437 0.999472351 0.000012212
QK:/cc/rr: 0.000000000 0.048018543 0.951981457
QK:/crc/: 0.002815286 0.997184714 0.000000000
QK:/crc/cr: 0.000002832 0.558170677 0.441826492
QK:/crc/rr: 0.000000000 0.001461559 0.998538441
QK:/crrc/: 0.990321290 0.009678710 0.000000000
QK:/crrc/cr: 0.001546506 0.512878770 0.485574725
QK:/crrc/rr: 0.000000000 0.000557143 0.999442857
QK:/rc/: 0.422762870 0.577237130 0.000000000
QK:/rc/cr: 0.000935169 0.538013865 0.461050966
QK:/rc/rr: 0.000000000 0.199423978 0.800576022
QK:/rrc/: 0.114648627 0.885351373 0.000000000
QK:/rrc/cr: 0.000003970 0.316327341 0.683668688
QK:/rrc/rr: 0.000000000 0.000157244 0.999842756
QQ:/cc/: 0.523055249 0.476944751 0.000000000
QQ:/cc/cr: 0.994569125 0.005416336 0.000014539
QQ:/cc/rr: 0.000000000 0.999980114 0.000019886
QQ:/crc/: 0.988922324 0.011077676 0.000000000
QQ:/crc/cr: 0.999504745 0.000247628 0.000247628
QQ:/crc/rr: 0.000000000 0.999995839 0.000004161
QQ:/crrc/: 0.155860102 0.844139898 0.000000000
QQ:/crrc/cr: 0.999965169 0.000017416 0.000017416
QQ:/crrc/rr: 0.000000000 0.999858515 0.000141485
QQ:/rc/: 0.484680882 0.515319118 0.000000000
QQ:/rc/cr: 0.999989216 0.000006527 0.000004258
QQ:/rc/rr: 0.000000000 0.999993210 0.000006790
QQ:/rrc/: 0.976881051 0.023118949 0.000000000
QQ:/rrc/cr: 0.999905099 0.000047450 0.000047450
QQ:/rrc/rr: 0.000000000 0.999998316 0.000001684
