J:/: 0.075948544 0.924051456 0.000000000
J:/cr: 0.018207299 0.035624603 0.946168097
J:/rr: 0.000000000 0.999934166 0.000065834
JJ:/cc/: 0.000245359 0.999754641 0.000000000
JJ:/cc/cr: 0.999996392 0.000001804 0.000001804
JJ:/cc/rr: 0.000000000 0.988973379 0.011026621
JJ:/crc/: 0.968973636 0.031026364 0.000000000
JJ:/crc/cr: 0.998912121 0.000543939 0.000543939
JJ:/crc/rr: 0.000000000 0.999973875 0.000026125
JJ:/crrc/: 0.988407035 0.011592965 0.000000000
JJ:/crrc/cr: 0.994303327 0.002848336 0.002848336
JJ:/crrc/rr: 0.000000000 0.999949888 0.000050112
JJ:/rc/: 0.875105886 0.124894114 0.000000000
JJ:/rc/cr: 0.999648587 0.000175706 0.000175706
JJ:/rc/rr: 0.000000000 0.999962385 0.000037615
JJ:/rrc/: 0.997373966 0.002626034 0.000000000
JJ:/rrc/cr: 0.991642862 0.004178569 0.004178569
JJ:/rrc/rr: 0.000000000 0.999983497 0.000016503
JK:/cc/: 0.080664608 0.919335392 0.000000000
JK:/cc/cr: 0.000206592 0.000001962 0.999791446
JK:/cc/rr: 0.000000000 0.000033540 0.999966460
JK:/crc/: 0.050833667 0.949166333 0.000000000
JK:/crc/cr: 0.018591514 0.000017780 0.981390705
JK:/crc/rr: 0.000000000 0.000497991 0.999502009
JK:/crrc/: 0.999900938 0.000099062 0.000000000
JK:/crrc/cr: 0.333333333 0.333333333 0.333333333
JK:/crrc/rr: 0.000000000 0.000049536 0.999950464
JK:/rc/: 0.993297992 0.006702008 0.000000000
JK:/rc/cr: 0.993451311 0.003274345 0.003274345
JK:/rc/rr: 0.000000000 0.000033139 0.999966861
JK:/rrc/: 0.536386725 0.463613275 0.000000000
JK:/rrc/cr: 0.880253231 0.000023669 0.119723100
JK:/rrc/rr: 0.000000000 0.000030686 0.999969314
JQ:/cc/: 0.183391068 0.816608932 0.000000000
JQ:/cc/cr: 0.000002209 0.000002209 0.999995583
JQ:/cc/rr: 0.000000000 0.000014753 0.999985247
JQ:/crc/: 0.987101856 0.012898144 0.000000000
JQ:/crc/cr: 0.533968968 0.001308441 0.464722591
JQ:/crc/rr: 0.000000000 0.000025645 0.999974355
JQ:/crrc/: 0.026131112 0.973868888 0.000000000
JQ:/crrc/cr: 0.099374888 0.000033907 0.900591206
JQ:/crrc/rr: 0.000000000 0.001895480 0.998104520
JQ:/rc/: 0.999415188 0.000584812 0.000000000
JQ:/rc/cr: 0.037524366 0.037524366 0.924951268
JQ:/rc/rr: 0.000000000 0.000032936 0.999967064
JQ:/rrc/: 0.118893125 0.881106875 0.000000000
JQ:/rrc/cr: 0.000012454 0.000012454 0.999975093
JQ:/rrc/rr: 0.000000000 0.000138440 0.999861560
K:/: 0.750194525 0.249805475 0.000000000
K:/cr: 0.679154014 0.320832642 0.000013344
K:/rr: 0.000000000 0.999993335 0.000006665
KJ:/cc/: 0.000047226 0.999952774 0.000000000
KJ:/cc/cr: 0.000047538 0.000010553 0.999941909
KJ:/cc/rr: 0.000000000 0.788089485 0.211910515
KJ:/crc/: 0.000046328 0.999953672 0.000000000
KJ:/crc/cr: 0.000030160 0.999962908 0.000006932
KJ:/crc/rr: 0.000000000 0.775563796 0.224436204
KJ:/crrc/: 0.071646252 0.928353748 0.000000000
KJ:/crrc/cr: 0.011265982 0.986221058 0.002512960
KJ:/crrc/rr: 0.000000000 0.415332511 0.584667489
KJ:/rc/: 0.060703740 0.939296260 0.000000000
KJ:/rc/cr: 0.008774308 0.950659874 0.040565818
KJ:/rc/rr: 0.000000000 0.453264839 0.546735161
KJ:/rrc/: 0.088601996 0.911398004 0.000000000
KJ:/rrc/cr: 0.000760424 0.999044071 0.000195505
KJ:/rrc/rr: 0.000000000 0.510529179 0.489470821
KK:/cc/: 0.997657488 0.002342512 0.000000000
KK:/cc/cr: 0.994303672 0.002848164 0.002848164
KK:/cc/rr: 0.000000000 0.999989969 0.000010031
KK:/crc/: 0.127577573 0.872422427 0.000000000
KK:/crc/cr: 0.999984109 0.000007945 0.000007945
KK:/crc/rr: 0.000000000 0.999918499 0.000081501
KK:/crrc/: 0.979319291 0.020680709 0.000000000
KK:/crrc/cr: 0.999683319 0.000158340 0.000158340
KK:/crrc/rr: 0.000000000 0.999994984 0.000005016
KK:/rc/: 0.832418198 0.167581802 0.000000000
KK:/rc/cr: 0.999973486 0.000013257 0.000013257
KK:/rc/rr: 0.000000000 0.999995997 0.000004003
KK:/rrc/: 0.534056642 0.465943358 0.000000000
KK:/rrc/cr: 0.999995232 0.000002384 0.000002384
KK:/rrc/rr: 0.000000000 0.999996880 0.000003120
KQ:/cc/: 0.000053504 0.999946496 0.000000000
KQ:/cc/cr: 0.000040838 0.440124413 0.559834749
KQ:/cc/rr: 0.000000000 0.812952716 0.187047284
KQ:/crc/: 0.851794750 0.148205250 0.000000000
KQ:/crc/cr: 0.000295045 0.503755221 0.495949735
KQ:/crc/rr: 0.000000000 0.000033922 0.999966078
KQ:/crrc/: 0.013013301 0.986986699 0.000000000
KQ:/crrc/cr: 0.039380581 0.667361428 0.293257991
KQ:/crrc/rr: 0.000000000 0.115976065 0.884023935
KQ:/rc/: 0.000340009 0.999659991 0.000000000
KQ:/rc/cr: 0.000017560 0.482038641 0.517943798
KQ:/rc/rr: 0.000000000 0.048960342 0.951039658
KQ:/rrc/: 0.708426619 0.291573381 0.000000000
KQ:/rrc/cr: 0.028108839 0.856498019 0.115393142
KQ:/rrc/rr: 0.000000000 0.391096494 0.608903506
Q:/: 0.742938944 0.257061056 0.000000000
Q:/cr: 0.155479036 0.843684294 0.000836670
Q:/rr: 0.000000000 0.999993270 0.000006730
QJ:/cc/: 0.000019451 0.999980549 0.000000000
QJ:/cc/cr: 0.000006484 0.000006484 0.999987033
QJ:/cc/rr: 0.000000000 0.500000000 0.500000000
QJ:/crc/: 0.029163488 0.970836512 0.000000000
QJ:/crc/cr: 0.002310287 0.000002639 0.997687074
QJ:/crc/rr: 0.000000000 0.000131754 0.999868246
QJ:/crrc/: 0.002932717 0.997067283 0.000000000
QJ:/crrc/cr: 0.000045524 0.000013941 0.999940535
QJ:/crrc/rr: 0.000000000 0.007109523 0.992890477
QJ:/rc/: 0.008547650 0.991452350 0.000000000
QJ:/rc/cr: 0.000002263 0.000002263 0.999995475
QJ:/rc/rr: 0.000000000 0.000393677 0.999606323
QJ:/rrc/: 0.000003365 0.999996635 0.000000000
QJ:/rrc/cr: 0.000001122 0.000001122 0.999997757
QJ:/rrc/rr: 0.000000000 0.500000000 0.500000000
QK:/cc/: 0.575939658 0.424060342 0.000000000
QK:/cc/cr: 0.016998761 0.982912567 0.000088672
QK:/cc/rr: 0.000000000 0.999983114 0.000016886
QK:/crc/: 0.003173494 0.996826506 0.000000000
QK:/crc/cr: 0.000003162 0.556291850 0.443704988
QK:/crc/rr: 0.000000000 0.001823189 0.998176811
QK:/crrc/: 0.956522381 0.043477619 0.000000000
QK:/crrc/cr: 0.000578136 0.317979762 0.681442102
QK:/crrc/rr: 0.000000000 0.000581172 0.999418828
QK:/rc/: 0.445276446 0.554723554 0.000000000
QK:/rc/cr: 0.018608922 0.520121378 0.461269701
QK:/rc/rr: 0.000000000 0.206111354 0.793888646
QK:/rrc/: 0.125404047 0.874595953 0.000000000
QK:/rrc/cr: 0.000001652 0.301941438 0.698056910
QK:/rrc/rr: 0.000000000 0.000287668 0.999712332
QQ:/cc/: 0.571649807 0.428350193 0.000000000
QQ:/cc/cr: 0.999969728 0.000015136 0.000015136
QQ:/cc/rr: 0.000000000 0.999982987 0.000017013
QQ:/crc/: 0.984497724 0.015502276 0.000000000
QQ:/crc/cr: 0.999669520 0.000165240 0.000165240
QQ:/crc/rr: 0.000000000 0.999996097 0.000003903
QQ:/crrc/: 0.185260128 0.814739872 0.000000000
QQ:/crrc/cr: 0.999965878 0.000017061 0.000017061
QQ:/crrc/rr: 0.000000000 0.999887454 0.000112546
QQ:/rc/: 0.510783518 0.489216482 0.000000000
QQ:/rc/cr: 0.999990829 0.000004586 0.000004586
QQ:/rc/rr: 0.000000000 0.999993412 0.000006588
QQ:/rrc/: 0.979709488 0.020290512 0.000000000
QQ:/rrc/cr: 0.999889438 0.000055281 0.000055281
QQ:/rrc/rr: 0.000000000 0.999998283 0.000001717
