J:/c: 0.320315969 0.679684031 0.000000000
J:/crr: 0.000000000 0.999984390 0.000015610
J:/r: 0.054370977 0.121521408 0.824107615
JJ:/cc/c: 0.999992644 0.000007356 0.000000000
JJ:/cc/crr: 0.000000000 0.999996322 0.000003678
JJ:/cc/r: 0.999990192 0.000004904 0.000004904
JJ:/crc/c: 0.999984390 0.000015610 0.000000000
JJ:/crc/crr: 0.000000000 0.999992195 0.000007805
JJ:/crc/r: 0.999879384 0.000110210 0.000010406
JJ:/crrc/c: 0.999992195 0.000007805 0.000000000
JJ:/crrc/crr: 0.000000000 0.999996098 0.000003902
JJ:/crrc/r: 0.999961324 0.000033473 0.000005203
JJ:/rc/c: 0.999972570 0.000027430 0.000000000
JJ:/rc/crr: 0.000000000 0.999986285 0.000013715
JJ:/rc/r: 0.999963427 0.000018287 0.000018287
JJ:/rrc/c: 0.999938693 0.000061307 0.000000000
JJ:/rrc/crr: 0.000000000 0.999969345 0.000030655
JJ:/rrc/r: 0.999918257 0.000040871 0.000040871
JK:/cc/c: 0.000007356 0.999992644 0.000000000
JK:/cc/crr: 0.000000000 0.500000000 0.500000000
JK:/cc/r: 0.000004904 0.000004904 0.999990192
JK:/crc/c: 0.500197155 0.499802845 0.000000000
JK:/crc/crr: 0.000000000 0.000015603 0.999984397
JK:/crc/r: 0.011031784 0.000010406 0.988957809
JK:/crrc/c: 0.427676708 0.572323292 0.000000000
JK:/crrc/crr: 0.000000000 0.000009125 0.999990875
JK:/crrc/r: 0.185516679 0.000005203 0.814478118
JK:/rc/c: 0.380779073 0.619220927 0.000000000
JK:/rc/crr: 0.000000000 0.000036018 0.999963982
JK:/rc/r: 0.352160536 0.000018287 0.647821177
JK:/rrc/c: 0.999938693 0.000061307 0.000000000
JK:/rrc/crr: 0.000000000 0.000030655 0.999969345
JK:/rrc/r: 0.413824515 0.000040871 0.586134614
JQ:/cc/c: 0.071089609 0.928910391 0.000000000
JQ:/cc/crr: 0.000000000 0.000051740 0.999948260
JQ:/cc/r: 0.036014312 0.000004904 0.963980784
JQ:/crc/c: 0.549423934 0.450576066 0.000000000
JQ:/crc/crr: 0.000000000 0.000014205 0.999985795
JQ:/crc/r: 0.000043705 0.000010406 0.999945889
JQ:/crrc/c: 0.048140241 0.951859759 0.000000000
JQ:/crrc/crr: 0.000000000 0.000081064 0.999918936
JQ:/crrc/r: 0.153005330 0.000005203 0.846989467
JQ:/rc/c: 0.999472379 0.000527621 0.000000000
JQ:/rc/crr: 0.000000000 0.000013722 0.999986278
JQ:/rc/r: 0.000018287 0.000018287 0.999963427
JQ:/rrc/c: 0.000061307 0.999938693 0.000000000
JQ:/rrc/crr: 0.000000000 0.500000000 0.500000000
JQ:/rrc/r: 0.496873473 0.000040871 0.503085656
K:/c: 0.999990000 0.000010000 0.000000000
K:/crr: 0.000000000 0.999995000 0.000005000
K:/r: 0.602842443 0.397150891 0.000006667
KJ:/cc/c: 0.500000000 0.500000000 0.000000000
KJ:/cc/crr: 0.000000000 0.500000000 0.500000000
KJ:/cc/r: 0.333333333 0.333333333 0.333333333
KJ:/crc/c: 0.160676584 0.839323416 0.000000000
KJ:/crc/crr: 0.000000000 0.999984441 0.000015559
KJ:/crc/r: 0.000004928 0.722484848 0.277510224
KJ:/crrc/c: 0.512839149 0.487160851 0.000000000
KJ:/crrc/crr: 0.000000000 0.999997563 0.000002437
KJ:/crrc/r: 0.133467923 0.866515860 0.000016217
KJ:/rc/c: 0.418665983 0.581334017 0.000000000
KJ:/rc/crr: 0.000000000 0.858020850 0.141979150
KJ:/rc/r: 0.000033861 0.853294002 0.146672136
KJ:/rrc/c: 0.131539227 0.868460773 0.000000000
KJ:/rrc/crr: 0.000000000 0.999978982 0.000021018
KJ:/rrc/r: 0.034076014 0.965920300 0.000003686
KK:/cc/c: 0.500000000 0.500000000 0.000000000
KK:/cc/crr: 0.000000000 0.500000000 0.500000000
KK:/cc/r: 0.333333333 0.333333333 0.333333333
KK:/crc/c: 0.999995000 0.000005000 0.000000000
KK:/crc/crr: 0.000000000 0.999997500 0.000002500
KK:/crc/r: 0.992537337 0.007459330 0.000003333
KK:/crrc/c: 0.999997500 0.000002500 0.000000000
KK:/crrc/crr: 0.000000000 0.999998750 0.000001250
KK:/crrc/r: 0.999814733 0.000183601 0.000001667
KK:/rc/c: 0.999991607 0.000008393 0.000000000
KK:/rc/crr: 0.000000000 0.999995803 0.000004197
KK:/rc/r: 0.999969995 0.000024410 0.000005595
KK:/rrc/c: 0.999994471 0.000005529 0.000000000
KK:/rrc/crr: 0.000000000 0.999997235 0.000002765
KK:/rrc/r: 0.996327584 0.003668730 0.000003686
KQ:/cc/c: 0.500000000 0.500000000 0.000000000
KQ:/cc/crr: 0.000000000 0.500000000 0.500000000
KQ:/cc/r: 0.333333333 0.333333333 0.333333333
KQ:/crc/c: 0.000005000 0.999995000 0.000000000
KQ:/crc/crr: 0.000000000 0.500000000 0.500000000
KQ:/crc/r: 0.000008685 0.426798275 0.573193040
KQ:/crrc/c: 0.603941597 0.396058403 0.000000000
KQ:/crrc/crr: 0.000000000 0.377748394 0.622251606
KQ:/crrc/r: 0.000042749 0.755859085 0.244098166
KQ:/rc/c: 0.000008393 0.999991607 0.000000000
KQ:/rc/crr: 0.000000000 0.500000000 0.500000000
KQ:/rc/r: 0.000008067 0.315592240 0.684399692
KQ:/rrc/c: 0.525999258 0.474000742 0.000000000
KQ:/rrc/crr: 0.000000000 0.496657905 0.503342095
KQ:/rrc/r: 0.064904411 0.567771682 0.367323908
Q:/c: 0.851845086 0.148154914 0.000000000
Q:/crr: 0.000000000 0.999994130 0.000005870
Q:/r: 0.391095418 0.608875412 0.000029170
QJ:/cc/c: 0.000033748 0.999966252 0.000000000
QJ:/cc/crr: 0.000000000 0.500000000 0.500000000
QJ:/cc/r: 0.000022499 0.000022499 0.999955002
QJ:/crc/c: 0.420477630 0.579522370 0.000000000
QJ:/crc/crr: 0.000000000 0.000042572 0.999957428
QJ:/crc/r: 0.000003913 0.000003913 0.999992174
QJ:/crrc/c: 0.000002935 0.999997065 0.000000000
QJ:/crrc/crr: 0.000000000 0.500000000 0.500000000
QJ:/crrc/r: 0.000005689 0.000001957 0.999992354
QJ:/rc/c: 0.000005475 0.999994525 0.000000000
QJ:/rc/crr: 0.000000000 0.500000000 0.500000000
QJ:/rc/r: 0.000003650 0.000003650 0.999992701
QJ:/rrc/c: 0.000008523 0.999991477 0.000000000
QJ:/rrc/crr: 0.000000000 0.500000000 0.500000000
QJ:/rrc/r: 0.000005682 0.000005682 0.999988636
QK:/cc/c: 0.000804774 0.999195226 0.000000000
QK:/cc/crr: 0.000000000 0.979032336 0.020967664
QK:/cc/r: 0.000022499 0.742147475 0.257830026
QK:/crc/c: 0.311690692 0.688309308 0.000000000
QK:/crc/crr: 0.000000000 0.000670698 0.999329302
QK:/crc/r: 0.000030917 0.471916554 0.528052529
QK:/crrc/c: 0.000236794 0.999763206 0.000000000
QK:/crrc/crr: 0.000000000 0.083441474 0.916558526
QK:/crrc/r: 0.000028662 0.319007319 0.680964019
QK:/rc/c: 0.362873037 0.637126963 0.000000000
QK:/rc/crr: 0.000000000 0.000283301 0.999716699
QK:/rc/r: 0.000003650 0.325678549 0.674317801
QK:/rrc/c: 0.445691993 0.554308007 0.000000000
QK:/rrc/crr: 0.000000000 0.000212782 0.999787218
QK:/rrc/r: 0.000007771 0.470344911 0.529647317
QQ:/cc/c: 0.999966252 0.000033748 0.000000000
QQ:/cc/crr: 0.000000000 0.999983125 0.000016875
QQ:/cc/r: 0.999943662 0.000033839 0.000022499
QQ:/crc/c: 0.999994130 0.000005870 0.000000000
QQ:/crc/crr: 0.000000000 0.999997065 0.000002935
QQ:/crc/r: 0.999945594 0.000050493 0.000003913
QQ:/crrc/c: 0.999997065 0.000002935 0.000000000
QQ:/crrc/crr: 0.000000000 0.999998533 0.000001467
QQ:/crrc/r: 0.999976115 0.000021928 0.000001957
QQ:/rc/c: 0.999994525 0.000005475 0.000000000
QQ:/rc/crr: 0.000000000 0.999997263 0.000002737
QQ:/rc/r: 0.986073495 0.013922856 0.000003650
QQ:/rrc/c: 0.999991477 0.000008523 0.000000000
QQ:/rrc/crr: 0.000000000 0.999995738 0.000004262
QQ:/rrc/r: 0.999979748 0.000014570 0.000005682
