J:/: 0.073748498 0.926251502 0.000000000
J:/cr: 0.018641502 0.033219274 0.948139224
J:/rr: 0.000000000 0.999932202 0.000067798
JJ:/cc/: 0.000254941 0.999745059 0.000000000
JJ:/cc/cr: 0.999996400 0.000001800 0.000001800
JJ:/cc/rr: 0.000000000 0.989413051 0.010586949
JJ:/crc/: 0.942932231 0.057067769 0.000000000
JJ:/crc/cr: 0.999367228 0.000316386 0.000316386
JJ:/crc/rr: 0.000000000 0.999971278 0.000028722
JJ:/crrc/: 0.988400191 0.011599809 0.000000000
JJ:/crrc/cr: 0.994452506 0.002773747 0.002773747
JJ:/crrc/rr: 0.000000000 0.999951171 0.000048829
JJ:/rc/: 0.952710803 0.047289197 0.000000000
JJ:/rc/cr: 0.999044207 0.000477896 0.000477896
JJ:/rc/rr: 0.000000000 0.999964418 0.000035582
JJ:/rrc/: 0.997040892 0.002959108 0.000000000
JJ:/rrc/cr: 0.992362272 0.003818864 0.003818864
JJ:/rrc/rr: 0.000000000 0.999982999 0.000017001
JK:/cc/: 0.090204992 0.909795008 0.000000000
JK:/cc/cr: 0.000001978 0.000001978 0.999996044
JK:/cc/rr: 0.000000000 0.000029921 0.999970079
JK:/crc/: 0.073012840 0.926987160 0.000000000
JK:/crc/cr: 0.044036758 0.000019478 0.955943765
JK:/crc/rr: 0.000000000 0.000370937 0.999629063
JK:/crrc/: 0.999903475 0.000096525 0.000000000
JK:/crrc/cr: 0.333333333 0.333333333 0.333333333
JK:/crrc/rr: 0.000000000 0.000048267 0.999951733
JK:/rc/: 0.999932202 0.000067798 0.000000000
JK:/rc/cr: 0.333333333 0.333333333 0.333333333
JK:/rc/rr: 0.000000000 0.000033901 0.999966099
JK:/rrc/: 0.551770916 0.448229084 0.000000000
JK:/rrc/cr: 0.938223159 0.000025211 0.061751630
JK:/rrc/rr: 0.000000000 0.000030720 0.999969280
JQ:/cc/: 0.151584220 0.848415780 0.000000000
JQ:/cc/cr: 0.000002723 0.000002121 0.999995156
JQ:/cc/rr: 0.000000000 0.000017806 0.999982194
JQ:/crc/: 0.988637221 0.011362779 0.000000000
JQ:/crc/cr: 0.004268468 0.001589000 0.994142532
JQ:/crc/rr: 0.000000000 0.000027394 0.999972606
JQ:/crrc/: 0.017926485 0.982073515 0.000000000
JQ:/crrc/cr: 0.141089351 0.000032762 0.858877887
JQ:/crrc/rr: 0.000000000 0.002692240 0.997307760
JQ:/rc/: 0.999252290 0.000747710 0.000000000
JQ:/rc/cr: 0.030224739 0.030224739 0.939550522
JQ:/rc/rr: 0.000000000 0.000033924 0.999966076
JQ:/rrc/: 0.112138175 0.887861825 0.000000000
JQ:/rrc/cr: 0.000012728 0.000012728 0.999974545
JQ:/rrc/rr: 0.000000000 0.000151159 0.999848841
K:/: 0.753599282 0.246400718 0.000000000
K:/cr: 0.715728397 0.284258075 0.000013528
K:/rr: 0.000000000 0.999993365 0.000006635
KJ:/cc/: 0.000049049 0.999950951 0.000000000
KJ:/cc/cr: 0.000048015 0.000010330 0.999941655
KJ:/cc/rr: 0.000000000 0.793144633 0.206855367
KJ:/crc/: 0.000223690 0.999776310 0.000000000
KJ:/crc/cr: 0.000033476 0.999958590 0.000007934
KJ:/crc/rr: 0.000000000 0.946811487 0.053188513
KJ:/crrc/: 0.068168288 0.931831712 0.000000000
KJ:/crrc/cr: 0.000082638 0.998850990 0.001066372
KJ:/crrc/rr: 0.000000000 0.454875054 0.545124946
KJ:/rc/: 0.039033963 0.960966037 0.000000000
KJ:/rc/cr: 0.007900042 0.976865746 0.015234212
KJ:/rc/rr: 0.000000000 0.139461823 0.860538177
KJ:/rrc/: 0.080021075 0.919978925 0.000000000
KJ:/rrc/cr: 0.000112264 0.999653036 0.000234700
KJ:/rrc/rr: 0.000000000 0.727620830 0.272379170
KK:/cc/: 0.999229648 0.000770352 0.000000000
KK:/cc/cr: 0.982439066 0.008780467 0.008780467
KK:/cc/rr: 0.000000000 0.999989846 0.000010154
KK:/crc/: 0.173182047 0.826817953 0.000000000
KK:/crc/cr: 0.999980814 0.000009593 0.000009593
KK:/crc/rr: 0.000000000 0.999931299 0.000068701
KK:/crrc/: 0.987511117 0.012488883 0.000000000
KK:/crrc/cr: 0.999495520 0.000252240 0.000252240
KK:/crrc/rr: 0.000000000 0.999995215 0.000004785
KK:/rc/: 0.812066085 0.187933915 0.000000000
KK:/rc/cr: 0.999976464 0.000011768 0.000011768
KK:/rc/rr: 0.000000000 0.999995915 0.000004085
KK:/rrc/: 0.518111070 0.481888930 0.000000000
KK:/rrc/cr: 0.999995411 0.000002295 0.000002295
KK:/rrc/rr: 0.000000000 0.999996799 0.000003201
KQ:/cc/: 0.000054693 0.999945307 0.000000000
KQ:/cc/cr: 0.000040614 0.431686861 0.568272525
KQ:/cc/rr: 0.000000000 0.814490530 0.185509470
KQ:/crc/: 0.881004342 0.118995658 0.000000000
KQ:/crc/cr: 0.000394300 0.706556009 0.293049692
KQ:/crc/rr: 0.000000000 0.000034606 0.999965394
KQ:/crrc/: 0.014115871 0.985884129 0.000000000
KQ:/crrc/cr: 0.022531724 0.678701343 0.298766933
KQ:/crrc/rr: 0.000000000 0.256530220 0.743469780
KQ:/rc/: 0.000292713 0.999707287 0.000000000
KQ:/rc/cr: 0.000019112 0.484206775 0.515774113
KQ:/rc/rr: 0.000000000 0.041108513 0.958891487
KQ:/rrc/: 0.719135829 0.280864171 0.000000000
KQ:/rrc/cr: 0.035652847 0.826490675 0.137856478
KQ:/rrc/rr: 0.000000000 0.397966376 0.602033624
Q:/: 0.755054204 0.244945796 0.000000000
Q:/cr: 0.178226198 0.821166421 0.000607381
Q:/rr: 0.000000000 0.999993378 0.000006622
QJ:/cc/: 0.000020413 0.999979587 0.000000000
QJ:/cc/cr: 0.000006804 0.000006804 0.999986391
QJ:/cc/rr: 0.000000000 0.500000000 0.500000000
QJ:/crc/: 0.032139750 0.967860250 0.000000000
QJ:/crc/cr: 0.002727970 0.000002854 0.997269177
QJ:/crc/rr: 0.000000000 0.000128907 0.999871093
QJ:/crrc/: 0.005115122 0.994884878 0.000000000
QJ:/crrc/cr: 0.000245510 0.000012791 0.999741699
QJ:/crrc/rr: 0.000000000 0.003731825 0.996268175
QJ:/rc/: 0.014065721 0.985934279 0.000000000
QJ:/rc/cr: 0.000002239 0.000002239 0.999995522
QJ:/rc/rr: 0.000000000 0.000235396 0.999764604
QJ:/rrc/: 0.000003311 0.999996689 0.000000000
QJ:/rrc/cr: 0.000001104 0.000001104 0.999997793
QJ:/rrc/rr: 0.000000000 0.500000000 0.500000000
QK:/cc/: 0.197479405 0.802520595 0.000000000
QK:/cc/cr: 0.004404210 0.995575731 0.000020058
QK:/cc/rr: 0.000000000 0.046412398 0.953587602
QK:/crc/: 0.002816644 0.997183356 0.000000000
QK:/crc/cr: 0.000003054 0.554979157 0.445017789
QK:/crc/rr: 0.000000000 0.001923570 0.998076430
QK:/crrc/: 0.951062428 0.048937572 0.000000000
QK:/crrc/cr: 0.000592425 0.644935705 0.354471870
QK:/crrc/rr: 0.000000000 0.000550923 0.999449077
QK:/rc/: 0.430301063 0.569698937 0.000000000
QK:/rc/cr: 0.012746036 0.518216601 0.469037363
QK:/rc/rr: 0.000000000 0.199177386 0.800822614
QK:/rrc/: 0.115548185 0.884451815 0.000000000
QK:/rrc/cr: 0.000001605 0.304951881 0.695046515
QK:/rrc/rr: 0.000000000 0.000255278 0.999744722
QQ:/cc/: 0.479241326 0.520758674 0.000000000
QQ:/cc/cr: 0.999973868 0.000013066 0.000013066
QQ:/cc/rr: 0.000000000 0.999978703 0.000021297
QQ:/crc/: 0.988022985 0.011977015 0.000000000
QQ:/crc/cr: 0.999538780 0.000230610 0.000230610
QQ:/crc/rr: 0.000000000 0.999995807 0.000004193
QQ:/crrc/: 0.139051636 0.860948364 0.000000000
QQ:/crrc/cr: 0.999970438 0.000014781 0.000014781
QQ:/crrc/rr: 0.000000000 0.999862722 0.000137278
QQ:/rc/: 0.489200063 0.510799937 0.000000000
QQ:/rc/cr: 0.999990918 0.000004760 0.000004321
QQ:/rc/rr: 0.000000000 0.999993232 0.000006768
QQ:/rrc/: 0.976808759 0.023191241 0.000000000
QQ:/rrc/cr: 0.999904819 0.000047590 0.000047590
QQ:/rrc/rr: 0.000000000 0.999998305 0.000001695
