J:/: 0.081799304 0.918200696 0.000000000
J:/cr: 0.017542952 0.035633289 0.946823759
J:/rr: 0.000000000 0.999938875 0.000061125
JJ:/cc/: 0.000312700 0.999687300 0.000000000
JJ:/cc/cr: 0.999996369 0.000001816 0.000001816
JJ:/cc/rr: 0.000000000 0.991292877 0.008707123
JJ:/crc/: 0.960059215 0.039940785 0.000000000
JJ:/crc/cr: 0.999149749 0.000425126 0.000425126
JJ:/crc/rr: 0.000000000 0.999973471 0.000026529
JJ:/crrc/: 0.928046033 0.071953967 0.000000000
JJ:/crrc/cr: 0.999041345 0.000479328 0.000479328
JJ:/crrc/rr: 0.000000000 0.999944255 0.000055745
JJ:/rc/: 0.891913033 0.108086967 0.000000000
JJ:/rc/cr: 0.999622987 0.000188506 0.000188506
JJ:/rc/rr: 0.000000000 0.999965734 0.000034266
JJ:/rrc/: 0.998397677 0.001602323 0.000000000
JJ:/rrc/cr: 0.987283269 0.006358366 0.006358366
JJ:/rrc/rr: 0.000000000 0.999984693 0.000015307
JK:/cc/: 0.076922061 0.923077939 0.000000000
JK:/cc/cr: 0.000210095 0.000001966 0.999787939
JK:/cc/rr: 0.000000000 0.000035396 0.999964604
JK:/crc/: 0.087850970 0.912149030 0.000000000
JK:/crc/cr: 0.056368682 0.000018615 0.943612702
JK:/crc/rr: 0.000000000 0.000289920 0.999710080
JK:/crrc/: 0.999810732 0.000189268 0.000000000
JK:/crrc/cr: 0.182225832 0.182225832 0.635548336
JK:/crrc/rr: 0.000000000 0.000051744 0.999948256
JK:/rc/: 0.980724091 0.019275909 0.000000000
JK:/rc/cr: 0.932552258 0.001057023 0.066390719
JK:/rc/rr: 0.000000000 0.000031163 0.999968837
JK:/rrc/: 0.498721157 0.501278843 0.000000000
JK:/rrc/cr: 0.706943058 0.000020324 0.293036618
JK:/rrc/rr: 0.000000000 0.000030643 0.999969357
JQ:/cc/: 0.191133530 0.808866470 0.000000000
JQ:/cc/cr: 0.000008204 0.000002244 0.999989552
JQ:/cc/rr: 0.000000000 0.000014245 0.999985755
JQ:/crc/: 0.988436599 0.011563401 0.000000000
JQ:/crc/cr: 0.230313030 0.001468414 0.768218556
JQ:/crc/rr: 0.000000000 0.000025768 0.999974232
JQ:/crrc/: 0.014389046 0.985610954 0.000000000
JQ:/crrc/cr: 0.153545957 0.000034993 0.846419050
JQ:/crrc/rr: 0.000000000 0.003595394 0.996404606
JQ:/rc/: 0.993848040 0.006151960 0.000000000
JQ:/rc/cr: 0.003311964 0.003311964 0.993376072
JQ:/rc/rr: 0.000000000 0.000030752 0.999969248
JQ:/rrc/: 0.144833400 0.855166600 0.000000000
JQ:/rrc/cr: 0.002039146 0.000011914 0.997948941
JQ:/rrc/rr: 0.000000000 0.000105516 0.999894484
K:/: 0.757308986 0.242691014 0.000000000
K:/cr: 0.677286461 0.322699804 0.000013735
K:/rr: 0.000000000 0.999993398 0.000006602
KJ:/cc/: 0.000057495 0.999942505 0.000000000
KJ:/cc/cr: 0.000049907 0.000008891 0.999941201
KJ:/cc/rr: 0.000000000 0.820834957 0.179165043
KJ:/crc/: 0.000045101 0.999954899 0.000000000
KJ:/crc/cr: 0.000038415 0.999954491 0.000007094
KJ:/crc/rr: 0.000000000 0.764071223 0.235928777
KJ:/crrc/: 0.042903882 0.957096118 0.000000000
KJ:/crrc/cr: 0.004444412 0.986746715 0.008808872
KJ:/crrc/rr: 0.000000000 0.296337037 0.703662963
KJ:/rc/: 0.072707518 0.927292482 0.000000000
KJ:/rc/cr: 0.007933089 0.957208284 0.034858627
KJ:/rc/rr: 0.000000000 0.379574604 0.620425396
KJ:/rrc/: 0.086353977 0.913646023 0.000000000
KJ:/rrc/cr: 0.000579313 0.999134896 0.000285791
KJ:/rrc/rr: 0.000000000 0.451672851 0.548327149
KK:/cc/: 0.997690857 0.002309143 0.000000000
KK:/cc/cr: 0.994051955 0.002974022 0.002974022
KK:/cc/rr: 0.000000000 0.999989675 0.000010325
KK:/crc/: 0.202042592 0.797957408 0.000000000
KK:/crc/cr: 0.999982220 0.000008890 0.000008890
KK:/crc/rr: 0.000000000 0.999947335 0.000052665
KK:/crrc/: 0.985871662 0.014128338 0.000000000
KK:/crrc/cr: 0.999521546 0.000239227 0.000239227
KK:/crrc/rr: 0.000000000 0.999994858 0.000005142
KK:/rc/: 0.884697747 0.115302253 0.000000000
KK:/rc/cr: 0.999961294 0.000019619 0.000019087
KK:/rc/rr: 0.000000000 0.999996269 0.000003731
KK:/rrc/: 0.525871967 0.474128033 0.000000000
KK:/rrc/cr: 0.999995358 0.000002321 0.000002321
KK:/rrc/rr: 0.000000000 0.999996861 0.000003139
KQ:/cc/: 0.000140927 0.999859073 0.000000000
KQ:/cc/cr: 0.000051269 0.438874032 0.561074699
KQ:/cc/rr: 0.000000000 0.926904292 0.073095708
KQ:/crc/: 0.887058546 0.112941454 0.000000000
KQ:/crc/cr: 0.000477176 0.604118729 0.395404095
KQ:/crc/rr: 0.000000000 0.000020314 0.999979686
KQ:/crrc/: 0.010276518 0.989723482 0.000000000
KQ:/crrc/cr: 0.024462944 0.673910928 0.301626128
KQ:/crrc/rr: 0.000000000 0.533947223 0.466052777
KQ:/rc/: 0.000271832 0.999728168 0.000000000
KQ:/rc/cr: 0.000040660 0.501791019 0.498168321
KQ:/rc/rr: 0.000000000 0.150318224 0.849681776
KQ:/rrc/: 0.671303245 0.328696755 0.000000000
KQ:/rrc/cr: 0.035067050 0.817286703 0.147646247
KQ:/rrc/rr: 0.000000000 0.380468992 0.619531008
Q:/: 0.741426737 0.258573263 0.000000000
Q:/cr: 0.156519069 0.842263394 0.001217537
Q:/rr: 0.000000000 0.999993256 0.000006744
QJ:/cc/: 0.000019337 0.999980663 0.000000000
QJ:/cc/cr: 0.000021785 0.000006446 0.999971769
QJ:/cc/rr: 0.000000000 0.500000000 0.500000000
QJ:/crc/: 0.030810524 0.969189476 0.000000000
QJ:/crc/cr: 0.002341077 0.000002632 0.997656291
QJ:/crc/rr: 0.000000000 0.000124190 0.999875810
QJ:/crrc/: 0.020028232 0.979971768 0.000000000
QJ:/crrc/cr: 0.000149395 0.000014008 0.999836597
QJ:/crrc/rr: 0.000000000 0.001028076 0.998971924
QJ:/rc/: 0.008567999 0.991432001 0.000000000
QJ:/rc/cr: 0.000015366 0.000002267 0.999982366
QJ:/rc/rr: 0.000000000 0.000393543 0.999606457
QJ:/rrc/: 0.000003372 0.999996628 0.000000000
QJ:/rrc/cr: 0.000002051 0.000001124 0.999996825
QJ:/rrc/rr: 0.000000000 0.500000000 0.500000000
QK:/cc/: 0.561961659 0.438038341 0.000000000
QK:/cc/cr: 0.181705565 0.818267752 0.000026683
QK:/cc/rr: 0.000000000 0.999982795 0.000017205
QK:/crc/: 0.008118476 0.991881524 0.000000000
QK:/crc/cr: 0.000002572 0.557168527 0.442828901
QK:/crc/rr: 0.000000000 0.000471317 0.999528683
QK:/crrc/: 0.919824073 0.080175927 0.000000000
QK:/crrc/cr: 0.000279105 0.490759678 0.508961217
QK:/crrc/rr: 0.000000000 0.000588800 0.999411200
QK:/rc/: 0.484402101 0.515597899 0.000000000
QK:/rc/cr: 0.054208178 0.502008910 0.443782912
QK:/rc/rr: 0.000000000 0.195526319 0.804473681
QK:/rrc/: 0.122906155 0.877093845 0.000000000
QK:/rrc/cr: 0.000001281 0.309878846 0.690119872
QK:/rrc/rr: 0.000000000 0.000661804 0.999338196
QQ:/cc/: 0.552103279 0.447896721 0.000000000
QQ:/cc/cr: 0.999971218 0.000014391 0.000014391
QQ:/cc/rr: 0.000000000 0.999982488 0.000017512
QQ:/crc/: 0.988761660 0.011238340 0.000000000
QQ:/crc/cr: 0.999546034 0.000226983 0.000226983
QQ:/crc/rr: 0.000000000 0.999996130 0.000003870
QQ:/crrc/: 0.102174443 0.897825557 0.000000000
QQ:/crrc/cr: 0.999969422 0.000015289 0.000015289
QQ:/crrc/rr: 0.000000000 0.999798477 0.000201523
QQ:/rc/: 0.548522110 0.451477890 0.000000000
QQ:/rc/cr: 0.999990042 0.000004979 0.000004979
QQ:/rc/rr: 0.000000000 0.999993853 0.000006147
QQ:/rrc/: 0.967924626 0.032075374 0.000000000
QQ:/rrc/cr: 0.999929917 0.000035041 0.000035041
QQ:/rrc/rr: 0.000000000 0.999998258 0.000001742
