J:/: 0.072736646 0.927263354 0.000000000
J:/cr: 0.018867652 0.033682342 0.947450006
J:/rr: 0.000000000 0.999931259 0.000068741
JJ:/cc/: 0.002908554 0.997091446 0.000000000
JJ:/cc/cr: 0.999993484 0.000004713 0.000001803
JJ:/cc/rr: 0.000000000 0.999073043 0.000926957
JJ:/crc/: 0.946205435 0.053794565 0.000000000
JJ:/crc/cr: 0.999338677 0.000330662 0.000330662
JJ:/crc/rr: 0.000000000 0.999971801 0.000028199
JJ:/crrc/: 0.986897440 0.013102560 0.000000000
JJ:/crrc/cr: 0.995152918 0.002423541 0.002423541
JJ:/crrc/rr: 0.000000000 0.999951736 0.000048264
JJ:/rc/: 0.918733709 0.081266291 0.000000000
JJ:/rc/cr: 0.999436083 0.000281958 0.000281958
JJ:/rc/rr: 0.000000000 0.999962589 0.000037411
JJ:/rrc/: 0.996037713 0.003962287 0.000000000
JJ:/rrc/cr: 0.994216651 0.002891675 0.002891675
JJ:/rrc/rr: 0.000000000 0.999982745 0.000017255
JK:/cc/: 0.081412483 0.918587517 0.000000000
JK:/cc/cr: 0.000230740 0.000001957 0.999767303
JK:/cc/rr: 0.000000000 0.000033117 0.999966883
JK:/crc/: 0.067366524 0.932633476 0.000000000
JK:/crc/cr: 0.028271498 0.000019073 0.971709429
JK:/crc/rr: 0.000000000 0.000396068 0.999603932
JK:/crrc/: 0.999904736 0.000095264 0.000000000
JK:/crrc/cr: 0.333333333 0.333333333 0.333333333
JK:/crrc/rr: 0.000000000 0.000047636 0.999952364
JK:/rc/: 0.999931259 0.000068741 0.000000000
JK:/rc/cr: 0.333333333 0.333333333 0.333333333
JK:/rc/rr: 0.000000000 0.000034373 0.999965627
JK:/rrc/: 0.543416836 0.456583164 0.000000000
JK:/rrc/cr: 0.919125812 0.000025094 0.080849094
JK:/rrc/rr: 0.000000000 0.000031627 0.999968373
JQ:/cc/: 0.168533870 0.831466130 0.000000000
JQ:/cc/cr: 0.000002162 0.000002162 0.999995677
JQ:/cc/rr: 0.000000000 0.000015997 0.999984003
JQ:/crc/: 0.996973283 0.003026717 0.000000000
JQ:/crc/cr: 0.005876927 0.005876927 0.988246145
JQ:/crc/rr: 0.000000000 0.000026763 0.999973237
JQ:/crrc/: 0.038796096 0.961203904 0.000000000
JQ:/crrc/cr: 0.123613619 0.000033036 0.876353345
JQ:/crrc/rr: 0.000000000 0.001227750 0.998772250
JQ:/rc/: 0.999931259 0.000068741 0.000000000
JQ:/rc/cr: 0.333333333 0.333333333 0.333333333
JQ:/rc/rr: 0.000000000 0.000034373 0.999965627
JQ:/rrc/: 0.136882903 0.863117097 0.000000000
JQ:/rrc/cr: 0.000013275 0.000013275 0.999973451
JQ:/rrc/rr: 0.000000000 0.000125556 0.999874444
K:/: 0.755450363 0.244549637 0.000000000
K:/cr: 0.714043369 0.285943001 0.000013630
K:/rr: 0.000000000 0.999993381 0.000006619
KJ:/cc/: 0.000020446 0.999979554 0.000000000
KJ:/cc/cr: 0.000006815 0.000006815 0.999986369
KJ:/cc/rr: 0.000000000 0.500000000 0.500000000
KJ:/crc/: 0.000053339 0.999946661 0.000000000
KJ:/crc/cr: 0.000033284 0.999958771 0.000007945
KJ:/crc/rr: 0.000000000 0.776576221 0.223423779
KJ:/crrc/: 0.068742057 0.931257943 0.000000000
KJ:/crrc/cr: 0.007027531 0.990948248 0.002024221
KJ:/crrc/rr: 0.000000000 0.506188066 0.493811934
KJ:/rc/: 0.042778752 0.957221248 0.000000000
KJ:/rc/cr: 0.007453832 0.962807872 0.029738296
KJ:/rc/rr: 0.000000000 0.293217921 0.706782079
KJ:/rrc/: 0.075678279 0.924321721 0.000000000
KJ:/rrc/cr: 0.000192026 0.999161318 0.000646656
KJ:/rrc/rr: 0.000000000 0.564156973 0.435843027
KK:/cc/: 0.998073362 0.001926638 0.000000000
KK:/cc/cr: 0.992925242 0.003537379 0.003537379
KK:/cc/rr: 0.000000000 0.999989757 0.000010243
KK:/crc/: 0.116353784 0.883646216 0.000000000
KK:/crc/cr: 0.999982018 0.000008991 0.000008991
KK:/crc/rr: 0.000000000 0.999897578 0.000102422
KK:/crrc/: 0.989058862 0.010941138 0.000000000
KK:/crrc/cr: 0.999418428 0.000290786 0.000290786
KK:/crrc/rr: 0.000000000 0.999995175 0.000004825
KK:/rc/: 0.803862179 0.196137821 0.000000000
KK:/rc/cr: 0.999977504 0.000011248 0.000011248
KK:/rc/rr: 0.000000000 0.999995883 0.000004117
KK:/rrc/: 0.510306933 0.489693067 0.000000000
KK:/rrc/cr: 0.999995495 0.000002253 0.000002253
KK:/rrc/rr: 0.000000000 0.999996758 0.000003242
KQ:/cc/: 0.000051873 0.999948127 0.000000000
KQ:/cc/cr: 0.000038453 0.438143979 0.561817568
KQ:/cc/rr: 0.000000000 0.802923812 0.197076188
KQ:/crc/: 0.826520431 0.173479569 0.000000000
KQ:/crc/cr: 0.000278935 0.632370557 0.367350508
KQ:/crc/rr: 0.000000000 0.000039906 0.999960094
KQ:/crrc/: 0.006988871 0.993011129 0.000000000
KQ:/crrc/cr: 0.032764883 0.674571960 0.292663157
KQ:/crrc/rr: 0.000000000 0.025605177 0.974394823
KQ:/rc/: 0.000069783 0.999930217 0.000000000
KQ:/rc/cr: 0.000011336 0.475689316 0.524299347
KQ:/rc/rr: 0.000000000 0.047422814 0.952577186
KQ:/rrc/: 0.709518510 0.290481490 0.000000000
KQ:/rrc/cr: 0.030485840 0.839561821 0.129952339
KQ:/rrc/rr: 0.000000000 0.389136522 0.610863478
Q:/: 0.756782590 0.243217410 0.000000000
Q:/cr: 0.168551939 0.830716631 0.000731430
Q:/rr: 0.000000000 0.999993393 0.000006607
QJ:/cc/: 0.000020558 0.999979442 0.000000000
QJ:/cc/cr: 0.000006853 0.000006853 0.999986295
QJ:/cc/rr: 0.000000000 0.500000000 0.500000000
QJ:/crc/: 0.029676067 0.970323933 0.000000000
QJ:/crc/cr: 0.003545820 0.000002834 0.996451346
QJ:/crc/rr: 0.000000000 0.000138984 0.999861016
QJ:/crrc/: 0.013012746 0.986987254 0.000000000
QJ:/crrc/cr: 0.000013731 0.000013731 0.999972539
QJ:/crrc/rr: 0.000000000 0.001562145 0.998437855
QJ:/rc/: 0.013772803 0.986227197 0.000000000
QJ:/rc/cr: 0.000002233 0.000002233 0.999995534
QJ:/rc/rr: 0.000000000 0.000239854 0.999760146
QJ:/rrc/: 0.000003303 0.999996697 0.000000000
QJ:/rrc/cr: 0.000001101 0.000001101 0.999997798
QJ:/rrc/rr: 0.000000000 0.500000000 0.500000000
QK:/cc/: 0.378723161 0.621276839 0.000000000
QK:/cc/cr: 0.071243446 0.928742491 0.000014064
QK:/cc/rr: 0.000000000 0.999972859 0.000027141
QK:/crc/: 0.000009493 0.999990507 0.000000000
QK:/crc/cr: 0.000003332 0.563459258 0.436537410
QK:/crc/rr: 0.000000000 0.565539359 0.434460641
QK:/crrc/: 0.979244504 0.020755496 0.000000000
QK:/crrc/cr: 0.000826822 0.374070194 0.625102985
QK:/crrc/rr: 0.000000000 0.000535093 0.999464907
QK:/rc/: 0.426854743 0.573145257 0.000000000
QK:/rc/cr: 0.005650120 0.524554153 0.469795728
QK:/rc/rr: 0.000000000 0.205081017 0.794918983
QK:/rrc/: 0.119967294 0.880032706 0.000000000
QK:/rrc/cr: 0.000001251 0.299053631 0.700945118
QK:/rrc/rr: 0.000000000 0.000241506 0.999758494
QQ:/cc/: 0.512850530 0.487149470 0.000000000
QQ:/cc/cr: 0.999971867 0.000014067 0.000014067
QQ:/cc/rr: 0.000000000 0.999979957 0.000020043
QQ:/crc/: 0.976365712 0.023634288 0.000000000
QQ:/crc/cr: 0.999767316 0.000116342 0.000116342
QQ:/crc/rr: 0.000000000 0.999995776 0.000004224
QQ:/crrc/: 0.126261511 0.873738489 0.000000000
QQ:/crrc/cr: 0.999968980 0.000015510 0.000015510
QQ:/crrc/rr: 0.000000000 0.999839002 0.000160998
QQ:/rc/: 0.480759364 0.519240636 0.000000000
QQ:/rc/cr: 0.999990641 0.000005118 0.000004241
QQ:/rc/rr: 0.000000000 0.999993129 0.000006871
QQ:/rrc/: 0.978602995 0.021397005 0.000000000
QQ:/rrc/cr: 0.999897073 0.000051463 0.000051463
QQ:/rrc/rr: 0.000000000 0.999998312 0.000001688
