J:/c: 0.290526671 0.709473329 0.000000000
J:/crr: 0.000000000 0.999982790 0.000017210
J:/r: 0.056063314 0.127431418 0.816505268
JJ:/cc/c: 0.999992953 0.000007047 0.000000000
JJ:/cc/crr: 0.000000000 0.999996476 0.000003524
JJ:/cc/r: 0.999990603 0.000004698 0.000004698
JJ:/crc/c: 0.999982790 0.000017210 0.000000000
JJ:/crc/crr: 0.000000000 0.999991395 0.000008605
JJ:/crc/r: 0.999955242 0.000033285 0.000011473
JJ:/crrc/c: 0.999991395 0.000008605 0.000000000
JJ:/crrc/crr: 0.000000000 0.999995697 0.000004303
JJ:/crrc/r: 0.999974676 0.000019587 0.000005737
JJ:/rc/c: 0.999973842 0.000026158 0.000000000
JJ:/rc/crr: 0.000000000 0.999986921 0.000013079
JJ:/rc/r: 0.999957034 0.000025527 0.000017439
JJ:/rrc/c: 0.999940543 0.000059457 0.000000000
JJ:/rrc/crr: 0.000000000 0.999970270 0.000029730
JJ:/rrc/r: 0.999777550 0.000182813 0.000039638
JK:/cc/c: 0.004695755 0.995304245 0.000000000
JK:/cc/crr: 0.000000000 0.000750410 0.999249590
JK:/cc/r: 0.000004698 0.000004698 0.999990603
JK:/crc/c: 0.559744252 0.440255748 0.000000000
JK:/crc/crr: 0.000000000 0.000015373 0.999984627
JK:/crc/r: 0.000065250 0.000011473 0.999923277
JK:/crrc/c: 0.406937019 0.593062981 0.000000000
JK:/crrc/crr: 0.000000000 0.000010573 0.999989427
JK:/crrc/r: 0.226557049 0.000005737 0.773437215
JK:/rc/c: 0.372446048 0.627553952 0.000000000
JK:/rc/crr: 0.000000000 0.000035116 0.999964884
JK:/rc/r: 0.360654176 0.000017439 0.639328385
JK:/rrc/c: 0.999809296 0.000190704 0.000000000
JK:/rrc/crr: 0.000000000 0.000029734 0.999970266
JK:/rrc/r: 0.299746548 0.000039638 0.700213814
JQ:/cc/c: 0.072461459 0.927538541 0.000000000
JQ:/cc/crr: 0.000000000 0.000048629 0.999951371
JQ:/cc/r: 0.037688208 0.000004698 0.962307094
JQ:/crc/c: 0.392844312 0.607155688 0.000000000
JQ:/crc/crr: 0.000000000 0.000021905 0.999978095
JQ:/crc/r: 0.035519960 0.000011473 0.964468566
JQ:/crrc/c: 0.027973101 0.972026899 0.000000000
JQ:/crrc/crr: 0.000000000 0.000153812 0.999846188
JQ:/crrc/r: 0.211848054 0.000005737 0.788146209
JQ:/rc/c: 0.994636960 0.005363040 0.000000000
JQ:/rc/crr: 0.000000000 0.000013149 0.999986851
JQ:/rc/r: 0.000046043 0.000017439 0.999936518
JQ:/rrc/c: 0.003132653 0.996867347 0.000000000
JQ:/rrc/crr: 0.000000000 0.009489815 0.990510185
JQ:/rrc/r: 0.436548232 0.000039638 0.563412130
K:/c: 0.999969449 0.000030551 0.000000000
K:/crr: 0.000000000 0.999995000 0.000005000
K:/r: 0.585943448 0.414049886 0.000006667
KJ:/cc/c: 0.399587919 0.600412081 0.000000000
KJ:/cc/crr: 0.000000000 0.795216288 0.204783712
KJ:/cc/r: 0.534630732 0.227296183 0.238073086
KJ:/crc/c: 0.110017037 0.889982963 0.000000000
KJ:/crc/crr: 0.000000000 0.999977276 0.000022724
KJ:/crc/r: 0.000079330 0.763699541 0.236221129
KJ:/crrc/c: 0.478231427 0.521768573 0.000000000
KJ:/crrc/crr: 0.000000000 0.999997386 0.000002614
KJ:/crrc/r: 0.036558128 0.844186317 0.119255554
KJ:/rc/c: 0.489524268 0.510475732 0.000000000
KJ:/rc/crr: 0.000000000 0.741644707 0.258355293
KJ:/rc/r: 0.020787959 0.749253728 0.229958313
KJ:/rrc/c: 0.375073735 0.624926265 0.000000000
KJ:/rrc/crr: 0.000000000 0.999992416 0.000007584
KJ:/rrc/r: 0.050174282 0.871620412 0.078205306
KK:/cc/c: 0.836341805 0.163658195 0.000000000
KK:/cc/crr: 0.000000000 0.902158308 0.097841692
KK:/cc/r: 0.593497659 0.297396878 0.109105463
KK:/crc/c: 0.999995000 0.000005000 0.000000000
KK:/crc/crr: 0.000000000 0.999997500 0.000002500
KK:/crc/r: 0.999990012 0.000006655 0.000003333
KK:/crrc/c: 0.999997500 0.000002500 0.000000000
KK:/crrc/crr: 0.000000000 0.999998750 0.000001250
KK:/crrc/r: 0.999994771 0.000003562 0.000001667
KK:/rc/c: 0.999991949 0.000008051 0.000000000
KK:/rc/crr: 0.000000000 0.999995975 0.000004025
KK:/rc/r: 0.999977639 0.000016994 0.000005367
KK:/rrc/c: 0.999994311 0.000005689 0.000000000
KK:/rrc/crr: 0.000000000 0.999997156 0.000002844
KK:/rrc/r: 0.999822731 0.000173477 0.000003793
KQ:/cc/c: 0.827746805 0.172253195 0.000000000
KQ:/cc/crr: 0.000000000 0.901142358 0.098857642
KQ:/cc/r: 0.520677117 0.343673290 0.135649593
KQ:/crc/c: 0.239619257 0.760380743 0.000000000
KQ:/crc/crr: 0.000000000 0.005158482 0.994841518
KQ:/crc/r: 0.000030063 0.439540309 0.560429628
KQ:/crrc/c: 0.655299405 0.344700595 0.000000000
KQ:/crrc/crr: 0.000000000 0.424198523 0.575801477
KQ:/crrc/r: 0.018052112 0.617385103 0.364562785
KQ:/rc/c: 0.000035017 0.999964983 0.000000000
KQ:/rc/crr: 0.000000000 0.885047705 0.114952295
KQ:/rc/r: 0.000026504 0.307276950 0.692696546
KQ:/rrc/c: 0.495099815 0.504900185 0.000000000
KQ:/rrc/crr: 0.000000000 0.467508916 0.532491084
KQ:/rrc/r: 0.072196822 0.551162202 0.376640976
Q:/c: 0.845602842 0.154397158 0.000000000
Q:/crr: 0.000000000 0.999994087 0.000005913
Q:/r: 0.364745968 0.635190612 0.000063421
QJ:/cc/c: 0.000240230 0.999759770 0.000000000
QJ:/cc/crr: 0.000000000 0.067402166 0.932597834
QJ:/cc/r: 0.000026349 0.000021589 0.999952062
QJ:/crc/c: 0.439611084 0.560388916 0.000000000
QJ:/crc/crr: 0.000000000 0.003534436 0.996465564
QJ:/crc/r: 0.000003942 0.000003942 0.999992116
QJ:/crrc/c: 0.000076934 0.999923066 0.000000000
QJ:/crrc/crr: 0.000000000 0.019214320 0.980785680
QJ:/crrc/r: 0.015742944 0.000001971 0.984255085
QJ:/rc/c: 0.000048814 0.999951186 0.000000000
QJ:/rc/crr: 0.000000000 0.053752636 0.946247364
QJ:/rc/r: 0.018636400 0.000003499 0.981360101
QJ:/rrc/c: 0.000246167 0.999753833 0.000000000
QJ:/rrc/crr: 0.000000000 0.030182063 0.969817937
QJ:/rrc/r: 0.000069091 0.000006093 0.999924817
QK:/cc/c: 0.021987718 0.978012282 0.000000000
QK:/cc/crr: 0.000000000 0.999263589 0.000736411
QK:/cc/r: 0.000098217 0.774288774 0.225613009
QK:/crc/c: 0.296597608 0.703402392 0.000000000
QK:/crc/crr: 0.000000000 0.003914959 0.996085041
QK:/crc/r: 0.000191723 0.461869674 0.537938603
QK:/crrc/c: 0.112545959 0.887454041 0.000000000
QK:/crrc/crr: 0.000000000 0.003014817 0.996985183
QK:/crrc/r: 0.000178440 0.291871949 0.707949611
QK:/rc/c: 0.369956372 0.630043628 0.000000000
QK:/rc/crr: 0.000000000 0.010604629 0.989395371
QK:/rc/r: 0.000012136 0.311223831 0.688764033
QK:/rrc/c: 0.424063308 0.575936692 0.000000000
QK:/rrc/crr: 0.000000000 0.028007164 0.971992836
QK:/rrc/r: 0.000075311 0.498424459 0.501500231
QQ:/cc/c: 0.999967616 0.000032384 0.000000000
QQ:/cc/crr: 0.000000000 0.999983807 0.000016193
QQ:/cc/r: 0.999434664 0.000543746 0.000021589
QQ:/crc/c: 0.999994087 0.000005913 0.000000000
QQ:/crc/crr: 0.000000000 0.999997044 0.000002956
QQ:/crc/r: 0.999955282 0.000040776 0.000003942
QQ:/crrc/c: 0.999997044 0.000002956 0.000000000
QQ:/crrc/crr: 0.000000000 0.999998522 0.000001478
QQ:/crrc/r: 0.999996058 0.000001971 0.000001971
QQ:/rc/c: 0.999994752 0.000005248 0.000000000
QQ:/rc/crr: 0.000000000 0.999997376 0.000002624
QQ:/rc/r: 0.872450133 0.127546369 0.000003499
QQ:/rrc/c: 0.999990861 0.000009139 0.000000000
QQ:/rrc/crr: 0.000000000 0.999995431 0.000004569
QQ:/rrc/r: 0.999960661 0.000033246 0.000006093
