J:/: 0.072949478 0.927050522 0.000000000
J:/cr: 0.017983680 0.034549583 0.947466737
J:/rr: 0.000000000 0.999931459 0.000068541
JJ:/cc/: 0.000142529 0.999857471 0.000000000
JJ:/cc/cr: 0.999993802 0.000004400 0.000001798
JJ:/cc/rr: 0.000000000 0.981079469 0.018920531
JJ:/crc/: 0.998205545 0.001794455 0.000000000
JJ:/crc/cr: 0.980667914 0.009666043 0.009666043
JJ:/crc/rr: 0.000000000 0.999973935 0.000026065
JJ:/crrc/: 0.998847234 0.001152766 0.000000000
JJ:/crrc/cr: 0.942185810 0.028907095 0.028907095
JJ:/crrc/rr: 0.000000000 0.999949958 0.000050042
JJ:/rc/: 0.979044306 0.020955694 0.000000000
JJ:/rc/cr: 0.997819508 0.001090246 0.001090246
JJ:/rc/rr: 0.000000000 0.999964996 0.000035004
JJ:/rrc/: 0.999965727 0.000034273 0.000000000
JJ:/rrc/cr: 0.333333333 0.333333333 0.333333333
JJ:/rrc/rr: 0.000000000 0.999982863 0.000017137
JK:/cc/: 0.087548081 0.912451919 0.000000000
JK:/cc/cr: 0.000001970 0.000001970 0.999996059
JK:/cc/rr: 0.000000000 0.000030803 0.999969197
JK:/crc/: 0.062506388 0.937493612 0.000000000
JK:/crc/cr: 0.003042646 0.000018502 0.996938852
JK:/crc/rr: 0.000000000 0.000416244 0.999583756
JK:/crrc/: 0.999900031 0.000099969 0.000000000
JK:/crrc/cr: 0.333333333 0.333333333 0.333333333
JK:/crrc/rr: 0.000000000 0.000049990 0.999950010
JK:/rc/: 0.995444466 0.004555534 0.000000000
JK:/rc/cr: 0.989969622 0.005015189 0.005015189
JK:/rc/rr: 0.000000000 0.000034427 0.999965573
JK:/rrc/: 0.536573977 0.463426023 0.000000000
JK:/rrc/cr: 0.904695306 0.000024652 0.095280042
JK:/rrc/rr: 0.000000000 0.000031937 0.999968063
JQ:/cc/: 0.156540610 0.843459390 0.000000000
JQ:/cc/cr: 0.000002131 0.000002131 0.999995737
JQ:/cc/rr: 0.000000000 0.000017227 0.999982773
JQ:/crc/: 0.994170157 0.005829843 0.000000000
JQ:/crc/cr: 0.240081146 0.002975257 0.756943597
JQ:/crc/rr: 0.000000000 0.000026170 0.999973830
JQ:/crrc/: 0.020599337 0.979400663 0.000000000
JQ:/crrc/cr: 0.188888984 0.000034024 0.811076992
JQ:/crrc/rr: 0.000000000 0.002426518 0.997573482
JQ:/rc/: 0.999931459 0.000068541 0.000000000
JQ:/rc/cr: 0.333333333 0.333333333 0.333333333
JQ:/rc/rr: 0.000000000 0.000034273 0.999965727
JQ:/rrc/: 0.135206871 0.864793129 0.000000000
JQ:/rrc/cr: 0.000013210 0.000013210 0.999973579
JQ:/rrc/rr: 0.000000000 0.000126741 0.999873259
K:/: 0.754474652 0.245525348 0.000000000
K:/cr: 0.697040359 0.302946065 0.000013576
K:/rr: 0.000000000 0.999993373 0.000006627
KJ:/cc/: 0.000020364 0.999979636 0.000000000
KJ:/cc/cr: 0.000006788 0.000006788 0.999986423
KJ:/cc/rr: 0.000000000 0.500000000 0.500000000
KJ:/crc/: 0.000022407 0.999977593 0.000000000
KJ:/crc/cr: 0.000007469 0.999985062 0.000007469
KJ:/crc/rr: 0.000000000 0.500000000 0.500000000
KJ:/crrc/: 0.071498955 0.928501045 0.000000000
KJ:/crrc/cr: 0.003992195 0.995362789 0.000645016
KJ:/crrc/rr: 0.000000000 0.399482075 0.600517925
KJ:/rc/: 0.064897812 0.935102188 0.000000000
KJ:/rc/cr: 0.003549155 0.985961947 0.010488898
KJ:/rc/rr: 0.000000000 0.359781581 0.640218419
KJ:/rrc/: 0.078503102 0.921496898 0.000000000
KJ:/rrc/cr: 0.000003249 0.999995552 0.000001199
KJ:/rrc/rr: 0.000000000 0.481967252 0.518032748
KK:/cc/: 0.999979636 0.000020364 0.000000000
KK:/cc/cr: 0.333333333 0.333333333 0.333333333
KK:/cc/rr: 0.000000000 0.999989818 0.000010182
KK:/crc/: 0.158745665 0.841254335 0.000000000
KK:/crc/cr: 0.999982243 0.000008878 0.000008878
KK:/crc/rr: 0.000000000 0.999929424 0.000070576
KK:/crrc/: 0.999544055 0.000455945 0.000000000
KK:/crrc/cr: 0.985760628 0.007119686 0.007119686
KK:/crrc/rr: 0.000000000 0.999995129 0.000004871
KK:/rc/: 0.808499212 0.191500788 0.000000000
KK:/rc/cr: 0.999976882 0.000011583 0.000011535
KK:/rc/rr: 0.000000000 0.999995902 0.000004098
KK:/rrc/: 0.518029161 0.481970839 0.000000000
KK:/rrc/cr: 0.999995417 0.000002292 0.000002292
KK:/rrc/rr: 0.000000000 0.999996802 0.000003198
KQ:/cc/: 0.000020364 0.999979636 0.000000000
KQ:/cc/cr: 0.000006788 0.471853458 0.528139753
KQ:/cc/rr: 0.000000000 0.500000000 0.500000000
KQ:/crc/: 0.903662518 0.096337482 0.000000000
KQ:/crc/cr: 0.000077530 0.593277522 0.406644948
KQ:/crc/rr: 0.000000000 0.000012398 0.999987602
KQ:/crrc/: 0.000206676 0.999793324 0.000000000
KQ:/crrc/cr: 0.002221436 0.698847577 0.298930987
KQ:/crrc/rr: 0.000000000 0.926199905 0.073800095
KQ:/rc/: 0.000006627 0.999993373 0.000000000
KQ:/rc/cr: 0.000008384 0.488376000 0.511615616
KQ:/rc/rr: 0.000000000 0.500000000 0.500000000
KQ:/rrc/: 0.712845544 0.287154456 0.000000000
KQ:/rrc/cr: 0.012457720 0.937251528 0.050290752
KQ:/rrc/rr: 0.000000000 0.391550920 0.608449080
Q:/: 0.747712531 0.252287469 0.000000000
Q:/cr: 0.161314371 0.838577485 0.000108144
Q:/rr: 0.000000000 0.999993313 0.000006687
QJ:/cc/: 0.000019819 0.999980181 0.000000000
QJ:/cc/cr: 0.000006606 0.000006606 0.999986787
QJ:/cc/rr: 0.000000000 0.500000000 0.500000000
QJ:/crc/: 0.030185287 0.969814713 0.000000000
QJ:/crc/cr: 0.000037441 0.000002708 0.999959852
QJ:/crc/rr: 0.000000000 0.000130492 0.999869508
QJ:/crrc/: 0.006895395 0.993104605 0.000000000
QJ:/crrc/cr: 0.000013746 0.000013746 0.999972509
QJ:/crrc/rr: 0.000000000 0.002969552 0.997030448
QJ:/rc/: 0.010284336 0.989715664 0.000000000
QJ:/rc/cr: 0.000002252 0.000002252 0.999995496
QJ:/rc/rr: 0.000000000 0.000325109 0.999674891
QJ:/rrc/: 0.000003344 0.999996656 0.000000000
QJ:/rrc/cr: 0.000001115 0.000001115 0.999997771
QJ:/rrc/rr: 0.000000000 0.500000000 0.500000000
QK:/cc/: 0.000525231 0.999474769 0.000000000
QK:/cc/cr: 0.013704582 0.986288732 0.000006686
QK:/cc/rr: 0.000000000 0.981133382 0.018866618
QK:/crc/: 0.000007878 0.999992122 0.000000000
QK:/crc/cr: 0.000002710 0.567608935 0.432388354
QK:/crc/rr: 0.000000000 0.500000000 0.500000000
QK:/crrc/: 0.997354749 0.002645251 0.000000000
QK:/crrc/cr: 0.005160501 0.774635598 0.220203901
QK:/crrc/rr: 0.000000000 0.000515515 0.999484485
QK:/rc/: 0.433552009 0.566447991 0.000000000
QK:/rc/cr: 0.000841457 0.527188181 0.471970363
QK:/rc/rr: 0.000000000 0.212196872 0.787803128
QK:/rrc/: 0.123617728 0.876382272 0.000000000
QK:/rrc/cr: 0.000007130 0.295550434 0.704442436
QK:/rrc/rr: 0.000000000 0.000013524 0.999986476
QQ:/cc/: 0.594412731 0.405587269 0.000000000
QQ:/cc/cr: 0.999937371 0.000046340 0.000016288
QQ:/cc/rr: 0.000000000 0.999983329 0.000016671
QQ:/crc/: 0.998301849 0.001698151 0.000000000
QQ:/crc/cr: 0.996907268 0.001546366 0.001546366
QQ:/crc/rr: 0.000000000 0.999996054 0.000003946
QQ:/crrc/: 0.037548342 0.962451658 0.000000000
QQ:/crrc/cr: 0.999971633 0.000014183 0.000014183
QQ:/crrc/rr: 0.000000000 0.999454670 0.000545330
QQ:/rc/: 0.500959852 0.499040148 0.000000000
QQ:/rc/cr: 0.999986832 0.000008701 0.000004467
QQ:/rc/rr: 0.000000000 0.999993326 0.000006674
QQ:/rrc/: 0.991125398 0.008874602 0.000000000
QQ:/rrc/cr: 0.999748830 0.000125585 0.000125585
QQ:/rrc/rr: 0.000000000 0.999998313 0.000001687
