J:/: 0.072041634 0.927958366 0.000000000
J:/cr: 0.018827135 0.033616503 0.947556361
J:/rr: 0.000000000 0.999930596 0.000069404
JJ:/cc/: 0.000039334 0.999960666 0.000000000
JJ:/cc/cr: 0.996883181 0.003115022 0.000001796
JJ:/cc/rr: 0.000000000 0.931506937 0.068493063
JJ:/crc/: 0.993499038 0.006500962 0.000000000
JJ:/crc/cr: 0.994521032 0.002739484 0.002739484
JJ:/crc/rr: 0.000000000 0.999973111 0.000026889
JJ:/crrc/: 0.999904603 0.000095397 0.000000000
JJ:/crrc/cr: 0.333333333 0.333333333 0.333333333
JJ:/crrc/rr: 0.000000000 0.999952297 0.000047703
JJ:/rc/: 0.894115467 0.105884533 0.000000000
JJ:/rc/cr: 0.999563019 0.000218491 0.000218491
JJ:/rc/rr: 0.000000000 0.999961188 0.000038812
JJ:/rrc/: 0.999965295 0.000034705 0.000000000
JJ:/rrc/cr: 0.333333333 0.333333333 0.333333333
JJ:/rrc/rr: 0.000000000 0.999982647 0.000017353
JK:/cc/: 0.081451174 0.918548826 0.000000000
JK:/cc/cr: 0.000001955 0.000001955 0.999996089
JK:/cc/rr: 0.000000000 0.000033076 0.999966924
JK:/crc/: 0.043031835 0.956968165 0.000000000
JK:/crc/cr: 0.004076049 0.000018610 0.995905341
JK:/crc/rr: 0.000000000 0.000620794 0.999379206
JK:/crrc/: 0.999904603 0.000095397 0.000000000
JK:/crrc/cr: 0.333333333 0.333333333 0.333333333
JK:/crrc/rr: 0.000000000 0.000047703 0.999952297
JK:/rc/: 0.999930596 0.000069404 0.000000000
JK:/rc/cr: 0.333333333 0.333333333 0.333333333
JK:/rc/rr: 0.000000000 0.000034705 0.999965295
JK:/rrc/: 0.548962933 0.451037067 0.000000000
JK:/rrc/cr: 0.996028614 0.000025648 0.003945738
JK:/rrc/rr: 0.000000000 0.000031609 0.999968391
JQ:/cc/: 0.163602285 0.836397715 0.000000000
JQ:/cc/cr: 0.000002147 0.000002147 0.999995705
JQ:/cc/rr: 0.000000000 0.000016467 0.999983533
JQ:/crc/: 0.990091284 0.009908716 0.000000000
JQ:/crc/cr: 0.658490922 0.001797335 0.339711743
JQ:/crc/rr: 0.000000000 0.000026981 0.999973019
JQ:/crrc/: 0.034255842 0.965744158 0.000000000
JQ:/crrc/cr: 0.179901865 0.000032927 0.820065208
JQ:/crrc/rr: 0.000000000 0.001392424 0.998607576
JQ:/rc/: 0.999775460 0.000224540 0.000000000
JQ:/rc/cr: 0.103031919 0.103031919 0.793936162
JQ:/rc/rr: 0.000000000 0.000034710 0.999965290
JQ:/rrc/: 0.174143520 0.825856480 0.000000000
JQ:/rrc/cr: 0.000014008 0.000014008 0.999971985
JQ:/rrc/rr: 0.000000000 0.000099644 0.999900356
K:/: 0.753797856 0.246202144 0.000000000
K:/cr: 0.702012485 0.297973976 0.000013539
K:/rr: 0.000000000 0.999993367 0.000006633
KJ:/cc/: 0.000020309 0.999979691 0.000000000
KJ:/cc/cr: 0.000006770 0.000006770 0.999986461
KJ:/cc/rr: 0.000000000 0.500000000 0.500000000
KJ:/crc/: 0.000050299 0.999949701 0.000000000
KJ:/crc/cr: 0.000030317 0.999962110 0.000007573
KJ:/crc/rr: 0.000000000 0.774164114 0.225835886
KJ:/crrc/: 0.000659367 0.999340633 0.000000000
KJ:/crrc/cr: 0.000077294 0.999919490 0.000003216
KJ:/crrc/rr: 0.000000000 0.992687686 0.007312314
KJ:/rc/: 0.028683595 0.971316405 0.000000000
KJ:/rc/cr: 0.005289065 0.975580510 0.019130425
KJ:/rc/rr: 0.000000000 0.055513873 0.944486127
KJ:/rrc/: 0.076878585 0.923121415 0.000000000
KJ:/rrc/cr: 0.000010917 0.999987885 0.000001198
KJ:/rrc/rr: 0.000000000 0.532906377 0.467093623
KK:/cc/: 0.999757508 0.000242492 0.000000000
KK:/cc/cr: 0.944167258 0.027916371 0.027916371
KK:/cc/rr: 0.000000000 0.999989843 0.000010157
KK:/crc/: 0.080008348 0.919991652 0.000000000
KK:/crc/cr: 0.999983537 0.000008231 0.000008231
KK:/crc/rr: 0.000000000 0.999858025 0.000141975
KK:/crrc/: 0.993965693 0.006034307 0.000000000
KK:/crrc/cr: 0.998934647 0.000532676 0.000532676
KK:/crrc/rr: 0.000000000 0.999995149 0.000004851
KK:/rc/: 0.808623439 0.191376561 0.000000000
KK:/rc/cr: 0.999976893 0.000011553 0.000011553
KK:/rc/rr: 0.000000000 0.999995899 0.000004101
KK:/rrc/: 0.513141700 0.486858300 0.000000000
KK:/rrc/cr: 0.999995459 0.000002271 0.000002271
KK:/rrc/rr: 0.000000000 0.999996768 0.000003232
KQ:/cc/: 0.000051840 0.999948160 0.000000000
KQ:/cc/cr: 0.000027707 0.454161216 0.545811078
KQ:/cc/rr: 0.000000000 0.804121495 0.195878505
KQ:/crc/: 0.831003330 0.168996670 0.000000000
KQ:/crc/cr: 0.000258766 0.570823258 0.428917976
KQ:/crc/rr: 0.000000000 0.000040100 0.999959900
KQ:/crrc/: 0.003879281 0.996120719 0.000000000
KQ:/crrc/cr: 0.000142044 0.743262982 0.256594974
KQ:/crrc/rr: 0.000000000 0.008033562 0.991966438
KQ:/rc/: 0.000006633 0.999993367 0.000000000
KQ:/rc/cr: 0.000002211 0.474945281 0.525052508
KQ:/rc/rr: 0.000000000 0.500000000 0.500000000
KQ:/rrc/: 0.692776143 0.307223857 0.000000000
KQ:/rrc/cr: 0.041745450 0.839792123 0.118462427
KQ:/rrc/rr: 0.000000000 0.389536090 0.610463910
Q:/: 0.757318063 0.242681937 0.000000000
Q:/cr: 0.167276975 0.832464206 0.000258819
Q:/rr: 0.000000000 0.999993398 0.000006602
QJ:/cc/: 0.000020603 0.999979397 0.000000000
QJ:/cc/cr: 0.000006868 0.000006868 0.999986264
QJ:/cc/rr: 0.000000000 0.500000000 0.500000000
QJ:/crc/: 0.032477114 0.967522886 0.000000000
QJ:/crc/cr: 0.000353128 0.000002842 0.999644030
QJ:/crc/rr: 0.000000000 0.000127010 0.999872990
QJ:/crrc/: 0.069336734 0.930663266 0.000000000
QJ:/crrc/cr: 0.000083127 0.000014705 0.999902168
QJ:/crrc/rr: 0.000000000 0.000296061 0.999703939
QJ:/rc/: 0.012393743 0.987606257 0.000000000
QJ:/rc/cr: 0.000002228 0.000002228 0.999995543
QJ:/rc/rr: 0.000000000 0.000266354 0.999733646
QJ:/rrc/: 0.000003301 0.999996699 0.000000000
QJ:/rrc/cr: 0.000001100 0.000001100 0.999997799
QJ:/rrc/rr: 0.000000000 0.500000000 0.500000000
QK:/cc/: 0.322925789 0.677074211 0.000000000
QK:/cc/cr: 0.000213983 0.999775873 0.000010143
QK:/cc/rr: 0.000000000 0.009924248 0.990075752
QK:/crc/: 0.000008250 0.999991750 0.000000000
QK:/crc/cr: 0.000002792 0.556512724 0.443484484
QK:/crc/rr: 0.000000000 0.500000000 0.500000000
QK:/crrc/: 0.989133304 0.010866696 0.000000000
QK:/crrc/cr: 0.001337920 0.638104823 0.360557257
QK:/crrc/rr: 0.000000000 0.000519321 0.999480679
QK:/rc/: 0.431134204 0.568865796 0.000000000
QK:/rc/cr: 0.000245419 0.530999101 0.468755480
QK:/rc/rr: 0.000000000 0.202389336 0.797610664
QK:/rrc/: 0.118898820 0.881101180 0.000000000
QK:/rrc/cr: 0.000002456 0.297230485 0.702767059
QK:/rrc/rr: 0.000000000 0.000211951 0.999788049
QQ:/cc/: 0.518941475 0.481058525 0.000000000
QQ:/cc/cr: 0.991211927 0.008773797 0.000014276
QQ:/cc/rr: 0.000000000 0.999980149 0.000019851
QQ:/crc/: 0.985548910 0.014451090 0.000000000
QQ:/crc/cr: 0.999619413 0.000190293 0.000190293
QQ:/crc/rr: 0.000000000 0.999995815 0.000004185
QQ:/crrc/: 0.143153510 0.856846490 0.000000000
QQ:/crrc/cr: 0.999968057 0.000015972 0.000015972
QQ:/crrc/rr: 0.000000000 0.999856602 0.000143398
QQ:/rc/: 0.478112181 0.521887819 0.000000000
QQ:/rc/cr: 0.999991566 0.000004217 0.000004217
QQ:/rc/rr: 0.000000000 0.999993096 0.000006904
QQ:/rrc/: 0.978758704 0.021241296 0.000000000
QQ:/rrc/cr: 0.999896392 0.000051804 0.000051804
QQ:/rrc/rr: 0.000000000 0.999998314 0.000001686
