J:/c: 0.303893113 0.696106887 0.000000000
J:/crr: 0.000000000 0.999983547 0.000016453
J:/r: 0.055293999 0.124068448 0.820637553
JJ:/cc/c: 0.999992817 0.000007183 0.000000000
JJ:/cc/crr: 0.000000000 0.999996409 0.000003591
JJ:/cc/r: 0.999990423 0.000004789 0.000004789
JJ:/crc/c: 0.999983547 0.000016453 0.000000000
JJ:/crc/crr: 0.000000000 0.999991773 0.000008227
JJ:/crc/r: 0.999717504 0.000271527 0.000010969
JJ:/crrc/c: 0.999991773 0.000008227 0.000000000
JJ:/crrc/crr: 0.000000000 0.999995887 0.000004113
JJ:/crrc/r: 0.999968824 0.000025692 0.000005484
JJ:/rc/c: 0.999973133 0.000026867 0.000000000
JJ:/rc/crr: 0.000000000 0.999986566 0.000013434
JJ:/rc/r: 0.999956368 0.000025721 0.000017911
JJ:/rrc/c: 0.999939716 0.000060284 0.000000000
JJ:/rrc/crr: 0.000000000 0.999969856 0.000030144
JJ:/rrc/r: 0.999835613 0.000124198 0.000040189
JK:/cc/c: 0.000007183 0.999992817 0.000000000
JK:/cc/crr: 0.000000000 0.500000000 0.500000000
JK:/cc/r: 0.000004789 0.000004789 0.999990423
JK:/crc/c: 0.517813489 0.482186511 0.000000000
JK:/crc/crr: 0.000000000 0.000015887 0.999984113
JK:/crc/r: 0.014329799 0.000010969 0.985659233
JK:/crrc/c: 0.513324190 0.486675810 0.000000000
JK:/crrc/crr: 0.000000000 0.000008013 0.999991987
JK:/crrc/r: 0.214228448 0.000005484 0.785766068
JK:/rc/c: 0.376809319 0.623190681 0.000000000
JK:/rc/crr: 0.000000000 0.000035651 0.999964349
JK:/rc/r: 0.365830277 0.000017911 0.634151812
JK:/rrc/c: 0.999939716 0.000060284 0.000000000
JK:/rrc/crr: 0.000000000 0.000030144 0.999969856
JK:/rrc/r: 0.322021641 0.000040189 0.677938170
JQ:/cc/c: 0.071347144 0.928652856 0.000000000
JQ:/cc/crr: 0.000000000 0.000050337 0.999949663
JQ:/cc/r: 0.035023478 0.000004789 0.964971733
JQ:/crc/c: 0.399504461 0.600495539 0.000000000
JQ:/crc/crr: 0.000000000 0.000020592 0.999979408
JQ:/crc/r: 0.001160263 0.000010969 0.998828768
JQ:/crrc/c: 0.033320353 0.966679647 0.000000000
JQ:/crrc/crr: 0.000000000 0.000123449 0.999876551
JQ:/crrc/r: 0.166341818 0.000005484 0.833652697
JQ:/rc/c: 0.998287538 0.001712462 0.000000000
JQ:/rc/crr: 0.000000000 0.000013456 0.999986544
JQ:/rc/r: 0.000017911 0.000017911 0.999964177
JQ:/rrc/c: 0.000060284 0.999939716 0.000000000
JQ:/rrc/crr: 0.000000000 0.500000000 0.500000000
JQ:/rrc/r: 0.485299991 0.000040189 0.514659820
K:/c: 0.999990000 0.000010000 0.000000000
K:/crr: 0.000000000 0.999995000 0.000005000
K:/r: 0.590583387 0.409409946 0.000006667
KJ:/cc/c: 0.500000000 0.500000000 0.000000000
KJ:/cc/crr: 0.000000000 0.500000000 0.500000000
KJ:/cc/r: 0.333333333 0.333333333 0.333333333
KJ:/crc/c: 0.072562628 0.927437372 0.000000000
KJ:/crc/crr: 0.000000000 0.999965547 0.000034453
KJ:/crc/r: 0.000022322 0.730592353 0.269385326
KJ:/crrc/c: 0.288877332 0.711122668 0.000000000
KJ:/crrc/crr: 0.000000000 0.601146018 0.398853982
KJ:/crrc/r: 0.061273367 0.772755263 0.165971371
KJ:/rc/c: 0.435929059 0.564070941 0.000000000
KJ:/rc/crr: 0.000000000 0.995010172 0.004989828
KJ:/rc/r: 0.071831075 0.733118881 0.195050044
KJ:/rrc/c: 0.170713573 0.829286427 0.000000000
KJ:/rrc/crr: 0.000000000 0.999983469 0.000016531
KJ:/rrc/r: 0.042764228 0.890914919 0.066320853
KK:/cc/c: 0.500000000 0.500000000 0.000000000
KK:/cc/crr: 0.000000000 0.500000000 0.500000000
KK:/cc/r: 0.333333333 0.333333333 0.333333333
KK:/crc/c: 0.999995000 0.000005000 0.000000000
KK:/crc/crr: 0.000000000 0.999997500 0.000002500
KK:/crc/r: 0.977496740 0.022499927 0.000003333
KK:/crrc/c: 0.999997500 0.000002500 0.000000000
KK:/crrc/crr: 0.000000000 0.999998750 0.000001250
KK:/crrc/r: 0.999921585 0.000076748 0.000001667
KK:/rc/c: 0.999991858 0.000008142 0.000000000
KK:/rc/crr: 0.000000000 0.999995929 0.000004071
KK:/rc/r: 0.999971186 0.000023386 0.000005428
KK:/rrc/c: 0.999994356 0.000005644 0.000000000
KK:/rrc/crr: 0.000000000 0.999997178 0.000002822
KK:/rrc/r: 0.997252450 0.002743788 0.000003763
KQ:/cc/c: 0.500000000 0.500000000 0.000000000
KQ:/cc/crr: 0.000000000 0.500000000 0.500000000
KQ:/cc/r: 0.333333333 0.333333333 0.333333333
KQ:/crc/c: 0.155682629 0.844317371 0.000000000
KQ:/crc/crr: 0.000000000 0.000680292 0.999319708
KQ:/crc/r: 0.000016669 0.431483433 0.568499898
KQ:/crrc/c: 0.623019142 0.376980858 0.000000000
KQ:/crrc/crr: 0.000000000 0.417387596 0.582612404
KQ:/crrc/r: 0.000018932 0.777409250 0.222571818
KQ:/rc/c: 0.000008142 0.999991858 0.000000000
KQ:/rc/crr: 0.000000000 0.500000000 0.500000000
KQ:/rc/r: 0.000010304 0.313707413 0.686282283
KQ:/rrc/c: 0.526020566 0.473979434 0.000000000
KQ:/rrc/crr: 0.000000000 0.470927972 0.529072028
KQ:/rrc/r: 0.058062852 0.575067528 0.366869620
Q:/c: 0.849274425 0.150725575 0.000000000
Q:/crr: 0.000000000 0.999994113 0.000005887
Q:/r: 0.379871874 0.620118749 0.000009377
QJ:/cc/c: 0.000033173 0.999966827 0.000000000
QJ:/cc/crr: 0.000000000 0.500000000 0.500000000
QJ:/cc/r: 0.000022115 0.000022115 0.999955770
QJ:/crc/c: 0.399346727 0.600653273 0.000000000
QJ:/crc/crr: 0.000000000 0.000068624 0.999931376
QJ:/crc/r: 0.000003925 0.000003925 0.999992150
QJ:/crrc/c: 0.000002944 0.999997056 0.000000000
QJ:/crrc/crr: 0.000000000 0.500000000 0.500000000
QJ:/crrc/r: 0.003003585 0.000001962 0.996994453
QJ:/rc/c: 0.000005375 0.999994625 0.000000000
QJ:/rc/crr: 0.000000000 0.500000000 0.500000000
QJ:/rc/r: 0.001364079 0.000003584 0.998632337
QJ:/rrc/c: 0.000008775 0.999991225 0.000000000
QJ:/rrc/crr: 0.000000000 0.500000000 0.500000000
QJ:/rrc/r: 0.000079996 0.000005850 0.999914154
QK:/cc/c: 0.000199968 0.999800032 0.000000000
QK:/cc/crr: 0.000000000 0.917054682 0.082945318
QK:/cc/r: 0.000045279 0.767491214 0.232463507
QK:/crc/c: 0.338190826 0.661809174 0.000000000
QK:/crc/crr: 0.000000000 0.000345547 0.999654453
QK:/crc/r: 0.000023776 0.466864998 0.533111226
QK:/crrc/c: 0.037005078 0.962994922 0.000000000
QK:/crrc/crr: 0.000000000 0.003990828 0.996009172
QK:/crrc/r: 0.000021091 0.280742855 0.719236054
QK:/rc/c: 0.366585625 0.633414375 0.000000000
QK:/rc/crr: 0.000000000 0.001665557 0.998334443
QK:/rc/r: 0.000005752 0.306986258 0.693007990
QK:/rrc/c: 0.432313691 0.567686309 0.000000000
QK:/rrc/crr: 0.000000000 0.031431516 0.968568484
QK:/rrc/r: 0.000061808 0.501440226 0.498497967
QQ:/cc/c: 0.999966827 0.000033173 0.000000000
QQ:/cc/crr: 0.000000000 0.999983413 0.000016587
QQ:/cc/r: 0.999358954 0.000618930 0.000022115
QQ:/crc/c: 0.999994113 0.000005887 0.000000000
QQ:/crc/crr: 0.000000000 0.999997056 0.000002944
QQ:/crc/r: 0.999945163 0.000050912 0.000003925
QQ:/crrc/c: 0.999997056 0.000002944 0.000000000
QQ:/crrc/crr: 0.000000000 0.999998528 0.000001472
QQ:/crrc/r: 0.998923567 0.001074470 0.000001962
QQ:/rc/c: 0.999994625 0.000005375 0.000000000
QQ:/rc/crr: 0.000000000 0.999997312 0.000002688
QQ:/rc/r: 0.999992101 0.000004315 0.000003584
QQ:/rrc/c: 0.999991225 0.000008775 0.000000000
QQ:/rrc/crr: 0.000000000 0.999995613 0.000004387
QQ:/rrc/r: 0.999956281 0.000037869 0.000005850
