J:/: 0.075278359 0.924721641 0.000000000
J:/cr: 0.018909391 0.033882324 0.947208285
J:/rr: 0.000000000 0.999933580 0.000066420
JJ:/cc/: 0.000302476 0.999697524 0.000000000
JJ:/cc/cr: 0.999996394 0.000001803 0.000001803
JJ:/cc/rr: 0.000000000 0.991062044 0.008937956
JJ:/crc/: 0.924632268 0.075367732 0.000000000
JJ:/crc/cr: 0.999529469 0.000235265 0.000235265
JJ:/crc/rr: 0.000000000 0.999971235 0.000028765
JJ:/crrc/: 0.975900566 0.024099434 0.000000000
JJ:/crrc/cr: 0.997363292 0.001318354 0.001318354
JJ:/crrc/rr: 0.000000000 0.999951166 0.000048834
JJ:/rc/: 0.881579285 0.118420715 0.000000000
JJ:/rc/cr: 0.999626078 0.000186961 0.000186961
JJ:/rc/rr: 0.000000000 0.999962329 0.000037671
JJ:/rrc/: 0.973073151 0.026926849 0.000000000
JJ:/rrc/cr: 0.999177716 0.000411142 0.000411142
JJ:/rrc/rr: 0.000000000 0.999982934 0.000017066
JK:/cc/: 0.079160353 0.920839647 0.000000000
JK:/cc/cr: 0.000147350 0.000001957 0.999850693
JK:/cc/rr: 0.000000000 0.000034152 0.999965848
JK:/crc/: 0.040081210 0.959918790 0.000000000
JK:/crc/cr: 0.025550964 0.000018472 0.974430565
JK:/crc/rr: 0.000000000 0.000663581 0.999336419
JK:/crrc/: 0.999827927 0.000172073 0.000000000
JK:/crrc/cr: 0.184639818 0.184639818 0.630720364
JK:/crrc/rr: 0.000000000 0.000047666 0.999952334
JK:/rc/: 0.995447845 0.004552155 0.000000000
JK:/rc/cr: 0.750157138 0.004863641 0.244979221
JK:/rc/rr: 0.000000000 0.000033362 0.999966638
JK:/rrc/: 0.524754385 0.475245615 0.000000000
JK:/rrc/cr: 0.901284348 0.000023295 0.098692357
JK:/rrc/rr: 0.000000000 0.000031646 0.999968354
JQ:/cc/: 0.161872748 0.838127252 0.000000000
JQ:/cc/cr: 0.000007705 0.000002150 0.999990144
JQ:/cc/rr: 0.000000000 0.000016701 0.999983299
JQ:/crc/: 0.965282384 0.034717616 0.000000000
JQ:/crc/cr: 0.713909781 0.000510732 0.285579486
JQ:/crc/rr: 0.000000000 0.000027554 0.999972446
JQ:/crrc/: 0.026315582 0.973684418 0.000000000
JQ:/crrc/cr: 0.125321990 0.000032630 0.874645379
JQ:/crrc/rr: 0.000000000 0.001810995 0.998189005
JQ:/rc/: 0.991843254 0.008156746 0.000000000
JQ:/rc/cr: 0.002714324 0.002714324 0.994571352
JQ:/rc/rr: 0.000000000 0.000033483 0.999966517
JQ:/rrc/: 0.143776096 0.856223904 0.000000000
JQ:/rrc/cr: 0.001281756 0.000012930 0.998705315
JQ:/rrc/rr: 0.000000000 0.000115500 0.999884500
K:/: 0.752847357 0.247152643 0.000000000
K:/cr: 0.719977303 0.280009210 0.000013487
K:/rr: 0.000000000 0.999993359 0.000006641
KJ:/cc/: 0.000056615 0.999943385 0.000000000
KJ:/cc/cr: 0.000048938 0.000008681 0.999942382
KJ:/cc/rr: 0.000000000 0.821334168 0.178665832
KJ:/crc/: 0.000051741 0.999948259 0.000000000
KJ:/crc/cr: 0.000133961 0.999858011 0.000008028
KJ:/crc/rr: 0.000000000 0.767273058 0.232726942
KJ:/crrc/: 0.075577580 0.924422420 0.000000000
KJ:/crrc/cr: 0.013779719 0.980871382 0.005348899
KJ:/crrc/rr: 0.000000000 0.521436894 0.478563106
KJ:/rc/: 0.085043427 0.914956573 0.000000000
KJ:/rc/cr: 0.008806129 0.945050712 0.046143159
KJ:/rc/rr: 0.000000000 0.433337099 0.566662901
KJ:/rrc/: 0.090832495 0.909167505 0.000000000
KJ:/rrc/cr: 0.012690193 0.985592460 0.001717347
KJ:/rrc/rr: 0.000000000 0.566481458 0.433518542
KK:/cc/: 0.998289240 0.001710760 0.000000000
KK:/cc/cr: 0.992116403 0.003941798 0.003941798
KK:/cc/rr: 0.000000000 0.999989867 0.000010133
KK:/crc/: 0.132143079 0.867856921 0.000000000
KK:/crc/cr: 0.999981500 0.000009250 0.000009250
KK:/crc/rr: 0.000000000 0.999908875 0.000091125
KK:/crrc/: 0.984865614 0.015134386 0.000000000
KK:/crrc/cr: 0.999587420 0.000206290 0.000206290
KK:/crrc/rr: 0.000000000 0.999995245 0.000004755
KK:/rc/: 0.836861221 0.163138779 0.000000000
KK:/rc/cr: 0.999971080 0.000015349 0.000013570
KK:/rc/rr: 0.000000000 0.999996032 0.000003968
KK:/rrc/: 0.530314287 0.469685713 0.000000000
KK:/rrc/cr: 0.999995287 0.000002357 0.000002357
KK:/rrc/rr: 0.000000000 0.999996869 0.000003131
KQ:/cc/: 0.000376856 0.999623144 0.000000000
KQ:/cc/cr: 0.000052589 0.438274280 0.561673131
KQ:/cc/rr: 0.000000000 0.973158983 0.026841017
KQ:/crc/: 0.798150083 0.201849917 0.000000000
KQ:/crc/cr: 0.000293396 0.535446201 0.464260403
KQ:/crc/rr: 0.000000000 0.000029159 0.999970841
KQ:/crrc/: 0.026215574 0.973784426 0.000000000
KQ:/crrc/cr: 0.021452332 0.681748956 0.296798712
KQ:/crrc/rr: 0.000000000 0.309975587 0.690024413
KQ:/rc/: 0.000052926 0.999947074 0.000000000
KQ:/rc/cr: 0.000039820 0.484551088 0.515409092
KQ:/rc/rr: 0.000000000 0.937257210 0.062742790
KQ:/rrc/: 0.699208683 0.300791317 0.000000000
KQ:/rrc/cr: 0.029847783 0.843487868 0.126664349
KQ:/rrc/rr: 0.000000000 0.387755952 0.612244048
Q:/: 0.757888013 0.242111987 0.000000000
Q:/cr: 0.193595778 0.805552826 0.000851396
Q:/rr: 0.000000000 0.999993403 0.000006597
QJ:/cc/: 0.000020652 0.999979348 0.000000000
QJ:/cc/cr: 0.000022697 0.000006884 0.999970419
QJ:/cc/rr: 0.000000000 0.500000000 0.500000000
QJ:/crc/: 0.028570518 0.971429482 0.000000000
QJ:/crc/cr: 0.003160423 0.000002932 0.996836645
QJ:/crc/rr: 0.000000000 0.000149551 0.999850449
QJ:/crrc/: 0.008878145 0.991121855 0.000000000
QJ:/crrc/cr: 0.000144910 0.000011959 0.999843131
QJ:/crrc/rr: 0.000000000 0.002002555 0.997997445
QJ:/rc/: 0.004393178 0.995606822 0.000000000
QJ:/rc/cr: 0.000003675 0.000002209 0.999994116
QJ:/rc/rr: 0.000000000 0.000750855 0.999249145
QJ:/rrc/: 0.000003299 0.999996701 0.000000000
QJ:/rrc/cr: 0.000001203 0.000001100 0.999997698
QJ:/rrc/rr: 0.000000000 0.500000000 0.500000000
QK:/cc/: 0.512470041 0.487529959 0.000000000
QK:/cc/cr: 0.106457457 0.893513810 0.000028734
QK:/cc/rr: 0.000000000 0.999979851 0.000020149
QK:/crc/: 0.015066593 0.984933407 0.000000000
QK:/crc/cr: 0.000002892 0.555959354 0.444037754
QK:/crc/rr: 0.000000000 0.000283592 0.999716408
QK:/crrc/: 0.880400342 0.119599658 0.000000000
QK:/crrc/cr: 0.000163096 0.635959925 0.363876979
QK:/crrc/rr: 0.000000000 0.000532223 0.999467777
QK:/rc/: 0.446202952 0.553797048 0.000000000
QK:/rc/cr: 0.026385981 0.517891938 0.455722081
QK:/rc/rr: 0.000000000 0.200902845 0.799097155
QK:/rrc/: 0.122079646 0.877920354 0.000000000
QK:/rrc/cr: 0.000001252 0.305307118 0.694691630
QK:/rrc/rr: 0.000000000 0.000650332 0.999349668
QQ:/cc/: 0.484788413 0.515211587 0.000000000
QQ:/cc/cr: 0.999973278 0.000013361 0.000013361
QQ:/cc/rr: 0.000000000 0.999978700 0.000021300
QQ:/crc/: 0.979548740 0.020451260 0.000000000
QQ:/crc/cr: 0.999721435 0.000139283 0.000139283
QQ:/crc/rr: 0.000000000 0.999995638 0.000004362
QQ:/crrc/: 0.191743310 0.808256690 0.000000000
QQ:/crrc/cr: 0.999970671 0.000014664 0.000014664
QQ:/crrc/rr: 0.000000000 0.999907277 0.000092723
QQ:/rc/: 0.507533842 0.492466158 0.000000000
QQ:/rc/cr: 0.999991069 0.000004465 0.000004465
QQ:/rc/rr: 0.000000000 0.999993501 0.000006499
QQ:/rrc/: 0.973592399 0.026407601 0.000000000
QQ:/rrc/cr: 0.999916724 0.000041638 0.000041638
QQ:/rrc/rr: 0.000000000 0.999998306 0.000001694
