J:/: 0.070823436 0.929176564 0.000000000
J:/cr: 0.018747995 0.033420679 0.947831326
J:/rr: 0.000000000 0.999929402 0.000070598
JJ:/cc/: 0.000102737 0.999897263 0.000000000
JJ:/cc/cr: 0.999996412 0.000001794 0.000001794
JJ:/cc/rr: 0.000000000 0.973811179 0.026188821
JJ:/crc/: 0.972392065 0.027607935 0.000000000
JJ:/crc/cr: 0.998703985 0.000648008 0.000648008
JJ:/crc/rr: 0.000000000 0.999972403 0.000027597
JJ:/crrc/: 0.998820291 0.001179709 0.000000000
JJ:/crrc/cr: 0.945933344 0.027033328 0.027033328
JJ:/crrc/rr: 0.000000000 0.999952106 0.000047894
JJ:/rc/: 0.873300298 0.126699702 0.000000000
JJ:/rc/cr: 0.999628528 0.000185736 0.000185736
JJ:/rc/rr: 0.000000000 0.999959580 0.000040420
JJ:/rrc/: 0.999542257 0.000457743 0.000000000
JJ:/rrc/cr: 0.948586076 0.025706962 0.025706962
JJ:/rrc/rr: 0.000000000 0.999982341 0.000017659
JK:/cc/: 0.081903618 0.918096382 0.000000000
JK:/cc/cr: 0.000001954 0.000001954 0.999996093
JK:/cc/rr: 0.000000000 0.000032850 0.999967150
JK:/crc/: 0.045178326 0.954821674 0.000000000
JK:/crc/cr: 0.005795395 0.000018737 0.994185869
JK:/crc/rr: 0.000000000 0.000593984 0.999406016
JK:/crrc/: 0.999904326 0.000095674 0.000000000
JK:/crrc/cr: 0.333333333 0.333333333 0.333333333
JK:/crrc/rr: 0.000000000 0.000047842 0.999952158
JK:/rc/: 0.999929402 0.000070598 0.000000000
JK:/rc/cr: 0.333333333 0.333333333 0.333333333
JK:/rc/rr: 0.000000000 0.000035302 0.999964698
JK:/rrc/: 0.546362608 0.453637392 0.000000000
JK:/rrc/cr: 0.932426589 0.000025940 0.067547471
JK:/rrc/rr: 0.000000000 0.000032306 0.999967694
JQ:/cc/: 0.158662016 0.841337984 0.000000000
JQ:/cc/cr: 0.000002132 0.000002132 0.999995736
JQ:/cc/rr: 0.000000000 0.000016958 0.999983042
JQ:/crc/: 0.987571495 0.012428505 0.000000000
JQ:/crc/cr: 0.643807159 0.001439445 0.354753396
JQ:/crc/rr: 0.000000000 0.000027173 0.999972827
JQ:/crrc/: 0.017089210 0.982910790 0.000000000
JQ:/crrc/cr: 0.205893382 0.000032446 0.794074172
JQ:/crrc/rr: 0.000000000 0.002799263 0.997200737
JQ:/rc/: 0.998638989 0.001361011 0.000000000
JQ:/rc/cr: 0.017290605 0.017290605 0.965418789
JQ:/rc/rr: 0.000000000 0.000035347 0.999964653
JQ:/rrc/: 0.163528938 0.836471062 0.000000000
JQ:/rrc/cr: 0.000014068 0.000014068 0.999971865
JQ:/rrc/rr: 0.000000000 0.000107937 0.999892063
K:/: 0.746105755 0.253894245 0.000000000
K:/cr: 0.711468753 0.288518118 0.000013129
K:/rr: 0.000000000 0.999993299 0.000006701
KJ:/cc/: 0.000019693 0.999980307 0.000000000
KJ:/cc/cr: 0.000006565 0.000006565 0.999986871
KJ:/cc/rr: 0.000000000 0.500000000 0.500000000
KJ:/crc/: 0.000022752 0.999977248 0.000000000
KJ:/crc/cr: 0.000007584 0.999984832 0.000007584
KJ:/crc/rr: 0.000000000 0.500000000 0.500000000
KJ:/crrc/: 0.069591920 0.930408080 0.000000000
KJ:/crrc/cr: 0.000026086 0.999970609 0.000003306
KJ:/crrc/rr: 0.000000000 0.506945697 0.493054303
KJ:/rc/: 0.055748445 0.944251555 0.000000000
KJ:/rc/cr: 0.003898853 0.978874742 0.017226405
KJ:/rc/rr: 0.000000000 0.306879570 0.693120430
KJ:/rrc/: 0.088154026 0.911845974 0.000000000
KJ:/rrc/cr: 0.000007864 0.999990911 0.000001225
KJ:/rrc/rr: 0.000000000 0.735638139 0.264361861
KK:/cc/: 0.999907092 0.000092908 0.000000000
KK:/cc/cr: 0.858690767 0.070654617 0.070654617
KK:/cc/rr: 0.000000000 0.999990152 0.000009848
KK:/crc/: 0.064248440 0.935751560 0.000000000
KK:/crc/cr: 0.999983790 0.000008105 0.000008105
KK:/crc/rr: 0.000000000 0.999822936 0.000177064
KK:/crrc/: 0.999738577 0.000261423 0.000000000
KK:/crrc/cr: 0.976470897 0.011764551 0.011764551
KK:/crrc/rr: 0.000000000 0.999995386 0.000004614
KK:/rc/: 0.818977334 0.181022666 0.000000000
KK:/rc/cr: 0.999975320 0.000012340 0.000012340
KK:/rc/rr: 0.000000000 0.999995909 0.000004091
KK:/rrc/: 0.510739642 0.489260358 0.000000000
KK:/rrc/cr: 0.999995434 0.000002283 0.000002283
KK:/rrc/rr: 0.000000000 0.999996720 0.000003280
KQ:/cc/: 0.000019693 0.999980307 0.000000000
KQ:/cc/cr: 0.000006565 0.442338302 0.557655133
KQ:/cc/rr: 0.000000000 0.500000000 0.500000000
KQ:/crc/: 0.907388629 0.092611371 0.000000000
KQ:/crc/cr: 0.000081891 0.663348659 0.336569450
KQ:/crc/rr: 0.000000000 0.000012537 0.999987463
KQ:/crrc/: 0.003238225 0.996761775 0.000000000
KQ:/crrc/cr: 0.004105916 0.690954236 0.304939848
KQ:/crrc/rr: 0.000000000 0.063075965 0.936924035
KQ:/rc/: 0.000006701 0.999993299 0.000000000
KQ:/rc/cr: 0.000019035 0.479659901 0.520321064
KQ:/rc/rr: 0.000000000 0.500000000 0.500000000
KQ:/rrc/: 0.697264424 0.302735576 0.000000000
KQ:/rrc/cr: 0.021894973 0.848119937 0.129985089
KQ:/rrc/rr: 0.000000000 0.385944293 0.614055707
Q:/: 0.752517916 0.247482084 0.000000000
Q:/cr: 0.174361370 0.825488446 0.000150184
Q:/rr: 0.000000000 0.999993356 0.000006644
QJ:/cc/: 0.000020203 0.999979797 0.000000000
QJ:/cc/cr: 0.000006735 0.000006735 0.999986531
QJ:/cc/rr: 0.000000000 0.500000000 0.500000000
QJ:/crc/: 0.030535384 0.969464616 0.000000000
QJ:/crc/cr: 0.000582955 0.000002805 0.999414240
QJ:/crc/rr: 0.000000000 0.000133586 0.999866414
QJ:/crrc/: 0.006908437 0.993091563 0.000000000
QJ:/crrc/cr: 0.000012964 0.000012964 0.999974072
QJ:/crrc/rr: 0.000000000 0.002795406 0.997204594
QJ:/rc/: 0.008540872 0.991459128 0.000000000
QJ:/rc/cr: 0.000002234 0.000002234 0.999995532
QJ:/rc/rr: 0.000000000 0.000388974 0.999611026
QJ:/rrc/: 0.000003322 0.999996678 0.000000000
QJ:/rrc/cr: 0.000001107 0.000001107 0.999997785
QJ:/rrc/rr: 0.000000000 0.500000000 0.500000000
QK:/cc/: 0.517405938 0.482594062 0.000000000
QK:/cc/cr: 0.000086839 0.999897714 0.000015448
QK:/cc/rr: 0.000000000 0.999980476 0.000019524
QK:/crc/: 0.000010664 0.999989336 0.000000000
QK:/crc/cr: 0.000003403 0.544159999 0.455836598
QK:/crc/rr: 0.000000000 0.617477923 0.382522077
QK:/crrc/: 0.998831185 0.001168815 0.000000000
QK:/crrc/cr: 0.208143250 0.015328783 0.776527966
QK:/crrc/rr: 0.000000000 0.000267097 0.999732903
QK:/rc/: 0.448838822 0.551161178 0.000000000
QK:/rc/cr: 0.000008888 0.531516610 0.468474502
QK:/rc/rr: 0.000000000 0.211143891 0.788856109
QK:/rrc/: 0.117250156 0.882749844 0.000000000
QK:/rrc/cr: 0.000008275 0.305333365 0.694658360
QK:/rrc/rr: 0.000000000 0.000014167 0.999985833
QQ:/cc/: 0.528827587 0.471172413 0.000000000
QQ:/cc/cr: 0.999971414 0.000014293 0.000014293
QQ:/cc/rr: 0.000000000 0.999980898 0.000019102
QQ:/crc/: 0.994999553 0.005000447 0.000000000
QQ:/crc/cr: 0.998912338 0.000543831 0.000543831
QQ:/crc/rr: 0.000000000 0.999995900 0.000004100
QQ:/crrc/: 0.050988192 0.949011808 0.000000000
QQ:/crrc/cr: 0.999972634 0.000013799 0.000013566
QQ:/crrc/rr: 0.000000000 0.999621248 0.000378752
QQ:/rc/: 0.484890501 0.515109499 0.000000000
QQ:/rc/cr: 0.999989946 0.000005754 0.000004300
QQ:/rc/rr: 0.000000000 0.999993149 0.000006851
QQ:/rrc/: 0.969428596 0.030571404 0.000000000
QQ:/rrc/cr: 0.999927553 0.000036223 0.000036223
QQ:/rrc/rr: 0.000000000 0.999998287 0.000001713
