J:/: 0.072921521 0.927078479 0.000000000
J:/cr: 0.017407681 0.035375542 0.947216776
J:/rr: 0.000000000 0.999931433 0.000068567
JJ:/cc/: 0.000273977 0.999726023 0.000000000
JJ:/cc/cr: 0.999996403 0.000001798 0.000001798
JJ:/cc/rr: 0.000000000 0.990157393 0.009842607
JJ:/crc/: 0.978773934 0.021226066 0.000000000
JJ:/crc/cr: 0.998403870 0.000798065 0.000798065
JJ:/crc/rr: 0.000000000 0.999974039 0.000025961
JJ:/crrc/: 0.946945673 0.053054327 0.000000000
JJ:/crrc/cr: 0.998702285 0.000648857 0.000648857
JJ:/crrc/rr: 0.000000000 0.999945470 0.000054530
JJ:/rc/: 0.864163061 0.135836939 0.000000000
JJ:/rc/cr: 0.999663484 0.000168258 0.000168258
JJ:/rc/rr: 0.000000000 0.999960328 0.000039672
JJ:/rrc/: 0.994751334 0.005248666 0.000000000
JJ:/rrc/cr: 0.995645144 0.002177428 0.002177428
JJ:/rrc/rr: 0.000000000 0.999982767 0.000017233
JK:/cc/: 0.076586104 0.923413896 0.000000000
JK:/cc/cr: 0.000269964 0.000001947 0.999728089
JK:/cc/rr: 0.000000000 0.000035211 0.999964789
JK:/crc/: 0.055080119 0.944919881 0.000000000
JK:/crc/cr: 0.020691806 0.000017927 0.979290267
JK:/crc/rr: 0.000000000 0.000461322 0.999538678
JK:/crrc/: 0.999896726 0.000103274 0.000000000
JK:/crrc/cr: 0.333333333 0.333333333 0.333333333
JK:/crrc/rr: 0.000000000 0.000051642 0.999948358
JK:/rc/: 0.987359860 0.012640140 0.000000000
JK:/rc/cr: 0.993749687 0.001808178 0.004442135
JK:/rc/rr: 0.000000000 0.000034722 0.999965278
JK:/rrc/: 0.517123639 0.482876361 0.000000000
JK:/rrc/cr: 0.800601144 0.000023668 0.199375188
JK:/rrc/rr: 0.000000000 0.000033150 0.999966850
JQ:/cc/: 0.192115117 0.807884883 0.000000000
JQ:/cc/cr: 0.000003967 0.000002225 0.999993808
JQ:/cc/rr: 0.000000000 0.000014037 0.999985963
JQ:/crc/: 0.986354403 0.013645597 0.000000000
JQ:/crc/cr: 0.575402756 0.001241410 0.423355833
JQ:/crc/rr: 0.000000000 0.000025761 0.999974239
JQ:/crrc/: 0.022008116 0.977991884 0.000000000
JQ:/crrc/cr: 0.117349220 0.000035199 0.882615581
JQ:/crrc/rr: 0.000000000 0.002346273 0.997653727
JQ:/rc/: 0.996024135 0.003975865 0.000000000
JQ:/rc/cr: 0.005748591 0.005748591 0.988502819
JQ:/rc/rr: 0.000000000 0.000034420 0.999965580
JQ:/rrc/: 0.135050620 0.864949380 0.000000000
JQ:/rrc/cr: 0.001439066 0.000013213 0.998547721
JQ:/rrc/rr: 0.000000000 0.000126937 0.999873063
K:/: 0.751496523 0.248503477 0.000000000
K:/cr: 0.681340677 0.318645909 0.000013414
K:/rr: 0.000000000 0.999993347 0.000006653
KJ:/cc/: 0.000050721 0.999949279 0.000000000
KJ:/cc/cr: 0.000048622 0.000009896 0.999941481
KJ:/cc/rr: 0.000000000 0.801656264 0.198343736
KJ:/crc/: 0.000050260 0.999949740 0.000000000
KJ:/crc/cr: 0.000031495 0.999961488 0.000007016
KJ:/crc/rr: 0.000000000 0.790609569 0.209390431
KJ:/crrc/: 0.083443713 0.916556287 0.000000000
KJ:/crrc/cr: 0.000727438 0.990560687 0.008711875
KJ:/crrc/rr: 0.000000000 0.712716690 0.287283310
KJ:/rc/: 0.050935815 0.949064185 0.000000000
KJ:/rc/cr: 0.028377545 0.926502968 0.045119487
KJ:/rc/rr: 0.000000000 0.257411135 0.742588865
KJ:/rrc/: 0.078216954 0.921783046 0.000000000
KJ:/rrc/cr: 0.000659047 0.996786515 0.002554438
KJ:/rrc/rr: 0.000000000 0.540735589 0.459264411
KK:/cc/: 0.980760439 0.019239561 0.000000000
KK:/cc/cr: 0.999302810 0.000348595 0.000348595
KK:/cc/rr: 0.000000000 0.999989742 0.000010258
KK:/crc/: 0.111482671 0.888517329 0.000000000
KK:/crc/cr: 0.999984208 0.000007896 0.000007896
KK:/crc/rr: 0.000000000 0.999905600 0.000094400
KK:/crrc/: 0.988086840 0.011913160 0.000000000
KK:/crrc/cr: 0.999449150 0.000275425 0.000275425
KK:/crrc/rr: 0.000000000 0.999995019 0.000004981
KK:/rc/: 0.816556609 0.183443391 0.000000000
KK:/rc/cr: 0.999975820 0.000012090 0.000012090
KK:/rc/rr: 0.000000000 0.999995926 0.000004074
KK:/rrc/: 0.510019302 0.489980698 0.000000000
KK:/rrc/cr: 0.999995474 0.000002263 0.000002263
KK:/rrc/rr: 0.000000000 0.999996739 0.000003261
KQ:/cc/: 0.000203574 0.999796426 0.000000000
KQ:/cc/cr: 0.000044530 0.419704759 0.580250711
KQ:/cc/rr: 0.000000000 0.950582014 0.049417986
KQ:/crc/: 0.860996710 0.139003290 0.000000000
KQ:/crc/cr: 0.000320314 0.644307569 0.355372117
KQ:/crc/rr: 0.000000000 0.000031441 0.999968559
KQ:/crrc/: 0.015973336 0.984026664 0.000000000
KQ:/crrc/cr: 0.034530848 0.669880445 0.295588707
KQ:/crrc/rr: 0.000000000 0.252912697 0.747087303
KQ:/rc/: 0.000110109 0.999889891 0.000000000
KQ:/rc/cr: 0.000009352 0.479078454 0.520912194
KQ:/rc/rr: 0.000000000 0.564813895 0.435186105
KQ:/rrc/: 0.698670122 0.301329878 0.000000000
KQ:/rrc/cr: 0.030278034 0.830420044 0.139301921
KQ:/rrc/rr: 0.000000000 0.392525395 0.607474605
Q:/: 0.742110902 0.257889098 0.000000000
Q:/cr: 0.156421275 0.843055278 0.000523447
Q:/rr: 0.000000000 0.999993262 0.000006738
QJ:/cc/: 0.000019388 0.999980612 0.000000000
QJ:/cc/cr: 0.000006463 0.000006463 0.999987074
QJ:/cc/rr: 0.000000000 0.500000000 0.500000000
QJ:/crc/: 0.030829124 0.969170876 0.000000000
QJ:/crc/cr: 0.000803212 0.000002637 0.999194151
QJ:/crc/rr: 0.000000000 0.000124328 0.999875672
QJ:/crrc/: 0.007270854 0.992729146 0.000000000
QJ:/crrc/cr: 0.000182827 0.000013873 0.999803300
QJ:/crrc/rr: 0.000000000 0.002841218 0.997158782
QJ:/rc/: 0.008801330 0.991198670 0.000000000
QJ:/rc/cr: 0.000003902 0.000002266 0.999993832
QJ:/rc/rr: 0.000000000 0.000382757 0.999617243
QJ:/rrc/: 0.000003369 0.999996631 0.000000000
QJ:/rrc/cr: 0.000001123 0.000001123 0.999997754
QJ:/rrc/rr: 0.000000000 0.500000000 0.500000000
QK:/cc/: 0.586265692 0.413734308 0.000000000
QK:/cc/cr: 0.160134684 0.839824111 0.000041205
QK:/cc/rr: 0.000000000 0.999983465 0.000016535
QK:/crc/: 0.001805772 0.998194228 0.000000000
QK:/crc/cr: 0.000002560 0.555765709 0.444231731
QK:/crc/rr: 0.000000000 0.002122594 0.997877406
QK:/crrc/: 0.957757336 0.042242664 0.000000000
QK:/crrc/cr: 0.000784741 0.641877100 0.357338159
QK:/crrc/rr: 0.000000000 0.000596664 0.999403336
QK:/rc/: 0.448041108 0.551958892 0.000000000
QK:/rc/cr: 0.002160615 0.529506219 0.468333167
QK:/rc/rr: 0.000000000 0.208743647 0.791256353
QK:/rrc/: 0.129447627 0.870552373 0.000000000
QK:/rrc/cr: 0.000001290 0.300895536 0.699103174
QK:/rrc/rr: 0.000000000 0.000424649 0.999575351
QQ:/cc/: 0.520146560 0.479853440 0.000000000
QQ:/cc/cr: 0.999973064 0.000013468 0.000013468
QQ:/cc/rr: 0.000000000 0.999981363 0.000018637
QQ:/crc/: 0.987035955 0.012964045 0.000000000
QQ:/crc/cr: 0.999605790 0.000197105 0.000197105
QQ:/crc/rr: 0.000000000 0.999996117 0.000003883
QQ:/crrc/: 0.152272376 0.847727624 0.000000000
QQ:/crrc/cr: 0.999967508 0.000016246 0.000016246
QQ:/crrc/rr: 0.000000000 0.999864335 0.000135665
QQ:/rc/: 0.489610675 0.510389325 0.000000000
QQ:/rc/cr: 0.999989857 0.000005742 0.000004400
QQ:/rc/rr: 0.000000000 0.999993119 0.000006881
QQ:/rrc/: 0.976008673 0.023991327 0.000000000
QQ:/rrc/cr: 0.999906389 0.000046806 0.000046806
QQ:/rrc/rr: 0.000000000 0.999998274 0.000001726
