J:/: 0.074793022 0.925206978 0.000000000
J:/cr: 0.018564260 0.033396636 0.948039104
J:/rr: 0.000000000 0.999933149 0.000066851
JJ:/cc/: 0.000035252 0.999964748 0.000000000
JJ:/cc/cr: 0.999996397 0.000001801 0.000001801
JJ:/cc/rr: 0.000000000 0.923348807 0.076651193
JJ:/crc/: 0.942334440 0.057665560 0.000000000
JJ:/crc/cr: 0.999376410 0.000311795 0.000311795
JJ:/crc/rr: 0.000000000 0.999971380 0.000028620
JJ:/crrc/: 0.995015485 0.004984515 0.000000000
JJ:/crrc/cr: 0.987021693 0.006489154 0.006489154
JJ:/crrc/rr: 0.000000000 0.999951239 0.000048761
JJ:/rc/: 0.785033261 0.214966739 0.000000000
JJ:/rc/cr: 0.999792678 0.000103661 0.000103661
JJ:/rc/rr: 0.000000000 0.999957421 0.000042579
JJ:/rrc/: 0.999852095 0.000147905 0.000000000
JJ:/rrc/cr: 0.849327059 0.075336470 0.075336470
JJ:/rrc/rr: 0.000000000 0.999983284 0.000016716
JK:/cc/: 0.076109761 0.923890239 0.000000000
JK:/cc/cr: 0.000191344 0.000001950 0.999806706
JK:/cc/rr: 0.000000000 0.000035503 0.999964497
JK:/crc/: 0.050698569 0.949301431 0.000000000
JK:/crc/cr: 0.007816581 0.000018940 0.992164479
JK:/crc/rr: 0.000000000 0.000531963 0.999468037
JK:/crrc/: 0.999902964 0.000097036 0.000000000
JK:/crrc/cr: 0.333333333 0.333333333 0.333333333
JK:/crrc/rr: 0.000000000 0.000048523 0.999951477
JK:/rc/: 0.999933149 0.000066851 0.000000000
JK:/rc/cr: 0.333333333 0.333333333 0.333333333
JK:/rc/rr: 0.000000000 0.000033428 0.999966572
JK:/rrc/: 0.534614061 0.465385939 0.000000000
JK:/rrc/cr: 0.942269307 0.000023943 0.057706750
JK:/rrc/rr: 0.000000000 0.000031263 0.999968737
JQ:/cc/: 0.181317263 0.818682737 0.000000000
JQ:/cc/cr: 0.000002200 0.000002200 0.999995599
JQ:/cc/rr: 0.000000000 0.000014903 0.999985097
JQ:/crc/: 0.988050849 0.011949151 0.000000000
JQ:/crc/cr: 0.721959809 0.001504696 0.276535495
JQ:/crc/rr: 0.000000000 0.000027296 0.999972704
JQ:/crrc/: 0.080169854 0.919830146 0.000000000
JQ:/crrc/cr: 0.168455137 0.000035164 0.831509698
JQ:/crrc/rr: 0.000000000 0.000605189 0.999394811
JQ:/rc/: 0.999251845 0.000748155 0.000000000
JQ:/rc/cr: 0.029784879 0.029784879 0.940430243
JQ:/rc/rr: 0.000000000 0.000033451 0.999966549
JQ:/rrc/: 0.129157449 0.870842551 0.000000000
JQ:/rrc/cr: 0.004982394 0.000012795 0.995004811
JQ:/rrc/rr: 0.000000000 0.000129407 0.999870593
K:/: 0.754688968 0.245311032 0.000000000
K:/cr: 0.706413006 0.293573406 0.000013588
K:/rr: 0.000000000 0.999993375 0.000006625
KJ:/cc/: 0.000020382 0.999979618 0.000000000
KJ:/cc/cr: 0.000006794 0.000006794 0.999986412
KJ:/cc/rr: 0.000000000 0.500000000 0.500000000
KJ:/crc/: 0.000051397 0.999948603 0.000000000
KJ:/crc/cr: 0.000032760 0.999959525 0.000007715
KJ:/crc/rr: 0.000000000 0.774860859 0.225139141
KJ:/crrc/: 0.067658835 0.932341165 0.000000000
KJ:/crrc/cr: 0.000945518 0.998644732 0.000409750
KJ:/crrc/rr: 0.000000000 0.527521572 0.472478428
KJ:/rc/: 0.010599936 0.989400064 0.000000000
KJ:/rc/cr: 0.013611307 0.929805607 0.056583086
KJ:/rc/rr: 0.000000000 0.007924006 0.992075994
KJ:/rrc/: 0.085219214 0.914780786 0.000000000
KJ:/rrc/cr: 0.000028612 0.999955812 0.000015576
KJ:/rrc/rr: 0.000000000 0.492183071 0.507816929
KK:/cc/: 0.998331093 0.001668907 0.000000000
KK:/cc/cr: 0.991858029 0.004070986 0.004070986
KK:/cc/rr: 0.000000000 0.999989792 0.000010208
KK:/crc/: 0.115801542 0.884198458 0.000000000
KK:/crc/cr: 0.999982551 0.000008725 0.000008725
KK:/crc/rr: 0.000000000 0.999900076 0.000099924
KK:/crrc/: 0.999534460 0.000465540 0.000000000
KK:/crrc/cr: 0.986227112 0.006886444 0.006886444
KK:/crrc/rr: 0.000000000 0.999995189 0.000004811
KK:/rc/: 0.815698552 0.184301448 0.000000000
KK:/rc/cr: 0.999976035 0.000011983 0.000011983
KK:/rc/rr: 0.000000000 0.999995939 0.000004061
KK:/rrc/: 0.532539197 0.467460803 0.000000000
KK:/rrc/cr: 0.999995276 0.000002362 0.000002362
KK:/rrc/rr: 0.000000000 0.999996890 0.000003110
KQ:/cc/: 0.000054219 0.999945781 0.000000000
KQ:/cc/cr: 0.000035512 0.461980358 0.537984131
KQ:/cc/rr: 0.000000000 0.812036418 0.187963582
KQ:/crc/: 0.891477882 0.108522118 0.000000000
KQ:/crc/cr: 0.000442703 0.481502387 0.518054910
KQ:/crc/rr: 0.000000000 0.000034921 0.999965079
KQ:/crrc/: 0.012138965 0.987861035 0.000000000
KQ:/crrc/cr: 0.002728789 0.760827065 0.236444146
KQ:/crrc/rr: 0.000000000 0.003197335 0.996802665
KQ:/rc/: 0.000018049 0.999981951 0.000000000
KQ:/rc/cr: 0.000007549 0.465094145 0.534898306
KQ:/rc/rr: 0.000000000 0.816469948 0.183530052
KQ:/rrc/: 0.704795970 0.295204030 0.000000000
KQ:/rrc/cr: 0.035060132 0.823767524 0.141172345
KQ:/rrc/rr: 0.000000000 0.388675486 0.611324514
Q:/: 0.755429727 0.244570273 0.000000000
Q:/cr: 0.177376200 0.822200619 0.000423181
Q:/rr: 0.000000000 0.999993381 0.000006619
QJ:/cc/: 0.000020444 0.999979556 0.000000000
QJ:/cc/cr: 0.000006815 0.000006815 0.999986370
QJ:/cc/rr: 0.000000000 0.500000000 0.500000000
QJ:/crc/: 0.027818698 0.972181302 0.000000000
QJ:/crc/cr: 0.001844004 0.000002842 0.998153154
QJ:/crc/rr: 0.000000000 0.000148971 0.999851029
QJ:/crrc/: 0.009760598 0.990239402 0.000000000
QJ:/crrc/cr: 0.000012933 0.000012933 0.999974135
QJ:/crrc/rr: 0.000000000 0.001968082 0.998031918
QJ:/rc/: 0.015309775 0.984690225 0.000000000
QJ:/rc/cr: 0.000002241 0.000002241 0.999995519
QJ:/rc/rr: 0.000000000 0.000216161 0.999783839
QJ:/rrc/: 0.000003309 0.999996691 0.000000000
QJ:/rrc/cr: 0.000001103 0.000001103 0.999997794
QJ:/rrc/rr: 0.000000000 0.500000000 0.500000000
QK:/cc/: 0.546617070 0.453382930 0.000000000
QK:/cc/cr: 0.000089121 0.999855720 0.000055159
QK:/cc/rr: 0.000000000 0.032680535 0.967319465
QK:/crc/: 0.008630618 0.991369382 0.000000000
QK:/crc/cr: 0.000003762 0.559157051 0.440839186
QK:/crc/rr: 0.000000000 0.000625981 0.999374019
QK:/crrc/: 0.934875581 0.065124419 0.000000000
QK:/crrc/cr: 0.000265535 0.693076530 0.306657935
QK:/crrc/rr: 0.000000000 0.000538976 0.999461024
QK:/rc/: 0.429936108 0.570063892 0.000000000
QK:/rc/cr: 0.004385994 0.538414465 0.457199541
QK:/rc/rr: 0.000000000 0.201758342 0.798241658
QK:/rrc/: 0.125155809 0.874844191 0.000000000
QK:/rrc/cr: 0.000001261 0.299908821 0.700089919
QK:/rrc/rr: 0.000000000 0.000241145 0.999758855
QQ:/cc/: 0.519678427 0.480321573 0.000000000
QQ:/cc/cr: 0.999971625 0.000014188 0.000014188
QQ:/cc/rr: 0.000000000 0.999980330 0.000019670
QQ:/crc/: 0.984685779 0.015314221 0.000000000
QQ:/crc/cr: 0.999639188 0.000180406 0.000180406
QQ:/crc/rr: 0.000000000 0.999995791 0.000004209
QQ:/crrc/: 0.294675568 0.705324432 0.000000000
QQ:/crrc/cr: 0.999963686 0.000018157 0.000018157
QQ:/crrc/rr: 0.000000000 0.999934811 0.000065189
QQ:/rc/: 0.495119658 0.504880342 0.000000000
QQ:/rc/cr: 0.999990792 0.000004838 0.000004370
QQ:/rc/rr: 0.000000000 0.999993316 0.000006684
QQ:/rrc/: 0.972644523 0.027355477 0.000000000
QQ:/rrc/cr: 0.999919348 0.000040326 0.000040326
QQ:/rrc/rr: 0.000000000 0.999998299 0.000001701
