J:/: 0.071557099 0.928442901 0.000000000
J:/cr: 0.019001010 0.033971902 0.947027088
J:/rr: 0.000000000 0.999930126 0.000069874
JJ:/cc/: 0.000124771 0.999875229 0.000000000
JJ:/cc/cr: 0.999996409 0.000001795 0.000001795
JJ:/cc/rr: 0.000000000 0.978418939 0.021581061
JJ:/crc/: 0.997961965 0.002038035 0.000000000
JJ:/crc/cr: 0.982714947 0.008642526 0.008642526
JJ:/crc/rr: 0.000000000 0.999973525 0.000026475
JJ:/crrc/: 0.999798744 0.000201256 0.000000000
JJ:/crrc/cr: 0.687048178 0.156475911 0.156475911
JJ:/crrc/rr: 0.000000000 0.999952753 0.000047247
JJ:/rc/: 0.971628958 0.028371042 0.000000000
JJ:/rc/cr: 0.998358085 0.000820958 0.000820958
JJ:/rc/rr: 0.000000000 0.999964043 0.000035957
JJ:/rrc/: 0.999965060 0.000034940 0.000000000
JJ:/rrc/cr: 0.333333333 0.333333333 0.333333333
JJ:/rrc/rr: 0.000000000 0.999982530 0.000017470
JK:/cc/: 0.082411283 0.917588717 0.000000000
JK:/cc/cr: 0.000001956 0.000001956 0.999996087
JK:/cc/rr: 0.000000000 0.000032674 0.999967326
JK:/crc/: 0.052627902 0.947372098 0.000000000
JK:/crc/cr: 0.003815462 0.000018592 0.996165946
JK:/crc/rr: 0.000000000 0.000502028 0.999497972
JK:/crrc/: 0.999905525 0.000094475 0.000000000
JK:/crrc/cr: 0.333333333 0.333333333 0.333333333
JK:/crrc/rr: 0.000000000 0.000047242 0.999952758
JK:/rc/: 0.999930126 0.000069874 0.000000000
JK:/rc/cr: 0.333333333 0.333333333 0.333333333
JK:/rc/rr: 0.000000000 0.000034940 0.999965060
JK:/rrc/: 0.553255828 0.446744172 0.000000000
JK:/rrc/cr: 0.998769327 0.000026070 0.001204603
JK:/rrc/rr: 0.000000000 0.000031576 0.999968424
JQ:/cc/: 0.168795096 0.831204904 0.000000000
JQ:/cc/cr: 0.000002160 0.000002160 0.999995681
JQ:/cc/rr: 0.000000000 0.000015952 0.999984048
JQ:/crc/: 0.996197290 0.003802710 0.000000000
JQ:/crc/cr: 0.004631900 0.004631900 0.990736200
JQ:/crc/rr: 0.000000000 0.000026522 0.999973478
JQ:/crrc/: 0.013206184 0.986793816 0.000000000
JQ:/crrc/cr: 0.186178022 0.000031913 0.813790065
JQ:/crrc/rr: 0.000000000 0.003576922 0.996423078
JQ:/rc/: 0.999930126 0.000069874 0.000000000
JQ:/rc/cr: 0.333333333 0.333333333 0.333333333
JQ:/rc/rr: 0.000000000 0.000034940 0.999965060
JQ:/rrc/: 0.146057379 0.853942621 0.000000000
JQ:/rrc/cr: 0.000013639 0.000013639 0.999972723
JQ:/rrc/rr: 0.000000000 0.000119609 0.999880391
K:/: 0.752468586 0.247531414 0.000000000
K:/cr: 0.693840009 0.306146524 0.000013466
K:/rr: 0.000000000 0.999993355 0.000006645
KJ:/cc/: 0.000020199 0.999979801 0.000000000
KJ:/cc/cr: 0.000006733 0.000006733 0.999986533
KJ:/cc/rr: 0.000000000 0.500000000 0.500000000
KJ:/crc/: 0.000021993 0.999978007 0.000000000
KJ:/crc/cr: 0.000007331 0.999985338 0.000007331
KJ:/crc/rr: 0.000000000 0.500000000 0.500000000
KJ:/crrc/: 0.075487879 0.924512121 0.000000000
KJ:/crrc/cr: 0.000003499 0.999993002 0.000003499
KJ:/crrc/rr: 0.000000000 0.507262472 0.492737528
KJ:/rc/: 0.020941243 0.979058757 0.000000000
KJ:/rc/cr: 0.000671769 0.994239906 0.005088324
KJ:/rc/rr: 0.000000000 0.274976678 0.725023322
KJ:/rrc/: 0.076581903 0.923418097 0.000000000
KJ:/rrc/cr: 0.000001199 0.999997601 0.000001199
KJ:/rrc/rr: 0.000000000 0.460620799 0.539379201
KK:/cc/: 0.999667118 0.000332882 0.000000000
KK:/cc/cr: 0.959546269 0.020226866 0.020226866
KK:/cc/rr: 0.000000000 0.999989897 0.000010103
KK:/crc/: 0.080540821 0.919459179 0.000000000
KK:/crc/cr: 0.999984053 0.000007973 0.000007973
KK:/crc/rr: 0.000000000 0.999863465 0.000136535
KK:/crrc/: 0.999990296 0.000009704 0.000000000
KK:/crrc/cr: 0.333333333 0.333333333 0.333333333
KK:/crrc/rr: 0.000000000 0.999995148 0.000004852
KK:/rc/: 0.806323948 0.193676052 0.000000000
KK:/rc/cr: 0.999977127 0.000011436 0.000011436
KK:/rc/rr: 0.000000000 0.999995880 0.000004120
KK:/rrc/: 0.515012333 0.484987667 0.000000000
KK:/rrc/cr: 0.999995433 0.000002284 0.000002284
KK:/rrc/rr: 0.000000000 0.999996774 0.000003226
KQ:/cc/: 0.000020199 0.999979801 0.000000000
KQ:/cc/cr: 0.000006733 0.442695747 0.557297519
KQ:/cc/rr: 0.000000000 0.500000000 0.500000000
KQ:/crc/: 0.883436577 0.116563423 0.000000000
KQ:/crc/cr: 0.000062893 0.760638077 0.239299030
KQ:/crc/rr: 0.000000000 0.000012448 0.999987552
KQ:/crrc/: 0.002710946 0.997289054 0.000000000
KQ:/crrc/cr: 0.001033918 0.715310535 0.283655547
KQ:/crrc/rr: 0.000000000 0.020514972 0.979485028
KQ:/rc/: 0.000006645 0.999993355 0.000000000
KQ:/rc/cr: 0.000009417 0.484525854 0.515464730
KQ:/rc/rr: 0.000000000 0.500000000 0.500000000
KQ:/rrc/: 0.710455263 0.289544737 0.000000000
KQ:/rrc/cr: 0.022202485 0.902371188 0.075426327
KQ:/rrc/rr: 0.000000000 0.387156362 0.612843638
Q:/: 0.751986250 0.248013750 0.000000000
Q:/cr: 0.156301639 0.843680209 0.000018152
Q:/rr: 0.000000000 0.999993351 0.000006649
QJ:/cc/: 0.000020160 0.999979840 0.000000000
QJ:/cc/cr: 0.000006720 0.000006720 0.999986560
QJ:/cc/rr: 0.000000000 0.500000000 0.500000000
QJ:/crc/: 0.029671611 0.970328389 0.000000000
QJ:/crc/cr: 0.000067094 0.000002736 0.999930169
QJ:/crc/rr: 0.000000000 0.000134222 0.999865778
QJ:/crrc/: 0.012092332 0.987907668 0.000000000
QJ:/crrc/cr: 0.000014507 0.000014507 0.999970986
QJ:/crrc/rr: 0.000000000 0.001777745 0.998222255
QJ:/rc/: 0.015949426 0.984050574 0.000000000
QJ:/rc/cr: 0.000002252 0.000002252 0.999995495
QJ:/rc/rr: 0.000000000 0.000208442 0.999791558
QJ:/rrc/: 0.000003325 0.999996675 0.000000000
QJ:/rrc/cr: 0.000001108 0.000001108 0.999997784
QJ:/rrc/rr: 0.000000000 0.500000000 0.500000000
QK:/cc/: 0.098369266 0.901630734 0.000000000
QK:/cc/cr: 0.045649408 0.954342979 0.000007614
QK:/cc/rr: 0.000000000 0.999897528 0.000102472
QK:/crc/: 0.000008186 0.999991814 0.000000000
QK:/crc/cr: 0.000002867 0.551745025 0.448252107
QK:/crc/rr: 0.000000000 0.513496389 0.486503611
QK:/crrc/: 0.999953599 0.000046401 0.000000000
QK:/crrc/cr: 0.308860997 0.382278006 0.308860997
QK:/crrc/rr: 0.000000000 0.000541240 0.999458760
QK:/rc/: 0.429979975 0.570020025 0.000000000
QK:/rc/cr: 0.000783344 0.529391730 0.469824926
QK:/rc/rr: 0.000000000 0.191454362 0.808545638
QK:/rrc/: 0.118571320 0.881428680 0.000000000
QK:/rrc/cr: 0.000008047 0.299218149 0.700773804
QK:/rrc/rr: 0.000000000 0.000014019 0.999985981
QQ:/cc/: 0.469287269 0.530712731 0.000000000
QQ:/cc/cr: 0.999974675 0.000012662 0.000012662
QQ:/cc/rr: 0.000000000 0.999978520 0.000021480
QQ:/crc/: 0.993130744 0.006869256 0.000000000
QQ:/crc/cr: 0.999226974 0.000386513 0.000386513
QQ:/crc/rr: 0.000000000 0.999995990 0.000004010
QQ:/crrc/: 0.057243126 0.942756874 0.000000000
QQ:/crrc/cr: 0.999969597 0.000015202 0.000015202
QQ:/crrc/rr: 0.000000000 0.999624460 0.000375540
QQ:/rc/: 0.476002774 0.523997226 0.000000000
QQ:/rc/cr: 0.999990524 0.000005246 0.000004230
QQ:/rc/rr: 0.000000000 0.999993016 0.000006984
QQ:/rrc/: 0.986325614 0.013674386 0.000000000
QQ:/rrc/cr: 0.999837918 0.000081041 0.000081041
QQ:/rrc/rr: 0.000000000 0.999998315 0.000001685
