J:/c: 0.295271813 0.704728187 0.000000000
J:/crr: 0.000000000 0.999983066 0.000016934
J:/r: 0.055393953 0.128205347 0.816400700
JJ:/cc/c: 0.999992905 0.000007095 0.000000000
JJ:/cc/crr: 0.000000000 0.999996453 0.000003547
JJ:/cc/r: 0.999990540 0.000004730 0.000004730
JJ:/crc/c: 0.999983066 0.000016934 0.000000000
JJ:/crc/crr: 0.000000000 0.999991533 0.000008467
JJ:/crc/r: 0.999956167 0.000032544 0.000011289
JJ:/crrc/c: 0.999991533 0.000008467 0.000000000
JJ:/crrc/crr: 0.000000000 0.999995767 0.000004233
JJ:/crrc/r: 0.999974728 0.000019628 0.000005645
JJ:/rc/c: 0.999974000 0.000026000 0.000000000
JJ:/rc/crr: 0.000000000 0.999987000 0.000013000
JJ:/rc/r: 0.999959135 0.000023532 0.000017333
JJ:/rrc/c: 0.999939825 0.000060175 0.000000000
JJ:/rrc/crr: 0.000000000 0.999969911 0.000030089
JJ:/rrc/r: 0.999770590 0.000189293 0.000040117
JK:/cc/c: 0.007550778 0.992449222 0.000000000
JK:/cc/crr: 0.000000000 0.000469815 0.999530185
JK:/cc/r: 0.000004730 0.000004730 0.999990540
JK:/crc/c: 0.533834206 0.466165794 0.000000000
JK:/crc/crr: 0.000000000 0.000015860 0.999984140
JK:/crc/r: 0.051807081 0.000011289 0.948181630
JK:/crrc/c: 0.572901659 0.427098341 0.000000000
JK:/crrc/crr: 0.000000000 0.000007390 0.999992610
JK:/crrc/r: 0.172601386 0.000005645 0.827392970
JK:/rc/c: 0.385762755 0.614237245 0.000000000
JK:/rc/crr: 0.000000000 0.000033699 0.999966301
JK:/rc/r: 0.365063329 0.000017333 0.634919338
JK:/rrc/c: 0.999830807 0.000169193 0.000000000
JK:/rrc/crr: 0.000000000 0.000030093 0.999969907
JK:/rrc/r: 0.289131226 0.000040117 0.710828657
JQ:/cc/c: 0.068627830 0.931372170 0.000000000
JQ:/cc/crr: 0.000000000 0.000051691 0.999948309
JQ:/cc/r: 0.037246901 0.000004730 0.962748369
JQ:/crc/c: 0.615030078 0.384969922 0.000000000
JQ:/crc/crr: 0.000000000 0.000013766 0.999986234
JQ:/crc/r: 0.016315056 0.000011289 0.983673655
JQ:/crrc/c: 0.071687613 0.928312387 0.000000000
JQ:/crrc/crr: 0.000000000 0.000059054 0.999940946
JQ:/crrc/r: 0.249312571 0.000005645 0.750681784
JQ:/rc/c: 0.994645267 0.005354733 0.000000000
JQ:/rc/crr: 0.000000000 0.000013070 0.999986930
JQ:/rc/r: 0.000040836 0.000017333 0.999941831
JQ:/rrc/c: 0.023968269 0.976031731 0.000000000
JQ:/rrc/crr: 0.000000000 0.001255306 0.998744694
JQ:/rrc/r: 0.433356529 0.000040117 0.566603354
K:/c: 0.999969410 0.000030590 0.000000000
K:/crr: 0.000000000 0.999995000 0.000005000
K:/r: 0.574727321 0.425266012 0.000006667
KJ:/cc/c: 0.402402970 0.597597030 0.000000000
KJ:/cc/crr: 0.000000000 0.796902465 0.203097535
KJ:/cc/r: 0.534968627 0.227784717 0.237246656
KJ:/crc/c: 0.126942862 0.873057138 0.000000000
KJ:/crc/crr: 0.000000000 0.999980305 0.000019695
KJ:/crc/r: 0.000046716 0.723366701 0.276586583
KJ:/crrc/c: 0.303213277 0.696786723 0.000000000
KJ:/crrc/crr: 0.000000000 0.999995877 0.000004123
KJ:/crrc/r: 0.024812068 0.817001191 0.158186741
KJ:/rc/c: 0.434310935 0.565689065 0.000000000
KJ:/rc/crr: 0.000000000 0.939724740 0.060275260
KJ:/rc/r: 0.046531436 0.728592375 0.224876189
KJ:/rrc/c: 0.287719026 0.712280974 0.000000000
KJ:/rrc/crr: 0.000000000 0.999989921 0.000010079
KJ:/rrc/r: 0.040835048 0.901011170 0.058153783
KK:/cc/c: 0.836545898 0.163454102 0.000000000
KK:/cc/crr: 0.000000000 0.902304163 0.097695837
KK:/cc/r: 0.622781990 0.268248609 0.108969402
KK:/crc/c: 0.999995000 0.000005000 0.000000000
KK:/crc/crr: 0.000000000 0.999997500 0.000002500
KK:/crc/r: 0.999988920 0.000007746 0.000003333
KK:/crrc/c: 0.999997500 0.000002500 0.000000000
KK:/crrc/crr: 0.000000000 0.999998750 0.000001250
KK:/crrc/r: 0.999996667 0.000001667 0.000001667
KK:/rc/c: 0.999992162 0.000007838 0.000000000
KK:/rc/crr: 0.000000000 0.999996081 0.000003919
KK:/rc/r: 0.999979001 0.000015773 0.000005225
KK:/rrc/c: 0.999994200 0.000005800 0.000000000
KK:/rrc/crr: 0.000000000 0.999997100 0.000002900
KK:/rrc/r: 0.999797720 0.000198413 0.000003867
KQ:/cc/c: 0.827299980 0.172700020 0.000000000
KQ:/cc/crr: 0.000000000 0.901212313 0.098787687
KQ:/cc/r: 0.530983048 0.353186105 0.115830847
KQ:/crc/c: 0.024864040 0.975135960 0.000000000
KQ:/crc/crr: 0.000000000 0.076822274 0.923177726
KQ:/crc/r: 0.000026425 0.429617687 0.570355888
KQ:/crrc/c: 0.569567625 0.430432375 0.000000000
KQ:/crrc/crr: 0.000000000 0.387368229 0.612631771
KQ:/crrc/r: 0.001667886 0.654886378 0.343445736
KQ:/rc/c: 0.002880531 0.997119469 0.000000000
KQ:/rc/crr: 0.000000000 0.018823287 0.981176713
KQ:/rc/r: 0.000024392 0.298916481 0.701059127
KQ:/rrc/c: 0.515885494 0.484114506 0.000000000
KQ:/rrc/crr: 0.000000000 0.472548101 0.527451899
KQ:/rrc/r: 0.073107873 0.557586335 0.369305793
Q:/c: 0.850824287 0.149175713 0.000000000
Q:/crr: 0.000000000 0.999994123 0.000005877
Q:/r: 0.360171050 0.639802634 0.000026316
QJ:/cc/c: 0.000336355 0.999663645 0.000000000
QJ:/cc/crr: 0.000000000 0.049824691 0.950175309
QJ:/cc/r: 0.000027510 0.000022345 0.999950145
QJ:/crc/c: 0.401264851 0.598735149 0.000000000
QJ:/crc/crr: 0.000000000 0.000217220 0.999782780
QJ:/crc/r: 0.000204397 0.000003918 0.999791685
QJ:/crrc/c: 0.000073048 0.999926952 0.000000000
QJ:/crrc/crr: 0.000000000 0.020112517 0.979887483
QJ:/crrc/r: 0.031743531 0.000001959 0.968254510
QJ:/rc/c: 0.000040376 0.999959624 0.000000000
QJ:/rc/crr: 0.000000000 0.064518097 0.935481903
QJ:/rc/r: 0.016551677 0.000003473 0.983444850
QJ:/rrc/c: 0.000244152 0.999755848 0.000000000
QJ:/rrc/crr: 0.000000000 0.025587172 0.974412828
QJ:/rrc/r: 0.000077373 0.000006170 0.999916457
QK:/cc/c: 0.161571051 0.838428949 0.000000000
QK:/cc/crr: 0.000000000 0.999896276 0.000103724
QK:/cc/r: 0.000104327 0.743047986 0.256847687
QK:/crc/c: 0.319077339 0.680922661 0.000000000
QK:/crc/crr: 0.000000000 0.005838812 0.994161188
QK:/crc/r: 0.000247559 0.465600405 0.534152036
QK:/crrc/c: 0.017623009 0.982376991 0.000000000
QK:/crrc/crr: 0.000000000 0.018330598 0.981669402
QK:/crrc/r: 0.000100170 0.294764849 0.705134981
QK:/rc/c: 0.380251020 0.619748980 0.000000000
QK:/rc/crr: 0.000000000 0.005734335 0.994265665
QK:/rc/r: 0.000010720 0.316991447 0.682997834
QK:/rrc/c: 0.419102472 0.580897528 0.000000000
QK:/rrc/crr: 0.000000000 0.055686429 0.944313571
QK:/rrc/r: 0.000078901 0.508870022 0.491051077
QQ:/cc/c: 0.999966482 0.000033518 0.000000000
QQ:/cc/crr: 0.000000000 0.999983241 0.000016759
QQ:/cc/r: 0.999934897 0.000042758 0.000022345
QQ:/crc/c: 0.999994123 0.000005877 0.000000000
QQ:/crc/crr: 0.000000000 0.999997062 0.000002938
QQ:/crc/r: 0.999970597 0.000025485 0.000003918
QQ:/crrc/c: 0.999997062 0.000002938 0.000000000
QQ:/crrc/crr: 0.000000000 0.999998531 0.000001469
QQ:/crrc/r: 0.999996082 0.000001959 0.000001959
QQ:/rc/c: 0.999994790 0.000005210 0.000000000
QQ:/rc/crr: 0.000000000 0.999997395 0.000002605
QQ:/rc/r: 0.983876935 0.016119592 0.000003473
QQ:/rrc/c: 0.999990745 0.000009255 0.000000000
QQ:/rrc/crr: 0.000000000 0.999995373 0.000004627
QQ:/rrc/r: 0.999959710 0.000034120 0.000006170
