J:/: 0.076731426 0.923268574 0.000000000
J:/cr: 0.017881531 0.036673130 0.945445339
J:/rr: 0.000000000 0.999934838 0.000065162
JJ:/cc/: 0.000329848 0.999670152 0.000000000
JJ:/cc/cr: 0.999996388 0.000001806 0.000001806
JJ:/cc/rr: 0.000000000 0.991790842 0.008209158
JJ:/crc/: 0.960121058 0.039878942 0.000000000
JJ:/crc/cr: 0.999177118 0.000411441 0.000411441
JJ:/crc/rr: 0.000000000 0.999974366 0.000025634
JJ:/crrc/: 0.948241783 0.051758217 0.000000000
JJ:/crrc/cr: 0.998699694 0.000650153 0.000650153
JJ:/crrc/rr: 0.000000000 0.999946769 0.000053231
JJ:/rc/: 0.875000948 0.124999052 0.000000000
JJ:/rc/cr: 0.999652465 0.000173768 0.000173768
JJ:/rc/rr: 0.000000000 0.999962764 0.000037236
JJ:/rrc/: 0.992090248 0.007909752 0.000000000
JJ:/rrc/cr: 0.997253745 0.001373128 0.001373128
JJ:/rrc/rr: 0.000000000 0.999983578 0.000016422
JK:/cc/: 0.081049277 0.918950723 0.000000000
JK:/cc/cr: 0.000005565 0.000001964 0.999992471
JK:/cc/rr: 0.000000000 0.000033409 0.999966591
JK:/crc/: 0.053482664 0.946517336 0.000000000
JK:/crc/cr: 0.025846609 0.000017335 0.974136056
JK:/crc/rr: 0.000000000 0.000460182 0.999539818
JK:/crrc/: 0.999833321 0.000166679 0.000000000
JK:/crrc/cr: 0.445429748 0.201889526 0.352680727
JK:/crrc/rr: 0.000000000 0.000050485 0.999949515
JK:/rc/: 0.991747793 0.008252207 0.000000000
JK:/rc/cr: 0.921964006 0.002632118 0.075403875
JK:/rc/rr: 0.000000000 0.000032852 0.999967148
JK:/rrc/: 0.546638732 0.453361268 0.000000000
JK:/rrc/cr: 0.899908524 0.000023957 0.100067519
JK:/rrc/rr: 0.000000000 0.000029803 0.999970197
JQ:/cc/: 0.188077786 0.811922214 0.000000000
JQ:/cc/cr: 0.000006593 0.000002223 0.999991183
JQ:/cc/rr: 0.000000000 0.000014397 0.999985603
JQ:/crc/: 0.990146100 0.009853900 0.000000000
JQ:/crc/cr: 0.162117847 0.001665111 0.836217042
JQ:/crc/rr: 0.000000000 0.000024857 0.999975143
JQ:/crrc/: 0.035358854 0.964641146 0.000000000
JQ:/crrc/cr: 0.157781208 0.000034884 0.842183908
JQ:/crrc/rr: 0.000000000 0.001427538 0.998572462
JQ:/rc/: 0.994842731 0.005157269 0.000000000
JQ:/rc/cr: 0.004211683 0.004211683 0.991576634
JQ:/rc/rr: 0.000000000 0.000032750 0.999967250
JQ:/rrc/: 0.127223316 0.872776684 0.000000000
JQ:/rrc/cr: 0.000318665 0.000012444 0.999668891
JQ:/rrc/rr: 0.000000000 0.000128056 0.999871944
K:/: 0.755773314 0.244226686 0.000000000
K:/cr: 0.680503888 0.319482463 0.000013649
K:/rr: 0.000000000 0.999993384 0.000006616
KJ:/cc/: 0.000054411 0.999945589 0.000000000
KJ:/cc/cr: 0.000049741 0.000009393 0.999940866
KJ:/cc/rr: 0.000000000 0.811868828 0.188131172
KJ:/crc/: 0.000052825 0.999947175 0.000000000
KJ:/crc/cr: 0.000845491 0.999147388 0.000007120
KJ:/crc/rr: 0.000000000 0.797818829 0.202181171
KJ:/crrc/: 0.058021996 0.941978004 0.000000000
KJ:/crrc/cr: 0.001526307 0.977403165 0.021070528
KJ:/crrc/rr: 0.000000000 0.492814025 0.507185975
KJ:/rc/: 0.063377813 0.936622187 0.000000000
KJ:/rc/cr: 0.005291830 0.968867597 0.025840572
KJ:/rc/rr: 0.000000000 0.334227009 0.665772991
KJ:/rrc/: 0.093406968 0.906593032 0.000000000
KJ:/rrc/cr: 0.000388950 0.998703210 0.000907841
KJ:/rrc/rr: 0.000000000 0.546452690 0.453547310
KK:/cc/: 0.999642164 0.000357836 0.000000000
KK:/cc/cr: 0.961858114 0.019070943 0.019070943
KK:/cc/rr: 0.000000000 0.999989760 0.000010240
KK:/crc/: 0.114371933 0.885628067 0.000000000
KK:/crc/cr: 0.999983921 0.000008040 0.000008040
KK:/crc/rr: 0.000000000 0.999906619 0.000093381
KK:/crrc/: 0.987381632 0.012618368 0.000000000
KK:/crrc/cr: 0.999470177 0.000264911 0.000264911
KK:/crrc/rr: 0.000000000 0.999994922 0.000005078
KK:/rc/: 0.835952557 0.164047443 0.000000000
KK:/rc/cr: 0.999973115 0.000013443 0.000013443
KK:/rc/rr: 0.000000000 0.999996043 0.000003957
KK:/rrc/: 0.543853171 0.456146829 0.000000000
KK:/rrc/cr: 0.999995165 0.000002417 0.000002417
KK:/rrc/rr: 0.000000000 0.999996959 0.000003041
KQ:/cc/: 0.000214988 0.999785012 0.000000000
KQ:/cc/cr: 0.000047550 0.415291498 0.584660952
KQ:/cc/rr: 0.000000000 0.952386235 0.047613765
KQ:/crc/: 0.885257532 0.114742468 0.000000000
KQ:/crc/cr: 0.000406028 0.742290092 0.257303880
KQ:/crc/rr: 0.000000000 0.000027742 0.999972258
KQ:/crrc/: 0.010716771 0.989283229 0.000000000
KQ:/crrc/cr: 0.021941667 0.679968748 0.298089585
KQ:/crrc/rr: 0.000000000 0.120358199 0.879641801
KQ:/rc/: 0.000041430 0.999958570 0.000000000
KQ:/rc/cr: 0.000033315 0.491256958 0.508709726
KQ:/rc/rr: 0.000000000 0.920158113 0.079841887
KQ:/rrc/: 0.698490210 0.301509790 0.000000000
KQ:/rrc/cr: 0.031427049 0.891054533 0.077518417
KQ:/rrc/rr: 0.000000000 0.392796517 0.607203483
Q:/: 0.740542405 0.259457595 0.000000000
Q:/cr: 0.156880722 0.842447028 0.000672251
Q:/rr: 0.000000000 0.999993248 0.000006752
QJ:/cc/: 0.000019271 0.999980729 0.000000000
QJ:/cc/cr: 0.000014704 0.000006424 0.999978872
QJ:/cc/rr: 0.000000000 0.500000000 0.500000000
QJ:/crc/: 0.034471600 0.965528400 0.000000000
QJ:/crc/cr: 0.001144813 0.000002632 0.998852554
QJ:/crc/rr: 0.000000000 0.000110598 0.999889402
QJ:/crrc/: 0.020557071 0.979442929 0.000000000
QJ:/crrc/cr: 0.000165414 0.000013935 0.999820651
QJ:/crrc/rr: 0.000000000 0.000995913 0.999004087
QJ:/rc/: 0.008982412 0.991017588 0.000000000
QJ:/rc/cr: 0.000002271 0.000002271 0.999995458
QJ:/rc/rr: 0.000000000 0.000375835 0.999624165
QJ:/rrc/: 0.000003376 0.999996624 0.000000000
QJ:/rrc/cr: 0.000027031 0.000001125 0.999971844
QJ:/rrc/rr: 0.000000000 0.500000000 0.500000000
QK:/cc/: 0.541510972 0.458489028 0.000000000
QK:/cc/cr: 0.184930289 0.815046691 0.000023020
QK:/cc/rr: 0.000000000 0.999982206 0.000017794
QK:/crc/: 0.001898741 0.998101259 0.000000000
QK:/crc/cr: 0.000002547 0.553077795 0.446919658
QK:/crc/rr: 0.000000000 0.002007909 0.997992091
QK:/crrc/: 0.950344689 0.049655311 0.000000000
QK:/crrc/cr: 0.000445005 0.495213710 0.504341285
QK:/crrc/rr: 0.000000000 0.000565416 0.999434584
QK:/rc/: 0.453049579 0.546950421 0.000000000
QK:/rc/cr: 0.018709804 0.524144545 0.457145651
QK:/rc/rr: 0.000000000 0.202044049 0.797955951
QK:/rrc/: 0.124395146 0.875604854 0.000000000
QK:/rrc/cr: 0.000001285 0.296348873 0.703649842
QK:/rrc/rr: 0.000000000 0.000540568 0.999459432
QQ:/cc/: 0.500645859 0.499354141 0.000000000
QQ:/cc/cr: 0.999974272 0.000012864 0.000012864
QQ:/cc/rr: 0.000000000 0.999980754 0.000019246
QQ:/crc/: 0.991780752 0.008219248 0.000000000
QQ:/crc/cr: 0.999381533 0.000309233 0.000309233
QQ:/crc/rr: 0.000000000 0.999996156 0.000003844
QQ:/crrc/: 0.135915907 0.864084093 0.000000000
QQ:/crrc/cr: 0.999968409 0.000015796 0.000015796
QQ:/crrc/rr: 0.000000000 0.999849370 0.000150630
QQ:/rc/: 0.520013235 0.479986765 0.000000000
QQ:/rc/cr: 0.999990425 0.000004886 0.000004689
QQ:/rc/rr: 0.000000000 0.999993508 0.000006492
QQ:/rrc/: 0.985331900 0.014668100 0.000000000
QQ:/rrc/cr: 0.999846564 0.000076718 0.000076718
QQ:/rrc/rr: 0.000000000 0.999998287 0.000001713
