J:/c: 0.336695258 0.663304742 0.000000000
J:/crr: 0.000000000 0.999985150 0.000014850
J:/r: 0.054432654 0.140239480 0.805327866
JJ:/cc/c: 0.999992462 0.000007538 0.000000000
JJ:/cc/crr: 0.000000000 0.999996231 0.000003769
JJ:/cc/r: 0.999979174 0.000015800 0.000005025
JJ:/crc/c: 0.999985150 0.000014850 0.000000000
JJ:/crc/crr: 0.000000000 0.999992575 0.000007425
JJ:/crc/r: 0.999980200 0.000009900 0.000009900
JJ:/crrc/c: 0.999992575 0.000007425 0.000000000
JJ:/crrc/crr: 0.000000000 0.999996287 0.000003713
JJ:/crrc/r: 0.999990100 0.000004950 0.000004950
JJ:/rc/c: 0.999976231 0.000023769 0.000000000
JJ:/rc/crr: 0.000000000 0.999988115 0.000011885
JJ:/rc/r: 0.999968308 0.000015846 0.000015846
JJ:/rrc/c: 0.999938762 0.000061238 0.000000000
JJ:/rrc/crr: 0.000000000 0.999969379 0.000030621
JJ:/rrc/r: 0.999918350 0.000040825 0.000040825
JK:/cc/c: 0.000007538 0.999992462 0.000000000
JK:/cc/crr: 0.000000000 0.500000000 0.500000000
JK:/cc/r: 0.000005025 0.000005025 0.999989949
JK:/crc/c: 0.462761029 0.537238971 0.000000000
JK:/crc/crr: 0.000000000 0.000016045 0.999983955
JK:/crc/r: 0.013181399 0.000009900 0.986808701
JK:/crrc/c: 0.994215960 0.005784040 0.000000000
JK:/crrc/crr: 0.000000000 0.000003734 0.999996266
JK:/crrc/r: 0.148701556 0.000004950 0.851293494
JK:/rc/c: 0.389177672 0.610822328 0.000000000
JK:/rc/crr: 0.000000000 0.000030537 0.999969463
JK:/rc/r: 0.371324434 0.000015846 0.628659720
JK:/rrc/c: 0.999938762 0.000061238 0.000000000
JK:/rrc/crr: 0.000000000 0.000030621 0.999969379
JK:/rrc/r: 0.174653990 0.000040825 0.825305184
JQ:/cc/c: 0.092607075 0.907392925 0.000000000
JQ:/cc/crr: 0.000000000 0.000040699 0.999959301
JQ:/cc/r: 0.000005568 0.000005025 0.999989407
JQ:/crc/c: 0.576563081 0.423436919 0.000000000
JQ:/crc/crr: 0.000000000 0.000012878 0.999987122
JQ:/crc/r: 0.000264153 0.000009900 0.999725947
JQ:/crrc/c: 0.000007425 0.999992575 0.000000000
JQ:/crrc/crr: 0.000000000 0.500000000 0.500000000
JQ:/crrc/r: 0.000331059 0.000004950 0.999663991
JQ:/rc/c: 0.999976231 0.000023769 0.000000000
JQ:/rc/crr: 0.000000000 0.000011885 0.999988115
JQ:/rc/r: 0.000015846 0.000015846 0.999968308
JQ:/rrc/c: 0.000061238 0.999938762 0.000000000
JQ:/rrc/crr: 0.000000000 0.500000000 0.500000000
JQ:/rrc/r: 0.502064546 0.000040825 0.497894629
K:/c: 0.999990000 0.000010000 0.000000000
K:/crr: 0.000000000 0.999995000 0.000005000
K:/r: 0.541637721 0.458355612 0.000006667
KJ:/cc/c: 0.500000000 0.500000000 0.000000000
KJ:/cc/crr: 0.000000000 0.500000000 0.500000000
KJ:/cc/r: 0.333333333 0.333333333 0.333333333
KJ:/crc/c: 0.047473216 0.952526784 0.000000000
KJ:/crc/crr: 0.000000000 0.999947338 0.000052662
KJ:/crc/r: 0.000003333 0.704235799 0.295760867
KJ:/crrc/c: 0.302679256 0.697320744 0.000000000
KJ:/crrc/crr: 0.000000000 0.999995870 0.000004130
KJ:/crrc/r: 0.000069350 0.999910047 0.000020602
KJ:/rc/c: 0.461012907 0.538987093 0.000000000
KJ:/rc/crr: 0.000000000 0.825147149 0.174852851
KJ:/rc/r: 0.000009212 0.854273836 0.145716952
KJ:/rrc/c: 0.422756988 0.577243012 0.000000000
KJ:/rrc/crr: 0.000000000 0.999992721 0.000007279
KJ:/rrc/r: 0.000024447 0.999971450 0.000004103
KK:/cc/c: 0.500000000 0.500000000 0.000000000
KK:/cc/crr: 0.000000000 0.500000000 0.500000000
KK:/cc/r: 0.333333333 0.333333333 0.333333333
KK:/crc/c: 0.999995000 0.000005000 0.000000000
KK:/crc/crr: 0.000000000 0.999997500 0.000002500
KK:/crc/r: 0.989432483 0.010564184 0.000003333
KK:/crrc/c: 0.999997500 0.000002500 0.000000000
KK:/crrc/crr: 0.000000000 0.999998750 0.000001250
KK:/crrc/r: 0.997755078 0.002243255 0.000001667
KK:/rc/c: 0.999992728 0.000007272 0.000000000
KK:/rc/crr: 0.000000000 0.999996364 0.000003636
KK:/rc/r: 0.999968894 0.000026258 0.000004848
KK:/rrc/c: 0.999993846 0.000006154 0.000000000
KK:/rrc/crr: 0.000000000 0.999996923 0.000003077
KK:/rrc/r: 0.998299764 0.001696133 0.000004103
KQ:/cc/c: 0.500000000 0.500000000 0.000000000
KQ:/cc/crr: 0.000000000 0.500000000 0.500000000
KQ:/cc/r: 0.333333333 0.333333333 0.333333333
KQ:/crc/c: 0.000873385 0.999126615 0.000000000
KQ:/crc/crr: 0.000000000 0.074551122 0.925448878
KQ:/crc/r: 0.000004646 0.475718436 0.524276918
KQ:/crrc/c: 0.641887643 0.358112357 0.000000000
KQ:/crrc/crr: 0.000000000 0.565996900 0.434003100
KQ:/crrc/r: 0.000011525 0.809993134 0.189995342
KQ:/rc/c: 0.000007272 0.999992728 0.000000000
KQ:/rc/crr: 0.000000000 0.500000000 0.500000000
KQ:/rc/r: 0.000004848 0.322121936 0.677873216
KQ:/rrc/c: 0.452976253 0.547023747 0.000000000
KQ:/rrc/crr: 0.000000000 0.483664007 0.516335993
KQ:/rrc/r: 0.000059194 0.719710832 0.280229974
Q:/c: 0.805715539 0.194284461 0.000000000
Q:/crr: 0.000000000 0.999993794 0.000006206
Q:/r: 0.301368642 0.698595112 0.000036246
QJ:/cc/c: 0.000025735 0.999974265 0.000000000
QJ:/cc/crr: 0.000000000 0.500000000 0.500000000
QJ:/cc/r: 0.000017157 0.000017157 0.999965686
QJ:/crc/c: 0.410062500 0.589937500 0.000000000
QJ:/crc/crr: 0.000000000 0.000015456 0.999984544
QJ:/crc/r: 0.000004137 0.000004137 0.999991726
QJ:/crrc/c: 0.000003103 0.999996897 0.000000000
QJ:/crrc/crr: 0.000000000 0.500000000 0.500000000
QJ:/crrc/r: 0.000006199 0.000002069 0.999991733
QJ:/rc/c: 0.000004771 0.999995229 0.000000000
QJ:/rc/crr: 0.000000000 0.500000000 0.500000000
QJ:/rc/r: 0.000016601 0.000003181 0.999980218
QJ:/rrc/c: 0.000011061 0.999988939 0.000000000
QJ:/rrc/crr: 0.000000000 0.500000000 0.500000000
QJ:/rrc/r: 0.000007374 0.000007374 0.999985252
QK:/cc/c: 0.000736883 0.999263117 0.000000000
QK:/cc/crr: 0.000000000 0.982537632 0.017462368
QK:/cc/r: 0.000017157 0.642776456 0.357206387
QK:/crc/c: 0.365243651 0.634756349 0.000000000
QK:/crc/crr: 0.000000000 0.000008495 0.999991505
QK:/crc/r: 0.000015448 0.458348058 0.541636494
QK:/crrc/c: 0.000291658 0.999708342 0.000000000
QK:/crrc/crr: 0.000000000 0.005319327 0.994680673
QK:/crrc/r: 0.000013901 0.301945367 0.698040732
QK:/rc/c: 0.378671137 0.621328863 0.000000000
QK:/rc/crr: 0.000000000 0.000006300 0.999993700
QK:/rc/r: 0.000003181 0.309978100 0.690018719
QK:/rrc/c: 0.424209984 0.575790016 0.000000000
QK:/rrc/crr: 0.000000000 0.000164902 0.999835098
QK:/rrc/r: 0.000007374 0.524546139 0.475446487
QQ:/cc/c: 0.999974265 0.000025735 0.000000000
QQ:/cc/crr: 0.000000000 0.999987132 0.000012868
QQ:/cc/r: 0.999501787 0.000481056 0.000017157
QQ:/crc/c: 0.999993794 0.000006206 0.000000000
QQ:/crc/crr: 0.000000000 0.999996897 0.000003103
QQ:/crc/r: 0.999778311 0.000217552 0.000004137
QQ:/crrc/c: 0.999996897 0.000003103 0.000000000
QQ:/crrc/crr: 0.000000000 0.999998449 0.000001551
QQ:/crrc/r: 0.999975839 0.000022092 0.000002069
QQ:/rc/c: 0.999995229 0.000004771 0.000000000
QQ:/rc/crr: 0.000000000 0.999997614 0.000002386
QQ:/rc/r: 0.989685150 0.010311669 0.000003181
QQ:/rrc/c: 0.999988939 0.000011061 0.000000000
QQ:/rrc/crr: 0.000000000 0.999994470 0.000005530
QQ:/rrc/r: 0.999979441 0.000013185 0.000007374
