J:/c: 0.293328234 0.706671766 0.000000000
J:/crr: 0.000000000 0.999982954 0.000017046
J:/r: 0.055093478 0.131702858 0.813203664
JJ:/cc/c: 0.999992925 0.000007075 0.000000000
JJ:/cc/crr: 0.000000000 0.999996462 0.000003538
JJ:/cc/r: 0.999982648 0.000012635 0.000004717
JJ:/crc/c: 0.999982954 0.000017046 0.000000000
JJ:/crc/crr: 0.000000000 0.999991477 0.000008523
JJ:/crc/r: 0.999977272 0.000011364 0.000011364
JJ:/crrc/c: 0.999991477 0.000008523 0.000000000
JJ:/crrc/crr: 0.000000000 0.999995738 0.000004262
JJ:/crrc/r: 0.999988636 0.000005682 0.000005682
JJ:/rc/c: 0.999974691 0.000025309 0.000000000
JJ:/rc/crr: 0.000000000 0.999987345 0.000012655
JJ:/rc/r: 0.999961963 0.000021164 0.000016873
JJ:/rrc/c: 0.999939497 0.000060503 0.000000000
JJ:/rrc/crr: 0.000000000 0.999969747 0.000030253
JJ:/rrc/r: 0.999734097 0.000225568 0.000040335
JK:/cc/c: 0.007531371 0.992468629 0.000000000
JK:/cc/crr: 0.000000000 0.000469730 0.999530270
JK:/cc/r: 0.000010427 0.000004717 0.999984856
JK:/crc/c: 0.523874093 0.476125907 0.000000000
JK:/crc/crr: 0.000000000 0.000016269 0.999983731
JK:/crc/r: 0.065436729 0.000011364 0.934551907
JK:/crrc/c: 0.531056831 0.468943169 0.000000000
JK:/crrc/crr: 0.000000000 0.000008025 0.999991975
JK:/crrc/r: 0.193282627 0.000005682 0.806711691
JK:/rc/c: 0.379715758 0.620284242 0.000000000
JK:/rc/crr: 0.000000000 0.000033327 0.999966673
JK:/rc/r: 0.341224160 0.000016873 0.658758967
JK:/rrc/c: 0.999172665 0.000827335 0.000000000
JK:/rrc/crr: 0.000000000 0.000030277 0.999969723
JK:/rrc/r: 0.286696775 0.000041009 0.713262216
JQ:/cc/c: 0.074557104 0.925442896 0.000000000
JQ:/cc/crr: 0.000000000 0.000047450 0.999952550
JQ:/cc/r: 0.035292764 0.000004717 0.964702519
JQ:/crc/c: 0.572252953 0.427747047 0.000000000
JQ:/crc/crr: 0.000000000 0.000014894 0.999985106
JQ:/crc/r: 0.058910803 0.000011364 0.941077833
JQ:/crrc/c: 0.039534455 0.960465545 0.000000000
JQ:/crrc/crr: 0.000000000 0.000107792 0.999892208
JQ:/crrc/r: 0.334726719 0.000005682 0.665267599
JQ:/rc/c: 0.981220020 0.018779980 0.000000000
JQ:/rc/crr: 0.000000000 0.000012897 0.999987103
JQ:/rc/r: 0.000016873 0.000016873 0.999966254
JQ:/rrc/c: 0.005501361 0.994498639 0.000000000
JQ:/rrc/crr: 0.000000000 0.005498933 0.994501067
JQ:/rrc/r: 0.401988821 0.000040335 0.597970844
K:/c: 0.999969283 0.000030717 0.000000000
K:/crr: 0.000000000 0.999995000 0.000005000
K:/r: 0.572568356 0.427424978 0.000006667
KJ:/cc/c: 0.498198013 0.501801987 0.000000000
KJ:/cc/crr: 0.000000000 0.836633388 0.163366612
KJ:/cc/r: 0.549722361 0.220982818 0.229294821
KJ:/crc/c: 0.088995487 0.911004513 0.000000000
KJ:/crc/crr: 0.000000000 0.999971908 0.000028092
KJ:/crc/r: 0.000104711 0.728812889 0.271082400
KJ:/crrc/c: 0.353945109 0.646054891 0.000000000
KJ:/crrc/crr: 0.000000000 0.999996468 0.000003532
KJ:/crrc/r: 0.026887963 0.805486947 0.167625090
KJ:/rc/c: 0.437193046 0.562806954 0.000000000
KJ:/rc/crr: 0.000000000 0.677343927 0.322656073
KJ:/rc/r: 0.057766447 0.707299076 0.234934476
KJ:/rrc/c: 0.223992463 0.776007537 0.000000000
KJ:/rrc/crr: 0.000000000 0.996850815 0.003149185
KJ:/rrc/r: 0.049326795 0.883377327 0.067295878
KK:/cc/c: 0.837222157 0.162777843 0.000000000
KK:/cc/crr: 0.000000000 0.902786948 0.097213052
KK:/cc/r: 0.605205984 0.286275454 0.108518562
KK:/crc/c: 0.999995000 0.000005000 0.000000000
KK:/crc/crr: 0.000000000 0.999997500 0.000002500
KK:/crc/r: 0.967565448 0.032431219 0.000003333
KK:/crrc/c: 0.999997500 0.000002500 0.000000000
KK:/crrc/crr: 0.000000000 0.999998750 0.000001250
KK:/crrc/r: 0.999996667 0.000001667 0.000001667
KK:/rc/c: 0.999992201 0.000007799 0.000000000
KK:/rc/crr: 0.000000000 0.999996101 0.000003899
KK:/rc/r: 0.999980225 0.000014576 0.000005199
KK:/rrc/c: 0.999994178 0.000005822 0.000000000
KK:/rrc/crr: 0.000000000 0.999997089 0.000002911
KK:/rrc/r: 0.999977284 0.000018834 0.000003881
KQ:/cc/c: 0.837222157 0.162777843 0.000000000
KQ:/cc/crr: 0.000000000 0.902786948 0.097213052
KQ:/cc/r: 0.549837061 0.253546241 0.196616697
KQ:/crc/c: 0.222438440 0.777561560 0.000000000
KQ:/crc/crr: 0.000000000 0.213710455 0.786289545
KQ:/crc/r: 0.000088196 0.442572124 0.557339680
KQ:/crrc/c: 0.612358537 0.387641463 0.000000000
KQ:/crrc/crr: 0.000000000 0.392744705 0.607255295
KQ:/crrc/r: 0.005658029 0.646017314 0.348324656
KQ:/rc/c: 0.000068629 0.999931371 0.000000000
KQ:/rc/crr: 0.000000000 0.943182902 0.056817098
KQ:/rc/r: 0.000024662 0.303846799 0.696128539
KQ:/rrc/c: 0.500064504 0.499935496 0.000000000
KQ:/rrc/crr: 0.000000000 0.546432717 0.453567283
KQ:/rrc/r: 0.090099232 0.534601411 0.375299358
Q:/c: 0.844875287 0.155124713 0.000000000
Q:/crr: 0.000000000 0.999994082 0.000005918
Q:/r: 0.354297270 0.645580086 0.000122644
QJ:/cc/c: 0.000567479 0.999432521 0.000000000
QJ:/cc/crr: 0.000000000 0.028399402 0.971600598
QJ:/cc/r: 0.000047875 0.000021488 0.999930637
QJ:/crc/c: 0.419488006 0.580511994 0.000000000
QJ:/crc/crr: 0.000000000 0.011801253 0.988198747
QJ:/crc/r: 0.000184084 0.000003945 0.999811970
QJ:/crrc/c: 0.000134792 0.999865208 0.000000000
QJ:/crrc/crr: 0.000000000 0.010976331 0.989023669
QJ:/crrc/r: 0.025772119 0.000001973 0.974225909
QJ:/rc/c: 0.000209246 0.999790754 0.000000000
QJ:/rc/crr: 0.000000000 0.012337909 0.987662091
QJ:/rc/r: 0.011071086 0.000003442 0.988925472
QJ:/rrc/c: 0.000293892 0.999706108 0.000000000
QJ:/rrc/crr: 0.000000000 0.016006364 0.983993636
QJ:/rrc/r: 0.000091930 0.000010086 0.999897983
QK:/cc/c: 0.032693242 0.967306758 0.000000000
QK:/cc/crr: 0.000000000 0.999507052 0.000492948
QK:/cc/r: 0.000155905 0.742673511 0.257170584
QK:/crc/c: 0.382537467 0.617462533 0.000000000
QK:/crc/crr: 0.000000000 0.015914909 0.984085091
QK:/crc/r: 0.000353781 0.451734328 0.547911891
QK:/crrc/c: 0.063472162 0.936527838 0.000000000
QK:/crrc/crr: 0.000000000 0.004054175 0.995945825
QK:/crrc/r: 0.000070142 0.288739055 0.711190803
QK:/rc/c: 0.371610854 0.628389146 0.000000000
QK:/rc/crr: 0.000000000 0.005735113 0.994264887
QK:/rc/r: 0.000006822 0.325578707 0.674414471
QK:/rrc/c: 0.417875407 0.582124593 0.000000000
QK:/rrc/crr: 0.000000000 0.035746201 0.964253799
QK:/rrc/r: 0.000091093 0.498805290 0.501103617
QQ:/cc/c: 0.999967768 0.000032232 0.000000000
QQ:/cc/crr: 0.000000000 0.999983883 0.000016117
QQ:/cc/r: 0.999919774 0.000058738 0.000021488
QQ:/crc/c: 0.999994082 0.000005918 0.000000000
QQ:/crc/crr: 0.000000000 0.999997041 0.000002959
QQ:/crc/r: 0.805588345 0.194407710 0.000003945
QQ:/crrc/c: 0.999997041 0.000002959 0.000000000
QQ:/crrc/crr: 0.000000000 0.999998520 0.000001480
QQ:/crrc/r: 0.999996055 0.000001973 0.000001973
QQ:/rc/c: 0.999994837 0.000005163 0.000000000
QQ:/rc/crr: 0.000000000 0.999997418 0.000002582
QQ:/rc/r: 0.999978176 0.000018382 0.000003442
QQ:/rrc/c: 0.999990592 0.000009408 0.000000000
QQ:/rrc/crr: 0.000000000 0.999995296 0.000004704
QQ:/rrc/r: 0.999955968 0.000037760 0.000006272
