J:/: 0.073275652 0.926724348 0.000000000
J:/cr: 0.018111736 0.034523747 0.947364516
J:/rr: 0.000000000 0.999931765 0.000068235
JJ:/cc/: 0.000318913 0.999681087 0.000000000
JJ:/cc/cr: 0.999996402 0.000001799 0.000001799
JJ:/cc/rr: 0.000000000 0.991541030 0.008458970
JJ:/crc/: 0.915869464 0.084130536 0.000000000
JJ:/crc/cr: 0.999587204 0.000206398 0.000206398
JJ:/crc/rr: 0.000000000 0.999971561 0.000028439
JJ:/crrc/: 0.972539263 0.027460737 0.000000000
JJ:/crrc/cr: 0.997589347 0.001205326 0.001205326
JJ:/crrc/rr: 0.000000000 0.999948949 0.000051051
JJ:/rc/: 0.934963610 0.065036390 0.000000000
JJ:/rc/cr: 0.999300540 0.000349730 0.000349730
JJ:/rc/rr: 0.000000000 0.999963509 0.000036491
JJ:/rrc/: 0.999427737 0.000572263 0.000000000
JJ:/rrc/cr: 0.960251259 0.019874371 0.019874371
JJ:/rrc/rr: 0.000000000 0.999982930 0.000017070
JK:/cc/: 0.073190969 0.926809031 0.000000000
JK:/cc/cr: 0.000083448 0.000001940 0.999914611
JK:/cc/rr: 0.000000000 0.000036858 0.999963142
JK:/crc/: 0.065847135 0.934152865 0.000000000
JK:/crc/cr: 0.035465190 0.000018588 0.964516221
JK:/crc/rr: 0.000000000 0.000395561 0.999604439
JK:/crrc/: 0.999900703 0.000099297 0.000000000
JK:/crrc/cr: 0.333333333 0.333333333 0.333333333
JK:/crrc/rr: 0.000000000 0.000049654 0.999950346
JK:/rc/: 0.995112908 0.004887092 0.000000000
JK:/rc/cr: 0.908465894 0.004654130 0.086879976
JK:/rc/rr: 0.000000000 0.000034285 0.999965715
JK:/rrc/: 0.546918812 0.453081188 0.000000000
JK:/rrc/cr: 0.887771693 0.000025102 0.112203205
JK:/rrc/rr: 0.000000000 0.000031193 0.999968807
JQ:/cc/: 0.189383588 0.810616412 0.000000000
JQ:/cc/cr: 0.000005477 0.000002219 0.999992305
JQ:/cc/rr: 0.000000000 0.000014244 0.999985756
JQ:/crc/: 0.993775941 0.006224059 0.000000000
JQ:/crc/cr: 0.002789879 0.002789879 0.994420243
JQ:/crc/rr: 0.000000000 0.000026210 0.999973790
JQ:/crrc/: 0.037197226 0.962802774 0.000000000
JQ:/crrc/cr: 0.151708826 0.000034378 0.848256796
JQ:/crrc/rr: 0.000000000 0.001334743 0.998665257
JQ:/rc/: 0.996056650 0.003943350 0.000000000
JQ:/rc/cr: 0.005767980 0.005767980 0.988464039
JQ:/rc/rr: 0.000000000 0.000034253 0.999965747
JQ:/rrc/: 0.116763797 0.883236203 0.000000000
JQ:/rrc/cr: 0.002897361 0.000012877 0.997089762
JQ:/rrc/rr: 0.000000000 0.000146107 0.999853893
K:/: 0.756096131 0.243903869 0.000000000
K:/cr: 0.689288356 0.310697978 0.000013667
K:/rr: 0.000000000 0.999993387 0.000006613
KJ:/cc/: 0.000052927 0.999947073 0.000000000
KJ:/cc/cr: 0.000049182 0.000009619 0.999941199
KJ:/cc/rr: 0.000000000 0.806339347 0.193660653
KJ:/crc/: 0.000047421 0.999952579 0.000000000
KJ:/crc/cr: 0.000032951 0.999959717 0.000007331
KJ:/crc/rr: 0.000000000 0.768106347 0.231893653
KJ:/crrc/: 0.066709440 0.933290560 0.000000000
KJ:/crrc/cr: 0.000801416 0.995589975 0.003608609
KJ:/crrc/rr: 0.000000000 0.417147757 0.582852243
KJ:/rc/: 0.060463876 0.939536124 0.000000000
KJ:/rc/cr: 0.003511812 0.982444956 0.014043231
KJ:/rc/rr: 0.000000000 0.275289370 0.724710630
KJ:/rrc/: 0.078376238 0.921623762 0.000000000
KJ:/rrc/cr: 0.000229403 0.999769401 0.000001196
KJ:/rrc/rr: 0.000000000 0.462704176 0.537295824
KK:/cc/: 0.999338192 0.000661808 0.000000000
KK:/cc/cr: 0.979349617 0.010325191 0.010325191
KK:/cc/rr: 0.000000000 0.999989743 0.000010257
KK:/crc/: 0.140159500 0.859840500 0.000000000
KK:/crc/cr: 0.999982948 0.000008526 0.000008526
KK:/crc/rr: 0.000000000 0.999921542 0.000078458
KK:/crrc/: 0.994449527 0.005550473 0.000000000
KK:/crrc/cr: 0.998809285 0.000595358 0.000595358
KK:/crrc/rr: 0.000000000 0.999995016 0.000004984
KK:/rc/: 0.818241483 0.181758517 0.000000000
KK:/rc/cr: 0.999975745 0.000012128 0.000012128
KK:/rc/rr: 0.000000000 0.999995959 0.000004041
KK:/rrc/: 0.500524634 0.499475366 0.000000000
KK:/rrc/cr: 0.999995587 0.000002207 0.000002207
KK:/rrc/rr: 0.000000000 0.999996697 0.000003303
KQ:/cc/: 0.000056442 0.999943558 0.000000000
KQ:/cc/cr: 0.000044524 0.448284425 0.551671051
KQ:/cc/rr: 0.000000000 0.818397334 0.181602666
KQ:/crc/: 0.892265098 0.107734902 0.000000000
KQ:/crc/cr: 0.000393368 0.581390241 0.418216391
KQ:/crc/rr: 0.000000000 0.000031990 0.999968010
KQ:/crrc/: 0.010002286 0.989997714 0.000000000
KQ:/crrc/cr: 0.015352440 0.706954099 0.277693462
KQ:/crrc/rr: 0.000000000 0.172227153 0.827772847
KQ:/rc/: 0.000027698 0.999972302 0.000000000
KQ:/rc/cr: 0.000026010 0.486831294 0.513142696
KQ:/rc/rr: 0.000000000 0.880622608 0.119377392
KQ:/rrc/: 0.700367193 0.299632807 0.000000000
KQ:/rrc/cr: 0.042813441 0.782695651 0.174490908
KQ:/rrc/rr: 0.000000000 0.397275338 0.602724662
Q:/: 0.744388422 0.255611578 0.000000000
Q:/cr: 0.156764444 0.841248031 0.001987525
Q:/rr: 0.000000000 0.999993283 0.000006717
QJ:/cc/: 0.000019561 0.999980439 0.000000000
QJ:/cc/cr: 0.000006552 0.000006520 0.999986928
QJ:/cc/rr: 0.000000000 0.500000000 0.500000000
QJ:/crc/: 0.025621646 0.974378354 0.000000000
QJ:/crc/cr: 0.002122817 0.000002652 0.997874531
QJ:/crc/rr: 0.000000000 0.000151254 0.999848746
QJ:/crrc/: 0.013921101 0.986078899 0.000000000
QJ:/crrc/cr: 0.000411991 0.000014060 0.999573949
QJ:/crrc/rr: 0.000000000 0.001493885 0.998506115
QJ:/rc/: 0.010864607 0.989135393 0.000000000
QJ:/rc/cr: 0.000002264 0.000002264 0.999995473
QJ:/rc/rr: 0.000000000 0.000309119 0.999690881
QJ:/rrc/: 0.000003358 0.999996642 0.000000000
QJ:/rrc/cr: 0.000001119 0.000001119 0.999997761
QJ:/rrc/rr: 0.000000000 0.500000000 0.500000000
QK:/cc/: 0.515043672 0.484956328 0.000000000
QK:/cc/cr: 0.013864390 0.986112475 0.000023135
QK:/cc/rr: 0.000000000 0.364808757 0.635191243
QK:/crc/: 0.000007751 0.999992249 0.000000000
QK:/crc/cr: 0.000002584 0.556534261 0.443463155
QK:/crc/rr: 0.000000000 0.500000000 0.500000000
QK:/crrc/: 0.959940935 0.040059065 0.000000000
QK:/crrc/cr: 0.000930048 0.627225230 0.371844722
QK:/crrc/rr: 0.000000000 0.000618905 0.999381095
QK:/rc/: 0.447045814 0.552954186 0.000000000
QK:/rc/cr: 0.005281811 0.526051458 0.468666731
QK:/rc/rr: 0.000000000 0.208364135 0.791635865
QK:/rrc/: 0.109716380 0.890283620 0.000000000
QK:/rrc/cr: 0.000001389 0.297455006 0.702543605
QK:/rrc/rr: 0.000000000 0.000410794 0.999589206
QQ:/cc/: 0.572929793 0.427070207 0.000000000
QQ:/cc/cr: 0.999969465 0.000015268 0.000015268
QQ:/cc/rr: 0.000000000 0.999982929 0.000017071
QQ:/crc/: 0.986389897 0.013610103 0.000000000
QQ:/crc/cr: 0.999620343 0.000189829 0.000189829
QQ:/crc/rr: 0.000000000 0.999996071 0.000003929
QQ:/crrc/: 0.160032058 0.839967942 0.000000000
QQ:/crrc/cr: 0.999966988 0.000016506 0.000016506
QQ:/crrc/rr: 0.000000000 0.999870048 0.000129952
QQ:/rc/: 0.494561217 0.505438783 0.000000000
QQ:/rc/cr: 0.999991058 0.000004512 0.000004430
QQ:/rc/rr: 0.000000000 0.999993209 0.000006791
QQ:/rrc/: 0.966325189 0.033674811 0.000000000
QQ:/rrc/cr: 0.999933511 0.000033244 0.000033244
QQ:/rrc/rr: 0.000000000 0.999998262 0.000001738
