J:/c: 0.316038091 0.683961909 0.000000000
J:/crr: 0.000000000 0.999984179 0.000015821
J:/r: 0.056629880 0.134390275 0.808979844
JJ:/cc/c: 0.999992690 0.000007310 0.000000000
JJ:/cc/crr: 0.000000000 0.999996345 0.000003655
JJ:/cc/r: 0.999990253 0.000004874 0.000004874
JJ:/crc/c: 0.999984179 0.000015821 0.000000000
JJ:/crc/crr: 0.000000000 0.999992089 0.000007911
JJ:/crc/r: 0.999639059 0.000350393 0.000010547
JJ:/crrc/c: 0.999992089 0.000007911 0.000000000
JJ:/crrc/crr: 0.000000000 0.999996045 0.000003955
JJ:/crrc/r: 0.999952283 0.000042444 0.000005274
JJ:/rc/c: 0.999975197 0.000024803 0.000000000
JJ:/rc/crr: 0.000000000 0.999987598 0.000012402
JJ:/rc/r: 0.999942293 0.000041172 0.000016536
JJ:/rrc/c: 0.999941138 0.000058862 0.000000000
JJ:/rrc/crr: 0.000000000 0.999970567 0.000029433
JJ:/rrc/r: 0.999921518 0.000039241 0.000039241
JK:/cc/c: 0.006242779 0.993757221 0.000000000
JK:/cc/crr: 0.000000000 0.000585504 0.999414496
JK:/cc/r: 0.000004874 0.000004874 0.999990253
JK:/crc/c: 0.482813769 0.517186231 0.000000000
JK:/crc/crr: 0.000000000 0.000016384 0.999983616
JK:/crc/r: 0.003084904 0.000010547 0.996904549
JK:/crrc/c: 0.987966558 0.012033442 0.000000000
JK:/crrc/crr: 0.000000000 0.000004003 0.999995997
JK:/crrc/r: 0.293166572 0.000005274 0.706828154
JK:/rc/c: 0.405443088 0.594556912 0.000000000
JK:/rc/crr: 0.000000000 0.000030588 0.999969412
JK:/rc/r: 0.354155391 0.000016536 0.645828074
JK:/rrc/c: 0.999941138 0.000058862 0.000000000
JK:/rrc/crr: 0.000000000 0.000029433 0.999970567
JK:/rrc/r: 0.219671536 0.000039241 0.780289222
JQ:/cc/c: 0.047283858 0.952716142 0.000000000
JQ:/cc/crr: 0.000000000 0.000077303 0.999922697
JQ:/cc/r: 0.011394680 0.000004874 0.988600447
JQ:/crc/c: 0.999885686 0.000114314 0.000000000
JQ:/crc/crr: 0.000000000 0.000007911 0.999992089
JQ:/crc/r: 0.000043044 0.000010547 0.999946408
JQ:/crrc/c: 0.045513591 0.954486409 0.000000000
JQ:/crrc/crr: 0.000000000 0.000086903 0.999913097
JQ:/crrc/r: 0.241417447 0.000005274 0.758577279
JQ:/rc/c: 0.999975197 0.000024803 0.000000000
JQ:/rc/crr: 0.000000000 0.000012402 0.999987598
JQ:/rc/r: 0.000016536 0.000016536 0.999966929
JQ:/rrc/c: 0.000058862 0.999941138 0.000000000
JQ:/rrc/crr: 0.000000000 0.500000000 0.500000000
JQ:/rrc/r: 0.260833958 0.000039241 0.739126801
K:/c: 0.999990000 0.000010000 0.000000000
K:/crr: 0.000000000 0.999995000 0.000005000
K:/r: 0.562180559 0.437812775 0.000006667
KJ:/cc/c: 0.500000000 0.500000000 0.000000000
KJ:/cc/crr: 0.000000000 0.500000000 0.500000000
KJ:/cc/r: 0.333333333 0.333333333 0.333333333
KJ:/crc/c: 0.048295728 0.951704272 0.000000000
KJ:/crc/crr: 0.000000000 0.999948235 0.000051765
KJ:/crc/r: 0.000003333 0.999915392 0.000081275
KJ:/crrc/c: 0.357589423 0.642410577 0.000000000
KJ:/crrc/crr: 0.000000000 0.999996504 0.000003496
KJ:/crrc/r: 0.001122439 0.872799159 0.126078401
KJ:/rc/c: 0.439226166 0.560773834 0.000000000
KJ:/rc/crr: 0.000000000 0.856489665 0.143510335
KJ:/rc/r: 0.000011586 0.889065846 0.110922568
KJ:/rrc/c: 0.475023234 0.524976766 0.000000000
KJ:/rrc/crr: 0.000000000 0.999993759 0.000006241
KJ:/rrc/r: 0.002737416 0.970086473 0.027176111
KK:/cc/c: 0.500000000 0.500000000 0.000000000
KK:/cc/crr: 0.000000000 0.500000000 0.500000000
KK:/cc/r: 0.333333333 0.333333333 0.333333333
KK:/crc/c: 0.999995000 0.000005000 0.000000000
KK:/crc/crr: 0.000000000 0.999997500 0.000002500
KK:/crc/r: 0.994049261 0.005947406 0.000003333
KK:/crrc/c: 0.999997500 0.000002500 0.000000000
KK:/crrc/crr: 0.000000000 0.999998750 0.000001250
KK:/crrc/r: 0.999684127 0.000314206 0.000001667
KK:/rc/c: 0.999992386 0.000007614 0.000000000
KK:/rc/crr: 0.000000000 0.999996193 0.000003807
KK:/rc/r: 0.999967134 0.000027790 0.000005076
KK:/rrc/c: 0.999994071 0.000005929 0.000000000
KK:/rrc/crr: 0.000000000 0.999997035 0.000002965
KK:/rrc/r: 0.996862515 0.003133533 0.000003953
KQ:/cc/c: 0.500000000 0.500000000 0.000000000
KQ:/cc/crr: 0.000000000 0.500000000 0.500000000
KQ:/cc/r: 0.333333333 0.333333333 0.333333333
KQ:/crc/c: 0.143640577 0.856359423 0.000000000
KQ:/crc/crr: 0.000000000 0.000017405 0.999982595
KQ:/crc/r: 0.000004342 0.517882628 0.482113030
KQ:/crrc/c: 0.592534355 0.407465645 0.000000000
KQ:/crrc/crr: 0.000000000 0.708799079 0.291200921
KQ:/crrc/r: 0.000075124 0.840879959 0.159044917
KQ:/rc/c: 0.000007614 0.999992386 0.000000000
KQ:/rc/crr: 0.000000000 0.500000000 0.500000000
KQ:/rc/r: 0.000005076 0.309401723 0.690593201
KQ:/rrc/c: 0.478056549 0.521943451 0.000000000
KQ:/rrc/crr: 0.000000000 0.622674060 0.377325940
KQ:/rrc/r: 0.121356490 0.514291346 0.364352164
Q:/c: 0.832421659 0.167578341 0.000000000
Q:/crr: 0.000000000 0.999993993 0.000006007
Q:/r: 0.328018866 0.671945349 0.000035785
QJ:/cc/c: 0.000029837 0.999970163 0.000000000
QJ:/cc/crr: 0.000000000 0.500000000 0.500000000
QJ:/cc/r: 0.000019891 0.000019891 0.999960218
QJ:/crc/c: 0.370276661 0.629723339 0.000000000
QJ:/crc/crr: 0.000000000 0.000076475 0.999923525
QJ:/crc/r: 0.000004004 0.000004004 0.999991991
QJ:/crrc/c: 0.000003003 0.999996997 0.000000000
QJ:/crrc/crr: 0.000000000 0.500000000 0.500000000
QJ:/crrc/r: 0.000002002 0.000002002 0.999995996
QJ:/rc/c: 0.000004961 0.999995039 0.000000000
QJ:/rc/crr: 0.000000000 0.500000000 0.500000000
QJ:/rc/r: 0.000018563 0.000003307 0.999978130
QJ:/rrc/c: 0.000010162 0.999989838 0.000000000
QJ:/rrc/crr: 0.000000000 0.500000000 0.500000000
QJ:/rrc/r: 0.000006836 0.000006775 0.999986390
QK:/cc/c: 0.012740325 0.987259675 0.000000000
QK:/cc/crr: 0.000000000 0.998829041 0.001170959
QK:/cc/r: 0.000019891 0.817959295 0.182020814
QK:/crc/c: 0.390537854 0.609462146 0.000000000
QK:/crc/crr: 0.000000000 0.000007690 0.999992310
QK:/crc/r: 0.000028093 0.507440375 0.492531533
QK:/crrc/c: 0.000292743 0.999707257 0.000000000
QK:/crrc/crr: 0.000000000 0.005129595 0.994870405
QK:/crrc/r: 0.000015781 0.175521877 0.824462341
QK:/rc/c: 0.361135109 0.638864891 0.000000000
QK:/rc/crr: 0.000000000 0.000006868 0.999993132
QK:/rc/r: 0.000003307 0.321971865 0.678024828
QK:/rrc/c: 0.401586357 0.598413643 0.000000000
QK:/rrc/crr: 0.000000000 0.000267080 0.999732920
QK:/rrc/r: 0.000006775 0.508479316 0.491513909
QQ:/cc/c: 0.999970163 0.000029837 0.000000000
QQ:/cc/crr: 0.000000000 0.999985081 0.000014919
QQ:/cc/r: 0.999742215 0.000237894 0.000019891
QQ:/crc/c: 0.999993993 0.000006007 0.000000000
QQ:/crc/crr: 0.000000000 0.999996997 0.000003003
QQ:/crc/r: 0.986380567 0.013615428 0.000004004
QQ:/crrc/c: 0.999996997 0.000003003 0.000000000
QQ:/crrc/crr: 0.000000000 0.999998498 0.000001502
QQ:/crrc/r: 0.999976076 0.000021922 0.000002002
QQ:/rc/c: 0.999995039 0.000004961 0.000000000
QQ:/rc/crr: 0.000000000 0.999997520 0.000002480
QQ:/rc/r: 0.989399801 0.010596892 0.000003307
QQ:/rrc/c: 0.999989838 0.000010162 0.000000000
QQ:/rrc/crr: 0.000000000 0.999994919 0.000005081
QQ:/rrc/r: 0.999983889 0.000009336 0.000006775
