J:/c: 0.287648355 0.712351645 0.000000000
J:/crr: 0.000000000 0.999982618 0.000017382
J:/r: 0.054404158 0.128150664 0.817445178
JJ:/cc/c: 0.999992981 0.000007019 0.000000000
JJ:/cc/crr: 0.000000000 0.999996490 0.000003510
JJ:/cc/r: 0.999982788 0.000012533 0.000004679
JJ:/crc/c: 0.999982618 0.000017382 0.000000000
JJ:/crc/crr: 0.000000000 0.999991309 0.000008691
JJ:/crc/r: 0.999976824 0.000011588 0.000011588
JJ:/crrc/c: 0.999991309 0.000008691 0.000000000
JJ:/crrc/crr: 0.000000000 0.999995654 0.000004346
JJ:/crrc/r: 0.999988412 0.000005794 0.000005794
JJ:/rc/c: 0.999973989 0.000026011 0.000000000
JJ:/rc/crr: 0.000000000 0.999986994 0.000013006
JJ:/rc/r: 0.999961509 0.000021151 0.000017341
JJ:/rrc/c: 0.999938730 0.000061270 0.000000000
JJ:/rrc/crr: 0.000000000 0.999969363 0.000030637
JJ:/rrc/r: 0.999733234 0.000225919 0.000040847
JK:/cc/c: 0.006801193 0.993198807 0.000000000
JK:/cc/crr: 0.000000000 0.000516013 0.999483987
JK:/cc/r: 0.000010479 0.000004679 0.999984841
JK:/crc/c: 0.533736712 0.466263288 0.000000000
JK:/crc/crr: 0.000000000 0.000016284 0.999983716
JK:/crc/r: 0.035387037 0.000011588 0.964601375
JK:/crrc/c: 0.457539403 0.542460597 0.000000000
JK:/crrc/crr: 0.000000000 0.000009498 0.999990502
JK:/crrc/r: 0.237941080 0.000005794 0.762053126
JK:/rc/c: 0.378794475 0.621205525 0.000000000
JK:/rc/crr: 0.000000000 0.000034334 0.999965666
JK:/rc/r: 0.355902688 0.000017341 0.644079971
JK:/rrc/c: 0.999471341 0.000528659 0.000000000
JK:/rrc/crr: 0.000000000 0.000030651 0.999969349
JK:/rrc/r: 0.306913343 0.000040847 0.693045810
JQ:/cc/c: 0.070153949 0.929846051 0.000000000
JQ:/cc/crr: 0.000000000 0.000050026 0.999949974
JQ:/cc/r: 0.042477595 0.000004679 0.957517725
JQ:/crc/c: 0.496957721 0.503042279 0.000000000
JQ:/crc/crr: 0.000000000 0.000017489 0.999982511
JQ:/crc/r: 0.078281923 0.000011588 0.921706489
JQ:/crrc/c: 0.029916386 0.970083614 0.000000000
JQ:/crrc/crr: 0.000000000 0.000145260 0.999854740
JQ:/crrc/r: 0.176744672 0.000005794 0.823249533
JQ:/rc/c: 0.993503944 0.006496056 0.000000000
JQ:/rc/crr: 0.000000000 0.000013091 0.999986909
JQ:/rc/r: 0.000017670 0.000017341 0.999964989
JQ:/rrc/c: 0.014184020 0.985815980 0.000000000
JQ:/rrc/crr: 0.000000000 0.002159819 0.997840181
JQ:/rrc/r: 0.467458343 0.000040847 0.532500811
K:/c: 0.999925831 0.000074169 0.000000000
K:/crr: 0.000000000 0.999995000 0.000005000
K:/r: 0.576160929 0.423832405 0.000006667
KJ:/cc/c: 0.206275539 0.793724461 0.000000000
KJ:/cc/crr: 0.000000000 0.836593350 0.163406650
KJ:/cc/r: 0.227322939 0.091425314 0.681251747
KJ:/crc/c: 0.179576866 0.820423134 0.000000000
KJ:/crc/crr: 0.000000000 0.999986077 0.000013923
KJ:/crc/r: 0.000107538 0.772227866 0.227664597
KJ:/crrc/c: 0.504314142 0.495685858 0.000000000
KJ:/crrc/crr: 0.000000000 0.826795706 0.173204294
KJ:/crrc/r: 0.023561789 0.877961460 0.098476752
KJ:/rc/c: 0.425804722 0.574195278 0.000000000
KJ:/rc/crr: 0.000000000 0.676167791 0.323832209
KJ:/rc/r: 0.023618941 0.734159989 0.242221070
KJ:/rrc/c: 0.480458018 0.519541982 0.000000000
KJ:/rrc/crr: 0.000000000 0.997114548 0.002885452
KJ:/rrc/r: 0.036903956 0.904343433 0.058752611
KK:/cc/c: 0.932586410 0.067413590 0.000000000
KK:/cc/crr: 0.000000000 0.963856652 0.036143348
KK:/cc/r: 0.835133072 0.119924535 0.044942393
KK:/crc/c: 0.999995000 0.000005000 0.000000000
KK:/crc/crr: 0.000000000 0.999997500 0.000002500
KK:/crc/r: 0.748772262 0.251224404 0.000003334
KK:/crrc/c: 0.999997500 0.000002500 0.000000000
KK:/crrc/crr: 0.000000000 0.999998750 0.000001250
KK:/crrc/r: 0.999996666 0.000001667 0.000001667
KK:/rc/c: 0.999992135 0.000007865 0.000000000
KK:/rc/crr: 0.000000000 0.999996068 0.000003932
KK:/rc/r: 0.999979944 0.000014813 0.000005243
KK:/rrc/c: 0.999994215 0.000005785 0.000000000
KK:/rrc/crr: 0.000000000 0.999997107 0.000002893
KK:/rrc/r: 0.999977497 0.000018646 0.000003857
KQ:/cc/c: 0.346797806 0.653202194 0.000000000
KQ:/cc/crr: 0.000000000 0.902805628 0.097194372
KQ:/cc/r: 0.227603016 0.690461240 0.081935744
KQ:/crc/c: 0.288741077 0.711258923 0.000000000
KQ:/crc/crr: 0.000000000 0.111587949 0.888412051
KQ:/crc/r: 0.000089294 0.434267054 0.565643653
KQ:/crrc/c: 0.635141717 0.364858283 0.000000000
KQ:/crrc/crr: 0.000000000 0.416825883 0.583174117
KQ:/crrc/r: 0.015467574 0.687032030 0.297500396
KQ:/rc/c: 0.001347403 0.998652597 0.000000000
KQ:/rc/crr: 0.000000000 0.047607751 0.952392249
KQ:/rc/r: 0.000025161 0.304374351 0.695600488
KQ:/rrc/c: 0.506478222 0.493521778 0.000000000
KQ:/rrc/crr: 0.000000000 0.514971899 0.485028101
KQ:/rrc/r: 0.064732206 0.565336336 0.369931458
Q:/c: 0.852221106 0.147778894 0.000000000
Q:/crr: 0.000000000 0.999994133 0.000005867
Q:/r: 0.363734117 0.636109160 0.000156723
QJ:/cc/c: 0.000504926 0.999495074 0.000000000
QJ:/cc/crr: 0.000000000 0.033504259 0.966495741
QJ:/cc/r: 0.000050168 0.000022556 0.999927276
QJ:/crc/c: 0.442774950 0.557225050 0.000000000
QJ:/crc/crr: 0.000000000 0.001763324 0.998236676
QJ:/crc/r: 0.000059799 0.000003911 0.999936289
QJ:/crrc/c: 0.000125956 0.999874044 0.000000000
QJ:/crrc/crr: 0.000000000 0.011645063 0.988354937
QJ:/crrc/r: 0.012508900 0.000001956 0.987489145
QJ:/rc/c: 0.000133863 0.999866137 0.000000000
QJ:/rc/crr: 0.000000000 0.019572897 0.980427103
QJ:/rc/r: 0.019572458 0.000003493 0.980424048
QJ:/rrc/c: 0.000709559 0.999290441 0.000000000
QJ:/rrc/crr: 0.000000000 0.006457675 0.993542325
QJ:/rrc/r: 0.000086343 0.000009862 0.999903794
QK:/cc/c: 0.016051510 0.983948490 0.000000000
QK:/cc/crr: 0.000000000 0.998946070 0.001053930
QK:/cc/r: 0.000165485 0.754603249 0.245231266
QK:/crc/c: 0.363827293 0.636172707 0.000000000
QK:/crc/crr: 0.000000000 0.007509547 0.992490453
QK:/crc/r: 0.000413436 0.463184062 0.536402502
QK:/crrc/c: 0.103270230 0.896729770 0.000000000
QK:/crrc/crr: 0.000000000 0.002362223 0.997637777
QK:/crrc/r: 0.000067703 0.283159931 0.716772366
QK:/rc/c: 0.373370779 0.626629221 0.000000000
QK:/rc/crr: 0.000000000 0.005511725 0.994488275
QK:/rc/r: 0.000009541 0.313045999 0.686944460
QK:/rrc/c: 0.426466125 0.573533875 0.000000000
QK:/rrc/crr: 0.000000000 0.055843664 0.944156336
QK:/rrc/r: 0.000088712 0.508577275 0.491334013
QQ:/cc/c: 0.999966166 0.000033834 0.000000000
QQ:/cc/crr: 0.000000000 0.999983082 0.000016918
QQ:/cc/r: 0.999915793 0.000061651 0.000022556
QQ:/crc/c: 0.999994133 0.000005867 0.000000000
QQ:/crc/crr: 0.000000000 0.999997066 0.000002934
QQ:/crc/r: 0.864311712 0.135684376 0.000003911
QQ:/crrc/c: 0.999997066 0.000002934 0.000000000
QQ:/crrc/crr: 0.000000000 0.999998533 0.000001467
QQ:/crrc/r: 0.999996089 0.000001956 0.000001956
QQ:/rc/c: 0.999994760 0.000005240 0.000000000
QQ:/rc/crr: 0.000000000 0.999997380 0.000002620
QQ:/rc/r: 0.999977729 0.000018777 0.000003493
QQ:/rrc/c: 0.999990836 0.000009164 0.000000000
QQ:/rrc/crr: 0.000000000 0.999995418 0.000004582
QQ:/rrc/r: 0.999957355 0.000036536 0.000006109
