J:/c: 0.299817433 0.700182567 0.000000000
J:/crr: 0.000000000 0.999983323 0.000016677
J:/r: 0.056203618 0.127575927 0.816220454
JJ:/cc/c: 0.999992859 0.000007141 0.000000000
JJ:/cc/crr: 0.000000000 0.999996429 0.000003571
JJ:/cc/r: 0.999990479 0.000004761 0.000004761
JJ:/crc/c: 0.999983323 0.000016677 0.000000000
JJ:/crc/crr: 0.000000000 0.999991661 0.000008339
JJ:/crc/r: 0.999956733 0.000032149 0.000011118
JJ:/crrc/c: 0.999991661 0.000008339 0.000000000
JJ:/crrc/crr: 0.000000000 0.999995831 0.000004169
JJ:/crrc/r: 0.999975209 0.000019232 0.000005559
JJ:/rc/c: 0.999973872 0.000026128 0.000000000
JJ:/rc/crr: 0.000000000 0.999986936 0.000013064
JJ:/rc/r: 0.999958073 0.000024508 0.000017419
JJ:/rrc/c: 0.999940692 0.000059308 0.000000000
JJ:/rrc/crr: 0.000000000 0.999970344 0.000029656
JJ:/rrc/r: 0.999774663 0.000185798 0.000039539
JK:/cc/c: 0.005298275 0.994701725 0.000000000
JK:/cc/crr: 0.000000000 0.000673898 0.999326102
JK:/cc/r: 0.000004761 0.000004761 0.999990479
JK:/crc/c: 0.543219246 0.456780754 0.000000000
JK:/crc/crr: 0.000000000 0.000015350 0.999984650
JK:/crc/r: 0.017292012 0.000011118 0.982696870
JK:/crrc/c: 0.393977823 0.606022177 0.000000000
JK:/crrc/crr: 0.000000000 0.000010583 0.999989417
JK:/crrc/r: 0.174494943 0.000005559 0.825499498
JK:/rc/c: 0.385179717 0.614820283 0.000000000
JK:/rc/crr: 0.000000000 0.000033917 0.999966083
JK:/rc/r: 0.358382523 0.000017419 0.641600058
JK:/rrc/c: 0.999815331 0.000184669 0.000000000
JK:/rrc/crr: 0.000000000 0.000029660 0.999970340
JK:/rrc/r: 0.296321115 0.000039539 0.703639347
JQ:/cc/c: 0.072496650 0.927503350 0.000000000
JQ:/cc/crr: 0.000000000 0.000049251 0.999950749
JQ:/cc/r: 0.034918573 0.000004761 0.965076666
JQ:/crc/c: 0.436586483 0.563413517 0.000000000
JQ:/crc/crr: 0.000000000 0.000019099 0.999980901
JQ:/crc/r: 0.086084613 0.000011118 0.913904269
JQ:/crrc/c: 0.058589542 0.941410458 0.000000000
JQ:/crrc/crr: 0.000000000 0.000071161 0.999928839
JQ:/crrc/r: 0.217266430 0.000005559 0.782728011
JQ:/rc/c: 0.996211335 0.003788665 0.000000000
JQ:/rc/crr: 0.000000000 0.000013114 0.999986886
JQ:/rc/r: 0.000017419 0.000017419 0.999965162
JQ:/rrc/c: 0.006985721 0.993014279 0.000000000
JQ:/rrc/crr: 0.000000000 0.004244956 0.995755044
JQ:/rrc/r: 0.408807014 0.000039539 0.591153447
K:/c: 0.999969421 0.000030579 0.000000000
K:/crr: 0.000000000 0.999995000 0.000005000
K:/r: 0.582736943 0.417256390 0.000006667
KJ:/cc/c: 0.395920085 0.604079915 0.000000000
KJ:/cc/crr: 0.000000000 0.793504811 0.206495189
KJ:/cc/r: 0.532249597 0.226417942 0.241332461
KJ:/crc/c: 0.126264926 0.873735074 0.000000000
KJ:/crc/crr: 0.000000000 0.999980200 0.000019800
KJ:/crc/r: 0.000036751 0.735420073 0.264543176
KJ:/crrc/c: 0.308724017 0.691275983 0.000000000
KJ:/crrc/crr: 0.000000000 0.999995951 0.000004049
KJ:/crrc/r: 0.047573646 0.795795411 0.156630943
KJ:/rc/c: 0.460490719 0.539509281 0.000000000
KJ:/rc/crr: 0.000000000 0.648698330 0.351301670
KJ:/rc/r: 0.026731037 0.761613587 0.211655376
KJ:/rrc/c: 0.117645985 0.882354015 0.000000000
KJ:/rrc/crr: 0.000000000 0.999975689 0.000024311
KJ:/rrc/r: 0.043398756 0.878191177 0.078410067
KK:/cc/c: 0.836488814 0.163511186 0.000000000
KK:/cc/crr: 0.000000000 0.902263376 0.097736624
KK:/cc/r: 0.592732833 0.298259710 0.109007457
KK:/crc/c: 0.999995000 0.000005000 0.000000000
KK:/crc/crr: 0.000000000 0.999997500 0.000002500
KK:/crc/r: 0.999988667 0.000007999 0.000003333
KK:/crrc/c: 0.999997500 0.000002500 0.000000000
KK:/crrc/crr: 0.000000000 0.999998750 0.000001250
KK:/crrc/r: 0.999996667 0.000001667 0.000001667
KK:/rc/c: 0.999992011 0.000007989 0.000000000
KK:/rc/crr: 0.000000000 0.999996006 0.000003994
KK:/rc/r: 0.999978624 0.000016050 0.000005326
KK:/rrc/c: 0.999994280 0.000005720 0.000000000
KK:/rrc/crr: 0.000000000 0.999997140 0.000002860
KK:/rrc/r: 0.999809775 0.000186412 0.000003813
KQ:/cc/c: 0.828078509 0.171921491 0.000000000
KQ:/cc/crr: 0.000000000 0.901270723 0.098729277
KQ:/cc/r: 0.527617210 0.356223518 0.116159271
KQ:/crc/c: 0.270208648 0.729791352 0.000000000
KQ:/crc/crr: 0.000000000 0.078823202 0.921176798
KQ:/crc/r: 0.000027824 0.425546496 0.574425680
KQ:/crrc/c: 0.593632066 0.406367934 0.000000000
KQ:/crrc/crr: 0.000000000 0.379987916 0.620012084
KQ:/crrc/r: 0.000005784 0.641904213 0.358090003
KQ:/rc/c: 0.002205029 0.997794971 0.000000000
KQ:/rc/crr: 0.000000000 0.021418993 0.978581007
KQ:/rc/r: 0.000024939 0.299433418 0.700541643
KQ:/rrc/c: 0.495833061 0.504166939 0.000000000
KQ:/rrc/crr: 0.000000000 0.460033324 0.539966676
KQ:/rrc/r: 0.080470288 0.546006215 0.373523496
Q:/c: 0.846872000 0.153128000 0.000000000
Q:/crr: 0.000000000 0.999994096 0.000005904
Q:/r: 0.361373405 0.638516991 0.000109605
QJ:/cc/c: 0.000321125 0.999678875 0.000000000
QJ:/cc/crr: 0.000000000 0.050840664 0.949159336
QJ:/cc/r: 0.000026214 0.000021768 0.999952018
QJ:/crc/c: 0.470616399 0.529383601 0.000000000
QJ:/crc/crr: 0.000000000 0.005940435 0.994059565
QJ:/crc/r: 0.000003936 0.000003936 0.999992128
QJ:/crrc/c: 0.000073853 0.999926147 0.000000000
QJ:/crrc/crr: 0.000000000 0.019985991 0.980014009
QJ:/crrc/r: 0.012952874 0.000001968 0.987045158
QJ:/rc/c: 0.000039344 0.999960656 0.000000000
QJ:/rc/crr: 0.000000000 0.066344135 0.933655865
QJ:/rc/r: 0.017229516 0.000003480 0.982767004
QJ:/rrc/c: 0.000241697 0.999758303 0.000000000
QJ:/rrc/crr: 0.000000000 0.042159604 0.957840396
QJ:/rrc/r: 0.000079880 0.000006149 0.999913971
QK:/cc/c: 0.018086870 0.981913130 0.000000000
QK:/cc/crr: 0.000000000 0.999097345 0.000902655
QK:/cc/r: 0.000098822 0.739490415 0.260410764
QK:/crc/c: 0.308070619 0.691929381 0.000000000
QK:/crc/crr: 0.000000000 0.006992476 0.993007524
QK:/crc/r: 0.000228711 0.450306147 0.549465142
QK:/crrc/c: 0.044367055 0.955632945 0.000000000
QK:/crrc/crr: 0.000000000 0.007430898 0.992569102
QK:/crrc/r: 0.000082048 0.297514582 0.702403371
QK:/rc/c: 0.368770619 0.631229381 0.000000000
QK:/rc/crr: 0.000000000 0.005248948 0.994751052
QK:/rc/r: 0.000009574 0.318470816 0.681519609
QK:/rrc/c: 0.417669708 0.582330292 0.000000000
QK:/rrc/crr: 0.000000000 0.050616236 0.949383764
QK:/rrc/r: 0.000077464 0.497923708 0.501998828
QQ:/cc/c: 0.999967348 0.000032652 0.000000000
QQ:/cc/crr: 0.000000000 0.999983673 0.000016327
QQ:/cc/r: 0.999936773 0.000041459 0.000021768
QQ:/crc/c: 0.999994096 0.000005904 0.000000000
QQ:/crc/crr: 0.000000000 0.999997048 0.000002952
QQ:/crc/r: 0.999963304 0.000032760 0.000003936
QQ:/crrc/c: 0.999997048 0.000002952 0.000000000
QQ:/crrc/crr: 0.000000000 0.999998524 0.000001476
QQ:/crrc/r: 0.999996064 0.000001968 0.000001968
QQ:/rc/c: 0.999994780 0.000005220 0.000000000
QQ:/rc/crr: 0.000000000 0.999997390 0.000002610
QQ:/rc/r: 0.999992225 0.000004294 0.000003480
QQ:/rrc/c: 0.999990776 0.000009224 0.000000000
QQ:/rrc/crr: 0.000000000 0.999995388 0.000004612
QQ:/rrc/r: 0.999959821 0.000034030 0.000006149
