J:/: 0.079078187 0.920921813 0.000000000
J:/cr: 0.018550927 0.035365354 0.946083719
J:/rr: 0.000000000 0.999936771 0.000063229
JJ:/cc/: 0.000268549 0.999731451 0.000000000
JJ:/cc/cr: 0.999996379 0.000001810 0.000001810
JJ:/cc/rr: 0.000000000 0.989891347 0.010108653
JJ:/crc/: 0.965885444 0.034114556 0.000000000
JJ:/crc/cr: 0.998999961 0.000500020 0.000500020
JJ:/crc/rr: 0.000000000 0.999973509 0.000026491
JJ:/crrc/: 0.931018134 0.068981866 0.000000000
JJ:/crrc/cr: 0.999057168 0.000471416 0.000471416
JJ:/crrc/rr: 0.000000000 0.999947607 0.000052393
JJ:/rc/: 0.932836685 0.067163315 0.000000000
JJ:/rc/cr: 0.999372390 0.000313805 0.000313805
JJ:/rc/rr: 0.000000000 0.999966110 0.000033890
JJ:/rrc/: 0.998790228 0.001209772 0.000000000
JJ:/rrc/cr: 0.982577272 0.008711364 0.008711364
JJ:/rrc/rr: 0.000000000 0.999984173 0.000015827
JK:/cc/: 0.077570368 0.922429632 0.000000000
JK:/cc/cr: 0.000002828 0.000001962 0.999995210
JK:/cc/rr: 0.000000000 0.000034996 0.999965004
JK:/crc/: 0.052841511 0.947158489 0.000000000
JK:/crc/cr: 0.022089530 0.000018010 0.977892460
JK:/crc/rr: 0.000000000 0.000484220 0.999515780
JK:/crrc/: 0.999902443 0.000097557 0.000000000
JK:/crrc/cr: 0.333333333 0.333333333 0.333333333
JK:/crrc/rr: 0.000000000 0.000048783 0.999951217
JK:/rc/: 0.990010562 0.009989438 0.000000000
JK:/rc/cr: 0.961328305 0.002109847 0.036561848
JK:/rc/rr: 0.000000000 0.000031933 0.999968067
JK:/rrc/: 0.510390866 0.489609134 0.000000000
JK:/rrc/cr: 0.786684266 0.000021525 0.213294209
JK:/rrc/rr: 0.000000000 0.000030973 0.999969027
JQ:/cc/: 0.198913427 0.801086573 0.000000000
JQ:/cc/cr: 0.000005027 0.000002259 0.999992714
JQ:/cc/rr: 0.000000000 0.000013648 0.999986352
JQ:/crc/: 0.993425030 0.006574970 0.000000000
JQ:/crc/cr: 0.188274800 0.002594376 0.809130824
JQ:/crc/rr: 0.000000000 0.000025756 0.999974244
JQ:/crrc/: 0.030241232 0.969758768 0.000000000
JQ:/crrc/cr: 0.133455119 0.000033533 0.866511347
JQ:/crrc/rr: 0.000000000 0.001612987 0.998387013
JQ:/rc/: 0.996158714 0.003841286 0.000000000
JQ:/rc/cr: 0.005486753 0.005486753 0.989026493
JQ:/rc/rr: 0.000000000 0.000031736 0.999968264
JQ:/rrc/: 0.109160632 0.890839368 0.000000000
JQ:/rrc/cr: 0.000812399 0.000011830 0.999175771
JQ:/rrc/rr: 0.000000000 0.000144815 0.999855185
K:/: 0.752686246 0.247313754 0.000000000
K:/cr: 0.685544261 0.314442261 0.000013478
K:/rr: 0.000000000 0.999993357 0.000006643
KJ:/cc/: 0.000052685 0.999947315 0.000000000
KJ:/cc/cr: 0.000048420 0.000009383 0.999942197
KJ:/cc/rr: 0.000000000 0.808129709 0.191870291
KJ:/crc/: 0.000048465 0.999951535 0.000000000
KJ:/crc/cr: 0.000031812 0.999961044 0.000007144
KJ:/crc/rr: 0.000000000 0.778893239 0.221106761
KJ:/crrc/: 0.066787919 0.933212081 0.000000000
KJ:/crrc/cr: 0.004410522 0.994493907 0.001095572
KJ:/crrc/rr: 0.000000000 0.401609679 0.598390321
KJ:/rc/: 0.037730681 0.962269319 0.000000000
KJ:/rc/cr: 0.007092699 0.973382393 0.019524908
KJ:/rc/rr: 0.000000000 0.186627044 0.813372956
KJ:/rrc/: 0.093034619 0.906965381 0.000000000
KJ:/rrc/cr: 0.001660475 0.998114333 0.000225192
KJ:/rrc/rr: 0.000000000 0.502592885 0.497407115
KK:/cc/: 0.999552102 0.000447898 0.000000000
KK:/cc/cr: 0.969907993 0.015046003 0.015046003
KK:/cc/rr: 0.000000000 0.999989887 0.000010113
KK:/crc/: 0.102537307 0.897462693 0.000000000
KK:/crc/cr: 0.999984080 0.000007960 0.000007960
KK:/crc/rr: 0.000000000 0.999895492 0.000104508
KK:/crrc/: 0.994331366 0.005668634 0.000000000
KK:/crrc/cr: 0.998843900 0.000578050 0.000578050
KK:/crrc/rr: 0.000000000 0.999995057 0.000004943
KK:/rc/: 0.849545007 0.150454993 0.000000000
KK:/rc/cr: 0.999970565 0.000014717 0.000014717
KK:/rc/rr: 0.000000000 0.999996090 0.000003910
KK:/rrc/: 0.530816774 0.469183226 0.000000000
KK:/rrc/cr: 0.999995281 0.000002360 0.000002360
KK:/rrc/rr: 0.000000000 0.999996871 0.000003129
KQ:/cc/: 0.000319474 0.999680526 0.000000000
KQ:/cc/cr: 0.000043768 0.416601794 0.583354438
KQ:/cc/rr: 0.000000000 0.968358518 0.031641482
KQ:/crc/: 0.871629821 0.128370179 0.000000000
KQ:/crc/cr: 0.000340121 0.604851642 0.394808237
KQ:/crc/rr: 0.000000000 0.000030818 0.999969182
KQ:/crrc/: 0.016451145 0.983548855 0.000000000
KQ:/crrc/cr: 0.022715497 0.701336731 0.275947772
KQ:/crrc/rr: 0.000000000 0.149704756 0.850295244
KQ:/rc/: 0.000061860 0.999938140 0.000000000
KQ:/rc/cr: 0.000025450 0.489429313 0.510545237
KQ:/rc/rr: 0.000000000 0.447311540 0.552688460
KQ:/rrc/: 0.700795233 0.299204767 0.000000000
KQ:/rrc/cr: 0.021907355 0.872097312 0.105995332
KQ:/rrc/rr: 0.000000000 0.393066996 0.606933004
Q:/: 0.739437954 0.260562046 0.000000000
Q:/cr: 0.159235118 0.840023814 0.000741068
Q:/rr: 0.000000000 0.999993238 0.000006762
QJ:/cc/: 0.000019189 0.999980811 0.000000000
QJ:/cc/cr: 0.000006397 0.000006397 0.999987207
QJ:/cc/rr: 0.000000000 0.500000000 0.500000000
QJ:/crc/: 0.028665717 0.971334283 0.000000000
QJ:/crc/cr: 0.002405012 0.000002613 0.997592375
QJ:/crc/rr: 0.000000000 0.000132817 0.999867183
QJ:/crrc/: 0.007980586 0.992019414 0.000000000
QJ:/crrc/cr: 0.000163419 0.000013498 0.999823083
QJ:/crrc/rr: 0.000000000 0.002516715 0.997483285
QJ:/rc/: 0.014318239 0.985681761 0.000000000
QJ:/rc/cr: 0.000003103 0.000002287 0.999994610
QJ:/rc/rr: 0.000000000 0.000236129 0.999763871
QJ:/rrc/: 0.000003381 0.999996619 0.000000000
QJ:/rrc/cr: 0.000001127 0.000001127 0.999997746
QJ:/rrc/rr: 0.000000000 0.500000000 0.500000000
QK:/cc/: 0.571472236 0.428527764 0.000000000
QK:/cc/cr: 0.002285572 0.997656159 0.000058270
QK:/cc/rr: 0.000000000 0.094717627 0.905282373
QK:/crc/: 0.000008790 0.999991210 0.000000000
QK:/crc/cr: 0.000002744 0.551677493 0.448319763
QK:/crc/rr: 0.000000000 0.566869182 0.433130818
QK:/crrc/: 0.944747019 0.055252981 0.000000000
QK:/crrc/cr: 0.000659172 0.633069627 0.366271201
QK:/crrc/rr: 0.000000000 0.000602204 0.999397796
QK:/rc/: 0.445467059 0.554532941 0.000000000
QK:/rc/cr: 0.024878686 0.529613625 0.445507688
QK:/rc/rr: 0.000000000 0.193798613 0.806201387
QK:/rrc/: 0.127577517 0.872422483 0.000000000
QK:/rrc/cr: 0.000001526 0.300659375 0.699339099
QK:/rrc/rr: 0.000000000 0.000338437 0.999661563
QQ:/cc/: 0.525993105 0.474006895 0.000000000
QQ:/cc/cr: 0.999973011 0.000013494 0.000013494
QQ:/cc/rr: 0.000000000 0.999981759 0.000018241
QQ:/crc/: 0.984298615 0.015701385 0.000000000
QQ:/crc/cr: 0.999676692 0.000161654 0.000161654
QQ:/crc/rr: 0.000000000 0.999996132 0.000003868
QQ:/crrc/: 0.186866515 0.813133485 0.000000000
QQ:/crrc/cr: 0.999967066 0.000016467 0.000016467
QQ:/crrc/rr: 0.000000000 0.999892518 0.000107482
QQ:/rc/: 0.530561858 0.469438142 0.000000000
QQ:/rc/cr: 0.999989952 0.000005247 0.000004801
QQ:/rc/rr: 0.000000000 0.999993628 0.000006372
QQ:/rrc/: 0.975499515 0.024500485 0.000000000
QQ:/rrc/cr: 0.999908003 0.000045999 0.000045999
QQ:/rrc/rr: 0.000000000 0.999998267 0.000001733
