J:/: 0.076560070 0.923439930 0.000000000
J:/cr: 0.017523444 0.036128781 0.946347776
J:/rr: 0.000000000 0.999934692 0.000065308
JJ:/cc/: 0.000030774 0.999969226 0.000000000
JJ:/cc/cr: 0.999996390 0.000001805 0.000001805
JJ:/cc/rr: 0.000000000 0.912028672 0.087971328
JJ:/crc/: 0.888451626 0.111548374 0.000000000
JJ:/crc/cr: 0.999701440 0.000149280 0.000149280
JJ:/crc/rr: 0.000000000 0.999971886 0.000028114
JJ:/crrc/: 0.993482727 0.006517273 0.000000000
JJ:/crrc/cr: 0.989464299 0.005267851 0.005267851
JJ:/crrc/rr: 0.000000000 0.999948164 0.000051836
JJ:/rc/: 0.931480491 0.068519509 0.000000000
JJ:/rc/cr: 0.999364578 0.000317711 0.000317711
JJ:/rc/rr: 0.000000000 0.999964944 0.000035056
JJ:/rrc/: 0.998113900 0.001886100 0.000000000
JJ:/rrc/cr: 0.988457230 0.005771385 0.005771385
JJ:/rrc/rr: 0.000000000 0.999983641 0.000016359
JK:/cc/: 0.078921344 0.921078656 0.000000000
JK:/cc/cr: 0.000138865 0.000001959 0.999859175
JK:/cc/rr: 0.000000000 0.000034303 0.999965697
JK:/crc/: 0.034711990 0.965288010 0.000000000
JK:/crc/cr: 0.003475623 0.000017251 0.996507126
JK:/crc/rr: 0.000000000 0.000719577 0.999280423
JK:/crrc/: 0.999897004 0.000102996 0.000000000
JK:/crrc/cr: 0.333333333 0.333333333 0.333333333
JK:/crrc/rr: 0.000000000 0.000051503 0.999948497
JK:/rc/: 0.996112795 0.003887205 0.000000000
JK:/rc/cr: 0.988799458 0.005600271 0.005600271
JK:/rc/rr: 0.000000000 0.000032782 0.999967218
JK:/rrc/: 0.512472595 0.487527405 0.000000000
JK:/rrc/cr: 0.775976212 0.000022328 0.224001460
JK:/rrc/rr: 0.000000000 0.000031861 0.999968139
JQ:/cc/: 0.198363017 0.801636983 0.000000000
JQ:/cc/cr: 0.000002251 0.000002251 0.999995497
JQ:/cc/rr: 0.000000000 0.000013648 0.999986352
JQ:/crc/: 0.997891278 0.002108722 0.000000000
JQ:/crc/cr: 0.007896712 0.007896712 0.984206576
JQ:/crc/rr: 0.000000000 0.000025031 0.999974969
JQ:/crrc/: 0.026342595 0.973657405 0.000000000
JQ:/crrc/cr: 0.163626911 0.000035261 0.836337828
JQ:/crrc/rr: 0.000000000 0.001954934 0.998045066
JQ:/rc/: 0.999447819 0.000552181 0.000000000
JQ:/rc/cr: 0.039424421 0.039424421 0.921151159
JQ:/rc/rr: 0.000000000 0.000032672 0.999967328
JQ:/rrc/: 0.127094746 0.872905254 0.000000000
JQ:/rrc/cr: 0.000012470 0.000012470 0.999975059
JQ:/rrc/rr: 0.000000000 0.000128472 0.999871528
K:/: 0.756026881 0.243973119 0.000000000
K:/cr: 0.677168939 0.322817398 0.000013663
K:/rr: 0.000000000 0.999993386 0.000006614
KJ:/cc/: 0.000020494 0.999979506 0.000000000
KJ:/cc/cr: 0.000006831 0.000006831 0.999986337
KJ:/cc/rr: 0.000000000 0.500000000 0.500000000
KJ:/crc/: 0.000047498 0.999952502 0.000000000
KJ:/crc/cr: 0.000029789 0.999963157 0.000007054
KJ:/crc/rr: 0.000000000 0.777235293 0.222764707
KJ:/crrc/: 0.045482782 0.954517218 0.000000000
KJ:/crrc/cr: 0.000019185 0.999826601 0.000154215
KJ:/crrc/rr: 0.000000000 0.292807801 0.707192199
KJ:/rc/: 0.048157361 0.951842639 0.000000000
KJ:/rc/cr: 0.005551956 0.974990831 0.019457213
KJ:/rc/rr: 0.000000000 0.319673426 0.680326574
KJ:/rrc/: 0.084183239 0.915816761 0.000000000
KJ:/rrc/cr: 0.000136686 0.999596806 0.000266508
KJ:/rrc/rr: 0.000000000 0.677494937 0.322505063
KK:/cc/: 0.998912303 0.001087697 0.000000000
KK:/cc/cr: 0.987438868 0.006280566 0.006280566
KK:/cc/rr: 0.000000000 0.999989742 0.000010258
KK:/crc/: 0.090143972 0.909856028 0.000000000
KK:/crc/cr: 0.999984494 0.000007753 0.000007753
KK:/crc/rr: 0.000000000 0.999882623 0.000117377
KK:/crrc/: 0.997972039 0.002027961 0.000000000
KK:/crrc/cr: 0.996683662 0.001658169 0.001658169
KK:/crrc/rr: 0.000000000 0.999994946 0.000005054
KK:/rc/: 0.842735582 0.157264418 0.000000000
KK:/rc/cr: 0.999971964 0.000014018 0.000014018
KK:/rc/rr: 0.000000000 0.999996076 0.000003924
KK:/rrc/: 0.538128648 0.461871352 0.000000000
KK:/rrc/cr: 0.999995227 0.000002387 0.000002387
KK:/rrc/rr: 0.000000000 0.999996928 0.000003072
KQ:/cc/: 0.000052913 0.999947087 0.000000000
KQ:/cc/cr: 0.000037032 0.434970584 0.564992384
KQ:/cc/rr: 0.000000000 0.806341266 0.193658734
KQ:/crc/: 0.899815091 0.100184909 0.000000000
KQ:/crc/cr: 0.000454081 0.486985153 0.512560766
KQ:/crc/rr: 0.000000000 0.000033420 0.999966580
KQ:/crrc/: 0.007552608 0.992447392 0.000000000
KQ:/crrc/cr: 0.011465628 0.720274684 0.268259688
KQ:/crrc/rr: 0.000000000 0.022753884 0.977246116
KQ:/rc/: 0.000006614 0.999993386 0.000000000
KQ:/rc/cr: 0.000011186 0.491883274 0.508105540
KQ:/rc/rr: 0.000000000 0.500000000 0.500000000
KQ:/rrc/: 0.694129635 0.305870365 0.000000000
KQ:/rrc/cr: 0.025138323 0.884498022 0.090363655
KQ:/rrc/rr: 0.000000000 0.390610048 0.609389952
Q:/: 0.740149452 0.259850548 0.000000000
Q:/cr: 0.143626833 0.856018236 0.000354931
Q:/rr: 0.000000000 0.999993245 0.000006755
QJ:/cc/: 0.000019242 0.999980758 0.000000000
QJ:/cc/cr: 0.000006414 0.000006414 0.999987172
QJ:/cc/rr: 0.000000000 0.500000000 0.500000000
QJ:/crc/: 0.026835104 0.973164896 0.000000000
QJ:/crc/cr: 0.002185855 0.000002566 0.997811578
QJ:/crc/rr: 0.000000000 0.000139608 0.999860392
QJ:/crrc/: 0.022826785 0.977173215 0.000000000
QJ:/crrc/cr: 0.000015233 0.000015233 0.999969533
QJ:/crrc/rr: 0.000000000 0.000978171 0.999021829
QJ:/rc/: 0.012800700 0.987199300 0.000000000
QJ:/rc/cr: 0.000002281 0.000002281 0.999995438
QJ:/rc/rr: 0.000000000 0.000263868 0.999736132
QJ:/rrc/: 0.000003378 0.999996622 0.000000000
QJ:/rrc/cr: 0.000001126 0.000001126 0.999997748
QJ:/rrc/rr: 0.000000000 0.500000000 0.500000000
QK:/cc/: 0.364882480 0.635117520 0.000000000
QK:/cc/cr: 0.005442300 0.994542524 0.000015176
QK:/cc/rr: 0.000000000 0.999973633 0.000026367
QK:/crc/: 0.003492615 0.996507385 0.000000000
QK:/crc/cr: 0.000003264 0.555959566 0.444037169
QK:/crc/rr: 0.000000000 0.001511022 0.998488978
QK:/crrc/: 0.979009448 0.020990552 0.000000000
QK:/crrc/cr: 0.001011479 0.653128679 0.345859842
QK:/crrc/rr: 0.000000000 0.000593869 0.999406131
QK:/rc/: 0.454066442 0.545933558 0.000000000
QK:/rc/cr: 0.025034145 0.516019525 0.458946330
QK:/rc/rr: 0.000000000 0.196351640 0.803648360
QK:/rrc/: 0.131301254 0.868698746 0.000000000
QK:/rrc/cr: 0.000001296 0.308194336 0.691804367
QK:/rrc/rr: 0.000000000 0.000216302 0.999783698
QQ:/cc/: 0.537759309 0.462240691 0.000000000
QQ:/cc/cr: 0.999972248 0.000013876 0.000013876
QQ:/cc/rr: 0.000000000 0.999982109 0.000017891
QQ:/crc/: 0.978776321 0.021223679 0.000000000
QQ:/crc/cr: 0.999764641 0.000117679 0.000117679
QQ:/crc/rr: 0.000000000 0.999996172 0.000003828
QQ:/crrc/: 0.101667263 0.898332737 0.000000000
QQ:/crrc/cr: 0.999966859 0.000016570 0.000016570
QQ:/crrc/rr: 0.000000000 0.999780377 0.000219623
QQ:/rc/: 0.513939240 0.486060760 0.000000000
QQ:/rc/cr: 0.999990445 0.000004922 0.000004633
QQ:/rc/rr: 0.000000000 0.999993428 0.000006572
QQ:/rrc/: 0.980469178 0.019530822 0.000000000
QQ:/rrc/cr: 0.999884705 0.000057648 0.000057648
QQ:/rrc/rr: 0.000000000 0.999998277 0.000001723
