J:/: 0.077919767 0.922080233 0.000000000
J:/cr: 0.018434562 0.032947972 0.948617466
J:/rr: 0.000000000 0.999935831 0.000064169
JJ:/cc/: 0.000298885 0.999701115 0.000000000
JJ:/cc/cr: 0.999996384 0.000001808 0.000001808
JJ:/cc/rr: 0.000000000 0.990928745 0.009071255
JJ:/crc/: 0.979378022 0.020621978 0.000000000
JJ:/crc/cr: 0.998226506 0.000886747 0.000886747
JJ:/crc/rr: 0.000000000 0.999971993 0.000028007
JJ:/crrc/: 0.970963545 0.029036455 0.000000000
JJ:/crrc/cr: 0.997748809 0.001125596 0.001125596
JJ:/crrc/rr: 0.000000000 0.999949509 0.000050491
JJ:/rc/: 0.875170188 0.124829812 0.000000000
JJ:/rc/cr: 0.999657301 0.000171349 0.000171349
JJ:/rc/rr: 0.000000000 0.999963339 0.000036661
JJ:/rrc/: 0.996769567 0.003230433 0.000000000
JJ:/rrc/cr: 0.993378319 0.003310841 0.003310841
JJ:/rrc/rr: 0.000000000 0.999983905 0.000016095
JK:/cc/: 0.075410494 0.924589506 0.000000000
JK:/cc/cr: 0.000551694 0.000001955 0.999446351
JK:/cc/rr: 0.000000000 0.000035953 0.999964047
JK:/crc/: 0.103713571 0.896286429 0.000000000
JK:/crc/cr: 0.059868661 0.000020402 0.940110936
JK:/crc/rr: 0.000000000 0.000264476 0.999735524
JK:/crrc/: 0.999825194 0.000174806 0.000000000
JK:/crrc/cr: 0.186968821 0.186968821 0.626062358
JK:/crrc/rr: 0.000000000 0.000049034 0.999950966
JK:/rc/: 0.985050822 0.014949178 0.000000000
JK:/rc/cr: 0.893709827 0.001430816 0.104859357
JK:/rc/rr: 0.000000000 0.000032571 0.999967429
JK:/rrc/: 0.511474986 0.488525014 0.000000000
JK:/rrc/cr: 0.809563168 0.000021893 0.190414939
JK:/rrc/rr: 0.000000000 0.000031366 0.999968634
JQ:/cc/: 0.171797681 0.828202319 0.000000000
JQ:/cc/cr: 0.000007918 0.000002182 0.999989899
JQ:/cc/rr: 0.000000000 0.000015782 0.999984218
JQ:/crc/: 0.993118586 0.006881414 0.000000000
JQ:/crc/cr: 0.189477008 0.002657372 0.807865619
JQ:/crc/rr: 0.000000000 0.000027620 0.999972380
JQ:/crrc/: 0.027382972 0.972617028 0.000000000
JQ:/crrc/cr: 0.138550927 0.000033603 0.861415470
JQ:/crrc/rr: 0.000000000 0.001790345 0.998209655
JQ:/rc/: 0.993793097 0.006206903 0.000000000
JQ:/rc/cr: 0.003446086 0.003446086 0.993107828
JQ:/rc/rr: 0.000000000 0.000032285 0.999967715
JQ:/rrc/: 0.133614505 0.866385495 0.000000000
JQ:/rrc/cr: 0.002047570 0.000012345 0.997940085
JQ:/rrc/rr: 0.000000000 0.000120071 0.999879929
K:/: 0.755156381 0.244843619 0.000000000
K:/cr: 0.693462699 0.306523686 0.000013614
K:/rr: 0.000000000 0.999993379 0.000006621
KJ:/cc/: 0.000056752 0.999943248 0.000000000
KJ:/cc/cr: 0.000049553 0.000008879 0.999941568
KJ:/cc/rr: 0.000000000 0.820083727 0.179916273
KJ:/crc/: 0.000047742 0.999952258 0.000000000
KJ:/crc/cr: 0.000412079 0.999580518 0.000007403
KJ:/crc/rr: 0.000000000 0.767423933 0.232576067
KJ:/crrc/: 0.060545708 0.939454292 0.000000000
KJ:/crrc/cr: 0.003632582 0.984268747 0.012098671
KJ:/crrc/rr: 0.000000000 0.384572608 0.615427392
KJ:/rc/: 0.069814861 0.930185139 0.000000000
KJ:/rc/cr: 0.007138556 0.962667808 0.030193635
KJ:/rc/rr: 0.000000000 0.403944926 0.596055074
KJ:/rrc/: 0.082477390 0.917522610 0.000000000
KJ:/rrc/cr: 0.000497534 0.999085736 0.000416730
KJ:/rrc/rr: 0.000000000 0.514368560 0.485631440
KK:/cc/: 0.989751181 0.010248819 0.000000000
KK:/cc/cr: 0.998671639 0.000664181 0.000664181
KK:/cc/rr: 0.000000000 0.999989684 0.000010316
KK:/crc/: 0.206549131 0.793450869 0.000000000
KK:/crc/cr: 0.999981341 0.000009329 0.000009329
KK:/crc/rr: 0.000000000 0.999946242 0.000053758
KK:/crrc/: 0.985571270 0.014428730 0.000000000
KK:/crrc/cr: 0.999546458 0.000226771 0.000226771
KK:/crrc/rr: 0.000000000 0.999995020 0.000004980
KK:/rc/: 0.853174031 0.146825969 0.000000000
KK:/rc/cr: 0.999969937 0.000015032 0.000015032
KK:/rc/rr: 0.000000000 0.999996120 0.000003880
KK:/rrc/: 0.529875070 0.470124930 0.000000000
KK:/rrc/cr: 0.999995305 0.000002347 0.000002347
KK:/rrc/rr: 0.000000000 0.999996876 0.000003124
KQ:/cc/: 0.000268878 0.999731122 0.000000000
KQ:/cc/cr: 0.000052337 0.430240736 0.569706927
KQ:/cc/rr: 0.000000000 0.962025109 0.037974891
KQ:/crc/: 0.837225409 0.162774591 0.000000000
KQ:/crc/cr: 0.000341587 0.535205169 0.464453245
KQ:/crc/rr: 0.000000000 0.000023687 0.999976313
KQ:/crrc/: 0.011998819 0.988001181 0.000000000
KQ:/crrc/cr: 0.025645879 0.667958103 0.306396018
KQ:/crrc/rr: 0.000000000 0.225442651 0.774557349
KQ:/rc/: 0.000652692 0.999347308 0.000000000
KQ:/rc/cr: 0.000039292 0.494386921 0.505573787
KQ:/rc/rr: 0.000000000 0.065542397 0.934457603
KQ:/rrc/: 0.705016020 0.294983980 0.000000000
KQ:/rrc/cr: 0.029811755 0.858293897 0.111894348
KQ:/rrc/rr: 0.000000000 0.387795324 0.612204676
Q:/: 0.752380010 0.247619990 0.000000000
Q:/cr: 0.168047825 0.830853075 0.001099100
Q:/rr: 0.000000000 0.999993354 0.000006646
QJ:/cc/: 0.000020192 0.999979808 0.000000000
QJ:/cc/cr: 0.000022554 0.000006731 0.999970715
QJ:/cc/rr: 0.000000000 0.500000000 0.500000000
QJ:/crc/: 0.028708214 0.971291786 0.000000000
QJ:/crc/cr: 0.001129483 0.000002780 0.998867737
QJ:/crc/rr: 0.000000000 0.000141092 0.999858908
QJ:/crrc/: 0.018270572 0.981729428 0.000000000
QJ:/crrc/cr: 0.000190381 0.000013599 0.999796020
QJ:/crrc/rr: 0.000000000 0.001096095 0.998903905
QJ:/rc/: 0.008145215 0.991854785 0.000000000
QJ:/rc/cr: 0.000042065 0.000002233 0.999955702
QJ:/rc/rr: 0.000000000 0.000407944 0.999592056
QJ:/rrc/: 0.000003323 0.999996677 0.000000000
QJ:/rrc/cr: 0.000001969 0.000001108 0.999996924
QJ:/rrc/rr: 0.000000000 0.500000000 0.500000000
QK:/cc/: 0.543509714 0.456490286 0.000000000
QK:/cc/cr: 0.300040286 0.699934174 0.000025540
QK:/cc/rr: 0.000000000 0.999981424 0.000018576
QK:/crc/: 0.011308836 0.988691164 0.000000000
QK:/crc/cr: 0.000002731 0.559663200 0.440334069
QK:/crc/rr: 0.000000000 0.000358171 0.999641829
QK:/crrc/: 0.930262017 0.069737983 0.000000000
QK:/crrc/cr: 0.000306879 0.594118182 0.405574939
QK:/crrc/rr: 0.000000000 0.000565475 0.999434525
QK:/rc/: 0.458789538 0.541210462 0.000000000
QK:/rc/cr: 0.033314340 0.511343426 0.455342233
QK:/rc/rr: 0.000000000 0.196389348 0.803610652
QK:/rrc/: 0.127834408 0.872165592 0.000000000
QK:/rrc/cr: 0.000001270 0.309864521 0.690134210
QK:/rrc/rr: 0.000000000 0.000625238 0.999374762
QQ:/cc/: 0.482019552 0.517980448 0.000000000
QQ:/cc/cr: 0.999974012 0.000012994 0.000012994
QQ:/cc/rr: 0.000000000 0.999979055 0.000020945
QQ:/crc/: 0.971167788 0.028832212 0.000000000
QQ:/crc/cr: 0.999812686 0.000093657 0.000093657
QQ:/crc/rr: 0.000000000 0.999995829 0.000004171
QQ:/crrc/: 0.134516527 0.865483473 0.000000000
QQ:/crrc/cr: 0.999969148 0.000015426 0.000015426
QQ:/crrc/rr: 0.000000000 0.999851124 0.000148876
QQ:/rc/: 0.526045851 0.473954149 0.000000000
QQ:/rc/cr: 0.999990652 0.000004674 0.000004674
QQ:/rc/rr: 0.000000000 0.999993683 0.000006317
QQ:/rrc/: 0.975467427 0.024532573 0.000000000
QQ:/rrc/cr: 0.999909703 0.000045148 0.000045148
QQ:/rrc/rr: 0.000000000 0.999998297 0.000001703
