J:/: 0.071908390 0.928091610 0.000000000
J:/cr: 0.020027165 0.031619410 0.948353425
J:/rr: 0.000000000 0.999930467 0.000069533
JJ:/cc/: 0.000270167 0.999729833 0.000000000
JJ:/cc/cr: 0.999996407 0.000001796 0.000001796
JJ:/cc/rr: 0.000000000 0.990029497 0.009970503
JJ:/crc/: 0.983244650 0.016755350 0.000000000
JJ:/crc/cr: 0.997740255 0.001129872 0.001129872
JJ:/crc/rr: 0.000000000 0.999971119 0.000028881
JJ:/crrc/: 0.992580942 0.007419058 0.000000000
JJ:/crrc/cr: 0.991942535 0.004028732 0.004028732
JJ:/crrc/rr: 0.000000000 0.999954831 0.000045169
JJ:/rc/: 0.929454901 0.070545099 0.000000000
JJ:/rc/cr: 0.999342899 0.000328551 0.000328551
JJ:/rc/rr: 0.000000000 0.999962595 0.000037405
JJ:/rrc/: 0.999551868 0.000448132 0.000000000
JJ:/rrc/cr: 0.948275799 0.025862101 0.025862101
JJ:/rrc/rr: 0.000000000 0.999982608 0.000017392
JK:/cc/: 0.081628143 0.918371857 0.000000000
JK:/cc/cr: 0.000103105 0.000001955 0.999894939
JK:/cc/rr: 0.000000000 0.000033000 0.999967000
JK:/crc/: 0.064340834 0.935659166 0.000000000
JK:/crc/cr: 0.050813257 0.000020233 0.949166509
JK:/crc/rr: 0.000000000 0.000441354 0.999558646
JK:/crrc/: 0.999910332 0.000089668 0.000000000
JK:/crrc/cr: 0.333333333 0.333333333 0.333333333
JK:/crrc/rr: 0.000000000 0.000044838 0.999955162
JK:/rc/: 0.990493012 0.009506988 0.000000000
JK:/rc/cr: 0.995124084 0.002437958 0.002437958
JK:/rc/rr: 0.000000000 0.000035100 0.999964900
JK:/rrc/: 0.543131901 0.456868099 0.000000000
JK:/rrc/cr: 0.958893727 0.000025368 0.041080906
JK:/rrc/rr: 0.000000000 0.000032008 0.999967992
JQ:/cc/: 0.155607099 0.844392901 0.000000000
JQ:/cc/cr: 0.000003465 0.000002127 0.999994408
JQ:/cc/rr: 0.000000000 0.000017311 0.999982689
JQ:/crc/: 0.990377256 0.009622744 0.000000000
JQ:/crc/cr: 0.001967360 0.001967360 0.996065279
JQ:/crc/rr: 0.000000000 0.000028673 0.999971327
JQ:/crrc/: 0.024061882 0.975938118 0.000000000
JQ:/crrc/cr: 0.168016398 0.000030626 0.831952975
JQ:/crrc/rr: 0.000000000 0.001863283 0.998136717
JQ:/rc/: 0.998066987 0.001933013 0.000000000
JQ:/rc/cr: 0.011990419 0.011990419 0.976019163
JQ:/rc/rr: 0.000000000 0.000034834 0.999965166
JQ:/rrc/: 0.180329613 0.819670387 0.000000000
JQ:/rrc/cr: 0.000014139 0.000014139 0.999971721
JQ:/rrc/rr: 0.000000000 0.000096404 0.999903596
K:/: 0.743640334 0.256359666 0.000000000
K:/cr: 0.714696949 0.285290048 0.000013003
K:/rr: 0.000000000 0.999993276 0.000006724
KJ:/cc/: 0.000046352 0.999953648 0.000000000
KJ:/cc/cr: 0.000046203 0.000010104 0.999943694
KJ:/cc/rr: 0.000000000 0.789611914 0.210388086
KJ:/crc/: 0.000048992 0.999951008 0.000000000
KJ:/crc/cr: 0.000032480 0.999959923 0.000007596
KJ:/crc/rr: 0.000000000 0.767429868 0.232570132
KJ:/crrc/: 0.068247410 0.931752590 0.000000000
KJ:/crrc/cr: 0.000094417 0.994266150 0.005639433
KJ:/crrc/rr: 0.000000000 0.578869383 0.421130617
KJ:/rc/: 0.051471829 0.948528171 0.000000000
KJ:/rc/cr: 0.003870034 0.979698414 0.016431552
KJ:/rc/rr: 0.000000000 0.255813426 0.744186574
KJ:/rrc/: 0.081611438 0.918388562 0.000000000
KJ:/rrc/cr: 0.000206433 0.999792347 0.000001220
KJ:/rrc/rr: 0.000000000 0.607221550 0.392778450
KK:/cc/: 0.998738051 0.001261949 0.000000000
KK:/cc/cr: 0.989696445 0.005151778 0.005151778
KK:/cc/rr: 0.000000000 0.999990236 0.000009764
KK:/crc/: 0.127456491 0.872543509 0.000000000
KK:/crc/cr: 0.999982589 0.000008706 0.000008706
KK:/crc/rr: 0.000000000 0.999910604 0.000089396
KK:/crrc/: 0.991994958 0.008005042 0.000000000
KK:/crrc/cr: 0.999242431 0.000378785 0.000378785
KK:/crrc/rr: 0.000000000 0.999995415 0.000004585
KK:/rc/: 0.810315601 0.189684399 0.000000000
KK:/rc/cr: 0.999976369 0.000011816 0.000011816
KK:/rc/rr: 0.000000000 0.999995851 0.000004149
KK:/rrc/: 0.509742201 0.490257799 0.000000000
KK:/rrc/cr: 0.999995428 0.000002286 0.000002286
KK:/rrc/rr: 0.000000000 0.999996702 0.000003298
KQ:/cc/: 0.000052156 0.999947844 0.000000000
KQ:/cc/cr: 0.000039288 0.422525559 0.577435153
KQ:/cc/rr: 0.000000000 0.813024676 0.186975324
KQ:/crc/: 0.856490608 0.143509392 0.000000000
KQ:/crc/cr: 0.000291140 0.610397295 0.389311565
KQ:/crc/rr: 0.000000000 0.000035366 0.999964634
KQ:/crrc/: 0.009963853 0.990036147 0.000000000
KQ:/crrc/cr: 0.012756151 0.696617571 0.290626278
KQ:/crrc/rr: 0.000000000 0.280034263 0.719965737
KQ:/rc/: 0.000238775 0.999761225 0.000000000
KQ:/rc/cr: 0.000021410 0.474761731 0.525216859
KQ:/rc/rr: 0.000000000 0.039846234 0.960153766
KQ:/rrc/: 0.695754514 0.304245486 0.000000000
KQ:/rrc/cr: 0.029448338 0.850803976 0.119747686
KQ:/rrc/rr: 0.000000000 0.384823558 0.615176442
Q:/: 0.757144299 0.242855701 0.000000000
Q:/cr: 0.180902731 0.818436521 0.000660748
Q:/rr: 0.000000000 0.999993396 0.000006604
QJ:/cc/: 0.000020588 0.999979412 0.000000000
QJ:/cc/cr: 0.000006863 0.000006863 0.999986274
QJ:/cc/rr: 0.000000000 0.500000000 0.500000000
QJ:/crc/: 0.031200782 0.968799218 0.000000000
QJ:/crc/cr: 0.001167883 0.000002885 0.998829232
QJ:/crc/rr: 0.000000000 0.000134375 0.999865625
QJ:/crrc/: 0.013261927 0.986738073 0.000000000
QJ:/crrc/cr: 0.000262965 0.000012815 0.999724220
QJ:/crrc/rr: 0.000000000 0.001430272 0.998569728
QJ:/rc/: 0.009436900 0.990563100 0.000000000
QJ:/rc/cr: 0.000002222 0.000002222 0.999995556
QJ:/rc/rr: 0.000000000 0.000349890 0.999650110
QJ:/rrc/: 0.000003302 0.999996698 0.000000000
QJ:/rrc/cr: 0.000001101 0.000001101 0.999997799
QJ:/rrc/rr: 0.000000000 0.500000000 0.500000000
QK:/cc/: 0.519056324 0.480943676 0.000000000
QK:/cc/cr: 0.016406873 0.983546466 0.000046661
QK:/cc/rr: 0.000000000 0.214697470 0.785302530
QK:/crc/: 0.000010885 0.999989115 0.000000000
QK:/crc/cr: 0.000003266 0.539242091 0.460754643
QK:/crc/rr: 0.000000000 0.614812907 0.385187093
QK:/crrc/: 0.966493740 0.033506260 0.000000000
QK:/crrc/cr: 0.000771074 0.618038456 0.381190470
QK:/crrc/rr: 0.000000000 0.000540056 0.999459944
QK:/rc/: 0.435267073 0.564732927 0.000000000
QK:/rc/cr: 0.000119380 0.538428395 0.461452225
QK:/rc/rr: 0.000000000 0.207450320 0.792549680
QK:/rrc/: 0.115009845 0.884990155 0.000000000
QK:/rrc/cr: 0.000001556 0.304493468 0.695504976
QK:/rrc/rr: 0.000000000 0.000262457 0.999737543
QQ:/cc/: 0.473776916 0.526223084 0.000000000
QQ:/cc/cr: 0.999973917 0.000013042 0.000013042
QQ:/cc/rr: 0.000000000 0.999978272 0.000021728
QQ:/crc/: 0.980030447 0.019969553 0.000000000
QQ:/crc/cr: 0.999720066 0.000139967 0.000139967
QQ:/crc/rr: 0.000000000 0.999995722 0.000004278
QQ:/crrc/: 0.114607253 0.885392747 0.000000000
QQ:/crrc/cr: 0.999971435 0.000014282 0.000014282
QQ:/crrc/rr: 0.000000000 0.999834494 0.000165506
QQ:/rc/: 0.472242992 0.527757008 0.000000000
QQ:/rc/cr: 0.999991645 0.000004184 0.000004171
QQ:/rc/rr: 0.000000000 0.999993008 0.000006992
QQ:/rrc/: 0.976678218 0.023321782 0.000000000
QQ:/rrc/cr: 0.999905613 0.000047193 0.000047193
QQ:/rrc/rr: 0.000000000 0.999998310 0.000001690
