J:/: 0.073585967 0.926414033 0.000000000
J:/cr: 0.017676646 0.035425443 0.946897912
J:/rr: 0.000000000 0.999932052 0.000067948
JJ:/cc/: 0.000128492 0.999871508 0.000000000
JJ:/cc/cr: 0.999993663 0.000004538 0.000001799
JJ:/cc/rr: 0.000000000 0.978998141 0.021001859
JJ:/crc/: 0.967957820 0.032042180 0.000000000
JJ:/crc/cr: 0.998943389 0.000528305 0.000528305
JJ:/crc/rr: 0.000000000 0.999973767 0.000026233
JJ:/crrc/: 0.987887956 0.012112044 0.000000000
JJ:/crrc/cr: 0.994398103 0.002800948 0.002800948
JJ:/crrc/rr: 0.000000000 0.999948488 0.000051512
JJ:/rc/: 0.945848603 0.054151397 0.000000000
JJ:/rc/cr: 0.999163484 0.000418258 0.000418258
JJ:/rc/rr: 0.000000000 0.999964081 0.000035919
JJ:/rrc/: 0.999512860 0.000487140 0.000000000
JJ:/rrc/cr: 0.953502482 0.023248759 0.023248759
JJ:/rrc/rr: 0.000000000 0.999983004 0.000016996
JK:/cc/: 0.089143853 0.910856147 0.000000000
JK:/cc/cr: 0.000001975 0.000001975 0.999996050
JK:/cc/rr: 0.000000000 0.000030272 0.999969728
JK:/crc/: 0.045128917 0.954871083 0.000000000
JK:/crc/cr: 0.010552368 0.000017728 0.989429904
JK:/crc/rr: 0.000000000 0.000562657 0.999437343
JK:/crrc/: 0.999898224 0.000101776 0.000000000
JK:/crrc/cr: 0.333333333 0.333333333 0.333333333
JK:/crrc/rr: 0.000000000 0.000050893 0.999949107
JK:/rc/: 0.996256684 0.003743316 0.000000000
JK:/rc/cr: 0.987898833 0.006050584 0.006050584
JK:/rc/rr: 0.000000000 0.000034102 0.999965898
JK:/rrc/: 0.550813750 0.449186250 0.000000000
JK:/rrc/cr: 0.934761175 0.000025213 0.065213612
JK:/rrc/rr: 0.000000000 0.000030842 0.999969158
JQ:/cc/: 0.173353988 0.826646012 0.000000000
JQ:/cc/cr: 0.000002176 0.000002176 0.999995647
JQ:/cc/rr: 0.000000000 0.000015567 0.999984433
JQ:/crc/: 0.991107299 0.008892701 0.000000000
JQ:/crc/cr: 0.102674823 0.001903590 0.895421587
JQ:/crc/rr: 0.000000000 0.000025620 0.999974380
JQ:/crrc/: 0.032618855 0.967381145 0.000000000
JQ:/crrc/cr: 0.219080262 0.000035069 0.780884669
JQ:/crrc/rr: 0.000000000 0.001560074 0.998439926
JQ:/rc/: 0.999784293 0.000215707 0.000000000
JQ:/rc/cr: 0.104999966 0.104999966 0.790000068
JQ:/rc/rr: 0.000000000 0.000033981 0.999966019
JQ:/rrc/: 0.131275382 0.868724618 0.000000000
JQ:/rrc/cr: 0.000015132 0.000013037 0.999971831
JQ:/rrc/rr: 0.000000000 0.000129408 0.999870592
K:/: 0.755325369 0.244674631 0.000000000
K:/cr: 0.670018235 0.329968142 0.000013624
K:/rr: 0.000000000 0.999993380 0.000006620
KJ:/cc/: 0.000020435 0.999979565 0.000000000
KJ:/cc/cr: 0.000006812 0.000006812 0.999986376
KJ:/cc/rr: 0.000000000 0.500000000 0.500000000
KJ:/crc/: 0.000020644 0.999979356 0.000000000
KJ:/crc/cr: 0.000006881 0.999986237 0.000006881
KJ:/crc/rr: 0.000000000 0.500000000 0.500000000
KJ:/crrc/: 0.067930632 0.932069368 0.000000000
KJ:/crrc/cr: 0.000119353 0.999608865 0.000271782
KJ:/crrc/rr: 0.000000000 0.461212090 0.538787910
KJ:/rc/: 0.063550827 0.936449173 0.000000000
KJ:/rc/cr: 0.003974630 0.981645882 0.014379488
KJ:/rc/rr: 0.000000000 0.376698585 0.623301415
KJ:/rrc/: 0.090178846 0.909821154 0.000000000
KJ:/rrc/cr: 0.000095305 0.999714622 0.000190073
KJ:/rrc/rr: 0.000000000 0.525092012 0.474907988
KK:/cc/: 0.999920751 0.000079249 0.000000000
KK:/cc/cr: 0.828092109 0.085953946 0.085953946
KK:/cc/rr: 0.000000000 0.999989782 0.000010218
KK:/crc/: 0.108717387 0.891282613 0.000000000
KK:/crc/cr: 0.999984559 0.000007721 0.000007721
KK:/crc/rr: 0.000000000 0.999905058 0.000094942
KK:/crrc/: 0.991807622 0.008192378 0.000000000
KK:/crrc/cr: 0.999172683 0.000413658 0.000413658
KK:/crrc/rr: 0.000000000 0.999994875 0.000005125
KK:/rc/: 0.821385193 0.178614807 0.000000000
KK:/rc/cr: 0.999975293 0.000012354 0.000012354
KK:/rc/rr: 0.000000000 0.999995970 0.000004030
KK:/rrc/: 0.520500320 0.479499680 0.000000000
KK:/rrc/cr: 0.999995398 0.000002301 0.000002301
KK:/rrc/rr: 0.000000000 0.999996821 0.000003179
KQ:/cc/: 0.000070936 0.999929064 0.000000000
KQ:/cc/cr: 0.000006812 0.446241913 0.553751275
KQ:/cc/rr: 0.000000000 0.855959238 0.144040762
KQ:/crc/: 0.915141307 0.084858693 0.000000000
KQ:/crc/cr: 0.000081091 0.646201071 0.353717839
KQ:/crc/rr: 0.000000000 0.000011279 0.999988721
KQ:/crrc/: 0.000909027 0.999090973 0.000000000
KQ:/crrc/cr: 0.004828437 0.710994064 0.284177499
KQ:/crrc/rr: 0.000000000 0.673977805 0.326022195
KQ:/rc/: 0.000006620 0.999993380 0.000000000
KQ:/rc/cr: 0.000019226 0.495148643 0.504832131
KQ:/rc/rr: 0.000000000 0.500000000 0.500000000
KQ:/rrc/: 0.701895817 0.298104183 0.000000000
KQ:/rrc/cr: 0.037905815 0.881726093 0.080368091
KQ:/rrc/rr: 0.000000000 0.395655078 0.604344922
Q:/: 0.735785133 0.264214867 0.000000000
Q:/cr: 0.141457987 0.858445474 0.000096539
Q:/rr: 0.000000000 0.999993205 0.000006795
QJ:/cc/: 0.000018924 0.999981076 0.000000000
QJ:/cc/cr: 0.000006308 0.000006308 0.999987384
QJ:/cc/rr: 0.000000000 0.500000000 0.500000000
QJ:/crc/: 0.028482811 0.971517189 0.000000000
QJ:/crc/cr: 0.003188021 0.000002521 0.996809458
QJ:/crc/rr: 0.000000000 0.000128993 0.999871007
QJ:/crrc/: 0.010239991 0.989760009 0.000000000
QJ:/crrc/cr: 0.000015018 0.000015018 0.999969964
QJ:/crrc/rr: 0.000000000 0.002177381 0.997822619
QJ:/rc/: 0.009036992 0.990963008 0.000000000
QJ:/rc/cr: 0.000002286 0.000002286 0.999995428
QJ:/rc/rr: 0.000000000 0.000375980 0.999624020
QJ:/rrc/: 0.000003398 0.999996602 0.000000000
QJ:/rrc/cr: 0.000001133 0.000001133 0.999997735
QJ:/rrc/rr: 0.000000000 0.500000000 0.500000000
QK:/cc/: 0.006220453 0.993779547 0.000000000
QK:/cc/cr: 0.002898801 0.997094619 0.000006581
QK:/cc/rr: 0.000000000 0.998478890 0.001521110
QK:/crc/: 0.000453998 0.999546002 0.000000000
QK:/crc/cr: 0.000002936 0.558696346 0.441300718
QK:/crc/rr: 0.000000000 0.008092729 0.991907271
QK:/crrc/: 0.992778911 0.007221089 0.000000000
QK:/crrc/cr: 0.002058449 0.274386335 0.723555217
QK:/crrc/rr: 0.000000000 0.000575325 0.999424675
QK:/rc/: 0.448205218 0.551794782 0.000000000
QK:/rc/cr: 0.003029556 0.529544470 0.467425974
QK:/rc/rr: 0.000000000 0.193763227 0.806236773
QK:/rrc/: 0.113570565 0.886429435 0.000000000
QK:/rrc/cr: 0.000009432 0.295147383 0.704843184
QK:/rrc/rr: 0.000000000 0.000014959 0.999985041
QQ:/cc/: 0.566810187 0.433189813 0.000000000
QQ:/cc/cr: 0.999944615 0.000040824 0.000014562
QQ:/cc/rr: 0.000000000 0.999983307 0.000016693
QQ:/crc/: 0.992192964 0.007807036 0.000000000
QQ:/crc/cr: 0.999372518 0.000313741 0.000313741
QQ:/crc/rr: 0.000000000 0.999996297 0.000003703
QQ:/crrc/: 0.072659296 0.927340704 0.000000000
QQ:/crrc/cr: 0.999967942 0.000016029 0.000016029
QQ:/crrc/rr: 0.000000000 0.999693138 0.000306862
QQ:/rc/: 0.509955607 0.490044393 0.000000000
QQ:/rc/cr: 0.999990755 0.000004622 0.000004622
QQ:/rc/rr: 0.000000000 0.999993337 0.000006663
QQ:/rrc/: 0.983641388 0.016358612 0.000000000
QQ:/rrc/cr: 0.999861530 0.000069235 0.000069235
QQ:/rrc/rr: 0.000000000 0.999998273 0.000001727
