J:/: 0.082483687 0.917516313 0.000000000
J:/cr: 0.017681876 0.036997704 0.945320420
J:/rr: 0.000000000 0.999939382 0.000060618
JJ:/cc/: 0.000290995 0.999709005 0.000000000
JJ:/cc/cr: 0.999996366 0.000001817 0.000001817
JJ:/cc/rr: 0.000000000 0.990636462 0.009363538
JJ:/crc/: 0.925985687 0.074014313 0.000000000
JJ:/crc/cr: 0.999557765 0.000221118 0.000221118
JJ:/crc/rr: 0.000000000 0.999973489 0.000026511
JJ:/crrc/: 0.983996905 0.016003095 0.000000000
JJ:/crrc/cr: 0.995720319 0.002139840 0.002139840
JJ:/crrc/rr: 0.000000000 0.999947799 0.000052201
JJ:/rc/: 0.945987509 0.054012491 0.000000000
JJ:/rc/cr: 0.999251802 0.000374099 0.000374099
JJ:/rc/rr: 0.000000000 0.999967960 0.000032040
JJ:/rrc/: 0.997325060 0.002674940 0.000000000
JJ:/rrc/cr: 0.992445722 0.003777139 0.003777139
JJ:/rrc/rr: 0.000000000 0.999984804 0.000015196
JK:/cc/: 0.076752813 0.923247187 0.000000000
JK:/cc/cr: 0.000408770 0.000001968 0.999589263
JK:/cc/rr: 0.000000000 0.000035500 0.999964500
JK:/crc/: 0.056735490 0.943264510 0.000000000
JK:/crc/cr: 0.015265942 0.000017350 0.984716707
JK:/crc/rr: 0.000000000 0.000432689 0.999567311
JK:/crrc/: 0.999843641 0.000156359 0.000000000
JK:/crrc/cr: 0.380753848 0.219008905 0.400237246
JK:/crrc/rr: 0.000000000 0.000051374 0.999948626
JK:/rc/: 0.996205269 0.003794731 0.000000000
JK:/rc/cr: 0.815865154 0.005324755 0.178810091
JK:/rc/rr: 0.000000000 0.000030424 0.999969576
JK:/rrc/: 0.509539541 0.490460459 0.000000000
JK:/rrc/cr: 0.756130985 0.000020600 0.243848415
JK:/rrc/rr: 0.000000000 0.000029743 0.999970257
JQ:/cc/: 0.201082696 0.798917304 0.000000000
JQ:/cc/cr: 0.000006379 0.000002274 0.999991347
JQ:/cc/rr: 0.000000000 0.000013550 0.999986450
JQ:/crc/: 0.986605070 0.013394930 0.000000000
JQ:/crc/cr: 0.095722130 0.001221795 0.903056075
JQ:/crc/rr: 0.000000000 0.000024882 0.999975118
JQ:/crrc/: 0.045059277 0.954940723 0.000000000
JQ:/crrc/cr: 0.090136942 0.000035860 0.909827198
JQ:/crrc/rr: 0.000000000 0.001139967 0.998860033
JQ:/rc/: 0.996165220 0.003834780 0.000000000
JQ:/rc/cr: 0.005269145 0.005269145 0.989461709
JQ:/rc/rr: 0.000000000 0.000030426 0.999969574
JQ:/rrc/: 0.121283589 0.878716411 0.000000000
JQ:/rrc/cr: 0.000195830 0.000011498 0.999792672
JQ:/rrc/rr: 0.000000000 0.000124959 0.999875041
K:/: 0.757122219 0.242877781 0.000000000
K:/cr: 0.672173109 0.327813167 0.000013724
K:/rr: 0.000000000 0.999993396 0.000006604
KJ:/cc/: 0.000055317 0.999944683 0.000000000
KJ:/cc/cr: 0.000049832 0.000009282 0.999940886
KJ:/cc/rr: 0.000000000 0.813922275 0.186077725
KJ:/crc/: 0.000046550 0.999953450 0.000000000
KJ:/crc/cr: 0.000513139 0.999479883 0.000006978
KJ:/crc/rr: 0.000000000 0.775154124 0.224845876
KJ:/crrc/: 0.073469560 0.926530440 0.000000000
KJ:/crrc/cr: 0.000985392 0.995787150 0.003227457
KJ:/crrc/rr: 0.000000000 0.444991118 0.555008882
KJ:/rc/: 0.079739987 0.920260013 0.000000000
KJ:/rc/cr: 0.016720217 0.964886039 0.018393745
KJ:/rc/rr: 0.000000000 0.317207640 0.682792360
KJ:/rrc/: 0.107935396 0.892064604 0.000000000
KJ:/rrc/cr: 0.001031964 0.997463329 0.001504707
KJ:/rrc/rr: 0.000000000 0.701734579 0.298265421
KK:/cc/: 0.998036987 0.001963013 0.000000000
KK:/cc/cr: 0.993008542 0.003495729 0.003495729
KK:/cc/rr: 0.000000000 0.999989687 0.000010313
KK:/crc/: 0.138395225 0.861604775 0.000000000
KK:/crc/cr: 0.999983803 0.000008099 0.000008099
KK:/crc/rr: 0.000000000 0.999924372 0.000075628
KK:/crrc/: 0.995392753 0.004607247 0.000000000
KK:/crrc/cr: 0.998522773 0.000738613 0.000738613
KK:/crrc/rr: 0.000000000 0.999994872 0.000005128
KK:/rc/: 0.886187306 0.113812694 0.000000000
KK:/rc/cr: 0.999961317 0.000019342 0.000019342
KK:/rc/rr: 0.000000000 0.999996274 0.000003726
KK:/rrc/: 0.537465478 0.462534522 0.000000000
KK:/rrc/cr: 0.999995241 0.000002380 0.000002380
KK:/rrc/rr: 0.000000000 0.999996928 0.000003072
KQ:/cc/: 0.000057674 0.999942326 0.000000000
KQ:/cc/cr: 0.000047440 0.463779890 0.536172670
KQ:/cc/rr: 0.000000000 0.821526798 0.178473202
KQ:/crc/: 0.892165035 0.107834965 0.000000000
KQ:/crc/cr: 0.000425076 0.591291754 0.408283169
KQ:/crc/rr: 0.000000000 0.000028963 0.999971037
KQ:/crrc/: 0.017743850 0.982256150 0.000000000
KQ:/crrc/cr: 0.048330547 0.681902030 0.269767424
KQ:/crrc/rr: 0.000000000 0.420158805 0.579841195
KQ:/rc/: 0.000041168 0.999958832 0.000000000
KQ:/rc/cr: 0.000034707 0.503831143 0.496134150
KQ:/rc/rr: 0.000000000 0.919793395 0.080206605
KQ:/rrc/: 0.685106131 0.314893869 0.000000000
KQ:/rrc/cr: 0.032178758 0.839214223 0.128607018
KQ:/rrc/rr: 0.000000000 0.389989454 0.610010546
Q:/: 0.738567809 0.261432191 0.000000000
Q:/cr: 0.139913656 0.859696263 0.000390080
Q:/rr: 0.000000000 0.999993230 0.000006770
QJ:/cc/: 0.000019125 0.999980875 0.000000000
QJ:/cc/cr: 0.000013400 0.000006375 0.999980224
QJ:/cc/rr: 0.000000000 0.500000000 0.500000000
QJ:/crc/: 0.027179518 0.972820482 0.000000000
QJ:/crc/cr: 0.003842921 0.000002541 0.996154538
QJ:/crc/rr: 0.000000000 0.000136418 0.999863582
QJ:/crrc/: 0.009357824 0.990642176 0.000000000
QJ:/crrc/cr: 0.000129810 0.000015332 0.999854858
QJ:/crrc/rr: 0.000000000 0.002434584 0.997565416
QJ:/rc/: 0.010636519 0.989363481 0.000000000
QJ:/rc/cr: 0.000003227 0.000002281 0.999994492
QJ:/rc/rr: 0.000000000 0.000318237 0.999681763
QJ:/rrc/: 0.000003385 0.999996615 0.000000000
QJ:/rrc/cr: 0.000001128 0.000001128 0.999997743
QJ:/rrc/rr: 0.000000000 0.500000000 0.500000000
QK:/cc/: 0.465349782 0.534650218 0.000000000
QK:/cc/cr: 0.118196043 0.881777983 0.000025974
QK:/cc/rr: 0.000000000 0.999979450 0.000020550
QK:/crc/: 0.008444520 0.991555480 0.000000000
QK:/crc/cr: 0.000002493 0.570848817 0.429148690
QK:/crc/rr: 0.000000000 0.000439076 0.999560924
QK:/crrc/: 0.958828142 0.041171858 0.000000000
QK:/crrc/cr: 0.000696804 0.582561379 0.416741818
QK:/crrc/rr: 0.000000000 0.000639274 0.999360726
QK:/rc/: 0.468080113 0.531919887 0.000000000
QK:/rc/cr: 0.054220474 0.518747167 0.427032360
QK:/rc/rr: 0.000000000 0.186028622 0.813971378
QK:/rrc/: 0.120233396 0.879766604 0.000000000
QK:/rrc/cr: 0.000001283 0.305418435 0.694580283
QK:/rrc/rr: 0.000000000 0.000486856 0.999513144
QQ:/cc/: 0.547165541 0.452834459 0.000000000
QQ:/cc/cr: 0.999971843 0.000014078 0.000014078
QQ:/cc/rr: 0.000000000 0.999982523 0.000017477
QQ:/crc/: 0.984611792 0.015388208 0.000000000
QQ:/crc/cr: 0.999678734 0.000160633 0.000160633
QQ:/crc/rr: 0.000000000 0.999996234 0.000003766
QQ:/crrc/: 0.193890424 0.806109576 0.000000000
QQ:/crrc/cr: 0.999962317 0.000018841 0.000018841
QQ:/crrc/rr: 0.000000000 0.999882499 0.000117501
QQ:/rc/: 0.555873682 0.444126318 0.000000000
QQ:/rc/cr: 0.999989838 0.000005081 0.000005081
QQ:/rc/rr: 0.000000000 0.999993911 0.000006089
QQ:/rrc/: 0.975934164 0.024065836 0.000000000
QQ:/rrc/cr: 0.999906231 0.000046885 0.000046885
QQ:/rrc/rr: 0.000000000 0.999998266 0.000001734
