J:/: 0.083878701 0.916121299 0.000000000
J:/cr: 0.017120853 0.037402243 0.945476904
J:/rr: 0.000000000 0.999940390 0.000059610
JJ:/cc/: 0.000307286 0.999692714 0.000000000
JJ:/cc/cr: 0.999996360 0.000001820 0.000001820
JJ:/cc/rr: 0.000000000 0.991119346 0.008880654
JJ:/crc/: 0.910420108 0.089579892 0.000000000
JJ:/crc/cr: 0.999638010 0.000180995 0.000180995
JJ:/crc/rr: 0.000000000 0.999973287 0.000026713
JJ:/crrc/: 0.988430765 0.011569235 0.000000000
JJ:/crrc/cr: 0.993876856 0.003061572 0.003061572
JJ:/crrc/rr: 0.000000000 0.999946248 0.000053752
JJ:/rc/: 0.930022065 0.069977935 0.000000000
JJ:/rc/cr: 0.999432108 0.000283946 0.000283946
JJ:/rc/rr: 0.000000000 0.999967952 0.000032048
JJ:/rrc/: 0.993664400 0.006335600 0.000000000
JJ:/rrc/cr: 0.996863573 0.001568213 0.001568213
JJ:/rrc/rr: 0.000000000 0.999985002 0.000014998
JK:/cc/: 0.083749885 0.916250115 0.000000000
JK:/cc/cr: 0.000178896 0.000001986 0.999819118
JK:/cc/rr: 0.000000000 0.000032584 0.999967416
JK:/crc/: 0.057770053 0.942229947 0.000000000
JK:/crc/cr: 0.030903626 0.000017208 0.969079166
JK:/crc/rr: 0.000000000 0.000420984 0.999579016
JK:/crrc/: 0.999710137 0.000289863 0.000000000
JK:/crrc/cr: 0.701763496 0.122195856 0.176040649
JK:/crrc/rr: 0.000000000 0.000053145 0.999946855
JK:/rc/: 0.976090261 0.023909739 0.000000000
JK:/rc/cr: 0.969929315 0.000831041 0.029239645
JK:/rc/rr: 0.000000000 0.000030535 0.999969465
JK:/rrc/: 0.488727878 0.511272122 0.000000000
JK:/rrc/cr: 0.716762789 0.000019433 0.283217778
JK:/rrc/rr: 0.000000000 0.000030494 0.999969506
JQ:/cc/: 0.192856062 0.807143938 0.000000000
JQ:/cc/cr: 0.000006662 0.000002254 0.999991084
JQ:/cc/rr: 0.000000000 0.000014150 0.999985850
JQ:/crc/: 0.992070173 0.007929827 0.000000000
JQ:/crc/cr: 0.178777702 0.002044622 0.819177675
JQ:/crc/rr: 0.000000000 0.000024515 0.999975485
JQ:/crrc/: 0.032969436 0.967030564 0.000000000
JQ:/crrc/cr: 0.161962234 0.000036628 0.838001138
JQ:/crrc/rr: 0.000000000 0.001611495 0.998388505
JQ:/rc/: 0.991445179 0.008554821 0.000000000
JQ:/rc/cr: 0.002322663 0.002322663 0.995354675
JQ:/rc/rr: 0.000000000 0.000030062 0.999969938
JQ:/rrc/: 0.104771667 0.895228333 0.000000000
JQ:/rrc/cr: 0.003198863 0.000011098 0.996790039
JQ:/rrc/rr: 0.000000000 0.000142246 0.999857754
K:/: 0.760465119 0.239534881 0.000000000
K:/cr: 0.664825967 0.335160117 0.000013916
K:/rr: 0.000000000 0.999993425 0.000006575
KJ:/cc/: 0.000055426 0.999944574 0.000000000
KJ:/cc/cr: 0.000050720 0.000009590 0.999939690
KJ:/cc/rr: 0.000000000 0.811695166 0.188304834
KJ:/crc/: 0.000077213 0.999922787 0.000000000
KJ:/crc/cr: 0.000529512 0.999463568 0.000006921
KJ:/crc/rr: 0.000000000 0.865566375 0.134433625
KJ:/crrc/: 0.072941832 0.927058168 0.000000000
KJ:/crrc/cr: 0.001014044 0.997184334 0.001801622
KJ:/crrc/rr: 0.000000000 0.459627185 0.540372815
KJ:/rc/: 0.043650814 0.956349186 0.000000000
KJ:/rc/cr: 0.009199611 0.973011035 0.017789354
KJ:/rc/rr: 0.000000000 0.292651726 0.707348274
KJ:/rrc/: 0.088672973 0.911327027 0.000000000
KJ:/rrc/cr: 0.003904250 0.995029293 0.001066457
KJ:/rrc/rr: 0.000000000 0.522674639 0.477325361
KK:/cc/: 0.997992225 0.002007775 0.000000000
KK:/cc/cr: 0.993069015 0.003465492 0.003465492
KK:/cc/rr: 0.000000000 0.999989542 0.000010458
KK:/crc/: 0.144388755 0.855611245 0.000000000
KK:/crc/cr: 0.999983824 0.000008088 0.000008088
KK:/crc/rr: 0.000000000 0.999928111 0.000071889
KK:/crrc/: 0.978113031 0.021886969 0.000000000
KK:/crrc/cr: 0.999681217 0.000159391 0.000159391
KK:/crrc/rr: 0.000000000 0.999994650 0.000005350
KK:/rc/: 0.868852276 0.131147724 0.000000000
KK:/rc/cr: 0.999966578 0.000016711 0.000016711
KK:/rc/rr: 0.000000000 0.999996216 0.000003784
KK:/rrc/: 0.547945185 0.452054815 0.000000000
KK:/rrc/cr: 0.999995152 0.000002424 0.000002424
KK:/rrc/rr: 0.000000000 0.999997000 0.000003000
KQ:/cc/: 0.000058042 0.999941958 0.000000000
KQ:/cc/cr: 0.000048447 0.432975203 0.566976349
KQ:/cc/rr: 0.000000000 0.820183046 0.179816954
KQ:/crc/: 0.899143552 0.100856448 0.000000000
KQ:/crc/cr: 0.000457550 0.504416380 0.495126070
KQ:/crc/rr: 0.000000000 0.000026744 0.999973256
KQ:/crrc/: 0.009374521 0.990625479 0.000000000
KQ:/crrc/cr: 0.021914741 0.682093717 0.295991541
KQ:/crrc/rr: 0.000000000 0.143970872 0.856029128
KQ:/rc/: 0.000042280 0.999957720 0.000000000
KQ:/rc/cr: 0.000032646 0.502185133 0.497782221
KQ:/rc/rr: 0.000000000 0.922245193 0.077754807
KQ:/rrc/: 0.689986025 0.310013975 0.000000000
KQ:/rrc/cr: 0.021579270 0.886135271 0.092285459
KQ:/rrc/rr: 0.000000000 0.403296512 0.596703488
Q:/: 0.733486037 0.266513963 0.000000000
Q:/cr: 0.144326045 0.854564784 0.001109172
Q:/rr: 0.000000000 0.999993183 0.000006817
QJ:/cc/: 0.000018761 0.999981239 0.000000000
QJ:/cc/cr: 0.000014259 0.000006254 0.999979487
QJ:/cc/rr: 0.000000000 0.500000000 0.500000000
QJ:/crc/: 0.028016830 0.971983170 0.000000000
QJ:/crc/cr: 0.003648276 0.000002510 0.996349214
QJ:/crc/rr: 0.000000000 0.000130597 0.999869403
QJ:/crrc/: 0.017561799 0.982438201 0.000000000
QJ:/crrc/cr: 0.000195467 0.000014701 0.999789832
QJ:/crrc/rr: 0.000000000 0.001233630 0.998766370
QJ:/rc/: 0.013942071 0.986057929 0.000000000
QJ:/rc/cr: 0.000005201 0.000002304 0.999992494
QJ:/rc/rr: 0.000000000 0.000244467 0.999755533
QJ:/rrc/: 0.000003408 0.999996592 0.000000000
QJ:/rrc/cr: 0.000014375 0.000001136 0.999984489
QJ:/rrc/rr: 0.000000000 0.500000000 0.500000000
QK:/cc/: 0.453405509 0.546594491 0.000000000
QK:/cc/cr: 0.112138982 0.887841037 0.000019982
QK:/cc/rr: 0.000000000 0.999979311 0.000020689
QK:/crc/: 0.013088508 0.986911492 0.000000000
QK:/crc/cr: 0.000002472 0.557578918 0.442418610
QK:/crc/rr: 0.000000000 0.000279553 0.999720447
QK:/crrc/: 0.917964740 0.082035260 0.000000000
QK:/crrc/cr: 0.000280360 0.610607155 0.389112485
QK:/crrc/rr: 0.000000000 0.000619891 0.999380109
QK:/rc/: 0.465430858 0.534569142 0.000000000
QK:/rc/cr: 0.030666857 0.544092995 0.425240148
QK:/rc/rr: 0.000000000 0.191719288 0.808280712
QK:/rrc/: 0.137246603 0.862753397 0.000000000
QK:/rrc/cr: 0.000001317 0.294542984 0.705455699
QK:/rrc/rr: 0.000000000 0.000494255 0.999505745
QQ:/cc/: 0.522517628 0.477482372 0.000000000
QQ:/cc/cr: 0.999973806 0.000013097 0.000013097
QQ:/cc/rr: 0.000000000 0.999982048 0.000017952
QQ:/crc/: 0.981580816 0.018419184 0.000000000
QQ:/crc/cr: 0.999735136 0.000132432 0.000132432
QQ:/crc/rr: 0.000000000 0.999996272 0.000003728
QQ:/crrc/: 0.117557451 0.882442549 0.000000000
QQ:/crrc/cr: 0.999967265 0.000016367 0.000016367
QQ:/crrc/rr: 0.000000000 0.999815709 0.000184291
QQ:/rc/: 0.567317604 0.432682396 0.000000000
QQ:/rc/cr: 0.999989497 0.000005252 0.000005252
QQ:/rc/rr: 0.000000000 0.999993992 0.000006008
QQ:/rrc/: 0.978967295 0.021032705 0.000000000
QQ:/rrc/cr: 0.999891965 0.000054018 0.000054018
QQ:/rrc/rr: 0.000000000 0.999998259 0.000001741
