J:/c: 0.286032887 0.713967113 0.000000000
J:/crr: 0.000000000 0.999982519 0.000017481
J:/r: 0.052352516 0.133264857 0.814382627
JJ:/cc/c: 0.999992997 0.000007003 0.000000000
JJ:/cc/crr: 0.000000000 0.999996498 0.000003502
JJ:/cc/r: 0.999982825 0.000012507 0.000004669
JJ:/crc/c: 0.999982519 0.000017481 0.000000000
JJ:/crc/crr: 0.000000000 0.999991260 0.000008740
JJ:/crc/r: 0.999976693 0.000011654 0.000011654
JJ:/crrc/c: 0.999991260 0.000008740 0.000000000
JJ:/crrc/crr: 0.000000000 0.999995630 0.000004370
JJ:/crrc/r: 0.999988346 0.000005827 0.000005827
JJ:/rc/c: 0.999974987 0.000025013 0.000000000
JJ:/rc/crr: 0.000000000 0.999987493 0.000012507
JJ:/rc/r: 0.999964519 0.000018805 0.000016675
JJ:/rrc/c: 0.999936329 0.000063671 0.000000000
JJ:/rrc/crr: 0.000000000 0.999968163 0.000031837
JJ:/rrc/r: 0.999719690 0.000237863 0.000042447
JK:/cc/c: 0.003948974 0.996051026 0.000000000
JK:/cc/crr: 0.000000000 0.000886702 0.999113298
JK:/cc/r: 0.000010317 0.000004669 0.999985014
JK:/crc/c: 0.547118603 0.452881397 0.000000000
JK:/crc/crr: 0.000000000 0.000015975 0.999984025
JK:/crc/r: 0.055389525 0.000011654 0.944598821
JK:/crrc/c: 0.458598661 0.541401339 0.000000000
JK:/crrc/crr: 0.000000000 0.000009529 0.999990471
JK:/crrc/r: 0.178201780 0.000005827 0.821792393
JK:/rc/c: 0.392365142 0.607634858 0.000000000
JK:/rc/crr: 0.000000000 0.000031874 0.999968126
JK:/rc/r: 0.340954790 0.000016675 0.659028534
JK:/rrc/c: 0.999778786 0.000221214 0.000000000
JK:/rrc/crr: 0.000000000 0.000031843 0.999968157
JK:/rrc/r: 0.316475499 0.000043413 0.683481088
JQ:/cc/c: 0.076626702 0.923373298 0.000000000
JQ:/cc/crr: 0.000000000 0.000045696 0.999954304
JQ:/cc/r: 0.038020373 0.000004669 0.961974959
JQ:/crc/c: 0.420874891 0.579125109 0.000000000
JQ:/crc/crr: 0.000000000 0.000020767 0.999979233
JQ:/crc/r: 0.089086831 0.000011654 0.910901516
JQ:/crrc/c: 0.054371043 0.945628957 0.000000000
JQ:/crrc/crr: 0.000000000 0.000080377 0.999919623
JQ:/crrc/r: 0.199943337 0.000005827 0.800050836
JQ:/rc/c: 0.990627072 0.009372928 0.000000000
JQ:/rc/crr: 0.000000000 0.000012625 0.999987375
JQ:/rc/r: 0.000016675 0.000016675 0.999966650
JQ:/rrc/c: 0.019254997 0.980745003 0.000000000
JQ:/rrc/crr: 0.000000000 0.001653361 0.998346639
JQ:/rrc/r: 0.426090281 0.000042447 0.573867272
K:/c: 0.999924102 0.000075898 0.000000000
K:/crr: 0.000000000 0.999995000 0.000005000
K:/r: 0.547504234 0.452489099 0.000006667
KJ:/cc/c: 0.201615527 0.798384473 0.000000000
KJ:/cc/crr: 0.000000000 0.836624516 0.163375484
KJ:/cc/r: 0.222540422 0.089447646 0.688011932
KJ:/crc/c: 0.109202494 0.890797506 0.000000000
KJ:/crc/crr: 0.000000000 0.999977105 0.000022895
KJ:/crc/r: 0.000100728 0.781743248 0.218156024
KJ:/crrc/c: 0.379967464 0.620032536 0.000000000
KJ:/crrc/crr: 0.000000000 0.952334040 0.047665960
KJ:/crrc/r: 0.061744924 0.850951687 0.087303388
KJ:/rc/c: 0.508858657 0.491141343 0.000000000
KJ:/rc/crr: 0.000000000 0.696405800 0.303594200
KJ:/rc/r: 0.019244772 0.763809295 0.216945933
KJ:/rrc/c: 0.356365688 0.643634312 0.000000000
KJ:/rrc/crr: 0.000000000 0.997028612 0.002971388
KJ:/rrc/r: 0.039409492 0.898009384 0.062581124
KK:/cc/c: 0.934121931 0.065878069 0.000000000
KK:/cc/crr: 0.000000000 0.964737971 0.035262029
KK:/cc/r: 0.840107542 0.115973745 0.043918712
KK:/crc/c: 0.999995000 0.000005000 0.000000000
KK:/crc/crr: 0.000000000 0.999997500 0.000002500
KK:/crc/r: 0.760795791 0.239200876 0.000003334
KK:/crrc/c: 0.999997500 0.000002500 0.000000000
KK:/crrc/crr: 0.000000000 0.999998750 0.000001250
KK:/crrc/r: 0.999996666 0.000001667 0.000001667
KK:/rc/c: 0.999992633 0.000007367 0.000000000
KK:/rc/crr: 0.000000000 0.999996317 0.000003683
KK:/rc/r: 0.999981540 0.000013549 0.000004911
KK:/rrc/c: 0.999993912 0.000006088 0.000000000
KK:/rrc/crr: 0.000000000 0.999996956 0.000003044
KK:/rrc/r: 0.999976155 0.000019787 0.000004059
KQ:/cc/c: 0.338779920 0.661220080 0.000000000
KQ:/cc/crr: 0.000000000 0.902771586 0.097228414
KQ:/cc/r: 0.222735886 0.698384987 0.078879127
KQ:/crc/c: 0.246495683 0.753504317 0.000000000
KQ:/crc/crr: 0.000000000 0.232078668 0.767921332
KQ:/crc/r: 0.000082987 0.437867063 0.562049951
KQ:/crrc/c: 0.594620387 0.405379613 0.000000000
KQ:/crrc/crr: 0.000000000 0.397452979 0.602547021
KQ:/crrc/r: 0.023825681 0.663393237 0.312781082
KQ:/rc/c: 0.000389163 0.999610837 0.000000000
KQ:/rc/crr: 0.000000000 0.129141562 0.870858438
KQ:/rc/r: 0.000022916 0.296222611 0.703754473
KQ:/rrc/c: 0.501583246 0.498416754 0.000000000
KQ:/rrc/crr: 0.000000000 0.484276898 0.515723102
KQ:/rrc/r: 0.076863533 0.553491235 0.369645232
Q:/c: 0.846481043 0.153518957 0.000000000
Q:/crr: 0.000000000 0.999994093 0.000005907
Q:/r: 0.338286880 0.661616192 0.000096928
QJ:/cc/c: 0.000589707 0.999410293 0.000000000
QJ:/cc/crr: 0.000000000 0.027614776 0.972385224
QJ:/cc/r: 0.000048400 0.000021713 0.999929887
QJ:/crc/c: 0.439838452 0.560161548 0.000000000
QJ:/crc/crr: 0.000000000 0.004590808 0.995409192
QJ:/crc/r: 0.000265013 0.000003938 0.999731049
QJ:/crrc/c: 0.000129212 0.999870788 0.000000000
QJ:/crrc/crr: 0.000000000 0.011428610 0.988571390
QJ:/crrc/r: 0.008617587 0.000001969 0.991380444
QJ:/rc/c: 0.000217072 0.999782928 0.000000000
QJ:/rc/crr: 0.000000000 0.011604821 0.988395179
QJ:/rc/r: 0.017810959 0.000003359 0.982185682
QJ:/rrc/c: 0.000306606 0.999693394 0.000000000
QJ:/rrc/crr: 0.000000000 0.016068790 0.983931210
QJ:/rrc/r: 0.000097989 0.000010287 0.999891724
QK:/cc/c: 0.033892140 0.966107860 0.000000000
QK:/cc/crr: 0.000000000 0.999519516 0.000480484
QK:/cc/r: 0.000154498 0.732910591 0.266934911
QK:/crc/c: 0.370207347 0.629792653 0.000000000
QK:/crc/crr: 0.000000000 0.011302466 0.988697534
QK:/crc/r: 0.000381868 0.481848493 0.517769639
QK:/crrc/c: 0.259510510 0.740489490 0.000000000
QK:/crrc/crr: 0.000000000 0.000942227 0.999057773
QK:/crrc/r: 0.000069010 0.295715747 0.704215243
QK:/rc/c: 0.387651966 0.612348034 0.000000000
QK:/rc/crr: 0.000000000 0.007641201 0.992358799
QK:/rc/r: 0.000006439 0.336649586 0.663343975
QK:/rrc/c: 0.424958882 0.575041118 0.000000000
QK:/rrc/crr: 0.000000000 0.062550494 0.937449506
QK:/rrc/r: 0.000096051 0.511992108 0.487911841
QQ:/cc/c: 0.999967431 0.000032569 0.000000000
QQ:/cc/crr: 0.000000000 0.999983715 0.000016285
QQ:/cc/r: 0.999918928 0.000059359 0.000021713
QQ:/crc/c: 0.999994093 0.000005907 0.000000000
QQ:/crc/crr: 0.000000000 0.999997047 0.000002953
QQ:/crc/r: 0.814952996 0.185043066 0.000003938
QQ:/crrc/c: 0.999997047 0.000002953 0.000000000
QQ:/crrc/crr: 0.000000000 0.999998523 0.000001477
QQ:/crrc/r: 0.999996062 0.000001969 0.000001969
QQ:/rc/c: 0.999994962 0.000005038 0.000000000
QQ:/rc/crr: 0.000000000 0.999997481 0.000002519
QQ:/rc/r: 0.999993076 0.000003565 0.000003359
QQ:/rrc/c: 0.999990146 0.000009854 0.000000000
QQ:/rrc/crr: 0.000000000 0.999995073 0.000004927
QQ:/rrc/r: 0.999953738 0.000039693 0.000006569
