J:/c: 0.315946541 0.684053459 0.000000000
J:/crr: 0.000000000 0.999984175 0.000015825
J:/r: 0.055490635 0.122145950 0.822363415
JJ:/cc/c: 0.999992691 0.000007309 0.000000000
JJ:/cc/crr: 0.000000000 0.999996345 0.000003655
JJ:/cc/r: 0.999990254 0.000004873 0.000004873
JJ:/crc/c: 0.999984175 0.000015825 0.000000000
JJ:/crc/crr: 0.000000000 0.999992087 0.000007913
JJ:/crc/r: 0.999447314 0.000542136 0.000010550
JJ:/crrc/c: 0.999992087 0.000007913 0.000000000
JJ:/crrc/crr: 0.000000000 0.999996044 0.000003956
JJ:/crrc/r: 0.999969572 0.000025153 0.000005275
JJ:/rc/c: 0.999972710 0.000027290 0.000000000
JJ:/rc/crr: 0.000000000 0.999986355 0.000013645
JJ:/rc/r: 0.999953881 0.000027926 0.000018193
JJ:/rrc/c: 0.999939930 0.000060070 0.000000000
JJ:/rrc/crr: 0.000000000 0.999969963 0.000030037
JJ:/rrc/r: 0.999919906 0.000040047 0.000040047
JK:/cc/c: 0.000007309 0.999992691 0.000000000
JK:/cc/crr: 0.000000000 0.500000000 0.500000000
JK:/cc/r: 0.000004873 0.000004873 0.999990254
JK:/crc/c: 0.518348871 0.481651129 0.000000000
JK:/crc/crr: 0.000000000 0.000015265 0.999984735
JK:/crc/r: 0.020740251 0.000010550 0.979249199
JK:/crrc/c: 0.508901692 0.491098308 0.000000000
JK:/crrc/crr: 0.000000000 0.000007774 0.999992226
JK:/crrc/r: 0.191376933 0.000005275 0.808617792
JK:/rc/c: 0.387501977 0.612498023 0.000000000
JK:/rc/crr: 0.000000000 0.000035212 0.999964788
JK:/rc/r: 0.357399695 0.000018193 0.642582112
JK:/rrc/c: 0.999939930 0.000060070 0.000000000
JK:/rrc/crr: 0.000000000 0.000030037 0.999969963
JK:/rrc/r: 0.345732425 0.000040047 0.654227528
JQ:/cc/c: 0.073376502 0.926623498 0.000000000
JQ:/cc/crr: 0.000000000 0.000049807 0.999950193
JQ:/cc/r: 0.034067549 0.000004873 0.965927578
JQ:/crc/c: 0.545690534 0.454309466 0.000000000
JQ:/crc/crr: 0.000000000 0.000014500 0.999985500
JQ:/crc/r: 0.000051926 0.000010550 0.999937524
JQ:/crrc/c: 0.054170554 0.945829446 0.000000000
JQ:/crrc/crr: 0.000000000 0.000073037 0.999926963
JQ:/crrc/r: 0.190038885 0.000005275 0.809955840
JQ:/rc/c: 0.998650410 0.001349590 0.000000000
JQ:/rc/crr: 0.000000000 0.000013663 0.999986337
JQ:/rc/r: 0.000018193 0.000018193 0.999963614
JQ:/rrc/c: 0.011104555 0.988895445 0.000000000
JQ:/rrc/crr: 0.000000000 0.002704755 0.997295245
JQ:/rrc/r: 0.472288137 0.000040047 0.527671816
K:/c: 0.999990000 0.000010000 0.000000000
K:/crr: 0.000000000 0.999995000 0.000005000
K:/r: 0.594058779 0.405934554 0.000006667
KJ:/cc/c: 0.500000000 0.500000000 0.000000000
KJ:/cc/crr: 0.000000000 0.500000000 0.500000000
KJ:/cc/r: 0.333333333 0.333333333 0.333333333
KJ:/crc/c: 0.157889771 0.842110229 0.000000000
KJ:/crc/crr: 0.000000000 0.999984166 0.000015834
KJ:/crc/r: 0.000013758 0.762209603 0.237776639
KJ:/crrc/c: 0.379487234 0.620512766 0.000000000
KJ:/crrc/crr: 0.000000000 0.999996706 0.000003294
KJ:/crrc/r: 0.071746982 0.784616908 0.143636109
KJ:/rc/c: 0.405384616 0.594615384 0.000000000
KJ:/rc/crr: 0.000000000 0.895230574 0.104769426
KJ:/rc/r: 0.008958844 0.827440255 0.163600902
KJ:/rrc/c: 0.084088253 0.915911747 0.000000000
KJ:/rrc/crr: 0.000000000 0.999966636 0.000033364
KJ:/rrc/r: 0.012333623 0.961815736 0.025850641
KK:/cc/c: 0.500000000 0.500000000 0.000000000
KK:/cc/crr: 0.000000000 0.500000000 0.500000000
KK:/cc/r: 0.333333333 0.333333333 0.333333333
KK:/crc/c: 0.999995000 0.000005000 0.000000000
KK:/crc/crr: 0.000000000 0.999997500 0.000002500
KK:/crc/r: 0.996263556 0.003733111 0.000003333
KK:/crrc/c: 0.999997500 0.000002500 0.000000000
KK:/crrc/crr: 0.000000000 0.999998750 0.000001250
KK:/crrc/r: 0.999937311 0.000061023 0.000001667
KK:/rc/c: 0.999991788 0.000008212 0.000000000
KK:/rc/crr: 0.000000000 0.999995894 0.000004106
KK:/rc/r: 0.999979841 0.000014685 0.000005474
KK:/rrc/c: 0.999994389 0.000005611 0.000000000
KK:/rrc/crr: 0.000000000 0.999997194 0.000002806
KK:/rrc/r: 0.997206687 0.002789573 0.000003741
KQ:/cc/c: 0.500000000 0.500000000 0.000000000
KQ:/cc/crr: 0.000000000 0.500000000 0.500000000
KQ:/cc/r: 0.333333333 0.333333333 0.333333333
KQ:/crc/c: 0.000084400 0.999915600 0.000000000
KQ:/crc/crr: 0.000000000 0.970378792 0.029621208
KQ:/crc/r: 0.000014845 0.431859909 0.568125247
KQ:/crrc/c: 0.586621815 0.413378185 0.000000000
KQ:/crrc/crr: 0.000000000 0.383654493 0.616345507
KQ:/crrc/r: 0.000156908 0.696837410 0.303005682
KQ:/rc/c: 0.000008212 0.999991788 0.000000000
KQ:/rc/crr: 0.000000000 0.500000000 0.500000000
KQ:/rc/r: 0.000012669 0.303212461 0.696774870
KQ:/rrc/c: 0.522579797 0.477420203 0.000000000
KQ:/rrc/crr: 0.000000000 0.473281604 0.526718396
KQ:/rrc/r: 0.075284872 0.539887555 0.384827574
Q:/c: 0.851108414 0.148891586 0.000000000
Q:/crr: 0.000000000 0.999994125 0.000005875
Q:/r: 0.390681749 0.609282803 0.000035448
QJ:/cc/c: 0.000033581 0.999966419 0.000000000
QJ:/cc/crr: 0.000000000 0.500000000 0.500000000
QJ:/cc/r: 0.000022388 0.000022388 0.999955225
QJ:/crc/c: 0.420638562 0.579361438 0.000000000
QJ:/crc/crr: 0.000000000 0.000069186 0.999930814
QJ:/crc/r: 0.000003916 0.000003916 0.999992167
QJ:/crrc/c: 0.000002937 0.999997063 0.000000000
QJ:/crrc/crr: 0.000000000 0.500000000 0.500000000
QJ:/crrc/r: 0.000001958 0.000001958 0.999996084
QJ:/rc/c: 0.000005471 0.999994529 0.000000000
QJ:/rc/crr: 0.000000000 0.500000000 0.500000000
QJ:/rc/r: 0.000004909 0.000003647 0.999991444
QJ:/rrc/c: 0.000008532 0.999991468 0.000000000
QJ:/rrc/crr: 0.000000000 0.500000000 0.500000000
QJ:/rrc/r: 0.000056048 0.000005688 0.999938264
QK:/cc/c: 0.000223964 0.999776036 0.000000000
QK:/cc/crr: 0.000000000 0.925029160 0.074970840
QK:/cc/r: 0.000044596 0.744650916 0.255304488
QK:/crc/c: 0.296317741 0.703682259 0.000000000
QK:/crc/crr: 0.000000000 0.000907799 0.999092201
QK:/crc/r: 0.000026892 0.475249307 0.524723801
QK:/crrc/c: 0.010838845 0.989161155 0.000000000
QK:/crrc/crr: 0.000000000 0.008443540 0.991556460
QK:/crrc/r: 0.000018993 0.294228981 0.705752026
QK:/rc/c: 0.374441293 0.625558707 0.000000000
QK:/rc/crr: 0.000000000 0.003370394 0.996629606
QK:/rc/r: 0.000005198 0.308340841 0.691653960
QK:/rrc/c: 0.422811045 0.577188955 0.000000000
QK:/rrc/crr: 0.000000000 0.035865021 0.964134979
QK:/rrc/r: 0.000054377 0.491231448 0.508714174
QQ:/cc/c: 0.999966419 0.000033581 0.000000000
QQ:/cc/crr: 0.000000000 0.999983209 0.000016791
QQ:/cc/r: 0.999280238 0.000697374 0.000022388
QQ:/crc/c: 0.999994125 0.000005875 0.000000000
QQ:/crc/crr: 0.000000000 0.999997063 0.000002937
QQ:/crc/r: 0.999952492 0.000043591 0.000003916
QQ:/crrc/c: 0.999997063 0.000002937 0.000000000
QQ:/crrc/crr: 0.000000000 0.999998531 0.000001469
QQ:/crrc/r: 0.999973909 0.000024133 0.000001958
QQ:/rc/c: 0.999994529 0.000005471 0.000000000
QQ:/rc/crr: 0.000000000 0.999997265 0.000002735
QQ:/rc/r: 0.978722659 0.021273694 0.000003647
QQ:/rrc/c: 0.999991468 0.000008532 0.000000000
QQ:/rrc/crr: 0.000000000 0.999995734 0.000004266
QQ:/rrc/r: 0.999961580 0.000032732 0.000005688
