J:/: 0.072347955 0.927652045 0.000000000
J:/cr: 0.018721565 0.033791538 0.947486897
J:/rr: 0.000000000 0.999930890 0.000069110
JJ:/cc/: 0.000131985 0.999868015 0.000000000
JJ:/cc/cr: 0.999993602 0.000004601 0.000001797
JJ:/cc/rr: 0.000000000 0.979581262 0.020418738
JJ:/crc/: 0.986631018 0.013368982 0.000000000
JJ:/crc/cr: 0.997348656 0.001325672 0.001325672
JJ:/crc/rr: 0.000000000 0.999973055 0.000026945
JJ:/crrc/: 0.999827797 0.000172203 0.000000000
JJ:/crrc/cr: 0.628474692 0.185762654 0.185762654
JJ:/crrc/rr: 0.000000000 0.999952008 0.000047992
JJ:/rc/: 0.898703737 0.101296263 0.000000000
JJ:/rc/cr: 0.999545160 0.000227420 0.000227420
JJ:/rc/rr: 0.000000000 0.999961550 0.000038450
JJ:/rrc/: 0.999965442 0.000034558 0.000000000
JJ:/rrc/cr: 0.333333333 0.333333333 0.333333333
JJ:/rrc/rr: 0.000000000 0.999982721 0.000017279
JK:/cc/: 0.088784352 0.911215648 0.000000000
JK:/cc/cr: 0.000139571 0.000001972 0.999858457
JK:/cc/rr: 0.000000000 0.000030354 0.999969646
JK:/crc/: 0.036435489 0.963564511 0.000000000
JK:/crc/cr: 0.027662714 0.000018393 0.972318893
JK:/crc/rr: 0.000000000 0.000729627 0.999270373
JK:/crrc/: 0.999904033 0.000095967 0.000000000
JK:/crrc/cr: 0.333333333 0.333333333 0.333333333
JK:/crrc/rr: 0.000000000 0.000047988 0.999952012
JK:/rc/: 0.999930890 0.000069110 0.000000000
JK:/rc/cr: 0.333333333 0.333333333 0.333333333
JK:/rc/rr: 0.000000000 0.000034558 0.999965442
JK:/rrc/: 0.552807333 0.447192667 0.000000000
JK:/rrc/cr: 0.980076513 0.000025759 0.019897728
JK:/rrc/rr: 0.000000000 0.000031256 0.999968744
JQ:/cc/: 0.150171519 0.849828481 0.000000000
JQ:/cc/cr: 0.000002114 0.000002114 0.999995772
JQ:/cc/rr: 0.000000000 0.000017946 0.999982054
JQ:/crc/: 0.998076096 0.001923904 0.000000000
JQ:/crc/cr: 0.009211937 0.009211937 0.981576125
JQ:/crc/rr: 0.000000000 0.000026636 0.999973364
JQ:/crrc/: 0.004676131 0.995323869 0.000000000
JQ:/crrc/cr: 0.199687226 0.000032139 0.800280634
JQ:/crrc/rr: 0.000000000 0.010261359 0.989738641
JQ:/rc/: 0.999930890 0.000069110 0.000000000
JQ:/rc/cr: 0.333333333 0.333333333 0.333333333
JQ:/rc/rr: 0.000000000 0.000034558 0.999965442
JQ:/rrc/: 0.112892024 0.887107976 0.000000000
JQ:/rrc/cr: 0.000272902 0.000012985 0.999714112
JQ:/rrc/rr: 0.000000000 0.000153056 0.999846944
K:/: 0.753874923 0.246125077 0.000000000
K:/cr: 0.700166710 0.299819747 0.000013543
K:/rr: 0.000000000 0.999993368 0.000006632
KJ:/cc/: 0.000020315 0.999979685 0.000000000
KJ:/cc/cr: 0.000006772 0.000006772 0.999986456
KJ:/cc/rr: 0.000000000 0.500000000 0.500000000
KJ:/crc/: 0.000022586 0.999977414 0.000000000
KJ:/crc/cr: 0.000007529 0.999984943 0.000007529
KJ:/crc/rr: 0.000000000 0.500000000 0.500000000
KJ:/crrc/: 0.054898584 0.945101416 0.000000000
KJ:/crrc/cr: 0.000003411 0.999993178 0.000003411
KJ:/crrc/rr: 0.000000000 0.602211659 0.397788341
KJ:/rc/: 0.034692814 0.965307186 0.000000000
KJ:/rc/cr: 0.008888095 0.960160547 0.030951357
KJ:/rc/rr: 0.000000000 0.162365204 0.837634796
KJ:/rrc/: 0.077302925 0.922697075 0.000000000
KJ:/rrc/cr: 0.000009922 0.999988879 0.000001198
KJ:/rrc/rr: 0.000000000 0.618669509 0.381330491
KK:/cc/: 0.998606353 0.001393647 0.000000000
KK:/cc/cr: 0.990282153 0.004858923 0.004858923
KK:/cc/rr: 0.000000000 0.999989828 0.000010172
KK:/crc/: 0.138073211 0.861926789 0.000000000
KK:/crc/cr: 0.999982531 0.000008735 0.000008735
KK:/crc/rr: 0.000000000 0.999918211 0.000081789
KK:/crrc/: 0.999637536 0.000362464 0.000000000
KK:/crrc/cr: 0.982211654 0.008894173 0.008894173
KK:/crrc/rr: 0.000000000 0.999995163 0.000004837
KK:/rc/: 0.804974293 0.195025707 0.000000000
KK:/rc/cr: 0.999977328 0.000011336 0.000011336
KK:/rc/rr: 0.000000000 0.999995880 0.000004120
KK:/rrc/: 0.518529027 0.481470973 0.000000000
KK:/rrc/cr: 0.999995408 0.000002296 0.000002296
KK:/rrc/rr: 0.000000000 0.999996802 0.000003198
KQ:/cc/: 0.000020315 0.999979685 0.000000000
KQ:/cc/cr: 0.000006772 0.428584828 0.571408400
KQ:/cc/rr: 0.000000000 0.500000000 0.500000000
KQ:/crc/: 0.843493762 0.156506238 0.000000000
KQ:/crc/cr: 0.000048104 0.621968416 0.377983481
KQ:/crc/rr: 0.000000000 0.000013388 0.999986612
KQ:/crrc/: 0.004591088 0.995408912 0.000000000
KQ:/crrc/cr: 0.003399918 0.690033359 0.306566722
KQ:/crrc/rr: 0.000000000 0.014100720 0.985899280
KQ:/rc/: 0.000006632 0.999993368 0.000000000
KQ:/rc/cr: 0.000019151 0.471320488 0.528660361
KQ:/rc/rr: 0.000000000 0.500000000 0.500000000
KQ:/rrc/: 0.715436352 0.284563648 0.000000000
KQ:/rrc/cr: 0.019938876 0.866720313 0.113340811
KQ:/rrc/rr: 0.000000000 0.392029156 0.607970844
Q:/: 0.753691685 0.246308315 0.000000000
Q:/cr: 0.165554249 0.833981428 0.000464323
Q:/rr: 0.000000000 0.999993366 0.000006634
QJ:/cc/: 0.000020300 0.999979700 0.000000000
QJ:/cc/cr: 0.000006767 0.000006767 0.999986467
QJ:/cc/rr: 0.000000000 0.500000000 0.500000000
QJ:/crc/: 0.034913963 0.965086037 0.000000000
QJ:/crc/cr: 0.001316332 0.000002802 0.998680866
QJ:/crc/rr: 0.000000000 0.000116194 0.999883806
QJ:/crrc/: 0.017672939 0.982327061 0.000000000
QJ:/crrc/cr: 0.000013869 0.000013869 0.999972262
QJ:/crrc/rr: 0.000000000 0.001156353 0.998843647
QJ:/rc/: 0.012392964 0.987607036 0.000000000
QJ:/rc/cr: 0.000002239 0.000002239 0.999995522
QJ:/rc/rr: 0.000000000 0.000267652 0.999732348
QJ:/rrc/: 0.000003317 0.999996683 0.000000000
QJ:/rrc/cr: 0.000001106 0.000001106 0.999997789
QJ:/rrc/rr: 0.000000000 0.500000000 0.500000000
QK:/cc/: 0.484094660 0.515905340 0.000000000
QK:/cc/cr: 0.815924793 0.184061293 0.000013914
QK:/cc/rr: 0.000000000 0.999979033 0.000020967
QK:/crc/: 0.000009552 0.999990448 0.000000000
QK:/crc/cr: 0.000002990 0.558499439 0.441497571
QK:/crc/rr: 0.000000000 0.575282544 0.424717456
QK:/crrc/: 0.998509520 0.001490480 0.000000000
QK:/crrc/cr: 0.010519062 0.568592716 0.420888221
QK:/crrc/rr: 0.000000000 0.000547673 0.999452327
QK:/rc/: 0.429546026 0.570453974 0.000000000
QK:/rc/cr: 0.001811750 0.527114652 0.471073598
QK:/rc/rr: 0.000000000 0.208340099 0.791659901
QK:/rrc/: 0.120969188 0.879030812 0.000000000
QK:/rrc/cr: 0.000008472 0.298308709 0.701682818
QK:/rrc/rr: 0.000000000 0.000013710 0.999986290
QQ:/cc/: 0.437728241 0.562271759 0.000000000
QQ:/cc/cr: 0.999975931 0.000012034 0.000012034
QQ:/cc/rr: 0.000000000 0.999976812 0.000023188
QQ:/crc/: 0.986613614 0.013386386 0.000000000
QQ:/crc/cr: 0.999595928 0.000202036 0.000202036
QQ:/crc/rr: 0.000000000 0.999995888 0.000004112
QQ:/crrc/: 0.043041838 0.956958162 0.000000000
QQ:/crrc/cr: 0.999970525 0.000015238 0.000014237
QQ:/crrc/rr: 0.000000000 0.999525202 0.000474798
QQ:/rc/: 0.476878148 0.523121852 0.000000000
QQ:/rc/cr: 0.999991204 0.000004569 0.000004227
QQ:/rc/rr: 0.000000000 0.999993044 0.000006956
QQ:/rrc/: 0.981516544 0.018483456 0.000000000
QQ:/rrc/cr: 0.999880360 0.000059820 0.000059820
QQ:/rrc/rr: 0.000000000 0.999998310 0.000001690
