J:/: 0.071362016 0.928637984 0.000000000
J:/cr: 0.018055541 0.034368121 0.947576338
J:/rr: 0.000000000 0.999929935 0.000070065
JJ:/cc/: 0.000115134 0.999884866 0.000000000
JJ:/cc/cr: 0.995337624 0.004660581 0.000001795
JJ:/cc/rr: 0.000000000 0.976617647 0.023382353
JJ:/crc/: 0.963071413 0.036928587 0.000000000
JJ:/crc/cr: 0.999057259 0.000471371 0.000471371
JJ:/crc/rr: 0.000000000 0.999972888 0.000027112
JJ:/crrc/: 0.960508983 0.039491017 0.000000000
JJ:/crrc/cr: 0.998321960 0.000839020 0.000839020
JJ:/crrc/rr: 0.000000000 0.999948256 0.000051744
JJ:/rc/: 0.966261261 0.033738739 0.000000000
JJ:/rc/cr: 0.998615532 0.000692234 0.000692234
JJ:/rc/rr: 0.000000000 0.999963744 0.000036256
JJ:/rrc/: 0.999964965 0.000035035 0.000000000
JJ:/rrc/cr: 0.333333333 0.333333333 0.333333333
JJ:/rrc/rr: 0.000000000 0.999982482 0.000017518
JK:/cc/: 0.094738466 0.905261534 0.000000000
JK:/cc/cr: 0.000001983 0.000001983 0.999996035
JK:/cc/rr: 0.000000000 0.000028416 0.999971584
JK:/crc/: 0.037845915 0.962154085 0.000000000
JK:/crc/cr: 0.036959400 0.000018092 0.963022509
JK:/crc/rr: 0.000000000 0.000689918 0.999310082
JK:/crrc/: 0.999900599 0.000099401 0.000000000
JK:/crrc/cr: 0.333333333 0.333333333 0.333333333
JK:/crrc/rr: 0.000000000 0.000049706 0.999950294
JK:/rc/: 0.999929935 0.000070065 0.000000000
JK:/rc/cr: 0.333333333 0.333333333 0.333333333
JK:/rc/rr: 0.000000000 0.000035035 0.999964965
JK:/rrc/: 0.552513548 0.447486452 0.000000000
JK:/rrc/cr: 0.983238306 0.000026098 0.016735596
JK:/rrc/rr: 0.000000000 0.000031705 0.999968295
JQ:/cc/: 0.137999070 0.862000930 0.000000000
JQ:/cc/cr: 0.000002082 0.000002082 0.999995836
JQ:/cc/rr: 0.000000000 0.000019508 0.999980492
JQ:/crc/: 0.997969362 0.002030638 0.000000000
JQ:/crc/cr: 0.176104522 0.008572210 0.815323269
JQ:/crc/rr: 0.000000000 0.000026164 0.999973836
JQ:/crrc/: 0.010589416 0.989410584 0.000000000
JQ:/crrc/cr: 0.170623564 0.000033488 0.829342947
JQ:/crrc/rr: 0.000000000 0.004693424 0.995306576
JQ:/rc/: 0.998937666 0.001062334 0.000000000
JQ:/rc/cr: 0.021984709 0.021984709 0.956030583
JQ:/rc/rr: 0.000000000 0.000035070 0.999964930
JQ:/rrc/: 0.108814716 0.891185284 0.000000000
JQ:/rrc/cr: 0.000013104 0.000013104 0.999973791
JQ:/rrc/rr: 0.000000000 0.000160985 0.999839015
K:/: 0.751634222 0.248365778 0.000000000
K:/cr: 0.692490492 0.307496087 0.000013421
K:/rr: 0.000000000 0.999993348 0.000006652
KJ:/cc/: 0.000020132 0.999979868 0.000000000
KJ:/cc/cr: 0.000006711 0.000006711 0.999986579
KJ:/cc/rr: 0.000000000 0.500000000 0.500000000
KJ:/crc/: 0.000093676 0.999906324 0.000000000
KJ:/crc/cr: 0.000007275 0.999985450 0.000007275
KJ:/crc/rr: 0.000000000 0.883517534 0.116482466
KJ:/crrc/: 0.061330586 0.938669414 0.000000000
KJ:/crrc/cr: 0.000299601 0.996900093 0.002800306
KJ:/crrc/rr: 0.000000000 0.402559085 0.597440915
KJ:/rc/: 0.076823924 0.923176076 0.000000000
KJ:/rc/cr: 0.003381199 0.988323992 0.008294809
KJ:/rc/rr: 0.000000000 0.339036021 0.660963979
KJ:/rrc/: 0.081544170 0.918455830 0.000000000
KJ:/rrc/cr: 0.000002084 0.999996709 0.000001207
KJ:/rrc/rr: 0.000000000 0.999979605 0.000020395
KK:/cc/: 0.999904048 0.000095952 0.000000000
KK:/cc/cr: 0.860127750 0.069936125 0.069936125
KK:/cc/rr: 0.000000000 0.999989933 0.000010067
KK:/crc/: 0.071839928 0.928160072 0.000000000
KK:/crc/cr: 0.999984325 0.000007837 0.000007837
KK:/crc/rr: 0.000000000 0.999848113 0.000151887
KK:/crrc/: 0.996597532 0.003402468 0.000000000
KK:/crrc/cr: 0.998101293 0.000949353 0.000949353
KK:/crrc/rr: 0.000000000 0.999995138 0.000004862
KK:/rc/: 0.809803985 0.190196015 0.000000000
KK:/rc/cr: 0.999976683 0.000011658 0.000011658
KK:/rc/rr: 0.000000000 0.999995893 0.000004107
KK:/rrc/: 0.512258866 0.487741134 0.000000000
KK:/rrc/cr: 0.999995454 0.000002273 0.000002273
KK:/rrc/rr: 0.000000000 0.999996753 0.000003247
KQ:/cc/: 0.000020132 0.999979868 0.000000000
KQ:/cc/cr: 0.000006711 0.455084116 0.544909173
KQ:/cc/rr: 0.000000000 0.500000000 0.500000000
KQ:/crc/: 0.896079718 0.103920282 0.000000000
KQ:/crc/cr: 0.000070000 0.505689757 0.494240243
KQ:/crc/rr: 0.000000000 0.000012177 0.999987823
KQ:/crrc/: 0.006381663 0.993618337 0.000000000
KQ:/crrc/cr: 0.015720768 0.683203164 0.301076068
KQ:/crrc/rr: 0.000000000 0.290990323 0.709009677
KQ:/rc/: 0.000006652 0.999993348 0.000000000
KQ:/rc/cr: 0.000019896 0.487801206 0.512178898
KQ:/rc/rr: 0.000000000 0.500000000 0.500000000
KQ:/rrc/: 0.717838150 0.282161850 0.000000000
KQ:/rrc/cr: 0.017250953 0.920546086 0.062202960
KQ:/rrc/rr: 0.000000000 0.389253450 0.610746550
Q:/: 0.746091472 0.253908528 0.000000000
Q:/cr: 0.159681533 0.840293928 0.000024538
Q:/rr: 0.000000000 0.999993298 0.000006702
QJ:/cc/: 0.000019692 0.999980308 0.000000000
QJ:/cc/cr: 0.000006564 0.000006564 0.999986872
QJ:/cc/rr: 0.000000000 0.500000000 0.500000000
QJ:/crc/: 0.030809889 0.969190111 0.000000000
QJ:/crc/cr: 0.000930794 0.000002687 0.999066519
QJ:/crc/rr: 0.000000000 0.000126771 0.999873229
QJ:/crrc/: 0.017067195 0.982932805 0.000000000
QJ:/crrc/cr: 0.000065825 0.000013940 0.999920234
QJ:/crrc/rr: 0.000000000 0.001204272 0.998795728
QJ:/rc/: 0.006735117 0.993264883 0.000000000
QJ:/rc/cr: 0.000002249 0.000002249 0.999995502
QJ:/rc/rr: 0.000000000 0.000497511 0.999502489
QJ:/rrc/: 0.000003351 0.999996649 0.000000000
QJ:/rrc/cr: 0.000001117 0.000001117 0.999997766
QJ:/rrc/rr: 0.000000000 0.500000000 0.500000000
QK:/cc/: 0.000723760 0.999276240 0.000000000
QK:/cc/cr: 0.004301675 0.995691756 0.000006569
QK:/cc/rr: 0.000000000 0.986395950 0.013604050
QK:/crc/: 0.000007812 0.999992188 0.000000000
QK:/crc/cr: 0.000002684 0.550460966 0.449536350
QK:/crc/rr: 0.000000000 0.500000000 0.500000000
QK:/crrc/: 0.990517085 0.009482915 0.000000000
QK:/crrc/cr: 0.001521303 0.333638092 0.664840605
QK:/crrc/rr: 0.000000000 0.000518944 0.999481056
QK:/rc/: 0.442465859 0.557534141 0.000000000
QK:/rc/cr: 0.001036505 0.529371185 0.469592310
QK:/rc/rr: 0.000000000 0.203046591 0.796953409
QK:/rrc/: 0.118238495 0.881761505 0.000000000
QK:/rrc/cr: 0.000009428 0.300991698 0.698998875
QK:/rrc/rr: 0.000000000 0.000014170 0.999985830
QQ:/cc/: 0.480677794 0.519322206 0.000000000
QQ:/cc/cr: 0.979968781 0.020018580 0.000012640
QQ:/cc/rr: 0.000000000 0.999979516 0.000020484
QQ:/crc/: 0.990269199 0.009730801 0.000000000
QQ:/crc/cr: 0.999464819 0.000267590 0.000267590
QQ:/crc/rr: 0.000000000 0.999996056 0.000003944
QQ:/crrc/: 0.063149362 0.936850638 0.000000000
QQ:/crrc/cr: 0.999970748 0.000014626 0.000014626
QQ:/crrc/rr: 0.000000000 0.999674525 0.000325475
QQ:/rc/: 0.477000755 0.522999245 0.000000000
QQ:/rc/cr: 0.999991100 0.000004629 0.000004271
QQ:/rc/rr: 0.000000000 0.999992975 0.000007025
QQ:/rrc/: 0.988604165 0.011395835 0.000000000
QQ:/rrc/cr: 0.999803974 0.000098013 0.000098013
QQ:/rrc/rr: 0.000000000 0.999998305 0.000001695
