J:/c: 0.299744377 0.700255623 0.000000000
J:/crr: 0.000000000 0.999983319 0.000016681
J:/r: 0.054682691 0.128160537 0.817156772
JJ:/cc/c: 0.999992860 0.000007140 0.000000000
JJ:/cc/crr: 0.000000000 0.999996430 0.000003570
JJ:/cc/r: 0.999990480 0.000004760 0.000004760
JJ:/crc/c: 0.999983319 0.000016681 0.000000000
JJ:/crc/crr: 0.000000000 0.999991659 0.000008341
JJ:/crc/r: 0.999645018 0.000343861 0.000011121
JJ:/crrc/c: 0.999991659 0.000008341 0.000000000
JJ:/crrc/crr: 0.000000000 0.999995830 0.000004170
JJ:/crrc/r: 0.999960585 0.000033855 0.000005560
JJ:/rc/c: 0.999973991 0.000026009 0.000000000
JJ:/rc/crr: 0.000000000 0.999986995 0.000013005
JJ:/rc/r: 0.999965321 0.000017339 0.000017339
JJ:/rrc/c: 0.999939042 0.000060958 0.000000000
JJ:/rrc/crr: 0.000000000 0.999969519 0.000030481
JJ:/rrc/r: 0.999882818 0.000076543 0.000040638
JK:/cc/c: 0.007524363 0.992475637 0.000000000
JK:/cc/crr: 0.000000000 0.000474475 0.999525525
JK:/cc/r: 0.000004760 0.000004760 0.999990480
JK:/crc/c: 0.513305424 0.486694576 0.000000000
JK:/crc/crr: 0.000000000 0.000016248 0.999983752
JK:/crc/r: 0.022912335 0.000011121 0.977076545
JK:/crrc/c: 0.457785074 0.542214926 0.000000000
JK:/crrc/crr: 0.000000000 0.000009110 0.999990890
JK:/crrc/r: 0.204092698 0.000005560 0.795901742
JK:/rc/c: 0.381988879 0.618011121 0.000000000
JK:/rc/crr: 0.000000000 0.000034044 0.999965956
JK:/rc/r: 0.339025274 0.000017339 0.660957387
JK:/rrc/c: 0.999939042 0.000060958 0.000000000
JK:/rrc/crr: 0.000000000 0.000030481 0.999969519
JK:/rrc/r: 0.370884629 0.000040638 0.629074732
JQ:/cc/c: 0.068793686 0.931206314 0.000000000
JQ:/cc/crr: 0.000000000 0.000051896 0.999948104
JQ:/cc/r: 0.038518732 0.000004760 0.961476508
JQ:/crc/c: 0.532201525 0.467798475 0.000000000
JQ:/crc/crr: 0.000000000 0.000015672 0.999984328
JQ:/crc/r: 0.083541740 0.000011121 0.916447140
JQ:/crrc/c: 0.036117944 0.963882056 0.000000000
JQ:/crrc/crr: 0.000000000 0.000115463 0.999884537
JQ:/crrc/r: 0.220757084 0.000005560 0.779237355
JQ:/rc/c: 0.999159606 0.000840394 0.000000000
JQ:/rc/crr: 0.000000000 0.000013015 0.999986985
JQ:/rc/r: 0.000017339 0.000017339 0.999965321
JQ:/rrc/c: 0.016797452 0.983202548 0.000000000
JQ:/rrc/crr: 0.000000000 0.001814494 0.998185506
JQ:/rrc/r: 0.510327638 0.000040638 0.489631724
K:/c: 0.999931019 0.000068981 0.000000000
K:/crr: 0.000000000 0.999995000 0.000005000
K:/r: 0.576343215 0.423650118 0.000006667
KJ:/cc/c: 0.072483361 0.927516639 0.000000000
KJ:/cc/crr: 0.000000000 0.500000000 0.500000000
KJ:/cc/r: 0.048322240 0.048322240 0.903355519
KJ:/crc/c: 0.160149415 0.839850585 0.000000000
KJ:/crc/crr: 0.000000000 0.999984389 0.000015611
KJ:/crc/r: 0.000031979 0.784960294 0.215007727
KJ:/crrc/c: 0.410613304 0.589386696 0.000000000
KJ:/crrc/crr: 0.000000000 0.932961843 0.067038157
KJ:/crrc/r: 0.042093514 0.803001180 0.154905307
KJ:/rc/c: 0.412705970 0.587294030 0.000000000
KJ:/rc/crr: 0.000000000 0.880685309 0.119314691
KJ:/rc/r: 0.002239256 0.899250331 0.098510413
KJ:/rrc/c: 0.331123734 0.668876266 0.000000000
KJ:/rrc/crr: 0.000000000 0.999991267 0.000008733
KJ:/rrc/r: 0.045233693 0.901571786 0.053194521
KK:/cc/c: 0.927516639 0.072483361 0.000000000
KK:/cc/crr: 0.000000000 0.960926113 0.039073887
KK:/cc/r: 0.903355519 0.048322240 0.048322240
KK:/crc/c: 0.999995000 0.000005000 0.000000000
KK:/crc/crr: 0.000000000 0.999997500 0.000002500
KK:/crc/r: 0.960205708 0.039790958 0.000003334
KK:/crrc/c: 0.999997500 0.000002500 0.000000000
KK:/crrc/crr: 0.000000000 0.999998750 0.000001250
KK:/crrc/r: 0.999952821 0.000045512 0.000001667
KK:/rc/c: 0.999992132 0.000007868 0.000000000
KK:/rc/crr: 0.000000000 0.999996066 0.000003934
KK:/rc/r: 0.999980173 0.000014582 0.000005245
KK:/rrc/c: 0.999994216 0.000005784 0.000000000
KK:/rrc/crr: 0.000000000 0.999997108 0.000002892
KK:/rrc/r: 0.999885071 0.000111073 0.000003856
KQ:/cc/c: 0.072483361 0.927516639 0.000000000
KQ:/cc/crr: 0.000000000 0.500000000 0.500000000
KQ:/cc/r: 0.048322240 0.903355519 0.048322240
KQ:/crc/c: 0.239717219 0.760282781 0.000000000
KQ:/crc/crr: 0.000000000 0.000495259 0.999504741
KQ:/crc/r: 0.000020024 0.440660019 0.559319958
KQ:/crrc/c: 0.624207595 0.375792405 0.000000000
KQ:/crrc/crr: 0.000000000 0.409989971 0.590010029
KQ:/crrc/r: 0.000018983 0.619038651 0.380942366
KQ:/rc/c: 0.000007868 0.999992132 0.000000000
KQ:/rc/crr: 0.000000000 0.500000000 0.500000000
KQ:/rc/r: 0.000014252 0.302177733 0.697808015
KQ:/rrc/c: 0.481578093 0.518421907 0.000000000
KQ:/rrc/crr: 0.000000000 0.605048176 0.394951824
KQ:/rrc/r: 0.040316279 0.617472964 0.342210757
Q:/c: 0.849293256 0.150706744 0.000000000
Q:/crr: 0.000000000 0.999994113 0.000005887
Q:/r: 0.358711508 0.641271314 0.000017178
QJ:/cc/c: 0.000033177 0.999966823 0.000000000
QJ:/cc/crr: 0.000000000 0.500000000 0.500000000
QJ:/cc/r: 0.000022118 0.000022118 0.999955764
QJ:/crc/c: 0.458844834 0.541155166 0.000000000
QJ:/crc/crr: 0.000000000 0.000040692 0.999959308
QJ:/crc/r: 0.000003925 0.000003925 0.999992150
QJ:/crrc/c: 0.000002944 0.999997056 0.000000000
QJ:/crrc/crr: 0.000000000 0.500000000 0.500000000
QJ:/crrc/r: 0.020709068 0.000001962 0.979288969
QJ:/rc/c: 0.000047482 0.999952518 0.000000000
QJ:/rc/crr: 0.000000000 0.054737055 0.945262945
QJ:/rc/r: 0.001246853 0.000003465 0.998749681
QJ:/rrc/c: 0.000009293 0.999990707 0.000000000
QJ:/rrc/crr: 0.000000000 0.500000000 0.500000000
QJ:/rrc/r: 0.000082195 0.000006195 0.999911610
QK:/cc/c: 0.084835114 0.915164886 0.000000000
QK:/cc/crr: 0.000000000 0.999804462 0.000195538
QK:/cc/r: 0.000063395 0.726636327 0.273300279
QK:/crc/c: 0.354344443 0.645655557 0.000000000
QK:/crc/crr: 0.000000000 0.000348517 0.999651483
QK:/crc/r: 0.000046203 0.502549999 0.497403798
QK:/crrc/c: 0.054346922 0.945653078 0.000000000
QK:/crrc/crr: 0.000000000 0.001978476 0.998021524
QK:/crrc/r: 0.000029403 0.284169783 0.715800813
QK:/rc/c: 0.370377289 0.629622711 0.000000000
QK:/rc/crr: 0.000000000 0.000007017 0.999992983
QK:/rc/r: 0.000007639 0.336176163 0.663816198
QK:/rrc/c: 0.434575839 0.565424161 0.000000000
QK:/rrc/crr: 0.000000000 0.000434851 0.999565149
QK:/rrc/r: 0.000072058 0.474547451 0.525380492
QQ:/cc/c: 0.999966823 0.000033177 0.000000000
QQ:/cc/crr: 0.000000000 0.999983411 0.000016589
QQ:/cc/r: 0.998626083 0.001351799 0.000022118
QQ:/crc/c: 0.999994113 0.000005887 0.000000000
QQ:/crc/crr: 0.000000000 0.999997056 0.000002944
QQ:/crc/r: 0.999947460 0.000048615 0.000003925
QQ:/crrc/c: 0.999997056 0.000002944 0.000000000
QQ:/crrc/crr: 0.000000000 0.999998528 0.000001472
QQ:/crrc/r: 0.999757022 0.000241016 0.000001962
QQ:/rc/c: 0.999994802 0.000005198 0.000000000
QQ:/rc/crr: 0.000000000 0.999997401 0.000002599
QQ:/rc/r: 0.999992168 0.000004367 0.000003465
QQ:/rrc/c: 0.999990707 0.000009293 0.000000000
QQ:/rrc/crr: 0.000000000 0.999995354 0.000004646
QQ:/rrc/r: 0.999951883 0.000041922 0.000006195
