J:/c: 0.288573167 0.711426833 0.000000000
J:/crr: 0.000000000 0.999982673 0.000017327
J:/r: 0.054649518 0.127815281 0.817535201
JJ:/cc/c: 0.999992972 0.000007028 0.000000000
JJ:/cc/crr: 0.000000000 0.999996486 0.000003514
JJ:/cc/r: 0.999990629 0.000004685 0.000004685
JJ:/crc/c: 0.999982673 0.000017327 0.000000000
JJ:/crc/crr: 0.000000000 0.999991337 0.000008663
JJ:/crc/r: 0.999941584 0.000046865 0.000011551
JJ:/crrc/c: 0.999991337 0.000008663 0.000000000
JJ:/crrc/crr: 0.000000000 0.999995668 0.000004332
JJ:/crrc/r: 0.999962942 0.000031283 0.000005776
JJ:/rc/c: 0.999973921 0.000026079 0.000000000
JJ:/rc/crr: 0.000000000 0.999986960 0.000013040
JJ:/rc/r: 0.999965228 0.000017386 0.000017386
JJ:/rrc/c: 0.999939005 0.000060995 0.000000000
JJ:/rrc/crr: 0.000000000 0.999969501 0.000030499
JJ:/rrc/r: 0.999918674 0.000040663 0.000040663
JK:/cc/c: 0.000007028 0.999992972 0.000000000
JK:/cc/crr: 0.000000000 0.500000000 0.500000000
JK:/cc/r: 0.000004685 0.000004685 0.999990629
JK:/crc/c: 0.564080497 0.435919503 0.000000000
JK:/crc/crr: 0.000000000 0.000015358 0.999984642
JK:/crc/r: 0.009785054 0.000011551 0.990203395
JK:/crrc/c: 0.484129487 0.515870513 0.000000000
JK:/crrc/crr: 0.000000000 0.000008947 0.999991053
JK:/crrc/r: 0.021956369 0.000005776 0.978037856
JK:/rc/c: 0.373148366 0.626851634 0.000000000
JK:/rc/crr: 0.000000000 0.000034945 0.999965055
JK:/rc/r: 0.367020620 0.000017386 0.632961993
JK:/rrc/c: 0.999939005 0.000060995 0.000000000
JK:/rrc/crr: 0.000000000 0.000030499 0.999969501
JK:/rrc/r: 0.348403524 0.000040663 0.651555813
JQ:/cc/c: 0.067348102 0.932651898 0.000000000
JQ:/cc/crr: 0.000000000 0.000052178 0.999947822
JQ:/cc/r: 0.036803125 0.000004685 0.963192189
JQ:/crc/c: 0.618174538 0.381825462 0.000000000
JQ:/crc/crr: 0.000000000 0.000014014 0.999985986
JQ:/crc/r: 0.000034558 0.000011551 0.999953891
JQ:/crrc/c: 0.269084736 0.730915264 0.000000000
JQ:/crrc/crr: 0.000000000 0.000016098 0.999983902
JQ:/crrc/r: 0.062965960 0.000005776 0.937028264
JQ:/rc/c: 0.999973921 0.000026079 0.000000000
JQ:/rc/crr: 0.000000000 0.000013040 0.999986960
JQ:/rc/r: 0.000017386 0.000017386 0.999965228
JQ:/rrc/c: 0.000060995 0.999939005 0.000000000
JQ:/rrc/crr: 0.000000000 0.500000000 0.500000000
JQ:/rrc/r: 0.589199347 0.000040663 0.410759990
K:/c: 0.999990000 0.000010000 0.000000000
K:/crr: 0.000000000 0.999995000 0.000005000
K:/r: 0.574323645 0.425669689 0.000006667
KJ:/cc/c: 0.500000000 0.500000000 0.000000000
KJ:/cc/crr: 0.000000000 0.500000000 0.500000000
KJ:/cc/r: 0.333333333 0.333333333 0.333333333
KJ:/crc/c: 0.067460539 0.932539461 0.000000000
KJ:/crc/crr: 0.000000000 0.999962941 0.000037059
KJ:/crc/r: 0.000003333 0.738016651 0.261980016
KJ:/crrc/c: 0.487542094 0.512457906 0.000000000
KJ:/crrc/crr: 0.000000000 0.999997436 0.000002564
KJ:/crrc/r: 0.000030892 0.999953609 0.000015499
KJ:/rc/c: 0.392820537 0.607179463 0.000000000
KJ:/rc/crr: 0.000000000 0.999990033 0.000009967
KJ:/rc/r: 0.000008213 0.778954827 0.221036961
KJ:/rrc/c: 0.190227188 0.809772812 0.000000000
KJ:/rrc/crr: 0.000000000 0.999984745 0.000015255
KJ:/rrc/r: 0.000231809 0.979538329 0.020229862
KK:/cc/c: 0.500000000 0.500000000 0.000000000
KK:/cc/crr: 0.000000000 0.500000000 0.500000000
KK:/cc/r: 0.333333333 0.333333333 0.333333333
KK:/crc/c: 0.999995000 0.000005000 0.000000000
KK:/crc/crr: 0.000000000 0.999997500 0.000002500
KK:/crc/r: 0.993396656 0.006600011 0.000003333
KK:/crrc/c: 0.999997500 0.000002500 0.000000000
KK:/crrc/crr: 0.000000000 0.999998750 0.000001250
KK:/crrc/r: 0.999125606 0.000872727 0.000001667
KK:/rc/c: 0.999992169 0.000007831 0.000000000
KK:/rc/crr: 0.000000000 0.999996085 0.000003915
KK:/rc/r: 0.999967366 0.000027413 0.000005221
KK:/rrc/c: 0.999994196 0.000005804 0.000000000
KK:/rrc/crr: 0.000000000 0.999997098 0.000002902
KK:/rrc/r: 0.997729315 0.002266816 0.000003869
KQ:/cc/c: 0.500000000 0.500000000 0.000000000
KQ:/cc/crr: 0.000000000 0.500000000 0.500000000
KQ:/cc/r: 0.333333333 0.333333333 0.333333333
KQ:/crc/c: 0.000005000 0.999995000 0.000000000
KQ:/crc/crr: 0.000000000 0.500000000 0.500000000
KQ:/crc/r: 0.000003333 0.469118501 0.530878166
KQ:/crrc/c: 0.265959716 0.734040284 0.000000000
KQ:/crrc/crr: 0.000000000 0.999995300 0.000004700
KQ:/crrc/r: 0.000030757 0.661809408 0.338159835
KQ:/rc/c: 0.000007831 0.999992169 0.000000000
KQ:/rc/crr: 0.000000000 0.500000000 0.500000000
KQ:/rc/r: 0.000005221 0.305370519 0.694624260
KQ:/rrc/c: 0.509461423 0.490538577 0.000000000
KQ:/rrc/crr: 0.000000000 0.544730058 0.455269942
KQ:/rrc/r: 0.000170341 0.690329490 0.309500170
Q:/c: 0.849689614 0.150310386 0.000000000
Q:/crr: 0.000000000 0.999994115 0.000005885
Q:/r: 0.357278807 0.642686181 0.000035011
QJ:/cc/c: 0.000033265 0.999966735 0.000000000
QJ:/cc/crr: 0.000000000 0.500000000 0.500000000
QJ:/cc/r: 0.000022176 0.000022176 0.999955647
QJ:/crc/c: 0.399811587 0.600188413 0.000000000
QJ:/crc/crr: 0.000000000 0.000035650 0.999964350
QJ:/crc/r: 0.000003923 0.000003923 0.999992154
QJ:/crrc/c: 0.000002942 0.999997058 0.000000000
QJ:/crrc/crr: 0.000000000 0.500000000 0.500000000
QJ:/crrc/r: 0.000001962 0.000001962 0.999996077
QJ:/rc/c: 0.000005187 0.999994813 0.000000000
QJ:/rc/crr: 0.000000000 0.500000000 0.500000000
QJ:/rc/r: 0.000003458 0.000003458 0.999993085
QJ:/rrc/c: 0.000009330 0.999990670 0.000000000
QJ:/rrc/crr: 0.000000000 0.500000000 0.500000000
QJ:/rrc/r: 0.000006220 0.000006220 0.999987560
QK:/cc/c: 0.000799651 0.999200349 0.000000000
QK:/cc/crr: 0.000000000 0.979200619 0.020799381
QK:/cc/r: 0.000022176 0.999812534 0.000165290
QK:/crc/c: 0.291527536 0.708472464 0.000000000
QK:/crc/crr: 0.000000000 0.000036345 0.999963655
QK:/crc/r: 0.000017844 0.459137358 0.540844798
QK:/crrc/c: 0.000002942 0.999997058 0.000000000
QK:/crrc/crr: 0.000000000 0.500000000 0.500000000
QK:/crrc/r: 0.000011874 0.313525216 0.686462910
QK:/rc/c: 0.380025875 0.619974125 0.000000000
QK:/rc/crr: 0.000000000 0.000483402 0.999516598
QK:/rc/r: 0.000003458 0.311755113 0.688241429
QK:/rrc/c: 0.429374170 0.570625830 0.000000000
QK:/rrc/crr: 0.000000000 0.000181165 0.999818835
QK:/rrc/r: 0.000006220 0.472506422 0.527487358
QQ:/cc/c: 0.999966735 0.000033265 0.000000000
QQ:/cc/crr: 0.000000000 0.999983367 0.000016633
QQ:/cc/r: 0.999580935 0.000396889 0.000022176
QQ:/crc/c: 0.999994115 0.000005885 0.000000000
QQ:/crc/crr: 0.000000000 0.999997058 0.000002942
QQ:/crc/r: 0.977401256 0.022594821 0.000003923
QQ:/crrc/c: 0.999997058 0.000002942 0.000000000
QQ:/crrc/crr: 0.000000000 0.999998529 0.000001471
QQ:/crrc/r: 0.999975510 0.000022529 0.000001962
QQ:/rc/c: 0.999994813 0.000005187 0.000000000
QQ:/rc/crr: 0.000000000 0.999997407 0.000002593
QQ:/rc/r: 0.991930190 0.008066352 0.000003458
QQ:/rrc/c: 0.999990670 0.000009330 0.000000000
QQ:/rrc/crr: 0.000000000 0.999995335 0.000004665
QQ:/rrc/r: 0.999983409 0.000010371 0.000006220
