J:/c: 0.289139315 0.710860685 0.000000000
J:/crr: 0.000000000 0.999982707 0.000017293
J:/r: 0.055484789 0.129976341 0.814538870
JJ:/cc/c: 0.999992966 0.000007034 0.000000000
JJ:/cc/crr: 0.000000000 0.999996483 0.000003517
JJ:/cc/r: 0.999982751 0.000012560 0.000004689
JJ:/crc/c: 0.999982707 0.000017293 0.000000000
JJ:/crc/crr: 0.000000000 0.999991353 0.000008647
JJ:/crc/r: 0.999976943 0.000011528 0.000011528
JJ:/crrc/c: 0.999991353 0.000008647 0.000000000
JJ:/crrc/crr: 0.000000000 0.999995677 0.000004323
JJ:/crrc/r: 0.999988471 0.000005764 0.000005764
JJ:/rc/c: 0.999974354 0.000025646 0.000000000
JJ:/rc/crr: 0.000000000 0.999987177 0.000012823
JJ:/rc/r: 0.999962138 0.000020765 0.000017097
JJ:/rrc/c: 0.999939923 0.000060077 0.000000000
JJ:/rrc/crr: 0.000000000 0.999969960 0.000030040
JJ:/rrc/r: 0.999736276 0.000223673 0.000040051
JK:/cc/c: 0.004601601 0.995398399 0.000000000
JK:/cc/crr: 0.000000000 0.106819188 0.893180812
JK:/cc/r: 0.000010294 0.000004689 0.999985017
JK:/crc/c: 0.543936094 0.456063906 0.000000000
JK:/crc/crr: 0.000000000 0.000015896 0.999984104
JK:/crc/r: 0.017491901 0.000011528 0.982496570
JK:/crrc/c: 0.416993123 0.583006877 0.000000000
JK:/crrc/crr: 0.000000000 0.000010368 0.999989632
JK:/crrc/r: 0.183367877 0.000005764 0.816626359
JK:/rc/c: 0.380119204 0.619880796 0.000000000
JK:/rc/crr: 0.000000000 0.000033734 0.999966266
JK:/rc/r: 0.355955828 0.000017097 0.644027074
JK:/rrc/c: 0.999459972 0.000540028 0.000000000
JK:/rrc/crr: 0.000000000 0.000030054 0.999969946
JK:/rrc/r: 0.272019218 0.000040531 0.727940251
JQ:/cc/c: 0.070278065 0.929721935 0.000000000
JQ:/cc/crr: 0.000000000 0.000050042 0.999949958
JQ:/cc/r: 0.036558643 0.000004689 0.963436667
JQ:/crc/c: 0.349527790 0.650472210 0.000000000
JQ:/crc/crr: 0.000000000 0.000024737 0.999975263
JQ:/crc/r: 0.010748238 0.000011528 0.989240233
JQ:/crrc/c: 0.049630855 0.950369145 0.000000000
JQ:/crrc/crr: 0.000000000 0.000087108 0.999912892
JQ:/crrc/r: 0.242504954 0.000005764 0.757489281
JQ:/rc/c: 0.989050525 0.010949475 0.000000000
JQ:/rc/crr: 0.000000000 0.000012965 0.999987035
JQ:/rc/r: 0.000017097 0.000017097 0.999965806
JQ:/rrc/c: 0.024015634 0.975984366 0.000000000
JQ:/rrc/crr: 0.000000000 0.001250779 0.998749221
JQ:/rrc/r: 0.444490509 0.000040051 0.555469440
K:/c: 0.999105212 0.000894788 0.000000000
K:/crr: 0.000000000 0.999994996 0.000005004
K:/r: 0.576616233 0.423377101 0.000006667
KJ:/cc/c: 0.017102255 0.982897745 0.000000000
KJ:/cc/crr: 0.000000000 0.836632265 0.163367735
KJ:/cc/r: 0.018876200 0.007588603 0.973535197
KJ:/crc/c: 0.088432566 0.911567434 0.000000000
KJ:/crc/crr: 0.000000000 0.999971705 0.000028295
KJ:/crc/r: 0.000102817 0.752397182 0.247500001
KJ:/crrc/c: 0.324155134 0.675844866 0.000000000
KJ:/crrc/crr: 0.000000000 0.999996140 0.000003860
KJ:/crrc/r: 0.070663588 0.769889617 0.159446796
KJ:/rc/c: 0.409293488 0.590706512 0.000000000
KJ:/rc/crr: 0.000000000 0.867345751 0.132654249
KJ:/rc/r: 0.027553310 0.798144448 0.174302241
KJ:/rrc/c: 0.223639998 0.776360002 0.000000000
KJ:/rrc/crr: 0.000000000 0.996513414 0.003486586
KJ:/rrc/r: 0.040054738 0.895211568 0.064733694
KK:/cc/c: 0.994412087 0.005587913 0.000000000
KK:/cc/crr: 0.000000000 0.997190343 0.002809657
KK:/cc/r: 0.986505607 0.009769117 0.003725276
KK:/crc/c: 0.999994996 0.000005004 0.000000000
KK:/crc/crr: 0.000000000 0.999997498 0.000002502
KK:/crc/r: 0.849233160 0.150763504 0.000003336
KK:/crrc/c: 0.999997498 0.000002502 0.000000000
KK:/crrc/crr: 0.000000000 0.999998749 0.000001251
KK:/crrc/r: 0.999996664 0.000001668 0.000001668
KK:/rc/c: 0.999992127 0.000007873 0.000000000
KK:/rc/crr: 0.000000000 0.999996063 0.000003937
KK:/rc/r: 0.999980152 0.000014599 0.000005249
KK:/rrc/c: 0.999994219 0.000005781 0.000000000
KK:/rrc/crr: 0.000000000 0.999997110 0.000002890
KK:/rrc/r: 0.999977414 0.000018732 0.000003854
KQ:/cc/c: 0.028732777 0.971267223 0.000000000
KQ:/cc/crr: 0.000000000 0.902760647 0.097239353
KQ:/cc/r: 0.018899187 0.974397149 0.006703664
KQ:/crc/c: 0.185588006 0.814411994 0.000000000
KQ:/crc/crr: 0.000000000 0.024531258 0.975468742
KQ:/crc/r: 0.000086309 0.442214297 0.557699394
KQ:/crrc/c: 0.601454440 0.398545560 0.000000000
KQ:/crrc/crr: 0.000000000 0.401377758 0.598622242
KQ:/crrc/r: 0.000014666 0.631671987 0.368313346
KQ:/rc/c: 0.000070719 0.999929281 0.000000000
KQ:/rc/crr: 0.000000000 0.944334708 0.055665292
KQ:/rc/r: 0.000024831 0.302082045 0.697893124
KQ:/rrc/c: 0.493489151 0.506510849 0.000000000
KQ:/rrc/crr: 0.000000000 0.459673004 0.540326996
KQ:/rrc/r: 0.067119054 0.566448175 0.366432771
Q:/c: 0.846785329 0.153214671 0.000000000
Q:/crr: 0.000000000 0.999994095 0.000005905
Q:/r: 0.357003101 0.642882493 0.000114406
QJ:/cc/c: 0.000475119 0.999524881 0.000000000
QJ:/cc/crr: 0.000000000 0.034342888 0.965657112
QJ:/cc/r: 0.000048504 0.000021756 0.999929740
QJ:/crc/c: 0.392488131 0.607511869 0.000000000
QJ:/crc/crr: 0.000000000 0.085793420 0.914206580
QJ:/crc/r: 0.000012126 0.000003936 0.999983938
QJ:/crrc/c: 0.000129030 0.999870970 0.000000000
QJ:/crrc/crr: 0.000000000 0.011440567 0.988559433
QJ:/crrc/r: 0.018579481 0.000001968 0.981418550
QJ:/rc/c: 0.000233262 0.999766738 0.000000000
QJ:/rc/crr: 0.000000000 0.011114049 0.988885951
QJ:/rc/r: 0.010731256 0.000003457 0.989265287
QJ:/rrc/c: 0.000265540 0.999734460 0.000000000
QJ:/rrc/crr: 0.000000000 0.017581127 0.982418873
QJ:/rrc/r: 0.000124341 0.000009802 0.999865857
QK:/cc/c: 0.024357431 0.975642569 0.000000000
QK:/cc/crr: 0.000000000 0.999330103 0.000669897
QK:/cc/r: 0.000158266 0.735473580 0.264368155
QK:/crc/c: 0.357903569 0.642096431 0.000000000
QK:/crc/crr: 0.000000000 0.003434064 0.996565936
QK:/crc/r: 0.000380920 0.527686281 0.471932799
QK:/crrc/c: 0.094632820 0.905367180 0.000000000
QK:/crrc/crr: 0.000000000 0.002547902 0.997452098
QK:/crrc/r: 0.000067919 0.300284708 0.699647372
QK:/rc/c: 0.370472397 0.629527603 0.000000000
QK:/rc/crr: 0.000000000 0.005482809 0.994517191
QK:/rc/r: 0.000007298 0.312738518 0.687254184
QK:/rrc/c: 0.423047232 0.576952768 0.000000000
QK:/rrc/crr: 0.000000000 0.069796953 0.930203047
QK:/rrc/r: 0.000765136 0.519629806 0.479605058
QQ:/cc/c: 0.999967366 0.000032634 0.000000000
QQ:/cc/crr: 0.000000000 0.999983682 0.000016318
QQ:/cc/r: 0.999918788 0.000059456 0.000021756
QQ:/crc/c: 0.999994095 0.000005905 0.000000000
QQ:/crc/crr: 0.000000000 0.999997048 0.000002952
QQ:/crc/r: 0.847634445 0.152361618 0.000003936
QQ:/crrc/c: 0.999997048 0.000002952 0.000000000
QQ:/crrc/crr: 0.000000000 0.999998524 0.000001476
QQ:/crrc/r: 0.999996064 0.000001968 0.000001968
QQ:/rc/c: 0.999994815 0.000005185 0.000000000
QQ:/rc/crr: 0.000000000 0.999997407 0.000002593
QQ:/rc/r: 0.999974823 0.000021720 0.000003457
QQ:/rrc/c: 0.999990663 0.000009337 0.000000000
QQ:/rrc/crr: 0.000000000 0.999995331 0.000004669
QQ:/rrc/r: 0.999956315 0.000037461 0.000006225
