J:/c: 0.290775327 0.709224673 0.000000000
J:/crr: 0.000000000 0.999982805 0.000017195
J:/r: 0.055560854 0.130671220 0.813767926
JJ:/cc/c: 0.999992950 0.000007050 0.000000000
JJ:/cc/crr: 0.000000000 0.999996475 0.000003525
JJ:/cc/r: 0.999982710 0.000012590 0.000004700
JJ:/crc/c: 0.999982805 0.000017195 0.000000000
JJ:/crc/crr: 0.000000000 0.999991402 0.000008598
JJ:/crc/r: 0.999977073 0.000011464 0.000011464
JJ:/crrc/c: 0.999991402 0.000008598 0.000000000
JJ:/crrc/crr: 0.000000000 0.999995701 0.000004299
JJ:/crrc/r: 0.999988536 0.000005732 0.000005732
JJ:/rc/c: 0.999974491 0.000025509 0.000000000
JJ:/rc/crr: 0.000000000 0.999987245 0.000012755
JJ:/rc/r: 0.999963253 0.000019740 0.000017006
JJ:/rrc/c: 0.999940006 0.000059994 0.000000000
JJ:/rrc/crr: 0.000000000 0.999970001 0.000029999
JJ:/rrc/r: 0.999737102 0.000222902 0.000039996
JK:/cc/c: 0.010772425 0.989227575 0.000000000
JK:/cc/crr: 0.000000000 0.000327222 0.999672778
JK:/cc/r: 0.000010528 0.000004700 0.999984772
JK:/crc/c: 0.535130202 0.464869798 0.000000000
JK:/crc/crr: 0.000000000 0.000016067 0.999983933
JK:/crc/r: 0.080144677 0.000011464 0.919843859
JK:/crrc/c: 0.454484105 0.545515895 0.000000000
JK:/crrc/crr: 0.000000000 0.000009459 0.999990541
JK:/crrc/r: 0.210455224 0.000005732 0.789539044
JK:/rc/c: 0.367158915 0.632841085 0.000000000
JK:/rc/crr: 0.000000000 0.000034739 0.999965261
JK:/rc/r: 0.360024609 0.000017006 0.639958385
JK:/rrc/c: 0.999766810 0.000233190 0.000000000
JK:/rrc/crr: 0.000000000 0.000030004 0.999969996
JK:/rrc/r: 0.266122357 0.000039996 0.733837647
JQ:/cc/c: 0.070413593 0.929586407 0.000000000
JQ:/cc/crr: 0.000000000 0.000050061 0.999949939
JQ:/cc/r: 0.037205769 0.000004700 0.962789531
JQ:/crc/c: 0.634509446 0.365490554 0.000000000
JQ:/crc/crr: 0.000000000 0.000013550 0.999986450
JQ:/crc/r: 0.031545824 0.000011464 0.968442712
JQ:/crrc/c: 0.043814619 0.956185381 0.000000000
JQ:/crrc/crr: 0.000000000 0.000098116 0.999901884
JQ:/crrc/r: 0.229237242 0.000005732 0.770757026
JQ:/rc/c: 0.985461536 0.014538464 0.000000000
JQ:/rc/crr: 0.000000000 0.000012943 0.999987057
JQ:/rc/r: 0.000017006 0.000017006 0.999965988
JQ:/rrc/c: 0.031750210 0.968249790 0.000000000
JQ:/rrc/crr: 0.000000000 0.000944786 0.999055214
JQ:/rrc/r: 0.422145117 0.000039996 0.577814886
K:/c: 0.999913350 0.000086650 0.000000000
K:/crr: 0.000000000 0.999995000 0.000005000
K:/r: 0.576995458 0.422997876 0.000006667
KJ:/cc/c: 0.176435907 0.823564093 0.000000000
KJ:/cc/crr: 0.000000000 0.836475289 0.163524711
KJ:/cc/r: 0.194732362 0.078259446 0.727008192
KJ:/crc/c: 0.107198275 0.892801725 0.000000000
KJ:/crc/crr: 0.000000000 0.999976677 0.000023323
KJ:/crc/r: 0.000105576 0.723526348 0.276368075
KJ:/crrc/c: 0.293740659 0.706259341 0.000000000
KJ:/crrc/crr: 0.000000000 0.606438138 0.393561862
KJ:/crrc/r: 0.029881821 0.820951580 0.149166599
KJ:/rc/c: 0.505890395 0.494109605 0.000000000
KJ:/rc/crr: 0.000000000 0.687291443 0.312708557
KJ:/rc/r: 0.052692824 0.709532013 0.237775163
KJ:/rrc/c: 0.276366946 0.723633054 0.000000000
KJ:/rrc/crr: 0.000000000 0.996473072 0.003526928
KJ:/rrc/r: 0.036113104 0.912598376 0.051288520
KK:/cc/c: 0.942296739 0.057703261 0.000000000
KK:/cc/crr: 0.000000000 0.969381587 0.030618413
KK:/cc/r: 0.858685429 0.102845730 0.038468841
KK:/crc/c: 0.999995000 0.000005000 0.000000000
KK:/crc/crr: 0.000000000 0.999997500 0.000002500
KK:/crc/r: 0.840149501 0.159847166 0.000003334
KK:/crrc/c: 0.999997500 0.000002500 0.000000000
KK:/crrc/crr: 0.000000000 0.999998750 0.000001250
KK:/crrc/r: 0.999996666 0.000001667 0.000001667
KK:/rc/c: 0.999992120 0.000007880 0.000000000
KK:/rc/crr: 0.000000000 0.999996060 0.000003940
KK:/rc/r: 0.999980347 0.000014400 0.000005254
KK:/rrc/c: 0.999994223 0.000005777 0.000000000
KK:/rrc/crr: 0.000000000 0.999997111 0.000002889
KK:/rrc/r: 0.999977360 0.000018789 0.000003851
KQ:/cc/c: 0.296612559 0.703387441 0.000000000
KQ:/cc/crr: 0.000000000 0.902729572 0.097270428
KQ:/cc/r: 0.194885920 0.735729587 0.069384493
KQ:/crc/c: 0.065100256 0.934899744 0.000000000
KQ:/crc/crr: 0.000000000 0.076734132 0.923265868
KQ:/crc/r: 0.000081937 0.436325271 0.563592791
KQ:/crrc/c: 0.607045048 0.392954952 0.000000000
KQ:/crrc/crr: 0.000000000 0.418832526 0.581167474
KQ:/crrc/r: 0.000017792 0.679447524 0.320534683
KQ:/rc/c: 0.001894103 0.998105897 0.000000000
KQ:/rc/crr: 0.000000000 0.022691059 0.977308941
KQ:/rc/r: 0.000024392 0.300990946 0.698984662
KQ:/rrc/c: 0.507905960 0.492094040 0.000000000
KQ:/rrc/crr: 0.000000000 0.493247650 0.506752350
KQ:/rrc/r: 0.075482062 0.554135715 0.370382223
Q:/c: 0.848926178 0.151073822 0.000000000
Q:/crr: 0.000000000 0.999994110 0.000005890
Q:/r: 0.356664254 0.643247296 0.000088450
QJ:/cc/c: 0.000617041 0.999382959 0.000000000
QJ:/cc/crr: 0.000000000 0.026818632 0.973181368
QJ:/cc/r: 0.000049160 0.000022064 0.999928776
QJ:/crc/c: 0.402411959 0.597588041 0.000000000
QJ:/crc/crr: 0.000000000 0.093959340 0.906040660
QJ:/crc/r: 0.000013959 0.000003927 0.999982114
QJ:/crrc/c: 0.000138470 0.999861530 0.000000000
QJ:/crrc/crr: 0.000000000 0.010633786 0.989366214
QJ:/crrc/r: 0.021446393 0.000001963 0.978551644
QJ:/rc/c: 0.000155701 0.999844299 0.000000000
QJ:/rc/crr: 0.000000000 0.016641020 0.983358980
QJ:/rc/r: 0.013125021 0.000003455 0.986871524
QJ:/rrc/c: 0.000272765 0.999727235 0.000000000
QJ:/rrc/crr: 0.000000000 0.017131687 0.982868313
QJ:/rrc/r: 0.000092517 0.000009582 0.999897901
QK:/cc/c: 0.216179852 0.783820148 0.000000000
QK:/cc/crr: 0.000000000 0.999923452 0.000076548
QK:/cc/r: 0.000154352 0.738854871 0.260990777
QK:/crc/c: 0.349984197 0.650015803 0.000000000
QK:/crc/crr: 0.000000000 0.007671476 0.992328524
QK:/crc/r: 0.000370449 0.489952438 0.509677113
QK:/crrc/c: 0.059440683 0.940559317 0.000000000
QK:/crrc/crr: 0.000000000 0.004134268 0.995865732
QK:/crrc/r: 0.000070184 0.283267590 0.716662226
QK:/rc/c: 0.376972561 0.623027439 0.000000000
QK:/rc/crr: 0.000000000 0.010638608 0.989361392
QK:/rc/r: 0.000007240 0.313714372 0.686278388
QK:/rrc/c: 0.416529175 0.583470825 0.000000000
QK:/rrc/crr: 0.000000000 0.039269488 0.960730512
QK:/rrc/r: 0.000090724 0.517685529 0.482223747
QQ:/cc/c: 0.999966904 0.000033096 0.000000000
QQ:/cc/crr: 0.000000000 0.999983451 0.000016549
QQ:/cc/r: 0.999917593 0.000060342 0.000022064
QQ:/crc/c: 0.999994110 0.000005890 0.000000000
QQ:/crc/crr: 0.000000000 0.999997055 0.000002945
QQ:/crc/r: 0.850656561 0.149339513 0.000003927
QQ:/crrc/c: 0.999997055 0.000002945 0.000000000
QQ:/crrc/crr: 0.000000000 0.999998528 0.000001472
QQ:/crrc/r: 0.999996073 0.000001963 0.000001963
QQ:/rc/c: 0.999994818 0.000005182 0.000000000
QQ:/rc/crr: 0.000000000 0.999997409 0.000002591
QQ:/rc/r: 0.999992874 0.000003672 0.000003455
QQ:/rrc/c: 0.999990654 0.000009346 0.000000000
QQ:/rrc/crr: 0.000000000 0.999995327 0.000004673
QQ:/rrc/r: 0.999956252 0.000037517 0.000006231
