J:/: 0.078955012 0.921044988 0.000000000
J:/cr: 0.017751732 0.035553816 0.946694452
J:/rr: 0.000000000 0.999936673 0.000063327
JJ:/cc/: 0.000343287 0.999656713 0.000000000
JJ:/cc/cr: 0.999996380 0.000001810 0.000001810
JJ:/cc/rr: 0.000000000 0.992093189 0.007906811
JJ:/crc/: 0.928959156 0.071040844 0.000000000
JJ:/crc/cr: 0.999522380 0.000238810 0.000238810
JJ:/crc/rr: 0.000000000 0.999972606 0.000027394
JJ:/crrc/: 0.894749049 0.105250951 0.000000000
JJ:/crrc/cr: 0.999354331 0.000322834 0.000322834
JJ:/crrc/rr: 0.000000000 0.999943037 0.000056963
JJ:/rc/: 0.874141532 0.125858468 0.000000000
JJ:/rc/cr: 0.999664559 0.000167721 0.000167721
JJ:/rc/rr: 0.000000000 0.999963777 0.000036223
JJ:/rrc/: 0.998904363 0.001095637 0.000000000
JJ:/rrc/cr: 0.980732293 0.009633853 0.009633853
JJ:/rrc/rr: 0.000000000 0.999984150 0.000015850
JK:/cc/: 0.073216490 0.926783510 0.000000000
JK:/cc/cr: 0.000005253 0.000001952 0.999992794
JK:/cc/rr: 0.000000000 0.000037072 0.999962928
JK:/crc/: 0.072198653 0.927801347 0.000000000
JK:/crc/cr: 0.041922256 0.000018285 0.958059459
JK:/crc/rr: 0.000000000 0.000352470 0.999647530
JK:/crrc/: 0.999843334 0.000156666 0.000000000
JK:/crrc/cr: 0.513254515 0.216885147 0.269860338
JK:/crrc/rr: 0.000000000 0.000050976 0.999949024
JK:/rc/: 0.982460784 0.017539216 0.000000000
JK:/rc/cr: 0.947581085 0.001203535 0.051215380
JK:/rc/rr: 0.000000000 0.000032229 0.999967771
JK:/rrc/: 0.522631172 0.477368828 0.000000000
JK:/rrc/cr: 0.791407029 0.000022111 0.208570860
JK:/rrc/rr: 0.000000000 0.000030294 0.999969706
JQ:/cc/: 0.192124389 0.807875611 0.000000000
JQ:/cc/cr: 0.000007023 0.000002240 0.999990737
JQ:/cc/rr: 0.000000000 0.000014128 0.999985872
JQ:/crc/: 0.991241496 0.008758504 0.000000000
JQ:/crc/cr: 0.109904704 0.001937004 0.888158292
JQ:/crc/rr: 0.000000000 0.000025673 0.999974327
JQ:/crrc/: 0.048286473 0.951713527 0.000000000
JQ:/crrc/cr: 0.095639297 0.000035703 0.904325000
JQ:/crrc/rr: 0.000000000 0.001055533 0.998944467
JQ:/rc/: 0.994583117 0.005416883 0.000000000
JQ:/rc/cr: 0.003896903 0.003896903 0.992206194
JQ:/rc/rr: 0.000000000 0.000031836 0.999968164
JQ:/rrc/: 0.111799517 0.888200483 0.000000000
JQ:/rrc/cr: 0.000310636 0.000011884 0.999677481
JQ:/rrc/rr: 0.000000000 0.000141618 0.999858382
K:/: 0.760468345 0.239531655 0.000000000
K:/cr: 0.681424777 0.318561307 0.000013916
K:/rr: 0.000000000 0.999993425 0.000006575
KJ:/cc/: 0.000056440 0.999943560 0.000000000
KJ:/cc/cr: 0.000050376 0.000009260 0.999940364
KJ:/cc/rr: 0.000000000 0.815077514 0.184922486
KJ:/crc/: 0.000077162 0.999922838 0.000000000
KJ:/crc/cr: 0.000034375 0.999958344 0.000007281
KJ:/crc/rr: 0.000000000 0.858466500 0.141533500
KJ:/crrc/: 0.060552866 0.939447134 0.000000000
KJ:/crrc/cr: 0.003823843 0.986398886 0.009777271
KJ:/crrc/rr: 0.000000000 0.541320037 0.458679963
KJ:/rc/: 0.072806700 0.927193300 0.000000000
KJ:/rc/cr: 0.007744767 0.964426755 0.027828478
KJ:/rc/rr: 0.000000000 0.316077293 0.683922707
KJ:/rrc/: 0.086667705 0.913332295 0.000000000
KJ:/rrc/cr: 0.000005039 0.999784593 0.000210367
KJ:/rrc/rr: 0.000000000 0.501056425 0.498943575
KK:/cc/: 0.999727581 0.000272419 0.000000000
KK:/cc/cr: 0.948916806 0.025541597 0.025541597
KK:/cc/rr: 0.000000000 0.999989560 0.000010440
KK:/crc/: 0.164501743 0.835498257 0.000000000
KK:/crc/cr: 0.999982572 0.000008714 0.000008714
KK:/crc/rr: 0.000000000 0.999933612 0.000066388
KK:/crrc/: 0.977157292 0.022842708 0.000000000
KK:/crrc/cr: 0.999701991 0.000149004 0.000149004
KK:/crrc/rr: 0.000000000 0.999994775 0.000005225
KK:/rc/: 0.839695067 0.160304933 0.000000000
KK:/rc/cr: 0.999972657 0.000013672 0.000013672
KK:/rc/rr: 0.000000000 0.999996085 0.000003915
KK:/rrc/: 0.526644294 0.473355706 0.000000000
KK:/rrc/cr: 0.999995370 0.000002315 0.000002315
KK:/rrc/rr: 0.000000000 0.999996879 0.000003121
KQ:/cc/: 0.000058623 0.999941377 0.000000000
KQ:/cc/cr: 0.000047740 0.450039718 0.549912543
KQ:/cc/rr: 0.000000000 0.821964495 0.178035505
KQ:/crc/: 0.912423042 0.087576958 0.000000000
KQ:/crc/cr: 0.000542969 0.562939033 0.436517998
KQ:/crc/rr: 0.000000000 0.000029018 0.999970982
KQ:/crrc/: 0.013686849 0.986313151 0.000000000
KQ:/crrc/cr: 0.037018000 0.660800061 0.302181939
KQ:/crrc/rr: 0.000000000 0.025014470 0.974985530
KQ:/rc/: 0.000216134 0.999783866 0.000000000
KQ:/rc/cr: 0.000031128 0.495057483 0.504911389
KQ:/rc/rr: 0.000000000 0.183789858 0.816210142
KQ:/rrc/: 0.700293682 0.299706318 0.000000000
KQ:/rrc/cr: 0.032945440 0.874306780 0.092747780
KQ:/rrc/rr: 0.000000000 0.396425081 0.603574919
Q:/: 0.741587302 0.258412698 0.000000000
Q:/cr: 0.162404553 0.836606051 0.000989396
Q:/rr: 0.000000000 0.999993258 0.000006742
QJ:/cc/: 0.000019349 0.999980651 0.000000000
QJ:/cc/cr: 0.000015268 0.000006450 0.999978282
QJ:/cc/rr: 0.000000000 0.500000000 0.500000000
QJ:/crc/: 0.028391250 0.971608750 0.000000000
QJ:/crc/cr: 0.004501370 0.000002645 0.995495985
QJ:/crc/rr: 0.000000000 0.000135769 0.999864231
QJ:/crrc/: 0.011303597 0.988696403 0.000000000
QJ:/crrc/cr: 0.000463880 0.000013389 0.999522730
QJ:/crrc/rr: 0.000000000 0.001756669 0.998243331
QJ:/rc/: 0.007855085 0.992144915 0.000000000
QJ:/rc/cr: 0.000002265 0.000002265 0.999995470
QJ:/rc/rr: 0.000000000 0.000429168 0.999570832
QJ:/rrc/: 0.000003371 0.999996629 0.000000000
QJ:/rrc/cr: 0.000021983 0.000001124 0.999976893
QJ:/rrc/rr: 0.000000000 0.500000000 0.500000000
QK:/cc/: 0.491595737 0.508404263 0.000000000
QK:/cc/cr: 0.022263222 0.977710285 0.000026493
QK:/cc/rr: 0.000000000 0.999980320 0.000019680
QK:/crc/: 0.000007709 0.999992291 0.000000000
QK:/crc/cr: 0.000002570 0.577902906 0.422094525
QK:/crc/rr: 0.000000000 0.500000000 0.500000000
QK:/crrc/: 0.900288996 0.099711004 0.000000000
QK:/crrc/cr: 0.000245735 0.626272970 0.373481295
QK:/crrc/rr: 0.000000000 0.000590829 0.999409171
QK:/rc/: 0.448766543 0.551233457 0.000000000
QK:/rc/cr: 0.020314340 0.534511869 0.445173791
QK:/rc/rr: 0.000000000 0.194829671 0.805170329
QK:/rrc/: 0.119754112 0.880245888 0.000000000
QK:/rrc/cr: 0.000001277 0.301466137 0.698532587
QK:/rrc/rr: 0.000000000 0.000551717 0.999448283
QQ:/cc/: 0.559256745 0.440743255 0.000000000
QQ:/cc/cr: 0.999970733 0.000014634 0.000014634
QQ:/cc/rr: 0.000000000 0.999982701 0.000017299
QQ:/crc/: 0.991396938 0.008603062 0.000000000
QQ:/crc/cr: 0.999402594 0.000298703 0.000298703
QQ:/crc/rr: 0.000000000 0.999996112 0.000003888
QQ:/crrc/: 0.190286624 0.809713376 0.000000000
QQ:/crrc/cr: 0.999967303 0.000016349 0.000016349
QQ:/crrc/rr: 0.000000000 0.999895649 0.000104351
QQ:/rc/: 0.535996988 0.464003012 0.000000000
QQ:/rc/cr: 0.999990313 0.000004844 0.000004844
QQ:/rc/rr: 0.000000000 0.999993711 0.000006289
QQ:/rrc/: 0.982629339 0.017370661 0.000000000
QQ:/rrc/cr: 0.999870618 0.000064691 0.000064691
QQ:/rrc/rr: 0.000000000 0.999998285 0.000001715
