J:/c: 0.313320851 0.686679149 0.000000000
J:/crr: 0.000000000 0.999984042 0.000015958
J:/r: 0.053837298 0.130519746 0.815642956
JJ:/cc/c: 0.999992719 0.000007281 0.000000000
JJ:/cc/crr: 0.000000000 0.999996359 0.000003641
JJ:/cc/r: 0.999990291 0.000004854 0.000004854
JJ:/crc/c: 0.999984042 0.000015958 0.000000000
JJ:/crc/crr: 0.000000000 0.999992021 0.000007979
JJ:/crc/r: 0.999836470 0.000152891 0.000010639
JJ:/crrc/c: 0.999992021 0.000007979 0.000000000
JJ:/crrc/crr: 0.000000000 0.999996010 0.000003990
JJ:/crrc/r: 0.999967785 0.000026896 0.000005319
JJ:/rc/c: 0.999974461 0.000025539 0.000000000
JJ:/rc/crr: 0.000000000 0.999987230 0.000012770
JJ:/rc/r: 0.999965948 0.000017026 0.000017026
JJ:/rrc/c: 0.999938085 0.000061915 0.000000000
JJ:/rrc/crr: 0.000000000 0.999969041 0.000030959
JJ:/rrc/r: 0.999917447 0.000041277 0.000041277
JK:/cc/c: 0.000007281 0.999992719 0.000000000
JK:/cc/crr: 0.000000000 0.500000000 0.500000000
JK:/cc/r: 0.000004854 0.000004854 0.999990291
JK:/crc/c: 0.492497471 0.507502529 0.000000000
JK:/crc/crr: 0.000000000 0.000016201 0.999983799
JK:/crc/r: 0.011552890 0.000010639 0.988436472
JK:/crrc/c: 0.577787251 0.422212749 0.000000000
JK:/crrc/crr: 0.000000000 0.000006905 0.999993095
JK:/crrc/r: 0.233436917 0.000005319 0.766557763
JK:/rc/c: 0.368001464 0.631998536 0.000000000
JK:/rc/crr: 0.000000000 0.000034699 0.999965301
JK:/rc/r: 0.364677583 0.000017026 0.635305391
JK:/rrc/c: 0.999938085 0.000061915 0.000000000
JK:/rrc/crr: 0.000000000 0.000030959 0.999969041
JK:/rrc/r: 0.237412123 0.000041277 0.762546601
JQ:/cc/c: 0.076488060 0.923511940 0.000000000
JQ:/cc/crr: 0.000000000 0.000047598 0.999952402
JQ:/cc/r: 0.039559236 0.000004854 0.960435909
JQ:/crc/c: 0.362483364 0.637516636 0.000000000
JQ:/crc/crr: 0.000000000 0.000022012 0.999977988
JQ:/crc/r: 0.001502907 0.000010639 0.998486455
JQ:/crrc/c: 0.024215495 0.975784505 0.000000000
JQ:/crrc/crr: 0.000000000 0.000164753 0.999835247
JQ:/crrc/r: 0.130784505 0.000005319 0.869210176
JQ:/rc/c: 0.999974461 0.000025539 0.000000000
JQ:/rc/crr: 0.000000000 0.000012770 0.999987230
JQ:/rc/r: 0.000017026 0.000017026 0.999965948
JQ:/rrc/c: 0.000061915 0.999938085 0.000000000
JQ:/rrc/crr: 0.000000000 0.500000000 0.500000000
JQ:/rrc/r: 0.358507607 0.000041277 0.641451116
K:/c: 0.999990000 0.000010000 0.000000000
K:/crr: 0.000000000 0.999995000 0.000005000
K:/r: 0.575462187 0.424531146 0.000006667
KJ:/cc/c: 0.500000000 0.500000000 0.000000000
KJ:/cc/crr: 0.000000000 0.500000000 0.500000000
KJ:/cc/r: 0.333333333 0.333333333 0.333333333
KJ:/crc/c: 0.064021077 0.935978923 0.000000000
KJ:/crc/crr: 0.000000000 0.999960950 0.000039050
KJ:/crc/r: 0.000004806 0.744683563 0.255311631
KJ:/crrc/c: 0.274486752 0.725513248 0.000000000
KJ:/crrc/crr: 0.000000000 0.999995446 0.000004554
KJ:/crrc/r: 0.000003017 0.842493662 0.157503321
KJ:/rc/c: 0.408288848 0.591711152 0.000000000
KJ:/rc/crr: 0.000000000 0.685981809 0.314018191
KJ:/rc/r: 0.000147443 0.999838886 0.000013671
KJ:/rrc/c: 0.146743258 0.853256742 0.000000000
KJ:/rrc/crr: 0.000000000 0.999980263 0.000019737
KJ:/rrc/r: 0.044574584 0.886591121 0.068834295
KK:/cc/c: 0.500000000 0.500000000 0.000000000
KK:/cc/crr: 0.000000000 0.500000000 0.500000000
KK:/cc/r: 0.333333333 0.333333333 0.333333333
KK:/crc/c: 0.999995000 0.000005000 0.000000000
KK:/crc/crr: 0.000000000 0.999997500 0.000002500
KK:/crc/r: 0.987112323 0.012884344 0.000003333
KK:/crrc/c: 0.999997500 0.000002500 0.000000000
KK:/crrc/crr: 0.000000000 0.999998750 0.000001250
KK:/crrc/r: 0.999690381 0.000307952 0.000001667
KK:/rc/c: 0.999992148 0.000007852 0.000000000
KK:/rc/crr: 0.000000000 0.999996074 0.000003926
KK:/rc/r: 0.999970847 0.000023918 0.000005235
KK:/rrc/c: 0.999994208 0.000005792 0.000000000
KK:/rrc/crr: 0.000000000 0.999997104 0.000002896
KK:/rrc/r: 0.995714432 0.004281706 0.000003862
KQ:/cc/c: 0.500000000 0.500000000 0.000000000
KQ:/cc/crr: 0.000000000 0.500000000 0.500000000
KQ:/cc/r: 0.333333333 0.333333333 0.333333333
KQ:/crc/c: 0.308559055 0.691440945 0.000000000
KQ:/crc/crr: 0.000000000 0.000379275 0.999620725
KQ:/crc/r: 0.000010961 0.446069064 0.553919975
KQ:/crrc/c: 0.637049865 0.362950135 0.000000000
KQ:/crrc/crr: 0.000000000 0.415285840 0.584714160
KQ:/crrc/r: 0.000032809 0.807777977 0.192189213
KQ:/rc/c: 0.000007852 0.999992148 0.000000000
KQ:/rc/crr: 0.000000000 0.500000000 0.500000000
KQ:/rc/r: 0.000007861 0.306569947 0.693422192
KQ:/rrc/c: 0.511160194 0.488839806 0.000000000
KQ:/rrc/crr: 0.000000000 0.518850170 0.481149830
KQ:/rrc/r: 0.100518330 0.529281722 0.370199949
Q:/c: 0.843933253 0.156066747 0.000000000
Q:/crr: 0.000000000 0.999994075 0.000005925
Q:/r: 0.341683572 0.658287448 0.000028980
QJ:/cc/c: 0.000032038 0.999967962 0.000000000
QJ:/cc/crr: 0.000000000 0.500000000 0.500000000
QJ:/cc/r: 0.000021358 0.000021358 0.999957283
QJ:/crc/c: 0.392181962 0.607818038 0.000000000
QJ:/crc/crr: 0.000000000 0.002353685 0.997646315
QJ:/crc/r: 0.000003950 0.000003950 0.999992100
QJ:/crrc/c: 0.000002962 0.999997038 0.000000000
QJ:/crrc/crr: 0.000000000 0.500000000 0.500000000
QJ:/crrc/r: 0.000001975 0.000001975 0.999996050
QJ:/rc/c: 0.000005064 0.999994936 0.000000000
QJ:/rc/crr: 0.000000000 0.500000000 0.500000000
QJ:/rc/r: 0.000003376 0.000003376 0.999993248
QJ:/rrc/c: 0.000009756 0.999990244 0.000000000
QJ:/rrc/crr: 0.000000000 0.500000000 0.500000000
QJ:/rrc/r: 0.000007808 0.000006504 0.999985688
QK:/cc/c: 0.001240562 0.998759438 0.000000000
QK:/cc/crr: 0.000000000 0.987087475 0.012912525
QK:/cc/r: 0.000021358 0.706706488 0.293272154
QK:/crc/c: 0.360535118 0.639464882 0.000000000
QK:/crc/crr: 0.000000000 0.000055464 0.999944536
QK:/crc/r: 0.000033087 0.526172994 0.473793919
QK:/crrc/c: 0.000135503 0.999864497 0.000000000
QK:/crrc/crr: 0.000000000 0.010930867 0.989069133
QK:/crrc/r: 0.000029055 0.252161781 0.747809164
QK:/rc/c: 0.369296594 0.630703406 0.000000000
QK:/rc/crr: 0.000000000 0.000006856 0.999993144
QK:/rc/r: 0.000003428 0.326701443 0.673295129
QK:/rrc/c: 0.434560793 0.565439207 0.000000000
QK:/rrc/crr: 0.000000000 0.000213047 0.999786953
QK:/rrc/r: 0.000009287 0.518057012 0.481933701
QQ:/cc/c: 0.999967962 0.000032038 0.000000000
QQ:/cc/crr: 0.000000000 0.999983981 0.000016019
QQ:/cc/r: 0.999949244 0.000029398 0.000021358
QQ:/crc/c: 0.999994075 0.000005925 0.000000000
QQ:/crc/crr: 0.000000000 0.999997038 0.000002962
QQ:/crc/r: 0.999949568 0.000046483 0.000003950
QQ:/crrc/c: 0.999997038 0.000002962 0.000000000
QQ:/crrc/crr: 0.000000000 0.999998519 0.000001481
QQ:/crrc/r: 0.999771546 0.000226480 0.000001975
QQ:/rc/c: 0.999994936 0.000005064 0.000000000
QQ:/rc/crr: 0.000000000 0.999997468 0.000002532
QQ:/rc/r: 0.983108402 0.016888222 0.000003376
QQ:/rrc/c: 0.999990244 0.000009756 0.000000000
QQ:/rrc/crr: 0.000000000 0.999995122 0.000004878
QQ:/rrc/r: 0.999977470 0.000016026 0.000006504
