J:/c: 0.291288181 0.708711819 0.000000000
J:/crr: 0.000000000 0.999982835 0.000017165
J:/r: 0.053772005 0.128870268 0.817357728
JJ:/cc/c: 0.999992945 0.000007055 0.000000000
JJ:/cc/crr: 0.000000000 0.999996472 0.000003528
JJ:/cc/r: 0.999982698 0.000012598 0.000004703
JJ:/crc/c: 0.999982835 0.000017165 0.000000000
JJ:/crc/crr: 0.000000000 0.999991417 0.000008583
JJ:/crc/r: 0.999977113 0.000011443 0.000011443
JJ:/crrc/c: 0.999991417 0.000008583 0.000000000
JJ:/crrc/crr: 0.000000000 0.999995709 0.000004291
JJ:/crrc/r: 0.999988556 0.000005722 0.000005722
JJ:/rc/c: 0.999974134 0.000025866 0.000000000
JJ:/rc/crr: 0.000000000 0.999987067 0.000012933
JJ:/rc/r: 0.999962551 0.000020205 0.000017244
JJ:/rrc/c: 0.999938010 0.000061990 0.000000000
JJ:/rrc/crr: 0.000000000 0.999969003 0.000030997
JJ:/rrc/r: 0.999728252 0.000230421 0.000041327
JK:/cc/c: 0.005685049 0.994314951 0.000000000
JK:/cc/crr: 0.000000000 0.000620492 0.999379508
JK:/cc/r: 0.000010419 0.000004703 0.999984877
JK:/crc/c: 0.517640917 0.482359083 0.000000000
JK:/crc/crr: 0.000000000 0.000016580 0.999983420
JK:/crc/r: 0.080098633 0.000011443 0.919889923
JK:/crrc/c: 0.517155539 0.482844461 0.000000000
JK:/crrc/crr: 0.000000000 0.000008298 0.999991702
JK:/crrc/r: 0.189065625 0.000005722 0.810928653
JK:/rc/c: 0.386871564 0.613128436 0.000000000
JK:/rc/crr: 0.000000000 0.000033429 0.999966571
JK:/rc/r: 0.350668001 0.000017244 0.649314755
JK:/rrc/c: 0.999753840 0.000246160 0.000000000
JK:/rrc/crr: 0.000000000 0.000031003 0.999968997
JK:/rrc/r: 0.331034259 0.000041327 0.668924415
JQ:/cc/c: 0.070075473 0.929924527 0.000000000
JQ:/cc/crr: 0.000000000 0.000050339 0.999949661
JQ:/cc/r: 0.040013274 0.000004703 0.959982023
JQ:/crc/c: 0.503176837 0.496823163 0.000000000
JQ:/crc/crr: 0.000000000 0.000017057 0.999982943
JQ:/crc/r: 0.067615932 0.000011443 0.932372624
JQ:/crrc/c: 0.057715599 0.942284401 0.000000000
JQ:/crrc/crr: 0.000000000 0.000074353 0.999925647
JQ:/crrc/r: 0.236389309 0.000005722 0.763604969
JQ:/rc/c: 0.991869506 0.008130494 0.000000000
JQ:/rc/crr: 0.000000000 0.000013039 0.999986961
JQ:/rc/r: 0.000234901 0.000017244 0.999747855
JQ:/rrc/c: 0.018081110 0.981918890 0.000000000
JQ:/rrc/crr: 0.000000000 0.001714223 0.998285777
JQ:/rrc/r: 0.457034505 0.000041327 0.542924168
K:/c: 0.999937795 0.000062205 0.000000000
K:/crr: 0.000000000 0.999995000 0.000005000
K:/r: 0.578412419 0.421580914 0.000006667
KJ:/cc/c: 0.245891636 0.754108364 0.000000000
KJ:/cc/crr: 0.000000000 0.836554186 0.163445814
KJ:/cc/r: 0.271234557 0.109051926 0.619713517
KJ:/crc/c: 0.126264299 0.873735701 0.000000000
KJ:/crc/crr: 0.000000000 0.999980199 0.000019801
KJ:/crc/r: 0.000103980 0.727985017 0.271911004
KJ:/crrc/c: 0.345092757 0.654907243 0.000000000
KJ:/crrc/crr: 0.000000000 0.999996378 0.000003622
KJ:/crrc/r: 0.030365015 0.825072511 0.144562474
KJ:/rc/c: 0.470903274 0.529096726 0.000000000
KJ:/rc/crr: 0.000000000 0.806173300 0.193826700
KJ:/rc/r: 0.035179714 0.721844357 0.242975929
KJ:/rrc/c: 0.177102629 0.822897371 0.000000000
KJ:/rrc/crr: 0.000000000 0.996193440 0.003806560
KJ:/rrc/r: 0.055910162 0.871312890 0.072776948
KK:/cc/c: 0.919620083 0.080379917 0.000000000
KK:/cc/crr: 0.000000000 0.956297215 0.043702785
KK:/cc/r: 0.804782166 0.141631222 0.053586611
KK:/crc/c: 0.999995000 0.000005000 0.000000000
KK:/crc/crr: 0.000000000 0.999997500 0.000002500
KK:/crc/r: 0.706578196 0.293418471 0.000003334
KK:/crrc/c: 0.999997500 0.000002500 0.000000000
KK:/crrc/crr: 0.000000000 0.999998750 0.000001250
KK:/crrc/r: 0.999996666 0.000001667 0.000001667
KK:/rc/c: 0.999992093 0.000007907 0.000000000
KK:/rc/crr: 0.000000000 0.999996047 0.000003953
KK:/rc/r: 0.999980083 0.000014646 0.000005271
KK:/rrc/c: 0.999994237 0.000005763 0.000000000
KK:/rrc/crr: 0.000000000 0.999997119 0.000002881
KK:/rrc/r: 0.999977538 0.000018620 0.000003842
KQ:/cc/c: 0.413321134 0.586678866 0.000000000
KQ:/cc/crr: 0.000000000 0.902763359 0.097236641
KQ:/cc/r: 0.270923338 0.632307492 0.096769170
KQ:/crc/c: 0.267188870 0.732811130 0.000000000
KQ:/crc/crr: 0.000000000 0.140201529 0.859798471
KQ:/crc/r: 0.000082502 0.433639939 0.566277559
KQ:/crrc/c: 0.587230301 0.412769699 0.000000000
KQ:/crrc/crr: 0.000000000 0.399585815 0.600414185
KQ:/crrc/r: 0.005862339 0.616843125 0.377294537
KQ:/rc/c: 0.000627814 0.999372186 0.000000000
KQ:/rc/crr: 0.000000000 0.147701109 0.852298891
KQ:/rc/r: 0.000025006 0.301319690 0.698655304
KQ:/rrc/c: 0.504233111 0.495766889 0.000000000
KQ:/rrc/crr: 0.000000000 0.475171771 0.524828229
KQ:/rrc/r: 0.071893539 0.555747585 0.372358876
Q:/c: 0.852305461 0.147694539 0.000000000
Q:/crr: 0.000000000 0.999994134 0.000005866
Q:/r: 0.364913247 0.635041191 0.000045563
QJ:/cc/c: 0.000640271 0.999359729 0.000000000
QJ:/cc/crr: 0.000000000 0.026436978 0.973563022
QJ:/cc/r: 0.000050249 0.000022569 0.999927182
QJ:/crc/c: 0.421520767 0.578479233 0.000000000
QJ:/crc/crr: 0.000000000 0.141725149 0.858274851
QJ:/crc/r: 0.000003911 0.000003911 0.999992178
QJ:/crrc/c: 0.000126623 0.999873377 0.000000000
QJ:/crrc/crr: 0.000000000 0.011582521 0.988417479
QJ:/crrc/r: 0.022658428 0.000001955 0.977339617
QJ:/rc/c: 0.000241882 0.999758118 0.000000000
QJ:/rc/crr: 0.000000000 0.010850358 0.989149642
QJ:/rc/r: 0.019532028 0.000003499 0.980464472
QJ:/rrc/c: 0.000259294 0.999740706 0.000000000
QJ:/rrc/crr: 0.000000000 0.017614328 0.982385672
QJ:/rrc/r: 0.000089653 0.000009495 0.999900851
QK:/cc/c: 0.043400328 0.956599672 0.000000000
QK:/cc/crr: 0.000000000 0.999609984 0.000390016
QK:/cc/r: 0.000159322 0.740319217 0.259521461
QK:/crc/c: 0.387173416 0.612826584 0.000000000
QK:/crc/crr: 0.000000000 0.007593502 0.992406498
QK:/crc/r: 0.000378818 0.499141348 0.500479834
QK:/crrc/c: 0.219505492 0.780494508 0.000000000
QK:/crrc/crr: 0.000000000 0.001111138 0.998888862
QK:/crrc/r: 0.000068554 0.288087392 0.711844054
QK:/rc/c: 0.366390767 0.633609233 0.000000000
QK:/rc/crr: 0.000000000 0.008190562 0.991809438
QK:/rc/r: 0.000008100 0.313171399 0.686820501
QK:/rrc/c: 0.429225380 0.570774620 0.000000000
QK:/rrc/crr: 0.000000000 0.065742382 0.934257618
QK:/rrc/r: 0.000110035 0.506014131 0.493875834
QQ:/cc/c: 0.999966146 0.000033854 0.000000000
QQ:/cc/crr: 0.000000000 0.999983073 0.000016927
QQ:/cc/r: 0.999915970 0.000061461 0.000022569
QQ:/crc/c: 0.999994134 0.000005866 0.000000000
QQ:/crc/crr: 0.000000000 0.999997067 0.000002933
QQ:/crc/r: 0.849175963 0.150820126 0.000003911
QQ:/crrc/c: 0.999997067 0.000002933 0.000000000
QQ:/crrc/crr: 0.000000000 0.999998533 0.000001467
QQ:/crrc/r: 0.999996089 0.000001955 0.000001955
QQ:/rc/c: 0.999994751 0.000005249 0.000000000
QQ:/rc/crr: 0.000000000 0.999997375 0.000002625
QQ:/rc/r: 0.663285975 0.336710526 0.000003499
QQ:/rrc/c: 0.999990865 0.000009135 0.000000000
QQ:/rrc/crr: 0.000000000 0.999995433 0.000004567
QQ:/rrc/r: 0.999957251 0.000036659 0.000006090
