J:/: 0.073942680 0.926057320 0.000000000
J:/cr: 0.017658751 0.035288897 0.947052353
J:/rr: 0.000000000 0.999932380 0.000067620
JJ:/cc/: 0.000125775 0.999874225 0.000000000
JJ:/cc/cr: 0.999996400 0.000001800 0.000001800
JJ:/cc/rr: 0.000000000 0.978536107 0.021463893
JJ:/crc/: 0.964513104 0.035486896 0.000000000
JJ:/crc/cr: 0.999041894 0.000479053 0.000479053
JJ:/crc/rr: 0.000000000 0.999973562 0.000026438
JJ:/crrc/: 0.980251778 0.019748222 0.000000000
JJ:/crrc/cr: 0.996559420 0.001720290 0.001720290
JJ:/crrc/rr: 0.000000000 0.999948014 0.000051986
JJ:/rc/: 0.940424604 0.059575396 0.000000000
JJ:/rc/cr: 0.999243312 0.000378344 0.000378344
JJ:/rc/rr: 0.000000000 0.999964048 0.000035952
JJ:/rrc/: 0.999966188 0.000033812 0.000000000
JJ:/rrc/cr: 0.333333333 0.333333333 0.333333333
JJ:/rrc/rr: 0.000000000 0.999983093 0.000016907
JK:/cc/: 0.076790971 0.923209029 0.000000000
JK:/cc/cr: 0.000001949 0.000001949 0.999996101
JK:/cc/rr: 0.000000000 0.000035155 0.999964845
JK:/crc/: 0.080991732 0.919008268 0.000000000
JK:/crc/cr: 0.014016495 0.000018498 0.985965007
JK:/crc/rr: 0.000000000 0.000314849 0.999685151
JK:/crrc/: 0.999898082 0.000101918 0.000000000
JK:/crrc/cr: 0.333333333 0.333333333 0.333333333
JK:/crrc/rr: 0.000000000 0.000050964 0.999949036
JK:/rc/: 0.999932380 0.000067620 0.000000000
JK:/rc/cr: 0.333333333 0.333333333 0.333333333
JK:/rc/rr: 0.000000000 0.000033812 0.999966188
JK:/rrc/: 0.524403774 0.475596226 0.000000000
JK:/rrc/cr: 0.906911748 0.000023698 0.093064554
JK:/rrc/rr: 0.000000000 0.000032239 0.999967761
JQ:/cc/: 0.172761390 0.827238610 0.000000000
JQ:/cc/cr: 0.000002176 0.000002176 0.999995649
JQ:/cc/rr: 0.000000000 0.000015626 0.999984374
JQ:/crc/: 0.996648870 0.003351130 0.000000000
JQ:/crc/cr: 0.197262588 0.005072946 0.797664466
JQ:/crc/rr: 0.000000000 0.000025586 0.999974414
JQ:/crrc/: 0.019742542 0.980257458 0.000000000
JQ:/crrc/cr: 0.182396940 0.000034657 0.817568403
JQ:/crrc/rr: 0.000000000 0.002581177 0.997418823
JQ:/rc/: 0.998916346 0.001083654 0.000000000
JQ:/rc/cr: 0.020799978 0.020799978 0.958400043
JQ:/rc/rr: 0.000000000 0.000033847 0.999966153
JQ:/rrc/: 0.147324161 0.852675839 0.000000000
JQ:/rrc/cr: 0.000759453 0.000013218 0.999227329
JQ:/rrc/rr: 0.000000000 0.000114755 0.999885245
K:/: 0.753251172 0.246748828 0.000000000
K:/cr: 0.697996634 0.301989857 0.000013509
K:/rr: 0.000000000 0.999993362 0.000006638
KJ:/cc/: 0.000020264 0.999979736 0.000000000
KJ:/cc/cr: 0.000006755 0.000006755 0.999986491
KJ:/cc/rr: 0.000000000 0.500000000 0.500000000
KJ:/crc/: 0.000022367 0.999977633 0.000000000
KJ:/crc/cr: 0.000007456 0.999985089 0.000007456
KJ:/crc/rr: 0.000000000 0.500000000 0.500000000
KJ:/crrc/: 0.051486105 0.948513895 0.000000000
KJ:/crrc/cr: 0.000064179 0.999432274 0.000503547
KJ:/crrc/rr: 0.000000000 0.533787862 0.466212138
KJ:/rc/: 0.054629655 0.945370345 0.000000000
KJ:/rc/cr: 0.004519737 0.979413033 0.016067230
KJ:/rc/rr: 0.000000000 0.287677220 0.712322780
KJ:/rrc/: 0.080483141 0.919516859 0.000000000
KJ:/rrc/cr: 0.004027878 0.995200663 0.000771459
KJ:/rrc/rr: 0.000000000 0.464846574 0.535153426
KK:/cc/: 0.999787567 0.000212433 0.000000000
KK:/cc/cr: 0.936408114 0.031795943 0.031795943
KK:/cc/rr: 0.000000000 0.999989866 0.000010134
KK:/crc/: 0.128590640 0.871409360 0.000000000
KK:/crc/cr: 0.999982889 0.000008556 0.000008556
KK:/crc/rr: 0.000000000 0.999913032 0.000086968
KK:/crrc/: 0.992704691 0.007295309 0.000000000
KK:/crrc/cr: 0.999115688 0.000442156 0.000442156
KK:/crrc/rr: 0.000000000 0.999995126 0.000004874
KK:/rc/: 0.809659013 0.190340987 0.000000000
KK:/rc/cr: 0.999976751 0.000011625 0.000011625
KK:/rc/rr: 0.000000000 0.999995901 0.000004099
KK:/rrc/: 0.521781486 0.478218514 0.000000000
KK:/rrc/cr: 0.999995373 0.000002313 0.000002313
KK:/rrc/rr: 0.000000000 0.999996820 0.000003180
KQ:/cc/: 0.000020264 0.999979736 0.000000000
KQ:/cc/cr: 0.000006755 0.454629851 0.545363394
KQ:/cc/rr: 0.000000000 0.500000000 0.500000000
KQ:/crc/: 0.905862242 0.094137758 0.000000000
KQ:/crc/cr: 0.000079198 0.524487360 0.475433442
KQ:/crc/rr: 0.000000000 0.000012346 0.999987654
KQ:/crrc/: 0.008170002 0.991829998 0.000000000
KQ:/crrc/cr: 0.011243133 0.695622598 0.293134270
KQ:/crrc/rr: 0.000000000 0.384018309 0.615981691
KQ:/rc/: 0.000006638 0.999993362 0.000000000
KQ:/rc/cr: 0.000029369 0.485826751 0.514143880
KQ:/rc/rr: 0.000000000 0.500000000 0.500000000
KQ:/rrc/: 0.705186702 0.294813298 0.000000000
KQ:/rrc/cr: 0.011220369 0.955096813 0.033682818
KQ:/rrc/rr: 0.000000000 0.388737877 0.611262123
Q:/: 0.748118747 0.251881253 0.000000000
Q:/cr: 0.160897152 0.838917976 0.000184872
Q:/rr: 0.000000000 0.999993317 0.000006683
QJ:/cc/: 0.000019851 0.999980149 0.000000000
QJ:/cc/cr: 0.000006617 0.000006617 0.999986766
QJ:/cc/rr: 0.000000000 0.500000000 0.500000000
QJ:/crc/: 0.031085619 0.968914381 0.000000000
QJ:/crc/cr: 0.003010448 0.000002713 0.996986838
QJ:/crc/rr: 0.000000000 0.000126866 0.999873134
QJ:/crrc/: 0.031032094 0.968967906 0.000000000
QJ:/crrc/cr: 0.000014147 0.000014147 0.999971705
QJ:/crrc/rr: 0.000000000 0.000662618 0.999337382
QJ:/rc/: 0.011439095 0.988560905 0.000000000
QJ:/rc/cr: 0.000002254 0.000002254 0.999995493
QJ:/rc/rr: 0.000000000 0.000292131 0.999707869
QJ:/rrc/: 0.000003342 0.999996658 0.000000000
QJ:/rrc/cr: 0.000021633 0.000001114 0.999977254
QJ:/rrc/rr: 0.000000000 0.500000000 0.500000000
QK:/cc/: 0.498465241 0.501534759 0.000000000
QK:/cc/cr: 0.026778410 0.973207598 0.000013993
QK:/cc/rr: 0.000000000 0.999980088 0.000019912
QK:/crc/: 0.000165062 0.999834938 0.000000000
QK:/crc/cr: 0.000002931 0.564974939 0.435022130
QK:/crc/rr: 0.000000000 0.051181428 0.948818572
QK:/crrc/: 0.976320311 0.023679689 0.000000000
QK:/crrc/cr: 0.000795596 0.053357665 0.945846739
QK:/crrc/rr: 0.000000000 0.000558649 0.999441351
QK:/rc/: 0.428280822 0.571719178 0.000000000
QK:/rc/cr: 0.006990891 0.526403707 0.466605401
QK:/rc/rr: 0.000000000 0.203726362 0.796273638
QK:/rrc/: 0.125305413 0.874694587 0.000000000
QK:/rrc/cr: 0.000009388 0.285372914 0.714617699
QK:/rrc/rr: 0.000000000 0.000013334 0.999986666
QQ:/cc/: 0.566559343 0.433440657 0.000000000
QQ:/cc/cr: 0.999969468 0.000015266 0.000015266
QQ:/cc/rr: 0.000000000 0.999982481 0.000017519
QQ:/crc/: 0.989360993 0.010639007 0.000000000
QQ:/crc/cr: 0.999505756 0.000247122 0.000247122
QQ:/crc/rr: 0.000000000 0.999996014 0.000003986
QQ:/crrc/: 0.083926008 0.916073992 0.000000000
QQ:/crrc/cr: 0.999970072 0.000014964 0.000014964
QQ:/crrc/rr: 0.000000000 0.999754993 0.000245007
QQ:/rc/: 0.498343750 0.501656250 0.000000000
QQ:/rc/cr: 0.999991118 0.000004441 0.000004441
QQ:/rc/rr: 0.000000000 0.999993294 0.000006706
QQ:/rrc/: 0.993204704 0.006795296 0.000000000
QQ:/rrc/cr: 0.999672152 0.000163924 0.000163924
QQ:/rrc/rr: 0.000000000 0.999998318 0.000001682
