J:/c: 0.319216362 0.680783638 0.000000000
J:/crr: 0.000000000 0.999984337 0.000015663
J:/r: 0.054356170 0.122954800 0.822689030
JJ:/cc/c: 0.999992656 0.000007344 0.000000000
JJ:/cc/crr: 0.000000000 0.999996328 0.000003672
JJ:/cc/r: 0.999990207 0.000004896 0.000004896
JJ:/crc/c: 0.999984337 0.000015663 0.000000000
JJ:/crc/crr: 0.000000000 0.999992168 0.000007832
JJ:/crc/r: 0.999886242 0.000103316 0.000010442
JJ:/crrc/c: 0.999992168 0.000007832 0.000000000
JJ:/crrc/crr: 0.000000000 0.999996084 0.000003916
JJ:/crrc/r: 0.999956961 0.000037818 0.000005221
JJ:/rc/c: 0.999972890 0.000027110 0.000000000
JJ:/rc/crr: 0.000000000 0.999986445 0.000013555
JJ:/rc/r: 0.999963853 0.000018073 0.000018073
JJ:/rrc/c: 0.999938676 0.000061324 0.000000000
JJ:/rrc/crr: 0.000000000 0.999969336 0.000030664
JJ:/rrc/r: 0.999918235 0.000040883 0.000040883
JK:/cc/c: 0.000007344 0.999992656 0.000000000
JK:/cc/crr: 0.000000000 0.500000000 0.500000000
JK:/cc/r: 0.000004896 0.000004896 0.999990207
JK:/crc/c: 0.512814256 0.487185744 0.000000000
JK:/crc/crr: 0.000000000 0.000015272 0.999984728
JK:/crc/r: 0.011484687 0.000010442 0.988504871
JK:/crrc/c: 0.477570635 0.522429365 0.000000000
JK:/crrc/crr: 0.000000000 0.000008200 0.999991800
JK:/crrc/r: 0.196220831 0.000005221 0.803773948
JK:/rc/c: 0.390128037 0.609871963 0.000000000
JK:/rc/crr: 0.000000000 0.000034745 0.999965255
JK:/rc/r: 0.329541502 0.000018073 0.670440424
JK:/rrc/c: 0.999938676 0.000061324 0.000000000
JK:/rrc/crr: 0.000000000 0.000030664 0.999969336
JK:/rrc/r: 0.364142320 0.000040883 0.635816798
JQ:/cc/c: 0.070073988 0.929926012 0.000000000
JQ:/cc/crr: 0.000000000 0.000052405 0.999947595
JQ:/cc/r: 0.038763384 0.000004896 0.961231720
JQ:/crc/c: 0.502388756 0.497611244 0.000000000
JQ:/crc/crr: 0.000000000 0.000015589 0.999984411
JQ:/crc/r: 0.000036007 0.000010442 0.999953550
JQ:/crrc/c: 0.057545562 0.942454438 0.000000000
JQ:/crrc/crr: 0.000000000 0.000068049 0.999931951
JQ:/crrc/r: 0.029351613 0.000005221 0.970643166
JQ:/rc/c: 0.999972890 0.000027110 0.000000000
JQ:/rc/crr: 0.000000000 0.000013555 0.999986445
JQ:/rc/r: 0.000018073 0.000018073 0.999963853
JQ:/rrc/c: 0.000061324 0.999938676 0.000000000
JQ:/rrc/crr: 0.000000000 0.500000000 0.500000000
JQ:/rrc/r: 0.635058859 0.000040883 0.364900259
K:/c: 0.999990000 0.000010000 0.000000000
K:/crr: 0.000000000 0.999995000 0.000005000
K:/r: 0.592367918 0.407625416 0.000006667
KJ:/cc/c: 0.500000000 0.500000000 0.000000000
KJ:/cc/crr: 0.000000000 0.500000000 0.500000000
KJ:/cc/r: 0.333333333 0.333333333 0.333333333
KJ:/crc/c: 0.155430169 0.844569831 0.000000000
KJ:/crc/crr: 0.000000000 0.999983915 0.000016085
KJ:/crc/r: 0.000003333 0.998512456 0.001484211
KJ:/crrc/c: 0.435524185 0.564475815 0.000000000
KJ:/crrc/crr: 0.000000000 0.999997130 0.000002870
KJ:/crrc/r: 0.167623825 0.832354881 0.000021294
KJ:/rc/c: 0.417751976 0.582248024 0.000000000
KJ:/rc/crr: 0.000000000 0.959691876 0.040308124
KJ:/rc/r: 0.000011011 0.999969495 0.000019494
KJ:/rrc/c: 0.172468462 0.827531538 0.000000000
KJ:/rrc/crr: 0.000000000 0.999983686 0.000016314
KJ:/rrc/r: 0.034546092 0.965450157 0.000003751
KK:/cc/c: 0.500000000 0.500000000 0.000000000
KK:/cc/crr: 0.000000000 0.500000000 0.500000000
KK:/cc/r: 0.333333333 0.333333333 0.333333333
KK:/crc/c: 0.999995000 0.000005000 0.000000000
KK:/crc/crr: 0.000000000 0.999997500 0.000002500
KK:/crc/r: 0.995087810 0.004908857 0.000003333
KK:/crrc/c: 0.999997500 0.000002500 0.000000000
KK:/crrc/crr: 0.000000000 0.999998750 0.000001250
KK:/crrc/r: 0.999506421 0.000491912 0.000001667
KK:/rc/c: 0.999991823 0.000008177 0.000000000
KK:/rc/crr: 0.000000000 0.999995911 0.000004089
KK:/rc/r: 0.999965543 0.000029005 0.000005452
KK:/rrc/c: 0.999994373 0.000005627 0.000000000
KK:/rrc/crr: 0.000000000 0.999997186 0.000002814
KK:/rrc/r: 0.998767701 0.001228547 0.000003751
KQ:/cc/c: 0.500000000 0.500000000 0.000000000
KQ:/cc/crr: 0.000000000 0.500000000 0.500000000
KQ:/cc/r: 0.333333333 0.333333333 0.333333333
KQ:/crc/c: 0.000005000 0.999995000 0.000000000
KQ:/crc/crr: 0.000000000 0.500000000 0.500000000
KQ:/crc/r: 0.000003333 0.480352470 0.519644196
KQ:/crrc/c: 0.593622332 0.406377668 0.000000000
KQ:/crrc/crr: 0.000000000 0.400377722 0.599622278
KQ:/crrc/r: 0.000029972 0.840969003 0.159001025
KQ:/rc/c: 0.000008177 0.999991823 0.000000000
KQ:/rc/crr: 0.000000000 0.500000000 0.500000000
KQ:/rc/r: 0.000005452 0.302795497 0.697199051
KQ:/rrc/c: 0.520974808 0.479025192 0.000000000
KQ:/rrc/crr: 0.000000000 0.493162744 0.506837256
KQ:/rrc/r: 0.000574533 0.669978337 0.329447130
Q:/c: 0.858251408 0.141748592 0.000000000
Q:/crr: 0.000000000 0.999994174 0.000005826
Q:/r: 0.379437006 0.620527895 0.000035099
QJ:/cc/c: 0.000035274 0.999964726 0.000000000
QJ:/cc/crr: 0.000000000 0.500000000 0.500000000
QJ:/cc/r: 0.000023516 0.000023516 0.999952968
QJ:/crc/c: 0.435724736 0.564275264 0.000000000
QJ:/crc/crr: 0.000000000 0.000048837 0.999951163
QJ:/crc/r: 0.000003884 0.000003884 0.999992232
QJ:/crrc/c: 0.000002913 0.999997087 0.000000000
QJ:/crrc/crr: 0.000000000 0.500000000 0.500000000
QJ:/crrc/r: 0.000003747 0.000001942 0.999994311
QJ:/rc/c: 0.000005372 0.999994628 0.000000000
QJ:/rc/crr: 0.000000000 0.500000000 0.500000000
QJ:/rc/r: 0.000003581 0.000003581 0.999992838
QJ:/rrc/c: 0.000008785 0.999991215 0.000000000
QJ:/rrc/crr: 0.000000000 0.500000000 0.500000000
QJ:/rrc/r: 0.000005857 0.000005857 0.999988287
QK:/cc/c: 0.001249876 0.998750124 0.000000000
QK:/cc/crr: 0.000000000 0.985889114 0.014110886
QK:/cc/r: 0.000023516 0.770815384 0.229161100
QK:/crc/c: 0.283162436 0.716837564 0.000000000
QK:/crc/crr: 0.000000000 0.000331654 0.999668346
QK:/crc/r: 0.000013884 0.457883168 0.542102948
QK:/crrc/c: 0.000242684 0.999757316 0.000000000
QK:/crrc/crr: 0.000000000 0.006001454 0.993998546
QK:/crrc/r: 0.000014731 0.313319927 0.686665342
QK:/rc/c: 0.371794244 0.628205756 0.000000000
QK:/rc/crr: 0.000000000 0.000143807 0.999856193
QK:/rc/r: 0.000003581 0.346710886 0.653285533
QK:/rrc/c: 0.441255323 0.558744677 0.000000000
QK:/rrc/crr: 0.000000000 0.000218565 0.999781435
QK:/rrc/r: 0.000005857 0.482995874 0.516998269
QQ:/cc/c: 0.999964726 0.000035274 0.000000000
QQ:/cc/crr: 0.000000000 0.999982363 0.000017637
QQ:/cc/r: 0.999112000 0.000864484 0.000023516
QQ:/crc/c: 0.999994174 0.000005826 0.000000000
QQ:/crc/crr: 0.000000000 0.999997087 0.000002913
QQ:/crc/r: 0.992105231 0.007890885 0.000003884
QQ:/crrc/c: 0.999997087 0.000002913 0.000000000
QQ:/crrc/crr: 0.000000000 0.999998544 0.000001456
QQ:/crrc/r: 0.999976314 0.000021744 0.000001942
QQ:/rc/c: 0.999994628 0.000005372 0.000000000
QQ:/rc/crr: 0.000000000 0.999997314 0.000002686
QQ:/rc/r: 0.991428334 0.008568085 0.000003581
QQ:/rrc/c: 0.999991215 0.000008785 0.000000000
QQ:/rrc/crr: 0.000000000 0.999995607 0.000004393
QQ:/rrc/r: 0.999984652 0.000009491 0.000005857
