J:/: 0.073265866 0.926734134 0.000000000
J:/cr: 0.019896657 0.033314621 0.946788722
J:/rr: 0.000000000 0.999931755 0.000068245
JJ:/cc/: 0.000118122 0.999881878 0.000000000
JJ:/cc/cr: 0.999826050 0.000172151 0.000001799
JJ:/cc/rr: 0.000000000 0.977162234 0.022837766
JJ:/crc/: 0.890777129 0.109222871 0.000000000
JJ:/crc/cr: 0.999670501 0.000164749 0.000164749
JJ:/crc/rr: 0.000000000 0.999969699 0.000030301
JJ:/crrc/: 0.999333048 0.000666952 0.000000000
JJ:/crrc/cr: 0.909650143 0.045174928 0.045174928
JJ:/crrc/rr: 0.000000000 0.999954776 0.000045224
JJ:/rc/: 0.958146220 0.041853780 0.000000000
JJ:/rc/cr: 0.998912968 0.000543516 0.000543516
JJ:/rc/rr: 0.000000000 0.999964387 0.000035613
JJ:/rrc/: 0.999943926 0.000056074 0.000000000
JJ:/rrc/cr: 0.594288480 0.202855760 0.202855760
JJ:/rrc/rr: 0.000000000 0.999982937 0.000017063
JK:/cc/: 0.086976135 0.913023865 0.000000000
JK:/cc/cr: 0.000001970 0.000001970 0.999996060
JK:/cc/rr: 0.000000000 0.000031016 0.999968984
JK:/crc/: 0.028127673 0.971872327 0.000000000
JK:/crc/cr: 0.005993898 0.000018515 0.993987587
JK:/crc/rr: 0.000000000 0.000959610 0.999040390
JK:/crrc/: 0.999909611 0.000090389 0.000000000
JK:/crrc/cr: 0.333333333 0.333333333 0.333333333
JK:/crrc/rr: 0.000000000 0.000045198 0.999954802
JK:/rc/: 0.997054835 0.002945165 0.000000000
JK:/rc/cr: 0.984552169 0.007723915 0.007723915
JK:/rc/rr: 0.000000000 0.000034223 0.999965777
JK:/rrc/: 0.549903129 0.450096871 0.000000000
JK:/rrc/cr: 0.929776215 0.000025272 0.070198513
JK:/rrc/rr: 0.000000000 0.000031028 0.999968972
JQ:/cc/: 0.165685410 0.834314590 0.000000000
JQ:/cc/cr: 0.000002156 0.000002156 0.999995689
JQ:/cc/rr: 0.000000000 0.000016282 0.999983718
JQ:/crc/: 0.997737992 0.002262008 0.000000000
JQ:/crc/cr: 0.007955057 0.007955057 0.984089886
JQ:/crc/rr: 0.000000000 0.000027053 0.999972947
JQ:/crrc/: 0.005756426 0.994243574 0.000000000
JQ:/crrc/cr: 0.183543618 0.000030304 0.816426078
JQ:/crrc/rr: 0.000000000 0.007851100 0.992148900
JQ:/rc/: 0.999886276 0.000113724 0.000000000
JQ:/rc/cr: 0.200030476 0.200030476 0.599939048
JQ:/rc/rr: 0.000000000 0.000034126 0.999965874
JQ:/rrc/: 0.120471755 0.879528245 0.000000000
JQ:/rrc/cr: 0.000012933 0.000012933 0.999974134
JQ:/rrc/rr: 0.000000000 0.000141629 0.999858371
K:/: 0.753462695 0.246537305 0.000000000
K:/cr: 0.716429609 0.283556871 0.000013521
K:/rr: 0.000000000 0.999993364 0.000006636
KJ:/cc/: 0.000020281 0.999979719 0.000000000
KJ:/cc/cr: 0.000006760 0.000006760 0.999986479
KJ:/cc/rr: 0.000000000 0.500000000 0.500000000
KJ:/crc/: 0.000079489 0.999920511 0.000000000
KJ:/crc/cr: 0.000007948 0.999984105 0.000007948
KJ:/crc/rr: 0.000000000 0.850035513 0.149964487
KJ:/crrc/: 0.067370449 0.932629551 0.000000000
KJ:/crrc/cr: 0.000122191 0.999874436 0.000003373
KJ:/crrc/rr: 0.000000000 0.385842557 0.614157443
KJ:/rc/: 0.025177805 0.974822195 0.000000000
KJ:/rc/cr: 0.001568028 0.986392022 0.012039950
KJ:/rc/rr: 0.000000000 0.081743135 0.918256865
KJ:/rrc/: 0.086776012 0.913223988 0.000000000
KJ:/rrc/cr: 0.000005657 0.999993132 0.000001211
KJ:/rrc/rr: 0.000000000 0.706101070 0.293898930
KK:/cc/: 0.999679552 0.000320448 0.000000000
KK:/cc/cr: 0.957807126 0.021096437 0.021096437
KK:/cc/rr: 0.000000000 0.999989856 0.000010144
KK:/crc/: 0.069552150 0.930447850 0.000000000
KK:/crc/cr: 0.999982918 0.000008541 0.000008541
KK:/crc/rr: 0.000000000 0.999828610 0.000171390
KK:/crrc/: 0.991912612 0.008087388 0.000000000
KK:/crrc/cr: 0.999222155 0.000388922 0.000388922
KK:/crrc/rr: 0.000000000 0.999995243 0.000004757
KK:/rc/: 0.802066958 0.197933042 0.000000000
KK:/rc/cr: 0.999977649 0.000011176 0.000011176
KK:/rc/rr: 0.000000000 0.999995863 0.000004137
KK:/rrc/: 0.523261033 0.476738967 0.000000000
KK:/rrc/cr: 0.999995360 0.000002320 0.000002320
KK:/rrc/rr: 0.000000000 0.999996829 0.000003171
KQ:/cc/: 0.000020281 0.999979719 0.000000000
KQ:/cc/cr: 0.000006760 0.425523529 0.574469710
KQ:/cc/rr: 0.000000000 0.500000000 0.500000000
KQ:/crc/: 0.956728326 0.043271674 0.000000000
KQ:/crc/cr: 0.000183654 0.696246197 0.303570148
KQ:/crc/rr: 0.000000000 0.000012460 0.999987540
KQ:/crrc/: 0.005014568 0.994985432 0.000000000
KQ:/crrc/cr: 0.005314840 0.689467119 0.305218041
KQ:/crrc/rr: 0.000000000 0.160308839 0.839691161
KQ:/rc/: 0.000006636 0.999993364 0.000000000
KQ:/rc/cr: 0.000019099 0.486110496 0.513870405
KQ:/rc/rr: 0.000000000 0.500000000 0.500000000
KQ:/rrc/: 0.720847042 0.279152958 0.000000000
KQ:/rrc/cr: 0.014939474 0.895549886 0.089510639
KQ:/rrc/rr: 0.000000000 0.393496082 0.606503918
Q:/: 0.751805152 0.248194848 0.000000000
Q:/cr: 0.166873112 0.833062023 0.000064865
Q:/rr: 0.000000000 0.999993349 0.000006651
QJ:/cc/: 0.000020145 0.999979855 0.000000000
QJ:/cc/cr: 0.000006715 0.000006715 0.999986569
QJ:/cc/rr: 0.000000000 0.500000000 0.500000000
QJ:/crc/: 0.030589273 0.969410727 0.000000000
QJ:/crc/cr: 0.006175588 0.000002772 0.993821640
QJ:/crc/rr: 0.000000000 0.000131759 0.999868241
QJ:/crrc/: 0.014858544 0.985141456 0.000000000
QJ:/crrc/cr: 0.000013616 0.000013616 0.999972768
QJ:/crrc/rr: 0.000000000 0.001354139 0.998645861
QJ:/rc/: 0.018900312 0.981099688 0.000000000
QJ:/rc/cr: 0.000002260 0.000002260 0.999995481
QJ:/rc/rr: 0.000000000 0.000175940 0.999824060
QJ:/rrc/: 0.000003325 0.999996675 0.000000000
QJ:/rrc/cr: 0.000001108 0.000001108 0.999997783
QJ:/rrc/rr: 0.000000000 0.500000000 0.500000000
QK:/cc/: 0.478122373 0.521877627 0.000000000
QK:/cc/cr: 0.001883340 0.998103792 0.000012867
QK:/cc/rr: 0.000000000 0.028538817 0.971461183
QK:/crc/: 0.000008536 0.999991464 0.000000000
QK:/crc/cr: 0.000002767 0.552820403 0.447176830
QK:/crc/rr: 0.000000000 0.527836804 0.472163196
QK:/crrc/: 0.980286930 0.019713070 0.000000000
QK:/crrc/cr: 0.012258564 0.272412686 0.715328750
QK:/crrc/rr: 0.000000000 0.000274538 0.999725462
QK:/rc/: 0.421993878 0.578006122 0.000000000
QK:/rc/cr: 0.007577356 0.517927732 0.474494912
QK:/rc/rr: 0.000000000 0.195512260 0.804487740
QK:/rrc/: 0.119412921 0.880587079 0.000000000
QK:/rrc/cr: 0.000009074 0.302291771 0.697699155
QK:/rrc/rr: 0.000000000 0.000013924 0.999986076
QQ:/cc/: 0.466330311 0.533669689 0.000000000
QQ:/cc/cr: 0.988061522 0.011925895 0.000012583
QQ:/cc/rr: 0.000000000 0.999978400 0.000021600
QQ:/crc/: 0.995802293 0.004197707 0.000000000
QQ:/crc/cr: 0.998719807 0.000640096 0.000640096
QQ:/crc/rr: 0.000000000 0.999995953 0.000004047
QQ:/crrc/: 0.055605394 0.944394606 0.000000000
QQ:/crrc/cr: 0.999971593 0.000014203 0.000014203
QQ:/crrc/rr: 0.000000000 0.999638155 0.000361845
QQ:/rc/: 0.488361682 0.511638318 0.000000000
QQ:/rc/cr: 0.999981371 0.000014296 0.000004333
QQ:/rc/rr: 0.000000000 0.999993191 0.000006809
QQ:/rrc/: 0.983025701 0.016974299 0.000000000
QQ:/rrc/cr: 0.999869397 0.000065302 0.000065302
QQ:/rrc/rr: 0.000000000 0.999998309 0.000001691
