J:/c: 0.301888089 0.698111911 0.000000000
J:/crr: 0.000000000 0.999983438 0.000016562
J:/r: 0.051647211 0.125760053 0.822592736
JJ:/cc/c: 0.999992838 0.000007162 0.000000000
JJ:/cc/crr: 0.000000000 0.999996419 0.000003581
JJ:/cc/r: 0.999990450 0.000004775 0.000004775
JJ:/crc/c: 0.999983438 0.000016562 0.000000000
JJ:/crc/crr: 0.000000000 0.999991719 0.000008281
JJ:/crc/r: 0.999660231 0.000328728 0.000011042
JJ:/crrc/c: 0.999991719 0.000008281 0.000000000
JJ:/crrc/crr: 0.000000000 0.999995859 0.000004141
JJ:/crrc/r: 0.999960034 0.000034445 0.000005521
JJ:/rc/c: 0.999973494 0.000026506 0.000000000
JJ:/rc/crr: 0.000000000 0.999986747 0.000013253
JJ:/rc/r: 0.999964659 0.000017670 0.000017670
JJ:/rrc/c: 0.999935460 0.000064540 0.000000000
JJ:/rrc/crr: 0.000000000 0.999967728 0.000032272
JJ:/rrc/r: 0.999913946 0.000043027 0.000043027
JK:/cc/c: 0.000007162 0.999992838 0.000000000
JK:/cc/crr: 0.000000000 0.500000000 0.500000000
JK:/cc/r: 0.000004775 0.000004775 0.999990450
JK:/crc/c: 0.669738471 0.330261529 0.000000000
JK:/crc/crr: 0.000000000 0.000012365 0.999987635
JK:/crc/r: 0.000079674 0.000011042 0.999909285
JK:/crrc/c: 0.285375775 0.714624225 0.000000000
JK:/crrc/crr: 0.000000000 0.000014510 0.999985490
JK:/crrc/r: 0.225542134 0.000005521 0.774452345
JK:/rc/c: 0.398042661 0.601957339 0.000000000
JK:/rc/crr: 0.000000000 0.000033295 0.999966705
JK:/rc/r: 0.334287632 0.000017670 0.665694698
JK:/rrc/c: 0.999935460 0.000064540 0.000000000
JK:/rrc/crr: 0.000000000 0.000032272 0.999967728
JK:/rrc/r: 0.355323675 0.000043027 0.644633298
JQ:/cc/c: 0.055494220 0.944505780 0.000000000
JQ:/cc/crr: 0.000000000 0.000064531 0.999935469
JQ:/cc/r: 0.067333195 0.000004775 0.932662031
JQ:/crc/c: 0.999232954 0.000767046 0.000000000
JQ:/crc/crr: 0.000000000 0.000008288 0.999991712
JQ:/crc/r: 0.000049285 0.000011042 0.999939674
JQ:/crrc/c: 0.000008281 0.999991719 0.000000000
JQ:/crrc/crr: 0.000000000 0.500000000 0.500000000
JQ:/crrc/r: 0.010591045 0.000005521 0.989403434
JQ:/rc/c: 0.999973494 0.000026506 0.000000000
JQ:/rc/crr: 0.000000000 0.000013253 0.999986747
JQ:/rc/r: 0.000017670 0.000017670 0.999964659
JQ:/rrc/c: 0.000064540 0.999935460 0.000000000
JQ:/rrc/crr: 0.000000000 0.500000000 0.500000000
JQ:/rrc/r: 0.507468629 0.000043027 0.492488344
K:/c: 0.999990000 0.000010000 0.000000000
K:/crr: 0.000000000 0.999995000 0.000005000
K:/r: 0.570016260 0.429977073 0.000006667
KJ:/cc/c: 0.500000000 0.500000000 0.000000000
KJ:/cc/crr: 0.000000000 0.500000000 0.500000000
KJ:/cc/r: 0.333333333 0.333333333 0.333333333
KJ:/crc/c: 0.107770683 0.892229317 0.000000000
KJ:/crc/crr: 0.000000000 0.999976802 0.000023198
KJ:/crc/r: 0.000003333 0.735362006 0.264634661
KJ:/crrc/c: 0.243730041 0.756269959 0.000000000
KJ:/crrc/crr: 0.000000000 0.999994871 0.000005129
KJ:/crrc/r: 0.000001667 0.999996667 0.000001667
KJ:/rc/c: 0.485752355 0.514247645 0.000000000
KJ:/rc/crr: 0.000000000 0.999992020 0.000007980
KJ:/rc/r: 0.000265732 0.999713423 0.000020845
KJ:/rrc/c: 0.118423211 0.881576789 0.000000000
KJ:/rrc/crr: 0.000000000 0.999975310 0.000024690
KJ:/rrc/r: 0.009321366 0.987351339 0.003327295
KK:/cc/c: 0.500000000 0.500000000 0.000000000
KK:/cc/crr: 0.000000000 0.500000000 0.500000000
KK:/cc/r: 0.333333333 0.333333333 0.333333333
KK:/crc/c: 0.999995000 0.000005000 0.000000000
KK:/crc/crr: 0.000000000 0.999997500 0.000002500
KK:/crc/r: 0.984756688 0.015239979 0.000003333
KK:/crrc/c: 0.999997500 0.000002500 0.000000000
KK:/crrc/crr: 0.000000000 0.999998750 0.000001250
KK:/crrc/r: 0.999553387 0.000444946 0.000001667
KK:/rc/c: 0.999992248 0.000007752 0.000000000
KK:/rc/crr: 0.000000000 0.999996124 0.000003876
KK:/rc/r: 0.999968671 0.000026161 0.000005168
KK:/rrc/c: 0.999994152 0.000005848 0.000000000
KK:/rrc/crr: 0.000000000 0.999997076 0.000002924
KK:/rrc/r: 0.997919064 0.002077038 0.000003899
KQ:/cc/c: 0.500000000 0.500000000 0.000000000
KQ:/cc/crr: 0.000000000 0.500000000 0.500000000
KQ:/cc/r: 0.333333333 0.333333333 0.333333333
KQ:/crc/c: 0.000188885 0.999811115 0.000000000
KQ:/crc/crr: 0.000000000 0.416625219 0.583374781
KQ:/crc/r: 0.000004739 0.372097911 0.627897350
KQ:/crrc/c: 0.710534672 0.289465328 0.000000000
KQ:/crrc/crr: 0.000000000 0.444011795 0.555988205
KQ:/crrc/r: 0.000007934 0.846641902 0.153350165
KQ:/rc/c: 0.000007752 0.999992248 0.000000000
KQ:/rc/crr: 0.000000000 0.500000000 0.500000000
KQ:/rc/r: 0.000005168 0.295996428 0.703998403
KQ:/rrc/c: 0.511906943 0.488093057 0.000000000
KQ:/rrc/crr: 0.000000000 0.476357411 0.523642589
KQ:/rrc/r: 0.060376198 0.571571708 0.368052094
Q:/c: 0.886062916 0.113937084 0.000000000
Q:/crr: 0.000000000 0.999994357 0.000005643
Q:/r: 0.364974313 0.634990514 0.000035173
QJ:/cc/c: 0.000043884 0.999956116 0.000000000
QJ:/cc/crr: 0.000000000 0.500000000 0.500000000
QJ:/cc/r: 0.000029256 0.000029256 0.999941488
QJ:/crc/c: 0.454738761 0.545261239 0.000000000
QJ:/crc/crr: 0.000000000 0.000053854 0.999946146
QJ:/crc/r: 0.000003762 0.000003762 0.999992476
QJ:/crrc/c: 0.000002821 0.999997179 0.000000000
QJ:/crrc/crr: 0.000000000 0.500000000 0.500000000
QJ:/crrc/r: 0.000001881 0.000001881 0.999996238
QJ:/rc/c: 0.000005249 0.999994751 0.000000000
QJ:/rc/crr: 0.000000000 0.500000000 0.500000000
QJ:/rc/r: 0.000006567 0.000003500 0.999989933
QJ:/rrc/c: 0.000009133 0.999990867 0.000000000
QJ:/rrc/crr: 0.000000000 0.500000000 0.500000000
QJ:/rrc/r: 0.000006089 0.000006089 0.999987823
QK:/cc/c: 0.001131955 0.998868045 0.000000000
QK:/cc/crr: 0.000000000 0.980615902 0.019384098
QK:/cc/r: 0.000029256 0.857196387 0.142774357
QK:/crc/c: 0.000194134 0.999805866 0.000000000
QK:/crc/crr: 0.000000000 0.717963519 0.282036481
QK:/crc/r: 0.000017341 0.501370447 0.498612213
QK:/crrc/c: 0.315751211 0.684248789 0.000000000
QK:/crrc/crr: 0.000000000 0.000004468 0.999995532
QK:/crrc/r: 0.000013318 0.269775406 0.730211276
QK:/rc/c: 0.377114710 0.622885290 0.000000000
QK:/rc/crr: 0.000000000 0.006291827 0.993708173
QK:/rc/r: 0.000003500 0.330998564 0.668997937
QK:/rrc/c: 0.446160721 0.553839279 0.000000000
QK:/rrc/crr: 0.000000000 0.128129511 0.871870489
QK:/rrc/r: 0.000006089 0.527891602 0.472102310
QQ:/cc/c: 0.999956116 0.000043884 0.000000000
QQ:/cc/crr: 0.000000000 0.999978057 0.000021943
QQ:/cc/r: 0.999376243 0.000594501 0.000029256
QQ:/crc/c: 0.999994357 0.000005643 0.000000000
QQ:/crc/crr: 0.000000000 0.999997179 0.000002821
QQ:/crc/r: 0.992613564 0.007382674 0.000003762
QQ:/crrc/c: 0.999997179 0.000002821 0.000000000
QQ:/crrc/crr: 0.000000000 0.999998589 0.000001411
QQ:/crrc/r: 0.999941667 0.000056452 0.000001881
QQ:/rc/c: 0.999994751 0.000005249 0.000000000
QQ:/rc/crr: 0.000000000 0.999997375 0.000002625
QQ:/rc/r: 0.999967920 0.000028580 0.000003500
QQ:/rrc/c: 0.999990867 0.000009133 0.000000000
QQ:/rrc/crr: 0.000000000 0.999995433 0.000004567
QQ:/rrc/r: 0.999985382 0.000008529 0.000006089
