J:/c: 0.297505612 0.702494388 0.000000000
J:/crr: 0.000000000 0.999983194 0.000016806
J:/r: 0.054830955 0.129155064 0.816013981
JJ:/cc/c: 0.999992883 0.000007117 0.000000000
JJ:/cc/crr: 0.000000000 0.999996441 0.000003559
JJ:/cc/r: 0.999990510 0.000004745 0.000004745
JJ:/crc/c: 0.999983194 0.000016806 0.000000000
JJ:/crc/crr: 0.000000000 0.999991597 0.000008403
JJ:/crc/r: 0.999878315 0.000110480 0.000011204
JJ:/crrc/c: 0.999991597 0.000008403 0.000000000
JJ:/crrc/crr: 0.000000000 0.999995798 0.000004202
JJ:/crrc/r: 0.999974720 0.000019677 0.000005602
JJ:/rc/c: 0.999974191 0.000025809 0.000000000
JJ:/rc/crr: 0.000000000 0.999987095 0.000012905
JJ:/rc/r: 0.999959821 0.000022973 0.000017206
JJ:/rrc/c: 0.999939207 0.000060793 0.000000000
JJ:/rrc/crr: 0.000000000 0.999969602 0.000030398
JJ:/rrc/r: 0.999804845 0.000154626 0.000040529
JK:/cc/c: 0.006680158 0.993319842 0.000000000
JK:/cc/crr: 0.000000000 0.000532734 0.999467266
JK:/cc/r: 0.000004745 0.000004745 0.999990510
JK:/crc/c: 0.533479720 0.466520280 0.000000000
JK:/crc/crr: 0.000000000 0.000015752 0.999984248
JK:/crc/r: 0.038148630 0.000011204 0.961840166
JK:/crrc/c: 0.432404457 0.567595543 0.000000000
JK:/crrc/crr: 0.000000000 0.000009717 0.999990283
JK:/crrc/r: 0.193227498 0.000005602 0.806766899
JK:/rc/c: 0.393079691 0.606920309 0.000000000
JK:/rc/crr: 0.000000000 0.000032829 0.999967171
JK:/rc/r: 0.360114260 0.000017206 0.639868534
JK:/rrc/c: 0.999899641 0.000100359 0.000000000
JK:/rrc/crr: 0.000000000 0.000030400 0.999969600
JK:/rrc/r: 0.277388473 0.000040529 0.722570999
JQ:/cc/c: 0.070791546 0.929208454 0.000000000
JQ:/cc/crr: 0.000000000 0.000050271 0.999949729
JQ:/cc/r: 0.038792327 0.000004745 0.961202928
JQ:/crc/c: 0.398583531 0.601416469 0.000000000
JQ:/crc/crr: 0.000000000 0.000021083 0.999978917
JQ:/crc/r: 0.055250417 0.000011204 0.944738379
JQ:/crrc/c: 0.043497258 0.956502742 0.000000000
JQ:/crrc/crr: 0.000000000 0.000096596 0.999903404
JQ:/crrc/r: 0.109570082 0.000005602 0.890424316
JQ:/rc/c: 0.995222542 0.004777458 0.000000000
JQ:/rc/crr: 0.000000000 0.000012966 0.999987034
JQ:/rc/r: 0.000017206 0.000017206 0.999965588
JQ:/rrc/c: 0.016408632 0.983591368 0.000000000
JQ:/rrc/crr: 0.000000000 0.001852467 0.998147533
JQ:/rrc/r: 0.415105144 0.000040529 0.584854327
K:/c: 0.999969612 0.000030388 0.000000000
K:/crr: 0.000000000 0.999995000 0.000005000
K:/r: 0.574184333 0.425809000 0.000006667
KJ:/cc/c: 0.168208869 0.831791131 0.000000000
KJ:/cc/crr: 0.000000000 0.510913983 0.489086017
KJ:/cc/r: 0.516588465 0.229198118 0.254213416
KJ:/crc/c: 0.138151413 0.861848587 0.000000000
KJ:/crc/crr: 0.000000000 0.999981903 0.000018097
KJ:/crc/r: 0.000045042 0.735173138 0.264781820
KJ:/crrc/c: 0.356789468 0.643210532 0.000000000
KJ:/crrc/crr: 0.000000000 0.859793023 0.140206977
KJ:/crrc/r: 0.068871582 0.801157427 0.129970991
KJ:/rc/c: 0.432061296 0.567938704 0.000000000
KJ:/rc/crr: 0.000000000 0.960778937 0.039221063
KJ:/rc/r: 0.033386880 0.726180144 0.240432975
KJ:/rrc/c: 0.174694155 0.825305845 0.000000000
KJ:/rrc/crr: 0.000000000 0.999983384 0.000016616
KJ:/rrc/r: 0.038437918 0.901167524 0.060394558
KK:/cc/c: 0.835462788 0.164537212 0.000000000
KK:/cc/crr: 0.000000000 0.901529300 0.098470700
KK:/cc/r: 0.683399313 0.206909212 0.109691474
KK:/crc/c: 0.999995000 0.000005000 0.000000000
KK:/crc/crr: 0.000000000 0.999997500 0.000002500
KK:/crc/r: 0.999986702 0.000009965 0.000003333
KK:/crrc/c: 0.999997500 0.000002500 0.000000000
KK:/crrc/crr: 0.000000000 0.999998750 0.000001250
KK:/crrc/r: 0.999994108 0.000004226 0.000001667
KK:/rc/c: 0.999992172 0.000007828 0.000000000
KK:/rc/crr: 0.000000000 0.999996086 0.000003914
KK:/rc/r: 0.999981139 0.000013643 0.000005219
KK:/rrc/c: 0.999994195 0.000005805 0.000000000
KK:/rrc/crr: 0.000000000 0.999997097 0.000002903
KK:/rrc/r: 0.999841827 0.000154303 0.000003870
KQ:/cc/c: 0.501897310 0.498102690 0.000000000
KQ:/cc/crr: 0.000000000 0.836084784 0.163915216
KQ:/cc/r: 0.499010599 0.386969254 0.114020147
KQ:/crc/c: 0.183035286 0.816964714 0.000000000
KQ:/crc/crr: 0.000000000 0.004061138 0.995938862
KQ:/crc/r: 0.000015580 0.432317547 0.567666873
KQ:/crrc/c: 0.608648935 0.391351065 0.000000000
KQ:/crrc/crr: 0.000000000 0.404170857 0.595829143
KQ:/crrc/r: 0.000003931 0.786413322 0.213582748
KQ:/rc/c: 0.000092985 0.999907015 0.000000000
KQ:/rc/crr: 0.000000000 0.042094298 0.957905702
KQ:/rc/r: 0.000018806 0.302604478 0.697376715
KQ:/rrc/c: 0.502908271 0.497091729 0.000000000
KQ:/rrc/crr: 0.000000000 0.552597221 0.447402779
KQ:/rrc/r: 0.080887114 0.549218756 0.369894130
Q:/c: 0.847425483 0.152574517 0.000000000
Q:/crr: 0.000000000 0.999994100 0.000005900
Q:/r: 0.356121632 0.643841200 0.000037168
QJ:/cc/c: 0.000354714 0.999645286 0.000000000
QJ:/cc/crr: 0.000000000 0.046193324 0.953806676
QJ:/cc/r: 0.000021847 0.000021847 0.999956306
QJ:/crc/c: 0.430154835 0.569845165 0.000000000
QJ:/crc/crr: 0.000000000 0.000867468 0.999132532
QJ:/crc/r: 0.000356183 0.000003933 0.999639884
QJ:/crrc/c: 0.000060811 0.999939189 0.000000000
QJ:/crrc/crr: 0.000000000 0.024256696 0.975743304
QJ:/crrc/r: 0.006173116 0.000001967 0.993824918
QJ:/rc/c: 0.000045887 0.999954113 0.000000000
QJ:/rc/crr: 0.000000000 0.056412966 0.943587034
QJ:/rc/r: 0.022223511 0.000003452 0.977773037
QJ:/rrc/c: 0.000155649 0.999844351 0.000000000
QJ:/rrc/crr: 0.000000000 0.030067998 0.969932002
QJ:/rrc/r: 0.000086254 0.000006240 0.999907506
QK:/cc/c: 0.021134835 0.978865165 0.000000000
QK:/cc/crr: 0.000000000 0.999224719 0.000775281
QK:/cc/r: 0.000093894 0.735361843 0.264544263
QK:/crc/c: 0.346037203 0.653962797 0.000000000
QK:/crc/crr: 0.000000000 0.009258419 0.990741581
QK:/crc/r: 0.000106651 0.467912071 0.531981278
QK:/crrc/c: 0.138558221 0.861441779 0.000000000
QK:/crrc/crr: 0.000000000 0.007485994 0.992514006
QK:/crrc/r: 0.000048488 0.285615474 0.714336038
QK:/rc/c: 0.365214802 0.634785198 0.000000000
QK:/rc/crr: 0.000000000 0.012173994 0.987826006
QK:/rc/r: 0.000018383 0.309979310 0.690002307
QK:/rrc/c: 0.425108913 0.574891087 0.000000000
QK:/rrc/crr: 0.000000000 0.066433944 0.933566056
QK:/rrc/r: 0.000077247 0.513750844 0.486171909
QQ:/cc/c: 0.999967229 0.000032771 0.000000000
QQ:/cc/crr: 0.000000000 0.999983614 0.000016386
QQ:/cc/r: 0.999935475 0.000042678 0.000021847
QQ:/crc/c: 0.999994100 0.000005900 0.000000000
QQ:/crc/crr: 0.000000000 0.999997050 0.000002950
QQ:/crc/r: 0.999962137 0.000033930 0.000003933
QQ:/crrc/c: 0.999997050 0.000002950 0.000000000
QQ:/crrc/crr: 0.000000000 0.999998525 0.000001475
QQ:/crrc/r: 0.998603967 0.001394066 0.000001967
QQ:/rc/c: 0.999994823 0.000005177 0.000000000
QQ:/rc/crr: 0.000000000 0.999997411 0.000002589
QQ:/rc/r: 0.999992406 0.000004142 0.000003452
QQ:/rrc/c: 0.999990640 0.000009360 0.000000000
QQ:/rrc/crr: 0.000000000 0.999995320 0.000004680
QQ:/rrc/r: 0.999959782 0.000033978 0.000006240
