J:/c: 0.297386933 0.702613067 0.000000000
J:/crr: 0.000000000 0.999983187 0.000016813
J:/r: 0.054862117 0.131915678 0.813222205
JJ:/cc/c: 0.999992884 0.000007116 0.000000000
JJ:/cc/crr: 0.000000000 0.999996442 0.000003558
JJ:/cc/r: 0.999982713 0.000012542 0.000004744
JJ:/crc/c: 0.999983187 0.000016813 0.000000000
JJ:/crc/crr: 0.000000000 0.999991593 0.000008407
JJ:/crc/r: 0.999977583 0.000011209 0.000011209
JJ:/crrc/c: 0.999991593 0.000008407 0.000000000
JJ:/crrc/crr: 0.000000000 0.999995797 0.000004203
JJ:/crrc/r: 0.999988791 0.000005604 0.000005604
JJ:/rc/c: 0.999974731 0.000025269 0.000000000
JJ:/rc/crr: 0.000000000 0.999987365 0.000012635
JJ:/rc/r: 0.999962862 0.000020292 0.000016846
JJ:/rrc/c: 0.999939242 0.000060758 0.000000000
JJ:/rrc/crr: 0.000000000 0.999969619 0.000030381
JJ:/rrc/r: 0.999756260 0.000203235 0.000040506
JK:/cc/c: 0.004061726 0.995938274 0.000000000
JK:/cc/crr: 0.000000000 0.000876018 0.999123982
JK:/cc/r: 0.000013342 0.000004744 0.999981914
JK:/crc/c: 0.526839088 0.473160912 0.000000000
JK:/crc/crr: 0.000000000 0.000015957 0.999984043
JK:/crc/r: 0.021049247 0.000011209 0.978939544
JK:/crrc/c: 0.435387573 0.564612427 0.000000000
JK:/crrc/crr: 0.000000000 0.000009654 0.999990346
JK:/crrc/r: 0.198948850 0.000005604 0.801045546
JK:/rc/c: 0.374608881 0.625391119 0.000000000
JK:/rc/crr: 0.000000000 0.000033727 0.999966273
JK:/rc/r: 0.350900844 0.000016846 0.649082310
JK:/rrc/c: 0.999804126 0.000195874 0.000000000
JK:/rrc/crr: 0.000000000 0.000030385 0.999969615
JK:/rrc/r: 0.271949204 0.000040506 0.728010291
JQ:/cc/c: 0.073729041 0.926270959 0.000000000
JQ:/cc/crr: 0.000000000 0.000048260 0.999951740
JQ:/cc/r: 0.035323046 0.000004744 0.964672210
JQ:/crc/c: 0.487696253 0.512303747 0.000000000
JQ:/crc/crr: 0.000000000 0.000017237 0.999982763
JQ:/crc/r: 0.099574144 0.000011209 0.900414648
JQ:/crrc/c: 0.046889634 0.953110366 0.000000000
JQ:/crrc/crr: 0.000000000 0.000089643 0.999910357
JQ:/crrc/r: 0.226740478 0.000005604 0.773253917
JQ:/rc/c: 0.996643606 0.003356394 0.000000000
JQ:/rc/crr: 0.000000000 0.000012677 0.999987323
JQ:/rc/r: 0.000020410 0.000016846 0.999962745
JQ:/rrc/c: 0.021426786 0.978573214 0.000000000
JQ:/rrc/crr: 0.000000000 0.001417814 0.998582186
JQ:/rrc/r: 0.380204903 0.000040506 0.619754591
K:/c: 0.999969372 0.000030628 0.000000000
K:/crr: 0.000000000 0.999995000 0.000005000
K:/r: 0.562854051 0.437139282 0.000006667
KJ:/cc/c: 0.467738394 0.532261606 0.000000000
KJ:/cc/crr: 0.000000000 0.825488718 0.174511282
KJ:/cc/r: 0.537490780 0.220626548 0.241882671
KJ:/crc/c: 0.128606058 0.871393942 0.000000000
KJ:/crc/crr: 0.000000000 0.999980560 0.000019440
KJ:/crc/r: 0.000106338 0.772874895 0.227018767
KJ:/crrc/c: 0.390174568 0.609825432 0.000000000
KJ:/crrc/crr: 0.000000000 0.976051799 0.023948201
KJ:/crrc/r: 0.050757441 0.797962613 0.151279946
KJ:/rc/c: 0.433280628 0.566719372 0.000000000
KJ:/rc/crr: 0.000000000 0.841172959 0.158827041
KJ:/rc/r: 0.038693258 0.735266308 0.226040434
KJ:/rrc/c: 0.177201394 0.822798606 0.000000000
KJ:/rrc/crr: 0.000000000 0.992529961 0.007470039
KJ:/rrc/r: 0.028788279 0.920805487 0.050406234
KK:/cc/c: 0.836748746 0.163251254 0.000000000
KK:/cc/crr: 0.000000000 0.902449060 0.097550940
KK:/cc/r: 0.586383195 0.304782636 0.108834169
KK:/crc/c: 0.999995000 0.000005000 0.000000000
KK:/crc/crr: 0.000000000 0.999997500 0.000002500
KK:/crc/r: 0.861627335 0.138369332 0.000003333
KK:/crrc/c: 0.999997500 0.000002500 0.000000000
KK:/crrc/crr: 0.000000000 0.999998750 0.000001250
KK:/crrc/r: 0.999996667 0.000001667 0.000001667
KK:/rc/c: 0.999992375 0.000007625 0.000000000
KK:/rc/crr: 0.000000000 0.999996187 0.000003813
KK:/rc/r: 0.999980629 0.000014288 0.000005084
KK:/rrc/c: 0.999994078 0.000005922 0.000000000
KK:/rrc/crr: 0.000000000 0.999997039 0.000002961
KK:/rrc/r: 0.999975585 0.000020466 0.000003948
KQ:/cc/c: 0.836748746 0.163251254 0.000000000
KQ:/cc/crr: 0.000000000 0.902449060 0.097550940
KQ:/cc/r: 0.534259833 0.294435310 0.171304857
KQ:/crc/c: 0.317708668 0.682291332 0.000000000
KQ:/crc/crr: 0.000000000 0.001468074 0.998531926
KQ:/crc/r: 0.000061520 0.437572591 0.562365889
KQ:/crrc/c: 0.594979697 0.405020303 0.000000000
KQ:/crrc/crr: 0.000000000 0.442864770 0.557135230
KQ:/crrc/r: 0.020734997 0.653254083 0.326010920
KQ:/rc/c: 0.000148460 0.999851540 0.000000000
KQ:/rc/crr: 0.000000000 0.523842918 0.476157082
KQ:/rc/r: 0.000023164 0.298071513 0.701905323
KQ:/rrc/c: 0.489488435 0.510511565 0.000000000
KQ:/rrc/crr: 0.000000000 0.449269273 0.550730727
KQ:/rrc/r: 0.081437472 0.551906067 0.366656461
Q:/c: 0.844474047 0.155525953 0.000000000
Q:/crr: 0.000000000 0.999994079 0.000005921
Q:/r: 0.342734702 0.657232835 0.000032463
QJ:/cc/c: 0.000346868 0.999653132 0.000000000
QJ:/cc/crr: 0.000000000 0.046341837 0.953658163
QJ:/cc/r: 0.000038132 0.000021433 0.999940435
QJ:/crc/c: 0.473239757 0.526760243 0.000000000
QJ:/crc/crr: 0.000000000 0.017334822 0.982665178
QJ:/crc/r: 0.000217237 0.000003947 0.999778816
QJ:/crrc/c: 0.000071091 0.999928909 0.000000000
QJ:/crrc/crr: 0.000000000 0.020821483 0.979178517
QJ:/crrc/r: 0.025412748 0.000001974 0.974585278
QJ:/rc/c: 0.000058279 0.999941721 0.000000000
QJ:/rc/crr: 0.000000000 0.043512801 0.956487199
QJ:/rc/r: 0.020138372 0.000003381 0.979858246
QJ:/rrc/c: 0.000255123 0.999744877 0.000000000
QJ:/rrc/crr: 0.000000000 0.019060829 0.980939171
QJ:/rrc/r: 0.000083029 0.000006484 0.999910488
QK:/cc/c: 0.269800352 0.730199648 0.000000000
QK:/cc/crr: 0.000000000 0.999940421 0.000059579
QK:/cc/r: 0.000291173 0.725648702 0.274060125
QK:/crc/c: 0.343050930 0.656949070 0.000000000
QK:/crc/crr: 0.000000000 0.011256867 0.988743133
QK:/crc/r: 0.005661357 0.437266153 0.557072491
QK:/crrc/c: 0.123535641 0.876464359 0.000000000
QK:/crrc/crr: 0.000000000 0.003227197 0.996772803
QK:/crrc/r: 0.000077257 0.284376365 0.715546378
QK:/rc/c: 0.384131190 0.615868810 0.000000000
QK:/rc/crr: 0.000000000 0.009997514 0.990002486
QK:/rc/r: 0.000007212 0.327326232 0.672666556
QK:/rrc/c: 0.416573017 0.583426983 0.000000000
QK:/rrc/crr: 0.000000000 0.051061546 0.948938454
QK:/rrc/r: 0.000231690 0.511678842 0.488089467
QQ:/cc/c: 0.999967851 0.000032149 0.000000000
QQ:/cc/crr: 0.000000000 0.999983925 0.000016075
QQ:/cc/r: 0.999919170 0.000059397 0.000021433
QQ:/crc/c: 0.999994079 0.000005921 0.000000000
QQ:/crc/crr: 0.000000000 0.999997040 0.000002960
QQ:/crc/r: 0.773692589 0.226303464 0.000003947
QQ:/crrc/c: 0.999997040 0.000002960 0.000000000
QQ:/crrc/crr: 0.000000000 0.999998520 0.000001480
QQ:/crrc/r: 0.999996053 0.000001974 0.000001974
QQ:/rc/c: 0.999994928 0.000005072 0.000000000
QQ:/rc/crr: 0.000000000 0.999997464 0.000002536
QQ:/rc/r: 0.999979799 0.000016820 0.000003381
QQ:/rrc/c: 0.999990274 0.000009726 0.000000000
QQ:/rrc/crr: 0.000000000 0.999995137 0.000004863
QQ:/rrc/r: 0.999956584 0.000036933 0.000006484
