J:/: 0.073081689 0.926918311 0.000000000
J:/cr: 0.019588713 0.033204025 0.947207262
J:/rr: 0.000000000 0.999931583 0.000068417
JJ:/cc/: 0.000226072 0.999773928 0.000000000
JJ:/cc/cr: 0.999996403 0.000001798 0.000001798
JJ:/cc/rr: 0.000000000 0.988069714 0.011930286
JJ:/crc/: 0.940791731 0.059208269 0.000000000
JJ:/crc/cr: 0.999390262 0.000304869 0.000304869
JJ:/crc/rr: 0.000000000 0.999971220 0.000028780
JJ:/crrc/: 0.992184941 0.007815059 0.000000000
JJ:/crrc/cr: 0.992169710 0.003915145 0.003915145
JJ:/crrc/rr: 0.000000000 0.999953743 0.000046257
JJ:/rc/: 0.934401371 0.065598629 0.000000000
JJ:/rc/cr: 0.999304695 0.000347653 0.000347653
JJ:/rc/rr: 0.000000000 0.999963390 0.000036610
JJ:/rrc/: 0.999770617 0.000229383 0.000000000
JJ:/rrc/cr: 0.900572034 0.049713983 0.049713983
JJ:/rrc/rr: 0.000000000 0.999982891 0.000017109
JK:/cc/: 0.079995185 0.920004815 0.000000000
JK:/cc/cr: 0.000213290 0.000001954 0.999784756
JK:/cc/rr: 0.000000000 0.000033716 0.999966284
JK:/crc/: 0.056616949 0.943383051 0.000000000
JK:/crc/cr: 0.004216495 0.000019134 0.995764370
JK:/crc/rr: 0.000000000 0.000478234 0.999521766
JK:/crrc/: 0.999908209 0.000091791 0.000000000
JK:/crrc/cr: 0.333333333 0.333333333 0.333333333
JK:/crrc/rr: 0.000000000 0.000045900 0.999954100
JK:/rc/: 0.999883500 0.000116500 0.000000000
JK:/rc/cr: 0.234657080 0.195756403 0.569586517
JK:/rc/rr: 0.000000000 0.000034212 0.999965788
JK:/rrc/: 0.539952208 0.460047792 0.000000000
JK:/rrc/cr: 0.897390028 0.000024788 0.102585185
JK:/rrc/rr: 0.000000000 0.000031679 0.999968321
JQ:/cc/: 0.171328234 0.828671766 0.000000000
JQ:/cc/cr: 0.000002170 0.000002170 0.999995660
JQ:/cc/rr: 0.000000000 0.000015742 0.999984258
JQ:/crc/: 0.979448232 0.020551768 0.000000000
JQ:/crc/cr: 0.704706268 0.000878307 0.294415425
JQ:/crc/rr: 0.000000000 0.000027644 0.999972356
JQ:/crrc/: 0.026533615 0.973466385 0.000000000
JQ:/crrc/cr: 0.136465162 0.000031431 0.863503407
JQ:/crrc/rr: 0.000000000 0.001729717 0.998270283
JQ:/rc/: 0.996765343 0.003234657 0.000000000
JQ:/rc/cr: 0.007050370 0.007050370 0.985899259
JQ:/rc/rr: 0.000000000 0.000034319 0.999965681
JQ:/rrc/: 0.206420972 0.793579028 0.000000000
JQ:/rrc/cr: 0.001234468 0.000014370 0.998751162
JQ:/rrc/rr: 0.000000000 0.000082866 0.999917134
K:/: 0.750577195 0.249422805 0.000000000
K:/cr: 0.716274916 0.283711720 0.000013364
K:/rr: 0.000000000 0.999993338 0.000006662
KJ:/cc/: 0.000046083 0.999953917 0.000000000
KJ:/cc/cr: 0.000047723 0.000010866 0.999941411
KJ:/cc/rr: 0.000000000 0.782497438 0.217502562
KJ:/crc/: 0.000053360 0.999946640 0.000000000
KJ:/crc/cr: 0.000033096 0.999959052 0.000007851
KJ:/crc/rr: 0.000000000 0.779306432 0.220693568
KJ:/crrc/: 0.075468286 0.924531714 0.000000000
KJ:/crrc/cr: 0.000373843 0.998507406 0.001118751
KJ:/crrc/rr: 0.000000000 0.391255184 0.608744816
KJ:/rc/: 0.046601836 0.953398164 0.000000000
KJ:/rc/cr: 0.005441600 0.974590596 0.019967804
KJ:/rc/rr: 0.000000000 0.215602288 0.784397712
KJ:/rrc/: 0.081383273 0.918616727 0.000000000
KJ:/rrc/cr: 0.000022754 0.999937872 0.000039374
KJ:/rrc/rr: 0.000000000 0.525952732 0.474047268
KK:/cc/: 0.998040859 0.001959141 0.000000000
KK:/cc/cr: 0.993178546 0.003410727 0.003410727
KK:/cc/rr: 0.000000000 0.999989957 0.000010043
KK:/crc/: 0.129444713 0.870555287 0.000000000
KK:/crc/cr: 0.999981964 0.000009018 0.000009018
KK:/crc/rr: 0.000000000 0.999909025 0.000090975
KK:/crrc/: 0.994323179 0.005676821 0.000000000
KK:/crrc/cr: 0.998904440 0.000547780 0.000547780
KK:/crrc/rr: 0.000000000 0.999995309 0.000004691
KK:/rc/: 0.827401074 0.172598926 0.000000000
KK:/rc/cr: 0.999974270 0.000012865 0.000012865
KK:/rc/rr: 0.000000000 0.999995974 0.000004026
KK:/rrc/: 0.518181947 0.481818053 0.000000000
KK:/rrc/cr: 0.999995391 0.000002304 0.000002304
KK:/rrc/rr: 0.000000000 0.999996786 0.000003214
KQ:/cc/: 0.000053729 0.999946271 0.000000000
KQ:/cc/cr: 0.000041065 0.434790136 0.565168798
KQ:/cc/rr: 0.000000000 0.813450691 0.186549309
KQ:/crc/: 0.869835035 0.130164965 0.000000000
KQ:/crc/cr: 0.000379677 0.683784097 0.315836226
KQ:/crc/rr: 0.000000000 0.000037342 0.999962658
KQ:/crrc/: 0.016642693 0.983357307 0.000000000
KQ:/crrc/cr: 0.013056940 0.745274180 0.241668880
KQ:/crrc/rr: 0.000000000 0.184640411 0.815359589
KQ:/rc/: 0.000270365 0.999729635 0.000000000
KQ:/rc/cr: 0.000021533 0.477345893 0.522632574
KQ:/rc/rr: 0.000000000 0.032185811 0.967814189
KQ:/rrc/: 0.684138481 0.315861519 0.000000000
KQ:/rrc/cr: 0.043692687 0.806643233 0.149664080
KQ:/rrc/rr: 0.000000000 0.378741553 0.621258447
Q:/: 0.761383494 0.238616506 0.000000000
Q:/cr: 0.169566470 0.829162685 0.001270844
Q:/rr: 0.000000000 0.999993433 0.000006567
QJ:/cc/: 0.000020954 0.999979046 0.000000000
QJ:/cc/cr: 0.000006985 0.000006985 0.999986030
QJ:/cc/rr: 0.000000000 0.500000000 0.500000000
QJ:/crc/: 0.030506358 0.969493642 0.000000000
QJ:/crc/cr: 0.001378547 0.000002896 0.998618557
QJ:/crc/rr: 0.000000000 0.000138066 0.999861934
QJ:/crrc/: 0.010319988 0.989680012 0.000000000
QJ:/crrc/cr: 0.000042820 0.000013874 0.999943306
QJ:/crrc/rr: 0.000000000 0.001995718 0.998004282
QJ:/rc/: 0.011666025 0.988333975 0.000000000
QJ:/rc/cr: 0.000002215 0.000002215 0.999995570
QJ:/rc/rr: 0.000000000 0.000281458 0.999718542
QJ:/rrc/: 0.000003284 0.999996716 0.000000000
QJ:/rrc/cr: 0.000001095 0.000001095 0.999997811
QJ:/rrc/rr: 0.000000000 0.500000000 0.500000000
QK:/cc/: 0.534366773 0.465633227 0.000000000
QK:/cc/cr: 0.093046464 0.906885590 0.000067945
QK:/cc/rr: 0.000000000 0.999980393 0.000019607
QK:/crc/: 0.003611502 0.996388498 0.000000000
QK:/crc/cr: 0.000003578 0.563682022 0.436314400
QK:/crc/rr: 0.000000000 0.001634842 0.998365158
QK:/crrc/: 0.974679947 0.025320053 0.000000000
QK:/crrc/cr: 0.000909441 0.522864804 0.476225755
QK:/crrc/rr: 0.000000000 0.000565740 0.999434260
QK:/rc/: 0.444860597 0.555139403 0.000000000
QK:/rc/cr: 0.019495920 0.520328884 0.460175197
QK:/rc/rr: 0.000000000 0.213233846 0.786766154
QK:/rrc/: 0.120682377 0.879317623 0.000000000
QK:/rrc/cr: 0.000001805 0.309398761 0.690599435
QK:/rrc/rr: 0.000000000 0.000238434 0.999761566
QQ:/cc/: 0.509707549 0.490292451 0.000000000
QQ:/cc/cr: 0.999971508 0.000014246 0.000014246
QQ:/cc/rr: 0.000000000 0.999979445 0.000020555
QQ:/crc/: 0.990294069 0.009705931 0.000000000
QQ:/crc/cr: 0.999421398 0.000289301 0.000289301
QQ:/crc/rr: 0.000000000 0.999995747 0.000004253
QQ:/crrc/: 0.198674089 0.801325911 0.000000000
QQ:/crrc/cr: 0.999965730 0.000017135 0.000017135
QQ:/crrc/rr: 0.000000000 0.999896334 0.000103666
QQ:/rc/: 0.481830338 0.518169662 0.000000000
QQ:/rc/cr: 0.999991287 0.000004489 0.000004224
QQ:/rc/rr: 0.000000000 0.999993185 0.000006815
QQ:/rrc/: 0.971454241 0.028545759 0.000000000
QQ:/rrc/cr: 0.999923316 0.000038342 0.000038342
QQ:/rrc/rr: 0.000000000 0.999998310 0.000001690
