J:/: 0.073018389 0.926981611 0.000000000
J:/cr: 0.018712137 0.033047714 0.948240150
J:/rr: 0.000000000 0.999931524 0.000068476
JJ:/cc/: 0.000264299 0.999735701 0.000000000
JJ:/cc/cr: 0.999996403 0.000001798 0.000001798
JJ:/cc/rr: 0.000000000 0.989795938 0.010204062
JJ:/crc/: 0.867066225 0.132933775 0.000000000
JJ:/crc/cr: 0.999727159 0.000136420 0.000136420
JJ:/crc/rr: 0.000000000 0.999968627 0.000031373
JJ:/crrc/: 0.958850010 0.041149990 0.000000000
JJ:/crrc/cr: 0.998443342 0.000778329 0.000778329
JJ:/crrc/rr: 0.000000000 0.999949896 0.000050104
JJ:/rc/: 0.900626053 0.099373947 0.000000000
JJ:/rc/cr: 0.999540618 0.000229691 0.000229691
JJ:/rc/rr: 0.000000000 0.999961984 0.000038016
JJ:/rrc/: 0.994182574 0.005817426 0.000000000
JJ:/rrc/cr: 0.996076123 0.001961938 0.001961938
JJ:/rrc/rr: 0.000000000 0.999982780 0.000017220
JK:/cc/: 0.077718888 0.922281112 0.000000000
JK:/cc/cr: 0.000247863 0.000001949 0.999750188
JK:/cc/rr: 0.000000000 0.000034701 0.999965299
JK:/crc/: 0.044324190 0.955675810 0.000000000
JK:/crc/cr: 0.029916265 0.000018976 0.970064759
JK:/crc/rr: 0.000000000 0.000613713 0.999386287
JK:/crrc/: 0.999903915 0.000096085 0.000000000
JK:/crrc/cr: 0.333333333 0.333333333 0.333333333
JK:/crrc/rr: 0.000000000 0.000048047 0.999951953
JK:/rc/: 0.996705581 0.003294419 0.000000000
JK:/rc/cr: 0.901205013 0.006928476 0.091866511
JK:/rc/rr: 0.000000000 0.000034351 0.999965649
JK:/rrc/: 0.547165834 0.452834166 0.000000000
JK:/rrc/cr: 0.915555000 0.000025204 0.084419795
JK:/rrc/rr: 0.000000000 0.000031289 0.999968711
JQ:/cc/: 0.171053206 0.828946794 0.000000000
JQ:/cc/cr: 0.000004305 0.000002169 0.999993526
JQ:/cc/rr: 0.000000000 0.000015767 0.999984233
JQ:/crc/: 0.987524051 0.012475949 0.000000000
JQ:/crc/cr: 0.336108124 0.001453588 0.662438288
JQ:/crc/rr: 0.000000000 0.000027546 0.999972454
JQ:/crrc/: 0.022382797 0.977617203 0.000000000
JQ:/crrc/cr: 0.150756227 0.000032762 0.849211012
JQ:/crrc/rr: 0.000000000 0.002146396 0.997853604
JQ:/rc/: 0.997984595 0.002015405 0.000000000
JQ:/rc/cr: 0.011325414 0.011325414 0.977349173
JQ:/rc/rr: 0.000000000 0.000034307 0.999965693
JQ:/rrc/: 0.138319983 0.861680017 0.000000000
JQ:/rrc/cr: 0.000013246 0.000013246 0.999973509
JQ:/rrc/rr: 0.000000000 0.000123772 0.999876228
K:/: 0.753216103 0.246783897 0.000000000
K:/cr: 0.710175655 0.289810838 0.000013507
K:/rr: 0.000000000 0.999993362 0.000006638
KJ:/cc/: 0.000051828 0.999948172 0.000000000
KJ:/cc/cr: 0.000048741 0.000009693 0.999941566
KJ:/cc/rr: 0.000000000 0.804538355 0.195461645
KJ:/crc/: 0.000068369 0.999931631 0.000000000
KJ:/crc/cr: 0.000034852 0.999957380 0.000007768
KJ:/crc/rr: 0.000000000 0.829577470 0.170422530
KJ:/crrc/: 0.072957814 0.927042186 0.000000000
KJ:/crrc/cr: 0.006259017 0.987262390 0.006478593
KJ:/crrc/rr: 0.000000000 0.426728195 0.573271805
KJ:/rc/: 0.048286949 0.951713051 0.000000000
KJ:/rc/cr: 0.005224677 0.962522290 0.032253033
KJ:/rc/rr: 0.000000000 0.438929896 0.561070104
KJ:/rrc/: 0.081200001 0.918799999 0.000000000
KJ:/rrc/cr: 0.000040451 0.999805894 0.000153655
KJ:/rrc/rr: 0.000000000 0.517094250 0.482905750
KK:/cc/: 0.982732937 0.017267063 0.000000000
KK:/cc/cr: 0.999217754 0.000391123 0.000391123
KK:/cc/rr: 0.000000000 0.999989692 0.000010308
KK:/crc/: 0.087986905 0.912013095 0.000000000
KK:/crc/cr: 0.999982966 0.000008517 0.000008517
KK:/crc/rr: 0.000000000 0.999867575 0.000132425
KK:/crrc/: 0.985131065 0.014868935 0.000000000
KK:/crrc/cr: 0.999573622 0.000213189 0.000213189
KK:/crrc/rr: 0.000000000 0.999995173 0.000004827
KK:/rc/: 0.806204447 0.193795553 0.000000000
KK:/rc/cr: 0.999977164 0.000011418 0.000011418
KK:/rc/rr: 0.000000000 0.999995883 0.000004117
KK:/rrc/: 0.512619701 0.487380299 0.000000000
KK:/rrc/cr: 0.999995460 0.000002270 0.000002270
KK:/rrc/rr: 0.000000000 0.999996763 0.000003237
KQ:/cc/: 0.000055876 0.999944124 0.000000000
KQ:/cc/cr: 0.000044306 0.445713538 0.554242156
KQ:/cc/rr: 0.000000000 0.818701357 0.181298643
KQ:/crc/: 0.905153093 0.094846907 0.000000000
KQ:/crc/cr: 0.000525443 0.634306964 0.365167594
KQ:/crc/rr: 0.000000000 0.000033655 0.999966345
KQ:/crrc/: 0.008016499 0.991983501 0.000000000
KQ:/crrc/cr: 0.014357689 0.706350356 0.279291955
KQ:/crrc/rr: 0.000000000 0.080403254 0.919596746
KQ:/rc/: 0.000034000 0.999966000 0.000000000
KQ:/rc/cr: 0.000026359 0.477679206 0.522294435
KQ:/rc/rr: 0.000000000 0.902378908 0.097621092
KQ:/rrc/: 0.703577433 0.296422567 0.000000000
KQ:/rrc/cr: 0.050931270 0.800649163 0.148419566
KQ:/rrc/rr: 0.000000000 0.387149459 0.612850541
Q:/: 0.755010395 0.244989605 0.000000000
Q:/cr: 0.175722745 0.823602016 0.000675239
Q:/rr: 0.000000000 0.999993378 0.000006622
QJ:/cc/: 0.000020409 0.999979591 0.000000000
QJ:/cc/cr: 0.000006803 0.000006803 0.999986394
QJ:/cc/rr: 0.000000000 0.500000000 0.500000000
QJ:/crc/: 0.026382321 0.973617679 0.000000000
QJ:/crc/cr: 0.001906863 0.000002828 0.998090309
QJ:/crc/rr: 0.000000000 0.000156546 0.999843454
QJ:/crrc/: 0.006285375 0.993714625 0.000000000
QJ:/crrc/cr: 0.000098711 0.000012986 0.999888303
QJ:/crrc/rr: 0.000000000 0.003079725 0.996920275
QJ:/rc/: 0.013505632 0.986494368 0.000000000
QJ:/rc/cr: 0.000003572 0.000002238 0.999994190
QJ:/rc/rr: 0.000000000 0.000245173 0.999754827
QJ:/rrc/: 0.000003311 0.999996689 0.000000000
QJ:/rrc/cr: 0.000001104 0.000001104 0.999997793
QJ:/rrc/rr: 0.000000000 0.500000000 0.500000000
QK:/cc/: 0.546875145 0.453124855 0.000000000
QK:/cc/cr: 0.041515917 0.958433642 0.000050441
QK:/cc/rr: 0.000000000 0.999981340 0.000018660
QK:/crc/: 0.002123307 0.997876693 0.000000000
QK:/crc/cr: 0.000002934 0.557248520 0.442748545
QK:/crc/rr: 0.000000000 0.002277054 0.997722946
QK:/crrc/: 0.918891117 0.081108883 0.000000000
QK:/crrc/cr: 0.000353931 0.652204211 0.347441858
QK:/crrc/rr: 0.000000000 0.000577233 0.999422767
QK:/rc/: 0.431425177 0.568574823 0.000000000
QK:/rc/cr: 0.004087594 0.531775697 0.464136708
QK:/rc/rr: 0.000000000 0.204755723 0.795244277
QK:/rrc/: 0.114256820 0.885743180 0.000000000
QK:/rrc/cr: 0.000001246 0.304303531 0.695695223
QK:/rrc/rr: 0.000000000 0.000449815 0.999550185
QQ:/cc/: 0.499580491 0.500419509 0.000000000
QQ:/cc/cr: 0.999972811 0.000013595 0.000013595
QQ:/cc/rr: 0.000000000 0.999979574 0.000020426
QQ:/crc/: 0.991870888 0.008129112 0.000000000
QQ:/crc/cr: 0.999322594 0.000338703 0.000338703
QQ:/crc/rr: 0.000000000 0.999995836 0.000004164
QQ:/crrc/: 0.153562761 0.846437239 0.000000000
QQ:/crrc/cr: 0.999969508 0.000015246 0.000015246
QQ:/crrc/rr: 0.000000000 0.999873946 0.000126054
QQ:/rc/: 0.480919636 0.519080364 0.000000000
QQ:/rc/cr: 0.999991411 0.000004336 0.000004253
QQ:/rc/rr: 0.000000000 0.999993115 0.000006885
QQ:/rrc/: 0.975859249 0.024140751 0.000000000
QQ:/rrc/cr: 0.999908558 0.000045721 0.000045721
QQ:/rrc/rr: 0.000000000 0.999998303 0.000001697
