J:/c: 0.312149218 0.687850782 0.000000000
J:/crr: 0.000000000 0.999983982 0.000016018
J:/r: 0.054723109 0.123446473 0.821830418
JJ:/cc/c: 0.999992731 0.000007269 0.000000000
JJ:/cc/crr: 0.000000000 0.999996365 0.000003635
JJ:/cc/r: 0.999990308 0.000004846 0.000004846
JJ:/crc/c: 0.999983982 0.000016018 0.000000000
JJ:/crc/crr: 0.000000000 0.999991991 0.000008009
JJ:/crc/r: 0.999917666 0.000071656 0.000010679
JJ:/crrc/c: 0.999991991 0.000008009 0.000000000
JJ:/crrc/crr: 0.000000000 0.999995995 0.000004005
JJ:/crrc/r: 0.999971668 0.000022992 0.000005339
JJ:/rc/c: 0.999972998 0.000027002 0.000000000
JJ:/rc/crr: 0.000000000 0.999986499 0.000013501
JJ:/rc/r: 0.999888697 0.000093302 0.000018002
JJ:/rrc/c: 0.999939087 0.000060913 0.000000000
JJ:/rrc/crr: 0.000000000 0.999969542 0.000030458
JJ:/rrc/r: 0.999883098 0.000076293 0.000040608
JK:/cc/c: 0.000156144 0.999843856 0.000000000
JK:/cc/crr: 0.000000000 0.023276704 0.976723296
JK:/cc/r: 0.000004846 0.000004846 0.999990308
JK:/crc/c: 0.481794276 0.518205724 0.000000000
JK:/crc/crr: 0.000000000 0.000016623 0.999983377
JK:/crc/r: 0.007005282 0.000010679 0.992984039
JK:/crrc/c: 0.466254067 0.533745933 0.000000000
JK:/crrc/crr: 0.000000000 0.000008589 0.999991411
JK:/crrc/r: 0.223898266 0.000005339 0.776096394
JK:/rc/c: 0.379817067 0.620182933 0.000000000
JK:/rc/crr: 0.000000000 0.000035546 0.999964454
JK:/rc/r: 0.364014786 0.000018002 0.635967212
JK:/rrc/c: 0.999939087 0.000060913 0.000000000
JK:/rrc/crr: 0.000000000 0.000030458 0.999969542
JK:/rrc/r: 0.311093520 0.000040608 0.688865871
JQ:/cc/c: 0.064629421 0.935370579 0.000000000
JQ:/cc/crr: 0.000000000 0.000056236 0.999943764
JQ:/cc/r: 0.032616265 0.000004846 0.967378889
JQ:/crc/c: 0.425370299 0.574629701 0.000000000
JQ:/crc/crr: 0.000000000 0.000018828 0.999981172
JQ:/crc/r: 0.001748679 0.000010679 0.998240642
JQ:/crrc/c: 0.034574705 0.965425295 0.000000000
JQ:/crrc/crr: 0.000000000 0.000115823 0.999884177
JQ:/crrc/r: 0.158621015 0.000005339 0.841373646
JQ:/rc/c: 0.998466190 0.001533810 0.000000000
JQ:/rc/crr: 0.000000000 0.000013522 0.999986478
JQ:/rc/r: 0.000018002 0.000018002 0.999963997
JQ:/rrc/c: 0.004561801 0.995438199 0.000000000
JQ:/rrc/crr: 0.000000000 0.006676390 0.993323610
JQ:/rrc/r: 0.475474282 0.000040608 0.524485110
K:/c: 0.999990000 0.000010000 0.000000000
K:/crr: 0.000000000 0.999995000 0.000005000
K:/r: 0.589086621 0.410906712 0.000006667
KJ:/cc/c: 0.500000000 0.500000000 0.000000000
KJ:/cc/crr: 0.000000000 0.500000000 0.500000000
KJ:/cc/r: 0.333333333 0.333333333 0.333333333
KJ:/crc/c: 0.071016489 0.928983511 0.000000000
KJ:/crc/crr: 0.000000000 0.999964797 0.000035203
KJ:/crc/r: 0.000035929 0.726986185 0.272977886
KJ:/crrc/c: 0.356834585 0.643165415 0.000000000
KJ:/crrc/crr: 0.000000000 0.782331604 0.217668396
KJ:/crrc/r: 0.040249567 0.803663462 0.156086971
KJ:/rc/c: 0.452233440 0.547766560 0.000000000
KJ:/rc/crr: 0.000000000 0.873140179 0.126859821
KJ:/rc/r: 0.063950075 0.719621944 0.216427980
KJ:/rrc/c: 0.088189137 0.911810863 0.000000000
KJ:/rrc/crr: 0.000000000 0.999967919 0.000032081
KJ:/rrc/r: 0.030552509 0.916221675 0.053225817
KK:/cc/c: 0.500000000 0.500000000 0.000000000
KK:/cc/crr: 0.000000000 0.500000000 0.500000000
KK:/cc/r: 0.333333333 0.333333333 0.333333333
KK:/crc/c: 0.999995000 0.000005000 0.000000000
KK:/crc/crr: 0.000000000 0.999997500 0.000002500
KK:/crc/r: 0.992148651 0.007848016 0.000003333
KK:/crrc/c: 0.999997500 0.000002500 0.000000000
KK:/crrc/crr: 0.000000000 0.999998750 0.000001250
KK:/crrc/r: 0.999948290 0.000050043 0.000001667
KK:/rc/c: 0.999991888 0.000008112 0.000000000
KK:/rc/crr: 0.000000000 0.999995944 0.000004056
KK:/rc/r: 0.999980653 0.000013939 0.000005408
KK:/rrc/c: 0.999994342 0.000005658 0.000000000
KK:/rrc/crr: 0.000000000 0.999997171 0.000002829
KK:/rrc/r: 0.999884682 0.000111545 0.000003772
KQ:/cc/c: 0.500000000 0.500000000 0.000000000
KQ:/cc/crr: 0.000000000 0.500000000 0.500000000
KQ:/cc/r: 0.333333333 0.333333333 0.333333333
KQ:/crc/c: 0.295018000 0.704982000 0.000000000
KQ:/crc/crr: 0.000000000 0.000557142 0.999442858
KQ:/crc/r: 0.000019319 0.433152191 0.566828490
KQ:/crrc/c: 0.619935479 0.380064521 0.000000000
KQ:/crrc/crr: 0.000000000 0.402576908 0.597423092
KQ:/crrc/r: 0.000274482 0.699586021 0.300139497
KQ:/rc/c: 0.000008112 0.999991888 0.000000000
KQ:/rc/crr: 0.000000000 0.500000000 0.500000000
KQ:/rc/r: 0.000014078 0.294360364 0.705625558
KQ:/rrc/c: 0.522834769 0.477165231 0.000000000
KQ:/rrc/crr: 0.000000000 0.493632504 0.506367496
KQ:/rrc/r: 0.070103372 0.556320692 0.373575936
Q:/c: 0.849969325 0.150030675 0.000000000
Q:/crr: 0.000000000 0.999994117 0.000005883
Q:/r: 0.382687361 0.617268717 0.000043922
QJ:/cc/c: 0.000033327 0.999966673 0.000000000
QJ:/cc/crr: 0.000000000 0.500000000 0.500000000
QJ:/cc/r: 0.000022218 0.000022218 0.999955565
QJ:/crc/c: 0.394891762 0.605108238 0.000000000
QJ:/crc/crr: 0.000000000 0.000075731 0.999924269
QJ:/crc/r: 0.000126652 0.000003922 0.999869426
QJ:/crrc/c: 0.000002941 0.999997059 0.000000000
QJ:/crrc/crr: 0.000000000 0.500000000 0.500000000
QJ:/crrc/r: 0.018833929 0.000001961 0.981164110
QJ:/rc/c: 0.000095568 0.999904432 0.000000000
QJ:/rc/crr: 0.000000000 0.028252845 0.971747155
QJ:/rc/r: 0.009029724 0.000003600 0.990966676
QJ:/rrc/c: 0.000008710 0.999991290 0.000000000
QJ:/rrc/crr: 0.000000000 0.500000000 0.500000000
QJ:/rrc/r: 0.000079134 0.000005807 0.999915059
QK:/cc/c: 0.040881828 0.959118172 0.000000000
QK:/cc/crr: 0.000000000 0.999592404 0.000407596
QK:/cc/r: 0.000063397 0.714228532 0.285708072
QK:/crc/c: 0.383104790 0.616895210 0.000000000
QK:/crc/crr: 0.000000000 0.000364219 0.999635781
QK:/crc/r: 0.000044299 0.544412391 0.455543310
QK:/crrc/c: 0.056545125 0.943454875 0.000000000
QK:/crrc/crr: 0.000000000 0.001934426 0.998065574
QK:/crrc/r: 0.000032035 0.272026039 0.727941926
QK:/rc/c: 0.379046189 0.620953811 0.000000000
QK:/rc/crr: 0.000000000 0.001825605 0.998174395
QK:/rc/r: 0.000008416 0.306754480 0.693237104
QK:/rrc/c: 0.430853189 0.569146811 0.000000000
QK:/rrc/crr: 0.000000000 0.073676043 0.926323957
QK:/rrc/r: 0.000067948 0.523664013 0.476268039
QQ:/cc/c: 0.999966673 0.000033327 0.000000000
QQ:/cc/crr: 0.000000000 0.999983336 0.000016664
QQ:/cc/r: 0.999712291 0.000265491 0.000022218
QQ:/crc/c: 0.999994117 0.000005883 0.000000000
QQ:/crc/crr: 0.000000000 0.999997059 0.000002941
QQ:/crc/r: 0.999946727 0.000049352 0.000003922
QQ:/crrc/c: 0.999997059 0.000002941 0.000000000
QQ:/crrc/crr: 0.000000000 0.999998529 0.000001471
QQ:/crrc/r: 0.998418192 0.001579847 0.000001961
QQ:/rc/c: 0.999994600 0.000005400 0.000000000
QQ:/rc/crr: 0.000000000 0.999997300 0.000002700
QQ:/rc/r: 0.999991952 0.000004448 0.000003600
QQ:/rrc/c: 0.999991290 0.000008710 0.000000000
QQ:/rrc/crr: 0.000000000 0.999995645 0.000004355
QQ:/rrc/r: 0.999954336 0.000039857 0.000005807
