J:/c: 0.313390085 0.686609915 0.000000000
J:/crr: 0.000000000 0.999984045 0.000015955
J:/r: 0.052866315 0.123492835 0.823640850
JJ:/cc/c: 0.999992718 0.000007282 0.000000000
JJ:/cc/crr: 0.000000000 0.999996359 0.000003641
JJ:/cc/r: 0.999990290 0.000004855 0.000004855
JJ:/crc/c: 0.999984045 0.000015955 0.000000000
JJ:/crc/crr: 0.000000000 0.999992023 0.000007977
JJ:/crc/r: 0.999233800 0.000755564 0.000010636
JJ:/crrc/c: 0.999992023 0.000007977 0.000000000
JJ:/crrc/crr: 0.000000000 0.999996011 0.000003989
JJ:/crrc/r: 0.999964165 0.000030517 0.000005318
JJ:/rc/c: 0.999973008 0.000026992 0.000000000
JJ:/rc/crr: 0.000000000 0.999986504 0.000013496
JJ:/rc/r: 0.999964011 0.000017995 0.000017995
JJ:/rrc/c: 0.999936948 0.000063052 0.000000000
JJ:/rrc/crr: 0.000000000 0.999968472 0.000031528
JJ:/rrc/r: 0.999915931 0.000042035 0.000042035
JK:/cc/c: 0.007362278 0.992637722 0.000000000
JK:/cc/crr: 0.000000000 0.000494559 0.999505441
JK:/cc/r: 0.000004855 0.000004855 0.999990290
JK:/crc/c: 0.492422308 0.507577692 0.000000000
JK:/crc/crr: 0.000000000 0.000016200 0.999983800
JK:/crc/r: 0.009953648 0.000010636 0.990035716
JK:/crrc/c: 0.285735919 0.714264081 0.000000000
JK:/crrc/crr: 0.000000000 0.000013959 0.999986041
JK:/crrc/r: 0.135458489 0.000005318 0.864536193
JK:/rc/c: 0.392220209 0.607779791 0.000000000
JK:/rc/crr: 0.000000000 0.000034409 0.999965591
JK:/rc/r: 0.370477169 0.000017995 0.629504836
JK:/rrc/c: 0.999936948 0.000063052 0.000000000
JK:/rrc/crr: 0.000000000 0.000031528 0.999968472
JK:/rrc/r: 0.318784544 0.000042035 0.681173421
JQ:/cc/c: 0.072082639 0.927917361 0.000000000
JQ:/cc/crr: 0.000000000 0.000050513 0.999949487
JQ:/cc/r: 0.032401354 0.000004855 0.967593791
JQ:/crc/c: 0.417556561 0.582443439 0.000000000
JQ:/crc/crr: 0.000000000 0.000019105 0.999980895
JQ:/crc/r: 0.000049991 0.000010636 0.999939373
JQ:/crrc/c: 0.105162887 0.894837113 0.000000000
JQ:/crrc/crr: 0.000000000 0.000037929 0.999962071
JQ:/crrc/r: 0.001485772 0.000005318 0.998508910
JQ:/rc/c: 0.999609333 0.000390667 0.000000000
JQ:/rc/crr: 0.000000000 0.000013501 0.999986499
JQ:/rc/r: 0.000017995 0.000017995 0.999964011
JQ:/rrc/c: 0.000063052 0.999936948 0.000000000
JQ:/rrc/crr: 0.000000000 0.500000000 0.500000000
JQ:/rrc/r: 0.484877256 0.000042035 0.515080710
K:/c: 0.999990000 0.000010000 0.000000000
K:/crr: 0.000000000 0.999995000 0.000005000
K:/r: 0.581269910 0.418723423 0.000006667
KJ:/cc/c: 0.500000000 0.500000000 0.000000000
KJ:/cc/crr: 0.000000000 0.500000000 0.500000000
KJ:/cc/r: 0.333333333 0.333333333 0.333333333
KJ:/crc/c: 0.227947445 0.772052555 0.000000000
KJ:/crc/crr: 0.000000000 0.999989032 0.000010968
KJ:/crc/r: 0.000006723 0.999978344 0.000014933
KJ:/crrc/c: 0.374866024 0.625133976 0.000000000
KJ:/crrc/crr: 0.000000000 0.999996665 0.000003335
KJ:/crrc/r: 0.000154180 0.861581087 0.138264732
KJ:/rc/c: 0.455015500 0.544984500 0.000000000
KJ:/rc/crr: 0.000000000 0.821550924 0.178449076
KJ:/rc/r: 0.000331179 0.999663514 0.000005307
KJ:/rrc/c: 0.102324904 0.897675096 0.000000000
KJ:/rrc/crr: 0.000000000 0.999971979 0.000028021
KJ:/rrc/r: 0.002493492 0.972100429 0.025406079
KK:/cc/c: 0.500000000 0.500000000 0.000000000
KK:/cc/crr: 0.000000000 0.500000000 0.500000000
KK:/cc/r: 0.333333333 0.333333333 0.333333333
KK:/crc/c: 0.999995000 0.000005000 0.000000000
KK:/crc/crr: 0.000000000 0.999997500 0.000002500
KK:/crc/r: 0.987125140 0.012871527 0.000003333
KK:/crrc/c: 0.999997500 0.000002500 0.000000000
KK:/crrc/crr: 0.000000000 0.999998750 0.000001250
KK:/crrc/r: 0.999788673 0.000209660 0.000001667
KK:/rc/c: 0.999992039 0.000007961 0.000000000
KK:/rc/crr: 0.000000000 0.999996020 0.000003980
KK:/rc/r: 0.999969486 0.000025207 0.000005307
KK:/rrc/c: 0.999994265 0.000005735 0.000000000
KK:/rrc/crr: 0.000000000 0.999997133 0.000002867
KK:/rrc/r: 0.995813804 0.004182373 0.000003823
KQ:/cc/c: 0.500000000 0.500000000 0.000000000
KQ:/cc/crr: 0.000000000 0.500000000 0.500000000
KQ:/cc/r: 0.333333333 0.333333333 0.333333333
KQ:/crc/c: 0.278597591 0.721402409 0.000000000
KQ:/crc/crr: 0.000000000 0.000570412 0.999429588
KQ:/crc/r: 0.000010584 0.488213014 0.511776402
KQ:/crrc/c: 0.501635313 0.498364687 0.000000000
KQ:/crrc/crr: 0.000000000 0.409403280 0.590596720
KQ:/crrc/r: 0.001013821 0.717249785 0.281736394
KQ:/rc/c: 0.000007961 0.999992039 0.000000000
KQ:/rc/crr: 0.000000000 0.500000000 0.500000000
KQ:/rc/r: 0.000007747 0.292513007 0.707479246
KQ:/rrc/c: 0.521951105 0.478048895 0.000000000
KQ:/rrc/crr: 0.000000000 0.463607714 0.536392286
KQ:/rrc/r: 0.072206880 0.547913842 0.379879278
Q:/c: 0.848883423 0.151116577 0.000000000
Q:/crr: 0.000000000 0.999994110 0.000005890
Q:/r: 0.378077722 0.621893582 0.000028696
QJ:/cc/c: 0.000033087 0.999966913 0.000000000
QJ:/cc/crr: 0.000000000 0.500000000 0.500000000
QJ:/cc/r: 0.000022058 0.000022058 0.999955884
QJ:/crc/c: 0.431554566 0.568445434 0.000000000
QJ:/crc/crr: 0.000000000 0.000061717 0.999938283
QJ:/crc/r: 0.000003927 0.000003927 0.999992147
QJ:/crrc/c: 0.000002945 0.999997055 0.000000000
QJ:/crrc/crr: 0.000000000 0.500000000 0.500000000
QJ:/crrc/r: 0.000001963 0.000001963 0.999996073
QJ:/rc/c: 0.000005360 0.999994640 0.000000000
QJ:/rc/crr: 0.000000000 0.500000000 0.500000000
QJ:/rc/r: 0.000003573 0.000003573 0.999992853
QJ:/rrc/c: 0.000008817 0.999991183 0.000000000
QJ:/rrc/crr: 0.000000000 0.500000000 0.500000000
QJ:/rrc/r: 0.000005878 0.000005878 0.999988245
QK:/cc/c: 0.098698545 0.901301455 0.000000000
QK:/cc/crr: 0.000000000 0.999832383 0.000167617
QK:/cc/r: 0.000022058 0.748281559 0.251696383
QK:/crc/c: 0.348526745 0.651473255 0.000000000
QK:/crc/crr: 0.000000000 0.001700787 0.998299213
QK:/crc/r: 0.000029385 0.512915311 0.487055305
QK:/crrc/c: 0.274199576 0.725800424 0.000000000
QK:/crrc/crr: 0.000000000 0.000503230 0.999496770
QK:/crrc/r: 0.000028279 0.280922098 0.719049623
QK:/rc/c: 0.366884840 0.633115160 0.000000000
QK:/rc/crr: 0.000000000 0.004202378 0.995797622
QK:/rc/r: 0.000003628 0.308270910 0.691725462
QK:/rrc/c: 0.436157427 0.563842573 0.000000000
QK:/rrc/crr: 0.000000000 0.110322663 0.889677337
QK:/rrc/r: 0.000008126 0.533623062 0.466368812
QQ:/cc/c: 0.999966913 0.000033087 0.000000000
QQ:/cc/crr: 0.000000000 0.999983456 0.000016544
QQ:/cc/r: 0.999950551 0.000027391 0.000022058
QQ:/crc/c: 0.999994110 0.000005890 0.000000000
QQ:/crc/crr: 0.000000000 0.999997055 0.000002945
QQ:/crc/r: 0.999947995 0.000048078 0.000003927
QQ:/crrc/c: 0.999997055 0.000002945 0.000000000
QQ:/crrc/crr: 0.000000000 0.999998527 0.000001473
QQ:/crrc/r: 0.999977882 0.000020155 0.000001963
QQ:/rc/c: 0.999994640 0.000005360 0.000000000
QQ:/rc/crr: 0.000000000 0.999997320 0.000002680
QQ:/rc/r: 0.982532697 0.017463729 0.000003573
QQ:/rrc/c: 0.999991183 0.000008817 0.000000000
QQ:/rrc/crr: 0.000000000 0.999995592 0.000004408
QQ:/rrc/r: 0.999978204 0.000015918 0.000005878
