J:/: 0.076842546 0.923157454 0.000000000
J:/cr: 0.018196565 0.032652586 0.949150849
J:/rr: 0.000000000 0.999934932 0.000065068
JJ:/cc/: 0.000319783 0.999680217 0.000000000
JJ:/cc/cr: 0.999996388 0.000001806 0.000001806
JJ:/cc/rr: 0.000000000 0.991531463 0.008468537
JJ:/crc/: 0.896185721 0.103814279 0.000000000
JJ:/crc/cr: 0.999644936 0.000177532 0.000177532
JJ:/crc/rr: 0.000000000 0.999969152 0.000030848
JJ:/crrc/: 0.956630266 0.043369734 0.000000000
JJ:/crrc/cr: 0.998474875 0.000762563 0.000762563
JJ:/crrc/rr: 0.000000000 0.999948143 0.000051857
JJ:/rc/: 0.831165740 0.168834260 0.000000000
JJ:/rc/cr: 0.999743069 0.000128465 0.000128465
JJ:/rc/rr: 0.000000000 0.999960857 0.000039143
JJ:/rrc/: 0.980167773 0.019832227 0.000000000
JJ:/rrc/cr: 0.998906286 0.000546857 0.000546857
JJ:/rrc/rr: 0.000000000 0.999983403 0.000016597
JK:/cc/: 0.092084260 0.907915740 0.000000000
JK:/cc/cr: 0.000057694 0.000001989 0.999940317
JK:/cc/rr: 0.000000000 0.000029409 0.999970591
JK:/crc/: 0.090220053 0.909779947 0.000000000
JK:/crc/cr: 0.074447606 0.000020258 0.925532136
JK:/crc/rr: 0.000000000 0.000306424 0.999693576
JK:/crrc/: 0.999820999 0.000179001 0.000000000
JK:/crrc/cr: 0.184759716 0.184759716 0.630480568
JK:/crrc/rr: 0.000000000 0.000049617 0.999950383
JK:/rc/: 0.995265900 0.004734100 0.000000000
JK:/rc/cr: 0.704480587 0.004581520 0.290937894
JK:/rc/rr: 0.000000000 0.000032689 0.999967311
JK:/rrc/: 0.544216492 0.455783508 0.000000000
JK:/rrc/cr: 0.923502131 0.000023795 0.076474074
JK:/rrc/rr: 0.000000000 0.000029893 0.999970107
JQ:/cc/: 0.137942152 0.862057848 0.000000000
JQ:/cc/cr: 0.000007456 0.000002094 0.999990450
JQ:/cc/rr: 0.000000000 0.000019632 0.999980368
JQ:/crc/: 0.989766349 0.010233651 0.000000000
JQ:/crc/cr: 0.316139391 0.001800958 0.682059652
JQ:/crc/rr: 0.000000000 0.000027931 0.999972069
JQ:/crrc/: 0.072069267 0.927930733 0.000000000
JQ:/crrc/cr: 0.143552875 0.000035641 0.856411484
JQ:/crrc/rr: 0.000000000 0.000688341 0.999311659
JQ:/rc/: 0.996300827 0.003699173 0.000000000
JQ:/rc/cr: 0.005863303 0.005863303 0.988273394
JQ:/rc/rr: 0.000000000 0.000032655 0.999967345
JQ:/rrc/: 0.130077788 0.869922212 0.000000000
JQ:/rrc/cr: 0.004886284 0.000012467 0.995101249
JQ:/rrc/rr: 0.000000000 0.000125064 0.999874936
K:/: 0.757027533 0.242972467 0.000000000
K:/cr: 0.709367404 0.290618877 0.000013719
K:/rr: 0.000000000 0.999993395 0.000006605
KJ:/cc/: 0.000057475 0.999942525 0.000000000
KJ:/cc/cr: 0.000049827 0.000008865 0.999941308
KJ:/cc/rr: 0.000000000 0.820979517 0.179020483
KJ:/crc/: 0.000050789 0.999949211 0.000000000
KJ:/crc/cr: 0.000612918 0.999379214 0.000007868
KJ:/crc/rr: 0.000000000 0.767634616 0.232365384
KJ:/crrc/: 0.065332487 0.934667513 0.000000000
KJ:/crrc/cr: 0.005806262 0.986755417 0.007438321
KJ:/crrc/rr: 0.000000000 0.452443574 0.547556426
KJ:/rc/: 0.042363821 0.957636179 0.000000000
KJ:/rc/cr: 0.017191566 0.930236640 0.052571794
KJ:/rc/rr: 0.000000000 0.434530614 0.565469386
KJ:/rrc/: 0.079342636 0.920657364 0.000000000
KJ:/rrc/cr: 0.000467313 0.998816713 0.000715975
KJ:/rrc/rr: 0.000000000 0.518570679 0.481429321
KK:/cc/: 0.989801165 0.010198835 0.000000000
KK:/cc/cr: 0.998654849 0.000672576 0.000672576
KK:/cc/rr: 0.000000000 0.999989605 0.000010395
KK:/crc/: 0.231527721 0.768472279 0.000000000
KK:/crc/cr: 0.999979524 0.000010238 0.000010238
KK:/crc/rr: 0.000000000 0.999949028 0.000050972
KK:/crrc/: 0.969847245 0.030152755 0.000000000
KK:/crrc/cr: 0.999786203 0.000106899 0.000106899
KK:/crrc/rr: 0.000000000 0.999995015 0.000004985
KK:/rc/: 0.830900686 0.169099314 0.000000000
KK:/rc/cr: 0.999973961 0.000013020 0.000013020
KK:/rc/rr: 0.000000000 0.999996026 0.000003974
KK:/rrc/: 0.529430165 0.470569835 0.000000000
KK:/rrc/cr: 0.999995321 0.000002339 0.000002339
KK:/rrc/rr: 0.000000000 0.999996881 0.000003119
KQ:/cc/: 0.000280521 0.999719479 0.000000000
KQ:/cc/cr: 0.000055247 0.428223315 0.571721439
KQ:/cc/rr: 0.000000000 0.963320999 0.036679001
KQ:/crc/: 0.888536973 0.111463027 0.000000000
KQ:/crc/cr: 0.000521575 0.499794732 0.499683693
KQ:/crc/rr: 0.000000000 0.000025479 0.999974521
KQ:/crrc/: 0.011058201 0.988941799 0.000000000
KQ:/crrc/cr: 0.025354150 0.688501603 0.286144246
KQ:/crrc/rr: 0.000000000 0.057362103 0.942637897
KQ:/rc/: 0.000298450 0.999701550 0.000000000
KQ:/rc/cr: 0.000045824 0.482940879 0.517013297
KQ:/rc/rr: 0.000000000 0.137034703 0.862965297
KQ:/rrc/: 0.707577948 0.292422052 0.000000000
KQ:/rrc/cr: 0.023650267 0.857813661 0.118536072
KQ:/rrc/rr: 0.000000000 0.392727477 0.607272523
Q:/: 0.754935894 0.245064106 0.000000000
Q:/cr: 0.183007824 0.815654910 0.001337266
Q:/rr: 0.000000000 0.999993377 0.000006623
QJ:/cc/: 0.000020403 0.999979597 0.000000000
QJ:/cc/cr: 0.000022250 0.000006801 0.999970949
QJ:/cc/rr: 0.000000000 0.500000000 0.500000000
QJ:/crc/: 0.031683158 0.968316842 0.000000000
QJ:/crc/cr: 0.003617958 0.000002870 0.996379172
QJ:/crc/rr: 0.000000000 0.000131584 0.999868416
QJ:/crrc/: 0.007621702 0.992378298 0.000000000
QJ:/crrc/cr: 0.000133732 0.000012482 0.999853786
QJ:/crrc/rr: 0.000000000 0.002437909 0.997562091
QJ:/rc/: 0.011210660 0.988789340 0.000000000
QJ:/rc/cr: 0.000066390 0.000002233 0.999931377
QJ:/rc/rr: 0.000000000 0.000295392 0.999704608
QJ:/rrc/: 0.000003312 0.999996688 0.000000000
QJ:/rrc/cr: 0.000001272 0.000001104 0.999997624
QJ:/rrc/rr: 0.000000000 0.500000000 0.500000000
QK:/cc/: 0.408383170 0.591616830 0.000000000
QK:/cc/cr: 0.162363461 0.837613204 0.000023335
QK:/cc/rr: 0.000000000 0.999975020 0.000024980
QK:/crc/: 0.019130519 0.980869481 0.000000000
QK:/crc/cr: 0.000002834 0.559451454 0.440545713
QK:/crc/rr: 0.000000000 0.000217924 0.999782076
QK:/crrc/: 0.875901546 0.124098454 0.000000000
QK:/crrc/cr: 0.000164235 0.490733999 0.509101766
QK:/crrc/rr: 0.000000000 0.000559421 0.999440579
QK:/rc/: 0.435419053 0.564580947 0.000000000
QK:/rc/cr: 0.016752132 0.536380932 0.446866935
QK:/rc/rr: 0.000000000 0.196735703 0.803264297
QK:/rrc/: 0.116223385 0.883776615 0.000000000
QK:/rrc/cr: 0.000001249 0.304515858 0.695482892
QK:/rrc/rr: 0.000000000 0.000683263 0.999316737
QQ:/cc/: 0.449000328 0.550999672 0.000000000
QQ:/cc/cr: 0.999975314 0.000012343 0.000012343
QQ:/cc/rr: 0.000000000 0.999977280 0.000022720
QQ:/crc/: 0.989344734 0.010655266 0.000000000
QQ:/crc/cr: 0.999478317 0.000260842 0.000260842
QQ:/crc/rr: 0.000000000 0.999995786 0.000004214
QQ:/crrc/: 0.221088234 0.778911766 0.000000000
QQ:/crrc/cr: 0.999968193 0.000015903 0.000015903
QQ:/crrc/rr: 0.000000000 0.999915957 0.000084043
QQ:/rc/: 0.508285783 0.491714217 0.000000000
QQ:/rc/cr: 0.999991020 0.000004490 0.000004490
QQ:/rc/rr: 0.000000000 0.999993485 0.000006515
QQ:/rrc/: 0.976355549 0.023644451 0.000000000
QQ:/rrc/cr: 0.999906629 0.000046686 0.000046686
QQ:/rrc/rr: 0.000000000 0.999998304 0.000001696
