J:/c: 0.301696675 0.698303325 0.000000000
J:/crr: 0.000000000 0.999983427 0.000016573
J:/r: 0.054274772 0.126262598 0.819462630
JJ:/cc/c: 0.999992840 0.000007160 0.000000000
JJ:/cc/crr: 0.000000000 0.999996420 0.000003580
JJ:/cc/r: 0.999986694 0.000008533 0.000004773
JJ:/crc/c: 0.999983427 0.000016573 0.000000000
JJ:/crc/crr: 0.000000000 0.999991713 0.000008287
JJ:/crc/r: 0.999975682 0.000013269 0.000011049
JJ:/crrc/c: 0.999991713 0.000008287 0.000000000
JJ:/crrc/crr: 0.000000000 0.999995857 0.000004143
JJ:/crrc/r: 0.999988951 0.000005524 0.000005524
JJ:/rc/c: 0.999973600 0.000026400 0.000000000
JJ:/rc/crr: 0.000000000 0.999986800 0.000013200
JJ:/rc/r: 0.999959619 0.000022781 0.000017600
JJ:/rrc/c: 0.999938584 0.000061416 0.000000000
JJ:/rrc/crr: 0.000000000 0.999969290 0.000030710
JJ:/rrc/r: 0.999799970 0.000159086 0.000040944
JK:/cc/c: 0.002487644 0.997512356 0.000000000
JK:/cc/crr: 0.000000000 0.001439155 0.998560845
JK:/cc/r: 0.000010336 0.000004773 0.999984890
JK:/crc/c: 0.526186731 0.473813269 0.000000000
JK:/crc/crr: 0.000000000 0.000015748 0.999984252
JK:/crc/r: 0.059987708 0.000011049 0.940001244
JK:/crrc/c: 0.420324440 0.579675560 0.000000000
JK:/crrc/crr: 0.000000000 0.000009857 0.999990143
JK:/crrc/r: 0.219313796 0.000005524 0.780680680
JK:/rc/c: 0.396057753 0.603942247 0.000000000
JK:/rc/crr: 0.000000000 0.000033328 0.999966672
JK:/rc/r: 0.366485347 0.000017600 0.633497053
JK:/rrc/c: 0.999902116 0.000097884 0.000000000
JK:/rrc/crr: 0.000000000 0.000030711 0.999969289
JK:/rrc/r: 0.298318249 0.000040944 0.701640807
JQ:/cc/c: 0.071729399 0.928270601 0.000000000
JQ:/cc/crr: 0.000000000 0.000049911 0.999950089
JQ:/cc/r: 0.036089878 0.000004773 0.963905348
JQ:/crc/c: 0.464975494 0.535024506 0.000000000
JQ:/crc/crr: 0.000000000 0.000017821 0.999982179
JQ:/crc/r: 0.090326488 0.000011049 0.909662463
JQ:/crrc/c: 0.027862770 0.972137230 0.000000000
JQ:/crrc/crr: 0.000000000 0.000148704 0.999851296
JQ:/crrc/r: 0.210025375 0.000005524 0.789969101
JQ:/rc/c: 0.993648016 0.006351984 0.000000000
JQ:/rc/crr: 0.000000000 0.000013284 0.999986716
JQ:/rc/r: 0.000022826 0.000017600 0.999959574
JQ:/rrc/c: 0.018717526 0.981282474 0.000000000
JQ:/rrc/crr: 0.000000000 0.001640598 0.998359402
JQ:/rrc/r: 0.454012616 0.000040944 0.545946440
K:/c: 0.999969579 0.000030421 0.000000000
K:/crr: 0.000000000 0.999995000 0.000005000
K:/r: 0.582201203 0.417792130 0.000006667
KJ:/cc/c: 0.164362633 0.835637367 0.000000000
KJ:/cc/crr: 0.000000000 0.500000000 0.500000000
KJ:/cc/r: 0.516244551 0.228962663 0.254792787
KJ:/crc/c: 0.121352904 0.878647096 0.000000000
KJ:/crc/crr: 0.000000000 0.999979398 0.000020602
KJ:/crc/r: 0.000083182 0.729686703 0.270230115
KJ:/crrc/c: 0.268830274 0.731169726 0.000000000
KJ:/crrc/crr: 0.000000000 0.999995350 0.000004650
KJ:/crrc/r: 0.005031238 0.869572413 0.125396349
KJ:/rc/c: 0.415201330 0.584798670 0.000000000
KJ:/rc/crr: 0.000000000 0.855088073 0.144911927
KJ:/rc/r: 0.024238935 0.733798541 0.241962523
KJ:/rrc/c: 0.137101753 0.862898247 0.000000000
KJ:/rrc/crr: 0.000000000 0.999979120 0.000020880
KJ:/rrc/r: 0.038964654 0.889895839 0.071139507
KK:/cc/c: 0.835637367 0.164362633 0.000000000
KK:/cc/crr: 0.000000000 0.901654330 0.098345670
KK:/cc/r: 0.582133616 0.308291296 0.109575089
KK:/crc/c: 0.999995000 0.000005000 0.000000000
KK:/crc/crr: 0.000000000 0.999997500 0.000002500
KK:/crc/r: 0.944752335 0.055244331 0.000003333
KK:/crrc/c: 0.999997500 0.000002500 0.000000000
KK:/crrc/crr: 0.000000000 0.999998750 0.000001250
KK:/crrc/r: 0.999972447 0.000025886 0.000001667
KK:/rc/c: 0.999992022 0.000007978 0.000000000
KK:/rc/crr: 0.000000000 0.999996011 0.000003989
KK:/rc/r: 0.999979669 0.000015012 0.000005319
KK:/rrc/c: 0.999994275 0.000005725 0.000000000
KK:/rrc/crr: 0.000000000 0.999997137 0.000002863
KK:/rrc/r: 0.999856108 0.000140075 0.000003817
KQ:/cc/c: 0.829615347 0.170384653 0.000000000
KQ:/cc/crr: 0.000000000 0.900940458 0.099059542
KQ:/cc/r: 0.491335429 0.395862696 0.112801875
KQ:/crc/c: 0.291205543 0.708794457 0.000000000
KQ:/crc/crr: 0.000000000 0.019962851 0.980037149
KQ:/crc/r: 0.000026284 0.428887824 0.571085892
KQ:/crrc/c: 0.644585792 0.355414208 0.000000000
KQ:/crrc/crr: 0.000000000 0.437110176 0.562889824
KQ:/crrc/r: 0.000015447 0.642169241 0.357815311
KQ:/rc/c: 0.000449649 0.999550351 0.000000000
KQ:/rc/crr: 0.000000000 0.008871872 0.991128128
KQ:/rc/r: 0.000021786 0.297678078 0.702300136
KQ:/rrc/c: 0.513988847 0.486011153 0.000000000
KQ:/rrc/crr: 0.000000000 0.473546276 0.526453724
KQ:/rrc/r: 0.079165111 0.538807764 0.382027125
Q:/c: 0.849658347 0.150341653 0.000000000
Q:/crr: 0.000000000 0.999994115 0.000005885
Q:/r: 0.377367640 0.622597226 0.000035134
QJ:/cc/c: 0.000366877 0.999633123 0.000000000
QJ:/cc/crr: 0.000000000 0.045325249 0.954674751
QJ:/cc/r: 0.000022172 0.000022172 0.999955657
QJ:/crc/c: 0.482118044 0.517881956 0.000000000
QJ:/crc/crr: 0.000000000 0.000028173 0.999971827
QJ:/crc/r: 0.000003923 0.000003923 0.999992154
QJ:/crrc/c: 0.000002942 0.999997058 0.000000000
QJ:/crrc/crr: 0.000000000 0.500000000 0.500000000
QJ:/crrc/r: 0.033088220 0.000001962 0.966909819
QJ:/rc/c: 0.000049889 0.999950111 0.000000000
QJ:/rc/crr: 0.000000000 0.053657859 0.946342141
QJ:/rc/r: 0.020385788 0.000003569 0.979610643
QJ:/rrc/c: 0.000171582 0.999828418 0.000000000
QJ:/rrc/crr: 0.000000000 0.025740272 0.974259728
QJ:/rrc/r: 0.000064148 0.000005889 0.999929964
QK:/cc/c: 0.008237954 0.991762046 0.000000000
QK:/cc/crr: 0.000000000 0.997981442 0.002018558
QK:/cc/r: 0.000105784 0.729866368 0.270027848
QK:/crc/c: 0.324333535 0.675666465 0.000000000
QK:/crc/crr: 0.000000000 0.001099156 0.998900844
QK:/crc/r: 0.000191761 0.443543280 0.556264959
QK:/crrc/c: 0.218202002 0.781797998 0.000000000
QK:/crrc/crr: 0.000000000 0.001148520 0.998851480
QK:/crrc/r: 0.000034294 0.286642756 0.713322950
QK:/rc/c: 0.358592391 0.641407609 0.000000000
QK:/rc/crr: 0.000000000 0.011963234 0.988036766
QK:/rc/r: 0.000008866 0.292968251 0.707022884
QK:/rrc/c: 0.428534849 0.571465151 0.000000000
QK:/rrc/crr: 0.000000000 0.103333186 0.896666814
QK:/rrc/r: 0.000070901 0.530873407 0.469055692
QQ:/cc/c: 0.999966742 0.000033258 0.000000000
QQ:/cc/crr: 0.000000000 0.999983371 0.000016629
QQ:/cc/r: 0.999934785 0.000043044 0.000022172
QQ:/crc/c: 0.999994115 0.000005885 0.000000000
QQ:/crc/crr: 0.000000000 0.999997058 0.000002942
QQ:/crc/r: 0.860772819 0.139223258 0.000003923
QQ:/crrc/c: 0.999997058 0.000002942 0.000000000
QQ:/crrc/crr: 0.000000000 0.999998529 0.000001471
QQ:/crrc/r: 0.999996077 0.000001962 0.000001962
QQ:/rc/c: 0.999994646 0.000005354 0.000000000
QQ:/rc/crr: 0.000000000 0.999997323 0.000002677
QQ:/rc/r: 0.937975548 0.062020882 0.000003569
QQ:/rrc/c: 0.999991167 0.000008833 0.000000000
QQ:/rrc/crr: 0.000000000 0.999995583 0.000004417
QQ:/rrc/r: 0.999962402 0.000031709 0.000005889
