J:/c: 0.305715713 0.694284287 0.000000000
J:/crr: 0.000000000 0.999983645 0.000016355
J:/r: 0.054309730 0.127855411 0.817834859
JJ:/cc/c: 0.999992798 0.000007202 0.000000000
JJ:/cc/crr: 0.000000000 0.999996399 0.000003601
JJ:/cc/r: 0.999990398 0.000004801 0.000004801
JJ:/crc/c: 0.999983645 0.000016355 0.000000000
JJ:/crc/crr: 0.000000000 0.999991822 0.000008178
JJ:/crc/r: 0.999948880 0.000040216 0.000010903
JJ:/crrc/c: 0.999991822 0.000008178 0.000000000
JJ:/crrc/crr: 0.000000000 0.999995911 0.000004089
JJ:/crrc/r: 0.999961881 0.000032667 0.000005452
JJ:/rc/c: 0.999973929 0.000026071 0.000000000
JJ:/rc/crr: 0.000000000 0.999986964 0.000013036
JJ:/rc/r: 0.999965239 0.000017381 0.000017381
JJ:/rrc/c: 0.999938624 0.000061376 0.000000000
JJ:/rrc/crr: 0.000000000 0.999969310 0.000030690
JJ:/rrc/r: 0.999918165 0.000040918 0.000040918
JK:/cc/c: 0.000007202 0.999992798 0.000000000
JK:/cc/crr: 0.000000000 0.500000000 0.500000000
JK:/cc/r: 0.000004801 0.000004801 0.999990398
JK:/crc/c: 0.514625518 0.485374482 0.000000000
JK:/crc/crr: 0.000000000 0.000015890 0.999984110
JK:/crc/r: 0.001378254 0.000010903 0.998610843
JK:/crrc/c: 0.331356020 0.668643980 0.000000000
JK:/crrc/crr: 0.000000000 0.000012340 0.999987660
JK:/crrc/r: 0.228661566 0.000005452 0.771332982
JK:/rc/c: 0.392281543 0.607718457 0.000000000
JK:/rc/crr: 0.000000000 0.000033230 0.999966770
JK:/rc/r: 0.368784315 0.000017381 0.631198304
JK:/rrc/c: 0.999938624 0.000061376 0.000000000
JK:/rrc/crr: 0.000000000 0.000030690 0.999969310
JK:/rrc/r: 0.302045267 0.000040918 0.697913816
JQ:/cc/c: 0.066095260 0.933904740 0.000000000
JQ:/cc/crr: 0.000000000 0.000054479 0.999945521
JQ:/cc/r: 0.033759212 0.000004801 0.966235987
JQ:/crc/c: 0.441652373 0.558347627 0.000000000
JQ:/crc/crr: 0.000000000 0.000018516 0.999981484
JQ:/crc/r: 0.000322794 0.000010903 0.999666303
JQ:/crrc/c: 0.013906947 0.986093053 0.000000000
JQ:/crrc/crr: 0.000000000 0.000294014 0.999705986
JQ:/crrc/r: 0.100101888 0.000005452 0.899892660
JQ:/rc/c: 0.999567895 0.000432105 0.000000000
JQ:/rc/crr: 0.000000000 0.000013041 0.999986959
JQ:/rc/r: 0.000017381 0.000017381 0.999965239
JQ:/rrc/c: 0.000061376 0.999938624 0.000000000
JQ:/rrc/crr: 0.000000000 0.500000000 0.500000000
JQ:/rrc/r: 0.590933947 0.000040918 0.409025136
K:/c: 0.999990000 0.000010000 0.000000000
K:/crr: 0.000000000 0.999995000 0.000005000
K:/r: 0.574828057 0.425165277 0.000006667
KJ:/cc/c: 0.500000000 0.500000000 0.000000000
KJ:/cc/crr: 0.000000000 0.500000000 0.500000000
KJ:/cc/r: 0.333333333 0.333333333 0.333333333
KJ:/crc/c: 0.068110013 0.931889987 0.000000000
KJ:/crc/crr: 0.000000000 0.999963294 0.000036706
KJ:/crc/r: 0.000006377 0.730076239 0.269917384
KJ:/crrc/c: 0.326883211 0.673116789 0.000000000
KJ:/crrc/crr: 0.000000000 0.656092346 0.343907654
KJ:/crrc/r: 0.030143474 0.829579271 0.140277256
KJ:/rc/c: 0.407601537 0.592398463 0.000000000
KJ:/rc/crr: 0.000000000 0.982839519 0.017160481
KJ:/rc/r: 0.067639975 0.703960071 0.228399954
KJ:/rrc/c: 0.179680646 0.820319354 0.000000000
KJ:/rrc/crr: 0.000000000 0.999983863 0.000016137
KJ:/rrc/r: 0.045958166 0.877445111 0.076596723
KK:/cc/c: 0.500000000 0.500000000 0.000000000
KK:/cc/crr: 0.000000000 0.500000000 0.500000000
KK:/cc/r: 0.333333333 0.333333333 0.333333333
KK:/crc/c: 0.999995000 0.000005000 0.000000000
KK:/crc/crr: 0.000000000 0.999997500 0.000002500
KK:/crc/r: 0.992761800 0.007234867 0.000003333
KK:/crrc/c: 0.999997500 0.000002500 0.000000000
KK:/crrc/crr: 0.000000000 0.999998750 0.000001250
KK:/crrc/r: 0.999695350 0.000302984 0.000001667
KK:/rc/c: 0.999992160 0.000007840 0.000000000
KK:/rc/crr: 0.000000000 0.999996080 0.000003920
KK:/rc/r: 0.999969373 0.000025400 0.000005227
KK:/rrc/c: 0.999994201 0.000005799 0.000000000
KK:/rrc/crr: 0.000000000 0.999997101 0.000002899
KK:/rrc/r: 0.996101432 0.003894703 0.000003866
KQ:/cc/c: 0.500000000 0.500000000 0.000000000
KQ:/cc/crr: 0.000000000 0.500000000 0.500000000
KQ:/cc/r: 0.333333333 0.333333333 0.333333333
KQ:/crc/c: 0.261068515 0.738931485 0.000000000
KQ:/crc/crr: 0.000000000 0.000376624 0.999623376
KQ:/crc/r: 0.000011030 0.446899864 0.553089106
KQ:/crrc/c: 0.648585933 0.351414067 0.000000000
KQ:/crrc/crr: 0.000000000 0.414411488 0.585588512
KQ:/crrc/r: 0.000021013 0.804383682 0.195595305
KQ:/rc/c: 0.000074997 0.999925003 0.000000000
KQ:/rc/crr: 0.000000000 0.052269604 0.947730396
KQ:/rc/r: 0.000006223 0.300608545 0.699385231
KQ:/rrc/c: 0.495526540 0.504473460 0.000000000
KQ:/rrc/crr: 0.000000000 0.479771115 0.520228885
KQ:/rrc/r: 0.004246337 0.672429439 0.323324224
Q:/c: 0.851924432 0.148075568 0.000000000
Q:/crr: 0.000000000 0.999994131 0.000005869
Q:/r: 0.357281822 0.642689302 0.000028876
QJ:/cc/c: 0.000033767 0.999966233 0.000000000
QJ:/cc/crr: 0.000000000 0.500000000 0.500000000
QJ:/cc/r: 0.000022511 0.000022511 0.999954978
QJ:/crc/c: 0.390538410 0.609461590 0.000000000
QJ:/crc/crr: 0.000000000 0.000439859 0.999560141
QJ:/crc/r: 0.000003913 0.000003913 0.999992175
QJ:/crrc/c: 0.000002935 0.999997065 0.000000000
QJ:/crrc/crr: 0.000000000 0.500000000 0.500000000
QJ:/crrc/r: 0.000003596 0.000001956 0.999994447
QJ:/rc/c: 0.000005187 0.999994813 0.000000000
QJ:/rc/crr: 0.000000000 0.500000000 0.500000000
QJ:/rc/r: 0.000023488 0.000003458 0.999973054
QJ:/rrc/c: 0.000009330 0.999990670 0.000000000
QJ:/rrc/crr: 0.000000000 0.500000000 0.500000000
QJ:/rrc/r: 0.000006220 0.000006220 0.999987560
QK:/cc/c: 0.001196780 0.998803220 0.000000000
QK:/cc/crr: 0.000000000 0.985892755 0.014107245
QK:/cc/r: 0.000022511 0.733937846 0.266039643
QK:/crc/c: 0.349344574 0.650655426 0.000000000
QK:/crc/crr: 0.000000000 0.000512569 0.999487431
QK:/crc/r: 0.000029924 0.514838018 0.485132058
QK:/crrc/c: 0.128674833 0.871325167 0.000000000
QK:/crrc/crr: 0.000000000 0.000011403 0.999988597
QK:/crrc/r: 0.000029324 0.253195736 0.746774939
QK:/rc/c: 0.361524065 0.638475935 0.000000000
QK:/rc/crr: 0.000000000 0.000263542 0.999736458
QK:/rc/r: 0.000004273 0.305312497 0.694683230
QK:/rrc/c: 0.421262600 0.578737400 0.000000000
QK:/rrc/crr: 0.000000000 0.034564771 0.965435229
QK:/rrc/r: 0.000008302 0.505033783 0.494957915
QQ:/cc/c: 0.999966233 0.000033767 0.000000000
QQ:/cc/crr: 0.000000000 0.999983116 0.000016884
QQ:/cc/r: 0.999938150 0.000039339 0.000022511
QQ:/crc/c: 0.999994131 0.000005869 0.000000000
QQ:/crc/crr: 0.000000000 0.999997065 0.000002935
QQ:/crc/r: 0.999946126 0.000049961 0.000003913
QQ:/crrc/c: 0.999997065 0.000002935 0.000000000
QQ:/crrc/crr: 0.000000000 0.999998533 0.000001467
QQ:/crrc/r: 0.999666293 0.000331751 0.000001956
QQ:/rc/c: 0.999994813 0.000005187 0.000000000
QQ:/rc/crr: 0.000000000 0.999997407 0.000002593
QQ:/rc/r: 0.999991057 0.000005485 0.000003458
QQ:/rrc/c: 0.999990670 0.000009330 0.000000000
QQ:/rrc/crr: 0.000000000 0.999995335 0.000004665
QQ:/rrc/r: 0.999979411 0.000014369 0.000006220
