J:/c: 0.290072045 0.709927955 0.000000000
J:/crr: 0.000000000 0.999982763 0.000017237
J:/r: 0.054028137 0.131099685 0.814872178
JJ:/cc/c: 0.999992957 0.000007043 0.000000000
JJ:/cc/crr: 0.000000000 0.999996478 0.000003522
JJ:/cc/r: 0.999986831 0.000008474 0.000004695
JJ:/crc/c: 0.999982763 0.000017237 0.000000000
JJ:/crc/crr: 0.000000000 0.999991381 0.000008619
JJ:/crc/r: 0.999977017 0.000011491 0.000011491
JJ:/crrc/c: 0.999991381 0.000008619 0.000000000
JJ:/crrc/crr: 0.000000000 0.999995691 0.000004309
JJ:/crrc/r: 0.999988508 0.000005746 0.000005746
JJ:/rc/c: 0.999974574 0.000025426 0.000000000
JJ:/rc/crr: 0.000000000 0.999987287 0.000012713
JJ:/rc/r: 0.999957891 0.000025158 0.000016951
JJ:/rrc/c: 0.999938304 0.000061696 0.000000000
JJ:/rrc/crr: 0.000000000 0.999969150 0.000030850
JJ:/rrc/r: 0.999766496 0.000192373 0.000041131
JK:/cc/c: 0.005352578 0.994647422 0.000000000
JK:/cc/crr: 0.000000000 0.000657904 0.999342096
JK:/cc/r: 0.000013467 0.000004695 0.999981838
JK:/crc/c: 0.529201148 0.470798852 0.000000000
JK:/crc/crr: 0.000000000 0.000016286 0.999983714
JK:/crc/r: 0.101615787 0.000011491 0.898372722
JK:/crrc/c: 0.529512149 0.470487851 0.000000000
JK:/crrc/crr: 0.000000000 0.000008138 0.999991862
JK:/crrc/r: 0.166238459 0.000005746 0.833755795
JK:/rc/c: 0.388105977 0.611894023 0.000000000
JK:/rc/crr: 0.000000000 0.000032756 0.999967244
JK:/rc/r: 0.358183132 0.000016951 0.641799918
JK:/rrc/c: 0.999830334 0.000169666 0.000000000
JK:/rrc/crr: 0.000000000 0.000030853 0.999969147
JK:/rrc/r: 0.292350249 0.000041131 0.707608620
JQ:/cc/c: 0.066793435 0.933206565 0.000000000
JQ:/cc/crr: 0.000000000 0.000052722 0.999947278
JQ:/cc/r: 0.037296149 0.000004695 0.962699155
JQ:/crc/c: 0.597140542 0.402859458 0.000000000
JQ:/crc/crr: 0.000000000 0.000014433 0.999985567
JQ:/crc/r: 0.025292329 0.000011491 0.974696180
JQ:/crrc/c: 0.078042997 0.921957003 0.000000000
JQ:/crrc/crr: 0.000000000 0.000055218 0.999944782
JQ:/crrc/r: 0.254937056 0.000005746 0.745057199
JQ:/rc/c: 0.986619774 0.013380226 0.000000000
JQ:/rc/crr: 0.000000000 0.000012885 0.999987115
JQ:/rc/r: 0.000033303 0.000016951 0.999949746
JQ:/rrc/c: 0.018878748 0.981121252 0.000000000
JQ:/rrc/crr: 0.000000000 0.001634013 0.998365987
JQ:/rrc/r: 0.418907276 0.000041131 0.581051593
K:/c: 0.999969486 0.000030514 0.000000000
K:/crr: 0.000000000 0.999995000 0.000005000
K:/r: 0.564512460 0.435480874 0.000006667
KJ:/cc/c: 0.387524568 0.612475432 0.000000000
KJ:/cc/crr: 0.000000000 0.788585559 0.211414441
KJ:/cc/r: 0.535174249 0.226587397 0.238238354
KJ:/crc/c: 0.104737876 0.895262124 0.000000000
KJ:/crc/crr: 0.000000000 0.999976130 0.000023870
KJ:/crc/r: 0.000122672 0.722407537 0.277469791
KJ:/crrc/c: 0.320835059 0.679164941 0.000000000
KJ:/crrc/crr: 0.000000000 0.999996104 0.000003896
KJ:/crrc/r: 0.057395165 0.772955594 0.169649241
KJ:/rc/c: 0.476813923 0.523186077 0.000000000
KJ:/rc/crr: 0.000000000 0.837796708 0.162203292
KJ:/rc/r: 0.056043899 0.756359146 0.187596955
KJ:/rrc/c: 0.476998078 0.523001922 0.000000000
KJ:/rrc/crr: 0.000000000 0.999993810 0.000006190
KJ:/rrc/r: 0.034429763 0.904914346 0.060655892
KK:/cc/c: 0.836143420 0.163856580 0.000000000
KK:/cc/crr: 0.000000000 0.902016463 0.097983537
KK:/cc/r: 0.576362621 0.314399659 0.109237720
KK:/crc/c: 0.999995000 0.000005000 0.000000000
KK:/crc/crr: 0.000000000 0.999997500 0.000002500
KK:/crc/r: 0.915501169 0.084495498 0.000003333
KK:/crrc/c: 0.999997500 0.000002500 0.000000000
KK:/crrc/crr: 0.000000000 0.999998750 0.000001250
KK:/crrc/r: 0.999964997 0.000033336 0.000001667
KK:/rc/c: 0.999992346 0.000007654 0.000000000
KK:/rc/crr: 0.000000000 0.999996173 0.000003827
KK:/rc/r: 0.999979110 0.000015787 0.000005103
KK:/rrc/c: 0.999994095 0.000005905 0.000000000
KK:/rrc/crr: 0.000000000 0.999997048 0.000002952
KK:/rrc/r: 0.999917795 0.000078269 0.000003937
KQ:/cc/c: 0.836143420 0.163856580 0.000000000
KQ:/cc/crr: 0.000000000 0.902016463 0.097983537
KQ:/cc/r: 0.521132519 0.344120730 0.134746751
KQ:/crc/c: 0.055872201 0.944127799 0.000000000
KQ:/crc/crr: 0.000000000 0.003394471 0.996605529
KQ:/crc/r: 0.000043110 0.441297866 0.558659024
KQ:/crrc/c: 0.571232530 0.428767470 0.000000000
KQ:/crrc/crr: 0.000000000 0.379328212 0.620671788
KQ:/crrc/r: 0.000324053 0.632214663 0.367461284
KQ:/rc/c: 0.000853981 0.999146019 0.000000000
KQ:/rc/crr: 0.000000000 0.065302408 0.934697592
KQ:/rc/r: 0.000024175 0.297977654 0.701998171
KQ:/rrc/c: 0.489480653 0.510519347 0.000000000
KQ:/rrc/crr: 0.000000000 0.454243241 0.545756759
KQ:/rrc/r: 0.083447915 0.544499135 0.372052950
Q:/c: 0.850571436 0.149428564 0.000000000
Q:/crr: 0.000000000 0.999994122 0.000005878
Q:/r: 0.352591918 0.647359118 0.000048964
QJ:/cc/c: 0.000254261 0.999745739 0.000000000
QJ:/cc/crr: 0.000000000 0.065800168 0.934199832
QJ:/cc/r: 0.000027346 0.000022307 0.999950346
QJ:/crc/c: 0.394269253 0.605730747 0.000000000
QJ:/crc/crr: 0.000000000 0.016378641 0.983621359
QJ:/crc/r: 0.000003919 0.000003919 0.999992162
QJ:/crrc/c: 0.000002939 0.999997061 0.000000000
QJ:/crrc/crr: 0.000000000 0.500000000 0.500000000
QJ:/crrc/r: 0.017488141 0.000001959 0.982509899
QJ:/rc/c: 0.000166740 0.999833260 0.000000000
QJ:/rc/crr: 0.000000000 0.015440619 0.984559381
QJ:/rc/r: 0.005861540 0.000003433 0.994135027
QJ:/rrc/c: 0.000231078 0.999768922 0.000000000
QJ:/rrc/crr: 0.000000000 0.036143576 0.963856424
QJ:/rrc/r: 0.000076552 0.000006303 0.999917145
QK:/cc/c: 0.192398773 0.807601227 0.000000000
QK:/cc/crr: 0.000000000 0.999913043 0.000086957
QK:/cc/r: 0.000278477 0.735306650 0.264414873
QK:/crc/c: 0.366418153 0.633581847 0.000000000
QK:/crc/crr: 0.000000000 0.008195262 0.991804738
QK:/crc/r: 0.000227728 0.420221935 0.579550337
QK:/crrc/c: 0.052654921 0.947345079 0.000000000
QK:/crrc/crr: 0.000000000 0.008326856 0.991673144
QK:/crrc/r: 0.000034522 0.293766640 0.706198838
QK:/rc/c: 0.385088330 0.614911670 0.000000000
QK:/rc/crr: 0.000000000 0.005433658 0.994566342
QK:/rc/r: 0.000008094 0.321510842 0.678481064
QK:/rrc/c: 0.423200845 0.576799155 0.000000000
QK:/rrc/crr: 0.000000000 0.062580986 0.937419014
QK:/rrc/r: 0.000079537 0.516416059 0.483504404
QQ:/cc/c: 0.999966539 0.000033461 0.000000000
QQ:/cc/crr: 0.000000000 0.999983269 0.000016731
QQ:/cc/r: 0.999914619 0.000063074 0.000022307
QQ:/crc/c: 0.999994122 0.000005878 0.000000000
QQ:/crc/crr: 0.000000000 0.999997061 0.000002939
QQ:/crc/r: 0.794162093 0.205833988 0.000003919
QQ:/crrc/c: 0.999997061 0.000002939 0.000000000
QQ:/crrc/crr: 0.000000000 0.999998530 0.000001470
QQ:/crrc/r: 0.999996081 0.000001959 0.000001959
QQ:/rc/c: 0.999994851 0.000005149 0.000000000
QQ:/rc/crr: 0.000000000 0.999997425 0.000002575
QQ:/rc/r: 0.999975439 0.000021128 0.000003433
QQ:/rrc/c: 0.999990546 0.000009454 0.000000000
QQ:/rrc/crr: 0.000000000 0.999995273 0.000004727
QQ:/rrc/r: 0.999958937 0.000034760 0.000006303
