J:/c: 0.316888920 0.683111080 0.000000000
J:/crr: 0.000000000 0.999984222 0.000015778
J:/r: 0.054639166 0.125592912 0.819767922
JJ:/cc/c: 0.999992681 0.000007319 0.000000000
JJ:/cc/crr: 0.000000000 0.999996340 0.000003660
JJ:/cc/r: 0.999990241 0.000004880 0.000004880
JJ:/crc/c: 0.999984222 0.000015778 0.000000000
JJ:/crc/crr: 0.000000000 0.999992111 0.000007889
JJ:/crc/r: 0.998992539 0.000996942 0.000010519
JJ:/crrc/c: 0.999992111 0.000007889 0.000000000
JJ:/crrc/crr: 0.000000000 0.999996055 0.000003945
JJ:/crrc/r: 0.999962821 0.000031919 0.000005260
JJ:/rc/c: 0.999973459 0.000026541 0.000000000
JJ:/rc/crr: 0.000000000 0.999986729 0.000013271
JJ:/rc/r: 0.999964612 0.000017694 0.000017694
JJ:/rrc/c: 0.999938994 0.000061006 0.000000000
JJ:/rrc/crr: 0.000000000 0.999969495 0.000030505
JJ:/rrc/r: 0.999918658 0.000040671 0.000040671
JK:/cc/c: 0.008776011 0.991223989 0.000000000
JK:/cc/crr: 0.000000000 0.011661414 0.988338586
JK:/cc/r: 0.000004880 0.000004880 0.999990241
JK:/crc/c: 0.496698152 0.503301848 0.000000000
JK:/crc/crr: 0.000000000 0.000015883 0.999984117
JK:/crc/r: 0.022153348 0.000010519 0.977836133
JK:/crrc/c: 0.249141258 0.750858742 0.000000000
JK:/crrc/crr: 0.000000000 0.000015833 0.999984167
JK:/crrc/r: 0.249357435 0.000005260 0.750637306
JK:/rc/c: 0.392043040 0.607956960 0.000000000
JK:/rc/crr: 0.000000000 0.000033849 0.999966151
JK:/rc/r: 0.363260310 0.000017694 0.636721996
JK:/rrc/c: 0.999938994 0.000061006 0.000000000
JK:/rrc/crr: 0.000000000 0.000030505 0.999969495
JK:/rrc/r: 0.331875853 0.000040671 0.668083476
JQ:/cc/c: 0.073889158 0.926110842 0.000000000
JQ:/cc/crr: 0.000000000 0.000049530 0.999950470
JQ:/cc/r: 0.037583796 0.000004880 0.962411324
JQ:/crc/c: 0.573226507 0.426773493 0.000000000
JQ:/crc/crr: 0.000000000 0.000013763 0.999986237
JQ:/crc/r: 0.048895432 0.000010519 0.951094049
JQ:/crrc/c: 0.012397569 0.987602431 0.000000000
JQ:/crrc/crr: 0.000000000 0.000318180 0.999681820
JQ:/crrc/r: 0.000080675 0.000005260 0.999914065
JQ:/rc/c: 0.998713764 0.001286236 0.000000000
JQ:/rc/crr: 0.000000000 0.000013287 0.999986713
JQ:/rc/r: 0.000017694 0.000017694 0.999964612
JQ:/rrc/c: 0.003268895 0.996731105 0.000000000
JQ:/rrc/crr: 0.000000000 0.009331334 0.990668666
JQ:/rrc/r: 0.483932894 0.000040671 0.516026435
K:/c: 0.999947034 0.000052966 0.000000000
K:/crr: 0.000000000 0.999995000 0.000005000
K:/r: 0.583279995 0.416713338 0.000006667
KJ:/cc/c: 0.094400665 0.905599335 0.000000000
KJ:/cc/crr: 0.000000000 0.500000000 0.500000000
KJ:/cc/r: 0.062933777 0.062933777 0.874132446
KJ:/crc/c: 0.132049916 0.867950084 0.000000000
KJ:/crc/crr: 0.000000000 0.999981067 0.000018933
KJ:/crc/r: 0.000021394 0.722920089 0.277058517
KJ:/crrc/c: 0.385279487 0.614720513 0.000000000
KJ:/crrc/crr: 0.000000000 0.999996755 0.000003245
KJ:/crrc/r: 0.025663517 0.874795148 0.099541335
KJ:/rc/c: 0.402171544 0.597828456 0.000000000
KJ:/rc/crr: 0.000000000 0.607873153 0.392126847
KJ:/rc/r: 0.003504895 0.792577612 0.203917493
KJ:/rrc/c: 0.079582754 0.920417246 0.000000000
KJ:/rrc/crr: 0.000000000 0.999964095 0.000035905
KJ:/rrc/r: 0.012222476 0.942457028 0.045320496
KK:/cc/c: 0.905599335 0.094400665 0.000000000
KK:/cc/crr: 0.000000000 0.947879453 0.052120547
KK:/cc/r: 0.874132446 0.062933777 0.062933777
KK:/crc/c: 0.999995000 0.000005000 0.000000000
KK:/crc/crr: 0.000000000 0.999997500 0.000002500
KK:/crc/r: 0.967232677 0.032763989 0.000003334
KK:/crrc/c: 0.999997500 0.000002500 0.000000000
KK:/crrc/crr: 0.000000000 0.999998750 0.000001250
KK:/crrc/r: 0.999926495 0.000071839 0.000001667
KK:/rc/c: 0.999992001 0.000007999 0.000000000
KK:/rc/crr: 0.000000000 0.999996000 0.000004000
KK:/rc/r: 0.999975218 0.000019449 0.000005333
KK:/rrc/c: 0.999994285 0.000005715 0.000000000
KK:/rrc/crr: 0.000000000 0.999997143 0.000002857
KK:/rrc/r: 0.997247941 0.002748249 0.000003810
KQ:/cc/c: 0.094400665 0.905599335 0.000000000
KQ:/cc/crr: 0.000000000 0.500000000 0.500000000
KQ:/cc/r: 0.062933777 0.874132446 0.062933777
KQ:/crc/c: 0.020105669 0.979894331 0.000000000
KQ:/crc/crr: 0.000000000 0.004730850 0.995269150
KQ:/crc/r: 0.000016518 0.435712910 0.564270572
KQ:/crrc/c: 0.659577505 0.340422495 0.000000000
KQ:/crrc/crr: 0.000000000 0.433251141 0.566748859
KQ:/crrc/r: 0.000043695 0.937066100 0.062890205
KQ:/rc/c: 0.000045732 0.999954268 0.000000000
KQ:/rc/crr: 0.000000000 0.087456573 0.912543427
KQ:/rc/r: 0.000010619 0.296049219 0.703940161
KQ:/rrc/c: 0.505332014 0.494667986 0.000000000
KQ:/rrc/crr: 0.000000000 0.458356647 0.541643353
KQ:/rrc/r: 0.058336341 0.583979167 0.357684492
Q:/c: 0.846648588 0.153351412 0.000000000
Q:/crr: 0.000000000 0.999994094 0.000005906
Q:/r: 0.366584498 0.633382843 0.000032659
QJ:/cc/c: 0.000032605 0.999967395 0.000000000
QJ:/cc/crr: 0.000000000 0.500000000 0.500000000
QJ:/cc/r: 0.000021737 0.000021737 0.999956527
QJ:/crc/c: 0.439261468 0.560738532 0.000000000
QJ:/crc/crr: 0.000000000 0.000048362 0.999951638
QJ:/crc/r: 0.000019161 0.000003937 0.999976902
QJ:/crrc/c: 0.000002953 0.999997047 0.000000000
QJ:/crrc/crr: 0.000000000 0.500000000 0.500000000
QJ:/crrc/r: 0.000001969 0.000001969 0.999996063
QJ:/rc/c: 0.000048517 0.999951483 0.000000000
QJ:/rc/crr: 0.000000000 0.054236245 0.945763755
QJ:/rc/r: 0.000003508 0.000003508 0.999992983
QJ:/rrc/c: 0.000009093 0.999990907 0.000000000
QJ:/rrc/crr: 0.000000000 0.500000000 0.500000000
QJ:/rrc/r: 0.000033977 0.000006062 0.999959961
QK:/cc/c: 0.023815907 0.976184093 0.000000000
QK:/cc/crr: 0.000000000 0.999315482 0.000684518
QK:/cc/r: 0.000061295 0.727897710 0.272040995
QK:/crc/c: 0.329478332 0.670521668 0.000000000
QK:/crc/crr: 0.000000000 0.000801462 0.999198538
QK:/crc/r: 0.000023020 0.467616674 0.532360307
QK:/crrc/c: 0.334308809 0.665691191 0.000000000
QK:/crrc/crr: 0.000000000 0.000442769 0.999557231
QK:/crrc/r: 0.000022758 0.254060075 0.745917168
QK:/rc/c: 0.364340033 0.635659967 0.000000000
QK:/rc/crr: 0.000000000 0.000201501 0.999798499
QK:/rc/r: 0.000004212 0.310255725 0.689740063
QK:/rrc/c: 0.432307674 0.567692326 0.000000000
QK:/rrc/crr: 0.000000000 0.000074071 0.999925929
QK:/rrc/r: 0.000044308 0.480491688 0.519464004
QQ:/cc/c: 0.999967395 0.000032605 0.000000000
QQ:/cc/crr: 0.000000000 0.999983697 0.000016303
QQ:/cc/r: 0.998003883 0.001974380 0.000021737
QQ:/crc/c: 0.999994094 0.000005906 0.000000000
QQ:/crc/crr: 0.000000000 0.999997047 0.000002953
QQ:/crc/r: 0.999948235 0.000047828 0.000003937
QQ:/crrc/c: 0.999997047 0.000002953 0.000000000
QQ:/crrc/crr: 0.000000000 0.999998524 0.000001476
QQ:/crrc/r: 0.999988225 0.000009806 0.000001969
QQ:/rc/c: 0.999994737 0.000005263 0.000000000
QQ:/rc/crr: 0.000000000 0.999997369 0.000002631
QQ:/rc/r: 0.999992572 0.000003919 0.000003508
QQ:/rrc/c: 0.999990907 0.000009093 0.000000000
QQ:/rrc/crr: 0.000000000 0.999995453 0.000004547
QQ:/rrc/r: 0.999963640 0.000030298 0.000006062
