J:/c: 0.303307300 0.696692700 0.000000000
J:/crr: 0.000000000 0.999983515 0.000016485
J:/r: 0.055163081 0.129400467 0.815436451
JJ:/cc/c: 0.999992823 0.000007177 0.000000000
JJ:/cc/crr: 0.000000000 0.999996412 0.000003588
JJ:/cc/r: 0.999990431 0.000004785 0.000004785
JJ:/crc/c: 0.999983515 0.000016485 0.000000000
JJ:/crc/crr: 0.000000000 0.999991757 0.000008243
JJ:/crc/r: 0.999875238 0.000113772 0.000010990
JJ:/crrc/c: 0.999991757 0.000008243 0.000000000
JJ:/crrc/crr: 0.000000000 0.999995879 0.000004121
JJ:/crrc/r: 0.999975755 0.000018750 0.000005495
JJ:/rc/c: 0.999974240 0.000025760 0.000000000
JJ:/rc/crr: 0.000000000 0.999987120 0.000012880
JJ:/rc/r: 0.999956341 0.000026486 0.000017173
JJ:/rrc/c: 0.999939573 0.000060427 0.000000000
JJ:/rrc/crr: 0.000000000 0.999969785 0.000030215
JJ:/rrc/r: 0.999805820 0.000153896 0.000040285
JK:/cc/c: 0.003005298 0.996994702 0.000000000
JK:/cc/crr: 0.000000000 0.001194019 0.998805981
JK:/cc/r: 0.000004785 0.000004785 0.999990431
JK:/crc/c: 0.538588834 0.461411166 0.000000000
JK:/crc/crr: 0.000000000 0.000015304 0.999984696
JK:/crc/r: 0.027175513 0.000010990 0.972813497
JK:/crrc/c: 0.392651630 0.607348370 0.000000000
JK:/crrc/crr: 0.000000000 0.000010496 0.999989504
JK:/crrc/r: 0.186933642 0.000005495 0.813060863
JK:/rc/c: 0.377324115 0.622675885 0.000000000
JK:/rc/crr: 0.000000000 0.000034135 0.999965865
JK:/rc/r: 0.357821654 0.000017173 0.642161173
JK:/rrc/c: 0.999897194 0.000102806 0.000000000
JK:/rrc/crr: 0.000000000 0.000030217 0.999969783
JK:/rrc/r: 0.282247433 0.000040285 0.717712282
JQ:/cc/c: 0.072261290 0.927738710 0.000000000
JQ:/cc/crr: 0.000000000 0.000049658 0.999950342
JQ:/cc/r: 0.034615433 0.000004785 0.965379783
JQ:/crc/c: 0.400457084 0.599542916 0.000000000
JQ:/crc/crr: 0.000000000 0.000020583 0.999979417
JQ:/crc/r: 0.069361009 0.000010990 0.930628001
JQ:/crrc/c: 0.043476942 0.956523058 0.000000000
JQ:/crrc/crr: 0.000000000 0.000094793 0.999905207
JQ:/crrc/r: 0.176543119 0.000005495 0.823451386
JQ:/rc/c: 0.997741713 0.002258287 0.000000000
JQ:/rc/crr: 0.000000000 0.000012909 0.999987091
JQ:/rc/r: 0.000017173 0.000017173 0.999965654
JQ:/rrc/c: 0.016910855 0.983089145 0.000000000
JQ:/rrc/crr: 0.000000000 0.001786630 0.998213370
JQ:/rrc/r: 0.385433746 0.000040285 0.614525969
K:/c: 0.999877120 0.000122880 0.000000000
K:/crr: 0.000000000 0.999994999 0.000005001
K:/r: 0.572459026 0.427534308 0.000006667
KJ:/cc/c: 0.041732892 0.958267108 0.000000000
KJ:/cc/crr: 0.000000000 0.512493764 0.487506236
KJ:/cc/r: 0.127822067 0.056739346 0.815438588
KJ:/crc/c: 0.133494999 0.866505001 0.000000000
KJ:/crc/crr: 0.000000000 0.999981270 0.000018730
KJ:/crc/r: 0.000034963 0.741299232 0.258665806
KJ:/crrc/c: 0.383387569 0.616612431 0.000000000
KJ:/crrc/crr: 0.000000000 0.999996739 0.000003261
KJ:/crrc/r: 0.000001667 0.915659613 0.084338720
KJ:/rc/c: 0.461869192 0.538130808 0.000000000
KJ:/rc/crr: 0.000000000 0.692939821 0.307060179
KJ:/rc/r: 0.031645999 0.741451314 0.226902687
KJ:/rrc/c: 0.135338849 0.864661151 0.000000000
KJ:/rrc/crr: 0.000000000 0.999978488 0.000021512
KJ:/rrc/r: 0.038560094 0.890506291 0.070933616
KK:/cc/c: 0.959309910 0.040690090 0.000000000
KK:/cc/crr: 0.000000000 0.978792000 0.021208000
KK:/cc/r: 0.905550997 0.067322277 0.027126727
KK:/crc/c: 0.999994999 0.000005001 0.000000000
KK:/crc/crr: 0.000000000 0.999997500 0.000002500
KK:/crc/r: 0.999986323 0.000010344 0.000003334
KK:/crrc/c: 0.999997500 0.000002500 0.000000000
KK:/crrc/crr: 0.000000000 0.999998750 0.000001250
KK:/crrc/r: 0.999993901 0.000004432 0.000001667
KK:/rc/c: 0.999992203 0.000007797 0.000000000
KK:/rc/crr: 0.000000000 0.999996102 0.000003898
KK:/rc/r: 0.999981249 0.000013554 0.000005198
KK:/rrc/c: 0.999994177 0.000005823 0.000000000
KK:/rrc/crr: 0.000000000 0.999997089 0.000002911
KK:/rrc/r: 0.999859497 0.000136621 0.000003882
KQ:/cc/c: 0.205262648 0.794737352 0.000000000
KQ:/cc/crr: 0.000000000 0.900882868 0.099117132
KQ:/cc/r: 0.122920523 0.849717264 0.027362214
KQ:/crc/c: 0.212433990 0.787566010 0.000000000
KQ:/crc/crr: 0.000000000 0.113055250 0.886944750
KQ:/crc/r: 0.000015297 0.428090997 0.571893707
KQ:/crrc/c: 0.599289032 0.400710968 0.000000000
KQ:/crrc/crr: 0.000000000 0.411076891 0.588923109
KQ:/crrc/r: 0.000386054 0.755643483 0.243970463
KQ:/rc/c: 0.000549087 0.999450913 0.000000000
KQ:/rc/crr: 0.000000000 0.007099651 0.992900349
KQ:/rc/r: 0.000018714 0.302765564 0.697215722
KQ:/rrc/c: 0.495683601 0.504316399 0.000000000
KQ:/rrc/crr: 0.000000000 0.578930216 0.421069784
KQ:/rrc/r: 0.088125634 0.538188336 0.373686031
Q:/c: 0.848649418 0.151350582 0.000000000
Q:/crr: 0.000000000 0.999994108 0.000005892
Q:/r: 0.351941744 0.647992789 0.000065467
QJ:/cc/c: 0.000442440 0.999557560 0.000000000
QJ:/cc/crr: 0.000000000 0.037333711 0.962666289
QJ:/cc/r: 0.000022024 0.000022024 0.999955952
QJ:/crc/c: 0.458239493 0.541760507 0.000000000
QJ:/crc/crr: 0.000000000 0.031938568 0.968061432
QJ:/crc/r: 0.000263274 0.000003928 0.999732799
QJ:/crrc/c: 0.000061854 0.999938146 0.000000000
QJ:/crrc/crr: 0.000000000 0.023813291 0.976186709
QJ:/crrc/r: 0.013219894 0.000001964 0.986778142
QJ:/rc/c: 0.000040851 0.999959149 0.000000000
QJ:/rc/crr: 0.000000000 0.062961956 0.937038044
QJ:/rc/r: 0.020483511 0.000003429 0.979513060
QJ:/rrc/c: 0.000146377 0.999853623 0.000000000
QJ:/rrc/crr: 0.000000000 0.032352317 0.967647683
QJ:/rrc/r: 0.000089270 0.000006314 0.999904416
QK:/cc/c: 0.077652775 0.922347225 0.000000000
QK:/cc/crr: 0.000000000 0.999787285 0.000212715
QK:/cc/r: 0.000094484 0.725012153 0.274893363
QK:/crc/c: 0.293211476 0.706788524 0.000000000
QK:/crc/crr: 0.000000000 0.003555102 0.996444898
QK:/crc/r: 0.000131521 0.445200019 0.554668461
QK:/crrc/c: 0.220599446 0.779400554 0.000000000
QK:/crrc/crr: 0.000000000 0.001417593 0.998582407
QK:/crrc/r: 0.000045206 0.282504334 0.717450459
QK:/rc/c: 0.370040179 0.629959821 0.000000000
QK:/rc/crr: 0.000000000 0.005926087 0.994073913
QK:/rc/r: 0.000013972 0.318441721 0.681544307
QK:/rrc/c: 0.423119755 0.576880245 0.000000000
QK:/rrc/crr: 0.000000000 0.038335354 0.961664646
QK:/rrc/r: 0.000078616 0.501878395 0.498042989
QQ:/cc/c: 0.999966964 0.000033036 0.000000000
QQ:/cc/crr: 0.000000000 0.999983482 0.000016518
QQ:/cc/r: 0.999935192 0.000042784 0.000022024
QQ:/crc/c: 0.999994108 0.000005892 0.000000000
QQ:/crc/crr: 0.000000000 0.999997054 0.000002946
QQ:/crc/r: 0.999961100 0.000034972 0.000003928
QQ:/crrc/c: 0.999997054 0.000002946 0.000000000
QQ:/crrc/crr: 0.000000000 0.999998527 0.000001473
QQ:/crrc/r: 0.999996072 0.000001964 0.000001964
QQ:/rc/c: 0.999994856 0.000005144 0.000000000
QQ:/rc/crr: 0.000000000 0.999997428 0.000002572
QQ:/rc/r: 0.999992469 0.000004101 0.000003429
QQ:/rrc/c: 0.999990529 0.000009471 0.000000000
QQ:/rrc/crr: 0.000000000 0.999995264 0.000004736
QQ:/rrc/r: 0.999959234 0.000034451 0.000006314
