J:/c: 0.296485964 0.703514036 0.000000000
J:/crr: 0.000000000 0.999983136 0.000016864
J:/r: 0.055640875 0.127784517 0.816574608
JJ:/cc/c: 0.999992893 0.000007107 0.000000000
JJ:/cc/crr: 0.000000000 0.999996446 0.000003554
JJ:/cc/r: 0.999990524 0.000004738 0.000004738
JJ:/crc/c: 0.999983136 0.000016864 0.000000000
JJ:/crc/crr: 0.000000000 0.999991568 0.000008432
JJ:/crc/r: 0.999880962 0.000107795 0.000011243
JJ:/crrc/c: 0.999991568 0.000008432 0.000000000
JJ:/crrc/crr: 0.000000000 0.999995784 0.000004216
JJ:/crrc/r: 0.999972467 0.000021911 0.000005621
JJ:/rc/c: 0.999973914 0.000026086 0.000000000
JJ:/rc/crr: 0.000000000 0.999986957 0.000013043
JJ:/rc/r: 0.999964666 0.000017943 0.000017390
JJ:/rrc/c: 0.999940092 0.000059908 0.000000000
JJ:/rrc/crr: 0.000000000 0.999970044 0.000029956
JJ:/rrc/r: 0.999847423 0.000112638 0.000039939
JK:/cc/c: 0.009767077 0.990232923 0.000000000
JK:/cc/crr: 0.000000000 0.000363833 0.999636167
JK:/cc/r: 0.000004738 0.000004738 0.999990524
JK:/crc/c: 0.521251288 0.478748712 0.000000000
JK:/crc/crr: 0.000000000 0.000016177 0.999983823
JK:/crc/r: 0.034736422 0.000011243 0.965252336
JK:/crrc/c: 0.359124426 0.640875574 0.000000000
JK:/crrc/crr: 0.000000000 0.000011740 0.999988260
JK:/crrc/r: 0.191367137 0.000005621 0.808627241
JK:/rc/c: 0.381288636 0.618711364 0.000000000
JK:/rc/crr: 0.000000000 0.000034207 0.999965793
JK:/rc/r: 0.362935554 0.000017390 0.637047055
JK:/rrc/c: 0.999940092 0.000059908 0.000000000
JK:/rrc/crr: 0.000000000 0.000029956 0.999970044
JK:/rrc/r: 0.294816261 0.000039939 0.705143800
JQ:/cc/c: 0.070492045 0.929507955 0.000000000
JQ:/cc/crr: 0.000000000 0.000050411 0.999949589
JQ:/cc/r: 0.034298245 0.000004738 0.965697017
JQ:/crc/c: 0.446692345 0.553307655 0.000000000
JQ:/crc/crr: 0.000000000 0.000018877 0.999981123
JQ:/crc/r: 0.026301366 0.000011243 0.973687391
JQ:/crrc/c: 0.042080699 0.957919301 0.000000000
JQ:/crrc/crr: 0.000000000 0.000100191 0.999899809
JQ:/crrc/r: 0.160961495 0.000005621 0.839032884
JQ:/rc/c: 0.996209712 0.003790288 0.000000000
JQ:/rc/crr: 0.000000000 0.000013092 0.999986908
JQ:/rc/r: 0.000017390 0.000017390 0.999965219
JQ:/rrc/c: 0.001681170 0.998318830 0.000000000
JQ:/rrc/crr: 0.000000000 0.017817350 0.982182650
JQ:/rrc/r: 0.426202692 0.000039939 0.573757369
K:/c: 0.999969880 0.000030120 0.000000000
K:/crr: 0.000000000 0.999995000 0.000005000
K:/r: 0.580533288 0.419460045 0.000006667
KJ:/cc/c: 0.166000571 0.833999429 0.000000000
KJ:/cc/crr: 0.000000000 0.500000000 0.500000000
KJ:/cc/r: 0.488337777 0.242135524 0.269526699
KJ:/crc/c: 0.193976165 0.806023835 0.000000000
KJ:/crc/crr: 0.000000000 0.999987111 0.000012889
KJ:/crc/r: 0.000033857 0.735686068 0.264280075
KJ:/crrc/c: 0.328132626 0.671867374 0.000000000
KJ:/crrc/crr: 0.000000000 0.726890859 0.273109141
KJ:/crrc/r: 0.041861806 0.814870819 0.143267375
KJ:/rc/c: 0.440319308 0.559680692 0.000000000
KJ:/rc/crr: 0.000000000 0.868549954 0.131450046
KJ:/rc/r: 0.060083473 0.700696861 0.239219666
KJ:/rrc/c: 0.154271787 0.845728213 0.000000000
KJ:/rrc/crr: 0.000000000 0.999981390 0.000018610
KJ:/rrc/r: 0.040295059 0.888674336 0.071030604
KK:/cc/c: 0.833999429 0.166000571 0.000000000
KK:/cc/crr: 0.000000000 0.900479206 0.099520794
KK:/cc/r: 0.679233097 0.210099856 0.110667048
KK:/crc/c: 0.999995000 0.000005000 0.000000000
KK:/crc/crr: 0.000000000 0.999997500 0.000002500
KK:/crc/r: 0.962452529 0.037544138 0.000003333
KK:/crrc/c: 0.999997500 0.000002500 0.000000000
KK:/crrc/crr: 0.000000000 0.999998750 0.000001250
KK:/crrc/r: 0.999992995 0.000005338 0.000001667
KK:/rc/c: 0.999992053 0.000007947 0.000000000
KK:/rc/crr: 0.000000000 0.999996027 0.000003973
KK:/rc/r: 0.999981144 0.000013559 0.000005298
KK:/rrc/c: 0.999994258 0.000005742 0.000000000
KK:/rrc/crr: 0.000000000 0.999997129 0.000002871
KK:/rrc/r: 0.999582220 0.000413952 0.000003828
KQ:/cc/c: 0.493037348 0.506962652 0.000000000
KQ:/cc/crr: 0.000000000 0.831655176 0.168344824
KQ:/cc/r: 0.464234059 0.424597705 0.111168236
KQ:/crc/c: 0.296682635 0.703317365 0.000000000
KQ:/crc/crr: 0.000000000 0.001750730 0.998249270
KQ:/crc/r: 0.000010104 0.440837833 0.559152063
KQ:/crrc/c: 0.606553867 0.393446133 0.000000000
KQ:/crrc/crr: 0.000000000 0.384974965 0.615025035
KQ:/crrc/r: 0.000004268 0.723179762 0.276815970
KQ:/rc/c: 0.000206251 0.999793749 0.000000000
KQ:/rc/crr: 0.000000000 0.019264718 0.980735282
KQ:/rc/r: 0.000016780 0.303847748 0.696135471
KQ:/rrc/c: 0.526624125 0.473375875 0.000000000
KQ:/rrc/crr: 0.000000000 0.494138128 0.505861872
KQ:/rrc/r: 0.076561671 0.557724096 0.365714233
Q:/c: 0.846426237 0.153573763 0.000000000
Q:/crr: 0.000000000 0.999994093 0.000005907
Q:/r: 0.361785195 0.638175476 0.000039329
QJ:/cc/c: 0.000040922 0.999959078 0.000000000
QJ:/cc/crr: 0.000000000 0.397796544 0.602203456
QJ:/cc/r: 0.000021705 0.000021705 0.999956590
QJ:/crc/c: 0.405127414 0.594872586 0.000000000
QJ:/crc/crr: 0.000000000 0.032909591 0.967090409
QJ:/crc/r: 0.000181617 0.000003938 0.999814445
QJ:/crrc/c: 0.000036581 0.999963419 0.000000000
QJ:/crrc/crr: 0.000000000 0.040371185 0.959628815
QJ:/crrc/r: 0.028641764 0.000001969 0.971356267
QJ:/rc/c: 0.000014570 0.999985430 0.000000000
QJ:/rc/crr: 0.000000000 0.179251907 0.820748093
QJ:/rc/r: 0.015105578 0.000003482 0.984890940
QJ:/rrc/c: 0.000066937 0.999933063 0.000000000
QJ:/rrc/crr: 0.000000000 0.068822257 0.931177743
QJ:/rrc/r: 0.000087441 0.000006142 0.999906416
QK:/cc/c: 0.084197927 0.915802073 0.000000000
QK:/cc/crr: 0.000000000 0.999806660 0.000193340
QK:/cc/r: 0.000081757 0.722919645 0.276998598
QK:/crc/c: 0.372765218 0.627234782 0.000000000
QK:/crc/crr: 0.000000000 0.000897174 0.999102826
QK:/crc/r: 0.000051238 0.528297601 0.471651162
QK:/crrc/c: 0.123631048 0.876368952 0.000000000
QK:/crrc/crr: 0.000000000 0.001074842 0.998925158
QK:/crrc/r: 0.000054901 0.281585999 0.718359099
QK:/rc/c: 0.369108996 0.630891004 0.000000000
QK:/rc/crr: 0.000000000 0.006877457 0.993122543
QK:/rc/r: 0.000014800 0.311755645 0.688229555
QK:/rrc/c: 0.416978174 0.583021826 0.000000000
QK:/rrc/crr: 0.000000000 0.042194760 0.957805240
QK:/rrc/r: 0.000073893 0.498620581 0.501305526
QQ:/cc/c: 0.999967442 0.000032558 0.000000000
QQ:/cc/crr: 0.000000000 0.999983721 0.000016279
QQ:/cc/r: 0.999345620 0.000632675 0.000021705
QQ:/crc/c: 0.999994093 0.000005907 0.000000000
QQ:/crc/crr: 0.000000000 0.999997046 0.000002954
QQ:/crc/r: 0.999958412 0.000037650 0.000003938
QQ:/crrc/c: 0.999997046 0.000002954 0.000000000
QQ:/crrc/crr: 0.000000000 0.999998523 0.000001477
QQ:/crrc/r: 0.998848237 0.001149794 0.000001969
QQ:/rc/c: 0.999994777 0.000005223 0.000000000
QQ:/rc/crr: 0.000000000 0.999997388 0.000002612
QQ:/rc/r: 0.999992297 0.000004221 0.000003482
QQ:/rrc/c: 0.999990786 0.000009214 0.000000000
QQ:/rrc/crr: 0.000000000 0.999995393 0.000004607
QQ:/rrc/r: 0.999953604 0.000040253 0.000006142
