J:/: 0.073785058 0.926214942 0.000000000
J:/cr: 0.018082231 0.034563973 0.947353797
J:/rr: 0.000000000 0.999932236 0.000067764
JJ:/cc/: 0.000269049 0.999730951 0.000000000
JJ:/cc/cr: 0.999996400 0.000001800 0.000001800
JJ:/cc/rr: 0.000000000 0.989967788 0.010032212
JJ:/crc/: 0.977453218 0.022546782 0.000000000
JJ:/crc/cr: 0.998460650 0.000769675 0.000769675
JJ:/crc/rr: 0.000000000 0.999973369 0.000026631
JJ:/crrc/: 0.974360477 0.025639523 0.000000000
JJ:/crrc/cr: 0.997412480 0.001293760 0.001293760
JJ:/crrc/rr: 0.000000000 0.999948934 0.000051066
JJ:/rc/: 0.921983336 0.078016664 0.000000000
JJ:/rc/cr: 0.999420941 0.000289530 0.000289530
JJ:/rc/rr: 0.000000000 0.999963251 0.000036749
JJ:/rrc/: 0.995780262 0.004219738 0.000000000
JJ:/rrc/cr: 0.994646667 0.002676667 0.002676667
JJ:/rrc/rr: 0.000000000 0.999982986 0.000017014
JK:/cc/: 0.079032556 0.920967444 0.000000000
JK:/cc/cr: 0.001840928 0.000001954 0.998157118
JK:/cc/rr: 0.000000000 0.000034152 0.999965848
JK:/crc/: 0.052061937 0.947938063 0.000000000
JK:/crc/cr: 0.047452778 0.000018307 0.952528915
JK:/crc/rr: 0.000000000 0.000499992 0.999500008
JK:/crrc/: 0.999900486 0.000099514 0.000000000
JK:/crrc/cr: 0.333333333 0.333333333 0.333333333
JK:/crrc/rr: 0.000000000 0.000049762 0.999950238
JK:/rc/: 0.995493947 0.004506053 0.000000000
JK:/rc/cr: 0.898705593 0.005012842 0.096281565
JK:/rc/rr: 0.000000000 0.000034036 0.999965964
JK:/rrc/: 0.542858794 0.457141206 0.000000000
JK:/rrc/cr: 0.911585008 0.000024708 0.088390285
JK:/rrc/rr: 0.000000000 0.000031209 0.999968791
JQ:/cc/: 0.174989304 0.825010696 0.000000000
JQ:/cc/cr: 0.000003840 0.000002181 0.999993979
JQ:/cc/rr: 0.000000000 0.000015425 0.999984575
JQ:/crc/: 0.994880049 0.005119951 0.000000000
JQ:/crc/cr: 0.011324443 0.003389426 0.985286130
JQ:/crc/rr: 0.000000000 0.000026165 0.999973835
JQ:/crrc/: 0.019797028 0.980202972 0.000000000
JQ:/crrc/cr: 0.130347893 0.000033841 0.869618266
JQ:/crrc/rr: 0.000000000 0.002513362 0.997486638
JQ:/rc/: 0.992971329 0.007028671 0.000000000
JQ:/rc/cr: 0.003213713 0.003213713 0.993572574
JQ:/rc/rr: 0.000000000 0.000034122 0.999965878
JQ:/rrc/: 0.127118452 0.872881548 0.000000000
JQ:/rrc/cr: 0.000529365 0.000012940 0.999457695
JQ:/rrc/rr: 0.000000000 0.000133279 0.999866721
K:/: 0.752814789 0.247185211 0.000000000
K:/cr: 0.694745216 0.305241299 0.000013485
K:/rr: 0.000000000 0.999993358 0.000006642
KJ:/cc/: 0.000050686 0.999949314 0.000000000
KJ:/cc/cr: 0.000048957 0.000009997 0.999941046
KJ:/cc/rr: 0.000000000 0.800460472 0.199539528
KJ:/crc/: 0.000048875 0.999951125 0.000000000
KJ:/crc/cr: 0.000212076 0.999780560 0.000007363
KJ:/crc/rr: 0.000000000 0.774023007 0.225976993
KJ:/crrc/: 0.069420683 0.930579317 0.000000000
KJ:/crrc/cr: 0.002719699 0.992516012 0.004764289
KJ:/crrc/rr: 0.000000000 0.398654999 0.601345001
KJ:/rc/: 0.065216511 0.934783489 0.000000000
KJ:/rc/cr: 0.006074382 0.968929259 0.024996359
KJ:/rc/rr: 0.000000000 0.304149760 0.695850240
KJ:/rrc/: 0.093816595 0.906183405 0.000000000
KJ:/rrc/cr: 0.003885059 0.995432631 0.000682311
KJ:/rrc/rr: 0.000000000 0.630789383 0.369210617
KK:/cc/: 0.996901145 0.003098855 0.000000000
KK:/cc/cr: 0.995648340 0.002175830 0.002175830
KK:/cc/rr: 0.000000000 0.999989855 0.000010145
KK:/crc/: 0.194092050 0.805907950 0.000000000
KK:/crc/cr: 0.999981727 0.000009136 0.000009136
KK:/crc/rr: 0.000000000 0.999943096 0.000056904
KK:/crrc/: 0.989128165 0.010871835 0.000000000
KK:/crrc/cr: 0.999404877 0.000297561 0.000297561
KK:/crrc/rr: 0.000000000 0.999995094 0.000004906
KK:/rc/: 0.822183130 0.177816870 0.000000000
KK:/rc/cr: 0.999975099 0.000012451 0.000012451
KK:/rc/rr: 0.000000000 0.999995961 0.000004039
KK:/rrc/: 0.533575168 0.466424832 0.000000000
KK:/rrc/cr: 0.999995253 0.000002373 0.000002373
KK:/rrc/rr: 0.000000000 0.999996888 0.000003112
KQ:/cc/: 0.000379395 0.999620605 0.000000000
KQ:/cc/cr: 0.000044916 0.445707694 0.554247390
KQ:/cc/rr: 0.000000000 0.973342082 0.026657918
KQ:/crc/: 0.868376355 0.131623645 0.000000000
KQ:/crc/cr: 0.000350471 0.535663468 0.463986061
KQ:/crc/rr: 0.000000000 0.000032722 0.999967278
KQ:/crrc/: 0.016342601 0.983657399 0.000000000
KQ:/crrc/cr: 0.032322568 0.672727834 0.294949598
KQ:/crrc/rr: 0.000000000 0.274807977 0.725192023
KQ:/rc/: 0.000047290 0.999952710 0.000000000
KQ:/rc/cr: 0.000020570 0.484314782 0.515664648
KQ:/rc/rr: 0.000000000 0.800495659 0.199504341
KQ:/rrc/: 0.713231104 0.286768896 0.000000000
KQ:/rrc/cr: 0.018078610 0.907692823 0.074228567
KQ:/rrc/rr: 0.000000000 0.390361977 0.609638023
Q:/: 0.749417617 0.250582383 0.000000000
Q:/cr: 0.167704107 0.831134694 0.001161199
Q:/rr: 0.000000000 0.999993328 0.000006672
QJ:/cc/: 0.000019954 0.999980046 0.000000000
QJ:/cc/cr: 0.000006651 0.000006651 0.999986697
QJ:/cc/rr: 0.000000000 0.500000000 0.500000000
QJ:/crc/: 0.031334189 0.968665811 0.000000000
QJ:/crc/cr: 0.001956924 0.000002754 0.998040322
QJ:/crc/rr: 0.000000000 0.000127696 0.999872304
QJ:/crrc/: 0.012873710 0.987126290 0.000000000
QJ:/crrc/cr: 0.000152170 0.000013392 0.999834437
QJ:/crrc/rr: 0.000000000 0.001540355 0.998459645
QJ:/rc/: 0.008344061 0.991655939 0.000000000
QJ:/rc/cr: 0.000003123 0.000002243 0.999994634
QJ:/rc/rr: 0.000000000 0.000399796 0.999600204
QJ:/rrc/: 0.000003336 0.999996664 0.000000000
QJ:/rrc/cr: 0.000001112 0.000001112 0.999997776
QJ:/rrc/rr: 0.000000000 0.500000000 0.500000000
QK:/cc/: 0.544288920 0.455711080 0.000000000
QK:/cc/cr: 0.076984832 0.922977973 0.000037195
QK:/cc/rr: 0.000000000 0.999981670 0.000018330
QK:/crc/: 0.000008737 0.999991263 0.000000000
QK:/crc/cr: 0.000002854 0.558086915 0.441910232
QK:/crc/rr: 0.000000000 0.542030018 0.457969982
QK:/crrc/: 0.941413611 0.058586389 0.000000000
QK:/crrc/cr: 0.000531330 0.544671170 0.454797500
QK:/crrc/rr: 0.000000000 0.000584120 0.999415880
QK:/rc/: 0.441497162 0.558502838 0.000000000
QK:/rc/cr: 0.014741465 0.521952587 0.463305948
QK:/rc/rr: 0.000000000 0.199541469 0.800458531
QK:/rrc/: 0.128237878 0.871762122 0.000000000
QK:/rrc/cr: 0.000001276 0.302126318 0.697872406
QK:/rrc/rr: 0.000000000 0.000403093 0.999596907
QQ:/cc/: 0.492629039 0.507370961 0.000000000
QQ:/cc/cr: 0.999973782 0.000013109 0.000013109
QQ:/cc/rr: 0.000000000 0.999979748 0.000020252
QQ:/crc/: 0.988241654 0.011758346 0.000000000
QQ:/crc/cr: 0.999546279 0.000226861 0.000226861
QQ:/crc/rr: 0.000000000 0.999995951 0.000004049
QQ:/crrc/: 0.146447368 0.853552632 0.000000000
QQ:/crrc/cr: 0.999969023 0.000015488 0.000015488
QQ:/crrc/rr: 0.000000000 0.999864592 0.000135408
QQ:/rc/: 0.491681683 0.508318317 0.000000000
QQ:/rc/cr: 0.999990954 0.000004670 0.000004375
QQ:/rc/rr: 0.000000000 0.999993215 0.000006785
QQ:/rrc/: 0.986907206 0.013092794 0.000000000
QQ:/rrc/cr: 0.999830138 0.000084931 0.000084931
QQ:/rrc/rr: 0.000000000 0.999998310 0.000001690
