J:/c: 0.288127394 0.711872606 0.000000000
J:/crr: 0.000000000 0.999982647 0.000017353
J:/r: 0.056142243 0.131275462 0.812582295
JJ:/cc/c: 0.999992976 0.000007024 0.000000000
JJ:/cc/crr: 0.000000000 0.999996488 0.000003512
JJ:/cc/r: 0.999982776 0.000012541 0.000004682
JJ:/crc/c: 0.999982647 0.000017353 0.000000000
JJ:/crc/crr: 0.000000000 0.999991323 0.000008677
JJ:/crc/r: 0.999976862 0.000011569 0.000011569
JJ:/crrc/c: 0.999991323 0.000008677 0.000000000
JJ:/crrc/crr: 0.000000000 0.999995662 0.000004338
JJ:/crrc/r: 0.999988431 0.000005785 0.000005785
JJ:/rc/c: 0.999974608 0.000025392 0.000000000
JJ:/rc/crr: 0.000000000 0.999987304 0.000012696
JJ:/rc/r: 0.999960315 0.000022757 0.000016928
JJ:/rrc/c: 0.999940627 0.000059373 0.000000000
JJ:/rrc/crr: 0.000000000 0.999970312 0.000029688
JJ:/rrc/r: 0.999740071 0.000220347 0.000039582
JK:/cc/c: 0.009403879 0.990596121 0.000000000
JK:/cc/crr: 0.000000000 0.000373448 0.999626552
JK:/cc/r: 0.000010570 0.000004682 0.999984747
JK:/crc/c: 0.558000144 0.441999856 0.000000000
JK:/crc/crr: 0.000000000 0.000015550 0.999984450
JK:/crc/r: 0.039487412 0.000011569 0.960501019
JK:/crrc/c: 0.312634003 0.687365997 0.000000000
JK:/crrc/crr: 0.000000000 0.000013877 0.999986123
JK:/crrc/r: 0.191283582 0.000005785 0.808710634
JK:/rc/c: 0.363291274 0.636708726 0.000000000
JK:/rc/crr: 0.000000000 0.000034947 0.999965053
JK:/rc/r: 0.358354560 0.000016928 0.641628512
JK:/rrc/c: 0.999418017 0.000581983 0.000000000
JK:/rrc/crr: 0.000000000 0.000029704 0.999970296
JK:/rrc/r: 0.254326994 0.000039582 0.745633424
JQ:/cc/c: 0.072508300 0.927491700 0.000000000
JQ:/cc/crr: 0.000000000 0.000048434 0.999951566
JQ:/cc/r: 0.036480418 0.000004682 0.963514899
JQ:/crc/c: 0.352505632 0.647494368 0.000000000
JQ:/crc/crr: 0.000000000 0.000024614 0.999975386
JQ:/crc/r: 0.070605596 0.000011569 0.929382835
JQ:/crrc/c: 0.041777282 0.958222718 0.000000000
JQ:/crrc/crr: 0.000000000 0.000103847 0.999896153
JQ:/crrc/r: 0.207315330 0.000005785 0.792678885
JQ:/rc/c: 0.987644790 0.012355210 0.000000000
JQ:/rc/crr: 0.000000000 0.000012855 0.999987145
JQ:/rc/r: 0.000017175 0.000016928 0.999965897
JQ:/rrc/c: 0.025445297 0.974554703 0.000000000
JQ:/rrc/crr: 0.000000000 0.001166679 0.998833321
JQ:/rrc/r: 0.390234073 0.000039582 0.609726345
K:/c: 0.999934454 0.000065546 0.000000000
K:/crr: 0.000000000 0.999995000 0.000005000
K:/r: 0.576289209 0.423704124 0.000006667
KJ:/cc/c: 0.233227825 0.766772175 0.000000000
KJ:/cc/crr: 0.000000000 0.836463874 0.163536126
KJ:/cc/r: 0.257267691 0.103400055 0.639332254
KJ:/crc/c: 0.193279078 0.806720922 0.000000000
KJ:/crc/crr: 0.000000000 0.999987064 0.000012936
KJ:/crc/r: 0.000103893 0.763752838 0.236143269
KJ:/crrc/c: 0.323943458 0.676056542 0.000000000
KJ:/crrc/crr: 0.000000000 0.999996141 0.000003859
KJ:/crrc/r: 0.075743580 0.772419326 0.151837094
KJ:/rc/c: 0.417343744 0.582656256 0.000000000
KJ:/rc/crr: 0.000000000 0.865168601 0.134831399
KJ:/rc/r: 0.020857404 0.756934418 0.222208179
KJ:/rrc/c: 0.173616648 0.826383352 0.000000000
KJ:/rrc/crr: 0.000000000 0.995026198 0.004973802
KJ:/rrc/r: 0.045829160 0.882468407 0.071702434
KK:/cc/c: 0.923717650 0.076282350 0.000000000
KK:/cc/crr: 0.000000000 0.958709055 0.041290945
KK:/cc/r: 0.812045833 0.137099267 0.050854900
KK:/crc/c: 0.999995000 0.000005000 0.000000000
KK:/crc/crr: 0.000000000 0.999997500 0.000002500
KK:/crc/r: 0.846237399 0.153759267 0.000003334
KK:/crrc/c: 0.999997500 0.000002500 0.000000000
KK:/crrc/crr: 0.000000000 0.999998750 0.000001250
KK:/crrc/r: 0.999996666 0.000001667 0.000001667
KK:/rc/c: 0.999992133 0.000007867 0.000000000
KK:/rc/crr: 0.000000000 0.999996066 0.000003934
KK:/rc/r: 0.999980239 0.000014517 0.000005245
KK:/rrc/c: 0.999994216 0.000005784 0.000000000
KK:/rrc/crr: 0.000000000 0.999997108 0.000002892
KK:/rrc/r: 0.999977439 0.000018705 0.000003856
KQ:/cc/c: 0.392211114 0.607788886 0.000000000
KQ:/cc/crr: 0.000000000 0.902753457 0.097246543
KQ:/cc/r: 0.257303322 0.650624606 0.092072072
KQ:/crc/c: 0.327219160 0.672780840 0.000000000
KQ:/crc/crr: 0.000000000 0.135433875 0.864566125
KQ:/crc/r: 0.000085586 0.437035850 0.562878564
KQ:/crrc/c: 0.610940519 0.389059481 0.000000000
KQ:/crrc/crr: 0.000000000 0.402004825 0.597995175
KQ:/crrc/r: 0.000007558 0.683843714 0.316148728
KQ:/rc/c: 0.001266234 0.998733766 0.000000000
KQ:/rc/crr: 0.000000000 0.064223536 0.935776464
KQ:/rc/r: 0.000024691 0.304923277 0.695052032
KQ:/rrc/c: 0.475318806 0.524681194 0.000000000
KQ:/rrc/crr: 0.000000000 0.627584131 0.372415869
KQ:/rrc/r: 0.082206010 0.548680881 0.369113109
Q:/c: 0.847535706 0.152464294 0.000000000
Q:/crr: 0.000000000 0.999994101 0.000005899
Q:/r: 0.351517423 0.648402099 0.000080478
QJ:/cc/c: 0.000489939 0.999510061 0.000000000
QJ:/cc/crr: 0.000000000 0.033468025 0.966531975
QJ:/cc/r: 0.000048598 0.000021863 0.999929539
QJ:/crc/c: 0.450340554 0.549659446 0.000000000
QJ:/crc/crr: 0.000000000 0.000247415 0.999752585
QJ:/crc/r: 0.000015750 0.000003933 0.999980317
QJ:/crrc/c: 0.000118380 0.999881620 0.000000000
QJ:/crrc/crr: 0.000000000 0.012458800 0.987541200
QJ:/crrc/r: 0.016350379 0.000001966 0.983647654
QJ:/rc/c: 0.000172874 0.999827126 0.000000000
QJ:/rc/crr: 0.000000000 0.014868762 0.985131238
QJ:/rc/r: 0.021574997 0.000003427 0.978421575
QJ:/rrc/c: 0.000282664 0.999717336 0.000000000
QJ:/rrc/crr: 0.000000000 0.016773806 0.983226194
QJ:/rrc/r: 0.000093382 0.000010021 0.999896597
QK:/cc/c: 0.018155639 0.981844361 0.000000000
QK:/cc/crr: 0.000000000 0.999096849 0.000903151
QK:/cc/r: 0.000155709 0.732108852 0.267735439
QK:/crc/c: 0.296980888 0.703019112 0.000000000
QK:/crc/crr: 0.000000000 0.005041830 0.994958170
QK:/crc/r: 0.000376634 0.488430585 0.511192781
QK:/crrc/c: 0.268124396 0.731875604 0.000000000
QK:/crrc/crr: 0.000000000 0.000929924 0.999070076
QK:/crrc/r: 0.000069040 0.292771025 0.707159935
QK:/rc/c: 0.368233771 0.631766229 0.000000000
QK:/rc/crr: 0.000000000 0.006781041 0.993218959
QK:/rc/r: 0.000010020 0.310240074 0.689749906
QK:/rrc/c: 0.417362535 0.582637465 0.000000000
QK:/rrc/crr: 0.000000000 0.047901949 0.952098051
QK:/rrc/r: 0.000470970 0.517495789 0.482033242
QQ:/cc/c: 0.999967205 0.000032795 0.000000000
QQ:/cc/crr: 0.000000000 0.999983602 0.000016398
QQ:/cc/r: 0.999918529 0.000059608 0.000021863
QQ:/crc/c: 0.999994101 0.000005899 0.000000000
QQ:/crc/crr: 0.000000000 0.999997050 0.000002950
QQ:/crc/r: 0.881700987 0.118295080 0.000003933
QQ:/crrc/c: 0.999997050 0.000002950 0.000000000
QQ:/crrc/crr: 0.000000000 0.999998525 0.000001475
QQ:/crrc/r: 0.999996067 0.000001966 0.000001966
QQ:/rc/c: 0.999994859 0.000005141 0.000000000
QQ:/rc/crr: 0.000000000 0.999997430 0.000002570
QQ:/rc/r: 0.999992774 0.000003799 0.000003427
QQ:/rrc/c: 0.999990517 0.000009483 0.000000000
QQ:/rrc/crr: 0.000000000 0.999995259 0.000004741
QQ:/rrc/r: 0.999955586 0.000038093 0.000006322
