J:/: 0.071835644 0.928164356 0.000000000
J:/cr: 0.019209396 0.034700870 0.946089734
J:/rr: 0.000000000 0.999930397 0.000069603
JJ:/cc/: 0.000283139 0.999716861 0.000000000
JJ:/cc/cr: 0.999996408 0.000001796 0.000001796
JJ:/cc/rr: 0.000000000 0.990487033 0.009512967
JJ:/crc/: 0.952150835 0.047849165 0.000000000
JJ:/crc/cr: 0.999279029 0.000360486 0.000360486
JJ:/crc/rr: 0.000000000 0.999972826 0.000027174
JJ:/crrc/: 0.993124366 0.006875634 0.000000000
JJ:/crrc/cr: 0.990936287 0.004531856 0.004531856
JJ:/crrc/rr: 0.000000000 0.999952937 0.000047063
JJ:/rc/: 0.924343249 0.075656751 0.000000000
JJ:/rc/cr: 0.999386674 0.000306663 0.000306663
JJ:/rc/rr: 0.000000000 0.999962350 0.000037650
JJ:/rrc/: 0.999965196 0.000034804 0.000000000
JJ:/rrc/cr: 0.333333333 0.333333333 0.333333333
JJ:/rrc/rr: 0.000000000 0.999982597 0.000017403
JK:/cc/: 0.082967019 0.917032981 0.000000000
JK:/cc/cr: 0.000002104 0.000001958 0.999995938
JK:/cc/rr: 0.000000000 0.000032465 0.999967535
JK:/crc/: 0.033444444 0.966555556 0.000000000
JK:/crc/cr: 0.005797820 0.000017846 0.994184334
JK:/crc/rr: 0.000000000 0.000773623 0.999226377
JK:/crrc/: 0.999906522 0.000093478 0.000000000
JK:/crrc/cr: 0.333333333 0.333333333 0.333333333
JK:/crrc/rr: 0.000000000 0.000046743 0.999953257
JK:/rc/: 0.998447608 0.001552392 0.000000000
JK:/rc/cr: 0.970109221 0.014945389 0.014945389
JK:/rc/rr: 0.000000000 0.000034856 0.999965144
JK:/rrc/: 0.543499630 0.456500370 0.000000000
JK:/rrc/cr: 0.980984641 0.000025414 0.018989945
JK:/rrc/rr: 0.000000000 0.000032019 0.999967981
JQ:/cc/: 0.169096377 0.830903623 0.000000000
JQ:/cc/cr: 0.000002490 0.000002161 0.999995349
JQ:/cc/rr: 0.000000000 0.000015929 0.999984071
JQ:/crc/: 0.993818700 0.006181300 0.000000000
JQ:/crc/cr: 0.009320935 0.002790503 0.987888562
JQ:/crc/rr: 0.000000000 0.000026034 0.999973966
JQ:/crrc/: 0.013604264 0.986395736 0.000000000
JQ:/crrc/cr: 0.141649151 0.000031589 0.858319259
JQ:/crrc/rr: 0.000000000 0.003435620 0.996564380
JQ:/rc/: 0.995189300 0.004810700 0.000000000
JQ:/rc/cr: 0.004822814 0.004822814 0.990354372
JQ:/rc/rr: 0.000000000 0.000034970 0.999965030
JQ:/rrc/: 0.122448471 0.877551529 0.000000000
JQ:/rrc/cr: 0.000013220 0.000013220 0.999973560
JQ:/rrc/rr: 0.000000000 0.000142117 0.999857883
K:/: 0.747479612 0.252520388 0.000000000
K:/cr: 0.701402182 0.298584618 0.000013200
K:/rr: 0.000000000 0.999993311 0.000006689
KJ:/cc/: 0.000043966 0.999956034 0.000000000
KJ:/cc/cr: 0.000047359 0.000011131 0.999941509
KJ:/cc/rr: 0.000000000 0.774823219 0.225176781
KJ:/crc/: 0.000065490 0.999934510 0.000000000
KJ:/crc/cr: 0.000031066 0.999961565 0.000007369
KJ:/crc/rr: 0.000000000 0.831236567 0.168763433
KJ:/crrc/: 0.072266860 0.927733140 0.000000000
KJ:/crrc/cr: 0.000702934 0.998080956 0.001216110
KJ:/crrc/rr: 0.000000000 0.437195865 0.562804135
KJ:/rc/: 0.058892488 0.941107512 0.000000000
KJ:/rc/cr: 0.004272420 0.976623638 0.019103942
KJ:/rc/rr: 0.000000000 0.403075471 0.596924529
KJ:/rrc/: 0.077313106 0.922686894 0.000000000
KJ:/rrc/cr: 0.002107302 0.997340318 0.000552380
KJ:/rrc/rr: 0.000000000 0.500398461 0.499601539
KK:/cc/: 0.999453375 0.000546625 0.000000000
KK:/cc/cr: 0.975851357 0.012074322 0.012074322
KK:/cc/rr: 0.000000000 0.999990094 0.000009906
KK:/crc/: 0.084473647 0.915526353 0.000000000
KK:/crc/cr: 0.999983904 0.000008048 0.000008048
KK:/crc/rr: 0.000000000 0.999869162 0.000130838
KK:/crrc/: 0.988999034 0.011000966 0.000000000
KK:/crrc/cr: 0.999429753 0.000285124 0.000285124
KK:/crrc/rr: 0.000000000 0.999995243 0.000004757
KK:/rc/: 0.799970192 0.200029808 0.000000000
KK:/rc/cr: 0.999977706 0.000011147 0.000011147
KK:/rc/rr: 0.000000000 0.999995819 0.000004181
KK:/rrc/: 0.532203704 0.467796296 0.000000000
KK:/rrc/cr: 0.999995234 0.000002383 0.000002383
KK:/rrc/rr: 0.000000000 0.999996858 0.000003142
KQ:/cc/: 0.000051652 0.999948348 0.000000000
KQ:/cc/cr: 0.000041391 0.425315287 0.574643322
KQ:/cc/rr: 0.000000000 0.808328818 0.191671182
KQ:/crc/: 0.835249668 0.164750332 0.000000000
KQ:/crc/cr: 0.000264709 0.620942789 0.378792502
KQ:/crc/rr: 0.000000000 0.000033766 0.999966234
KQ:/crrc/: 0.011009431 0.988990569 0.000000000
KQ:/crrc/cr: 0.022418152 0.678636220 0.298945628
KQ:/crrc/rr: 0.000000000 0.239391680 0.760608320
KQ:/rc/: 0.000238516 0.999761484 0.000000000
KQ:/rc/cr: 0.000020772 0.485964329 0.514014898
KQ:/rc/rr: 0.000000000 0.045557548 0.954442452
KQ:/rrc/: 0.726893719 0.273106281 0.000000000
KQ:/rrc/cr: 0.015889615 0.936622074 0.047488310
KQ:/rrc/rr: 0.000000000 0.395590244 0.604409756
Q:/: 0.746717152 0.253282848 0.000000000
Q:/cr: 0.167948504 0.831637417 0.000414078
Q:/rr: 0.000000000 0.999993304 0.000006696
QJ:/cc/: 0.000019741 0.999980259 0.000000000
QJ:/cc/cr: 0.000006580 0.000006580 0.999986839
QJ:/cc/rr: 0.000000000 0.500000000 0.500000000
QJ:/crc/: 0.030028739 0.969971261 0.000000000
QJ:/crc/cr: 0.002035158 0.000002719 0.997962123
QJ:/crc/rr: 0.000000000 0.000131747 0.999868253
QJ:/crrc/: 0.015530969 0.984469031 0.000000000
QJ:/crrc/cr: 0.000071380 0.000013266 0.999915354
QJ:/crrc/rr: 0.000000000 0.001261358 0.998738642
QJ:/rc/: 0.012718061 0.987281939 0.000000000
QJ:/rc/cr: 0.000002261 0.000002261 0.999995479
QJ:/rc/rr: 0.000000000 0.000263247 0.999736753
QJ:/rrc/: 0.000003348 0.999996652 0.000000000
QJ:/rrc/cr: 0.000002475 0.000001116 0.999996409
QJ:/rrc/rr: 0.000000000 0.500000000 0.500000000
QK:/cc/: 0.561687100 0.438312900 0.000000000
QK:/cc/cr: 0.092970474 0.907007144 0.000022382
QK:/cc/rr: 0.000000000 0.999982427 0.000017573
QK:/crc/: 0.008571075 0.991428925 0.000000000
QK:/crc/cr: 0.000002956 0.544444923 0.455552121
QK:/crc/rr: 0.000000000 0.000597272 0.999402728
QK:/crrc/: 0.965427162 0.034572838 0.000000000
QK:/crrc/cr: 0.000566594 0.218727083 0.780706323
QK:/crrc/rr: 0.000000000 0.000531732 0.999468268
QK:/rc/: 0.429615413 0.570384587 0.000000000
QK:/rc/cr: 0.001674938 0.524911831 0.473413231
QK:/rc/rr: 0.000000000 0.200036164 0.799963836
QK:/rrc/: 0.130450885 0.869549115 0.000000000
QK:/rrc/cr: 0.000001893 0.294964829 0.705033278
QK:/rrc/rr: 0.000000000 0.000239575 0.999760425
QQ:/cc/: 0.469467915 0.530532085 0.000000000
QQ:/cc/cr: 0.999975194 0.000012403 0.000012403
QQ:/cc/rr: 0.000000000 0.999978975 0.000021025
QQ:/crc/: 0.991917269 0.008082731 0.000000000
QQ:/crc/cr: 0.999347381 0.000326309 0.000326309
QQ:/crc/rr: 0.000000000 0.999996012 0.000003988
QQ:/crrc/: 0.096216739 0.903783261 0.000000000
QQ:/crrc/cr: 0.999971099 0.000014450 0.000014450
QQ:/crrc/rr: 0.000000000 0.999796396 0.000203604
QQ:/rc/: 0.477299494 0.522700506 0.000000000
QQ:/rc/cr: 0.999991108 0.000004622 0.000004270
QQ:/rc/rr: 0.000000000 0.999992986 0.000007014
QQ:/rrc/: 0.991677445 0.008322555 0.000000000
QQ:/rrc/cr: 0.999731812 0.000134094 0.000134094
QQ:/rrc/rr: 0.000000000 0.999998312 0.000001688
