J:/c: 0.300880448 0.699119552 0.000000000
J:/crr: 0.000000000 0.999983382 0.000016618
J:/r: 0.054988746 0.128027527 0.816983727
JJ:/cc/c: 0.999992848 0.000007152 0.000000000
JJ:/cc/crr: 0.000000000 0.999996424 0.000003576
JJ:/cc/r: 0.999990464 0.000004768 0.000004768
JJ:/crc/c: 0.999983382 0.000016618 0.000000000
JJ:/crc/crr: 0.000000000 0.999991691 0.000008309
JJ:/crc/r: 0.999867033 0.000121889 0.000011079
JJ:/crrc/c: 0.999991691 0.000008309 0.000000000
JJ:/crrc/crr: 0.000000000 0.999995845 0.000004155
JJ:/crrc/r: 0.999961182 0.000033279 0.000005539
JJ:/rc/c: 0.999973964 0.000026036 0.000000000
JJ:/rc/crr: 0.000000000 0.999986982 0.000013018
JJ:/rc/r: 0.999965285 0.000017357 0.000017357
JJ:/rrc/c: 0.999939382 0.000060618 0.000000000
JJ:/rrc/crr: 0.000000000 0.999969689 0.000030311
JJ:/rrc/r: 0.999843226 0.000116361 0.000040412
JK:/cc/c: 0.005338390 0.994661610 0.000000000
JK:/cc/crr: 0.000000000 0.000669851 0.999330149
JK:/cc/r: 0.000004768 0.000004768 0.999990464
JK:/crc/c: 0.540742656 0.459257344 0.000000000
JK:/crc/crr: 0.000000000 0.000015366 0.999984634
JK:/crc/r: 0.053495311 0.000011079 0.946493611
JK:/crrc/c: 0.391330280 0.608669720 0.000000000
JK:/crrc/crr: 0.000000000 0.000010616 0.999989384
JK:/crrc/r: 0.202458886 0.000005539 0.797535574
JK:/rc/c: 0.377521223 0.622478777 0.000000000
JK:/rc/crr: 0.000000000 0.000034483 0.999965517
JK:/rc/r: 0.366090887 0.000017357 0.633891755
JK:/rrc/c: 0.999939382 0.000060618 0.000000000
JK:/rrc/crr: 0.000000000 0.000030311 0.999969689
JK:/rrc/r: 0.292190595 0.000040412 0.707768993
JQ:/cc/c: 0.071818721 0.928181279 0.000000000
JQ:/cc/crr: 0.000000000 0.000049791 0.999950209
JQ:/cc/r: 0.035128825 0.000004768 0.964866407
JQ:/crc/c: 0.562877765 0.437122235 0.000000000
JQ:/crc/crr: 0.000000000 0.000014762 0.999985238
JQ:/crc/r: 0.060117423 0.000011079 0.939871498
JQ:/crrc/c: 0.034214982 0.965785018 0.000000000
JQ:/crrc/crr: 0.000000000 0.000121425 0.999878575
JQ:/crrc/r: 0.187103371 0.000005539 0.812891089
JQ:/rc/c: 0.996623747 0.003376253 0.000000000
JQ:/rc/crr: 0.000000000 0.000013062 0.999986938
JQ:/rc/r: 0.000017357 0.000017357 0.999965285
JQ:/rrc/c: 0.008296531 0.991703469 0.000000000
JQ:/rrc/crr: 0.000000000 0.003653241 0.996346759
JQ:/rrc/r: 0.421008270 0.000040412 0.578951318
K:/c: 0.999969812 0.000030188 0.000000000
K:/crr: 0.000000000 0.999995000 0.000005000
K:/r: 0.576899144 0.423094189 0.000006667
KJ:/cc/c: 0.165629098 0.834370902 0.000000000
KJ:/cc/crr: 0.000000000 0.500000000 0.500000000
KJ:/cc/r: 0.486499639 0.246438285 0.267062076
KJ:/crc/c: 0.152151768 0.847848232 0.000000000
KJ:/crc/crr: 0.000000000 0.999983569 0.000016431
KJ:/crc/r: 0.000030181 0.729193926 0.270775893
KJ:/crrc/c: 0.282308839 0.717691161 0.000000000
KJ:/crrc/crr: 0.000000000 0.596325052 0.403674948
KJ:/crrc/r: 0.035364467 0.791587195 0.173048338
KJ:/rc/c: 0.502918556 0.497081444 0.000000000
KJ:/rc/crr: 0.000000000 0.681525055 0.318474945
KJ:/rc/r: 0.001640146 0.837992697 0.160367157
KJ:/rrc/c: 0.229090934 0.770909066 0.000000000
KJ:/rrc/crr: 0.000000000 0.999987389 0.000012611
KJ:/rrc/r: 0.041544279 0.911511809 0.046943912
KK:/cc/c: 0.834370902 0.165629098 0.000000000
KK:/cc/crr: 0.000000000 0.900746120 0.099253880
KK:/cc/r: 0.684030299 0.205550302 0.110419399
KK:/crc/c: 0.999995000 0.000005000 0.000000000
KK:/crc/crr: 0.000000000 0.999997500 0.000002500
KK:/crc/r: 0.947511301 0.052485366 0.000003333
KK:/crrc/c: 0.999997500 0.000002500 0.000000000
KK:/crrc/crr: 0.000000000 0.999998750 0.000001250
KK:/crrc/r: 0.999993303 0.000005030 0.000001667
KK:/rc/c: 0.999992122 0.000007878 0.000000000
KK:/rc/crr: 0.000000000 0.999996061 0.000003939
KK:/rc/r: 0.999980703 0.000014045 0.000005252
KK:/rrc/c: 0.999994222 0.000005778 0.000000000
KK:/rrc/crr: 0.000000000 0.999997111 0.000002889
KK:/rrc/r: 0.999315667 0.000680481 0.000003852
KQ:/cc/c: 0.489086772 0.510913228 0.000000000
KQ:/cc/crr: 0.000000000 0.830675140 0.169324860
KQ:/cc/r: 0.464383023 0.424536287 0.111080690
KQ:/crc/c: 0.086272428 0.913727572 0.000000000
KQ:/crc/crr: 0.000000000 0.001236000 0.998764000
KQ:/crc/r: 0.000011030 0.431018807 0.568970162
KQ:/crrc/c: 0.622364598 0.377635402 0.000000000
KQ:/crrc/crr: 0.000000000 0.402879351 0.597120649
KQ:/crrc/r: 0.001009856 0.746695752 0.252294393
KQ:/rc/c: 0.000007878 0.999992122 0.000000000
KQ:/rc/crr: 0.000000000 0.500000000 0.500000000
KQ:/rc/r: 0.000017409 0.298073517 0.701909074
KQ:/rrc/c: 0.508685149 0.491314851 0.000000000
KQ:/rrc/crr: 0.000000000 0.543435365 0.456564635
KQ:/rrc/r: 0.082464893 0.545971102 0.371564005
Q:/c: 0.846896168 0.153103832 0.000000000
Q:/crr: 0.000000000 0.999994096 0.000005904
Q:/r: 0.361012456 0.638954881 0.000032663
QJ:/cc/c: 0.000339114 0.999660886 0.000000000
QJ:/cc/crr: 0.000000000 0.048151285 0.951848715
QJ:/cc/r: 0.000021772 0.000021772 0.999956457
QJ:/crc/c: 0.445462177 0.554537823 0.000000000
QJ:/crc/crr: 0.000000000 0.002550542 0.997449458
QJ:/crc/r: 0.000222631 0.000003936 0.999773433
QJ:/crrc/c: 0.000002952 0.999997048 0.000000000
QJ:/crrc/crr: 0.000000000 0.500000000 0.500000000
QJ:/crrc/r: 0.028212682 0.000001968 0.971785350
QJ:/rc/c: 0.000020721 0.999979279 0.000000000
QJ:/rc/crr: 0.000000000 0.125885700 0.874114300
QJ:/rc/r: 0.010471509 0.000003478 0.989525013
QJ:/rrc/c: 0.000060873 0.999939127 0.000000000
QJ:/rrc/crr: 0.000000000 0.075841177 0.924158823
QJ:/rrc/r: 0.000085940 0.000006156 0.999907904
QK:/cc/c: 0.019371640 0.980628360 0.000000000
QK:/cc/crr: 0.000000000 0.999157078 0.000842922
QK:/cc/r: 0.000083210 0.735122975 0.264793815
QK:/crc/c: 0.300871753 0.699128247 0.000000000
QK:/crc/crr: 0.000000000 0.000444652 0.999555348
QK:/crc/r: 0.000056056 0.473199015 0.526744930
QK:/crrc/c: 0.278867306 0.721132694 0.000000000
QK:/crrc/crr: 0.000000000 0.001618999 0.998381001
QK:/crrc/r: 0.000061300 0.281048131 0.718890569
QK:/rc/c: 0.377856216 0.622143784 0.000000000
QK:/rc/crr: 0.000000000 0.000006903 0.999993097
QK:/rc/r: 0.000010804 0.313210008 0.686779188
QK:/rrc/c: 0.421845131 0.578154869 0.000000000
QK:/rrc/crr: 0.000000000 0.046913622 0.953086378
QK:/rrc/r: 0.000073584 0.506890636 0.493035779
QQ:/cc/c: 0.999967342 0.000032658 0.000000000
QQ:/cc/crr: 0.000000000 0.999983671 0.000016329
QQ:/cc/r: 0.999597836 0.000380393 0.000021772
QQ:/crc/c: 0.999994096 0.000005904 0.000000000
QQ:/crc/crr: 0.000000000 0.999997048 0.000002952
QQ:/crc/r: 0.999954056 0.000042008 0.000003936
QQ:/crrc/c: 0.999997048 0.000002952 0.000000000
QQ:/crrc/crr: 0.000000000 0.999998524 0.000001476
QQ:/crrc/r: 0.999984002 0.000014030 0.000001968
QQ:/rc/c: 0.999994783 0.000005217 0.000000000
QQ:/rc/crr: 0.000000000 0.999997392 0.000002608
QQ:/rc/r: 0.999992220 0.000004302 0.000003478
QQ:/rrc/c: 0.999990767 0.000009233 0.000000000
QQ:/rrc/crr: 0.000000000 0.999995383 0.000004617
QQ:/rrc/r: 0.999949859 0.000043985 0.000006156
