J:/c: 0.311197634 0.688802366 0.000000000
J:/crr: 0.000000000 0.999983933 0.000016067
J:/r: 0.052898688 0.127949871 0.819151441
JJ:/cc/c: 0.999992741 0.000007259 0.000000000
JJ:/cc/crr: 0.000000000 0.999996370 0.000003630
JJ:/cc/r: 0.999888290 0.000106870 0.000004839
JJ:/crc/c: 0.999983933 0.000016067 0.000000000
JJ:/crc/crr: 0.000000000 0.999991966 0.000008034
JJ:/crc/r: 0.999610896 0.000378392 0.000010711
JJ:/crrc/c: 0.999991966 0.000008034 0.000000000
JJ:/crrc/crr: 0.000000000 0.999995983 0.000004017
JJ:/crrc/r: 0.999986139 0.000008505 0.000005356
JJ:/rc/c: 0.999973948 0.000026052 0.000000000
JJ:/rc/crr: 0.000000000 0.999986974 0.000013026
JJ:/rc/r: 0.999932392 0.000050240 0.000017368
JJ:/rrc/c: 0.999936986 0.000063014 0.000000000
JJ:/rrc/crr: 0.000000000 0.999968491 0.000031509
JJ:/rrc/r: 0.999915982 0.000042009 0.000042009
JK:/cc/c: 0.010088136 0.989911864 0.000000000
JK:/cc/crr: 0.000000000 0.000359778 0.999640222
JK:/cc/r: 0.000026159 0.000004839 0.999969002
JK:/crc/c: 0.505704480 0.494295520 0.000000000
JK:/crc/crr: 0.000000000 0.000015886 0.999984114
JK:/crc/r: 0.026778103 0.000010711 0.973211185
JK:/crrc/c: 0.455346242 0.544653758 0.000000000
JK:/crrc/crr: 0.000000000 0.000008821 0.999991179
JK:/crrc/r: 0.216547116 0.000005356 0.783447528
JK:/rc/c: 0.386158927 0.613841073 0.000000000
JK:/rc/crr: 0.000000000 0.000033732 0.999966268
JK:/rc/r: 0.355311172 0.000017368 0.644671460
JK:/rrc/c: 0.999936986 0.000063014 0.000000000
JK:/rrc/crr: 0.000000000 0.000031509 0.999968491
JK:/rrc/r: 0.322736810 0.000042009 0.677221181
JQ:/cc/c: 0.071195944 0.928804056 0.000000000
JQ:/cc/crr: 0.000000000 0.000050979 0.999949021
JQ:/cc/r: 0.035823215 0.000004839 0.964171946
JQ:/crc/c: 0.531820501 0.468179499 0.000000000
JQ:/crc/crr: 0.000000000 0.000015106 0.999984894
JQ:/crc/r: 0.000012016 0.000010711 0.999977272
JQ:/crrc/c: 0.025998208 0.974001792 0.000000000
JQ:/crrc/crr: 0.000000000 0.000154503 0.999845497
JQ:/crrc/r: 0.000005356 0.000005356 0.999989289
JQ:/rc/c: 0.998986929 0.001013071 0.000000000
JQ:/rc/crr: 0.000000000 0.000013039 0.999986961
JQ:/rc/r: 0.000017368 0.000017368 0.999965264
JQ:/rrc/c: 0.000063014 0.999936986 0.000000000
JQ:/rrc/crr: 0.000000000 0.500000000 0.500000000
JQ:/rrc/r: 0.616112903 0.000042009 0.383845088
K:/c: 0.999990000 0.000010000 0.000000000
K:/crr: 0.000000000 0.999995000 0.000005000
K:/r: 0.573478161 0.426515173 0.000006667
KJ:/cc/c: 0.500000000 0.500000000 0.000000000
KJ:/cc/crr: 0.000000000 0.500000000 0.500000000
KJ:/cc/r: 0.333333333 0.333333333 0.333333333
KJ:/crc/c: 0.064943462 0.935056538 0.000000000
KJ:/crc/crr: 0.000000000 0.999961505 0.000038495
KJ:/crc/r: 0.000004944 0.717600753 0.282394304
KJ:/crrc/c: 0.290748872 0.709251128 0.000000000
KJ:/crrc/crr: 0.000000000 0.999995701 0.000004299
KJ:/crrc/r: 0.000389350 0.999581389 0.000029261
KJ:/rc/c: 0.409631392 0.590368608 0.000000000
KJ:/rc/crr: 0.000000000 0.999990461 0.000009539
KJ:/rc/r: 0.014683366 0.783681835 0.201634798
KJ:/rrc/c: 0.485114965 0.514885035 0.000000000
KJ:/rrc/crr: 0.000000000 0.999994009 0.000005991
KJ:/rrc/r: 0.000061907 0.999934218 0.000003875
KK:/cc/c: 0.500000000 0.500000000 0.000000000
KK:/cc/crr: 0.000000000 0.500000000 0.500000000
KK:/cc/r: 0.333333333 0.333333333 0.333333333
KK:/crc/c: 0.999995000 0.000005000 0.000000000
KK:/crc/crr: 0.000000000 0.999997500 0.000002500
KK:/crc/r: 0.988068328 0.011928338 0.000003333
KK:/crrc/c: 0.999997500 0.000002500 0.000000000
KK:/crrc/crr: 0.000000000 0.999998750 0.000001250
KK:/crrc/r: 0.999015523 0.000982810 0.000001667
KK:/rc/c: 0.999992185 0.000007815 0.000000000
KK:/rc/crr: 0.000000000 0.999996092 0.000003908
KK:/rc/r: 0.999971165 0.000023624 0.000005210
KK:/rrc/c: 0.999994188 0.000005812 0.000000000
KK:/rrc/crr: 0.000000000 0.999997094 0.000002906
KK:/rrc/r: 0.999188237 0.000807888 0.000003875
KQ:/cc/c: 0.500000000 0.500000000 0.000000000
KQ:/cc/crr: 0.000000000 0.500000000 0.500000000
KQ:/cc/r: 0.333333333 0.333333333 0.333333333
KQ:/crc/c: 0.000005000 0.999995000 0.000000000
KQ:/crc/crr: 0.000000000 0.500000000 0.500000000
KQ:/crc/r: 0.000011164 0.436016573 0.563972263
KQ:/crrc/c: 0.632976406 0.367023594 0.000000000
KQ:/crrc/crr: 0.000000000 0.444712414 0.555287586
KQ:/crrc/r: 0.000025398 0.875971062 0.124003540
KQ:/rc/c: 0.000007815 0.999992185 0.000000000
KQ:/rc/crr: 0.000000000 0.500000000 0.500000000
KQ:/rc/r: 0.000008176 0.317036089 0.682955735
KQ:/rrc/c: 0.511530109 0.488469891 0.000000000
KQ:/rrc/crr: 0.000000000 0.469710983 0.530289017
KQ:/rrc/r: 0.000301837 0.666022051 0.333676112
Q:/c: 0.851981506 0.148018494 0.000000000
Q:/crr: 0.000000000 0.999994131 0.000005869
Q:/r: 0.360185538 0.639766073 0.000048389
QJ:/cc/c: 0.000033780 0.999966220 0.000000000
QJ:/cc/crr: 0.000000000 0.500000000 0.500000000
QJ:/cc/r: 0.000022520 0.000022520 0.999954961
QJ:/crc/c: 0.394054734 0.605945266 0.000000000
QJ:/crc/crr: 0.000000000 0.000044925 0.999955075
QJ:/crc/r: 0.000003912 0.000003912 0.999992175
QJ:/crrc/c: 0.000002934 0.999997066 0.000000000
QJ:/crrc/crr: 0.000000000 0.500000000 0.500000000
QJ:/crrc/r: 0.000001956 0.000001956 0.999996088
QJ:/rc/c: 0.000005210 0.999994790 0.000000000
QJ:/rc/crr: 0.000000000 0.500000000 0.500000000
QJ:/rc/r: 0.015565877 0.000003473 0.984430650
QJ:/rrc/c: 0.000009254 0.999990746 0.000000000
QJ:/rrc/crr: 0.000000000 0.500000000 0.500000000
QJ:/rrc/r: 0.000006170 0.000006170 0.999987661
QK:/cc/c: 0.370619672 0.629380328 0.000000000
QK:/cc/crr: 0.000000000 0.999954428 0.000045572
QK:/cc/r: 0.000102513 0.744026351 0.255871135
QK:/crc/c: 0.331792965 0.668207035 0.000000000
QK:/crc/crr: 0.000000000 0.000200742 0.999799258
QK:/crc/r: 0.000017439 0.487229994 0.512752568
QK:/crrc/c: 0.000009657 0.999990343 0.000000000
QK:/crrc/crr: 0.000000000 0.151921135 0.848078865
QK:/crrc/r: 0.000015023 0.290728169 0.709256808
QK:/rc/c: 0.376096527 0.623903473 0.000000000
QK:/rc/crr: 0.000000000 0.000006927 0.999993073
QK:/rc/r: 0.000003473 0.316484701 0.683511826
QK:/rrc/c: 0.432301599 0.567698401 0.000000000
QK:/rrc/crr: 0.000000000 0.000261853 0.999738147
QK:/rrc/r: 0.000006170 0.490588777 0.509405054
QQ:/cc/c: 0.999966220 0.000033780 0.000000000
QQ:/cc/crr: 0.000000000 0.999983110 0.000016890
QQ:/cc/r: 0.998661314 0.001316167 0.000022520
QQ:/crc/c: 0.999994131 0.000005869 0.000000000
QQ:/crc/crr: 0.000000000 0.999997066 0.000002934
QQ:/crc/r: 0.967383150 0.032612938 0.000003912
QQ:/crrc/c: 0.999997066 0.000002934 0.000000000
QQ:/crrc/crr: 0.000000000 0.999998533 0.000001467
QQ:/crrc/r: 0.999993555 0.000004489 0.000001956
QQ:/rc/c: 0.999994790 0.000005210 0.000000000
QQ:/rc/crr: 0.000000000 0.999997395 0.000002605
QQ:/rc/r: 0.982213266 0.017783261 0.000003473
QQ:/rrc/c: 0.999990746 0.000009254 0.000000000
QQ:/rrc/crr: 0.000000000 0.999995373 0.000004627
QQ:/rrc/r: 0.999981906 0.000011925 0.000006170
