J:/: 0.081930734 0.918069266 0.000000000
J:/cr: 0.018004090 0.036237368 0.945758542
J:/rr: 0.000000000 0.999938973 0.000061027
JJ:/cc/: 0.000304338 0.999695662 0.000000000
JJ:/cc/cr: 0.999996368 0.000001816 0.000001816
JJ:/cc/rr: 0.000000000 0.991052374 0.008947626
JJ:/crc/: 0.944906971 0.055093029 0.000000000
JJ:/crc/cr: 0.999393782 0.000303109 0.000303109
JJ:/crc/rr: 0.000000000 0.999973491 0.000026509
JJ:/crrc/: 0.934250645 0.065749355 0.000000000
JJ:/crrc/cr: 0.998977603 0.000511198 0.000511198
JJ:/crrc/rr: 0.000000000 0.999946035 0.000053965
JJ:/rc/: 0.883326991 0.116673009 0.000000000
JJ:/rc/cr: 0.999651292 0.000174354 0.000174354
JJ:/rc/rr: 0.000000000 0.999965456 0.000034544
JJ:/rrc/: 0.999571261 0.000428739 0.000000000
JJ:/rrc/cr: 0.952550079 0.023724960 0.023724960
JJ:/rrc/rr: 0.000000000 0.999984736 0.000015264
JK:/cc/: 0.092011899 0.907988101 0.000000000
JK:/cc/cr: 0.000123380 0.000001999 0.999874621
JK:/cc/rr: 0.000000000 0.000029595 0.999970405
JK:/crc/: 0.085841431 0.914158569 0.000000000
JK:/crc/cr: 0.068535059 0.000018267 0.931446674
JK:/crc/rr: 0.000000000 0.000291803 0.999708197
JK:/crrc/: 0.999823669 0.000176331 0.000000000
JK:/crrc/cr: 0.475352841 0.190612382 0.334034777
JK:/crrc/rr: 0.000000000 0.000050425 0.999949575
JK:/rc/: 0.979598282 0.020401718 0.000000000
JK:/rc/cr: 0.971041485 0.000997092 0.027961423
JK:/rc/rr: 0.000000000 0.000031149 0.999968851
JK:/rrc/: 0.519451733 0.480548267 0.000000000
JK:/rrc/cr: 0.801130925 0.000021167 0.198847908
JK:/rrc/rr: 0.000000000 0.000029373 0.999970627
JQ:/cc/: 0.168898091 0.831101909 0.000000000
JQ:/cc/cr: 0.000006253 0.000002184 0.999991562
JQ:/cc/rr: 0.000000000 0.000016123 0.999983877
JQ:/crc/: 0.987372914 0.012627086 0.000000000
JQ:/crc/cr: 0.449727349 0.001322490 0.548950161
JQ:/crc/rr: 0.000000000 0.000025369 0.999974631
JQ:/crrc/: 0.032638490 0.967361510 0.000000000
JQ:/crrc/cr: 0.126837910 0.000034745 0.873127345
JQ:/crrc/rr: 0.000000000 0.001544693 0.998455307
JQ:/rc/: 0.997669545 0.002330455 0.000000000
JQ:/rc/cr: 0.008728934 0.008728934 0.982542133
JQ:/rc/rr: 0.000000000 0.000030585 0.999969415
JQ:/rrc/: 0.112832719 0.887167281 0.000000000
JQ:/rrc/cr: 0.002203986 0.000011465 0.997784548
JQ:/rrc/rr: 0.000000000 0.000135224 0.999864776
K:/: 0.758550909 0.241449091 0.000000000
K:/cr: 0.673908907 0.326077287 0.000013806
K:/rr: 0.000000000 0.999993408 0.000006592
KJ:/cc/: 0.000056063 0.999943937 0.000000000
KJ:/cc/cr: 0.000050013 0.000009232 0.999940756
KJ:/cc/rr: 0.000000000 0.815313035 0.184686965
KJ:/crc/: 0.000048369 0.999951631 0.000000000
KJ:/crc/cr: 0.000865393 0.999127550 0.000007057
KJ:/crc/rr: 0.000000000 0.781168886 0.218831114
KJ:/crrc/: 0.061963464 0.938036536 0.000000000
KJ:/crrc/cr: 0.001447491 0.989212635 0.009339875
KJ:/crrc/rr: 0.000000000 0.414293108 0.585706892
KJ:/rc/: 0.072016131 0.927983869 0.000000000
KJ:/rc/cr: 0.009615776 0.959821955 0.030562269
KJ:/rc/rr: 0.000000000 0.346292316 0.653707684
KJ:/rrc/: 0.100706541 0.899293459 0.000000000
KJ:/rrc/cr: 0.000019322 0.999913560 0.000067118
KJ:/rrc/rr: 0.000000000 0.536700563 0.463299437
KK:/cc/: 0.998704401 0.001295599 0.000000000
KK:/cc/cr: 0.989344285 0.005327857 0.005327857
KK:/cc/rr: 0.000000000 0.999989632 0.000010368
KK:/crc/: 0.208444791 0.791555209 0.000000000
KK:/crc/cr: 0.999982171 0.000008915 0.000008915
KK:/crc/rr: 0.000000000 0.999949221 0.000050779
KK:/crrc/: 0.987319610 0.012680390 0.000000000
KK:/crrc/cr: 0.999461485 0.000269258 0.000269258
KK:/crrc/rr: 0.000000000 0.999994813 0.000005187
KK:/rc/: 0.875169158 0.124830842 0.000000000
KK:/rc/cr: 0.999964798 0.000017601 0.000017601
KK:/rc/rr: 0.000000000 0.999996234 0.000003766
KK:/rrc/: 0.541113156 0.458886844 0.000000000
KK:/rrc/cr: 0.999995212 0.000002394 0.000002394
KK:/rrc/rr: 0.000000000 0.999996955 0.000003045
KQ:/cc/: 0.000058022 0.999941978 0.000000000
KQ:/cc/cr: 0.000047690 0.419619633 0.580332677
KQ:/cc/rr: 0.000000000 0.821546835 0.178453165
KQ:/crc/: 0.902255234 0.097744766 0.000000000
KQ:/crc/cr: 0.000466558 0.529333061 0.470200381
KQ:/crc/rr: 0.000000000 0.000029946 0.999970054
KQ:/crrc/: 0.017483496 0.982516504 0.000000000
KQ:/crrc/cr: 0.020598982 0.691252789 0.288148229
KQ:/crrc/rr: 0.000000000 0.132061157 0.867938843
KQ:/rc/: 0.000137670 0.999862330 0.000000000
KQ:/rc/cr: 0.000027810 0.498468146 0.501504045
KQ:/rc/rr: 0.000000000 0.332545103 0.667454897
KQ:/rrc/: 0.696413861 0.303586139 0.000000000
KQ:/rrc/cr: 0.018465046 0.892168202 0.089366751
KQ:/rrc/rr: 0.000000000 0.391483356 0.608516644
Q:/: 0.742036532 0.257963468 0.000000000
Q:/cr: 0.151008460 0.848572045 0.000419495
Q:/rr: 0.000000000 0.999993262 0.000006738
QJ:/cc/: 0.000019383 0.999980617 0.000000000
QJ:/cc/cr: 0.000014072 0.000006461 0.999979467
QJ:/cc/rr: 0.000000000 0.500000000 0.500000000
QJ:/crc/: 0.034364623 0.965635377 0.000000000
QJ:/crc/cr: 0.001992311 0.000002628 0.998005061
QJ:/crc/rr: 0.000000000 0.000110780 0.999889220
QJ:/crrc/: 0.011592752 0.988407248 0.000000000
QJ:/crrc/cr: 0.000119218 0.000014429 0.999866353
QJ:/crrc/rr: 0.000000000 0.001845324 0.998154676
QJ:/rc/: 0.008206966 0.991793034 0.000000000
QJ:/rc/cr: 0.000002265 0.000002265 0.999995471
QJ:/rc/rr: 0.000000000 0.000410518 0.999589482
QJ:/rrc/: 0.000038604 0.999961396 0.000000000
QJ:/rrc/cr: 0.000001123 0.000001123 0.999997754
QJ:/rrc/rr: 0.000000000 0.043637102 0.956362898
QK:/cc/: 0.158986978 0.841013022 0.000000000
QK:/cc/cr: 0.018565845 0.981416421 0.000017734
QK:/cc/rr: 0.000000000 0.999939043 0.000060957
QK:/crc/: 0.006411263 0.993588737 0.000000000
QK:/crc/cr: 0.000002554 0.559306079 0.440691367
QK:/crc/rr: 0.000000000 0.000593784 0.999406216
QK:/crrc/: 0.905382548 0.094617452 0.000000000
QK:/crrc/cr: 0.000288850 0.779901782 0.219809368
QK:/crrc/rr: 0.000000000 0.000634195 0.999365805
QK:/rc/: 0.465098422 0.534901578 0.000000000
QK:/rc/cr: 0.039820083 0.508630844 0.451549073
QK:/rc/rr: 0.000000000 0.198047751 0.801952249
QK:/rrc/: 0.121241343 0.878758657 0.000000000
QK:/rrc/cr: 0.000001278 0.300602043 0.699396679
QK:/rrc/rr: 0.000000000 0.000545030 0.999454970
QQ:/cc/: 0.474416638 0.525583362 0.000000000
QQ:/cc/cr: 0.999975415 0.000012293 0.000012293
QQ:/cc/rr: 0.000000000 0.999979572 0.000020428
QQ:/crc/: 0.991157035 0.008842965 0.000000000
QQ:/crc/cr: 0.999425999 0.000287001 0.000287001
QQ:/crc/rr: 0.000000000 0.999996159 0.000003841
QQ:/crrc/: 0.222825360 0.777174640 0.000000000
QQ:/crrc/cr: 0.999963299 0.000018351 0.000018351
QQ:/crrc/rr: 0.000000000 0.999903995 0.000096005
QQ:/rc/: 0.553348625 0.446651375 0.000000000
QQ:/rc/cr: 0.999989943 0.000005029 0.000005029
QQ:/rc/rr: 0.000000000 0.999993911 0.000006089
QQ:/rrc/: 0.979167924 0.020832076 0.000000000
QQ:/rrc/cr: 0.999892181 0.000053909 0.000053909
QQ:/rrc/rr: 0.000000000 0.999998280 0.000001720
