J:/: 0.074982003 0.925017997 0.000000000
J:/cr: 0.019050240 0.031431892 0.949517868
J:/rr: 0.000000000 0.999933317 0.000066683
JJ:/cc/: 0.000034554 0.999965446 0.000000000
JJ:/cc/cr: 0.999996396 0.000001802 0.000001802
JJ:/cc/rr: 0.000000000 0.921783890 0.078216110
JJ:/crc/: 0.970383259 0.029616741 0.000000000
JJ:/crc/cr: 0.998709674 0.000645163 0.000645163
JJ:/crc/rr: 0.000000000 0.999970464 0.000029536
JJ:/crrc/: 0.999087641 0.000912359 0.000000000
JJ:/crrc/cr: 0.930889942 0.034555029 0.034555029
JJ:/crrc/rr: 0.000000000 0.999952667 0.000047333
JJ:/rc/: 0.930537550 0.069462450 0.000000000
JJ:/rc/cr: 0.999360012 0.000319994 0.000319994
JJ:/rc/rr: 0.000000000 0.999964170 0.000035830
JJ:/rrc/: 0.992431699 0.007568301 0.000000000
JJ:/rrc/cr: 0.997062876 0.001468562 0.001468562
JJ:/rrc/rr: 0.000000000 0.999983201 0.000016799
JK:/cc/: 0.088849651 0.911150349 0.000000000
JK:/cc/cr: 0.000001977 0.000001977 0.999996045
JK:/cc/rr: 0.000000000 0.000030418 0.999969582
JK:/crc/: 0.041835538 0.958164462 0.000000000
JK:/crc/cr: 0.015803798 0.000019942 0.984176260
JK:/crc/rr: 0.000000000 0.000685098 0.999314902
JK:/crrc/: 0.999905420 0.000094580 0.000000000
JK:/crrc/cr: 0.333333333 0.333333333 0.333333333
JK:/crrc/rr: 0.000000000 0.000047294 0.999952706
JK:/rc/: 0.998099859 0.001900141 0.000000000
JK:/rc/cr: 0.976604307 0.011697846 0.011697846
JK:/rc/rr: 0.000000000 0.000033405 0.999966595
JK:/rrc/: 0.518570112 0.481429888 0.000000000
JK:/rrc/cr: 0.887845444 0.000023086 0.112131470
JK:/rrc/rr: 0.000000000 0.000032150 0.999967850
JQ:/cc/: 0.139861157 0.860138843 0.000000000
JQ:/cc/cr: 0.000002095 0.000002095 0.999995811
JQ:/cc/rr: 0.000000000 0.000019324 0.999980676
JQ:/crc/: 0.996243256 0.003756744 0.000000000
JQ:/crc/cr: 0.005086221 0.005086221 0.989827559
JQ:/crc/rr: 0.000000000 0.000028770 0.999971230
JQ:/crrc/: 0.022807406 0.977192594 0.000000000
JQ:/crrc/cr: 0.181615088 0.000032262 0.818352650
JQ:/crrc/rr: 0.000000000 0.002073444 0.997926556
JQ:/rc/: 0.998250208 0.001749792 0.000000000
JQ:/rc/cr: 0.012702972 0.012702972 0.974594057
JQ:/rc/rr: 0.000000000 0.000033400 0.999966600
JQ:/rrc/: 0.168736960 0.831263040 0.000000000
JQ:/rrc/cr: 0.000013371 0.000013371 0.999973259
JQ:/rrc/rr: 0.000000000 0.000098803 0.999901197
K:/: 0.751641920 0.248358080 0.000000000
K:/cr: 0.727447084 0.272539494 0.000013421
K:/rr: 0.000000000 0.999993348 0.000006652
KJ:/cc/: 0.000020132 0.999979868 0.000000000
KJ:/cc/cr: 0.000006711 0.000006711 0.999986578
KJ:/cc/rr: 0.000000000 0.500000000 0.500000000
KJ:/crc/: 0.000057091 0.999942909 0.000000000
KJ:/crc/cr: 0.000033079 0.999958713 0.000008208
KJ:/crc/rr: 0.000000000 0.784351643 0.215648357
KJ:/crrc/: 0.069795088 0.930204912 0.000000000
KJ:/crrc/cr: 0.000236836 0.999759858 0.000003306
KJ:/crrc/rr: 0.000000000 0.414685055 0.585314945
KJ:/rc/: 0.026751439 0.973248561 0.000000000
KJ:/rc/cr: 0.008409386 0.968899245 0.022691369
KJ:/rc/rr: 0.000000000 0.037493614 0.962506386
KJ:/rrc/: 0.081236625 0.918763375 0.000000000
KJ:/rrc/cr: 0.000105632 0.999454559 0.000439809
KJ:/rrc/rr: 0.000000000 0.540900348 0.459099652
KK:/cc/: 0.999535796 0.000464204 0.000000000
KK:/cc/cr: 0.971087129 0.014456435 0.014456435
KK:/cc/rr: 0.000000000 0.999989929 0.000010071
KK:/crc/: 0.090733273 0.909266727 0.000000000
KK:/crc/cr: 0.999981947 0.000009027 0.000009027
KK:/crc/rr: 0.000000000 0.999864311 0.000135689
KK:/crrc/: 0.976839869 0.023160131 0.000000000
KK:/crrc/cr: 0.999734456 0.000132772 0.000132772
KK:/crrc/rr: 0.000000000 0.999995278 0.000004722
KK:/rc/: 0.834824867 0.165175133 0.000000000
KK:/rc/cr: 0.999973151 0.000013424 0.000013424
KK:/rc/rr: 0.000000000 0.999996016 0.000003984
KK:/rrc/: 0.512677962 0.487322038 0.000000000
KK:/rrc/cr: 0.999995450 0.000002275 0.000002275
KK:/rrc/rr: 0.000000000 0.999996756 0.000003244
KQ:/cc/: 0.000052552 0.999947448 0.000000000
KQ:/cc/cr: 0.000035308 0.449695405 0.550269287
KQ:/cc/rr: 0.000000000 0.808455794 0.191544206
KQ:/crc/: 0.891519350 0.108480650 0.000000000
KQ:/crc/cr: 0.000435615 0.692066448 0.307497938
KQ:/crc/rr: 0.000000000 0.000035644 0.999964356
KQ:/crrc/: 0.005687257 0.994312743 0.000000000
KQ:/crrc/cr: 0.012872612 0.690312751 0.296814637
KQ:/crrc/rr: 0.000000000 0.004148760 0.995851240
KQ:/rc/: 0.000006652 0.999993348 0.000000000
KQ:/rc/cr: 0.000011536 0.477322584 0.522665880
KQ:/rc/rr: 0.000000000 0.500000000 0.500000000
KQ:/rrc/: 0.700413011 0.299586989 0.000000000
KQ:/rrc/cr: 0.031555691 0.840252745 0.128191564
KQ:/rrc/rr: 0.000000000 0.375109987 0.624890013
Q:/: 0.763702523 0.236297477 0.000000000
Q:/cr: 0.182976539 0.816727346 0.000296115
Q:/rr: 0.000000000 0.999993453 0.000006547
QJ:/cc/: 0.000021160 0.999978840 0.000000000
QJ:/cc/cr: 0.000007053 0.000007053 0.999985893
QJ:/cc/rr: 0.000000000 0.500000000 0.500000000
QJ:/crc/: 0.035632410 0.964367590 0.000000000
QJ:/crc/cr: 0.002329825 0.000002985 0.997667190
QJ:/crc/rr: 0.000000000 0.000121182 0.999878818
QJ:/crrc/: 0.012035986 0.987964014 0.000000000
QJ:/crrc/cr: 0.000107665 0.000013006 0.999879330
QJ:/crrc/rr: 0.000000000 0.001601337 0.998398663
QJ:/rc/: 0.015529563 0.984470437 0.000000000
QJ:/rc/cr: 0.000002217 0.000002217 0.999995566
QJ:/rc/rr: 0.000000000 0.000210793 0.999789207
QJ:/rrc/: 0.000003274 0.999996726 0.000000000
QJ:/rrc/cr: 0.000001091 0.000001091 0.999997818
QJ:/rrc/rr: 0.000000000 0.500000000 0.500000000
QK:/cc/: 0.262120415 0.737879585 0.000000000
QK:/cc/cr: 0.002087716 0.997893853 0.000018431
QK:/cc/rr: 0.000000000 0.556995114 0.443004886
QK:/crc/: 0.000920199 0.999079801 0.000000000
QK:/crc/cr: 0.000002881 0.558911231 0.441085887
QK:/crc/rr: 0.000000000 0.004692461 0.995307539
QK:/crrc/: 0.943269092 0.056730908 0.000000000
QK:/crrc/cr: 0.000544117 0.442495974 0.556959909
QK:/crrc/rr: 0.000000000 0.000568989 0.999431011
QK:/rc/: 0.438687476 0.561312524 0.000000000
QK:/rc/cr: 0.014712603 0.531456839 0.453830558
QK:/rc/rr: 0.000000000 0.200733963 0.799266037
QK:/rrc/: 0.118268180 0.881731820 0.000000000
QK:/rrc/cr: 0.000001238 0.310340641 0.689658122
QK:/rrc/rr: 0.000000000 0.000199360 0.999800640
QQ:/cc/: 0.476745196 0.523254804 0.000000000
QQ:/cc/cr: 0.999973041 0.000013480 0.000013480
QQ:/cc/rr: 0.000000000 0.999977808 0.000022192
QQ:/crc/: 0.987012091 0.012987909 0.000000000
QQ:/crc/cr: 0.999556716 0.000221642 0.000221642
QQ:/crc/rr: 0.000000000 0.999995625 0.000004375
QQ:/crrc/: 0.079813809 0.920186191 0.000000000
QQ:/crrc/cr: 0.999972073 0.000013964 0.000013964
QQ:/crrc/rr: 0.000000000 0.999758517 0.000241483
QQ:/rc/: 0.500700948 0.499299052 0.000000000
QQ:/rc/cr: 0.999990058 0.000005571 0.000004371
QQ:/rc/rr: 0.000000000 0.999993462 0.000006538
QQ:/rrc/: 0.975643592 0.024356408 0.000000000
QQ:/rrc/cr: 0.999910399 0.000044801 0.000044801
QQ:/rrc/rr: 0.000000000 0.999998322 0.000001678
