J:/c: 0.303068183 0.696931817 0.000000000
J:/crr: 0.000000000 0.999983502 0.000016498
J:/r: 0.054581214 0.128432824 0.816985962
JJ:/cc/c: 0.999992826 0.000007174 0.000000000
JJ:/cc/crr: 0.000000000 0.999996413 0.000003587
JJ:/cc/r: 0.999990434 0.000004783 0.000004783
JJ:/crc/c: 0.999983502 0.000016498 0.000000000
JJ:/crc/crr: 0.000000000 0.999991751 0.000008249
JJ:/crc/r: 0.999532875 0.000456127 0.000010999
JJ:/crrc/c: 0.999991751 0.000008249 0.000000000
JJ:/crrc/crr: 0.000000000 0.999995875 0.000004125
JJ:/crrc/r: 0.999970251 0.000024250 0.000005499
JJ:/rc/c: 0.999974046 0.000025954 0.000000000
JJ:/rc/crr: 0.000000000 0.999987023 0.000012977
JJ:/rc/r: 0.999911063 0.000071635 0.000017303
JJ:/rrc/c: 0.999938929 0.000061071 0.000000000
JJ:/rrc/crr: 0.000000000 0.999969463 0.000030537
JJ:/rrc/r: 0.999888074 0.000071212 0.000040714
JK:/cc/c: 0.007084242 0.992915758 0.000000000
JK:/cc/crr: 0.000000000 0.000506356 0.999493644
JK:/cc/r: 0.000004783 0.000004783 0.999990434
JK:/crc/c: 0.512946926 0.487053074 0.000000000
JK:/crc/crr: 0.000000000 0.000016082 0.999983918
JK:/crc/r: 0.016811275 0.000010999 0.983177727
JK:/crrc/c: 0.524833543 0.475166457 0.000000000
JK:/crrc/crr: 0.000000000 0.000007859 0.999992141
JK:/crrc/r: 0.200106508 0.000005499 0.799887992
JK:/rc/c: 0.369672346 0.630327654 0.000000000
JK:/rc/crr: 0.000000000 0.000035104 0.999964896
JK:/rc/r: 0.349216498 0.000017303 0.650766199
JK:/rrc/c: 0.999938929 0.000061071 0.000000000
JK:/rrc/crr: 0.000000000 0.000030537 0.999969463
JK:/rrc/r: 0.283362574 0.000040714 0.716596712
JQ:/cc/c: 0.068515553 0.931484447 0.000000000
JQ:/cc/crr: 0.000000000 0.000052355 0.999947645
JQ:/cc/r: 0.031138406 0.000004783 0.968856811
JQ:/crc/c: 0.467442601 0.532557399 0.000000000
JQ:/crc/crr: 0.000000000 0.000017647 0.999982353
JQ:/crc/r: 0.000061614 0.000010999 0.999927388
JQ:/crrc/c: 0.036136141 0.963863859 0.000000000
JQ:/crrc/crr: 0.000000000 0.000114139 0.999885861
JQ:/crrc/r: 0.267822310 0.000005499 0.732172190
JQ:/rc/c: 0.998446222 0.001553778 0.000000000
JQ:/rc/crr: 0.000000000 0.000012997 0.999987003
JQ:/rc/r: 0.000017303 0.000017303 0.999965395
JQ:/rrc/c: 0.008916794 0.991083206 0.000000000
JQ:/rrc/crr: 0.000000000 0.003424497 0.996575503
JQ:/rrc/r: 0.429008065 0.000040714 0.570951221
K:/c: 0.999896730 0.000103270 0.000000000
K:/crr: 0.000000000 0.999994999 0.000005001
K:/r: 0.574018370 0.425974964 0.000006667
KJ:/cc/c: 0.048416728 0.951583272 0.000000000
KJ:/cc/crr: 0.000000000 0.500000000 0.500000000
KJ:/cc/r: 0.032277818 0.032277818 0.935444363
KJ:/crc/c: 0.160756598 0.839243402 0.000000000
KJ:/crc/crr: 0.000000000 0.999984447 0.000015553
KJ:/crc/r: 0.000031207 0.730457797 0.269510996
KJ:/crrc/c: 0.255332367 0.744667633 0.000000000
KJ:/crrc/crr: 0.000000000 0.980609300 0.019390700
KJ:/crrc/r: 0.076450721 0.780596063 0.142953217
KJ:/rc/c: 0.442086859 0.557913141 0.000000000
KJ:/rc/crr: 0.000000000 0.870583483 0.129416517
KJ:/rc/r: 0.022859290 0.745504518 0.231636191
KJ:/rrc/c: 0.471171921 0.528828079 0.000000000
KJ:/rrc/crr: 0.000000000 0.999993838 0.000006162
KJ:/rrc/r: 0.038523600 0.903902274 0.057574126
KK:/cc/c: 0.951583272 0.048416728 0.000000000
KK:/cc/crr: 0.000000000 0.974559910 0.025440090
KK:/cc/r: 0.935444363 0.032277818 0.032277818
KK:/crc/c: 0.999994999 0.000005001 0.000000000
KK:/crc/crr: 0.000000000 0.999997500 0.000002500
KK:/crc/r: 0.992447284 0.007549382 0.000003334
KK:/crrc/c: 0.999997500 0.000002500 0.000000000
KK:/crrc/crr: 0.000000000 0.999998750 0.000001250
KK:/crrc/r: 0.999957802 0.000040531 0.000001667
KK:/rc/c: 0.999992175 0.000007825 0.000000000
KK:/rc/crr: 0.000000000 0.999996087 0.000003913
KK:/rc/r: 0.999981475 0.000013308 0.000005217
KK:/rrc/c: 0.999994193 0.000005807 0.000000000
KK:/rrc/crr: 0.000000000 0.999997096 0.000002904
KK:/rrc/r: 0.999804514 0.000191614 0.000003871
KQ:/cc/c: 0.048416728 0.951583272 0.000000000
KQ:/cc/crr: 0.000000000 0.500000000 0.500000000
KQ:/cc/r: 0.032277818 0.935444363 0.032277818
KQ:/crc/c: 0.133403825 0.866596175 0.000000000
KQ:/crc/crr: 0.000000000 0.000921602 0.999078398
KQ:/crc/r: 0.000018953 0.444374827 0.555606220
KQ:/crrc/c: 0.612361092 0.387638908 0.000000000
KQ:/crrc/crr: 0.000000000 0.409858989 0.590141011
KQ:/crrc/r: 0.000033790 0.708518831 0.291447379
KQ:/rc/c: 0.000007825 0.999992175 0.000000000
KQ:/rc/crr: 0.000000000 0.500000000 0.500000000
KQ:/rc/r: 0.000016037 0.290539146 0.709444817
KQ:/rrc/c: 0.502116777 0.497883223 0.000000000
KQ:/rrc/crr: 0.000000000 0.451389451 0.548610549
KQ:/rrc/r: 0.078499347 0.546228255 0.375272398
Q:/c: 0.845776324 0.154223676 0.000000000
Q:/crr: 0.000000000 0.999994088 0.000005912
Q:/r: 0.361501703 0.638482402 0.000015895
QJ:/cc/c: 0.000032420 0.999967580 0.000000000
QJ:/cc/crr: 0.000000000 0.500000000 0.500000000
QJ:/cc/r: 0.000021614 0.000021614 0.999956773
QJ:/crc/c: 0.403341725 0.596658275 0.000000000
QJ:/crc/crr: 0.000000000 0.000040666 0.999959334
QJ:/crc/r: 0.000003941 0.000003941 0.999992118
QJ:/crrc/c: 0.000002956 0.999997044 0.000000000
QJ:/crrc/crr: 0.000000000 0.500000000 0.500000000
QJ:/crrc/r: 0.021470237 0.000001971 0.978527793
QJ:/rc/c: 0.000030422 0.999969578 0.000000000
QJ:/rc/crr: 0.000000000 0.085804020 0.914195980
QJ:/rc/r: 0.019231261 0.000003480 0.980765258
QJ:/rrc/c: 0.000009221 0.999990779 0.000000000
QJ:/rrc/crr: 0.000000000 0.500000000 0.500000000
QJ:/rrc/r: 0.000099393 0.000006147 0.999894460
QK:/cc/c: 0.029388007 0.970611993 0.000000000
QK:/cc/crr: 0.000000000 0.999448407 0.000551593
QK:/cc/r: 0.000064799 0.725525962 0.274409239
QK:/crc/c: 0.341603890 0.658396110 0.000000000
QK:/crc/crr: 0.000000000 0.000389788 0.999610212
QK:/crc/r: 0.000051905 0.468170456 0.531777639
QK:/crrc/c: 0.072325748 0.927674252 0.000000000
QK:/crrc/crr: 0.000000000 0.001569739 0.998430261
QK:/crrc/r: 0.000035616 0.287655314 0.712309070
QK:/rc/c: 0.379831343 0.620168657 0.000000000
QK:/rc/crr: 0.000000000 0.000174888 0.999825112
QK:/rc/r: 0.000004445 0.314847096 0.685148459
QK:/rrc/c: 0.426630134 0.573369866 0.000000000
QK:/rrc/crr: 0.000000000 0.068624982 0.931375018
QK:/rrc/r: 0.000079018 0.517433729 0.482487252
QQ:/cc/c: 0.999967580 0.000032420 0.000000000
QQ:/cc/crr: 0.000000000 0.999983789 0.000016211
QQ:/cc/r: 0.999923369 0.000055018 0.000021614
QQ:/crc/c: 0.999994088 0.000005912 0.000000000
QQ:/crc/crr: 0.000000000 0.999997044 0.000002956
QQ:/crc/r: 0.999943372 0.000052687 0.000003941
QQ:/crrc/c: 0.999997044 0.000002956 0.000000000
QQ:/crrc/crr: 0.000000000 0.999998522 0.000001478
QQ:/crrc/r: 0.999967342 0.000030687 0.000001971
QQ:/rc/c: 0.999994779 0.000005221 0.000000000
QQ:/rc/crr: 0.000000000 0.999997390 0.000002610
QQ:/rc/r: 0.961129022 0.038867498 0.000003480
QQ:/rrc/c: 0.999990779 0.000009221 0.000000000
QQ:/rrc/crr: 0.000000000 0.999995390 0.000004610
QQ:/rrc/r: 0.999950438 0.000043415 0.000006147
