J:/: 0.070968057 0.929031943 0.000000000
J:/cr: 0.019405934 0.033187038 0.947407028
J:/rr: 0.000000000 0.999929546 0.000070454
JJ:/cc/: 0.000102549 0.999897451 0.000000000
JJ:/cc/cr: 0.999996412 0.000001794 0.000001794
JJ:/cc/rr: 0.000000000 0.973759056 0.026240944
JJ:/crc/: 0.943480317 0.056519683 0.000000000
JJ:/crc/cr: 0.999362385 0.000318808 0.000318808
JJ:/crc/rr: 0.000000000 0.999971352 0.000028648
JJ:/crrc/: 0.998928724 0.001071276 0.000000000
JJ:/crrc/cr: 0.942470468 0.028764766 0.028764766
JJ:/crrc/rr: 0.000000000 0.999953728 0.000046272
JJ:/rc/: 0.956493545 0.043506455 0.000000000
JJ:/rc/cr: 0.998920402 0.000539799 0.000539799
JJ:/rc/rr: 0.000000000 0.999963171 0.000036829
JJ:/rrc/: 0.999964770 0.000035230 0.000000000
JJ:/rrc/cr: 0.333333333 0.333333333 0.333333333
JJ:/rrc/rr: 0.000000000 0.999982385 0.000017615
JK:/cc/: 0.075531335 0.924468665 0.000000000
JK:/cc/cr: 0.000001941 0.000001941 0.999996119
JK:/cc/rr: 0.000000000 0.000035627 0.999964373
JK:/crc/: 0.034078670 0.965921330 0.000000000
JK:/crc/cr: 0.022789639 0.000018655 0.977191707
JK:/crc/rr: 0.000000000 0.000793116 0.999206884
JK:/crrc/: 0.999907555 0.000092445 0.000000000
JK:/crrc/cr: 0.333333333 0.333333333 0.333333333
JK:/crrc/rr: 0.000000000 0.000046227 0.999953773
JK:/rc/: 0.999929546 0.000070454 0.000000000
JK:/rc/cr: 0.333333333 0.333333333 0.333333333
JK:/rc/rr: 0.000000000 0.000035230 0.999964770
JK:/rrc/: 0.541720613 0.458279387 0.000000000
JK:/rrc/cr: 0.960924993 0.000025625 0.039049383
JK:/rrc/rr: 0.000000000 0.000032516 0.999967484
JQ:/cc/: 0.163412022 0.836587978 0.000000000
JQ:/cc/cr: 0.000002144 0.000002144 0.999995711
JQ:/cc/rr: 0.000000000 0.000016467 0.999983533
JQ:/crc/: 0.995504663 0.004495337 0.000000000
JQ:/crc/cr: 0.004008354 0.004008354 0.991983292
JQ:/crc/rr: 0.000000000 0.000027150 0.999972850
JQ:/crrc/: 0.019032068 0.980967932 0.000000000
JQ:/crrc/cr: 0.144252804 0.000031413 0.855715783
JQ:/crrc/rr: 0.000000000 0.002428665 0.997571335
JQ:/rc/: 0.999255860 0.000744140 0.000000000
JQ:/rc/cr: 0.031559592 0.031559592 0.936880816
JQ:/rc/rr: 0.000000000 0.000035253 0.999964747
JQ:/rrc/: 0.135083858 0.864916142 0.000000000
JQ:/rrc/cr: 0.000013577 0.000013577 0.999972845
JQ:/rrc/rr: 0.000000000 0.000130399 0.999869601
K:/: 0.750780727 0.249219273 0.000000000
K:/cr: 0.708338025 0.291648600 0.000013375
K:/rr: 0.000000000 0.999993340 0.000006660
KJ:/cc/: 0.000020063 0.999979937 0.000000000
KJ:/cc/cr: 0.000006688 0.000006688 0.999986625
KJ:/cc/rr: 0.000000000 0.500000000 0.500000000
KJ:/crc/: 0.000022930 0.999977070 0.000000000
KJ:/crc/cr: 0.000007644 0.999984713 0.000007644
KJ:/crc/rr: 0.000000000 0.500000000 0.500000000
KJ:/crrc/: 0.056758386 0.943241614 0.000000000
KJ:/crrc/cr: 0.000003336 0.999993327 0.000003336
KJ:/crrc/rr: 0.000000000 0.378941481 0.621058519
KJ:/rc/: 0.000078584 0.999921416 0.000000000
KJ:/rc/cr: 0.003393450 0.987149600 0.009456950
KJ:/rc/rr: 0.000000000 0.957626500 0.042373500
KJ:/rrc/: 0.081742319 0.918257681 0.000000000
KJ:/rrc/cr: 0.000003195 0.999995597 0.000001209
KJ:/rrc/rr: 0.000000000 0.505166526 0.494833474
KK:/cc/: 0.999940593 0.000059407 0.000000000
KK:/cc/cr: 0.774856905 0.112571547 0.112571547
KK:/cc/rr: 0.000000000 0.999989968 0.000010032
KK:/crc/: 0.119375180 0.880624820 0.000000000
KK:/crc/cr: 0.999982641 0.000008680 0.000008680
KK:/crc/rr: 0.000000000 0.999903958 0.000096042
KK:/crrc/: 0.999737651 0.000262349 0.000000000
KK:/crrc/cr: 0.976008568 0.011995716 0.011995716
KK:/crrc/rr: 0.000000000 0.999995278 0.000004722
KK:/rc/: 0.797773724 0.202226276 0.000000000
KK:/rc/cr: 0.999978045 0.000010977 0.000010977
KK:/rc/rr: 0.000000000 0.999995826 0.000004174
KK:/rrc/: 0.513009766 0.486990234 0.000000000
KK:/rrc/cr: 0.999995382 0.000002338 0.000002279
KK:/rrc/rr: 0.000000000 0.999996755 0.000003245
KQ:/cc/: 0.000020063 0.999979937 0.000000000
KQ:/cc/cr: 0.000006688 0.430587075 0.569406238
KQ:/cc/rr: 0.000000000 0.500000000 0.500000000
KQ:/crc/: 0.898074485 0.101925515 0.000000000
KQ:/crc/cr: 0.000074990 0.425919267 0.574005743
KQ:/crc/rr: 0.000000000 0.000012766 0.999987234
KQ:/crrc/: 0.004224894 0.995775106 0.000000000
KQ:/crrc/cr: 0.008473765 0.701760713 0.289765522
KQ:/crrc/rr: 0.000000000 0.391330994 0.608669006
KQ:/rc/: 0.000006660 0.999993340 0.000000000
KQ:/rc/cr: 0.000008164 0.480188599 0.519803237
KQ:/rc/rr: 0.000000000 0.500000000 0.500000000
KQ:/rrc/: 0.722837675 0.277162325 0.000000000
KQ:/rrc/cr: 0.008762593 0.918603974 0.072633433
KQ:/rrc/rr: 0.000000000 0.393469719 0.606530281
Q:/: 0.755270479 0.244729521 0.000000000
Q:/cr: 0.162293877 0.837689308 0.000016815
Q:/rr: 0.000000000 0.999993380 0.000006620
QJ:/cc/: 0.000020431 0.999979569 0.000000000
QJ:/cc/cr: 0.000006810 0.000006810 0.999986379
QJ:/cc/rr: 0.000000000 0.500000000 0.500000000
QJ:/crc/: 0.029325774 0.970674226 0.000000000
QJ:/crc/cr: 0.000540580 0.000002792 0.999456629
QJ:/crc/rr: 0.000000000 0.000138612 0.999861388
QJ:/crrc/: 0.027405915 0.972594085 0.000000000
QJ:/crrc/cr: 0.000014382 0.000014382 0.999971237
QJ:/crrc/rr: 0.000000000 0.000765572 0.999234428
QJ:/rc/: 0.016814106 0.983185894 0.000000000
QJ:/rc/cr: 0.000002244 0.000002244 0.999995511
QJ:/rc/rr: 0.000000000 0.000196863 0.999803137
QJ:/rrc/: 0.000003310 0.999996690 0.000000000
QJ:/rrc/cr: 0.000001103 0.000001103 0.999997793
QJ:/rrc/rr: 0.000000000 0.500000000 0.500000000
QK:/cc/: 0.535668178 0.464331822 0.000000000
QK:/cc/cr: 0.000055654 0.999928350 0.000015996
QK:/cc/rr: 0.000000000 0.999980930 0.000019070
QK:/crc/: 0.003462034 0.996537966 0.000000000
QK:/crc/cr: 0.000003051 0.554784866 0.445212083
QK:/crc/rr: 0.000000000 0.001174135 0.998825865
QK:/crrc/: 0.999822528 0.000177472 0.000000000
QK:/crrc/cr: 0.078815240 0.433439519 0.487745241
QK:/crrc/rr: 0.000000000 0.000528532 0.999471468
QK:/rc/: 0.418850264 0.581149736 0.000000000
QK:/rc/cr: 0.002026628 0.529486936 0.468486436
QK:/rc/rr: 0.000000000 0.198705007 0.801294993
QK:/rrc/: 0.121638435 0.878361565 0.000000000
QK:/rrc/cr: 0.000006893 0.305868381 0.694124726
QK:/rrc/rr: 0.000000000 0.000013606 0.999986394
QQ:/cc/: 0.478088325 0.521911675 0.000000000
QQ:/cc/cr: 0.999973903 0.000013049 0.000013049
QQ:/cc/rr: 0.000000000 0.999978633 0.000021367
QQ:/crc/: 0.988701376 0.011298624 0.000000000
QQ:/crc/cr: 0.999520308 0.000239846 0.000239846
QQ:/crc/rr: 0.000000000 0.999995889 0.000004111
QQ:/crrc/: 0.064232023 0.935767977 0.000000000
QQ:/crrc/cr: 0.999969958 0.000015094 0.000014948
QQ:/crrc/rr: 0.000000000 0.999673353 0.000326647
QQ:/rc/: 0.478462605 0.521537395 0.000000000
QQ:/rc/cr: 0.999991538 0.000004231 0.000004231
QQ:/rc/rr: 0.000000000 0.999993082 0.000006918
QQ:/rrc/: 0.983302260 0.016697740 0.000000000
QQ:/rrc/cr: 0.999867843 0.000066079 0.000066079
QQ:/rrc/rr: 0.000000000 0.999998317 0.000001683
