J:/: 0.073208584 0.926791416 0.000000000
J:/cr: 0.018495364 0.032504323 0.949000313
J:/rr: 0.000000000 0.999931702 0.000068298
JJ:/cc/: 0.000272071 0.999727929 0.000000000
JJ:/cc/cr: 0.999996402 0.000001799 0.000001799
JJ:/cc/rr: 0.000000000 0.990085375 0.009914625
JJ:/crc/: 0.964473816 0.035526184 0.000000000
JJ:/crc/cr: 0.998961789 0.000519106 0.000519106
JJ:/crc/rr: 0.000000000 0.999971318 0.000028682
JJ:/crrc/: 0.937567976 0.062432024 0.000000000
JJ:/crrc/cr: 0.998961742 0.000519129 0.000519129
JJ:/crrc/rr: 0.000000000 0.999948147 0.000051853
JJ:/rc/: 0.831891718 0.168108282 0.000000000
JJ:/rc/cr: 0.999729151 0.000135425 0.000135425
JJ:/rc/rr: 0.000000000 0.999958950 0.000041050
JJ:/rrc/: 0.998683753 0.001316247 0.000000000
JJ:/rrc/cr: 0.982702676 0.008648662 0.008648662
JJ:/rrc/rr: 0.000000000 0.999982902 0.000017098
JK:/cc/: 0.078312706 0.921687294 0.000000000
JK:/cc/cr: 0.000003439 0.000001951 0.999994610
JK:/cc/rr: 0.000000000 0.000034445 0.999965555
JK:/crc/: 0.087253384 0.912746616 0.000000000
JK:/crc/cr: 0.048133493 0.000020205 0.951846303
JK:/crc/rr: 0.000000000 0.000317039 0.999682961
JK:/crrc/: 0.999902769 0.000097231 0.000000000
JK:/crrc/cr: 0.333333333 0.333333333 0.333333333
JK:/crrc/rr: 0.000000000 0.000048620 0.999951380
JK:/rc/: 0.996672777 0.003327223 0.000000000
JK:/rc/cr: 0.985964465 0.006842343 0.007193192
JK:/rc/rr: 0.000000000 0.000034263 0.999965737
JK:/rrc/: 0.523040211 0.476959789 0.000000000
JK:/rrc/cr: 0.881460458 0.000023867 0.118515675
JK:/rrc/rr: 0.000000000 0.000032647 0.999967353
JQ:/cc/: 0.171776945 0.828223055 0.000000000
JQ:/cc/cr: 0.000004958 0.000002171 0.999992871
JQ:/cc/rr: 0.000000000 0.000015703 0.999984297
JQ:/crc/: 0.993793003 0.006206997 0.000000000
JQ:/crc/cr: 0.118663790 0.002971138 0.878365072
JQ:/crc/rr: 0.000000000 0.000027836 0.999972164
JQ:/crrc/: 0.030182486 0.969817514 0.000000000
JQ:/crrc/cr: 0.174780298 0.000033419 0.825186283
JQ:/crrc/rr: 0.000000000 0.001610716 0.998389284
JQ:/rc/: 0.996261564 0.003738436 0.000000000
JQ:/rc/cr: 0.006089713 0.006089713 0.987820575
JQ:/rc/rr: 0.000000000 0.000034277 0.999965723
JQ:/rrc/: 0.158268510 0.841731490 0.000000000
JQ:/rrc/cr: 0.000013524 0.000013524 0.999972952
JQ:/rrc/rr: 0.000000000 0.000107890 0.999892110
K:/: 0.751914485 0.248085515 0.000000000
K:/cr: 0.704668065 0.295318499 0.000013436
K:/rr: 0.000000000 0.999993350 0.000006650
KJ:/cc/: 0.000052595 0.999947405 0.000000000
KJ:/cc/cr: 0.000048226 0.000009370 0.999942405
KJ:/cc/rr: 0.000000000 0.808399020 0.191600980
KJ:/crc/: 0.000057750 0.999942250 0.000000000
KJ:/crc/cr: 0.000033928 0.999958489 0.000007583
KJ:/crc/rr: 0.000000000 0.803042424 0.196957576
KJ:/crrc/: 0.033018537 0.966981463 0.000000000
KJ:/crrc/cr: 0.001419242 0.995809964 0.002770794
KJ:/crrc/rr: 0.000000000 0.376416494 0.623583506
KJ:/rc/: 0.038159501 0.961840499 0.000000000
KJ:/rc/cr: 0.008965155 0.949109661 0.041925184
KJ:/rc/rr: 0.000000000 0.233080527 0.766919473
KJ:/rrc/: 0.081504268 0.918495732 0.000000000
KJ:/rrc/cr: 0.000160844 0.999362238 0.000476917
KJ:/rrc/rr: 0.000000000 0.494670947 0.505329053
KK:/cc/: 0.999654718 0.000345282 0.000000000
KK:/cc/cr: 0.961086202 0.019456899 0.019456899
KK:/cc/rr: 0.000000000 0.999989919 0.000010081
KK:/crc/: 0.206387006 0.793612994 0.000000000
KK:/crc/cr: 0.999980890 0.000009555 0.000009555
KK:/crc/rr: 0.000000000 0.999944888 0.000055112
KK:/crrc/: 0.984082415 0.015917585 0.000000000
KK:/crrc/cr: 0.999600705 0.000199648 0.000199648
KK:/crrc/rr: 0.000000000 0.999995156 0.000004844
KK:/rc/: 0.810337956 0.189662044 0.000000000
KK:/rc/cr: 0.999976626 0.000011687 0.000011687
KK:/rc/rr: 0.000000000 0.999995897 0.000004103
KK:/rrc/: 0.504915558 0.495084442 0.000000000
KK:/rrc/cr: 0.999995523 0.000002239 0.000002239
KK:/rrc/rr: 0.000000000 0.999996708 0.000003292
KQ:/cc/: 0.000187574 0.999812426 0.000000000
KQ:/cc/cr: 0.000043362 0.430360532 0.569596106
KQ:/cc/rr: 0.000000000 0.946276333 0.053723667
KQ:/crc/: 0.885525301 0.114474699 0.000000000
KQ:/crc/cr: 0.000414547 0.615800849 0.383784604
KQ:/crc/rr: 0.000000000 0.000032720 0.999967280
KQ:/crrc/: 0.018387237 0.981612763 0.000000000
KQ:/crrc/cr: 0.011787761 0.686461101 0.301751138
KQ:/crrc/rr: 0.000000000 0.251966272 0.748033728
KQ:/rc/: 0.000271650 0.999728350 0.000000000
KQ:/rc/cr: 0.000018113 0.477884910 0.522096977
KQ:/rc/rr: 0.000000000 0.150653634 0.849346366
KQ:/rrc/: 0.698157623 0.301842377 0.000000000
KQ:/rrc/cr: 0.031298876 0.836259606 0.132441518
KQ:/rrc/rr: 0.000000000 0.387979461 0.612020539
Q:/: 0.753663714 0.246336286 0.000000000
Q:/cr: 0.181296167 0.818169568 0.000534265
Q:/rr: 0.000000000 0.999993366 0.000006634
QJ:/cc/: 0.000020297 0.999979703 0.000000000
QJ:/cc/cr: 0.000006766 0.000006766 0.999986468
QJ:/cc/rr: 0.000000000 0.500000000 0.500000000
QJ:/crc/: 0.029140574 0.970859426 0.000000000
QJ:/crc/cr: 0.000996246 0.000002839 0.999000915
QJ:/crc/rr: 0.000000000 0.000141889 0.999858111
QJ:/crrc/: 0.031295955 0.968704045 0.000000000
QJ:/crrc/cr: 0.000235270 0.000012842 0.999751888
QJ:/crrc/rr: 0.000000000 0.000596230 0.999403770
QJ:/rc/: 0.010562835 0.989437165 0.000000000
QJ:/rc/cr: 0.000003789 0.000002235 0.999993976
QJ:/rc/rr: 0.000000000 0.000314038 0.999685962
QJ:/rrc/: 0.000003317 0.999996683 0.000000000
QJ:/rrc/cr: 0.000001106 0.000001106 0.999997789
QJ:/rrc/rr: 0.000000000 0.500000000 0.500000000
QK:/cc/: 0.463065998 0.536934002 0.000000000
QK:/cc/cr: 0.000890468 0.999061502 0.000048030
QK:/cc/rr: 0.000000000 0.488784599 0.511215401
QK:/crc/: 0.002826986 0.997173014 0.000000000
QK:/crc/cr: 0.000002764 0.558250484 0.441746752
QK:/crc/rr: 0.000000000 0.001462592 0.998537408
QK:/crrc/: 0.910005426 0.089994574 0.000000000
QK:/crrc/cr: 0.000416660 0.534360895 0.465222445
QK:/crrc/rr: 0.000000000 0.000595515 0.999404485
QK:/rc/: 0.435626252 0.564373748 0.000000000
QK:/rc/cr: 0.005453082 0.523115591 0.471431326
QK:/rc/rr: 0.000000000 0.201340184 0.798659816
QK:/rrc/: 0.118927065 0.881072935 0.000000000
QK:/rrc/cr: 0.000001255 0.299160191 0.700838554
QK:/rrc/rr: 0.000000000 0.000466346 0.999533654
QQ:/cc/: 0.485455047 0.514544953 0.000000000
QQ:/cc/cr: 0.999973702 0.000013149 0.000013149
QQ:/cc/rr: 0.000000000 0.999979094 0.000020906
QQ:/crc/: 0.991251122 0.008748878 0.000000000
QQ:/crc/cr: 0.999369865 0.000315067 0.000315067
QQ:/crc/rr: 0.000000000 0.999995829 0.000004171
QQ:/crrc/: 0.147157489 0.852842511 0.000000000
QQ:/crrc/cr: 0.999970828 0.000014586 0.000014586
QQ:/crrc/rr: 0.000000000 0.999873200 0.000126800
QQ:/rc/: 0.480171553 0.519828447 0.000000000
QQ:/rc/cr: 0.999991492 0.000004254 0.000004254
QQ:/rc/rr: 0.000000000 0.999993092 0.000006908
QQ:/rrc/: 0.974697467 0.025302533 0.000000000
QQ:/rrc/cr: 0.999912600 0.000043700 0.000043700
QQ:/rrc/rr: 0.000000000 0.999998298 0.000001702
