J:/c: 0.290070325 0.709929675 0.000000000
J:/crr: 0.000000000 0.999982763 0.000017237
J:/r: 0.055184580 0.129990311 0.814825109
JJ:/cc/c: 0.999992957 0.000007043 0.000000000
JJ:/cc/crr: 0.000000000 0.999996478 0.000003522
JJ:/cc/r: 0.999982727 0.000012578 0.000004695
JJ:/crc/c: 0.999982763 0.000017237 0.000000000
JJ:/crc/crr: 0.000000000 0.999991381 0.000008619
JJ:/crc/r: 0.999977017 0.000011491 0.000011491
JJ:/crrc/c: 0.999991381 0.000008619 0.000000000
JJ:/crrc/crr: 0.000000000 0.999995691 0.000004309
JJ:/crrc/r: 0.999988508 0.000005746 0.000005746
JJ:/rc/c: 0.999974357 0.000025643 0.000000000
JJ:/rc/crr: 0.000000000 0.999987178 0.000012822
JJ:/rc/r: 0.999958312 0.000024593 0.000017095
JJ:/rrc/c: 0.999939597 0.000060403 0.000000000
JJ:/rrc/crr: 0.000000000 0.999969797 0.000030203
JJ:/rrc/r: 0.999733040 0.000226692 0.000040269
JK:/cc/c: 0.009062206 0.990937794 0.000000000
JK:/cc/crr: 0.000000000 0.016990806 0.983009194
JK:/cc/r: 0.000010352 0.000004695 0.999984953
JK:/crc/c: 0.553668839 0.446331161 0.000000000
JK:/crc/crr: 0.000000000 0.000015566 0.999984434
JK:/crc/r: 0.082654982 0.000011491 0.917333527
JK:/crrc/c: 0.470737008 0.529262992 0.000000000
JK:/crrc/crr: 0.000000000 0.000009155 0.999990845
JK:/crrc/r: 0.215158408 0.000005746 0.784835847
JK:/rc/c: 0.379694750 0.620305250 0.000000000
JK:/rc/crr: 0.000000000 0.000033768 0.999966232
JK:/rc/r: 0.360659574 0.000017095 0.639323331
JK:/rrc/c: 0.999420104 0.000579896 0.000000000
JK:/rrc/crr: 0.000000000 0.000030219 0.999969781
JK:/rrc/r: 0.267643795 0.000042072 0.732314133
JQ:/cc/c: 0.071934341 0.928065659 0.000000000
JQ:/cc/crr: 0.000000000 0.000048954 0.999951046
JQ:/cc/r: 0.034640164 0.000004695 0.965355141
JQ:/crc/c: 0.453106257 0.546893743 0.000000000
JQ:/crc/crr: 0.000000000 0.000019021 0.999980979
JQ:/crc/r: 0.099735176 0.000011491 0.900253332
JQ:/crrc/c: 0.038237099 0.961762901 0.000000000
JQ:/crrc/crr: 0.000000000 0.000112701 0.999887299
JQ:/crrc/r: 0.232589974 0.000005746 0.767404281
JQ:/rc/c: 0.988284391 0.011715609 0.000000000
JQ:/rc/crr: 0.000000000 0.000012973 0.999987027
JQ:/rc/r: 0.000017095 0.000017095 0.999965809
JQ:/rrc/c: 0.018036004 0.981963996 0.000000000
JQ:/rrc/crr: 0.000000000 0.001674521 0.998325479
JQ:/rrc/r: 0.418567834 0.000040269 0.581391898
K:/c: 0.998454198 0.001545802 0.000000000
K:/crr: 0.000000000 0.999994992 0.000005008
K:/r: 0.575404520 0.424588813 0.000006667
KJ:/cc/c: 0.009901786 0.990098214 0.000000000
KJ:/cc/crr: 0.000000000 0.836667442 0.163332558
KJ:/cc/r: 0.010930005 0.004392655 0.984677339
KJ:/crc/c: 0.162288648 0.837711352 0.000000000
KJ:/crc/crr: 0.000000000 0.999984571 0.000015429
KJ:/crc/r: 0.000110519 0.783726845 0.216162636
KJ:/crrc/c: 0.401223355 0.598776645 0.000000000
KJ:/crrc/crr: 0.000000000 0.999996880 0.000003120
KJ:/crrc/r: 0.019384967 0.833360340 0.147254693
KJ:/rc/c: 0.453045776 0.546954224 0.000000000
KJ:/rc/crr: 0.000000000 0.909535295 0.090464705
KJ:/rc/r: 0.063561312 0.704697785 0.231740903
KJ:/rrc/c: 0.169762615 0.830237385 0.000000000
KJ:/rrc/crr: 0.000000000 0.996038107 0.003961893
KJ:/rrc/r: 0.030181466 0.914534798 0.055283736
KK:/cc/c: 0.996765432 0.003234568 0.000000000
KK:/cc/crr: 0.000000000 0.998377468 0.001622532
KK:/cc/r: 0.992174368 0.005669253 0.002156379
KK:/crc/c: 0.999994992 0.000005008 0.000000000
KK:/crc/crr: 0.000000000 0.999997496 0.000002504
KK:/crc/r: 0.735995591 0.264001070 0.000003338
KK:/crrc/c: 0.999997496 0.000002504 0.000000000
KK:/crrc/crr: 0.000000000 0.999998748 0.000001252
KK:/crrc/r: 0.999996661 0.000001669 0.000001669
KK:/rc/c: 0.999992149 0.000007851 0.000000000
KK:/rc/crr: 0.000000000 0.999996075 0.000003925
KK:/rc/r: 0.999980346 0.000014420 0.000005234
KK:/rrc/c: 0.999994207 0.000005793 0.000000000
KK:/rrc/crr: 0.000000000 0.999997103 0.000002897
KK:/rrc/r: 0.999977357 0.000018781 0.000003862
KQ:/cc/c: 0.016636977 0.983363023 0.000000000
KQ:/cc/crr: 0.000000000 0.902789793 0.097210207
KQ:/cc/r: 0.010910316 0.985156614 0.003933071
KQ:/crc/c: 0.279746685 0.720253315 0.000000000
KQ:/crc/crr: 0.000000000 0.167248792 0.832751208
KQ:/crc/r: 0.000090005 0.436844458 0.563065537
KQ:/crrc/c: 0.614730992 0.385269008 0.000000000
KQ:/crrc/crr: 0.000000000 0.392292391 0.607707609
KQ:/crrc/r: 0.000990185 0.691914701 0.307095114
KQ:/rc/c: 0.006412869 0.993587131 0.000000000
KQ:/rc/crr: 0.000000000 0.008616911 0.991383089
KQ:/rc/r: 0.000024350 0.309627310 0.690348340
KQ:/rrc/c: 0.503669944 0.496330056 0.000000000
KQ:/rrc/crr: 0.000000000 0.473195368 0.526804632
KQ:/rrc/r: 0.074157053 0.555604052 0.370238895
Q:/c: 0.849720175 0.150279825 0.000000000
Q:/crr: 0.000000000 0.999994116 0.000005884
Q:/r: 0.354696547 0.645087801 0.000215652
QJ:/cc/c: 0.000592917 0.999407083 0.000000000
QJ:/cc/crr: 0.000000000 0.028057284 0.971942716
QJ:/cc/r: 0.000049432 0.000022181 0.999928388
QJ:/crc/c: 0.489508624 0.510491376 0.000000000
QJ:/crc/crr: 0.000000000 0.045958555 0.954041445
QJ:/crc/r: 0.000008919 0.000003923 0.999987159
QJ:/crrc/c: 0.000102224 0.999897776 0.000000000
QJ:/crrc/crr: 0.000000000 0.014390768 0.985609232
QJ:/crrc/r: 0.026712519 0.000001961 0.973285519
QJ:/rc/c: 0.000449211 0.999550789 0.000000000
QJ:/rc/crr: 0.000000000 0.005751482 0.994248518
QJ:/rc/r: 0.007435446 0.000003445 0.992561109
QJ:/rrc/c: 0.000278416 0.999721584 0.000000000
QJ:/rrc/crr: 0.000000000 0.016877079 0.983122921
QJ:/rrc/r: 0.000094911 0.000009724 0.999895365
QK:/cc/c: 0.019221446 0.980778554 0.000000000
QK:/cc/crr: 0.000000000 0.999134528 0.000865472
QK:/cc/r: 0.000161787 0.737198994 0.262639219
QK:/crc/c: 0.292847662 0.707152338 0.000000000
QK:/crc/crr: 0.000000000 0.003348046 0.996651954
QK:/crc/r: 0.000423470 0.434328764 0.565247766
QK:/crrc/c: 0.111175221 0.888824779 0.000000000
QK:/crrc/crr: 0.000000000 0.002238423 0.997761577
QK:/crrc/r: 0.000070104 0.280997738 0.718932158
QK:/rc/c: 0.370862906 0.629137094 0.000000000
QK:/rc/crr: 0.000000000 0.006102020 0.993897980
QK:/rc/r: 0.000007258 0.306690366 0.693302376
QK:/rrc/c: 0.423270081 0.576729919 0.000000000
QK:/rrc/crr: 0.000000000 0.052822440 0.947177560
QK:/rrc/r: 0.000090367 0.517944033 0.481965600
QQ:/cc/c: 0.999966729 0.000033271 0.000000000
QQ:/cc/crr: 0.000000000 0.999983364 0.000016636
QQ:/cc/r: 0.999917196 0.000060623 0.000022181
QQ:/crc/c: 0.999994116 0.000005884 0.000000000
QQ:/crc/crr: 0.000000000 0.999997058 0.000002942
QQ:/crc/r: 0.790895225 0.209100852 0.000003923
QQ:/crrc/c: 0.999997058 0.000002942 0.000000000
QQ:/crrc/crr: 0.000000000 0.999998529 0.000001471
QQ:/crrc/r: 0.999996077 0.000001961 0.000001961
QQ:/rc/c: 0.999994833 0.000005167 0.000000000
QQ:/rc/crr: 0.000000000 0.999997416 0.000002584
QQ:/rc/r: 0.999992894 0.000003662 0.000003445
QQ:/rrc/c: 0.999990602 0.000009398 0.000000000
QQ:/rrc/crr: 0.000000000 0.999995301 0.000004699
QQ:/rrc/r: 0.999955821 0.000037914 0.000006265
