J:/: 0.079598779 0.920401221 0.000000000
J:/cr: 0.018285322 0.035523099 0.946191579
J:/rr: 0.000000000 0.999937185 0.000062815
JJ:/cc/: 0.000267580 0.999732420 0.000000000
JJ:/cc/cr: 0.999996377 0.000001811 0.000001811
JJ:/cc/rr: 0.000000000 0.989848992 0.010151008
JJ:/crc/: 0.898499657 0.101500343 0.000000000
JJ:/crc/cr: 0.999665187 0.000167406 0.000167406
JJ:/crc/rr: 0.000000000 0.999971633 0.000028367
JJ:/crrc/: 0.965768270 0.034231730 0.000000000
JJ:/crrc/cr: 0.998071370 0.000964315 0.000964315
JJ:/crrc/rr: 0.000000000 0.999948730 0.000051270
JJ:/rc/: 0.819865985 0.180134015 0.000000000
JJ:/rc/cr: 0.999767525 0.000116238 0.000116238
JJ:/rc/rr: 0.000000000 0.999961692 0.000038308
JJ:/rrc/: 0.991692506 0.008307494 0.000000000
JJ:/rrc/cr: 0.997479425 0.001260287 0.001260287
JJ:/rrc/rr: 0.000000000 0.999984164 0.000015836
JK:/cc/: 0.081947517 0.918052483 0.000000000
JK:/cc/cr: 0.000190074 0.000001972 0.999807953
JK:/cc/rr: 0.000000000 0.000033146 0.999966854
JK:/crc/: 0.055403183 0.944596817 0.000000000
JK:/crc/cr: 0.033974544 0.000017988 0.966007468
JK:/crc/rr: 0.000000000 0.000460040 0.999539960
JK:/crrc/: 0.999817347 0.000182653 0.000000000
JK:/crrc/cr: 0.180725865 0.180725865 0.638548270
JK:/crrc/rr: 0.000000000 0.000049524 0.999950476
JK:/rc/: 0.979647635 0.020352365 0.000000000
JK:/rc/cr: 0.935676959 0.001028792 0.063294249
JK:/rc/rr: 0.000000000 0.000032060 0.999967940
JK:/rrc/: 0.517777689 0.482222311 0.000000000
JK:/rrc/cr: 0.816652022 0.000021712 0.183326266
JK:/rrc/rr: 0.000000000 0.000030331 0.999969669
JQ:/cc/: 0.181399102 0.818600898 0.000000000
JQ:/cc/cr: 0.000008095 0.000002212 0.999989693
JQ:/cc/rr: 0.000000000 0.000014974 0.999985026
JQ:/crc/: 0.988708104 0.011291896 0.000000000
JQ:/crc/cr: 0.071469111 0.001504778 0.927026110
JQ:/crc/rr: 0.000000000 0.000025779 0.999974221
JQ:/crrc/: 0.020412803 0.979587197 0.000000000
JQ:/crrc/cr: 0.117254477 0.000033698 0.882711825
JQ:/crrc/rr: 0.000000000 0.002425696 0.997574304
JQ:/rc/: 0.992362969 0.007637031 0.000000000
JQ:/rc/cr: 0.002741686 0.002741686 0.994516627
JQ:/rc/rr: 0.000000000 0.000031649 0.999968351
JQ:/rrc/: 0.117143437 0.882856563 0.000000000
JQ:/rrc/cr: 0.000075179 0.000011859 0.999912962
JQ:/rrc/rr: 0.000000000 0.000134064 0.999865936
K:/: 0.751303036 0.248696964 0.000000000
K:/cr: 0.695125100 0.304861497 0.000013403
K:/rr: 0.000000000 0.999993345 0.000006655
KJ:/cc/: 0.000056071 0.999943929 0.000000000
KJ:/cc/cr: 0.000048702 0.000008675 0.999942623
KJ:/cc/rr: 0.000000000 0.820721283 0.179278717
KJ:/crc/: 0.000046885 0.999953115 0.000000000
KJ:/crc/cr: 0.000039400 0.999953272 0.000007328
KJ:/crc/rr: 0.000000000 0.765571265 0.234428735
KJ:/crrc/: 0.079250876 0.920749124 0.000000000
KJ:/crrc/cr: 0.014212756 0.979883686 0.005903558
KJ:/crrc/rr: 0.000000000 0.466635977 0.533364023
KJ:/rc/: 0.052212283 0.947787717 0.000000000
KJ:/rc/cr: 0.008684801 0.946331362 0.044983837
KJ:/rc/rr: 0.000000000 0.322630390 0.677369610
KJ:/rrc/: 0.088965412 0.911034588 0.000000000
KJ:/rrc/cr: 0.000461519 0.999243443 0.000295038
KJ:/rrc/rr: 0.000000000 0.840020941 0.159979059
KK:/cc/: 0.994538219 0.005461781 0.000000000
KK:/cc/cr: 0.997546003 0.001226998 0.001226998
KK:/cc/rr: 0.000000000 0.999989892 0.000010108
KK:/crc/: 0.160958947 0.839041053 0.000000000
KK:/crc/cr: 0.999982534 0.000008733 0.000008733
KK:/crc/rr: 0.000000000 0.999931714 0.000068286
KK:/crrc/: 0.987782281 0.012217719 0.000000000
KK:/crrc/cr: 0.999473942 0.000263029 0.000263029
KK:/crrc/rr: 0.000000000 0.999995120 0.000004880
KK:/rc/: 0.856428567 0.143571433 0.000000000
KK:/rc/cr: 0.999969097 0.000015451 0.000015451
KK:/rc/rr: 0.000000000 0.999996115 0.000003885
KK:/rrc/: 0.537179784 0.462820216 0.000000000
KK:/rrc/cr: 0.999995207 0.000002397 0.000002397
KK:/rrc/rr: 0.000000000 0.999996903 0.000003097
KQ:/cc/: 0.000057011 0.999942989 0.000000000
KQ:/cc/cr: 0.000051327 0.424585289 0.575363384
KQ:/cc/rr: 0.000000000 0.823674753 0.176325247
KQ:/crc/: 0.900585664 0.099414336 0.000000000
KQ:/crc/cr: 0.000558543 0.450860673 0.548580784
KQ:/crc/rr: 0.000000000 0.000020379 0.999979621
KQ:/crrc/: 0.041265353 0.958734647 0.000000000
KQ:/crrc/cr: 0.026481527 0.711906142 0.261612330
KQ:/crrc/rr: 0.000000000 0.526611933 0.473388067
KQ:/rc/: 0.000046662 0.999953338 0.000000000
KQ:/rc/cr: 0.000039307 0.484569458 0.515391235
KQ:/rc/rr: 0.000000000 0.928688321 0.071311679
KQ:/rrc/: 0.702193132 0.297806868 0.000000000
KQ:/rrc/cr: 0.041790890 0.804999477 0.153209633
KQ:/rrc/rr: 0.000000000 0.392242052 0.607757948
Q:/: 0.743899691 0.256100309 0.000000000
Q:/cr: 0.160021615 0.838697003 0.001281382
Q:/rr: 0.000000000 0.999993279 0.000006721
QJ:/cc/: 0.000019524 0.999980476 0.000000000
QJ:/cc/cr: 0.000021971 0.000006508 0.999971521
QJ:/cc/rr: 0.000000000 0.500000000 0.500000000
QJ:/crc/: 0.027363920 0.972636080 0.000000000
QJ:/crc/cr: 0.003056619 0.000002659 0.996940721
QJ:/crc/rr: 0.000000000 0.000141783 0.999858217
QJ:/crrc/: 0.006652746 0.993347254 0.000000000
QJ:/crrc/cr: 0.000164396 0.000013647 0.999821957
QJ:/crrc/rr: 0.000000000 0.003056533 0.996943467
QJ:/rc/: 0.010053456 0.989946544 0.000000000
QJ:/rc/cr: 0.000038417 0.000002263 0.999959319
QJ:/rc/rr: 0.000000000 0.000334280 0.999665720
QJ:/rrc/: 0.000003361 0.999996639 0.000000000
QJ:/rrc/cr: 0.000001904 0.000001120 0.999996975
QJ:/rrc/rr: 0.000000000 0.500000000 0.500000000
QK:/cc/: 0.569207520 0.430792480 0.000000000
QK:/cc/cr: 0.208683810 0.791290110 0.000026080
QK:/cc/rr: 0.000000000 0.999982850 0.000017150
QK:/crc/: 0.015621895 0.984378105 0.000000000
QK:/crc/cr: 0.000002628 0.558314505 0.441682867
QK:/crc/rr: 0.000000000 0.000248353 0.999751647
QK:/crrc/: 0.912958639 0.087041361 0.000000000
QK:/crrc/cr: 0.000251883 0.666753956 0.332994161
QK:/crrc/rr: 0.000000000 0.000585882 0.999414118
QK:/rc/: 0.449337567 0.550662433 0.000000000
QK:/rc/cr: 0.035164764 0.514999994 0.449835242
QK:/rc/rr: 0.000000000 0.197849034 0.802150966
QK:/rrc/: 0.123249659 0.876750341 0.000000000
QK:/rrc/cr: 0.000001278 0.305582491 0.694416231
QK:/rrc/rr: 0.000000000 0.000657443 0.999342557
QQ:/cc/: 0.510336541 0.489663459 0.000000000
QQ:/cc/cr: 0.999973419 0.000013290 0.000013290
QQ:/cc/rr: 0.000000000 0.999980872 0.000019128
QQ:/crc/: 0.990853589 0.009146411 0.000000000
QQ:/crc/cr: 0.999434423 0.000282788 0.000282788
QQ:/crc/rr: 0.000000000 0.999996084 0.000003916
QQ:/crrc/: 0.235346159 0.764653841 0.000000000
QQ:/crrc/cr: 0.999964543 0.000017729 0.000017729
QQ:/crrc/rr: 0.000000000 0.999913598 0.000086402
QQ:/rc/: 0.526588403 0.473411597 0.000000000
QQ:/rc/cr: 0.999990535 0.000004733 0.000004733
QQ:/rc/rr: 0.000000000 0.999993618 0.000006382
QQ:/rrc/: 0.973461574 0.026538426 0.000000000
QQ:/rrc/cr: 0.999915577 0.000042212 0.000042212
QQ:/rrc/rr: 0.000000000 0.999998274 0.000001726
