J:/c: 0.288127321 0.711872679 0.000000000
J:/crr: 0.000000000 0.999982647 0.000017353
J:/r: 0.054933149 0.129527220 0.815539631
JJ:/cc/c: 0.999992976 0.000007024 0.000000000
JJ:/cc/crr: 0.000000000 0.999996488 0.000003512
JJ:/cc/r: 0.999982775 0.000012543 0.000004682
JJ:/crc/c: 0.999982647 0.000017353 0.000000000
JJ:/crc/crr: 0.000000000 0.999991323 0.000008677
JJ:/crc/r: 0.999976862 0.000011569 0.000011569
JJ:/crrc/c: 0.999991323 0.000008677 0.000000000
JJ:/crrc/crr: 0.000000000 0.999995662 0.000004338
JJ:/crrc/r: 0.999988431 0.000005785 0.000005785
JJ:/rc/c: 0.999974265 0.000025735 0.000000000
JJ:/rc/crr: 0.000000000 0.999987132 0.000012868
JJ:/rc/r: 0.999959253 0.000023591 0.000017156
JJ:/rrc/c: 0.999939320 0.000060680 0.000000000
JJ:/rrc/crr: 0.000000000 0.999969658 0.000030342
JJ:/rrc/r: 0.999730830 0.000228716 0.000040453
JK:/cc/c: 0.006166818 0.993833182 0.000000000
JK:/cc/crr: 0.000000000 0.000569477 0.999430523
JK:/cc/r: 0.000010324 0.000004682 0.999984994
JK:/crc/c: 0.556216825 0.443783175 0.000000000
JK:/crc/crr: 0.000000000 0.000015600 0.999984400
JK:/crc/r: 0.026554243 0.000011569 0.973434188
JK:/crrc/c: 0.546613942 0.453386058 0.000000000
JK:/crrc/crr: 0.000000000 0.000007937 0.999992063
JK:/crrc/r: 0.227834847 0.000005785 0.772159368
JK:/rc/c: 0.376039044 0.623960956 0.000000000
JK:/rc/crr: 0.000000000 0.000034218 0.999965782
JK:/rc/r: 0.365501412 0.000017156 0.634481432
JK:/rrc/c: 0.999587016 0.000412984 0.000000000
JK:/rrc/crr: 0.000000000 0.000030352 0.999969648
JK:/rrc/r: 0.277849314 0.000040569 0.722110117
JQ:/cc/c: 0.072353574 0.927646426 0.000000000
JQ:/cc/crr: 0.000000000 0.000048538 0.999951462
JQ:/cc/r: 0.033123886 0.000004682 0.966871431
JQ:/crc/c: 0.572821854 0.427178146 0.000000000
JQ:/crc/crr: 0.000000000 0.000015147 0.999984853
JQ:/crc/r: 0.044576469 0.000011569 0.955411962
JQ:/crrc/c: 0.064598650 0.935401350 0.000000000
JQ:/crrc/crr: 0.000000000 0.000067160 0.999932840
JQ:/crrc/r: 0.168012080 0.000005785 0.831982135
JQ:/rc/c: 0.984012573 0.015987427 0.000000000
JQ:/rc/crr: 0.000000000 0.000013076 0.999986924
JQ:/rc/r: 0.000017387 0.000017156 0.999965457
JQ:/rrc/c: 0.008795294 0.991204706 0.000000000
JQ:/rrc/crr: 0.000000000 0.003449561 0.996550439
JQ:/rrc/r: 0.425256225 0.000040453 0.574703322
K:/c: 0.999634566 0.000365434 0.000000000
K:/crr: 0.000000000 0.999994998 0.000005002
K:/r: 0.575641928 0.424351405 0.000006667
KJ:/cc/c: 0.041857667 0.958142333 0.000000000
KJ:/cc/crr: 0.000000000 0.836560809 0.163439191
KJ:/cc/r: 0.046181565 0.018561961 0.935256473
KJ:/crc/c: 0.110628332 0.889371668 0.000000000
KJ:/crc/crr: 0.000000000 0.999977394 0.000022606
KJ:/crc/r: 0.000102189 0.768400829 0.231496983
KJ:/crrc/c: 0.276573481 0.723426519 0.000000000
KJ:/crrc/crr: 0.000000000 0.999995479 0.000004521
KJ:/crrc/r: 0.048091105 0.776969841 0.174939054
KJ:/rc/c: 0.474972055 0.525027945 0.000000000
KJ:/rc/crr: 0.000000000 0.710406463 0.289593537
KJ:/rc/r: 0.037922970 0.733095059 0.228981971
KJ:/rrc/c: 0.223564533 0.776435467 0.000000000
KJ:/rrc/crr: 0.000000000 0.997523580 0.002476420
KJ:/rrc/r: 0.043661989 0.889730214 0.066607797
KK:/cc/c: 0.986317633 0.013682367 0.000000000
KK:/cc/crr: 0.000000000 0.993063915 0.006936085
KK:/cc/r: 0.966904903 0.023973519 0.009121578
KK:/crc/c: 0.999994998 0.000005002 0.000000000
KK:/crc/crr: 0.000000000 0.999997499 0.000002501
KK:/crc/r: 0.794814462 0.205182203 0.000003335
KK:/crrc/c: 0.999997499 0.000002501 0.000000000
KK:/crrc/crr: 0.000000000 0.999998750 0.000001250
KK:/crrc/r: 0.999996665 0.000001667 0.000001667
KK:/rc/c: 0.999992145 0.000007855 0.000000000
KK:/rc/crr: 0.000000000 0.999996072 0.000003928
KK:/rc/r: 0.999980206 0.000014557 0.000005237
KK:/rrc/c: 0.999994209 0.000005791 0.000000000
KK:/rrc/crr: 0.000000000 0.999997105 0.000002895
KK:/rrc/r: 0.999977459 0.000018681 0.000003860
KQ:/cc/c: 0.070361457 0.929638543 0.000000000
KQ:/cc/crr: 0.000000000 0.902770869 0.097229131
KQ:/cc/r: 0.046107620 0.937262756 0.016629625
KQ:/crc/c: 0.202238437 0.797761563 0.000000000
KQ:/crc/crr: 0.000000000 0.009384489 0.990615511
KQ:/crc/r: 0.000082096 0.444806879 0.555111025
KQ:/crrc/c: 0.595301314 0.404698686 0.000000000
KQ:/crrc/crr: 0.000000000 0.418370341 0.581629659
KQ:/crrc/r: 0.001511584 0.690254201 0.308234215
KQ:/rc/c: 0.000803503 0.999196497 0.000000000
KQ:/rc/crr: 0.000000000 0.108678197 0.891321803
KQ:/rc/r: 0.000024935 0.295439524 0.704535541
KQ:/rrc/c: 0.514274632 0.485725368 0.000000000
KQ:/rrc/crr: 0.000000000 0.490856529 0.509143471
KQ:/rrc/r: 0.079644073 0.547308261 0.373047667
Q:/c: 0.845104197 0.154895803 0.000000000
Q:/crr: 0.000000000 0.999994084 0.000005916
Q:/r: 0.358411659 0.641549389 0.000038951
QJ:/cc/c: 0.000584380 0.999415620 0.000000000
QJ:/cc/crr: 0.000000000 0.027618800 0.972381200
QJ:/cc/r: 0.000047922 0.000021520 0.999930558
QJ:/crc/c: 0.444630231 0.555369769 0.000000000
QJ:/crc/crr: 0.000000000 0.078127825 0.921872175
QJ:/crc/r: 0.000009434 0.000003944 0.999986621
QJ:/crrc/c: 0.000120651 0.999879349 0.000000000
QJ:/crrc/crr: 0.000000000 0.012259489 0.987740511
QJ:/crrc/r: 0.020046998 0.000001972 0.979951030
QJ:/rc/c: 0.000333735 0.999666265 0.000000000
QJ:/rc/crr: 0.000000000 0.007784262 0.992215738
QJ:/rc/r: 0.013854902 0.000003464 0.986141634
QJ:/rrc/c: 0.000268344 0.999731656 0.000000000
QJ:/rrc/crr: 0.000000000 0.017329067 0.982670933
QJ:/rrc/r: 0.000093149 0.000009739 0.999897112
QK:/cc/c: 0.044029090 0.955970910 0.000000000
QK:/cc/crr: 0.000000000 0.999633427 0.000366573
QK:/cc/r: 0.000151426 0.724115064 0.275733510
QK:/crc/c: 0.313639932 0.686360068 0.000000000
QK:/crc/crr: 0.000000000 0.008527503 0.991472497
QK:/crc/r: 0.000385752 0.475560893 0.524053355
QK:/crrc/c: 0.130544800 0.869455200 0.000000000
QK:/crrc/crr: 0.000000000 0.001883895 0.998116105
QK:/crrc/r: 0.000069556 0.273524535 0.726405909
QK:/rc/c: 0.379596061 0.620403939 0.000000000
QK:/rc/crr: 0.000000000 0.005123806 0.994876194
QK:/rc/r: 0.000049310 0.311083590 0.688867101
QK:/rrc/c: 0.425063653 0.574936347 0.000000000
QK:/rrc/crr: 0.000000000 0.061019173 0.938980827
QK:/rrc/r: 0.000089791 0.515583512 0.484326697
QQ:/cc/c: 0.999967720 0.000032280 0.000000000
QQ:/cc/crr: 0.000000000 0.999983860 0.000016140
QQ:/cc/r: 0.999919844 0.000058636 0.000021520
QQ:/crc/c: 0.999994084 0.000005916 0.000000000
QQ:/crc/crr: 0.000000000 0.999997042 0.000002958
QQ:/crc/r: 0.803354233 0.196641823 0.000003944
QQ:/crrc/c: 0.999997042 0.000002958 0.000000000
QQ:/crrc/crr: 0.000000000 0.999998521 0.000001479
QQ:/crrc/r: 0.999996056 0.000001972 0.000001972
QQ:/rc/c: 0.999994804 0.000005196 0.000000000
QQ:/rc/crr: 0.000000000 0.999997402 0.000002598
QQ:/rc/r: 0.999971078 0.000025458 0.000003464
QQ:/rrc/c: 0.999990700 0.000009300 0.000000000
QQ:/rrc/crr: 0.000000000 0.999995350 0.000004650
QQ:/rrc/r: 0.999956474 0.000037325 0.000006200
