J:/: 0.077465740 0.922534260 0.000000000
J:/cr: 0.019391698 0.035225605 0.945382698
J:/rr: 0.000000000 0.999935455 0.000064545
JJ:/cc/: 0.000289642 0.999710358 0.000000000
JJ:/cc/cr: 0.999996386 0.000001807 0.000001807
JJ:/cc/rr: 0.000000000 0.990643873 0.009356127
JJ:/crc/: 0.961887570 0.038112430 0.000000000
JJ:/crc/cr: 0.999102881 0.000448559 0.000448559
JJ:/crc/rr: 0.000000000 0.999973340 0.000026660
JJ:/crrc/: 0.954707316 0.045292684 0.000000000
JJ:/crrc/cr: 0.998628704 0.000685648 0.000685648
JJ:/crrc/rr: 0.000000000 0.999951208 0.000048792
JJ:/rc/: 0.884152588 0.115847412 0.000000000
JJ:/rc/cr: 0.999628565 0.000185717 0.000185717
JJ:/rc/rr: 0.000000000 0.999963499 0.000036501
JJ:/rrc/: 0.998654798 0.001345202 0.000000000
JJ:/rrc/cr: 0.984005171 0.007997415 0.007997415
JJ:/rrc/rr: 0.000000000 0.999983841 0.000016159
JK:/cc/: 0.090748642 0.909251358 0.000000000
JK:/cc/cr: 0.000105875 0.000001987 0.999892138
JK:/cc/rr: 0.000000000 0.000029862 0.999970138
JK:/crc/: 0.058381772 0.941618228 0.000000000
JK:/crc/cr: 0.032526218 0.000018156 0.967455626
JK:/crc/rr: 0.000000000 0.000439239 0.999560761
JK:/crrc/: 0.999837164 0.000162836 0.000000000
JK:/crrc/cr: 0.573930913 0.190711804 0.235357283
JK:/crrc/rr: 0.000000000 0.000046590 0.999953410
JK:/rc/: 0.987904905 0.012095095 0.000000000
JK:/rc/cr: 0.943908643 0.001778811 0.054312546
JK:/rc/rr: 0.000000000 0.000032667 0.999967333
JK:/rrc/: 0.519510125 0.480489875 0.000000000
JK:/rrc/cr: 0.831190888 0.000022390 0.168786722
JK:/rrc/rr: 0.000000000 0.000031062 0.999968938
JQ:/cc/: 0.152011811 0.847988189 0.000000000
JQ:/cc/cr: 0.000005790 0.000002130 0.999992079
JQ:/cc/rr: 0.000000000 0.000017827 0.999982173
JQ:/crc/: 0.985526454 0.014473546 0.000000000
JQ:/crc/cr: 0.468429715 0.001181168 0.530389117
JQ:/crc/rr: 0.000000000 0.000026020 0.999973980
JQ:/crrc/: 0.025604385 0.974395615 0.000000000
JQ:/crrc/cr: 0.114173789 0.000031871 0.885794340
JQ:/crrc/rr: 0.000000000 0.001819307 0.998180693
JQ:/rc/: 0.994056383 0.005943617 0.000000000
JQ:/rc/cr: 0.003619831 0.003619831 0.992760338
JQ:/rc/rr: 0.000000000 0.000032465 0.999967535
JQ:/rrc/: 0.113620573 0.886379427 0.000000000
JQ:/rrc/cr: 0.003226636 0.000012137 0.996761227
JQ:/rrc/rr: 0.000000000 0.000142027 0.999857973
K:/: 0.748354754 0.251645246 0.000000000
K:/cr: 0.690448987 0.309537767 0.000013246
K:/rr: 0.000000000 0.999993319 0.000006681
KJ:/cc/: 0.000053028 0.999946972 0.000000000
KJ:/cc/cr: 0.000048237 0.000009082 0.999942681
KJ:/cc/rr: 0.000000000 0.812651926 0.187348074
KJ:/crc/: 0.000073385 0.999926615 0.000000000
KJ:/crc/cr: 0.000073513 0.999919354 0.000007133
KJ:/crc/rr: 0.000000000 0.854217109 0.145782891
KJ:/crrc/: 0.061456248 0.938543752 0.000000000
KJ:/crrc/cr: 0.015075552 0.977542074 0.007382374
KJ:/crrc/rr: 0.000000000 0.539810155 0.460189845
KJ:/rc/: 0.074135517 0.925864483 0.000000000
KJ:/rc/cr: 0.013328780 0.950061772 0.036609449
KJ:/rc/rr: 0.000000000 0.431342144 0.568657856
KJ:/rrc/: 0.103243658 0.896756342 0.000000000
KJ:/rrc/cr: 0.000379671 0.999285519 0.000334810
KJ:/rrc/rr: 0.000000000 0.565266102 0.434733898
KK:/cc/: 0.994588576 0.005411424 0.000000000
KK:/cc/cr: 0.997552186 0.001223907 0.001223907
KK:/cc/rr: 0.000000000 0.999990011 0.000009989
KK:/crc/: 0.134444292 0.865555708 0.000000000
KK:/crc/cr: 0.999983520 0.000008240 0.000008240
KK:/crc/rr: 0.000000000 0.999920425 0.000079575
KK:/crrc/: 0.994259817 0.005740183 0.000000000
KK:/crrc/cr: 0.998885933 0.000557034 0.000557034
KK:/crrc/rr: 0.000000000 0.999995176 0.000004824
KK:/rc/: 0.852694536 0.147305464 0.000000000
KK:/rc/cr: 0.999969762 0.000015119 0.000015119
KK:/rc/rr: 0.000000000 0.999996082 0.000003918
KK:/rrc/: 0.534903045 0.465096955 0.000000000
KK:/rrc/cr: 0.999995211 0.000002394 0.000002394
KK:/rrc/rr: 0.000000000 0.999996877 0.000003123
KQ:/cc/: 0.000055344 0.999944656 0.000000000
KQ:/cc/cr: 0.000046110 0.428270320 0.571683570
KQ:/cc/rr: 0.000000000 0.820493662 0.179506338
KQ:/crc/: 0.837905874 0.162094126 0.000000000
KQ:/crc/cr: 0.000288438 0.417118080 0.582593482
KQ:/crc/rr: 0.000000000 0.000030595 0.999969405
KQ:/crrc/: 0.010852345 0.989147655 0.000000000
KQ:/crrc/cr: 0.031593773 0.680737700 0.287668526
KQ:/crrc/rr: 0.000000000 0.084911125 0.915088875
KQ:/rc/: 0.000058820 0.999941180 0.000000000
KQ:/rc/cr: 0.000023775 0.487976555 0.511999670
KQ:/rc/rr: 0.000000000 0.943205804 0.056794196
KQ:/rrc/: 0.708761912 0.291238088 0.000000000
KQ:/rrc/cr: 0.036209260 0.827035973 0.136754766
KQ:/rrc/rr: 0.000000000 0.392870922 0.607129078
Q:/: 0.745769878 0.254230122 0.000000000
Q:/cr: 0.160581554 0.838901942 0.000516503
Q:/rr: 0.000000000 0.999993296 0.000006704
QJ:/cc/: 0.000019667 0.999980333 0.000000000
QJ:/cc/cr: 0.000013473 0.000006556 0.999979971
QJ:/cc/rr: 0.000000000 0.500000000 0.500000000
QJ:/crc/: 0.029376772 0.970623228 0.000000000
QJ:/crc/cr: 0.001231906 0.000002684 0.998765410
QJ:/crc/rr: 0.000000000 0.000133008 0.999866992
QJ:/crrc/: 0.012145947 0.987854053 0.000000000
QJ:/crrc/cr: 0.000188173 0.000013776 0.999798052
QJ:/crrc/rr: 0.000000000 0.001680601 0.998319399
QJ:/rc/: 0.008260108 0.991739892 0.000000000
QJ:/rc/cr: 0.000003613 0.000002253 0.999994133
QJ:/rc/rr: 0.000000000 0.000405835 0.999594165
QJ:/rrc/: 0.000003352 0.999996648 0.000000000
QJ:/rrc/cr: 0.000001117 0.000001117 0.999997765
QJ:/rrc/rr: 0.000000000 0.500000000 0.500000000
QK:/cc/: 0.436200963 0.563799037 0.000000000
QK:/cc/cr: 0.262132251 0.737844995 0.000022754
QK:/cc/rr: 0.000000000 0.999977456 0.000022544
QK:/crc/: 0.002655814 0.997344186 0.000000000
QK:/crc/cr: 0.000002612 0.554321525 0.445675864
QK:/crc/rr: 0.000000000 0.001471238 0.998528762
QK:/crrc/: 0.959984921 0.040015079 0.000000000
QK:/crrc/cr: 0.000596801 0.713569492 0.285833707
QK:/crrc/rr: 0.000000000 0.000567369 0.999432631
QK:/rc/: 0.450369576 0.549630424 0.000000000
QK:/rc/cr: 0.031438655 0.517991344 0.450570001
QK:/rc/rr: 0.000000000 0.198747258 0.801252742
QK:/rrc/: 0.127415307 0.872584693 0.000000000
QK:/rrc/cr: 0.000001281 0.303399277 0.696599442
QK:/rrc/rr: 0.000000000 0.000519036 0.999480964
QQ:/cc/: 0.476105479 0.523894521 0.000000000
QQ:/cc/cr: 0.999974973 0.000012513 0.000012513
QQ:/cc/rr: 0.000000000 0.999979346 0.000020654
QQ:/crc/: 0.990311283 0.009688717 0.000000000
QQ:/crc/cr: 0.999462284 0.000268858 0.000268858
QQ:/crc/rr: 0.000000000 0.999996054 0.000003946
QQ:/crrc/: 0.155531927 0.844468073 0.000000000
QQ:/crrc/cr: 0.999967771 0.000016115 0.000016115
QQ:/crrc/rr: 0.000000000 0.999868757 0.000131243
QQ:/rc/: 0.517941513 0.482058487 0.000000000
QQ:/rc/cr: 0.999990728 0.000004636 0.000004636
QQ:/rc/rr: 0.000000000 0.999993528 0.000006472
QQ:/rrc/: 0.972623152 0.027376848 0.000000000
QQ:/rrc/cr: 0.999918367 0.000040816 0.000040816
QQ:/rrc/rr: 0.000000000 0.999998277 0.000001723
