J:/c: 0.297671544 0.702328456 0.000000000
J:/crr: 0.000000000 0.999983203 0.000016797
J:/r: 0.055410477 0.125253882 0.819335641
JJ:/cc/c: 0.999992881 0.000007119 0.000000000
JJ:/cc/crr: 0.000000000 0.999996440 0.000003560
JJ:/cc/r: 0.999990508 0.000004746 0.000004746
JJ:/crc/c: 0.999983203 0.000016797 0.000000000
JJ:/crc/crr: 0.000000000 0.999991601 0.000008399
JJ:/crc/r: 0.999858384 0.000130418 0.000011198
JJ:/crrc/c: 0.999991601 0.000008399 0.000000000
JJ:/crrc/crr: 0.000000000 0.999995801 0.000004199
JJ:/crrc/r: 0.999975303 0.000019098 0.000005599
JJ:/rc/c: 0.999973387 0.000026613 0.000000000
JJ:/rc/crr: 0.000000000 0.999986693 0.000013307
JJ:/rc/r: 0.999962702 0.000019557 0.000017742
JJ:/rrc/c: 0.999939843 0.000060157 0.000000000
JJ:/rrc/crr: 0.000000000 0.999969920 0.000030080
JJ:/rrc/r: 0.999800774 0.000159121 0.000040105
JK:/cc/c: 0.003607906 0.996392094 0.000000000
JK:/cc/crr: 0.000000000 0.000986608 0.999013392
JK:/cc/r: 0.000004746 0.000004746 0.999990508
JK:/crc/c: 0.517309811 0.482690189 0.000000000
JK:/crc/crr: 0.000000000 0.000016235 0.999983765
JK:/crc/r: 0.020983822 0.000011198 0.979004980
JK:/crrc/c: 0.487292794 0.512707206 0.000000000
JK:/crrc/crr: 0.000000000 0.000008618 0.999991382
JK:/crrc/r: 0.179903099 0.000005599 0.820091302
JK:/rc/c: 0.375466965 0.624533035 0.000000000
JK:/rc/crr: 0.000000000 0.000035439 0.999964561
JK:/rc/r: 0.361973965 0.000017742 0.638008294
JK:/rrc/c: 0.999896135 0.000103865 0.000000000
JK:/rrc/crr: 0.000000000 0.000030082 0.999969918
JK:/rrc/r: 0.297663220 0.000040105 0.702296676
JQ:/cc/c: 0.073689512 0.926310488 0.000000000
JQ:/cc/crr: 0.000000000 0.000048305 0.999951695
JQ:/cc/r: 0.037189229 0.000004746 0.962806025
JQ:/crc/c: 0.461388492 0.538611508 0.000000000
JQ:/crc/crr: 0.000000000 0.000018203 0.999981797
JQ:/crc/r: 0.067089811 0.000011198 0.932898991
JQ:/crrc/c: 0.052179543 0.947820457 0.000000000
JQ:/crrc/crr: 0.000000000 0.000080478 0.999919522
JQ:/crrc/r: 0.241975905 0.000005599 0.758018496
JQ:/rc/c: 0.997792733 0.002207267 0.000000000
JQ:/rc/crr: 0.000000000 0.000013336 0.999986664
JQ:/rc/r: 0.000022873 0.000017742 0.999959385
JQ:/rrc/c: 0.005500417 0.994499583 0.000000000
JQ:/rrc/crr: 0.000000000 0.005468412 0.994531588
JQ:/rrc/r: 0.457791301 0.000040105 0.542168595
K:/c: 0.999969612 0.000030388 0.000000000
K:/crr: 0.000000000 0.999995000 0.000005000
K:/r: 0.590945013 0.409048320 0.000006667
KJ:/cc/c: 0.168185134 0.831814866 0.000000000
KJ:/cc/crr: 0.000000000 0.510842864 0.489157136
KJ:/cc/r: 0.516751438 0.228797223 0.254451338
KJ:/crc/c: 0.189851161 0.810148839 0.000000000
KJ:/crc/crr: 0.000000000 0.999986831 0.000013169
KJ:/crc/r: 0.000045089 0.761430732 0.238524178
KJ:/crrc/c: 0.269020614 0.730979386 0.000000000
KJ:/crrc/crr: 0.000000000 0.999995353 0.000004647
KJ:/crrc/r: 0.056287053 0.778814007 0.164898940
KJ:/rc/c: 0.459881076 0.540118924 0.000000000
KJ:/rc/crr: 0.000000000 0.875356299 0.124643701
KJ:/rc/r: 0.010268594 0.831841578 0.157889828
KJ:/rrc/c: 0.101273481 0.898726519 0.000000000
KJ:/rrc/crr: 0.000000000 0.999972151 0.000027849
KJ:/rrc/r: 0.041299383 0.888015286 0.070685330
KK:/cc/c: 0.835462083 0.164537917 0.000000000
KK:/cc/crr: 0.000000000 0.901528794 0.098471206
KK:/cc/r: 0.619141460 0.271166595 0.109691945
KK:/crc/c: 0.999995000 0.000005000 0.000000000
KK:/crc/crr: 0.000000000 0.999997500 0.000002500
KK:/crc/r: 0.999978093 0.000018573 0.000003333
KK:/crrc/c: 0.999997500 0.000002500 0.000000000
KK:/crrc/crr: 0.000000000 0.999998750 0.000001250
KK:/crrc/r: 0.999994064 0.000004270 0.000001667
KK:/rc/c: 0.999991851 0.000008149 0.000000000
KK:/rc/crr: 0.000000000 0.999995925 0.000004075
KK:/rc/r: 0.999979985 0.000014582 0.000005433
KK:/rrc/c: 0.999994359 0.000005641 0.000000000
KK:/rrc/crr: 0.000000000 0.999997180 0.000002820
KK:/rrc/r: 0.999848184 0.000148056 0.000003760
KQ:/cc/c: 0.501640601 0.498359399 0.000000000
KQ:/cc/crr: 0.000000000 0.836000199 0.163999801
KQ:/cc/r: 0.492962195 0.393054802 0.113983003
KQ:/crc/c: 0.104289291 0.895710709 0.000000000
KQ:/crc/crr: 0.000000000 0.041116751 0.958883249
KQ:/crc/r: 0.000014886 0.435542729 0.564442384
KQ:/crrc/c: 0.585875612 0.414124388 0.000000000
KQ:/crrc/crr: 0.000000000 0.396588099 0.603411901
KQ:/crrc/r: 0.000520242 0.699826149 0.299653610
KQ:/rc/c: 0.000463154 0.999536846 0.000000000
KQ:/rc/crr: 0.000000000 0.100586129 0.899413871
KQ:/rc/r: 0.000021218 0.305123952 0.694854831
KQ:/rrc/c: 0.517994393 0.482005607 0.000000000
KQ:/rrc/crr: 0.000000000 0.459934692 0.540065308
KQ:/rrc/r: 0.078325338 0.548826270 0.372848391
Q:/c: 0.842799945 0.157200055 0.000000000
Q:/crr: 0.000000000 0.999994067 0.000005933
Q:/r: 0.374562139 0.625395526 0.000042335
QJ:/cc/c: 0.000345422 0.999654578 0.000000000
QJ:/cc/crr: 0.000000000 0.046040229 0.953959771
QJ:/cc/r: 0.000021204 0.000021204 0.999957591
QJ:/crc/c: 0.432649796 0.567350204 0.000000000
QJ:/crc/crr: 0.000000000 0.000078203 0.999921797
QJ:/crc/r: 0.000338064 0.000003955 0.999657981
QJ:/crrc/c: 0.000063338 0.999936662 0.000000000
QJ:/crrc/crr: 0.000000000 0.023416715 0.976583285
QJ:/crrc/r: 0.018217159 0.000001978 0.981780864
QJ:/rc/c: 0.000032844 0.999967156 0.000000000
QJ:/rc/crr: 0.000000000 0.081140322 0.918859678
QJ:/rc/r: 0.017138239 0.000003553 0.982858208
QJ:/rrc/c: 0.000200228 0.999799772 0.000000000
QJ:/rrc/crr: 0.000000000 0.022222917 0.977777083
QJ:/rrc/r: 0.000077459 0.000005933 0.999916608
QK:/cc/c: 0.011900339 0.988099661 0.000000000
QK:/cc/crr: 0.000000000 0.998663626 0.001336374
QK:/cc/r: 0.000090914 0.735668720 0.264240366
QK:/crc/c: 0.366556444 0.633443556 0.000000000
QK:/crc/crr: 0.000000000 0.004740774 0.995259226
QK:/crc/r: 0.000110849 0.522519998 0.477369154
QK:/crrc/c: 0.034691570 0.965308430 0.000000000
QK:/crrc/crr: 0.000000000 0.014821861 0.985178139
QK:/crrc/r: 0.000046513 0.300702205 0.699251281
QK:/rc/c: 0.363146899 0.636853101 0.000000000
QK:/rc/crr: 0.000000000 0.013130899 0.986869101
QK:/rc/r: 0.000013751 0.299228984 0.700757265
QK:/rrc/c: 0.424255801 0.575744199 0.000000000
QK:/rrc/crr: 0.000000000 0.063764893 0.936235107
QK:/rrc/r: 0.000074410 0.513489477 0.486436112
QQ:/cc/c: 0.999968193 0.000031807 0.000000000
QQ:/cc/crr: 0.000000000 0.999984096 0.000015904
QQ:/cc/r: 0.999937750 0.000041046 0.000021204
QQ:/crc/c: 0.999994067 0.000005933 0.000000000
QQ:/crc/crr: 0.000000000 0.999997034 0.000002966
QQ:/crc/r: 0.999959804 0.000036241 0.000003955
QQ:/crrc/c: 0.999997034 0.000002966 0.000000000
QQ:/crrc/crr: 0.000000000 0.999998517 0.000001483
QQ:/crrc/r: 0.999996045 0.000001978 0.000001978
QQ:/rc/c: 0.999994670 0.000005330 0.000000000
QQ:/rc/crr: 0.000000000 0.999997335 0.000002665
QQ:/rc/r: 0.995772765 0.004223682 0.000003553
QQ:/rrc/c: 0.999991101 0.000008899 0.000000000
QQ:/rrc/crr: 0.000000000 0.999995550 0.000004450
QQ:/rrc/r: 0.999961690 0.000032377 0.000005933
