J:/c: 0.283526675 0.716473325 0.000000000
J:/crr: 0.000000000 0.999982365 0.000017635
J:/r: 0.054991059 0.129307011 0.815701929
JJ:/cc/c: 0.999993021 0.000006979 0.000000000
JJ:/cc/crr: 0.000000000 0.999996511 0.000003489
JJ:/cc/r: 0.999990695 0.000004652 0.000004652
JJ:/crc/c: 0.999982365 0.000017635 0.000000000
JJ:/crc/crr: 0.000000000 0.999991182 0.000008818
JJ:/crc/r: 0.999956340 0.000031904 0.000011757
JJ:/crrc/c: 0.999991182 0.000008818 0.000000000
JJ:/crrc/crr: 0.000000000 0.999995591 0.000004409
JJ:/crrc/r: 0.999973852 0.000020270 0.000005878
JJ:/rc/c: 0.999974222 0.000025778 0.000000000
JJ:/rc/crr: 0.000000000 0.999987110 0.000012890
JJ:/rc/r: 0.999964648 0.000018166 0.000017186
JJ:/rrc/c: 0.999939384 0.000060616 0.000000000
JJ:/rrc/crr: 0.000000000 0.999969690 0.000030310
JJ:/rrc/r: 0.999752506 0.000207084 0.000040411
JK:/cc/c: 0.007312482 0.992687518 0.000000000
JK:/cc/crr: 0.000000000 0.000477172 0.999522828
JK:/cc/r: 0.000004652 0.000004652 0.999990695
JK:/crc/c: 0.529253258 0.470746742 0.000000000
JK:/crc/crr: 0.000000000 0.000016660 0.999983340
JK:/crc/r: 0.066628202 0.000011757 0.933360041
JK:/crrc/c: 0.454188959 0.545811041 0.000000000
JK:/crrc/crr: 0.000000000 0.000057318 0.999942682
JK:/crrc/r: 0.222491754 0.000005878 0.777502367
JK:/rc/c: 0.370555075 0.629444925 0.000000000
JK:/rc/crr: 0.000000000 0.000034784 0.999965216
JK:/rc/r: 0.357053219 0.000017186 0.642929595
JK:/rrc/c: 0.999718784 0.000281216 0.000000000
JK:/rrc/crr: 0.000000000 0.000030316 0.999969684
JK:/rrc/r: 0.288656188 0.000040411 0.711303402
JQ:/cc/c: 0.069431137 0.930568863 0.000000000
JQ:/cc/crr: 0.000000000 0.000050256 0.999949744
JQ:/cc/r: 0.038599803 0.000004652 0.961395545
JQ:/crc/c: 0.592860476 0.407139524 0.000000000
JQ:/crc/crr: 0.000000000 0.000014873 0.999985127
JQ:/crc/r: 0.024836348 0.000011757 0.975151896
JQ:/crrc/c: 0.049367506 0.950632494 0.000000000
JQ:/crrc/crr: 0.000000000 0.000089306 0.999910694
JQ:/crrc/r: 0.261873614 0.000005878 0.738120507
JQ:/rc/c: 0.992152253 0.007847747 0.000000000
JQ:/rc/crr: 0.000000000 0.000012991 0.999987009
JQ:/rc/r: 0.000017186 0.000017186 0.999965629
JQ:/rrc/c: 0.020241802 0.979758198 0.000000000
JQ:/rrc/crr: 0.000000000 0.001497295 0.998502705
JQ:/rrc/r: 0.441391338 0.000040411 0.558568251
K:/c: 0.999969348 0.000030652 0.000000000
K:/crr: 0.000000000 0.999995000 0.000005000
K:/r: 0.580477495 0.419515839 0.000006667
KJ:/cc/c: 0.476175021 0.523824979 0.000000000
KJ:/cc/crr: 0.000000000 0.828717703 0.171282297
KJ:/cc/r: 0.537647272 0.220868630 0.241484099
KJ:/crc/c: 0.083322941 0.916677059 0.000000000
KJ:/crc/crr: 0.000000000 0.999969995 0.000030005
KJ:/crc/r: 0.000107557 0.762565931 0.237326512
KJ:/crrc/c: 0.395470067 0.604529933 0.000000000
KJ:/crrc/crr: 0.000000000 0.999996839 0.000003161
KJ:/crrc/r: 0.060080920 0.793435157 0.146483923
KJ:/rc/c: 0.499026039 0.500973961 0.000000000
KJ:/rc/crr: 0.000000000 0.663122398 0.336877602
KJ:/rc/r: 0.051784527 0.710244441 0.237971032
KJ:/rrc/c: 0.200622683 0.799377317 0.000000000
KJ:/rrc/crr: 0.000000000 0.992986395 0.007013605
KJ:/rrc/r: 0.039331596 0.898258559 0.062409845
KK:/cc/c: 0.836879297 0.163120703 0.000000000
KK:/cc/crr: 0.000000000 0.902542276 0.097457724
KK:/cc/r: 0.607006383 0.284246482 0.108747135
KK:/crc/c: 0.999995000 0.000005000 0.000000000
KK:/crc/crr: 0.000000000 0.999997500 0.000002500
KK:/crc/r: 0.999988420 0.000008247 0.000003333
KK:/crrc/c: 0.999997500 0.000002500 0.000000000
KK:/crrc/crr: 0.000000000 0.999998750 0.000001250
KK:/crrc/r: 0.999996667 0.000001667 0.000001667
KK:/rc/c: 0.999992054 0.000007946 0.000000000
KK:/rc/crr: 0.000000000 0.999996027 0.000003973
KK:/rc/r: 0.999976528 0.000018175 0.000005297
KK:/rrc/c: 0.999994258 0.000005742 0.000000000
KK:/rrc/crr: 0.000000000 0.999997129 0.000002871
KK:/rrc/r: 0.999948271 0.000047901 0.000003828
KQ:/cc/c: 0.836879297 0.163120703 0.000000000
KQ:/cc/crr: 0.000000000 0.902542276 0.097457724
KQ:/cc/r: 0.531577910 0.293640240 0.174781850
KQ:/crc/c: 0.136271003 0.863728997 0.000000000
KQ:/crc/crr: 0.000000000 0.024303195 0.975696805
KQ:/crc/r: 0.000063165 0.441311478 0.558625357
KQ:/crrc/c: 0.615314612 0.384685388 0.000000000
KQ:/crrc/crr: 0.000000000 0.437647552 0.562352448
KQ:/crrc/r: 0.000517623 0.725438439 0.274043938
KQ:/rc/c: 0.002107262 0.997892738 0.000000000
KQ:/rc/crr: 0.000000000 0.020244742 0.979755258
KQ:/rc/r: 0.000029875 0.306158947 0.693811178
KQ:/rrc/c: 0.502088914 0.497911086 0.000000000
KQ:/rrc/crr: 0.000000000 0.448310650 0.551689350
KQ:/rrc/r: 0.074608761 0.552682777 0.372708462
Q:/c: 0.849034718 0.150965282 0.000000000
Q:/crr: 0.000000000 0.999994111 0.000005889
Q:/r: 0.361738033 0.638214134 0.000047832
QJ:/cc/c: 0.000319819 0.999680181 0.000000000
QJ:/cc/crr: 0.000000000 0.051779566 0.948220434
QJ:/cc/r: 0.000039353 0.000022080 0.999938567
QJ:/crc/c: 0.396306530 0.603693470 0.000000000
QJ:/crc/crr: 0.000000000 0.040348652 0.959651348
QJ:/crc/r: 0.000003926 0.000003926 0.999992148
QJ:/crrc/c: 0.000083503 0.999916497 0.000000000
QJ:/crrc/crr: 0.000000000 0.017631318 0.982368682
QJ:/crrc/r: 0.014621853 0.000001963 0.985376184
QJ:/rc/c: 0.000171694 0.999828306 0.000000000
QJ:/rc/crr: 0.000000000 0.015209943 0.984790057
QJ:/rc/r: 0.016959257 0.000003482 0.983037261
QJ:/rrc/c: 0.000279468 0.999720532 0.000000000
QJ:/rrc/crr: 0.000000000 0.016486302 0.983513698
QJ:/rrc/r: 0.000078336 0.000006143 0.999915521
QK:/cc/c: 0.152060457 0.847939543 0.000000000
QK:/cc/crr: 0.000000000 0.999891095 0.000108905
QK:/cc/r: 0.000114312 0.747701010 0.252184678
QK:/crc/c: 0.373342473 0.626657527 0.000000000
QK:/crc/crr: 0.000000000 0.006231905 0.993768095
QK:/crc/r: 0.000263232 0.480256582 0.519480185
QK:/crrc/c: 0.108014762 0.891985238 0.000000000
QK:/crrc/crr: 0.000000000 0.004408400 0.995591600
QK:/crrc/r: 0.000100502 0.290061629 0.709837869
QK:/rc/c: 0.368405318 0.631594682 0.000000000
QK:/rc/crr: 0.000000000 0.007713672 0.992286328
QK:/rc/r: 0.000008828 0.309326735 0.690664437
QK:/rrc/c: 0.425969323 0.574030677 0.000000000
QK:/rrc/crr: 0.000000000 0.044424199 0.955575801
QK:/rrc/r: 0.000082164 0.512664434 0.487253403
QQ:/cc/c: 0.999966880 0.000033120 0.000000000
QQ:/cc/crr: 0.000000000 0.999983439 0.000016561
QQ:/cc/r: 0.994962114 0.005015806 0.000022080
QQ:/crc/c: 0.999994111 0.000005889 0.000000000
QQ:/crc/crr: 0.000000000 0.999997055 0.000002945
QQ:/crc/r: 0.999973662 0.000022412 0.000003926
QQ:/crrc/c: 0.999997055 0.000002945 0.000000000
QQ:/crrc/crr: 0.000000000 0.999998528 0.000001472
QQ:/crrc/r: 0.999996074 0.000001963 0.000001963
QQ:/rc/c: 0.999994777 0.000005223 0.000000000
QQ:/rc/crr: 0.000000000 0.999997389 0.000002611
QQ:/rc/r: 0.999992363 0.000004155 0.000003482
QQ:/rrc/c: 0.999990785 0.000009215 0.000000000
QQ:/rrc/crr: 0.000000000 0.999995393 0.000004607
QQ:/rrc/r: 0.999958952 0.000034905 0.000006143
