J:/c: 0.290405456 0.709594544 0.000000000
J:/crr: 0.000000000 0.999982783 0.000017217
J:/r: 0.054867892 0.129729117 0.815402991
JJ:/cc/c: 0.999992954 0.000007046 0.000000000
JJ:/cc/crr: 0.000000000 0.999996477 0.000003523
JJ:/cc/r: 0.999982720 0.000012582 0.000004698
JJ:/crc/c: 0.999982783 0.000017217 0.000000000
JJ:/crc/crr: 0.000000000 0.999991391 0.000008609
JJ:/crc/r: 0.999977044 0.000011478 0.000011478
JJ:/crrc/c: 0.999991391 0.000008609 0.000000000
JJ:/crrc/crr: 0.000000000 0.999995696 0.000004304
JJ:/crrc/r: 0.999988522 0.000005739 0.000005739
JJ:/rc/c: 0.999974305 0.000025695 0.000000000
JJ:/rc/crr: 0.000000000 0.999987152 0.000012848
JJ:/rc/r: 0.999962351 0.000020520 0.000017130
JJ:/rrc/c: 0.999939248 0.000060752 0.000000000
JJ:/rrc/crr: 0.000000000 0.999969622 0.000030378
JJ:/rrc/r: 0.999733440 0.000226059 0.000040501
JK:/cc/c: 0.006839074 0.993160926 0.000000000
JK:/cc/crr: 0.000000000 0.000515149 0.999484851
JK:/cc/r: 0.000010424 0.000004698 0.999984878
JK:/crc/c: 0.550988042 0.449011958 0.000000000
JK:/crc/crr: 0.000000000 0.000015624 0.999984376
JK:/crc/r: 0.064804602 0.000011478 0.935183920
JK:/crrc/c: 0.516263169 0.483736831 0.000000000
JK:/crrc/crr: 0.000000000 0.000008338 0.999991662
JK:/crrc/r: 0.202992208 0.000005739 0.797002053
JK:/rc/c: 0.371335024 0.628664976 0.000000000
JK:/rc/crr: 0.000000000 0.000034598 0.999965402
JK:/rc/r: 0.362475290 0.000017130 0.637507580
JK:/rrc/c: 0.999758285 0.000241715 0.000000000
JK:/rrc/crr: 0.000000000 0.000030383 0.999969617
JK:/rrc/r: 0.281524702 0.000040501 0.718434797
JQ:/cc/c: 0.071951675 0.928048325 0.000000000
JQ:/cc/crr: 0.000000000 0.000048965 0.999951035
JQ:/cc/r: 0.034722734 0.000004698 0.965272568
JQ:/crc/c: 0.402260411 0.597739589 0.000000000
JQ:/crc/crr: 0.000000000 0.000021401 0.999978599
JQ:/crc/r: 0.079114694 0.000011478 0.920873828
JQ:/crrc/c: 0.054372495 0.945627505 0.000000000
JQ:/crrc/crr: 0.000000000 0.000079165 0.999920835
JQ:/crrc/r: 0.214247649 0.000005739 0.785746612
JQ:/rc/c: 0.992231933 0.007768067 0.000000000
JQ:/rc/crr: 0.000000000 0.000012948 0.999987052
JQ:/rc/r: 0.000017130 0.000017130 0.999965741
JQ:/rrc/c: 0.008828363 0.991171637 0.000000000
JQ:/rrc/crr: 0.000000000 0.003440727 0.996559273
JQ:/rrc/r: 0.447872881 0.000040501 0.552086618
K:/c: 0.999934220 0.000065780 0.000000000
K:/crr: 0.000000000 0.999995000 0.000005000
K:/r: 0.576432021 0.423561312 0.000006667
KJ:/cc/c: 0.232580674 0.767419326 0.000000000
KJ:/cc/crr: 0.000000000 0.836593046 0.163406954
KJ:/cc/r: 0.256533464 0.103140885 0.640325652
KJ:/crc/c: 0.145190401 0.854809599 0.000000000
KJ:/crc/crr: 0.000000000 0.999982780 0.000017220
KJ:/crc/r: 0.000103706 0.738798957 0.261097336
KJ:/crrc/c: 0.265903004 0.734096996 0.000000000
KJ:/crrc/crr: 0.000000000 0.999995299 0.000004701
KJ:/crrc/r: 0.038309466 0.797847379 0.163843155
KJ:/rc/c: 0.471226558 0.528773442 0.000000000
KJ:/rc/crr: 0.000000000 0.848224284 0.151775716
KJ:/rc/r: 0.033718710 0.733474343 0.232806947
KJ:/rrc/c: 0.221567670 0.778432330 0.000000000
KJ:/rrc/crr: 0.000000000 0.996493073 0.003506927
KJ:/rrc/r: 0.035062776 0.907551515 0.057385709
KK:/cc/c: 0.923989401 0.076010599 0.000000000
KK:/cc/crr: 0.000000000 0.958868252 0.041131748
KK:/cc/r: 0.815231045 0.134095222 0.050673733
KK:/crc/c: 0.999995000 0.000005000 0.000000000
KK:/crc/crr: 0.000000000 0.999997500 0.000002500
KK:/crc/r: 0.910019450 0.089977217 0.000003334
KK:/crrc/c: 0.999997500 0.000002500 0.000000000
KK:/crrc/crr: 0.000000000 0.999998750 0.000001250
KK:/crrc/r: 0.999996666 0.000001667 0.000001667
KK:/rc/c: 0.999992130 0.000007870 0.000000000
KK:/rc/crr: 0.000000000 0.999996065 0.000003935
KK:/rc/r: 0.999980442 0.000014311 0.000005247
KK:/rrc/c: 0.999994217 0.000005783 0.000000000
KK:/rrc/crr: 0.000000000 0.999997109 0.000002891
KK:/rrc/r: 0.999977374 0.000018770 0.000003855
KQ:/cc/c: 0.390919944 0.609080056 0.000000000
KQ:/cc/crr: 0.000000000 0.902779840 0.097220160
KQ:/cc/r: 0.256437779 0.651908382 0.091653839
KQ:/crc/c: 0.285413055 0.714586945 0.000000000
KQ:/crc/crr: 0.000000000 0.006913047 0.993086953
KQ:/crc/r: 0.000084298 0.429551051 0.570364651
KQ:/crrc/c: 0.598783527 0.401216473 0.000000000
KQ:/crrc/crr: 0.000000000 0.408153232 0.591846768
KQ:/crrc/r: 0.001997769 0.666877893 0.331124338
KQ:/rc/c: 0.000799776 0.999200224 0.000000000
KQ:/rc/crr: 0.000000000 0.065022553 0.934977447
KQ:/rc/r: 0.000024357 0.301991369 0.697984274
KQ:/rrc/c: 0.504611160 0.495388840 0.000000000
KQ:/rrc/crr: 0.000000000 0.526411771 0.473588229
KQ:/rrc/r: 0.066837915 0.571482258 0.361679828
Q:/c: 0.845643596 0.154356404 0.000000000
Q:/crr: 0.000000000 0.999994087 0.000005913
Q:/r: 0.353429309 0.646271771 0.000298920
QJ:/cc/c: 0.000603047 0.999396953 0.000000000
QJ:/cc/crr: 0.000000000 0.026857436 0.973142564
QJ:/cc/r: 0.000048069 0.000021595 0.999930336
QJ:/crc/c: 0.455996269 0.544003731 0.000000000
QJ:/crc/crr: 0.000000000 0.067263996 0.932736004
QJ:/crc/r: 0.000021610 0.000003942 0.999974448
QJ:/crrc/c: 0.000128291 0.999871709 0.000000000
QJ:/crrc/crr: 0.000000000 0.011522062 0.988477938
QJ:/crrc/r: 0.020628613 0.000001971 0.979369416
QJ:/rc/c: 0.000171891 0.999828109 0.000000000
QJ:/rc/crr: 0.000000000 0.015003053 0.984996947
QJ:/rc/r: 0.015503097 0.000003439 0.984493465
QJ:/rrc/c: 0.000290670 0.999709330 0.000000000
QJ:/rrc/crr: 0.000000000 0.016223568 0.983776432
QJ:/rrc/r: 0.000093851 0.000009666 0.999896483
QK:/cc/c: 0.015009804 0.984990196 0.000000000
QK:/cc/crr: 0.000000000 0.998920953 0.001079047
QK:/cc/r: 0.000156658 0.723298098 0.276545244
QK:/crc/c: 0.312803278 0.687196722 0.000000000
QK:/crc/crr: 0.000000000 0.013550843 0.986449157
QK:/crc/r: 0.000381648 0.474889260 0.524729092
QK:/crrc/c: 0.066751661 0.933248339 0.000000000
QK:/crrc/crr: 0.000000000 0.003788691 0.996211309
QK:/crrc/r: 0.000069605 0.284607698 0.715322696
QK:/rc/c: 0.380552056 0.619447944 0.000000000
QK:/rc/crr: 0.000000000 0.009277251 0.990722749
QK:/rc/r: 0.000010515 0.312843876 0.687145609
QK:/rrc/c: 0.425885657 0.574114343 0.000000000
QK:/rrc/crr: 0.000000000 0.054771251 0.945228749
QK:/rrc/r: 0.000091448 0.514606691 0.485301860
QQ:/cc/c: 0.999967607 0.000032393 0.000000000
QQ:/cc/crr: 0.000000000 0.999983803 0.000016197
QQ:/cc/r: 0.999919493 0.000058912 0.000021595
QQ:/crc/c: 0.999994087 0.000005913 0.000000000
QQ:/crc/crr: 0.000000000 0.999997044 0.000002956
QQ:/crc/r: 0.896171993 0.103824065 0.000003942
QQ:/crrc/c: 0.999997044 0.000002956 0.000000000
QQ:/crrc/crr: 0.000000000 0.999998522 0.000001478
QQ:/crrc/r: 0.999996058 0.000001971 0.000001971
QQ:/rc/c: 0.999994842 0.000005158 0.000000000
QQ:/rc/crr: 0.000000000 0.999997421 0.000002579
QQ:/rc/r: 0.999992909 0.000003653 0.000003439
QQ:/rrc/c: 0.999990569 0.000009431 0.000000000
QQ:/rrc/crr: 0.000000000 0.999995284 0.000004716
QQ:/rrc/r: 0.999955818 0.000037894 0.000006288
