J:/: 0.074148463 0.925851537 0.000000000
J:/cr: 0.019432749 0.032338065 0.948229186
J:/rr: 0.000000000 0.999932568 0.000067432
JJ:/cc/: 0.000291846 0.999708154 0.000000000
JJ:/cc/cr: 0.999996399 0.000001801 0.000001801
JJ:/cc/rr: 0.000000000 0.990747811 0.009252189
JJ:/crc/: 0.889082562 0.110917438 0.000000000
JJ:/crc/cr: 0.999665418 0.000167291 0.000167291
JJ:/crc/rr: 0.000000000 0.999968694 0.000031306
JJ:/crrc/: 0.994650517 0.005349483 0.000000000
JJ:/crrc/cr: 0.988455634 0.005772183 0.005772183
JJ:/crrc/rr: 0.000000000 0.999953434 0.000046566
JJ:/rc/: 0.929696182 0.070303818 0.000000000
JJ:/rc/cr: 0.999360563 0.000319718 0.000319718
JJ:/rc/rr: 0.000000000 0.999963734 0.000036266
JJ:/rrc/: 0.998326725 0.001673275 0.000000000
JJ:/rrc/cr: 0.986565902 0.006717049 0.006717049
JJ:/rrc/rr: 0.000000000 0.999983113 0.000016887
JK:/cc/: 0.083043886 0.916956114 0.000000000
JK:/cc/cr: 0.000120202 0.000001963 0.999877835
JK:/cc/rr: 0.000000000 0.000032516 0.999967484
JK:/crc/: 0.069064546 0.930935454 0.000000000
JK:/crc/cr: 0.058079868 0.000019932 0.941900200
JK:/crc/rr: 0.000000000 0.000403003 0.999596997
JK:/crrc/: 0.999907365 0.000092635 0.000000000
JK:/crrc/cr: 0.333333333 0.333333333 0.333333333
JK:/crrc/rr: 0.000000000 0.000046322 0.999953678
JK:/rc/: 0.996322986 0.003677014 0.000000000
JK:/rc/cr: 0.955722058 0.006112957 0.038164986
JK:/rc/rr: 0.000000000 0.000033841 0.999966159
JK:/rrc/: 0.534117285 0.465882715 0.000000000
JK:/rrc/cr: 0.914664195 0.000024125 0.085311680
JK:/rrc/rr: 0.000000000 0.000031565 0.999968435
JQ:/cc/: 0.160234998 0.839765002 0.000000000
JQ:/cc/cr: 0.000004803 0.000002144 0.999993054
JQ:/cc/rr: 0.000000000 0.000016852 0.999983148
JQ:/crc/: 0.993069639 0.006930361 0.000000000
JQ:/crc/cr: 0.007380484 0.002677419 0.989942097
JQ:/crc/rr: 0.000000000 0.000028027 0.999971973
JQ:/crrc/: 0.034201355 0.965798645 0.000000000
JQ:/crrc/cr: 0.117083706 0.000031972 0.882884322
JQ:/crrc/rr: 0.000000000 0.001354253 0.998645747
JQ:/rc/: 0.996981585 0.003018415 0.000000000
JQ:/rc/cr: 0.007446765 0.007446765 0.985106470
JQ:/rc/rr: 0.000000000 0.000033818 0.999966182
JQ:/rrc/: 0.145076183 0.854923817 0.000000000
JQ:/rrc/cr: 0.003969240 0.000013147 0.996017614
JQ:/rrc/rr: 0.000000000 0.000116209 0.999883791
K:/: 0.752906449 0.247093551 0.000000000
K:/cr: 0.714335818 0.285650692 0.000013490
K:/rr: 0.000000000 0.999993359 0.000006641
KJ:/cc/: 0.000052689 0.999947311 0.000000000
KJ:/cc/cr: 0.000048471 0.000009446 0.999942083
KJ:/cc/rr: 0.000000000 0.807976111 0.192023889
KJ:/crc/: 0.000053058 0.999946942 0.000000000
KJ:/crc/cr: 0.000310492 0.999681636 0.000007871
KJ:/crc/rr: 0.000000000 0.777479274 0.222520726
KJ:/crrc/: 0.039054915 0.960945085 0.000000000
KJ:/crrc/cr: 0.000074429 0.999140861 0.000784710
KJ:/crrc/rr: 0.000000000 0.442852195 0.557147805
KJ:/rc/: 0.066562168 0.933437832 0.000000000
KJ:/rc/cr: 0.006712540 0.975282721 0.018004739
KJ:/rc/rr: 0.000000000 0.417626680 0.582373320
KJ:/rrc/: 0.081666374 0.918333626 0.000000000
KJ:/rrc/cr: 0.002458350 0.997118967 0.000422683
KJ:/rrc/rr: 0.000000000 0.473113807 0.526886193
KK:/cc/: 0.998525614 0.001474386 0.000000000
KK:/cc/cr: 0.990850316 0.004574842 0.004574842
KK:/cc/rr: 0.000000000 0.999989867 0.000010133
KK:/crc/: 0.182084061 0.817915939 0.000000000
KK:/crc/cr: 0.999980753 0.000009623 0.000009623
KK:/crc/rr: 0.000000000 0.999935159 0.000064841
KK:/crrc/: 0.994055876 0.005944124 0.000000000
KK:/crrc/cr: 0.998940976 0.000529512 0.000529512
KK:/crrc/rr: 0.000000000 0.999995251 0.000004749
KK:/rc/: 0.821321149 0.178678851 0.000000000
KK:/rc/cr: 0.999975222 0.000012389 0.000012389
KK:/rc/rr: 0.000000000 0.999995957 0.000004043
KK:/rrc/: 0.518618074 0.481381926 0.000000000
KK:/rrc/cr: 0.999995401 0.000002299 0.000002299
KK:/rrc/rr: 0.000000000 0.999996799 0.000003201
KQ:/cc/: 0.000056074 0.999943926 0.000000000
KQ:/cc/cr: 0.000043738 0.420710963 0.579245299
KQ:/cc/rr: 0.000000000 0.819565457 0.180434543
KQ:/crc/: 0.887039266 0.112960734 0.000000000
KQ:/crc/cr: 0.000435420 0.425551925 0.574012655
KQ:/crc/rr: 0.000000000 0.000033810 0.999966190
KQ:/crrc/: 0.006172335 0.993827665 0.000000000
KQ:/crrc/cr: 0.036525707 0.666067596 0.297406696
KQ:/crrc/rr: 0.000000000 0.007771123 0.992228877
KQ:/rc/: 0.000069484 0.999930516 0.000000000
KQ:/rc/cr: 0.000016624 0.488067060 0.511916317
KQ:/rc/rr: 0.000000000 0.631380774 0.368619226
KQ:/rrc/: 0.709841943 0.290158057 0.000000000
KQ:/rrc/cr: 0.040453173 0.846169542 0.113377285
KQ:/rrc/rr: 0.000000000 0.388378551 0.611621449
Q:/: 0.755564924 0.244435076 0.000000000
Q:/cr: 0.169478309 0.829923475 0.000598216
Q:/rr: 0.000000000 0.999993382 0.000006618
QJ:/cc/: 0.000020455 0.999979545 0.000000000
QJ:/cc/cr: 0.000006819 0.000006819 0.999986363
QJ:/cc/rr: 0.000000000 0.500000000 0.500000000
QJ:/crc/: 0.026559465 0.973440535 0.000000000
QJ:/crc/cr: 0.008779245 0.000002813 0.991217941
QJ:/crc/rr: 0.000000000 0.000154667 0.999845333
QJ:/crrc/: 0.037541596 0.962458404 0.000000000
QJ:/crrc/cr: 0.000172366 0.000013934 0.999813701
QJ:/crrc/rr: 0.000000000 0.000535832 0.999464168
QJ:/rc/: 0.007791874 0.992208126 0.000000000
QJ:/rc/cr: 0.000002403 0.000002223 0.999995374
QJ:/rc/rr: 0.000000000 0.000424645 0.999575355
QJ:/rrc/: 0.000003309 0.999996691 0.000000000
QJ:/rrc/cr: 0.000001103 0.000001103 0.999997794
QJ:/rrc/rr: 0.000000000 0.500000000 0.500000000
QK:/cc/: 0.468516014 0.531483986 0.000000000
QK:/cc/cr: 0.007167474 0.992782794 0.000049732
QK:/cc/rr: 0.000000000 0.999978170 0.000021830
QK:/crc/: 0.013149514 0.986850486 0.000000000
QK:/crc/cr: 0.000002870 0.559592029 0.440405101
QK:/crc/rr: 0.000000000 0.000346123 0.999653877
QK:/crrc/: 0.963749487 0.036250513 0.000000000
QK:/crrc/cr: 0.001046025 0.640903533 0.358050442
QK:/crrc/rr: 0.000000000 0.000594203 0.999405797
QK:/rc/: 0.430767765 0.569232235 0.000000000
QK:/rc/cr: 0.018911968 0.515456913 0.465631119
QK:/rc/rr: 0.000000000 0.185619548 0.814380452
QK:/rrc/: 0.116566903 0.883433097 0.000000000
QK:/rrc/cr: 0.000001248 0.303088766 0.696909985
QK:/rrc/rr: 0.000000000 0.000474047 0.999525953
QQ:/cc/: 0.465354781 0.534645219 0.000000000
QQ:/cc/cr: 0.999974494 0.000012753 0.000012753
QQ:/cc/rr: 0.000000000 0.999978022 0.000021978
QQ:/crc/: 0.972212675 0.027787325 0.000000000
QQ:/crc/cr: 0.999802890 0.000098555 0.000098555
QQ:/crc/rr: 0.000000000 0.999995775 0.000004225
QQ:/crrc/: 0.133140153 0.866859847 0.000000000
QQ:/crrc/cr: 0.999969059 0.000015470 0.000015470
QQ:/crrc/rr: 0.000000000 0.999848911 0.000151089
QQ:/rc/: 0.470313159 0.529686841 0.000000000
QQ:/rc/cr: 0.999991557 0.000004278 0.000004164
QQ:/rc/rr: 0.000000000 0.999992965 0.000007035
QQ:/rrc/: 0.978641418 0.021358582 0.000000000
QQ:/rrc/cr: 0.999896722 0.000051639 0.000051639
QQ:/rrc/rr: 0.000000000 0.999998309 0.000001691
