J:/c: 0.319235774 0.680764226 0.000000000
J:/crr: 0.000000000 0.999984338 0.000015662
J:/r: 0.056179866 0.119812614 0.824007520
JJ:/cc/c: 0.999992655 0.000007345 0.000000000
JJ:/cc/crr: 0.000000000 0.999996328 0.000003672
JJ:/cc/r: 0.999990207 0.000004896 0.000004896
JJ:/crc/c: 0.999984338 0.000015662 0.000000000
JJ:/crc/crr: 0.000000000 0.999992169 0.000007831
JJ:/crc/r: 0.999953727 0.000035832 0.000010442
JJ:/crrc/c: 0.999992169 0.000007831 0.000000000
JJ:/crrc/crr: 0.000000000 0.999996084 0.000003916
JJ:/crrc/r: 0.999970323 0.000024456 0.000005221
JJ:/rc/c: 0.999972179 0.000027821 0.000000000
JJ:/rc/crr: 0.000000000 0.999986089 0.000013911
JJ:/rc/r: 0.999896347 0.000085105 0.000018547
JJ:/rrc/c: 0.999940667 0.000059333 0.000000000
JJ:/rrc/crr: 0.000000000 0.999970332 0.000029668
JJ:/rrc/r: 0.999920889 0.000039555 0.000039555
JK:/cc/c: 0.000007345 0.999992655 0.000000000
JK:/cc/crr: 0.000000000 0.500000000 0.500000000
JK:/cc/r: 0.000004896 0.000004896 0.999990207
JK:/crc/c: 0.475142223 0.524857777 0.000000000
JK:/crc/crr: 0.000000000 0.000016482 0.999983518
JK:/crc/r: 0.014095215 0.000010442 0.985894344
JK:/crrc/c: 0.303291507 0.696708493 0.000000000
JK:/crrc/crr: 0.000000000 0.000012911 0.999987089
JK:/crrc/r: 0.204123017 0.000005221 0.795871762
JK:/rc/c: 0.389852536 0.610147464 0.000000000
JK:/rc/crr: 0.000000000 0.000035682 0.999964318
JK:/rc/r: 0.362368138 0.000018547 0.637613314
JK:/rrc/c: 0.999940667 0.000059333 0.000000000
JK:/rrc/crr: 0.000000000 0.000029668 0.999970332
JK:/rrc/r: 0.386324337 0.000039555 0.613636107
JQ:/cc/c: 0.074389073 0.925610927 0.000000000
JQ:/cc/crr: 0.000000000 0.000049367 0.999950633
JQ:/cc/r: 0.036001930 0.000004896 0.963993174
JQ:/crc/c: 0.420462516 0.579537484 0.000000000
JQ:/crc/crr: 0.000000000 0.000018625 0.999981375
JQ:/crc/r: 0.000030116 0.000010442 0.999959442
JQ:/crrc/c: 0.017980216 0.982019784 0.000000000
JQ:/crrc/crr: 0.000000000 0.000217776 0.999782224
JQ:/crrc/r: 0.002557394 0.000005221 0.997437385
JQ:/rc/c: 0.999445135 0.000554865 0.000000000
JQ:/rc/crr: 0.000000000 0.000013918 0.999986082
JQ:/rc/r: 0.000018547 0.000018547 0.999962905
JQ:/rrc/c: 0.000059333 0.999940667 0.000000000
JQ:/rrc/crr: 0.000000000 0.500000000 0.500000000
JQ:/rrc/r: 0.530204496 0.000039555 0.469755949
K:/c: 0.999990000 0.000010000 0.000000000
K:/crr: 0.000000000 0.999995000 0.000005000
K:/r: 0.608720103 0.391273231 0.000006667
KJ:/cc/c: 0.500000000 0.500000000 0.000000000
KJ:/cc/crr: 0.000000000 0.500000000 0.500000000
KJ:/cc/r: 0.333333333 0.333333333 0.333333333
KJ:/crc/c: 0.109846510 0.890153490 0.000000000
KJ:/crc/crr: 0.000000000 0.999977241 0.000022759
KJ:/crc/r: 0.000004071 0.973780295 0.026215634
KJ:/crrc/c: 0.508658801 0.491341199 0.000000000
KJ:/crrc/crr: 0.000000000 0.817982659 0.182017341
KJ:/crrc/r: 0.001777334 0.884521892 0.113700774
KJ:/rc/c: 0.465573029 0.534426971 0.000000000
KJ:/rc/crr: 0.000000000 0.898192182 0.101807818
KJ:/rc/r: 0.000015711 0.999966884 0.000017405
KJ:/rrc/c: 0.211174695 0.788825305 0.000000000
KJ:/rrc/crr: 0.000000000 0.999987035 0.000012965
KJ:/rrc/r: 0.031912930 0.968083420 0.000003651
KK:/cc/c: 0.500000000 0.500000000 0.000000000
KK:/cc/crr: 0.000000000 0.500000000 0.500000000
KK:/cc/r: 0.333333333 0.333333333 0.333333333
KK:/crc/c: 0.999995000 0.000005000 0.000000000
KK:/crc/crr: 0.000000000 0.999997500 0.000002500
KK:/crc/r: 0.989610032 0.010386635 0.000003333
KK:/crrc/c: 0.999997500 0.000002500 0.000000000
KK:/crrc/crr: 0.000000000 0.999998750 0.000001250
KK:/crrc/r: 0.999417932 0.000580401 0.000001667
KK:/rc/c: 0.999991481 0.000008519 0.000000000
KK:/rc/crr: 0.000000000 0.999995740 0.000004260
KK:/rc/r: 0.999968005 0.000026315 0.000005679
KK:/rrc/c: 0.999994524 0.000005476 0.000000000
KK:/rrc/crr: 0.000000000 0.999997262 0.000002738
KK:/rrc/r: 0.995793088 0.004203261 0.000003651
KQ:/cc/c: 0.500000000 0.500000000 0.000000000
KQ:/cc/crr: 0.000000000 0.500000000 0.500000000
KQ:/cc/r: 0.333333333 0.333333333 0.333333333
KQ:/crc/c: 0.302239042 0.697760958 0.000000000
KQ:/crc/crr: 0.000000000 0.176793559 0.823206441
KQ:/crc/r: 0.000006698 0.496163000 0.503830302
KQ:/crrc/c: 0.656534192 0.343465808 0.000000000
KQ:/crrc/crr: 0.000000000 0.436594843 0.563405157
KQ:/crrc/r: 0.000020438 0.757579378 0.242400184
KQ:/rc/c: 0.000008519 0.999991481 0.000000000
KQ:/rc/crr: 0.000000000 0.500000000 0.500000000
KQ:/rc/r: 0.000008401 0.309871942 0.690119656
KQ:/rrc/c: 0.527668083 0.472331917 0.000000000
KQ:/rrc/crr: 0.000000000 0.491607305 0.508392695
KQ:/rrc/r: 0.051569429 0.587264445 0.361166126
Q:/c: 0.853958851 0.146041149 0.000000000
Q:/crr: 0.000000000 0.999994145 0.000005855
Q:/r: 0.397320703 0.602650880 0.000028417
QJ:/cc/c: 0.000034237 0.999965763 0.000000000
QJ:/cc/crr: 0.000000000 0.500000000 0.500000000
QJ:/cc/r: 0.000022825 0.000022825 0.999954351
QJ:/crc/c: 0.428651745 0.571348255 0.000000000
QJ:/crc/crr: 0.000000000 0.000006830 0.999993170
QJ:/crc/r: 0.000003903 0.000003903 0.999992193
QJ:/crrc/c: 0.000002928 0.999997072 0.000000000
QJ:/crrc/crr: 0.000000000 0.500000000 0.500000000
QJ:/crrc/r: 0.000001952 0.000001952 0.999996097
QJ:/rc/c: 0.000005531 0.999994469 0.000000000
QJ:/rc/crr: 0.000000000 0.500000000 0.500000000
QJ:/rc/r: 0.000014943 0.000003687 0.999981369
QJ:/rrc/c: 0.000008390 0.999991610 0.000000000
QJ:/rrc/crr: 0.000000000 0.500000000 0.500000000
QJ:/rrc/r: 0.000005593 0.000005593 0.999988814
QK:/cc/c: 0.000676072 0.999323928 0.000000000
QK:/cc/crr: 0.000000000 0.974679542 0.025320458
QK:/cc/r: 0.000022825 0.768296493 0.231680683
QK:/crc/c: 0.375285113 0.624714887 0.000000000
QK:/crc/crr: 0.000000000 0.000438698 0.999561302
QK:/crc/r: 0.000020376 0.502252855 0.497726769
QK:/crrc/c: 0.224263759 0.775736241 0.000000000
QK:/crrc/crr: 0.000000000 0.000006527 0.999993473
QK:/crrc/r: 0.000012802 0.287300591 0.712686607
QK:/rc/c: 0.358968655 0.641031345 0.000000000
QK:/rc/crr: 0.000000000 0.052500089 0.947499911
QK:/rc/r: 0.000006081 0.315309447 0.684684472
QK:/rrc/c: 0.438500338 0.561499662 0.000000000
QK:/rrc/crr: 0.000000000 0.038640328 0.961359672
QK:/rrc/r: 0.000013350 0.488212103 0.511774546
QQ:/cc/c: 0.999965763 0.000034237 0.000000000
QQ:/cc/crr: 0.000000000 0.999982881 0.000017119
QQ:/cc/r: 0.999251445 0.000725731 0.000022825
QQ:/crc/c: 0.999994145 0.000005855 0.000000000
QQ:/crc/crr: 0.000000000 0.999997072 0.000002928
QQ:/crc/r: 0.986669777 0.013326320 0.000003903
QQ:/crrc/c: 0.999997072 0.000002928 0.000000000
QQ:/crrc/crr: 0.000000000 0.999998536 0.000001464
QQ:/crrc/r: 0.999987568 0.000010481 0.000001952
QQ:/rc/c: 0.999994469 0.000005531 0.000000000
QQ:/rc/crr: 0.000000000 0.999997234 0.000002766
QQ:/rc/r: 0.985396926 0.014599387 0.000003687
QQ:/rrc/c: 0.999991610 0.000008390 0.000000000
QQ:/rrc/crr: 0.000000000 0.999995805 0.000004195
QQ:/rrc/r: 0.999975356 0.000019051 0.000005593
