J:/c: 0.288309733 0.711690267 0.000000000
J:/crr: 0.000000000 0.999982658 0.000017342
J:/r: 0.057689442 0.133762765 0.808547793
JJ:/cc/c: 0.999992974 0.000007026 0.000000000
JJ:/cc/crr: 0.000000000 0.999996487 0.000003513
JJ:/cc/r: 0.999990633 0.000004684 0.000004684
JJ:/crc/c: 0.999982658 0.000017342 0.000000000
JJ:/crc/crr: 0.000000000 0.999991329 0.000008671
JJ:/crc/r: 0.999932954 0.000055485 0.000011562
JJ:/crrc/c: 0.999991329 0.000008671 0.000000000
JJ:/crrc/crr: 0.000000000 0.999995664 0.000004336
JJ:/crrc/r: 0.999943949 0.000050270 0.000005781
JJ:/rc/c: 0.999975080 0.000024920 0.000000000
JJ:/rc/crr: 0.000000000 0.999987540 0.000012460
JJ:/rc/r: 0.999966774 0.000016613 0.000016613
JJ:/rrc/c: 0.999942219 0.000057781 0.000000000
JJ:/rrc/crr: 0.000000000 0.999971108 0.000028892
JJ:/rrc/r: 0.999922959 0.000038520 0.000038520
JK:/cc/c: 0.007337062 0.992662938 0.000000000
JK:/cc/crr: 0.000000000 0.000478770 0.999521230
JK:/cc/r: 0.000004684 0.000004684 0.999990633
JK:/crc/c: 0.586510323 0.413489677 0.000000000
JK:/crc/crr: 0.000000000 0.000014784 0.999985216
JK:/crc/r: 0.000102264 0.000011562 0.999886174
JK:/crrc/c: 0.471251952 0.528748048 0.000000000
JK:/crrc/crr: 0.000000000 0.000009200 0.999990800
JK:/crrc/r: 0.202821313 0.000005781 0.797172906
JK:/rc/c: 0.363708894 0.636291106 0.000000000
JK:/rc/crr: 0.000000000 0.000034258 0.999965742
JK:/rc/r: 0.350762597 0.000016613 0.649220790
JK:/rrc/c: 0.999942219 0.000057781 0.000000000
JK:/rrc/crr: 0.000000000 0.000028892 0.999971108
JK:/rrc/r: 0.218705494 0.000038520 0.781255986
JQ:/cc/c: 0.065555682 0.934444318 0.000000000
JQ:/cc/crr: 0.000000000 0.000053584 0.999946416
JQ:/cc/r: 0.043058061 0.000004684 0.956937256
JQ:/crc/c: 0.999874528 0.000125472 0.000000000
JQ:/crc/crr: 0.000000000 0.000008672 0.999991328
JQ:/crc/r: 0.000040999 0.000011562 0.999947439
JQ:/crrc/c: 0.006717903 0.993282097 0.000000000
JQ:/crrc/crr: 0.000000000 0.000645393 0.999354607
JQ:/crrc/r: 0.146907352 0.000005781 0.853086867
JQ:/rc/c: 0.999975080 0.000024920 0.000000000
JQ:/rc/crr: 0.000000000 0.000012460 0.999987540
JQ:/rc/r: 0.000016613 0.000016613 0.999966774
JQ:/rrc/c: 0.001297126 0.998702874 0.000000000
JQ:/rrc/crr: 0.000000000 0.022272565 0.977727435
JQ:/rrc/r: 0.318665903 0.000038520 0.681295576
K:/c: 0.999990000 0.000010000 0.000000000
K:/crr: 0.000000000 0.999995000 0.000005000
K:/r: 0.572516557 0.427476776 0.000006667
KJ:/cc/c: 0.500000000 0.500000000 0.000000000
KJ:/cc/crr: 0.000000000 0.500000000 0.500000000
KJ:/cc/r: 0.333333333 0.333333333 0.333333333
KJ:/crc/c: 0.080824293 0.919175707 0.000000000
KJ:/crc/crr: 0.000000000 0.999969068 0.000030932
KJ:/crc/r: 0.000003333 0.763131160 0.236865506
KJ:/crrc/c: 0.518540003 0.481459997 0.000000000
KJ:/crrc/crr: 0.000000000 0.999997589 0.000002411
KJ:/crrc/r: 0.000108698 0.999860672 0.000030631
KJ:/rc/c: 0.551343346 0.448656654 0.000000000
KJ:/rc/crr: 0.000000000 0.999992928 0.000007072
KJ:/rc/r: 0.088663337 0.911315055 0.000021608
KJ:/rrc/c: 0.112658222 0.887341778 0.000000000
KJ:/rrc/crr: 0.000000000 0.999974160 0.000025840
KJ:/rrc/r: 0.000228119 0.958452708 0.041319173
KK:/cc/c: 0.500000000 0.500000000 0.000000000
KK:/cc/crr: 0.000000000 0.500000000 0.500000000
KK:/cc/r: 0.333333333 0.333333333 0.333333333
KK:/crc/c: 0.999995000 0.000005000 0.000000000
KK:/crc/crr: 0.000000000 0.999997500 0.000002500
KK:/crc/r: 0.987358608 0.012638059 0.000003333
KK:/crrc/c: 0.999997500 0.000002500 0.000000000
KK:/crrc/crr: 0.000000000 0.999998750 0.000001250
KK:/crrc/r: 0.999746410 0.000251923 0.000001667
KK:/rc/c: 0.999992202 0.000007798 0.000000000
KK:/rc/crr: 0.000000000 0.999996101 0.000003899
KK:/rc/r: 0.999963453 0.000031349 0.000005198
KK:/rrc/c: 0.999994178 0.000005822 0.000000000
KK:/rrc/crr: 0.000000000 0.999997089 0.000002911
KK:/rrc/r: 0.997016577 0.002979541 0.000003881
KQ:/cc/c: 0.500000000 0.500000000 0.000000000
KQ:/cc/crr: 0.000000000 0.500000000 0.500000000
KQ:/cc/r: 0.333333333 0.333333333 0.333333333
KQ:/crc/c: 0.000138222 0.999861778 0.000000000
KQ:/crc/crr: 0.000000000 0.762058340 0.237941660
KQ:/crc/r: 0.000003333 0.464368404 0.535628262
KQ:/crrc/c: 0.679966267 0.320033733 0.000000000
KQ:/crrc/crr: 0.000000000 0.465403668 0.534596332
KQ:/crrc/r: 0.000016418 0.700519412 0.299464169
KQ:/rc/c: 0.000037877 0.999962123 0.000000000
KQ:/rc/crr: 0.000000000 0.102934953 0.897065047
KQ:/rc/r: 0.000005198 0.321697278 0.678297524
KQ:/rrc/c: 0.465894529 0.534105471 0.000000000
KQ:/rrc/crr: 0.000000000 0.449973449 0.550026551
KQ:/rrc/r: 0.098908813 0.539639759 0.361451428
Q:/c: 0.855131563 0.144868437 0.000000000
Q:/crr: 0.000000000 0.999994153 0.000005847
Q:/r: 0.329714027 0.670251484 0.000034489
QJ:/cc/c: 0.000034514 0.999965486 0.000000000
QJ:/cc/crr: 0.000000000 0.500000000 0.500000000
QJ:/cc/r: 0.000023009 0.000023009 0.999953981
QJ:/crc/c: 0.418333452 0.581666548 0.000000000
QJ:/crc/crr: 0.000000000 0.000028593 0.999971407
QJ:/crc/r: 0.000003898 0.000003898 0.999992204
QJ:/crrc/c: 0.000002924 0.999997076 0.000000000
QJ:/crrc/crr: 0.000000000 0.500000000 0.500000000
QJ:/crrc/r: 0.000003541 0.000001949 0.999994510
QJ:/rc/c: 0.000004973 0.999995027 0.000000000
QJ:/rc/crr: 0.000000000 0.500000000 0.500000000
QJ:/rc/r: 0.000003316 0.000003316 0.999993369
QJ:/rrc/c: 0.000010110 0.999989890 0.000000000
QJ:/rrc/crr: 0.000000000 0.500000000 0.500000000
QJ:/rrc/r: 0.000006740 0.000006740 0.999986520
QK:/cc/c: 0.029209115 0.970790885 0.000000000
QK:/cc/crr: 0.000000000 0.999409190 0.000590810
QK:/cc/r: 0.000023009 0.782672458 0.217304533
QK:/crc/c: 0.240835833 0.759164167 0.000000000
QK:/crc/crr: 0.000000000 0.000012139 0.999987861
QK:/crc/r: 0.000026202 0.456971516 0.543002283
QK:/crrc/c: 0.000002924 0.999997076 0.000000000
QK:/crrc/crr: 0.000000000 0.500000000 0.500000000
QK:/crrc/r: 0.000014374 0.292239196 0.707746429
QK:/rc/c: 0.365240795 0.634759205 0.000000000
QK:/rc/crr: 0.000000000 0.000445401 0.999554599
QK:/rc/r: 0.000003316 0.336218931 0.663777754
QK:/rrc/c: 0.413632430 0.586367570 0.000000000
QK:/rrc/crr: 0.000000000 0.000073602 0.999926398
QK:/rrc/r: 0.000006740 0.512302457 0.487690803
QQ:/cc/c: 0.999965486 0.000034514 0.000000000
QQ:/cc/crr: 0.000000000 0.999982742 0.000017258
QQ:/cc/r: 0.998205259 0.001771732 0.000023009
QQ:/crc/c: 0.999994153 0.000005847 0.000000000
QQ:/crc/crr: 0.000000000 0.999997076 0.000002924
QQ:/crc/r: 0.989588653 0.010407449 0.000003898
QQ:/crrc/c: 0.999997076 0.000002924 0.000000000
QQ:/crrc/crr: 0.000000000 0.999998538 0.000001462
QQ:/crrc/r: 0.999965922 0.000032129 0.000001949
QQ:/rc/c: 0.999995027 0.000004973 0.000000000
QQ:/rc/crr: 0.000000000 0.999997513 0.000002487
QQ:/rc/r: 0.992295649 0.007701035 0.000003316
QQ:/rrc/c: 0.999989890 0.000010110 0.000000000
QQ:/rrc/crr: 0.000000000 0.999994945 0.000005055
QQ:/rrc/r: 0.999983702 0.000009558 0.000006740
