J:/c: 0.294891109 0.705108891 0.000000000
J:/crr: 0.000000000 0.999983045 0.000016955
J:/r: 0.056057301 0.129452084 0.814490616
JJ:/cc/c: 0.999992909 0.000007091 0.000000000
JJ:/cc/crr: 0.000000000 0.999996454 0.000003546
JJ:/cc/r: 0.999982777 0.000012495 0.000004727
JJ:/crc/c: 0.999983045 0.000016955 0.000000000
JJ:/crc/crr: 0.000000000 0.999991522 0.000008478
JJ:/crc/r: 0.999977393 0.000011304 0.000011304
JJ:/crrc/c: 0.999991522 0.000008478 0.000000000
JJ:/crrc/crr: 0.000000000 0.999995761 0.000004239
JJ:/crrc/r: 0.999988696 0.000005652 0.000005652
JJ:/rc/c: 0.999974250 0.000025750 0.000000000
JJ:/rc/crr: 0.000000000 0.999987125 0.000012875
JJ:/rc/r: 0.999962750 0.000020084 0.000017166
JJ:/rrc/c: 0.999940537 0.000059463 0.000000000
JJ:/rrc/crr: 0.000000000 0.999970267 0.000029733
JJ:/rrc/r: 0.999761045 0.000199313 0.000039642
JK:/cc/c: 0.005728016 0.994271984 0.000000000
JK:/cc/crr: 0.000000000 0.000618984 0.999381016
JK:/cc/r: 0.000008553 0.000004727 0.999986719
JK:/crc/c: 0.504549025 0.495450975 0.000000000
JK:/crc/crr: 0.000000000 0.000016803 0.999983197
JK:/crc/r: 0.043078766 0.000011304 0.956909931
JK:/crrc/c: 0.450369753 0.549630247 0.000000000
JK:/crrc/crr: 0.000000000 0.000009412 0.999990588
JK:/crrc/r: 0.214758880 0.000005652 0.785235468
JK:/rc/c: 0.373142031 0.626857969 0.000000000
JK:/rc/crr: 0.000000000 0.000034504 0.999965496
JK:/rc/r: 0.357820242 0.000017166 0.642162592
JK:/rrc/c: 0.999805182 0.000194818 0.000000000
JK:/rrc/crr: 0.000000000 0.000029737 0.999970263
JK:/rrc/r: 0.309480984 0.000039642 0.690479374
JQ:/cc/c: 0.069150576 0.930849424 0.000000000
JQ:/cc/crr: 0.000000000 0.000051273 0.999948727
JQ:/cc/r: 0.036193112 0.000004727 0.963802161
JQ:/crc/c: 0.514847571 0.485152429 0.000000000
JQ:/crc/crr: 0.000000000 0.000016466 0.999983534
JQ:/crc/r: 0.029440175 0.000011304 0.970548521
JQ:/crrc/c: 0.044170214 0.955829786 0.000000000
JQ:/crrc/crr: 0.000000000 0.000095968 0.999904032
JQ:/crrc/r: 0.237880530 0.000005652 0.762113818
JQ:/rc/c: 0.994843074 0.005156926 0.000000000
JQ:/rc/crr: 0.000000000 0.000012942 0.999987058
JQ:/rc/r: 0.000020754 0.000017166 0.999962080
JQ:/rrc/c: 0.007097833 0.992902167 0.000000000
JQ:/rrc/crr: 0.000000000 0.004188811 0.995811189
JQ:/rrc/r: 0.402476485 0.000039642 0.597483873
K:/c: 0.999969370 0.000030630 0.000000000
K:/crr: 0.000000000 0.999995000 0.000005000
K:/r: 0.577640143 0.422353190 0.000006667
KJ:/cc/c: 0.467560254 0.532439746 0.000000000
KJ:/cc/crr: 0.000000000 0.825435834 0.174564166
KJ:/cc/r: 0.537007538 0.220473183 0.242519279
KJ:/crc/c: 0.178529324 0.821470676 0.000000000
KJ:/crc/crr: 0.000000000 0.999985996 0.000014004
KJ:/crc/r: 0.000125618 0.733452177 0.266422204
KJ:/crrc/c: 0.273137522 0.726862478 0.000000000
KJ:/crrc/crr: 0.000000000 0.973449654 0.026550346
KJ:/crrc/r: 0.068637434 0.768422667 0.162939899
KJ:/rc/c: 0.435801053 0.564198947 0.000000000
KJ:/rc/crr: 0.000000000 0.873117637 0.126882363
KJ:/rc/r: 0.033178298 0.770400259 0.196421443
KJ:/rrc/c: 0.197098876 0.802901124 0.000000000
KJ:/rrc/crr: 0.000000000 0.998378085 0.001621915
KJ:/rrc/r: 0.051091112 0.884623021 0.064285867
KK:/cc/c: 0.836761469 0.163238531 0.000000000
KK:/cc/crr: 0.000000000 0.902458145 0.097541855
KK:/cc/r: 0.602977182 0.288197131 0.108825688
KK:/crc/c: 0.999995000 0.000005000 0.000000000
KK:/crc/crr: 0.000000000 0.999997500 0.000002500
KK:/crc/r: 0.929155343 0.070841323 0.000003333
KK:/crrc/c: 0.999997500 0.000002500 0.000000000
KK:/crrc/crr: 0.000000000 0.999998750 0.000001250
KK:/crrc/r: 0.999996667 0.000001667 0.000001667
KK:/rc/c: 0.999992108 0.000007892 0.000000000
KK:/rc/crr: 0.000000000 0.999996054 0.000003946
KK:/rc/r: 0.999980146 0.000014592 0.000005262
KK:/rrc/c: 0.999994229 0.000005771 0.000000000
KK:/rrc/crr: 0.000000000 0.999997115 0.000002885
KK:/rrc/r: 0.999975885 0.000020268 0.000003847
KQ:/cc/c: 0.836761469 0.163238531 0.000000000
KQ:/cc/crr: 0.000000000 0.902458145 0.097541855
KQ:/cc/r: 0.533395520 0.296393723 0.170210756
KQ:/crc/c: 0.213155553 0.786844447 0.000000000
KQ:/crc/crr: 0.000000000 0.002513757 0.997486243
KQ:/crc/r: 0.000062271 0.442369310 0.557568420
KQ:/crrc/c: 0.609905321 0.390094679 0.000000000
KQ:/crrc/crr: 0.000000000 0.446988594 0.553011406
KQ:/crrc/r: 0.000009630 0.738015644 0.261974725
KQ:/rc/c: 0.000116648 0.999883352 0.000000000
KQ:/rc/crr: 0.000000000 0.342585121 0.657414879
KQ:/rc/r: 0.000023705 0.304642448 0.695333847
KQ:/rrc/c: 0.514506288 0.485493712 0.000000000
KQ:/rrc/crr: 0.000000000 0.474125029 0.525874971
KQ:/rrc/r: 0.080892298 0.547721387 0.371386315
Q:/c: 0.849637536 0.150362464 0.000000000
Q:/crr: 0.000000000 0.999994115 0.000005885
Q:/r: 0.354810946 0.645171126 0.000017927
QJ:/cc/c: 0.000294104 0.999705896 0.000000000
QJ:/cc/crr: 0.000000000 0.056532739 0.943467261
QJ:/cc/r: 0.000039343 0.000022169 0.999938488
QJ:/crc/c: 0.392892316 0.607107684 0.000000000
QJ:/crc/crr: 0.000000000 0.000514898 0.999485102
QJ:/crc/r: 0.000175875 0.000003923 0.999820202
QJ:/crrc/c: 0.000002942 0.999997058 0.000000000
QJ:/crrc/crr: 0.000000000 0.500000000 0.500000000
QJ:/crrc/r: 0.014538665 0.000001962 0.985459374
QJ:/rc/c: 0.000080607 0.999919393 0.000000000
QJ:/rc/crr: 0.000000000 0.032048179 0.967951821
QJ:/rc/r: 0.013557624 0.000003444 0.986438932
QJ:/rrc/c: 0.000240350 0.999759650 0.000000000
QJ:/rrc/crr: 0.000000000 0.019543705 0.980456295
QJ:/rrc/r: 0.000083631 0.000006263 0.999910106
QK:/cc/c: 0.277259872 0.722740128 0.000000000
QK:/cc/crr: 0.000000000 0.999940033 0.000059967
QK:/cc/r: 0.000114456 0.730678444 0.269207100
QK:/crc/c: 0.392408907 0.607591093 0.000000000
QK:/crc/crr: 0.000000000 0.014674258 0.985325742
QK:/crc/r: 0.000413690 0.459318483 0.540267826
QK:/crrc/c: 0.126230175 0.873769825 0.000000000
QK:/crrc/crr: 0.000000000 0.003420384 0.996579616
QK:/crrc/r: 0.000079608 0.282413657 0.717506735
QK:/rc/c: 0.369580287 0.630419713 0.000000000
QK:/rc/crr: 0.000000000 0.010110405 0.989889595
QK:/rc/r: 0.000006478 0.324877398 0.675116124
QK:/rrc/c: 0.421401331 0.578598669 0.000000000
QK:/rrc/crr: 0.000000000 0.029091253 0.970908747
QK:/rrc/r: 0.000091155 0.494592260 0.505316585
QQ:/cc/c: 0.999966747 0.000033253 0.000000000
QQ:/cc/crr: 0.000000000 0.999983373 0.000016627
QQ:/cc/r: 0.999916614 0.000061218 0.000022169
QQ:/crc/c: 0.999994115 0.000005885 0.000000000
QQ:/crc/crr: 0.000000000 0.999997058 0.000002942
QQ:/crc/r: 0.793381334 0.206614743 0.000003923
QQ:/crrc/c: 0.999997058 0.000002942 0.000000000
QQ:/crrc/crr: 0.000000000 0.999998529 0.000001471
QQ:/crrc/r: 0.999996077 0.000001962 0.000001962
QQ:/rc/c: 0.999994833 0.000005167 0.000000000
QQ:/rc/crr: 0.000000000 0.999997417 0.000002583
QQ:/rc/r: 0.999981194 0.000015362 0.000003444
QQ:/rrc/c: 0.999990605 0.000009395 0.000000000
QQ:/rrc/crr: 0.000000000 0.999995303 0.000004697
QQ:/rrc/r: 0.999957966 0.000035770 0.000006263
