J:/: 0.081340751 0.918659249 0.000000000
J:/cr: 0.018157289 0.035865580 0.945977131
J:/rr: 0.000000000 0.999938530 0.000061470
JJ:/cc/: 0.000360769 0.999639231 0.000000000
JJ:/cc/cr: 0.999996370 0.000001815 0.000001815
JJ:/cc/rr: 0.000000000 0.992456795 0.007543205
JJ:/crc/: 0.946232411 0.053767589 0.000000000
JJ:/crc/cr: 0.999372802 0.000313599 0.000313599
JJ:/crc/rr: 0.000000000 0.999973271 0.000026729
JJ:/crrc/: 0.938662339 0.061337661 0.000000000
JJ:/crrc/cr: 0.998914013 0.000542994 0.000542994
JJ:/crrc/rr: 0.000000000 0.999946776 0.000053224
JJ:/rc/: 0.887999300 0.112000700 0.000000000
JJ:/rc/cr: 0.999634111 0.000182945 0.000182945
JJ:/rc/rr: 0.000000000 0.999965389 0.000034611
JJ:/rrc/: 0.996957099 0.003042901 0.000000000
JJ:/rrc/cr: 0.993265902 0.003367049 0.003367049
JJ:/rrc/rr: 0.000000000 0.999984585 0.000015415
JK:/cc/: 0.081517209 0.918482791 0.000000000
JK:/cc/cr: 0.000003945 0.000001975 0.999994080
JK:/cc/rr: 0.000000000 0.000033384 0.999966616
JK:/crc/: 0.042169687 0.957830313 0.000000000
JK:/crc/cr: 0.005682946 0.000017604 0.994299450
JK:/crc/rr: 0.000000000 0.000599772 0.999400228
JK:/crrc/: 0.999900082 0.000099918 0.000000000
JK:/crrc/cr: 0.333333333 0.333333333 0.333333333
JK:/crrc/rr: 0.000000000 0.000049964 0.999950036
JK:/rc/: 0.965251497 0.034748503 0.000000000
JK:/rc/cr: 0.998820672 0.000589664 0.000589664
JK:/rc/rr: 0.000000000 0.000031841 0.999968159
JK:/rrc/: 0.498853181 0.501146819 0.000000000
JK:/rrc/cr: 0.742981939 0.000020444 0.256997617
JK:/rrc/rr: 0.000000000 0.000030807 0.999969193
JQ:/cc/: 0.183439435 0.816560565 0.000000000
JQ:/cc/cr: 0.000004823 0.000002222 0.999992955
JQ:/cc/rr: 0.000000000 0.000014835 0.999985165
JQ:/crc/: 0.993539567 0.006460433 0.000000000
JQ:/crc/cr: 0.218697651 0.002609958 0.778692391
JQ:/crc/rr: 0.000000000 0.000025457 0.999974543
JQ:/crrc/: 0.017444901 0.982555099 0.000000000
JQ:/crrc/cr: 0.122089203 0.000033897 0.877876900
JQ:/crrc/rr: 0.000000000 0.002863814 0.997136186
JQ:/rc/: 0.994225245 0.005774755 0.000000000
JQ:/rc/cr: 0.003548191 0.003548191 0.992903618
JQ:/rc/rr: 0.000000000 0.000030913 0.999969087
JQ:/rrc/: 0.144345747 0.855654253 0.000000000
JQ:/rrc/cr: 0.002055453 0.000011974 0.997932573
JQ:/rrc/rr: 0.000000000 0.000106469 0.999893531
K:/: 0.758252612 0.241747388 0.000000000
K:/cr: 0.677862314 0.322123897 0.000013788
K:/rr: 0.000000000 0.999993406 0.000006594
KJ:/cc/: 0.000051442 0.999948558 0.000000000
KJ:/cc/cr: 0.000050100 0.000010292 0.999939608
KJ:/cc/rr: 0.000000000 0.798968883 0.201031117
KJ:/crc/: 0.000053073 0.999946927 0.000000000
KJ:/crc/cr: 0.000031666 0.999961199 0.000007135
KJ:/crc/rr: 0.000000000 0.798367449 0.201632551
KJ:/crrc/: 0.064882408 0.935117592 0.000000000
KJ:/crrc/cr: 0.000371401 0.998039567 0.001589033
KJ:/crrc/rr: 0.000000000 0.508763491 0.491236509
KJ:/rc/: 0.059227990 0.940772010 0.000000000
KJ:/rc/cr: 0.006456634 0.961629610 0.031913756
KJ:/rc/rr: 0.000000000 0.321243959 0.678756041
KJ:/rrc/: 0.093201619 0.906798381 0.000000000
KJ:/rrc/cr: 0.000241767 0.999033675 0.000724558
KJ:/rrc/rr: 0.000000000 0.510004937 0.489995063
KK:/cc/: 0.999583136 0.000416864 0.000000000
KK:/cc/cr: 0.966923304 0.016538348 0.016538348
KK:/cc/rr: 0.000000000 0.999989654 0.000010346
KK:/crc/: 0.085054936 0.914945064 0.000000000
KK:/crc/cr: 0.999984405 0.000007797 0.000007797
KK:/crc/rr: 0.000000000 0.999874184 0.000125816
KK:/crrc/: 0.997737763 0.002262237 0.000000000
KK:/crrc/cr: 0.997002798 0.001498601 0.001498601
KK:/crrc/rr: 0.000000000 0.999994903 0.000005097
KK:/rc/: 0.866007981 0.133992019 0.000000000
KK:/rc/cr: 0.999967192 0.000016404 0.000016404
KK:/rc/rr: 0.000000000 0.999996193 0.000003807
KK:/rrc/: 0.528018847 0.471981153 0.000000000
KK:/rrc/cr: 0.999995343 0.000002329 0.000002329
KK:/rrc/rr: 0.000000000 0.999996878 0.000003122
KQ:/cc/: 0.000055979 0.999944021 0.000000000
KQ:/cc/cr: 0.000045968 0.445976154 0.553977878
KQ:/cc/rr: 0.000000000 0.815261755 0.184738245
KQ:/crc/: 0.892663329 0.107336671 0.000000000
KQ:/crc/cr: 0.000409854 0.646127860 0.353462286
KQ:/crc/rr: 0.000000000 0.000029499 0.999970501
KQ:/crrc/: 0.012574248 0.987425752 0.000000000
KQ:/crrc/cr: 0.030672556 0.680274540 0.289052904
KQ:/crrc/rr: 0.000000000 0.419410021 0.580589979
KQ:/rc/: 0.000110928 0.999889072 0.000000000
KQ:/rc/cr: 0.000027346 0.498352754 0.501619899
KQ:/rc/rr: 0.000000000 0.224129889 0.775870111
KQ:/rrc/: 0.684431387 0.315568613 0.000000000
KQ:/rrc/cr: 0.020633837 0.893319625 0.086046539
KQ:/rrc/rr: 0.000000000 0.381815267 0.618184733
Q:/: 0.743120505 0.256879495 0.000000000
Q:/cr: 0.149214969 0.849426588 0.001358442
Q:/rr: 0.000000000 0.999993272 0.000006728
QJ:/cc/: 0.000019464 0.999980536 0.000000000
QJ:/cc/cr: 0.000006488 0.000006488 0.999987023
QJ:/cc/rr: 0.000000000 0.500000000 0.500000000
QJ:/crc/: 0.028258507 0.971741493 0.000000000
QJ:/crc/cr: 0.001603630 0.000002620 0.998393750
QJ:/crc/rr: 0.000000000 0.000135149 0.999864851
QJ:/crrc/: 0.008004195 0.991995805 0.000000000
QJ:/crrc/cr: 0.000136484 0.000014611 0.999848905
QJ:/crrc/rr: 0.000000000 0.002716184 0.997283816
QJ:/rc/: 0.011032020 0.988967980 0.000000000
QJ:/rc/cr: 0.000002268 0.000002268 0.999995464
QJ:/rc/rr: 0.000000000 0.000304948 0.999695052
QJ:/rrc/: 0.000003364 0.999996636 0.000000000
QJ:/rrc/cr: 0.000001121 0.000001121 0.999997757
QJ:/rrc/rr: 0.000000000 0.500000000 0.500000000
QK:/cc/: 0.365225369 0.634774631 0.000000000
QK:/cc/cr: 0.111654793 0.888324649 0.000020558
QK:/cc/rr: 0.000000000 0.999973353 0.000026647
QK:/crc/: 0.000196129 0.999803871 0.000000000
QK:/crc/cr: 0.000002670 0.556469062 0.443528268
QK:/crc/rr: 0.000000000 0.022500826 0.977499174
QK:/crrc/: 0.969278353 0.030721647 0.000000000
QK:/crrc/cr: 0.000948817 0.733734723 0.265316460
QK:/crrc/rr: 0.000000000 0.000605539 0.999394461
QK:/rc/: 0.472545175 0.527454825 0.000000000
QK:/rc/cr: 0.028549359 0.517937733 0.453512908
QK:/rc/rr: 0.000000000 0.200719179 0.799280821
QK:/rrc/: 0.129228873 0.870771127 0.000000000
QK:/rrc/cr: 0.000001517 0.300811685 0.699186797
QK:/rrc/rr: 0.000000000 0.000362365 0.999637635
QQ:/cc/: 0.532598377 0.467401623 0.000000000
QQ:/cc/cr: 0.999972237 0.000013881 0.000013881
QQ:/cc/rr: 0.000000000 0.999981727 0.000018273
QQ:/crc/: 0.990814872 0.009185128 0.000000000
QQ:/crc/cr: 0.999445608 0.000277196 0.000277196
QQ:/crc/rr: 0.000000000 0.999996145 0.000003855
QQ:/crrc/: 0.143092600 0.856907400 0.000000000
QQ:/crrc/cr: 0.999966172 0.000016914 0.000016914
QQ:/crrc/rr: 0.000000000 0.999848064 0.000151936
QQ:/rc/: 0.570200951 0.429799049 0.000000000
QQ:/rc/cr: 0.999989562 0.000005220 0.000005218
QQ:/rc/rr: 0.000000000 0.999994100 0.000005900
QQ:/rrc/: 0.982443751 0.017556249 0.000000000
QQ:/rrc/cr: 0.999872250 0.000063875 0.000063875
QQ:/rrc/rr: 0.000000000 0.999998288 0.000001712
