J:/: 0.071098609 0.928901391 0.000000000
J:/cr: 0.018854657 0.032565235 0.948580108
J:/rr: 0.000000000 0.999929675 0.000070325
JJ:/cc/: 0.000124796 0.999875204 0.000000000
JJ:/cc/cr: 0.999996411 0.000001794 0.000001794
JJ:/cc/rr: 0.000000000 0.978434051 0.021565949
JJ:/crc/: 0.977910241 0.022089759 0.000000000
JJ:/crc/cr: 0.998337190 0.000831405 0.000831405
JJ:/crc/rr: 0.000000000 0.999971829 0.000028171
JJ:/crrc/: 0.935903823 0.064096177 0.000000000
JJ:/crrc/cr: 0.999010224 0.000494888 0.000494888
JJ:/crrc/rr: 0.000000000 0.999949161 0.000050839
JJ:/rc/: 0.930730215 0.069269785 0.000000000
JJ:/rc/cr: 0.999323179 0.000338410 0.000338410
JJ:/rc/rr: 0.000000000 0.999962221 0.000037779
JJ:/rrc/: 0.990303295 0.009696705 0.000000000
JJ:/rrc/cr: 0.997582347 0.001208827 0.001208827
JJ:/rrc/rr: 0.000000000 0.999982245 0.000017755
JK:/cc/: 0.080373434 0.919626566 0.000000000
JK:/cc/cr: 0.000001951 0.000001951 0.999996098
JK:/cc/rr: 0.000000000 0.000033486 0.999966514
JK:/crc/: 0.101164831 0.898835169 0.000000000
JK:/crc/cr: 0.006168293 0.000020433 0.993811274
JK:/crc/rr: 0.000000000 0.000272311 0.999727689
JK:/crrc/: 0.999904839 0.000095161 0.000000000
JK:/crrc/cr: 0.333333333 0.333333333 0.333333333
JK:/crrc/rr: 0.000000000 0.000047585 0.999952415
JK:/rc/: 0.998830438 0.001169562 0.000000000
JK:/rc/cr: 0.959913839 0.020043081 0.020043081
JK:/rc/rr: 0.000000000 0.000035204 0.999964796
JK:/rrc/: 0.533381376 0.466618624 0.000000000
JK:/rrc/cr: 0.965219583 0.000025120 0.034755297
JK:/rrc/rr: 0.000000000 0.000032964 0.999967036
JQ:/cc/: 0.159846044 0.840153956 0.000000000
JQ:/cc/cr: 0.000002136 0.000002136 0.999995729
JQ:/cc/rr: 0.000000000 0.000016837 0.999983163
JQ:/crc/: 0.995896584 0.004103416 0.000000000
JQ:/crc/cr: 0.004475670 0.004475670 0.991048659
JQ:/crc/rr: 0.000000000 0.000027662 0.999972338
JQ:/crrc/: 0.022186496 0.977813504 0.000000000
JQ:/crrc/cr: 0.195791851 0.000032440 0.804175709
JQ:/crrc/rr: 0.000000000 0.002144578 0.997855422
JQ:/rc/: 0.994386563 0.005613437 0.000000000
JQ:/rc/cr: 0.004175984 0.004175984 0.991648032
JQ:/rc/rr: 0.000000000 0.000035361 0.999964639
JQ:/rrc/: 0.152849702 0.847150298 0.000000000
JQ:/rrc/cr: 0.000013837 0.000013837 0.999972327
JQ:/rrc/rr: 0.000000000 0.000115031 0.999884969
K:/: 0.753274988 0.246725012 0.000000000
K:/cr: 0.705079545 0.294906944 0.000013510
K:/rr: 0.000000000 0.999993362 0.000006638
KJ:/cc/: 0.000020265 0.999979735 0.000000000
KJ:/cc/cr: 0.000006755 0.000006755 0.999986489
KJ:/cc/rr: 0.000000000 0.500000000 0.500000000
KJ:/crc/: 0.000022906 0.999977094 0.000000000
KJ:/crc/cr: 0.000007636 0.999984729 0.000007636
KJ:/crc/rr: 0.000000000 0.500000000 0.500000000
KJ:/crrc/: 0.061546466 0.938453534 0.000000000
KJ:/crrc/cr: 0.000196230 0.998619491 0.001184279
KJ:/crrc/rr: 0.000000000 0.471499517 0.528500483
KJ:/rc/: 0.086402278 0.913597722 0.000000000
KJ:/rc/cr: 0.004472599 0.978212446 0.017314954
KJ:/rc/rr: 0.000000000 0.454576994 0.545423006
KJ:/rrc/: 0.074304879 0.925695121 0.000000000
KJ:/rrc/cr: 0.001650533 0.998149519 0.000199948
KJ:/rrc/rr: 0.000000000 0.493033183 0.506966817
KK:/cc/: 0.999846114 0.000153886 0.000000000
KK:/cc/cr: 0.912205758 0.043897121 0.043897121
KK:/cc/rr: 0.000000000 0.999989866 0.000010134
KK:/crc/: 0.175316362 0.824683638 0.000000000
KK:/crc/cr: 0.999981483 0.000009259 0.000009259
KK:/crc/rr: 0.000000000 0.999934672 0.000065328
KK:/crrc/: 0.992984040 0.007015960 0.000000000
KK:/crrc/cr: 0.999089628 0.000455186 0.000455186
KK:/crrc/rr: 0.000000000 0.999995176 0.000004824
KK:/rc/: 0.807262698 0.192737302 0.000000000
KK:/rc/cr: 0.999977041 0.000011480 0.000011480
KK:/rc/rr: 0.000000000 0.999995889 0.000004111
KK:/rrc/: 0.511227095 0.488772905 0.000000000
KK:/rrc/cr: 0.999995473 0.000002263 0.000002263
KK:/rrc/rr: 0.000000000 0.999996754 0.000003246
KQ:/cc/: 0.000020265 0.999979735 0.000000000
KQ:/cc/cr: 0.000006755 0.457287377 0.542705868
KQ:/cc/rr: 0.000000000 0.500000000 0.500000000
KQ:/crc/: 0.867803226 0.132196774 0.000000000
KQ:/crc/cr: 0.000057758 0.770290282 0.229651960
KQ:/crc/rr: 0.000000000 0.000013198 0.999986802
KQ:/crrc/: 0.003778037 0.996221963 0.000000000
KQ:/crrc/cr: 0.015800318 0.678476254 0.305723427
KQ:/crrc/rr: 0.000000000 0.242675709 0.757324291
KQ:/rc/: 0.000006638 0.999993362 0.000000000
KQ:/rc/cr: 0.000028748 0.482801929 0.517169323
KQ:/rc/rr: 0.000000000 0.500000000 0.500000000
KQ:/rrc/: 0.713192329 0.286807671 0.000000000
KQ:/rrc/cr: 0.028965231 0.879476676 0.091558093
KQ:/rrc/rr: 0.000000000 0.387853788 0.612146212
Q:/: 0.758078372 0.241921628 0.000000000
Q:/cr: 0.171027609 0.828707395 0.000264996
Q:/rr: 0.000000000 0.999993404 0.000006596
QJ:/cc/: 0.000020668 0.999979332 0.000000000
QJ:/cc/cr: 0.000006889 0.000006889 0.999986221
QJ:/cc/rr: 0.000000000 0.500000000 0.500000000
QJ:/crc/: 0.030275489 0.969724511 0.000000000
QJ:/crc/cr: 0.000658210 0.000002858 0.999338932
QJ:/crc/rr: 0.000000000 0.000137294 0.999862706
QJ:/crrc/: 0.021705068 0.978294932 0.000000000
QJ:/crrc/cr: 0.000042686 0.000013725 0.999943589
QJ:/crrc/rr: 0.000000000 0.000927933 0.999072067
QJ:/rc/: 0.007283515 0.992716485 0.000000000
QJ:/rc/cr: 0.000002215 0.000002215 0.999995571
QJ:/rc/rr: 0.000000000 0.000452778 0.999547222
QJ:/rrc/: 0.000003298 0.999996702 0.000000000
QJ:/rrc/cr: 0.000001099 0.000001099 0.999997801
QJ:/rrc/rr: 0.000000000 0.500000000 0.500000000
QK:/cc/: 0.406655947 0.593344053 0.000000000
QK:/cc/cr: 0.005480901 0.994506419 0.000012680
QK:/cc/rr: 0.000000000 0.999974588 0.000025412
QK:/crc/: 0.000439435 0.999560565 0.000000000
QK:/crc/cr: 0.000003282 0.560902535 0.439094182
QK:/crc/rr: 0.000000000 0.024478132 0.975521868
QK:/crrc/: 0.973028074 0.026971926 0.000000000
QK:/crrc/cr: 0.000790976 0.675304918 0.323904106
QK:/crrc/rr: 0.000000000 0.000570238 0.999429762
QK:/rc/: 0.431492021 0.568507979 0.000000000
QK:/rc/cr: 0.000252743 0.527626814 0.472120443
QK:/rc/rr: 0.000000000 0.201982367 0.798017633
QK:/rrc/: 0.118641736 0.881358264 0.000000000
QK:/rrc/cr: 0.000007644 0.297066026 0.702926330
QK:/rrc/rr: 0.000000000 0.000031500 0.999968500
QQ:/cc/: 0.526988842 0.473011158 0.000000000
QQ:/cc/cr: 0.999970871 0.000014565 0.000014565
QQ:/cc/rr: 0.000000000 0.999980391 0.000019609
QQ:/crc/: 0.991796883 0.008203117 0.000000000
QQ:/crc/cr: 0.999324380 0.000337810 0.000337810
QQ:/crc/rr: 0.000000000 0.999995809 0.000004191
QQ:/crrc/: 0.060450068 0.939549932 0.000000000
QQ:/crrc/cr: 0.999971418 0.000014291 0.000014291
QQ:/crrc/rr: 0.000000000 0.999666818 0.000333182
QQ:/rc/: 0.465843895 0.534156105 0.000000000
QQ:/rc/cr: 0.999991566 0.000004318 0.000004116
QQ:/rc/rr: 0.000000000 0.999992921 0.000007079
QQ:/rrc/: 0.983581378 0.016418622 0.000000000
QQ:/rrc/cr: 0.999866094 0.000066953 0.000066953
QQ:/rrc/rr: 0.000000000 0.999998324 0.000001676
