J:/c: 0.294201829 0.705798171 0.000000000
J:/crr: 0.000000000 0.999983005 0.000016995
J:/r: 0.053928977 0.127574314 0.818496709
JJ:/cc/c: 0.999992916 0.000007084 0.000000000
JJ:/cc/crr: 0.000000000 0.999996458 0.000003542
JJ:/cc/r: 0.999990554 0.000004723 0.000004723
JJ:/crc/c: 0.999983005 0.000016995 0.000000000
JJ:/crc/crr: 0.000000000 0.999991502 0.000008498
JJ:/crc/r: 0.999385005 0.000603665 0.000011330
JJ:/crrc/c: 0.999991502 0.000008498 0.000000000
JJ:/crrc/crr: 0.000000000 0.999995751 0.000004249
JJ:/crrc/r: 0.999960609 0.000033726 0.000005665
JJ:/rc/c: 0.999973871 0.000026129 0.000000000
JJ:/rc/crr: 0.000000000 0.999986935 0.000013065
JJ:/rc/r: 0.999965162 0.000017419 0.000017419
JJ:/rrc/c: 0.999938190 0.000061810 0.000000000
JJ:/rrc/crr: 0.000000000 0.999969093 0.000030907
JJ:/rrc/r: 0.999837729 0.000121065 0.000041206
JK:/cc/c: 0.006115089 0.993884911 0.000000000
JK:/cc/crr: 0.000000000 0.000579238 0.999420762
JK:/cc/r: 0.000004723 0.000004723 0.999990554
JK:/crc/c: 0.553165137 0.446834863 0.000000000
JK:/crc/crr: 0.000000000 0.000015362 0.999984638
JK:/crc/r: 0.009218535 0.000011330 0.990770135
JK:/crrc/c: 0.491460853 0.508539147 0.000000000
JK:/crrc/crr: 0.000000000 0.000008645 0.999991355
JK:/crrc/r: 0.204272917 0.000005665 0.795721418
JK:/rc/c: 0.373165026 0.626834974 0.000000000
JK:/rc/crr: 0.000000000 0.000035009 0.999964991
JK:/rc/r: 0.361252493 0.000017419 0.638730088
JK:/rrc/c: 0.999938190 0.000061810 0.000000000
JK:/rrc/crr: 0.000000000 0.000030907 0.999969093
JK:/rrc/r: 0.307149526 0.000041206 0.692809267
JQ:/cc/c: 0.076606738 0.923393262 0.000000000
JQ:/cc/crr: 0.000000000 0.000046237 0.999953763
JQ:/cc/r: 0.039843388 0.000004723 0.960151889
JQ:/crc/c: 0.426428348 0.573571652 0.000000000
JQ:/crc/crr: 0.000000000 0.000019927 0.999980073
JQ:/crc/r: 0.056874879 0.000011330 0.943113791
JQ:/crrc/c: 0.045464969 0.954535031 0.000000000
JQ:/crrc/crr: 0.000000000 0.000093453 0.999906547
JQ:/crrc/r: 0.258059233 0.000005665 0.741935102
JQ:/rc/c: 0.995590919 0.004409081 0.000000000
JQ:/rc/crr: 0.000000000 0.000013122 0.999986878
JQ:/rc/r: 0.000017419 0.000017419 0.999965162
JQ:/rrc/c: 0.005422521 0.994577479 0.000000000
JQ:/rrc/crr: 0.000000000 0.005699350 0.994300650
JQ:/rrc/r: 0.425185095 0.000041206 0.574773698
K:/c: 0.999969891 0.000030109 0.000000000
K:/crr: 0.000000000 0.999995000 0.000005000
K:/r: 0.579776816 0.420216518 0.000006667
KJ:/cc/c: 0.166063220 0.833936780 0.000000000
KJ:/cc/crr: 0.000000000 0.500000000 0.500000000
KJ:/cc/r: 0.487632906 0.246520149 0.265846945
KJ:/crc/c: 0.121332580 0.878667420 0.000000000
KJ:/crc/crr: 0.000000000 0.999979395 0.000020605
KJ:/crc/r: 0.000033618 0.741305581 0.258660800
KJ:/crrc/c: 0.239138041 0.760861959 0.000000000
KJ:/crrc/crr: 0.000000000 0.857871097 0.142128903
KJ:/crrc/r: 0.054906274 0.769579398 0.175514328
KJ:/rc/c: 0.472621566 0.527378434 0.000000000
KJ:/rc/crr: 0.000000000 0.754119537 0.245880463
KJ:/rc/r: 0.045276192 0.744666972 0.210056835
KJ:/rrc/c: 0.100633634 0.899366366 0.000000000
KJ:/rrc/crr: 0.000000000 0.999971434 0.000028566
KJ:/rrc/r: 0.042049568 0.897399277 0.060551155
KK:/cc/c: 0.833936780 0.166063220 0.000000000
KK:/cc/crr: 0.000000000 0.900434167 0.099565833
KK:/cc/r: 0.682662174 0.206629013 0.110708813
KK:/crc/c: 0.999995000 0.000005000 0.000000000
KK:/crc/crr: 0.000000000 0.999997500 0.000002500
KK:/crc/r: 0.933184948 0.066811719 0.000003333
KK:/crrc/c: 0.999997500 0.000002500 0.000000000
KK:/crrc/crr: 0.000000000 0.999998750 0.000001250
KK:/crrc/r: 0.999993053 0.000005280 0.000001667
KK:/rc/c: 0.999992068 0.000007932 0.000000000
KK:/rc/crr: 0.000000000 0.999996034 0.000003966
KK:/rc/r: 0.999979175 0.000015536 0.000005288
KK:/rrc/c: 0.999994251 0.000005749 0.000000000
KK:/rrc/crr: 0.000000000 0.999997125 0.000002875
KK:/rrc/r: 0.999469372 0.000526795 0.000003833
KQ:/cc/c: 0.499096918 0.500903082 0.000000000
KQ:/cc/crr: 0.000000000 0.833636300 0.166363700
KQ:/cc/r: 0.452239521 0.436392946 0.111367533
KQ:/crc/c: 0.284426832 0.715573168 0.000000000
KQ:/crc/crr: 0.000000000 0.009705712 0.990294288
KQ:/crc/r: 0.000009866 0.428078520 0.571911613
KQ:/crrc/c: 0.606559178 0.393440822 0.000000000
KQ:/crrc/crr: 0.000000000 0.389244820 0.610755180
KQ:/crrc/r: 0.000137480 0.698051615 0.301810905
KQ:/rc/c: 0.000225810 0.999774190 0.000000000
KQ:/rc/crr: 0.000000000 0.017564380 0.982435620
KQ:/rc/r: 0.000018690 0.316100846 0.683880464
KQ:/rrc/c: 0.499972659 0.500027341 0.000000000
KQ:/rrc/crr: 0.000000000 0.497580814 0.502419186
KQ:/rrc/r: 0.084178674 0.538538256 0.377283069
Q:/c: 0.850537286 0.149462714 0.000000000
Q:/crr: 0.000000000 0.999994121 0.000005879
Q:/r: 0.362837928 0.637117383 0.000044689
QJ:/cc/c: 0.000033453 0.999966547 0.000000000
QJ:/cc/crr: 0.000000000 0.500000000 0.500000000
QJ:/cc/r: 0.000022302 0.000022302 0.999955396
QJ:/crc/c: 0.439702577 0.560297423 0.000000000
QJ:/crc/crr: 0.000000000 0.040954467 0.959045533
QJ:/crc/r: 0.000014114 0.000003919 0.999981967
QJ:/crrc/c: 0.000002939 0.999997061 0.000000000
QJ:/crrc/crr: 0.000000000 0.500000000 0.500000000
QJ:/crrc/r: 0.019946953 0.000001960 0.980051088
QJ:/rc/c: 0.000017420 0.999982580 0.000000000
QJ:/rc/crr: 0.000000000 0.150171609 0.849828391
QJ:/rc/r: 0.006956796 0.000003488 0.993039716
QJ:/rrc/c: 0.000150947 0.999849053 0.000000000
QJ:/rrc/crr: 0.000000000 0.030430623 0.969569377
QJ:/rrc/r: 0.000065913 0.000006125 0.999927962
QK:/cc/c: 0.026334286 0.973665714 0.000000000
QK:/cc/crr: 0.000000000 0.999364836 0.000635164
QK:/cc/r: 0.000085798 0.734953541 0.264960661
QK:/crc/c: 0.295805003 0.704194997 0.000000000
QK:/crc/crr: 0.000000000 0.001186501 0.998813499
QK:/crc/r: 0.000053776 0.464360689 0.535585536
QK:/crrc/c: 0.000481316 0.999518684 0.000000000
QK:/crrc/crr: 0.000000000 0.996946561 0.003053439
QK:/crrc/r: 0.000062411 0.282449151 0.717488439
QK:/rc/c: 0.373639386 0.626360614 0.000000000
QK:/rc/crr: 0.000000000 0.000915852 0.999084148
QK:/rc/r: 0.000015180 0.307953769 0.692031051
QK:/rrc/c: 0.430877444 0.569122556 0.000000000
QK:/rrc/crr: 0.000000000 0.036288172 0.963711828
QK:/rrc/r: 0.000068769 0.505111182 0.494820049
QQ:/cc/c: 0.999966547 0.000033453 0.000000000
QQ:/cc/crr: 0.000000000 0.999983273 0.000016727
QQ:/cc/r: 0.999929415 0.000048283 0.000022302
QQ:/crc/c: 0.999994121 0.000005879 0.000000000
QQ:/crc/crr: 0.000000000 0.999997061 0.000002939
QQ:/crc/r: 0.999953230 0.000042851 0.000003919
QQ:/crrc/c: 0.999997061 0.000002939 0.000000000
QQ:/crrc/crr: 0.000000000 0.999998530 0.000001470
QQ:/crrc/r: 0.998389686 0.001608354 0.000001960
QQ:/rc/c: 0.999994768 0.000005232 0.000000000
QQ:/rc/crr: 0.000000000 0.999997384 0.000002616
QQ:/rc/r: 0.999991677 0.000004835 0.000003488
QQ:/rrc/c: 0.999990813 0.000009187 0.000000000
QQ:/rrc/crr: 0.000000000 0.999995407 0.000004593
QQ:/rrc/r: 0.999956486 0.000037389 0.000006125
