J:/c: 0.302592868 0.697407132 0.000000000
J:/crr: 0.000000000 0.999983476 0.000016524
J:/r: 0.054698245 0.129162070 0.816139685
JJ:/cc/c: 0.999992831 0.000007169 0.000000000
JJ:/cc/crr: 0.000000000 0.999996415 0.000003585
JJ:/cc/r: 0.999990441 0.000004780 0.000004780
JJ:/crc/c: 0.999983476 0.000016524 0.000000000
JJ:/crc/crr: 0.000000000 0.999991738 0.000008262
JJ:/crc/r: 0.999679282 0.000309702 0.000011016
JJ:/crrc/c: 0.999991738 0.000008262 0.000000000
JJ:/crrc/crr: 0.000000000 0.999995869 0.000004131
JJ:/crrc/r: 0.999969717 0.000024775 0.000005508
JJ:/rc/c: 0.999974193 0.000025807 0.000000000
JJ:/rc/crr: 0.000000000 0.999987096 0.000012904
JJ:/rc/r: 0.999965590 0.000017205 0.000017205
JJ:/rrc/c: 0.999939060 0.000060940 0.000000000
JJ:/rrc/crr: 0.000000000 0.999969528 0.000030472
JJ:/rrc/r: 0.999918746 0.000040627 0.000040627
JK:/cc/c: 0.008835267 0.991164733 0.000000000
JK:/cc/crr: 0.000000000 0.000405727 0.999594273
JK:/cc/r: 0.000004780 0.000004780 0.999990441
JK:/crc/c: 0.515069564 0.484930436 0.000000000
JK:/crc/crr: 0.000000000 0.000016040 0.999983960
JK:/crc/r: 0.000071714 0.000011016 0.999917270
JK:/crrc/c: 0.396058428 0.603941572 0.000000000
JK:/crrc/crr: 0.000000000 0.000010430 0.999989570
JK:/crrc/r: 0.257846981 0.000005508 0.742147511
JK:/rc/c: 0.395838565 0.604161435 0.000000000
JK:/rc/crr: 0.000000000 0.000032598 0.999967402
JK:/rc/r: 0.365550306 0.000017205 0.634432489
JK:/rrc/c: 0.999939060 0.000060940 0.000000000
JK:/rrc/crr: 0.000000000 0.000030472 0.999969528
JK:/rrc/r: 0.294321485 0.000040627 0.705637888
JQ:/cc/c: 0.078737617 0.921262383 0.000000000
JQ:/cc/crr: 0.000000000 0.000045527 0.999954473
JQ:/cc/r: 0.032072119 0.000004780 0.967923102
JQ:/crc/c: 0.415847905 0.584152095 0.000000000
JQ:/crc/crr: 0.000000000 0.000019868 0.999980132
JQ:/crc/r: 0.019598271 0.000011016 0.980390713
JQ:/crrc/c: 0.018732306 0.981267694 0.000000000
JQ:/crrc/crr: 0.000000000 0.000220530 0.999779470
JQ:/crrc/r: 0.280577454 0.000005508 0.719417038
JQ:/rc/c: 0.999612824 0.000387176 0.000000000
JQ:/rc/crr: 0.000000000 0.000012909 0.999987091
JQ:/rc/r: 0.000017205 0.000017205 0.999965590
JQ:/rrc/c: 0.000060940 0.999939060 0.000000000
JQ:/rrc/crr: 0.000000000 0.500000000 0.500000000
JQ:/rrc/r: 0.476457361 0.000040627 0.523502012
K:/c: 0.999990000 0.000010000 0.000000000
K:/crr: 0.000000000 0.999995000 0.000005000
K:/r: 0.571422057 0.428571276 0.000006667
KJ:/cc/c: 0.500000000 0.500000000 0.000000000
KJ:/cc/crr: 0.000000000 0.500000000 0.500000000
KJ:/cc/r: 0.333333333 0.333333333 0.333333333
KJ:/crc/c: 0.131530680 0.868469320 0.000000000
KJ:/crc/crr: 0.000000000 0.999980993 0.000019007
KJ:/crc/r: 0.000015620 0.721003402 0.278980978
KJ:/crrc/c: 0.390620174 0.609379826 0.000000000
KJ:/crrc/crr: 0.000000000 0.999996800 0.000003200
KJ:/crrc/r: 0.019317018 0.864621533 0.116061449
KJ:/rc/c: 0.407238105 0.592761895 0.000000000
KJ:/rc/crr: 0.000000000 0.907550716 0.092449284
KJ:/rc/r: 0.004394166 0.885482785 0.110123050
KJ:/rrc/c: 0.141229400 0.858770600 0.000000000
KJ:/rrc/crr: 0.000000000 0.999979348 0.000020652
KJ:/rrc/r: 0.022186074 0.923959594 0.053854332
KK:/cc/c: 0.500000000 0.500000000 0.000000000
KK:/cc/crr: 0.000000000 0.500000000 0.500000000
KK:/cc/r: 0.333333333 0.333333333 0.333333333
KK:/crc/c: 0.999995000 0.000005000 0.000000000
KK:/crc/crr: 0.000000000 0.999997500 0.000002500
KK:/crc/r: 0.996873888 0.003122779 0.000003333
KK:/crrc/c: 0.999997500 0.000002500 0.000000000
KK:/crrc/crr: 0.000000000 0.999998750 0.000001250
KK:/crrc/r: 0.999930019 0.000068314 0.000001667
KK:/rc/c: 0.999992222 0.000007778 0.000000000
KK:/rc/crr: 0.000000000 0.999996111 0.000003889
KK:/rc/r: 0.999978388 0.000016427 0.000005185
KK:/rrc/c: 0.999994167 0.000005833 0.000000000
KK:/rrc/crr: 0.000000000 0.999997083 0.000002917
KK:/rrc/r: 0.999552073 0.000444038 0.000003889
KQ:/cc/c: 0.500000000 0.500000000 0.000000000
KQ:/cc/crr: 0.000000000 0.500000000 0.500000000
KQ:/cc/r: 0.333333333 0.333333333 0.333333333
KQ:/crc/c: 0.232104911 0.767895089 0.000000000
KQ:/crc/crr: 0.000000000 0.000448263 0.999551737
KQ:/crc/r: 0.000017038 0.440171723 0.559811239
KQ:/crrc/c: 0.645133833 0.354866167 0.000000000
KQ:/crrc/crr: 0.000000000 0.480848630 0.519151370
KQ:/crrc/r: 0.000022559 0.773654648 0.226322794
KQ:/rc/c: 0.000007778 0.999992222 0.000000000
KQ:/rc/crr: 0.000000000 0.500000000 0.500000000
KQ:/rc/r: 0.000012868 0.299682183 0.700304949
KQ:/rrc/c: 0.494222374 0.505777626 0.000000000
KQ:/rrc/crr: 0.000000000 0.521115198 0.478884802
KQ:/rrc/r: 0.054638177 0.597374030 0.347987794
Q:/c: 0.844660644 0.155339356 0.000000000
Q:/crr: 0.000000000 0.999994080 0.000005920
Q:/r: 0.353568852 0.646396224 0.000034924
QJ:/cc/c: 0.000032188 0.999967812 0.000000000
QJ:/cc/crr: 0.000000000 0.500000000 0.500000000
QJ:/cc/r: 0.000021458 0.000021458 0.999957083
QJ:/crc/c: 0.404560275 0.595439725 0.000000000
QJ:/crc/crr: 0.000000000 0.000079802 0.999920198
QJ:/crc/r: 0.000003946 0.000003946 0.999992107
QJ:/crrc/c: 0.000002960 0.999997040 0.000000000
QJ:/crrc/crr: 0.000000000 0.500000000 0.500000000
QJ:/crrc/r: 0.000001973 0.000001973 0.999996054
QJ:/rc/c: 0.000005157 0.999994843 0.000000000
QJ:/rc/crr: 0.000000000 0.500000000 0.500000000
QJ:/rc/r: 0.003755765 0.000003438 0.996240797
QJ:/rrc/c: 0.000009428 0.999990572 0.000000000
QJ:/rrc/crr: 0.000000000 0.500000000 0.500000000
QJ:/rrc/r: 0.000059889 0.000006285 0.999933826
QK:/cc/c: 0.208334899 0.791665101 0.000000000
QK:/cc/crr: 0.000000000 0.999922750 0.000077250
QK:/cc/r: 0.000043819 0.715174110 0.284782071
QK:/crc/c: 0.365861059 0.634138941 0.000000000
QK:/crc/crr: 0.000000000 0.000296660 0.999703340
QK:/crc/r: 0.000028222 0.513830500 0.486141278
QK:/crrc/c: 0.253287734 0.746712266 0.000000000
QK:/crrc/crr: 0.000000000 0.000371468 0.999628532
QK:/crrc/r: 0.000020818 0.252226034 0.747753148
QK:/rc/c: 0.375007816 0.624992184 0.000000000
QK:/rc/crr: 0.000000000 0.000096113 0.999903887
QK:/rc/r: 0.000005983 0.307335473 0.692658544
QK:/rrc/c: 0.425903315 0.574096685 0.000000000
QK:/rrc/crr: 0.000000000 0.054769414 0.945230586
QK:/rrc/r: 0.000059725 0.512974302 0.486965973
QQ:/cc/c: 0.999967812 0.000032188 0.000000000
QQ:/cc/crr: 0.000000000 0.999983906 0.000016094
QQ:/cc/r: 0.996510818 0.003467724 0.000021458
QQ:/crc/c: 0.999994080 0.000005920 0.000000000
QQ:/crc/crr: 0.000000000 0.999997040 0.000002960
QQ:/crc/r: 0.999951702 0.000044351 0.000003946
QQ:/crrc/c: 0.999997040 0.000002960 0.000000000
QQ:/crrc/crr: 0.000000000 0.999998520 0.000001480
QQ:/crrc/r: 0.999859019 0.000139008 0.000001973
QQ:/rc/c: 0.999994843 0.000005157 0.000000000
QQ:/rc/crr: 0.000000000 0.999997422 0.000002578
QQ:/rc/r: 0.978716703 0.021279859 0.000003438
QQ:/rrc/c: 0.999990572 0.000009428 0.000000000
QQ:/rrc/crr: 0.000000000 0.999995286 0.000004714
QQ:/rrc/r: 0.999958359 0.000035356 0.000006285
