J:/c: 0.310227286 0.689772714 0.000000000
J:/crr: 0.000000000 0.999983883 0.000016117
J:/r: 0.054115384 0.131167886 0.814716731
JJ:/cc/c: 0.999992751 0.000007249 0.000000000
JJ:/cc/crr: 0.000000000 0.999996376 0.000003624
JJ:/cc/r: 0.999990335 0.000004833 0.000004833
JJ:/crc/c: 0.999983883 0.000016117 0.000000000
JJ:/crc/crr: 0.000000000 0.999991941 0.000008059
JJ:/crc/r: 0.999810503 0.000178752 0.000010745
JJ:/crrc/c: 0.999991941 0.000008059 0.000000000
JJ:/crrc/crr: 0.000000000 0.999995971 0.000004029
JJ:/crrc/r: 0.999972807 0.000021820 0.000005372
JJ:/rc/c: 0.999974587 0.000025413 0.000000000
JJ:/rc/crr: 0.000000000 0.999987293 0.000012707
JJ:/rc/r: 0.999844871 0.000138188 0.000016942
JJ:/rrc/c: 0.999938403 0.000061597 0.000000000
JJ:/rrc/crr: 0.000000000 0.999969200 0.000030800
JJ:/rrc/r: 0.999877782 0.000081154 0.000041065
JK:/cc/c: 0.010663858 0.989336142 0.000000000
JK:/cc/crr: 0.000000000 0.000339875 0.999660125
JK:/cc/r: 0.000004833 0.000004833 0.999990335
JK:/crc/c: 0.528519206 0.471480794 0.000000000
JK:/crc/crr: 0.000000000 0.000015248 0.999984752
JK:/crc/r: 0.009200847 0.000010745 0.990788408
JK:/crrc/c: 0.324958958 0.675041042 0.000000000
JK:/crrc/crr: 0.000000000 0.000012400 0.999987600
JK:/crrc/r: 0.195505552 0.000005372 0.804489075
JK:/rc/c: 0.373664134 0.626335866 0.000000000
JK:/rc/crr: 0.000000000 0.000034005 0.999965995
JK:/rc/r: 0.359995639 0.000016942 0.639987420
JK:/rrc/c: 0.999938403 0.000061597 0.000000000
JK:/rrc/crr: 0.000000000 0.000030800 0.999969200
JK:/rrc/r: 0.295278132 0.000041065 0.704680803
JQ:/cc/c: 0.072351181 0.927648819 0.000000000
JQ:/cc/crr: 0.000000000 0.000050094 0.999949906
JQ:/cc/r: 0.030252370 0.000004833 0.969742797
JQ:/crc/c: 0.530557878 0.469442122 0.000000000
JQ:/crc/crr: 0.000000000 0.000015189 0.999984811
JQ:/crc/r: 0.057971765 0.000010745 0.942017491
JQ:/crrc/c: 0.021807110 0.978192890 0.000000000
JQ:/crrc/crr: 0.000000000 0.000184773 0.999815227
JQ:/crrc/r: 0.052316902 0.000005372 0.947677726
JQ:/rc/c: 0.997329451 0.002670549 0.000000000
JQ:/rc/crr: 0.000000000 0.000012740 0.999987260
JQ:/rc/r: 0.000016942 0.000016942 0.999966116
JQ:/rrc/c: 0.001071383 0.998928617 0.000000000
JQ:/rrc/crr: 0.000000000 0.028746393 0.971253607
JQ:/rrc/r: 0.400412109 0.000041065 0.599546827
K:/c: 0.999851347 0.000148653 0.000000000
K:/crr: 0.000000000 0.999994999 0.000005001
K:/r: 0.569416643 0.430576691 0.000006667
KJ:/cc/c: 0.033635326 0.966364674 0.000000000
KJ:/cc/crr: 0.000000000 0.500000000 0.500000000
KJ:/cc/r: 0.022423550 0.022423550 0.955152899
KJ:/crc/c: 0.135943789 0.864056211 0.000000000
KJ:/crc/crr: 0.000000000 0.999981607 0.000018393
KJ:/crc/r: 0.000027185 0.725629257 0.274343558
KJ:/crrc/c: 0.260498547 0.739501453 0.000000000
KJ:/crrc/crr: 0.000000000 0.999995201 0.000004799
KJ:/crrc/r: 0.000011313 0.999987020 0.000001667
KJ:/rc/c: 0.415287343 0.584712657 0.000000000
KJ:/rc/crr: 0.000000000 0.939621110 0.060378890
KJ:/rc/r: 0.019089156 0.766614161 0.214296683
KJ:/rrc/c: 0.087830872 0.912169128 0.000000000
KJ:/rrc/crr: 0.000000000 0.999966675 0.000033325
KJ:/rrc/r: 0.046055068 0.875164035 0.078780897
KK:/cc/c: 0.966364674 0.033635326 0.000000000
KK:/cc/crr: 0.000000000 0.982596981 0.017403019
KK:/cc/r: 0.955152899 0.022423550 0.022423550
KK:/crc/c: 0.999994999 0.000005001 0.000000000
KK:/crc/crr: 0.000000000 0.999997500 0.000002500
KK:/crc/r: 0.977298141 0.022698525 0.000003334
KK:/crrc/c: 0.999997500 0.000002500 0.000000000
KK:/crrc/crr: 0.000000000 0.999998750 0.000001250
KK:/crrc/r: 0.999961663 0.000036670 0.000001667
KK:/rc/c: 0.999992258 0.000007742 0.000000000
KK:/rc/crr: 0.000000000 0.999996129 0.000003871
KK:/rc/r: 0.999981504 0.000013335 0.000005161
KK:/rrc/c: 0.999994146 0.000005854 0.000000000
KK:/rrc/crr: 0.000000000 0.999997073 0.000002927
KK:/rrc/r: 0.999762167 0.000233930 0.000003903
KQ:/cc/c: 0.033635326 0.966364674 0.000000000
KQ:/cc/crr: 0.000000000 0.500000000 0.500000000
KQ:/cc/r: 0.022423550 0.955152899 0.022423550
KQ:/crc/c: 0.059653706 0.940346294 0.000000000
KQ:/crc/crr: 0.000000000 0.009898638 0.990101362
KQ:/crc/r: 0.000019310 0.419030782 0.580949907
KQ:/crrc/c: 0.637753850 0.362246150 0.000000000
KQ:/crrc/crr: 0.000000000 0.421913163 0.578086837
KQ:/crrc/r: 0.000249856 0.861051919 0.138698225
KQ:/rc/c: 0.000770471 0.999229529 0.000000000
KQ:/rc/crr: 0.000000000 0.011488484 0.988511516
KQ:/rc/r: 0.000013491 0.306821405 0.693165104
KQ:/rrc/c: 0.498417919 0.501582081 0.000000000
KQ:/rrc/crr: 0.000000000 0.505797085 0.494202915
KQ:/rrc/r: 0.084704531 0.548612708 0.366682761
Q:/c: 0.844654293 0.155345707 0.000000000
Q:/crr: 0.000000000 0.999994080 0.000005920
Q:/r: 0.345343639 0.654643276 0.000013084
QJ:/cc/c: 0.000032186 0.999967814 0.000000000
QJ:/cc/crr: 0.000000000 0.500000000 0.500000000
QJ:/cc/r: 0.000021458 0.000021458 0.999957085
QJ:/crc/c: 0.459261338 0.540738662 0.000000000
QJ:/crc/crr: 0.000000000 0.001834469 0.998165531
QJ:/crc/r: 0.000280249 0.000003946 0.999715805
QJ:/crrc/c: 0.000002960 0.999997040 0.000000000
QJ:/crrc/crr: 0.000000000 0.500000000 0.500000000
QJ:/crrc/r: 0.000001973 0.000001973 0.999996054
QJ:/rc/c: 0.000027467 0.999972533 0.000000000
QJ:/rc/crr: 0.000000000 0.092689172 0.907310828
QJ:/rc/r: 0.015902126 0.000003395 0.984094480
QJ:/rrc/c: 0.000009652 0.999990348 0.000000000
QJ:/rrc/crr: 0.000000000 0.500000000 0.500000000
QJ:/rrc/r: 0.000098404 0.000006435 0.999895161
QK:/cc/c: 0.199434535 0.800565465 0.000000000
QK:/cc/crr: 0.000000000 0.999919306 0.000080694
QK:/cc/r: 0.000063376 0.747684732 0.252251892
QK:/crc/c: 0.281409638 0.718590362 0.000000000
QK:/crc/crr: 0.000000000 0.001119008 0.998880992
QK:/crc/r: 0.000054489 0.466835927 0.533109584
QK:/crrc/c: 0.243705456 0.756294544 0.000000000
QK:/crrc/crr: 0.000000000 0.000498432 0.999501568
QK:/crrc/r: 0.000039926 0.279313669 0.720646405
QK:/rc/c: 0.377223064 0.622776936 0.000000000
QK:/rc/crr: 0.000000000 0.005276141 0.994723859
QK:/rc/r: 0.000006162 0.313274464 0.686719374
QK:/rrc/c: 0.437324061 0.562675939 0.000000000
QK:/rrc/crr: 0.000000000 0.056515503 0.943484497
QK:/rrc/r: 0.000080482 0.518608893 0.481310625
QQ:/cc/c: 0.999967814 0.000032186 0.000000000
QQ:/cc/crr: 0.000000000 0.999983906 0.000016094
QQ:/cc/r: 0.999810968 0.000167574 0.000021458
QQ:/crc/c: 0.999994080 0.000005920 0.000000000
QQ:/crc/crr: 0.000000000 0.999997040 0.000002960
QQ:/crc/r: 0.999941567 0.000054486 0.000003946
QQ:/crrc/c: 0.999997040 0.000002960 0.000000000
QQ:/crrc/crr: 0.000000000 0.999998520 0.000001480
QQ:/crrc/r: 0.999624503 0.000373523 0.000001973
QQ:/rc/c: 0.999994908 0.000005092 0.000000000
QQ:/rc/crr: 0.000000000 0.999997454 0.000002546
QQ:/rc/r: 0.999992795 0.000003810 0.000003395
QQ:/rrc/c: 0.999990348 0.000009652 0.000000000
QQ:/rrc/crr: 0.000000000 0.999995174 0.000004826
QQ:/rrc/r: 0.999946562 0.000047003 0.000006435
