J:/c: 0.298412339 0.701587661 0.000000000
J:/crr: 0.000000000 0.999983245 0.000016755
J:/r: 0.054886181 0.128203726 0.816910093
JJ:/cc/c: 0.999992873 0.000007127 0.000000000
JJ:/cc/crr: 0.000000000 0.999996437 0.000003563
JJ:/cc/r: 0.999990498 0.000004751 0.000004751
JJ:/crc/c: 0.999983245 0.000016755 0.000000000
JJ:/crc/crr: 0.000000000 0.999991622 0.000008378
JJ:/crc/r: 0.999892808 0.000096022 0.000011170
JJ:/crrc/c: 0.999991622 0.000008378 0.000000000
JJ:/crrc/crr: 0.000000000 0.999995811 0.000004189
JJ:/crrc/r: 0.999975728 0.000018687 0.000005585
JJ:/rc/c: 0.999974000 0.000026000 0.000000000
JJ:/rc/crr: 0.000000000 0.999987000 0.000013000
JJ:/rc/r: 0.999962082 0.000020585 0.000017334
JJ:/rrc/c: 0.999939268 0.000060732 0.000000000
JJ:/rrc/crr: 0.000000000 0.999969632 0.000030368
JJ:/rrc/r: 0.999836314 0.000123198 0.000040488
JK:/cc/c: 0.000171594 0.999828406 0.000000000
JK:/cc/crr: 0.000000000 0.020766182 0.979233818
JK:/cc/r: 0.000004751 0.000004751 0.999990498
JK:/crc/c: 0.531969446 0.468030554 0.000000000
JK:/crc/crr: 0.000000000 0.000015748 0.999984252
JK:/crc/r: 0.016605839 0.000011170 0.983382991
JK:/crrc/c: 0.458869223 0.541130777 0.000000000
JK:/crrc/crr: 0.000000000 0.000009129 0.999990871
JK:/crrc/r: 0.225270573 0.000005585 0.774723842
JK:/rc/c: 0.391449773 0.608550227 0.000000000
JK:/rc/crr: 0.000000000 0.000033210 0.999966790
JK:/rc/r: 0.362236167 0.000017334 0.637746500
JK:/rrc/c: 0.999939268 0.000060732 0.000000000
JK:/rrc/crr: 0.000000000 0.000030368 0.999969632
JK:/rrc/r: 0.299014651 0.000040488 0.700944861
JQ:/cc/c: 0.077800517 0.922199483 0.000000000
JQ:/cc/crr: 0.000000000 0.000045801 0.999954199
JQ:/cc/r: 0.032653324 0.000004751 0.967341925
JQ:/crc/c: 0.423825922 0.576174078 0.000000000
JQ:/crc/crr: 0.000000000 0.000019767 0.999980233
JQ:/crc/r: 0.107594690 0.000011170 0.892394139
JQ:/crrc/c: 0.023111922 0.976888078 0.000000000
JQ:/crrc/crr: 0.000000000 0.000181244 0.999818756
JQ:/crrc/r: 0.384415409 0.000005585 0.615579006
JQ:/rc/c: 0.997028334 0.002971666 0.000000000
JQ:/rc/crr: 0.000000000 0.000013039 0.999986961
JQ:/rc/r: 0.000017334 0.000017334 0.999965333
JQ:/rrc/c: 0.004915718 0.995084282 0.000000000
JQ:/rrc/crr: 0.000000000 0.006177301 0.993822699
JQ:/rrc/r: 0.431554847 0.000040488 0.568404665
K:/c: 0.999969951 0.000030049 0.000000000
K:/crr: 0.000000000 0.999995000 0.000005000
K:/r: 0.582172603 0.417820730 0.000006667
KJ:/cc/c: 0.166397129 0.833602871 0.000000000
KJ:/cc/crr: 0.000000000 0.500000000 0.500000000
KJ:/cc/r: 0.488657259 0.245340603 0.266002137
KJ:/crc/c: 0.102348918 0.897651082 0.000000000
KJ:/crc/crr: 0.000000000 0.999975573 0.000024427
KJ:/crc/r: 0.000029300 0.729236572 0.270734128
KJ:/crrc/c: 0.309555640 0.690444360 0.000000000
KJ:/crrc/crr: 0.000000000 0.707081554 0.292918446
KJ:/crrc/r: 0.058922078 0.807737031 0.133340891
KJ:/rc/c: 0.443433014 0.556566986 0.000000000
KJ:/rc/crr: 0.000000000 0.683384005 0.316615995
KJ:/rc/r: 0.026991246 0.739526983 0.233481771
KJ:/rrc/c: 0.107825347 0.892174653 0.000000000
KJ:/rrc/crr: 0.000000000 0.999973449 0.000026551
KJ:/rrc/r: 0.033195611 0.911884319 0.054920070
KK:/cc/c: 0.833602871 0.166397129 0.000000000
KK:/cc/crr: 0.000000000 0.900194004 0.099805996
KK:/cc/r: 0.576640062 0.312428519 0.110931419
KK:/crc/c: 0.999995000 0.000005000 0.000000000
KK:/crc/crr: 0.000000000 0.999997500 0.000002500
KK:/crc/r: 0.955439171 0.044557495 0.000003333
KK:/crrc/c: 0.999997500 0.000002500 0.000000000
KK:/crrc/crr: 0.000000000 0.999998750 0.000001250
KK:/crrc/r: 0.999992922 0.000005411 0.000001667
KK:/rc/c: 0.999992022 0.000007978 0.000000000
KK:/rc/crr: 0.000000000 0.999996011 0.000003989
KK:/rc/r: 0.999981149 0.000013532 0.000005319
KK:/rrc/c: 0.999994274 0.000005726 0.000000000
KK:/rrc/crr: 0.000000000 0.999997137 0.000002863
KK:/rrc/r: 0.999825726 0.000170457 0.000003817
KQ:/cc/c: 0.495124681 0.504875319 0.000000000
KQ:/cc/crr: 0.000000000 0.831964417 0.168035583
KQ:/cc/r: 0.462608455 0.426155746 0.111235799
KQ:/crc/c: 0.253267236 0.746732764 0.000000000
KQ:/crc/crr: 0.000000000 0.007078907 0.992921093
KQ:/crc/r: 0.000010276 0.425612603 0.574377122
KQ:/crrc/c: 0.643477436 0.356522564 0.000000000
KQ:/crrc/crr: 0.000000000 0.417071493 0.582928507
KQ:/crrc/r: 0.000004880 0.631444767 0.368550353
KQ:/rc/c: 0.000704968 0.999295032 0.000000000
KQ:/rc/crr: 0.000000000 0.043018813 0.956981187
KQ:/rc/r: 0.000018144 0.306134363 0.693847493
KQ:/rrc/c: 0.498368327 0.501631673 0.000000000
KQ:/rrc/crr: 0.000000000 0.480129361 0.519870639
KQ:/rrc/r: 0.075859958 0.557337364 0.366802678
Q:/c: 0.844724814 0.155275186 0.000000000
Q:/crr: 0.000000000 0.999994081 0.000005919
Q:/r: 0.363025168 0.636931173 0.000043659
QJ:/cc/c: 0.000032201 0.999967799 0.000000000
QJ:/cc/crr: 0.000000000 0.500000000 0.500000000
QJ:/cc/r: 0.000021467 0.000021467 0.999957065
QJ:/crc/c: 0.465515521 0.534484479 0.000000000
QJ:/crc/crr: 0.000000000 0.000046188 0.999953812
QJ:/crc/r: 0.000225053 0.000003946 0.999771001
QJ:/crrc/c: 0.000036545 0.999963455 0.000000000
QJ:/crrc/crr: 0.000000000 0.040492365 0.959507635
QJ:/crrc/r: 0.000126513 0.000001973 0.999871514
QJ:/rc/c: 0.000040588 0.999959412 0.000000000
QJ:/rc/crr: 0.000000000 0.064469499 0.935530501
QJ:/rc/r: 0.017675927 0.000003489 0.982320584
QJ:/rrc/c: 0.000032501 0.999967499 0.000000000
QJ:/rrc/crr: 0.000000000 0.141256632 0.858743368
QJ:/rrc/r: 0.000106809 0.000006121 0.999887069
QK:/cc/c: 0.006169827 0.993830173 0.000000000
QK:/cc/crr: 0.000000000 0.997390454 0.002609546
QK:/cc/r: 0.000077176 0.747289946 0.252632878
QK:/crc/c: 0.339090135 0.660909865 0.000000000
QK:/crc/crr: 0.000000000 0.000976438 0.999023562
QK:/crc/r: 0.000056864 0.509963351 0.489979784
QK:/crrc/c: 0.041359495 0.958640505 0.000000000
QK:/crrc/crr: 0.000000000 0.003120705 0.996879295
QK:/crrc/r: 0.000057306 0.279077105 0.720865589
QK:/rc/c: 0.351697682 0.648302318 0.000000000
QK:/rc/crr: 0.000000000 0.000725407 0.999274593
QK:/rc/r: 0.000012114 0.310748003 0.689239883
QK:/rrc/c: 0.431524670 0.568475330 0.000000000
QK:/rrc/crr: 0.000000000 0.040095957 0.959904043
QK:/rrc/r: 0.000080335 0.505851446 0.494068219
QQ:/cc/c: 0.999967799 0.000032201 0.000000000
QQ:/cc/crr: 0.000000000 0.999983899 0.000016101
QQ:/cc/r: 0.999423534 0.000554999 0.000021467
QQ:/crc/c: 0.999994081 0.000005919 0.000000000
QQ:/crc/crr: 0.000000000 0.999997040 0.000002960
QQ:/crc/r: 0.999953614 0.000042440 0.000003946
QQ:/crrc/c: 0.999997040 0.000002960 0.000000000
QQ:/crrc/crr: 0.000000000 0.999998520 0.000001480
QQ:/crrc/r: 0.999231368 0.000766659 0.000001973
QQ:/rc/c: 0.999994767 0.000005233 0.000000000
QQ:/rc/crr: 0.000000000 0.999997383 0.000002617
QQ:/rc/r: 0.955090517 0.044905994 0.000003489
QQ:/rrc/c: 0.999990818 0.000009182 0.000000000
QQ:/rrc/crr: 0.000000000 0.999995409 0.000004591
QQ:/rrc/r: 0.999950533 0.000043346 0.000006121
