J:/c: 0.300409072 0.699590928 0.000000000
J:/crr: 0.000000000 0.999983356 0.000016644
J:/r: 0.054758504 0.128845370 0.816396126
JJ:/cc/c: 0.999992853 0.000007147 0.000000000
JJ:/cc/crr: 0.000000000 0.999996426 0.000003574
JJ:/cc/r: 0.999990471 0.000004765 0.000004765
JJ:/crc/c: 0.999983356 0.000016644 0.000000000
JJ:/crc/crr: 0.000000000 0.999991678 0.000008322
JJ:/crc/r: 0.999673215 0.000315689 0.000011096
JJ:/crrc/c: 0.999991678 0.000008322 0.000000000
JJ:/crrc/crr: 0.000000000 0.999995839 0.000004161
JJ:/crrc/r: 0.999961091 0.000033361 0.000005548
JJ:/rc/c: 0.999974129 0.000025871 0.000000000
JJ:/rc/crr: 0.000000000 0.999987064 0.000012936
JJ:/rc/r: 0.999965506 0.000017247 0.000017247
JJ:/rrc/c: 0.999939127 0.000060873 0.000000000
JJ:/rrc/crr: 0.000000000 0.999969561 0.000030439
JJ:/rrc/r: 0.999879647 0.000079771 0.000040582
JK:/cc/c: 0.007067273 0.992932727 0.000000000
JK:/cc/crr: 0.000000000 0.000505643 0.999494357
JK:/cc/r: 0.000004765 0.000004765 0.999990471
JK:/crc/c: 0.508116785 0.491883215 0.000000000
JK:/crc/crr: 0.000000000 0.000016378 0.999983622
JK:/crc/r: 0.007548920 0.000011096 0.992439984
JK:/crrc/c: 0.494746382 0.505253618 0.000000000
JK:/crrc/crr: 0.000000000 0.000008410 0.999991590
JK:/crrc/r: 0.192037596 0.000005548 0.807956856
JK:/rc/c: 0.384009674 0.615990326 0.000000000
JK:/rc/crr: 0.000000000 0.000033685 0.999966315
JK:/rc/r: 0.348492375 0.000017247 0.651490378
JK:/rrc/c: 0.999939127 0.000060873 0.000000000
JK:/rrc/crr: 0.000000000 0.000030439 0.999969561
JK:/rrc/r: 0.300913609 0.000040582 0.699045808
JQ:/cc/c: 0.074636309 0.925363691 0.000000000
JQ:/cc/crr: 0.000000000 0.000047879 0.999952121
JQ:/cc/r: 0.034978158 0.000004765 0.965017077
JQ:/crc/c: 0.456406216 0.543593784 0.000000000
JQ:/crc/crr: 0.000000000 0.000018234 0.999981766
JQ:/crc/r: 0.107688650 0.000011096 0.892300254
JQ:/crrc/c: 0.043498893 0.956501107 0.000000000
JQ:/crrc/crr: 0.000000000 0.000095659 0.999904341
JQ:/crrc/r: 0.221258511 0.000005548 0.778735941
JQ:/rc/c: 0.999295482 0.000704518 0.000000000
JQ:/rc/crr: 0.000000000 0.000012945 0.999987055
JQ:/rc/r: 0.000017247 0.000017247 0.999965506
JQ:/rrc/c: 0.005418392 0.994581608 0.000000000
JQ:/rrc/crr: 0.000000000 0.005617289 0.994382711
JQ:/rrc/r: 0.377614296 0.000040582 0.622345122
K:/c: 0.999927029 0.000072971 0.000000000
K:/crr: 0.000000000 0.999995000 0.000005000
K:/r: 0.575654985 0.424338348 0.000006667
KJ:/cc/c: 0.068520038 0.931479962 0.000000000
KJ:/cc/crr: 0.000000000 0.500000000 0.500000000
KJ:/cc/r: 0.045680025 0.045680025 0.908639949
KJ:/crc/c: 0.089668820 0.910331180 0.000000000
KJ:/crc/crr: 0.000000000 0.999972118 0.000027882
KJ:/crc/r: 0.000036203 0.763641311 0.236322486
KJ:/crrc/c: 0.466837781 0.533162219 0.000000000
KJ:/crrc/crr: 0.000000000 0.999997322 0.000002678
KJ:/crrc/r: 0.032122582 0.825952893 0.141924524
KJ:/rc/c: 0.491319316 0.508680684 0.000000000
KJ:/rc/crr: 0.000000000 0.687017143 0.312982857
KJ:/rc/r: 0.033743092 0.740555395 0.225701513
KJ:/rrc/c: 0.218441855 0.781558145 0.000000000
KJ:/rrc/crr: 0.000000000 0.999986746 0.000013254
KJ:/rrc/r: 0.036338211 0.896576582 0.067085207
KK:/cc/c: 0.931479962 0.068520038 0.000000000
KK:/cc/crr: 0.000000000 0.963219800 0.036780200
KK:/cc/r: 0.908639949 0.045680025 0.045680025
KK:/crc/c: 0.999995000 0.000005000 0.000000000
KK:/crc/crr: 0.000000000 0.999997500 0.000002500
KK:/crc/r: 0.961661550 0.038335117 0.000003334
KK:/crrc/c: 0.999997500 0.000002500 0.000000000
KK:/crrc/crr: 0.000000000 0.999998750 0.000001250
KK:/crrc/r: 0.999961044 0.000037289 0.000001667
KK:/rc/c: 0.999992145 0.000007855 0.000000000
KK:/rc/crr: 0.000000000 0.999996072 0.000003928
KK:/rc/r: 0.999980262 0.000014502 0.000005237
KK:/rrc/c: 0.999994209 0.000005791 0.000000000
KK:/rrc/crr: 0.000000000 0.999997105 0.000002895
KK:/rrc/r: 0.998721200 0.001274940 0.000003860
KQ:/cc/c: 0.068520038 0.931479962 0.000000000
KQ:/cc/crr: 0.000000000 0.500000000 0.500000000
KQ:/cc/r: 0.045680025 0.908639949 0.045680025
KQ:/crc/c: 0.332180132 0.667819868 0.000000000
KQ:/crc/crr: 0.000000000 0.000337467 0.999662533
KQ:/crc/r: 0.000019859 0.429055677 0.570924464
KQ:/crrc/c: 0.606554736 0.393445264 0.000000000
KQ:/crrc/crr: 0.000000000 0.412460206 0.587539794
KQ:/crrc/r: 0.000234769 0.710446432 0.289318799
KQ:/rc/c: 0.000235028 0.999764972 0.000000000
KQ:/rc/crr: 0.000000000 0.016711554 0.983288446
KQ:/rc/r: 0.000014367 0.308095591 0.691890042
KQ:/rrc/c: 0.490808437 0.509191563 0.000000000
KQ:/rrc/crr: 0.000000000 0.599502646 0.400497354
KQ:/rrc/r: 0.098394992 0.528150131 0.373454877
Q:/c: 0.840513726 0.159486274 0.000000000
Q:/crr: 0.000000000 0.999994051 0.000005949
Q:/r: 0.356006057 0.643954274 0.000039669
QJ:/cc/c: 0.000031351 0.999968649 0.000000000
QJ:/cc/crr: 0.000000000 0.500000000 0.500000000
QJ:/cc/r: 0.000020900 0.000020900 0.999958199
QJ:/crc/c: 0.459513415 0.540486585 0.000000000
QJ:/crc/crr: 0.000000000 0.059926227 0.940073773
QJ:/crc/r: 0.000003966 0.000003966 0.999992068
QJ:/crrc/c: 0.000002974 0.999997026 0.000000000
QJ:/crrc/crr: 0.000000000 0.500000000 0.500000000
QJ:/crrc/r: 0.012804760 0.000001983 0.987193257
QJ:/rc/c: 0.000005176 0.999994824 0.000000000
QJ:/rc/crr: 0.000000000 0.500000000 0.500000000
QJ:/rc/r: 0.013840081 0.000003451 0.986156468
QJ:/rrc/c: 0.000074935 0.999925065 0.000000000
QJ:/rrc/crr: 0.000000000 0.062474947 0.937525053
QJ:/rrc/r: 0.000055920 0.000006242 0.999937838
QK:/cc/c: 0.305601088 0.694398912 0.000000000
QK:/cc/crr: 0.000000000 0.999948707 0.000051293
QK:/cc/r: 0.000061440 0.769035632 0.230902928
QK:/crc/c: 0.373179758 0.626820242 0.000000000
QK:/crc/crr: 0.000000000 0.004711879 0.995288121
QK:/crc/r: 0.000036690 0.547691782 0.452271528
QK:/crrc/c: 0.002446917 0.997553083 0.000000000
QK:/crrc/crr: 0.000000000 0.041131919 0.958868081
QK:/crrc/r: 0.000027480 0.279013281 0.720959239
QK:/rc/c: 0.374459029 0.625540971 0.000000000
QK:/rc/crr: 0.000000000 0.000006912 0.999993088
QK:/rc/r: 0.000009522 0.327062695 0.672927783
QK:/rrc/c: 0.429831597 0.570168403 0.000000000
QK:/rrc/crr: 0.000000000 0.007190967 0.992809033
QK:/rrc/r: 0.000063725 0.490816397 0.509119878
QQ:/cc/c: 0.999968649 0.000031351 0.000000000
QQ:/cc/crr: 0.000000000 0.999984324 0.000015676
QQ:/cc/r: 0.999925315 0.000053785 0.000020900
QQ:/crc/c: 0.999994051 0.000005949 0.000000000
QQ:/crc/crr: 0.000000000 0.999997026 0.000002974
QQ:/crc/r: 0.999951688 0.000044346 0.000003966
QQ:/crrc/c: 0.999997026 0.000002974 0.000000000
QQ:/crrc/crr: 0.000000000 0.999998513 0.000001487
QQ:/crrc/r: 0.999123516 0.000874501 0.000001983
QQ:/rc/c: 0.999994824 0.000005176 0.000000000
QQ:/rc/crr: 0.000000000 0.999997412 0.000002588
QQ:/rc/r: 0.999991753 0.000004796 0.000003451
QQ:/rrc/c: 0.999990637 0.000009363 0.000000000
QQ:/rrc/crr: 0.000000000 0.999995318 0.000004682
QQ:/rrc/r: 0.999958714 0.000035044 0.000006242
