J:/: 0.074019912 0.925980088 0.000000000
J:/cr: 0.018207887 0.035172189 0.946619925
J:/rr: 0.000000000 0.999932451 0.000067549
JJ:/cc/: 0.000260266 0.999739734 0.000000000
JJ:/cc/cr: 0.999996399 0.000001800 0.000001800
JJ:/cc/rr: 0.000000000 0.989626603 0.010373397
JJ:/crc/: 0.990773483 0.009226517 0.000000000
JJ:/crc/cr: 0.996302411 0.001848795 0.001848795
JJ:/crc/rr: 0.000000000 0.999974175 0.000025825
JJ:/crrc/: 0.988807712 0.011192288 0.000000000
JJ:/crrc/cr: 0.994111870 0.002944065 0.002944065
JJ:/crrc/rr: 0.000000000 0.999950014 0.000049986
JJ:/rc/: 0.804554108 0.195445892 0.000000000
JJ:/rc/cr: 0.999769589 0.000115206 0.000115206
JJ:/rc/rr: 0.000000000 0.999958021 0.000041979
JJ:/rrc/: 0.994557156 0.005442844 0.000000000
JJ:/rrc/cr: 0.995862827 0.002068586 0.002068586
JJ:/rrc/rr: 0.000000000 0.999983019 0.000016981
JK:/cc/: 0.085096484 0.914903516 0.000000000
JK:/cc/cr: 0.000137800 0.000001967 0.999860232
JK:/cc/rr: 0.000000000 0.000031727 0.999968273
JK:/crc/: 0.041770671 0.958229329 0.000000000
JK:/crc/cr: 0.004080827 0.000017802 0.995901371
JK:/crc/rr: 0.000000000 0.000612557 0.999387443
JK:/crrc/: 0.999901148 0.000098852 0.000000000
JK:/crrc/cr: 0.333333333 0.333333333 0.333333333
JK:/crrc/rr: 0.000000000 0.000049431 0.999950569
JK:/rc/: 0.999472709 0.000527291 0.000000000
JK:/rc/cr: 0.914595756 0.042702122 0.042702122
JK:/rc/rr: 0.000000000 0.000033793 0.999966207
JK:/rrc/: 0.528901168 0.471098832 0.000000000
JK:/rrc/cr: 0.857358879 0.000023899 0.142617221
JK:/rrc/rr: 0.000000000 0.000031931 0.999968069
JQ:/cc/: 0.178745484 0.821254516 0.000000000
JQ:/cc/cr: 0.000003092 0.000002192 0.999994716
JQ:/cc/rr: 0.000000000 0.000015104 0.999984896
JQ:/crc/: 0.982695156 0.017304844 0.000000000
JQ:/crc/cr: 0.744780802 0.000985732 0.254233466
JQ:/crc/rr: 0.000000000 0.000026037 0.999973963
JQ:/crrc/: 0.020946811 0.979053189 0.000000000
JQ:/crrc/cr: 0.192431670 0.000033656 0.807534674
JQ:/crrc/rr: 0.000000000 0.002359607 0.997640393
JQ:/rc/: 0.999539815 0.000460185 0.000000000
JQ:/rc/cr: 0.048929198 0.048929198 0.902141604
JQ:/rc/rr: 0.000000000 0.000033790 0.999966210
JQ:/rrc/: 0.110990179 0.889009821 0.000000000
JQ:/rrc/cr: 0.000434897 0.000012665 0.999552439
JQ:/rrc/rr: 0.000000000 0.000152162 0.999847838
K:/: 0.750845714 0.249154286 0.000000000
K:/cr: 0.689401589 0.310585032 0.000013379
K:/rr: 0.000000000 0.999993341 0.000006659
KJ:/cc/: 0.000048099 0.999951901 0.000000000
KJ:/cc/cr: 0.000046746 0.000010339 0.999942914
KJ:/cc/rr: 0.000000000 0.791387719 0.208612281
KJ:/crc/: 0.000047708 0.999952292 0.000000000
KJ:/crc/cr: 0.000031369 0.999961452 0.000007180
KJ:/crc/rr: 0.000000000 0.774274346 0.225725654
KJ:/crrc/: 0.080036900 0.919963100 0.000000000
KJ:/crrc/cr: 0.001198270 0.996656758 0.002144973
KJ:/crrc/rr: 0.000000000 0.469426567 0.530573433
KJ:/rc/: 0.033885984 0.966114016 0.000000000
KJ:/rc/cr: 0.008296364 0.943461117 0.048242519
KJ:/rc/rr: 0.000000000 0.413071436 0.586928564
KJ:/rrc/: 0.084618972 0.915381028 0.000000000
KJ:/rrc/cr: 0.000043057 0.999876642 0.000080302
KJ:/rrc/rr: 0.000000000 0.515759492 0.484240508
KK:/cc/: 0.998322235 0.001677765 0.000000000
KK:/cc/cr: 0.992025946 0.003987027 0.003987027
KK:/cc/rr: 0.000000000 0.999989949 0.000010051
KK:/crc/: 0.149422197 0.850577803 0.000000000
KK:/crc/cr: 0.999983119 0.000008440 0.000008440
KK:/crc/rr: 0.000000000 0.999927930 0.000072070
KK:/crrc/: 0.995915406 0.004084594 0.000000000
KK:/crrc/cr: 0.998416318 0.000791841 0.000791841
KK:/crrc/rr: 0.000000000 0.999995129 0.000004871
KK:/rc/: 0.821550681 0.178449319 0.000000000
KK:/rc/cr: 0.999975122 0.000012439 0.000012439
KK:/rc/rr: 0.000000000 0.999995947 0.000004053
KK:/rrc/: 0.530534706 0.469465294 0.000000000
KK:/rrc/cr: 0.999995272 0.000002364 0.000002364
KK:/rrc/rr: 0.000000000 0.999996862 0.000003138
KQ:/cc/: 0.000054734 0.999945266 0.000000000
KQ:/cc/cr: 0.000039827 0.412541672 0.587418500
KQ:/cc/rr: 0.000000000 0.816676780 0.183323220
KQ:/crc/: 0.890267474 0.109732526 0.000000000
KQ:/crc/cr: 0.000409062 0.495023611 0.504567327
KQ:/crc/rr: 0.000000000 0.000031829 0.999968171
KQ:/crrc/: 0.006629187 0.993370813 0.000000000
KQ:/crrc/cr: 0.003606757 0.711982066 0.284411178
KQ:/crrc/rr: 0.000000000 0.006874515 0.993125485
KQ:/rc/: 0.000265971 0.999734029 0.000000000
KQ:/rc/cr: 0.000010268 0.479322806 0.520666926
KQ:/rc/rr: 0.000000000 0.135302031 0.864697969
KQ:/rrc/: 0.710432965 0.289567035 0.000000000
KQ:/rrc/cr: 0.038487136 0.809952170 0.151560694
KQ:/rrc/rr: 0.000000000 0.396638893 0.603361107
Q:/: 0.745431481 0.254568519 0.000000000
Q:/cr: 0.159395228 0.839910931 0.000693842
Q:/rr: 0.000000000 0.999993292 0.000006708
QJ:/cc/: 0.000019641 0.999980359 0.000000000
QJ:/cc/cr: 0.000006547 0.000006547 0.999986906
QJ:/cc/rr: 0.000000000 0.500000000 0.500000000
QJ:/crc/: 0.029982671 0.970017329 0.000000000
QJ:/crc/cr: 0.000698237 0.000002679 0.999299085
QJ:/crc/rr: 0.000000000 0.000129990 0.999870010
QJ:/crrc/: 0.012614795 0.987385205 0.000000000
QJ:/crrc/cr: 0.000040155 0.000013866 0.999945979
QJ:/crrc/rr: 0.000000000 0.001628016 0.998371984
QJ:/rc/: 0.013777784 0.986222216 0.000000000
QJ:/rc/cr: 0.000002352 0.000002267 0.999995380
QJ:/rc/rr: 0.000000000 0.000243418 0.999756582
QJ:/rrc/: 0.000003354 0.999996646 0.000000000
QJ:/rrc/cr: 0.000001118 0.000001118 0.999997764
QJ:/rrc/rr: 0.000000000 0.500000000 0.500000000
QK:/cc/: 0.581848225 0.418151775 0.000000000
QK:/cc/cr: 0.000810059 0.999130748 0.000059193
QK:/cc/rr: 0.000000000 0.160616317 0.839383683
QK:/crc/: 0.006113955 0.993886045 0.000000000
QK:/crc/cr: 0.000002973 0.566506647 0.433490380
QK:/crc/rr: 0.000000000 0.000785709 0.999214291
QK:/crrc/: 0.974255441 0.025744559 0.000000000
QK:/crrc/cr: 0.001046201 0.559310907 0.439642892
QK:/crrc/rr: 0.000000000 0.000575958 0.999424042
QK:/rc/: 0.439235852 0.560764148 0.000000000
QK:/rc/cr: 0.015653721 0.516280649 0.468065630
QK:/rc/rr: 0.000000000 0.198989731 0.801010269
QK:/rrc/: 0.130458565 0.869541435 0.000000000
QK:/rrc/cr: 0.000001373 0.302237452 0.697761176
QK:/rrc/rr: 0.000000000 0.000313331 0.999686669
QQ:/cc/: 0.487890038 0.512109962 0.000000000
QQ:/cc/cr: 0.999974431 0.000012784 0.000012784
QQ:/cc/rr: 0.000000000 0.999979871 0.000020129
QQ:/crc/: 0.988435076 0.011564924 0.000000000
QQ:/crc/cr: 0.999550658 0.000224671 0.000224671
QQ:/crc/rr: 0.000000000 0.999996057 0.000003943
QQ:/crrc/: 0.094854530 0.905145470 0.000000000
QQ:/crrc/cr: 0.999969748 0.000015126 0.000015126
QQ:/crrc/rr: 0.000000000 0.999783489 0.000216511
QQ:/rc/: 0.506665791 0.493334209 0.000000000
QQ:/rc/cr: 0.999990923 0.000004545 0.000004532
QQ:/rc/rr: 0.000000000 0.999993381 0.000006619
QQ:/rrc/: 0.972181063 0.027818937 0.000000000
QQ:/rrc/cr: 0.999919628 0.000040186 0.000040186
QQ:/rrc/rr: 0.000000000 0.999998275 0.000001725
