J:/: 0.075343436 0.924656564 0.000000000
J:/cr: 0.017665427 0.036467932 0.945866641
J:/rr: 0.000000000 0.999933637 0.000066363
JJ:/cc/: 0.000288587 0.999711413 0.000000000
JJ:/cc/cr: 0.999996394 0.000001803 0.000001803
JJ:/cc/rr: 0.000000000 0.990631226 0.009368774
JJ:/crc/: 0.850024325 0.149975675 0.000000000
JJ:/crc/cr: 0.999780292 0.000109854 0.000109854
JJ:/crc/rr: 0.000000000 0.999970927 0.000029073
JJ:/crrc/: 0.986937537 0.013062463 0.000000000
JJ:/crrc/cr: 0.994792518 0.002603741 0.002603741
JJ:/crrc/rr: 0.000000000 0.999948308 0.000051692
JJ:/rc/: 0.885177234 0.114822766 0.000000000
JJ:/rc/cr: 0.999614694 0.000192653 0.000192653
JJ:/rc/rr: 0.000000000 0.999962514 0.000037486
JJ:/rrc/: 0.998912665 0.001087335 0.000000000
JJ:/rrc/cr: 0.979654474 0.010172763 0.010172763
JJ:/rrc/rr: 0.000000000 0.999983390 0.000016610
JK:/cc/: 0.090807713 0.909192287 0.000000000
JK:/cc/cr: 0.000465272 0.000001982 0.999532746
JK:/cc/rr: 0.000000000 0.000029774 0.999970226
JK:/crc/: 0.049145091 0.950854909 0.000000000
JK:/crc/cr: 0.037483392 0.000017327 0.962499281
JK:/crc/rr: 0.000000000 0.000502860 0.999497140
JK:/crrc/: 0.999735742 0.000264258 0.000000000
JK:/crrc/cr: 0.703278030 0.128704910 0.168017061
JK:/crrc/rr: 0.000000000 0.000051030 0.999948970
JK:/rc/: 0.984970179 0.015029821 0.000000000
JK:/rc/cr: 0.988238883 0.001471802 0.010289314
JK:/rc/rr: 0.000000000 0.000033688 0.999966312
JK:/rrc/: 0.542497888 0.457502112 0.000000000
JK:/rrc/cr: 0.897237740 0.000024177 0.102738083
JK:/rrc/rr: 0.000000000 0.000030584 0.999969416
JQ:/cc/: 0.174485253 0.825514747 0.000000000
JQ:/cc/cr: 0.000005748 0.000002183 0.999992068
JQ:/cc/rr: 0.000000000 0.000015495 0.999984505
JQ:/crc/: 0.983431081 0.016568919 0.000000000
JQ:/crc/cr: 0.183382982 0.000994356 0.815622662
JQ:/crc/rr: 0.000000000 0.000025129 0.999974871
JQ:/crrc/: 0.035182175 0.964817825 0.000000000
JQ:/crrc/cr: 0.142956144 0.000035251 0.857008605
JQ:/crrc/rr: 0.000000000 0.001450078 0.998549922
JQ:/rc/: 0.993671999 0.006328001 0.000000000
JQ:/rc/cr: 0.003495721 0.003495721 0.993008557
JQ:/rc/rr: 0.000000000 0.000033393 0.999966607
JQ:/rrc/: 0.106883573 0.893116427 0.000000000
JQ:/rrc/cr: 0.001030142 0.000012385 0.998957473
JQ:/rrc/rr: 0.000000000 0.000155232 0.999844768
K:/: 0.753864904 0.246135096 0.000000000
K:/cr: 0.692796978 0.307189479 0.000013543
K:/rr: 0.000000000 0.999993368 0.000006632
KJ:/cc/: 0.000054132 0.999945868 0.000000000
KJ:/cc/cr: 0.000049410 0.000009407 0.999941183
KJ:/cc/rr: 0.000000000 0.812366204 0.187633796
KJ:/crc/: 0.000048734 0.999951266 0.000000000
KJ:/crc/cr: 0.000035167 0.999957485 0.000007348
KJ:/crc/rr: 0.000000000 0.773844347 0.226155653
KJ:/crrc/: 0.056714764 0.943285236 0.000000000
KJ:/crrc/cr: 0.002781167 0.994748498 0.002470336
KJ:/crrc/rr: 0.000000000 0.404202422 0.595797578
KJ:/rc/: 0.052041174 0.947958826 0.000000000
KJ:/rc/cr: 0.006569659 0.963535934 0.029894407
KJ:/rc/rr: 0.000000000 0.295570303 0.704429697
KJ:/rrc/: 0.096688353 0.903311647 0.000000000
KJ:/rrc/cr: 0.000033908 0.999885751 0.000080341
KJ:/rrc/rr: 0.000000000 0.554469816 0.445530184
KK:/cc/: 0.989530469 0.010469531 0.000000000
KK:/cc/cr: 0.998706466 0.000646767 0.000646767
KK:/cc/rr: 0.000000000 0.999989736 0.000010264
KK:/crc/: 0.127413463 0.872586537 0.000000000
KK:/crc/cr: 0.999983159 0.000008421 0.000008421
KK:/crc/rr: 0.000000000 0.999913499 0.000086501
KK:/crrc/: 0.996892197 0.003107803 0.000000000
KK:/crrc/cr: 0.997903357 0.001048321 0.001048321
KK:/crrc/rr: 0.000000000 0.999995098 0.000004902
KK:/rc/: 0.824202051 0.175797949 0.000000000
KK:/rc/cr: 0.999974848 0.000012576 0.000012576
KK:/rc/rr: 0.000000000 0.999995976 0.000004024
KK:/rrc/: 0.532982246 0.467017754 0.000000000
KK:/rrc/cr: 0.999995266 0.000002367 0.000002367
KK:/rrc/rr: 0.000000000 0.999996889 0.000003111
KQ:/cc/: 0.000859309 0.999140691 0.000000000
KQ:/cc/cr: 0.000047448 0.403276468 0.596676084
KQ:/cc/rr: 0.000000000 0.988180013 0.011819987
KQ:/crc/: 0.888477134 0.111522866 0.000000000
KQ:/crc/cr: 0.000422147 0.445747606 0.553830247
KQ:/crc/rr: 0.000000000 0.000031239 0.999968761
KQ:/crrc/: 0.016312178 0.983687822 0.000000000
KQ:/crrc/cr: 0.027089725 0.680550608 0.292359667
KQ:/crrc/rr: 0.000000000 0.426679989 0.573320011
KQ:/rc/: 0.000280804 0.999719196 0.000000000
KQ:/rc/cr: 0.000007583 0.485191388 0.514801029
KQ:/rc/rr: 0.000000000 0.303988265 0.696011735
KQ:/rrc/: 0.706945726 0.293054274 0.000000000
KQ:/rrc/cr: 0.043626550 0.831162187 0.125211263
KQ:/rrc/rr: 0.000000000 0.400271021 0.599728979
Q:/: 0.741368459 0.258631541 0.000000000
Q:/cr: 0.157201543 0.842083650 0.000714807
Q:/rr: 0.000000000 0.999993256 0.000006744
QJ:/cc/: 0.000019333 0.999980667 0.000000000
QJ:/cc/cr: 0.000013011 0.000006444 0.999980545
QJ:/cc/rr: 0.000000000 0.500000000 0.500000000
QJ:/crc/: 0.024259469 0.975740531 0.000000000
QJ:/crc/cr: 0.005788266 0.000002614 0.994209119
QJ:/crc/rr: 0.000000000 0.000157725 0.999842275
QJ:/crrc/: 0.013487492 0.986512508 0.000000000
QJ:/crrc/cr: 0.000149051 0.000013851 0.999837098
QJ:/crrc/rr: 0.000000000 0.001519670 0.998480330
QJ:/rc/: 0.009181888 0.990818112 0.000000000
QJ:/rc/cr: 0.000003850 0.000002269 0.999993881
QJ:/rc/rr: 0.000000000 0.000367260 0.999632740
QJ:/rrc/: 0.000003372 0.999996628 0.000000000
QJ:/rrc/cr: 0.000001124 0.000001124 0.999997752
QJ:/rrc/rr: 0.000000000 0.500000000 0.500000000
QK:/cc/: 0.550304404 0.449695596 0.000000000
QK:/cc/cr: 0.134788821 0.865183460 0.000027719
QK:/cc/rr: 0.000000000 0.999982435 0.000017565
QK:/crc/: 0.004846219 0.995153781 0.000000000
QK:/crc/cr: 0.000002563 0.557497652 0.442499785
QK:/crc/rr: 0.000000000 0.000789549 0.999210451
QK:/crrc/: 0.980687399 0.019312601 0.000000000
QK:/crrc/cr: 0.001323283 0.613987545 0.384689172
QK:/crrc/rr: 0.000000000 0.000560306 0.999439694
QK:/rc/: 0.451602390 0.548397610 0.000000000
QK:/rc/cr: 0.004971563 0.532105044 0.462923393
QK:/rc/rr: 0.000000000 0.205588153 0.794411847
QK:/rrc/: 0.126186475 0.873813525 0.000000000
QK:/rrc/cr: 0.000001286 0.296745323 0.703253390
QK:/rrc/rr: 0.000000000 0.000528041 0.999471959
QQ:/cc/: 0.470086169 0.529913831 0.000000000
QQ:/cc/cr: 0.999975678 0.000012161 0.000012161
QQ:/cc/rr: 0.000000000 0.999979437 0.000020563
QQ:/crc/: 0.985549873 0.014450127 0.000000000
QQ:/crc/cr: 0.999646940 0.000176530 0.000176530
QQ:/crc/rr: 0.000000000 0.999996118 0.000003882
QQ:/crrc/: 0.144019364 0.855980636 0.000000000
QQ:/crrc/cr: 0.999968073 0.000015963 0.000015963
QQ:/crrc/rr: 0.000000000 0.999857682 0.000142318
QQ:/rc/: 0.516186952 0.483813048 0.000000000
QQ:/rc/cr: 0.999985819 0.000009535 0.000004647
QQ:/rc/rr: 0.000000000 0.999993467 0.000006533
QQ:/rrc/: 0.977749529 0.022250471 0.000000000
QQ:/rrc/cr: 0.999898963 0.000050518 0.000050518
QQ:/rrc/rr: 0.000000000 0.999998276 0.000001724
