J:/: 0.074965262 0.925034738 0.000000000
J:/cr: 0.019180447 0.034379660 0.946439893
J:/rr: 0.000000000 0.999933302 0.000066698
JJ:/cc/: 0.000340775 0.999659225 0.000000000
JJ:/cc/cr: 0.999996395 0.000001802 0.000001802
JJ:/cc/rr: 0.000000000 0.992069260 0.007930740
JJ:/crc/: 0.952591479 0.047408521 0.000000000
JJ:/crc/cr: 0.999263044 0.000368478 0.000368478
JJ:/crc/rr: 0.000000000 0.999972492 0.000027508
JJ:/crrc/: 0.954777753 0.045222247 0.000000000
JJ:/crrc/cr: 0.998615195 0.000692402 0.000692402
JJ:/crrc/rr: 0.000000000 0.999950807 0.000049193
JJ:/rc/: 0.905590784 0.094409216 0.000000000
JJ:/rc/cr: 0.999529018 0.000235491 0.000235491
JJ:/rc/rr: 0.000000000 0.999963175 0.000036825
JJ:/rrc/: 0.999966649 0.000033351 0.000000000
JJ:/rrc/cr: 0.333333333 0.333333333 0.333333333
JJ:/rrc/rr: 0.000000000 0.999983324 0.000016676
JK:/cc/: 0.084416579 0.915583421 0.000000000
JK:/cc/cr: 0.000003984 0.000001968 0.999994048
JK:/cc/rr: 0.000000000 0.000032015 0.999967985
JK:/crc/: 0.055458315 0.944541685 0.000000000
JK:/crc/cr: 0.032177885 0.000018495 0.967803620
JK:/crc/rr: 0.000000000 0.000472490 0.999527510
JK:/crrc/: 0.999906064 0.000093936 0.000000000
JK:/crrc/cr: 0.333333333 0.333333333 0.333333333
JK:/crrc/rr: 0.000000000 0.000046972 0.999953028
JK:/rc/: 0.993620853 0.006379147 0.000000000
JK:/rc/cr: 0.993029626 0.003485187 0.003485187
JK:/rc/rr: 0.000000000 0.000033563 0.999966437
JK:/rrc/: 0.518214315 0.481785685 0.000000000
JK:/rrc/cr: 0.885668958 0.000023075 0.114307967
JK:/rrc/rr: 0.000000000 0.000032179 0.999967821
JQ:/cc/: 0.170673013 0.829326987 0.000000000
JQ:/cc/cr: 0.000004653 0.000002173 0.999993174
JQ:/cc/rr: 0.000000000 0.000015835 0.999984165
JQ:/crc/: 0.984672006 0.015327994 0.000000000
JQ:/crc/cr: 0.675255579 0.001139679 0.323604742
JQ:/crc/rr: 0.000000000 0.000026611 0.999973389
JQ:/crrc/: 0.032955595 0.967044405 0.000000000
JQ:/crrc/cr: 0.130992878 0.000032379 0.868974743
JQ:/crrc/rr: 0.000000000 0.001425190 0.998574810
JQ:/rc/: 0.998001507 0.001998493 0.000000000
JQ:/rc/cr: 0.011124640 0.011124640 0.977750719
JQ:/rc/rr: 0.000000000 0.000033416 0.999966584
JQ:/rrc/: 0.134360086 0.865639914 0.000000000
JQ:/rrc/cr: 0.004607740 0.000012843 0.995379418
JQ:/rrc/rr: 0.000000000 0.000124111 0.999875889
K:/: 0.748115931 0.251884069 0.000000000
K:/cr: 0.696773984 0.303212782 0.000013234
K:/rr: 0.000000000 0.999993317 0.000006683
KJ:/cc/: 0.000049371 0.999950629 0.000000000
KJ:/cc/cr: 0.000048082 0.000009859 0.999942059
KJ:/cc/rr: 0.000000000 0.798965511 0.201034489
KJ:/crc/: 0.000190552 0.999809448 0.000000000
KJ:/crc/cr: 0.000480455 0.999512269 0.000007275
KJ:/crc/rr: 0.000000000 0.942739356 0.057260644
KJ:/crrc/: 0.064913453 0.935086547 0.000000000
KJ:/crrc/cr: 0.000553311 0.997384050 0.002062640
KJ:/crrc/rr: 0.000000000 0.557495838 0.442504162
KJ:/rc/: 0.052539912 0.947460088 0.000000000
KJ:/rc/cr: 0.006151959 0.967514703 0.026333338
KJ:/rc/rr: 0.000000000 0.300414357 0.699585643
KJ:/rrc/: 0.081200573 0.918799427 0.000000000
KJ:/rrc/cr: 0.004077759 0.995585289 0.000336952
KJ:/rrc/rr: 0.000000000 0.463960606 0.536039394
KK:/cc/: 0.999726171 0.000273829 0.000000000
KK:/cc/cr: 0.951671950 0.024164025 0.024164025
KK:/cc/rr: 0.000000000 0.999990072 0.000009928
KK:/crc/: 0.132968620 0.867031380 0.000000000
KK:/crc/cr: 0.999983221 0.000008390 0.000008390
KK:/crc/rr: 0.000000000 0.999917942 0.000082058
KK:/crrc/: 0.989225787 0.010774213 0.000000000
KK:/crrc/cr: 0.999412403 0.000293798 0.000293798
KK:/crrc/rr: 0.000000000 0.999995200 0.000004800
KK:/rc/: 0.832652221 0.167347779 0.000000000
KK:/rc/cr: 0.999973375 0.000013313 0.000013313
KK:/rc/rr: 0.000000000 0.999995987 0.000004013
KK:/rrc/: 0.536579239 0.463420761 0.000000000
KK:/rrc/cr: 0.999995193 0.000002404 0.000002404
KK:/rrc/rr: 0.000000000 0.999996886 0.000003114
KQ:/cc/: 0.000053740 0.999946260 0.000000000
KQ:/cc/cr: 0.000044184 0.417689389 0.582266427
KQ:/cc/rr: 0.000000000 0.815310343 0.184689657
KQ:/crc/: 0.890329637 0.109670363 0.000000000
KQ:/crc/cr: 0.000407600 0.422269808 0.577322592
KQ:/crc/rr: 0.000000000 0.000030323 0.999969677
KQ:/crrc/: 0.005773882 0.994226118 0.000000000
KQ:/crrc/cr: 0.033097782 0.663887225 0.303014993
KQ:/crrc/rr: 0.000000000 0.008777673 0.991222327
KQ:/rc/: 0.000345323 0.999654677 0.000000000
KQ:/rc/cr: 0.000022925 0.486481096 0.513495979
KQ:/rc/rr: 0.000000000 0.072837532 0.927162468
KQ:/rrc/: 0.698536769 0.301463231 0.000000000
KQ:/rrc/cr: 0.022110766 0.894638354 0.083250879
KQ:/rrc/rr: 0.000000000 0.385075673 0.614924327
Q:/: 0.741613659 0.258386341 0.000000000
Q:/cr: 0.162208658 0.837342261 0.000449080
Q:/rr: 0.000000000 0.999993258 0.000006742
QJ:/cc/: 0.000019351 0.999980649 0.000000000
QJ:/cc/cr: 0.000006450 0.000006450 0.999987099
QJ:/cc/rr: 0.000000000 0.500000000 0.500000000
QJ:/crc/: 0.027145014 0.972854986 0.000000000
QJ:/crc/cr: 0.004507592 0.000002639 0.995489769
QJ:/crc/rr: 0.000000000 0.000141891 0.999858109
QJ:/crrc/: 0.009933818 0.990066182 0.000000000
QJ:/crrc/cr: 0.000108872 0.000013388 0.999877740
QJ:/crrc/rr: 0.000000000 0.002001515 0.997998485
QJ:/rc/: 0.011250942 0.988749058 0.000000000
QJ:/rc/cr: 0.000002273 0.000002273 0.999995454
QJ:/rc/rr: 0.000000000 0.000299622 0.999700378
QJ:/rrc/: 0.000003371 0.999996629 0.000000000
QJ:/rrc/cr: 0.000002955 0.000001124 0.999995921
QJ:/rrc/rr: 0.000000000 0.500000000 0.500000000
QK:/cc/: 0.576019630 0.423980370 0.000000000
QK:/cc/cr: 0.062600616 0.937374938 0.000024446
QK:/cc/rr: 0.000000000 0.999983203 0.000016797
QK:/crc/: 0.013782770 0.986217230 0.000000000
QK:/crc/cr: 0.000002604 0.542773015 0.457224381
QK:/crc/rr: 0.000000000 0.000279454 0.999720546
QK:/crrc/: 0.948758747 0.051241253 0.000000000
QK:/crrc/cr: 0.000461716 0.563395301 0.436142983
QK:/crrc/rr: 0.000000000 0.000559531 0.999440469
QK:/rc/: 0.454349141 0.545650859 0.000000000
QK:/rc/cr: 0.017425746 0.516120146 0.466454108
QK:/rc/rr: 0.000000000 0.207712493 0.792287507
QK:/rrc/: 0.128384570 0.871615430 0.000000000
QK:/rrc/cr: 0.000001662 0.297553884 0.702444454
QK:/rrc/rr: 0.000000000 0.000351787 0.999648213
QQ:/cc/: 0.489587555 0.510412445 0.000000000
QQ:/cc/cr: 0.999974725 0.000012637 0.000012637
QQ:/cc/rr: 0.000000000 0.999980238 0.000019762
QQ:/crc/: 0.967487702 0.032512298 0.000000000
QQ:/crc/cr: 0.999842044 0.000078978 0.000078978
QQ:/crc/rr: 0.000000000 0.999996019 0.000003981
QQ:/crrc/: 0.108854478 0.891145522 0.000000000
QQ:/crrc/cr: 0.999970251 0.000014874 0.000014874
QQ:/crrc/rr: 0.000000000 0.999817346 0.000182654
QQ:/rc/: 0.504769091 0.495230909 0.000000000
QQ:/rc/cr: 0.999990924 0.000004538 0.000004538
QQ:/rc/rr: 0.000000000 0.999993322 0.000006678
QQ:/rrc/: 0.977036582 0.022963418 0.000000000
QQ:/rrc/cr: 0.999902133 0.000048934 0.000048934
QQ:/rrc/rr: 0.000000000 0.999998275 0.000001725
