J:/c: 0.297974938 0.702025062 0.000000000
J:/crr: 0.000000000 0.999983220 0.000016780
J:/r: 0.055467253 0.127857334 0.816675413
JJ:/cc/c: 0.999992878 0.000007122 0.000000000
JJ:/cc/crr: 0.000000000 0.999996439 0.000003561
JJ:/cc/r: 0.999990504 0.000004748 0.000004748
JJ:/crc/c: 0.999983220 0.000016780 0.000000000
JJ:/crc/crr: 0.000000000 0.999991610 0.000008390
JJ:/crc/r: 0.999956282 0.000032532 0.000011187
JJ:/crrc/c: 0.999991610 0.000008390 0.000000000
JJ:/crrc/crr: 0.000000000 0.999995805 0.000004195
JJ:/crrc/r: 0.999975117 0.000019290 0.000005593
JJ:/rc/c: 0.999973929 0.000026071 0.000000000
JJ:/rc/crr: 0.000000000 0.999986964 0.000013036
JJ:/rc/r: 0.999957583 0.000025036 0.000017380
JJ:/rrc/c: 0.999939904 0.000060096 0.000000000
JJ:/rrc/crr: 0.000000000 0.999969950 0.000030050
JJ:/rrc/r: 0.999771875 0.000188061 0.000040064
JK:/cc/c: 0.004360435 0.995639565 0.000000000
JK:/cc/crr: 0.000000000 0.000816691 0.999183309
JK:/cc/r: 0.000004748 0.000004748 0.999990504
JK:/crc/c: 0.533836678 0.466163322 0.000000000
JK:/crc/crr: 0.000000000 0.000015716 0.999984284
JK:/crc/r: 0.028689528 0.000011187 0.971299286
JK:/crrc/c: 0.356600143 0.643399857 0.000000000
JK:/crrc/crr: 0.000000000 0.000011764 0.999988236
JK:/crrc/r: 0.199265026 0.000005593 0.800729380
JK:/rc/c: 0.391840202 0.608159798 0.000000000
JK:/rc/crr: 0.000000000 0.000033267 0.999966733
JK:/rc/r: 0.355349804 0.000017380 0.644632815
JK:/rrc/c: 0.999832652 0.000167348 0.000000000
JK:/rrc/crr: 0.000000000 0.000030053 0.999969947
JK:/rrc/r: 0.273541809 0.000040064 0.726418127
JQ:/cc/c: 0.071756665 0.928243335 0.000000000
JQ:/cc/crr: 0.000000000 0.000049628 0.999950372
JQ:/cc/r: 0.035414688 0.000004748 0.964580564
JQ:/crc/c: 0.568594253 0.431405747 0.000000000
JQ:/crc/crr: 0.000000000 0.000014756 0.999985244
JQ:/crc/r: 0.015445893 0.000011187 0.984542920
JQ:/crrc/c: 0.043481227 0.956518773 0.000000000
JQ:/crrc/crr: 0.000000000 0.000096480 0.999903520
JQ:/crrc/r: 0.176940739 0.000005593 0.823053668
JQ:/rc/c: 0.994726955 0.005273045 0.000000000
JQ:/rc/crr: 0.000000000 0.000013104 0.999986896
JQ:/rc/r: 0.000046873 0.000017380 0.999935746
JQ:/rrc/c: 0.018499297 0.981500703 0.000000000
JQ:/rrc/crr: 0.000000000 0.001624265 0.998375735
JQ:/rrc/r: 0.392161750 0.000040064 0.607798186
K:/c: 0.999969427 0.000030573 0.000000000
K:/crr: 0.000000000 0.999995000 0.000005000
K:/r: 0.581278540 0.418714793 0.000006667
KJ:/cc/c: 0.398387990 0.601612010 0.000000000
KJ:/cc/crr: 0.000000000 0.794744340 0.205255660
KJ:/cc/r: 0.533333512 0.226931751 0.239734737
KJ:/crc/c: 0.150826505 0.849173495 0.000000000
KJ:/crc/crr: 0.000000000 0.999983424 0.000016576
KJ:/crc/r: 0.000058379 0.776945088 0.222996533
KJ:/crrc/c: 0.276996184 0.723003816 0.000000000
KJ:/crrc/crr: 0.000000000 0.999995487 0.000004513
KJ:/crrc/r: 0.031104615 0.839179695 0.129715690
KJ:/rc/c: 0.440281155 0.559718845 0.000000000
KJ:/rc/crr: 0.000000000 0.750933900 0.249066100
KJ:/rc/r: 0.030251559 0.742362178 0.227386263
KJ:/rrc/c: 0.260658357 0.739341643 0.000000000
KJ:/rrc/crr: 0.000000000 0.999989000 0.000011000
KJ:/rrc/r: 0.040487788 0.895059830 0.064452381
KK:/cc/c: 0.836457220 0.163542780 0.000000000
KK:/cc/crr: 0.000000000 0.902240799 0.097759201
KK:/cc/r: 0.601072391 0.289899089 0.109028520
KK:/crc/c: 0.999995000 0.000005000 0.000000000
KK:/crc/crr: 0.000000000 0.999997500 0.000002500
KK:/crc/r: 0.999988722 0.000007944 0.000003333
KK:/crrc/c: 0.999997500 0.000002500 0.000000000
KK:/crrc/crr: 0.000000000 0.999998750 0.000001250
KK:/crrc/r: 0.999996667 0.000001667 0.000001667
KK:/rc/c: 0.999992039 0.000007961 0.000000000
KK:/rc/crr: 0.000000000 0.999996020 0.000003980
KK:/rc/r: 0.999979061 0.000015632 0.000005307
KK:/rrc/c: 0.999994266 0.000005734 0.000000000
KK:/rrc/crr: 0.000000000 0.999997133 0.000002867
KK:/rrc/r: 0.999823383 0.000172794 0.000003823
KQ:/cc/c: 0.827971631 0.172028369 0.000000000
KQ:/cc/crr: 0.000000000 0.901238899 0.098761101
KQ:/cc/r: 0.528377879 0.355603867 0.116018254
KQ:/crc/c: 0.047137882 0.952862118 0.000000000
KQ:/crc/crr: 0.000000000 0.002311276 0.997688724
KQ:/crc/r: 0.000026908 0.443125115 0.556847977
KQ:/crrc/c: 0.623485458 0.376514542 0.000000000
KQ:/crrc/crr: 0.000000000 0.400661773 0.599338227
KQ:/crrc/r: 0.000757463 0.672257890 0.326984647
KQ:/rc/c: 0.000618052 0.999381948 0.000000000
KQ:/rc/crr: 0.000000000 0.092336693 0.907663307
KQ:/rc/r: 0.000024287 0.303285346 0.696690367
KQ:/rrc/c: 0.503588516 0.496411484 0.000000000
KQ:/rrc/crr: 0.000000000 0.489108550 0.510891450
KQ:/rrc/r: 0.092411950 0.530073171 0.377514879
Q:/c: 0.847633676 0.152366324 0.000000000
Q:/crr: 0.000000000 0.999994101 0.000005899
Q:/r: 0.364905889 0.635054963 0.000039148
QJ:/cc/c: 0.000340226 0.999659774 0.000000000
QJ:/cc/crr: 0.000000000 0.048226300 0.951773700
QJ:/cc/r: 0.000026638 0.000021877 0.999951485
QJ:/crc/c: 0.400694555 0.599305445 0.000000000
QJ:/crc/crr: 0.000000000 0.148479942 0.851520058
QJ:/crc/r: 0.000003933 0.000003933 0.999992135
QJ:/crrc/c: 0.000074685 0.999925315 0.000000000
QJ:/crrc/crr: 0.000000000 0.019745525 0.980254475
QJ:/crrc/r: 0.028370627 0.000001966 0.971627406
QJ:/rc/c: 0.000036969 0.999963031 0.000000000
QJ:/rc/crr: 0.000000000 0.070991283 0.929008717
QJ:/rc/r: 0.017552215 0.000003499 0.982444285
QJ:/rrc/c: 0.000253628 0.999746372 0.000000000
QJ:/rrc/crr: 0.000000000 0.037553267 0.962446733
QJ:/rrc/r: 0.000078618 0.000006090 0.999915293
QK:/cc/c: 0.254406703 0.745593297 0.000000000
QK:/cc/crr: 0.000000000 0.999935506 0.000064494
QK:/cc/r: 0.000100081 0.759153614 0.240746305
QK:/crc/c: 0.344972726 0.655027274 0.000000000
QK:/crc/crr: 0.000000000 0.001260739 0.998739261
QK:/crc/r: 0.000236982 0.488302909 0.511460109
QK:/crrc/c: 0.166043805 0.833956195 0.000000000
QK:/crrc/crr: 0.000000000 0.002696058 0.997303942
QK:/crrc/r: 0.000086553 0.285393313 0.714520135
QK:/rc/c: 0.355499214 0.644500786 0.000000000
QK:/rc/crr: 0.000000000 0.004600405 0.995399595
QK:/rc/r: 0.000008950 0.303714962 0.696276088
QK:/rrc/c: 0.420824861 0.579175139 0.000000000
QK:/rrc/crr: 0.000000000 0.064881379 0.935118621
QK:/rrc/r: 0.000077529 0.523251992 0.476670478
QQ:/cc/c: 0.999967184 0.000032816 0.000000000
QQ:/cc/crr: 0.000000000 0.999983592 0.000016408
QQ:/cc/r: 0.999936388 0.000041735 0.000021877
QQ:/crc/c: 0.999994101 0.000005899 0.000000000
QQ:/crc/crr: 0.000000000 0.999997051 0.000002949
QQ:/crc/r: 0.999729570 0.000266497 0.000003933
QQ:/crrc/c: 0.999997051 0.000002949 0.000000000
QQ:/crrc/crr: 0.000000000 0.999998525 0.000001475
QQ:/crrc/r: 0.999996067 0.000001966 0.000001966
QQ:/rc/c: 0.999994751 0.000005249 0.000000000
QQ:/rc/crr: 0.000000000 0.999997376 0.000002624
QQ:/rc/r: 0.983971581 0.016024919 0.000003499
QQ:/rrc/c: 0.999990865 0.000009135 0.000000000
QQ:/rrc/crr: 0.000000000 0.999995433 0.000004567
QQ:/rrc/r: 0.999960275 0.000033635 0.000006090
