J:/c: 0.299339598 0.700660402 0.000000000
J:/crr: 0.000000000 0.999983297 0.000016703
J:/r: 0.054900197 0.127752011 0.817347792
JJ:/cc/c: 0.999992864 0.000007136 0.000000000
JJ:/cc/crr: 0.000000000 0.999996432 0.000003568
JJ:/cc/r: 0.999990485 0.000004757 0.000004757
JJ:/crc/c: 0.999983297 0.000016703 0.000000000
JJ:/crc/crr: 0.000000000 0.999991648 0.000008352
JJ:/crc/r: 0.999900822 0.000088043 0.000011136
JJ:/crrc/c: 0.999991648 0.000008352 0.000000000
JJ:/crrc/crr: 0.000000000 0.999995824 0.000004176
JJ:/crrc/r: 0.999975346 0.000019086 0.000005568
JJ:/rc/c: 0.999973908 0.000026092 0.000000000
JJ:/rc/crr: 0.000000000 0.999986954 0.000013046
JJ:/rc/r: 0.999959621 0.000022984 0.000017395
JJ:/rrc/c: 0.999939284 0.000060716 0.000000000
JJ:/rrc/crr: 0.000000000 0.999969640 0.000030360
JJ:/rrc/r: 0.999799037 0.000160485 0.000040477
JK:/cc/c: 0.008196968 0.991803032 0.000000000
JK:/cc/crr: 0.000000000 0.000435291 0.999564709
JK:/cc/r: 0.000004757 0.000004757 0.999990485
JK:/crc/c: 0.519495797 0.480504203 0.000000000
JK:/crc/crr: 0.000000000 0.000016077 0.999983923
JK:/crc/r: 0.027092220 0.000011136 0.972896645
JK:/crrc/c: 0.490186329 0.509813671 0.000000000
JK:/crrc/crr: 0.000000000 0.000008519 0.999991481
JK:/crrc/r: 0.210528512 0.000005568 0.789465920
JK:/rc/c: 0.386308677 0.613691323 0.000000000
JK:/rc/crr: 0.000000000 0.000033771 0.999966229
JK:/rc/r: 0.355412057 0.000017395 0.644570548
JK:/rrc/c: 0.999899855 0.000100145 0.000000000
JK:/rrc/crr: 0.000000000 0.000030361 0.999969639
JK:/rrc/r: 0.282564391 0.000040477 0.717395131
JQ:/cc/c: 0.070357678 0.929642322 0.000000000
JQ:/cc/crr: 0.000000000 0.000050713 0.999949287
JQ:/cc/r: 0.036144232 0.000004757 0.963851011
JQ:/crc/c: 0.415243540 0.584756460 0.000000000
JQ:/crc/crr: 0.000000000 0.000020113 0.999979887
JQ:/crc/r: 0.073393245 0.000011136 0.926595619
JQ:/crrc/c: 0.046948239 0.953051761 0.000000000
JQ:/crrc/crr: 0.000000000 0.000088948 0.999911052
JQ:/crrc/r: 0.200694978 0.000005568 0.799299454
JQ:/rc/c: 0.997661239 0.002338761 0.000000000
JQ:/rc/crr: 0.000000000 0.000013077 0.999986923
JQ:/rc/r: 0.000023300 0.000017395 0.999959306
JQ:/rrc/c: 0.005522326 0.994477674 0.000000000
JQ:/rrc/crr: 0.000000000 0.005497342 0.994502658
JQ:/rrc/r: 0.438412369 0.000040477 0.561547153
K:/c: 0.999944416 0.000055584 0.000000000
K:/crr: 0.000000000 0.999995000 0.000005000
K:/r: 0.572913923 0.427079411 0.000006667
KJ:/cc/c: 0.092435346 0.907564654 0.000000000
KJ:/cc/crr: 0.000000000 0.513422809 0.486577191
KJ:/cc/r: 0.282483568 0.126040480 0.591475953
KJ:/crc/c: 0.093171192 0.906828808 0.000000000
KJ:/crc/crr: 0.000000000 0.999973166 0.000026834
KJ:/crc/r: 0.000038071 0.730169696 0.269792233
KJ:/crrc/c: 0.280659640 0.719340360 0.000000000
KJ:/crrc/crr: 0.000000000 0.999995546 0.000004454
KJ:/crrc/r: 0.017257106 0.844322717 0.138420177
KJ:/rc/c: 0.507027137 0.492972863 0.000000000
KJ:/rc/crr: 0.000000000 0.745072968 0.254927032
KJ:/rc/r: 0.024057730 0.756814135 0.219128135
KJ:/rrc/c: 0.083486056 0.916513944 0.000000000
KJ:/rrc/crr: 0.000000000 0.999965155 0.000034845
KJ:/rrc/r: 0.071802209 0.840702856 0.087494936
KK:/cc/c: 0.910046138 0.089953862 0.000000000
KK:/cc/crr: 0.000000000 0.950577307 0.049422693
KK:/cc/r: 0.792756142 0.147274617 0.059969241
KK:/crc/c: 0.999995000 0.000005000 0.000000000
KK:/crc/crr: 0.000000000 0.999997500 0.000002500
KK:/crc/r: 0.999987278 0.000009389 0.000003334
KK:/crrc/c: 0.999997500 0.000002500 0.000000000
KK:/crrc/crr: 0.000000000 0.999998750 0.000001250
KK:/crrc/r: 0.999994023 0.000004310 0.000001667
KK:/rc/c: 0.999992195 0.000007805 0.000000000
KK:/rc/crr: 0.000000000 0.999996097 0.000003903
KK:/rc/r: 0.999980628 0.000014169 0.000005203
KK:/rrc/c: 0.999994182 0.000005818 0.000000000
KK:/rrc/crr: 0.000000000 0.999997091 0.000002909
KK:/rrc/r: 0.999846983 0.000149138 0.000003879
KQ:/cc/c: 0.453913314 0.546086686 0.000000000
KQ:/cc/crr: 0.000000000 0.900912951 0.099087049
KQ:/cc/r: 0.274273690 0.665468962 0.060257348
KQ:/crc/c: 0.191561216 0.808438784 0.000000000
KQ:/crc/crr: 0.000000000 0.067784993 0.932215007
KQ:/crc/r: 0.000015320 0.426083937 0.573900743
KQ:/crrc/c: 0.608342260 0.391657740 0.000000000
KQ:/crrc/crr: 0.000000000 0.410065056 0.589934944
KQ:/crrc/r: 0.000311061 0.752144234 0.247544706
KQ:/rc/c: 0.001587988 0.998412012 0.000000000
KQ:/rc/crr: 0.000000000 0.011761220 0.988238780
KQ:/rc/r: 0.000020666 0.295156745 0.704822589
KQ:/rrc/c: 0.512482293 0.487517707 0.000000000
KQ:/rrc/crr: 0.000000000 0.490440341 0.509559659
KQ:/rrc/r: 0.076644664 0.549155134 0.374200202
Q:/c: 0.846018833 0.153981167 0.000000000
Q:/crr: 0.000000000 0.999994090 0.000005910
Q:/r: 0.364080258 0.635875878 0.000043865
QJ:/cc/c: 0.000346634 0.999653366 0.000000000
QJ:/cc/crr: 0.000000000 0.046838262 0.953161738
QJ:/cc/r: 0.000021648 0.000021648 0.999956705
QJ:/crc/c: 0.444200775 0.555799225 0.000000000
QJ:/crc/crr: 0.000000000 0.000101718 0.999898282
QJ:/crc/r: 0.000294677 0.000003940 0.999701383
QJ:/crrc/c: 0.000068328 0.999931672 0.000000000
QJ:/crrc/crr: 0.000000000 0.021623960 0.978376040
QJ:/crrc/r: 0.021967012 0.000001970 0.978031018
QJ:/rc/c: 0.000058628 0.999941372 0.000000000
QJ:/rc/crr: 0.000000000 0.044706703 0.955293297
QJ:/rc/r: 0.024755920 0.000003495 0.975240585
QJ:/rrc/c: 0.000201438 0.999798562 0.000000000
QJ:/rrc/crr: 0.000000000 0.022725305 0.977274695
QJ:/rrc/r: 0.000077590 0.000006104 0.999916307
QK:/cc/c: 0.027929676 0.972070324 0.000000000
QK:/cc/crr: 0.000000000 0.999418692 0.000581308
QK:/cc/r: 0.000093000 0.731345370 0.268561631
QK:/crc/c: 0.353761548 0.646238452 0.000000000
QK:/crc/crr: 0.000000000 0.005948524 0.994051476
QK:/crc/r: 0.000113347 0.503512807 0.496373846
QK:/crrc/c: 0.178320996 0.821679004 0.000000000
QK:/crrc/crr: 0.000000000 0.003116372 0.996883628
QK:/crrc/r: 0.000048246 0.276210881 0.723740873
QK:/rc/c: 0.373180803 0.626819197 0.000000000
QK:/rc/crr: 0.000000000 0.002148211 0.997851789
QK:/rc/r: 0.000016422 0.310777432 0.689206146
QK:/rrc/c: 0.414616549 0.585383451 0.000000000
QK:/rrc/crr: 0.000000000 0.067393173 0.932606827
QK:/rrc/r: 0.000075746 0.523812485 0.476111769
QQ:/cc/c: 0.999967528 0.000032472 0.000000000
QQ:/cc/crr: 0.000000000 0.999983764 0.000016236
QQ:/cc/r: 0.999936031 0.000042322 0.000021648
QQ:/crc/c: 0.999994090 0.000005910 0.000000000
QQ:/crc/crr: 0.000000000 0.999997045 0.000002955
QQ:/crc/r: 0.999958607 0.000037453 0.000003940
QQ:/crrc/c: 0.999997045 0.000002955 0.000000000
QQ:/crrc/crr: 0.000000000 0.999998522 0.000001478
QQ:/crrc/r: 0.999995834 0.000002195 0.000001970
QQ:/rc/c: 0.999994758 0.000005242 0.000000000
QQ:/rc/crr: 0.000000000 0.999997379 0.000002621
QQ:/rc/r: 0.923534360 0.076462145 0.000003495
QQ:/rrc/c: 0.999990845 0.000009155 0.000000000
QQ:/rrc/crr: 0.000000000 0.999995422 0.000004578
QQ:/rrc/r: 0.999960694 0.000033202 0.000006104
