J:/c: 0.299665001 0.700334999 0.000000000
J:/crr: 0.000000000 0.999983315 0.000016685
J:/r: 0.054693334 0.128288427 0.817018239
JJ:/cc/c: 0.999992861 0.000007139 0.000000000
JJ:/cc/crr: 0.000000000 0.999996430 0.000003570
JJ:/cc/r: 0.999990481 0.000004760 0.000004760
JJ:/crc/c: 0.999983315 0.000016685 0.000000000
JJ:/crc/crr: 0.000000000 0.999991657 0.000008343
JJ:/crc/r: 0.999643353 0.000345523 0.000011124
JJ:/crrc/c: 0.999991657 0.000008343 0.000000000
JJ:/crrc/crr: 0.000000000 0.999995829 0.000004171
JJ:/crrc/r: 0.999962043 0.000032395 0.000005562
JJ:/rc/c: 0.999974017 0.000025983 0.000000000
JJ:/rc/crr: 0.000000000 0.999987008 0.000012992
JJ:/rc/r: 0.999959885 0.000022793 0.000017322
JJ:/rrc/c: 0.999939054 0.000060946 0.000000000
JJ:/rrc/crr: 0.000000000 0.999969525 0.000030475
JJ:/rrc/r: 0.999844398 0.000114971 0.000040631
JK:/cc/c: 0.005378842 0.994621158 0.000000000
JK:/cc/crr: 0.000000000 0.000663660 0.999336340
JK:/cc/r: 0.000004760 0.000004760 0.999990481
JK:/crc/c: 0.506022897 0.493977103 0.000000000
JK:/crc/crr: 0.000000000 0.000016487 0.999983513
JK:/crc/r: 0.035240231 0.000011124 0.964748645
JK:/crrc/c: 0.444437968 0.555562032 0.000000000
JK:/crrc/crr: 0.000000000 0.000009386 0.999990614
JK:/crrc/r: 0.199632562 0.000005562 0.800361876
JK:/rc/c: 0.381181091 0.618818909 0.000000000
JK:/rc/crr: 0.000000000 0.000034082 0.999965918
JK:/rc/r: 0.366234187 0.000017322 0.633748490
JK:/rrc/c: 0.999939054 0.000060946 0.000000000
JK:/rrc/crr: 0.000000000 0.000030475 0.999969525
JK:/rrc/r: 0.293862497 0.000040631 0.706096873
JQ:/cc/c: 0.069040048 0.930959952 0.000000000
JQ:/cc/crr: 0.000000000 0.000051705 0.999948295
JQ:/cc/r: 0.034311786 0.000004760 0.965683455
JQ:/crc/c: 0.444294741 0.555705259 0.000000000
JQ:/crc/crr: 0.000000000 0.000018777 0.999981223
JQ:/crc/r: 0.070044702 0.000011124 0.929944175
JQ:/crrc/c: 0.038940325 0.961059675 0.000000000
JQ:/crrc/crr: 0.000000000 0.000107123 0.999892877
JQ:/crrc/r: 0.258434858 0.000005562 0.741559580
JQ:/rc/c: 0.995445057 0.004554943 0.000000000
JQ:/rc/crr: 0.000000000 0.000013051 0.999986949
JQ:/rc/r: 0.000017322 0.000017322 0.999965356
JQ:/rrc/c: 0.004251044 0.995748956 0.000000000
JQ:/rrc/crr: 0.000000000 0.007168342 0.992831658
JQ:/rrc/r: 0.464886858 0.000040631 0.535072512
K:/c: 0.999929759 0.000070241 0.000000000
K:/crr: 0.000000000 0.999995000 0.000005000
K:/r: 0.578552990 0.421440343 0.000006667
KJ:/cc/c: 0.071183292 0.928816708 0.000000000
KJ:/cc/crr: 0.000000000 0.500000000 0.500000000
KJ:/cc/r: 0.210615971 0.101695791 0.687688238
KJ:/crc/c: 0.141813453 0.858186547 0.000000000
KJ:/crc/crr: 0.000000000 0.999982370 0.000017630
KJ:/crc/r: 0.000019362 0.733437806 0.266542832
KJ:/crrc/c: 0.359162794 0.640837206 0.000000000
KJ:/crrc/crr: 0.000000000 0.999996519 0.000003481
KJ:/crrc/r: 0.064947224 0.815653219 0.119399557
KJ:/rc/c: 0.511415071 0.488584929 0.000000000
KJ:/rc/crr: 0.000000000 0.670962655 0.329037345
KJ:/rc/r: 0.029307457 0.731615280 0.239077263
KJ:/rrc/c: 0.116768809 0.883231191 0.000000000
KJ:/rrc/crr: 0.000000000 0.999975329 0.000024671
KJ:/rrc/r: 0.031217875 0.913788214 0.054993911
KK:/cc/c: 0.928816708 0.071183292 0.000000000
KK:/cc/crr: 0.000000000 0.961680657 0.038319343
KK:/cc/r: 0.822127701 0.130416772 0.047455528
KK:/crc/c: 0.999995000 0.000005000 0.000000000
KK:/crc/crr: 0.000000000 0.999997500 0.000002500
KK:/crc/r: 0.974741934 0.025254732 0.000003334
KK:/crrc/c: 0.999997500 0.000002500 0.000000000
KK:/crrc/crr: 0.000000000 0.999998750 0.000001250
KK:/crrc/r: 0.999992746 0.000005588 0.000001667
KK:/rc/c: 0.999992091 0.000007909 0.000000000
KK:/rc/crr: 0.000000000 0.999996045 0.000003955
KK:/rc/r: 0.999980162 0.000014565 0.000005273
KK:/rrc/c: 0.999994238 0.000005762 0.000000000
KK:/rrc/crr: 0.000000000 0.999997119 0.000002881
KK:/rrc/r: 0.999521920 0.000474239 0.000003841
KQ:/cc/c: 0.357104654 0.642895346 0.000000000
KQ:/cc/crr: 0.000000000 0.900332730 0.099667270
KQ:/cc/r: 0.196353028 0.756191444 0.047455528
KQ:/crc/c: 0.284803766 0.715196234 0.000000000
KQ:/crc/crr: 0.000000000 0.099646894 0.900353106
KQ:/crc/r: 0.000008863 0.435545111 0.564446026
KQ:/crrc/c: 0.615490952 0.384509048 0.000000000
KQ:/crrc/crr: 0.000000000 0.402280053 0.597719947
KQ:/crrc/r: 0.002396440 0.680691345 0.316912215
KQ:/rc/c: 0.000195611 0.999804389 0.000000000
KQ:/rc/crr: 0.000000000 0.020217126 0.979782874
KQ:/rc/r: 0.000018911 0.301726402 0.698254687
KQ:/rrc/c: 0.508109551 0.491890449 0.000000000
KQ:/rrc/crr: 0.000000000 0.496288584 0.503711416
KQ:/rrc/r: 0.060599347 0.583539896 0.355860757
Q:/c: 0.849902121 0.150097879 0.000000000
Q:/crr: 0.000000000 0.999994117 0.000005883
Q:/r: 0.364362313 0.635563736 0.000073952
QJ:/cc/c: 0.000033312 0.999966688 0.000000000
QJ:/cc/crr: 0.000000000 0.500000000 0.500000000
QJ:/cc/r: 0.000022208 0.000022208 0.999955585
QJ:/crc/c: 0.438893902 0.561106098 0.000000000
QJ:/crc/crr: 0.000000000 0.000007546 0.999992454
QJ:/crc/r: 0.000003922 0.000003922 0.999992156
QJ:/crrc/c: 0.000030696 0.999969304 0.000000000
QJ:/crrc/crr: 0.000000000 0.047913510 0.952086490
QJ:/crrc/r: 0.013652869 0.000001961 0.986345170
QJ:/rc/c: 0.000005245 0.999994755 0.000000000
QJ:/rc/crr: 0.000000000 0.500000000 0.500000000
QJ:/rc/r: 0.019978189 0.000003496 0.980018315
QJ:/rrc/c: 0.000106596 0.999893404 0.000000000
QJ:/rrc/crr: 0.000000000 0.042911547 0.957088453
QJ:/rrc/r: 0.000078156 0.000006099 0.999915745
QK:/cc/c: 0.068510954 0.931489046 0.000000000
QK:/cc/crr: 0.000000000 0.999756889 0.000243111
QK:/cc/r: 0.000080039 0.742535396 0.257384564
QK:/crc/c: 0.372987383 0.627012617 0.000000000
QK:/crc/crr: 0.000000000 0.000779694 0.999220306
QK:/crc/r: 0.000066366 0.444762764 0.555170870
QK:/crrc/c: 0.055988137 0.944011863 0.000000000
QK:/crrc/crr: 0.000000000 0.004762232 0.995237768
QK:/crrc/r: 0.000062370 0.296517204 0.703420426
QK:/rc/c: 0.370459334 0.629540666 0.000000000
QK:/rc/crr: 0.000000000 0.007179307 0.992820693
QK:/rc/r: 0.000009631 0.303628520 0.696361849
QK:/rrc/c: 0.427773475 0.572226525 0.000000000
QK:/rrc/crr: 0.000000000 0.077953030 0.922046970
QK:/rrc/r: 0.000072319 0.521184935 0.478742746
QQ:/cc/c: 0.999966688 0.000033312 0.000000000
QQ:/cc/crr: 0.000000000 0.999983344 0.000016656
QQ:/cc/r: 0.999929186 0.000048606 0.000022208
QQ:/crc/c: 0.999994117 0.000005883 0.000000000
QQ:/crc/crr: 0.000000000 0.999997058 0.000002942
QQ:/crc/r: 0.999960374 0.000035704 0.000003922
QQ:/crrc/c: 0.999997058 0.000002942 0.000000000
QQ:/crrc/crr: 0.000000000 0.999998529 0.000001471
QQ:/crrc/r: 0.999996014 0.000002025 0.000001961
QQ:/rc/c: 0.999994755 0.000005245 0.000000000
QQ:/rc/crr: 0.000000000 0.999997378 0.000002622
QQ:/rc/r: 0.999991676 0.000004828 0.000003496
QQ:/rrc/c: 0.999990852 0.000009148 0.000000000
QQ:/rrc/crr: 0.000000000 0.999995426 0.000004574
QQ:/rrc/r: 0.999951072 0.000042829 0.000006099
