J:/c: 0.297827038 0.702172962 0.000000000
J:/crr: 0.000000000 0.999983212 0.000016788
J:/r: 0.054258436 0.125383305 0.820358259
JJ:/cc/c: 0.999992879 0.000007121 0.000000000
JJ:/cc/crr: 0.000000000 0.999996440 0.000003560
JJ:/cc/r: 0.999990506 0.000004747 0.000004747
JJ:/crc/c: 0.999983212 0.000016788 0.000000000
JJ:/crc/crr: 0.000000000 0.999991606 0.000008394
JJ:/crc/r: 0.999884759 0.000104049 0.000011192
JJ:/crrc/c: 0.999991606 0.000008394 0.000000000
JJ:/crrc/crr: 0.000000000 0.999995803 0.000004197
JJ:/crrc/r: 0.999961447 0.000032957 0.000005596
JJ:/rc/c: 0.999973415 0.000026585 0.000000000
JJ:/rc/crr: 0.000000000 0.999986707 0.000013293
JJ:/rc/r: 0.999961047 0.000021230 0.000017723
JJ:/rrc/c: 0.999938566 0.000061434 0.000000000
JJ:/rrc/crr: 0.000000000 0.999969281 0.000030719
JJ:/rrc/r: 0.999798513 0.000160530 0.000040956
JK:/cc/c: 0.006338721 0.993661279 0.000000000
JK:/cc/crr: 0.000000000 0.000561687 0.999438313
JK:/cc/r: 0.000004747 0.000004747 0.999990506
JK:/crc/c: 0.511993987 0.488006013 0.000000000
JK:/crc/crr: 0.000000000 0.000016395 0.999983605
JK:/crc/r: 0.030684522 0.000011192 0.969304285
JK:/crrc/c: 0.406388705 0.593611295 0.000000000
JK:/crrc/crr: 0.000000000 0.000010328 0.999989672
JK:/crrc/r: 0.201171846 0.000005596 0.798822558
JK:/rc/c: 0.380884697 0.619115303 0.000000000
JK:/rc/crr: 0.000000000 0.000034899 0.999965101
JK:/rc/r: 0.359342793 0.000017723 0.640639483
JK:/rrc/c: 0.999896032 0.000103968 0.000000000
JK:/rrc/crr: 0.000000000 0.000030720 0.999969280
JK:/rrc/r: 0.356260062 0.000040956 0.643698981
JQ:/cc/c: 0.071760235 0.928239765 0.000000000
JQ:/cc/crr: 0.000000000 0.000049615 0.999950385
JQ:/cc/r: 0.034346383 0.000004747 0.965648870
JQ:/crc/c: 0.534934409 0.465065591 0.000000000
JQ:/crc/crr: 0.000000000 0.000015692 0.999984308
JQ:/crc/r: 0.075238222 0.000011192 0.924750586
JQ:/crrc/c: 0.034725591 0.965274409 0.000000000
JQ:/crrc/crr: 0.000000000 0.000120866 0.999879134
JQ:/crrc/r: 0.257746331 0.000005596 0.742248073
JQ:/rc/c: 0.997083345 0.002916655 0.000000000
JQ:/rc/crr: 0.000000000 0.000013331 0.999986669
JQ:/rc/r: 0.000017723 0.000017723 0.999964553
JQ:/rrc/c: 0.014473717 0.985526283 0.000000000
JQ:/rrc/crr: 0.000000000 0.002122274 0.997877726
JQ:/rrc/r: 0.469522646 0.000040956 0.530436398
K:/c: 0.999925657 0.000074343 0.000000000
K:/crr: 0.000000000 0.999995000 0.000005000
K:/r: 0.583788290 0.416205043 0.000006667
KJ:/cc/c: 0.069086131 0.930913869 0.000000000
KJ:/cc/crr: 0.000000000 0.513246357 0.486753643
KJ:/cc/r: 0.211100916 0.095083638 0.693815446
KJ:/crc/c: 0.155988859 0.844011141 0.000000000
KJ:/crc/crr: 0.000000000 0.999983972 0.000016028
KJ:/crc/r: 0.000044670 0.753990900 0.245964430
KJ:/crrc/c: 0.268770770 0.731229230 0.000000000
KJ:/crrc/crr: 0.000000000 0.999995349 0.000004651
KJ:/crrc/r: 0.028224577 0.823375846 0.148399577
KJ:/rc/c: 0.437733662 0.562266338 0.000000000
KJ:/rc/crr: 0.000000000 0.925181452 0.074818548
KJ:/rc/r: 0.030722410 0.748107460 0.221170130
KJ:/rrc/c: 0.145605533 0.854394467 0.000000000
KJ:/rrc/crr: 0.000000000 0.999980393 0.000019607
KJ:/rrc/r: 0.036106898 0.893692564 0.070200539
KK:/cc/c: 0.932744148 0.067255852 0.000000000
KK:/cc/crr: 0.000000000 0.963947320 0.036052680
KK:/cc/r: 0.871612105 0.083550661 0.044837235
KK:/crc/c: 0.999995000 0.000005000 0.000000000
KK:/crc/crr: 0.000000000 0.999997500 0.000002500
KK:/crc/r: 0.992731012 0.007265654 0.000003334
KK:/crrc/c: 0.999997500 0.000002500 0.000000000
KK:/crrc/crr: 0.000000000 0.999998750 0.000001250
KK:/crrc/r: 0.999994536 0.000003798 0.000001667
KK:/rc/c: 0.999991991 0.000008009 0.000000000
KK:/rc/crr: 0.000000000 0.999995996 0.000004004
KK:/rc/r: 0.999980495 0.000014166 0.000005339
KK:/rrc/c: 0.999994290 0.000005710 0.000000000
KK:/rrc/crr: 0.000000000 0.999997145 0.000002855
KK:/rrc/r: 0.999840729 0.000155465 0.000003807
KQ:/cc/c: 0.204403473 0.795596527 0.000000000
KQ:/cc/crr: 0.000000000 0.835482610 0.164517390
KQ:/cc/r: 0.204264446 0.749135525 0.046600029
KQ:/crc/c: 0.106289247 0.893710753 0.000000000
KQ:/crc/crr: 0.000000000 0.001437236 0.998562764
KQ:/crc/r: 0.000016757 0.436515704 0.563467539
KQ:/crrc/c: 0.610743237 0.389256763 0.000000000
KQ:/crrc/crr: 0.000000000 0.414857155 0.585142845
KQ:/crrc/r: 0.010869482 0.673951565 0.315178953
KQ:/rc/c: 0.000358218 0.999641782 0.000000000
KQ:/rc/crr: 0.000000000 0.011178773 0.988821227
KQ:/rc/r: 0.000019529 0.310692271 0.689288200
KQ:/rrc/c: 0.507555720 0.492444280 0.000000000
KQ:/rrc/crr: 0.000000000 0.517335019 0.482664981
KQ:/rrc/r: 0.071467116 0.553496610 0.375036274
Q:/c: 0.845583964 0.154416036 0.000000000
Q:/crr: 0.000000000 0.999994087 0.000005913
Q:/r: 0.375357672 0.624611481 0.000030847
QJ:/cc/c: 0.000320476 0.999679524 0.000000000
QJ:/cc/crr: 0.000000000 0.050518650 0.949481350
QJ:/cc/r: 0.000021587 0.000021587 0.999956827
QJ:/crc/c: 0.440486470 0.559513530 0.000000000
QJ:/crc/crr: 0.000000000 0.070687154 0.929312846
QJ:/crc/r: 0.000303649 0.000003942 0.999692409
QJ:/crrc/c: 0.000034143 0.999965857 0.000000000
QJ:/crrc/crr: 0.000000000 0.043297061 0.956702939
QJ:/crrc/r: 0.024011254 0.000001971 0.975986775
QJ:/rc/c: 0.000048483 0.999951517 0.000000000
QJ:/rc/crr: 0.000000000 0.055036169 0.944963831
QJ:/rc/r: 0.015447950 0.000003558 0.984548492
QJ:/rrc/c: 0.000160376 0.999839624 0.000000000
QJ:/rrc/crr: 0.000000000 0.027686234 0.972313766
QJ:/rrc/r: 0.000081101 0.000005920 0.999912979
QK:/cc/c: 0.016234427 0.983765573 0.000000000
QK:/cc/crr: 0.000000000 0.999002735 0.000997265
QK:/cc/r: 0.000094068 0.730931757 0.268974175
QK:/crc/c: 0.382408861 0.617591139 0.000000000
QK:/crc/crr: 0.000000000 0.000864254 0.999135746
QK:/crc/r: 0.000103348 0.470762257 0.529134395
QK:/crrc/c: 0.284403943 0.715596057 0.000000000
QK:/crrc/crr: 0.000000000 0.001364982 0.998635018
QK:/crrc/r: 0.000056644 0.289187462 0.710755895
QK:/rc/c: 0.372124589 0.627875411 0.000000000
QK:/rc/crr: 0.000000000 0.002711239 0.997288761
QK:/rc/r: 0.000019772 0.307392205 0.692588023
QK:/rrc/c: 0.428858165 0.571141835 0.000000000
QK:/rrc/crr: 0.000000000 0.041200350 0.958799650
QK:/rrc/r: 0.000073177 0.485158302 0.514768521
QQ:/cc/c: 0.999967620 0.000032380 0.000000000
QQ:/cc/crr: 0.000000000 0.999983809 0.000016191
QQ:/cc/r: 0.999936305 0.000042108 0.000021587
QQ:/crc/c: 0.999994087 0.000005913 0.000000000
QQ:/crc/crr: 0.000000000 0.999997043 0.000002957
QQ:/crc/r: 0.999951113 0.000044945 0.000003942
QQ:/crrc/c: 0.999997043 0.000002957 0.000000000
QQ:/crrc/crr: 0.000000000 0.999998522 0.000001478
QQ:/crrc/r: 0.999996058 0.000001971 0.000001971
QQ:/rc/c: 0.999994663 0.000005337 0.000000000
QQ:/rc/crr: 0.000000000 0.999997332 0.000002668
QQ:/rc/r: 0.999992114 0.000004328 0.000003558
QQ:/rrc/c: 0.999991120 0.000008880 0.000000000
QQ:/rrc/crr: 0.000000000 0.999995560 0.000004440
QQ:/rrc/r: 0.999961580 0.000032499 0.000005920
