J:/c: 0.296475625 0.703524375 0.000000000
J:/crr: 0.000000000 0.999983135 0.000016865
J:/r: 0.055645213 0.130744546 0.813610241
JJ:/cc/c: 0.999992893 0.000007107 0.000000000
JJ:/cc/crr: 0.000000000 0.999996446 0.000003554
JJ:/cc/r: 0.999982739 0.000012523 0.000004738
JJ:/crc/c: 0.999983135 0.000016865 0.000000000
JJ:/crc/crr: 0.000000000 0.999991567 0.000008433
JJ:/crc/r: 0.999977514 0.000011243 0.000011243
JJ:/crrc/c: 0.999991567 0.000008433 0.000000000
JJ:/crrc/crr: 0.000000000 0.999995784 0.000004216
JJ:/crrc/r: 0.999988757 0.000005622 0.000005622
JJ:/rc/c: 0.999974505 0.000025495 0.000000000
JJ:/rc/crr: 0.000000000 0.999987252 0.000012748
JJ:/rc/r: 0.999963654 0.000019349 0.000016997
JJ:/rrc/c: 0.999940097 0.000059903 0.000000000
JJ:/rrc/crr: 0.000000000 0.999970047 0.000029953
JJ:/rrc/r: 0.999757671 0.000202394 0.000039936
JK:/cc/c: 0.008369618 0.991630382 0.000000000
JK:/cc/crr: 0.000000000 0.000424576 0.999575424
JK:/cc/r: 0.000008315 0.000004738 0.999986947
JK:/crc/c: 0.514019533 0.485980467 0.000000000
JK:/crc/crr: 0.000000000 0.000016405 0.999983595
JK:/crc/r: 0.107234764 0.000011243 0.892753992
JK:/crrc/c: 0.495947599 0.504052401 0.000000000
JK:/crrc/crr: 0.000000000 0.000008501 0.999991499
JK:/crrc/r: 0.164653444 0.000005622 0.835340934
JK:/rc/c: 0.374965234 0.625034766 0.000000000
JK:/rc/crr: 0.000000000 0.000033996 0.999966004
JK:/rc/r: 0.356126255 0.000016997 0.643856748
JK:/rrc/c: 0.999732926 0.000267074 0.000000000
JK:/rrc/crr: 0.000000000 0.000029960 0.999970040
JK:/rrc/r: 0.264473772 0.000039936 0.735486293
JQ:/cc/c: 0.073609352 0.926390648 0.000000000
JQ:/cc/crr: 0.000000000 0.000048276 0.999951724
JQ:/cc/r: 0.036235557 0.000004738 0.963759705
JQ:/crc/c: 0.426522444 0.573477556 0.000000000
JQ:/crc/crr: 0.000000000 0.000019770 0.999980230
JQ:/crc/r: 0.066443591 0.000011243 0.933545166
JQ:/crrc/c: 0.043425629 0.956574371 0.000000000
JQ:/crrc/crr: 0.000000000 0.000097092 0.999902908
JQ:/crrc/r: 0.217003596 0.000005622 0.782990783
JQ:/rc/c: 0.993419630 0.006580370 0.000000000
JQ:/rc/crr: 0.000000000 0.000012832 0.999987168
JQ:/rc/r: 0.000016997 0.000016997 0.999966007
JQ:/rrc/c: 0.001312985 0.998687015 0.000000000
JQ:/rrc/crr: 0.000000000 0.022811884 0.977188116
JQ:/rrc/r: 0.425727971 0.000039936 0.574232093
K:/c: 0.999969336 0.000030664 0.000000000
K:/crr: 0.000000000 0.999995000 0.000005000
K:/r: 0.573786912 0.426206422 0.000006667
KJ:/cc/c: 0.467784157 0.532215843 0.000000000
KJ:/cc/crr: 0.000000000 0.825712584 0.174287416
KJ:/cc/r: 0.536549535 0.220521377 0.242929089
KJ:/crc/c: 0.101485778 0.898514222 0.000000000
KJ:/crc/crr: 0.000000000 0.999975365 0.000024635
KJ:/crc/r: 0.000119436 0.754306326 0.245574238
KJ:/crrc/c: 0.500660567 0.499339433 0.000000000
KJ:/crrc/crr: 0.000000000 0.999997503 0.000002497
KJ:/crrc/r: 0.008534874 0.930948702 0.060516424
KJ:/rc/c: 0.453693089 0.546306911 0.000000000
KJ:/rc/crr: 0.000000000 0.805933212 0.194066788
KJ:/rc/r: 0.041455501 0.746453935 0.212090564
KJ:/rrc/c: 0.298786336 0.701213664 0.000000000
KJ:/rrc/crr: 0.000000000 0.999990278 0.000009722
KJ:/rrc/r: 0.035229427 0.900713975 0.064056599
KK:/cc/c: 0.836942216 0.163057784 0.000000000
KK:/cc/crr: 0.000000000 0.902587191 0.097412809
KK:/cc/r: 0.610239282 0.281055528 0.108705189
KK:/crc/c: 0.999995000 0.000005000 0.000000000
KK:/crc/crr: 0.000000000 0.999997500 0.000002500
KK:/crc/r: 0.907262673 0.092733994 0.000003333
KK:/crrc/c: 0.999997500 0.000002500 0.000000000
KK:/crrc/crr: 0.000000000 0.999998750 0.000001250
KK:/crrc/r: 0.999983370 0.000014963 0.000001667
KK:/rc/c: 0.999992179 0.000007821 0.000000000
KK:/rc/crr: 0.000000000 0.999996090 0.000003910
KK:/rc/r: 0.999980473 0.000014313 0.000005214
KK:/rrc/c: 0.999994191 0.000005809 0.000000000
KK:/rrc/crr: 0.000000000 0.999997095 0.000002905
KK:/rrc/r: 0.999975456 0.000020671 0.000003873
KQ:/cc/c: 0.836942216 0.163057784 0.000000000
KQ:/cc/crr: 0.000000000 0.902587191 0.097412809
KQ:/cc/r: 0.532638236 0.296874671 0.170487093
KQ:/crc/c: 0.219249345 0.780750655 0.000000000
KQ:/crc/crr: 0.000000000 0.017404819 0.982595181
KQ:/crc/r: 0.000063876 0.440180680 0.559755444
KQ:/crrc/c: 0.598254440 0.401745560 0.000000000
KQ:/crrc/crr: 0.000000000 0.387873701 0.612126299
KQ:/crrc/r: 0.000007554 0.707402579 0.292589867
KQ:/rc/c: 0.000994700 0.999005300 0.000000000
KQ:/rc/crr: 0.000000000 0.061544657 0.938455343
KQ:/rc/r: 0.000022786 0.300798715 0.699178499
KQ:/rrc/c: 0.503553959 0.496446041 0.000000000
KQ:/rrc/crr: 0.000000000 0.581122550 0.418877450
KQ:/rrc/r: 0.067931750 0.577382715 0.354685535
Q:/c: 0.841768002 0.158231998 0.000000000
Q:/crr: 0.000000000 0.999994060 0.000005940
Q:/r: 0.350043985 0.649884066 0.000071948
QJ:/cc/c: 0.000382839 0.999617161 0.000000000
QJ:/cc/crr: 0.000000000 0.041269491 0.958730509
QJ:/cc/r: 0.000037368 0.000021066 0.999941566
QJ:/crc/c: 0.433342255 0.566657745 0.000000000
QJ:/crc/crr: 0.000000000 0.000436036 0.999563964
QJ:/crc/r: 0.000003960 0.000003960 0.999992080
QJ:/crrc/c: 0.000037931 0.999962069 0.000000000
QJ:/crrc/crr: 0.000000000 0.039149451 0.960850549
QJ:/crrc/r: 0.032635735 0.000001980 0.967362285
QJ:/rc/c: 0.000100019 0.999899981 0.000000000
QJ:/rc/crr: 0.000000000 0.025640771 0.974359229
QJ:/rc/r: 0.023423380 0.000003419 0.976573201
QJ:/rrc/c: 0.000817599 0.999182401 0.000000000
QJ:/rrc/crr: 0.000000000 0.005823521 0.994176479
QJ:/rrc/r: 0.000088310 0.000006348 0.999905341
QK:/cc/c: 0.055911049 0.944088951 0.000000000
QK:/cc/crr: 0.000000000 0.999717416 0.000282584
QK:/cc/r: 0.000111283 0.710647975 0.289240742
QK:/crc/c: 0.375782477 0.624217523 0.000000000
QK:/crc/crr: 0.000000000 0.008268410 0.991731590
QK:/crc/r: 0.000277001 0.476998732 0.522724267
QK:/crrc/c: 0.006589655 0.993410345 0.000000000
QK:/crrc/crr: 0.000000000 0.075108465 0.924891535
QK:/crrc/r: 0.000038542 0.304008529 0.695952929
QK:/rc/c: 0.372016132 0.627983868 0.000000000
QK:/rc/crr: 0.000000000 0.007609264 0.992390736
QK:/rc/r: 0.000012354 0.319256354 0.680731291
QK:/rrc/c: 0.421317080 0.578682920 0.000000000
QK:/rrc/crr: 0.000000000 0.044117235 0.955882765
QK:/rrc/r: 0.000093492 0.510667663 0.489238845
QQ:/cc/c: 0.999968401 0.000031599 0.000000000
QQ:/cc/crr: 0.000000000 0.999984200 0.000015800
QQ:/cc/r: 0.999920786 0.000058148 0.000021066
QQ:/crc/c: 0.999994060 0.000005940 0.000000000
QQ:/crc/crr: 0.000000000 0.999997030 0.000002970
QQ:/crc/r: 0.999873765 0.000122275 0.000003960
QQ:/crrc/c: 0.999997030 0.000002970 0.000000000
QQ:/crrc/crr: 0.000000000 0.999998515 0.000001485
QQ:/crrc/r: 0.999996040 0.000001980 0.000001980
QQ:/rc/c: 0.999994871 0.000005129 0.000000000
QQ:/rc/crr: 0.000000000 0.999997435 0.000002565
QQ:/rc/r: 0.999992650 0.000003931 0.000003419
QQ:/rrc/c: 0.999990477 0.000009523 0.000000000
QQ:/rrc/crr: 0.000000000 0.999995239 0.000004761
QQ:/rrc/r: 0.999957334 0.000036317 0.000006348
