J:/c: 0.298468945 0.701531055 0.000000000
J:/crr: 0.000000000 0.999983248 0.000016752
J:/r: 0.055796453 0.128821744 0.815381803
JJ:/cc/c: 0.999992873 0.000007127 0.000000000
JJ:/cc/crr: 0.000000000 0.999996436 0.000003564
JJ:/cc/r: 0.999990497 0.000004752 0.000004752
JJ:/crc/c: 0.999983248 0.000016752 0.000000000
JJ:/crc/crr: 0.000000000 0.999991624 0.000008376
JJ:/crc/r: 0.999685411 0.000303421 0.000011168
JJ:/crrc/c: 0.999991624 0.000008376 0.000000000
JJ:/crrc/crr: 0.000000000 0.999995812 0.000004188
JJ:/crrc/r: 0.999973421 0.000020995 0.000005584
JJ:/rc/c: 0.999974124 0.000025876 0.000000000
JJ:/rc/crr: 0.000000000 0.999987062 0.000012938
JJ:/rc/r: 0.999875142 0.000107608 0.000017250
JJ:/rrc/c: 0.999940259 0.000059741 0.000000000
JJ:/rrc/crr: 0.000000000 0.999970128 0.000029872
JJ:/rrc/r: 0.999834332 0.000125840 0.000039827
JK:/cc/c: 0.004251734 0.995748266 0.000000000
JK:/cc/crr: 0.000000000 0.000838160 0.999161840
JK:/cc/r: 0.000004752 0.000004752 0.999990497
JK:/crc/c: 0.518177656 0.481822344 0.000000000
JK:/crc/crr: 0.000000000 0.000016164 0.999983836
JK:/crc/r: 0.012231169 0.000011168 0.987757663
JK:/crrc/c: 0.476216752 0.523783248 0.000000000
JK:/crrc/crr: 0.000000000 0.000008795 0.999991205
JK:/crrc/r: 0.192608209 0.000005584 0.807386207
JK:/rc/c: 0.381304546 0.618695454 0.000000000
JK:/rc/crr: 0.000000000 0.000033930 0.999966070
JK:/rc/r: 0.352576084 0.000017250 0.647406666
JK:/rrc/c: 0.999940259 0.000059741 0.000000000
JK:/rrc/crr: 0.000000000 0.000029872 0.999970128
JK:/rrc/r: 0.304116642 0.000039827 0.695843531
JQ:/cc/c: 0.069277777 0.930722223 0.000000000
JQ:/cc/crr: 0.000000000 0.000051440 0.999948560
JQ:/cc/r: 0.036605899 0.000004752 0.963389349
JQ:/crc/c: 0.417105776 0.582894224 0.000000000
JQ:/crc/crr: 0.000000000 0.000020081 0.999979919
JQ:/crc/r: 0.081115769 0.000011168 0.918873063
JQ:/crrc/c: 0.052280342 0.947719658 0.000000000
JQ:/crrc/crr: 0.000000000 0.000080109 0.999919891
JQ:/crrc/r: 0.327001851 0.000005584 0.672992565
JQ:/rc/c: 0.994991009 0.005008991 0.000000000
JQ:/rc/crr: 0.000000000 0.000013003 0.999986997
JQ:/rc/r: 0.000017250 0.000017250 0.999965499
JQ:/rrc/c: 0.018302768 0.981697232 0.000000000
JQ:/rrc/crr: 0.000000000 0.001632020 0.998367980
JQ:/rrc/r: 0.399509771 0.000039827 0.600450402
K:/c: 0.999969923 0.000030077 0.000000000
K:/crr: 0.000000000 0.999995000 0.000005000
K:/r: 0.581475158 0.418518175 0.000006667
KJ:/cc/c: 0.166237328 0.833762672 0.000000000
KJ:/cc/crr: 0.000000000 0.500000000 0.500000000
KJ:/cc/r: 0.485786844 0.251226320 0.262986836
KJ:/crc/c: 0.172017545 0.827982455 0.000000000
KJ:/crc/crr: 0.000000000 0.999985466 0.000014534
KJ:/crc/r: 0.000030285 0.756163870 0.243805845
KJ:/crrc/c: 0.291962388 0.708037612 0.000000000
KJ:/crrc/crr: 0.000000000 0.999995718 0.000004282
KJ:/crrc/r: 0.021885972 0.862941207 0.115172821
KJ:/rc/c: 0.449218340 0.550781660 0.000000000
KJ:/rc/crr: 0.000000000 0.627566905 0.372433095
KJ:/rc/r: 0.070537288 0.700680400 0.228782312
KJ:/rrc/c: 0.127516632 0.872483368 0.000000000
KJ:/rrc/crr: 0.000000000 0.999977522 0.000022478
KJ:/rrc/r: 0.039035065 0.889829772 0.071135163
KK:/cc/c: 0.833762672 0.166237328 0.000000000
KK:/cc/crr: 0.000000000 0.900308965 0.099691035
KK:/cc/r: 0.678091702 0.211083413 0.110824885
KK:/crc/c: 0.999995000 0.000005000 0.000000000
KK:/crc/crr: 0.000000000 0.999997500 0.000002500
KK:/crc/r: 0.991071418 0.008925249 0.000003333
KK:/crrc/c: 0.999997500 0.000002500 0.000000000
KK:/crrc/crr: 0.000000000 0.999998750 0.000001250
KK:/crrc/r: 0.999993264 0.000005069 0.000001667
KK:/rc/c: 0.999992035 0.000007965 0.000000000
KK:/rc/crr: 0.000000000 0.999996018 0.000003982
KK:/rc/r: 0.999980829 0.000013862 0.000005310
KK:/rrc/c: 0.999994267 0.000005733 0.000000000
KK:/rrc/crr: 0.000000000 0.999997134 0.000002866
KK:/rrc/r: 0.999661016 0.000335162 0.000003822
KQ:/cc/c: 0.477996100 0.522003900 0.000000000
KQ:/cc/crr: 0.000000000 0.826110163 0.173889837
KQ:/cc/r: 0.466470807 0.422322809 0.111206385
KQ:/crc/c: 0.293843416 0.706156584 0.000000000
KQ:/crc/crr: 0.000000000 0.000421139 0.999578861
KQ:/crc/r: 0.000010143 0.439878436 0.560111421
KQ:/crrc/c: 0.598745235 0.401254765 0.000000000
KQ:/crrc/crr: 0.000000000 0.413468764 0.586531236
KQ:/crrc/r: 0.000013960 0.665406837 0.334579202
KQ:/rc/c: 0.000073287 0.999926713 0.000000000
KQ:/rc/crr: 0.000000000 0.054338368 0.945661632
KQ:/rc/r: 0.000017203 0.307155150 0.692827647
KQ:/rrc/c: 0.492161053 0.507838947 0.000000000
KQ:/rrc/crr: 0.000000000 0.458853384 0.541146616
KQ:/rrc/r: 0.088455129 0.539602370 0.371942502
Q:/c: 0.849615904 0.150384096 0.000000000
Q:/crr: 0.000000000 0.999994115 0.000005885
Q:/r: 0.359128146 0.640843397 0.000028458
QJ:/cc/c: 0.000033248 0.999966752 0.000000000
QJ:/cc/crr: 0.000000000 0.500000000 0.500000000
QJ:/cc/r: 0.000022165 0.000022165 0.999955669
QJ:/crc/c: 0.446576257 0.553423743 0.000000000
QJ:/crc/crr: 0.000000000 0.036821563 0.963178437
QJ:/crc/r: 0.000003923 0.000003923 0.999992153
QJ:/crrc/c: 0.000033154 0.999966846 0.000000000
QJ:/crrc/crr: 0.000000000 0.044377045 0.955622955
QJ:/crrc/r: 0.038877807 0.000001962 0.961120231
QJ:/rc/c: 0.000053525 0.999946475 0.000000000
QJ:/rc/crr: 0.000000000 0.048589620 0.951410380
QJ:/rc/r: 0.004242268 0.000003468 0.995754264
QJ:/rrc/c: 0.000009282 0.999990718 0.000000000
QJ:/rrc/crr: 0.000000000 0.500000000 0.500000000
QJ:/rrc/r: 0.000110186 0.000006188 0.999883626
QK:/cc/c: 0.014225005 0.985774995 0.000000000
QK:/cc/crr: 0.000000000 0.998831347 0.001168653
QK:/cc/r: 0.000085968 0.723956080 0.275957952
QK:/crc/c: 0.361735536 0.638264464 0.000000000
QK:/crc/crr: 0.000000000 0.001719415 0.998280585
QK:/crc/r: 0.000051892 0.505799301 0.494148807
QK:/crrc/c: 0.039144430 0.960855570 0.000000000
QK:/crrc/crr: 0.000000000 0.003494220 0.996505780
QK:/crrc/r: 0.000065331 0.285691605 0.714243064
QK:/rc/c: 0.365899678 0.634100322 0.000000000
QK:/rc/crr: 0.000000000 0.000036639 0.999963361
QK:/rc/r: 0.000019897 0.320591040 0.679389064
QK:/rrc/c: 0.423775051 0.576224949 0.000000000
QK:/rrc/crr: 0.000000000 0.000453596 0.999546404
QK:/rrc/r: 0.000080947 0.493878114 0.506040939
QQ:/cc/c: 0.999966752 0.000033248 0.000000000
QQ:/cc/crr: 0.000000000 0.999983375 0.000016625
QQ:/cc/r: 0.999772373 0.000205461 0.000022165
QQ:/crc/c: 0.999994115 0.000005885 0.000000000
QQ:/crc/crr: 0.000000000 0.999997057 0.000002943
QQ:/crc/r: 0.999952843 0.000043234 0.000003923
QQ:/crrc/c: 0.999997057 0.000002943 0.000000000
QQ:/crrc/crr: 0.000000000 0.999998529 0.000001471
QQ:/crrc/r: 0.999993028 0.000005011 0.000001962
QQ:/rc/c: 0.999994799 0.000005201 0.000000000
QQ:/rc/crr: 0.000000000 0.999997399 0.000002601
QQ:/rc/r: 0.999993065 0.000003468 0.000003468
QQ:/rrc/c: 0.999990718 0.000009282 0.000000000
QQ:/rrc/crr: 0.000000000 0.999995359 0.000004641
QQ:/rrc/r: 0.999949759 0.000044053 0.000006188
