J:/c: 0.300223998 0.699776002 0.000000000
J:/crr: 0.000000000 0.999983346 0.000016654
J:/r: 0.054495197 0.128134435 0.817370368
JJ:/cc/c: 0.999992855 0.000007145 0.000000000
JJ:/cc/crr: 0.000000000 0.999996427 0.000003573
JJ:/cc/r: 0.999986720 0.000008517 0.000004763
JJ:/crc/c: 0.999983346 0.000016654 0.000000000
JJ:/crc/crr: 0.000000000 0.999991673 0.000008327
JJ:/crc/r: 0.999977794 0.000011103 0.000011103
JJ:/crrc/c: 0.999991673 0.000008327 0.000000000
JJ:/crrc/crr: 0.000000000 0.999995836 0.000004164
JJ:/crrc/r: 0.999988897 0.000005552 0.000005552
JJ:/rc/c: 0.999973986 0.000026014 0.000000000
JJ:/rc/crr: 0.000000000 0.999986992 0.000013008
JJ:/rc/r: 0.999954312 0.000028345 0.000017343
JJ:/rrc/c: 0.999938833 0.000061167 0.000000000
JJ:/rrc/crr: 0.000000000 0.999969414 0.000030586
JJ:/rrc/r: 0.999797529 0.000161692 0.000040778
JK:/cc/c: 0.006222233 0.993777767 0.000000000
JK:/cc/crr: 0.000000000 0.000574162 0.999425838
JK:/cc/r: 0.000013962 0.000004763 0.999981275
JK:/crc/c: 0.520980426 0.479019574 0.000000000
JK:/crc/crr: 0.000000000 0.000015984 0.999984016
JK:/crc/r: 0.034363340 0.000011103 0.965625557
JK:/crrc/c: 0.477069322 0.522930678 0.000000000
JK:/crrc/crr: 0.000000000 0.000008728 0.999991272
JK:/crrc/r: 0.221212198 0.000005552 0.778782250
JK:/rc/c: 0.371097009 0.628902991 0.000000000
JK:/rc/crr: 0.000000000 0.000035051 0.999964949
JK:/rc/r: 0.361076808 0.000017343 0.638905849
JK:/rrc/c: 0.999903597 0.000096403 0.000000000
JK:/rrc/crr: 0.000000000 0.000030587 0.999969413
JK:/rrc/r: 0.271521132 0.000040778 0.728438090
JQ:/cc/c: 0.070908443 0.929091557 0.000000000
JQ:/cc/crr: 0.000000000 0.000050383 0.999949617
JQ:/cc/r: 0.036767584 0.000004763 0.963227653
JQ:/crc/c: 0.588091221 0.411908779 0.000000000
JQ:/crc/crr: 0.000000000 0.000014160 0.999985840
JQ:/crc/r: 0.047013507 0.000011103 0.952975390
JQ:/crrc/c: 0.030942354 0.969057646 0.000000000
JQ:/crrc/crr: 0.000000000 0.000134561 0.999865439
JQ:/crrc/r: 0.188716242 0.000005552 0.811278206
JQ:/rc/c: 0.995298075 0.004701925 0.000000000
JQ:/rc/crr: 0.000000000 0.000013069 0.999986931
JQ:/rc/r: 0.000028928 0.000017343 0.999953729
JQ:/rrc/c: 0.006591555 0.993408445 0.000000000
JQ:/rrc/crr: 0.000000000 0.004639836 0.995360164
JQ:/rrc/r: 0.421054278 0.000040778 0.578904944
K:/c: 0.999969649 0.000030351 0.000000000
K:/crr: 0.000000000 0.999995000 0.000005000
K:/r: 0.575743882 0.424249451 0.000006667
KJ:/cc/c: 0.164739203 0.835260797 0.000000000
KJ:/cc/crr: 0.000000000 0.500000000 0.500000000
KJ:/cc/r: 0.517166839 0.230002634 0.252830527
KJ:/crc/c: 0.104936068 0.895063932 0.000000000
KJ:/crc/crr: 0.000000000 0.999976175 0.000023825
KJ:/crc/r: 0.000065520 0.729593189 0.270341291
KJ:/crrc/c: 0.294546312 0.705453688 0.000000000
KJ:/crrc/crr: 0.000000000 0.614460023 0.385539977
KJ:/crrc/r: 0.007452494 0.854376569 0.138170937
KJ:/rc/c: 0.482208954 0.517791046 0.000000000
KJ:/rc/crr: 0.000000000 0.651323284 0.348676716
KJ:/rc/r: 0.044158934 0.753679887 0.202161179
KJ:/rrc/c: 0.145577603 0.854422397 0.000000000
KJ:/rrc/crr: 0.000000000 0.999980115 0.000019885
KJ:/rrc/r: 0.029370148 0.926386723 0.044243129
KK:/cc/c: 0.835260797 0.164739203 0.000000000
KK:/cc/crr: 0.000000000 0.901384572 0.098615428
KK:/cc/r: 0.562541041 0.327632824 0.109826135
KK:/crc/c: 0.999995000 0.000005000 0.000000000
KK:/crc/crr: 0.000000000 0.999997500 0.000002500
KK:/crc/r: 0.927916364 0.072080302 0.000003333
KK:/crrc/c: 0.999997500 0.000002500 0.000000000
KK:/crrc/crr: 0.000000000 0.999998750 0.000001250
KK:/crrc/r: 0.999957526 0.000040807 0.000001667
KK:/rc/c: 0.999992143 0.000007857 0.000000000
KK:/rc/crr: 0.000000000 0.999996071 0.000003929
KK:/rc/r: 0.999980945 0.000013817 0.000005238
KK:/rrc/c: 0.999994210 0.000005790 0.000000000
KK:/rrc/crr: 0.000000000 0.999997105 0.000002895
KK:/rrc/r: 0.999860969 0.000135171 0.000003860
KQ:/cc/c: 0.830519506 0.169480494 0.000000000
KQ:/cc/crr: 0.000000000 0.900821593 0.099178407
KQ:/cc/r: 0.498499245 0.388778701 0.112722054
KQ:/crc/c: 0.045924535 0.954075465 0.000000000
KQ:/crc/crr: 0.000000000 0.001722783 0.998277217
KQ:/crc/r: 0.000022779 0.440902275 0.559074947
KQ:/crrc/c: 0.631979586 0.368020414 0.000000000
KQ:/crrc/crr: 0.000000000 0.417123588 0.582876412
KQ:/crrc/r: 0.000663541 0.755604567 0.243731893
KQ:/rc/c: 0.001485190 0.998514810 0.000000000
KQ:/rc/crr: 0.000000000 0.013484332 0.986515668
KQ:/rc/r: 0.000020021 0.302168241 0.697811738
KQ:/rrc/c: 0.505858484 0.494141516 0.000000000
KQ:/rrc/crr: 0.000000000 0.454466543 0.545533457
KQ:/rrc/r: 0.085593979 0.538476978 0.375929043
Q:/c: 0.850752521 0.149247479 0.000000000
Q:/crr: 0.000000000 0.999994123 0.000005877
Q:/r: 0.362333993 0.637629721 0.000036286
QJ:/cc/c: 0.000378383 0.999621617 0.000000000
QJ:/cc/crr: 0.000000000 0.044269120 0.955730880
QJ:/cc/r: 0.000022334 0.000022334 0.999955331
QJ:/crc/c: 0.431839638 0.568160362 0.000000000
QJ:/crc/crr: 0.000000000 0.073243538 0.926756462
QJ:/crc/r: 0.000003918 0.000003918 0.999992164
QJ:/crrc/c: 0.000002939 0.999997061 0.000000000
QJ:/crrc/crr: 0.000000000 0.500000000 0.500000000
QJ:/crrc/r: 0.027971454 0.000001959 0.972026587
QJ:/rc/c: 0.000048232 0.999951768 0.000000000
QJ:/rc/crr: 0.000000000 0.054192920 0.945807080
QJ:/rc/r: 0.018390782 0.000003485 0.981605733
QJ:/rrc/c: 0.000162391 0.999837609 0.000000000
QJ:/rrc/crr: 0.000000000 0.028325571 0.971674429
QJ:/rrc/r: 0.000071780 0.000006133 0.999922087
QK:/cc/c: 0.219639922 0.780360078 0.000000000
QK:/cc/crr: 0.000000000 0.999923736 0.000076264
QK:/cc/r: 0.000126402 0.736361748 0.263511850
QK:/crc/c: 0.340089112 0.659910888 0.000000000
QK:/crc/crr: 0.000000000 0.001262084 0.998737916
QK:/crc/r: 0.000216947 0.477344636 0.522438417
QK:/crrc/c: 0.067470441 0.932529559 0.000000000
QK:/crrc/crr: 0.000000000 0.007690495 0.992309505
QK:/crrc/r: 0.000032057 0.279659559 0.720308383
QK:/rc/c: 0.374098942 0.625901058 0.000000000
QK:/rc/crr: 0.000000000 0.009571134 0.990428866
QK:/rc/r: 0.000008522 0.307461698 0.692529780
QK:/rrc/c: 0.428982432 0.571017568 0.000000000
QK:/rrc/crr: 0.000000000 0.084428025 0.915571975
QK:/rrc/r: 0.000075496 0.531212145 0.468712359
QQ:/cc/c: 0.999966499 0.000033501 0.000000000
QQ:/cc/crr: 0.000000000 0.999983249 0.000016751
QQ:/cc/r: 0.999934068 0.000043597 0.000022334
QQ:/crc/c: 0.999994123 0.000005877 0.000000000
QQ:/crc/crr: 0.000000000 0.999997061 0.000002939
QQ:/crc/r: 0.829073816 0.170922266 0.000003918
QQ:/crrc/c: 0.999997061 0.000002939 0.000000000
QQ:/crrc/crr: 0.000000000 0.999998531 0.000001469
QQ:/crrc/r: 0.999996082 0.000001959 0.000001959
QQ:/rc/c: 0.999994772 0.000005228 0.000000000
QQ:/rc/crr: 0.000000000 0.999997386 0.000002614
QQ:/rc/r: 0.909619017 0.090377498 0.000003485
QQ:/rrc/c: 0.999990800 0.000009200 0.000000000
QQ:/rrc/crr: 0.000000000 0.999995400 0.000004600
QQ:/rrc/r: 0.999960444 0.000033423 0.000006133
