J:/c: 0.295197725 0.704802275 0.000000000
J:/crr: 0.000000000 0.999983062 0.000016938
J:/r: 0.052830697 0.125764451 0.821404852
JJ:/cc/c: 0.999992906 0.000007094 0.000000000
JJ:/cc/crr: 0.000000000 0.999996453 0.000003547
JJ:/cc/r: 0.999990541 0.000004729 0.000004729
JJ:/crc/c: 0.999983062 0.000016938 0.000000000
JJ:/crc/crr: 0.000000000 0.999991531 0.000008469
JJ:/crc/r: 0.999956303 0.000032405 0.000011292
JJ:/crrc/c: 0.999991531 0.000008469 0.000000000
JJ:/crrc/crr: 0.000000000 0.999995765 0.000004235
JJ:/crrc/r: 0.999975228 0.000019126 0.000005646
JJ:/rc/c: 0.999973495 0.000026505 0.000000000
JJ:/rc/crr: 0.000000000 0.999986747 0.000013253
JJ:/rc/r: 0.999955812 0.000026519 0.000017670
JJ:/rrc/c: 0.999936905 0.000063095 0.000000000
JJ:/rrc/crr: 0.000000000 0.999968451 0.000031549
JJ:/rrc/r: 0.999758231 0.000199706 0.000042063
JK:/cc/c: 0.005215291 0.994784709 0.000000000
JK:/cc/crr: 0.000000000 0.000680134 0.999319866
JK:/cc/r: 0.000004729 0.000004729 0.999990541
JK:/crc/c: 0.518801809 0.481198191 0.000000000
JK:/crc/crr: 0.000000000 0.000016324 0.999983676
JK:/crc/r: 0.026630909 0.000011292 0.973357799
JK:/crrc/c: 0.385273239 0.614726761 0.000000000
JK:/crrc/crr: 0.000000000 0.000010991 0.999989009
JK:/crrc/r: 0.178386814 0.000005646 0.821607540
JK:/rc/c: 0.409204278 0.590795722 0.000000000
JK:/rc/crr: 0.000000000 0.000032386 0.999967614
JK:/rc/r: 0.365151134 0.000017670 0.634831196
JK:/rrc/c: 0.999818804 0.000181196 0.000000000
JK:/rrc/crr: 0.000000000 0.000031553 0.999968447
JK:/rrc/r: 0.334835566 0.000042063 0.665122371
JQ:/cc/c: 0.069806224 0.930193776 0.000000000
JQ:/cc/crr: 0.000000000 0.000050813 0.999949187
JQ:/cc/r: 0.035276910 0.000004729 0.964718360
JQ:/crc/c: 0.384824032 0.615175968 0.000000000
JQ:/crc/crr: 0.000000000 0.000022007 0.999977993
JQ:/crc/r: 0.112759741 0.000011292 0.887228967
JQ:/crrc/c: 0.054302741 0.945697259 0.000000000
JQ:/crrc/crr: 0.000000000 0.000077980 0.999922020
JQ:/crrc/r: 0.205505344 0.000005646 0.794489010
JQ:/rc/c: 0.995891848 0.004108152 0.000000000
JQ:/rc/crr: 0.000000000 0.000013307 0.999986693
JQ:/rc/r: 0.000051835 0.000017670 0.999930495
JQ:/rrc/c: 0.006816661 0.993183339 0.000000000
JQ:/rrc/crr: 0.000000000 0.004627972 0.995372028
JQ:/rrc/r: 0.469930426 0.000042063 0.530027511
K:/c: 0.999969456 0.000030544 0.000000000
K:/crr: 0.000000000 0.999995000 0.000005000
K:/r: 0.577970330 0.422023003 0.000006667
KJ:/cc/c: 0.399724952 0.600275048 0.000000000
KJ:/cc/crr: 0.000000000 0.795234957 0.204765043
KJ:/cc/r: 0.535004479 0.227357498 0.237638023
KJ:/crc/c: 0.130453877 0.869546123 0.000000000
KJ:/crc/crr: 0.000000000 0.999980836 0.000019164
KJ:/crc/r: 0.000104674 0.740139913 0.259755413
KJ:/crrc/c: 0.356607905 0.643392095 0.000000000
KJ:/crrc/crr: 0.000000000 0.999996495 0.000003505
KJ:/crrc/r: 0.027183052 0.832053799 0.140763149
KJ:/rc/c: 0.462975617 0.537024383 0.000000000
KJ:/rc/crr: 0.000000000 0.670672887 0.329327113
KJ:/rc/r: 0.035126209 0.719555142 0.245318650
KJ:/rrc/c: 0.236588399 0.763411601 0.000000000
KJ:/rrc/crr: 0.000000000 0.999987812 0.000012188
KJ:/rrc/r: 0.056407302 0.870690619 0.072902079
KK:/cc/c: 0.836300606 0.163699394 0.000000000
KK:/cc/crr: 0.000000000 0.902128856 0.097871144
KK:/cc/r: 0.587792703 0.303074367 0.109132929
KK:/crc/c: 0.999995000 0.000005000 0.000000000
KK:/crc/crr: 0.000000000 0.999997500 0.000002500
KK:/crc/r: 0.999988732 0.000007935 0.000003333
KK:/crrc/c: 0.999997500 0.000002500 0.000000000
KK:/crrc/crr: 0.000000000 0.999998750 0.000001250
KK:/crrc/r: 0.999994704 0.000003630 0.000001667
KK:/rc/c: 0.999992102 0.000007898 0.000000000
KK:/rc/crr: 0.000000000 0.999996051 0.000003949
KK:/rc/r: 0.999979401 0.000015333 0.000005266
KK:/rrc/c: 0.999994233 0.000005767 0.000000000
KK:/rrc/crr: 0.000000000 0.999997116 0.000002884
KK:/rrc/r: 0.999819574 0.000176581 0.000003845
KQ:/cc/c: 0.827775504 0.172224496 0.000000000
KQ:/cc/crr: 0.000000000 0.901120900 0.098879100
KQ:/cc/r: 0.532437629 0.351556104 0.116006268
KQ:/crc/c: 0.322498127 0.677501873 0.000000000
KQ:/crc/crr: 0.000000000 0.023471768 0.976528232
KQ:/crc/r: 0.000031241 0.428208473 0.571760286
KQ:/crrc/c: 0.598135758 0.401864242 0.000000000
KQ:/crrc/crr: 0.000000000 0.371424587 0.628575413
KQ:/crrc/r: 0.000693841 0.700093474 0.299212685
KQ:/rc/c: 0.002883067 0.997116933 0.000000000
KQ:/rc/crr: 0.000000000 0.021985845 0.978014155
KQ:/rc/r: 0.000023857 0.299383654 0.700592489
KQ:/rrc/c: 0.515243038 0.484756962 0.000000000
KQ:/rrc/crr: 0.000000000 0.443773986 0.556226014
KQ:/rrc/r: 0.077664110 0.541060206 0.381275684
Q:/c: 0.848074128 0.151925872 0.000000000
Q:/crr: 0.000000000 0.999994104 0.000005896
Q:/r: 0.375445565 0.624524822 0.000029613
QJ:/cc/c: 0.000256286 0.999743714 0.000000000
QJ:/cc/crr: 0.000000000 0.064207213 0.935792787
QJ:/cc/r: 0.000026955 0.000021941 0.999951104
QJ:/crc/c: 0.483666414 0.516333586 0.000000000
QJ:/crc/crr: 0.000000000 0.017996724 0.982003276
QJ:/crc/r: 0.000003930 0.000003930 0.999992139
QJ:/crrc/c: 0.000075478 0.999924522 0.000000000
QJ:/crrc/crr: 0.000000000 0.019528068 0.980471932
QJ:/crrc/r: 0.027616259 0.000001965 0.972381776
QJ:/rc/c: 0.000041206 0.999958794 0.000000000
QJ:/rc/crr: 0.000000000 0.064764723 0.935235277
QJ:/rc/r: 0.017222362 0.000003558 0.982774080
QJ:/rrc/c: 0.000209097 0.999790903 0.000000000
QJ:/rrc/crr: 0.000000000 0.022976345 0.977023655
QJ:/rrc/r: 0.000083510 0.000005919 0.999910571
QK:/cc/c: 0.113971844 0.886028156 0.000000000
QK:/cc/crr: 0.000000000 0.999855619 0.000144381
QK:/cc/r: 0.000099487 0.737607919 0.262292593
QK:/crc/c: 0.358659749 0.641340251 0.000000000
QK:/crc/crr: 0.000000000 0.002844123 0.997155877
QK:/crc/r: 0.000218486 0.442770723 0.557010790
QK:/crrc/c: 0.119704609 0.880295391 0.000000000
QK:/crrc/crr: 0.000000000 0.002434298 0.997565702
QK:/crrc/r: 0.000059113 0.308695419 0.691245468
QK:/rc/c: 0.352372559 0.647627441 0.000000000
QK:/rc/crr: 0.000000000 0.000780398 0.999219602
QK:/rc/r: 0.000018844 0.300283568 0.699697588
QK:/rrc/c: 0.433993361 0.566006639 0.000000000
QK:/rrc/crr: 0.000000000 0.097473863 0.902526137
QK:/rrc/r: 0.000076235 0.522844148 0.477079617
QQ:/cc/c: 0.999967089 0.000032911 0.000000000
QQ:/cc/crr: 0.000000000 0.999983544 0.000016456
QQ:/cc/r: 0.999936073 0.000041987 0.000021941
QQ:/crc/c: 0.999994104 0.000005896 0.000000000
QQ:/crc/crr: 0.000000000 0.999997052 0.000002948
QQ:/crc/r: 0.999965434 0.000030635 0.000003930
QQ:/crrc/c: 0.999997052 0.000002948 0.000000000
QQ:/crrc/crr: 0.000000000 0.999998526 0.000001474
QQ:/crrc/r: 0.999996070 0.000001965 0.000001965
QQ:/rc/c: 0.999994663 0.000005337 0.000000000
QQ:/rc/crr: 0.000000000 0.999997331 0.000002669
QQ:/rc/r: 0.927563974 0.072432468 0.000003558
QQ:/rrc/c: 0.999991122 0.000008878 0.000000000
QQ:/rrc/crr: 0.000000000 0.999995561 0.000004439
QQ:/rrc/r: 0.999961132 0.000032949 0.000005919
