J:/c: 0.290521086 0.709478914 0.000000000
J:/crr: 0.000000000 0.999982790 0.000017210
J:/r: 0.055189050 0.126430096 0.818380854
JJ:/cc/c: 0.999992953 0.000007047 0.000000000
JJ:/cc/crr: 0.000000000 0.999996476 0.000003524
JJ:/cc/r: 0.999990603 0.000004698 0.000004698
JJ:/crc/c: 0.999982790 0.000017210 0.000000000
JJ:/crc/crr: 0.000000000 0.999991395 0.000008605
JJ:/crc/r: 0.999955861 0.000032665 0.000011474
JJ:/crrc/c: 0.999991395 0.000008605 0.000000000
JJ:/crrc/crr: 0.000000000 0.999995697 0.000004303
JJ:/crrc/r: 0.999974596 0.000019667 0.000005737
JJ:/rc/c: 0.999973635 0.000026365 0.000000000
JJ:/rc/crr: 0.000000000 0.999986817 0.000013183
JJ:/rc/r: 0.999956069 0.000026355 0.000017577
JJ:/rrc/c: 0.999939602 0.000060398 0.000000000
JJ:/rrc/crr: 0.000000000 0.999969799 0.000030201
JJ:/rrc/r: 0.999770408 0.000189327 0.000040266
JK:/cc/c: 0.007774532 0.992225468 0.000000000
JK:/cc/crr: 0.000000000 0.000453238 0.999546762
JK:/cc/r: 0.000004698 0.000004698 0.999990603
JK:/crc/c: 0.563156589 0.436843411 0.000000000
JK:/crc/crr: 0.000000000 0.000015280 0.999984720
JK:/crc/r: 0.023773188 0.000011474 0.976215339
JK:/crrc/c: 0.565163916 0.434836084 0.000000000
JK:/crrc/crr: 0.000000000 0.000007613 0.999992387
JK:/crrc/r: 0.225871537 0.000005737 0.774122727
JK:/rc/c: 0.389299476 0.610700524 0.000000000
JK:/rc/crr: 0.000000000 0.000033862 0.999966138
JK:/rc/r: 0.368331218 0.000017577 0.631651205
JK:/rrc/c: 0.999832982 0.000167018 0.000000000
JK:/rrc/crr: 0.000000000 0.000030204 0.999969796
JK:/rrc/r: 0.298682287 0.000040266 0.701277447
JQ:/cc/c: 0.070894162 0.929105838 0.000000000
JQ:/cc/crr: 0.000000000 0.000049704 0.999950296
JQ:/cc/r: 0.037662739 0.000004698 0.962332563
JQ:/crc/c: 0.562416856 0.437583144 0.000000000
JQ:/crc/crr: 0.000000000 0.000015300 0.999984700
JQ:/crc/r: 0.047239840 0.000011474 0.952748686
JQ:/crrc/c: 0.053796178 0.946203822 0.000000000
JQ:/crrc/crr: 0.000000000 0.000079981 0.999920019
JQ:/crrc/r: 0.132701173 0.000005737 0.867293091
JQ:/rc/c: 0.993449183 0.006550817 0.000000000
JQ:/rc/crr: 0.000000000 0.000013269 0.999986731
JQ:/rc/r: 0.000050281 0.000017577 0.999932142
JQ:/rrc/c: 0.015760874 0.984239126 0.000000000
JQ:/rrc/crr: 0.000000000 0.001916088 0.998083912
JQ:/rrc/r: 0.439187719 0.000040266 0.560772016
K:/c: 0.999969396 0.000030604 0.000000000
K:/crr: 0.000000000 0.999995000 0.000005000
K:/r: 0.583257799 0.416735535 0.000006667
KJ:/cc/c: 0.399719032 0.600280968 0.000000000
KJ:/cc/crr: 0.000000000 0.795635889 0.204364111
KJ:/cc/r: 0.533525077 0.227209026 0.239265897
KJ:/crc/c: 0.152852105 0.847147895 0.000000000
KJ:/crc/crr: 0.000000000 0.999983644 0.000016356
KJ:/crc/r: 0.000075363 0.742541154 0.257383483
KJ:/crrc/c: 0.306269699 0.693730301 0.000000000
KJ:/crrc/crr: 0.000000000 0.999995918 0.000004082
KJ:/crrc/r: 0.064172275 0.762940515 0.172887210
KJ:/rc/c: 0.456319208 0.543680792 0.000000000
KJ:/rc/crr: 0.000000000 0.966344071 0.033655929
KJ:/rc/r: 0.054816375 0.756224629 0.188958996
KJ:/rrc/c: 0.136151045 0.863848955 0.000000000
KJ:/rrc/crr: 0.000000000 0.999979012 0.000020988
KJ:/rrc/r: 0.018245834 0.945385971 0.036368195
KK:/cc/c: 0.836623550 0.163376450 0.000000000
KK:/cc/crr: 0.000000000 0.902359640 0.097640360
KK:/cc/r: 0.616221612 0.274860755 0.108917633
KK:/crc/c: 0.999995000 0.000005000 0.000000000
KK:/crc/crr: 0.000000000 0.999997500 0.000002500
KK:/crc/r: 0.999988766 0.000007901 0.000003333
KK:/crrc/c: 0.999997500 0.000002500 0.000000000
KK:/crrc/crr: 0.000000000 0.999998750 0.000001250
KK:/crrc/r: 0.999996667 0.000001667 0.000001667
KK:/rc/c: 0.999992001 0.000007999 0.000000000
KK:/rc/crr: 0.000000000 0.999996001 0.000003999
KK:/rc/r: 0.999978445 0.000016223 0.000005332
KK:/rrc/c: 0.999994285 0.000005715 0.000000000
KK:/rrc/crr: 0.000000000 0.999997142 0.000002858
KK:/rrc/r: 0.999840267 0.000155923 0.000003810
KQ:/cc/c: 0.827382441 0.172617559 0.000000000
KQ:/cc/crr: 0.000000000 0.901269086 0.098730914
KQ:/cc/r: 0.532119693 0.351919602 0.115960705
KQ:/crc/c: 0.165096410 0.834903590 0.000000000
KQ:/crc/crr: 0.000000000 0.012091798 0.987908202
KQ:/crc/r: 0.000026779 0.437864684 0.562108537
KQ:/crrc/c: 0.599359131 0.400640869 0.000000000
KQ:/crrc/crr: 0.000000000 0.408906649 0.591093351
KQ:/crrc/r: 0.000445838 0.798450322 0.201103840
KQ:/rc/c: 0.000876463 0.999123537 0.000000000
KQ:/rc/crr: 0.000000000 0.069728599 0.930271401
KQ:/rc/r: 0.000025299 0.301969701 0.698005000
KQ:/rrc/c: 0.494019080 0.505980920 0.000000000
KQ:/rrc/crr: 0.000000000 0.499607224 0.500392776
KQ:/rrc/r: 0.079287206 0.540472319 0.380240475
Q:/c: 0.849694522 0.150305478 0.000000000
Q:/crr: 0.000000000 0.999994116 0.000005884
Q:/r: 0.371330139 0.628536996 0.000132865
QJ:/cc/c: 0.000252537 0.999747463 0.000000000
QJ:/cc/crr: 0.000000000 0.065862854 0.934137146
QJ:/cc/r: 0.000027040 0.000022177 0.999950783
QJ:/crc/c: 0.454422941 0.545577059 0.000000000
QJ:/crc/crr: 0.000000000 0.000293205 0.999706795
QJ:/crc/r: 0.000003923 0.000003923 0.999992154
QJ:/crrc/c: 0.000074580 0.999925420 0.000000000
QJ:/crrc/crr: 0.000000000 0.019725569 0.980274431
QJ:/crrc/r: 0.013947889 0.000001962 0.986050150
QJ:/rc/c: 0.000057527 0.999942473 0.000000000
QJ:/rc/crr: 0.000000000 0.046094439 0.953905561
QJ:/rc/r: 0.008889540 0.000003536 0.991106924
QJ:/rrc/c: 0.000244863 0.999755137 0.000000000
QJ:/rrc/crr: 0.000000000 0.026997734 0.973002266
QJ:/rrc/r: 0.000076808 0.000005984 0.999917207
QK:/cc/c: 0.323194631 0.676805369 0.000000000
QK:/cc/crr: 0.000000000 0.999948536 0.000051464
QK:/cc/r: 0.000102952 0.730288427 0.269608621
QK:/crc/c: 0.289020273 0.710979727 0.000000000
QK:/crc/crr: 0.000000000 0.005469411 0.994530589
QK:/crc/r: 0.000210931 0.462941454 0.536847615
QK:/crrc/c: 0.036027421 0.963972579 0.000000000
QK:/crrc/crr: 0.000000000 0.009466938 0.990533062
QK:/crrc/r: 0.000085877 0.270578480 0.729335642
QK:/rc/c: 0.366871296 0.633128704 0.000000000
QK:/rc/crr: 0.000000000 0.003074530 0.996925470
QK:/rc/r: 0.000008216 0.299401353 0.700590431
QK:/rrc/c: 0.419865102 0.580134898 0.000000000
QK:/rrc/crr: 0.000000000 0.080126202 0.919873798
QK:/rrc/r: 0.000075797 0.526404726 0.473519477
QQ:/cc/c: 0.999966734 0.000033266 0.000000000
QQ:/cc/crr: 0.000000000 0.999983367 0.000016633
QQ:/cc/r: 0.999935331 0.000042492 0.000022177
QQ:/crc/c: 0.999994116 0.000005884 0.000000000
QQ:/crc/crr: 0.000000000 0.999997058 0.000002942
QQ:/crc/r: 0.999968666 0.000027411 0.000003923
QQ:/crrc/c: 0.999997058 0.000002942 0.000000000
QQ:/crrc/crr: 0.000000000 0.999998529 0.000001471
QQ:/crrc/r: 0.999996068 0.000001971 0.000001962
QQ:/rc/c: 0.999994697 0.000005303 0.000000000
QQ:/rc/crr: 0.000000000 0.999997348 0.000002652
QQ:/rc/r: 0.871651093 0.128345371 0.000003536
QQ:/rrc/c: 0.999991023 0.000008977 0.000000000
QQ:/rrc/crr: 0.000000000 0.999995512 0.000004488
QQ:/rrc/r: 0.999960938 0.000033077 0.000005984
