J:/c: 0.296816165 0.703183835 0.000000000
J:/crr: 0.000000000 0.999983155 0.000016845
J:/r: 0.054425722 0.124129698 0.821444580
JJ:/cc/c: 0.999992889 0.000007111 0.000000000
JJ:/cc/crr: 0.000000000 0.999996445 0.000003555
JJ:/cc/r: 0.999990519 0.000004740 0.000004740
JJ:/crc/c: 0.999983155 0.000016845 0.000000000
JJ:/crc/crr: 0.000000000 0.999991577 0.000008423
JJ:/crc/r: 0.999911148 0.000077621 0.000011230
JJ:/crrc/c: 0.999991577 0.000008423 0.000000000
JJ:/crrc/crr: 0.000000000 0.999995789 0.000004211
JJ:/crrc/r: 0.999975201 0.000019184 0.000005615
JJ:/rc/c: 0.999973146 0.000026854 0.000000000
JJ:/rc/crr: 0.000000000 0.999986573 0.000013427
JJ:/rc/r: 0.999956980 0.000025118 0.000017902
JJ:/rrc/c: 0.999938754 0.000061246 0.000000000
JJ:/rrc/crr: 0.000000000 0.999969375 0.000030625
JJ:/rrc/r: 0.999766982 0.000192187 0.000040830
JK:/cc/c: 0.004552925 0.995447075 0.000000000
JK:/cc/crr: 0.000000000 0.000780873 0.999219127
JK:/cc/r: 0.000004740 0.000004740 0.999990519
JK:/crc/c: 0.534016578 0.465983422 0.000000000
JK:/crc/crr: 0.000000000 0.000015772 0.999984228
JK:/crc/r: 0.044067090 0.000011230 0.955921679
JK:/crrc/c: 0.467594596 0.532405404 0.000000000
JK:/crrc/crr: 0.000000000 0.000009007 0.999990993
JK:/crrc/r: 0.225942400 0.000005615 0.774051985
JK:/rc/c: 0.374906582 0.625093418 0.000000000
JK:/rc/crr: 0.000000000 0.000035814 0.999964186
JK:/rc/r: 0.361348114 0.000017902 0.638633983
JK:/rrc/c: 0.999810456 0.000189544 0.000000000
JK:/rrc/crr: 0.000000000 0.000030629 0.999969371
JK:/rrc/r: 0.335188957 0.000040830 0.664770213
JQ:/cc/c: 0.065380304 0.934619696 0.000000000
JQ:/cc/crr: 0.000000000 0.000054378 0.999945622
JQ:/cc/r: 0.032949332 0.000004740 0.967045928
JQ:/crc/c: 0.477945192 0.522054808 0.000000000
JQ:/crc/crr: 0.000000000 0.000017623 0.999982377
JQ:/crc/r: 0.084496780 0.000011230 0.915491989
JQ:/crrc/c: 0.038075379 0.961924621 0.000000000
JQ:/crrc/crr: 0.000000000 0.000110608 0.999889392
JQ:/crrc/r: 0.216254834 0.000005615 0.783739551
JQ:/rc/c: 0.993274634 0.006725366 0.000000000
JQ:/rc/crr: 0.000000000 0.000013518 0.999986482
JQ:/rc/r: 0.000048919 0.000017902 0.999933179
JQ:/rrc/c: 0.019137422 0.980862578 0.000000000
JQ:/rrc/crr: 0.000000000 0.001600152 0.998399848
JQ:/rrc/r: 0.534013693 0.000040830 0.465945476
K:/c: 0.999969418 0.000030582 0.000000000
K:/crr: 0.000000000 0.999995000 0.000005000
K:/r: 0.593324365 0.406668968 0.000006667
KJ:/cc/c: 0.398691692 0.601308308 0.000000000
KJ:/cc/crr: 0.000000000 0.794963615 0.205036385
KJ:/cc/r: 0.533170182 0.226967197 0.239862621
KJ:/crc/c: 0.128834255 0.871165745 0.000000000
KJ:/crc/crr: 0.000000000 0.999980595 0.000019405
KJ:/crc/r: 0.000101400 0.728175620 0.271722980
KJ:/crrc/c: 0.389396779 0.610603221 0.000000000
KJ:/crrc/crr: 0.000000000 0.999996790 0.000003210
KJ:/crrc/r: 0.056555168 0.774470009 0.168974823
KJ:/rc/c: 0.443382243 0.556617757 0.000000000
KJ:/rc/crr: 0.000000000 0.875478194 0.124521806
KJ:/rc/r: 0.032717706 0.719751672 0.247530621
KJ:/rrc/c: 0.222164955 0.777835045 0.000000000
KJ:/rrc/crr: 0.000000000 0.999987356 0.000012644
KJ:/rrc/r: 0.034672343 0.903977477 0.061350180
KK:/cc/c: 0.836507394 0.163492606 0.000000000
KK:/cc/crr: 0.000000000 0.902276652 0.097723348
KK:/cc/r: 0.614553185 0.276451744 0.108995071
KK:/crc/c: 0.999995000 0.000005000 0.000000000
KK:/crc/crr: 0.000000000 0.999997500 0.000002500
KK:/crc/r: 0.999988694 0.000007973 0.000003333
KK:/crrc/c: 0.999997500 0.000002500 0.000000000
KK:/crrc/crr: 0.000000000 0.999998750 0.000001250
KK:/crrc/r: 0.999996667 0.000001667 0.000001667
KK:/rc/c: 0.999991803 0.000008197 0.000000000
KK:/rc/crr: 0.000000000 0.999995902 0.000004098
KK:/rc/r: 0.999978290 0.000016245 0.000005464
KK:/rrc/c: 0.999994382 0.000005618 0.000000000
KK:/rrc/crr: 0.000000000 0.999997191 0.000002809
KK:/rrc/r: 0.999834632 0.000161623 0.000003745
KQ:/cc/c: 0.827162990 0.172837010 0.000000000
KQ:/cc/crr: 0.000000000 0.901172678 0.098827322
KQ:/cc/r: 0.526436984 0.357547319 0.116015697
KQ:/crc/c: 0.176006802 0.823993198 0.000000000
KQ:/crc/crr: 0.000000000 0.029214067 0.970785933
KQ:/crc/r: 0.000023415 0.427283136 0.572693449
KQ:/crrc/c: 0.629223280 0.370776720 0.000000000
KQ:/crrc/crr: 0.000000000 0.400052274 0.599947726
KQ:/crrc/r: 0.001704348 0.677190423 0.321105229
KQ:/rc/c: 0.001319783 0.998680217 0.000000000
KQ:/rc/crr: 0.000000000 0.039126503 0.960873497
KQ:/rc/r: 0.000025302 0.303836404 0.696138294
KQ:/rrc/c: 0.527989952 0.472010048 0.000000000
KQ:/rrc/crr: 0.000000000 0.474852484 0.525147516
KQ:/rrc/r: 0.049828052 0.585381926 0.364790022
Q:/c: 0.846907166 0.153092834 0.000000000
Q:/crr: 0.000000000 0.999994096 0.000005904
Q:/r: 0.383861699 0.616093299 0.000045002
QJ:/cc/c: 0.000273956 0.999726044 0.000000000
QJ:/cc/crr: 0.000000000 0.059607969 0.940392031
QJ:/cc/r: 0.000026518 0.000021773 0.999951709
QJ:/crc/c: 0.451193763 0.548806237 0.000000000
QJ:/crc/crr: 0.000000000 0.002039280 0.997960720
QJ:/crc/r: 0.000227254 0.000003936 0.999768811
QJ:/crrc/c: 0.000068438 0.999931562 0.000000000
QJ:/crrc/crr: 0.000000000 0.021566623 0.978433377
QJ:/crrc/r: 0.014092862 0.000001968 0.985905170
QJ:/rc/c: 0.000175947 0.999824053 0.000000000
QJ:/rc/crr: 0.000000000 0.015375165 0.984624835
QJ:/rc/r: 0.019077080 0.000003607 0.980919313
QJ:/rrc/c: 0.000253204 0.999746796 0.000000000
QJ:/rrc/crr: 0.000000000 0.035691596 0.964308404
QJ:/rrc/r: 0.000075643 0.000005789 0.999918568
QK:/cc/c: 0.014287018 0.985712982 0.000000000
QK:/cc/crr: 0.000000000 0.998857007 0.001142993
QK:/cc/r: 0.000100924 0.719943512 0.279955564
QK:/crc/c: 0.353333336 0.646666664 0.000000000
QK:/crc/crr: 0.000000000 0.003977181 0.996022819
QK:/crc/r: 0.000245131 0.477548545 0.522206324
QK:/crrc/c: 0.066378281 0.933621719 0.000000000
QK:/crrc/crr: 0.000000000 0.008273505 0.991726495
QK:/crrc/r: 0.000081542 0.278535707 0.721382751
QK:/rc/c: 0.349684956 0.650315044 0.000000000
QK:/rc/crr: 0.000000000 0.007794956 0.992205044
QK:/rc/r: 0.000007467 0.292413516 0.707579016
QK:/rrc/c: 0.434318672 0.565681328 0.000000000
QK:/rrc/crr: 0.000000000 0.075144836 0.924855164
QK:/rrc/r: 0.000073916 0.510628242 0.489297842
QQ:/cc/c: 0.999967340 0.000032660 0.000000000
QQ:/cc/crr: 0.000000000 0.999983670 0.000016330
QQ:/cc/r: 0.999936838 0.000041389 0.000021773
QQ:/crc/c: 0.999994096 0.000005904 0.000000000
QQ:/crc/crr: 0.000000000 0.999997048 0.000002952
QQ:/crc/r: 0.999969408 0.000026656 0.000003936
QQ:/crrc/c: 0.999997048 0.000002952 0.000000000
QQ:/crrc/crr: 0.000000000 0.999998524 0.000001476
QQ:/crrc/r: 0.999996064 0.000001968 0.000001968
QQ:/rc/c: 0.999994590 0.000005410 0.000000000
QQ:/rc/crr: 0.000000000 0.999997295 0.000002705
QQ:/rc/r: 0.852617360 0.147379033 0.000003607
QQ:/rrc/c: 0.999991316 0.000008684 0.000000000
QQ:/rrc/crr: 0.000000000 0.999995658 0.000004342
QQ:/rrc/r: 0.999962148 0.000032063 0.000005789
