J:/c: 0.290175668 0.709824332 0.000000000
J:/crr: 0.000000000 0.999982769 0.000017231
J:/r: 0.055648982 0.129302820 0.815048198
JJ:/cc/c: 0.999992956 0.000007044 0.000000000
JJ:/cc/crr: 0.000000000 0.999996478 0.000003522
JJ:/cc/r: 0.999982724 0.000012580 0.000004696
JJ:/crc/c: 0.999982769 0.000017231 0.000000000
JJ:/crc/crr: 0.000000000 0.999991384 0.000008616
JJ:/crc/r: 0.999977025 0.000011487 0.000011487
JJ:/crrc/c: 0.999991384 0.000008616 0.000000000
JJ:/crrc/crr: 0.000000000 0.999995692 0.000004308
JJ:/crrc/r: 0.999988513 0.000005744 0.000005744
JJ:/rc/c: 0.999974221 0.000025779 0.000000000
JJ:/rc/crr: 0.000000000 0.999987110 0.000012890
JJ:/rc/r: 0.999963647 0.000019166 0.000017186
JJ:/rrc/c: 0.999940101 0.000059899 0.000000000
JJ:/rrc/crr: 0.000000000 0.999970049 0.000029951
JJ:/rrc/r: 0.999736035 0.000224032 0.000039933
JK:/cc/c: 0.004923235 0.995076765 0.000000000
JK:/cc/crr: 0.000000000 0.000715383 0.999284617
JK:/cc/r: 0.000010575 0.000004696 0.999984729
JK:/crc/c: 0.533600948 0.466399052 0.000000000
JK:/crc/crr: 0.000000000 0.000016146 0.999983854
JK:/crc/r: 0.071447311 0.000011487 0.928541201
JK:/crrc/c: 0.533364449 0.466635551 0.000000000
JK:/crrc/crr: 0.000000000 0.000008077 0.999991923
JK:/crrc/r: 0.200717370 0.000005744 0.799276886
JK:/rc/c: 0.369744151 0.630255849 0.000000000
JK:/rc/crr: 0.000000000 0.000034861 0.999965139
JK:/rc/r: 0.358846604 0.000017186 0.641136210
JK:/rrc/c: 0.999604787 0.000395213 0.000000000
JK:/rrc/crr: 0.000000000 0.000029961 0.999970039
JK:/rrc/r: 0.291899033 0.000040899 0.708060068
JQ:/cc/c: 0.071983597 0.928016403 0.000000000
JQ:/cc/crr: 0.000000000 0.000048928 0.999951072
JQ:/cc/r: 0.035659329 0.000004696 0.964335975
JQ:/crc/c: 0.421281280 0.578718720 0.000000000
JQ:/crc/crr: 0.000000000 0.000020451 0.999979549
JQ:/crc/r: 0.042071172 0.000011487 0.957917341
JQ:/crrc/c: 0.048440166 0.951559834 0.000000000
JQ:/crrc/crr: 0.000000000 0.000088931 0.999911069
JQ:/crrc/r: 0.278683006 0.000005744 0.721311250
JQ:/rc/c: 0.991379969 0.008620031 0.000000000
JQ:/rc/crr: 0.000000000 0.000013002 0.999986998
JQ:/rc/r: 0.000017186 0.000017186 0.999965628
JQ:/rrc/c: 0.014985478 0.985014522 0.000000000
JQ:/rrc/crr: 0.000000000 0.001998577 0.998001423
JQ:/rrc/r: 0.422389365 0.000039933 0.577570702
K:/c: 0.999912371 0.000087629 0.000000000
K:/crr: 0.000000000 0.999995000 0.000005000
K:/r: 0.574911685 0.425081649 0.000006667
KJ:/cc/c: 0.174579549 0.825420451 0.000000000
KJ:/cc/crr: 0.000000000 0.836583158 0.163416842
KJ:/cc/r: 0.192828468 0.077500121 0.729671411
KJ:/crc/c: 0.079210879 0.920789121 0.000000000
KJ:/crc/crr: 0.000000000 0.999968436 0.000031564
KJ:/crc/r: 0.000107245 0.728964978 0.270927777
KJ:/crrc/c: 0.312013071 0.687986929 0.000000000
KJ:/crrc/crr: 0.000000000 0.846130616 0.153869384
KJ:/crrc/r: 0.077462023 0.743153096 0.179384881
KJ:/rc/c: 0.419236126 0.580763874 0.000000000
KJ:/rc/crr: 0.000000000 0.740820210 0.259179790
KJ:/rc/r: 0.015958523 0.752067416 0.231974061
KJ:/rrc/c: 0.248672256 0.751327744 0.000000000
KJ:/rrc/crr: 0.000000000 0.936321706 0.063678294
KJ:/rrc/r: 0.040791685 0.892584148 0.066624167
KK:/cc/c: 0.942941523 0.057058477 0.000000000
KK:/cc/crr: 0.000000000 0.969744424 0.030255576
KK:/cc/r: 0.860109310 0.101851705 0.038038985
KK:/crc/c: 0.999995000 0.000005000 0.000000000
KK:/crc/crr: 0.000000000 0.999997500 0.000002500
KK:/crc/r: 0.992458713 0.007537953 0.000003334
KK:/crrc/c: 0.999997500 0.000002500 0.000000000
KK:/crrc/crr: 0.000000000 0.999998750 0.000001250
KK:/crrc/r: 0.999996666 0.000001667 0.000001667
KK:/rc/c: 0.999992158 0.000007842 0.000000000
KK:/rc/crr: 0.000000000 0.999996079 0.000003921
KK:/rc/r: 0.999980460 0.000014312 0.000005228
KK:/rrc/c: 0.999994202 0.000005798 0.000000000
KK:/rrc/crr: 0.000000000 0.999997101 0.000002899
KK:/rrc/r: 0.999977232 0.000018902 0.000003865
KQ:/cc/c: 0.293287424 0.706712576 0.000000000
KQ:/cc/crr: 0.000000000 0.902726008 0.097273992
KQ:/cc/r: 0.192609897 0.738893120 0.068496983
KQ:/crc/c: 0.224818115 0.775181885 0.000000000
KQ:/crc/crr: 0.000000000 0.064425452 0.935574548
KQ:/crc/r: 0.000085134 0.436707567 0.563207299
KQ:/crrc/c: 0.605184760 0.394815240 0.000000000
KQ:/crrc/crr: 0.000000000 0.405210088 0.594789912
KQ:/crrc/r: 0.001807291 0.663154031 0.335038678
KQ:/rc/c: 0.000518028 0.999481972 0.000000000
KQ:/rc/crr: 0.000000000 0.085363376 0.914636624
KQ:/rc/r: 0.000024204 0.301038728 0.698937068
KQ:/rrc/c: 0.499126674 0.500873326 0.000000000
KQ:/rrc/crr: 0.000000000 0.538271287 0.461728713
KQ:/rrc/r: 0.076445381 0.545964131 0.377590488
Q:/c: 0.847787823 0.152212177 0.000000000
Q:/crr: 0.000000000 0.999994102 0.000005898
Q:/r: 0.357229406 0.642711684 0.000058910
QJ:/cc/c: 0.000543283 0.999456717 0.000000000
QJ:/cc/crr: 0.000000000 0.030231841 0.969768159
QJ:/cc/r: 0.000048915 0.000021899 0.999929186
QJ:/crc/c: 0.411963750 0.588036250 0.000000000
QJ:/crc/crr: 0.000000000 0.002342210 0.997657790
QJ:/crc/r: 0.000030655 0.000003932 0.999965413
QJ:/crrc/c: 0.000119824 0.999880176 0.000000000
QJ:/crrc/crr: 0.000000000 0.012305046 0.987694954
QJ:/crrc/r: 0.009615748 0.000001966 0.990382286
QJ:/rc/c: 0.000078072 0.999921928 0.000000000
QJ:/rc/crr: 0.000000000 0.033215054 0.966784946
QJ:/rc/r: 0.020402801 0.000003458 0.979593741
QJ:/rrc/c: 0.000272424 0.999727576 0.000000000
QJ:/rrc/crr: 0.000000000 0.017126009 0.982873991
QJ:/rrc/r: 0.000093186 0.000009409 0.999897405
QK:/cc/c: 0.025008152 0.974991848 0.000000000
QK:/cc/crr: 0.000000000 0.999343236 0.000656764
QK:/cc/r: 0.000157211 0.738980291 0.260862498
QK:/crc/c: 0.353896147 0.646103853 0.000000000
QK:/crc/crr: 0.000000000 0.009035715 0.990964285
QK:/crc/r: 0.001871017 0.440288269 0.557840714
QK:/crrc/c: 0.126420540 0.873579460 0.000000000
QK:/crrc/crr: 0.000000000 0.001918802 0.998081198
QK:/crrc/r: 0.000070092 0.295163603 0.704766305
QK:/rc/c: 0.383550198 0.616449802 0.000000000
QK:/rc/crr: 0.000000000 0.011144593 0.988855407
QK:/rc/r: 0.000006300 0.318986185 0.681007515
QK:/rrc/c: 0.418951471 0.581048529 0.000000000
QK:/rrc/crr: 0.000000000 0.034019455 0.965980545
QK:/rrc/r: 0.000091181 0.503722186 0.496186633
QQ:/cc/c: 0.999967151 0.000032849 0.000000000
QQ:/cc/crr: 0.000000000 0.999983575 0.000016425
QQ:/cc/r: 0.999918237 0.000059864 0.000021899
QQ:/crc/c: 0.999994102 0.000005898 0.000000000
QQ:/crc/crr: 0.000000000 0.999997051 0.000002949
QQ:/crc/r: 0.816535983 0.183460085 0.000003932
QQ:/crrc/c: 0.999997051 0.000002949 0.000000000
QQ:/crrc/crr: 0.000000000 0.999998526 0.000001474
QQ:/crrc/r: 0.999996068 0.000001966 0.000001966
QQ:/rc/c: 0.999994814 0.000005186 0.000000000
QQ:/rc/crr: 0.000000000 0.999997407 0.000002593
QQ:/rc/r: 0.999992906 0.000003637 0.000003458
QQ:/rrc/c: 0.999990669 0.000009331 0.000000000
QQ:/rrc/crr: 0.000000000 0.999995334 0.000004666
QQ:/rrc/r: 0.999956212 0.000037568 0.000006221
