J:/: 0.073465522 0.926534478 0.000000000
J:/cr: 0.018933808 0.035420483 0.945645709
J:/rr: 0.000000000 0.999931941 0.000068059
JJ:/cc/: 0.000111561 0.999888439 0.000000000
JJ:/cc/cr: 0.999503238 0.000494963 0.000001799
JJ:/cc/rr: 0.000000000 0.975813987 0.024186013
JJ:/crc/: 0.960883747 0.039116253 0.000000000
JJ:/crc/cr: 0.999134466 0.000432767 0.000432767
JJ:/crc/rr: 0.000000000 0.999973574 0.000026426
JJ:/crrc/: 0.999562828 0.000437172 0.000000000
JJ:/crrc/cr: 0.855120818 0.072439591 0.072439591
JJ:/crrc/rr: 0.000000000 0.999952476 0.000047524
JJ:/rc/: 0.881587724 0.118412276 0.000000000
JJ:/rc/cr: 0.999616824 0.000191588 0.000191588
JJ:/rc/rr: 0.000000000 0.999961400 0.000038600
JJ:/rrc/: 0.999965968 0.000034032 0.000000000
JJ:/rrc/cr: 0.333333333 0.333333333 0.333333333
JJ:/rrc/rr: 0.000000000 0.999982983 0.000017017
JK:/cc/: 0.079067047 0.920932953 0.000000000
JK:/cc/cr: 0.000001953 0.000001953 0.999996093
JK:/cc/rr: 0.000000000 0.000034126 0.999965874
JK:/crc/: 0.023926906 0.976073094 0.000000000
JK:/crc/cr: 0.001416035 0.000017343 0.998566622
JK:/crc/rr: 0.000000000 0.001061246 0.998938754
JK:/crrc/: 0.999904994 0.000095006 0.000000000
JK:/crrc/cr: 0.333333333 0.333333333 0.333333333
JK:/crrc/rr: 0.000000000 0.000047507 0.999952493
JK:/rc/: 0.999931941 0.000068059 0.000000000
JK:/rc/cr: 0.333333333 0.333333333 0.333333333
JK:/rc/rr: 0.000000000 0.000034032 0.999965968
JK:/rrc/: 0.564582847 0.435417153 0.000000000
JK:/rrc/cr: 0.999947894 0.000026053 0.000026053
JK:/rrc/rr: 0.000000000 0.000030139 0.999969861
JQ:/cc/: 0.184549000 0.815451000 0.000000000
JQ:/cc/cr: 0.000002206 0.000002206 0.999995588
JQ:/cc/rr: 0.000000000 0.000014621 0.999985379
JQ:/crc/: 0.997785122 0.002214878 0.000000000
JQ:/crc/cr: 0.007642962 0.007642962 0.984714077
JQ:/crc/rr: 0.000000000 0.000025449 0.999974551
JQ:/crrc/: 0.010548565 0.989451435 0.000000000
JQ:/crrc/cr: 0.151526334 0.000032006 0.848441660
JQ:/crrc/rr: 0.000000000 0.004503247 0.995496753
JQ:/rc/: 0.999931941 0.000068059 0.000000000
JQ:/rc/cr: 0.333333333 0.333333333 0.333333333
JQ:/rc/rr: 0.000000000 0.000034032 0.999965968
JQ:/rrc/: 0.174573878 0.825426122 0.000000000
JQ:/rrc/cr: 0.000771251 0.000013743 0.999215006
JQ:/rrc/rr: 0.000000000 0.000097471 0.999902529
K:/: 0.757988722 0.242011278 0.000000000
K:/cr: 0.692793853 0.307192373 0.000013773
K:/rr: 0.000000000 0.999993404 0.000006596
KJ:/cc/: 0.000020660 0.999979340 0.000000000
KJ:/cc/cr: 0.000006887 0.000006887 0.999986226
KJ:/cc/rr: 0.000000000 0.500000000 0.500000000
KJ:/crc/: 0.000022418 0.999977582 0.000000000
KJ:/crc/cr: 0.000007473 0.999985054 0.000007473
KJ:/crc/rr: 0.000000000 0.500000000 0.500000000
KJ:/crrc/: 0.000396369 0.999603631 0.000000000
KJ:/crrc/cr: 0.000003315 0.999993370 0.000003315
KJ:/crrc/rr: 0.000000000 0.987460512 0.012539488
KJ:/rc/: 0.000074074 0.999925926 0.000000000
KJ:/rc/cr: 0.009427435 0.961139288 0.029433277
KJ:/rc/rr: 0.000000000 0.955474020 0.044525980
KJ:/rrc/: 0.078397694 0.921602306 0.000000000
KJ:/rrc/cr: 0.000005165 0.999993642 0.000001193
KJ:/rrc/rr: 0.000000000 0.475576699 0.524423301
KK:/cc/: 0.999916166 0.000083834 0.000000000
KK:/cc/cr: 0.835704707 0.082147646 0.082147646
KK:/cc/rr: 0.000000000 0.999989669 0.000010331
KK:/crc/: 0.044981160 0.955018840 0.000000000
KK:/crc/cr: 0.999984351 0.000007825 0.000007825
KK:/crc/rr: 0.000000000 0.999750803 0.000249197
KK:/crrc/: 0.998439704 0.001560296 0.000000000
KK:/crrc/cr: 0.995752719 0.002123640 0.002123640
KK:/crrc/rr: 0.000000000 0.999995022 0.000004978
KK:/rc/: 0.802931027 0.197068973 0.000000000
KK:/rc/cr: 0.999977685 0.000011158 0.000011158
KK:/rc/rr: 0.000000000 0.999995892 0.000004108
KK:/rrc/: 0.525801852 0.474198148 0.000000000
KK:/rrc/cr: 0.999995363 0.000002318 0.000002318
KK:/rrc/rr: 0.000000000 0.999996864 0.000003136
KQ:/cc/: 0.000020660 0.999979340 0.000000000
KQ:/cc/cr: 0.000006887 0.444602981 0.555390132
KQ:/cc/rr: 0.000000000 0.500000000 0.500000000
KQ:/crc/: 0.892567970 0.107432030 0.000000000
KQ:/crc/cr: 0.000069558 0.617891942 0.382038500
KQ:/crc/rr: 0.000000000 0.000012558 0.999987442
KQ:/crrc/: 0.004035133 0.995964867 0.000000000
KQ:/crrc/cr: 0.013314657 0.720549135 0.266136209
KQ:/crrc/rr: 0.000000000 0.035620684 0.964379316
KQ:/rc/: 0.000006596 0.999993404 0.000000000
KQ:/rc/cr: 0.000008212 0.482969552 0.517022236
KQ:/rc/rr: 0.000000000 0.500000000 0.500000000
KQ:/rrc/: 0.698028620 0.301971380 0.000000000
KQ:/rrc/cr: 0.018326204 0.921152198 0.060521598
KQ:/rrc/rr: 0.000000000 0.389215825 0.610784175
Q:/: 0.748596142 0.251403858 0.000000000
Q:/cr: 0.144209567 0.855748699 0.000041734
Q:/rr: 0.000000000 0.999993321 0.000006679
QJ:/cc/: 0.000019888 0.999980112 0.000000000
QJ:/cc/cr: 0.000006630 0.000006630 0.999986741
QJ:/cc/rr: 0.000000000 0.500000000 0.500000000
QJ:/crc/: 0.032880372 0.967119628 0.000000000
QJ:/crc/cr: 0.002443595 0.000002670 0.997553735
QJ:/crc/rr: 0.000000000 0.000117805 0.999882195
QJ:/crrc/: 0.081148370 0.918851630 0.000000000
QJ:/crrc/cr: 0.000016677 0.000016677 0.999966646
QJ:/crrc/rr: 0.000000000 0.000283252 0.999716748
QJ:/rc/: 0.017339338 0.982660662 0.000000000
QJ:/rc/cr: 0.000002266 0.000002266 0.999995469
QJ:/rc/rr: 0.000000000 0.000192602 0.999807398
QJ:/rrc/: 0.000003340 0.999996660 0.000000000
QJ:/rrc/cr: 0.000001113 0.000001113 0.999997774
QJ:/rrc/rr: 0.000000000 0.500000000 0.500000000
QK:/cc/: 0.410483745 0.589516255 0.000000000
QK:/cc/cr: 0.000410433 0.999578321 0.000011246
QK:/cc/rr: 0.000000000 0.999975775 0.000024225
QK:/crc/: 0.001190823 0.998809177 0.000000000
QK:/crc/cr: 0.000002585 0.561696862 0.438300553
QK:/crc/rr: 0.000000000 0.003252771 0.996747229
QK:/crrc/: 0.987788013 0.012211987 0.000000000
QK:/crrc/cr: 0.001290651 0.773544117 0.225165232
QK:/crrc/rr: 0.000000000 0.000581770 0.999418230
QK:/rc/: 0.419950121 0.580049879 0.000000000
QK:/rc/cr: 0.000053708 0.528573713 0.471372579
QK:/rc/rr: 0.000000000 0.186500142 0.813499858
QK:/rrc/: 0.115349331 0.884650669 0.000000000
QK:/rrc/cr: 0.000008465 0.292682193 0.707309342
QK:/rrc/rr: 0.000000000 0.000014476 0.999985524
QQ:/cc/: 0.553435709 0.446564291 0.000000000
QQ:/cc/cr: 0.989860561 0.010124594 0.000014845
QQ:/cc/rr: 0.000000000 0.999982032 0.000017968
QQ:/crc/: 0.993964302 0.006035698 0.000000000
QQ:/crc/cr: 0.999144319 0.000427840 0.000427840
QQ:/crc/rr: 0.000000000 0.999996103 0.000003897
QQ:/crrc/: 0.100623379 0.899376621 0.000000000
QQ:/crrc/cr: 0.999965924 0.000017038 0.000017038
QQ:/crrc/rr: 0.000000000 0.999771570 0.000228430
QQ:/rc/: 0.502580119 0.497419881 0.000000000
QQ:/rc/cr: 0.999985428 0.000010096 0.000004476
QQ:/rc/rr: 0.000000000 0.999993355 0.000006645
QQ:/rrc/: 0.988523969 0.011476031 0.000000000
QQ:/rrc/cr: 0.999805995 0.000097002 0.000097002
QQ:/rrc/rr: 0.000000000 0.999998311 0.000001689
