J:/c: 0.300027969 0.699972031 0.000000000
J:/crr: 0.000000000 0.999983335 0.000016665
J:/r: 0.054824517 0.129308630 0.815866853
JJ:/cc/c: 0.999992857 0.000007143 0.000000000
JJ:/cc/crr: 0.000000000 0.999996428 0.000003572
JJ:/cc/r: 0.999990476 0.000004762 0.000004762
JJ:/crc/c: 0.999983335 0.000016665 0.000000000
JJ:/crc/crr: 0.000000000 0.999991667 0.000008333
JJ:/crc/r: 0.999889032 0.000099858 0.000011110
JJ:/crrc/c: 0.999991667 0.000008333 0.000000000
JJ:/crrc/crr: 0.000000000 0.999995834 0.000004166
JJ:/crrc/r: 0.999972350 0.000022095 0.000005555
JJ:/rc/c: 0.999974222 0.000025778 0.000000000
JJ:/rc/crr: 0.000000000 0.999987111 0.000012889
JJ:/rc/r: 0.999959404 0.000023411 0.000017185
JJ:/rrc/c: 0.999939200 0.000060800 0.000000000
JJ:/rrc/crr: 0.000000000 0.999969598 0.000030402
JJ:/rrc/r: 0.999836563 0.000122904 0.000040533
JK:/cc/c: 0.006698762 0.993301238 0.000000000
JK:/cc/crr: 0.000000000 0.000533169 0.999466831
JK:/cc/r: 0.000004762 0.000004762 0.999990476
JK:/crc/c: 0.542636367 0.457363633 0.000000000
JK:/crc/crr: 0.000000000 0.000015356 0.999984644
JK:/crc/r: 0.064669810 0.000011110 0.935319080
JK:/crrc/c: 0.458199133 0.541800867 0.000000000
JK:/crrc/crr: 0.000000000 0.000009093 0.999990907
JK:/crrc/r: 0.184609512 0.000005555 0.815384933
JK:/rc/c: 0.399924648 0.600075352 0.000000000
JK:/rc/crr: 0.000000000 0.000032229 0.999967771
JK:/rc/r: 0.360104198 0.000017185 0.639878616
JK:/rrc/c: 0.999939200 0.000060800 0.000000000
JK:/rrc/crr: 0.000000000 0.000030402 0.999969598
JK:/rrc/r: 0.264676061 0.000040533 0.735283405
JQ:/cc/c: 0.075038202 0.924961798 0.000000000
JQ:/cc/crr: 0.000000000 0.000047597 0.999952403
JQ:/cc/r: 0.032070673 0.000004762 0.967924565
JQ:/crc/c: 0.551025707 0.448974293 0.000000000
JQ:/crc/crr: 0.000000000 0.000015122 0.999984878
JQ:/crc/r: 0.017268083 0.000011110 0.982720807
JQ:/crrc/c: 0.040512646 0.959487354 0.000000000
JQ:/crrc/crr: 0.000000000 0.000102841 0.999897159
JQ:/crrc/r: 0.257657693 0.000005555 0.742336752
JQ:/rc/c: 0.997641158 0.002358842 0.000000000
JQ:/rc/crr: 0.000000000 0.000012920 0.999987080
JQ:/rc/r: 0.000017185 0.000017185 0.999965629
JQ:/rrc/c: 0.044421561 0.955578439 0.000000000
JQ:/rrc/crr: 0.000000000 0.000684353 0.999315647
JQ:/rrc/r: 0.406667486 0.000040533 0.593291981
K:/c: 0.999969823 0.000030177 0.000000000
K:/crr: 0.000000000 0.999995000 0.000005000
K:/r: 0.580403000 0.419590334 0.000006667
KJ:/cc/c: 0.165691067 0.834308933 0.000000000
KJ:/cc/crr: 0.000000000 0.500000000 0.500000000
KJ:/cc/r: 0.488341046 0.241515893 0.270143061
KJ:/crc/c: 0.115287863 0.884712137 0.000000000
KJ:/crc/crr: 0.000000000 0.999978314 0.000021686
KJ:/crc/r: 0.000028027 0.721486006 0.278485968
KJ:/crrc/c: 0.468452635 0.531547365 0.000000000
KJ:/crrc/crr: 0.000000000 0.999997332 0.000002668
KJ:/crrc/r: 0.047876182 0.790568974 0.161554844
KJ:/rc/c: 0.429027989 0.570972011 0.000000000
KJ:/rc/crr: 0.000000000 0.743752388 0.256247612
KJ:/rc/r: 0.053553356 0.724605756 0.221840888
KJ:/rrc/c: 0.489182075 0.510817925 0.000000000
KJ:/rrc/crr: 0.000000000 0.999994130 0.000005870
KJ:/rrc/r: 0.038665678 0.892044475 0.069289847
KK:/cc/c: 0.834308933 0.165691067 0.000000000
KK:/cc/crr: 0.000000000 0.900701610 0.099298390
KK:/cc/r: 0.684580138 0.204959151 0.110460711
KK:/crc/c: 0.999995000 0.000005000 0.000000000
KK:/crc/crr: 0.000000000 0.999997500 0.000002500
KK:/crc/r: 0.947046531 0.052950135 0.000003333
KK:/crrc/c: 0.999997500 0.000002500 0.000000000
KK:/crrc/crr: 0.000000000 0.999998750 0.000001250
KK:/crrc/r: 0.999993280 0.000005053 0.000001667
KK:/rc/c: 0.999992056 0.000007944 0.000000000
KK:/rc/crr: 0.000000000 0.999996028 0.000003972
KK:/rc/r: 0.999980507 0.000014196 0.000005296
KK:/rrc/c: 0.999994257 0.000005743 0.000000000
KK:/rrc/crr: 0.000000000 0.999997128 0.000002872
KK:/rrc/r: 0.999611958 0.000384213 0.000003829
KQ:/cc/c: 0.498461456 0.501538544 0.000000000
KQ:/cc/crr: 0.000000000 0.833797513 0.166202487
KQ:/cc/r: 0.453716658 0.434628130 0.111655212
KQ:/crc/c: 0.100538642 0.899461358 0.000000000
KQ:/crc/crr: 0.000000000 0.001320799 0.998679201
KQ:/crc/r: 0.000009591 0.441026201 0.558964209
KQ:/crrc/c: 0.611985714 0.388014286 0.000000000
KQ:/crrc/crr: 0.000000000 0.391374748 0.608625252
KQ:/crrc/r: 0.001688831 0.671133861 0.327177308
KQ:/rc/c: 0.000300009 0.999699991 0.000000000
KQ:/rc/crr: 0.000000000 0.013240035 0.986759965
KQ:/rc/r: 0.000019102 0.309848980 0.690131918
KQ:/rrc/c: 0.479983458 0.520016542 0.000000000
KQ:/rrc/crr: 0.000000000 0.480575498 0.519424502
KQ:/rrc/r: 0.078840056 0.554249242 0.366910701
Q:/c: 0.844533714 0.155466286 0.000000000
Q:/crr: 0.000000000 0.999994080 0.000005920
Q:/r: 0.355131605 0.644831328 0.000037067
QJ:/cc/c: 0.000032161 0.999967839 0.000000000
QJ:/cc/crr: 0.000000000 0.500000000 0.500000000
QJ:/cc/r: 0.000021441 0.000021441 0.999957118
QJ:/crc/c: 0.416020350 0.583979650 0.000000000
QJ:/crc/crr: 0.000000000 0.000035764 0.999964236
QJ:/crc/r: 0.000300464 0.000003947 0.999695589
QJ:/crrc/c: 0.000035148 0.999964852 0.000000000
QJ:/crrc/crr: 0.000000000 0.042111150 0.957888850
QJ:/crrc/r: 0.020898516 0.000001973 0.979099511
QJ:/rc/c: 0.000040689 0.999959311 0.000000000
QJ:/rc/crr: 0.000000000 0.063522338 0.936477662
QJ:/rc/r: 0.011430906 0.000003446 0.988565648
QJ:/rrc/c: 0.000076803 0.999923197 0.000000000
QJ:/rrc/crr: 0.000000000 0.061105857 0.938894143
QJ:/rrc/r: 0.000102714 0.000006257 0.999891028
QK:/cc/c: 0.026616405 0.973383595 0.000000000
QK:/cc/crr: 0.000000000 0.999395837 0.000604163
QK:/cc/r: 0.000083275 0.710939457 0.288977268
QK:/crc/c: 0.295477207 0.704522793 0.000000000
QK:/crc/crr: 0.000000000 0.001088019 0.998911981
QK:/crc/r: 0.000065041 0.465510509 0.534424450
QK:/crrc/c: 0.048811018 0.951188982 0.000000000
QK:/crrc/crr: 0.000000000 0.002787316 0.997212684
QK:/crrc/r: 0.000065347 0.291534552 0.708400100
QK:/rc/c: 0.344522636 0.655477364 0.000000000
QK:/rc/crr: 0.000000000 0.000385149 0.999614851
QK:/rc/r: 0.000012048 0.306413165 0.693574787
QK:/rrc/c: 0.423061241 0.576938759 0.000000000
QK:/rrc/crr: 0.000000000 0.032351520 0.967648480
QK:/rrc/r: 0.000079172 0.507901635 0.492019192
QQ:/cc/c: 0.999967839 0.000032161 0.000000000
QQ:/cc/crr: 0.000000000 0.999983919 0.000016081
QQ:/cc/r: 0.999932547 0.000046012 0.000021441
QQ:/crc/c: 0.999994080 0.000005920 0.000000000
QQ:/crc/crr: 0.000000000 0.999997040 0.000002960
QQ:/crc/r: 0.999953180 0.000042873 0.000003947
QQ:/crrc/c: 0.999997040 0.000002960 0.000000000
QQ:/crrc/crr: 0.000000000 0.999998520 0.000001480
QQ:/crrc/r: 0.999996053 0.000001973 0.000001973
QQ:/rc/c: 0.999994831 0.000005169 0.000000000
QQ:/rc/crr: 0.000000000 0.999997415 0.000002585
QQ:/rc/r: 0.970416512 0.029580042 0.000003446
QQ:/rrc/c: 0.999990614 0.000009386 0.000000000
QQ:/rrc/crr: 0.000000000 0.999995307 0.000004693
QQ:/rrc/r: 0.999951779 0.000041964 0.000006257
