J:/: 0.073840754 0.926159246 0.000000000
J:/cr: 0.017408792 0.035775382 0.946815826
J:/rr: 0.000000000 0.999932287 0.000067713
JJ:/cc/: 0.000127442 0.999872558 0.000000000
JJ:/cc/cr: 0.999993546 0.000004654 0.000001800
JJ:/cc/rr: 0.000000000 0.978819230 0.021180770
JJ:/crc/: 0.938891252 0.061108748 0.000000000
JJ:/crc/cr: 0.999451238 0.000274381 0.000274381
JJ:/crc/rr: 0.000000000 0.999973212 0.000026788
JJ:/crrc/: 0.968969450 0.031030550 0.000000000
JJ:/crrc/cr: 0.997779178 0.001110411 0.001110411
JJ:/crrc/rr: 0.000000000 0.999946660 0.000053340
JJ:/rc/: 0.921408024 0.078591976 0.000000000
JJ:/rc/cr: 0.999425613 0.000287193 0.000287193
JJ:/rc/rr: 0.000000000 0.999963256 0.000036744
JJ:/rrc/: 0.999078398 0.000921602 0.000000000
JJ:/rrc/cr: 0.975507197 0.012246401 0.012246401
JJ:/rrc/rr: 0.000000000 0.999983055 0.000016945
JK:/cc/: 0.083510339 0.916489661 0.000000000
JK:/cc/cr: 0.000001964 0.000001964 0.999996073
JK:/cc/rr: 0.000000000 0.000032323 0.999967677
JK:/crc/: 0.057772680 0.942227320 0.000000000
JK:/crc/cr: 0.001238069 0.000017795 0.998744136
JK:/crc/rr: 0.000000000 0.000435338 0.999564662
JK:/crrc/: 0.999896630 0.000103370 0.000000000
JK:/crrc/cr: 0.333333333 0.333333333 0.333333333
JK:/crrc/rr: 0.000000000 0.000051690 0.999948310
JK:/rc/: 0.996986298 0.003013702 0.000000000
JK:/rc/cr: 0.985021016 0.007489492 0.007489492
JK:/rc/rr: 0.000000000 0.000033959 0.999966041
JK:/rrc/: 0.528372544 0.471627456 0.000000000
JK:/rrc/cr: 0.859553278 0.000023931 0.140422791
JK:/rrc/rr: 0.000000000 0.000032041 0.999967959
JQ:/cc/: 0.188301760 0.811698240 0.000000000
JQ:/cc/cr: 0.000002217 0.000002217 0.999995566
JQ:/cc/rr: 0.000000000 0.000014335 0.999985665
JQ:/crc/: 0.995826347 0.004173653 0.000000000
JQ:/crc/cr: 0.265686588 0.004017364 0.730296048
JQ:/crc/rr: 0.000000000 0.000025256 0.999974744
JQ:/crrc/: 0.010020775 0.989979225 0.000000000
JQ:/crrc/cr: 0.178251430 0.000034805 0.821713765
JQ:/crrc/rr: 0.000000000 0.005157784 0.994842216
JQ:/rc/: 0.997750633 0.002249367 0.000000000
JQ:/rc/cr: 0.010034421 0.010034421 0.979931157
JQ:/rc/rr: 0.000000000 0.000033933 0.999966067
JQ:/rrc/: 0.150390427 0.849609573 0.000000000
JQ:/rrc/cr: 0.000013284 0.000013284 0.999973432
JQ:/rrc/rr: 0.000000000 0.000112570 0.999887430
K:/: 0.754789655 0.245210345 0.000000000
K:/cr: 0.672424807 0.327561600 0.000013594
K:/rr: 0.000000000 0.999993376 0.000006624
KJ:/cc/: 0.000020391 0.999979609 0.000000000
KJ:/cc/cr: 0.000006797 0.000006797 0.999986406
KJ:/cc/rr: 0.000000000 0.500000000 0.500000000
KJ:/crc/: 0.000045206 0.999954794 0.000000000
KJ:/crc/cr: 0.000029693 0.999963390 0.000006917
KJ:/crc/rr: 0.000000000 0.770493305 0.229506695
KJ:/crrc/: 0.059218021 0.940781979 0.000000000
KJ:/crrc/cr: 0.002952255 0.990117370 0.006930376
KJ:/crrc/rr: 0.000000000 0.492055036 0.507944964
KJ:/rc/: 0.064768046 0.935231954 0.000000000
KJ:/rc/cr: 0.004961801 0.976119042 0.018919156
KJ:/rc/rr: 0.000000000 0.293667202 0.706332798
KJ:/rrc/: 0.078532602 0.921467398 0.000000000
KJ:/rrc/cr: 0.000276438 0.999568625 0.000154937
KJ:/rrc/rr: 0.000000000 0.665555072 0.334444928
KK:/cc/: 0.999623722 0.000376278 0.000000000
KK:/cc/cr: 0.963873067 0.018063466 0.018063466
KK:/cc/rr: 0.000000000 0.999989801 0.000010199
KK:/crc/: 0.111129828 0.888870172 0.000000000
KK:/crc/cr: 0.999984437 0.000007781 0.000007781
KK:/crc/rr: 0.000000000 0.999906641 0.000093359
KK:/crrc/: 0.993430755 0.006569245 0.000000000
KK:/crrc/cr: 0.998974208 0.000512896 0.000512896
KK:/crrc/rr: 0.000000000 0.999994913 0.000005087
KK:/rc/: 0.820961921 0.179038079 0.000000000
KK:/rc/cr: 0.999975334 0.000012333 0.000012333
KK:/rc/rr: 0.000000000 0.999995965 0.000004035
KK:/rrc/: 0.518416456 0.481583544 0.000000000
KK:/rrc/cr: 0.999995415 0.000002293 0.000002293
KK:/rrc/rr: 0.000000000 0.999996805 0.000003195
KQ:/cc/: 0.000052835 0.999947165 0.000000000
KQ:/cc/cr: 0.000038609 0.416186981 0.583774410
KQ:/cc/rr: 0.000000000 0.807035878 0.192964122
KQ:/crc/: 0.881090695 0.118909305 0.000000000
KQ:/crc/cr: 0.000355505 0.579507785 0.420136710
KQ:/crc/rr: 0.000000000 0.000029717 0.999970283
KQ:/crrc/: 0.014335115 0.985664885 0.000000000
KQ:/crrc/cr: 0.009007937 0.682627852 0.308364211
KQ:/crrc/rr: 0.000000000 0.650815284 0.349184716
KQ:/rc/: 0.000006624 0.999993376 0.000000000
KQ:/rc/cr: 0.000011856 0.489626125 0.510362019
KQ:/rc/rr: 0.000000000 0.500000000 0.500000000
KQ:/rrc/: 0.691565265 0.308434735 0.000000000
KQ:/rrc/cr: 0.027077539 0.873902523 0.099019937
KQ:/rrc/rr: 0.000000000 0.390969934 0.609030066
Q:/: 0.737901530 0.262098470 0.000000000
Q:/cr: 0.151926818 0.847791169 0.000282013
Q:/rr: 0.000000000 0.999993224 0.000006776
QJ:/cc/: 0.000019077 0.999980923 0.000000000
QJ:/cc/cr: 0.000006359 0.000006359 0.999987282
QJ:/cc/rr: 0.000000000 0.500000000 0.500000000
QJ:/crc/: 0.028343358 0.971656642 0.000000000
QJ:/crc/cr: 0.000921611 0.000002573 0.999075816
QJ:/crc/rr: 0.000000000 0.000132317 0.999867683
QJ:/crrc/: 0.014842892 0.985157108 0.000000000
QJ:/crrc/cr: 0.000094353 0.000014162 0.999891485
QJ:/crrc/rr: 0.000000000 0.001409942 0.998590058
QJ:/rc/: 0.009296419 0.990703581 0.000000000
QJ:/rc/cr: 0.000002280 0.000002280 0.999995440
QJ:/rc/rr: 0.000000000 0.000364440 0.999635560
QJ:/rrc/: 0.000003388 0.999996612 0.000000000
QJ:/rrc/cr: 0.000001129 0.000001129 0.999997741
QJ:/rrc/rr: 0.000000000 0.500000000 0.500000000
QK:/cc/: 0.393428485 0.606571515 0.000000000
QK:/cc/cr: 0.012631119 0.987355972 0.000012909
QK:/cc/rr: 0.000000000 0.999975756 0.000024244
QK:/crc/: 0.001410609 0.998589391 0.000000000
QK:/crc/cr: 0.000003158 0.559373013 0.440623829
QK:/crc/rr: 0.000000000 0.002658636 0.997341364
QK:/crrc/: 0.962049027 0.037950973 0.000000000
QK:/crrc/cr: 0.000480333 0.431675168 0.567844499
QK:/crrc/rr: 0.000000000 0.000566168 0.999433832
QK:/rc/: 0.446492312 0.553507688 0.000000000
QK:/rc/cr: 0.007313512 0.528190693 0.464495795
QK:/rc/rr: 0.000000000 0.199291948 0.800708052
QK:/rrc/: 0.121731014 0.878268986 0.000000000
QK:/rrc/cr: 0.000001286 0.295886448 0.704112266
QK:/rrc/rr: 0.000000000 0.000239410 0.999760590
QQ:/cc/: 0.510961674 0.489038326 0.000000000
QQ:/cc/cr: 0.999973994 0.000013003 0.000013003
QQ:/cc/rr: 0.000000000 0.999981332 0.000018668
QQ:/crc/: 0.987375963 0.012624037 0.000000000
QQ:/crc/cr: 0.999603899 0.000198050 0.000198050
QQ:/crc/rr: 0.000000000 0.999996202 0.000003798
QQ:/crrc/: 0.093356940 0.906643060 0.000000000
QQ:/crrc/cr: 0.999969223 0.000015388 0.000015388
QQ:/crrc/rr: 0.000000000 0.999775832 0.000224168
QQ:/rc/: 0.496764870 0.503235130 0.000000000
QQ:/rc/cr: 0.999990590 0.000004922 0.000004488
QQ:/rc/rr: 0.000000000 0.999993180 0.000006820
QQ:/rrc/: 0.983843506 0.016156494 0.000000000
QQ:/rrc/cr: 0.999860200 0.000069900 0.000069900
QQ:/rrc/rr: 0.000000000 0.999998278 0.000001722
