J:/c: 0.299257491 0.700742509 0.000000000
J:/crr: 0.000000000 0.999983292 0.000016708
J:/r: 0.054978052 0.126480048 0.818541900
JJ:/cc/c: 0.999992865 0.000007135 0.000000000
JJ:/cc/crr: 0.000000000 0.999996432 0.000003568
JJ:/cc/r: 0.999990486 0.000004757 0.000004757
JJ:/crc/c: 0.999983292 0.000016708 0.000000000
JJ:/crc/crr: 0.000000000 0.999991646 0.000008354
JJ:/crc/r: 0.999954463 0.000034398 0.000011139
JJ:/crrc/c: 0.999991646 0.000008354 0.000000000
JJ:/crrc/crr: 0.000000000 0.999995823 0.000004177
JJ:/crrc/r: 0.999975362 0.000019069 0.000005569
JJ:/rc/c: 0.999973645 0.000026355 0.000000000
JJ:/rc/crr: 0.000000000 0.999986822 0.000013178
JJ:/rc/r: 0.999959487 0.000022943 0.000017570
JJ:/rrc/c: 0.999939370 0.000060630 0.000000000
JJ:/rrc/crr: 0.000000000 0.999969683 0.000030317
JJ:/rrc/r: 0.999805244 0.000154336 0.000040420
JK:/cc/c: 0.008119880 0.991880120 0.000000000
JK:/cc/crr: 0.000000000 0.000439372 0.999560628
JK:/cc/r: 0.000004757 0.000004757 0.999990486
JK:/crc/c: 0.522479263 0.477520737 0.000000000
JK:/crc/crr: 0.000000000 0.000015989 0.999984011
JK:/crc/r: 0.051954202 0.000011139 0.948034660
JK:/crrc/c: 0.460239916 0.539760084 0.000000000
JK:/crrc/crr: 0.000000000 0.000009076 0.999990924
JK:/crrc/r: 0.205574233 0.000005569 0.794420198
JK:/rc/c: 0.389445263 0.610554737 0.000000000
JK:/rc/crr: 0.000000000 0.000033836 0.999966164
JK:/rc/r: 0.358930832 0.000017570 0.641051599
JK:/rrc/c: 0.999885939 0.000114061 0.000000000
JK:/rrc/crr: 0.000000000 0.000030319 0.999969681
JK:/rrc/r: 0.318780114 0.000040420 0.681179466
JQ:/cc/c: 0.067788610 0.932211390 0.000000000
JQ:/cc/crr: 0.000000000 0.000052629 0.999947371
JQ:/cc/r: 0.037543720 0.000004757 0.962451523
JQ:/crc/c: 0.495309242 0.504690758 0.000000000
JQ:/crc/crr: 0.000000000 0.000016866 0.999983134
JQ:/crc/r: 0.000060263 0.000011139 0.999928598
JQ:/crrc/c: 0.035249302 0.964750698 0.000000000
JQ:/crrc/crr: 0.000000000 0.000118501 0.999881499
JQ:/crrc/r: 0.256834705 0.000005569 0.743159726
JQ:/rc/c: 0.996387058 0.003612942 0.000000000
JQ:/rc/crr: 0.000000000 0.000013225 0.999986775
JQ:/rc/r: 0.000022998 0.000017570 0.999959432
JQ:/rrc/c: 0.008620053 0.991379947 0.000000000
JQ:/rrc/crr: 0.000000000 0.003516814 0.996483186
JQ:/rrc/r: 0.438710478 0.000040420 0.561249102
K:/c: 0.999930838 0.000069162 0.000000000
K:/crr: 0.000000000 0.999995000 0.000005000
K:/r: 0.581599167 0.418394166 0.000006667
KJ:/cc/c: 0.074082197 0.925917803 0.000000000
KJ:/cc/crr: 0.000000000 0.512065806 0.487934194
KJ:/cc/r: 0.227300147 0.099559513 0.673140339
KJ:/crc/c: 0.146333543 0.853666457 0.000000000
KJ:/crc/crr: 0.000000000 0.999982915 0.000017085
KJ:/crc/r: 0.000019785 0.716782017 0.283198197
KJ:/crrc/c: 0.508489802 0.491510198 0.000000000
KJ:/crrc/crr: 0.000000000 0.863051610 0.136948390
KJ:/crrc/r: 0.051227683 0.800390980 0.148381337
KJ:/rc/c: 0.421799568 0.578200432 0.000000000
KJ:/rc/crr: 0.000000000 0.850139407 0.149860593
KJ:/rc/r: 0.008850035 0.819404883 0.171745082
KJ:/rrc/c: 0.392324490 0.607675510 0.000000000
KJ:/rrc/crr: 0.000000000 0.999992696 0.000007304
KJ:/rrc/r: 0.050819415 0.884438288 0.064742297
KK:/cc/c: 0.927705526 0.072294474 0.000000000
KK:/cc/crr: 0.000000000 0.961035872 0.038964128
KK:/cc/r: 0.860938468 0.090865216 0.048196316
KK:/crc/c: 0.999995000 0.000005000 0.000000000
KK:/crc/crr: 0.000000000 0.999997500 0.000002500
KK:/crc/r: 0.999922515 0.000074152 0.000003334
KK:/crrc/c: 0.999997500 0.000002500 0.000000000
KK:/crrc/crr: 0.000000000 0.999998750 0.000001250
KK:/crrc/r: 0.999993426 0.000004907 0.000001667
KK:/rc/c: 0.999992033 0.000007967 0.000000000
KK:/rc/crr: 0.000000000 0.999996016 0.000003984
KK:/rc/r: 0.999979925 0.000014764 0.000005311
KK:/rrc/c: 0.999994269 0.000005731 0.000000000
KK:/rrc/crr: 0.000000000 0.999997134 0.000002866
KK:/rrc/r: 0.999858621 0.000137558 0.000003821
KQ:/cc/c: 0.365386709 0.634613291 0.000000000
KQ:/cc/crr: 0.000000000 0.901071287 0.098928713
KQ:/cc/r: 0.218879800 0.731910295 0.049209905
KQ:/crc/c: 0.184128151 0.815871849 0.000000000
KQ:/crc/crr: 0.000000000 0.139286396 0.860713604
KQ:/crc/r: 0.000009543 0.424136876 0.575853581
KQ:/crrc/c: 0.627562405 0.372437595 0.000000000
KQ:/crrc/crr: 0.000000000 0.420083617 0.579916383
KQ:/crrc/r: 0.002825142 0.617990765 0.379184093
KQ:/rc/c: 0.000806449 0.999193551 0.000000000
KQ:/rc/crr: 0.000000000 0.029368705 0.970631295
KQ:/rc/r: 0.000021606 0.303586138 0.696392256
KQ:/rrc/c: 0.515922624 0.484077376 0.000000000
KQ:/rrc/crr: 0.000000000 0.478735850 0.521264150
KQ:/rrc/r: 0.075906100 0.552503734 0.371590166
Q:/c: 0.852876584 0.147123416 0.000000000
Q:/crr: 0.000000000 0.999994137 0.000005863
Q:/r: 0.370022444 0.629891290 0.000086266
QJ:/cc/c: 0.000291079 0.999708921 0.000000000
QJ:/cc/crr: 0.000000000 0.058377826 0.941622174
QJ:/cc/r: 0.000022657 0.000022657 0.999954687
QJ:/crc/c: 0.383560935 0.616439065 0.000000000
QJ:/crc/crr: 0.000000000 0.009179867 0.990820133
QJ:/crc/r: 0.000222947 0.000003908 0.999773144
QJ:/crrc/c: 0.000069201 0.999930799 0.000000000
QJ:/crrc/crr: 0.000000000 0.021179323 0.978820677
QJ:/crrc/r: 0.008368984 0.000001954 0.991629061
QJ:/rc/c: 0.000039693 0.999960307 0.000000000
QJ:/rc/crr: 0.000000000 0.066659921 0.933340079
QJ:/rc/r: 0.016237456 0.000003528 0.983759017
QJ:/rrc/c: 0.000225235 0.999774765 0.000000000
QJ:/rrc/crr: 0.000000000 0.019997893 0.980002107
QJ:/rrc/r: 0.000057976 0.000006006 0.999936019
QK:/cc/c: 0.036891837 0.963108163 0.000000000
QK:/cc/crr: 0.000000000 0.999539396 0.000460604
QK:/cc/r: 0.000097665 0.738649521 0.261252813
QK:/crc/c: 0.362359926 0.637640074 0.000000000
QK:/crc/crr: 0.000000000 0.001197038 0.998802962
QK:/crc/r: 0.000212291 0.435027091 0.564760618
QK:/crrc/c: 0.058834134 0.941165866 0.000000000
QK:/crrc/crr: 0.000000000 0.002172355 0.997827645
QK:/crrc/r: 0.000042249 0.289631940 0.710325811
QK:/rc/c: 0.368663864 0.631336136 0.000000000
QK:/rc/crr: 0.000000000 0.002785124 0.997214876
QK:/rc/r: 0.000012974 0.310842948 0.689144078
QK:/rrc/c: 0.424865402 0.575134598 0.000000000
QK:/rrc/crr: 0.000000000 0.062075783 0.937924217
QK:/rrc/r: 0.000072272 0.507167368 0.492760360
QQ:/cc/c: 0.999966015 0.000033985 0.000000000
QQ:/cc/crr: 0.000000000 0.999983007 0.000016993
QQ:/cc/r: 0.999933108 0.000044235 0.000022657
QQ:/crc/c: 0.999994137 0.000005863 0.000000000
QQ:/crc/crr: 0.000000000 0.999997069 0.000002931
QQ:/crc/r: 0.999960528 0.000035564 0.000003908
QQ:/crrc/c: 0.999997069 0.000002931 0.000000000
QQ:/crrc/crr: 0.000000000 0.999998534 0.000001466
QQ:/crrc/r: 0.999996092 0.000001954 0.000001954
QQ:/rc/c: 0.999994708 0.000005292 0.000000000
QQ:/rc/crr: 0.000000000 0.999997354 0.000002646
QQ:/rc/r: 0.925229365 0.074767107 0.000003528
QQ:/rrc/c: 0.999990992 0.000009008 0.000000000
QQ:/rrc/crr: 0.000000000 0.999995496 0.000004504
QQ:/rrc/r: 0.999962101 0.000031893 0.000006006
