J:/c: 0.294024408 0.705975592 0.000000000
J:/crr: 0.000000000 0.999982995 0.000017005
J:/r: 0.054618516 0.130819657 0.814561827
JJ:/cc/c: 0.999992918 0.000007082 0.000000000
JJ:/cc/crr: 0.000000000 0.999996459 0.000003541
JJ:/cc/r: 0.999990557 0.000004722 0.000004722
JJ:/crc/c: 0.999982995 0.000017005 0.000000000
JJ:/crc/crr: 0.000000000 0.999991497 0.000008503
JJ:/crc/r: 0.999956413 0.000032251 0.000011337
JJ:/crrc/c: 0.999991497 0.000008503 0.000000000
JJ:/crrc/crr: 0.000000000 0.999995749 0.000004251
JJ:/crrc/r: 0.999974868 0.000019464 0.000005669
JJ:/rc/c: 0.999974520 0.000025480 0.000000000
JJ:/rc/crr: 0.000000000 0.999987259 0.000012741
JJ:/rc/r: 0.999963582 0.000019431 0.000016987
JJ:/rrc/c: 0.999938971 0.000061029 0.000000000
JJ:/rrc/crr: 0.000000000 0.999969483 0.000030517
JJ:/rrc/r: 0.999762922 0.000196392 0.000040686
JK:/cc/c: 0.007805037 0.992194963 0.000000000
JK:/cc/crr: 0.000000000 0.000453707 0.999546293
JK:/cc/r: 0.000004722 0.000004722 0.999990557
JK:/crc/c: 0.561932120 0.438067880 0.000000000
JK:/crc/crr: 0.000000000 0.000015131 0.999984869
JK:/crc/r: 0.031980311 0.000011337 0.968008352
JK:/crrc/c: 0.430781246 0.569218754 0.000000000
JK:/crrc/crr: 0.000000000 0.000009869 0.999990131
JK:/crrc/r: 0.181908294 0.000005669 0.818086037
JK:/rc/c: 0.380717856 0.619282144 0.000000000
JK:/rc/crr: 0.000000000 0.000033464 0.999966536
JK:/rc/r: 0.360778838 0.000016987 0.639204175
JK:/rrc/c: 0.999828678 0.000171322 0.000000000
JK:/rrc/crr: 0.000000000 0.000030520 0.999969480
JK:/rrc/r: 0.274720054 0.000040686 0.725239259
JQ:/cc/c: 0.073402020 0.926597980 0.000000000
JQ:/cc/crr: 0.000000000 0.000048244 0.999951756
JQ:/cc/r: 0.032443423 0.000004722 0.967551855
JQ:/crc/c: 0.453494543 0.546505457 0.000000000
JQ:/crc/crr: 0.000000000 0.000018749 0.999981251
JQ:/crc/r: 0.115131597 0.000011337 0.884857066
JQ:/crrc/c: 0.035337008 0.964662992 0.000000000
JQ:/crrc/crr: 0.000000000 0.000120311 0.999879689
JQ:/crrc/r: 0.158448433 0.000005669 0.841545898
JQ:/rc/c: 0.995682552 0.004317448 0.000000000
JQ:/rc/crr: 0.000000000 0.000012795 0.999987205
JQ:/rc/r: 0.000016987 0.000016987 0.999966026
JQ:/rrc/c: 0.020021747 0.979978253 0.000000000
JQ:/rrc/crr: 0.000000000 0.001524077 0.998475923
JQ:/rrc/r: 0.417650467 0.000040686 0.582308847
K:/c: 0.999457490 0.000542510 0.000000000
K:/crr: 0.000000000 0.999994997 0.000005003
K:/r: 0.566501774 0.433491559 0.000006667
KJ:/cc/c: 0.022607581 0.977392419 0.000000000
KJ:/cc/crr: 0.000000000 0.796165372 0.203834628
KJ:/cc/r: 0.030208823 0.012820855 0.956970322
KJ:/crc/c: 0.147538527 0.852461473 0.000000000
KJ:/crc/crr: 0.000000000 0.999983046 0.000016954
KJ:/crc/r: 0.000088507 0.745820523 0.254090971
KJ:/crrc/c: 0.439734570 0.560265430 0.000000000
KJ:/crrc/crr: 0.000000000 0.999997156 0.000002844
KJ:/crrc/r: 0.044297038 0.800548021 0.155154941
KJ:/rc/c: 0.441558090 0.558441910 0.000000000
KJ:/rc/crr: 0.000000000 0.693560625 0.306439375
KJ:/rc/r: 0.022160294 0.761227112 0.216612594
KJ:/rrc/c: 0.187772863 0.812227137 0.000000000
KJ:/rrc/crr: 0.000000000 0.999984332 0.000015668
KJ:/rrc/r: 0.044147371 0.889631702 0.066220927
KK:/cc/c: 0.990783584 0.009216416 0.000000000
KK:/cc/crr: 0.000000000 0.995348926 0.004651074
KK:/cc/r: 0.977516893 0.016338830 0.006144277
KK:/crc/c: 0.999994997 0.000005003 0.000000000
KK:/crc/crr: 0.000000000 0.999997499 0.000002501
KK:/crc/r: 0.999988735 0.000007930 0.000003335
KK:/crrc/c: 0.999997499 0.000002501 0.000000000
KK:/crrc/crr: 0.000000000 0.999998749 0.000001251
KK:/crrc/r: 0.999996665 0.000001668 0.000001668
KK:/rc/c: 0.999992311 0.000007689 0.000000000
KK:/rc/crr: 0.000000000 0.999996155 0.000003845
KK:/rc/r: 0.999980413 0.000014460 0.000005126
KK:/rrc/c: 0.999994116 0.000005884 0.000000000
KK:/rrc/crr: 0.000000000 0.999997058 0.000002942
KK:/rrc/r: 0.999786458 0.000209619 0.000003923
KQ:/cc/c: 0.028222454 0.971777546 0.000000000
KQ:/cc/crr: 0.000000000 0.836718380 0.163281620
KQ:/cc/r: 0.029901524 0.963546896 0.006551580
KQ:/crc/c: 0.293565759 0.706434241 0.000000000
KQ:/crc/crr: 0.000000000 0.027460032 0.972539968
KQ:/crc/r: 0.000026289 0.428050576 0.571923134
KQ:/crrc/c: 0.606587890 0.393412110 0.000000000
KQ:/crrc/crr: 0.000000000 0.392710143 0.607289857
KQ:/crrc/r: 0.000565285 0.736956125 0.262478590
KQ:/rc/c: 0.001673028 0.998326972 0.000000000
KQ:/rc/crr: 0.000000000 0.006848909 0.993151091
KQ:/rc/r: 0.000021712 0.307292346 0.692685942
KQ:/rrc/c: 0.485249815 0.514750185 0.000000000
KQ:/rrc/crr: 0.000000000 0.615140361 0.384859639
KQ:/rrc/r: 0.077222253 0.555425538 0.367352208
Q:/c: 0.845127007 0.154872993 0.000000000
Q:/crr: 0.000000000 0.999994084 0.000005916
Q:/r: 0.349789563 0.650185673 0.000024764
QJ:/cc/c: 0.000454824 0.999545176 0.000000000
QJ:/cc/crr: 0.000000000 0.035491249 0.964508751
QJ:/cc/r: 0.000026834 0.000021523 0.999951643
QJ:/crc/c: 0.498759203 0.501240797 0.000000000
QJ:/crc/crr: 0.000000000 0.005286206 0.994713794
QJ:/crc/r: 0.000242227 0.000003944 0.999753829
QJ:/crrc/c: 0.000066357 0.999933643 0.000000000
QJ:/crrc/crr: 0.000000000 0.022289616 0.977710384
QJ:/crrc/r: 0.016123829 0.000001972 0.983874199
QJ:/rc/c: 0.000105495 0.999894505 0.000000000
QJ:/rc/crr: 0.000000000 0.024298428 0.975701572
QJ:/rc/r: 0.016469373 0.000003418 0.983527210
QJ:/rrc/c: 0.000235066 0.999764934 0.000000000
QJ:/rrc/crr: 0.000000000 0.020269958 0.979730042
QJ:/rrc/r: 0.000090532 0.000006353 0.999903115
QK:/cc/c: 0.016330405 0.983669595 0.000000000
QK:/cc/crr: 0.000000000 0.999011521 0.000988479
QK:/cc/r: 0.000099798 0.724471780 0.275428422
QK:/crc/c: 0.272257459 0.727742541 0.000000000
QK:/crc/crr: 0.000000000 0.009449912 0.990550088
QK:/crc/r: 0.000187050 0.472000242 0.527812708
QK:/crrc/c: 0.086596723 0.913403277 0.000000000
QK:/crrc/crr: 0.000000000 0.005262028 0.994737972
QK:/crrc/r: 0.000091191 0.289307218 0.710601591
QK:/rc/c: 0.379326838 0.620673162 0.000000000
QK:/rc/crr: 0.000000000 0.004523073 0.995476927
QK:/rc/r: 0.000010209 0.314889503 0.685100289
QK:/rrc/c: 0.423205006 0.576794994 0.000000000
QK:/rrc/crr: 0.000000000 0.045279294 0.954720706
QK:/rrc/r: 0.000082012 0.508179664 0.491738324
QQ:/cc/c: 0.999967715 0.000032285 0.000000000
QQ:/cc/crr: 0.000000000 0.999983857 0.000016143
QQ:/cc/r: 0.999937318 0.000041159 0.000021523
QQ:/crc/c: 0.999994084 0.000005916 0.000000000
QQ:/crc/crr: 0.000000000 0.999997042 0.000002958
QQ:/crc/r: 0.999963989 0.000032067 0.000003944
QQ:/crrc/c: 0.999997042 0.000002958 0.000000000
QQ:/crrc/crr: 0.000000000 0.999998521 0.000001479
QQ:/crrc/r: 0.999996056 0.000001972 0.000001972
QQ:/rc/c: 0.999994873 0.000005127 0.000000000
QQ:/rc/crr: 0.000000000 0.999997437 0.000002563
QQ:/rc/r: 0.999992676 0.000003906 0.000003418
QQ:/rrc/c: 0.999990470 0.000009530 0.000000000
QQ:/rrc/crr: 0.000000000 0.999995235 0.000004765
QQ:/rrc/r: 0.999958154 0.000035493 0.000006353
