J:/: 0.076162438 0.923837562 0.000000000
J:/cr: 0.019485884 0.033701309 0.946812807
J:/rr: 0.000000000 0.999934351 0.000065649
JJ:/cc/: 0.000298677 0.999701323 0.000000000
JJ:/cc/cr: 0.999996391 0.000001805 0.000001805
JJ:/cc/rr: 0.000000000 0.990939694 0.009060306
JJ:/crc/: 0.953503473 0.046496527 0.000000000
JJ:/crc/cr: 0.999232471 0.000383764 0.000383764
JJ:/crc/rr: 0.000000000 0.999971929 0.000028071
JJ:/crrc/: 0.919810263 0.080189737 0.000000000
JJ:/crrc/cr: 0.999230297 0.000384851 0.000384851
JJ:/crrc/rr: 0.000000000 0.999949673 0.000050327
JJ:/rc/: 0.904778308 0.095221692 0.000000000
JJ:/rc/cr: 0.999540377 0.000229812 0.000229812
JJ:/rc/rr: 0.000000000 0.999963721 0.000036279
JJ:/rrc/: 0.999337897 0.000662103 0.000000000
JJ:/rrc/cr: 0.966947013 0.016526493 0.016526493
JJ:/rrc/rr: 0.000000000 0.999983576 0.000016424
JK:/cc/: 0.081155763 0.918844237 0.000000000
JK:/cc/cr: 0.000109715 0.000001963 0.999888321
JK:/cc/rr: 0.000000000 0.000033345 0.999966655
JK:/crc/: 0.091927710 0.908072290 0.000000000
JK:/crc/cr: 0.074726010 0.000019650 0.925254339
JK:/crc/rr: 0.000000000 0.000291159 0.999708841
JK:/crrc/: 0.999822645 0.000177355 0.000000000
JK:/crrc/cr: 0.532641073 0.174007158 0.293351769
JK:/crrc/rr: 0.000000000 0.000046300 0.999953700
JK:/rc/: 0.990574479 0.009425521 0.000000000
JK:/rc/cr: 0.904996137 0.002321681 0.092682182
JK:/rc/rr: 0.000000000 0.000033137 0.999966863
JK:/rrc/: 0.516460037 0.483539963 0.000000000
JK:/rrc/cr: 0.856740525 0.000022629 0.143236845
JK:/rrc/rr: 0.000000000 0.000031781 0.999968219
JQ:/cc/: 0.164343811 0.835656189 0.000000000
JQ:/cc/cr: 0.000006795 0.000002159 0.999991046
JQ:/cc/rr: 0.000000000 0.000016466 0.999983534
JQ:/crc/: 0.991141284 0.008858716 0.000000000
JQ:/crc/cr: 0.002014255 0.002014255 0.995971491
JQ:/crc/rr: 0.000000000 0.000027005 0.999972995
JQ:/crrc/: 0.036406990 0.963593010 0.000000000
JQ:/crrc/cr: 0.042328437 0.000032027 0.957639536
JQ:/crrc/rr: 0.000000000 0.001271506 0.998728494
JQ:/rc/: 0.996092602 0.003907398 0.000000000
JQ:/rc/cr: 0.005600416 0.005600416 0.988799167
JQ:/rc/rr: 0.000000000 0.000032953 0.999967047
JQ:/rrc/: 0.138425525 0.861574475 0.000000000
JQ:/rrc/cr: 0.000012700 0.000012700 0.999974599
JQ:/rrc/rr: 0.000000000 0.000118572 0.999881428
K:/: 0.749556559 0.250443441 0.000000000
K:/cr: 0.707850695 0.292135995 0.000013310
K:/rr: 0.000000000 0.999993329 0.000006671
KJ:/cc/: 0.000054168 0.999945832 0.000000000
KJ:/cc/cr: 0.000048144 0.000008810 0.999943046
KJ:/cc/rr: 0.000000000 0.815714544 0.184285456
KJ:/crc/: 0.000049226 0.999950774 0.000000000
KJ:/crc/cr: 0.000306191 0.999686215 0.000007594
KJ:/crc/rr: 0.000000000 0.768618403 0.231381597
KJ:/crrc/: 0.068218971 0.931781029 0.000000000
KJ:/crrc/cr: 0.000836832 0.995235482 0.003927687
KJ:/crrc/rr: 0.000000000 0.462816718 0.537183282
KJ:/rc/: 0.046285775 0.953714225 0.000000000
KJ:/rc/cr: 0.010485519 0.961584383 0.027930099
KJ:/rc/rr: 0.000000000 0.191634604 0.808365396
KJ:/rrc/: 0.086912136 0.913087864 0.000000000
KJ:/rrc/cr: 0.000111767 0.999887016 0.000001218
KJ:/rrc/rr: 0.000000000 0.499305260 0.500694740
KK:/cc/: 0.998354348 0.001645652 0.000000000
KK:/cc/cr: 0.991912189 0.004043906 0.004043906
KK:/cc/rr: 0.000000000 0.999990001 0.000009999
KK:/crc/: 0.184430930 0.815569070 0.000000000
KK:/crc/cr: 0.999981379 0.000009310 0.000009310
KK:/crc/rr: 0.000000000 0.999938242 0.000061758
KK:/crrc/: 0.983426816 0.016573184 0.000000000
KK:/crrc/cr: 0.999621819 0.000189091 0.000189091
KK:/crrc/rr: 0.000000000 0.999995220 0.000004780
KK:/rc/: 0.831378910 0.168621090 0.000000000
KK:/rc/cr: 0.999973627 0.000013187 0.000013187
KK:/rc/rr: 0.000000000 0.999995988 0.000004012
KK:/rrc/: 0.524330878 0.475669122 0.000000000
KK:/rrc/cr: 0.999995325 0.000002337 0.000002337
KK:/rrc/rr: 0.000000000 0.999996819 0.000003181
KQ:/cc/: 0.000411801 0.999588199 0.000000000
KQ:/cc/cr: 0.000045734 0.460379737 0.539574529
KQ:/cc/rr: 0.000000000 0.975759400 0.024240600
KQ:/crc/: 0.868089606 0.131910394 0.000000000
KQ:/crc/cr: 0.000355542 0.415680971 0.583963487
KQ:/crc/rr: 0.000000000 0.000032458 0.999967542
KQ:/crrc/: 0.019615770 0.980384230 0.000000000
KQ:/crrc/cr: 0.054575737 0.694952334 0.250471929
KQ:/crrc/rr: 0.000000000 0.494617080 0.505382920
KQ:/rc/: 0.000041241 0.999958759 0.000000000
KQ:/rc/cr: 0.000033960 0.487223757 0.512742284
KQ:/rc/rr: 0.000000000 0.919126810 0.080873190
KQ:/rrc/: 0.705089157 0.294910843 0.000000000
KQ:/rrc/cr: 0.028389093 0.860950317 0.110660590
KQ:/rrc/rr: 0.000000000 0.395837538 0.604162462
Q:/: 0.752045386 0.247954614 0.000000000
Q:/cr: 0.162015598 0.837345854 0.000638547
Q:/rr: 0.000000000 0.999993351 0.000006649
QJ:/cc/: 0.000020165 0.999979835 0.000000000
QJ:/cc/cr: 0.000016093 0.000006722 0.999977185
QJ:/cc/rr: 0.000000000 0.500000000 0.500000000
QJ:/crc/: 0.031291577 0.968708423 0.000000000
QJ:/crc/cr: 0.002935957 0.000002762 0.997061281
QJ:/crc/rr: 0.000000000 0.000128267 0.999871733
QJ:/crrc/: 0.006946292 0.993053708 0.000000000
QJ:/crrc/cr: 0.000211620 0.000013926 0.999774454
QJ:/crrc/rr: 0.000000000 0.002986322 0.997013678
QJ:/rc/: 0.011075273 0.988924727 0.000000000
QJ:/rc/cr: 0.000002921 0.000002241 0.999994838
QJ:/rc/rr: 0.000000000 0.000300152 0.999699848
QJ:/rrc/: 0.000003324 0.999996676 0.000000000
QJ:/rrc/cr: 0.000001108 0.000001108 0.999997784
QJ:/rrc/rr: 0.000000000 0.500000000 0.500000000
QK:/cc/: 0.508957705 0.491042295 0.000000000
QK:/cc/cr: 0.025078694 0.974888520 0.000032786
QK:/cc/rr: 0.000000000 0.965735126 0.034264874
QK:/crc/: 0.000008027 0.999991973 0.000000000
QK:/crc/cr: 0.000002676 0.553393627 0.446603698
QK:/crc/rr: 0.000000000 0.500000000 0.500000000
QK:/crrc/: 0.948690960 0.051309040 0.000000000
QK:/crrc/cr: 0.000486771 0.513973890 0.485539339
QK:/crrc/rr: 0.000000000 0.000585785 0.999414215
QK:/rc/: 0.436705098 0.563294902 0.000000000
QK:/rc/cr: 0.028319069 0.506771287 0.464909644
QK:/rc/rr: 0.000000000 0.196405732 0.803594268
QK:/rrc/: 0.123478975 0.876521025 0.000000000
QK:/rrc/cr: 0.000001264 0.299077079 0.700921657
QK:/rrc/rr: 0.000000000 0.000529036 0.999470964
QQ:/cc/: 0.474622754 0.525377246 0.000000000
QQ:/cc/cr: 0.999974412 0.000012794 0.000012794
QQ:/cc/rr: 0.000000000 0.999978757 0.000021243
QQ:/crc/: 0.977838430 0.022161570 0.000000000
QQ:/crc/cr: 0.999758521 0.000120740 0.000120740
QQ:/crc/rr: 0.000000000 0.999995895 0.000004105
QQ:/crrc/: 0.262858428 0.737141572 0.000000000
QQ:/crrc/cr: 0.999962479 0.000018761 0.000018761
QQ:/crrc/rr: 0.000000000 0.999921083 0.000078917
QQ:/rc/: 0.505682969 0.494317031 0.000000000
QQ:/rc/cr: 0.999991033 0.000004483 0.000004483
QQ:/rc/rr: 0.000000000 0.999993426 0.000006574
QQ:/rrc/: 0.976252839 0.023747161 0.000000000
QQ:/rrc/cr: 0.999906675 0.000046662 0.000046662
QQ:/rrc/rr: 0.000000000 0.999998297 0.000001703
