J:/: 0.073936429 0.926063571 0.000000000
J:/cr: 0.018625967 0.036928167 0.944445866
J:/rr: 0.000000000 0.999932374 0.000067626
JJ:/cc/: 0.000129535 0.999870465 0.000000000
JJ:/cc/cr: 0.999993679 0.000004521 0.000001800
JJ:/cc/rr: 0.000000000 0.979159276 0.020840724
JJ:/crc/: 0.993668168 0.006331832 0.000000000
JJ:/crc/cr: 0.994868675 0.002565663 0.002565663
JJ:/crc/rr: 0.000000000 0.999975477 0.000024523
JJ:/crrc/: 0.998276122 0.001723878 0.000000000
JJ:/crrc/cr: 0.962632731 0.018683634 0.018683634
JJ:/crrc/rr: 0.000000000 0.999951604 0.000048396
JJ:/rc/: 0.060918920 0.939081080 0.000000000
JJ:/rc/cr: 0.999951992 0.000024004 0.000024004
JJ:/rc/rr: 0.000000000 0.999444954 0.000555046
JJ:/rrc/: 0.999966185 0.000033815 0.000000000
JJ:/rrc/cr: 0.333333333 0.333333333 0.333333333
JJ:/rrc/rr: 0.000000000 0.999983092 0.000016908
JK:/cc/: 0.077104785 0.922895215 0.000000000
JK:/cc/cr: 0.000001950 0.000001950 0.999996100
JK:/cc/rr: 0.000000000 0.000035012 0.999964988
JK:/crc/: 0.038575449 0.961424551 0.000000000
JK:/crc/cr: 0.000887403 0.000016897 0.999095700
JK:/crc/rr: 0.000000000 0.000631698 0.999368302
JK:/crrc/: 0.999903375 0.000096625 0.000000000
JK:/crrc/cr: 0.333333333 0.333333333 0.333333333
JK:/crrc/rr: 0.000000000 0.000048317 0.999951683
JK:/rc/: 0.999932374 0.000067626 0.000000000
JK:/rc/cr: 0.333333333 0.333333333 0.333333333
JK:/rc/rr: 0.000000000 0.000033815 0.999966185
JK:/rrc/: 0.551666272 0.448333728 0.000000000
JK:/rrc/cr: 0.948375687 0.000025141 0.051599172
JK:/rrc/rr: 0.000000000 0.000030648 0.999969352
JQ:/cc/: 0.184221121 0.815778879 0.000000000
JQ:/cc/cr: 0.000002206 0.000002206 0.999995588
JQ:/cc/rr: 0.000000000 0.000014654 0.999985346
JQ:/crc/: 0.980458816 0.019541184 0.000000000
JQ:/crc/cr: 0.722384693 0.000831339 0.276783968
JQ:/crc/rr: 0.000000000 0.000024854 0.999975146
JQ:/crrc/: 0.010945753 0.989054247 0.000000000
JQ:/crrc/cr: 0.185637706 0.000032565 0.814329729
JQ:/crrc/rr: 0.000000000 0.004413808 0.995586192
JQ:/rc/: 0.999932374 0.000067626 0.000000000
JQ:/rc/cr: 0.333333333 0.333333333 0.333333333
JQ:/rc/rr: 0.000000000 0.000033815 0.999966185
JQ:/rrc/: 0.143044318 0.856955682 0.000000000
JQ:/rrc/cr: 0.000013153 0.000013153 0.999973694
JQ:/rrc/rr: 0.000000000 0.000118198 0.999881802
K:/: 0.751047201 0.248952799 0.000000000
K:/cr: 0.679936063 0.320050547 0.000013389
K:/rr: 0.000000000 0.999993343 0.000006657
KJ:/cc/: 0.000020084 0.999979916 0.000000000
KJ:/cc/cr: 0.000006695 0.000006695 0.999986610
KJ:/cc/rr: 0.000000000 0.500000000 0.500000000
KJ:/crc/: 0.000020918 0.999979082 0.000000000
KJ:/crc/cr: 0.000006973 0.999986055 0.000006973
KJ:/crc/rr: 0.000000000 0.500000000 0.500000000
KJ:/crrc/: 0.023313203 0.976686797 0.000000000
KJ:/crrc/cr: 0.000139455 0.993964234 0.005896312
KJ:/crrc/rr: 0.000000000 0.999788830 0.000211170
KJ:/rc/: 0.005338086 0.994661914 0.000000000
KJ:/rc/cr: 0.059727171 0.689099366 0.251173464
KJ:/rc/rr: 0.000000000 0.281511829 0.718488171
KJ:/rrc/: 0.084321101 0.915678899 0.000000000
KJ:/rrc/cr: 0.000006418 0.999992370 0.000001212
KJ:/rrc/rr: 0.000000000 0.619926635 0.380073365
KK:/cc/: 0.999979916 0.000020084 0.000000000
KK:/cc/cr: 0.333333333 0.333333333 0.333333333
KK:/cc/rr: 0.000000000 0.999989958 0.000010042
KK:/crc/: 0.058890335 0.941109665 0.000000000
KK:/crc/cr: 0.999985182 0.000007409 0.000007409
KK:/crc/rr: 0.000000000 0.999822402 0.000177598
KK:/crrc/: 0.999990154 0.000009846 0.000000000
KK:/crrc/cr: 0.333333333 0.333333333 0.333333333
KK:/crrc/rr: 0.000000000 0.999995077 0.000004923
KK:/rc/: 0.803207012 0.196792988 0.000000000
KK:/rc/cr: 0.999977447 0.000011276 0.000011276
KK:/rc/rr: 0.000000000 0.999995856 0.000004144
KK:/rrc/: 0.536824388 0.463175612 0.000000000
KK:/rrc/cr: 0.999995209 0.000002396 0.000002396
KK:/rrc/rr: 0.000000000 0.999996900 0.000003100
KQ:/cc/: 0.000020084 0.999979916 0.000000000
KQ:/cc/cr: 0.000006695 0.446485515 0.553507790
KQ:/cc/rr: 0.000000000 0.500000000 0.500000000
KQ:/crc/: 0.876463180 0.123536820 0.000000000
KQ:/crc/cr: 0.000056441 0.566887916 0.433055643
KQ:/crc/rr: 0.000000000 0.000011933 0.999988067
KQ:/crrc/: 0.001005017 0.998994983 0.000000000
KQ:/crrc/cr: 0.007383449 0.700808356 0.291808196
KQ:/crrc/rr: 0.000000000 0.341383962 0.658616038
KQ:/rc/: 0.000006657 0.999993343 0.000000000
KQ:/rc/cr: 0.000008533 0.422291750 0.577699717
KQ:/rc/rr: 0.000000000 0.500000000 0.500000000
KQ:/rrc/: 0.697867425 0.302132575 0.000000000
KQ:/rrc/cr: 0.035474151 0.821861123 0.142664726
KQ:/rrc/rr: 0.000000000 0.389547303 0.610452697
Q:/: 0.740871094 0.259128906 0.000000000
Q:/cr: 0.151248303 0.848734058 0.000017640
Q:/rr: 0.000000000 0.999993251 0.000006749
QJ:/cc/: 0.000019295 0.999980705 0.000000000
QJ:/cc/cr: 0.000006432 0.000006432 0.999987136
QJ:/cc/rr: 0.000000000 0.500000000 0.500000000
QJ:/crc/: 0.034484497 0.965515503 0.000000000
QJ:/crc/cr: 0.000261021 0.000002616 0.999736363
QJ:/crc/rr: 0.000000000 0.000109877 0.999890123
QJ:/crrc/: 0.042520861 0.957479139 0.000000000
QJ:/crrc/cr: 0.000014804 0.000014804 0.999970391
QJ:/crrc/rr: 0.000000000 0.000500046 0.999499954
QJ:/rc/: 0.000006749 0.999993251 0.000000000
QJ:/rc/cr: 0.000002250 0.000002250 0.999995501
QJ:/rc/rr: 0.000000000 0.500000000 0.500000000
QJ:/rrc/: 0.000003374 0.999996626 0.000000000
QJ:/rrc/cr: 0.000001125 0.000001125 0.999997750
QJ:/rrc/rr: 0.000000000 0.500000000 0.500000000
QK:/cc/: 0.558094094 0.441905906 0.000000000
QK:/cc/cr: 0.013275861 0.986708645 0.000015494
QK:/cc/rr: 0.000000000 0.999982713 0.000017287
QK:/crc/: 0.000007578 0.999992422 0.000000000
QK:/crc/cr: 0.000003128 0.551414451 0.448582421
QK:/crc/rr: 0.000000000 0.500000000 0.500000000
QK:/crrc/: 0.998808029 0.001191971 0.000000000
QK:/crrc/cr: 0.013819364 0.949601620 0.036579016
QK:/crrc/rr: 0.000000000 0.000558222 0.999441778
QK:/rc/: 0.407347648 0.592652352 0.000000000
QK:/rc/cr: 0.000005556 0.528583284 0.471411160
QK:/rc/rr: 0.000000000 0.180676561 0.819323439
QK:/rrc/: 0.128843725 0.871156275 0.000000000
QK:/rrc/cr: 0.000005709 0.298305305 0.701688985
QK:/rrc/rr: 0.000000000 0.000013095 0.999986905
QQ:/cc/: 0.565617989 0.434382011 0.000000000
QQ:/cc/cr: 0.999970386 0.000014807 0.000014807
QQ:/cc/rr: 0.000000000 0.999982943 0.000017057
QQ:/crc/: 0.990989644 0.009010356 0.000000000
QQ:/crc/cr: 0.999439303 0.000280348 0.000280348
QQ:/crc/rr: 0.000000000 0.999996176 0.000003824
QQ:/crrc/: 0.039135177 0.960864823 0.000000000
QQ:/crrc/cr: 0.999970495 0.000014752 0.000014752
QQ:/crrc/rr: 0.000000000 0.999456693 0.000543307
QQ:/rc/: 0.512928026 0.487071974 0.000000000
QQ:/rc/cr: 0.999990763 0.000004619 0.000004619
QQ:/rc/rr: 0.000000000 0.999993421 0.000006579
QQ:/rrc/: 0.977907028 0.022092972 0.000000000
QQ:/rrc/cr: 0.999898175 0.000050913 0.000050913
QQ:/rrc/rr: 0.000000000 0.999998275 0.000001725
