J:/: 0.077573678 0.922426322 0.000000000
J:/cr: 0.017682352 0.036356761 0.945960888
J:/rr: 0.000000000 0.999935545 0.000064455
JJ:/cc/: 0.000303142 0.999696858 0.000000000
JJ:/cc/cr: 0.999996385 0.000001807 0.000001807
JJ:/cc/rr: 0.000000000 0.991059484 0.008940516
JJ:/crc/: 0.948626576 0.051373424 0.000000000
JJ:/crc/cr: 0.999355086 0.000322457 0.000322457
JJ:/crc/rr: 0.000000000 0.999973806 0.000026194
JJ:/crrc/: 0.998263016 0.001736984 0.000000000
JJ:/crrc/cr: 0.960781599 0.019609201 0.019609201
JJ:/crrc/rr: 0.000000000 0.999948820 0.000051180
JJ:/rc/: 0.882329484 0.117670516 0.000000000
JJ:/rc/cr: 0.999634829 0.000182586 0.000182586
JJ:/rc/rr: 0.000000000 0.999963475 0.000036525
JJ:/rrc/: 0.999191272 0.000808728 0.000000000
JJ:/rrc/cr: 0.973431946 0.013284027 0.013284027
JJ:/rrc/rr: 0.000000000 0.999983872 0.000016128
JK:/cc/: 0.073075700 0.926924300 0.000000000
JK:/cc/cr: 0.000224104 0.000001949 0.999773947
JK:/cc/rr: 0.000000000 0.000037088 0.999962912
JK:/crc/: 0.038934537 0.961065463 0.000000000
JK:/crc/cr: 0.005670878 0.000017237 0.994311885
JK:/crc/rr: 0.000000000 0.000638215 0.999361785
JK:/crrc/: 0.999897817 0.000102183 0.000000000
JK:/crrc/cr: 0.333333333 0.333333333 0.333333333
JK:/crrc/rr: 0.000000000 0.000051097 0.999948903
JK:/rc/: 0.996065317 0.003934683 0.000000000
JK:/rc/cr: 0.945477740 0.005460402 0.049061858
JK:/rc/rr: 0.000000000 0.000032355 0.999967645
JK:/rrc/: 0.502104935 0.497895065 0.000000000
JK:/rrc/cr: 0.780809682 0.000021577 0.219168741
JK:/rrc/rr: 0.000000000 0.000032094 0.999967906
JQ:/cc/: 0.196877664 0.803122336 0.000000000
JQ:/cc/cr: 0.000003724 0.000002250 0.999994027
JQ:/cc/rr: 0.000000000 0.000013766 0.999986234
JQ:/crc/: 0.986740751 0.013259249 0.000000000
JQ:/crc/cr: 0.545784059 0.001249372 0.452966569
JQ:/crc/rr: 0.000000000 0.000025182 0.999974818
JQ:/crrc/: 0.026749071 0.973250929 0.000000000
JQ:/crrc/cr: 0.216335723 0.000034997 0.783629280
JQ:/crrc/rr: 0.000000000 0.001910022 0.998089978
JQ:/rc/: 0.995413889 0.004586111 0.000000000
JQ:/rc/cr: 0.004684786 0.004684786 0.990630427
JQ:/rc/rr: 0.000000000 0.000032376 0.999967624
JQ:/rrc/: 0.127810471 0.872189529 0.000000000
JQ:/rrc/cr: 0.000971598 0.000012317 0.999016084
JQ:/rrc/rr: 0.000000000 0.000126083 0.999873917
K:/: 0.757595068 0.242404932 0.000000000
K:/cr: 0.682301303 0.317684945 0.000013751
K:/rr: 0.000000000 0.999993400 0.000006600
KJ:/cc/: 0.000051109 0.999948891 0.000000000
KJ:/cc/cr: 0.000050043 0.000010348 0.999939609
KJ:/cc/rr: 0.000000000 0.798210464 0.201789536
KJ:/crc/: 0.000080306 0.999919694 0.000000000
KJ:/crc/cr: 0.000033166 0.999959620 0.000007215
KJ:/crc/rr: 0.000000000 0.865249195 0.134750805
KJ:/crrc/: 0.070361394 0.929638606 0.000000000
KJ:/crrc/cr: 0.000004279 0.999848979 0.000146741
KJ:/crrc/rr: 0.000000000 0.400322864 0.599677136
KJ:/rc/: 0.065635702 0.934364298 0.000000000
KJ:/rc/cr: 0.006645583 0.963666327 0.029688089
KJ:/rc/rr: 0.000000000 0.301760566 0.698239434
KJ:/rrc/: 0.119274328 0.880725672 0.000000000
KJ:/rrc/cr: 0.000042697 0.999680793 0.000276510
KJ:/rrc/rr: 0.000000000 0.644167947 0.355832053
KK:/cc/: 0.997631977 0.002368023 0.000000000
KK:/cc/cr: 0.994193006 0.002903497 0.002903497
KK:/cc/rr: 0.000000000 0.999989662 0.000010338
KK:/crc/: 0.088169271 0.911830729 0.000000000
KK:/crc/cr: 0.999984176 0.000007912 0.000007912
KK:/crc/rr: 0.000000000 0.999877266 0.000122734
KK:/crrc/: 0.994495429 0.005504571 0.000000000
KK:/crrc/cr: 0.998779560 0.000610220 0.000610220
KK:/crrc/rr: 0.000000000 0.999994934 0.000005066
KK:/rc/: 0.849070951 0.150929049 0.000000000
KK:/rc/cr: 0.999970848 0.000014576 0.000014576
KK:/rc/rr: 0.000000000 0.999996113 0.000003887
KK:/rrc/: 0.521810421 0.478189579 0.000000000
KK:/rrc/cr: 0.999995399 0.000002300 0.000002300
KK:/rrc/rr: 0.000000000 0.999996838 0.000003162
KQ:/cc/: 0.000056553 0.999943447 0.000000000
KQ:/cc/cr: 0.000045910 0.430444540 0.569509551
KQ:/cc/rr: 0.000000000 0.817635873 0.182364127
KQ:/crc/: 0.862643786 0.137356214 0.000000000
KQ:/crc/cr: 0.000336783 0.717280752 0.282382465
KQ:/crc/rr: 0.000000000 0.000030014 0.999969986
KQ:/crrc/: 0.003487332 0.996512668 0.000000000
KQ:/crrc/cr: 0.002060843 0.688790993 0.309148164
KQ:/crrc/rr: 0.000000000 0.131665832 0.868334168
KQ:/rc/: 0.000033342 0.999966658 0.000000000
KQ:/rc/cr: 0.000025068 0.487901726 0.512073206
KQ:/rc/rr: 0.000000000 0.901029432 0.098970568
KQ:/rrc/: 0.700153411 0.299846589 0.000000000
KQ:/rrc/cr: 0.035849185 0.819336248 0.144814567
KQ:/rrc/rr: 0.000000000 0.397300124 0.602699876
Q:/: 0.745830105 0.254169895 0.000000000
Q:/cr: 0.158425939 0.840859035 0.000715026
Q:/rr: 0.000000000 0.999993296 0.000006704
QJ:/cc/: 0.000019672 0.999980328 0.000000000
QJ:/cc/cr: 0.000006557 0.000006557 0.999986885
QJ:/cc/rr: 0.000000000 0.500000000 0.500000000
QJ:/crc/: 0.029629870 0.970370130 0.000000000
QJ:/crc/cr: 0.002122925 0.000002679 0.997874397
QJ:/crc/rr: 0.000000000 0.000131596 0.999868404
QJ:/crrc/: 0.007775036 0.992224964 0.000000000
QJ:/crrc/cr: 0.000179729 0.000013905 0.999806366
QJ:/crrc/rr: 0.000000000 0.002661742 0.997338258
QJ:/rc/: 0.007709189 0.992290811 0.000000000
QJ:/rc/cr: 0.000002252 0.000002252 0.999995496
QJ:/rc/rr: 0.000000000 0.000434802 0.999565198
QJ:/rrc/: 0.000003352 0.999996648 0.000000000
QJ:/rrc/cr: 0.000001117 0.000001117 0.999997765
QJ:/rrc/rr: 0.000000000 0.500000000 0.500000000
QK:/cc/: 0.552989765 0.447010235 0.000000000
QK:/cc/cr: 0.115643403 0.884329533 0.000027065
QK:/cc/rr: 0.000000000 0.999982213 0.000017787
QK:/crc/: 0.003684820 0.996315180 0.000000000
QK:/crc/cr: 0.000002609 0.561114794 0.438882597
QK:/crc/rr: 0.000000000 0.001058169 0.998941831
QK:/crrc/: 0.950731964 0.049268036 0.000000000
QK:/crrc/cr: 0.000608003 0.672479488 0.326912509
QK:/crrc/rr: 0.000000000 0.000597569 0.999402431
QK:/rc/: 0.442960393 0.557039607 0.000000000
QK:/rc/cr: 0.029044351 0.530234664 0.440720985
QK:/rc/rr: 0.000000000 0.187917802 0.812082198
QK:/rrc/: 0.123015141 0.876984859 0.000000000
QK:/rrc/cr: 0.000001274 0.303439443 0.696559283
QK:/rrc/rr: 0.000000000 0.000426553 0.999573447
QQ:/cc/: 0.548484197 0.451515803 0.000000000
QQ:/cc/cr: 0.999970954 0.000014523 0.000014523
QQ:/cc/rr: 0.000000000 0.999982067 0.000017933
QQ:/crc/: 0.992649972 0.007350028 0.000000000
QQ:/crc/cr: 0.999292671 0.000353664 0.000353664
QQ:/crc/rr: 0.000000000 0.999996072 0.000003928
QQ:/crrc/: 0.066384896 0.933615104 0.000000000
QQ:/crrc/cr: 0.999970444 0.000014778 0.000014778
QQ:/crrc/rr: 0.000000000 0.999688255 0.000311745
QQ:/rc/: 0.514998161 0.485001839 0.000000000
QQ:/rc/cr: 0.999990785 0.000004608 0.000004608
QQ:/rc/rr: 0.000000000 0.999993491 0.000006509
QQ:/rrc/: 0.971027491 0.028972509 0.000000000
QQ:/rrc/cr: 0.999922870 0.000038565 0.000038565
QQ:/rrc/rr: 0.000000000 0.999998274 0.000001726
