J:/: 0.073354997 0.926645003 0.000000000
J:/cr: 0.017973563 0.034756646 0.947269791
J:/rr: 0.000000000 0.999931838 0.000068162
JJ:/cc/: 0.000120833 0.999879167 0.000000000
JJ:/cc/cr: 0.999996402 0.000001799 0.000001799
JJ:/cc/rr: 0.000000000 0.977672392 0.022327608
JJ:/crc/: 0.994332364 0.005667636 0.000000000
JJ:/crc/cr: 0.993912986 0.003043507 0.003043507
JJ:/crc/rr: 0.000000000 0.999973978 0.000026022
JJ:/crrc/: 0.974205258 0.025794742 0.000000000
JJ:/crrc/cr: 0.997413701 0.001293150 0.001293150
JJ:/crrc/rr: 0.000000000 0.999948641 0.000051359
JJ:/rc/: 0.960419863 0.039580137 0.000000000
JJ:/rc/cr: 0.998851921 0.000574039 0.000574039
JJ:/rc/rr: 0.000000000 0.999964515 0.000035485
JJ:/rrc/: 0.999965917 0.000034083 0.000000000
JJ:/rrc/cr: 0.333333333 0.333333333 0.333333333
JJ:/rrc/rr: 0.000000000 0.999982958 0.000017042
JK:/cc/: 0.079399422 0.920600578 0.000000000
JK:/cc/cr: 0.000001954 0.000001954 0.999996093
JK:/cc/rr: 0.000000000 0.000033979 0.999966021
JK:/crc/: 0.066265671 0.933734329 0.000000000
JK:/crc/cr: 0.023861927 0.000018474 0.976119599
JK:/crc/rr: 0.000000000 0.000390462 0.999609538
JK:/crrc/: 0.999899931 0.000100069 0.000000000
JK:/crrc/cr: 0.333333333 0.333333333 0.333333333
JK:/crrc/rr: 0.000000000 0.000050040 0.999949960
JK:/rc/: 0.999931838 0.000068162 0.000000000
JK:/rc/cr: 0.333333333 0.333333333 0.333333333
JK:/rc/rr: 0.000000000 0.000034083 0.999965917
JK:/rrc/: 0.547942039 0.452057961 0.000000000
JK:/rrc/cr: 0.970354893 0.000025132 0.029619975
JK:/rrc/rr: 0.000000000 0.000031101 0.999968899
JQ:/cc/: 0.191857218 0.808142782 0.000000000
JQ:/cc/cr: 0.000002226 0.000002226 0.999995549
JQ:/cc/rr: 0.000000000 0.000014062 0.999985938
JQ:/crc/: 0.997584482 0.002415518 0.000000000
JQ:/crc/cr: 0.007141114 0.007141114 0.985717771
JQ:/crc/rr: 0.000000000 0.000025937 0.999974063
JQ:/crrc/: 0.031788304 0.968211696 0.000000000
JQ:/crrc/cr: 0.154732584 0.000034452 0.845232965
JQ:/crrc/rr: 0.000000000 0.001573997 0.998426003
JQ:/rc/: 0.998690711 0.001309289 0.000000000
JQ:/rc/cr: 0.017353351 0.017353351 0.965293297
JQ:/rc/rr: 0.000000000 0.000034126 0.999965874
JQ:/rrc/: 0.134858051 0.865141949 0.000000000
JQ:/rrc/cr: 0.000013132 0.000013132 0.999973736
JQ:/rrc/rr: 0.000000000 0.000126367 0.999873633
K:/: 0.758150740 0.241849260 0.000000000
K:/cr: 0.679357489 0.320628728 0.000013783
K:/rr: 0.000000000 0.999993405 0.000006595
KJ:/cc/: 0.000020674 0.999979326 0.000000000
KJ:/cc/cr: 0.000006891 0.000006891 0.999986217
KJ:/cc/rr: 0.000000000 0.500000000 0.500000000
KJ:/crc/: 0.000021493 0.999978507 0.000000000
KJ:/crc/cr: 0.000007165 0.999985671 0.000007165
KJ:/crc/rr: 0.000000000 0.500000000 0.500000000
KJ:/crrc/: 0.064144732 0.935855268 0.000000000
KJ:/crrc/cr: 0.000003613 0.999888579 0.000107808
KJ:/crrc/rr: 0.000000000 0.389839551 0.610160449
KJ:/rc/: 0.075704341 0.924295659 0.000000000
KJ:/rc/cr: 0.002247017 0.990018520 0.007734463
KJ:/rc/rr: 0.000000000 0.343378584 0.656621416
KJ:/rrc/: 0.085672545 0.914327455 0.000000000
KJ:/rrc/cr: 0.000001788 0.999997010 0.000001202
KJ:/rrc/rr: 0.000000000 0.546936122 0.453063878
KK:/cc/: 0.999820018 0.000179982 0.000000000
KK:/cc/cr: 0.923421636 0.038289182 0.038289182
KK:/cc/rr: 0.000000000 0.999989661 0.000010339
KK:/crc/: 0.143098622 0.856901378 0.000000000
KK:/crc/cr: 0.999983278 0.000008361 0.000008361
KK:/crc/rr: 0.000000000 0.999924901 0.000075099
KK:/crrc/: 0.999821657 0.000178343 0.000000000
KK:/crrc/cr: 0.962080846 0.018959577 0.018959577
KK:/crrc/rr: 0.000000000 0.999994927 0.000005073
KK:/rc/: 0.807491922 0.192508078 0.000000000
KK:/rc/cr: 0.999977161 0.000011419 0.000011419
KK:/rc/rr: 0.000000000 0.999995916 0.000004084
KK:/rrc/: 0.523756405 0.476243595 0.000000000
KK:/rrc/cr: 0.999995384 0.000002308 0.000002308
KK:/rrc/rr: 0.000000000 0.999996852 0.000003148
KQ:/cc/: 0.000020674 0.999979326 0.000000000
KQ:/cc/cr: 0.000006891 0.431347133 0.568645976
KQ:/cc/rr: 0.000000000 0.500000000 0.500000000
KQ:/crc/: 0.883984035 0.116015965 0.000000000
KQ:/crc/cr: 0.000061754 0.867029612 0.132908635
KQ:/crc/rr: 0.000000000 0.000012157 0.999987843
KQ:/crrc/: 0.006748241 0.993251759 0.000000000
KQ:/crrc/cr: 0.010487111 0.730684573 0.258828316
KQ:/crrc/rr: 0.000000000 0.495112570 0.504887430
KQ:/rc/: 0.000006595 0.999993405 0.000000000
KQ:/rc/cr: 0.000020134 0.487354713 0.512625153
KQ:/rc/rr: 0.000000000 0.500000000 0.500000000
KQ:/rrc/: 0.707363830 0.292636170 0.000000000
KQ:/rrc/cr: 0.008590199 0.961833188 0.029576612
KQ:/rrc/rr: 0.000000000 0.388416828 0.611583172
Q:/: 0.747125047 0.252874953 0.000000000
Q:/cr: 0.153934383 0.845974673 0.000090944
Q:/rr: 0.000000000 0.999993308 0.000006692
QJ:/cc/: 0.000019773 0.999980227 0.000000000
QJ:/cc/cr: 0.000006591 0.000006591 0.999986818
QJ:/cc/rr: 0.000000000 0.500000000 0.500000000
QJ:/crc/: 0.032509640 0.967490360 0.000000000
QJ:/crc/cr: 0.000203440 0.000002684 0.999793876
QJ:/crc/rr: 0.000000000 0.000119824 0.999880176
QJ:/crrc/: 0.010741115 0.989258885 0.000000000
QJ:/crrc/cr: 0.000014427 0.000014427 0.999971146
QJ:/crrc/rr: 0.000000000 0.001993095 0.998006905
QJ:/rc/: 0.007196739 0.992803261 0.000000000
QJ:/rc/cr: 0.000002247 0.000002247 0.999995506
QJ:/rc/rr: 0.000000000 0.000464955 0.999535045
QJ:/rrc/: 0.000003346 0.999996654 0.000000000
QJ:/rrc/cr: 0.000001115 0.000001115 0.999997769
QJ:/rrc/rr: 0.000000000 0.500000000 0.500000000
QK:/cc/: 0.483129454 0.516870546 0.000000000
QK:/cc/cr: 0.017842683 0.982144027 0.000013290
QK:/cc/rr: 0.000000000 0.999979537 0.000020463
QK:/crc/: 0.000009635 0.999990365 0.000000000
QK:/crc/cr: 0.000002833 0.564373485 0.435623682
QK:/crc/rr: 0.000000000 0.595714681 0.404285319
QK:/crrc/: 0.998145279 0.001854721 0.000000000
QK:/crrc/cr: 0.008355405 0.654640941 0.337003655
QK:/crrc/rr: 0.000000000 0.000543536 0.999456464
QK:/rc/: 0.439832274 0.560167726 0.000000000
QK:/rc/cr: 0.002980261 0.523235855 0.473783884
QK:/rc/rr: 0.000000000 0.208784716 0.791215284
QK:/rrc/: 0.123690911 0.876309089 0.000000000
QK:/rrc/cr: 0.000009330 0.287889650 0.712101021
QK:/rrc/rr: 0.000000000 0.000013526 0.999986474
QQ:/cc/: 0.529327779 0.470672221 0.000000000
QQ:/cc/cr: 0.999971994 0.000014003 0.000014003
QQ:/cc/rr: 0.000000000 0.999981323 0.000018677
QQ:/crc/: 0.996916184 0.003083816 0.000000000
QQ:/crc/cr: 0.998315753 0.000842124 0.000842124
QQ:/crc/rr: 0.000000000 0.999996093 0.000003907
QQ:/crrc/: 0.144034489 0.855965511 0.000000000
QQ:/crrc/cr: 0.999966653 0.000016674 0.000016674
QQ:/crrc/rr: 0.000000000 0.999851369 0.000148631
QQ:/rc/: 0.492250989 0.507749011 0.000000000
QQ:/rc/cr: 0.999989473 0.000006134 0.000004393
QQ:/rc/rr: 0.000000000 0.999993202 0.000006798
QQ:/rrc/: 0.993606102 0.006393898 0.000000000
QQ:/rrc/cr: 0.999651107 0.000174447 0.000174447
QQ:/rrc/rr: 0.000000000 0.999998316 0.000001684
