J:/: 0.077582453 0.922417547 0.000000000
J:/cr: 0.018397887 0.033879238 0.947722876
J:/rr: 0.000000000 0.999935552 0.000064448
JJ:/cc/: 0.000268593 0.999731407 0.000000000
JJ:/cc/cr: 0.999996385 0.000001807 0.000001807
JJ:/cc/rr: 0.000000000 0.989909374 0.010090626
JJ:/crc/: 0.918860201 0.081139799 0.000000000
JJ:/crc/cr: 0.999561810 0.000219095 0.000219095
JJ:/crc/rr: 0.000000000 0.999970979 0.000029021
JJ:/crrc/: 0.961009960 0.038990040 0.000000000
JJ:/crrc/cr: 0.998320777 0.000839611 0.000839611
JJ:/crrc/rr: 0.000000000 0.999948903 0.000051097
JJ:/rc/: 0.905479352 0.094520648 0.000000000
JJ:/rc/cr: 0.999545443 0.000227279 0.000227279
JJ:/rc/rr: 0.000000000 0.999964412 0.000035588
JJ:/rrc/: 0.997100113 0.002899887 0.000000000
JJ:/rrc/cr: 0.992591468 0.003704266 0.003704266
JJ:/rrc/rr: 0.000000000 0.999983840 0.000016160
JK:/cc/: 0.075465890 0.924534110 0.000000000
JK:/cc/cr: 0.000999332 0.000001954 0.998998714
JK:/cc/rr: 0.000000000 0.000035914 0.999964086
JK:/crc/: 0.059427918 0.940572082 0.000000000
JK:/crc/cr: 0.052282135 0.000018901 0.947698964
JK:/crc/rr: 0.000000000 0.000448711 0.999551289
JK:/crrc/: 0.999901791 0.000098209 0.000000000
JK:/crrc/cr: 0.333333333 0.333333333 0.333333333
JK:/crrc/rr: 0.000000000 0.000049110 0.999950890
JK:/rc/: 0.993253019 0.006746981 0.000000000
JK:/rc/cr: 0.930005025 0.003184020 0.066810955
JK:/rc/rr: 0.000000000 0.000032443 0.999967557
JK:/rrc/: 0.526656506 0.473343494 0.000000000
JK:/rrc/cr: 0.872227157 0.000022694 0.127750149
JK:/rrc/rr: 0.000000000 0.000030595 0.999969405
JQ:/cc/: 0.168645416 0.831354584 0.000000000
JQ:/cc/cr: 0.000004132 0.000002173 0.999993695
JQ:/cc/rr: 0.000000000 0.000016071 0.999983929
JQ:/crc/: 0.991281034 0.008718966 0.000000000
JQ:/crc/cr: 0.296805218 0.002038925 0.701155856
JQ:/crc/rr: 0.000000000 0.000026901 0.999973099
JQ:/crrc/: 0.017841672 0.982158328 0.000000000
JQ:/crrc/cr: 0.230674776 0.000033331 0.769291893
JQ:/crrc/rr: 0.000000000 0.002752249 0.997247751
JQ:/rc/: 0.990209611 0.009790389 0.000000000
JQ:/rc/cr: 0.002194246 0.002194246 0.995611508
JQ:/rc/rr: 0.000000000 0.000032542 0.999967458
JQ:/rrc/: 0.159575711 0.840424289 0.000000000
JQ:/rrc/cr: 0.001975216 0.000012782 0.998012002
JQ:/rrc/rr: 0.000000000 0.000100974 0.999899026
K:/: 0.754441622 0.245558378 0.000000000
K:/cr: 0.707958100 0.292028326 0.000013575
K:/rr: 0.000000000 0.999993373 0.000006627
KJ:/cc/: 0.000051640 0.999948360 0.000000000
KJ:/cc/cr: 0.000049089 0.000009862 0.999941049
KJ:/cc/rr: 0.000000000 0.802848748 0.197151252
KJ:/crc/: 0.000052176 0.999947824 0.000000000
KJ:/crc/cr: 0.000034412 0.999957840 0.000007748
KJ:/crc/rr: 0.000000000 0.777275927 0.222724073
KJ:/crrc/: 0.071615555 0.928384445 0.000000000
KJ:/crrc/cr: 0.004651879 0.989433547 0.005914574
KJ:/crrc/rr: 0.000000000 0.772427967 0.227572033
KJ:/rc/: 0.072643683 0.927356317 0.000000000
KJ:/rc/cr: 0.008160972 0.965734357 0.026104671
KJ:/rc/rr: 0.000000000 0.422772523 0.577227477
KJ:/rrc/: 0.084726677 0.915273323 0.000000000
KJ:/rrc/cr: 0.004867965 0.994561368 0.000570666
KJ:/rrc/rr: 0.000000000 0.489665579 0.510334421
KK:/cc/: 0.976115046 0.023884954 0.000000000
KK:/cc/cr: 0.999431671 0.000284164 0.000284164
KK:/cc/rr: 0.000000000 0.999989570 0.000010430
KK:/crc/: 0.165063200 0.834936800 0.000000000
KK:/crc/cr: 0.999981442 0.000009279 0.000009279
KK:/crc/rr: 0.000000000 0.999929597 0.000070403
KK:/crrc/: 0.987255667 0.012744333 0.000000000
KK:/crrc/cr: 0.999498492 0.000250754 0.000250754
KK:/crrc/rr: 0.000000000 0.999995145 0.000004855
KK:/rc/: 0.858222092 0.141777908 0.000000000
KK:/rc/cr: 0.999968837 0.000015582 0.000015582
KK:/rc/rr: 0.000000000 0.999996139 0.000003861
KK:/rrc/: 0.530922811 0.469077189 0.000000000
KK:/rrc/cr: 0.999995290 0.000002355 0.000002355
KK:/rrc/rr: 0.000000000 0.999996879 0.000003121
KQ:/cc/: 0.000056071 0.999943929 0.000000000
KQ:/cc/cr: 0.000044687 0.426449439 0.573505874
KQ:/cc/rr: 0.000000000 0.818429620 0.181570380
KQ:/crc/: 0.911652591 0.088347409 0.000000000
KQ:/crc/cr: 0.000556067 0.518866039 0.480577894
KQ:/crc/rr: 0.000000000 0.000033743 0.999966257
KQ:/crrc/: 0.005205370 0.994794630 0.000000000
KQ:/crrc/cr: 0.008109488 0.680075306 0.311815206
KQ:/crrc/rr: 0.000000000 0.314250042 0.685749958
KQ:/rc/: 0.000027958 0.999972042 0.000000000
KQ:/rc/cr: 0.000028947 0.491878506 0.508092547
KQ:/rc/rr: 0.000000000 0.881474942 0.118525058
KQ:/rrc/: 0.683854468 0.316145532 0.000000000
KQ:/rrc/cr: 0.042114651 0.839778383 0.118106966
KQ:/rrc/rr: 0.000000000 0.381034122 0.618965878
Q:/: 0.750352101 0.249647899 0.000000000
Q:/cr: 0.177886266 0.821160070 0.000953664
Q:/rr: 0.000000000 0.999993336 0.000006664
QJ:/cc/: 0.000020028 0.999979972 0.000000000
QJ:/cc/cr: 0.000006676 0.000006676 0.999986648
QJ:/cc/rr: 0.000000000 0.500000000 0.500000000
QJ:/crc/: 0.033076184 0.966923816 0.000000000
QJ:/crc/cr: 0.005786797 0.000002803 0.994210400
QJ:/crc/rr: 0.000000000 0.000122899 0.999877101
QJ:/crrc/: 0.011908377 0.988091623 0.000000000
QJ:/crrc/cr: 0.000060490 0.000012661 0.999926849
QJ:/crrc/rr: 0.000000000 0.001575781 0.998424219
QJ:/rc/: 0.008580082 0.991419918 0.000000000
QJ:/rc/cr: 0.000002426 0.000002240 0.999995333
QJ:/rc/rr: 0.000000000 0.000388314 0.999611686
QJ:/rrc/: 0.000003332 0.999996668 0.000000000
QJ:/rrc/cr: 0.000001111 0.000001111 0.999997779
QJ:/rrc/rr: 0.000000000 0.500000000 0.500000000
QK:/cc/: 0.503107543 0.496892457 0.000000000
QK:/cc/cr: 0.417012247 0.582945990 0.000041763
QK:/cc/rr: 0.000000000 0.999980096 0.000019904
QK:/crc/: 0.003390616 0.996609384 0.000000000
QK:/crc/cr: 0.000002759 0.558410677 0.441586564
QK:/crc/rr: 0.000000000 0.001234126 0.998765874
QK:/crrc/: 0.916112229 0.083887771 0.000000000
QK:/crrc/cr: 0.000329415 0.785643092 0.214027492
QK:/crrc/rr: 0.000000000 0.000567110 0.999432890
QK:/rc/: 0.464832362 0.535167638 0.000000000
QK:/rc/cr: 0.038920135 0.507307828 0.453772037
QK:/rc/rr: 0.000000000 0.199951331 0.800048669
QK:/rrc/: 0.121447898 0.878552102 0.000000000
QK:/rrc/cr: 0.000001647 0.305578531 0.694419821
QK:/rrc/rr: 0.000000000 0.000344449 0.999655551
QQ:/cc/: 0.491897678 0.508102322 0.000000000
QQ:/cc/cr: 0.999973722 0.000013139 0.000013139
QQ:/cc/rr: 0.000000000 0.999979642 0.000020358
QQ:/crc/: 0.991535909 0.008464091 0.000000000
QQ:/crc/cr: 0.999359644 0.000320178 0.000320178
QQ:/crc/rr: 0.000000000 0.999995900 0.000004100
QQ:/crrc/: 0.067622537 0.932377463 0.000000000
QQ:/crrc/cr: 0.999973165 0.000013417 0.000013417
QQ:/crrc/rr: 0.000000000 0.999722504 0.000277496
QQ:/rc/: 0.518269058 0.481730942 0.000000000
QQ:/rc/cr: 0.999990778 0.000004611 0.000004611
QQ:/rc/rr: 0.000000000 0.999993571 0.000006429
QQ:/rrc/: 0.978986765 0.021013235 0.000000000
QQ:/rrc/cr: 0.999894295 0.000052852 0.000052852
QQ:/rrc/rr: 0.000000000 0.999998298 0.000001702
