J:/: 0.079598622 0.920401378 0.000000000
J:/cr: 0.018230412 0.035842016 0.945927571
J:/rr: 0.000000000 0.999937185 0.000062815
JJ:/cc/: 0.000298150 0.999701850 0.000000000
JJ:/cc/cr: 0.999996377 0.000001811 0.000001811
JJ:/cc/rr: 0.000000000 0.990889805 0.009110195
JJ:/crc/: 0.954490254 0.045509746 0.000000000
JJ:/crc/cr: 0.999259912 0.000370044 0.000370044
JJ:/crc/rr: 0.000000000 0.999973535 0.000026465
JJ:/crrc/: 0.962670162 0.037329838 0.000000000
JJ:/crrc/cr: 0.998226106 0.000886947 0.000886947
JJ:/crrc/rr: 0.000000000 0.999948410 0.000051590
JJ:/rc/: 0.858494669 0.141505331 0.000000000
JJ:/rc/cr: 0.999704062 0.000147969 0.000147969
JJ:/rc/rr: 0.000000000 0.999963416 0.000036584
JJ:/rrc/: 0.996063010 0.003936990 0.000000000
JJ:/rrc/cr: 0.994681291 0.002659354 0.002659354
JJ:/rrc/rr: 0.000000000 0.999984233 0.000015767
JK:/cc/: 0.079144873 0.920855127 0.000000000
JK:/cc/cr: 0.000647704 0.000001966 0.999350329
JK:/cc/rr: 0.000000000 0.000034319 0.999965681
JK:/crc/: 0.081855731 0.918144269 0.000000000
JK:/crc/cr: 0.072061994 0.000018342 0.927919664
JK:/crc/rr: 0.000000000 0.000308603 0.999691397
JK:/crrc/: 0.999818039 0.000181961 0.000000000
JK:/crrc/cr: 0.181959358 0.181959358 0.636081284
JK:/crrc/rr: 0.000000000 0.000049673 0.999950327
JK:/rc/: 0.989133205 0.010866795 0.000000000
JK:/rc/cr: 0.843101420 0.001926822 0.154971757
JK:/rc/rr: 0.000000000 0.000031753 0.999968247
JK:/rrc/: 0.521338135 0.478661865 0.000000000
JK:/rrc/cr: 0.781120538 0.000021873 0.218857589
JK:/rrc/rr: 0.000000000 0.000030124 0.999969876
JQ:/cc/: 0.175177552 0.824822448 0.000000000
JQ:/cc/cr: 0.000007999 0.000002195 0.999989806
JQ:/cc/rr: 0.000000000 0.000015505 0.999984495
JQ:/crc/: 0.989959091 0.010040909 0.000000000
JQ:/crc/cr: 0.349677785 0.001677200 0.648645015
JQ:/crc/rr: 0.000000000 0.000025517 0.999974483
JQ:/crrc/: 0.030866666 0.969133334 0.000000000
JQ:/crrc/cr: 0.175958242 0.000034164 0.824007594
JQ:/crrc/rr: 0.000000000 0.001608997 0.998391003
JQ:/rc/: 0.997376154 0.002623846 0.000000000
JQ:/rc/cr: 0.007980035 0.007980035 0.984039930
JQ:/rc/rr: 0.000000000 0.000031490 0.999968510
JQ:/rrc/: 0.124039407 0.875960593 0.000000000
JQ:/rrc/cr: 0.003423545 0.000011952 0.996564503
JQ:/rrc/rr: 0.000000000 0.000126611 0.999873389
K:/: 0.756481888 0.243518112 0.000000000
K:/cr: 0.690905677 0.309080634 0.000013688
K:/rr: 0.000000000 0.999993390 0.000006610
KJ:/cc/: 0.000057723 0.999942277 0.000000000
KJ:/cc/cr: 0.000049569 0.000008741 0.999941690
KJ:/cc/rr: 0.000000000 0.822146416 0.177853584
KJ:/crc/: 0.000047410 0.999952590 0.000000000
KJ:/crc/cr: 0.000484990 0.999507629 0.000007382
KJ:/crc/rr: 0.000000000 0.766466981 0.233533019
KJ:/crrc/: 0.065855142 0.934144858 0.000000000
KJ:/crrc/cr: 0.008216330 0.978762640 0.013021030
KJ:/crrc/rr: 0.000000000 0.425736928 0.574263072
KJ:/rc/: 0.068075572 0.931924428 0.000000000
KJ:/rc/cr: 0.008393336 0.948149646 0.043457018
KJ:/rc/rr: 0.000000000 0.471168702 0.528831298
KJ:/rrc/: 0.088784642 0.911215358 0.000000000
KJ:/rrc/cr: 0.000346554 0.999111615 0.000541831
KJ:/rrc/rr: 0.000000000 0.539987545 0.460012455
KK:/cc/: 0.989353098 0.010646902 0.000000000
KK:/cc/cr: 0.998714346 0.000642827 0.000642827
KK:/cc/rr: 0.000000000 0.999989623 0.000010377
KK:/crc/: 0.223881094 0.776118906 0.000000000
KK:/crc/cr: 0.999980979 0.000009510 0.000009510
KK:/crc/rr: 0.000000000 0.999950546 0.000049454
KK:/crrc/: 0.987342789 0.012657211 0.000000000
KK:/crrc/cr: 0.999478242 0.000260879 0.000260879
KK:/crrc/rr: 0.000000000 0.999994984 0.000005016
KK:/rc/: 0.847851569 0.152148431 0.000000000
KK:/rc/cr: 0.999971039 0.000014480 0.000014480
KK:/rc/rr: 0.000000000 0.999996102 0.000003898
KK:/rrc/: 0.519723608 0.480276392 0.000000000
KK:/rrc/cr: 0.999995413 0.000002294 0.000002294
KK:/rrc/rr: 0.000000000 0.999996821 0.000003179
KQ:/cc/: 0.000186469 0.999813531 0.000000000
KQ:/cc/cr: 0.000050575 0.427522813 0.572426612
KQ:/cc/rr: 0.000000000 0.944944193 0.055055807
KQ:/crc/: 0.853667337 0.146332663 0.000000000
KQ:/crc/cr: 0.000386307 0.635277435 0.364336258
KQ:/crc/rr: 0.000000000 0.000021606 0.999978394
KQ:/crrc/: 0.012269607 0.987730393 0.000000000
KQ:/crrc/cr: 0.013746678 0.678527668 0.307725654
KQ:/crrc/rr: 0.000000000 0.116933738 0.883066262
KQ:/rc/: 0.000724394 0.999275606 0.000000000
KQ:/rc/cr: 0.000027175 0.492423433 0.507549392
KQ:/rc/rr: 0.000000000 0.086919165 0.913080835
KQ:/rrc/: 0.687164355 0.312835645 0.000000000
KQ:/rrc/cr: 0.036760869 0.812233351 0.151005781
KQ:/rrc/rr: 0.000000000 0.403603913 0.596396087
Q:/: 0.742841782 0.257158218 0.000000000
Q:/cr: 0.168312981 0.830633309 0.001053710
Q:/rr: 0.000000000 0.999993269 0.000006731
QJ:/cc/: 0.000019443 0.999980557 0.000000000
QJ:/cc/cr: 0.000021708 0.000006481 0.999971810
QJ:/cc/rr: 0.000000000 0.500000000 0.500000000
QJ:/crc/: 0.030194837 0.969805163 0.000000000
QJ:/crc/cr: 0.002263163 0.000002682 0.997734155
QJ:/crc/rr: 0.000000000 0.000129204 0.999870796
QJ:/crrc/: 0.010766048 0.989233952 0.000000000
QJ:/crrc/cr: 0.000181246 0.000012975 0.999805779
QJ:/crrc/rr: 0.000000000 0.001788317 0.998211683
QJ:/rc/: 0.008974015 0.991025985 0.000000000
QJ:/rc/cr: 0.000003448 0.000002264 0.999994288
QJ:/rc/rr: 0.000000000 0.000375022 0.999624978
QJ:/rrc/: 0.000003365 0.999996635 0.000000000
QJ:/rrc/cr: 0.000001435 0.000001122 0.999997444
QJ:/rrc/rr: 0.000000000 0.500000000 0.500000000
QK:/cc/: 0.448598948 0.551401052 0.000000000
QK:/cc/cr: 0.015902099 0.984073091 0.000024809
QK:/cc/rr: 0.000000000 0.999978329 0.000021671
QK:/crc/: 0.020116613 0.979883387 0.000000000
QK:/crc/cr: 0.000002654 0.554204779 0.445792567
QK:/crc/rr: 0.000000000 0.000193934 0.999806066
QK:/crrc/: 0.906668010 0.093331990 0.000000000
QK:/crrc/cr: 0.000231396 0.521747520 0.478021084
QK:/crrc/rr: 0.000000000 0.000560799 0.999439201
QK:/rc/: 0.448265436 0.551734564 0.000000000
QK:/rc/cr: 0.030728620 0.519316188 0.449955192
QK:/rc/rr: 0.000000000 0.198668002 0.801331998
QK:/rrc/: 0.114174043 0.885825957 0.000000000
QK:/rrc/cr: 0.000001266 0.299990021 0.700008713
QK:/rrc/rr: 0.000000000 0.000710951 0.999289049
QQ:/cc/: 0.501201829 0.498798171 0.000000000
QQ:/cc/cr: 0.999974013 0.000012993 0.000012993
QQ:/cc/rr: 0.000000000 0.999980603 0.000019397
QQ:/crc/: 0.988341049 0.011658951 0.000000000
QQ:/crc/cr: 0.999553842 0.000223079 0.000223079
QQ:/crc/rr: 0.000000000 0.999996053 0.000003947
QQ:/crrc/: 0.129420724 0.870579276 0.000000000
QQ:/crrc/cr: 0.999970513 0.000014744 0.000014744
QQ:/crrc/rr: 0.000000000 0.999851236 0.000148764
QQ:/rc/: 0.543547267 0.456452733 0.000000000
QQ:/rc/cr: 0.999989135 0.000005950 0.000004915
QQ:/rc/rr: 0.000000000 0.999993808 0.000006192
QQ:/rrc/: 0.969845445 0.030154555 0.000000000
QQ:/rrc/cr: 0.999925595 0.000037203 0.000037203
QQ:/rrc/rr: 0.000000000 0.999998265 0.000001735
