J:/c: 0.288368392 0.711631608 0.000000000
J:/crr: 0.000000000 0.999982661 0.000017339
J:/r: 0.055049098 0.138915887 0.806035015
JJ:/cc/c: 0.999992974 0.000007026 0.000000000
JJ:/cc/crr: 0.000000000 0.999996487 0.000003513
JJ:/cc/r: 0.999990632 0.000004684 0.000004684
JJ:/crc/c: 0.999982661 0.000017339 0.000000000
JJ:/crc/crr: 0.000000000 0.999991330 0.000008670
JJ:/crc/r: 0.999938851 0.000049590 0.000011559
JJ:/crrc/c: 0.999991330 0.000008670 0.000000000
JJ:/crrc/crr: 0.000000000 0.999995665 0.000004335
JJ:/crrc/r: 0.999951108 0.000043113 0.000005780
JJ:/rc/c: 0.999976005 0.000023995 0.000000000
JJ:/rc/crr: 0.000000000 0.999988002 0.000011998
JJ:/rc/r: 0.999968006 0.000015997 0.000015997
JJ:/rrc/c: 0.999939448 0.000060552 0.000000000
JJ:/rrc/crr: 0.000000000 0.999969722 0.000030278
JJ:/rrc/r: 0.999919264 0.000040368 0.000040368
JK:/cc/c: 0.000007026 0.999992974 0.000000000
JK:/cc/crr: 0.000000000 0.500000000 0.500000000
JK:/cc/r: 0.000004684 0.000004684 0.999990632
JK:/crc/c: 0.529516604 0.470483396 0.000000000
JK:/crc/crr: 0.000000000 0.000016372 0.999983628
JK:/crc/r: 0.000071825 0.000011559 0.999916616
JK:/crrc/c: 0.507913739 0.492086261 0.000000000
JK:/crrc/crr: 0.000000000 0.000008535 0.999991465
JK:/crrc/r: 0.098951340 0.000005780 0.901042880
JK:/rc/c: 0.382765947 0.617234053 0.000000000
JK:/rc/crr: 0.000000000 0.000031345 0.999968655
JK:/rc/r: 0.369163774 0.000015997 0.630820229
JK:/rrc/c: 0.999939448 0.000060552 0.000000000
JK:/rrc/crr: 0.000000000 0.000030278 0.999969722
JK:/rrc/r: 0.217234747 0.000040368 0.782724885
JQ:/cc/c: 0.079705777 0.920294223 0.000000000
JQ:/cc/crr: 0.000000000 0.000044075 0.999955925
JQ:/cc/r: 0.032092190 0.000004684 0.967903126
JQ:/crc/c: 0.994931322 0.005068678 0.000000000
JQ:/crc/crr: 0.000000000 0.000008714 0.999991286
JQ:/crc/r: 0.092949664 0.000011559 0.907038777
JQ:/crrc/c: 0.057522599 0.942477401 0.000000000
JQ:/crrc/crr: 0.000000000 0.000075358 0.999924642
JQ:/crrc/r: 0.259288325 0.000005780 0.740705895
JQ:/rc/c: 0.999976005 0.000023995 0.000000000
JQ:/rc/crr: 0.000000000 0.000011998 0.999988002
JQ:/rc/r: 0.000015997 0.000015997 0.999968006
JQ:/rrc/c: 0.000060552 0.999939448 0.000000000
JQ:/rrc/crr: 0.000000000 0.500000000 0.500000000
JQ:/rrc/r: 0.332552299 0.000040368 0.667407333
K:/c: 0.999990000 0.000010000 0.000000000
K:/crr: 0.000000000 0.999995000 0.000005000
K:/r: 0.540529398 0.459463935 0.000006667
KJ:/cc/c: 0.500000000 0.500000000 0.000000000
KJ:/cc/crr: 0.000000000 0.500000000 0.500000000
KJ:/cc/r: 0.333333333 0.333333333 0.333333333
KJ:/crc/c: 0.076387219 0.923612781 0.000000000
KJ:/crc/crr: 0.000000000 0.999967272 0.000032728
KJ:/crc/r: 0.000003333 0.724764561 0.275232106
KJ:/crrc/c: 0.567293572 0.432706428 0.000000000
KJ:/crrc/crr: 0.000000000 0.999997797 0.000002203
KJ:/crrc/r: 0.124686285 0.875280930 0.000032785
KJ:/rc/c: 0.408656768 0.591343232 0.000000000
KJ:/rc/crr: 0.000000000 0.651674119 0.348325881
KJ:/rc/r: 0.000292593 0.841250061 0.158457346
KJ:/rrc/c: 0.082218465 0.917781535 0.000000000
KJ:/rrc/crr: 0.000000000 0.999962498 0.000037502
KJ:/rrc/r: 0.000014879 0.945904929 0.054080191
KK:/cc/c: 0.500000000 0.500000000 0.000000000
KK:/cc/crr: 0.000000000 0.500000000 0.500000000
KK:/cc/r: 0.333333333 0.333333333 0.333333333
KK:/crc/c: 0.999995000 0.000005000 0.000000000
KK:/crc/crr: 0.000000000 0.999997500 0.000002500
KK:/crc/r: 0.980562978 0.019433688 0.000003333
KK:/crrc/c: 0.999997500 0.000002500 0.000000000
KK:/crrc/crr: 0.000000000 0.999998750 0.000001250
KK:/crrc/r: 0.999316197 0.000682137 0.000001667
KK:/rc/c: 0.999992745 0.000007255 0.000000000
KK:/rc/crr: 0.000000000 0.999996373 0.000003627
KK:/rc/r: 0.999968531 0.000026632 0.000004837
KK:/rrc/c: 0.999993833 0.000006167 0.000000000
KK:/rrc/crr: 0.000000000 0.999996917 0.000003083
KK:/rrc/r: 0.996725844 0.003270044 0.000004111
KQ:/cc/c: 0.500000000 0.500000000 0.000000000
KQ:/cc/crr: 0.000000000 0.500000000 0.500000000
KQ:/cc/r: 0.333333333 0.333333333 0.333333333
KQ:/crc/c: 0.189487004 0.810512996 0.000000000
KQ:/crc/crr: 0.000000000 0.000574649 0.999425351
KQ:/crc/r: 0.000005730 0.421028318 0.578965952
KQ:/crrc/c: 0.575020436 0.424979564 0.000000000
KQ:/crrc/crr: 0.000000000 0.378768030 0.621231970
KQ:/crrc/r: 0.000057470 0.654127076 0.345815454
KQ:/rc/c: 0.000007255 0.999992745 0.000000000
KQ:/rc/crr: 0.000000000 0.500000000 0.500000000
KQ:/rc/r: 0.000004837 0.306213966 0.693781198
KQ:/rrc/c: 0.468380171 0.531619829 0.000000000
KQ:/rrc/crr: 0.000000000 0.568411043 0.431588957
KQ:/rrc/r: 0.086092566 0.566828097 0.347079338
Q:/c: 0.834735122 0.165264878 0.000000000
Q:/crr: 0.000000000 0.999994010 0.000005990
Q:/r: 0.306394163 0.693571408 0.000034429
QJ:/cc/c: 0.000030254 0.999969746 0.000000000
QJ:/cc/crr: 0.000000000 0.500000000 0.500000000
QJ:/cc/r: 0.000020170 0.000020170 0.999959661
QJ:/crc/c: 0.379337697 0.620662303 0.000000000
QJ:/crc/crr: 0.000000000 0.000058719 0.999941281
QJ:/crc/r: 0.000003993 0.000003993 0.999992013
QJ:/crrc/c: 0.000002995 0.999997005 0.000000000
QJ:/crrc/crr: 0.000000000 0.500000000 0.500000000
QJ:/crrc/r: 0.000006017 0.000001997 0.999991986
QJ:/rc/c: 0.000004806 0.999995194 0.000000000
QJ:/rc/crr: 0.000000000 0.500000000 0.500000000
QJ:/rc/r: 0.000005757 0.000003204 0.999991039
QJ:/rrc/c: 0.000010879 0.999989121 0.000000000
QJ:/rrc/crr: 0.000000000 0.500000000 0.500000000
QJ:/rrc/r: 0.000007253 0.000007253 0.999985494
QK:/cc/c: 0.001059624 0.998940376 0.000000000
QK:/cc/crr: 0.000000000 0.985723969 0.014276031
QK:/cc/r: 0.000020170 0.999656995 0.000322835
QK:/crc/c: 0.387421570 0.612578430 0.000000000
QK:/crc/crr: 0.000000000 0.000031981 0.999968019
QK:/crc/r: 0.000011753 0.551843307 0.448144940
QK:/crrc/c: 0.000002995 0.999997005 0.000000000
QK:/crrc/crr: 0.000000000 0.500000000 0.500000000
QK:/crrc/r: 0.000013376 0.328616953 0.671369670
QK:/rc/c: 0.379651185 0.620348815 0.000000000
QK:/rc/crr: 0.000000000 0.000006330 0.999993670
QK:/rc/r: 0.000003204 0.317933167 0.682063629
QK:/rrc/c: 0.405684403 0.594315597 0.000000000
QK:/rrc/crr: 0.000000000 0.000072279 0.999927721
QK:/rrc/r: 0.000007253 0.504643667 0.495349080
QQ:/cc/c: 0.999969746 0.000030254 0.000000000
QQ:/cc/crr: 0.000000000 0.999984872 0.000015128
QQ:/cc/r: 0.999667784 0.000312046 0.000020170
QQ:/crc/c: 0.999994010 0.000005990 0.000000000
QQ:/crc/crr: 0.000000000 0.999997005 0.000002995
QQ:/crc/r: 0.999659486 0.000336521 0.000003993
QQ:/crrc/c: 0.999997005 0.000002995 0.000000000
QQ:/crrc/crr: 0.000000000 0.999998503 0.000001497
QQ:/crrc/r: 0.999705215 0.000292788 0.000001997
QQ:/rc/c: 0.999995194 0.000004806 0.000000000
QQ:/rc/crr: 0.000000000 0.999997597 0.000002403
QQ:/rc/r: 0.999904318 0.000092478 0.000003204
QQ:/rrc/c: 0.999989121 0.000010879 0.000000000
QQ:/rrc/crr: 0.000000000 0.999994560 0.000005440
QQ:/rrc/r: 0.999984168 0.000008579 0.000007253
