J:/: 0.076659412 0.923340588 0.000000000
J:/cr: 0.018454165 0.033759316 0.947786519
J:/rr: 0.000000000 0.999934776 0.000065224
JJ:/cc/: 0.000284996 0.999715004 0.000000000
JJ:/cc/cr: 0.999996389 0.000001806 0.000001806
JJ:/cc/rr: 0.000000000 0.990499645 0.009500355
JJ:/crc/: 0.906998459 0.093001541 0.000000000
JJ:/crc/cr: 0.999616724 0.000191638 0.000191638
JJ:/crc/rr: 0.000000000 0.999970525 0.000029475
JJ:/crrc/: 0.971343392 0.028656608 0.000000000
JJ:/crrc/cr: 0.997724502 0.001137749 0.001137749
JJ:/crrc/rr: 0.000000000 0.999949651 0.000050349
JJ:/rc/: 0.888388910 0.111611090 0.000000000
JJ:/rc/cr: 0.999610412 0.000194794 0.000194794
JJ:/rc/rr: 0.000000000 0.999963291 0.000036709
JJ:/rrc/: 0.998594333 0.001405667 0.000000000
JJ:/rrc/cr: 0.984532176 0.007733912 0.007733912
JJ:/rrc/rr: 0.000000000 0.999983670 0.000016330
JK:/cc/: 0.082995817 0.917004183 0.000000000
JK:/cc/cr: 0.000347155 0.000001968 0.999650876
JK:/cc/rr: 0.000000000 0.000032623 0.999967377
JK:/crc/: 0.054937805 0.945062195 0.000000000
JK:/crc/cr: 0.024180019 0.000018859 0.975801123
JK:/crc/rr: 0.000000000 0.000486622 0.999513378
JK:/crrc/: 0.999902188 0.000097812 0.000000000
JK:/crrc/cr: 0.333333333 0.333333333 0.333333333
JK:/crrc/rr: 0.000000000 0.000048911 0.999951089
JK:/rc/: 0.993028276 0.006971724 0.000000000
JK:/rc/cr: 0.984647713 0.003118481 0.012233806
JK:/rc/rr: 0.000000000 0.000032841 0.999967159
JK:/rrc/: 0.521373316 0.478626684 0.000000000
JK:/rrc/cr: 0.884052024 0.000022714 0.115925263
JK:/rrc/rr: 0.000000000 0.000031277 0.999968723
JQ:/cc/: 0.168012387 0.831987613 0.000000000
JQ:/cc/cr: 0.000004971 0.000002170 0.999992860
JQ:/cc/rr: 0.000000000 0.000016115 0.999983885
JQ:/crc/: 0.993074555 0.006925445 0.000000000
JQ:/crc/cr: 0.352703419 0.002573501 0.644723081
JQ:/crc/rr: 0.000000000 0.000026920 0.999973080
JQ:/crrc/: 0.042156397 0.957843603 0.000000000
JQ:/crrc/cr: 0.198589964 0.000034039 0.801375997
JQ:/crrc/rr: 0.000000000 0.001160109 0.998839891
JQ:/rc/: 0.996431488 0.003568512 0.000000000
JQ:/rc/cr: 0.006092508 0.006092508 0.987814983
JQ:/rc/rr: 0.000000000 0.000032729 0.999967271
JQ:/rrc/: 0.141492759 0.858507241 0.000000000
JQ:/rrc/cr: 0.000190762 0.000012663 0.999796575
JQ:/rrc/rr: 0.000000000 0.000115249 0.999884751
K:/: 0.756269060 0.243730940 0.000000000
K:/cr: 0.699762389 0.300223935 0.000013676
K:/rr: 0.000000000 0.999993389 0.000006611
KJ:/cc/: 0.000053520 0.999946480 0.000000000
KJ:/cc/cr: 0.000049101 0.000009529 0.999941370
KJ:/cc/rr: 0.000000000 0.808348738 0.191651262
KJ:/crc/: 0.000050461 0.999949539 0.000000000
KJ:/crc/cr: 0.000034108 0.999958299 0.000007593
KJ:/crc/rr: 0.000000000 0.774311695 0.225688305
KJ:/crrc/: 0.042600912 0.957399088 0.000000000
KJ:/crrc/cr: 0.001927630 0.995179585 0.002892785
KJ:/crrc/rr: 0.000000000 0.293752892 0.706247108
KJ:/rc/: 0.052566283 0.947433717 0.000000000
KJ:/rc/cr: 0.007646887 0.960590555 0.031762558
KJ:/rc/rr: 0.000000000 0.314389514 0.685610486
KJ:/rrc/: 0.101325839 0.898674161 0.000000000
KJ:/rrc/cr: 0.000146274 0.999483374 0.000370352
KJ:/rrc/rr: 0.000000000 0.639628003 0.360371997
KK:/cc/: 0.994470270 0.005529730 0.000000000
KK:/cc/cr: 0.997526772 0.001236614 0.001236614
KK:/cc/rr: 0.000000000 0.999989686 0.000010314
KK:/crc/: 0.117926169 0.882073831 0.000000000
KK:/crc/cr: 0.999982785 0.000008607 0.000008607
KK:/crc/rr: 0.000000000 0.999903428 0.000096572
KK:/crrc/: 0.991826012 0.008173988 0.000000000
KK:/crrc/cr: 0.999202993 0.000398504 0.000398504
KK:/crrc/rr: 0.000000000 0.999995074 0.000004926
KK:/rc/: 0.835155090 0.164844910 0.000000000
KK:/rc/cr: 0.999973262 0.000013369 0.000013369
KK:/rc/rr: 0.000000000 0.999996042 0.000003958
KK:/rrc/: 0.531565479 0.468434521 0.000000000
KK:/rrc/cr: 0.999995295 0.000002352 0.000002352
KK:/rrc/rr: 0.000000000 0.999996891 0.000003109
KQ:/cc/: 0.000231949 0.999768051 0.000000000
KQ:/cc/cr: 0.000044219 0.420220641 0.579735140
KQ:/cc/rr: 0.000000000 0.955778071 0.044221929
KQ:/crc/: 0.907299452 0.092700548 0.000000000
KQ:/crc/cr: 0.000514055 0.540229419 0.459256525
KQ:/crc/rr: 0.000000000 0.000031525 0.999968475
KQ:/crrc/: 0.007592935 0.992407065 0.000000000
KQ:/crrc/cr: 0.004109190 0.689604238 0.306286571
KQ:/crrc/rr: 0.000000000 0.083038408 0.916961592
KQ:/rc/: 0.000039543 0.999960457 0.000000000
KQ:/rc/cr: 0.000024080 0.486453901 0.513522019
KQ:/rc/rr: 0.000000000 0.906716351 0.093283649
KQ:/rrc/: 0.695978756 0.304021244 0.000000000
KQ:/rrc/cr: 0.043294433 0.820936756 0.135768810
KQ:/rrc/rr: 0.000000000 0.393769875 0.606230125
Q:/: 0.751333287 0.248666713 0.000000000
Q:/cr: 0.168386492 0.830769535 0.000843973
Q:/rr: 0.000000000 0.999993345 0.000006655
QJ:/cc/: 0.000020107 0.999979893 0.000000000
QJ:/cc/cr: 0.000006703 0.000006703 0.999986595
QJ:/cc/rr: 0.000000000 0.500000000 0.500000000
QJ:/crc/: 0.031578700 0.968421300 0.000000000
QJ:/crc/cr: 0.002172022 0.000002777 0.997825201
QJ:/crc/rr: 0.000000000 0.000127740 0.999872260
QJ:/crrc/: 0.023625844 0.976374156 0.000000000
QJ:/crrc/cr: 0.000154333 0.000013589 0.999832078
QJ:/crrc/rr: 0.000000000 0.000842377 0.999157623
QJ:/rc/: 0.011625458 0.988374542 0.000000000
QJ:/rc/cr: 0.000003462 0.000002244 0.999994294
QJ:/rc/rr: 0.000000000 0.000286218 0.999713782
QJ:/rrc/: 0.000003327 0.999996673 0.000000000
QJ:/rrc/cr: 0.000001109 0.000001109 0.999997782
QJ:/rrc/rr: 0.000000000 0.500000000 0.500000000
QK:/cc/: 0.540959449 0.459040551 0.000000000
QK:/cc/cr: 0.001330088 0.998615773 0.000054139
QK:/cc/rr: 0.000000000 0.141662667 0.858337333
QK:/crc/: 0.005640586 0.994359414 0.000000000
QK:/crc/cr: 0.000002704 0.555856490 0.444140806
QK:/crc/rr: 0.000000000 0.000715149 0.999284851
QK:/crrc/: 0.954493729 0.045506271 0.000000000
QK:/crrc/cr: 0.000716076 0.614882908 0.384401016
QK:/crrc/rr: 0.000000000 0.000580042 0.999419958
QK:/rc/: 0.446795863 0.553204137 0.000000000
QK:/rc/cr: 0.024907674 0.515212701 0.459879625
QK:/rc/rr: 0.000000000 0.197808051 0.802191949
QK:/rrc/: 0.122460032 0.877539968 0.000000000
QK:/rrc/cr: 0.000001264 0.300646538 0.699352198
QK:/rrc/rr: 0.000000000 0.000443714 0.999556286
QQ:/cc/: 0.473938161 0.526061839 0.000000000
QQ:/cc/cr: 0.999974519 0.000012741 0.000012741
QQ:/cc/rr: 0.000000000 0.999978787 0.000021213
QQ:/crc/: 0.989381140 0.010618860 0.000000000
QQ:/crc/cr: 0.999493498 0.000253251 0.000253251
QQ:/crc/rr: 0.000000000 0.999995923 0.000004077
QQ:/crrc/: 0.131985946 0.868014054 0.000000000
QQ:/crrc/cr: 0.999969429 0.000015285 0.000015285
QQ:/crrc/rr: 0.000000000 0.999849212 0.000150788
QQ:/rc/: 0.506388966 0.493611034 0.000000000
QQ:/rc/cr: 0.999991012 0.000004494 0.000004494
QQ:/rc/rr: 0.000000000 0.999993429 0.000006571
QQ:/rrc/: 0.971293343 0.028706657 0.000000000
QQ:/rrc/cr: 0.999922725 0.000038637 0.000038637
QQ:/rrc/rr: 0.000000000 0.999998287 0.000001713
