J:/: 0.075200029 0.924799971 0.000000000
J:/cr: 0.018242855 0.035223837 0.946533308
J:/rr: 0.000000000 0.999933511 0.000066489
JJ:/cc/: 0.000295545 0.999704455 0.000000000
JJ:/cc/cr: 0.999996395 0.000001803 0.000001803
JJ:/cc/rr: 0.000000000 0.990853212 0.009146788
JJ:/crc/: 0.890856984 0.109143016 0.000000000
JJ:/crc/cr: 0.999687481 0.000156260 0.000156260
JJ:/crc/rr: 0.000000000 0.999971284 0.000028716
JJ:/crrc/: 0.980055768 0.019944232 0.000000000
JJ:/crrc/cr: 0.996697829 0.001651086 0.001651086
JJ:/crrc/rr: 0.000000000 0.999949600 0.000050400
JJ:/rc/: 0.819733453 0.180266547 0.000000000
JJ:/rc/cr: 0.999754107 0.000122946 0.000122946
JJ:/rc/rr: 0.000000000 0.999959445 0.000040555
JJ:/rrc/: 0.991931634 0.008068366 0.000000000
JJ:/rrc/cr: 0.997252903 0.001373549 0.001373549
JJ:/rrc/rr: 0.000000000 0.999983241 0.000016759
JK:/cc/: 0.075355989 0.924644011 0.000000000
JK:/cc/cr: 0.000203555 0.000001949 0.999794496
JK:/cc/rr: 0.000000000 0.000035874 0.999964126
JK:/crc/: 0.039246559 0.960753441 0.000000000
JK:/crc/cr: 0.010037009 0.000017751 0.989945240
JK:/crc/rr: 0.000000000 0.000651828 0.999348172
JK:/crrc/: 0.999754125 0.000245875 0.000000000
JK:/crrc/cr: 0.692565551 0.133928612 0.173505837
JK:/crrc/rr: 0.000000000 0.000049407 0.999950593
JK:/rc/: 0.993794374 0.006205626 0.000000000
JK:/rc/cr: 0.919340780 0.003571455 0.077087765
JK:/rc/rr: 0.000000000 0.000033452 0.999966548
JK:/rrc/: 0.524437850 0.475562150 0.000000000
JK:/rrc/cr: 0.818269794 0.000023304 0.181706903
JK:/rrc/rr: 0.000000000 0.000031698 0.999968302
JQ:/cc/: 0.188605392 0.811394608 0.000000000
JQ:/cc/cr: 0.000006717 0.000002221 0.999991062
JQ:/cc/rr: 0.000000000 0.000014333 0.999985667
JQ:/crc/: 0.982317683 0.017682317 0.000000000
JQ:/crc/cr: 0.475980468 0.000964504 0.523055028
JQ:/crc/rr: 0.000000000 0.000026042 0.999973958
JQ:/crrc/: 0.019422974 0.980577026 0.000000000
JQ:/crrc/cr: 0.087816460 0.000033582 0.912149958
JQ:/crrc/rr: 0.000000000 0.002543094 0.997456906
JQ:/rc/: 0.996128431 0.003871569 0.000000000
JQ:/rc/cr: 0.005724581 0.005724581 0.988550837
JQ:/rc/rr: 0.000000000 0.000033374 0.999966626
JQ:/rrc/: 0.149999833 0.850000167 0.000000000
JQ:/rrc/cr: 0.001782220 0.000013038 0.998204742
JQ:/rrc/rr: 0.000000000 0.000110823 0.999889177
K:/: 0.755448398 0.244551602 0.000000000
K:/cr: 0.686550041 0.313436329 0.000013630
K:/rr: 0.000000000 0.999993381 0.000006619
KJ:/cc/: 0.000055856 0.999944144 0.000000000
KJ:/cc/cr: 0.000049199 0.000008969 0.999941832
KJ:/cc/rr: 0.000000000 0.816979203 0.183020797
KJ:/crc/: 0.000066857 0.999933143 0.000000000
KJ:/crc/cr: 0.000034712 0.999958040 0.000007248
KJ:/crc/rr: 0.000000000 0.837388181 0.162611819
KJ:/crrc/: 0.065706783 0.934293217 0.000000000
KJ:/crrc/cr: 0.004121695 0.991957380 0.003920925
KJ:/crrc/rr: 0.000000000 0.453219985 0.546780015
KJ:/rc/: 0.040911853 0.959088147 0.000000000
KJ:/rc/cr: 0.010381485 0.938939283 0.050679232
KJ:/rc/rr: 0.000000000 0.373725906 0.626274094
KJ:/rrc/: 0.106734752 0.893265248 0.000000000
KJ:/rrc/cr: 0.002472912 0.996880508 0.000646580
KJ:/rrc/rr: 0.000000000 0.691532239 0.308467761
KK:/cc/: 0.995261486 0.004738514 0.000000000
KK:/cc/cr: 0.997123489 0.001438256 0.001438256
KK:/cc/rr: 0.000000000 0.999989729 0.000010271
KK:/crc/: 0.087361805 0.912638195 0.000000000
KK:/crc/cr: 0.999984117 0.000007942 0.000007942
KK:/crc/rr: 0.000000000 0.999875555 0.000124445
KK:/crrc/: 0.986197609 0.013802391 0.000000000
KK:/crrc/cr: 0.999520531 0.000239734 0.000239734
KK:/crrc/rr: 0.000000000 0.999994967 0.000005033
KK:/rc/: 0.823416102 0.176583898 0.000000000
KK:/rc/cr: 0.999975012 0.000012494 0.000012494
KK:/rc/rr: 0.000000000 0.999995981 0.000004019
KK:/rrc/: 0.530980742 0.469019258 0.000000000
KK:/rrc/cr: 0.999995296 0.000002352 0.000002352
KK:/rrc/rr: 0.000000000 0.999996884 0.000003116
KQ:/cc/: 0.000057764 0.999942236 0.000000000
KQ:/cc/cr: 0.000046543 0.449254099 0.550699358
KQ:/cc/rr: 0.000000000 0.823024838 0.176975162
KQ:/crc/: 0.890299537 0.109700463 0.000000000
KQ:/crc/cr: 0.000432689 0.511775928 0.487791383
KQ:/crc/rr: 0.000000000 0.000029300 0.999970700
KQ:/crrc/: 0.026571504 0.973428496 0.000000000
KQ:/crrc/cr: 0.047236585 0.654090609 0.298672806
KQ:/crrc/rr: 0.000000000 0.332908357 0.667091643
KQ:/rc/: 0.000059340 0.999940660 0.000000000
KQ:/rc/cr: 0.000023778 0.482493452 0.517482771
KQ:/rc/rr: 0.000000000 0.944231465 0.055768535
KQ:/rrc/: 0.684083250 0.315916750 0.000000000
KQ:/rrc/cr: 0.033130998 0.837159584 0.129709418
KQ:/rrc/rr: 0.000000000 0.399442535 0.600557465
Q:/: 0.742504801 0.257495199 0.000000000
Q:/cr: 0.162598258 0.836192245 0.001209498
Q:/rr: 0.000000000 0.999993266 0.000006734
QJ:/cc/: 0.000019418 0.999980582 0.000000000
QJ:/cc/cr: 0.000014574 0.000006473 0.999978953
QJ:/cc/rr: 0.000000000 0.500000000 0.500000000
QJ:/crc/: 0.026839005 0.973160995 0.000000000
QJ:/crc/cr: 0.001094643 0.000002651 0.998902706
QJ:/crc/rr: 0.000000000 0.000144204 0.999855796
QJ:/crrc/: 0.021216990 0.978783010 0.000000000
QJ:/crrc/cr: 0.000242715 0.000013557 0.999743728
QJ:/crrc/rr: 0.000000000 0.000938102 0.999061898
QJ:/rc/: 0.010124088 0.989875912 0.000000000
QJ:/rc/cr: 0.000004083 0.000002268 0.999993650
QJ:/rc/rr: 0.000000000 0.000332571 0.999667429
QJ:/rrc/: 0.000003367 0.999996633 0.000000000
QJ:/rrc/cr: 0.000001122 0.000001122 0.999997755
QJ:/rrc/rr: 0.000000000 0.500000000 0.500000000
QK:/cc/: 0.474477409 0.525522591 0.000000000
QK:/cc/cr: 0.000889065 0.999077054 0.000033881
QK:/cc/rr: 0.000000000 0.183009876 0.816990124
QK:/crc/: 0.000514040 0.999485960 0.000000000
QK:/crc/cr: 0.000002582 0.556594633 0.443402785
QK:/crc/rr: 0.000000000 0.007529163 0.992470837
QK:/crrc/: 0.920262634 0.079737366 0.000000000
QK:/crrc/cr: 0.000324378 0.479720513 0.519955110
QK:/crrc/rr: 0.000000000 0.000583020 0.999416980
QK:/rc/: 0.443426005 0.556573995 0.000000000
QK:/rc/cr: 0.007219367 0.530842860 0.461937773
QK:/rc/rr: 0.000000000 0.195648021 0.804351979
QK:/rrc/: 0.127434978 0.872565022 0.000000000
QK:/rrc/cr: 0.000001286 0.298844123 0.701154590
QK:/rrc/rr: 0.000000000 0.000549206 0.999450794
QQ:/cc/: 0.583416839 0.416583161 0.000000000
QQ:/cc/cr: 0.999968925 0.000015537 0.000015537
QQ:/cc/rr: 0.000000000 0.999983359 0.000016641
QQ:/crc/: 0.983587397 0.016412603 0.000000000
QQ:/crc/cr: 0.999685584 0.000157208 0.000157208
QQ:/crc/rr: 0.000000000 0.999996065 0.000003935
QQ:/crrc/: 0.208755127 0.791244873 0.000000000
QQ:/crrc/cr: 0.999966460 0.000016770 0.000016770
QQ:/crrc/rr: 0.000000000 0.999904655 0.000095345
QQ:/rc/: 0.500176316 0.499823684 0.000000000
QQ:/rc/cr: 0.999991018 0.000004491 0.000004491
QQ:/rc/rr: 0.000000000 0.999993268 0.000006732
QQ:/rrc/: 0.975162692 0.024837308 0.000000000
QQ:/rrc/cr: 0.999909625 0.000045187 0.000045187
QQ:/rrc/rr: 0.000000000 0.999998274 0.000001726
