J:/: 0.075044275 0.924955725 0.000000000
J:/cr: 0.018586755 0.032287088 0.949126157
J:/rr: 0.000000000 0.999933373 0.000066627
JJ:/cc/: 0.000292051 0.999707949 0.000000000
JJ:/cc/cr: 0.999996395 0.000001802 0.000001802
JJ:/cc/rr: 0.000000000 0.990745347 0.009254653
JJ:/crc/: 0.886382606 0.113617394 0.000000000
JJ:/crc/cr: 0.999672537 0.000163732 0.000163732
JJ:/crc/rr: 0.000000000 0.999968519 0.000031481
JJ:/crrc/: 0.964767247 0.035232753 0.000000000
JJ:/crrc/cr: 0.998165632 0.000917184 0.000917184
JJ:/crrc/rr: 0.000000000 0.999949757 0.000050243
JJ:/rc/: 0.819808821 0.180191179 0.000000000
JJ:/rc/cr: 0.999753494 0.000123253 0.000123253
JJ:/rc/rr: 0.000000000 0.999959364 0.000040636
JJ:/rrc/: 0.998364641 0.001635359 0.000000000
JJ:/rrc/cr: 0.986418519 0.006790741 0.006790741
JJ:/rrc/rr: 0.000000000 0.999983315 0.000016685
JK:/cc/: 0.076828196 0.923171804 0.000000000
JK:/cc/cr: 0.000079889 0.000001952 0.999918160
JK:/cc/rr: 0.000000000 0.000035180 0.999964820
JK:/crc/: 0.046433337 0.953566663 0.000000000
JK:/crc/cr: 0.039187744 0.000019509 0.960792747
JK:/crc/rr: 0.000000000 0.000600951 0.999399049
JK:/crrc/: 0.999903055 0.000096945 0.000000000
JK:/crrc/cr: 0.333333333 0.333333333 0.333333333
JK:/crrc/rr: 0.000000000 0.000048477 0.999951523
JK:/rc/: 0.997460300 0.002539700 0.000000000
JK:/rc/cr: 0.953727711 0.008744778 0.037527511
JK:/rc/rr: 0.000000000 0.000033398 0.999966602
JK:/rrc/: 0.545861535 0.454138465 0.000000000
JK:/rrc/cr: 0.937727307 0.000024454 0.062248239
JK:/rrc/rr: 0.000000000 0.000030517 0.999969483
JQ:/cc/: 0.165508289 0.834491711 0.000000000
JQ:/cc/cr: 0.000004959 0.000002159 0.999992882
JQ:/cc/rr: 0.000000000 0.000016330 0.999983670
JQ:/crc/: 0.993526486 0.006473514 0.000000000
JQ:/crc/cr: 0.514919044 0.002873674 0.482207282
JQ:/crc/rr: 0.000000000 0.000028086 0.999971914
JQ:/crrc/: 0.072148217 0.927851783 0.000000000
JQ:/crrc/cr: 0.204953327 0.000034828 0.795011845
JQ:/crrc/rr: 0.000000000 0.000671844 0.999328156
JQ:/rc/: 0.996556424 0.003443576 0.000000000
JQ:/rc/cr: 0.006449432 0.006449432 0.987101136
JQ:/rc/rr: 0.000000000 0.000033429 0.999966571
JQ:/rrc/: 0.117368351 0.882631649 0.000000000
JQ:/rrc/cr: 0.001041638 0.000012582 0.998945780
JQ:/rrc/rr: 0.000000000 0.000141929 0.999858071
K:/: 0.752702663 0.247297337 0.000000000
K:/cr: 0.720527085 0.279459436 0.000013479
K:/rr: 0.000000000 0.999993357 0.000006643
KJ:/cc/: 0.000052735 0.999947265 0.000000000
KJ:/cc/cr: 0.000048383 0.000009409 0.999942208
KJ:/cc/rr: 0.000000000 0.808300992 0.191699008
KJ:/crc/: 0.000053166 0.999946834 0.000000000
KJ:/crc/cr: 0.000149483 0.999842478 0.000008039
KJ:/crc/rr: 0.000000000 0.773199469 0.226800531
KJ:/crrc/: 0.070105000 0.929895000 0.000000000
KJ:/crrc/cr: 0.000956539 0.996483865 0.002559596
KJ:/crrc/rr: 0.000000000 0.423467760 0.576532240
KJ:/rc/: 0.043314831 0.956685169 0.000000000
KJ:/rc/cr: 0.019788234 0.936090055 0.044121711
KJ:/rc/rr: 0.000000000 0.277358772 0.722641228
KJ:/rrc/: 0.082550348 0.917449652 0.000000000
KJ:/rrc/cr: 0.001698274 0.997894515 0.000407211
KJ:/rrc/rr: 0.000000000 0.496540285 0.503459715
KK:/cc/: 0.998408056 0.001591944 0.000000000
KK:/cc/cr: 0.991532959 0.004233520 0.004233520
KK:/cc/rr: 0.000000000 0.999989875 0.000010125
KK:/crc/: 0.118851285 0.881148715 0.000000000
KK:/crc/cr: 0.999981754 0.000009123 0.000009123
KK:/crc/rr: 0.000000000 0.999898544 0.000101456
KK:/crrc/: 0.997425328 0.002574672 0.000000000
KK:/crrc/cr: 0.997578046 0.001210977 0.001210977
KK:/crrc/rr: 0.000000000 0.999995311 0.000004689
KK:/rc/: 0.815241661 0.184758339 0.000000000
KK:/rc/cr: 0.999976031 0.000011985 0.000011985
KK:/rc/rr: 0.000000000 0.999995926 0.000004074
KK:/rrc/: 0.526440621 0.473559379 0.000000000
KK:/rrc/cr: 0.999995324 0.000002338 0.000002338
KK:/rrc/rr: 0.000000000 0.999996845 0.000003155
KQ:/cc/: 0.000056386 0.999943614 0.000000000
KQ:/cc/cr: 0.000043472 0.443517762 0.556438767
KQ:/cc/rr: 0.000000000 0.820712276 0.179287724
KQ:/crc/: 0.902622394 0.097377606 0.000000000
KQ:/crc/cr: 0.000523620 0.492586310 0.506890070
KQ:/crc/rr: 0.000000000 0.000033976 0.999966024
KQ:/crrc/: 0.005372122 0.994627878 0.000000000
KQ:/crrc/cr: 0.005408621 0.703529180 0.291062199
KQ:/crrc/rr: 0.000000000 0.251990123 0.748009877
KQ:/rc/: 0.000056973 0.999943027 0.000000000
KQ:/rc/cr: 0.000012656 0.474584815 0.525402529
KQ:/rc/rr: 0.000000000 0.941702891 0.058297109
KQ:/rrc/: 0.711835231 0.288164769 0.000000000
KQ:/rrc/cr: 0.027921511 0.832771228 0.139307260
KQ:/rrc/rr: 0.000000000 0.390692298 0.609307702
Q:/: 0.755195320 0.244804680 0.000000000
Q:/cr: 0.179974051 0.819094413 0.000931536
Q:/rr: 0.000000000 0.999993379 0.000006621
QJ:/cc/: 0.000020424 0.999979576 0.000000000
QJ:/cc/cr: 0.000006808 0.000006808 0.999986383
QJ:/cc/rr: 0.000000000 0.500000000 0.500000000
QJ:/crc/: 0.027215436 0.972784564 0.000000000
QJ:/crc/cr: 0.004036212 0.000002848 0.995960940
QJ:/crc/rr: 0.000000000 0.000152704 0.999847296
QJ:/crrc/: 0.006117384 0.993882616 0.000000000
QJ:/crrc/cr: 0.000058046 0.000012687 0.999929267
QJ:/crrc/rr: 0.000000000 0.003091886 0.996908114
QJ:/rc/: 0.012147310 0.987852690 0.000000000
QJ:/rc/cr: 0.000003143 0.000002234 0.999994623
QJ:/rc/rr: 0.000000000 0.000272521 0.999727479
QJ:/rrc/: 0.000003310 0.999996690 0.000000000
QJ:/rrc/cr: 0.000001103 0.000001103 0.999997793
QJ:/rrc/rr: 0.000000000 0.500000000 0.500000000
QK:/cc/: 0.473930553 0.526069447 0.000000000
QK:/cc/cr: 0.001173988 0.998780042 0.000045970
QK:/cc/rr: 0.000000000 0.043118189 0.956881811
QK:/crc/: 0.007954618 0.992045382 0.000000000
QK:/crc/cr: 0.000002793 0.553805989 0.446191218
QK:/crc/rr: 0.000000000 0.000522451 0.999477549
QK:/crrc/: 0.981455091 0.018544909 0.000000000
QK:/crrc/cr: 0.001624920 0.631545171 0.366829909
QK:/crrc/rr: 0.000000000 0.000538776 0.999461224
QK:/rc/: 0.419992806 0.580007194 0.000000000
QK:/rc/cr: 0.014551240 0.519524637 0.465924123
QK:/rc/rr: 0.000000000 0.191270964 0.808729036
QK:/rrc/: 0.113936314 0.886063686 0.000000000
QK:/rrc/cr: 0.000001245 0.303507119 0.696491636
QK:/rrc/rr: 0.000000000 0.000481738 0.999518262
QQ:/cc/: 0.474874767 0.525125233 0.000000000
QQ:/cc/cr: 0.999974070 0.000012965 0.000012965
QQ:/cc/rr: 0.000000000 0.999978495 0.000021505
QQ:/crc/: 0.987397483 0.012602517 0.000000000
QQ:/crc/cr: 0.999560310 0.000219845 0.000219845
QQ:/crc/rr: 0.000000000 0.999995791 0.000004209
QQ:/crrc/: 0.156822715 0.843177285 0.000000000
QQ:/crrc/cr: 0.999970091 0.000014955 0.000014955
QQ:/crrc/rr: 0.000000000 0.999879391 0.000120609
QQ:/rc/: 0.485472449 0.514527551 0.000000000
QQ:/rc/cr: 0.999990450 0.000005260 0.000004289
QQ:/rc/rr: 0.000000000 0.999993181 0.000006819
QQ:/rrc/: 0.970778323 0.029221677 0.000000000
QQ:/rrc/cr: 0.999924476 0.000037762 0.000037762
QQ:/rrc/rr: 0.000000000 0.999998295 0.000001705
