J:/c: 0.299775902 0.700224098 0.000000000
J:/crr: 0.000000000 0.999983321 0.000016679
J:/r: 0.054553174 0.131978837 0.813467989
JJ:/cc/c: 0.999992859 0.000007141 0.000000000
JJ:/cc/crr: 0.000000000 0.999996430 0.000003570
JJ:/cc/r: 0.999990479 0.000004760 0.000004760
JJ:/crc/c: 0.999983321 0.000016679 0.000000000
JJ:/crc/crr: 0.000000000 0.999991660 0.000008340
JJ:/crc/r: 0.999958313 0.000030568 0.000011119
JJ:/crrc/c: 0.999991660 0.000008340 0.000000000
JJ:/crrc/crr: 0.000000000 0.999995830 0.000004170
JJ:/crrc/r: 0.999975407 0.000019033 0.000005560
JJ:/rc/c: 0.999974743 0.000025257 0.000000000
JJ:/rc/crr: 0.000000000 0.999987371 0.000012629
JJ:/rc/r: 0.999962524 0.000020639 0.000016838
JJ:/rrc/c: 0.999938898 0.000061102 0.000000000
JJ:/rrc/crr: 0.000000000 0.999969447 0.000030553
JJ:/rrc/r: 0.999752253 0.000207012 0.000040735
JK:/cc/c: 0.011687282 0.988312718 0.000000000
JK:/cc/crr: 0.000000000 0.000305485 0.999694515
JK:/cc/r: 0.000004760 0.000004760 0.999990479
JK:/crc/c: 0.538347815 0.461652185 0.000000000
JK:/crc/crr: 0.000000000 0.000021807 0.999978193
JK:/crc/r: 0.066622171 0.000011119 0.933366710
JK:/crrc/c: 0.478340442 0.521659558 0.000000000
JK:/crrc/crr: 0.000000000 0.000008717 0.999991283
JK:/crrc/r: 0.190730778 0.000005560 0.809263662
JK:/rc/c: 0.378286373 0.621713627 0.000000000
JK:/rc/crr: 0.000000000 0.000033383 0.999966617
JK:/rc/r: 0.361753229 0.000016838 0.638229934
JK:/rrc/c: 0.999764525 0.000235475 0.000000000
JK:/rrc/crr: 0.000000000 0.000030558 0.999969442
JK:/rrc/r: 0.290049557 0.000040735 0.709909708
JQ:/cc/c: 0.073120807 0.926879193 0.000000000
JQ:/cc/crr: 0.000000000 0.000048827 0.999951173
JQ:/cc/r: 0.032147284 0.000004760 0.967847955
JQ:/crc/c: 0.494479001 0.505520999 0.000000000
JQ:/crc/crr: 0.000000000 0.000016865 0.999983135
JQ:/crc/r: 0.056259800 0.000011119 0.943729080
JQ:/crrc/c: 0.049445654 0.950554346 0.000000000
JQ:/crrc/crr: 0.000000000 0.000084332 0.999915668
JQ:/crrc/r: 0.199762005 0.000005560 0.800232436
JQ:/rc/c: 0.987071178 0.012928822 0.000000000
JQ:/rc/crr: 0.000000000 0.000012794 0.999987206
JQ:/rc/r: 0.000016838 0.000016838 0.999966325
JQ:/rrc/c: 0.026151981 0.973848019 0.000000000
JQ:/rrc/crr: 0.000000000 0.001168219 0.998831781
JQ:/rrc/r: 0.419687252 0.000040735 0.580272013
K:/c: 0.999969369 0.000030631 0.000000000
K:/crr: 0.000000000 0.999995000 0.000005000
K:/r: 0.570848877 0.429144457 0.000006667
KJ:/cc/c: 0.478266041 0.521733959 0.000000000
KJ:/cc/crr: 0.000000000 0.829349813 0.170650187
KJ:/cc/r: 0.541294852 0.222215483 0.236489665
KJ:/crc/c: 0.134124969 0.865875031 0.000000000
KJ:/crc/crr: 0.000000000 0.999981360 0.000018640
KJ:/crc/r: 0.000120083 0.734864454 0.265015463
KJ:/crrc/c: 0.315390214 0.684609786 0.000000000
KJ:/crrc/crr: 0.000000000 0.999996037 0.000003963
KJ:/crrc/r: 0.037187939 0.801881434 0.160930627
KJ:/rc/c: 0.424842382 0.575157618 0.000000000
KJ:/rc/crr: 0.000000000 0.676288453 0.323711547
KJ:/rc/r: 0.040124301 0.715854437 0.244021262
KJ:/rrc/c: 0.234015833 0.765984167 0.000000000
KJ:/rrc/crr: 0.000000000 0.996695032 0.003304968
KJ:/rrc/r: 0.049655356 0.879158323 0.071186321
KK:/cc/c: 0.836767622 0.163232378 0.000000000
KK:/cc/crr: 0.000000000 0.902462539 0.097537461
KK:/cc/r: 0.610602525 0.280575890 0.108821586
KK:/crc/c: 0.999995000 0.000005000 0.000000000
KK:/crc/crr: 0.000000000 0.999997500 0.000002500
KK:/crc/r: 0.999987242 0.000009425 0.000003333
KK:/crrc/c: 0.999997500 0.000002500 0.000000000
KK:/crrc/crr: 0.000000000 0.999998750 0.000001250
KK:/crrc/r: 0.999996667 0.000001667 0.000001667
KK:/rc/c: 0.999992233 0.000007767 0.000000000
KK:/rc/crr: 0.000000000 0.999996116 0.000003884
KK:/rc/r: 0.999978231 0.000016591 0.000005178
KK:/rrc/c: 0.999994161 0.000005839 0.000000000
KK:/rrc/crr: 0.000000000 0.999997080 0.000002920
KK:/rrc/r: 0.999969202 0.000026905 0.000003893
KQ:/cc/c: 0.506819078 0.493180922 0.000000000
KQ:/cc/crr: 0.000000000 0.838963858 0.161036142
KQ:/cc/r: 0.535486479 0.297400681 0.167112841
KQ:/crc/c: 0.239638257 0.760361743 0.000000000
KQ:/crc/crr: 0.000000000 0.143215051 0.856784949
KQ:/crc/r: 0.000070801 0.438014902 0.561914296
KQ:/crrc/c: 0.599971496 0.400028504 0.000000000
KQ:/crrc/crr: 0.000000000 0.389707539 0.610292461
KQ:/crrc/r: 0.000106754 0.730339121 0.269554125
KQ:/rc/c: 0.000269955 0.999730045 0.000000000
KQ:/rc/crr: 0.000000000 0.228361289 0.771638711
KQ:/rc/r: 0.000027022 0.309716476 0.690256503
KQ:/rrc/c: 0.480003539 0.519996461 0.000000000
KQ:/rrc/crr: 0.000000000 0.478027618 0.521972382
KQ:/rrc/r: 0.072591415 0.556597480 0.370811105
Q:/c: 0.845368313 0.154631687 0.000000000
Q:/crr: 0.000000000 0.999994085 0.000005915
Q:/r: 0.349477553 0.650260101 0.000262346
QJ:/cc/c: 0.000418797 0.999581203 0.000000000
QJ:/cc/crr: 0.000000000 0.038604496 0.961395504
QJ:/cc/r: 0.000038919 0.000021557 0.999939524
QJ:/crc/c: 0.451503837 0.548496163 0.000000000
QJ:/crc/crr: 0.000000000 0.064286989 0.935713011
QJ:/crc/r: 0.000271584 0.000003943 0.999724473
QJ:/crrc/c: 0.000040541 0.999959459 0.000000000
QJ:/crrc/crr: 0.000000000 0.036472816 0.963527184
QJ:/crrc/r: 0.026670763 0.000001972 0.973327265
QJ:/rc/c: 0.000158636 0.999841364 0.000000000
QJ:/rc/crr: 0.000000000 0.016156938 0.983843062
QJ:/rc/r: 0.015749124 0.000003417 0.984247458
QJ:/rrc/c: 0.000423227 0.999576773 0.000000000
QJ:/rrc/crr: 0.000000000 0.011268243 0.988731757
QJ:/rrc/r: 0.000084724 0.000006359 0.999908917
QK:/cc/c: 0.286952427 0.713047573 0.000000000
QK:/cc/crr: 0.000000000 0.999943658 0.000056342
QK:/cc/r: 0.000110405 0.714851889 0.285037706
QK:/crc/c: 0.310621474 0.689378526 0.000000000
QK:/crc/crr: 0.000000000 0.001884479 0.998115521
QK:/crc/r: 0.000361274 0.443402753 0.556235972
QK:/crrc/c: 0.052840909 0.947159091 0.000000000
QK:/crrc/crr: 0.000000000 0.011946634 0.988053366
QK:/crrc/r: 0.000084202 0.288902653 0.711013144
QK:/rc/c: 0.369228900 0.630771100 0.000000000
QK:/rc/crr: 0.000000000 0.014437163 0.985562837
QK:/rc/r: 0.000010101 0.308836871 0.691153028
QK:/rrc/c: 0.423661346 0.576338654 0.000000000
QK:/rrc/crr: 0.000000000 0.059151816 0.940848184
QK:/rrc/r: 0.000089918 0.509733127 0.490176955
QQ:/cc/c: 0.999967665 0.000032335 0.000000000
QQ:/cc/crr: 0.000000000 0.999983832 0.000016168
QQ:/cc/r: 0.999567651 0.000410792 0.000021557
QQ:/crc/c: 0.999994085 0.000005915 0.000000000
QQ:/crc/crr: 0.000000000 0.999997043 0.000002957
QQ:/crc/r: 0.999949912 0.000046145 0.000003943
QQ:/crrc/c: 0.999997043 0.000002957 0.000000000
QQ:/crrc/crr: 0.000000000 0.999998521 0.000001479
QQ:/crrc/r: 0.999996057 0.000001972 0.000001972
QQ:/rc/c: 0.999994874 0.000005126 0.000000000
QQ:/rc/crr: 0.000000000 0.999997437 0.000002563
QQ:/rc/r: 0.999993165 0.000003417 0.000003417
QQ:/rrc/c: 0.999990462 0.000009538 0.000000000
QQ:/rrc/crr: 0.000000000 0.999995231 0.000004769
QQ:/rrc/r: 0.999955969 0.000037672 0.000006359
