J:/: 0.074595919 0.925404081 0.000000000
J:/cr: 0.018408933 0.034167778 0.947423288
J:/rr: 0.000000000 0.999932972 0.000067028
JJ:/cc/: 0.000035305 0.999964695 0.000000000
JJ:/cc/cr: 0.999996398 0.000001801 0.000001801
JJ:/cc/rr: 0.000000000 0.923479629 0.076520371
JJ:/crc/: 0.940794559 0.059205441 0.000000000
JJ:/crc/cr: 0.999406463 0.000296768 0.000296768
JJ:/crc/rr: 0.000000000 0.999971986 0.000028014
JJ:/crrc/: 0.999902166 0.000097834 0.000000000
JJ:/crrc/cr: 0.333333333 0.333333333 0.333333333
JJ:/crrc/rr: 0.000000000 0.999951078 0.000048922
JJ:/rc/: 0.928099493 0.071900507 0.000000000
JJ:/rc/cr: 0.999378513 0.000310743 0.000310743
JJ:/rc/rr: 0.000000000 0.999963890 0.000036110
JJ:/rrc/: 0.998856027 0.001143973 0.000000000
JJ:/rrc/cr: 0.980467982 0.009766009 0.009766009
JJ:/rrc/rr: 0.000000000 0.999983223 0.000016777
JK:/cc/: 0.082822352 0.917177648 0.000000000
JK:/cc/cr: 0.000356307 0.000001964 0.999641729
JK:/cc/rr: 0.000000000 0.000032618 0.999967382
JK:/crc/: 0.051380868 0.948619132 0.000000000
JK:/crc/cr: 0.025581596 0.000018522 0.974399882
JK:/crc/rr: 0.000000000 0.000512943 0.999487057
JK:/crrc/: 0.999902166 0.000097834 0.000000000
JK:/crrc/cr: 0.333333333 0.333333333 0.333333333
JK:/crrc/rr: 0.000000000 0.000048922 0.999951078
JK:/rc/: 0.999089727 0.000910273 0.000000000
JK:/rc/cr: 0.950910112 0.024544944 0.024544944
JK:/rc/rr: 0.000000000 0.000033544 0.999966456
JK:/rrc/: 0.561835327 0.438164673 0.000000000
JK:/rrc/cr: 0.969558791 0.000025497 0.030415712
JK:/rrc/rr: 0.000000000 0.000029827 0.999970173
JQ:/cc/: 0.157260743 0.842739257 0.000000000
JQ:/cc/cr: 0.000002137 0.000002137 0.999995726
JQ:/cc/rr: 0.000000000 0.000017179 0.999982821
JQ:/crc/: 0.991907118 0.008092882 0.000000000
JQ:/crc/cr: 0.610532031 0.002171082 0.387296888
JQ:/crc/rr: 0.000000000 0.000026570 0.999973430
JQ:/crrc/: 0.017835106 0.982164894 0.000000000
JQ:/crrc/cr: 0.164480514 0.000033203 0.835486283
JQ:/crrc/rr: 0.000000000 0.002742730 0.997257270
JQ:/rc/: 0.999930579 0.000069421 0.000000000
JQ:/rc/cr: 0.321844226 0.321844226 0.356311548
JQ:/rc/rr: 0.000000000 0.000033516 0.999966484
JQ:/rrc/: 0.138093463 0.861906537 0.000000000
JQ:/rrc/cr: 0.000012962 0.000012962 0.999974076
JQ:/rrc/rr: 0.000000000 0.000121353 0.999878647
K:/: 0.754915467 0.245084533 0.000000000
K:/cr: 0.701966214 0.298020186 0.000013601
K:/rr: 0.000000000 0.999993377 0.000006623
KJ:/cc/: 0.000020401 0.999979599 0.000000000
KJ:/cc/cr: 0.000006801 0.000006801 0.999986399
KJ:/cc/rr: 0.000000000 0.500000000 0.500000000
KJ:/crc/: 0.000050182 0.999949818 0.000000000
KJ:/crc/cr: 0.000031207 0.999961187 0.000007607
KJ:/crc/rr: 0.000000000 0.772640925 0.227359075
KJ:/crrc/: 0.001777459 0.998222541 0.000000000
KJ:/crrc/cr: 0.000282947 0.999713818 0.000003235
KJ:/crrc/rr: 0.000000000 0.997274871 0.002725129
KJ:/rc/: 0.040536830 0.959463170 0.000000000
KJ:/rc/cr: 0.004951711 0.974277041 0.020771248
KJ:/rc/rr: 0.000000000 0.184712698 0.815287302
KJ:/rrc/: 0.099555391 0.900444609 0.000000000
KJ:/rrc/cr: 0.000075965 0.999746520 0.000177516
KJ:/rrc/rr: 0.000000000 0.566816901 0.433183099
KK:/cc/: 0.995235260 0.004764740 0.000000000
KK:/cc/cr: 0.997145542 0.001427229 0.001427229
KK:/cc/rr: 0.000000000 0.999989751 0.000010249
KK:/crc/: 0.122765779 0.877234221 0.000000000
KK:/crc/cr: 0.999982659 0.000008671 0.000008671
KK:/crc/rr: 0.000000000 0.999907065 0.000092935
KK:/crrc/: 0.995043324 0.004956676 0.000000000
KK:/crrc/cr: 0.998697029 0.000651486 0.000651486
KK:/crrc/rr: 0.000000000 0.999995132 0.000004868
KK:/rc/: 0.829593872 0.170406128 0.000000000
KK:/rc/cr: 0.999974088 0.000012956 0.000012956
KK:/rc/rr: 0.000000000 0.999996008 0.000003992
KK:/rrc/: 0.517691798 0.482308202 0.000000000
KK:/rrc/cr: 0.999995422 0.000002289 0.000002289
KK:/rrc/rr: 0.000000000 0.999996802 0.000003198
KQ:/cc/: 0.000054514 0.999945486 0.000000000
KQ:/cc/cr: 0.000035509 0.431663303 0.568301187
KQ:/cc/rr: 0.000000000 0.812882497 0.187117503
KQ:/crc/: 0.877574127 0.122425873 0.000000000
KQ:/crc/cr: 0.000374408 0.529326419 0.470299173
KQ:/crc/rr: 0.000000000 0.000035006 0.999964994
KQ:/crrc/: 0.005296986 0.994703014 0.000000000
KQ:/crrc/cr: 0.013144628 0.690768510 0.296086862
KQ:/crrc/rr: 0.000000000 0.115862281 0.884137719
KQ:/rc/: 0.000006623 0.999993377 0.000000000
KQ:/rc/cr: 0.000009192 0.480084888 0.519905920
KQ:/rc/rr: 0.000000000 0.500000000 0.500000000
KQ:/rrc/: 0.696080336 0.303919664 0.000000000
KQ:/rrc/cr: 0.054111066 0.765474560 0.180414374
KQ:/rrc/rr: 0.000000000 0.391322652 0.608677348
Q:/: 0.751463828 0.248536172 0.000000000
Q:/cr: 0.163450606 0.836462042 0.000087353
Q:/rr: 0.000000000 0.999993346 0.000006654
QJ:/cc/: 0.000020118 0.999979882 0.000000000
QJ:/cc/cr: 0.000006706 0.000006706 0.999986588
QJ:/cc/rr: 0.000000000 0.500000000 0.500000000
QJ:/crc/: 0.041131963 0.958868037 0.000000000
QJ:/crc/cr: 0.003491276 0.000002787 0.996505937
QJ:/crc/rr: 0.000000000 0.000097455 0.999902545
QJ:/crrc/: 0.072244619 0.927755381 0.000000000
QJ:/crrc/cr: 0.000193917 0.000014741 0.999791343
QJ:/crrc/rr: 0.000000000 0.000283947 0.999716053
QJ:/rc/: 0.012320917 0.987679083 0.000000000
QJ:/rc/cr: 0.000002912 0.000002246 0.999994842
QJ:/rc/rr: 0.000000000 0.000270016 0.999729984
QJ:/rrc/: 0.000003327 0.999996673 0.000000000
QJ:/rrc/cr: 0.000001109 0.000001109 0.999997782
QJ:/rrc/rr: 0.000000000 0.500000000 0.500000000
QK:/cc/: 0.516458766 0.483541234 0.000000000
QK:/cc/cr: 0.000072982 0.999892531 0.000034488
QK:/cc/rr: 0.000000000 0.161448304 0.838551696
QK:/crc/: 0.002305620 0.997694380 0.000000000
QK:/crc/cr: 0.000003132 0.556796467 0.443200401
QK:/crc/rr: 0.000000000 0.002262231 0.997737769
QK:/crrc/: 0.974698501 0.025301499 0.000000000
QK:/crrc/cr: 0.000966625 0.631065976 0.367967399
QK:/crrc/rr: 0.000000000 0.000571544 0.999428456
QK:/rc/: 0.452641700 0.547358300 0.000000000
QK:/rc/cr: 0.002307412 0.540965350 0.456727238
QK:/rc/rr: 0.000000000 0.209008427 0.790991573
QK:/rrc/: 0.107554555 0.892445445 0.000000000
QK:/rrc/cr: 0.000001243 0.303609916 0.696388841
QK:/rrc/rr: 0.000000000 0.000288354 0.999711646
QQ:/cc/: 0.477801192 0.522198808 0.000000000
QQ:/cc/cr: 0.999974317 0.000012842 0.000012842
QQ:/cc/rr: 0.000000000 0.999978948 0.000021052
QQ:/crc/: 0.987321226 0.012678774 0.000000000
QQ:/crc/cr: 0.999578455 0.000210773 0.000210773
QQ:/crc/rr: 0.000000000 0.999995940 0.000004060
QQ:/crrc/: 0.075381578 0.924618422 0.000000000
QQ:/crrc/cr: 0.999970419 0.000014791 0.000014791
QQ:/crrc/rr: 0.000000000 0.999727869 0.000272131
QQ:/rc/: 0.504472101 0.495527899 0.000000000
QQ:/rc/cr: 0.999991048 0.000004476 0.000004476
QQ:/rc/rr: 0.000000000 0.999993405 0.000006595
QQ:/rrc/: 0.967441690 0.032558310 0.000000000
QQ:/rrc/cr: 0.999931879 0.000034061 0.000034061
QQ:/rrc/rr: 0.000000000 0.999998281 0.000001719
