J:/: 0.210527668 0.789472332 0.000000000
J:/cr: 0.178199405 0.076745755 0.745054840
J:/rr: 0.000000000 0.504127839 0.495872161
JJ:/cc/: 0.838129275 0.161870725 0.000000000
JJ:/cc/cr: 0.520738383 0.274175319 0.205086299
JJ:/cc/rr: 0.000000000 0.907756404 0.092243596
JJ:/crc/: 0.556636822 0.443363178 0.000000000
JJ:/crc/cr: 0.401452581 0.287189238 0.311358181
JJ:/crc/rr: 0.000000000 0.623398894 0.376601106
JJ:/crrc/: 0.710105931 0.289894069 0.000000000
JJ:/crrc/cr: 0.401495923 0.309035370 0.289468707
JJ:/crrc/rr: 0.000000000 0.832854222 0.167145778
JJ:/rc/: 0.544295488 0.455704512 0.000000000
JJ:/rc/cr: 0.300558524 0.317403734 0.382037742
JJ:/rc/rr: 0.000000000 0.534921591 0.465078409
JJ:/rrc/: 0.574144459 0.425855541 0.000000000
JJ:/rrc/cr: 0.409473573 0.346998648 0.243527779
JJ:/rrc/rr: 0.000000000 0.759940088 0.240059912
JK:/cc/: 0.243851798 0.756148202 0.000000000
JK:/cc/cr: 0.182773727 0.180459100 0.636767173
JK:/cc/rr: 0.000000000 0.276249736 0.723750264
JK:/crc/: 0.423999776 0.576000224 0.000000000
JK:/crc/cr: 0.338946323 0.313976112 0.347077565
JK:/crc/rr: 0.000000000 0.461285327 0.538714673
JK:/crrc/: 0.403183706 0.596816294 0.000000000
JK:/crrc/cr: 0.437011478 0.257254440 0.305734082
JK:/crrc/rr: 0.000000000 0.368397373 0.631602627
JK:/rc/: 0.365907455 0.634092545 0.000000000
JK:/rc/cr: 0.354081227 0.295821927 0.350096847
JK:/rc/rr: 0.000000000 0.406006464 0.593993536
JK:/rrc/: 0.375770639 0.624229361 0.000000000
JK:/rrc/cr: 0.422628383 0.306899774 0.270471843
JK:/rrc/rr: 0.000000000 0.491901515 0.508098485
JQ:/cc/: 0.232529903 0.767470097 0.000000000
JQ:/cc/cr: 0.220960628 0.198868604 0.580170768
JQ:/cc/rr: 0.000000000 0.351520734 0.648479266
JQ:/crc/: 0.360287288 0.639712712 0.000000000
JQ:/crc/cr: 0.397338865 0.258174308 0.344486827
JQ:/crc/rr: 0.000000000 0.364256145 0.635743855
JQ:/crrc/: 0.425940679 0.574059321 0.000000000
JQ:/crrc/cr: 0.359540033 0.268854295 0.371605672
JQ:/crrc/rr: 0.000000000 0.314726984 0.685273016
JQ:/rc/: 0.381672213 0.618327787 0.000000000
JQ:/rc/cr: 0.327270556 0.311002920 0.361726524
JQ:/rc/rr: 0.000000000 0.418633634 0.581366366
JQ:/rrc/: 0.349046560 0.650953440 0.000000000
JQ:/rrc/cr: 0.373756462 0.269757777 0.356485760
JQ:/rrc/rr: 0.000000000 0.439181202 0.560818798
K:/: 0.755929010 0.244070990 0.000000000
K:/cr: 0.642956957 0.249287575 0.107755467
K:/rr: 0.000000000 0.956002213 0.043997787
KJ:/cc/: 0.546990947 0.453009053 0.000000000
KJ:/cc/cr: 0.499540702 0.249478327 0.250980971
KJ:/cc/rr: 0.000000000 0.751352523 0.248647477
KJ:/crc/: 0.498668498 0.501331502 0.000000000
KJ:/crc/cr: 0.396591023 0.306061842 0.297347135
KJ:/crc/rr: 0.000000000 0.672403284 0.327596716
KJ:/crrc/: 0.566282447 0.433717553 0.000000000
KJ:/crrc/cr: 0.414899408 0.318585878 0.266514713
KJ:/crrc/rr: 0.000000000 0.763500935 0.236499065
KJ:/rc/: 0.625512682 0.374487318 0.000000000
KJ:/rc/cr: 0.549221466 0.251036927 0.199741607
KJ:/rc/rr: 0.000000000 0.841124101 0.158875899
KJ:/rrc/: 0.702870010 0.297129990 0.000000000
KJ:/rrc/cr: 0.502612572 0.263575573 0.233811854
KJ:/rrc/rr: 0.000000000 0.909713340 0.090286660
KK:/cc/: 0.784379544 0.215620456 0.000000000
KK:/cc/cr: 0.410683405 0.319630142 0.269686453
KK:/cc/rr: 0.000000000 0.863113845 0.136886155
KK:/crc/: 0.506177045 0.493822955 0.000000000
KK:/crc/cr: 0.247266871 0.408348361 0.344384768
KK:/crc/rr: 0.000000000 0.600486174 0.399513826
KK:/crrc/: 0.457730892 0.542269108 0.000000000
KK:/crrc/cr: 0.261900803 0.350946295 0.387152902
KK:/crrc/rr: 0.000000000 0.568485087 0.431514913
KK:/rc/: 0.810659211 0.189340789 0.000000000
KK:/rc/cr: 0.421206336 0.349023035 0.229770629
KK:/rc/rr: 0.000000000 0.876798745 0.123201255
KK:/rrc/: 0.791619704 0.208380296 0.000000000
KK:/rrc/cr: 0.449947795 0.367549289 0.182502915
KK:/rrc/rr: 0.000000000 0.894706208 0.105293792
KQ:/cc/: 0.569866790 0.430133210 0.000000000
KQ:/cc/cr: 0.458852675 0.279944381 0.261202943
KQ:/cc/rr: 0.000000000 0.808134418 0.191865582
KQ:/crc/: 0.534790512 0.465209488 0.000000000
KQ:/crc/cr: 0.328018249 0.373046509 0.298935241
KQ:/crc/rr: 0.000000000 0.604739102 0.395260898
KQ:/crrc/: 0.506201082 0.493798918 0.000000000
KQ:/crrc/cr: 0.465534331 0.295826295 0.238639374
KQ:/crrc/rr: 0.000000000 0.758025719 0.241974281
KQ:/rc/: 0.502895134 0.497104866 0.000000000
KQ:/rc/cr: 0.531825820 0.262407773 0.205766407
KQ:/rc/rr: 0.000000000 0.746013362 0.253986638
KQ:/rrc/: 0.534845775 0.465154225 0.000000000
KQ:/rrc/cr: 0.597341126 0.209662090 0.192996783
KQ:/rrc/rr: 0.000000000 0.870051365 0.129948635
Q:/: 0.401196868 0.598803132 0.000000000
Q:/cr: 0.434807996 0.259720134 0.305471870
Q:/rr: 0.000000000 0.910383682 0.089616318
QJ:/cc/: 0.199542134 0.800457866 0.000000000
QJ:/cc/cr: 0.215910005 0.192248033 0.591841963
QJ:/cc/rr: 0.000000000 0.371566560 0.628433440
QJ:/crc/: 0.329119986 0.670880014 0.000000000
QJ:/crc/cr: 0.412693458 0.266816510 0.320490033
QJ:/crc/rr: 0.000000000 0.430220920 0.569779080
QJ:/crrc/: 0.337528074 0.662471926 0.000000000
QJ:/crrc/cr: 0.445969362 0.234838939 0.319191699
QJ:/crrc/rr: 0.000000000 0.380944659 0.619055341
QJ:/rc/: 0.343332793 0.656667207 0.000000000
QJ:/rc/cr: 0.366739670 0.228790133 0.404470197
QJ:/rc/rr: 0.000000000 0.460609867 0.539390133
QJ:/rrc/: 0.331410220 0.668589780 0.000000000
QJ:/rrc/cr: 0.364242356 0.212527423 0.423230221
QJ:/rrc/rr: 0.000000000 0.344444577 0.655555423
QK:/cc/: 0.657673576 0.342326424 0.000000000
QK:/cc/cr: 0.512189116 0.278172651 0.209638234
QK:/cc/rr: 0.000000000 0.805347002 0.194652998
QK:/crc/: 0.439488983 0.560511017 0.000000000
QK:/crc/cr: 0.442488923 0.266647370 0.290863707
QK:/crc/rr: 0.000000000 0.637212426 0.362787574
QK:/crrc/: 0.404261489 0.595738511 0.000000000
QK:/crrc/cr: 0.521505784 0.276509227 0.201984989
QK:/crrc/rr: 0.000000000 0.759399619 0.240600381
QK:/rc/: 0.480874572 0.519125428 0.000000000
QK:/rc/cr: 0.447599209 0.307100453 0.245300338
QK:/rc/rr: 0.000000000 0.751501520 0.248498480
QK:/rrc/: 0.457232791 0.542767209 0.000000000
QK:/rrc/cr: 0.508907468 0.273456804 0.217635728
QK:/rrc/rr: 0.000000000 0.810272310 0.189727690
QQ:/cc/: 0.824323804 0.175676196 0.000000000
QQ:/cc/cr: 0.514461494 0.242120462 0.243418043
QQ:/cc/rr: 0.000000000 0.889224448 0.110775552
QQ:/crc/: 0.537828148 0.462171852 0.000000000
QQ:/crc/cr: 0.313340159 0.420938802 0.265721039
QQ:/crc/rr: 0.000000000 0.676928219 0.323071781
QQ:/crrc/: 0.692918238 0.307081762 0.000000000
QQ:/crrc/cr: 0.465836739 0.332168219 0.201995042
QQ:/crrc/rr: 0.000000000 0.846555202 0.153444798
QQ:/rc/: 0.607710851 0.392289149 0.000000000
QQ:/rc/cr: 0.332642938 0.311592184 0.355764878
QQ:/rc/rr: 0.000000000 0.659742682 0.340257318
QQ:/rrc/: 0.769609800 0.230390200 0.000000000
QQ:/rrc/cr: 0.513959624 0.308328923 0.177711453
QQ:/rrc/rr: 0.000000000 0.886756169 0.113243831
