J:/: 0.191307157 0.808692843 0.000000000
J:/cr: 0.146211087 0.062785266 0.791003648
J:/rr: 0.000000000 0.440515484 0.559484516
JJ:/cc/: 0.857411586 0.142588414 0.000000000
JJ:/cc/cr: 0.553526045 0.255418198 0.191055756
JJ:/cc/rr: 0.000000000 0.921255207 0.078744793
JJ:/crc/: 0.594672225 0.405327775 0.000000000
JJ:/crc/cr: 0.435733537 0.271787692 0.292478771
JJ:/crc/rr: 0.000000000 0.684685798 0.315314202
JJ:/crrc/: 0.759825049 0.240174951 0.000000000
JJ:/crrc/cr: 0.443933861 0.309172103 0.246894035
JJ:/crrc/rr: 0.000000000 0.871356616 0.128643384
JJ:/rc/: 0.588353242 0.411646758 0.000000000
JJ:/rc/cr: 0.364663557 0.318276840 0.317059603
JJ:/rc/rr: 0.000000000 0.645606383 0.354393617
JJ:/rrc/: 0.639336088 0.360663912 0.000000000
JJ:/rrc/cr: 0.436811997 0.342989124 0.220198878
JJ:/rrc/rr: 0.000000000 0.824979232 0.175020768
JK:/cc/: 0.226057087 0.773942913 0.000000000
JK:/cc/cr: 0.163501574 0.161431007 0.675067419
JK:/cc/rr: 0.000000000 0.256765074 0.743234926
JK:/crc/: 0.402135057 0.597864943 0.000000000
JK:/crc/cr: 0.353625432 0.300177781 0.346196787
JK:/crc/rr: 0.000000000 0.438991873 0.561008127
JK:/crrc/: 0.392736017 0.607263983 0.000000000
JK:/crrc/cr: 0.416020171 0.244897168 0.339082661
JK:/crrc/rr: 0.000000000 0.354876435 0.645123565
JK:/rc/: 0.348969596 0.651030404 0.000000000
JK:/rc/cr: 0.338313823 0.273850351 0.387835826
JK:/rc/rr: 0.000000000 0.377519067 0.622480933
JK:/rrc/: 0.361394451 0.638605549 0.000000000
JK:/rrc/cr: 0.420411900 0.295701418 0.283886681
JK:/rrc/rr: 0.000000000 0.465859760 0.534140240
JQ:/cc/: 0.221053852 0.778946148 0.000000000
JQ:/cc/cr: 0.200848310 0.180767149 0.618384541
JQ:/cc/rr: 0.000000000 0.332205412 0.667794588
JQ:/crc/: 0.339051263 0.660948737 0.000000000
JQ:/crc/cr: 0.394438591 0.250192842 0.355368566
JQ:/crc/rr: 0.000000000 0.343673790 0.656326210
JQ:/crrc/: 0.409987650 0.590012350 0.000000000
JQ:/crrc/cr: 0.344217727 0.256083378 0.399698896
JQ:/crrc/rr: 0.000000000 0.299256221 0.700743779
JQ:/rc/: 0.355992645 0.644007355 0.000000000
JQ:/rc/cr: 0.312662380 0.295329291 0.392008329
JQ:/rc/rr: 0.000000000 0.395729315 0.604270685
JQ:/rrc/: 0.330748477 0.669251523 0.000000000
JQ:/rrc/cr: 0.351345192 0.253582500 0.395072308
JQ:/rrc/rr: 0.000000000 0.414765285 0.585234715
K:/: 0.731872005 0.268127995 0.000000000
K:/cr: 0.667778472 0.239209360 0.093012168
K:/rr: 0.000000000 0.961319747 0.038680253
KJ:/cc/: 0.563236512 0.436763488 0.000000000
KJ:/cc/cr: 0.501182081 0.249812889 0.249005030
KJ:/cc/rr: 0.000000000 0.766435384 0.233564616
KJ:/crc/: 0.496772154 0.503227846 0.000000000
KJ:/crc/cr: 0.420365973 0.300217297 0.279416730
KJ:/crc/rr: 0.000000000 0.724772633 0.275227367
KJ:/crrc/: 0.596385203 0.403614797 0.000000000
KJ:/crrc/cr: 0.449155988 0.310422478 0.240421534
KJ:/crrc/rr: 0.000000000 0.803082769 0.196917231
KJ:/rc/: 0.654019435 0.345980565 0.000000000
KJ:/rc/cr: 0.562924563 0.248081856 0.188993580
KJ:/rc/rr: 0.000000000 0.861113677 0.138886323
KJ:/rrc/: 0.710981391 0.289018609 0.000000000
KJ:/rrc/cr: 0.523801138 0.256865454 0.219333408
KJ:/rrc/rr: 0.000000000 0.917804500 0.082195500
KK:/cc/: 0.815036794 0.184963206 0.000000000
KK:/cc/cr: 0.446013781 0.306346574 0.247639645
KK:/cc/rr: 0.000000000 0.888438931 0.111561069
KK:/crc/: 0.522226206 0.477773794 0.000000000
KK:/crc/cr: 0.209525049 0.378122298 0.412352653
KK:/crc/rr: 0.000000000 0.477187591 0.522812409
KK:/crrc/: 0.530673242 0.469326758 0.000000000
KK:/crrc/cr: 0.401618428 0.343182331 0.255199240
KK:/crrc/rr: 0.000000000 0.680680526 0.319319474
KK:/rc/: 0.847956322 0.152043678 0.000000000
KK:/rc/cr: 0.441601542 0.344744471 0.213653987
KK:/rc/rr: 0.000000000 0.909814215 0.090185785
KK:/rrc/: 0.818704198 0.181295802 0.000000000
KK:/rrc/cr: 0.469606527 0.359279147 0.171114326
KK:/rrc/rr: 0.000000000 0.911123820 0.088876180
KQ:/cc/: 0.578530013 0.421469987 0.000000000
KQ:/cc/cr: 0.467452987 0.280191595 0.252355419
KQ:/cc/rr: 0.000000000 0.821721551 0.178278449
KQ:/crc/: 0.523918060 0.476081940 0.000000000
KQ:/crc/cr: 0.361695380 0.354506893 0.283797727
KQ:/crc/rr: 0.000000000 0.659612825 0.340387175
KQ:/crrc/: 0.491300950 0.508699050 0.000000000
KQ:/crrc/cr: 0.501599962 0.281447339 0.216952699
KQ:/crrc/rr: 0.000000000 0.790013405 0.209986595
KQ:/rc/: 0.479154654 0.520845346 0.000000000
KQ:/rc/cr: 0.542624515 0.258588436 0.198787049
KQ:/rc/rr: 0.000000000 0.763441864 0.236558136
KQ:/rrc/: 0.530335485 0.469664515 0.000000000
KQ:/rrc/cr: 0.615037166 0.205045436 0.179917398
KQ:/rrc/rr: 0.000000000 0.881605896 0.118394104
Q:/: 0.406882224 0.593117776 0.000000000
Q:/cr: 0.361688278 0.262349504 0.375962218
Q:/rr: 0.000000000 0.903154751 0.096845249
QJ:/cc/: 0.187256473 0.812743527 0.000000000
QJ:/cc/cr: 0.194340363 0.173042247 0.632617390
QJ:/cc/rr: 0.000000000 0.347446012 0.652553988
QJ:/crc/: 0.300404436 0.699595564 0.000000000
QJ:/crc/cr: 0.391553856 0.251214558 0.357231586
QJ:/crc/rr: 0.000000000 0.398256332 0.601743668
QJ:/crrc/: 0.313710368 0.686289632 0.000000000
QJ:/crrc/cr: 0.412663640 0.217063479 0.370272881
QJ:/crrc/rr: 0.000000000 0.365488030 0.634511970
QJ:/rc/: 0.334642830 0.665357170 0.000000000
QJ:/rc/cr: 0.358158041 0.222532107 0.419309853
QJ:/rc/rr: 0.000000000 0.455558787 0.544441213
QJ:/rrc/: 0.317299242 0.682700758 0.000000000
QJ:/rrc/cr: 0.335715561 0.195879148 0.468405291
QJ:/rrc/rr: 0.000000000 0.307718044 0.692281956
QK:/cc/: 0.681242619 0.318757381 0.000000000
QK:/cc/cr: 0.521166884 0.274980299 0.203852818
QK:/cc/rr: 0.000000000 0.822550792 0.177449208
QK:/crc/: 0.417398327 0.582601673 0.000000000
QK:/crc/cr: 0.477680314 0.249953576 0.272366110
QK:/crc/rr: 0.000000000 0.680066739 0.319933261
QK:/crrc/: 0.398801188 0.601198812 0.000000000
QK:/crrc/cr: 0.536632612 0.273427579 0.189939809
QK:/crrc/rr: 0.000000000 0.778945898 0.221054102
QK:/rc/: 0.478610289 0.521389711 0.000000000
QK:/rc/cr: 0.479853457 0.289169223 0.230977320
QK:/rc/rr: 0.000000000 0.776287509 0.223712491
QK:/rrc/: 0.424695438 0.575304562 0.000000000
QK:/rrc/cr: 0.515068454 0.274861797 0.210069749
QK:/rrc/rr: 0.000000000 0.818098515 0.181901485
QQ:/cc/: 0.845678851 0.154321149 0.000000000
QQ:/cc/cr: 0.542670054 0.229603758 0.227726188
QQ:/cc/rr: 0.000000000 0.905356878 0.094643122
QQ:/crc/: 0.626998825 0.373001175 0.000000000
QQ:/crc/cr: 0.391801723 0.372843207 0.235355071
QQ:/crc/rr: 0.000000000 0.774324543 0.225675457
QQ:/crrc/: 0.756782551 0.243217449 0.000000000
QQ:/crrc/cr: 0.502091895 0.319258595 0.178649510
QQ:/crrc/rr: 0.000000000 0.889722023 0.110277977
QQ:/rc/: 0.658076627 0.341923373 0.000000000
QQ:/rc/cr: 0.373517894 0.293731774 0.332750333
QQ:/rc/rr: 0.000000000 0.756543030 0.243456970
QQ:/rrc/: 0.823413486 0.176586514 0.000000000
QQ:/rrc/cr: 0.544527912 0.295229977 0.160242110
QQ:/rrc/rr: 0.000000000 0.915928317 0.084071683
