J:/: 0.192911133 0.807088867 0.000000000
J:/cr: 0.139758196 0.061248967 0.798992837
J:/rr: 0.000000000 0.440312188 0.559687812
JJ:/cc/: 0.861940235 0.138059765 0.000000000
JJ:/cc/cr: 0.559652830 0.251913196 0.188433974
JJ:/cc/rr: 0.000000000 0.923672706 0.076327294
JJ:/crc/: 0.601079179 0.398920821 0.000000000
JJ:/crc/cr: 0.430490719 0.278617825 0.290891457
JJ:/crc/rr: 0.000000000 0.695041026 0.304958974
JJ:/crrc/: 0.768658962 0.231341038 0.000000000
JJ:/crrc/cr: 0.450537047 0.308912684 0.240550269
JJ:/crrc/rr: 0.000000000 0.876651769 0.123348231
JJ:/rc/: 0.596383335 0.403616665 0.000000000
JJ:/rc/cr: 0.363667948 0.324475322 0.311856731
JJ:/rc/rr: 0.000000000 0.663339936 0.336660064
JJ:/rrc/: 0.655174960 0.344825040 0.000000000
JJ:/rrc/cr: 0.443304033 0.340677447 0.216018520
JJ:/rrc/rr: 0.000000000 0.836611466 0.163388534
JK:/cc/: 0.222338779 0.777661221 0.000000000
JK:/cc/cr: 0.159564867 0.157544154 0.682890979
JK:/cc/rr: 0.000000000 0.251978593 0.748021407
JK:/crc/: 0.398310006 0.601689994 0.000000000
JK:/crc/cr: 0.354639010 0.298012601 0.347348389
JK:/crc/rr: 0.000000000 0.435556989 0.564443011
JK:/crrc/: 0.391619777 0.608380223 0.000000000
JK:/crrc/cr: 0.411643699 0.242320885 0.346035415
JK:/crrc/rr: 0.000000000 0.352287935 0.647712065
JK:/rc/: 0.345025396 0.654974604 0.000000000
JK:/rc/cr: 0.332436344 0.269092787 0.398470869
JK:/rc/rr: 0.000000000 0.372025510 0.627974490
JK:/rrc/: 0.360182254 0.639817746 0.000000000
JK:/rrc/cr: 0.416901544 0.293211355 0.289887101
JK:/rrc/rr: 0.000000000 0.462190207 0.537809793
JQ:/cc/: 0.218691100 0.781308900 0.000000000
JQ:/cc/cr: 0.196459845 0.176817451 0.626722705
JQ:/cc/rr: 0.000000000 0.328514877 0.671485123
JQ:/crc/: 0.335326221 0.664673779 0.000000000
JQ:/crc/cr: 0.393117818 0.248498747 0.358383435
JQ:/crc/rr: 0.000000000 0.340164046 0.659835954
JQ:/crrc/: 0.404038911 0.595961089 0.000000000
JQ:/crrc/cr: 0.340370626 0.252883661 0.406745714
JQ:/crrc/rr: 0.000000000 0.296285666 0.703714334
JQ:/rc/: 0.351040970 0.648959030 0.000000000
JQ:/rc/cr: 0.309263009 0.292029440 0.398707551
JQ:/rc/rr: 0.000000000 0.390051359 0.609948641
JQ:/rrc/: 0.328103566 0.671896434 0.000000000
JQ:/rrc/cr: 0.346655800 0.250197944 0.403146256
JQ:/rrc/rr: 0.000000000 0.410385338 0.589614662
K:/: 0.725839175 0.274160825 0.000000000
K:/cr: 0.675864167 0.233878018 0.090257815
K:/rr: 0.000000000 0.962249534 0.037750466
KJ:/cc/: 0.568411027 0.431588973 0.000000000
KJ:/cc/cr: 0.498313614 0.254021422 0.247664964
KJ:/cc/rr: 0.000000000 0.769872727 0.230127273
KJ:/crc/: 0.496320459 0.503679541 0.000000000
KJ:/crc/cr: 0.426450355 0.297837374 0.275712272
KJ:/crc/rr: 0.000000000 0.733858933 0.266141067
KJ:/crrc/: 0.604855295 0.395144705 0.000000000
KJ:/crrc/cr: 0.452829351 0.312278977 0.234891672
KJ:/crrc/rr: 0.000000000 0.809442574 0.190557426
KJ:/rc/: 0.658641207 0.341358793 0.000000000
KJ:/rc/cr: 0.566077008 0.247122355 0.186800637
KJ:/rc/rr: 0.000000000 0.864368952 0.135631048
KJ:/rrc/: 0.714135806 0.285864194 0.000000000
KJ:/rrc/cr: 0.527757424 0.255541198 0.216701377
KJ:/rrc/rr: 0.000000000 0.919253487 0.080746513
KK:/cc/: 0.821156407 0.178843593 0.000000000
KK:/cc/cr: 0.453802888 0.302816355 0.243380757
KK:/cc/rr: 0.000000000 0.893309954 0.106690046
KK:/crc/: 0.525500313 0.474499687 0.000000000
KK:/crc/cr: 0.208949504 0.381262918 0.409787578
KK:/crc/rr: 0.000000000 0.482516481 0.517483519
KK:/crrc/: 0.546428348 0.453571652 0.000000000
KK:/crrc/cr: 0.411080152 0.343332931 0.245586916
KK:/crrc/rr: 0.000000000 0.699267682 0.300732318
KK:/rc/: 0.853537782 0.146462218 0.000000000
KK:/rc/cr: 0.448045764 0.341922393 0.210031843
KK:/rc/rr: 0.000000000 0.914351110 0.085648890
KK:/rrc/: 0.824208041 0.175791959 0.000000000
KK:/rrc/cr: 0.472803561 0.358011901 0.169184539
KK:/rrc/rr: 0.000000000 0.913734630 0.086265370
KQ:/cc/: 0.578422558 0.421577442 0.000000000
KQ:/cc/cr: 0.469755211 0.280119599 0.250125190
KQ:/cc/rr: 0.000000000 0.824410655 0.175589345
KQ:/crc/: 0.523068109 0.476931891 0.000000000
KQ:/crc/cr: 0.366876278 0.351693011 0.281430711
KQ:/crc/rr: 0.000000000 0.670118792 0.329881208
KQ:/crrc/: 0.485121417 0.514878583 0.000000000
KQ:/crrc/cr: 0.506315021 0.281491646 0.212193332
KQ:/crrc/rr: 0.000000000 0.796235540 0.203764460
KQ:/rc/: 0.476880787 0.523119213 0.000000000
KQ:/rc/cr: 0.541903753 0.260248952 0.197847295
KQ:/rc/rr: 0.000000000 0.766971872 0.233028128
KQ:/rrc/: 0.529314116 0.470685884 0.000000000
KQ:/rrc/cr: 0.617372938 0.205340624 0.177286438
KQ:/rrc/rr: 0.000000000 0.883782776 0.116217224
Q:/: 0.404964382 0.595035618 0.000000000
Q:/cr: 0.341666651 0.273101338 0.385232011
Q:/rr: 0.000000000 0.900108633 0.099891367
QJ:/cc/: 0.184168520 0.815831480 0.000000000
QJ:/cc/cr: 0.190160233 0.169320226 0.640519541
QJ:/cc/rr: 0.000000000 0.341099742 0.658900258
QJ:/crc/: 0.295963354 0.704036646 0.000000000
QJ:/crc/cr: 0.385750221 0.247446418 0.366803361
QJ:/crc/rr: 0.000000000 0.392780714 0.607219286
QJ:/crrc/: 0.307071859 0.692928141 0.000000000
QJ:/crrc/cr: 0.405905937 0.213396071 0.380697992
QJ:/crrc/rr: 0.000000000 0.362152187 0.637847813
QJ:/rc/: 0.330851944 0.669148056 0.000000000
QJ:/rc/cr: 0.355758740 0.221027542 0.423213718
QJ:/rc/rr: 0.000000000 0.451531873 0.548468127
QJ:/rrc/: 0.312951692 0.687048308 0.000000000
QJ:/rrc/cr: 0.329456698 0.192227305 0.478315998
QJ:/rrc/rr: 0.000000000 0.301271244 0.698728756
QK:/cc/: 0.685299356 0.314700644 0.000000000
QK:/cc/cr: 0.523428242 0.273997003 0.202574754
QK:/cc/rr: 0.000000000 0.825655191 0.174344809
QK:/crc/: 0.415780314 0.584219686 0.000000000
QK:/crc/cr: 0.484128778 0.246909846 0.268961376
QK:/crc/rr: 0.000000000 0.687397517 0.312602483
QK:/crrc/: 0.406595327 0.593404673 0.000000000
QK:/crrc/cr: 0.535345935 0.276567185 0.188086881
QK:/crrc/rr: 0.000000000 0.782638653 0.217361347
QK:/rc/: 0.476111689 0.523888311 0.000000000
QK:/rc/cr: 0.485695416 0.285921456 0.228383128
QK:/rc/rr: 0.000000000 0.780285655 0.219714345
QK:/rrc/: 0.425279733 0.574720267 0.000000000
QK:/rrc/cr: 0.515442622 0.275295447 0.209261932
QK:/rrc/rr: 0.000000000 0.819618570 0.180381430
QQ:/cc/: 0.849925659 0.150074341 0.000000000
QQ:/cc/cr: 0.547884369 0.227115918 0.224999714
QQ:/cc/rr: 0.000000000 0.908452893 0.091547107
QQ:/crc/: 0.643091843 0.356908157 0.000000000
QQ:/crc/cr: 0.410460416 0.361404886 0.228134698
QQ:/crc/rr: 0.000000000 0.791378844 0.208621156
QQ:/crrc/: 0.769118075 0.230881925 0.000000000
QQ:/crrc/cr: 0.508067787 0.316673870 0.175258342
QQ:/crrc/rr: 0.000000000 0.895796341 0.104203659
QQ:/rc/: 0.673722082 0.326277918 0.000000000
QQ:/rc/cr: 0.383718160 0.289001650 0.327280189
QQ:/rc/rr: 0.000000000 0.772059442 0.227940558
QQ:/rrc/: 0.832067469 0.167932531 0.000000000
QQ:/rrc/cr: 0.550328782 0.292110592 0.157560626
QQ:/rrc/rr: 0.000000000 0.920555238 0.079444762
