J:/: 0.185599511 0.814400489 0.000000000
J:/cr: 0.118959667 0.051581472 0.829458862
J:/rr: 0.000000000 0.429343412 0.570656588
JJ:/cc/: 0.877157562 0.122842438 0.000000000
JJ:/cc/cr: 0.588885321 0.235189913 0.175924766
JJ:/cc/rr: 0.000000000 0.933347119 0.066652881
JJ:/crc/: 0.630118376 0.369881624 0.000000000
JJ:/crc/cr: 0.401335822 0.325173635 0.273490543
JJ:/crc/rr: 0.000000000 0.751248449 0.248751551
JJ:/crrc/: 0.795374502 0.204625498 0.000000000
JJ:/crrc/cr: 0.476231449 0.306524211 0.217244340
JJ:/crrc/rr: 0.000000000 0.896595287 0.103404713
JJ:/rc/: 0.625529479 0.374470521 0.000000000
JJ:/rc/cr: 0.383090235 0.331534346 0.285375419
JJ:/rc/rr: 0.000000000 0.732339207 0.267660793
JJ:/rrc/: 0.701127945 0.298872055 0.000000000
JJ:/rrc/cr: 0.471129473 0.331024208 0.197846319
JJ:/rrc/rr: 0.000000000 0.870351315 0.129648685
JK:/cc/: 0.204599443 0.795400557 0.000000000
JK:/cc/cr: 0.143198260 0.141384813 0.715416927
JK:/cc/rr: 0.000000000 0.231896699 0.768103301
JK:/crc/: 0.380200730 0.619799270 0.000000000
JK:/crc/cr: 0.351738912 0.289322986 0.358938102
JK:/crc/rr: 0.000000000 0.417039898 0.582960102
JK:/crrc/: 0.380406050 0.619593950 0.000000000
JK:/crrc/cr: 0.389855718 0.229495029 0.380649252
JK:/crrc/rr: 0.000000000 0.341133066 0.658866934
JK:/rc/: 0.324479948 0.675520052 0.000000000
JK:/rc/cr: 0.309024950 0.250068935 0.440906114
JK:/rc/rr: 0.000000000 0.349868706 0.650131294
JK:/rrc/: 0.349877886 0.650122114 0.000000000
JK:/rrc/cr: 0.403245917 0.282905051 0.313849032
JK:/rrc/rr: 0.000000000 0.440058069 0.559941931
JQ:/cc/: 0.207638081 0.792361919 0.000000000
JQ:/cc/cr: 0.179588884 0.161633278 0.658777839
JQ:/cc/rr: 0.000000000 0.305984854 0.694015146
JQ:/crc/: 0.319851667 0.680148333 0.000000000
JQ:/crc/cr: 0.382470977 0.241583023 0.375946000
JQ:/crc/rr: 0.000000000 0.325714675 0.674285325
JQ:/crrc/: 0.394501322 0.605498678 0.000000000
JQ:/crrc/cr: 0.322333533 0.239479074 0.438187392
JQ:/crrc/rr: 0.000000000 0.284751973 0.715248027
JQ:/rc/: 0.328756852 0.671243148 0.000000000
JQ:/rc/cr: 0.292415674 0.276120439 0.431463887
JQ:/rc/rr: 0.000000000 0.364901450 0.635098550
JQ:/rrc/: 0.313155519 0.686844481 0.000000000
JQ:/rrc/cr: 0.333006627 0.239916541 0.427076832
JQ:/rrc/rr: 0.000000000 0.393097549 0.606902451
K:/: 0.724439593 0.275560407 0.000000000
K:/cr: 0.705630735 0.214957038 0.079412226
K:/rr: 0.000000000 0.965966685 0.034033315
KJ:/cc/: 0.577241294 0.422758706 0.000000000
KJ:/cc/cr: 0.487796812 0.268103835 0.244099353
KJ:/cc/rr: 0.000000000 0.782721379 0.217278621
KJ:/crc/: 0.506586942 0.493413058 0.000000000
KJ:/crc/cr: 0.447709816 0.291230936 0.261059247
KJ:/crc/rr: 0.000000000 0.761212190 0.238787810
KJ:/crrc/: 0.642165312 0.357834688 0.000000000
KJ:/crrc/cr: 0.476757010 0.306173102 0.217069888
KJ:/crrc/rr: 0.000000000 0.832573101 0.167426899
KJ:/rc/: 0.682259691 0.317740309 0.000000000
KJ:/rc/cr: 0.577626966 0.244649368 0.177723665
KJ:/rc/rr: 0.000000000 0.877545459 0.122454541
KJ:/rrc/: 0.714912977 0.285087023 0.000000000
KJ:/rrc/cr: 0.539291646 0.255578495 0.205129859
KJ:/rrc/rr: 0.000000000 0.925001125 0.074998875
KK:/cc/: 0.843878281 0.156121719 0.000000000
KK:/cc/cr: 0.491312309 0.282946053 0.225741639
KK:/cc/rr: 0.000000000 0.911042610 0.088957390
KK:/crc/: 0.550830101 0.449169899 0.000000000
KK:/crc/cr: 0.293923608 0.370095931 0.335980461
KK:/crc/rr: 0.000000000 0.533768782 0.466231218
KK:/crrc/: 0.594924541 0.405075459 0.000000000
KK:/crrc/cr: 0.419766859 0.369890931 0.210342210
KK:/crrc/rr: 0.000000000 0.781754570 0.218245430
KK:/rc/: 0.879008884 0.120991116 0.000000000
KK:/rc/cr: 0.481679310 0.325109287 0.193211403
KK:/rc/rr: 0.000000000 0.931308778 0.068691222
KK:/rrc/: 0.842063219 0.157936781 0.000000000
KK:/rrc/cr: 0.487293347 0.351988246 0.160718408
KK:/rrc/rr: 0.000000000 0.923360613 0.076639387
KQ:/cc/: 0.582897890 0.417102110 0.000000000
KQ:/cc/cr: 0.471492699 0.285639881 0.242867420
KQ:/cc/rr: 0.000000000 0.834537488 0.165462512
KQ:/crc/: 0.519333193 0.480666807 0.000000000
KQ:/crc/cr: 0.393889091 0.337031884 0.269079025
KQ:/crc/rr: 0.000000000 0.703756734 0.296243266
KQ:/crrc/: 0.473203926 0.526796074 0.000000000
KQ:/crrc/cr: 0.541688342 0.264119890 0.194191769
KQ:/crrc/rr: 0.000000000 0.820195192 0.179804808
KQ:/rc/: 0.465411589 0.534588411 0.000000000
KQ:/rc/cr: 0.533145795 0.260842452 0.206011752
KQ:/rc/rr: 0.000000000 0.779609357 0.220390643
KQ:/rrc/: 0.520279693 0.479720307 0.000000000
KQ:/rrc/cr: 0.630228309 0.202743155 0.167028536
KQ:/rrc/rr: 0.000000000 0.891940979 0.108059021
Q:/: 0.383714724 0.616285276 0.000000000
Q:/cr: 0.281717336 0.276662243 0.441620422
Q:/rr: 0.000000000 0.864432653 0.135567347
QJ:/cc/: 0.173314843 0.826685157 0.000000000
QJ:/cc/cr: 0.172393130 0.153500252 0.674106619
QJ:/cc/rr: 0.000000000 0.319819141 0.680180859
QJ:/crc/: 0.274972353 0.725027647 0.000000000
QJ:/crc/cr: 0.358266515 0.229717594 0.412015891
QJ:/crc/rr: 0.000000000 0.365534058 0.634465942
QJ:/crrc/: 0.296415704 0.703584296 0.000000000
QJ:/crrc/cr: 0.375366983 0.197340891 0.427292126
QJ:/crrc/rr: 0.000000000 0.348128891 0.651871109
QJ:/rc/: 0.326890374 0.673109626 0.000000000
QJ:/rc/cr: 0.346009941 0.214371107 0.439618952
QJ:/rc/rr: 0.000000000 0.429472199 0.570527801
QJ:/rrc/: 0.294849216 0.705150784 0.000000000
QJ:/rrc/cr: 0.304472623 0.177649907 0.517877470
QJ:/rrc/rr: 0.000000000 0.275508310 0.724491690
QK:/cc/: 0.700454804 0.299545196 0.000000000
QK:/cc/cr: 0.534306473 0.268786999 0.196906528
QK:/cc/rr: 0.000000000 0.838624980 0.161375020
QK:/crc/: 0.403064441 0.596935559 0.000000000
QK:/crc/cr: 0.503485543 0.237756996 0.258757461
QK:/crc/rr: 0.000000000 0.714714279 0.285285721
QK:/crrc/: 0.411532626 0.588467374 0.000000000
QK:/crrc/cr: 0.530303932 0.288449739 0.181246330
QK:/crrc/rr: 0.000000000 0.795332971 0.204667029
QK:/rc/: 0.471143569 0.528856431 0.000000000
QK:/rc/cr: 0.509161715 0.272917069 0.217921216
QK:/rc/rr: 0.000000000 0.797094386 0.202905614
QK:/rrc/: 0.404307035 0.595692965 0.000000000
QK:/rrc/cr: 0.516348332 0.275921827 0.207729841
QK:/rrc/rr: 0.000000000 0.824069991 0.175930009
QQ:/cc/: 0.865948896 0.134051104 0.000000000
QQ:/cc/cr: 0.572355196 0.215284294 0.212360510
QQ:/cc/rr: 0.000000000 0.920260799 0.079739201
QQ:/crc/: 0.712663300 0.287336700 0.000000000
QQ:/crc/cr: 0.461364268 0.332335914 0.206299818
QQ:/crc/rr: 0.000000000 0.849432233 0.150567767
QQ:/crrc/: 0.805237972 0.194762028 0.000000000
QQ:/crrc/cr: 0.533495847 0.304894699 0.161609454
QQ:/crrc/rr: 0.000000000 0.914285942 0.085714058
QQ:/rc/: 0.728399606 0.271600394 0.000000000
QQ:/rc/cr: 0.415606256 0.294026187 0.290367557
QQ:/rc/rr: 0.000000000 0.822995298 0.177004702
QQ:/rrc/: 0.857949449 0.142050551 0.000000000
QQ:/rrc/cr: 0.582435144 0.272539796 0.145025060
QQ:/rrc/rr: 0.000000000 0.934784030 0.065215970
