J:/: 0.187887146 0.812112854 0.000000000
J:/cr: 0.115286271 0.050922385 0.833791344
J:/rr: 0.000000000 0.425712543 0.574287457
JJ:/cc/: 0.879498874 0.120501126 0.000000000
JJ:/cc/cr: 0.593057739 0.232802962 0.174139299
JJ:/cc/rr: 0.000000000 0.934827462 0.065172538
JJ:/crc/: 0.636783801 0.363216199 0.000000000
JJ:/crc/cr: 0.398085508 0.330938037 0.270976455
JJ:/crc/rr: 0.000000000 0.761760981 0.238239019
JJ:/crrc/: 0.799753342 0.200246658 0.000000000
JJ:/crrc/cr: 0.479955159 0.306026337 0.214018504
JJ:/crrc/rr: 0.000000000 0.899380236 0.100619764
JJ:/rc/: 0.635965512 0.364034488 0.000000000
JJ:/rc/cr: 0.387426587 0.331716487 0.280856925
JJ:/rc/rr: 0.000000000 0.740831846 0.259168154
JJ:/rrc/: 0.710238530 0.289761470 0.000000000
JJ:/rrc/cr: 0.474675363 0.329687255 0.195637382
JJ:/rrc/rr: 0.000000000 0.876722587 0.123277413
JK:/cc/: 0.202089744 0.797910256 0.000000000
JK:/cc/cr: 0.140426879 0.138648528 0.720924594
JK:/cc/rr: 0.000000000 0.229166036 0.770833964
JK:/crc/: 0.378823196 0.621176804 0.000000000
JK:/crc/cr: 0.349667322 0.287618998 0.362713679
JK:/crc/rr: 0.000000000 0.414585623 0.585414377
JK:/crrc/: 0.379171131 0.620828869 0.000000000
JK:/crrc/cr: 0.385985799 0.227216937 0.386797263
JK:/crrc/rr: 0.000000000 0.339058370 0.660941630
JK:/rc/: 0.321345914 0.678654086 0.000000000
JK:/rc/cr: 0.304891595 0.246724145 0.448384260
JK:/rc/rr: 0.000000000 0.346967117 0.653032883
JK:/rrc/: 0.349016285 0.650983715 0.000000000
JK:/rrc/cr: 0.399797575 0.280485800 0.319716625
JK:/rrc/rr: 0.000000000 0.436184636 0.563815364
JQ:/cc/: 0.205849229 0.794150771 0.000000000
JQ:/cc/cr: 0.176551671 0.158899731 0.664548598
JQ:/cc/rr: 0.000000000 0.302688080 0.697311920
JQ:/crc/: 0.318471768 0.681528232 0.000000000
JQ:/crc/cr: 0.379853339 0.239929624 0.380217037
JQ:/crc/rr: 0.000000000 0.323335133 0.676664867
JQ:/crrc/: 0.393414725 0.606585275 0.000000000
JQ:/crrc/cr: 0.318331999 0.236506117 0.445161884
JQ:/crrc/rr: 0.000000000 0.282909953 0.717090047
JQ:/rc/: 0.324051454 0.675948546 0.000000000
JQ:/rc/cr: 0.288681015 0.272593899 0.438725086
JQ:/rc/rr: 0.000000000 0.360827169 0.639172831
JQ:/rrc/: 0.310066766 0.689933234 0.000000000
JQ:/rrc/cr: 0.330272833 0.237946964 0.431780203
JQ:/rrc/rr: 0.000000000 0.389979153 0.610020847
K:/: 0.729252064 0.270747936 0.000000000
K:/cr: 0.711301463 0.210965188 0.077733349
K:/rr: 0.000000000 0.966585999 0.033414001
KJ:/cc/: 0.579687475 0.420312525 0.000000000
KJ:/cc/cr: 0.483914731 0.273081993 0.243003277
KJ:/cc/rr: 0.000000000 0.784951964 0.215048036
KJ:/crc/: 0.510191496 0.489808504 0.000000000
KJ:/crc/cr: 0.449910650 0.290966049 0.259123302
KJ:/crc/rr: 0.000000000 0.765851282 0.234148718
KJ:/crrc/: 0.644928973 0.355071027 0.000000000
KJ:/crrc/cr: 0.479688730 0.305962105 0.214349165
KJ:/crrc/rr: 0.000000000 0.835973702 0.164026298
KJ:/rc/: 0.685554073 0.314445927 0.000000000
KJ:/rc/cr: 0.579762242 0.243945181 0.176292577
KJ:/rc/rr: 0.000000000 0.879556145 0.120443855
KJ:/rrc/: 0.712842291 0.287157709 0.000000000
KJ:/rrc/cr: 0.540992451 0.255808655 0.203198893
KJ:/rrc/rr: 0.000000000 0.925930198 0.074069802
KK:/cc/: 0.847484308 0.152515692 0.000000000
KK:/cc/cr: 0.498143216 0.279146515 0.222710270
KK:/cc/rr: 0.000000000 0.913335881 0.086664119
KK:/crc/: 0.551807345 0.448192655 0.000000000
KK:/crc/cr: 0.308422555 0.366989918 0.324587527
KK:/crc/rr: 0.000000000 0.553856119 0.446143881
KK:/crrc/: 0.606421248 0.393578752 0.000000000
KK:/crrc/cr: 0.422154801 0.372331289 0.205513910
KK:/crrc/rr: 0.000000000 0.793220071 0.206779929
KK:/rc/: 0.882215731 0.117784269 0.000000000
KK:/rc/cr: 0.487827230 0.321748456 0.190424315
KK:/rc/rr: 0.000000000 0.933429036 0.066570964
KK:/rrc/: 0.845045814 0.154954186 0.000000000
KK:/rrc/cr: 0.489447314 0.351065231 0.159487454
KK:/rrc/rr: 0.000000000 0.924811983 0.075188017
KQ:/cc/: 0.584396458 0.415603542 0.000000000
KQ:/cc/cr: 0.471218883 0.286873465 0.241907652
KQ:/cc/rr: 0.000000000 0.836196035 0.163803965
KQ:/crc/: 0.518119808 0.481880192 0.000000000
KQ:/crc/cr: 0.398124881 0.334696320 0.267178799
KQ:/crc/rr: 0.000000000 0.709994248 0.290005752
KQ:/crrc/: 0.472468158 0.527531842 0.000000000
KQ:/crrc/cr: 0.545558067 0.262970482 0.191471451
KQ:/crrc/rr: 0.000000000 0.823429549 0.176570451
KQ:/rc/: 0.467557004 0.532442996 0.000000000
KQ:/rc/cr: 0.526392572 0.261897335 0.211710093
KQ:/rc/rr: 0.000000000 0.781762847 0.218237153
KQ:/rrc/: 0.520232591 0.479767409 0.000000000
KQ:/rrc/cr: 0.632002607 0.202738277 0.165259116
KQ:/rrc/rr: 0.000000000 0.893388676 0.106611324
Q:/: 0.377196024 0.622803976 0.000000000
Q:/cr: 0.281726886 0.268627501 0.449645613
Q:/rr: 0.000000000 0.853537394 0.146462606
QJ:/cc/: 0.171487382 0.828512618 0.000000000
QJ:/cc/cr: 0.169793680 0.151185680 0.679020640
QJ:/cc/rr: 0.000000000 0.316252770 0.683747230
QJ:/crc/: 0.272879885 0.727120115 0.000000000
QJ:/crc/cr: 0.352392252 0.225951064 0.421656684
QJ:/crc/rr: 0.000000000 0.360903339 0.639096661
QJ:/crrc/: 0.294148076 0.705851924 0.000000000
QJ:/crrc/cr: 0.370428768 0.194744733 0.434826499
QJ:/crrc/rr: 0.000000000 0.345713824 0.654286176
QJ:/rc/: 0.330682253 0.669317747 0.000000000
QJ:/rc/cr: 0.344018181 0.212800703 0.443181116
QJ:/rc/rr: 0.000000000 0.425963647 0.574036353
QJ:/rrc/: 0.291311909 0.708688091 0.000000000
QJ:/rrc/cr: 0.300605521 0.175393578 0.524000900
QJ:/rrc/rr: 0.000000000 0.271312021 0.728687979
QK:/cc/: 0.702196555 0.297803445 0.000000000
QK:/cc/cr: 0.536725349 0.267541956 0.195732695
QK:/cc/rr: 0.000000000 0.840593484 0.159406516
QK:/crc/: 0.399648920 0.600351080 0.000000000
QK:/crc/cr: 0.504587212 0.238125449 0.257287339
QK:/crc/rr: 0.000000000 0.719315219 0.280684781
QK:/crrc/: 0.413478628 0.586521372 0.000000000
QK:/crrc/cr: 0.525586735 0.294785673 0.179627592
QK:/crrc/rr: 0.000000000 0.797565528 0.202434472
QK:/rc/: 0.469535059 0.530464941 0.000000000
QK:/rc/cr: 0.513296955 0.270617783 0.216085261
QK:/rc/rr: 0.000000000 0.799166059 0.200833941
QK:/rrc/: 0.401488663 0.598511337 0.000000000
QK:/rrc/cr: 0.511215758 0.280811605 0.207972637
QK:/rrc/rr: 0.000000000 0.824443327 0.175556673
QQ:/cc/: 0.868356592 0.131643408 0.000000000
QQ:/cc/cr: 0.576163690 0.213367028 0.210469282
QQ:/cc/rr: 0.000000000 0.922039002 0.077960998
QQ:/crc/: 0.723492811 0.276507189 0.000000000
QQ:/crc/cr: 0.468116377 0.328939848 0.202943775
QQ:/crc/rr: 0.000000000 0.856412861 0.143587139
QQ:/crrc/: 0.811968421 0.188031579 0.000000000
QQ:/crrc/cr: 0.537286381 0.302955900 0.159757720
QQ:/crrc/rr: 0.000000000 0.917057629 0.082942371
QQ:/rc/: 0.736324150 0.263675850 0.000000000
QQ:/rc/cr: 0.418412338 0.298349096 0.283238566
QQ:/rc/rr: 0.000000000 0.829873511 0.170126489
QQ:/rrc/: 0.861550353 0.138449647 0.000000000
QQ:/rrc/cr: 0.586807564 0.269686056 0.143506380
QQ:/rrc/rr: 0.000000000 0.936867493 0.063132507
