J:/: 0.187632599 0.812367401 0.000000000
J:/cr: 0.109630336 0.051057487 0.839312177
J:/rr: 0.000000000 0.416753469 0.583246531
JJ:/cc/: 0.883337009 0.116662991 0.000000000
JJ:/cc/cr: 0.602129478 0.227613214 0.170257308
JJ:/cc/rr: 0.000000000 0.937618942 0.062381058
JJ:/crc/: 0.652236656 0.347763344 0.000000000
JJ:/crc/cr: 0.395545034 0.339629115 0.264825851
JJ:/crc/rr: 0.000000000 0.776779205 0.223220795
JJ:/crrc/: 0.806606306 0.193393694 0.000000000
JJ:/crrc/cr: 0.488525616 0.304267631 0.207206753
JJ:/crrc/rr: 0.000000000 0.904065017 0.095934983
JJ:/rc/: 0.649442930 0.350557070 0.000000000
JJ:/rc/cr: 0.393924564 0.333795029 0.272280407
JJ:/rc/rr: 0.000000000 0.759386370 0.240613630
JJ:/rrc/: 0.725161587 0.274838413 0.000000000
JJ:/rrc/cr: 0.483607688 0.326202667 0.190189646
JJ:/rrc/rr: 0.000000000 0.885469825 0.114530175
JK:/cc/: 0.196922372 0.803077628 0.000000000
JK:/cc/cr: 0.135839756 0.134119496 0.730040748
JK:/cc/rr: 0.000000000 0.223919719 0.776080281
JK:/crc/: 0.374871656 0.625128344 0.000000000
JK:/crc/cr: 0.345862749 0.284489545 0.369647706
JK:/crc/rr: 0.000000000 0.409201691 0.590798309
JK:/crrc/: 0.375795273 0.624204727 0.000000000
JK:/crrc/cr: 0.380062337 0.223729993 0.396207670
JK:/crrc/rr: 0.000000000 0.335223248 0.664776752
JK:/rc/: 0.316903149 0.683096851 0.000000000
JK:/rc/cr: 0.296223712 0.239709927 0.464066361
JK:/rc/rr: 0.000000000 0.340352139 0.659647861
JK:/rrc/: 0.345925092 0.654074908 0.000000000
JK:/rrc/cr: 0.393086150 0.275777269 0.331136581
JK:/rrc/rr: 0.000000000 0.428394078 0.571605922
JQ:/cc/: 0.202712534 0.797287466 0.000000000
JQ:/cc/cr: 0.170797085 0.153720498 0.675482417
JQ:/cc/rr: 0.000000000 0.296240359 0.703759641
JQ:/crc/: 0.314916611 0.685083389 0.000000000
JQ:/crc/cr: 0.375812619 0.237377354 0.386810027
JQ:/crc/rr: 0.000000000 0.318713576 0.681286424
JQ:/crrc/: 0.388998499 0.611001501 0.000000000
JQ:/crrc/cr: 0.312126450 0.231895678 0.455977871
JQ:/crrc/rr: 0.000000000 0.278951485 0.721048515
JQ:/rc/: 0.318540737 0.681459263 0.000000000
JQ:/rc/cr: 0.280460693 0.264831665 0.454707642
JQ:/rc/rr: 0.000000000 0.354985657 0.645014343
JQ:/rrc/: 0.305214501 0.694785499 0.000000000
JQ:/rrc/cr: 0.324756990 0.233973043 0.441269966
JQ:/rrc/rr: 0.000000000 0.384232704 0.615767296
K:/: 0.724626152 0.275373848 0.000000000
K:/cr: 0.719359687 0.205925847 0.074714466
K:/rr: 0.000000000 0.967717713 0.032282287
KJ:/cc/: 0.583418221 0.416581779 0.000000000
KJ:/cc/cr: 0.482769124 0.275267683 0.241963193
KJ:/cc/rr: 0.000000000 0.789075905 0.210924095
KJ:/crc/: 0.516193581 0.483806419 0.000000000
KJ:/crc/cr: 0.454262227 0.289913809 0.255823964
KJ:/crc/rr: 0.000000000 0.773515273 0.226484727
KJ:/crrc/: 0.652433055 0.347566945 0.000000000
KJ:/crrc/cr: 0.484609268 0.305818411 0.209572320
KJ:/crrc/rr: 0.000000000 0.841514210 0.158485790
KJ:/rc/: 0.692493359 0.307506641 0.000000000
KJ:/rc/cr: 0.583595637 0.242514818 0.173889545
KJ:/rc/rr: 0.000000000 0.882957793 0.117042207
KJ:/rrc/: 0.712491523 0.287508477 0.000000000
KJ:/rrc/cr: 0.545209074 0.255151131 0.199639795
KJ:/rrc/rr: 0.000000000 0.927611627 0.072388373
KK:/cc/: 0.853618540 0.146381460 0.000000000
KK:/cc/cr: 0.510334439 0.272365422 0.217300139
KK:/cc/rr: 0.000000000 0.918046924 0.081953076
KK:/crc/: 0.553741048 0.446258952 0.000000000
KK:/crc/cr: 0.324041435 0.364409618 0.311548947
KK:/crc/rr: 0.000000000 0.593809456 0.406190544
KK:/crrc/: 0.630195678 0.369804322 0.000000000
KK:/crrc/cr: 0.427971837 0.374161706 0.197866457
KK:/crrc/rr: 0.000000000 0.815498442 0.184501558
KK:/rc/: 0.888006340 0.111993660 0.000000000
KK:/rc/cr: 0.501068708 0.314206469 0.184724823
KK:/rc/rr: 0.000000000 0.937451827 0.062548173
KK:/rrc/: 0.850453319 0.149546681 0.000000000
KK:/rrc/cr: 0.494544229 0.348840882 0.156614889
KK:/rrc/rr: 0.000000000 0.927358500 0.072641500
KQ:/cc/: 0.580913183 0.419086817 0.000000000
KQ:/cc/cr: 0.472632153 0.287581944 0.239785903
KQ:/cc/rr: 0.000000000 0.839379538 0.160620462
KQ:/crc/: 0.517323233 0.482676767 0.000000000
KQ:/crc/cr: 0.407420914 0.329534601 0.263044484
KQ:/crc/rr: 0.000000000 0.717674830 0.282325170
KQ:/crrc/: 0.477026558 0.522973442 0.000000000
KQ:/crrc/cr: 0.555647342 0.257519069 0.186833589
KQ:/crrc/rr: 0.000000000 0.829439101 0.170560899
KQ:/rc/: 0.466177301 0.533822699 0.000000000
KQ:/rc/cr: 0.516827014 0.258827587 0.224345399
KQ:/rc/rr: 0.000000000 0.785476826 0.214523174
KQ:/rrc/: 0.521130803 0.478869197 0.000000000
KQ:/rrc/cr: 0.636608583 0.201188315 0.162203102
KQ:/rrc/rr: 0.000000000 0.895823056 0.104176944
Q:/: 0.369619985 0.630380015 0.000000000
Q:/cr: 0.271580357 0.275710537 0.452709106
Q:/rr: 0.000000000 0.843167816 0.156832184
QJ:/cc/: 0.167641399 0.832358601 0.000000000
QJ:/cc/cr: 0.164660449 0.146615009 0.688724542
QJ:/cc/rr: 0.000000000 0.308134358 0.691865642
QJ:/crc/: 0.267508247 0.732491753 0.000000000
QJ:/crc/cr: 0.342952298 0.219898242 0.437149459
QJ:/crc/rr: 0.000000000 0.352481095 0.647518905
QJ:/crrc/: 0.290883215 0.709116785 0.000000000
QJ:/crrc/cr: 0.362144090 0.190389247 0.447466663
QJ:/crrc/rr: 0.000000000 0.341052275 0.658947725
QJ:/rc/: 0.332029039 0.667970961 0.000000000
QJ:/rc/cr: 0.339255991 0.209854936 0.450889073
QJ:/rc/rr: 0.000000000 0.421209789 0.578790211
QJ:/rrc/: 0.286258003 0.713741997 0.000000000
QJ:/rrc/cr: 0.293995396 0.171536785 0.534467819
QJ:/rrc/rr: 0.000000000 0.264484844 0.735515156
QK:/cc/: 0.707356789 0.292643211 0.000000000
QK:/cc/cr: 0.540281785 0.265691665 0.194026550
QK:/cc/rr: 0.000000000 0.844379926 0.155620074
QK:/crc/: 0.398240915 0.601759085 0.000000000
QK:/crc/cr: 0.505866699 0.239886277 0.254247024
QK:/crc/rr: 0.000000000 0.728008580 0.271991420
QK:/crrc/: 0.406719427 0.593280573 0.000000000
QK:/crrc/cr: 0.520492020 0.302140624 0.177367356
QK:/crrc/rr: 0.000000000 0.800644153 0.199355847
QK:/rc/: 0.470736415 0.529263585 0.000000000
QK:/rc/cr: 0.519425713 0.267319137 0.213255149
QK:/rc/rr: 0.000000000 0.803601924 0.196398076
QK:/rrc/: 0.397669811 0.602330189 0.000000000
QK:/rrc/cr: 0.507909968 0.283330768 0.208759265
QK:/rrc/rr: 0.000000000 0.825549887 0.174450113
QQ:/cc/: 0.873038375 0.126961625 0.000000000
QQ:/cc/cr: 0.583783665 0.209530992 0.206685343
QQ:/cc/rr: 0.000000000 0.925199139 0.074800861
QQ:/crc/: 0.743064318 0.256935682 0.000000000
QQ:/crc/cr: 0.481934002 0.322112309 0.195953689
QQ:/crc/rr: 0.000000000 0.868938947 0.131061053
QQ:/crrc/: 0.821235822 0.178764178 0.000000000
QQ:/crrc/cr: 0.545662602 0.298349000 0.155988399
QQ:/crrc/rr: 0.000000000 0.921955759 0.078044241
QQ:/rc/: 0.749426092 0.250573908 0.000000000
QQ:/rc/cr: 0.422884616 0.305077274 0.272038110
QQ:/rc/rr: 0.000000000 0.842483878 0.157516122
QQ:/rrc/: 0.867788067 0.132211933 0.000000000
QQ:/rrc/cr: 0.596237774 0.263588878 0.140173349
QQ:/rrc/rr: 0.000000000 0.940083267 0.059916733
