J:/: 0.190717492 0.809282508 0.000000000
J:/cr: 0.106861243 0.049766590 0.843372166
J:/rr: 0.000000000 0.409493345 0.590506655
JJ:/cc/: 0.885229994 0.114770006 0.000000000
JJ:/cc/cr: 0.606003978 0.225396695 0.168599326
JJ:/cc/rr: 0.000000000 0.938835461 0.061164539
JJ:/crc/: 0.659545650 0.340454350 0.000000000
JJ:/crc/cr: 0.396220624 0.342675678 0.261103698
JJ:/crc/rr: 0.000000000 0.782163624 0.217836376
JJ:/crrc/: 0.809568029 0.190431971 0.000000000
JJ:/crrc/cr: 0.491692126 0.303511027 0.204796847
JJ:/crrc/rr: 0.000000000 0.905954739 0.094045261
JJ:/rc/: 0.661385334 0.338614666 0.000000000
JJ:/rc/cr: 0.396686820 0.333993479 0.269319702
JJ:/rc/rr: 0.000000000 0.768665354 0.231334646
JJ:/rrc/: 0.729737795 0.270262205 0.000000000
JJ:/rrc/cr: 0.487023598 0.324813517 0.188162884
JJ:/rrc/rr: 0.000000000 0.888856914 0.111143086
JK:/cc/: 0.194364303 0.805635697 0.000000000
JK:/cc/cr: 0.133845735 0.132150726 0.734003539
JK:/cc/rr: 0.000000000 0.221239886 0.778760114
JK:/crc/: 0.372959682 0.627040318 0.000000000
JK:/crc/cr: 0.344099975 0.283039575 0.372860450
JK:/crc/rr: 0.000000000 0.406397932 0.593602068
JK:/crrc/: 0.374562886 0.625437114 0.000000000
JK:/crrc/cr: 0.376448142 0.221602438 0.401949420
JK:/crrc/rr: 0.000000000 0.333352826 0.666647174
JK:/rc/: 0.314403903 0.685596097 0.000000000
JK:/rc/cr: 0.292340684 0.236567706 0.471091609
JK:/rc/rr: 0.000000000 0.336795147 0.663204853
JK:/rrc/: 0.344558635 0.655441365 0.000000000
JK:/rrc/cr: 0.390513958 0.273972697 0.335513346
JK:/rrc/rr: 0.000000000 0.425571490 0.574428510
JQ:/cc/: 0.201157326 0.798842674 0.000000000
JQ:/cc/cr: 0.168477247 0.151632601 0.679890153
JQ:/cc/rr: 0.000000000 0.293044002 0.706955998
JQ:/crc/: 0.313032153 0.686967847 0.000000000
JQ:/crc/cr: 0.373846616 0.236135553 0.390017831
JQ:/crc/rr: 0.000000000 0.316894509 0.683105491
JQ:/crrc/: 0.388604795 0.611395205 0.000000000
JQ:/crrc/cr: 0.309388679 0.229861640 0.460749681
JQ:/crrc/rr: 0.000000000 0.277317349 0.722682651
JQ:/rc/: 0.314635544 0.685364456 0.000000000
JQ:/rc/cr: 0.276835676 0.261408656 0.461755667
JQ:/rc/rr: 0.000000000 0.351439008 0.648560992
JQ:/rrc/: 0.303372945 0.696627055 0.000000000
JQ:/rrc/cr: 0.321877995 0.231898855 0.446223150
JQ:/rrc/rr: 0.000000000 0.382174632 0.617825368
K:/: 0.725706394 0.274293606 0.000000000
K:/cr: 0.724704843 0.202055463 0.073239694
K:/rr: 0.000000000 0.968212361 0.031787639
KJ:/cc/: 0.584032242 0.415967758 0.000000000
KJ:/cc/cr: 0.481109764 0.277694217 0.241196020
KJ:/cc/rr: 0.000000000 0.790903358 0.209096642
KJ:/crc/: 0.517281236 0.482718764 0.000000000
KJ:/crc/cr: 0.456587473 0.289236865 0.254175662
KJ:/crc/rr: 0.000000000 0.776754778 0.223245222
KJ:/crrc/: 0.656120117 0.343879883 0.000000000
KJ:/crrc/cr: 0.486388293 0.306331317 0.207280390
KJ:/crrc/rr: 0.000000000 0.843894253 0.156105747
KJ:/rc/: 0.695455376 0.304544624 0.000000000
KJ:/rc/cr: 0.585627857 0.241737129 0.172635014
KJ:/rc/rr: 0.000000000 0.884689310 0.115310690
KJ:/rrc/: 0.712734274 0.287265726 0.000000000
KJ:/rrc/cr: 0.547405358 0.254495620 0.198099021
KJ:/rrc/rr: 0.000000000 0.928333033 0.071666967
KK:/cc/: 0.856247213 0.143752787 0.000000000
KK:/cc/cr: 0.515773764 0.269339920 0.214886316
KK:/cc/rr: 0.000000000 0.920057891 0.079942109
KK:/crc/: 0.557324501 0.442675499 0.000000000
KK:/crc/cr: 0.337269423 0.357319722 0.305410855
KK:/crc/rr: 0.000000000 0.599924308 0.400075692
KK:/crrc/: 0.637592808 0.362407192 0.000000000
KK:/crrc/cr: 0.431792041 0.374302354 0.193905605
KK:/crrc/rr: 0.000000000 0.824430790 0.175569210
KK:/rc/: 0.890771320 0.109228680 0.000000000
KK:/rc/cr: 0.507381524 0.310517453 0.182101023
KK:/rc/rr: 0.000000000 0.939173375 0.060826625
KK:/rrc/: 0.853017131 0.146982869 0.000000000
KK:/rrc/cr: 0.496559019 0.347973602 0.155467379
KK:/rrc/rr: 0.000000000 0.928615133 0.071384867
KQ:/cc/: 0.582004827 0.417995173 0.000000000
KQ:/cc/cr: 0.473253572 0.288178827 0.238567601
KQ:/cc/rr: 0.000000000 0.840703266 0.159296734
KQ:/crc/: 0.516271114 0.483728886 0.000000000
KQ:/crc/cr: 0.411287706 0.327384269 0.261328024
KQ:/crc/rr: 0.000000000 0.721258644 0.278741356
KQ:/crrc/: 0.478895769 0.521104231 0.000000000
KQ:/crrc/cr: 0.557326594 0.257990104 0.184683301
KQ:/crrc/rr: 0.000000000 0.832621563 0.167378437
KQ:/rc/: 0.465010616 0.534989384 0.000000000
KQ:/rc/cr: 0.512093583 0.259311317 0.228595100
KQ:/rc/rr: 0.000000000 0.787368282 0.212631718
KQ:/rrc/: 0.523009881 0.476990119 0.000000000
KQ:/rrc/cr: 0.637338420 0.201889381 0.160772199
KQ:/rrc/rr: 0.000000000 0.896969018 0.103030982
Q:/: 0.368604335 0.631395665 0.000000000
Q:/cr: 0.268804561 0.269546511 0.461648929
Q:/rr: 0.000000000 0.835184545 0.164815455
QJ:/cc/: 0.165636258 0.834363742 0.000000000
QJ:/cc/cr: 0.162210872 0.144433886 0.693355243
QJ:/cc/rr: 0.000000000 0.304846255 0.695153745
QJ:/crc/: 0.265252518 0.734747482 0.000000000
QJ:/crc/cr: 0.337538725 0.216427103 0.446034172
QJ:/crc/rr: 0.000000000 0.348527716 0.651472284
QJ:/crrc/: 0.287560210 0.712439790 0.000000000
QJ:/crrc/cr: 0.358064559 0.188244524 0.453690917
QJ:/crrc/rr: 0.000000000 0.338850260 0.661149740
QJ:/rc/: 0.333602060 0.666397940 0.000000000
QJ:/rc/cr: 0.336935931 0.208419807 0.454644262
QJ:/rc/rr: 0.000000000 0.419673741 0.580326259
QJ:/rrc/: 0.283655709 0.716344291 0.000000000
QJ:/rrc/cr: 0.291184357 0.169896634 0.538919009
QJ:/rrc/rr: 0.000000000 0.261226187 0.738773813
QK:/cc/: 0.708248548 0.291751452 0.000000000
QK:/cc/cr: 0.542116896 0.264778621 0.193104483
QK:/cc/rr: 0.000000000 0.846066662 0.153933338
QK:/crc/: 0.404292486 0.595707514 0.000000000
QK:/crc/cr: 0.507243223 0.239288764 0.253468013
QK:/crc/rr: 0.000000000 0.732969123 0.267030877
QK:/crrc/: 0.407820290 0.592179710 0.000000000
QK:/crrc/cr: 0.518144360 0.305441767 0.176413873
QK:/crrc/rr: 0.000000000 0.802241213 0.197758787
QK:/rc/: 0.472847230 0.527152770 0.000000000
QK:/rc/cr: 0.522074530 0.265914617 0.212010853
QK:/rc/rr: 0.000000000 0.805756254 0.194243746
QK:/rrc/: 0.394786312 0.605213688 0.000000000
QK:/rrc/cr: 0.507694575 0.283504114 0.208801311
QK:/rrc/rr: 0.000000000 0.826309827 0.173690173
QQ:/cc/: 0.875574370 0.124425630 0.000000000
QQ:/cc/cr: 0.587123315 0.207849750 0.205026935
QQ:/cc/rr: 0.000000000 0.926711039 0.073288961
QQ:/crc/: 0.751124894 0.248875106 0.000000000
QQ:/crc/cr: 0.488491501 0.318862506 0.192645992
QQ:/crc/rr: 0.000000000 0.874158393 0.125841607
QQ:/crrc/: 0.824712940 0.175287060 0.000000000
QQ:/crrc/cr: 0.549600770 0.296077312 0.154321918
QQ:/crrc/rr: 0.000000000 0.924027113 0.075972887
QQ:/rc/: 0.754461566 0.245538434 0.000000000
QQ:/rc/cr: 0.425136951 0.307737354 0.267125695
QQ:/rc/rr: 0.000000000 0.847600785 0.152399215
QQ:/rrc/: 0.870404588 0.129595412 0.000000000
QQ:/rrc/cr: 0.600718221 0.260663899 0.138617880
QQ:/rrc/rr: 0.000000000 0.941548175 0.058451825
