J:/: 0.188352338 0.811647662 0.000000000
J:/cr: 0.104223251 0.048538045 0.847238703
J:/rr: 0.000000000 0.409659181 0.590340819
JJ:/cc/: 0.887064584 0.112935416 0.000000000
JJ:/cc/cr: 0.609552918 0.223366423 0.167080659
JJ:/cc/rr: 0.000000000 0.939900142 0.060099858
JJ:/crc/: 0.666175274 0.333824726 0.000000000
JJ:/crc/cr: 0.397305949 0.344832061 0.257861990
JJ:/crc/rr: 0.000000000 0.788728320 0.211271680
JJ:/crrc/: 0.812340088 0.187659912 0.000000000
JJ:/crrc/cr: 0.494683595 0.302710467 0.202605938
JJ:/crrc/rr: 0.000000000 0.907836379 0.092163621
JJ:/rc/: 0.671754508 0.328245492 0.000000000
JJ:/rc/cr: 0.399351903 0.334040427 0.266607670
JJ:/rc/rr: 0.000000000 0.776243149 0.223756851
JJ:/rrc/: 0.735309412 0.264690588 0.000000000
JJ:/rrc/cr: 0.491225210 0.322986526 0.185788264
JJ:/rrc/rr: 0.000000000 0.892300428 0.107699572
JK:/cc/: 0.191991994 0.808008006 0.000000000
JK:/cc/cr: 0.131862014 0.130192127 0.737945860
JK:/cc/rr: 0.000000000 0.218775369 0.781224631
JK:/crc/: 0.370666772 0.629333228 0.000000000
JK:/crc/cr: 0.342558952 0.281634648 0.375806400
JK:/crc/rr: 0.000000000 0.402855365 0.597144635
JK:/crrc/: 0.371862926 0.628137074 0.000000000
JK:/crrc/cr: 0.373596617 0.219923840 0.406479543
JK:/crrc/rr: 0.000000000 0.331418678 0.668581322
JK:/rc/: 0.312339821 0.687660179 0.000000000
JK:/rc/cr: 0.288280015 0.233281735 0.478438250
JK:/rc/rr: 0.000000000 0.333474589 0.666525411
JK:/rrc/: 0.341785935 0.658214065 0.000000000
JK:/rrc/cr: 0.387723663 0.272015111 0.340261226
JK:/rrc/rr: 0.000000000 0.422139880 0.577860120
JQ:/cc/: 0.199841155 0.800158845 0.000000000
JQ:/cc/cr: 0.165999531 0.149402612 0.684597857
JQ:/cc/rr: 0.000000000 0.289973640 0.710026360
JQ:/crc/: 0.311111927 0.688888073 0.000000000
JQ:/crc/cr: 0.371929831 0.234924839 0.393145330
JQ:/crc/rr: 0.000000000 0.315012131 0.684987869
JQ:/crrc/: 0.386700251 0.613299749 0.000000000
JQ:/crrc/cr: 0.306541915 0.227746624 0.465711461
JQ:/crrc/rr: 0.000000000 0.275557026 0.724442974
JQ:/rc/: 0.311825679 0.688174321 0.000000000
JQ:/rc/cr: 0.272812709 0.257609874 0.469577417
JQ:/rc/rr: 0.000000000 0.347838526 0.652161474
JQ:/rrc/: 0.301375080 0.698624920 0.000000000
JQ:/rrc/cr: 0.319786034 0.230391689 0.449822277
JQ:/rrc/rr: 0.000000000 0.379130634 0.620869366
K:/: 0.720205689 0.279794311 0.000000000
K:/cr: 0.727788372 0.200266088 0.071945540
K:/rr: 0.000000000 0.968669669 0.031330331
KJ:/cc/: 0.585973705 0.414026295 0.000000000
KJ:/cc/cr: 0.479897894 0.279809090 0.240293016
KJ:/cc/rr: 0.000000000 0.792762781 0.207237219
KJ:/crc/: 0.519125857 0.480874143 0.000000000
KJ:/crc/cr: 0.458459724 0.288873812 0.252666463
KJ:/crc/rr: 0.000000000 0.779779852 0.220220148
KJ:/crrc/: 0.654843345 0.345156655 0.000000000
KJ:/crrc/cr: 0.488602770 0.305939839 0.205457391
KJ:/crrc/rr: 0.000000000 0.846296968 0.153703032
KJ:/rc/: 0.698585934 0.301414066 0.000000000
KJ:/rc/cr: 0.588037157 0.240445893 0.171516949
KJ:/rc/rr: 0.000000000 0.886323483 0.113676517
KJ:/rrc/: 0.710309299 0.289690701 0.000000000
KJ:/rrc/cr: 0.549321454 0.254097298 0.196581248
KJ:/rrc/rr: 0.000000000 0.929047640 0.070952360
KK:/cc/: 0.858930617 0.141069383 0.000000000
KK:/cc/cr: 0.522122975 0.265808315 0.212068710
KK:/cc/rr: 0.000000000 0.921991792 0.078008208
KK:/crc/: 0.561707717 0.438292283 0.000000000
KK:/crc/cr: 0.356420829 0.346993995 0.296585176
KK:/crc/rr: 0.000000000 0.609005988 0.390994012
KK:/crrc/: 0.644218255 0.355781745 0.000000000
KK:/crrc/cr: 0.435065197 0.373784663 0.191150140
KK:/crrc/rr: 0.000000000 0.833140296 0.166859704
KK:/rc/: 0.893101932 0.106898068 0.000000000
KK:/rc/cr: 0.512117295 0.307713950 0.180168755
KK:/rc/rr: 0.000000000 0.940823979 0.059176021
KK:/rrc/: 0.855228385 0.144771615 0.000000000
KK:/rrc/cr: 0.498004121 0.347343652 0.154652227
KK:/rrc/rr: 0.000000000 0.929521444 0.070478556
KQ:/cc/: 0.582413161 0.417586839 0.000000000
KQ:/cc/cr: 0.472689546 0.289737098 0.237573356
KQ:/cc/rr: 0.000000000 0.842062941 0.157937059
KQ:/crc/: 0.515788074 0.484211926 0.000000000
KQ:/crc/cr: 0.415524578 0.325048562 0.259426860
KQ:/crc/rr: 0.000000000 0.724820572 0.275179428
KQ:/crrc/: 0.480234467 0.519765533 0.000000000
KQ:/crrc/cr: 0.562126721 0.255210123 0.182663156
KQ:/crrc/rr: 0.000000000 0.835120882 0.164879118
KQ:/rc/: 0.458596903 0.541403097 0.000000000
KQ:/rc/cr: 0.509662352 0.262202013 0.228135634
KQ:/rc/rr: 0.000000000 0.788666259 0.211333741
KQ:/rrc/: 0.522159756 0.477840244 0.000000000
KQ:/rrc/cr: 0.638922702 0.201772121 0.159305177
KQ:/rrc/rr: 0.000000000 0.897986079 0.102013921
Q:/: 0.368242381 0.631757619 0.000000000
Q:/cr: 0.270495176 0.263511096 0.465993728
Q:/rr: 0.000000000 0.833673742 0.166326258
QJ:/cc/: 0.164317472 0.835682528 0.000000000
QJ:/cc/cr: 0.159946815 0.142417951 0.697635233
QJ:/cc/rr: 0.000000000 0.301893402 0.698106598
QJ:/crc/: 0.262431027 0.737568973 0.000000000
QJ:/crc/cr: 0.332989887 0.213510425 0.453499688
QJ:/crc/rr: 0.000000000 0.344838015 0.655161985
QJ:/crrc/: 0.284876933 0.715123067 0.000000000
QJ:/crrc/cr: 0.354920675 0.186591696 0.458487629
QJ:/crrc/rr: 0.000000000 0.336784033 0.663215967
QJ:/rc/: 0.338025350 0.661974650 0.000000000
QJ:/rc/cr: 0.334770958 0.207080611 0.458148432
QJ:/rc/rr: 0.000000000 0.418452340 0.581547660
QJ:/rrc/: 0.283502438 0.716497562 0.000000000
QJ:/rrc/cr: 0.288262203 0.168191653 0.543546144
QJ:/rrc/rr: 0.000000000 0.258626338 0.741373662
QK:/cc/: 0.709124444 0.290875556 0.000000000
QK:/cc/cr: 0.543810747 0.263942674 0.192246579
QK:/cc/rr: 0.000000000 0.847654290 0.152345710
QK:/crc/: 0.403586740 0.596413260 0.000000000
QK:/crc/cr: 0.508677890 0.238754565 0.252567545
QK:/crc/rr: 0.000000000 0.737399323 0.262600677
QK:/crrc/: 0.408677928 0.591322072 0.000000000
QK:/crrc/cr: 0.516179242 0.308285917 0.175534841
QK:/crrc/rr: 0.000000000 0.803769810 0.196230190
QK:/rc/: 0.471649048 0.528350952 0.000000000
QK:/rc/cr: 0.524654756 0.264610974 0.210734270
QK:/rc/rr: 0.000000000 0.807630247 0.192369753
QK:/rrc/: 0.390510629 0.609489371 0.000000000
QK:/rrc/cr: 0.505498248 0.283447867 0.211053885
QK:/rrc/rr: 0.000000000 0.826421028 0.173578972
QQ:/cc/: 0.877320275 0.122679725 0.000000000
QQ:/cc/cr: 0.590402972 0.206198710 0.203398317
QQ:/cc/rr: 0.000000000 0.927951083 0.072048917
QQ:/crc/: 0.758013977 0.241986023 0.000000000
QQ:/crc/cr: 0.494142873 0.315933012 0.189924116
QQ:/crc/rr: 0.000000000 0.878046211 0.121953789
QQ:/crrc/: 0.828768868 0.171231132 0.000000000
QQ:/crrc/cr: 0.552884264 0.294175405 0.152940331
QQ:/crrc/rr: 0.000000000 0.926218692 0.073781308
QQ:/rc/: 0.760050017 0.239949983 0.000000000
QQ:/rc/cr: 0.427322136 0.309840679 0.262837184
QQ:/rc/rr: 0.000000000 0.852028282 0.147971718
QQ:/rrc/: 0.873205076 0.126794924 0.000000000
QQ:/rrc/cr: 0.604653061 0.258095110 0.137251830
QQ:/rrc/rr: 0.000000000 0.942893380 0.057106620
