J:/: 0.186724146 0.813275854 0.000000000
J:/cr: 0.099213357 0.046465322 0.854321322
J:/rr: 0.000000000 0.426332178 0.573667822
JJ:/cc/: 0.890490716 0.109509284 0.000000000
JJ:/cc/cr: 0.615611762 0.219900288 0.164487950
JJ:/cc/rr: 0.000000000 0.942012738 0.057987262
JJ:/crc/: 0.676309246 0.323690754 0.000000000
JJ:/crc/cr: 0.400182913 0.346383234 0.253433853
JJ:/crc/rr: 0.000000000 0.800887468 0.199112532
JJ:/crrc/: 0.816333567 0.183666433 0.000000000
JJ:/crrc/cr: 0.501145882 0.300787037 0.198067081
JJ:/crrc/rr: 0.000000000 0.910953630 0.089046370
JJ:/rc/: 0.686587162 0.313412838 0.000000000
JJ:/rc/cr: 0.404987799 0.334421725 0.260590475
JJ:/rc/rr: 0.000000000 0.789526658 0.210473342
JJ:/rrc/: 0.743583208 0.256416792 0.000000000
JJ:/rrc/cr: 0.497950045 0.319907935 0.182142020
JJ:/rrc/rr: 0.000000000 0.898238783 0.101761217
JK:/cc/: 0.188090136 0.811909864 0.000000000
JK:/cc/cr: 0.128019236 0.126398014 0.745582750
JK:/cc/rr: 0.000000000 0.214319961 0.785680039
JK:/crc/: 0.367306662 0.632693338 0.000000000
JK:/crc/cr: 0.340005969 0.278900160 0.381093871
JK:/crc/rr: 0.000000000 0.398252735 0.601747265
JK:/crrc/: 0.368789396 0.631210604 0.000000000
JK:/crrc/cr: 0.367167158 0.216139032 0.416693810
JK:/crrc/rr: 0.000000000 0.327988369 0.672011631
JK:/rc/: 0.307155511 0.692844489 0.000000000
JK:/rc/cr: 0.280765194 0.227200597 0.492034209
JK:/rc/rr: 0.000000000 0.327564780 0.672435220
JK:/rrc/: 0.338800859 0.661199141 0.000000000
JK:/rrc/cr: 0.383038161 0.268727905 0.348233934
JK:/rrc/rr: 0.000000000 0.416759762 0.583240238
JQ:/cc/: 0.196885912 0.803114088 0.000000000
JQ:/cc/cr: 0.161388217 0.145252345 0.693359438
JQ:/cc/rr: 0.000000000 0.285034216 0.714965784
JQ:/crc/: 0.307672338 0.692327662 0.000000000
JQ:/crc/cr: 0.367929271 0.232397935 0.399672794
JQ:/crc/rr: 0.000000000 0.311308565 0.688691435
JQ:/crrc/: 0.385038429 0.614961571 0.000000000
JQ:/crrc/cr: 0.301305846 0.223856464 0.474837689
JQ:/crrc/rr: 0.000000000 0.272828388 0.727171612
JQ:/rc/: 0.305326444 0.694673556 0.000000000
JQ:/rc/cr: 0.266540976 0.251687642 0.481771383
JQ:/rc/rr: 0.000000000 0.341575106 0.658424894
JQ:/rrc/: 0.298207815 0.701792185 0.000000000
JQ:/rrc/cr: 0.314878677 0.226856155 0.458265168
JQ:/rrc/rr: 0.000000000 0.374539261 0.625460739
K:/: 0.712981319 0.287018681 0.000000000
K:/cr: 0.735351620 0.195632107 0.069016272
K:/rr: 0.000000000 0.969527067 0.030472933
KJ:/cc/: 0.584122608 0.415877392 0.000000000
KJ:/cc/cr: 0.474197654 0.287351280 0.238451067
KJ:/cc/rr: 0.000000000 0.795800743 0.204199257
KJ:/crc/: 0.525334653 0.474665347 0.000000000
KJ:/crc/cr: 0.462622005 0.287677944 0.249700051
KJ:/crc/rr: 0.000000000 0.785639295 0.214360705
KJ:/crrc/: 0.658336410 0.341663590 0.000000000
KJ:/crrc/cr: 0.494804422 0.303708915 0.201486663
KJ:/crrc/rr: 0.000000000 0.850947579 0.149052421
KJ:/rc/: 0.702861716 0.297138284 0.000000000
KJ:/rc/cr: 0.591840464 0.238905885 0.169253651
KJ:/rc/rr: 0.000000000 0.888962522 0.111037478
KJ:/rrc/: 0.712085047 0.287914953 0.000000000
KJ:/rrc/cr: 0.553121871 0.253179543 0.193698586
KJ:/rrc/rr: 0.000000000 0.930354512 0.069645488
KK:/cc/: 0.862818182 0.137181818 0.000000000
KK:/cc/cr: 0.533369443 0.259552721 0.207077837
KK:/cc/rr: 0.000000000 0.925408880 0.074591120
KK:/crc/: 0.567999016 0.432000984 0.000000000
KK:/crc/cr: 0.377831302 0.335450263 0.286718435
KK:/crc/rr: 0.000000000 0.632027959 0.367972041
KK:/crrc/: 0.663851814 0.336148186 0.000000000
KK:/crrc/cr: 0.443292712 0.371457745 0.185249543
KK:/crrc/rr: 0.000000000 0.847951668 0.152048332
KK:/rc/: 0.898042267 0.101957733 0.000000000
KK:/rc/cr: 0.522080626 0.302097113 0.175822261
KK:/rc/rr: 0.000000000 0.943621387 0.056378613
KK:/rrc/: 0.859087955 0.140912045 0.000000000
KK:/rrc/cr: 0.501198398 0.345894286 0.152907316
KK:/rrc/rr: 0.000000000 0.931646960 0.068353040
KQ:/cc/: 0.580341981 0.419658019 0.000000000
KQ:/cc/cr: 0.475961297 0.288409176 0.235629527
KQ:/cc/rr: 0.000000000 0.844605464 0.155394536
KQ:/crc/: 0.515164060 0.484835940 0.000000000
KQ:/crc/cr: 0.424141669 0.320630280 0.255228051
KQ:/crc/rr: 0.000000000 0.731252356 0.268747644
KQ:/crrc/: 0.485182077 0.514817923 0.000000000
KQ:/crrc/cr: 0.571265955 0.250155865 0.178578180
KQ:/crrc/rr: 0.000000000 0.840418276 0.159581724
KQ:/rc/: 0.452803661 0.547196339 0.000000000
KQ:/rc/cr: 0.499688113 0.264023089 0.236288799
KQ:/rc/rr: 0.000000000 0.791225391 0.208774609
KQ:/rrc/: 0.522854928 0.477145072 0.000000000
KQ:/rrc/cr: 0.642533158 0.200602351 0.156864491
KQ:/rrc/rr: 0.000000000 0.899874680 0.100125320
Q:/: 0.374511735 0.625488265 0.000000000
Q:/cr: 0.262447800 0.257758534 0.479793666
Q:/rr: 0.000000000 0.838038293 0.161961707
QJ:/cc/: 0.161508336 0.838491664 0.000000000
QJ:/cc/cr: 0.155501341 0.138459665 0.706038993
QJ:/cc/rr: 0.000000000 0.296669013 0.703330987
QJ:/crc/: 0.257941731 0.742058269 0.000000000
QJ:/crc/cr: 0.325349003 0.208611151 0.466039846
QJ:/crc/rr: 0.000000000 0.337661361 0.662338639
QJ:/crrc/: 0.282544437 0.717455563 0.000000000
QJ:/crrc/cr: 0.347130842 0.182496364 0.470372794
QJ:/crrc/rr: 0.000000000 0.332792721 0.667207279
QJ:/rc/: 0.344335832 0.655664168 0.000000000
QJ:/rc/cr: 0.330866273 0.204616326 0.464517401
QJ:/rc/rr: 0.000000000 0.414639348 0.585360652
QJ:/rrc/: 0.279122245 0.720877755 0.000000000
QJ:/rrc/cr: 0.283158009 0.165213520 0.551628471
QJ:/rrc/rr: 0.000000000 0.253030995 0.746969005
QK:/cc/: 0.709828541 0.290171459 0.000000000
QK:/cc/cr: 0.546940474 0.262588549 0.190470976
QK:/cc/rr: 0.000000000 0.850691858 0.149308142
QK:/crc/: 0.405263180 0.594736820 0.000000000
QK:/crc/cr: 0.506488405 0.242572586 0.250939009
QK:/crc/rr: 0.000000000 0.744811367 0.255188633
QK:/crrc/: 0.414769063 0.585230937 0.000000000
QK:/crrc/cr: 0.514126600 0.312016525 0.173856875
QK:/crrc/rr: 0.000000000 0.806599389 0.193400611
QK:/rc/: 0.472799823 0.527200177 0.000000000
QK:/rc/cr: 0.528068152 0.263458982 0.208472867
QK:/rc/rr: 0.000000000 0.810730041 0.189269959
QK:/rrc/: 0.384069518 0.615930482 0.000000000
QK:/rrc/cr: 0.502020135 0.287568594 0.210411271
QK:/rrc/rr: 0.000000000 0.827352728 0.172647272
QQ:/cc/: 0.880047391 0.119952609 0.000000000
QQ:/cc/cr: 0.597115788 0.202819355 0.200064857
QQ:/cc/rr: 0.000000000 0.930330888 0.069669112
QQ:/crc/: 0.769198394 0.230801606 0.000000000
QQ:/crc/cr: 0.505882685 0.309710996 0.184406320
QQ:/crc/rr: 0.000000000 0.886184196 0.113815804
QQ:/crrc/: 0.834813677 0.165186323 0.000000000
QQ:/crrc/cr: 0.559488034 0.290280590 0.150231376
QQ:/crrc/rr: 0.000000000 0.929880336 0.070119664
QQ:/rc/: 0.772148609 0.227851391 0.000000000
QQ:/rc/cr: 0.433798048 0.314056356 0.252145596
QQ:/rc/rr: 0.000000000 0.861493701 0.138506299
QQ:/rrc/: 0.878755625 0.121244375 0.000000000
QQ:/rrc/cr: 0.613225169 0.252498964 0.134275867
QQ:/rrc/rr: 0.000000000 0.945455252 0.054544748
