J:/: 0.188803804 0.811196196 0.000000000
J:/cr: 0.097461954 0.045512176 0.857025870
J:/rr: 0.000000000 0.430201231 0.569798769
JJ:/cc/: 0.892120789 0.107879211 0.000000000
JJ:/cc/cr: 0.618869002 0.218036890 0.163094107
JJ:/cc/rr: 0.000000000 0.942927348 0.057072652
JJ:/crc/: 0.681165194 0.318834806 0.000000000
JJ:/crc/cr: 0.401849590 0.347065758 0.251084652
JJ:/crc/rr: 0.000000000 0.805998082 0.194001918
JJ:/crrc/: 0.817698978 0.182301022 0.000000000
JJ:/crrc/cr: 0.504177377 0.299841662 0.195980961
JJ:/crrc/rr: 0.000000000 0.912281988 0.087718012
JJ:/rc/: 0.694993165 0.305006835 0.000000000
JJ:/rc/cr: 0.408079383 0.334608203 0.257312414
JJ:/rc/rr: 0.000000000 0.796604467 0.203395533
JJ:/rrc/: 0.748767768 0.251232232 0.000000000
JJ:/rrc/cr: 0.502593567 0.317716788 0.179689645
JJ:/rrc/rr: 0.000000000 0.901572956 0.098427044
JK:/cc/: 0.186107368 0.813892632 0.000000000
JK:/cc/cr: 0.126421344 0.124820358 0.748758298
JK:/cc/rr: 0.000000000 0.212260772 0.787739228
JK:/crc/: 0.366309432 0.633690568 0.000000000
JK:/crc/cr: 0.338733698 0.277856541 0.383409761
JK:/crc/rr: 0.000000000 0.396466485 0.603533515
JK:/crrc/: 0.367065280 0.632934720 0.000000000
JK:/crrc/cr: 0.364408880 0.214515326 0.421075794
JK:/crrc/rr: 0.000000000 0.326639181 0.673360819
JK:/rc/: 0.304834583 0.695165417 0.000000000
JK:/rc/cr: 0.277270173 0.224372359 0.498357468
JK:/rc/rr: 0.000000000 0.325133705 0.674866295
JK:/rrc/: 0.337179781 0.662820219 0.000000000
JK:/rrc/cr: 0.380964378 0.267271577 0.351764045
JK:/rrc/rr: 0.000000000 0.413946317 0.586053683
JQ:/cc/: 0.195552121 0.804447879 0.000000000
JQ:/cc/cr: 0.159157381 0.143244551 0.697598068
JQ:/cc/rr: 0.000000000 0.282802823 0.717197177
JQ:/crc/: 0.306813588 0.693186412 0.000000000
JQ:/crc/cr: 0.365760078 0.231027791 0.403212131
JQ:/crc/rr: 0.000000000 0.309635218 0.690364782
JQ:/crrc/: 0.382646862 0.617353138 0.000000000
JQ:/crrc/cr: 0.298979850 0.222128356 0.478891794
JQ:/crrc/rr: 0.000000000 0.271509585 0.728490415
JQ:/rc/: 0.303933406 0.696066594 0.000000000
JQ:/rc/cr: 0.262784358 0.248140366 0.489075275
JQ:/rc/rr: 0.000000000 0.338800112 0.661199888
JQ:/rrc/: 0.296600443 0.703399557 0.000000000
JQ:/rrc/cr: 0.312497121 0.225140350 0.462362529
JQ:/rrc/rr: 0.000000000 0.372655720 0.627344280
K:/: 0.715666387 0.284333613 0.000000000
K:/cr: 0.739422521 0.192907770 0.067669708
K:/rr: 0.000000000 0.969924779 0.030075221
KJ:/cc/: 0.585345709 0.414654291 0.000000000
KJ:/cc/cr: 0.471289228 0.290947896 0.237762876
KJ:/cc/rr: 0.000000000 0.797330637 0.202669363
KJ:/crc/: 0.527744537 0.472255463 0.000000000
KJ:/crc/cr: 0.464777367 0.286858684 0.248363949
KJ:/crc/rr: 0.000000000 0.788856837 0.211143163
KJ:/crrc/: 0.660834509 0.339165491 0.000000000
KJ:/crrc/cr: 0.498283432 0.302047847 0.199668721
KJ:/crrc/rr: 0.000000000 0.853055543 0.146944457
KJ:/rc/: 0.705312255 0.294687745 0.000000000
KJ:/rc/cr: 0.592901125 0.238677560 0.168421315
KJ:/rc/rr: 0.000000000 0.890222861 0.109777139
KJ:/rrc/: 0.714001876 0.285998124 0.000000000
KJ:/rrc/cr: 0.555217819 0.252386417 0.192395763
KJ:/rrc/rr: 0.000000000 0.930936854 0.069063146
KK:/cc/: 0.865419017 0.134580983 0.000000000
KK:/cc/cr: 0.537987075 0.256984267 0.205028658
KK:/cc/rr: 0.000000000 0.927114264 0.072885736
KK:/crc/: 0.572023894 0.427976106 0.000000000
KK:/crc/cr: 0.385284504 0.331431773 0.283283723
KK:/crc/rr: 0.000000000 0.640547455 0.359452545
KK:/crrc/: 0.672744007 0.327255993 0.000000000
KK:/crrc/cr: 0.446994687 0.370135423 0.182869891
KK:/crrc/rr: 0.000000000 0.854067312 0.145932688
KK:/rc/: 0.900147815 0.099852185 0.000000000
KK:/rc/cr: 0.526375587 0.299507284 0.174117129
KK:/rc/rr: 0.000000000 0.944931929 0.055068071
KK:/rrc/: 0.860922345 0.139077655 0.000000000
KK:/rrc/cr: 0.503131314 0.344974986 0.151893700
KK:/rrc/rr: 0.000000000 0.932678192 0.067321808
KQ:/cc/: 0.577833829 0.422166171 0.000000000
KQ:/cc/cr: 0.476398446 0.288883735 0.234717819
KQ:/cc/rr: 0.000000000 0.845600791 0.154399209
KQ:/crc/: 0.514720292 0.485279708 0.000000000
KQ:/crc/cr: 0.426076674 0.320230266 0.253693060
KQ:/crc/rr: 0.000000000 0.734898502 0.265101498
KQ:/crrc/: 0.480510091 0.519489909 0.000000000
KQ:/crrc/cr: 0.575360842 0.247827045 0.176812113
KQ:/crrc/rr: 0.000000000 0.842601355 0.157398645
KQ:/rc/: 0.451990312 0.548009688 0.000000000
KQ:/rc/cr: 0.494048462 0.263266113 0.242685425
KQ:/rc/rr: 0.000000000 0.792754379 0.207245621
KQ:/rrc/: 0.524770796 0.475229204 0.000000000
KQ:/rrc/cr: 0.644450378 0.199764878 0.155784745
KQ:/rrc/rr: 0.000000000 0.900753650 0.099246350
Q:/: 0.371803041 0.628196959 0.000000000
Q:/cr: 0.256599981 0.263314037 0.480085982
Q:/rr: 0.000000000 0.836049553 0.163950447
QJ:/cc/: 0.160083385 0.839916615 0.000000000
QJ:/cc/cr: 0.153383385 0.136573819 0.710042796
QJ:/cc/rr: 0.000000000 0.293895722 0.706104278
QJ:/crc/: 0.254908224 0.745091776 0.000000000
QJ:/crc/cr: 0.322039087 0.206488860 0.471472053
QJ:/crc/rr: 0.000000000 0.334440929 0.665559071
QJ:/crrc/: 0.282231898 0.717768102 0.000000000
QJ:/crrc/cr: 0.343869811 0.180781949 0.475348239
QJ:/crrc/rr: 0.000000000 0.331137312 0.668862688
QJ:/rc/: 0.349677753 0.650322247 0.000000000
QJ:/rc/cr: 0.328845817 0.203366824 0.467787359
QJ:/rc/rr: 0.000000000 0.412149084 0.587850916
QJ:/rrc/: 0.276928064 0.723071936 0.000000000
QJ:/rrc/cr: 0.280446336 0.163631348 0.555922316
QJ:/rrc/rr: 0.000000000 0.250755706 0.749244294
QK:/cc/: 0.710589011 0.289410989 0.000000000
QK:/cc/cr: 0.547748382 0.262574821 0.189676797
QK:/cc/rr: 0.000000000 0.852035706 0.147964294
QK:/crc/: 0.406144991 0.593855009 0.000000000
QK:/crc/cr: 0.507659979 0.242293353 0.250046668
QK:/crc/rr: 0.000000000 0.747969021 0.252030979
QK:/crrc/: 0.413419646 0.586580354 0.000000000
QK:/crrc/cr: 0.514316771 0.312315826 0.173367402
QK:/crrc/rr: 0.000000000 0.807653585 0.192346415
QK:/rc/: 0.471473210 0.528526790 0.000000000
QK:/rc/cr: 0.529780329 0.262935329 0.207284342
QK:/rc/rr: 0.000000000 0.812466770 0.187533230
QK:/rrc/: 0.381938791 0.618061209 0.000000000
QK:/rrc/cr: 0.500624723 0.288718706 0.210656570
QK:/rrc/rr: 0.000000000 0.827902098 0.172097902
QQ:/cc/: 0.881700426 0.118299574 0.000000000
QQ:/cc/cr: 0.600226373 0.201253429 0.198520198
QQ:/cc/rr: 0.000000000 0.931449828 0.068550172
QQ:/crc/: 0.775150801 0.224849199 0.000000000
QQ:/crc/cr: 0.510859523 0.306939341 0.182201135
QQ:/crc/rr: 0.000000000 0.889559406 0.110440594
QQ:/crrc/: 0.837114624 0.162885376 0.000000000
QQ:/crrc/cr: 0.562210027 0.288655829 0.149134144
QQ:/crrc/rr: 0.000000000 0.931389881 0.068610119
QQ:/rc/: 0.777600798 0.222399202 0.000000000
QQ:/rc/cr: 0.436675642 0.315647256 0.247677103
QQ:/rc/rr: 0.000000000 0.866157250 0.133842750
QQ:/rrc/: 0.881105737 0.118894263 0.000000000
QQ:/rrc/cr: 0.617147303 0.249938470 0.132914228
QQ:/rrc/rr: 0.000000000 0.946482234 0.053517766
