J:/: 0.190210004 0.809789996 0.000000000
J:/cr: 0.092267834 0.042894763 0.864837403
J:/rr: 0.000000000 0.444267121 0.555732879
JJ:/cc/: 0.895628421 0.104371579 0.000000000
JJ:/cc/cr: 0.628542689 0.212502781 0.158954530
JJ:/cc/rr: 0.000000000 0.945464983 0.054535017
JJ:/crc/: 0.692892772 0.307107228 0.000000000
JJ:/crc/cr: 0.405922829 0.349474493 0.244602679
JJ:/crc/rr: 0.000000000 0.818415586 0.181584414
JJ:/crrc/: 0.823381599 0.176618401 0.000000000
JJ:/crrc/cr: 0.512339259 0.297108993 0.190551748
JJ:/crrc/rr: 0.000000000 0.915862254 0.084137746
JJ:/rc/: 0.716970412 0.283029588 0.000000000
JJ:/rc/cr: 0.417701158 0.334274507 0.248024335
JJ:/rc/rr: 0.000000000 0.812989486 0.187010514
JJ:/rrc/: 0.761063011 0.238936989 0.000000000
JJ:/rrc/cr: 0.515240232 0.311440032 0.173319736
JJ:/rrc/rr: 0.000000000 0.908784416 0.091215584
JK:/cc/: 0.180780445 0.819219555 0.000000000
JK:/cc/cr: 0.121787850 0.120245542 0.757966608
JK:/cc/rr: 0.000000000 0.206545807 0.793454193
JK:/crc/: 0.361881933 0.638118067 0.000000000
JK:/crc/cr: 0.334685794 0.274506392 0.390807815
JK:/crc/rr: 0.000000000 0.389922965 0.610077035
JK:/crrc/: 0.360667205 0.639332795 0.000000000
JK:/crrc/cr: 0.357336638 0.210352134 0.432311228
JK:/crrc/rr: 0.000000000 0.322897283 0.677102717
JK:/rc/: 0.298715268 0.701284732 0.000000000
JK:/rc/cr: 0.266082571 0.215319136 0.518598292
JK:/rc/rr: 0.000000000 0.317132936 0.682867064
JK:/rrc/: 0.332153496 0.667846504 0.000000000
JK:/rrc/cr: 0.374661311 0.262849560 0.362489129
JK:/rrc/rr: 0.000000000 0.407137731 0.592862269
JQ:/cc/: 0.191436501 0.808563499 0.000000000
JQ:/cc/cr: 0.153583855 0.138228277 0.708187868
JQ:/cc/rr: 0.000000000 0.274597080 0.725402920
JQ:/crc/: 0.303190163 0.696809837 0.000000000
JQ:/crc/cr: 0.361351504 0.228243171 0.410405325
JQ:/crc/rr: 0.000000000 0.305826624 0.694173376
JQ:/crrc/: 0.375637274 0.624362726 0.000000000
JQ:/crrc/cr: 0.293085659 0.217749241 0.489165100
JQ:/crrc/rr: 0.000000000 0.267480031 0.732519969
JQ:/rc/: 0.296480414 0.703519586 0.000000000
JQ:/rc/cr: 0.252534112 0.238461328 0.509004560
JQ:/rc/rr: 0.000000000 0.330086144 0.669913856
JQ:/rrc/: 0.291652678 0.708347322 0.000000000
JQ:/rrc/cr: 0.304935559 0.219692579 0.475371861
JQ:/rrc/rr: 0.000000000 0.366439703 0.633560297
K:/: 0.718373235 0.281626765 0.000000000
K:/cr: 0.740056434 0.195544778 0.064398788
K:/rr: 0.000000000 0.971025537 0.028974463
KJ:/cc/: 0.587135814 0.412864186 0.000000000
KJ:/cc/cr: 0.465602833 0.298047862 0.236349305
KJ:/cc/rr: 0.000000000 0.801880513 0.198119487
KJ:/crc/: 0.528574601 0.471425399 0.000000000
KJ:/crc/cr: 0.471645955 0.283394254 0.244959791
KJ:/crc/rr: 0.000000000 0.795032254 0.204967746
KJ:/crrc/: 0.664009065 0.335990935 0.000000000
KJ:/crrc/cr: 0.502276544 0.303367416 0.194356040
KJ:/crrc/rr: 0.000000000 0.858328761 0.141671239
KJ:/rc/: 0.711146123 0.288853877 0.000000000
KJ:/rc/cr: 0.596804059 0.237909383 0.165286559
KJ:/rc/rr: 0.000000000 0.893911670 0.106088330
KJ:/rrc/: 0.715369630 0.284630370 0.000000000
KJ:/rrc/cr: 0.557813735 0.253473525 0.188712740
KJ:/rrc/rr: 0.000000000 0.932660407 0.067339593
KK:/cc/: 0.871475771 0.128524229 0.000000000
KK:/cc/cr: 0.551958296 0.249213090 0.198828614
KK:/cc/rr: 0.000000000 0.931359844 0.068640156
KK:/crc/: 0.580337124 0.419662876 0.000000000
KK:/crc/cr: 0.405115722 0.320776034 0.274108244
KK:/crc/rr: 0.000000000 0.664981906 0.335018094
KK:/crrc/: 0.691341929 0.308658071 0.000000000
KK:/crrc/cr: 0.460336615 0.364131328 0.175532056
KK:/crrc/rr: 0.000000000 0.867713659 0.132286341
KK:/rc/: 0.905090818 0.094909182 0.000000000
KK:/rc/cr: 0.539921799 0.291050077 0.169028123
KK:/rc/rr: 0.000000000 0.948302498 0.051697502
KK:/rrc/: 0.865301839 0.134698161 0.000000000
KK:/rrc/cr: 0.507786182 0.342596554 0.149617263
KK:/rrc/rr: 0.000000000 0.935290104 0.064709896
KQ:/cc/: 0.568796373 0.431203627 0.000000000
KQ:/cc/cr: 0.476966118 0.291150875 0.231883006
KQ:/cc/rr: 0.000000000 0.848249782 0.151750218
KQ:/crc/: 0.511135160 0.488864840 0.000000000
KQ:/crc/cr: 0.434988191 0.316020415 0.248991395
KQ:/crc/rr: 0.000000000 0.742458762 0.257541238
KQ:/crrc/: 0.479603165 0.520396835 0.000000000
KQ:/crrc/cr: 0.582528652 0.245491328 0.171980020
KQ:/crrc/rr: 0.000000000 0.848749745 0.151250255
KQ:/rc/: 0.447388957 0.552611043 0.000000000
KQ:/rc/cr: 0.470844606 0.270280652 0.258874742
KQ:/rc/rr: 0.000000000 0.796787658 0.203212342
KQ:/rrc/: 0.527079034 0.472920966 0.000000000
KQ:/rrc/cr: 0.646946021 0.200574571 0.152479408
KQ:/rrc/rr: 0.000000000 0.903196519 0.096803481
Q:/: 0.373375883 0.626624117 0.000000000
Q:/cr: 0.240392800 0.273284092 0.486323107
Q:/rr: 0.000000000 0.826788751 0.173211249
QJ:/cc/: 0.156281310 0.843718690 0.000000000
QJ:/cc/cr: 0.147911808 0.131701883 0.720386309
QJ:/cc/rr: 0.000000000 0.286455076 0.713544924
QJ:/crc/: 0.247785791 0.752214209 0.000000000
QJ:/crc/cr: 0.312487191 0.200364262 0.487148547
QJ:/crc/rr: 0.000000000 0.325777865 0.674222135
QJ:/crrc/: 0.277985154 0.722014846 0.000000000
QJ:/crrc/cr: 0.334270299 0.175735218 0.489994483
QJ:/crrc/rr: 0.000000000 0.326415187 0.673584813
QJ:/rc/: 0.349735113 0.650264887 0.000000000
QJ:/rc/cr: 0.323332192 0.199957054 0.476710754
QJ:/rc/rr: 0.000000000 0.403146872 0.596853128
QJ:/rrc/: 0.270436994 0.729563006 0.000000000
QJ:/rrc/cr: 0.273740025 0.159718432 0.566541543
QJ:/rrc/rr: 0.000000000 0.244501428 0.755498572
QK:/cc/: 0.712910453 0.287089547 0.000000000
QK:/cc/cr: 0.550169671 0.262367356 0.187462973
QK:/cc/rr: 0.000000000 0.855754454 0.144245546
QK:/crc/: 0.410520959 0.589479041 0.000000000
QK:/crc/cr: 0.508007671 0.244877852 0.247114477
QK:/crc/rr: 0.000000000 0.757384081 0.242615919
QK:/crrc/: 0.418709844 0.581290156 0.000000000
QK:/crrc/cr: 0.506790967 0.322674193 0.170534840
QK:/crrc/rr: 0.000000000 0.810653230 0.189346770
QK:/rc/: 0.471252043 0.528747957 0.000000000
QK:/rc/cr: 0.534478618 0.261556461 0.203964921
QK:/rc/rr: 0.000000000 0.816861573 0.183138427
QK:/rrc/: 0.377679050 0.622320950 0.000000000
QK:/rrc/cr: 0.492876345 0.289244961 0.217878694
QK:/rrc/rr: 0.000000000 0.827250791 0.172749209
QQ:/cc/: 0.885154559 0.114845441 0.000000000
QQ:/cc/cr: 0.608488412 0.197094166 0.194417422
QQ:/cc/rr: 0.000000000 0.934362150 0.065637850
QQ:/crc/: 0.789500075 0.210499925 0.000000000
QQ:/crc/cr: 0.528564216 0.296826163 0.174609621
QQ:/crc/rr: 0.000000000 0.898641090 0.101358910
QQ:/crrc/: 0.842427021 0.157572979 0.000000000
QQ:/crrc/cr: 0.570791518 0.283433885 0.145774597
QQ:/crrc/rr: 0.000000000 0.935152394 0.064847606
QQ:/rc/: 0.790133794 0.209866206 0.000000000
QQ:/rc/cr: 0.444216749 0.319060267 0.236722984
QQ:/rc/rr: 0.000000000 0.876333056 0.123666944
QQ:/rrc/: 0.887352358 0.112647642 0.000000000
QQ:/rrc/cr: 0.627463179 0.243203936 0.129332885
QQ:/rrc/rr: 0.000000000 0.949445776 0.050554224
