J:/: 0.186417632 0.813582368 0.000000000
J:/cr: 0.076560733 0.037189825 0.886249441
J:/rr: 0.000000000 0.487947395 0.512052605
JJ:/cc/: 0.904363137 0.095636863 0.000000000
JJ:/cc/cr: 0.658484409 0.195373763 0.146141827
JJ:/cc/rr: 0.000000000 0.952556670 0.047443330
JJ:/crc/: 0.724659477 0.275340523 0.000000000
JJ:/crc/cr: 0.432318210 0.346447958 0.221233832
JJ:/crc/rr: 0.000000000 0.850389437 0.149610563
JJ:/crrc/: 0.837935553 0.162064447 0.000000000
JJ:/crrc/cr: 0.537889526 0.286612274 0.175498200
JJ:/crrc/rr: 0.000000000 0.926300642 0.073699358
JJ:/rc/: 0.769750618 0.230249382 0.000000000
JJ:/rc/cr: 0.452057360 0.326109181 0.221833459
JJ:/rc/rr: 0.000000000 0.855027874 0.144972126
JJ:/rrc/: 0.796903076 0.203096924 0.000000000
JJ:/rrc/cr: 0.559224957 0.286847843 0.153927200
JJ:/rrc/rr: 0.000000000 0.928857081 0.071142919
JK:/cc/: 0.164672033 0.835327967 0.000000000
JK:/cc/cr: 0.107887512 0.106521236 0.785591251
JK:/cc/rr: 0.000000000 0.189070284 0.810929716
JK:/crc/: 0.350447259 0.649552741 0.000000000
JK:/crc/cr: 0.316778322 0.259818838 0.423402839
JK:/crc/rr: 0.000000000 0.372961367 0.627038633
JK:/crrc/: 0.347592189 0.652407811 0.000000000
JK:/crrc/cr: 0.333383737 0.196251862 0.470364401
JK:/crrc/rr: 0.000000000 0.310657253 0.689342747
JK:/rc/: 0.278639540 0.721360460 0.000000000
JK:/rc/cr: 0.234301574 0.189601342 0.576097084
JK:/rc/rr: 0.000000000 0.295602363 0.704397637
JK:/rrc/: 0.317295620 0.682704380 0.000000000
JK:/rrc/cr: 0.344167654 0.241456253 0.414376093
JK:/rrc/rr: 0.000000000 0.379577078 0.620422922
JQ:/cc/: 0.179216375 0.820783625 0.000000000
JQ:/cc/cr: 0.136228023 0.122607711 0.741164266
JQ:/cc/rr: 0.000000000 0.249516726 0.750483274
JQ:/crc/: 0.294114603 0.705885397 0.000000000
JQ:/crc/cr: 0.344324563 0.217488316 0.438187122
JQ:/crc/rr: 0.000000000 0.292418261 0.707581739
JQ:/crrc/: 0.361368721 0.638631279 0.000000000
JQ:/crrc/cr: 0.274269166 0.203769447 0.521961387
JQ:/crrc/rr: 0.000000000 0.255948162 0.744051838
JQ:/rc/: 0.269599774 0.730400226 0.000000000
JQ:/rc/cr: 0.221536915 0.209191489 0.569271596
JQ:/rc/rr: 0.000000000 0.304014073 0.695985927
JQ:/rrc/: 0.275897630 0.724102370 0.000000000
JQ:/rrc/cr: 0.278412204 0.200583675 0.521004120
JQ:/rrc/rr: 0.000000000 0.345180108 0.654819892
K:/: 0.708724627 0.291275373 0.000000000
K:/cr: 0.762737013 0.183176093 0.054086894
K:/rr: 0.000000000 0.974401989 0.025598011
KJ:/cc/: 0.592477174 0.407522826 0.000000000
KJ:/cc/cr: 0.441118624 0.327796985 0.231084391
KJ:/cc/rr: 0.000000000 0.814086815 0.185913185
KJ:/crc/: 0.537791792 0.462208208 0.000000000
KJ:/crc/cr: 0.484214459 0.282633280 0.233152262
KJ:/crc/rr: 0.000000000 0.814793134 0.185206866
KJ:/crrc/: 0.686879791 0.313120209 0.000000000
KJ:/crrc/cr: 0.523062955 0.296771827 0.180165219
KJ:/crrc/rr: 0.000000000 0.873116786 0.126883214
KJ:/rc/: 0.727796352 0.272203648 0.000000000
KJ:/rc/cr: 0.613126910 0.229936507 0.156936583
KJ:/rc/rr: 0.000000000 0.903784595 0.096215405
KJ:/rrc/: 0.715623848 0.284376152 0.000000000
KJ:/rrc/cr: 0.571583186 0.250915950 0.177500864
KJ:/rrc/rr: 0.000000000 0.937885819 0.062114181
KK:/cc/: 0.887645165 0.112354835 0.000000000
KK:/cc/cr: 0.593665946 0.226014151 0.180319903
KK:/cc/rr: 0.000000000 0.943290658 0.056709342
KK:/crc/: 0.614358552 0.385641448 0.000000000
KK:/crc/cr: 0.450959083 0.297877727 0.251163189
KK:/crc/rr: 0.000000000 0.740808542 0.259191458
KK:/crrc/: 0.757564157 0.242435843 0.000000000
KK:/crrc/cr: 0.506809804 0.338710280 0.154479916
KK:/crrc/rr: 0.000000000 0.901759090 0.098240910
KK:/rc/: 0.917467519 0.082532481 0.000000000
KK:/rc/cr: 0.584198424 0.263272377 0.152529200
KK:/rc/rr: 0.000000000 0.957276200 0.042723800
KK:/rrc/: 0.880952182 0.119047818 0.000000000
KK:/rrc/cr: 0.526005190 0.332964292 0.141030519
KK:/rrc/rr: 0.000000000 0.943156094 0.056843906
KQ:/cc/: 0.549845569 0.450154431 0.000000000
KQ:/cc/cr: 0.477488273 0.299717208 0.222794519
KQ:/cc/rr: 0.000000000 0.856904434 0.143095566
KQ:/crc/: 0.502586639 0.497413361 0.000000000
KQ:/crc/cr: 0.464960633 0.300770450 0.234268917
KQ:/crc/rr: 0.000000000 0.768434833 0.231565167
KQ:/crrc/: 0.473515232 0.526484768 0.000000000
KQ:/crrc/cr: 0.607543084 0.235188236 0.157268680
KQ:/crrc/rr: 0.000000000 0.865587975 0.134412025
KQ:/rc/: 0.424036698 0.575963302 0.000000000
KQ:/rc/cr: 0.410225750 0.279186331 0.310587919
KQ:/rc/rr: 0.000000000 0.808060498 0.191939502
KQ:/rrc/: 0.527891024 0.472108976 0.000000000
KQ:/rrc/cr: 0.655323548 0.202051720 0.142624732
KQ:/rrc/rr: 0.000000000 0.910409311 0.089590689
Q:/: 0.358560552 0.641439448 0.000000000
Q:/cr: 0.216183659 0.267417182 0.516399159
Q:/rr: 0.000000000 0.765212055 0.234787945
QJ:/cc/: 0.144172292 0.855827708 0.000000000
QJ:/cc/cr: 0.131177257 0.116801302 0.752021440
QJ:/cc/rr: 0.000000000 0.260432706 0.739567294
QJ:/crc/: 0.227846201 0.772153799 0.000000000
QJ:/crc/cr: 0.279936333 0.179492914 0.540570753
QJ:/crc/rr: 0.000000000 0.297573477 0.702426523
QJ:/crrc/: 0.262589049 0.737410951 0.000000000
QJ:/crrc/cr: 0.305687110 0.160708238 0.533604652
QJ:/crrc/rr: 0.000000000 0.309328003 0.690671997
QJ:/rc/: 0.355146652 0.644853348 0.000000000
QJ:/rc/cr: 0.301769835 0.186622331 0.511607834
QJ:/rc/rr: 0.000000000 0.366681440 0.633318560
QJ:/rrc/: 0.253131455 0.746868545 0.000000000
QJ:/rrc/cr: 0.251447228 0.146711307 0.601841465
QJ:/rrc/rr: 0.000000000 0.226252559 0.773747441
QK:/cc/: 0.716294610 0.283705390 0.000000000
QK:/cc/cr: 0.558305264 0.261385431 0.180309305
QK:/cc/rr: 0.000000000 0.866955577 0.133044423
QK:/crc/: 0.415177305 0.584822695 0.000000000
QK:/crc/cr: 0.484740133 0.278942937 0.236316930
QK:/crc/rr: 0.000000000 0.780201310 0.219798690
QK:/crrc/: 0.418479886 0.581520114 0.000000000
QK:/crrc/cr: 0.501829411 0.332312716 0.165857873
QK:/crrc/rr: 0.000000000 0.821461326 0.178538674
QK:/rc/: 0.479515466 0.520484534 0.000000000
QK:/rc/cr: 0.549029474 0.256000410 0.194970116
QK:/rc/rr: 0.000000000 0.830549069 0.169450931
QK:/rrc/: 0.355209952 0.644790048 0.000000000
QK:/rrc/cr: 0.455436428 0.289644842 0.254918730
QK:/rrc/rr: 0.000000000 0.823225543 0.176774457
QQ:/cc/: 0.889727562 0.110272438 0.000000000
QQ:/cc/cr: 0.635923798 0.183282686 0.180793516
QQ:/cc/rr: 0.000000000 0.943092876 0.056907124
QQ:/crc/: 0.825864242 0.174135758 0.000000000
QQ:/crc/cr: 0.577474720 0.266222088 0.156303192
QQ:/crc/rr: 0.000000000 0.920934351 0.079065649
QQ:/crrc/: 0.866578445 0.133421555 0.000000000
QQ:/crrc/cr: 0.597314716 0.266209946 0.136475338
QQ:/crrc/rr: 0.000000000 0.945258807 0.054741193
QQ:/rc/: 0.828475235 0.171524765 0.000000000
QQ:/rc/cr: 0.478697920 0.316837216 0.204464864
QQ:/rc/rr: 0.000000000 0.903629664 0.096370336
QQ:/rrc/: 0.902814596 0.097185404 0.000000000
QQ:/rrc/cr: 0.655591378 0.224840949 0.119567673
QQ:/rrc/rr: 0.000000000 0.957009370 0.042990630
