J:/: 0.187747104 0.812252896 0.000000000
J:/cr: 0.075938834 0.036879133 0.887182033
J:/rr: 0.000000000 0.489540270 0.510459730
JJ:/cc/: 0.905008200 0.094991800 0.000000000
JJ:/cc/cr: 0.660923653 0.193978324 0.145098022
JJ:/cc/rr: 0.000000000 0.952991972 0.047008028
JJ:/crc/: 0.726803842 0.273196158 0.000000000
JJ:/crc/cr: 0.434783978 0.345634532 0.219581489
JJ:/crc/rr: 0.000000000 0.852173292 0.147826708
JJ:/crrc/: 0.839188776 0.160811224 0.000000000
JJ:/crrc/cr: 0.540172970 0.285573785 0.174253245
JJ:/crrc/rr: 0.000000000 0.927035509 0.072964491
JJ:/rc/: 0.774071698 0.225928302 0.000000000
JJ:/rc/cr: 0.454474603 0.325242000 0.220283397
JJ:/rc/rr: 0.000000000 0.857913674 0.142086326
JJ:/rrc/: 0.798808125 0.201191875 0.000000000
JJ:/rrc/cr: 0.561817241 0.285246595 0.152936164
JJ:/rrc/rr: 0.000000000 0.929925325 0.070074675
JK:/cc/: 0.163604726 0.836395274 0.000000000
JK:/cc/cr: 0.106952165 0.105597734 0.787450100
JK:/cc/rr: 0.000000000 0.187810260 0.812189740
JK:/crc/: 0.349620524 0.650379476 0.000000000
JK:/crc/cr: 0.315623491 0.258871656 0.425504854
JK:/crc/rr: 0.000000000 0.372157697 0.627842303
JK:/crrc/: 0.346052418 0.653947582 0.000000000
JK:/crrc/cr: 0.331791561 0.195314601 0.472893838
JK:/crrc/rr: 0.000000000 0.309750442 0.690249558
JK:/rc/: 0.278762287 0.721237713 0.000000000
JK:/rc/cr: 0.232340704 0.188014568 0.579644728
JK:/rc/rr: 0.000000000 0.294205873 0.705794127
JK:/rrc/: 0.316130077 0.683869923 0.000000000
JK:/rrc/cr: 0.341747749 0.239758531 0.418493721
JK:/rrc/rr: 0.000000000 0.377088153 0.622911847
JQ:/cc/: 0.178278303 0.821721697 0.000000000
JQ:/cc/cr: 0.134972702 0.121477898 0.743549400
JQ:/cc/rr: 0.000000000 0.248214471 0.751785529
JQ:/crc/: 0.293049830 0.706950170 0.000000000
JQ:/crc/cr: 0.343196935 0.216776064 0.440027001
JQ:/crc/rr: 0.000000000 0.291272098 0.708727902
JQ:/crrc/: 0.360642533 0.639357467 0.000000000
JQ:/crrc/cr: 0.273106707 0.202905794 0.523987499
JQ:/crrc/rr: 0.000000000 0.255259351 0.744740649
JQ:/rc/: 0.267240098 0.732759902 0.000000000
JQ:/rc/cr: 0.219246304 0.207028525 0.573725170
JQ:/rc/rr: 0.000000000 0.302003094 0.697996906
JQ:/rrc/: 0.274977696 0.725022304 0.000000000
JQ:/rrc/cr: 0.276353868 0.199100735 0.524545397
JQ:/rrc/rr: 0.000000000 0.343764069 0.656235931
K:/: 0.710721338 0.289278662 0.000000000
K:/cr: 0.760813486 0.185779538 0.053406976
K:/rr: 0.000000000 0.974635659 0.025364341
KJ:/cc/: 0.591860213 0.408139787 0.000000000
KJ:/cc/cr: 0.440370508 0.328601772 0.231027720
KJ:/cc/rr: 0.000000000 0.814922386 0.185077614
KJ:/crc/: 0.539668125 0.460331875 0.000000000
KJ:/crc/cr: 0.485738678 0.281940376 0.232320946
KJ:/crc/rr: 0.000000000 0.816143188 0.183856812
KJ:/crrc/: 0.683288953 0.316711047 0.000000000
KJ:/crrc/cr: 0.523450706 0.297448032 0.179101262
KJ:/crrc/rr: 0.000000000 0.874075485 0.125924515
KJ:/rc/: 0.728583073 0.271416927 0.000000000
KJ:/rc/cr: 0.614134758 0.229491967 0.156373275
KJ:/rc/rr: 0.000000000 0.904415238 0.095584762
KJ:/rrc/: 0.715587478 0.284412522 0.000000000
KJ:/rrc/cr: 0.571867810 0.251524043 0.176608147
KJ:/rrc/rr: 0.000000000 0.938229101 0.061770899
KK:/cc/: 0.888576650 0.111423350 0.000000000
KK:/cc/cr: 0.595793715 0.224830627 0.179375658
KK:/cc/rr: 0.000000000 0.944025707 0.055974293
KK:/crc/: 0.617459515 0.382540485 0.000000000
KK:/crc/cr: 0.452295916 0.297690998 0.250013085
KK:/crc/rr: 0.000000000 0.746807720 0.253192280
KK:/crrc/: 0.762090555 0.237909445 0.000000000
KK:/crrc/cr: 0.509060642 0.337401345 0.153538013
KK:/crrc/rr: 0.000000000 0.903668293 0.096331707
KK:/rc/: 0.918287998 0.081712002 0.000000000
KK:/rc/cr: 0.587298183 0.261309708 0.151392110
KK:/rc/rr: 0.000000000 0.957752524 0.042247476
KK:/rrc/: 0.881988511 0.118011489 0.000000000
KK:/rrc/cr: 0.527894848 0.331887405 0.140217747
KK:/rrc/rr: 0.000000000 0.943714595 0.056285405
KQ:/cc/: 0.547343115 0.452656885 0.000000000
KQ:/cc/cr: 0.477322347 0.300291859 0.222385795
KQ:/cc/rr: 0.000000000 0.857379823 0.142620177
KQ:/crc/: 0.502326245 0.497673755 0.000000000
KQ:/crc/cr: 0.467664499 0.299251392 0.233084108
KQ:/crc/rr: 0.000000000 0.770122055 0.229877945
KQ:/crrc/: 0.470783870 0.529216130 0.000000000
KQ:/crrc/cr: 0.608794318 0.234908962 0.156296720
KQ:/crrc/rr: 0.000000000 0.866607513 0.133392487
KQ:/rc/: 0.424382594 0.575617406 0.000000000
KQ:/rc/cr: 0.405846265 0.279451975 0.314701760
KQ:/rc/rr: 0.000000000 0.809000199 0.190999801
KQ:/rrc/: 0.528826504 0.471173496 0.000000000
KQ:/rrc/cr: 0.655505562 0.202595084 0.141899354
KQ:/rrc/rr: 0.000000000 0.910920588 0.089079412
Q:/: 0.360302200 0.639697800 0.000000000
Q:/cr: 0.215298736 0.263388971 0.521312293
Q:/rr: 0.000000000 0.765946242 0.234053758
QJ:/cc/: 0.143247617 0.856752383 0.000000000
QJ:/cc/cr: 0.130085862 0.115829514 0.754084624
QJ:/cc/rr: 0.000000000 0.258359612 0.741640388
QJ:/crc/: 0.226832572 0.773167428 0.000000000
QJ:/crc/cr: 0.277866667 0.178165861 0.543967472
QJ:/crc/rr: 0.000000000 0.296249685 0.703750315
QJ:/crrc/: 0.263174972 0.736825028 0.000000000
QJ:/crrc/cr: 0.303673206 0.159649473 0.536677321
QJ:/crrc/rr: 0.000000000 0.308381696 0.691618304
QJ:/rc/: 0.356127157 0.643872843 0.000000000
QJ:/rc/cr: 0.299841881 0.185430034 0.514728085
QJ:/rc/rr: 0.000000000 0.363813566 0.636186434
QJ:/rrc/: 0.252027413 0.747972587 0.000000000
QJ:/rrc/cr: 0.250079711 0.145913406 0.604006883
QJ:/rrc/rr: 0.000000000 0.225036304 0.774963696
QK:/cc/: 0.716169233 0.283830767 0.000000000
QK:/cc/cr: 0.558317326 0.261896552 0.179786122
QK:/cc/rr: 0.000000000 0.867649809 0.132350191
QK:/crc/: 0.417050407 0.582949593 0.000000000
QK:/crc/cr: 0.482803452 0.278867862 0.238328686
QK:/crc/rr: 0.000000000 0.781456262 0.218543738
QK:/crrc/: 0.418010520 0.581989480 0.000000000
QK:/crrc/cr: 0.500663441 0.333934271 0.165402288
QK:/crrc/rr: 0.000000000 0.822279525 0.177720475
QK:/rc/: 0.481566393 0.518433607 0.000000000
QK:/rc/cr: 0.549808609 0.256057886 0.194133505
QK:/rc/rr: 0.000000000 0.831379837 0.168620163
QK:/rrc/: 0.354401654 0.645598346 0.000000000
QK:/rrc/cr: 0.452525375 0.289458155 0.258016471
QK:/rrc/rr: 0.000000000 0.823098698 0.176901302
QQ:/cc/: 0.888531772 0.111468228 0.000000000
QQ:/cc/cr: 0.638120931 0.182176609 0.179702461
QQ:/cc/rr: 0.000000000 0.943605193 0.056394807
QQ:/crc/: 0.828283540 0.171716460 0.000000000
QQ:/crc/cr: 0.580007613 0.264626179 0.155366209
QQ:/crc/rr: 0.000000000 0.922116972 0.077883028
QQ:/crrc/: 0.868132031 0.131867969 0.000000000
QQ:/crrc/cr: 0.598565772 0.265382890 0.136051339
QQ:/crrc/rr: 0.000000000 0.945896626 0.054103374
QQ:/rc/: 0.830720782 0.169279218 0.000000000
QQ:/rc/cr: 0.480848522 0.316353674 0.202797805
QQ:/rc/rr: 0.000000000 0.905193574 0.094806426
QQ:/rrc/: 0.903692670 0.096307330 0.000000000
QQ:/rrc/cr: 0.658275142 0.223088903 0.118635956
QQ:/rrc/rr: 0.000000000 0.957482000 0.042518000
