J:/: 0.189174448 0.810825552 0.000000000
J:/cr: 0.075095094 0.042517913 0.882386994
J:/rr: 0.000000000 0.496032748 0.503967252
JJ:/cc/: 0.905538543 0.094461457 0.000000000
JJ:/cc/cr: 0.663000327 0.192790303 0.144209369
JJ:/cc/rr: 0.000000000 0.953429972 0.046570028
JJ:/crc/: 0.729497787 0.270502213 0.000000000
JJ:/crc/cr: 0.436837421 0.344910160 0.218252418
JJ:/crc/rr: 0.000000000 0.854406410 0.145593590
JJ:/crrc/: 0.840235706 0.159764294 0.000000000
JJ:/crrc/cr: 0.541544996 0.284933788 0.173521216
JJ:/crrc/rr: 0.000000000 0.927719043 0.072280957
JJ:/rc/: 0.778820130 0.221179870 0.000000000
JJ:/rc/cr: 0.457341413 0.324180474 0.218478113
JJ:/rc/rr: 0.000000000 0.860302596 0.139697404
JJ:/rrc/: 0.801556359 0.198443641 0.000000000
JJ:/rrc/cr: 0.564745792 0.283420615 0.151833593
JJ:/rrc/rr: 0.000000000 0.931151786 0.068848214
JK:/cc/: 0.162550061 0.837449939 0.000000000
JK:/cc/cr: 0.106100616 0.104756969 0.789142414
JK:/cc/rr: 0.000000000 0.186713810 0.813286190
JK:/crc/: 0.348852696 0.651147304 0.000000000
JK:/crc/cr: 0.314504126 0.257953562 0.427542312
JK:/crc/rr: 0.000000000 0.371190648 0.628809352
JK:/crrc/: 0.344522864 0.655477136 0.000000000
JK:/crrc/cr: 0.330034420 0.194280231 0.475685350
JK:/crrc/rr: 0.000000000 0.308767292 0.691232708
JK:/rc/: 0.278607955 0.721392045 0.000000000
JK:/rc/cr: 0.230378262 0.186426522 0.583195216
JK:/rc/rr: 0.000000000 0.292582641 0.707417359
JK:/rrc/: 0.314735083 0.685264917 0.000000000
JK:/rrc/cr: 0.339804738 0.238395381 0.421799880
JK:/rrc/rr: 0.000000000 0.374555877 0.625444123
JQ:/cc/: 0.177477501 0.822522499 0.000000000
JQ:/cc/cr: 0.133786872 0.120410630 0.745802499
JQ:/cc/rr: 0.000000000 0.246508692 0.753491308
JQ:/crc/: 0.291909146 0.708090854 0.000000000
JQ:/crc/cr: 0.342351747 0.216242211 0.441406041
JQ:/crc/rr: 0.000000000 0.290264870 0.709735130
JQ:/crrc/: 0.359516843 0.640483157 0.000000000
JQ:/crrc/cr: 0.271759285 0.201904720 0.526335995
JQ:/crrc/rr: 0.000000000 0.254499302 0.745500698
JQ:/rc/: 0.265643486 0.734356514 0.000000000
JQ:/rc/cr: 0.217110035 0.205011303 0.577878662
JQ:/rc/rr: 0.000000000 0.299987769 0.700012231
JQ:/rrc/: 0.273296414 0.726703586 0.000000000
JQ:/rrc/cr: 0.274620756 0.197852104 0.527527140
JQ:/rrc/rr: 0.000000000 0.342416552 0.657583448
K:/: 0.712557323 0.287442677 0.000000000
K:/cr: 0.762730822 0.184472240 0.052796938
K:/rr: 0.000000000 0.974858750 0.025141250
KJ:/cc/: 0.592001549 0.407998451 0.000000000
KJ:/cc/cr: 0.440063662 0.328129374 0.231806964
KJ:/cc/rr: 0.000000000 0.815740621 0.184259379
KJ:/crc/: 0.541507293 0.458492707 0.000000000
KJ:/crc/cr: 0.487228054 0.281317628 0.231454318
KJ:/crc/rr: 0.000000000 0.817416611 0.182583389
KJ:/crrc/: 0.682825366 0.317174634 0.000000000
KJ:/crrc/cr: 0.524025999 0.297831410 0.178142591
KJ:/crrc/rr: 0.000000000 0.874996447 0.125003553
KJ:/rc/: 0.729193167 0.270806833 0.000000000
KJ:/rc/cr: 0.615184450 0.229020379 0.155795171
KJ:/rc/rr: 0.000000000 0.905085284 0.094914716
KJ:/rrc/: 0.715421992 0.284578008 0.000000000
KJ:/rrc/cr: 0.572592774 0.251754832 0.175652394
KJ:/rrc/rr: 0.000000000 0.938563953 0.061436047
KK:/cc/: 0.889690148 0.110309852 0.000000000
KK:/cc/cr: 0.598398941 0.223381529 0.178219530
KK:/cc/rr: 0.000000000 0.944778336 0.055221664
KK:/crc/: 0.620568027 0.379431973 0.000000000
KK:/crc/cr: 0.452880343 0.298119317 0.249000341
KK:/crc/rr: 0.000000000 0.752316457 0.247683543
KK:/crrc/: 0.766598390 0.233401610 0.000000000
KK:/crrc/cr: 0.511519016 0.335932981 0.152548003
KK:/crrc/rr: 0.000000000 0.905533761 0.094466239
KK:/rc/: 0.918986012 0.081013988 0.000000000
KK:/rc/cr: 0.590649266 0.259187908 0.150162826
KK:/rc/rr: 0.000000000 0.958238145 0.041761855
KK:/rrc/: 0.882999215 0.117000785 0.000000000
KK:/rrc/cr: 0.529494952 0.330971634 0.139533414
KK:/rrc/rr: 0.000000000 0.944259652 0.055740348
KQ:/cc/: 0.547012107 0.452987893 0.000000000
KQ:/cc/cr: 0.477064097 0.301004638 0.221931265
KQ:/cc/rr: 0.000000000 0.857866020 0.142133980
KQ:/crc/: 0.500615626 0.499384374 0.000000000
KQ:/crc/cr: 0.470159702 0.297848719 0.231991579
KQ:/crc/rr: 0.000000000 0.771807563 0.228192437
KQ:/crrc/: 0.472756627 0.527243373 0.000000000
KQ:/crrc/cr: 0.611085966 0.233533875 0.155380159
KQ:/crrc/rr: 0.000000000 0.867636311 0.132363689
KQ:/rc/: 0.422770241 0.577229759 0.000000000
KQ:/rc/cr: 0.403034248 0.279752998 0.317212754
KQ:/rc/rr: 0.000000000 0.809785838 0.190214162
KQ:/rrc/: 0.529680530 0.470319470 0.000000000
KQ:/rrc/cr: 0.656385727 0.202264203 0.141350070
KQ:/rrc/rr: 0.000000000 0.911392482 0.088607518
Q:/: 0.359118293 0.640881707 0.000000000
Q:/cr: 0.218859525 0.260046041 0.521094434
Q:/rr: 0.000000000 0.764843594 0.235156406
QJ:/cc/: 0.142521741 0.857478259 0.000000000
QJ:/cc/cr: 0.129098127 0.114950028 0.755951845
QJ:/cc/rr: 0.000000000 0.256375502 0.743624498
QJ:/crc/: 0.225367585 0.774632415 0.000000000
QJ:/crc/cr: 0.275761072 0.176815771 0.547423158
QJ:/crc/rr: 0.000000000 0.294717350 0.705282650
QJ:/crrc/: 0.263668891 0.736331109 0.000000000
QJ:/crrc/cr: 0.302009307 0.158774715 0.539215979
QJ:/crrc/rr: 0.000000000 0.307484956 0.692515044
QJ:/rc/: 0.355408126 0.644591874 0.000000000
QJ:/rc/cr: 0.297906148 0.184232926 0.517860926
QJ:/rc/rr: 0.000000000 0.361343776 0.638656224
QJ:/rrc/: 0.251031669 0.748968331 0.000000000
QJ:/rrc/cr: 0.248533548 0.145011270 0.606455182
QJ:/rrc/rr: 0.000000000 0.224099509 0.775900491
QK:/cc/: 0.715117997 0.284882003 0.000000000
QK:/cc/cr: 0.558462247 0.262391702 0.179146051
QK:/cc/rr: 0.000000000 0.868375198 0.131624802
QK:/crc/: 0.414102662 0.585897338 0.000000000
QK:/crc/cr: 0.482546238 0.278622336 0.238831426
QK:/crc/rr: 0.000000000 0.782624700 0.217375300
QK:/crrc/: 0.418225379 0.581774621 0.000000000
QK:/crrc/cr: 0.499426328 0.335580331 0.164993340
QK:/crrc/rr: 0.000000000 0.822897572 0.177102428
QK:/rc/: 0.483741115 0.516258885 0.000000000
QK:/rc/cr: 0.548034334 0.258760105 0.193205561
QK:/rc/rr: 0.000000000 0.832157478 0.167842522
QK:/rrc/: 0.352337464 0.647662536 0.000000000
QK:/rrc/cr: 0.450582980 0.288816092 0.260600928
QK:/rrc/rr: 0.000000000 0.822996728 0.177003272
QQ:/cc/: 0.886967484 0.113032516 0.000000000
QQ:/cc/cr: 0.639817411 0.181322569 0.178860020
QQ:/cc/rr: 0.000000000 0.944123899 0.055876101
QQ:/crc/: 0.830589129 0.169410871 0.000000000
QQ:/crc/cr: 0.582062881 0.263331208 0.154605911
QQ:/crc/rr: 0.000000000 0.923227290 0.076772710
QQ:/crrc/: 0.869477163 0.130522837 0.000000000
QQ:/crrc/cr: 0.601205066 0.263638087 0.135156847
QQ:/crrc/rr: 0.000000000 0.946596898 0.053403102
QQ:/rc/: 0.832753433 0.167246567 0.000000000
QQ:/rc/cr: 0.483632042 0.315585384 0.200782574
QQ:/rc/rr: 0.000000000 0.906683850 0.093316150
QQ:/rrc/: 0.904601763 0.095398237 0.000000000
QQ:/rrc/cr: 0.659866597 0.222049949 0.118083453
QQ:/rrc/rr: 0.000000000 0.957911727 0.042088273
