J:/: 0.188254716 0.811745284 0.000000000
J:/cr: 0.073866278 0.041822173 0.884311549
J:/rr: 0.000000000 0.498903112 0.501096888
JJ:/cc/: 0.904947442 0.095052558 0.000000000
JJ:/cc/cr: 0.665140485 0.191565965 0.143293550
JJ:/cc/rr: 0.000000000 0.953826037 0.046173963
JJ:/crc/: 0.731513226 0.268486774 0.000000000
JJ:/crc/cr: 0.439651303 0.343919089 0.216429608
JJ:/crc/rr: 0.000000000 0.856208543 0.143791457
JJ:/crrc/: 0.841249852 0.158750148 0.000000000
JJ:/crrc/cr: 0.543117128 0.284203792 0.172679080
JJ:/crrc/rr: 0.000000000 0.928261596 0.071738404
JJ:/rc/: 0.782526332 0.217473668 0.000000000
JJ:/rc/cr: 0.459818194 0.323283173 0.216898633
JJ:/rc/rr: 0.000000000 0.862554075 0.137445925
JJ:/rrc/: 0.804315851 0.195684149 0.000000000
JJ:/rrc/cr: 0.566978895 0.282001627 0.151019478
JJ:/rrc/rr: 0.000000000 0.932215433 0.067784567
JK:/cc/: 0.161516622 0.838483378 0.000000000
JK:/cc/cr: 0.105251039 0.103918150 0.790830811
JK:/cc/rr: 0.000000000 0.185654617 0.814345383
JK:/crc/: 0.347936800 0.652063200 0.000000000
JK:/crc/cr: 0.313179793 0.256867356 0.429952851
JK:/crc/rr: 0.000000000 0.369997159 0.630002841
JK:/crrc/: 0.343401121 0.656598879 0.000000000
JK:/crrc/cr: 0.328225570 0.193215421 0.478559009
JK:/crrc/rr: 0.000000000 0.307840914 0.692159086
JK:/rc/: 0.276890582 0.723109418 0.000000000
JK:/rc/cr: 0.228435243 0.184854193 0.586710564
JK:/rc/rr: 0.000000000 0.290835335 0.709164665
JK:/rrc/: 0.313911523 0.686088477 0.000000000
JK:/rrc/cr: 0.337619651 0.236862399 0.425517950
JK:/rrc/rr: 0.000000000 0.372657947 0.627342053
JQ:/cc/: 0.176732662 0.823267338 0.000000000
JQ:/cc/cr: 0.132552160 0.119299366 0.748148474
JQ:/cc/rr: 0.000000000 0.244934801 0.755065199
JQ:/crc/: 0.291221272 0.708778728 0.000000000
JQ:/crc/cr: 0.341057857 0.215424942 0.443517201
JQ:/crc/rr: 0.000000000 0.289139081 0.710860919
JQ:/crrc/: 0.358388437 0.641611563 0.000000000
JQ:/crrc/cr: 0.270182204 0.200733022 0.529084774
JQ:/crrc/rr: 0.000000000 0.253699490 0.746300510
JQ:/rc/: 0.264805367 0.735194633 0.000000000
JQ:/rc/cr: 0.214843658 0.202871222 0.582285119
JQ:/rc/rr: 0.000000000 0.298194532 0.701805468
JQ:/rrc/: 0.271974420 0.728025580 0.000000000
JQ:/rrc/cr: 0.273262041 0.196873210 0.529864749
JQ:/rrc/rr: 0.000000000 0.340994706 0.659005294
K:/: 0.711949696 0.288050304 0.000000000
K:/cr: 0.764091156 0.183650084 0.052258760
K:/rr: 0.000000000 0.975071259 0.024928741
KJ:/cc/: 0.591864544 0.408135456 0.000000000
KJ:/cc/cr: 0.439447289 0.327568189 0.232984522
KJ:/cc/rr: 0.000000000 0.816594496 0.183405504
KJ:/crc/: 0.543227847 0.456772153 0.000000000
KJ:/crc/cr: 0.488257894 0.280995523 0.230746582
KJ:/crc/rr: 0.000000000 0.818752293 0.181247707
KJ:/crrc/: 0.683486407 0.316513593 0.000000000
KJ:/crrc/cr: 0.525944693 0.297003979 0.177051328
KJ:/crrc/rr: 0.000000000 0.875834704 0.124165296
KJ:/rc/: 0.729267958 0.270732042 0.000000000
KJ:/rc/cr: 0.616038432 0.228749284 0.155212285
KJ:/rc/rr: 0.000000000 0.905634837 0.094365163
KJ:/rrc/: 0.714529907 0.285470093 0.000000000
KJ:/rrc/cr: 0.573883902 0.251156478 0.174959620
KJ:/rrc/rr: 0.000000000 0.938889940 0.061110060
KK:/cc/: 0.890548881 0.109451119 0.000000000
KK:/cc/cr: 0.601569727 0.221617851 0.176812422
KK:/cc/rr: 0.000000000 0.945448347 0.054551653
KK:/crc/: 0.623369506 0.376630494 0.000000000
KK:/crc/cr: 0.453249977 0.298957279 0.247792744
KK:/crc/rr: 0.000000000 0.756251061 0.243748939
KK:/crrc/: 0.771495503 0.228504497 0.000000000
KK:/crrc/cr: 0.514022965 0.334436155 0.151540880
KK:/crrc/rr: 0.000000000 0.907162541 0.092837459
KK:/rc/: 0.919438136 0.080561864 0.000000000
KK:/rc/cr: 0.593030312 0.257680305 0.149289383
KK:/rc/rr: 0.000000000 0.958717004 0.041282996
KK:/rrc/: 0.883780395 0.116219605 0.000000000
KK:/rrc/cr: 0.530617127 0.330321853 0.139061020
KK:/rrc/rr: 0.000000000 0.944781305 0.055218695
KQ:/cc/: 0.545991772 0.454008228 0.000000000
KQ:/cc/cr: 0.476447558 0.302017488 0.221534954
KQ:/cc/rr: 0.000000000 0.858317938 0.141682062
KQ:/crc/: 0.498508052 0.501491948 0.000000000
KQ:/crc/cr: 0.473042316 0.296228263 0.230729421
KQ:/crc/rr: 0.000000000 0.773093047 0.226906953
KQ:/crrc/: 0.472502418 0.527497582 0.000000000
KQ:/crrc/cr: 0.611507815 0.233993193 0.154498992
KQ:/crrc/rr: 0.000000000 0.868653576 0.131346424
KQ:/rc/: 0.421666315 0.578333685 0.000000000
KQ:/rc/cr: 0.400073432 0.279019771 0.320906798
KQ:/rc/rr: 0.000000000 0.810777886 0.189222114
KQ:/rrc/: 0.529674425 0.470325575 0.000000000
KQ:/rrc/cr: 0.657365476 0.201879806 0.140754718
KQ:/rrc/rr: 0.000000000 0.911839441 0.088160559
Q:/: 0.358425690 0.641574310 0.000000000
Q:/cr: 0.217863670 0.257125603 0.525010727
Q:/rr: 0.000000000 0.759922830 0.240077170
QJ:/cc/: 0.141574181 0.858425819 0.000000000
QJ:/cc/cr: 0.127980504 0.113954887 0.758064609
QJ:/cc/rr: 0.000000000 0.254317921 0.745682079
QJ:/crc/: 0.223852486 0.776147514 0.000000000
QJ:/crc/cr: 0.273768077 0.175537879 0.550694045
QJ:/crc/rr: 0.000000000 0.292957713 0.707042287
QJ:/crrc/: 0.262591981 0.737408019 0.000000000
QJ:/crrc/cr: 0.300065202 0.157752645 0.542182153
QJ:/crrc/rr: 0.000000000 0.306443017 0.693556983
QJ:/rc/: 0.353320794 0.646679206 0.000000000
QJ:/rc/cr: 0.296707056 0.183491376 0.519801567
QJ:/rc/rr: 0.000000000 0.358795466 0.641204534
QJ:/rrc/: 0.250001338 0.749998662 0.000000000
QJ:/rrc/cr: 0.247211742 0.144240039 0.608548218
QJ:/rrc/rr: 0.000000000 0.223014460 0.776985540
QK:/cc/: 0.714866877 0.285133123 0.000000000
QK:/cc/cr: 0.558399143 0.262986472 0.178614385
QK:/cc/rr: 0.000000000 0.869011745 0.130988255
QK:/crc/: 0.417402839 0.582597161 0.000000000
QK:/crc/cr: 0.481900632 0.278762621 0.239336747
QK:/crc/rr: 0.000000000 0.784265003 0.215734997
QK:/crrc/: 0.422469245 0.577530755 0.000000000
QK:/crrc/cr: 0.497474985 0.337718501 0.164806514
QK:/crrc/rr: 0.000000000 0.823724813 0.176275187
QK:/rc/: 0.484409849 0.515590151 0.000000000
QK:/rc/cr: 0.548720266 0.258763426 0.192516308
QK:/rc/rr: 0.000000000 0.833174124 0.166825876
QK:/rrc/: 0.350292377 0.649707623 0.000000000
QK:/rrc/cr: 0.448821634 0.288322695 0.262855671
QK:/rrc/rr: 0.000000000 0.821717453 0.178282547
QQ:/cc/: 0.887962339 0.112037661 0.000000000
QQ:/cc/cr: 0.641890145 0.180279116 0.177830739
QQ:/cc/rr: 0.000000000 0.944624066 0.055375934
QQ:/crc/: 0.832422932 0.167577068 0.000000000
QQ:/crc/cr: 0.584716206 0.261659417 0.153624377
QQ:/crc/rr: 0.000000000 0.924251526 0.075748474
QQ:/crrc/: 0.871041462 0.128958538 0.000000000
QQ:/crrc/cr: 0.602561161 0.262741590 0.134697248
QQ:/crrc/rr: 0.000000000 0.947192395 0.052807605
QQ:/rc/: 0.834884663 0.165115337 0.000000000
QQ:/rc/cr: 0.486058468 0.314859382 0.199082150
QQ:/rc/rr: 0.000000000 0.908221690 0.091778310
QQ:/rrc/: 0.905469338 0.094530662 0.000000000
QQ:/rrc/cr: 0.661866954 0.220744053 0.117388993
QQ:/rrc/rr: 0.000000000 0.958305156 0.041694844
