J:/: 0.192202804 0.807797196 0.000000000
J:/cr: 0.072179528 0.041257873 0.886562599
J:/rr: 0.000000000 0.507193349 0.492806651
JJ:/cc/: 0.905301133 0.094698867 0.000000000
JJ:/cc/cr: 0.668670588 0.189546469 0.141782943
JJ:/cc/rr: 0.000000000 0.954583739 0.045416261
JJ:/crc/: 0.736114333 0.263885667 0.000000000
JJ:/crc/cr: 0.444698456 0.342028329 0.213273215
JJ:/crc/rr: 0.000000000 0.860187963 0.139812037
JJ:/crrc/: 0.843169226 0.156830774 0.000000000
JJ:/crrc/cr: 0.546692099 0.282501394 0.170806508
JJ:/crrc/rr: 0.000000000 0.929372359 0.070627641
JJ:/rc/: 0.789124610 0.210875390 0.000000000
JJ:/rc/cr: 0.464803342 0.321360464 0.213836195
JJ:/rc/rr: 0.000000000 0.866883903 0.133116097
JJ:/rrc/: 0.808972984 0.191027016 0.000000000
JJ:/rrc/cr: 0.572298695 0.278586645 0.149114660
JJ:/rrc/rr: 0.000000000 0.934512264 0.065487736
JK:/cc/: 0.159652474 0.840347526 0.000000000
JK:/cc/cr: 0.103545383 0.102234095 0.794220521
JK:/cc/rr: 0.000000000 0.183617754 0.816382246
JK:/crc/: 0.346075296 0.653924704 0.000000000
JK:/crc/cr: 0.310425402 0.254608229 0.434966369
JK:/crc/rr: 0.000000000 0.368025491 0.631974509
JK:/crrc/: 0.341783322 0.658216678 0.000000000
JK:/crrc/cr: 0.325318047 0.191503859 0.483178094
JK:/crrc/rr: 0.000000000 0.306048247 0.693951753
JK:/rc/: 0.274120745 0.725879255 0.000000000
JK:/rc/cr: 0.224919556 0.182009232 0.593071213
JK:/rc/rr: 0.000000000 0.287946440 0.712053560
JK:/rrc/: 0.311657921 0.688342079 0.000000000
JK:/rrc/cr: 0.332510240 0.233277811 0.434211949
JK:/rrc/rr: 0.000000000 0.368320675 0.631679325
JQ:/cc/: 0.174800454 0.825199546 0.000000000
JQ:/cc/cr: 0.130531533 0.117480765 0.751987702
JQ:/cc/rr: 0.000000000 0.240755178 0.759244822
JQ:/crc/: 0.289164426 0.710835574 0.000000000
JQ:/crc/cr: 0.338707277 0.213940227 0.447352496
JQ:/crc/rr: 0.000000000 0.287249900 0.712750100
JQ:/crrc/: 0.357236747 0.642763253 0.000000000
JQ:/crrc/cr: 0.267636270 0.198841509 0.533522220
JQ:/crrc/rr: 0.000000000 0.252246945 0.747753055
JQ:/rc/: 0.261839239 0.738160761 0.000000000
JQ:/rc/cr: 0.210915596 0.199162056 0.589922348
JQ:/rc/rr: 0.000000000 0.294966457 0.705033543
JQ:/rrc/: 0.268577750 0.731422250 0.000000000
JQ:/rrc/cr: 0.270565046 0.194930145 0.534504810
JQ:/rrc/rr: 0.000000000 0.338414304 0.661585696
K:/: 0.718083820 0.281916180 0.000000000
K:/cr: 0.765371040 0.183361300 0.051267660
K:/rr: 0.000000000 0.975502767 0.024497233
KJ:/cc/: 0.589684835 0.410315165 0.000000000
KJ:/cc/cr: 0.439636892 0.327196252 0.233166855
KJ:/cc/rr: 0.000000000 0.818263119 0.181736881
KJ:/crc/: 0.546434377 0.453565623 0.000000000
KJ:/crc/cr: 0.489978653 0.280808550 0.229212797
KJ:/crc/rr: 0.000000000 0.821112219 0.178887781
KJ:/crrc/: 0.683475631 0.316524369 0.000000000
KJ:/crrc/cr: 0.527656129 0.296959802 0.175384069
KJ:/crrc/rr: 0.000000000 0.877475033 0.122524967
KJ:/rc/: 0.731865554 0.268134446 0.000000000
KJ:/rc/cr: 0.617384905 0.228441802 0.154173294
KJ:/rc/rr: 0.000000000 0.906787781 0.093212219
KJ:/rrc/: 0.715417199 0.284582801 0.000000000
KJ:/rrc/cr: 0.575858167 0.250687084 0.173454749
KJ:/rrc/rr: 0.000000000 0.939520440 0.060479560
KK:/cc/: 0.892371462 0.107628538 0.000000000
KK:/cc/cr: 0.606491583 0.218880179 0.174628237
KK:/cc/rr: 0.000000000 0.946715402 0.053284598
KK:/crc/: 0.629119088 0.370880912 0.000000000
KK:/crc/cr: 0.452260720 0.302179193 0.245560088
KK:/crc/rr: 0.000000000 0.766134597 0.233865403
KK:/crrc/: 0.777613368 0.222386632 0.000000000
KK:/crrc/cr: 0.518943667 0.331437201 0.149619133
KK:/crrc/rr: 0.000000000 0.910225369 0.089774631
KK:/rc/: 0.920912612 0.079087388 0.000000000
KK:/rc/cr: 0.598855847 0.253991761 0.147152392
KK:/rc/rr: 0.000000000 0.959761379 0.040238621
KK:/rrc/: 0.885845754 0.114154246 0.000000000
KK:/rrc/cr: 0.533034651 0.328898426 0.138066923
KK:/rrc/rr: 0.000000000 0.945834225 0.054165775
KQ:/cc/: 0.543409189 0.456590811 0.000000000
KQ:/cc/cr: 0.473886164 0.305930212 0.220183624
KQ:/cc/rr: 0.000000000 0.859387138 0.140612862
KQ:/crc/: 0.496215869 0.503784131 0.000000000
KQ:/crc/cr: 0.478262001 0.293306244 0.228431755
KQ:/crc/rr: 0.000000000 0.775418208 0.224581792
KQ:/crrc/: 0.474733647 0.525266353 0.000000000
KQ:/crrc/cr: 0.612772583 0.234362409 0.152865008
KQ:/crrc/rr: 0.000000000 0.870633600 0.129366400
KQ:/rc/: 0.422509311 0.577490689 0.000000000
KQ:/rc/cr: 0.392103695 0.284375460 0.323520845
KQ:/rc/rr: 0.000000000 0.812429288 0.187570712
KQ:/rrc/: 0.529443538 0.470556462 0.000000000
KQ:/rrc/cr: 0.657110359 0.203456484 0.139433157
KQ:/rrc/rr: 0.000000000 0.912696248 0.087303752
Q:/: 0.361133530 0.638866470 0.000000000
Q:/cr: 0.212184070 0.257219068 0.530596862
Q:/rr: 0.000000000 0.759083495 0.240916505
QJ:/cc/: 0.140024687 0.859975313 0.000000000
QJ:/cc/cr: 0.125903541 0.112105542 0.761990918
QJ:/cc/rr: 0.000000000 0.251229285 0.748770715
QJ:/crc/: 0.221759109 0.778240891 0.000000000
QJ:/crc/cr: 0.269628728 0.172883762 0.557487510
QJ:/crc/rr: 0.000000000 0.289571186 0.710428814
QJ:/crrc/: 0.259954526 0.740045474 0.000000000
QJ:/crrc/cr: 0.296757065 0.156013464 0.547229471
QJ:/crrc/rr: 0.000000000 0.304512009 0.695487991
QJ:/rc/: 0.357132696 0.642867304 0.000000000
QJ:/rc/cr: 0.293948896 0.181785658 0.524265446
QJ:/rc/rr: 0.000000000 0.354827261 0.645172739
QJ:/rrc/: 0.249178390 0.750821610 0.000000000
QJ:/rrc/cr: 0.244506568 0.142661658 0.612831774
QJ:/rrc/rr: 0.000000000 0.220880562 0.779119438
QK:/cc/: 0.714265973 0.285734027 0.000000000
QK:/cc/cr: 0.559774395 0.262588129 0.177637476
QK:/cc/rr: 0.000000000 0.870309484 0.129690516
QK:/crc/: 0.417653169 0.582346831 0.000000000
QK:/crc/cr: 0.478266156 0.284238917 0.237494927
QK:/crc/rr: 0.000000000 0.787458260 0.212541740
QK:/crrc/: 0.425934073 0.574065927 0.000000000
QK:/crrc/cr: 0.493341511 0.342688962 0.163969527
QK:/crrc/rr: 0.000000000 0.825054981 0.174945019
QK:/rc/: 0.486397296 0.513602704 0.000000000
QK:/rc/cr: 0.550562204 0.258238261 0.191199535
QK:/rc/rr: 0.000000000 0.834989340 0.165010660
QK:/rrc/: 0.346552897 0.653447103 0.000000000
QK:/rrc/cr: 0.444850148 0.290337136 0.264812716
QK:/rrc/rr: 0.000000000 0.821001268 0.178998732
QQ:/cc/: 0.883856937 0.116143063 0.000000000
QQ:/cc/cr: 0.645801124 0.178310257 0.175888619
QQ:/cc/rr: 0.000000000 0.945505753 0.054494247
QQ:/crc/: 0.836180882 0.163819118 0.000000000
QQ:/crc/cr: 0.590307502 0.258136488 0.151556009
QQ:/crc/rr: 0.000000000 0.926242763 0.073757237
QQ:/crrc/: 0.873525111 0.126474889 0.000000000
QQ:/crrc/cr: 0.605894181 0.260538175 0.133567644
QQ:/crrc/rr: 0.000000000 0.948228575 0.051771425
QQ:/rc/: 0.838745572 0.161254428 0.000000000
QQ:/rc/cr: 0.494005651 0.311920390 0.194073959
QQ:/rc/rr: 0.000000000 0.911169977 0.088830023
QQ:/rrc/: 0.907022679 0.092977321 0.000000000
QQ:/rrc/cr: 0.665039044 0.218673211 0.116287745
QQ:/rrc/rr: 0.000000000 0.959106633 0.040893367
