J:/: 0.191580167 0.808419833 0.000000000
J:/cr: 0.071540128 0.040907812 0.887552060
J:/rr: 0.000000000 0.508456680 0.491543320
JJ:/cc/: 0.905438324 0.094561676 0.000000000
JJ:/cc/cr: 0.670483750 0.188509197 0.141007052
JJ:/cc/rr: 0.000000000 0.954968485 0.045031515
JJ:/crc/: 0.738665457 0.261334543 0.000000000
JJ:/crc/cr: 0.447069246 0.341036928 0.211893826
JJ:/crc/rr: 0.000000000 0.862460973 0.137539027
JJ:/crrc/: 0.844230418 0.155769582 0.000000000
JJ:/crrc/cr: 0.548421182 0.281684067 0.169894751
JJ:/crrc/rr: 0.000000000 0.929944074 0.070055926
JJ:/rc/: 0.792458261 0.207541739 0.000000000
JJ:/rc/cr: 0.466649105 0.320605249 0.212745646
JJ:/rc/rr: 0.000000000 0.869111453 0.130888547
JJ:/rrc/: 0.811324992 0.188675008 0.000000000
JJ:/rrc/cr: 0.575133938 0.276758214 0.148107848
JJ:/rrc/rr: 0.000000000 0.935548480 0.064451520
JK:/cc/: 0.158561211 0.841438789 0.000000000
JK:/cc/cr: 0.102787522 0.101485831 0.795726647
JK:/cc/rr: 0.000000000 0.182463993 0.817536007
JK:/crc/: 0.345280845 0.654719155 0.000000000
JK:/crc/cr: 0.309086983 0.253510468 0.437402549
JK:/crc/rr: 0.000000000 0.366826742 0.633173258
JK:/crrc/: 0.341750553 0.658249447 0.000000000
JK:/crrc/cr: 0.323798032 0.190609077 0.485592891
JK:/crrc/rr: 0.000000000 0.305228269 0.694771731
JK:/rc/: 0.272984284 0.727015716 0.000000000
JK:/rc/cr: 0.223151022 0.180578100 0.596270878
JK:/rc/rr: 0.000000000 0.286678012 0.713321988
JK:/rrc/: 0.310751445 0.689248555 0.000000000
JK:/rrc/cr: 0.329836998 0.231402355 0.438760647
JK:/rrc/rr: 0.000000000 0.366370731 0.633629269
JQ:/cc/: 0.174177733 0.825822267 0.000000000
JQ:/cc/cr: 0.129542622 0.116590728 0.753866650
JQ:/cc/rr: 0.000000000 0.239226486 0.760773514
JQ:/crc/: 0.288381575 0.711618425 0.000000000
JQ:/crc/cr: 0.337594252 0.213237199 0.449168548
JQ:/crc/rr: 0.000000000 0.286390136 0.713609864
JQ:/crrc/: 0.356151277 0.643848723 0.000000000
JQ:/crrc/cr: 0.266334226 0.197874150 0.535791624
JQ:/crrc/rr: 0.000000000 0.251582444 0.748417556
JQ:/rc/: 0.260270885 0.739729115 0.000000000
JQ:/rc/cr: 0.209121947 0.197468361 0.593409692
JQ:/rc/rr: 0.000000000 0.293219053 0.706780947
JQ:/rrc/: 0.267820901 0.732179099 0.000000000
JQ:/rrc/cr: 0.268625888 0.193533068 0.537841044
JQ:/rrc/rr: 0.000000000 0.337472931 0.662527069
K:/: 0.718868037 0.281131963 0.000000000
K:/cr: 0.768238342 0.181121745 0.050639912
K:/rr: 0.000000000 0.975708082 0.024291918
KJ:/cc/: 0.589097087 0.410902913 0.000000000
KJ:/cc/cr: 0.438334333 0.328016295 0.233649372
KJ:/cc/rr: 0.000000000 0.818944963 0.181055037
KJ:/crc/: 0.548219672 0.451780328 0.000000000
KJ:/crc/cr: 0.491183256 0.280222532 0.228594212
KJ:/crc/rr: 0.000000000 0.822227862 0.177772138
KJ:/crrc/: 0.684804395 0.315195605 0.000000000
KJ:/crrc/cr: 0.528861285 0.296559332 0.174579383
KJ:/crrc/rr: 0.000000000 0.878299311 0.121700689
KJ:/rc/: 0.732287209 0.267712791 0.000000000
KJ:/rc/cr: 0.618805565 0.227593591 0.153600844
KJ:/rc/rr: 0.000000000 0.907353248 0.092646752
KJ:/rrc/: 0.715774337 0.284225663 0.000000000
KJ:/rrc/cr: 0.576663145 0.250573734 0.172763121
KJ:/rrc/rr: 0.000000000 0.939834715 0.060165285
KK:/cc/: 0.893199746 0.106800254 0.000000000
KK:/cc/cr: 0.608939199 0.217518749 0.173542053
KK:/cc/rr: 0.000000000 0.947330765 0.052669235
KK:/crc/: 0.632066219 0.367933781 0.000000000
KK:/crc/cr: 0.451730858 0.303862320 0.244406822
KK:/crc/rr: 0.000000000 0.768629468 0.231370532
KK:/crrc/: 0.781032322 0.218967678 0.000000000
KK:/crrc/cr: 0.521630329 0.329819830 0.148549840
KK:/crrc/rr: 0.000000000 0.911795195 0.088204805
KK:/rc/: 0.921410711 0.078589289 0.000000000
KK:/rc/cr: 0.601292434 0.252448992 0.146258575
KK:/rc/rr: 0.000000000 0.960188100 0.039811900
KK:/rrc/: 0.886765661 0.113234339 0.000000000
KK:/rrc/cr: 0.534543955 0.327995203 0.137460842
KK:/rrc/rr: 0.000000000 0.946291563 0.053708437
KQ:/cc/: 0.540820903 0.459179097 0.000000000
KQ:/cc/cr: 0.473803323 0.306506407 0.219690269
KQ:/cc/rr: 0.000000000 0.859740164 0.140259836
KQ:/crc/: 0.495924187 0.504075813 0.000000000
KQ:/crc/cr: 0.479975560 0.292507392 0.227517048
KQ:/crc/rr: 0.000000000 0.776530237 0.223469763
KQ:/crrc/: 0.473324288 0.526675712 0.000000000
KQ:/crrc/cr: 0.612483588 0.235588333 0.151928079
KQ:/crrc/rr: 0.000000000 0.871468227 0.128531773
KQ:/rc/: 0.421289452 0.578710548 0.000000000
KQ:/rc/cr: 0.389696651 0.286636455 0.323666894
KQ:/rc/rr: 0.000000000 0.813461314 0.186538686
KQ:/rrc/: 0.530277551 0.469722449 0.000000000
KQ:/rrc/cr: 0.657637831 0.203562106 0.138800063
KQ:/rrc/rr: 0.000000000 0.913106720 0.086893280
Q:/: 0.361633841 0.638366159 0.000000000
Q:/cr: 0.211576301 0.256607892 0.531815807
Q:/rr: 0.000000000 0.760295381 0.239704619
QJ:/cc/: 0.139174621 0.860825379 0.000000000
QJ:/cc/cr: 0.124976667 0.111280245 0.763743088
QJ:/cc/rr: 0.000000000 0.249840876 0.750159124
QJ:/crc/: 0.220498819 0.779501181 0.000000000
QJ:/crc/cr: 0.267707399 0.171651821 0.560640781
QJ:/crc/rr: 0.000000000 0.287941863 0.712058137
QJ:/crrc/: 0.258315369 0.741684631 0.000000000
QJ:/crrc/cr: 0.295306182 0.155250695 0.549443123
QJ:/crrc/rr: 0.000000000 0.303250967 0.696749033
QJ:/rc/: 0.360810775 0.639189225 0.000000000
QJ:/rc/cr: 0.292018744 0.180592002 0.527389254
QJ:/rc/rr: 0.000000000 0.353502575 0.646497425
QJ:/rrc/: 0.248198326 0.751801674 0.000000000
QJ:/rrc/cr: 0.243324578 0.141972005 0.614703417
QJ:/rrc/rr: 0.000000000 0.219884403 0.780115597
QK:/cc/: 0.714848929 0.285151071 0.000000000
QK:/cc/cr: 0.560097966 0.262743614 0.177158420
QK:/cc/rr: 0.000000000 0.870968436 0.129031564
QK:/crc/: 0.414488913 0.585511087 0.000000000
QK:/crc/cr: 0.477728174 0.284924295 0.237347532
QK:/crc/rr: 0.000000000 0.788509934 0.211490066
QK:/crrc/: 0.425335185 0.574664815 0.000000000
QK:/crrc/cr: 0.491333593 0.343548995 0.165117412
QK:/crrc/rr: 0.000000000 0.825386143 0.174613857
QK:/rc/: 0.487093701 0.512906299 0.000000000
QK:/rc/cr: 0.550170094 0.259238329 0.190591577
QK:/rc/rr: 0.000000000 0.835682208 0.164317792
QK:/rrc/: 0.344627913 0.655372087 0.000000000
QK:/rrc/cr: 0.441967919 0.290050572 0.267981509
QK:/rrc/rr: 0.000000000 0.820951236 0.179048764
QQ:/cc/: 0.884598657 0.115401343 0.000000000
QQ:/cc/cr: 0.647670733 0.177369062 0.174960206
QQ:/cc/rr: 0.000000000 0.945956130 0.054043870
QQ:/crc/: 0.838085437 0.161914563 0.000000000
QQ:/crc/cr: 0.592802949 0.256564173 0.150632878
QQ:/crc/rr: 0.000000000 0.927254350 0.072745650
QQ:/crrc/: 0.874750364 0.125249636 0.000000000
QQ:/crrc/cr: 0.607849313 0.259245662 0.132905024
QQ:/crrc/rr: 0.000000000 0.948756342 0.051243658
QQ:/rc/: 0.840714042 0.159285958 0.000000000
QQ:/rc/cr: 0.497516718 0.310450117 0.192033165
QQ:/rc/rr: 0.000000000 0.912491571 0.087508429
QQ:/rrc/: 0.907922684 0.092077316 0.000000000
QQ:/rrc/cr: 0.666568079 0.217675008 0.115756913
QQ:/rrc/rr: 0.000000000 0.959522258 0.040477742
