J:/: 0.195712813 0.804287187 0.000000000
J:/cr: 0.304450763 0.127131474 0.568417762
J:/rr: 0.000000000 0.590315693 0.409684307
JJ:/cc/: 0.781808172 0.218191828 0.000000000
JJ:/cc/cr: 0.456737976 0.307359578 0.235902446
JJ:/cc/rr: 0.000000000 0.869191531 0.130808469
JJ:/crc/: 0.556900547 0.443099453 0.000000000
JJ:/crc/cr: 0.222458452 0.392490083 0.385051465
JJ:/crc/rr: 0.000000000 0.548393373 0.451606627
JJ:/crrc/: 0.541320088 0.458679912 0.000000000
JJ:/crrc/cr: 0.319199615 0.312853616 0.367946768
JJ:/crrc/rr: 0.000000000 0.642327184 0.357672816
JJ:/rc/: 0.499145824 0.500854176 0.000000000
JJ:/rc/cr: 0.280408523 0.353337415 0.366254062
JJ:/rc/rr: 0.000000000 0.548461918 0.451538082
JJ:/rrc/: 0.472620141 0.527379859 0.000000000
JJ:/rrc/cr: 0.270174307 0.391752872 0.338072821
JJ:/rrc/rr: 0.000000000 0.622328541 0.377671459
JK:/cc/: 0.284610833 0.715389167 0.000000000
JK:/cc/cr: 0.227695021 0.224811515 0.547493465
JK:/cc/rr: 0.000000000 0.318655207 0.681344793
JK:/crc/: 0.473332566 0.526667434 0.000000000
JK:/crc/cr: 0.290980421 0.349664932 0.359354646
JK:/crc/rr: 0.000000000 0.433004505 0.566995495
JK:/crrc/: 0.454790707 0.545209293 0.000000000
JK:/crrc/cr: 0.454362403 0.281686668 0.263950929
JK:/crrc/rr: 0.000000000 0.406758279 0.593241721
JK:/rc/: 0.415423941 0.584576059 0.000000000
JK:/rc/cr: 0.364258984 0.327454592 0.308286424
JK:/rc/rr: 0.000000000 0.467231077 0.532768923
JK:/rrc/: 0.412916477 0.587083523 0.000000000
JK:/rrc/cr: 0.361233447 0.340163032 0.298603521
JK:/rrc/rr: 0.000000000 0.532171548 0.467828452
JQ:/cc/: 0.255212507 0.744787493 0.000000000
JQ:/cc/cr: 0.259099611 0.233194385 0.507706005
JQ:/cc/rr: 0.000000000 0.384594226 0.615405774
JQ:/crc/: 0.408523901 0.591476099 0.000000000
JQ:/crc/cr: 0.364837321 0.280621553 0.354541126
JQ:/crc/rr: 0.000000000 0.412462470 0.587537530
JQ:/crrc/: 0.469485324 0.530514676 0.000000000
JQ:/crrc/cr: 0.374832462 0.301002516 0.324165022
JQ:/crrc/rr: 0.000000000 0.360282592 0.639717408
JQ:/rc/: 0.431070471 0.568929529 0.000000000
JQ:/rc/cr: 0.279227313 0.346801995 0.373970692
JQ:/rc/rr: 0.000000000 0.439681862 0.560318138
JQ:/rrc/: 0.387088571 0.612911429 0.000000000
JQ:/rrc/cr: 0.386022815 0.294199326 0.319777859
JQ:/rrc/rr: 0.000000000 0.492585338 0.507414662
K:/: 0.739065661 0.260934339 0.000000000
K:/cr: 0.600268893 0.264333014 0.135398093
K:/rr: 0.000000000 0.940616939 0.059383061
KJ:/cc/: 0.527935556 0.472064444 0.000000000
KJ:/cc/cr: 0.490574410 0.250522073 0.258903517
KJ:/cc/rr: 0.000000000 0.722236187 0.277763813
KJ:/crc/: 0.504787966 0.495212034 0.000000000
KJ:/crc/cr: 0.328716321 0.334155559 0.337128120
KJ:/crc/rr: 0.000000000 0.551307732 0.448692268
KJ:/crrc/: 0.498745128 0.501254872 0.000000000
KJ:/crrc/cr: 0.329854724 0.329805396 0.340339881
KJ:/crrc/rr: 0.000000000 0.633755414 0.366244586
KJ:/rc/: 0.536873076 0.463126924 0.000000000
KJ:/rc/cr: 0.513383854 0.259744786 0.226871360
KJ:/rc/rr: 0.000000000 0.773953558 0.226046442
KJ:/rrc/: 0.687048700 0.312951300 0.000000000
KJ:/rrc/cr: 0.457719997 0.271124655 0.271155349
KJ:/rrc/rr: 0.000000000 0.885640894 0.114359106
KK:/cc/: 0.704654231 0.295345769 0.000000000
KK:/cc/cr: 0.381484308 0.309014401 0.309501291
KK:/cc/rr: 0.000000000 0.791400280 0.208599720
KK:/crc/: 0.532949377 0.467050623 0.000000000
KK:/crc/cr: 0.559771238 0.211893714 0.228335048
KK:/crc/rr: 0.000000000 0.373779434 0.626220566
KK:/crrc/: 0.472858837 0.527141163 0.000000000
KK:/crrc/cr: 0.298859902 0.424851756 0.276288342
KK:/crrc/rr: 0.000000000 0.508366516 0.491633484
KK:/rc/: 0.691690734 0.308309266 0.000000000
KK:/rc/cr: 0.480283442 0.225838212 0.293878346
KK:/rc/rr: 0.000000000 0.692944024 0.307055976
KK:/rrc/: 0.701166636 0.298833364 0.000000000
KK:/rrc/cr: 0.401579889 0.381434154 0.216985957
KK:/rrc/rr: 0.000000000 0.824274539 0.175725461
KQ:/cc/: 0.545608484 0.454391516 0.000000000
KQ:/cc/cr: 0.431079628 0.290465988 0.278454384
KQ:/cc/rr: 0.000000000 0.777430124 0.222569876
KQ:/crc/: 0.548031411 0.451968589 0.000000000
KQ:/crc/cr: 0.279157487 0.391528771 0.329313742
KQ:/crc/rr: 0.000000000 0.579555742 0.420444258
KQ:/crrc/: 0.512712499 0.487287501 0.000000000
KQ:/crrc/cr: 0.397884002 0.322444498 0.279671500
KQ:/crrc/rr: 0.000000000 0.653512167 0.346487833
KQ:/rc/: 0.533015448 0.466984552 0.000000000
KQ:/rc/cr: 0.472081648 0.295286461 0.232631891
KQ:/rc/rr: 0.000000000 0.685693116 0.314306884
KQ:/rrc/: 0.563207527 0.436792473 0.000000000
KQ:/rrc/cr: 0.536411322 0.238105102 0.225483576
KQ:/rrc/rr: 0.000000000 0.836660086 0.163339914
Q:/: 0.376895074 0.623104926 0.000000000
Q:/cr: 0.533347111 0.274559942 0.192092947
Q:/rr: 0.000000000 0.898585256 0.101414744
QJ:/cc/: 0.225121847 0.774878153 0.000000000
QJ:/cc/cr: 0.262327298 0.233578370 0.504094332
QJ:/cc/rr: 0.000000000 0.410956280 0.589043720
QJ:/crc/: 0.414767426 0.585232574 0.000000000
QJ:/crc/cr: 0.398044294 0.297554465 0.304401241
QJ:/crc/rr: 0.000000000 0.506953568 0.493046432
QJ:/crrc/: 0.394034359 0.605965641 0.000000000
QJ:/crrc/cr: 0.460594270 0.268164738 0.271240992
QJ:/crrc/rr: 0.000000000 0.414249736 0.585750264
QJ:/rc/: 0.369448744 0.630551256 0.000000000
QJ:/rc/cr: 0.355306367 0.238561927 0.406131706
QJ:/rc/rr: 0.000000000 0.446899162 0.553100838
QJ:/rrc/: 0.372904336 0.627095664 0.000000000
QJ:/rrc/cr: 0.392433230 0.235377242 0.372189527
QJ:/rrc/rr: 0.000000000 0.432574598 0.567425402
QK:/cc/: 0.586232064 0.413767936 0.000000000
QK:/cc/cr: 0.484090186 0.293129894 0.222779921
QK:/cc/rr: 0.000000000 0.762393967 0.237606033
QK:/crc/: 0.473712314 0.526287686 0.000000000
QK:/crc/cr: 0.378910513 0.280604574 0.340484913
QK:/crc/rr: 0.000000000 0.535853934 0.464146066
QK:/crrc/: 0.454406319 0.545593681 0.000000000
QK:/crrc/cr: 0.440877079 0.318475411 0.240647509
QK:/crrc/rr: 0.000000000 0.691905787 0.308094213
QK:/rc/: 0.471112342 0.528887658 0.000000000
QK:/rc/cr: 0.388333560 0.339224191 0.272442249
QK:/rc/rr: 0.000000000 0.677090537 0.322909463
QK:/rrc/: 0.511342587 0.488657413 0.000000000
QK:/rrc/cr: 0.452281866 0.304449512 0.243268622
QK:/rrc/rr: 0.000000000 0.779754536 0.220245464
QQ:/cc/: 0.754994264 0.245005736 0.000000000
QQ:/cc/cr: 0.461158361 0.255848023 0.282993616
QQ:/cc/rr: 0.000000000 0.836620552 0.163379448
QQ:/crc/: 0.508646808 0.491353192 0.000000000
QQ:/crc/cr: 0.340377578 0.310197428 0.349424994
QQ:/crc/rr: 0.000000000 0.636236326 0.363763674
QQ:/crrc/: 0.491940249 0.508059751 0.000000000
QQ:/crrc/cr: 0.310070283 0.343662932 0.346266785
QQ:/crrc/rr: 0.000000000 0.601465733 0.398534267
QQ:/rc/: 0.533316855 0.466683145 0.000000000
QQ:/rc/cr: 0.307652572 0.367527240 0.324820188
QQ:/rc/rr: 0.000000000 0.612521215 0.387478785
QQ:/rrc/: 0.608675315 0.391324685 0.000000000
QQ:/rrc/cr: 0.443634836 0.345638991 0.210726173
QQ:/rrc/rr: 0.000000000 0.749820810 0.250179190
