J:/: 0.192615278 0.807384722 0.000000000
J:/cr: 0.070785136 0.040477187 0.888737677
J:/rr: 0.000000000 0.516627307 0.483372693
JJ:/cc/: 0.905396000 0.094604000 0.000000000
JJ:/cc/cr: 0.672338476 0.187448149 0.140213376
JJ:/cc/rr: 0.000000000 0.955323684 0.044676316
JJ:/crc/: 0.740424180 0.259575820 0.000000000
JJ:/crc/cr: 0.449293825 0.340032128 0.210674047
JJ:/crc/rr: 0.000000000 0.863703568 0.136296432
JJ:/crrc/: 0.845179308 0.154820692 0.000000000
JJ:/crrc/cr: 0.549913963 0.280976054 0.169109983
JJ:/crrc/rr: 0.000000000 0.930560387 0.069439613
JJ:/rc/: 0.795241095 0.204758905 0.000000000
JJ:/rc/cr: 0.469158244 0.319551877 0.211289879
JJ:/rc/rr: 0.000000000 0.871387121 0.128612879
JJ:/rrc/: 0.813870299 0.186129701 0.000000000
JJ:/rrc/cr: 0.577653938 0.275126380 0.147219683
JJ:/rrc/rr: 0.000000000 0.936669215 0.063330785
JK:/cc/: 0.157577697 0.842422303 0.000000000
JK:/cc/cr: 0.102044493 0.100752212 0.797203296
JK:/cc/rr: 0.000000000 0.181381031 0.818618969
JK:/crc/: 0.343877422 0.656122578 0.000000000
JK:/crc/cr: 0.308069163 0.252675662 0.439255175
JK:/crc/rr: 0.000000000 0.365470626 0.634529374
JK:/crrc/: 0.340971320 0.659028680 0.000000000
JK:/crrc/cr: 0.322593831 0.189900205 0.487505964
JK:/crrc/rr: 0.000000000 0.304388383 0.695611617
JK:/rc/: 0.271764011 0.728235989 0.000000000
JK:/rc/cr: 0.221334301 0.179107975 0.599557725
JK:/rc/rr: 0.000000000 0.285270961 0.714729039
JK:/rrc/: 0.309350256 0.690649744 0.000000000
JK:/rrc/cr: 0.327335465 0.229647365 0.443017170
JK:/rrc/rr: 0.000000000 0.364660463 0.635339537
JQ:/cc/: 0.173345785 0.826654215 0.000000000
JQ:/cc/cr: 0.128575808 0.115720577 0.755703615
JQ:/cc/rr: 0.000000000 0.237385686 0.762614314
JQ:/crc/: 0.287624451 0.712375549 0.000000000
JQ:/crc/cr: 0.336406332 0.212486864 0.451106804
JQ:/crc/rr: 0.000000000 0.285268750 0.714731250
JQ:/crrc/: 0.355229284 0.644770716 0.000000000
JQ:/crrc/cr: 0.265195367 0.197028030 0.537776603
JQ:/crrc/rr: 0.000000000 0.251057869 0.748942131
JQ:/rc/: 0.258464736 0.741535264 0.000000000
JQ:/rc/cr: 0.207374463 0.195818258 0.596807279
JQ:/rc/rr: 0.000000000 0.291506331 0.708493669
JQ:/rrc/: 0.267740317 0.732259683 0.000000000
JQ:/rrc/cr: 0.266748399 0.192180420 0.541071181
JQ:/rrc/rr: 0.000000000 0.336447454 0.663552546
K:/: 0.717685900 0.282314100 0.000000000
K:/cr: 0.769760706 0.180146180 0.050093114
K:/rr: 0.000000000 0.975902683 0.024097317
KJ:/cc/: 0.589482562 0.410517438 0.000000000
KJ:/cc/cr: 0.436861743 0.328786329 0.234351927
KJ:/cc/rr: 0.000000000 0.819671431 0.180328569
KJ:/crc/: 0.548034995 0.451965005 0.000000000
KJ:/crc/cr: 0.492321305 0.279748244 0.227930452
KJ:/crc/rr: 0.000000000 0.823216018 0.176783982
KJ:/crrc/: 0.685906984 0.314093016 0.000000000
KJ:/crrc/cr: 0.529641105 0.296511752 0.173847143
KJ:/crrc/rr: 0.000000000 0.879043114 0.120956886
KJ:/rc/: 0.733331298 0.266668702 0.000000000
KJ:/rc/cr: 0.619336528 0.227606085 0.153057387
KJ:/rc/rr: 0.000000000 0.907934241 0.092065759
KJ:/rrc/: 0.716412331 0.283587669 0.000000000
KJ:/rrc/cr: 0.577933745 0.249953311 0.172112944
KJ:/rrc/rr: 0.000000000 0.940119967 0.059880033
KK:/cc/: 0.894043480 0.105956520 0.000000000
KK:/cc/cr: 0.611623741 0.216025532 0.172350726
KK:/cc/rr: 0.000000000 0.947923929 0.052076071
KK:/crc/: 0.635983282 0.364016718 0.000000000
KK:/crc/cr: 0.451500352 0.305040812 0.243458836
KK:/crc/rr: 0.000000000 0.772355157 0.227644843
KK:/crrc/: 0.785141952 0.214858048 0.000000000
KK:/crrc/cr: 0.524418039 0.328200729 0.147381232
KK:/crrc/rr: 0.000000000 0.913563230 0.086436770
KK:/rc/: 0.922174544 0.077825456 0.000000000
KK:/rc/cr: 0.604200594 0.250607637 0.145191769
KK:/rc/rr: 0.000000000 0.960648406 0.039351594
KK:/rrc/: 0.887600917 0.112399083 0.000000000
KK:/rrc/cr: 0.536149327 0.327029464 0.136821208
KK:/rrc/rr: 0.000000000 0.946749282 0.053250718
KQ:/cc/: 0.541062480 0.458937520 0.000000000
KQ:/cc/cr: 0.473254003 0.307458451 0.219287547
KQ:/cc/rr: 0.000000000 0.860368529 0.139631471
KQ:/crc/: 0.495014664 0.504985336 0.000000000
KQ:/crc/cr: 0.481859182 0.291447878 0.226692941
KQ:/crc/rr: 0.000000000 0.777611589 0.222388411
KQ:/crrc/: 0.474102980 0.525897020 0.000000000
KQ:/crrc/cr: 0.612601014 0.236450031 0.150948956
KQ:/crrc/rr: 0.000000000 0.872275022 0.127724978
KQ:/rc/: 0.420571377 0.579428623 0.000000000
KQ:/rc/cr: 0.386018535 0.287407270 0.326574195
KQ:/rc/rr: 0.000000000 0.814470904 0.185529096
KQ:/rrc/: 0.530414023 0.469585977 0.000000000
KQ:/rrc/cr: 0.658190884 0.203657249 0.138151867
KQ:/rrc/rr: 0.000000000 0.913498303 0.086501697
Q:/: 0.361665973 0.638334027 0.000000000
Q:/cr: 0.209393050 0.256199786 0.534407164
Q:/rr: 0.000000000 0.762242484 0.237757516
QJ:/cc/: 0.138505994 0.861494006 0.000000000
QJ:/cc/cr: 0.124035152 0.110441913 0.765522935
QJ:/cc/rr: 0.000000000 0.248696482 0.751303518
QJ:/crc/: 0.219142314 0.780857686 0.000000000
QJ:/crc/cr: 0.266168508 0.170665097 0.563166395
QJ:/crc/rr: 0.000000000 0.286126780 0.713873220
QJ:/crrc/: 0.256882335 0.743117665 0.000000000
QJ:/crrc/cr: 0.293676202 0.154393769 0.551930029
QJ:/crrc/rr: 0.000000000 0.302025124 0.697974876
QJ:/rc/: 0.365574533 0.634425467 0.000000000
QJ:/rc/cr: 0.290297853 0.179527758 0.530174389
QJ:/rc/rr: 0.000000000 0.352490217 0.647509783
QJ:/rrc/: 0.247632321 0.752367679 0.000000000
QJ:/rrc/cr: 0.241950598 0.141170332 0.616879069
QJ:/rrc/rr: 0.000000000 0.218770040 0.781229960
QK:/cc/: 0.714513786 0.285486214 0.000000000
QK:/cc/cr: 0.560729733 0.262596375 0.176673892
QK:/cc/rr: 0.000000000 0.871575442 0.128424558
QK:/crc/: 0.413253190 0.586746810 0.000000000
QK:/crc/cr: 0.477383594 0.285333575 0.237282831
QK:/crc/rr: 0.000000000 0.789611872 0.210388128
QK:/crrc/: 0.425026192 0.574973808 0.000000000
QK:/crrc/cr: 0.490259027 0.343814771 0.165926202
QK:/crrc/rr: 0.000000000 0.825853720 0.174146280
QK:/rc/: 0.488728690 0.511271310 0.000000000
QK:/rc/cr: 0.551118530 0.258832536 0.190048934
QK:/rc/rr: 0.000000000 0.836461814 0.163538186
QK:/rrc/: 0.342619483 0.657380517 0.000000000
QK:/rrc/cr: 0.438640346 0.291026744 0.270332910
QK:/rrc/rr: 0.000000000 0.820078505 0.179921495
QQ:/cc/: 0.884128411 0.115871589 0.000000000
QQ:/cc/cr: 0.649806531 0.176293862 0.173899608
QQ:/cc/rr: 0.000000000 0.946360220 0.053639780
QQ:/crc/: 0.839741068 0.160258932 0.000000000
QQ:/crc/cr: 0.595654395 0.254767552 0.149578053
QQ:/crc/rr: 0.000000000 0.928144564 0.071855436
QQ:/crrc/: 0.875812539 0.124187461 0.000000000
QQ:/crrc/cr: 0.609923012 0.257874768 0.132202221
QQ:/crrc/rr: 0.000000000 0.949280711 0.050719289
QQ:/rc/: 0.842671041 0.157328959 0.000000000
QQ:/rc/cr: 0.500320352 0.309229747 0.190449901
QQ:/rc/rr: 0.000000000 0.913946870 0.086053130
QQ:/rrc/: 0.908740519 0.091259481 0.000000000
QQ:/rrc/cr: 0.668166073 0.216631787 0.115202140
QQ:/rrc/rr: 0.000000000 0.959947345 0.040052655
