J:/: 0.190887308 0.809112692 0.000000000
J:/cr: 0.070038477 0.040038762 0.889922760
J:/rr: 0.000000000 0.511426331 0.488573669
JJ:/cc/: 0.905839117 0.094160883 0.000000000
JJ:/cc/cr: 0.673812112 0.186605113 0.139582775
JJ:/cc/rr: 0.000000000 0.955673725 0.044326275
JJ:/crc/: 0.741755448 0.258244552 0.000000000
JJ:/crc/cr: 0.451656169 0.338947676 0.209396155
JJ:/crc/rr: 0.000000000 0.865197649 0.134802351
JJ:/crrc/: 0.845967115 0.154032885 0.000000000
JJ:/crrc/cr: 0.552017241 0.279933869 0.168048890
JJ:/crrc/rr: 0.000000000 0.931062614 0.068937386
JJ:/rc/: 0.796891519 0.203108481 0.000000000
JJ:/rc/cr: 0.470833838 0.318841961 0.210324201
JJ:/rc/rr: 0.000000000 0.873234307 0.126765693
JJ:/rrc/: 0.815602840 0.184397160 0.000000000
JJ:/rrc/cr: 0.579948780 0.273631944 0.146419276
JJ:/rrc/rr: 0.000000000 0.937502675 0.062497325
JK:/cc/: 0.156677715 0.843322285 0.000000000
JK:/cc/cr: 0.101330677 0.100047436 0.798621886
JK:/cc/rr: 0.000000000 0.180341450 0.819658550
JK:/crc/: 0.342546513 0.657453487 0.000000000
JK:/crc/cr: 0.306876602 0.251697533 0.441425864
JK:/crc/rr: 0.000000000 0.364035345 0.635964655
JK:/crrc/: 0.339991221 0.660008779 0.000000000
JK:/crrc/cr: 0.321422644 0.189210766 0.489366589
JK:/crrc/rr: 0.000000000 0.303665524 0.696334476
JK:/rc/: 0.271436442 0.728563558 0.000000000
JK:/rc/cr: 0.219582437 0.177690333 0.602727230
JK:/rc/rr: 0.000000000 0.283792278 0.716207722
JK:/rrc/: 0.308175624 0.691824376 0.000000000
JK:/rrc/cr: 0.324401294 0.227588851 0.448009855
JK:/rrc/rr: 0.000000000 0.362676264 0.637323736
JQ:/cc/: 0.172497543 0.827502457 0.000000000
JQ:/cc/cr: 0.127508718 0.114760177 0.757731105
JQ:/cc/rr: 0.000000000 0.235472509 0.764527491
JQ:/crc/: 0.287013983 0.712986017 0.000000000
JQ:/crc/cr: 0.334748966 0.211440010 0.453811024
JQ:/crc/rr: 0.000000000 0.284518698 0.715481302
JQ:/crrc/: 0.353886623 0.646113377 0.000000000
JQ:/crrc/cr: 0.264184964 0.196277347 0.539537689
JQ:/crrc/rr: 0.000000000 0.250339172 0.749660828
JQ:/rc/: 0.256929164 0.743070836 0.000000000
JQ:/rc/cr: 0.205486017 0.194035047 0.600478936
JQ:/rc/rr: 0.000000000 0.289975138 0.710024862
JQ:/rrc/: 0.266652626 0.733347374 0.000000000
JQ:/rrc/cr: 0.264999610 0.190920494 0.544079896
JQ:/rrc/rr: 0.000000000 0.334979386 0.665020614
K:/: 0.717204199 0.282795801 0.000000000
K:/cr: 0.771189770 0.179190913 0.049619317
K:/rr: 0.000000000 0.976099478 0.023900522
KJ:/cc/: 0.590258929 0.409741071 0.000000000
KJ:/cc/cr: 0.434277663 0.331442749 0.234279588
KJ:/cc/rr: 0.000000000 0.820395154 0.179604846
KJ:/crc/: 0.549097051 0.450902949 0.000000000
KJ:/crc/cr: 0.492943553 0.279879017 0.227177430
KJ:/crc/rr: 0.000000000 0.824453923 0.175546077
KJ:/crrc/: 0.684411038 0.315588962 0.000000000
KJ:/crrc/cr: 0.530283549 0.296691907 0.173024544
KJ:/crrc/rr: 0.000000000 0.879755247 0.120244753
KJ:/rc/: 0.734071591 0.265928409 0.000000000
KJ:/rc/cr: 0.619808182 0.227625066 0.152566753
KJ:/rc/rr: 0.000000000 0.908446902 0.091553098
KJ:/rrc/: 0.716732724 0.283267276 0.000000000
KJ:/rrc/cr: 0.578164893 0.250461517 0.171373590
KJ:/rrc/rr: 0.000000000 0.940412323 0.059587677
KK:/cc/: 0.894831266 0.105168734 0.000000000
KK:/cc/cr: 0.614314082 0.214529091 0.171156827
KK:/cc/rr: 0.000000000 0.948479073 0.051520927
KK:/crc/: 0.638743138 0.361256862 0.000000000
KK:/crc/cr: 0.451290471 0.306124600 0.242584929
KK:/crc/rr: 0.000000000 0.776580124 0.223419876
KK:/crrc/: 0.788468666 0.211531334 0.000000000
KK:/crrc/cr: 0.526829854 0.326815988 0.146354157
KK:/crrc/rr: 0.000000000 0.915002429 0.084997571
KK:/rc/: 0.922894208 0.077105792 0.000000000
KK:/rc/cr: 0.606666600 0.249046240 0.144287160
KK:/rc/rr: 0.000000000 0.961047801 0.038952199
KK:/rrc/: 0.888437564 0.111562436 0.000000000
KK:/rrc/cr: 0.537523209 0.326201959 0.136274832
KK:/rrc/rr: 0.000000000 0.947181720 0.052818280
KQ:/cc/: 0.539529515 0.460470485 0.000000000
KQ:/cc/cr: 0.472253033 0.309043133 0.218703834
KQ:/cc/rr: 0.000000000 0.860844986 0.139155014
KQ:/crc/: 0.493824215 0.506175785 0.000000000
KQ:/crc/cr: 0.483785157 0.290364540 0.225850303
KQ:/crc/rr: 0.000000000 0.778697214 0.221302786
KQ:/crrc/: 0.476209845 0.523790155 0.000000000
KQ:/crrc/cr: 0.613931100 0.235826424 0.150242476
KQ:/crrc/rr: 0.000000000 0.873014503 0.126985497
KQ:/rc/: 0.420123990 0.579876010 0.000000000
KQ:/rc/cr: 0.382090447 0.290960412 0.326949142
KQ:/rc/rr: 0.000000000 0.815387468 0.184612532
KQ:/rrc/: 0.530542294 0.469457706 0.000000000
KQ:/rrc/cr: 0.659198949 0.203211327 0.137589724
KQ:/rrc/rr: 0.000000000 0.913921770 0.086078230
Q:/: 0.360630246 0.639369754 0.000000000
Q:/cr: 0.207407574 0.257982935 0.534609492
Q:/rr: 0.000000000 0.764513032 0.235486968
QJ:/cc/: 0.137782312 0.862217688 0.000000000
QJ:/cc/cr: 0.123189154 0.109688629 0.767122217
QJ:/cc/rr: 0.000000000 0.247430607 0.752569393
QJ:/crc/: 0.217806729 0.782193271 0.000000000
QJ:/crc/cr: 0.264601151 0.169660120 0.565738729
QJ:/crc/rr: 0.000000000 0.284616995 0.715383005
QJ:/crrc/: 0.255935064 0.744064936 0.000000000
QJ:/crrc/cr: 0.292368256 0.153706145 0.553925599
QJ:/crrc/rr: 0.000000000 0.301088497 0.698911503
QJ:/rc/: 0.365065083 0.634934917 0.000000000
QJ:/rc/cr: 0.288497903 0.178414622 0.533087474
QJ:/rc/rr: 0.000000000 0.350660597 0.649339403
QJ:/rrc/: 0.246648620 0.753351380 0.000000000
QJ:/rrc/cr: 0.240686296 0.140432653 0.618881051
QJ:/rrc/rr: 0.000000000 0.217647930 0.782352070
QK:/cc/: 0.713697190 0.286302810 0.000000000
QK:/cc/cr: 0.561040536 0.262772879 0.176186585
QK:/cc/rr: 0.000000000 0.872207508 0.127792492
QK:/crc/: 0.411709324 0.588290676 0.000000000
QK:/crc/cr: 0.476269261 0.286783567 0.236947172
QK:/crc/rr: 0.000000000 0.790537030 0.209462970
QK:/crrc/: 0.423365636 0.576634364 0.000000000
QK:/crrc/cr: 0.488767491 0.345428456 0.165804053
QK:/crrc/rr: 0.000000000 0.826197146 0.173802854
QK:/rc/: 0.488414822 0.511585178 0.000000000
QK:/rc/cr: 0.552135650 0.258365213 0.189499137
QK:/rc/rr: 0.000000000 0.837166871 0.162833129
QK:/rrc/: 0.340086451 0.659913549 0.000000000
QK:/rrc/cr: 0.436241768 0.292013385 0.271744848
QK:/rrc/rr: 0.000000000 0.819689143 0.180310857
QQ:/cc/: 0.884836660 0.115163340 0.000000000
QQ:/cc/cr: 0.651843848 0.175268238 0.172887914
QQ:/cc/rr: 0.000000000 0.946821719 0.053178281
QQ:/crc/: 0.841138718 0.158861282 0.000000000
QQ:/crc/cr: 0.598410162 0.253031215 0.148558623
QQ:/crc/rr: 0.000000000 0.928990540 0.071009460
QQ:/crrc/: 0.876925440 0.123074560 0.000000000
QQ:/crrc/cr: 0.611604942 0.256762866 0.131632192
QQ:/crrc/rr: 0.000000000 0.949765204 0.050234796
QQ:/rc/: 0.844138029 0.155861971 0.000000000
QQ:/rc/cr: 0.502786959 0.308085526 0.189127515
QQ:/rc/rr: 0.000000000 0.915188095 0.084811905
QQ:/rrc/: 0.909501508 0.090498492 0.000000000
QQ:/rrc/cr: 0.669373733 0.215843388 0.114782879
QQ:/rrc/rr: 0.000000000 0.960354497 0.039645503
