J:/: 0.191824452 0.808175548 0.000000000
J:/cr: 0.069162609 0.039538056 0.891299335
J:/rr: 0.000000000 0.513554835 0.486445165
JJ:/cc/: 0.903358123 0.096641877 0.000000000
JJ:/cc/cr: 0.675824501 0.185453868 0.138721631
JJ:/cc/rr: 0.000000000 0.956012621 0.043987379
JJ:/crc/: 0.743299129 0.256700871 0.000000000
JJ:/crc/cr: 0.454059841 0.337811543 0.208128616
JJ:/crc/rr: 0.000000000 0.866918664 0.133081336
JJ:/crrc/: 0.846552626 0.153447374 0.000000000
JJ:/crrc/cr: 0.553025282 0.279429709 0.167545008
JJ:/crrc/rr: 0.000000000 0.931508475 0.068491525
JJ:/rc/: 0.798647517 0.201352483 0.000000000
JJ:/rc/cr: 0.472972159 0.317942241 0.209085601
JJ:/rc/rr: 0.000000000 0.875051901 0.124948099
JJ:/rrc/: 0.817878222 0.182121778 0.000000000
JJ:/rrc/cr: 0.582531771 0.271949332 0.145518897
JJ:/rrc/rr: 0.000000000 0.938412689 0.061587311
JK:/cc/: 0.155755949 0.844244051 0.000000000
JK:/cc/cr: 0.100661552 0.099386785 0.799951663
JK:/cc/rr: 0.000000000 0.179415653 0.820584347
JK:/crc/: 0.341638224 0.658361776 0.000000000
JK:/crc/cr: 0.305648338 0.250690122 0.443661540
JK:/crc/rr: 0.000000000 0.362661186 0.637338814
JK:/crrc/: 0.340110847 0.659889153 0.000000000
JK:/crrc/cr: 0.319918425 0.188325283 0.491756292
JK:/crrc/rr: 0.000000000 0.303116387 0.696883613
JK:/rc/: 0.270590119 0.729409881 0.000000000
JK:/rc/cr: 0.217868632 0.176303489 0.605827879
JK:/rc/rr: 0.000000000 0.282529888 0.717470112
JK:/rrc/: 0.307151855 0.692848145 0.000000000
JK:/rrc/cr: 0.321645824 0.225655708 0.452698468
JK:/rrc/rr: 0.000000000 0.360681595 0.639318405
JQ:/cc/: 0.171575613 0.828424387 0.000000000
JQ:/cc/cr: 0.126518172 0.113868667 0.759613161
JQ:/cc/rr: 0.000000000 0.233719001 0.766280999
JQ:/crc/: 0.286599610 0.713400390 0.000000000
JQ:/crc/cr: 0.333607928 0.210719287 0.455672785
JQ:/crc/rr: 0.000000000 0.283691587 0.716308413
JQ:/crrc/: 0.352695063 0.647304937 0.000000000
JQ:/crrc/cr: 0.263263208 0.195592524 0.541144267
JQ:/crrc/rr: 0.000000000 0.249670198 0.750329802
JQ:/rc/: 0.255538687 0.744461313 0.000000000
JQ:/rc/cr: 0.203752172 0.192397824 0.603850004
JQ:/rc/rr: 0.000000000 0.288355681 0.711644319
JQ:/rrc/: 0.265508725 0.734491275 0.000000000
JQ:/rrc/cr: 0.263134176 0.189576532 0.547289292
JQ:/rrc/rr: 0.000000000 0.333521088 0.666478912
K:/: 0.716488085 0.283511915 0.000000000
K:/cr: 0.773303482 0.177560788 0.049135730
K:/rr: 0.000000000 0.976282277 0.023717723
KJ:/cc/: 0.588743703 0.411256297 0.000000000
KJ:/cc/cr: 0.433652186 0.331751684 0.234596130
KJ:/cc/rr: 0.000000000 0.821025822 0.178974178
KJ:/crc/: 0.549408412 0.450591588 0.000000000
KJ:/crc/cr: 0.494304526 0.279325298 0.226370176
KJ:/crc/rr: 0.000000000 0.825408965 0.174591035
KJ:/crrc/: 0.684014570 0.315985430 0.000000000
KJ:/crrc/cr: 0.531427966 0.296389318 0.172182716
KJ:/crrc/rr: 0.000000000 0.880444028 0.119555972
KJ:/rc/: 0.733369559 0.266630441 0.000000000
KJ:/rc/cr: 0.621004370 0.226947398 0.152048233
KJ:/rc/rr: 0.000000000 0.908939375 0.091060625
KJ:/rrc/: 0.715715255 0.284284745 0.000000000
KJ:/rrc/cr: 0.579487903 0.249776757 0.170735340
KJ:/rrc/rr: 0.000000000 0.940683238 0.059316762
KK:/cc/: 0.895482280 0.104517720 0.000000000
KK:/cc/cr: 0.616628875 0.213241540 0.170129586
KK:/cc/rr: 0.000000000 0.949030860 0.050969140
KK:/crc/: 0.641540404 0.358459596 0.000000000
KK:/crc/cr: 0.451470955 0.307036910 0.241492135
KK:/crc/rr: 0.000000000 0.780338993 0.219661007
KK:/crrc/: 0.791160092 0.208839908 0.000000000
KK:/crrc/cr: 0.529782820 0.325063785 0.145153394
KK:/crrc/rr: 0.000000000 0.916372521 0.083627479
KK:/rc/: 0.923462762 0.076537238 0.000000000
KK:/rc/cr: 0.609362216 0.247339461 0.143298323
KK:/rc/rr: 0.000000000 0.961446039 0.038553961
KK:/rrc/: 0.889094843 0.110905157 0.000000000
KK:/rrc/cr: 0.539151074 0.325237447 0.135611479
KK:/rrc/rr: 0.000000000 0.947525143 0.052474857
KQ:/cc/: 0.538790529 0.461209471 0.000000000
KQ:/cc/cr: 0.470810288 0.311266296 0.217923415
KQ:/cc/rr: 0.000000000 0.861281973 0.138718027
KQ:/crc/: 0.493902022 0.506097978 0.000000000
KQ:/crc/cr: 0.485686084 0.289295292 0.225018624
KQ:/crc/rr: 0.000000000 0.779808223 0.220191777
KQ:/crrc/: 0.479201192 0.520798808 0.000000000
KQ:/crrc/cr: 0.614772368 0.235736647 0.149490986
KQ:/crrc/rr: 0.000000000 0.873830286 0.126169714
KQ:/rc/: 0.420185059 0.579814941 0.000000000
KQ:/rc/cr: 0.379849492 0.292818057 0.327332451
KQ:/rc/rr: 0.000000000 0.816402541 0.183597459
KQ:/rrc/: 0.531587200 0.468412800 0.000000000
KQ:/rrc/cr: 0.658508375 0.204542076 0.136949549
KQ:/rrc/rr: 0.000000000 0.914317345 0.085682655
Q:/: 0.362310017 0.637689983 0.000000000
Q:/cr: 0.207407599 0.255692728 0.536899672
Q:/rr: 0.000000000 0.767626789 0.232373211
QJ:/cc/: 0.137168275 0.862831725 0.000000000
QJ:/cc/cr: 0.122332815 0.108926138 0.768741047
QJ:/cc/rr: 0.000000000 0.246004605 0.753995395
QJ:/crc/: 0.216674660 0.783325340 0.000000000
QJ:/crc/cr: 0.262860977 0.168544334 0.568594689
QJ:/crc/rr: 0.000000000 0.283099561 0.716900439
QJ:/crrc/: 0.254700391 0.745299609 0.000000000
QJ:/crrc/cr: 0.290802202 0.152882827 0.556314972
QJ:/crrc/rr: 0.000000000 0.300100711 0.699899289
QJ:/rc/: 0.364811666 0.635188334 0.000000000
QJ:/rc/cr: 0.286961609 0.177464538 0.535573854
QJ:/rc/rr: 0.000000000 0.348710655 0.651289345
QJ:/rrc/: 0.245238648 0.754761352 0.000000000
QJ:/rrc/cr: 0.239673475 0.139841704 0.620484821
QJ:/rrc/rr: 0.000000000 0.216652095 0.783347905
QK:/cc/: 0.713360763 0.286639237 0.000000000
QK:/cc/cr: 0.560532666 0.263765729 0.175701606
QK:/cc/rr: 0.000000000 0.872784478 0.127215522
QK:/crc/: 0.412514192 0.587485808 0.000000000
QK:/crc/cr: 0.473943940 0.289312229 0.236743831
QK:/crc/rr: 0.000000000 0.791856333 0.208143667
QK:/crrc/: 0.420494291 0.579505709 0.000000000
QK:/crrc/cr: 0.489097687 0.345335662 0.165566651
QK:/crrc/rr: 0.000000000 0.826776982 0.173223018
QK:/rc/: 0.489541514 0.510458486 0.000000000
QK:/rc/cr: 0.552537657 0.258457796 0.189004546
QK:/rc/rr: 0.000000000 0.837741923 0.162258077
QK:/rrc/: 0.338578580 0.661421420 0.000000000
QK:/rrc/cr: 0.434865264 0.292242160 0.272892576
QK:/rrc/rr: 0.000000000 0.819684727 0.180315273
QQ:/cc/: 0.885306632 0.114693368 0.000000000
QQ:/cc/cr: 0.653251467 0.174559617 0.172188916
QQ:/cc/rr: 0.000000000 0.947217201 0.052782799
QQ:/crc/: 0.842500609 0.157499391 0.000000000
QQ:/crc/cr: 0.600873085 0.251479392 0.147647523
QQ:/crc/rr: 0.000000000 0.929779490 0.070220510
QQ:/crrc/: 0.878104725 0.121895275 0.000000000
QQ:/crrc/cr: 0.613087807 0.255782563 0.131129630
QQ:/crrc/rr: 0.000000000 0.950231384 0.049768616
QQ:/rc/: 0.845997218 0.154002782 0.000000000
QQ:/rc/cr: 0.505708614 0.306719821 0.187571565
QQ:/rc/rr: 0.000000000 0.916478836 0.083521164
QQ:/rrc/: 0.910165805 0.089834195 0.000000000
QQ:/rrc/cr: 0.671031854 0.214760913 0.114207233
QQ:/rrc/rr: 0.000000000 0.960727011 0.039272989
