J:/: 0.191852882 0.808147118 0.000000000
J:/cr: 0.068428099 0.039118160 0.892453741
J:/rr: 0.000000000 0.514137946 0.485862054
JJ:/cc/: 0.902895992 0.097104008 0.000000000
JJ:/cc/cr: 0.677802290 0.184322417 0.137875293
JJ:/cc/rr: 0.000000000 0.956346837 0.043653163
JJ:/crc/: 0.744937676 0.255062324 0.000000000
JJ:/crc/cr: 0.456968066 0.336415782 0.206616153
JJ:/crc/rr: 0.000000000 0.868636210 0.131363790
JJ:/crrc/: 0.847242778 0.152757222 0.000000000
JJ:/crrc/cr: 0.554110175 0.278878551 0.167011274
JJ:/crrc/rr: 0.000000000 0.932010435 0.067989565
JJ:/rc/: 0.801659801 0.198340199 0.000000000
JJ:/rc/cr: 0.475678873 0.316812884 0.207508242
JJ:/rc/rr: 0.000000000 0.877172506 0.122827494
JJ:/rrc/: 0.820541305 0.179458695 0.000000000
JJ:/rrc/cr: 0.584549606 0.270635090 0.144815304
JJ:/rrc/rr: 0.000000000 0.939314826 0.060685174
JK:/cc/: 0.154869715 0.845130285 0.000000000
JK:/cc/cr: 0.099989735 0.098723476 0.801286789
JK:/cc/rr: 0.000000000 0.178476083 0.821523917
JK:/crc/: 0.340968483 0.659031517 0.000000000
JK:/crc/cr: 0.304433571 0.249693780 0.445872649
JK:/crc/rr: 0.000000000 0.361601104 0.638398896
JK:/crrc/: 0.339754935 0.660245065 0.000000000
JK:/crrc/cr: 0.318580191 0.187537509 0.493882299
JK:/crrc/rr: 0.000000000 0.302417398 0.697582602
JK:/rc/: 0.268971864 0.731028136 0.000000000
JK:/rc/cr: 0.216205964 0.174958026 0.608836011
JK:/rc/rr: 0.000000000 0.281358309 0.718641691
JK:/rrc/: 0.306337764 0.693662236 0.000000000
JK:/rrc/cr: 0.318951197 0.223765250 0.457283553
JK:/rrc/rr: 0.000000000 0.358590198 0.641409802
JQ:/cc/: 0.170842793 0.829157207 0.000000000
JQ:/cc/cr: 0.125634839 0.113073651 0.761291510
JQ:/cc/rr: 0.000000000 0.232164329 0.767835671
JQ:/crc/: 0.286052426 0.713947574 0.000000000
JQ:/crc/cr: 0.331790738 0.209571482 0.458637780
JQ:/crc/rr: 0.000000000 0.282865679 0.717134321
JQ:/crrc/: 0.351877648 0.648122352 0.000000000
JQ:/crrc/cr: 0.262370183 0.194929047 0.542700771
JQ:/crrc/rr: 0.000000000 0.248993229 0.751006771
JQ:/rc/: 0.253628337 0.746371663 0.000000000
JQ:/rc/cr: 0.202102953 0.190840509 0.607056538
JQ:/rc/rr: 0.000000000 0.286668718 0.713331282
JQ:/rrc/: 0.264147001 0.735852999 0.000000000
JQ:/rrc/cr: 0.261550626 0.188435654 0.550013720
JQ:/rrc/rr: 0.000000000 0.332215826 0.667784174
K:/: 0.718237512 0.281762488 0.000000000
K:/cr: 0.775074456 0.176278523 0.048647022
K:/rr: 0.000000000 0.976478390 0.023521610
KJ:/cc/: 0.589102023 0.410897977 0.000000000
KJ:/cc/cr: 0.432558903 0.332696143 0.234744954
KJ:/cc/rr: 0.000000000 0.821695348 0.178304652
KJ:/crc/: 0.548959924 0.451040076 0.000000000
KJ:/crc/cr: 0.495374958 0.278917844 0.225707199
KJ:/crc/rr: 0.000000000 0.826193170 0.173806830
KJ:/crrc/: 0.683274343 0.316725657 0.000000000
KJ:/crrc/cr: 0.531628189 0.296925468 0.171446343
KJ:/crrc/rr: 0.000000000 0.881075322 0.118924678
KJ:/rc/: 0.734133639 0.265866361 0.000000000
KJ:/rc/cr: 0.621920098 0.226488280 0.151591621
KJ:/rc/rr: 0.000000000 0.909405716 0.090594284
KJ:/rrc/: 0.715229715 0.284770285 0.000000000
KJ:/rrc/cr: 0.580105950 0.249838628 0.170055422
KJ:/rrc/rr: 0.000000000 0.940975008 0.059024992
KK:/cc/: 0.895843906 0.104156094 0.000000000
KK:/cc/cr: 0.618901647 0.211977361 0.169120991
KK:/cc/rr: 0.000000000 0.949568993 0.050431007
KK:/crc/: 0.644142745 0.355857255 0.000000000
KK:/crc/cr: 0.451655030 0.307594923 0.240750048
KK:/crc/rr: 0.000000000 0.783692004 0.216307996
KK:/crrc/: 0.793237677 0.206762323 0.000000000
KK:/crrc/cr: 0.531586423 0.323958784 0.144454793
KK:/crrc/rr: 0.000000000 0.917543664 0.082456336
KK:/rc/: 0.924023682 0.075976318 0.000000000
KK:/rc/cr: 0.612305328 0.245475976 0.142218696
KK:/rc/rr: 0.000000000 0.961830408 0.038169592
KK:/rrc/: 0.889971701 0.110028299 0.000000000
KK:/rrc/cr: 0.540681933 0.324318788 0.134999279
KK:/rrc/rr: 0.000000000 0.947947894 0.052052106
KQ:/cc/: 0.535894930 0.464105070 0.000000000
KQ:/cc/cr: 0.469270291 0.313689926 0.217039783
KQ:/cc/rr: 0.000000000 0.861586422 0.138413578
KQ:/crc/: 0.494561881 0.505438119 0.000000000
KQ:/crc/cr: 0.487679959 0.288173761 0.224146279
KQ:/crc/rr: 0.000000000 0.781177327 0.218822673
KQ:/crrc/: 0.479371927 0.520628073 0.000000000
KQ:/crrc/cr: 0.616281630 0.234840360 0.148878010
KQ:/crrc/rr: 0.000000000 0.874555502 0.125444498
KQ:/rc/: 0.422074423 0.577925577 0.000000000
KQ:/rc/cr: 0.376387784 0.293945656 0.329666560
KQ:/rc/rr: 0.000000000 0.817551505 0.182448495
KQ:/rrc/: 0.532758935 0.467241065 0.000000000
KQ:/rrc/cr: 0.659237410 0.204337964 0.136424626
KQ:/rrc/rr: 0.000000000 0.914713855 0.085286145
Q:/: 0.362565138 0.637434862 0.000000000
Q:/cr: 0.209962927 0.254059713 0.535977360
Q:/rr: 0.000000000 0.770044071 0.229955929
QJ:/cc/: 0.136557243 0.863442757 0.000000000
QJ:/cc/cr: 0.121466276 0.108154565 0.770379159
QJ:/cc/rr: 0.000000000 0.244699441 0.755300559
QJ:/crc/: 0.215787859 0.784212141 0.000000000
QJ:/crc/cr: 0.261152553 0.167448907 0.571398540
QJ:/crc/rr: 0.000000000 0.281722434 0.718277566
QJ:/crrc/: 0.253607848 0.746392152 0.000000000
QJ:/crrc/cr: 0.289364877 0.152127185 0.558507938
QJ:/crrc/rr: 0.000000000 0.299151830 0.700848170
QJ:/rc/: 0.366568388 0.633431612 0.000000000
QJ:/rc/cr: 0.285592264 0.176617699 0.537790037
QJ:/rc/rr: 0.000000000 0.346714850 0.653285150
QJ:/rrc/: 0.244246725 0.755753275 0.000000000
QJ:/rrc/cr: 0.238657276 0.139248785 0.622093938
QJ:/rrc/rr: 0.000000000 0.215880345 0.784119655
QK:/cc/: 0.713413844 0.286586156 0.000000000
QK:/cc/cr: 0.560951608 0.263780567 0.175267825
QK:/cc/rr: 0.000000000 0.873340974 0.126659026
QK:/crc/: 0.413427354 0.586572646 0.000000000
QK:/crc/cr: 0.471762047 0.291399401 0.236838552
QK:/crc/rr: 0.000000000 0.793171039 0.206828961
QK:/crrc/: 0.421995125 0.578004875 0.000000000
QK:/crrc/cr: 0.489044509 0.345717545 0.165237946
QK:/crrc/rr: 0.000000000 0.827354143 0.172645857
QK:/rc/: 0.491755285 0.508244715 0.000000000
QK:/rc/cr: 0.552760418 0.258760082 0.188479500
QK:/rc/rr: 0.000000000 0.838425433 0.161574567
QK:/rrc/: 0.336087577 0.663912423 0.000000000
QK:/rrc/cr: 0.432211603 0.294649809 0.273138588
QK:/rrc/rr: 0.000000000 0.819309080 0.180690920
QQ:/cc/: 0.884241135 0.115758865 0.000000000
QQ:/cc/cr: 0.654871756 0.173743934 0.171384311
QQ:/cc/rr: 0.000000000 0.947614121 0.052385879
QQ:/crc/: 0.843700867 0.156299133 0.000000000
QQ:/crc/cr: 0.603606672 0.249757031 0.146636297
QQ:/crc/rr: 0.000000000 0.930535013 0.069464987
QQ:/crrc/: 0.879206417 0.120793583 0.000000000
QQ:/crrc/cr: 0.614718815 0.254704325 0.130576860
QQ:/crrc/rr: 0.000000000 0.950725848 0.049274152
QQ:/rc/: 0.847869259 0.152130741 0.000000000
QQ:/rc/cr: 0.508842965 0.305200718 0.185956317
QQ:/rc/rr: 0.000000000 0.917580356 0.082419644
QQ:/rrc/: 0.910747554 0.089252446 0.000000000
QQ:/rrc/cr: 0.673092100 0.213415919 0.113491981
QQ:/rrc/rr: 0.000000000 0.961096507 0.038903493
