J:/: 0.191258958 0.808741042 0.000000000
J:/cr: 0.066506308 0.038789424 0.894704267
J:/rr: 0.000000000 0.525271778 0.474728222
JJ:/cc/: 0.902959913 0.097040087 0.000000000
JJ:/cc/cr: 0.682507338 0.181630760 0.135861902
JJ:/cc/rr: 0.000000000 0.957277677 0.042722323
JJ:/crc/: 0.748563728 0.251436272 0.000000000
JJ:/crc/cr: 0.464579018 0.332596217 0.202824766
JJ:/crc/rr: 0.000000000 0.872771265 0.127228735
JJ:/crrc/: 0.849549599 0.150450401 0.000000000
JJ:/crrc/cr: 0.558334970 0.276658899 0.165006131
JJ:/crrc/rr: 0.000000000 0.933317195 0.066682805
JJ:/rc/: 0.807933575 0.192066425 0.000000000
JJ:/rc/cr: 0.482122579 0.313981731 0.203895690
JJ:/rc/rr: 0.000000000 0.881841058 0.118158942
JJ:/rrc/: 0.828173940 0.171826060 0.000000000
JJ:/rrc/cr: 0.591466132 0.266129487 0.142404381
JJ:/rrc/rr: 0.000000000 0.941871736 0.058128264
JK:/cc/: 0.152333389 0.847666611 0.000000000
JK:/cc/cr: 0.098041329 0.096799744 0.805158926
JK:/cc/rr: 0.000000000 0.175871511 0.824128489
JK:/crc/: 0.338193714 0.661806286 0.000000000
JK:/crc/cr: 0.301265045 0.247094983 0.451639972
JK:/crc/rr: 0.000000000 0.358547933 0.641452067
JK:/crrc/: 0.336608010 0.663391990 0.000000000
JK:/crrc/cr: 0.314948389 0.185399589 0.499652022
JK:/crrc/rr: 0.000000000 0.300594249 0.699405751
JK:/rc/: 0.267149734 0.732850266 0.000000000
JK:/rc/cr: 0.211795246 0.171388788 0.616815967
JK:/rc/rr: 0.000000000 0.277994655 0.722005345
JK:/rrc/: 0.303344496 0.696655504 0.000000000
JK:/rrc/cr: 0.311941666 0.218847602 0.469210732
JK:/rrc/rr: 0.000000000 0.353757907 0.646242093
JQ:/cc/: 0.168980684 0.831019316 0.000000000
JQ:/cc/cr: 0.123049684 0.110746965 0.766203351
JQ:/cc/rr: 0.000000000 0.227956969 0.772043031
JQ:/crc/: 0.285271420 0.714728580 0.000000000
JQ:/crc/cr: 0.328229024 0.207321770 0.464449206
JQ:/crc/rr: 0.000000000 0.280986759 0.719013241
JQ:/crrc/: 0.349642664 0.650357336 0.000000000
JQ:/crrc/cr: 0.259052642 0.192464266 0.548483091
JQ:/crrc/rr: 0.000000000 0.247207993 0.752792007
JQ:/rc/: 0.249125632 0.750874368 0.000000000
JQ:/rc/cr: 0.196981683 0.186004629 0.617013688
JQ:/rc/rr: 0.000000000 0.282701601 0.717298399
JQ:/rrc/: 0.260350837 0.739649163 0.000000000
JQ:/rrc/cr: 0.257085162 0.185218485 0.557696354
JQ:/rrc/rr: 0.000000000 0.328486057 0.671513943
K:/: 0.719794645 0.280205355 0.000000000
K:/cr: 0.778565446 0.174149809 0.047284745
K:/rr: 0.000000000 0.977039672 0.022960328
KJ:/cc/: 0.587839239 0.412160761 0.000000000
KJ:/cc/cr: 0.428360498 0.337226058 0.234413445
KJ:/cc/rr: 0.000000000 0.823447811 0.176552189
KJ:/crc/: 0.547476741 0.452523259 0.000000000
KJ:/crc/cr: 0.498408212 0.277769173 0.223822615
KJ:/crc/rr: 0.000000000 0.828735799 0.171264201
KJ:/crrc/: 0.687101319 0.312898681 0.000000000
KJ:/crrc/cr: 0.533393543 0.297356061 0.169250396
KJ:/crrc/rr: 0.000000000 0.883078003 0.116921997
KJ:/rc/: 0.736254414 0.263745586 0.000000000
KJ:/rc/cr: 0.623975295 0.225681017 0.150343688
KJ:/rc/rr: 0.000000000 0.910767496 0.089232504
KJ:/rrc/: 0.713326858 0.286673142 0.000000000
KJ:/rrc/cr: 0.582661657 0.249251241 0.168087102
KJ:/rrc/rr: 0.000000000 0.941774379 0.058225621
KK:/cc/: 0.898254276 0.101745724 0.000000000
KK:/cc/cr: 0.624842909 0.208672669 0.166484422
KK:/cc/rr: 0.000000000 0.951036920 0.048963080
KK:/crc/: 0.654184084 0.345815916 0.000000000
KK:/crc/cr: 0.451953883 0.308886625 0.239159492
KK:/crc/rr: 0.000000000 0.796067327 0.203932673
KK:/crrc/: 0.800109620 0.199890380 0.000000000
KK:/crrc/cr: 0.538143105 0.319907719 0.141949176
KK:/crrc/rr: 0.000000000 0.920644637 0.079355363
KK:/rc/: 0.925413650 0.074586350 0.000000000
KK:/rc/cr: 0.619272341 0.241064684 0.139662975
KK:/rc/rr: 0.000000000 0.962943222 0.037056778
KK:/rrc/: 0.892811927 0.107188073 0.000000000
KK:/rrc/cr: 0.545148768 0.321636239 0.133214993
KK:/rrc/rr: 0.000000000 0.949179885 0.050820115
KQ:/cc/: 0.532204227 0.467795773 0.000000000
KQ:/cc/cr: 0.466848899 0.317085520 0.216065581
KQ:/cc/rr: 0.000000000 0.862655195 0.137344805
KQ:/crc/: 0.495987166 0.504012834 0.000000000
KQ:/crc/cr: 0.492240678 0.285642414 0.222116908
KQ:/crc/rr: 0.000000000 0.784316660 0.215683340
KQ:/crrc/: 0.480549196 0.519450804 0.000000000
KQ:/crrc/cr: 0.618412424 0.234895457 0.146692119
KQ:/crrc/rr: 0.000000000 0.876546442 0.123453558
KQ:/rc/: 0.419767196 0.580232804 0.000000000
KQ:/rc/cr: 0.370670693 0.298676096 0.330653211
KQ:/rc/rr: 0.000000000 0.820242087 0.179757913
KQ:/rrc/: 0.532949638 0.467050362 0.000000000
KQ:/rrc/cr: 0.659755964 0.205542029 0.134702007
KQ:/rrc/rr: 0.000000000 0.915859357 0.084140643
Q:/: 0.360010558 0.639989442 0.000000000
Q:/cr: 0.204445431 0.254732976 0.540821593
Q:/rr: 0.000000000 0.769116900 0.230883100
QJ:/cc/: 0.134736588 0.865263412 0.000000000
QJ:/cc/cr: 0.119072125 0.106022793 0.774905082
QJ:/cc/rr: 0.000000000 0.241295269 0.758704731
QJ:/crc/: 0.212758755 0.787241245 0.000000000
QJ:/crc/cr: 0.256344543 0.164366049 0.579289408
QJ:/crc/rr: 0.000000000 0.277624762 0.722375238
QJ:/crrc/: 0.251290865 0.748709135 0.000000000
QJ:/crrc/cr: 0.284635859 0.149641009 0.565723132
QJ:/crrc/rr: 0.000000000 0.296451736 0.703548264
QJ:/rc/: 0.367156548 0.632843452 0.000000000
QJ:/rc/cr: 0.280591000 0.173524787 0.545884212
QJ:/rc/rr: 0.000000000 0.339900240 0.660099760
QJ:/rrc/: 0.240970225 0.759029775 0.000000000
QJ:/rrc/cr: 0.235209524 0.137237134 0.627553343
QJ:/rrc/rr: 0.000000000 0.213215608 0.786784392
QK:/cc/: 0.713302780 0.286697220 0.000000000
QK:/cc/cr: 0.562096317 0.263998385 0.173905298
QK:/cc/rr: 0.000000000 0.874996136 0.125003864
QK:/crc/: 0.415751874 0.584248126 0.000000000
QK:/crc/cr: 0.468370109 0.295531931 0.236097960
QK:/crc/rr: 0.000000000 0.796722240 0.203277760
QK:/crrc/: 0.431269904 0.568730096 0.000000000
QK:/crrc/cr: 0.487382644 0.346271638 0.166345718
QK:/crrc/rr: 0.000000000 0.829167540 0.170832460
QK:/rc/: 0.494942170 0.505057830 0.000000000
QK:/rc/cr: 0.555814606 0.257528227 0.186657168
QK:/rc/rr: 0.000000000 0.840380162 0.159619838
QK:/rrc/: 0.332965416 0.667034584 0.000000000
QK:/rrc/cr: 0.425754293 0.296488510 0.277757196
QK:/rrc/rr: 0.000000000 0.819714760 0.180285240
QQ:/cc/: 0.882434460 0.117565540 0.000000000
QQ:/cc/cr: 0.659914514 0.171205316 0.168880170
QQ:/cc/rr: 0.000000000 0.948748478 0.051251522
QQ:/crc/: 0.848172767 0.151827233 0.000000000
QQ:/crc/cr: 0.610383522 0.245487116 0.144129363
QQ:/crc/rr: 0.000000000 0.932750725 0.067249275
QQ:/crrc/: 0.881801525 0.118198475 0.000000000
QQ:/crrc/cr: 0.619021047 0.251860176 0.129118777
QQ:/crrc/rr: 0.000000000 0.951961577 0.048038423
QQ:/rc/: 0.852848864 0.147151136 0.000000000
QQ:/rc/cr: 0.517282028 0.300763553 0.181954419
QQ:/rc/rr: 0.000000000 0.920912941 0.079087059
QQ:/rrc/: 0.913019147 0.086980853 0.000000000
QQ:/rrc/cr: 0.676912113 0.210922092 0.112165795
QQ:/rrc/rr: 0.000000000 0.962074724 0.037925276
