J:/: 0.190215564 0.809784436 0.000000000
J:/cr: 0.065362029 0.038777461 0.895860510
J:/rr: 0.000000000 0.527270112 0.472729888
JJ:/cc/: 0.904145951 0.095854049 0.000000000
JJ:/cc/cr: 0.685398007 0.179977070 0.134624923
JJ:/cc/rr: 0.000000000 0.957900006 0.042099994
JJ:/crc/: 0.752764511 0.247235489 0.000000000
JJ:/crc/cr: 0.470318452 0.329668801 0.200012747
JJ:/crc/rr: 0.000000000 0.875764438 0.124235562
JJ:/crrc/: 0.850816641 0.149183359 0.000000000
JJ:/crrc/cr: 0.560985554 0.275279101 0.163735346
JJ:/crrc/rr: 0.000000000 0.934081390 0.065918610
JJ:/rc/: 0.812949823 0.187050177 0.000000000
JJ:/rc/cr: 0.486488869 0.312058808 0.201452323
JJ:/rc/rr: 0.000000000 0.884975975 0.115024025
JJ:/rrc/: 0.831968831 0.168031169 0.000000000
JJ:/rrc/cr: 0.595263835 0.263655565 0.141080600
JJ:/rrc/rr: 0.000000000 0.943414649 0.056585351
JK:/cc/: 0.150787814 0.849212186 0.000000000
JK:/cc/cr: 0.096843837 0.095617417 0.807538745
JK:/cc/rr: 0.000000000 0.174325576 0.825674424
JK:/crc/: 0.337370087 0.662629913 0.000000000
JK:/crc/cr: 0.299123505 0.245338510 0.455537985
JK:/crc/rr: 0.000000000 0.356402934 0.643597066
JK:/crrc/: 0.334719789 0.665280211 0.000000000
JK:/crrc/cr: 0.312950162 0.184223299 0.502826538
JK:/crrc/rr: 0.000000000 0.299485580 0.700514420
JK:/rc/: 0.266908667 0.733091333 0.000000000
JK:/rc/cr: 0.208828276 0.168987859 0.622183865
JK:/rc/rr: 0.000000000 0.276082494 0.723917506
JK:/rrc/: 0.301229308 0.698770692 0.000000000
JK:/rrc/cr: 0.307849308 0.215976544 0.476174148
JK:/rrc/rr: 0.000000000 0.350197704 0.649802296
JQ:/cc/: 0.167570037 0.832429963 0.000000000
JQ:/cc/cr: 0.121483047 0.109336963 0.769179990
JQ:/cc/rr: 0.000000000 0.225417559 0.774582441
JQ:/crc/: 0.284328031 0.715671969 0.000000000
JQ:/crc/cr: 0.325909510 0.205856678 0.468233812
JQ:/crc/rr: 0.000000000 0.279650336 0.720349664
JQ:/crrc/: 0.347197673 0.652802327 0.000000000
JQ:/crrc/cr: 0.257193413 0.191082944 0.551723643
JQ:/crrc/rr: 0.000000000 0.246144439 0.753855561
JQ:/rc/: 0.246267262 0.753732738 0.000000000
JQ:/rc/cr: 0.194337111 0.183507428 0.622155461
JQ:/rc/rr: 0.000000000 0.280431968 0.719568032
JQ:/rrc/: 0.258554056 0.741445944 0.000000000
JQ:/rrc/cr: 0.253851277 0.182888614 0.563260110
JQ:/rrc/rr: 0.000000000 0.326362081 0.673637919
K:/: 0.720462753 0.279537247 0.000000000
K:/cr: 0.777106194 0.176479533 0.046414273
K:/rr: 0.000000000 0.977380646 0.022619354
KJ:/cc/: 0.585777738 0.414222262 0.000000000
KJ:/cc/cr: 0.426959261 0.339158559 0.233882180
KJ:/cc/rr: 0.000000000 0.824499570 0.175500430
KJ:/crc/: 0.549269779 0.450730221 0.000000000
KJ:/crc/cr: 0.499698637 0.277507885 0.222793479
KJ:/crc/rr: 0.000000000 0.830386520 0.169613480
KJ:/crrc/: 0.688344209 0.311655791 0.000000000
KJ:/crrc/cr: 0.534994931 0.297025987 0.167979082
KJ:/crrc/rr: 0.000000000 0.884306244 0.115693756
KJ:/rc/: 0.737269100 0.262730900 0.000000000
KJ:/rc/cr: 0.624945980 0.225554654 0.149499367
KJ:/rc/rr: 0.000000000 0.911632692 0.088367308
KJ:/rrc/: 0.713026116 0.286973884 0.000000000
KJ:/rrc/cr: 0.583629841 0.249583237 0.166786923
KJ:/rrc/rr: 0.000000000 0.942275498 0.057724502
KK:/cc/: 0.899922599 0.100077401 0.000000000
KK:/cc/cr: 0.629581109 0.206037151 0.164381739
KK:/cc/rr: 0.000000000 0.952021075 0.047978925
KK:/crc/: 0.659840485 0.340159515 0.000000000
KK:/crc/cr: 0.452530597 0.309547731 0.237921672
KK:/crc/rr: 0.000000000 0.802167686 0.197832314
KK:/crrc/: 0.805597994 0.194402006 0.000000000
KK:/crrc/cr: 0.542048271 0.317472477 0.140479252
KK:/crrc/rr: 0.000000000 0.922700545 0.077299455
KK:/rc/: 0.926295616 0.073704384 0.000000000
KK:/rc/cr: 0.624096610 0.238010110 0.137893280
KK:/rc/rr: 0.000000000 0.963633755 0.036366245
KK:/rrc/: 0.894313081 0.105686919 0.000000000
KK:/rrc/cr: 0.547590545 0.320151224 0.132258231
KK:/rrc/rr: 0.000000000 0.949953568 0.050046432
KQ:/cc/: 0.528162228 0.471837772 0.000000000
KQ:/cc/cr: 0.466279601 0.318518849 0.215201549
KQ:/cc/rr: 0.000000000 0.863374017 0.136625983
KQ:/crc/: 0.496836572 0.503163428 0.000000000
KQ:/crc/cr: 0.495210592 0.284016958 0.220772450
KQ:/crc/rr: 0.000000000 0.786839414 0.213160586
KQ:/crrc/: 0.479907897 0.520092103 0.000000000
KQ:/crrc/cr: 0.619031917 0.235490733 0.145477350
KQ:/crrc/rr: 0.000000000 0.877897417 0.122102583
KQ:/rc/: 0.422067008 0.577932992 0.000000000
KQ:/rc/cr: 0.366533927 0.301516955 0.331949118
KQ:/rc/rr: 0.000000000 0.822140359 0.177859641
KQ:/rrc/: 0.535122245 0.464877755 0.000000000
KQ:/rrc/cr: 0.660303448 0.205961548 0.133735004
KQ:/rrc/rr: 0.000000000 0.916524304 0.083475696
Q:/: 0.359850793 0.640149207 0.000000000
Q:/cr: 0.202235515 0.250922134 0.546842351
Q:/rr: 0.000000000 0.771331447 0.228668553
QJ:/cc/: 0.133497604 0.866502396 0.000000000
QJ:/cc/cr: 0.117671399 0.104775576 0.777553025
QJ:/cc/rr: 0.000000000 0.239034969 0.760965031
QJ:/crc/: 0.211234026 0.788765974 0.000000000
QJ:/crc/cr: 0.252812353 0.162101238 0.585086410
QJ:/crc/rr: 0.000000000 0.275437257 0.724562743
QJ:/crrc/: 0.250963316 0.749036684 0.000000000
QJ:/crrc/cr: 0.281529494 0.148007906 0.570462601
QJ:/crrc/rr: 0.000000000 0.294805378 0.705194622
QJ:/rc/: 0.364036370 0.635963630 0.000000000
QJ:/rc/cr: 0.277933417 0.171881269 0.550185314
QJ:/rc/rr: 0.000000000 0.335182283 0.664817717
QJ:/rrc/: 0.239006600 0.760993400 0.000000000
QJ:/rrc/cr: 0.233175352 0.136050260 0.630774388
QJ:/rrc/rr: 0.000000000 0.211477880 0.788522120
QK:/cc/: 0.711308051 0.288691949 0.000000000
QK:/cc/cr: 0.562517924 0.264386760 0.173095316
QK:/cc/rr: 0.000000000 0.876004025 0.123995975
QK:/crc/: 0.420473903 0.579526097 0.000000000
QK:/crc/cr: 0.464354718 0.297718212 0.237927071
QK:/crc/rr: 0.000000000 0.798980446 0.201019554
QK:/crrc/: 0.433937381 0.566062619 0.000000000
QK:/crrc/cr: 0.487040158 0.346194259 0.166765583
QK:/crrc/rr: 0.000000000 0.830351918 0.169648082
QK:/rc/: 0.496296119 0.503703881 0.000000000
QK:/rc/cr: 0.554790261 0.259774032 0.185435707
QK:/rc/rr: 0.000000000 0.841883350 0.158116650
QK:/rrc/: 0.328323289 0.671676711 0.000000000
QK:/rrc/cr: 0.420374425 0.298620885 0.281004690
QK:/rrc/rr: 0.000000000 0.818632242 0.181367758
QQ:/cc/: 0.882950781 0.117049219 0.000000000
QQ:/cc/cr: 0.663284187 0.169508960 0.167206853
QQ:/cc/rr: 0.000000000 0.949469185 0.050530815
QQ:/crc/: 0.850975706 0.149024294 0.000000000
QQ:/crc/cr: 0.614219390 0.243070235 0.142710374
QQ:/crc/rr: 0.000000000 0.934090053 0.065909947
QQ:/crrc/: 0.882896264 0.117103736 0.000000000
QQ:/crrc/cr: 0.621435734 0.250263858 0.128300408
QQ:/crrc/rr: 0.000000000 0.952709416 0.047290584
QQ:/rc/: 0.856226074 0.143773926 0.000000000
QQ:/rc/cr: 0.522970591 0.297623938 0.179405471
QQ:/rc/rr: 0.000000000 0.922988947 0.077011053
QQ:/rrc/: 0.914298825 0.085701175 0.000000000
QQ:/rrc/cr: 0.679686755 0.209110717 0.111202528
QQ:/rrc/rr: 0.000000000 0.962724216 0.037275784
