J:/: 0.211655597 0.788344403 0.000000000
J:/cr: 0.193892441 0.082347776 0.723759783
J:/rr: 0.000000000 0.534515527 0.465484473
JJ:/cc/: 0.831725384 0.168274616 0.000000000
JJ:/cc/cr: 0.509742192 0.280465888 0.209791920
JJ:/cc/rr: 0.000000000 0.903206627 0.096793373
JJ:/crc/: 0.553291719 0.446708281 0.000000000
JJ:/crc/cr: 0.389604211 0.292874208 0.317521581
JJ:/crc/rr: 0.000000000 0.590951000 0.409049000
JJ:/crrc/: 0.689846601 0.310153399 0.000000000
JJ:/crrc/cr: 0.384449581 0.310220001 0.305330418
JJ:/crrc/rr: 0.000000000 0.818507800 0.181492200
JJ:/rc/: 0.546969586 0.453030414 0.000000000
JJ:/rc/cr: 0.280155425 0.318034874 0.401809701
JJ:/rc/rr: 0.000000000 0.497718368 0.502281632
JJ:/rrc/: 0.534753075 0.465246925 0.000000000
JJ:/rrc/cr: 0.404715969 0.342812704 0.252471327
JJ:/rrc/rr: 0.000000000 0.744988319 0.255011681
JK:/cc/: 0.249640439 0.750359561 0.000000000
JK:/cc/cr: 0.189308163 0.186910784 0.623781054
JK:/cc/rr: 0.000000000 0.282865467 0.717134533
JK:/crc/: 0.431006238 0.568993762 0.000000000
JK:/crc/cr: 0.331158680 0.318708963 0.350132357
JK:/crc/rr: 0.000000000 0.467719119 0.532280881
JK:/crrc/: 0.413188872 0.586811128 0.000000000
JK:/crrc/cr: 0.443802999 0.261306033 0.294890969
JK:/crrc/rr: 0.000000000 0.374631042 0.625368958
JK:/rc/: 0.374176148 0.625823852 0.000000000
JK:/rc/cr: 0.359342036 0.301438138 0.339219825
JK:/rc/rr: 0.000000000 0.415120863 0.584879137
JK:/rrc/: 0.381435809 0.618564191 0.000000000
JK:/rrc/cr: 0.413151928 0.312121439 0.274726633
JK:/rrc/rr: 0.000000000 0.500692033 0.499307967
JQ:/cc/: 0.235542726 0.764457274 0.000000000
JQ:/cc/cr: 0.226957062 0.204265504 0.568777434
JQ:/cc/rr: 0.000000000 0.357901604 0.642098396
JQ:/crc/: 0.367510220 0.632489780 0.000000000
JQ:/crc/cr: 0.396267536 0.260665311 0.343067152
JQ:/crc/rr: 0.000000000 0.371775072 0.628224928
JQ:/crrc/: 0.434734142 0.565265858 0.000000000
JQ:/crrc/cr: 0.365033853 0.273083960 0.361882187
JQ:/crrc/rr: 0.000000000 0.320598185 0.679401815
JQ:/rc/: 0.387366901 0.612633099 0.000000000
JQ:/rc/cr: 0.327661609 0.315152233 0.357186159
JQ:/rc/rr: 0.000000000 0.424009936 0.575990064
JQ:/rrc/: 0.354438350 0.645561650 0.000000000
JQ:/rrc/cr: 0.380198359 0.274428756 0.345372884
JQ:/rrc/rr: 0.000000000 0.447834034 0.552165966
K:/: 0.753195204 0.246804796 0.000000000
K:/cr: 0.635233924 0.253057228 0.111708847
K:/rr: 0.000000000 0.954007368 0.045992632
KJ:/cc/: 0.544063342 0.455936658 0.000000000
KJ:/cc/cr: 0.497102752 0.250638189 0.252259059
KJ:/cc/rr: 0.000000000 0.747311252 0.252688748
KJ:/crc/: 0.502677761 0.497322239 0.000000000
KJ:/crc/cr: 0.392087803 0.305181599 0.302730598
KJ:/crc/rr: 0.000000000 0.652288109 0.347711891
KJ:/crrc/: 0.553254341 0.446745659 0.000000000
KJ:/crrc/cr: 0.403581437 0.321294676 0.275123886
KJ:/crrc/rr: 0.000000000 0.749574143 0.250425857
KJ:/rc/: 0.613773645 0.386226355 0.000000000
KJ:/rc/cr: 0.545274475 0.251331978 0.203393547
KJ:/rc/rr: 0.000000000 0.833783424 0.166216576
KJ:/rrc/: 0.705046155 0.294953845 0.000000000
KJ:/rrc/cr: 0.494469198 0.266653587 0.238877215
KJ:/rrc/rr: 0.000000000 0.906488470 0.093511530
KK:/cc/: 0.774067527 0.225932473 0.000000000
KK:/cc/cr: 0.403536067 0.320985616 0.275478318
KK:/cc/rr: 0.000000000 0.855034410 0.144965590
KK:/crc/: 0.506326309 0.493673691 0.000000000
KK:/crc/cr: 0.264408261 0.406029764 0.329561975
KK:/crc/rr: 0.000000000 0.581879243 0.418120757
KK:/crrc/: 0.448476160 0.551523840 0.000000000
KK:/crrc/cr: 0.267201003 0.293091672 0.439707325
KK:/crrc/rr: 0.000000000 0.532334131 0.467665869
KK:/rc/: 0.794799356 0.205200644 0.000000000
KK:/rc/cr: 0.418072238 0.346643155 0.235284606
KK:/rc/rr: 0.000000000 0.862747718 0.137252282
KK:/rrc/: 0.780926672 0.219073328 0.000000000
KK:/rrc/cr: 0.442822410 0.370395316 0.186782274
KK:/rrc/rr: 0.000000000 0.887953618 0.112046382
KQ:/cc/: 0.563799674 0.436200326 0.000000000
KQ:/cc/cr: 0.453678642 0.282497804 0.263823554
KQ:/cc/rr: 0.000000000 0.804060113 0.195939887
KQ:/crc/: 0.537885580 0.462114420 0.000000000
KQ:/crc/cr: 0.317484587 0.378894207 0.303621206
KQ:/crc/rr: 0.000000000 0.586158599 0.413841401
KQ:/crrc/: 0.503077998 0.496922002 0.000000000
KQ:/crrc/cr: 0.455759247 0.298220590 0.246020163
KQ:/crrc/rr: 0.000000000 0.744127292 0.255872708
KQ:/rc/: 0.506350799 0.493649201 0.000000000
KQ:/rc/cr: 0.527247986 0.264516571 0.208235442
KQ:/rc/rr: 0.000000000 0.737934797 0.262065203
KQ:/rrc/: 0.537823225 0.462176775 0.000000000
KQ:/rrc/cr: 0.589729061 0.213072882 0.197198057
KQ:/rrc/rr: 0.000000000 0.866074838 0.133925162
Q:/: 0.403085365 0.596914635 0.000000000
Q:/cr: 0.453485501 0.260523593 0.285990907
Q:/rr: 0.000000000 0.908093697 0.091906303
QJ:/cc/: 0.203135807 0.796864193 0.000000000
QJ:/cc/cr: 0.222779110 0.198364341 0.578856549
QJ:/cc/rr: 0.000000000 0.376788438 0.623211562
QJ:/crc/: 0.339136897 0.660863103 0.000000000
QJ:/crc/cr: 0.419575173 0.271555703 0.308869124
QJ:/crc/rr: 0.000000000 0.441834329 0.558165671
QJ:/crrc/: 0.341606016 0.658393984 0.000000000
QJ:/crrc/cr: 0.455240279 0.240114751 0.304644970
QJ:/crrc/rr: 0.000000000 0.383965782 0.616034218
QJ:/rc/: 0.348631599 0.651368401 0.000000000
QJ:/rc/cr: 0.368446470 0.230485837 0.401067692
QJ:/rc/rr: 0.000000000 0.461363279 0.538636721
QJ:/rrc/: 0.336813667 0.663186333 0.000000000
QJ:/rrc/cr: 0.371698654 0.216878009 0.411423338
QJ:/rrc/rr: 0.000000000 0.356437609 0.643562391
QK:/cc/: 0.647564584 0.352435416 0.000000000
QK:/cc/cr: 0.508871207 0.279500655 0.211628138
QK:/cc/rr: 0.000000000 0.799566900 0.200433100
QK:/crc/: 0.447650908 0.552349092 0.000000000
QK:/crc/cr: 0.426957800 0.274075623 0.298966577
QK:/crc/rr: 0.000000000 0.620222667 0.379777333
QK:/crrc/: 0.414671836 0.585328164 0.000000000
QK:/crrc/cr: 0.514519298 0.279726943 0.205753760
QK:/crrc/rr: 0.000000000 0.752658711 0.247341289
QK:/rc/: 0.479877349 0.520122651 0.000000000
QK:/rc/cr: 0.439965940 0.311100906 0.248933154
QK:/rc/rr: 0.000000000 0.742676880 0.257323120
QK:/rrc/: 0.466982860 0.533017140 0.000000000
QK:/rrc/cr: 0.501452534 0.277607962 0.220939505
QK:/rrc/rr: 0.000000000 0.807285953 0.192714047
QQ:/cc/: 0.815995400 0.184004600 0.000000000
QQ:/cc/cr: 0.506006189 0.245012953 0.248980858
QQ:/cc/rr: 0.000000000 0.883103977 0.116896023
QQ:/crc/: 0.522579844 0.477420156 0.000000000
QQ:/crc/cr: 0.304335950 0.421412443 0.274251607
QQ:/crc/rr: 0.000000000 0.637949447 0.362050553
QQ:/crrc/: 0.676700552 0.323299448 0.000000000
QQ:/crrc/cr: 0.454028651 0.335608674 0.210362675
QQ:/crrc/rr: 0.000000000 0.824012048 0.175987952
QQ:/rc/: 0.589656064 0.410343936 0.000000000
QQ:/rc/cr: 0.336118797 0.317282948 0.346598255
QQ:/rc/rr: 0.000000000 0.634267150 0.365732850
QQ:/rrc/: 0.746598128 0.253401872 0.000000000
QQ:/rrc/cr: 0.506403985 0.311255777 0.182340237
QQ:/rrc/rr: 0.000000000 0.874408323 0.125591677
