J:/c: 0.180539370 0.819460630 0.000000000
J:/crr: 0.000000000 0.589863782 0.410136218
J:/r: 0.198136634 0.163171809 0.638691557
JJ:/cc/c: 0.930924921 0.069075079 0.000000000
JJ:/cc/crr: 0.000000000 0.937092304 0.062907696
JJ:/cc/r: 0.776581322 0.134280406 0.089138272
JJ:/crc/c: 0.723392286 0.276607714 0.000000000
JJ:/crc/crr: 0.000000000 0.829667373 0.170332627
JJ:/crc/r: 0.531530601 0.300337510 0.168131889
JJ:/crrc/c: 0.746674029 0.253325971 0.000000000
JJ:/crrc/crr: 0.000000000 0.843924503 0.156075497
JJ:/crrc/r: 0.557247807 0.297928793 0.144823399
JJ:/rc/c: 0.861287381 0.138712619 0.000000000
JJ:/rc/crr: 0.000000000 0.914076906 0.085923094
JJ:/rc/r: 0.769533885 0.159108026 0.071358089
JJ:/rrc/c: 0.823827405 0.176172595 0.000000000
JJ:/rrc/crr: 0.000000000 0.910685041 0.089314959
JJ:/rrc/r: 0.746948753 0.187027463 0.066023785
JK:/cc/c: 0.238847766 0.761152234 0.000000000
JK:/cc/crr: 0.000000000 0.469284098 0.530715902
JK:/cc/r: 0.197255424 0.172082154 0.630662422
JK:/crc/c: 0.366772494 0.633227506 0.000000000
JK:/crc/crr: 0.000000000 0.445041025 0.554958975
JK:/crc/r: 0.390660977 0.140561176 0.468777846
JK:/crrc/c: 0.399872363 0.600127637 0.000000000
JK:/crrc/crr: 0.000000000 0.676972523 0.323027477
JK:/crrc/r: 0.428195690 0.312538048 0.259266263
JK:/rc/c: 0.351667328 0.648332672 0.000000000
JK:/rc/crr: 0.000000000 0.411266870 0.588733130
JK:/rc/r: 0.302594131 0.257669593 0.439736276
JK:/rrc/c: 0.365995998 0.634004002 0.000000000
JK:/rrc/crr: 0.000000000 0.363956120 0.636043880
JK:/rrc/r: 0.308147435 0.169673173 0.522179392
JQ:/cc/c: 0.233051392 0.766948608 0.000000000
JQ:/cc/crr: 0.000000000 0.548514148 0.451485852
JQ:/cc/r: 0.251651414 0.097453426 0.650895160
JQ:/crc/c: 0.316360194 0.683639806 0.000000000
JQ:/crc/crr: 0.000000000 0.483132756 0.516867244
JQ:/crc/r: 0.349628826 0.223620328 0.426750846
JQ:/crrc/c: 0.379669808 0.620330192 0.000000000
JQ:/crrc/crr: 0.000000000 0.481821293 0.518178707
JQ:/crrc/r: 0.477860954 0.334057571 0.188081475
JQ:/rc/c: 0.408096583 0.591903417 0.000000000
JQ:/rc/crr: 0.000000000 0.368657570 0.631342430
JQ:/rc/r: 0.286717041 0.209856983 0.503425976
JQ:/rrc/c: 0.285184088 0.714815912 0.000000000
JQ:/rrc/crr: 0.000000000 0.299042363 0.700957637
JQ:/rrc/r: 0.377013908 0.114789977 0.508196115
K:/c: 0.873022007 0.126977993 0.000000000
K:/crr: 0.000000000 0.979153204 0.020846796
K:/r: 0.781567728 0.208178566 0.010253706
KJ:/cc/c: 0.598914439 0.401085561 0.000000000
KJ:/cc/crr: 0.000000000 0.765594328 0.234405672
KJ:/cc/r: 0.451135802 0.388085840 0.160778358
KJ:/crc/c: 0.707211672 0.292788328 0.000000000
KJ:/crc/crr: 0.000000000 0.870995436 0.129004564
KJ:/crc/r: 0.535028759 0.307732405 0.157238836
KJ:/crrc/c: 0.649361757 0.350638243 0.000000000
KJ:/crrc/crr: 0.000000000 0.866944140 0.133055860
KJ:/crrc/r: 0.568681431 0.295896764 0.135421805
KJ:/rc/c: 0.570011458 0.429988542 0.000000000
KJ:/rc/crr: 0.000000000 0.753485965 0.246514035
KJ:/rc/r: 0.577817833 0.248989334 0.173192833
KJ:/rrc/c: 0.750441188 0.249558812 0.000000000
KJ:/rrc/crr: 0.000000000 0.884747341 0.115252659
KJ:/rrc/r: 0.599841089 0.309115533 0.091043378
KK:/cc/c: 0.827055732 0.172944268 0.000000000
KK:/cc/crr: 0.000000000 0.838504410 0.161495590
KK:/cc/r: 0.761174150 0.143394348 0.095431502
KK:/crc/c: 0.861499793 0.138500207 0.000000000
KK:/crc/crr: 0.000000000 0.911022190 0.088977810
KK:/crc/r: 0.798163924 0.138300743 0.063535333
KK:/crrc/c: 0.889029414 0.110970586 0.000000000
KK:/crrc/crr: 0.000000000 0.944421279 0.055578721
KK:/crrc/r: 0.752248907 0.172052292 0.075698801
KK:/rc/c: 0.809310254 0.190689746 0.000000000
KK:/rc/crr: 0.000000000 0.848191326 0.151808674
KK:/rc/r: 0.722844279 0.182815904 0.094339818
KK:/rrc/c: 0.873814720 0.126185280 0.000000000
KK:/rrc/crr: 0.000000000 0.938038511 0.061961489
KK:/rrc/r: 0.772540964 0.180343821 0.047115215
KQ:/cc/c: 0.671949621 0.328050379 0.000000000
KQ:/cc/crr: 0.000000000 0.788699323 0.211300677
KQ:/cc/r: 0.561355837 0.309686675 0.128957488
KQ:/crc/c: 0.650815276 0.349184724 0.000000000
KQ:/crc/crr: 0.000000000 0.815714107 0.184285893
KQ:/crc/r: 0.478128620 0.355793101 0.166078280
KQ:/crrc/c: 0.654811583 0.345188417 0.000000000
KQ:/crrc/crr: 0.000000000 0.859258889 0.140741111
KQ:/crrc/r: 0.557068758 0.309453485 0.133477757
KQ:/rc/c: 0.487508578 0.512491422 0.000000000
KQ:/rc/crr: 0.000000000 0.758471804 0.241528196
KQ:/rc/r: 0.534147949 0.271930255 0.193921796
KQ:/rrc/c: 0.537666289 0.462333711 0.000000000
KQ:/rrc/crr: 0.000000000 0.865818648 0.134181352
KQ:/rrc/r: 0.560383878 0.303901414 0.135714708
Q:/c: 0.327278593 0.672721407 0.000000000
Q:/crr: 0.000000000 0.920704927 0.079295073
Q:/r: 0.371462418 0.477815311 0.150722271
QJ:/cc/c: 0.212039803 0.787960197 0.000000000
QJ:/cc/crr: 0.000000000 0.475806495 0.524193505
QJ:/cc/r: 0.191630010 0.195301325 0.613068665
QJ:/crc/c: 0.341392580 0.658607420 0.000000000
QJ:/crc/crr: 0.000000000 0.591959909 0.408040091
QJ:/crc/r: 0.491259853 0.159483923 0.349256223
QJ:/crrc/c: 0.408597530 0.591402470 0.000000000
QJ:/crrc/crr: 0.000000000 0.508295692 0.491704308
QJ:/crrc/r: 0.499538924 0.194722706 0.305738370
QJ:/rc/c: 0.285540580 0.714459420 0.000000000
QJ:/rc/crr: 0.000000000 0.389189336 0.610810664
QJ:/rc/r: 0.293736392 0.104882779 0.601380829
QJ:/rrc/c: 0.372557586 0.627442414 0.000000000
QJ:/rrc/crr: 0.000000000 0.503087571 0.496912429
QJ:/rrc/r: 0.311387602 0.214799138 0.473813260
QK:/cc/c: 0.750545659 0.249454341 0.000000000
QK:/cc/crr: 0.000000000 0.835191629 0.164808371
QK:/cc/r: 0.593748648 0.260510552 0.145740800
QK:/crc/c: 0.576727648 0.423272352 0.000000000
QK:/crc/crr: 0.000000000 0.754776294 0.245223706
QK:/crc/r: 0.447761405 0.328444187 0.223794408
QK:/crrc/c: 0.550329813 0.449670187 0.000000000
QK:/crrc/crr: 0.000000000 0.752354845 0.247645155
QK:/crrc/r: 0.631978341 0.204066902 0.163954757
QK:/rc/c: 0.619181832 0.380818168 0.000000000
QK:/rc/crr: 0.000000000 0.847493428 0.152506572
QK:/rc/r: 0.448812996 0.371802934 0.179384070
QK:/rrc/c: 0.545627449 0.454372551 0.000000000
QK:/rrc/crr: 0.000000000 0.792753098 0.207246902
QK:/rrc/r: 0.515035134 0.350091395 0.134873471
QQ:/cc/c: 0.941873341 0.058126659 0.000000000
QQ:/cc/crr: 0.000000000 0.939259668 0.060740332
QQ:/cc/r: 0.795718349 0.122395231 0.081886420
QQ:/crc/c: 0.781585889 0.218414111 0.000000000
QQ:/crc/crr: 0.000000000 0.806419192 0.193580808
QQ:/crc/r: 0.595043491 0.269868038 0.135088471
QQ:/crrc/c: 0.840727765 0.159272235 0.000000000
QQ:/crrc/crr: 0.000000000 0.896179387 0.103820613
QQ:/crrc/r: 0.752677685 0.180502965 0.066819350
QQ:/rc/c: 0.905697655 0.094302345 0.000000000
QQ:/rc/crr: 0.000000000 0.948815332 0.051184668
QQ:/rc/r: 0.774072633 0.138597356 0.087330010
QQ:/rrc/c: 0.852964980 0.147035020 0.000000000
QQ:/rrc/crr: 0.000000000 0.929369935 0.070630065
QQ:/rrc/r: 0.822250910 0.128280836 0.049468254
