J:/c: 0.178171962 0.821828038 0.000000000
J:/crr: 0.000000000 0.587171220 0.412828780
J:/r: 0.191530503 0.157626689 0.650842808
JJ:/cc/c: 0.934714531 0.065285469 0.000000000
JJ:/cc/crr: 0.000000000 0.940260910 0.059739090
JJ:/cc/r: 0.785735400 0.128778569 0.085486032
JJ:/crc/c: 0.732928356 0.267071644 0.000000000
JJ:/crc/crr: 0.000000000 0.834992485 0.165007515
JJ:/crc/r: 0.538091127 0.297999397 0.163909476
JJ:/crrc/c: 0.755910694 0.244089306 0.000000000
JJ:/crrc/crr: 0.000000000 0.850870530 0.149129470
JJ:/crrc/r: 0.563780044 0.295028711 0.141191245
JJ:/rc/c: 0.868425129 0.131574871 0.000000000
JJ:/rc/crr: 0.000000000 0.918782516 0.081217484
JJ:/rc/r: 0.779503873 0.152224996 0.068271131
JJ:/rrc/c: 0.832375166 0.167624834 0.000000000
JJ:/rrc/crr: 0.000000000 0.915587439 0.084412561
JJ:/rrc/r: 0.755674613 0.180578273 0.063747114
JK:/cc/c: 0.234378547 0.765621453 0.000000000
JK:/cc/crr: 0.000000000 0.466318301 0.533681699
JK:/cc/r: 0.191608832 0.167156167 0.641235001
JK:/crc/c: 0.366222821 0.633777179 0.000000000
JK:/crc/crr: 0.000000000 0.443769112 0.556230888
JK:/crc/r: 0.387417232 0.140643822 0.471938946
JK:/crrc/c: 0.398610513 0.601389487 0.000000000
JK:/crrc/crr: 0.000000000 0.673832041 0.326167959
JK:/crrc/r: 0.427269692 0.309005626 0.263724682
JK:/rc/c: 0.346889588 0.653110412 0.000000000
JK:/rc/crr: 0.000000000 0.407525104 0.592474896
JK:/rc/r: 0.296249938 0.251533820 0.452216242
JK:/rrc/c: 0.362069700 0.637930300 0.000000000
JK:/rrc/crr: 0.000000000 0.363103025 0.636896975
JK:/rrc/r: 0.303093598 0.166526824 0.530379578
JQ:/cc/c: 0.229936493 0.770063507 0.000000000
JQ:/cc/crr: 0.000000000 0.552295538 0.447704462
JQ:/cc/r: 0.244421764 0.094653703 0.660924533
JQ:/crc/c: 0.317711723 0.682288277 0.000000000
JQ:/crc/crr: 0.000000000 0.481319718 0.518680282
JQ:/crc/r: 0.349757807 0.221670294 0.428571899
JQ:/crrc/c: 0.374879650 0.625120350 0.000000000
JQ:/crrc/crr: 0.000000000 0.476482980 0.523517020
JQ:/crrc/r: 0.476961688 0.331713723 0.191324589
JQ:/rc/c: 0.398990518 0.601009482 0.000000000
JQ:/rc/crr: 0.000000000 0.362557270 0.637442730
JQ:/rc/r: 0.279932013 0.204867836 0.515200151
JQ:/rrc/c: 0.280973987 0.719026013 0.000000000
JQ:/rrc/crr: 0.000000000 0.296167619 0.703832381
JQ:/rrc/r: 0.371707979 0.113035898 0.515256123
K:/c: 0.878697929 0.121302071 0.000000000
K:/crr: 0.000000000 0.980198991 0.019801009
K:/r: 0.791935790 0.198334754 0.009729456
KJ:/cc/c: 0.601834759 0.398165241 0.000000000
KJ:/cc/crr: 0.000000000 0.769530695 0.230469305
KJ:/cc/r: 0.452683383 0.388027671 0.159288945
KJ:/crc/c: 0.712439872 0.287560128 0.000000000
KJ:/crc/crr: 0.000000000 0.874193042 0.125806958
KJ:/crc/r: 0.534976704 0.311440188 0.153583108
KJ:/crrc/c: 0.657624359 0.342375641 0.000000000
KJ:/crrc/crr: 0.000000000 0.870983276 0.129016724
KJ:/crrc/r: 0.569964459 0.297733072 0.132302469
KJ:/rc/c: 0.575518986 0.424481014 0.000000000
KJ:/rc/crr: 0.000000000 0.759863445 0.240136555
KJ:/rc/r: 0.579600782 0.249663708 0.170735510
KJ:/rrc/c: 0.754849329 0.245150671 0.000000000
KJ:/rrc/crr: 0.000000000 0.887742429 0.112257571
KJ:/rrc/r: 0.604720810 0.306048662 0.089230528
KK:/cc/c: 0.833040711 0.166959289 0.000000000
KK:/cc/crr: 0.000000000 0.843819822 0.156180178
KK:/cc/r: 0.768465630 0.139016443 0.092517928
KK:/crc/c: 0.868451420 0.131548580 0.000000000
KK:/crc/crr: 0.000000000 0.915953558 0.084046442
KK:/crc/r: 0.806855615 0.132345081 0.060799303
KK:/crrc/c: 0.894772395 0.105227605 0.000000000
KK:/crrc/crr: 0.000000000 0.947188331 0.052811669
KK:/crrc/r: 0.762752927 0.164758575 0.072488497
KK:/rc/c: 0.815528154 0.184471846 0.000000000
KK:/rc/crr: 0.000000000 0.852152833 0.147847167
KK:/rc/r: 0.730467735 0.177801254 0.091731011
KK:/rrc/c: 0.879850237 0.120149763 0.000000000
KK:/rrc/crr: 0.000000000 0.941036095 0.058963905
KK:/rrc/r: 0.781247583 0.173440666 0.045311751
KQ:/cc/c: 0.677091958 0.322908042 0.000000000
KQ:/cc/crr: 0.000000000 0.792018533 0.207981467
KQ:/cc/r: 0.558280007 0.314549468 0.127170526
KQ:/crc/c: 0.649161945 0.350838055 0.000000000
KQ:/crc/crr: 0.000000000 0.819402970 0.180597030
KQ:/crc/r: 0.480936881 0.355928651 0.163134468
KQ:/crrc/c: 0.658858917 0.341141083 0.000000000
KQ:/crrc/crr: 0.000000000 0.862533509 0.137466491
KQ:/crrc/r: 0.558068538 0.311222706 0.130708756
KQ:/rc/c: 0.489399103 0.510600897 0.000000000
KQ:/rc/crr: 0.000000000 0.763287567 0.236712433
KQ:/rc/r: 0.535048329 0.273388942 0.191562729
KQ:/rrc/c: 0.539458559 0.460541441 0.000000000
KQ:/rrc/crr: 0.000000000 0.868987462 0.131012538
KQ:/rrc/r: 0.564599007 0.302383051 0.133017942
Q:/c: 0.316544649 0.683455351 0.000000000
Q:/crr: 0.000000000 0.923552249 0.076447751
Q:/r: 0.368506166 0.470278425 0.161215410
QJ:/cc/c: 0.209399732 0.790600268 0.000000000
QJ:/cc/crr: 0.000000000 0.480972755 0.519027245
QJ:/cc/r: 0.186018028 0.189581827 0.624400144
QJ:/crc/c: 0.339493308 0.660506692 0.000000000
QJ:/crc/crr: 0.000000000 0.593177532 0.406822468
QJ:/crc/r: 0.489259836 0.159814285 0.350925878
QJ:/crrc/c: 0.408377908 0.591622092 0.000000000
QJ:/crrc/crr: 0.000000000 0.508038307 0.491961693
QJ:/crrc/r: 0.499821381 0.194538036 0.305640582
QJ:/rc/c: 0.275717831 0.724282169 0.000000000
QJ:/rc/crr: 0.000000000 0.381825002 0.618174998
QJ:/rc/r: 0.287057458 0.102455927 0.610486616
QJ:/rrc/c: 0.365384119 0.634615881 0.000000000
QJ:/rrc/crr: 0.000000000 0.495316052 0.504683948
QJ:/rrc/r: 0.305610274 0.210209429 0.484180298
QK:/cc/c: 0.756407511 0.243592489 0.000000000
QK:/cc/crr: 0.000000000 0.839999107 0.160000893
QK:/cc/r: 0.596506596 0.260905568 0.142587836
QK:/crc/c: 0.578201220 0.421798780 0.000000000
QK:/crc/crr: 0.000000000 0.761503655 0.238496345
QK:/crc/r: 0.449031115 0.329779367 0.221189518
QK:/crrc/c: 0.553020260 0.446979740 0.000000000
QK:/crrc/crr: 0.000000000 0.757125982 0.242874018
QK:/crrc/r: 0.631181273 0.207068421 0.161750306
QK:/rc/c: 0.619832283 0.380167717 0.000000000
QK:/rc/crr: 0.000000000 0.850698350 0.149301650
QK:/rc/r: 0.445998469 0.377143879 0.176857652
QK:/rrc/c: 0.543388812 0.456611188 0.000000000
QK:/rrc/crr: 0.000000000 0.796453832 0.203546168
QK:/rrc/r: 0.510382577 0.354942467 0.134674956
QQ:/cc/c: 0.944704805 0.055295195 0.000000000
QQ:/cc/crr: 0.000000000 0.942099417 0.057900583
QQ:/cc/r: 0.803668084 0.117632152 0.078699765
QQ:/crc/c: 0.790755439 0.209244561 0.000000000
QQ:/crc/crr: 0.000000000 0.812225020 0.187774980
QQ:/crc/r: 0.602737700 0.265687555 0.131574745
QQ:/crrc/c: 0.845525781 0.154474219 0.000000000
QQ:/crrc/crr: 0.000000000 0.900299101 0.099700899
QQ:/crrc/r: 0.759050106 0.175853036 0.065096858
QQ:/rc/c: 0.910868077 0.089131923 0.000000000
QQ:/rc/crr: 0.000000000 0.951592535 0.048407465
QQ:/rc/r: 0.784858845 0.131980449 0.083160706
QQ:/rrc/c: 0.860061279 0.139938721 0.000000000
QQ:/rrc/crr: 0.000000000 0.932580001 0.067419999
QQ:/rrc/r: 0.830312027 0.122463159 0.047224814
