J:/c: 0.180457456 0.819542544 0.000000000
J:/crr: 0.000000000 0.594624097 0.405375903
J:/r: 0.182371350 0.150613484 0.667015166
JJ:/cc/c: 0.937505267 0.062494733 0.000000000
JJ:/cc/crr: 0.000000000 0.942793534 0.057206466
JJ:/cc/r: 0.793674847 0.124006756 0.082318398
JJ:/crc/c: 0.742357236 0.257642764 0.000000000
JJ:/crc/crr: 0.000000000 0.840615532 0.159384468
JJ:/crc/r: 0.542921244 0.296921925 0.160156831
JJ:/crrc/c: 0.764882840 0.235117160 0.000000000
JJ:/crrc/crr: 0.000000000 0.855967515 0.144032485
JJ:/crrc/r: 0.570910031 0.291366051 0.137723918
JJ:/rc/c: 0.873719490 0.126280510 0.000000000
JJ:/rc/crr: 0.000000000 0.922302923 0.077697077
JJ:/rc/r: 0.787994740 0.146363114 0.065642146
JJ:/rrc/c: 0.840073839 0.159926161 0.000000000
JJ:/rrc/crr: 0.000000000 0.919132746 0.080867254
JJ:/rrc/r: 0.763315002 0.174931344 0.061753655
JK:/cc/c: 0.230600968 0.769399032 0.000000000
JK:/cc/crr: 0.000000000 0.463466059 0.536533941
JK:/cc/r: 0.186709334 0.162881931 0.650408736
JK:/crc/c: 0.362219593 0.637780407 0.000000000
JK:/crc/crr: 0.000000000 0.441500007 0.558499993
JK:/crc/r: 0.384312733 0.139736200 0.475951067
JK:/crrc/c: 0.394943482 0.605056518 0.000000000
JK:/crrc/crr: 0.000000000 0.669260205 0.330739795
JK:/crrc/r: 0.425475612 0.306939097 0.267585291
JK:/rc/c: 0.345173921 0.654826079 0.000000000
JK:/rc/crr: 0.000000000 0.404025854 0.595974146
JK:/rc/r: 0.291392928 0.246025913 0.462581159
JK:/rrc/c: 0.356895398 0.643104602 0.000000000
JK:/rrc/crr: 0.000000000 0.360267844 0.639732156
JK:/rrc/r: 0.297992502 0.163595437 0.538412061
JQ:/cc/c: 0.226501694 0.773498306 0.000000000
JQ:/cc/crr: 0.000000000 0.554450166 0.445549834
JQ:/cc/r: 0.238198771 0.092243814 0.669557414
JQ:/crc/c: 0.315355917 0.684644083 0.000000000
JQ:/crc/crr: 0.000000000 0.479503534 0.520496466
JQ:/crc/r: 0.351060068 0.219987330 0.428952602
JQ:/crrc/c: 0.372147489 0.627852511 0.000000000
JQ:/crrc/crr: 0.000000000 0.476969203 0.523030797
JQ:/crrc/r: 0.476226952 0.329380477 0.194392571
JQ:/rc/c: 0.390135121 0.609864879 0.000000000
JQ:/rc/crr: 0.000000000 0.357953909 0.642046091
JQ:/rc/r: 0.273373770 0.199863296 0.526762934
JQ:/rrc/c: 0.276016454 0.723983546 0.000000000
JQ:/rrc/crr: 0.000000000 0.292107861 0.707892139
JQ:/rrc/r: 0.365446166 0.111091834 0.523462000
K:/c: 0.884673569 0.115326431 0.000000000
K:/crr: 0.000000000 0.981074204 0.018925796
K:/r: 0.795328994 0.195315078 0.009355927
KJ:/cc/c: 0.605968449 0.394031551 0.000000000
KJ:/cc/crr: 0.000000000 0.773266833 0.226733167
KJ:/cc/r: 0.446509296 0.392730615 0.160760089
KJ:/crc/c: 0.718064494 0.281935506 0.000000000
KJ:/crc/crr: 0.000000000 0.877043629 0.122956371
KJ:/crc/r: 0.538220795 0.311183307 0.150595898
KJ:/crrc/c: 0.666518603 0.333481397 0.000000000
KJ:/crrc/crr: 0.000000000 0.874744862 0.125255138
KJ:/crrc/r: 0.572658153 0.297827358 0.129514490
KJ:/rc/c: 0.583605230 0.416394770 0.000000000
KJ:/rc/crr: 0.000000000 0.765216600 0.234783400
KJ:/rc/r: 0.583347597 0.248500509 0.168151894
KJ:/rrc/c: 0.758815242 0.241184758 0.000000000
KJ:/rrc/crr: 0.000000000 0.890266881 0.109733119
KJ:/rrc/r: 0.608391303 0.304043423 0.087565273
KK:/cc/c: 0.839779204 0.160220796 0.000000000
KK:/cc/crr: 0.000000000 0.849948558 0.150051442
KK:/cc/r: 0.774793285 0.135217231 0.089989484
KK:/crc/c: 0.874883414 0.125116586 0.000000000
KK:/crc/crr: 0.000000000 0.920211076 0.079788924
KK:/crc/r: 0.814105354 0.127377465 0.058517181
KK:/crrc/c: 0.899787824 0.100212176 0.000000000
KK:/crrc/crr: 0.000000000 0.949709466 0.050290534
KK:/crrc/r: 0.770656913 0.159269574 0.070073513
KK:/rc/c: 0.822736867 0.177263133 0.000000000
KK:/rc/crr: 0.000000000 0.857757305 0.142242695
KK:/rc/r: 0.737335532 0.173270802 0.089393666
KK:/rrc/c: 0.885443594 0.114556406 0.000000000
KK:/rrc/crr: 0.000000000 0.943438685 0.056561315
KK:/rrc/r: 0.789053644 0.167251531 0.043694826
KQ:/cc/c: 0.681928261 0.318071739 0.000000000
KQ:/cc/crr: 0.000000000 0.795515467 0.204484533
KQ:/cc/r: 0.550577921 0.323650891 0.125771188
KQ:/crc/c: 0.649317209 0.350682791 0.000000000
KQ:/crc/crr: 0.000000000 0.823100099 0.176899901
KQ:/crc/r: 0.480996906 0.358271761 0.160731333
KQ:/crrc/c: 0.660836891 0.339163109 0.000000000
KQ:/crrc/crr: 0.000000000 0.865322690 0.134677310
KQ:/crrc/r: 0.556681271 0.314988303 0.128330427
KQ:/rc/c: 0.494496942 0.505503058 0.000000000
KQ:/rc/crr: 0.000000000 0.767959518 0.232040482
KQ:/rc/r: 0.537273601 0.273772974 0.188953426
KQ:/rrc/c: 0.545715272 0.454284728 0.000000000
KQ:/rrc/crr: 0.000000000 0.872392949 0.127607051
KQ:/rrc/r: 0.569080504 0.300279936 0.130639560
Q:/c: 0.313815253 0.686184747 0.000000000
Q:/crr: 0.000000000 0.926168828 0.073831172
Q:/r: 0.351551885 0.479752268 0.168695847
QJ:/cc/c: 0.206618518 0.793381482 0.000000000
QJ:/cc/crr: 0.000000000 0.483508814 0.516491186
QJ:/cc/r: 0.181333639 0.184807693 0.633858668
QJ:/crc/c: 0.339464184 0.660535816 0.000000000
QJ:/crc/crr: 0.000000000 0.597630722 0.402369278
QJ:/crc/r: 0.489212659 0.160566378 0.350220963
QJ:/crrc/c: 0.408089573 0.591910427 0.000000000
QJ:/crrc/crr: 0.000000000 0.513292485 0.486707515
QJ:/crrc/r: 0.497899840 0.194558083 0.307542077
QJ:/rc/c: 0.268261868 0.731738132 0.000000000
QJ:/rc/crr: 0.000000000 0.377376723 0.622623277
QJ:/rc/r: 0.281273368 0.100380429 0.618346203
QJ:/rrc/c: 0.361306017 0.638693983 0.000000000
QJ:/rrc/crr: 0.000000000 0.484732581 0.515267419
QJ:/rrc/r: 0.299257609 0.205822534 0.494919857
QK:/cc/c: 0.761799322 0.238200678 0.000000000
QK:/cc/crr: 0.000000000 0.844360067 0.155639933
QK:/cc/r: 0.598062028 0.262284135 0.139653836
QK:/crc/c: 0.579138860 0.420861140 0.000000000
QK:/crc/crr: 0.000000000 0.766730224 0.233269776
QK:/crc/r: 0.451466373 0.329881427 0.218652200
QK:/crrc/c: 0.558466002 0.441533998 0.000000000
QK:/crrc/crr: 0.000000000 0.762174783 0.237825217
QK:/crrc/r: 0.631264495 0.209194532 0.159540973
QK:/rc/c: 0.618028965 0.381971035 0.000000000
QK:/rc/crr: 0.000000000 0.852943328 0.147056672
QK:/rc/r: 0.443668545 0.380257154 0.176074301
QK:/rrc/c: 0.540744040 0.459255960 0.000000000
QK:/rrc/crr: 0.000000000 0.798684910 0.201315090
QK:/rrc/r: 0.509381204 0.356683886 0.133934911
QQ:/cc/c: 0.947245384 0.052754616 0.000000000
QQ:/cc/crr: 0.000000000 0.944667330 0.055332670
QQ:/cc/r: 0.811120441 0.113167076 0.075712483
QQ:/crc/c: 0.796661634 0.203338366 0.000000000
QQ:/crc/crr: 0.000000000 0.818316153 0.181683847
QQ:/crc/r: 0.610350156 0.260737592 0.128912253
QQ:/crrc/c: 0.850273605 0.149726395 0.000000000
QQ:/crrc/crr: 0.000000000 0.903543293 0.096456707
QQ:/crrc/r: 0.764213560 0.172095381 0.063691059
QQ:/rc/c: 0.915490627 0.084509373 0.000000000
QQ:/rc/crr: 0.000000000 0.953909526 0.046090474
QQ:/rc/r: 0.794453421 0.126094563 0.079452017
QQ:/rrc/c: 0.866367020 0.133632980 0.000000000
QQ:/rrc/crr: 0.000000000 0.935585481 0.064414519
QQ:/rrc/r: 0.836699970 0.117853004 0.045447025
