J:/c: 0.188989782 0.811010218 0.000000000
J:/crr: 0.000000000 0.597366205 0.402633795
J:/r: 0.170761880 0.142632645 0.686605475
JJ:/cc/c: 0.942341062 0.057658938 0.000000000
JJ:/cc/crr: 0.000000000 0.947041013 0.052958987
JJ:/cc/r: 0.806618531 0.116227266 0.077154203
JJ:/crc/c: 0.758000436 0.241999564 0.000000000
JJ:/crc/crr: 0.000000000 0.851265551 0.148734449
JJ:/crc/r: 0.554521670 0.292130447 0.153347883
JJ:/crrc/c: 0.779245698 0.220754302 0.000000000
JJ:/crrc/crr: 0.000000000 0.867674868 0.132325132
JJ:/crrc/r: 0.580835778 0.286690233 0.132473988
JJ:/rc/c: 0.883207561 0.116792439 0.000000000
JJ:/rc/crr: 0.000000000 0.927986352 0.072013648
JJ:/rc/r: 0.802038496 0.136667657 0.061293847
JJ:/rrc/c: 0.850238153 0.149761847 0.000000000
JJ:/rrc/crr: 0.000000000 0.924404841 0.075595159
JJ:/rrc/r: 0.777015109 0.164805741 0.058179150
JK:/cc/c: 0.222915068 0.777084932 0.000000000
JK:/cc/crr: 0.000000000 0.457315165 0.542684835
JK:/cc/r: 0.178346117 0.155586008 0.666067876
JK:/crc/c: 0.351564867 0.648435133 0.000000000
JK:/crc/crr: 0.000000000 0.439391408 0.560608592
JK:/crc/r: 0.378525269 0.137252639 0.484222092
JK:/crrc/c: 0.396829976 0.603170024 0.000000000
JK:/crrc/crr: 0.000000000 0.660988533 0.339011467
JK:/crrc/r: 0.422715838 0.302077587 0.275206575
JK:/rc/c: 0.336206213 0.663793787 0.000000000
JK:/rc/crr: 0.000000000 0.398545953 0.601454047
JK:/rc/r: 0.281653338 0.236514064 0.481832597
JK:/rrc/c: 0.354759349 0.645240651 0.000000000
JK:/rrc/crr: 0.000000000 0.357353743 0.642646257
JK:/rrc/r: 0.290192991 0.158980464 0.550826546
JQ:/cc/c: 0.221011187 0.778988813 0.000000000
JQ:/cc/crr: 0.000000000 0.561534845 0.438465155
JQ:/cc/r: 0.227026409 0.087917254 0.685056337
JQ:/crc/c: 0.314245185 0.685754815 0.000000000
JQ:/crc/crr: 0.000000000 0.474192556 0.525807444
JQ:/crc/r: 0.349620814 0.216546137 0.433833049
JQ:/crrc/c: 0.369858394 0.630141606 0.000000000
JQ:/crrc/crr: 0.000000000 0.481401368 0.518598632
JQ:/crrc/r: 0.472477879 0.327227274 0.200294847
JQ:/rc/c: 0.377281086 0.622718914 0.000000000
JQ:/rc/crr: 0.000000000 0.351380553 0.648619447
JQ:/rc/r: 0.264005999 0.192648598 0.543345403
JQ:/rrc/c: 0.269338112 0.730661888 0.000000000
JQ:/rrc/crr: 0.000000000 0.286947229 0.713052771
JQ:/rrc/r: 0.354863491 0.107770120 0.537366389
K:/c: 0.893844547 0.106155453 0.000000000
K:/crr: 0.000000000 0.982516555 0.017483445
K:/r: 0.808990211 0.182402105 0.008607684
KJ:/cc/c: 0.613099217 0.386900783 0.000000000
KJ:/cc/crr: 0.000000000 0.778999271 0.221000729
KJ:/cc/r: 0.442217502 0.396139069 0.161643428
KJ:/crc/c: 0.728616109 0.271383891 0.000000000
KJ:/crc/crr: 0.000000000 0.882700899 0.117299101
KJ:/crc/r: 0.543898738 0.310459064 0.145642198
KJ:/crrc/c: 0.678863286 0.321136714 0.000000000
KJ:/crrc/crr: 0.000000000 0.880714120 0.119285880
KJ:/crrc/r: 0.579671462 0.295375038 0.124953499
KJ:/rc/c: 0.590553626 0.409446374 0.000000000
KJ:/rc/crr: 0.000000000 0.774079691 0.225920309
KJ:/rc/r: 0.581636011 0.254509149 0.163854841
KJ:/rrc/c: 0.766475923 0.233524077 0.000000000
KJ:/rrc/crr: 0.000000000 0.894536402 0.105463598
KJ:/rrc/r: 0.614704982 0.300737594 0.084557424
KK:/cc/c: 0.849891017 0.150108983 0.000000000
KK:/cc/crr: 0.000000000 0.859213948 0.140786052
KK:/cc/r: 0.785920193 0.128536481 0.085543326
KK:/crc/c: 0.885605750 0.114394250 0.000000000
KK:/crc/crr: 0.000000000 0.927886473 0.072113527
KK:/crc/r: 0.826382675 0.118964882 0.054652443
KK:/crrc/c: 0.907808709 0.092191291 0.000000000
KK:/crrc/crr: 0.000000000 0.953702836 0.046297164
KK:/crrc/r: 0.784926249 0.149360093 0.065713658
KK:/rc/c: 0.832050479 0.167949521 0.000000000
KK:/rc/crr: 0.000000000 0.864266699 0.135733301
KK:/rc/r: 0.750431017 0.164650150 0.084918833
KK:/rrc/c: 0.894179483 0.105820517 0.000000000
KK:/rrc/crr: 0.000000000 0.947423285 0.052576715
KK:/rrc/r: 0.802100944 0.156906811 0.040992245
KQ:/cc/c: 0.689698442 0.310301558 0.000000000
KQ:/cc/crr: 0.000000000 0.801306363 0.198693637
KQ:/cc/r: 0.547728692 0.328397373 0.123873935
KQ:/crc/c: 0.652705581 0.347294419 0.000000000
KQ:/crc/crr: 0.000000000 0.828528588 0.171471412
KQ:/crc/r: 0.477922098 0.365763679 0.156314223
KQ:/crrc/c: 0.669086247 0.330913753 0.000000000
KQ:/crrc/crr: 0.000000000 0.870752624 0.129247376
KQ:/crrc/r: 0.557264443 0.318410018 0.124325539
KQ:/rc/c: 0.496789316 0.503210684 0.000000000
KQ:/rc/crr: 0.000000000 0.774062569 0.225937431
KQ:/rc/r: 0.540955291 0.273856327 0.185188382
KQ:/rrc/c: 0.551662014 0.448337986 0.000000000
KQ:/rrc/crr: 0.000000000 0.877560508 0.122439492
KQ:/rrc/r: 0.576656373 0.296757218 0.126586409
Q:/c: 0.305369473 0.694630527 0.000000000
Q:/crr: 0.000000000 0.930629192 0.069370808
Q:/r: 0.327877735 0.480566795 0.191555470
QJ:/cc/c: 0.202106751 0.797893249 0.000000000
QJ:/cc/crr: 0.000000000 0.482497053 0.517502947
QJ:/cc/r: 0.173369761 0.176691240 0.649938999
QJ:/crc/c: 0.339744318 0.660255682 0.000000000
QJ:/crc/crr: 0.000000000 0.600743714 0.399256286
QJ:/crc/r: 0.493684484 0.159233639 0.347081877
QJ:/crrc/c: 0.416036471 0.583963529 0.000000000
QJ:/crrc/crr: 0.000000000 0.519516202 0.480483798
QJ:/crrc/r: 0.494757228 0.192771358 0.312471414
QJ:/rc/c: 0.257285963 0.742714037 0.000000000
QJ:/rc/crr: 0.000000000 0.378132482 0.621867518
QJ:/rc/r: 0.271098903 0.096551090 0.632350007
QJ:/rrc/c: 0.354177267 0.645822733 0.000000000
QJ:/rrc/crr: 0.000000000 0.474511558 0.525488442
QJ:/rrc/r: 0.288878549 0.198405654 0.512715796
QK:/cc/c: 0.770718846 0.229281154 0.000000000
QK:/cc/crr: 0.000000000 0.851538737 0.148461263
QK:/cc/r: 0.603550301 0.261563089 0.134886610
QK:/crc/c: 0.580303072 0.419696928 0.000000000
QK:/crc/crr: 0.000000000 0.777024716 0.222975284
QK:/crc/r: 0.459778967 0.326080807 0.214140226
QK:/crrc/c: 0.566298757 0.433701243 0.000000000
QK:/crrc/crr: 0.000000000 0.770510634 0.229489366
QK:/crrc/r: 0.634675540 0.209515864 0.155808597
QK:/rc/c: 0.618736825 0.381263175 0.000000000
QK:/rc/crr: 0.000000000 0.857329268 0.142670732
QK:/rc/r: 0.443538884 0.383252090 0.173209025
QK:/rrc/c: 0.542803341 0.457196659 0.000000000
QK:/rrc/crr: 0.000000000 0.803596172 0.196403828
QK:/rrc/r: 0.505685934 0.361065254 0.133248812
QQ:/cc/c: 0.951317695 0.048682305 0.000000000
QQ:/cc/crr: 0.000000000 0.948745396 0.051254604
QQ:/cc/r: 0.823733312 0.105610082 0.070656606
QQ:/crc/c: 0.806816428 0.193183572 0.000000000
QQ:/crc/crr: 0.000000000 0.826434606 0.173565394
QQ:/crc/r: 0.626476345 0.250090067 0.123433588
QQ:/crrc/c: 0.858469216 0.141530784 0.000000000
QQ:/crrc/crr: 0.000000000 0.909030252 0.090969748
QQ:/crrc/r: 0.775198386 0.164079634 0.060721980
QQ:/rc/c: 0.923074948 0.076925052 0.000000000
QQ:/rc/crr: 0.000000000 0.958098674 0.041901326
QQ:/rc/r: 0.810105762 0.116492481 0.073401758
QQ:/rrc/c: 0.876157516 0.123842484 0.000000000
QQ:/rrc/crr: 0.000000000 0.940196411 0.059803589
QQ:/rrc/r: 0.847178259 0.110290863 0.042530877
