J:/c: 0.179944994 0.820055006 0.000000000
J:/crr: 0.000000000 0.577871770 0.422128230
J:/r: 0.159086735 0.136956205 0.703957060
JJ:/cc/c: 0.946135328 0.053864672 0.000000000
JJ:/cc/crr: 0.000000000 0.950248220 0.049751780
JJ:/cc/r: 0.817302280 0.109806057 0.072891663
JJ:/crc/c: 0.770540060 0.229459940 0.000000000
JJ:/crc/crr: 0.000000000 0.858187295 0.141812705
JJ:/crc/r: 0.561677546 0.290069059 0.148253395
JJ:/crrc/c: 0.789370824 0.210629176 0.000000000
JJ:/crrc/crr: 0.000000000 0.875124911 0.124875089
JJ:/crrc/r: 0.592311017 0.279834410 0.127854573
JJ:/rc/c: 0.889761661 0.110238339 0.000000000
JJ:/rc/crr: 0.000000000 0.931927812 0.068072188
JJ:/rc/r: 0.813950850 0.128443667 0.057605483
JJ:/rrc/c: 0.858776080 0.141223920 0.000000000
JJ:/rrc/crr: 0.000000000 0.928642941 0.071357059
JJ:/rrc/r: 0.787465740 0.157081792 0.055452468
JK:/cc/c: 0.216670048 0.783329952 0.000000000
JK:/cc/crr: 0.000000000 0.448623100 0.551376900
JK:/cc/r: 0.171046106 0.149217607 0.679736288
JK:/crc/c: 0.348799467 0.651200533 0.000000000
JK:/crc/crr: 0.000000000 0.435551073 0.564448927
JK:/crc/r: 0.371397295 0.134876485 0.493726220
JK:/crrc/c: 0.394819873 0.605180127 0.000000000
JK:/crrc/crr: 0.000000000 0.653688210 0.346311790
JK:/crrc/r: 0.417811519 0.297459506 0.284728975
JK:/rc/c: 0.326710114 0.673289886 0.000000000
JK:/rc/crr: 0.000000000 0.389471838 0.610528162
JK:/rc/r: 0.272399287 0.228496767 0.499103946
JK:/rrc/c: 0.351483960 0.648516040 0.000000000
JK:/rrc/crr: 0.000000000 0.350864947 0.649135053
JK:/rrc/r: 0.281636252 0.154267082 0.564096666
JQ:/cc/c: 0.217226185 0.782773815 0.000000000
JQ:/cc/crr: 0.000000000 0.565666795 0.434333205
JQ:/cc/r: 0.217965129 0.084408222 0.697626649
JQ:/crc/c: 0.312094741 0.687905259 0.000000000
JQ:/crc/crr: 0.000000000 0.469360101 0.530639899
JQ:/crc/r: 0.344519574 0.213130570 0.442349855
JQ:/crrc/c: 0.365417587 0.634582413 0.000000000
JQ:/crrc/crr: 0.000000000 0.480147396 0.519852604
JQ:/crrc/r: 0.465971747 0.322653797 0.211374456
JQ:/rc/c: 0.369733773 0.630266227 0.000000000
JQ:/rc/crr: 0.000000000 0.346781944 0.653218056
JQ:/rc/r: 0.257195368 0.186841350 0.555963282
JQ:/rrc/c: 0.263942199 0.736057801 0.000000000
JQ:/rrc/crr: 0.000000000 0.282155895 0.717844105
JQ:/rrc/r: 0.346499380 0.105203327 0.548297292
K:/c: 0.900300098 0.099699902 0.000000000
K:/crr: 0.000000000 0.983678183 0.016321817
K:/r: 0.818488431 0.173397555 0.008114014
KJ:/cc/c: 0.619795916 0.380204084 0.000000000
KJ:/cc/crr: 0.000000000 0.784557710 0.215442290
KJ:/cc/r: 0.439681273 0.399475044 0.160843684
KJ:/crc/c: 0.738044183 0.261955817 0.000000000
KJ:/crc/crr: 0.000000000 0.887250462 0.112749538
KJ:/crc/r: 0.546708529 0.311907082 0.141384389
KJ:/crrc/c: 0.688197767 0.311802233 0.000000000
KJ:/crrc/crr: 0.000000000 0.885965344 0.114034656
KJ:/crrc/r: 0.583837215 0.294833044 0.121329741
KJ:/rc/c: 0.599686370 0.400313630 0.000000000
KJ:/rc/crr: 0.000000000 0.780036598 0.219963402
KJ:/rc/r: 0.584307928 0.255234187 0.160457885
KJ:/rrc/c: 0.771657345 0.228342655 0.000000000
KJ:/rrc/crr: 0.000000000 0.897971882 0.102028118
KJ:/rrc/r: 0.620080337 0.297915087 0.082004576
KK:/cc/c: 0.856823159 0.143176841 0.000000000
KK:/cc/crr: 0.000000000 0.866281538 0.133718462
KK:/cc/r: 0.795756922 0.122630373 0.081612705
KK:/crc/c: 0.894426907 0.105573093 0.000000000
KK:/crc/crr: 0.000000000 0.933516065 0.066483935
KK:/crc/r: 0.836764968 0.111850798 0.051384234
KK:/crrc/c: 0.914398581 0.085601419 0.000000000
KK:/crrc/crr: 0.000000000 0.956922196 0.043077804
KK:/crrc/r: 0.797537398 0.140602156 0.061860446
KK:/rc/c: 0.840793802 0.159206198 0.000000000
KK:/rc/crr: 0.000000000 0.871233475 0.128766525
KK:/rc/r: 0.760284080 0.158156238 0.081559682
KK:/rrc/c: 0.901262063 0.098737937 0.000000000
KK:/rrc/crr: 0.000000000 0.950713254 0.049286746
KK:/rrc/r: 0.813218770 0.148091900 0.038689330
KQ:/cc/c: 0.694563549 0.305436451 0.000000000
KQ:/cc/crr: 0.000000000 0.805445771 0.194554229
KQ:/cc/r: 0.546504964 0.331258987 0.122236049
KQ:/crc/c: 0.655715809 0.344284191 0.000000000
KQ:/crc/crr: 0.000000000 0.834160284 0.165839716
KQ:/crc/r: 0.477919550 0.369376027 0.152704422
KQ:/crrc/c: 0.673584925 0.326415075 0.000000000
KQ:/crrc/crr: 0.000000000 0.874829251 0.125170749
KQ:/crrc/r: 0.561205381 0.317369170 0.121425449
KQ:/rc/c: 0.501669904 0.498330096 0.000000000
KQ:/rc/crr: 0.000000000 0.778651395 0.221348605
KQ:/rc/r: 0.542470857 0.276028062 0.181501081
KQ:/rrc/c: 0.559899011 0.440100989 0.000000000
KQ:/rrc/crr: 0.000000000 0.882164997 0.117835003
KQ:/rrc/r: 0.578951233 0.298047338 0.123001428
Q:/c: 0.292181297 0.707818703 0.000000000
Q:/crr: 0.000000000 0.933965588 0.066034412
Q:/r: 0.309932101 0.478318113 0.211749786
QJ:/cc/c: 0.198138996 0.801861004 0.000000000
QJ:/cc/crr: 0.000000000 0.488367589 0.511632411
QJ:/cc/r: 0.166323194 0.169509100 0.664167705
QJ:/crc/c: 0.342346056 0.657653944 0.000000000
QJ:/crc/crr: 0.000000000 0.606685422 0.393314578
QJ:/crc/r: 0.498043443 0.158208191 0.343748365
QJ:/crrc/c: 0.417415617 0.582584383 0.000000000
QJ:/crrc/crr: 0.000000000 0.527038854 0.472961146
QJ:/crrc/r: 0.495174044 0.192547097 0.312278860
QJ:/rc/c: 0.247143978 0.752856022 0.000000000
QJ:/rc/crr: 0.000000000 0.374161468 0.625838532
QJ:/rc/r: 0.260403982 0.092715468 0.646880550
QJ:/rrc/c: 0.350027069 0.649972931 0.000000000
QJ:/rrc/crr: 0.000000000 0.461100609 0.538899391
QJ:/rrc/r: 0.280712573 0.192715521 0.526571907
QK:/cc/c: 0.778329648 0.221670352 0.000000000
QK:/cc/crr: 0.000000000 0.857320588 0.142679412
QK:/cc/r: 0.607049184 0.262074827 0.130875989
QK:/crc/c: 0.580764575 0.419235425 0.000000000
QK:/crc/crr: 0.000000000 0.783993632 0.216006368
QK:/crc/r: 0.465082914 0.324664219 0.210252867
QK:/crrc/c: 0.571475973 0.428524027 0.000000000
QK:/crrc/crr: 0.000000000 0.775600036 0.224399964
QK:/crrc/r: 0.634208472 0.213083352 0.152708176
QK:/rc/c: 0.623990933 0.376009067 0.000000000
QK:/rc/crr: 0.000000000 0.861770189 0.138229811
QK:/rc/r: 0.436390927 0.389627721 0.173981353
QK:/rrc/c: 0.546712563 0.453287437 0.000000000
QK:/rrc/crr: 0.000000000 0.807808664 0.192191336
QK:/rrc/r: 0.500555801 0.365168008 0.134276191
QQ:/cc/c: 0.954625978 0.045374022 0.000000000
QQ:/cc/crr: 0.000000000 0.952192587 0.047807413
QQ:/cc/r: 0.833906274 0.099514958 0.066578768
QQ:/crc/c: 0.815418588 0.184581412 0.000000000
QQ:/crc/crr: 0.000000000 0.833850018 0.166149982
QQ:/crc/r: 0.637100786 0.243020075 0.119879139
QQ:/crrc/c: 0.864689502 0.135310498 0.000000000
QQ:/crrc/crr: 0.000000000 0.913370635 0.086629365
QQ:/crrc/r: 0.784096205 0.157585237 0.058318558
QQ:/rc/c: 0.929044187 0.070955813 0.000000000
QQ:/rc/crr: 0.000000000 0.961392218 0.038607782
QQ:/rc/r: 0.822810845 0.108698423 0.068490732
QQ:/rrc/c: 0.884003947 0.115996053 0.000000000
QQ:/rrc/crr: 0.000000000 0.943706711 0.056293289
QQ:/rrc/r: 0.855542279 0.104254582 0.040203138
