J:/c: 0.174323652 0.825676348 0.000000000
J:/crr: 0.000000000 0.579588292 0.420411708
J:/r: 0.149064720 0.133719054 0.717216226
JJ:/cc/c: 0.949213764 0.050786236 0.000000000
JJ:/cc/crr: 0.000000000 0.952966058 0.047033942
JJ:/cc/r: 0.826624613 0.104203093 0.069172293
JJ:/crc/c: 0.780687405 0.219312595 0.000000000
JJ:/crc/crr: 0.000000000 0.865272873 0.134727127
JJ:/crc/r: 0.569166252 0.286628130 0.144205618
JJ:/crrc/c: 0.798550868 0.201449132 0.000000000
JJ:/crrc/crr: 0.000000000 0.880877185 0.119122815
JJ:/crrc/r: 0.601165662 0.274883555 0.123950783
JJ:/rc/c: 0.895130938 0.104869062 0.000000000
JJ:/rc/crr: 0.000000000 0.935515718 0.064484282
JJ:/rc/r: 0.823782686 0.121656014 0.054561300
JJ:/rrc/c: 0.865801486 0.134198514 0.000000000
JJ:/rrc/crr: 0.000000000 0.932508676 0.067491324
JJ:/rrc/r: 0.795928650 0.150826946 0.053244404
JK:/cc/c: 0.210918959 0.789081041 0.000000000
JK:/cc/crr: 0.000000000 0.442302679 0.557697321
JK:/cc/r: 0.165268906 0.144177680 0.690553414
JK:/crc/c: 0.342063460 0.657936540 0.000000000
JK:/crc/crr: 0.000000000 0.432246158 0.567753842
JK:/crc/r: 0.366317195 0.132431588 0.501251217
JK:/crrc/c: 0.388563219 0.611436781 0.000000000
JK:/crrc/crr: 0.000000000 0.645187463 0.354812537
JK:/crrc/r: 0.417116818 0.292922198 0.289960984
JK:/rc/c: 0.322119721 0.677880279 0.000000000
JK:/rc/crr: 0.000000000 0.383681981 0.616318019
JK:/rc/r: 0.263364548 0.220403363 0.516232088
JK:/rrc/c: 0.346641060 0.653358940 0.000000000
JK:/rrc/crr: 0.000000000 0.345693754 0.654306246
JK:/rrc/r: 0.274217090 0.150140873 0.575642037
JQ:/cc/c: 0.213803954 0.786196046 0.000000000
JQ:/cc/crr: 0.000000000 0.571458624 0.428541376
JQ:/cc/r: 0.210593359 0.081553463 0.707853178
JQ:/crc/c: 0.316243057 0.683756943 0.000000000
JQ:/crc/crr: 0.000000000 0.468452412 0.531547588
JQ:/crc/r: 0.340763525 0.210731302 0.448505173
JQ:/crrc/c: 0.360580867 0.639419133 0.000000000
JQ:/crrc/crr: 0.000000000 0.484797333 0.515202667
JQ:/crrc/r: 0.466061965 0.318749337 0.215188698
JQ:/rc/c: 0.359624445 0.640375555 0.000000000
JQ:/rc/crr: 0.000000000 0.338607347 0.661392653
JQ:/rc/r: 0.250621618 0.181605429 0.567772953
JQ:/rrc/c: 0.258849676 0.741150324 0.000000000
JQ:/rrc/crr: 0.000000000 0.277306819 0.722693181
JQ:/rrc/r: 0.338968765 0.102864891 0.558166345
K:/c: 0.906256707 0.093743293 0.000000000
K:/crr: 0.000000000 0.984628106 0.015371894
K:/r: 0.827748829 0.164565174 0.007685997
KJ:/cc/c: 0.626766764 0.373233236 0.000000000
KJ:/cc/crr: 0.000000000 0.789137614 0.210862386
KJ:/cc/r: 0.438245606 0.400994744 0.160759651
KJ:/crc/c: 0.744626734 0.255373266 0.000000000
KJ:/crc/crr: 0.000000000 0.890767736 0.109232264
KJ:/crc/r: 0.548125166 0.314296515 0.137578319
KJ:/crrc/c: 0.697832804 0.302167196 0.000000000
KJ:/crrc/crr: 0.000000000 0.890233184 0.109766816
KJ:/crrc/r: 0.585997791 0.295814284 0.118187926
KJ:/rc/c: 0.605869550 0.394130450 0.000000000
KJ:/rc/crr: 0.000000000 0.785663509 0.214336491
KJ:/rc/r: 0.589672225 0.252738589 0.157589186
KJ:/rrc/c: 0.774598494 0.225401506 0.000000000
KJ:/rrc/crr: 0.000000000 0.901197738 0.098802262
KJ:/rrc/r: 0.626744327 0.293272780 0.079982893
KK:/cc/c: 0.863242864 0.136757136 0.000000000
KK:/cc/crr: 0.000000000 0.872690600 0.127309400
KK:/cc/r: 0.804113280 0.117613100 0.078273620
KK:/crc/c: 0.901045844 0.098954156 0.000000000
KK:/crc/crr: 0.000000000 0.937898031 0.062101969
KK:/crc/r: 0.845366139 0.105957162 0.048676699
KK:/crrc/c: 0.920006563 0.079993437 0.000000000
KK:/crrc/crr: 0.000000000 0.959657903 0.040342097
KK:/crrc/r: 0.807239170 0.133864664 0.058896166
KK:/rc/c: 0.845942274 0.154057726 0.000000000
KK:/rc/crr: 0.000000000 0.875581009 0.124418991
KK:/rc/r: 0.767954506 0.153095557 0.078949937
KK:/rrc/c: 0.907393100 0.092606900 0.000000000
KK:/rrc/crr: 0.000000000 0.953564624 0.046435376
KK:/rrc/r: 0.822652730 0.140612064 0.036735207
KQ:/cc/c: 0.699189721 0.300810279 0.000000000
KQ:/cc/crr: 0.000000000 0.809417829 0.190582171
KQ:/cc/r: 0.541170080 0.338391338 0.120438582
KQ:/crc/c: 0.660913861 0.339086139 0.000000000
KQ:/crc/crr: 0.000000000 0.838862296 0.161137704
KQ:/crc/r: 0.472112072 0.378521436 0.149366492
KQ:/crrc/c: 0.677067598 0.322932402 0.000000000
KQ:/crrc/crr: 0.000000000 0.878347999 0.121652001
KQ:/crrc/r: 0.558835753 0.322496988 0.118667259
KQ:/rc/c: 0.503178713 0.496821287 0.000000000
KQ:/rc/crr: 0.000000000 0.783926473 0.216073527
KQ:/rc/r: 0.544586643 0.276848240 0.178565118
KQ:/rrc/c: 0.559233537 0.440766463 0.000000000
KQ:/rrc/crr: 0.000000000 0.886064043 0.113935957
KQ:/rrc/r: 0.581128650 0.298992254 0.119879095
Q:/c: 0.280332230 0.719667770 0.000000000
Q:/crr: 0.000000000 0.936690237 0.063309763
Q:/r: 0.289206974 0.470852173 0.239940852
QJ:/cc/c: 0.195002919 0.804997081 0.000000000
QJ:/cc/crr: 0.000000000 0.490082037 0.509917963
QJ:/cc/r: 0.160347392 0.163418832 0.676233776
QJ:/crc/c: 0.348601387 0.651398613 0.000000000
QJ:/crc/crr: 0.000000000 0.612662610 0.387337390
QJ:/crc/r: 0.500156252 0.156921737 0.342922011
QJ:/crrc/c: 0.410963029 0.589036971 0.000000000
QJ:/crrc/crr: 0.000000000 0.526101337 0.473898663
QJ:/crrc/r: 0.493948834 0.191447968 0.314603198
QJ:/rc/c: 0.238717318 0.761282682 0.000000000
QJ:/rc/crr: 0.000000000 0.368814365 0.631185635
QJ:/rc/r: 0.252208032 0.089786508 0.658005460
QJ:/rrc/c: 0.345064919 0.654935081 0.000000000
QJ:/rrc/crr: 0.000000000 0.450922624 0.549077376
QJ:/rrc/r: 0.272804006 0.187286111 0.539909882
QK:/cc/c: 0.784836109 0.215163891 0.000000000
QK:/cc/crr: 0.000000000 0.862413593 0.137586407
QK:/cc/r: 0.611577940 0.261043457 0.127378603
QK:/crc/c: 0.583996773 0.416003227 0.000000000
QK:/crc/crr: 0.000000000 0.789321882 0.210678118
QK:/crc/r: 0.468250384 0.324574529 0.207175086
QK:/crrc/c: 0.574223574 0.425776426 0.000000000
QK:/crrc/crr: 0.000000000 0.780328453 0.219671547
QK:/crrc/r: 0.631624451 0.218649166 0.149726384
QK:/rc/c: 0.622190226 0.377809774 0.000000000
QK:/rc/crr: 0.000000000 0.865171144 0.134828856
QK:/rc/r: 0.429923302 0.395023007 0.175053691
QK:/rrc/c: 0.546227852 0.453772148 0.000000000
QK:/rrc/crr: 0.000000000 0.810602269 0.189397731
QK:/rrc/r: 0.489825712 0.373650678 0.136523610
QQ:/cc/c: 0.957149974 0.042850026 0.000000000
QQ:/cc/crr: 0.000000000 0.954803344 0.045196656
QQ:/cc/r: 0.842379816 0.094438040 0.063182144
QQ:/crc/c: 0.823329724 0.176670276 0.000000000
QQ:/crc/crr: 0.000000000 0.840389408 0.159610592
QQ:/crc/r: 0.646175950 0.236993687 0.116830363
QQ:/crrc/c: 0.871150447 0.128849553 0.000000000
QQ:/crrc/crr: 0.000000000 0.917448871 0.082551129
QQ:/crrc/r: 0.791632851 0.152084342 0.056282807
QQ:/rc/c: 0.933686054 0.066313946 0.000000000
QQ:/rc/crr: 0.000000000 0.963855380 0.036144620
QQ:/rc/r: 0.832897482 0.102510677 0.064591841
QQ:/rrc/c: 0.890145628 0.109854372 0.000000000
QQ:/rrc/crr: 0.000000000 0.946611575 0.053388425
QQ:/rrc/r: 0.862322373 0.099361415 0.038316212
