J:/c: 0.223361413 0.776638587 0.000000000
J:/crr: 0.000000000 0.589786633 0.410213367
J:/r: 0.091951736 0.127140044 0.780908220
JJ:/cc/c: 0.941945626 0.058054374 0.000000000
JJ:/cc/crr: 0.000000000 0.930789296 0.069210704
JJ:/cc/r: 0.857573457 0.081906123 0.060520421
JJ:/crc/c: 0.825759747 0.174240253 0.000000000
JJ:/crc/crr: 0.000000000 0.868445198 0.131554802
JJ:/crc/r: 0.663911807 0.224540783 0.111547410
JJ:/crrc/c: 0.747691537 0.252308463 0.000000000
JJ:/crrc/crr: 0.000000000 0.850305853 0.149694147
JJ:/crrc/r: 0.554108958 0.341496589 0.104394453
JJ:/rc/c: 0.851782456 0.148217544 0.000000000
JJ:/rc/crr: 0.000000000 0.899624371 0.100375629
JJ:/rc/r: 0.834718195 0.105118258 0.060163548
JJ:/rrc/c: 0.868825193 0.131174807 0.000000000
JJ:/rrc/crr: 0.000000000 0.932821592 0.067178408
JJ:/rrc/r: 0.809666560 0.129919589 0.060413851
JK:/cc/c: 0.198918488 0.801081512 0.000000000
JK:/cc/crr: 0.000000000 0.392892546 0.607107454
JK:/cc/r: 0.147933157 0.135739885 0.716326958
JK:/crc/c: 0.277692461 0.722307539 0.000000000
JK:/crc/crr: 0.000000000 0.375385712 0.624614288
JK:/crc/r: 0.342515954 0.152883741 0.504600306
JK:/crrc/c: 0.297646809 0.702353191 0.000000000
JK:/crrc/crr: 0.000000000 0.498545154 0.501454846
JK:/crrc/r: 0.401990226 0.179824148 0.418185626
JK:/rc/c: 0.312961881 0.687038119 0.000000000
JK:/rc/crr: 0.000000000 0.483059788 0.516940212
JK:/rc/r: 0.253496337 0.149489646 0.597014017
JK:/rrc/c: 0.333756124 0.666243876 0.000000000
JK:/rrc/crr: 0.000000000 0.436314643 0.563685357
JK:/rrc/r: 0.281911754 0.178210811 0.539877434
JQ:/cc/c: 0.204202508 0.795797492 0.000000000
JQ:/cc/crr: 0.000000000 0.465878308 0.534121692
JQ:/cc/r: 0.167902254 0.096891589 0.735206157
JQ:/crc/c: 0.379558276 0.620441724 0.000000000
JQ:/crc/crr: 0.000000000 0.586471142 0.413528858
JQ:/crc/r: 0.265384956 0.236629859 0.497985185
JQ:/crrc/c: 0.366761552 0.633238448 0.000000000
JQ:/crrc/crr: 0.000000000 0.387043653 0.612956347
JQ:/crrc/r: 0.444009598 0.168607000 0.387383402
JQ:/rc/c: 0.231522503 0.768477497 0.000000000
JQ:/rc/crr: 0.000000000 0.305708213 0.694291787
JQ:/rc/r: 0.252777513 0.185342872 0.561879615
JQ:/rrc/c: 0.318134826 0.681865174 0.000000000
JQ:/rrc/crr: 0.000000000 0.358404335 0.641595665
JQ:/rrc/r: 0.267374793 0.142861519 0.589763688
K:/c: 0.803152619 0.196847381 0.000000000
K:/crr: 0.000000000 0.975799860 0.024200140
K:/r: 0.697760847 0.286778478 0.015460675
KJ:/cc/c: 0.709135937 0.290864063 0.000000000
KJ:/cc/crr: 0.000000000 0.862290737 0.137709263
KJ:/cc/r: 0.389260458 0.350971479 0.259768063
KJ:/crc/c: 0.710260727 0.289739273 0.000000000
KJ:/crc/crr: 0.000000000 0.833412966 0.166587034
KJ:/crc/r: 0.541931096 0.298843997 0.159224907
KJ:/crrc/c: 0.667833666 0.332166334 0.000000000
KJ:/crrc/crr: 0.000000000 0.856386940 0.143613060
KJ:/crrc/r: 0.591447759 0.285811005 0.122741236
KJ:/rc/c: 0.672709287 0.327290713 0.000000000
KJ:/rc/crr: 0.000000000 0.862146120 0.137853880
KJ:/rc/r: 0.575274045 0.298326004 0.126399952
KJ:/rrc/c: 0.670375335 0.329624665 0.000000000
KJ:/rrc/crr: 0.000000000 0.905355879 0.094644121
KJ:/rrc/r: 0.576714018 0.293498467 0.129787515
KK:/cc/c: 0.934252640 0.065747360 0.000000000
KK:/cc/crr: 0.000000000 0.944959989 0.055040011
KK:/cc/r: 0.862523720 0.081498082 0.055978198
KK:/crc/c: 0.939397369 0.060602631 0.000000000
KK:/crc/crr: 0.000000000 0.941109509 0.058890491
KK:/crc/r: 0.793432610 0.135257373 0.071310017
KK:/crrc/c: 0.893268929 0.106731071 0.000000000
KK:/crrc/crr: 0.000000000 0.935066271 0.064933729
KK:/crrc/r: 0.825957295 0.121008355 0.053034351
KK:/rc/c: 0.881263046 0.118736954 0.000000000
KK:/rc/crr: 0.000000000 0.927117745 0.072882255
KK:/rc/r: 0.830079197 0.108005965 0.061914838
KK:/rrc/c: 0.910950064 0.089049936 0.000000000
KK:/rrc/crr: 0.000000000 0.957437563 0.042562437
KK:/rrc/r: 0.797830361 0.147058677 0.055110962
KQ:/cc/c: 0.685569692 0.314430308 0.000000000
KQ:/cc/crr: 0.000000000 0.825758729 0.174241271
KQ:/cc/r: 0.504588884 0.333655236 0.161755880
KQ:/crc/c: 0.600384940 0.399615060 0.000000000
KQ:/crc/crr: 0.000000000 0.830637430 0.169362570
KQ:/crc/r: 0.424256897 0.412896467 0.162846635
KQ:/crrc/c: 0.598385719 0.401614281 0.000000000
KQ:/crrc/crr: 0.000000000 0.871279293 0.128720707
KQ:/crrc/r: 0.496910145 0.347787767 0.155302088
KQ:/rc/c: 0.551999875 0.448000125 0.000000000
KQ:/rc/crr: 0.000000000 0.811092802 0.188907198
KQ:/rc/r: 0.517878827 0.353395274 0.128725899
KQ:/rrc/c: 0.561243044 0.438756956 0.000000000
KQ:/rrc/crr: 0.000000000 0.878820668 0.121179332
KQ:/rrc/r: 0.525050100 0.339632980 0.135316920
Q:/c: 0.242233180 0.757766820 0.000000000
Q:/crr: 0.000000000 0.936905823 0.063094177
Q:/r: 0.223085903 0.339892553 0.437021544
QJ:/cc/c: 0.246518645 0.753481355 0.000000000
QJ:/cc/crr: 0.000000000 0.335192835 0.664807165
QJ:/cc/r: 0.179473821 0.114780385 0.705745795
QJ:/crc/c: 0.446022113 0.553977887 0.000000000
QJ:/crc/crr: 0.000000000 0.583566597 0.416433403
QJ:/crc/r: 0.475539474 0.220743738 0.303716788
QJ:/crrc/c: 0.377723895 0.622276105 0.000000000
QJ:/crrc/crr: 0.000000000 0.518657636 0.481342364
QJ:/crrc/r: 0.465242329 0.228134580 0.306623091
QJ:/rc/c: 0.261146760 0.738853240 0.000000000
QJ:/rc/crr: 0.000000000 0.427819550 0.572180450
QJ:/rc/r: 0.197681627 0.158392924 0.643925449
QJ:/rrc/c: 0.304535292 0.695464708 0.000000000
QJ:/rrc/crr: 0.000000000 0.511881770 0.488118230
QJ:/rrc/r: 0.212549572 0.163768054 0.623682374
QK:/cc/c: 0.769792901 0.230207099 0.000000000
QK:/cc/crr: 0.000000000 0.836241200 0.163758800
QK:/cc/r: 0.573453456 0.301513733 0.125032812
QK:/crc/c: 0.561124126 0.438875874 0.000000000
QK:/crc/crr: 0.000000000 0.781336219 0.218663781
QK:/crc/r: 0.498031013 0.334106058 0.167862929
QK:/crrc/c: 0.564151166 0.435848834 0.000000000
QK:/crrc/crr: 0.000000000 0.825194272 0.174805728
QK:/crrc/r: 0.480049529 0.367549900 0.152400571
QK:/rc/c: 0.574587543 0.425412457 0.000000000
QK:/rc/crr: 0.000000000 0.835589475 0.164410525
QK:/rc/r: 0.349140369 0.443078116 0.207781515
QK:/rrc/c: 0.446207204 0.553792796 0.000000000
QK:/rrc/crr: 0.000000000 0.774346310 0.225653690
QK:/rrc/r: 0.390937108 0.392328800 0.216734092
QQ:/cc/c: 0.954668621 0.045331379 0.000000000
QQ:/cc/crr: 0.000000000 0.963177089 0.036822911
QQ:/cc/r: 0.859032466 0.085162624 0.055804910
QQ:/crc/c: 0.801820278 0.198179722 0.000000000
QQ:/crc/crr: 0.000000000 0.825237942 0.174762058
QQ:/crc/r: 0.655662975 0.226252078 0.118084946
QQ:/crrc/c: 0.812541000 0.187459000 0.000000000
QQ:/crrc/crr: 0.000000000 0.874093245 0.125906755
QQ:/crrc/r: 0.706159470 0.204826642 0.089013888
QQ:/rc/c: 0.919284313 0.080715687 0.000000000
QQ:/rc/crr: 0.000000000 0.944608039 0.055391961
QQ:/rc/r: 0.876788152 0.079718041 0.043493807
QQ:/rrc/c: 0.920110843 0.079889157 0.000000000
QQ:/rrc/crr: 0.000000000 0.952913343 0.047086657
QQ:/rrc/r: 0.883589362 0.079363241 0.037047397
