J:/c: 0.230442165 0.769557835 0.000000000
J:/crr: 0.000000000 0.592266334 0.407733666
J:/r: 0.090392768 0.126886484 0.782720748
JJ:/cc/c: 0.943215207 0.056784793 0.000000000
JJ:/cc/crr: 0.000000000 0.932149082 0.067850918
JJ:/cc/r: 0.860037085 0.080489348 0.059473566
JJ:/crc/c: 0.830363376 0.169636624 0.000000000
JJ:/crc/crr: 0.000000000 0.872235040 0.127764960
JJ:/crc/r: 0.667312046 0.222513012 0.110174942
JJ:/crrc/c: 0.749806798 0.250193202 0.000000000
JJ:/crrc/crr: 0.000000000 0.852477622 0.147522378
JJ:/crrc/r: 0.557960814 0.338758509 0.103280677
JJ:/rc/c: 0.854375024 0.145624976 0.000000000
JJ:/rc/crr: 0.000000000 0.901685610 0.098314390
JJ:/rc/r: 0.837787448 0.103166231 0.059046322
JJ:/rrc/c: 0.871265488 0.128734512 0.000000000
JJ:/rrc/crr: 0.000000000 0.934137828 0.065862172
JJ:/rrc/r: 0.812443629 0.128023991 0.059532380
JK:/cc/c: 0.196782139 0.803217861 0.000000000
JK:/cc/crr: 0.000000000 0.387791870 0.612208130
JK:/cc/r: 0.145842427 0.133821483 0.720336090
JK:/crc/c: 0.274694878 0.725305122 0.000000000
JK:/crc/crr: 0.000000000 0.372091462 0.627908538
JK:/crc/r: 0.340293046 0.151767903 0.507939052
JK:/crrc/c: 0.297033488 0.702966512 0.000000000
JK:/crrc/crr: 0.000000000 0.496592880 0.503407120
JK:/crrc/r: 0.400014068 0.179536783 0.420449148
JK:/rc/c: 0.312691069 0.687308931 0.000000000
JK:/rc/crr: 0.000000000 0.481798548 0.518201452
JK:/rc/r: 0.251122573 0.148041674 0.600835753
JK:/rrc/c: 0.336074874 0.663925126 0.000000000
JK:/rrc/crr: 0.000000000 0.435713829 0.564286171
JK:/rrc/r: 0.279033039 0.176393455 0.544573506
JQ:/cc/c: 0.203333603 0.796666397 0.000000000
JQ:/cc/crr: 0.000000000 0.467790545 0.532209455
JQ:/cc/r: 0.165465481 0.095485397 0.739049122
JQ:/crc/c: 0.376313351 0.623686649 0.000000000
JQ:/crc/crr: 0.000000000 0.583526810 0.416473190
JQ:/crc/r: 0.262423766 0.233968128 0.503608106
JQ:/crrc/c: 0.369330831 0.630669169 0.000000000
JQ:/crrc/crr: 0.000000000 0.386377604 0.613622396
JQ:/crrc/r: 0.443503510 0.167315745 0.389180745
JQ:/rc/c: 0.229273381 0.770726619 0.000000000
JQ:/rc/crr: 0.000000000 0.303749154 0.696250846
JQ:/rc/r: 0.250583293 0.183734014 0.565682693
JQ:/rrc/c: 0.316957017 0.683042983 0.000000000
JQ:/rrc/crr: 0.000000000 0.356294479 0.643705521
JQ:/rrc/r: 0.265040674 0.141614371 0.593344954
K:/c: 0.808276339 0.191723661 0.000000000
K:/crr: 0.000000000 0.976243733 0.023756267
K:/r: 0.698506205 0.286276041 0.015217755
KJ:/cc/c: 0.710840411 0.289159589 0.000000000
KJ:/cc/crr: 0.000000000 0.863554523 0.136445477
KJ:/cc/r: 0.387906686 0.353487857 0.258605457
KJ:/crc/c: 0.714309097 0.285690903 0.000000000
KJ:/crc/crr: 0.000000000 0.835263241 0.164736759
KJ:/crc/r: 0.543012590 0.299155878 0.157831531
KJ:/crrc/c: 0.670403684 0.329596316 0.000000000
KJ:/crrc/crr: 0.000000000 0.858158147 0.141841853
KJ:/crrc/r: 0.592110464 0.286249794 0.121639742
KJ:/rc/c: 0.674771179 0.325228821 0.000000000
KJ:/rc/crr: 0.000000000 0.863282866 0.136717134
KJ:/rc/r: 0.575496321 0.298954371 0.125549309
KJ:/rrc/c: 0.672032282 0.327967718 0.000000000
KJ:/rrc/crr: 0.000000000 0.906332880 0.093667120
KJ:/rrc/r: 0.577857914 0.293720167 0.128421919
KK:/cc/c: 0.935347947 0.064652053 0.000000000
KK:/cc/crr: 0.000000000 0.945875681 0.054124319
KK:/cc/r: 0.864840973 0.080124379 0.055034649
KK:/crc/c: 0.940760238 0.059239762 0.000000000
KK:/crc/crr: 0.000000000 0.942242429 0.057757571
KK:/crc/r: 0.797709611 0.132456853 0.069833535
KK:/crrc/c: 0.894471888 0.105528112 0.000000000
KK:/crrc/crr: 0.000000000 0.936327588 0.063672412
KK:/crrc/r: 0.828593097 0.119175735 0.052231168
KK:/rc/c: 0.883135596 0.116864404 0.000000000
KK:/rc/crr: 0.000000000 0.928419860 0.071580140
KK:/rc/r: 0.832551202 0.106434697 0.061014102
KK:/rrc/c: 0.912507539 0.087492461 0.000000000
KK:/rrc/crr: 0.000000000 0.958041085 0.041958915
KK:/rrc/r: 0.801730183 0.144221937 0.054047880
KQ:/cc/c: 0.687046454 0.312953546 0.000000000
KQ:/cc/crr: 0.000000000 0.826837666 0.173162334
KQ:/cc/r: 0.501394473 0.337126541 0.161478986
KQ:/crc/c: 0.598531825 0.401468175 0.000000000
KQ:/crc/crr: 0.000000000 0.832288359 0.167711641
KQ:/crc/r: 0.422831983 0.415277523 0.161890494
KQ:/crrc/c: 0.599585387 0.400414613 0.000000000
KQ:/crrc/crr: 0.000000000 0.872603382 0.127396618
KQ:/crrc/r: 0.495919786 0.350195293 0.153884921
KQ:/rc/c: 0.555272934 0.444727066 0.000000000
KQ:/rc/crr: 0.000000000 0.812931366 0.187068634
KQ:/rc/r: 0.518617999 0.353462873 0.127919128
KQ:/rrc/c: 0.561707849 0.438292151 0.000000000
KQ:/rrc/crr: 0.000000000 0.880294567 0.119705433
KQ:/rrc/r: 0.526692278 0.339423609 0.133884113
Q:/c: 0.242794860 0.757205140 0.000000000
Q:/crr: 0.000000000 0.937760885 0.062239115
Q:/r: 0.216638052 0.343578939 0.439783009
QJ:/cc/c: 0.244522995 0.755477005 0.000000000
QJ:/cc/crr: 0.000000000 0.335673870 0.664326130
QJ:/cc/r: 0.176624183 0.112957932 0.710417885
QJ:/crc/c: 0.446067832 0.553932168 0.000000000
QJ:/crc/crr: 0.000000000 0.586925617 0.413074383
QJ:/crc/r: 0.476649206 0.219746552 0.303604241
QJ:/crrc/c: 0.377781640 0.622218360 0.000000000
QJ:/crrc/crr: 0.000000000 0.521693076 0.478306924
QJ:/crrc/r: 0.463893964 0.227817034 0.308289002
QJ:/rc/c: 0.258116367 0.741883633 0.000000000
QJ:/rc/crr: 0.000000000 0.423659107 0.576340893
QJ:/rc/r: 0.194998346 0.156242939 0.648758715
QJ:/rrc/c: 0.302880472 0.697119528 0.000000000
QJ:/rrc/crr: 0.000000000 0.507192148 0.492807852
QJ:/rrc/r: 0.210498417 0.162187652 0.627313931
QK:/cc/c: 0.772195218 0.227804782 0.000000000
QK:/cc/crr: 0.000000000 0.838208916 0.161791084
QK:/cc/r: 0.574444448 0.301647763 0.123907789
QK:/crc/c: 0.562918777 0.437081223 0.000000000
QK:/crc/crr: 0.000000000 0.782969071 0.217030929
QK:/crc/r: 0.498578312 0.334535350 0.166886338
QK:/crrc/c: 0.565079035 0.434920965 0.000000000
QK:/crrc/crr: 0.000000000 0.826261694 0.173738306
QK:/crrc/r: 0.480821771 0.367431657 0.151746572
QK:/rc/c: 0.576726686 0.423273314 0.000000000
QK:/rc/crr: 0.000000000 0.837211794 0.162788206
QK:/rc/r: 0.345400400 0.441828596 0.212771004
QK:/rrc/c: 0.444642320 0.555357680 0.000000000
QK:/rrc/crr: 0.000000000 0.775742166 0.224257834
QK:/rrc/r: 0.385529445 0.392909537 0.221561018
QQ:/cc/c: 0.955594412 0.044405588 0.000000000
QQ:/cc/crr: 0.000000000 0.963916962 0.036083038
QQ:/cc/r: 0.861691194 0.083556408 0.054752398
QQ:/crc/c: 0.803602044 0.196397956 0.000000000
QQ:/crc/crr: 0.000000000 0.826797475 0.173202525
QQ:/crc/r: 0.658517506 0.224404990 0.117077504
QQ:/crrc/c: 0.815087338 0.184912662 0.000000000
QQ:/crrc/crr: 0.000000000 0.875549624 0.124450376
QQ:/crrc/r: 0.709261461 0.202717403 0.088021137
QQ:/rc/c: 0.921302913 0.078697087 0.000000000
QQ:/rc/crr: 0.000000000 0.945873815 0.054126185
QQ:/rc/r: 0.879645230 0.077869512 0.042485258
QQ:/rrc/c: 0.921643201 0.078356799 0.000000000
QQ:/rrc/crr: 0.000000000 0.953795969 0.046204031
QQ:/rrc/r: 0.885603142 0.077990341 0.036406517
