J:/c: 0.243275259 0.756724741 0.000000000
J:/crr: 0.000000000 0.590137976 0.409862024
J:/r: 0.089051633 0.125848956 0.785099411
JJ:/cc/c: 0.944345674 0.055654326 0.000000000
JJ:/cc/crr: 0.000000000 0.933422643 0.066577357
JJ:/cc/r: 0.862390445 0.079135987 0.058473568
JJ:/crc/c: 0.834579616 0.165420384 0.000000000
JJ:/crc/crr: 0.000000000 0.875452377 0.124547623
JJ:/crc/r: 0.670299317 0.220579664 0.109121019
JJ:/crrc/c: 0.754419403 0.245580597 0.000000000
JJ:/crrc/crr: 0.000000000 0.854693053 0.145306947
JJ:/crrc/r: 0.562855219 0.335023129 0.102121652
JJ:/rc/c: 0.856899546 0.143100454 0.000000000
JJ:/rc/crr: 0.000000000 0.903246187 0.096753813
JJ:/rc/r: 0.840639993 0.101352028 0.058007978
JJ:/rrc/c: 0.873000276 0.126999724 0.000000000
JJ:/rrc/crr: 0.000000000 0.935091308 0.064908692
JJ:/rrc/r: 0.815087135 0.126219562 0.058693303
JK:/cc/c: 0.194861942 0.805138058 0.000000000
JK:/cc/crr: 0.000000000 0.384043622 0.615956378
JK:/cc/r: 0.143897607 0.132036963 0.724065430
JK:/crc/c: 0.272771508 0.727228492 0.000000000
JK:/crc/crr: 0.000000000 0.370631285 0.629368715
JK:/crc/r: 0.337369253 0.150864887 0.511765860
JK:/crrc/c: 0.296051964 0.703948036 0.000000000
JK:/crrc/crr: 0.000000000 0.494258249 0.505741751
JK:/crrc/r: 0.397988046 0.179565989 0.422445965
JK:/rc/c: 0.311076661 0.688923339 0.000000000
JK:/rc/crr: 0.000000000 0.479602960 0.520397040
JK:/rc/r: 0.248260964 0.146501145 0.605237890
JK:/rrc/c: 0.334542315 0.665457685 0.000000000
JK:/rrc/crr: 0.000000000 0.434066062 0.565933938
JK:/rrc/r: 0.276547020 0.174821893 0.548631087
JQ:/cc/c: 0.202079753 0.797920247 0.000000000
JQ:/cc/crr: 0.000000000 0.471808595 0.528191405
JQ:/cc/r: 0.163233122 0.094197167 0.742569711
JQ:/crc/c: 0.372984937 0.627015063 0.000000000
JQ:/crc/crr: 0.000000000 0.580595883 0.419404117
JQ:/crc/r: 0.260189812 0.231982846 0.507827342
JQ:/crrc/c: 0.370395003 0.629604997 0.000000000
JQ:/crrc/crr: 0.000000000 0.385425411 0.614574589
JQ:/crrc/r: 0.442049551 0.166804713 0.391145736
JQ:/rc/c: 0.227686346 0.772313654 0.000000000
JQ:/rc/crr: 0.000000000 0.302237624 0.697762376
JQ:/rc/r: 0.248009155 0.181846591 0.570144254
JQ:/rrc/c: 0.314732186 0.685267814 0.000000000
JQ:/rrc/crr: 0.000000000 0.354713040 0.645286960
JQ:/rrc/r: 0.263173986 0.140616978 0.596209037
K:/c: 0.813454968 0.186545032 0.000000000
K:/crr: 0.000000000 0.976664526 0.023335474
K:/r: 0.703172004 0.281899336 0.014928660
KJ:/cc/c: 0.712489628 0.287510372 0.000000000
KJ:/cc/crr: 0.000000000 0.864719792 0.135280208
KJ:/cc/r: 0.387883962 0.354360442 0.257755596
KJ:/crc/c: 0.717401664 0.282598336 0.000000000
KJ:/crc/crr: 0.000000000 0.837157774 0.162842226
KJ:/crc/r: 0.544488974 0.299174970 0.156336056
KJ:/crrc/c: 0.672631132 0.327368868 0.000000000
KJ:/crrc/crr: 0.000000000 0.859534870 0.140465130
KJ:/crrc/r: 0.592338576 0.287027282 0.120634141
KJ:/rc/c: 0.676538941 0.323461059 0.000000000
KJ:/rc/crr: 0.000000000 0.864338257 0.135661743
KJ:/rc/r: 0.577202938 0.298045310 0.124751752
KJ:/rrc/c: 0.674431286 0.325568714 0.000000000
KJ:/rrc/crr: 0.000000000 0.907251353 0.092748647
KJ:/rrc/r: 0.578500702 0.294390051 0.127109247
KK:/cc/c: 0.936266010 0.063733990 0.000000000
KK:/cc/crr: 0.000000000 0.946641894 0.053358106
KK:/cc/r: 0.867167074 0.078745430 0.054087497
KK:/crc/c: 0.941962206 0.058037794 0.000000000
KK:/crc/crr: 0.000000000 0.943524000 0.056476000
KK:/crc/r: 0.801698016 0.129845303 0.068456681
KK:/crrc/c: 0.896758564 0.103241436 0.000000000
KK:/crrc/crr: 0.000000000 0.937576911 0.062423089
KK:/crrc/r: 0.831412578 0.117215407 0.051372015
KK:/rc/c: 0.884688962 0.115311038 0.000000000
KK:/rc/crr: 0.000000000 0.929594359 0.070405641
KK:/rc/r: 0.834676139 0.105084032 0.060239828
KK:/rrc/c: 0.914168245 0.085831755 0.000000000
KK:/rrc/crr: 0.000000000 0.958760578 0.041239422
KK:/rrc/r: 0.805140899 0.141740975 0.053118127
KQ:/cc/c: 0.688138303 0.311861697 0.000000000
KQ:/cc/crr: 0.000000000 0.827839666 0.172160334
KQ:/cc/r: 0.497975542 0.340383498 0.161640959
KQ:/crc/c: 0.601122445 0.398877555 0.000000000
KQ:/crc/crr: 0.000000000 0.834461819 0.165538181
KQ:/crc/r: 0.418794146 0.417997150 0.163208704
KQ:/crrc/c: 0.602471987 0.397528013 0.000000000
KQ:/crrc/crr: 0.000000000 0.873906852 0.126093148
KQ:/crrc/r: 0.495967469 0.351379908 0.152652624
KQ:/rc/c: 0.554543737 0.445456263 0.000000000
KQ:/rc/crr: 0.000000000 0.814546282 0.185453718
KQ:/rc/r: 0.518780570 0.354066664 0.127152766
KQ:/rrc/c: 0.560333486 0.439666514 0.000000000
KQ:/rrc/crr: 0.000000000 0.881748056 0.118251944
KQ:/rrc/r: 0.528178327 0.339272617 0.132549057
Q:/c: 0.241007647 0.758992353 0.000000000
Q:/crr: 0.000000000 0.938468650 0.061531350
Q:/r: 0.211988351 0.349118883 0.438892766
QJ:/cc/c: 0.242650102 0.757349898 0.000000000
QJ:/cc/crr: 0.000000000 0.336062170 0.663937830
QJ:/cc/r: 0.173790803 0.111145877 0.715063320
QJ:/crc/c: 0.449054477 0.550945523 0.000000000
QJ:/crc/crr: 0.000000000 0.589202587 0.410797413
QJ:/crc/r: 0.475809966 0.219796230 0.304393805
QJ:/crrc/c: 0.377398845 0.622601155 0.000000000
QJ:/crrc/crr: 0.000000000 0.521742188 0.478257812
QJ:/crrc/r: 0.463077144 0.227157486 0.309765370
QJ:/rc/c: 0.255455351 0.744544649 0.000000000
QJ:/rc/crr: 0.000000000 0.418725395 0.581274605
QJ:/rc/r: 0.192654279 0.154364748 0.652980973
QJ:/rrc/c: 0.302449754 0.697550246 0.000000000
QJ:/rrc/crr: 0.000000000 0.504077079 0.495922921
QJ:/rrc/r: 0.208723532 0.160820115 0.630456353
QK:/cc/c: 0.774543297 0.225456703 0.000000000
QK:/cc/crr: 0.000000000 0.840185937 0.159814063
QK:/cc/r: 0.576310395 0.300774605 0.122914999
QK:/crc/c: 0.564744436 0.435255564 0.000000000
QK:/crc/crr: 0.000000000 0.784042627 0.215957373
QK:/crc/r: 0.498912429 0.334804254 0.166283317
QK:/crrc/c: 0.566562665 0.433437335 0.000000000
QK:/crrc/crr: 0.000000000 0.827526010 0.172473990
QK:/crrc/r: 0.482032794 0.366977512 0.150989695
QK:/rc/c: 0.579433482 0.420566518 0.000000000
QK:/rc/crr: 0.000000000 0.838883480 0.161116520
QK:/rc/r: 0.340709880 0.440720353 0.218569766
QK:/rrc/c: 0.445298291 0.554701709 0.000000000
QK:/rrc/crr: 0.000000000 0.776641043 0.223358957
QK:/rrc/r: 0.379768970 0.392229349 0.228001681
QQ:/cc/c: 0.956498678 0.043501322 0.000000000
QQ:/cc/crr: 0.000000000 0.964619414 0.035380586
QQ:/cc/r: 0.864351437 0.081949278 0.053699286
QQ:/crc/c: 0.805040492 0.194959508 0.000000000
QQ:/crc/crr: 0.000000000 0.828465671 0.171534329
QQ:/crc/r: 0.661489433 0.222451990 0.116058577
QQ:/crrc/c: 0.816762291 0.183237709 0.000000000
QQ:/crrc/crr: 0.000000000 0.877349903 0.122650097
QQ:/crrc/r: 0.711518366 0.201143776 0.087337858
QQ:/rc/c: 0.923285788 0.076714212 0.000000000
QQ:/rc/crr: 0.000000000 0.947190712 0.052809288
QQ:/rc/r: 0.882219761 0.076203791 0.041576448
QQ:/rrc/c: 0.922889971 0.077110029 0.000000000
QQ:/rrc/crr: 0.000000000 0.954605504 0.045394496
QQ:/rrc/r: 0.887493982 0.076701256 0.035804761
