J:/c: 0.251614401 0.748385599 0.000000000
J:/crr: 0.000000000 0.585110731 0.414889269
J:/r: 0.087413548 0.123533994 0.789052458
JJ:/cc/c: 0.945443387 0.054556613 0.000000000
JJ:/cc/crr: 0.000000000 0.934764521 0.065235479
JJ:/cc/r: 0.864642189 0.077841063 0.057516748
JJ:/crc/c: 0.837591166 0.162408834 0.000000000
JJ:/crc/crr: 0.000000000 0.877446033 0.122553967
JJ:/crc/r: 0.674603765 0.217739622 0.107656612
JJ:/crrc/c: 0.757871154 0.242128846 0.000000000
JJ:/crrc/crr: 0.000000000 0.858089478 0.141910522
JJ:/crrc/r: 0.566120656 0.332611451 0.101267892
JJ:/rc/c: 0.859198799 0.140801201 0.000000000
JJ:/rc/crr: 0.000000000 0.904760686 0.095239314
JJ:/rc/r: 0.843496228 0.099535480 0.056968292
JJ:/rrc/c: 0.874769555 0.125230445 0.000000000
JJ:/rrc/crr: 0.000000000 0.936064056 0.063935944
JJ:/rrc/r: 0.817673260 0.124454301 0.057872440
JK:/cc/c: 0.193005728 0.806994272 0.000000000
JK:/cc/crr: 0.000000000 0.379795263 0.620204737
JK:/cc/r: 0.142027065 0.130320598 0.727652337
JK:/crc/c: 0.271203760 0.728796240 0.000000000
JK:/crc/crr: 0.000000000 0.368762371 0.631237629
JK:/crc/r: 0.335096622 0.149737205 0.515166173
JK:/crrc/c: 0.296216417 0.703783583 0.000000000
JK:/crrc/crr: 0.000000000 0.494019360 0.505980640
JK:/crrc/r: 0.396248891 0.179148609 0.424602500
JK:/rc/c: 0.309517811 0.690482189 0.000000000
JK:/rc/crr: 0.000000000 0.478663158 0.521336842
JK:/rc/r: 0.245303178 0.144755727 0.609941095
JK:/rrc/c: 0.332615561 0.667384439 0.000000000
JK:/rrc/crr: 0.000000000 0.431944079 0.568055921
JK:/rrc/r: 0.273410735 0.172839260 0.553750005
JQ:/cc/c: 0.201231566 0.798768434 0.000000000
JQ:/cc/crr: 0.000000000 0.473376183 0.526623817
JQ:/cc/r: 0.161144807 0.092992060 0.745863133
JQ:/crc/c: 0.369874964 0.630125036 0.000000000
JQ:/crc/crr: 0.000000000 0.576926822 0.423073178
JQ:/crc/r: 0.257279467 0.229489758 0.513230774
JQ:/crrc/c: 0.370590291 0.629409709 0.000000000
JQ:/crrc/crr: 0.000000000 0.384245306 0.615754694
JQ:/crrc/r: 0.440817845 0.167381640 0.391800516
JQ:/rc/c: 0.225581109 0.774418891 0.000000000
JQ:/rc/crr: 0.000000000 0.300589779 0.699410221
JQ:/rc/r: 0.246090158 0.180411840 0.573498002
JQ:/rrc/c: 0.313112862 0.686887138 0.000000000
JQ:/rrc/crr: 0.000000000 0.353169541 0.646830459
JQ:/rrc/r: 0.261208345 0.139566712 0.599224942
K:/c: 0.815338474 0.184661526 0.000000000
K:/crr: 0.000000000 0.977033465 0.022966535
K:/r: 0.706760636 0.278586312 0.014653052
KJ:/cc/c: 0.714025508 0.285974492 0.000000000
KJ:/cc/crr: 0.000000000 0.865705789 0.134294211
KJ:/cc/r: 0.387370829 0.355492611 0.257136560
KJ:/crc/c: 0.720280512 0.279719488 0.000000000
KJ:/crc/crr: 0.000000000 0.838933716 0.161066284
KJ:/crc/r: 0.543907782 0.301040419 0.155051799
KJ:/crrc/c: 0.675762306 0.324237694 0.000000000
KJ:/crrc/crr: 0.000000000 0.860927324 0.139072676
KJ:/crrc/r: 0.591656808 0.288594208 0.119748985
KJ:/rc/c: 0.677685179 0.322314821 0.000000000
KJ:/rc/crr: 0.000000000 0.865253514 0.134746486
KJ:/rc/r: 0.577992848 0.298031358 0.123975794
KJ:/rrc/c: 0.676425789 0.323574211 0.000000000
KJ:/rrc/crr: 0.000000000 0.908155502 0.091844498
KJ:/rrc/r: 0.579353181 0.294802633 0.125844186
KK:/cc/c: 0.937193746 0.062806254 0.000000000
KK:/cc/crr: 0.000000000 0.947456218 0.052543782
KK:/cc/r: 0.869368723 0.077440257 0.053191019
KK:/crc/c: 0.943284552 0.056715448 0.000000000
KK:/crc/crr: 0.000000000 0.944723877 0.055276123
KK:/crc/r: 0.805523677 0.127340315 0.067136008
KK:/crrc/c: 0.898675738 0.101324262 0.000000000
KK:/crrc/crr: 0.000000000 0.938635029 0.061364971
KK:/crrc/r: 0.833753979 0.115587479 0.050658543
KK:/rc/c: 0.886169035 0.113830965 0.000000000
KK:/rc/crr: 0.000000000 0.930554279 0.069445721
KK:/rc/r: 0.836394209 0.103991984 0.059613807
KK:/rrc/c: 0.915694591 0.084305409 0.000000000
KK:/rrc/crr: 0.000000000 0.959513255 0.040486745
KK:/rrc/r: 0.807874182 0.139752778 0.052373040
KQ:/cc/c: 0.689912137 0.310087863 0.000000000
KQ:/cc/crr: 0.000000000 0.829080524 0.170919476
KQ:/cc/r: 0.495557131 0.343847317 0.160595552
KQ:/crc/c: 0.601960265 0.398039735 0.000000000
KQ:/crc/crr: 0.000000000 0.836074259 0.163925741
KQ:/crc/r: 0.415191028 0.420619323 0.164189650
KQ:/crrc/c: 0.602524231 0.397475769 0.000000000
KQ:/crrc/crr: 0.000000000 0.874900987 0.125099013
KQ:/crrc/r: 0.496157119 0.352500705 0.151342176
KQ:/rc/c: 0.555068494 0.444931506 0.000000000
KQ:/rc/crr: 0.000000000 0.816064322 0.183935678
KQ:/rc/r: 0.520843007 0.352738346 0.126418647
KQ:/rrc/c: 0.562553233 0.437446767 0.000000000
KQ:/rrc/crr: 0.000000000 0.883107474 0.116892526
KQ:/rrc/r: 0.529541551 0.339152765 0.131305684
Q:/c: 0.240368685 0.759631315 0.000000000
Q:/crr: 0.000000000 0.939241703 0.060758297
Q:/r: 0.209931024 0.352473761 0.437595215
QJ:/cc/c: 0.240803613 0.759196387 0.000000000
QJ:/cc/crr: 0.000000000 0.337769345 0.662230655
QJ:/cc/r: 0.171209615 0.109495108 0.719295277
QJ:/crc/c: 0.450518654 0.549481346 0.000000000
QJ:/crc/crr: 0.000000000 0.592062123 0.407937877
QJ:/crc/r: 0.476628293 0.219027692 0.304344015
QJ:/crrc/c: 0.377737131 0.622262869 0.000000000
QJ:/crrc/crr: 0.000000000 0.523071424 0.476928576
QJ:/crrc/r: 0.462787539 0.227026509 0.310185952
QJ:/rc/c: 0.252553122 0.747446878 0.000000000
QJ:/rc/crr: 0.000000000 0.412406530 0.587593470
QJ:/rc/r: 0.190370402 0.152534786 0.657094812
QJ:/rrc/c: 0.299870880 0.700129120 0.000000000
QJ:/rrc/crr: 0.000000000 0.500461556 0.499538444
QJ:/rrc/r: 0.206985878 0.159481264 0.633532858
QK:/cc/c: 0.776842701 0.223157299 0.000000000
QK:/cc/crr: 0.000000000 0.842079769 0.157920231
QK:/cc/r: 0.576751138 0.301311609 0.121937253
QK:/crc/c: 0.566503986 0.433496014 0.000000000
QK:/crc/crr: 0.000000000 0.785368448 0.214631552
QK:/crc/r: 0.498933188 0.335281435 0.165785377
QK:/crrc/c: 0.568844213 0.431155787 0.000000000
QK:/crrc/crr: 0.000000000 0.828373231 0.171626769
QK:/crrc/r: 0.482922214 0.366732512 0.150345274
QK:/rc/c: 0.581000215 0.418999785 0.000000000
QK:/rc/crr: 0.000000000 0.840356346 0.159643654
QK:/rc/r: 0.336255315 0.440310532 0.223434153
QK:/rrc/c: 0.444625717 0.555374283 0.000000000
QK:/rrc/crr: 0.000000000 0.777635726 0.222364274
QK:/rrc/r: 0.375695340 0.389323063 0.234981597
QQ:/cc/c: 0.957349956 0.042650044 0.000000000
QQ:/cc/crr: 0.000000000 0.965344077 0.034655923
QQ:/cc/r: 0.866722625 0.080516773 0.052760602
QQ:/crc/c: 0.807570459 0.192429541 0.000000000
QQ:/crc/crr: 0.000000000 0.831094444 0.168905556
QQ:/crc/r: 0.663811571 0.220925998 0.115262430
QQ:/crrc/c: 0.819276093 0.180723907 0.000000000
QQ:/crrc/crr: 0.000000000 0.878886228 0.121113772
QQ:/crrc/r: 0.714289828 0.199211374 0.086498798
QQ:/rc/c: 0.925016543 0.074983457 0.000000000
QQ:/rc/crr: 0.000000000 0.948255656 0.051744344
QQ:/rc/r: 0.884762613 0.074558566 0.040678820
QQ:/rrc/c: 0.924285219 0.075714781 0.000000000
QQ:/rrc/crr: 0.000000000 0.955417074 0.044582926
QQ:/rrc/r: 0.889126443 0.075588322 0.035285235
