J:/c: 0.281029549 0.718970451 0.000000000
J:/crr: 0.000000000 0.585715266 0.414284734
J:/r: 0.085915940 0.121417554 0.792666506
JJ:/cc/c: 0.946391000 0.053609000 0.000000000
JJ:/cc/crr: 0.000000000 0.935837790 0.064162210
JJ:/cc/r: 0.866518996 0.076761756 0.056719248
JJ:/crc/c: 0.841292886 0.158707114 0.000000000
JJ:/crc/crr: 0.000000000 0.880410838 0.119589162
JJ:/crc/r: 0.679061315 0.214792056 0.106146630
JJ:/crrc/c: 0.762777839 0.237222161 0.000000000
JJ:/crrc/crr: 0.000000000 0.860545899 0.139454101
JJ:/crrc/r: 0.570757365 0.329109690 0.100132946
JJ:/rc/c: 0.861407675 0.138592325 0.000000000
JJ:/rc/crr: 0.000000000 0.906255748 0.093744252
JJ:/rc/r: 0.846032957 0.097922135 0.056044908
JJ:/rrc/c: 0.876022208 0.123977792 0.000000000
JJ:/rrc/crr: 0.000000000 0.936688771 0.063311229
JJ:/rrc/r: 0.820000797 0.122865548 0.057133655
JK:/cc/c: 0.191583444 0.808416556 0.000000000
JK:/cc/crr: 0.000000000 0.376361248 0.623638752
JK:/cc/r: 0.140168964 0.128615650 0.731215386
JK:/crc/c: 0.270896739 0.729103261 0.000000000
JK:/crc/crr: 0.000000000 0.367004268 0.632995732
JK:/crc/r: 0.333841849 0.148963969 0.517194182
JK:/crrc/c: 0.294850162 0.705149838 0.000000000
JK:/crrc/crr: 0.000000000 0.493537873 0.506462127
JK:/crrc/r: 0.395575033 0.178634080 0.425790887
JK:/rc/c: 0.306228477 0.693771523 0.000000000
JK:/rc/crr: 0.000000000 0.476166380 0.523833620
JK:/rc/r: 0.242703723 0.143221764 0.614074513
JK:/rrc/c: 0.331826670 0.668173330 0.000000000
JK:/rrc/crr: 0.000000000 0.430770651 0.569229349
JK:/rrc/r: 0.271862892 0.171825504 0.556311605
JQ:/cc/c: 0.200474890 0.799525110 0.000000000
JQ:/cc/crr: 0.000000000 0.475654513 0.524345487
JQ:/cc/r: 0.158985484 0.091745976 0.749268540
JQ:/crc/c: 0.366484431 0.633515569 0.000000000
JQ:/crc/crr: 0.000000000 0.573238357 0.426761643
JQ:/crc/r: 0.254208982 0.226769915 0.519021104
JQ:/crrc/c: 0.369670799 0.630329201 0.000000000
JQ:/crrc/crr: 0.000000000 0.382250719 0.617749281
JQ:/crrc/r: 0.439357765 0.166360375 0.394281859
JQ:/rc/c: 0.223600879 0.776399121 0.000000000
JQ:/rc/crr: 0.000000000 0.298996264 0.701003736
JQ:/rc/r: 0.244385284 0.179161975 0.576452741
JQ:/rrc/c: 0.311420973 0.688579027 0.000000000
JQ:/rrc/crr: 0.000000000 0.352380422 0.647619578
JQ:/rrc/r: 0.259320486 0.138558007 0.602121507
K:/c: 0.818641431 0.181358569 0.000000000
K:/crr: 0.000000000 0.977390774 0.022609226
K:/r: 0.709758505 0.275825105 0.014416390
KJ:/cc/c: 0.715502008 0.284497992 0.000000000
KJ:/cc/crr: 0.000000000 0.866820726 0.133179274
KJ:/cc/r: 0.385277921 0.358266201 0.256455878
KJ:/crc/c: 0.722982693 0.277017307 0.000000000
KJ:/crc/crr: 0.000000000 0.840663923 0.159336077
KJ:/crc/r: 0.543630697 0.302561309 0.153807994
KJ:/crrc/c: 0.678203443 0.321796557 0.000000000
KJ:/crrc/crr: 0.000000000 0.862426896 0.137573104
KJ:/crrc/r: 0.591289065 0.289857915 0.118853021
KJ:/rc/c: 0.678288613 0.321711387 0.000000000
KJ:/rc/crr: 0.000000000 0.866233382 0.133766618
KJ:/rc/r: 0.578885285 0.297837253 0.123277462
KJ:/rrc/c: 0.678493218 0.321506782 0.000000000
KJ:/rrc/crr: 0.000000000 0.909098439 0.090901561
KJ:/rrc/r: 0.579800102 0.295538089 0.124661809
KK:/cc/c: 0.938054436 0.061945564 0.000000000
KK:/cc/crr: 0.000000000 0.948142806 0.051857194
KK:/cc/r: 0.871161625 0.076377397 0.052460978
KK:/crc/c: 0.944358327 0.055641673 0.000000000
KK:/crc/crr: 0.000000000 0.945733219 0.054266781
KK:/crc/r: 0.808674196 0.125277400 0.066048404
KK:/crrc/c: 0.900323062 0.099676938 0.000000000
KK:/crrc/crr: 0.000000000 0.939596840 0.060403160
KK:/crrc/r: 0.836024804 0.114008620 0.049966576
KK:/rc/c: 0.887923799 0.112076201 0.000000000
KK:/rc/crr: 0.000000000 0.931697280 0.068302720
KK:/rc/r: 0.838378208 0.102730904 0.058890888
KK:/rrc/c: 0.917211580 0.082788420 0.000000000
KK:/rrc/crr: 0.000000000 0.960244791 0.039755209
KK:/rrc/r: 0.810857240 0.137582894 0.051559866
KQ:/cc/c: 0.691665567 0.308334433 0.000000000
KQ:/cc/crr: 0.000000000 0.830301278 0.169698722
KQ:/cc/r: 0.495009214 0.344975738 0.160015049
KQ:/crc/c: 0.603659256 0.396340744 0.000000000
KQ:/crc/crr: 0.000000000 0.837452604 0.162547396
KQ:/crc/r: 0.412325042 0.422091445 0.165583513
KQ:/crrc/c: 0.604393921 0.395606079 0.000000000
KQ:/crrc/crr: 0.000000000 0.876061999 0.123938001
KQ:/crrc/r: 0.496552685 0.353147339 0.150299977
KQ:/rc/c: 0.555289957 0.444710043 0.000000000
KQ:/rc/crr: 0.000000000 0.817305430 0.182694570
KQ:/rc/r: 0.520726230 0.353478585 0.125795186
KQ:/rrc/c: 0.562103783 0.437896217 0.000000000
KQ:/rrc/crr: 0.000000000 0.884229318 0.115770682
KQ:/rrc/r: 0.529875187 0.340122690 0.130002123
Q:/c: 0.235889316 0.764110684 0.000000000
Q:/crr: 0.000000000 0.939793925 0.060206075
Q:/r: 0.205868493 0.351526422 0.442605085
QJ:/cc/c: 0.239392773 0.760607227 0.000000000
QJ:/cc/crr: 0.000000000 0.337380627 0.662619373
QJ:/cc/r: 0.168694845 0.107886817 0.723418338
QJ:/crc/c: 0.453855788 0.546144212 0.000000000
QJ:/crc/crr: 0.000000000 0.594725199 0.405274801
QJ:/crc/r: 0.476089090 0.218308030 0.305602880
QJ:/crrc/c: 0.374705111 0.625294889 0.000000000
QJ:/crrc/crr: 0.000000000 0.523151639 0.476848361
QJ:/crrc/r: 0.460291951 0.227486298 0.312221751
QJ:/rc/c: 0.250000910 0.749999090 0.000000000
QJ:/rc/crr: 0.000000000 0.408968490 0.591031510
QJ:/rc/r: 0.188160658 0.150764223 0.661075119
QJ:/rrc/c: 0.297674465 0.702325535 0.000000000
QJ:/rrc/crr: 0.000000000 0.497394822 0.502605178
QJ:/rrc/r: 0.205465676 0.158309958 0.636224366
QK:/cc/c: 0.779072060 0.220927940 0.000000000
QK:/cc/crr: 0.000000000 0.843801390 0.156198610
QK:/cc/r: 0.577408740 0.301646097 0.120945162
QK:/crc/c: 0.566547653 0.433452347 0.000000000
QK:/crc/crr: 0.000000000 0.786964562 0.213035438
QK:/crc/r: 0.499653812 0.335137786 0.165208403
QK:/crrc/c: 0.569064983 0.430935017 0.000000000
QK:/crrc/crr: 0.000000000 0.829127693 0.170872307
QK:/crrc/r: 0.481767792 0.368584271 0.149647937
QK:/rc/c: 0.584172809 0.415827191 0.000000000
QK:/rc/crr: 0.000000000 0.842090279 0.157909721
QK:/rc/r: 0.331568393 0.438463304 0.229968303
QK:/rrc/c: 0.443183291 0.556816709 0.000000000
QK:/rrc/crr: 0.000000000 0.778369895 0.221630105
QK:/rrc/r: 0.373197492 0.388068089 0.238734419
QQ:/cc/c: 0.958146336 0.041853664 0.000000000
QQ:/cc/crr: 0.000000000 0.965988860 0.034011140
QQ:/cc/r: 0.868949588 0.079171399 0.051879012
QQ:/crc/c: 0.810561803 0.189438197 0.000000000
QQ:/crc/crr: 0.000000000 0.834013715 0.165986285
QQ:/crc/r: 0.665693365 0.219689379 0.114617256
QQ:/crrc/c: 0.822052126 0.177947874 0.000000000
QQ:/crrc/crr: 0.000000000 0.880547430 0.119452570
QQ:/crrc/r: 0.716686071 0.197540594 0.085773335
QQ:/rc/c: 0.926635807 0.073364193 0.000000000
QQ:/rc/crr: 0.000000000 0.949336262 0.050663738
QQ:/rc/r: 0.887117946 0.073034666 0.039847387
QQ:/rrc/c: 0.925466148 0.074533852 0.000000000
QQ:/rrc/crr: 0.000000000 0.956058831 0.043941169
QQ:/rrc/r: 0.890790704 0.074453708 0.034755588
