J:/c: 0.324031743 0.675968257 0.000000000
J:/crr: 0.000000000 0.589138703 0.410861297
J:/r: 0.083182100 0.118189629 0.798628271
JJ:/cc/c: 0.948027364 0.051972636 0.000000000
JJ:/cc/crr: 0.000000000 0.937644598 0.062355402
JJ:/cc/r: 0.869848106 0.074847263 0.055304630
JJ:/crc/c: 0.848056749 0.151943251 0.000000000
JJ:/crc/crr: 0.000000000 0.885492064 0.114507936
JJ:/crc/r: 0.688180734 0.208981061 0.102838204
JJ:/crrc/c: 0.770771209 0.229228791 0.000000000
JJ:/crrc/crr: 0.000000000 0.865098742 0.134901258
JJ:/crrc/r: 0.581718019 0.320963507 0.097318474
JJ:/rc/c: 0.865922399 0.134077601 0.000000000
JJ:/rc/crr: 0.000000000 0.909023485 0.090976515
JJ:/rc/r: 0.850603180 0.095015500 0.054381320
JJ:/rrc/c: 0.878749115 0.121250885 0.000000000
JJ:/rrc/crr: 0.000000000 0.938173802 0.061826198
JJ:/rrc/r: 0.824072618 0.120086166 0.055841215
JK:/cc/c: 0.188865465 0.811134535 0.000000000
JK:/cc/crr: 0.000000000 0.373623621 0.626376379
JK:/cc/r: 0.137039113 0.125743775 0.737217112
JK:/crc/c: 0.269813579 0.730186421 0.000000000
JK:/crc/crr: 0.000000000 0.362789122 0.637210878
JK:/crc/r: 0.329206389 0.146628520 0.524165091
JK:/crrc/c: 0.292377564 0.707622436 0.000000000
JK:/crrc/crr: 0.000000000 0.490746400 0.509253600
JK:/crrc/r: 0.394038619 0.177249286 0.428712096
JK:/rc/c: 0.302554208 0.697445792 0.000000000
JK:/rc/crr: 0.000000000 0.471769298 0.528230702
JK:/rc/r: 0.237904026 0.140389418 0.621706557
JK:/rrc/c: 0.329158882 0.670841118 0.000000000
JK:/rrc/crr: 0.000000000 0.428733341 0.571266659
JK:/rrc/r: 0.267767012 0.169180983 0.563052004
JQ:/cc/c: 0.199012137 0.800987863 0.000000000
JQ:/cc/crr: 0.000000000 0.482223527 0.517776473
JQ:/cc/r: 0.155455145 0.089708718 0.754836137
JQ:/crc/c: 0.361384899 0.638615101 0.000000000
JQ:/crc/crr: 0.000000000 0.565741148 0.434258852
JQ:/crc/r: 0.248697599 0.221759926 0.529542476
JQ:/crrc/c: 0.359977396 0.640022604 0.000000000
JQ:/crrc/crr: 0.000000000 0.377803032 0.622196968
JQ:/crrc/r: 0.434330713 0.165482363 0.400186924
JQ:/rc/c: 0.220234533 0.779765467 0.000000000
JQ:/rc/crr: 0.000000000 0.296711275 0.703288725
JQ:/rc/r: 0.240618252 0.176400315 0.582981433
JQ:/rrc/c: 0.307746259 0.692253741 0.000000000
JQ:/rrc/crr: 0.000000000 0.349675544 0.650324456
JQ:/rrc/r: 0.255988257 0.136777557 0.607234186
K:/c: 0.825925067 0.174074933 0.000000000
K:/crr: 0.000000000 0.978068259 0.021931741
K:/r: 0.716606138 0.269409049 0.013984814
KJ:/cc/c: 0.718239459 0.281760541 0.000000000
KJ:/cc/crr: 0.000000000 0.868807394 0.131192606
KJ:/cc/r: 0.382900338 0.362645441 0.254454221
KJ:/crc/c: 0.728378391 0.271621609 0.000000000
KJ:/crc/crr: 0.000000000 0.843818719 0.156181281
KJ:/crc/r: 0.542957767 0.305761869 0.151280364
KJ:/crrc/c: 0.682869873 0.317130127 0.000000000
KJ:/crrc/crr: 0.000000000 0.864811596 0.135188404
KJ:/crrc/r: 0.588683594 0.294384405 0.116932001
KJ:/rc/c: 0.680501935 0.319498065 0.000000000
KJ:/rc/crr: 0.000000000 0.867945288 0.132054712
KJ:/rc/r: 0.580662958 0.297459803 0.121877239
KJ:/rrc/c: 0.681406195 0.318593805 0.000000000
KJ:/rrc/crr: 0.000000000 0.910617851 0.089382149
KJ:/rrc/r: 0.580589917 0.296874565 0.122535518
KK:/cc/c: 0.939557847 0.060442153 0.000000000
KK:/cc/crr: 0.000000000 0.949424730 0.050575270
KK:/cc/r: 0.874677725 0.074292999 0.051029277
KK:/crc/c: 0.946656110 0.053343890 0.000000000
KK:/crc/crr: 0.000000000 0.947868233 0.052131767
KK:/crc/r: 0.815006927 0.121130818 0.063862254
KK:/crrc/c: 0.903708552 0.096291448 0.000000000
KK:/crrc/crr: 0.000000000 0.941521219 0.058478781
KK:/crrc/r: 0.840203981 0.111102923 0.048693096
KK:/rc/c: 0.890712756 0.109287244 0.000000000
KK:/rc/crr: 0.000000000 0.933521057 0.066478943
KK:/rc/r: 0.842080491 0.100377639 0.057541870
KK:/rrc/c: 0.919685338 0.080314662 0.000000000
KK:/rrc/crr: 0.000000000 0.961457114 0.038542886
KK:/rrc/r: 0.816498793 0.133479215 0.050021992
KQ:/cc/c: 0.693954156 0.306045844 0.000000000
KQ:/cc/crr: 0.000000000 0.832046009 0.167953991
KQ:/cc/r: 0.490379267 0.350543450 0.159077283
KQ:/crc/c: 0.604942872 0.395057128 0.000000000
KQ:/crc/crr: 0.000000000 0.840186687 0.159813313
KQ:/crc/r: 0.406908919 0.426863735 0.166227346
KQ:/crrc/c: 0.606240082 0.393759918 0.000000000
KQ:/crrc/crr: 0.000000000 0.878100775 0.121899225
KQ:/crrc/r: 0.497595662 0.354260899 0.148143439
KQ:/rc/c: 0.555689309 0.444310691 0.000000000
KQ:/rc/crr: 0.000000000 0.819747716 0.180252284
KQ:/rc/r: 0.523070315 0.352555809 0.124373876
KQ:/rrc/c: 0.563707285 0.436292715 0.000000000
KQ:/rrc/crr: 0.000000000 0.886461788 0.113538212
KQ:/rrc/r: 0.531351025 0.340922481 0.127726495
Q:/c: 0.237571768 0.762428232 0.000000000
Q:/crr: 0.000000000 0.941056800 0.058943200
Q:/r: 0.194797475 0.357519132 0.447683394
QJ:/cc/c: 0.236556883 0.763443117 0.000000000
QJ:/cc/crr: 0.000000000 0.341104472 0.658895528
QJ:/cc/r: 0.164151953 0.104981463 0.730866584
QJ:/crc/c: 0.456772205 0.543227795 0.000000000
QJ:/crc/crr: 0.000000000 0.599348473 0.400651527
QJ:/crc/r: 0.474614548 0.218744323 0.306641129
QJ:/crrc/c: 0.373949616 0.626050384 0.000000000
QJ:/crrc/crr: 0.000000000 0.521740611 0.478259389
QJ:/crrc/r: 0.459206237 0.227527620 0.313266144
QJ:/rc/c: 0.245529183 0.754470817 0.000000000
QJ:/rc/crr: 0.000000000 0.402516521 0.597483479
QJ:/rc/r: 0.183892871 0.147344648 0.668762481
QJ:/rrc/c: 0.292904901 0.707095099 0.000000000
QJ:/rrc/crr: 0.000000000 0.492187277 0.507812723
QJ:/rrc/r: 0.202615357 0.156113806 0.641270837
QK:/cc/c: 0.782897916 0.217102084 0.000000000
QK:/cc/crr: 0.000000000 0.846923110 0.153076890
QK:/cc/r: 0.579570031 0.301253628 0.119176341
QK:/crc/c: 0.566663852 0.433336148 0.000000000
QK:/crc/crr: 0.000000000 0.788778641 0.211221359
QK:/crc/r: 0.500877252 0.335382037 0.163740711
QK:/crrc/c: 0.568472417 0.431527583 0.000000000
QK:/crrc/crr: 0.000000000 0.831046040 0.168953960
QK:/crrc/r: 0.483459698 0.368027227 0.148513075
QK:/rc/c: 0.587732923 0.412267077 0.000000000
QK:/rc/crr: 0.000000000 0.844334832 0.155665168
QK:/rc/r: 0.321752324 0.434504962 0.243742714
QK:/rrc/c: 0.443005614 0.556994386 0.000000000
QK:/rrc/crr: 0.000000000 0.780217349 0.219782651
QK:/rrc/r: 0.365649902 0.382737721 0.251612377
QQ:/cc/c: 0.959550492 0.040449508 0.000000000
QQ:/cc/crr: 0.000000000 0.967100092 0.032899908
QQ:/cc/r: 0.872996977 0.076726253 0.050276770
QQ:/crc/c: 0.814793589 0.185206411 0.000000000
QQ:/crc/crr: 0.000000000 0.837426624 0.162573376
QQ:/crc/r: 0.670371405 0.216619506 0.113009089
QQ:/crrc/c: 0.827394836 0.172605164 0.000000000
QQ:/crrc/crr: 0.000000000 0.883841137 0.116158863
QQ:/crrc/r: 0.721743650 0.194014198 0.084242152
QQ:/rc/c: 0.929793937 0.070206063 0.000000000
QQ:/rc/crr: 0.000000000 0.951471569 0.048528431
QQ:/rc/r: 0.891434581 0.070241805 0.038323614
QQ:/rrc/c: 0.927602950 0.072397050 0.000000000
QQ:/rrc/crr: 0.000000000 0.957305467 0.042694533
QQ:/rrc/r: 0.893577974 0.072553480 0.033868546
