J:/c: 0.353381050 0.646618950 0.000000000
J:/crr: 0.000000000 0.591748900 0.408251100
J:/r: 0.080479280 0.121636558 0.797884161
JJ:/cc/c: 0.949497900 0.050502100 0.000000000
JJ:/cc/crr: 0.000000000 0.939368854 0.060631146
JJ:/cc/r: 0.872775340 0.073163881 0.054060779
JJ:/crc/c: 0.853946159 0.146053841 0.000000000
JJ:/crc/crr: 0.000000000 0.889839585 0.110160415
JJ:/crc/r: 0.697584648 0.202739018 0.099676334
JJ:/crrc/c: 0.776197901 0.223802099 0.000000000
JJ:/crrc/crr: 0.000000000 0.871256488 0.128743512
JJ:/crrc/r: 0.592606856 0.312625403 0.094767741
JJ:/rc/c: 0.870287190 0.129712810 0.000000000
JJ:/rc/crr: 0.000000000 0.911663408 0.088336592
JJ:/rc/r: 0.854857462 0.092309802 0.052832736
JJ:/rrc/c: 0.881097859 0.118902141 0.000000000
JJ:/rrc/crr: 0.000000000 0.939306364 0.060693636
JJ:/rrc/r: 0.827762717 0.117567344 0.054669939
JK:/cc/c: 0.186305116 0.813694884 0.000000000
JK:/cc/crr: 0.000000000 0.368738956 0.631261044
JK:/cc/r: 0.134374488 0.123298780 0.742326732
JK:/crc/c: 0.265852960 0.734147040 0.000000000
JK:/crc/crr: 0.000000000 0.359728152 0.640271848
JK:/crc/r: 0.324173457 0.144137045 0.531689498
JK:/crrc/c: 0.291789894 0.708210106 0.000000000
JK:/crrc/crr: 0.000000000 0.488031335 0.511968665
JK:/crrc/r: 0.393625667 0.176123820 0.430250513
JK:/rc/c: 0.300241938 0.699758062 0.000000000
JK:/rc/crr: 0.000000000 0.467227400 0.532772600
JK:/rc/r: 0.233338496 0.137695255 0.628966248
JK:/rrc/c: 0.327672455 0.672327545 0.000000000
JK:/rrc/crr: 0.000000000 0.427068228 0.572931772
JK:/rrc/r: 0.263682608 0.166600369 0.569717023
JQ:/cc/c: 0.197672693 0.802327307 0.000000000
JQ:/cc/crr: 0.000000000 0.488365084 0.511634916
JQ:/cc/r: 0.152216079 0.087839546 0.759944375
JQ:/crc/c: 0.359123825 0.640876175 0.000000000
JQ:/crc/crr: 0.000000000 0.561045185 0.438954815
JQ:/crc/r: 0.245978276 0.217112305 0.536909419
JQ:/crrc/c: 0.357878449 0.642121551 0.000000000
JQ:/crrc/crr: 0.000000000 0.376722138 0.623277862
JQ:/crrc/r: 0.425633303 0.167699233 0.406667464
JQ:/rc/c: 0.217185636 0.782814364 0.000000000
JQ:/rc/crr: 0.000000000 0.294395622 0.705604378
JQ:/rc/r: 0.237588522 0.174179182 0.588232296
JQ:/rrc/c: 0.303658249 0.696341751 0.000000000
JQ:/rrc/crr: 0.000000000 0.347211108 0.652788892
JQ:/rrc/r: 0.252715867 0.135029081 0.612255052
K:/c: 0.832911882 0.167088118 0.000000000
K:/crr: 0.000000000 0.978699240 0.021300760
K:/r: 0.723768299 0.262649183 0.013582518
KJ:/cc/c: 0.720849600 0.279150400 0.000000000
KJ:/cc/crr: 0.000000000 0.870561297 0.129438703
KJ:/cc/r: 0.379571169 0.367623055 0.252805777
KJ:/crc/c: 0.733054063 0.266945937 0.000000000
KJ:/crc/crr: 0.000000000 0.846607934 0.153392066
KJ:/crc/r: 0.545663775 0.305237481 0.149098744
KJ:/crrc/c: 0.688495629 0.311504371 0.000000000
KJ:/crrc/crr: 0.000000000 0.867293293 0.132706707
KJ:/crrc/r: 0.589432286 0.295227371 0.115340343
KJ:/rc/c: 0.682359352 0.317640648 0.000000000
KJ:/rc/crr: 0.000000000 0.869578816 0.130421184
KJ:/rc/r: 0.580673373 0.298717351 0.120609275
KJ:/rrc/c: 0.684909243 0.315090757 0.000000000
KJ:/rrc/crr: 0.000000000 0.911995970 0.088004030
KJ:/rrc/r: 0.580310568 0.299117196 0.120572236
KK:/cc/c: 0.940976648 0.059023352 0.000000000
KK:/cc/crr: 0.000000000 0.950642459 0.049357541
KK:/cc/r: 0.877923217 0.072369020 0.049707763
KK:/crc/c: 0.948630886 0.051369114 0.000000000
KK:/crc/crr: 0.000000000 0.949731147 0.050268853
KK:/crc/r: 0.821249547 0.117043240 0.061707213
KK:/crrc/c: 0.906566593 0.093433407 0.000000000
KK:/crrc/crr: 0.000000000 0.943140071 0.056859929
KK:/crrc/r: 0.844070211 0.108414812 0.047514977
KK:/rc/c: 0.892963407 0.107036593 0.000000000
KK:/rc/crr: 0.000000000 0.934898440 0.065101560
KK:/rc/r: 0.845206535 0.098390646 0.056402819
KK:/rrc/c: 0.921883249 0.078116751 0.000000000
KK:/rrc/crr: 0.000000000 0.962432111 0.037567889
KK:/rrc/r: 0.821047936 0.130170158 0.048781906
KQ:/cc/c: 0.696080751 0.303919249 0.000000000
KQ:/cc/crr: 0.000000000 0.833647261 0.166352739
KQ:/cc/r: 0.486084660 0.354390890 0.159524450
KQ:/crc/c: 0.606358371 0.393641629 0.000000000
KQ:/crc/crr: 0.000000000 0.842760530 0.157239470
KQ:/crc/r: 0.405550742 0.427080181 0.167369077
KQ:/crrc/c: 0.607444597 0.392555403 0.000000000
KQ:/crrc/crr: 0.000000000 0.879902556 0.120097444
KQ:/crrc/r: 0.497901075 0.356181646 0.145917279
KQ:/rc/c: 0.556488718 0.443511282 0.000000000
KQ:/rc/crr: 0.000000000 0.822069779 0.177930221
KQ:/rc/r: 0.525522022 0.351174742 0.123303236
KQ:/rrc/c: 0.564802190 0.435197810 0.000000000
KQ:/rrc/crr: 0.000000000 0.888584537 0.111415463
KQ:/rrc/r: 0.532704334 0.341746797 0.125548869
Q:/c: 0.232787763 0.767212237 0.000000000
Q:/crr: 0.000000000 0.941999735 0.058000265
Q:/r: 0.188944891 0.354703789 0.456351320
QJ:/cc/c: 0.234041444 0.765958556 0.000000000
QJ:/cc/crr: 0.000000000 0.343714490 0.656285510
QJ:/cc/r: 0.160011820 0.102333689 0.737654491
QJ:/crc/c: 0.459881656 0.540118344 0.000000000
QJ:/crc/crr: 0.000000000 0.603823591 0.396176409
QJ:/crc/r: 0.474134648 0.217910926 0.307954425
QJ:/crrc/c: 0.372632476 0.627367524 0.000000000
QJ:/crrc/crr: 0.000000000 0.524501019 0.475498981
QJ:/crrc/r: 0.456267723 0.227562258 0.316170019
QJ:/rc/c: 0.241571947 0.758428053 0.000000000
QJ:/rc/crr: 0.000000000 0.397348512 0.602651488
QJ:/rc/r: 0.179860644 0.144113815 0.676025542
QJ:/rrc/c: 0.290433281 0.709566719 0.000000000
QJ:/rrc/crr: 0.000000000 0.486617233 0.513382767
QJ:/rrc/r: 0.199786099 0.153933881 0.646280020
QK:/cc/c: 0.786598517 0.213401483 0.000000000
QK:/cc/crr: 0.000000000 0.849764488 0.150235512
QK:/cc/r: 0.582184123 0.300187615 0.117628263
QK:/crc/c: 0.569302462 0.430697538 0.000000000
QK:/crc/crr: 0.000000000 0.790430853 0.209569147
QK:/crc/r: 0.501778021 0.336063039 0.162158940
QK:/crrc/c: 0.569051328 0.430948672 0.000000000
QK:/crrc/crr: 0.000000000 0.832588843 0.167411157
QK:/crrc/r: 0.485219145 0.367481521 0.147299334
QK:/rc/c: 0.590723135 0.409276865 0.000000000
QK:/rc/crr: 0.000000000 0.846347344 0.153652656
QK:/rc/r: 0.312029855 0.429819738 0.258150408
QK:/rrc/c: 0.446894865 0.553105135 0.000000000
QK:/rrc/crr: 0.000000000 0.781778459 0.218221541
QK:/rrc/r: 0.357973856 0.384109410 0.257916734
QQ:/cc/c: 0.960829883 0.039170117 0.000000000
QQ:/cc/crr: 0.000000000 0.968186044 0.031813956
QQ:/cc/r: 0.876698134 0.074490275 0.048811590
QQ:/crc/c: 0.818228209 0.181771791 0.000000000
QQ:/crc/crr: 0.000000000 0.840995622 0.159004378
QQ:/crc/r: 0.675904449 0.212983397 0.111112153
QQ:/crrc/c: 0.830388825 0.169611175 0.000000000
QQ:/crrc/crr: 0.000000000 0.885943846 0.114056154
QQ:/crrc/r: 0.726111196 0.190968927 0.082919877
QQ:/rc/c: 0.932458759 0.067541241 0.000000000
QQ:/rc/crr: 0.000000000 0.953207506 0.046792494
QQ:/rc/r: 0.895249538 0.067773528 0.036976934
QQ:/rrc/c: 0.929535035 0.070464965 0.000000000
QQ:/rrc/crr: 0.000000000 0.958373967 0.041626033
QQ:/rrc/r: 0.896351938 0.070662323 0.032985739
