J:/c: 0.388449075 0.611550925 0.000000000
J:/crr: 0.000000000 0.587152793 0.412847207
J:/r: 0.078456489 0.118864894 0.802678617
JJ:/cc/c: 0.950793373 0.049206627 0.000000000
JJ:/cc/crr: 0.000000000 0.940916242 0.059083758
JJ:/cc/r: 0.875444010 0.071629192 0.052926798
JJ:/crc/c: 0.861250651 0.138749349 0.000000000
JJ:/crc/crr: 0.000000000 0.895287926 0.104712074
JJ:/crc/r: 0.706938894 0.196570880 0.096490226
JJ:/crrc/c: 0.785717559 0.214282441 0.000000000
JJ:/crrc/crr: 0.000000000 0.875973277 0.124026723
JJ:/crrc/r: 0.601567574 0.305790657 0.092641768
JJ:/rc/c: 0.874071617 0.125928383 0.000000000
JJ:/rc/crr: 0.000000000 0.914143169 0.085856831
JJ:/rc/r: 0.858734962 0.089843735 0.051421304
JJ:/rrc/c: 0.883086124 0.116913876 0.000000000
JJ:/rrc/crr: 0.000000000 0.940314511 0.059685489
JJ:/rrc/r: 0.831328697 0.115133244 0.053538059
JK:/cc/c: 0.183864882 0.816135118 0.000000000
JK:/cc/crr: 0.000000000 0.363520035 0.636479965
JK:/cc/r: 0.131979393 0.121101098 0.746919509
JK:/crc/c: 0.263180013 0.736819987 0.000000000
JK:/crc/crr: 0.000000000 0.356121415 0.643878585
JK:/crc/r: 0.319900453 0.141580827 0.538518720
JK:/crrc/c: 0.291757827 0.708242173 0.000000000
JK:/crrc/crr: 0.000000000 0.485749812 0.514250188
JK:/crrc/r: 0.391662832 0.174349502 0.433987666
JK:/rc/c: 0.297799684 0.702200316 0.000000000
JK:/rc/crr: 0.000000000 0.463443868 0.536556132
JK:/rc/r: 0.228740692 0.134982047 0.636277261
JK:/rrc/c: 0.326538118 0.673461882 0.000000000
JK:/rrc/crr: 0.000000000 0.425773136 0.574226864
JK:/rrc/r: 0.260218887 0.164339593 0.575441520
JQ:/cc/c: 0.196794674 0.803205326 0.000000000
JQ:/cc/crr: 0.000000000 0.491811404 0.508188596
JQ:/cc/r: 0.149151296 0.086070948 0.764777757
JQ:/crc/c: 0.353114749 0.646885251 0.000000000
JQ:/crc/crr: 0.000000000 0.553447601 0.446552399
JQ:/crc/r: 0.240645098 0.212471475 0.546883427
JQ:/crrc/c: 0.354599084 0.645400916 0.000000000
JQ:/crrc/crr: 0.000000000 0.372848616 0.627151384
JQ:/crrc/r: 0.420849780 0.167362422 0.411787798
JQ:/rc/c: 0.214675915 0.785324085 0.000000000
JQ:/rc/crr: 0.000000000 0.292005098 0.707994902
JQ:/rc/r: 0.233947857 0.171510164 0.594541980
JQ:/rrc/c: 0.300284966 0.699715034 0.000000000
JQ:/rrc/crr: 0.000000000 0.345109809 0.654890191
JQ:/rrc/r: 0.249670543 0.133401928 0.616927528
K:/c: 0.838690915 0.161309085 0.000000000
K:/crr: 0.000000000 0.979257834 0.020742166
K:/r: 0.728146039 0.258572524 0.013281437
KJ:/cc/c: 0.723256272 0.276743728 0.000000000
KJ:/cc/crr: 0.000000000 0.872291051 0.127708949
KJ:/cc/r: 0.377988231 0.369902003 0.252109766
KJ:/crc/c: 0.737549066 0.262450934 0.000000000
KJ:/crc/crr: 0.000000000 0.849448104 0.150551896
KJ:/crc/r: 0.546622447 0.306372374 0.147005178
KJ:/crrc/c: 0.690678892 0.309321108 0.000000000
KJ:/crrc/crr: 0.000000000 0.869196101 0.130803899
KJ:/crrc/r: 0.590191747 0.295919875 0.113888378
KJ:/rc/c: 0.684720622 0.315279378 0.000000000
KJ:/rc/crr: 0.000000000 0.871131101 0.128868899
KJ:/rc/r: 0.580954546 0.299500909 0.119544545
KJ:/rrc/c: 0.687857481 0.312142519 0.000000000
KJ:/rrc/crr: 0.000000000 0.913336546 0.086663454
KJ:/rrc/r: 0.582780530 0.298373484 0.118845986
KK:/cc/c: 0.942238115 0.057761885 0.000000000
KK:/cc/crr: 0.000000000 0.951731082 0.048268918
KK:/cc/r: 0.880954733 0.070571890 0.048473377
KK:/crc/c: 0.950368824 0.049631176 0.000000000
KK:/crc/crr: 0.000000000 0.951337979 0.048662021
KK:/crc/r: 0.826727014 0.113456673 0.059816313
KK:/crrc/c: 0.909432117 0.090567883 0.000000000
KK:/crrc/crr: 0.000000000 0.944747177 0.055252823
KK:/crrc/r: 0.847759275 0.105849881 0.046390844
KK:/rc/c: 0.895691802 0.104308198 0.000000000
KK:/rc/crr: 0.000000000 0.936516549 0.063483451
KK:/rc/r: 0.847546503 0.096903303 0.055550194
KK:/rrc/c: 0.923930748 0.076069252 0.000000000
KK:/rrc/crr: 0.000000000 0.963394917 0.036605083
KK:/rrc/r: 0.825304947 0.127073598 0.047621455
KQ:/cc/c: 0.698308778 0.301691222 0.000000000
KQ:/cc/crr: 0.000000000 0.835294614 0.164705386
KQ:/cc/r: 0.484034936 0.355973429 0.159991635
KQ:/crc/c: 0.607598647 0.392401353 0.000000000
KQ:/crc/crr: 0.000000000 0.845195009 0.154804991
KQ:/crc/r: 0.397086008 0.429389085 0.173524907
KQ:/crrc/c: 0.610268450 0.389731550 0.000000000
KQ:/crrc/crr: 0.000000000 0.881772786 0.118227214
KQ:/crrc/r: 0.498971695 0.356775662 0.144252643
KQ:/rc/c: 0.559492033 0.440507967 0.000000000
KQ:/rc/crr: 0.000000000 0.824271357 0.175728643
KQ:/rc/r: 0.525075364 0.352623188 0.122301448
KQ:/rrc/c: 0.564509038 0.435490962 0.000000000
KQ:/rrc/crr: 0.000000000 0.890460759 0.109539241
KQ:/rrc/r: 0.535014877 0.341285558 0.123699566
Q:/c: 0.226205971 0.773794029 0.000000000
Q:/crr: 0.000000000 0.942909834 0.057090166
Q:/r: 0.181046037 0.355852945 0.463101018
QJ:/cc/c: 0.231824481 0.768175519 0.000000000
QJ:/cc/crr: 0.000000000 0.347141945 0.652858055
QJ:/cc/r: 0.156495263 0.100084716 0.743420021
QJ:/crc/c: 0.460367709 0.539632291 0.000000000
QJ:/crc/crr: 0.000000000 0.605005674 0.394994326
QJ:/crc/r: 0.471771257 0.217828350 0.310400393
QJ:/crrc/c: 0.370436316 0.629563684 0.000000000
QJ:/crrc/crr: 0.000000000 0.523082387 0.476917613
QJ:/crrc/r: 0.453439765 0.226338047 0.320222188
QJ:/rc/c: 0.238185554 0.761814446 0.000000000
QJ:/rc/crr: 0.000000000 0.393377879 0.606622121
QJ:/rc/r: 0.176338016 0.141291300 0.682370685
QJ:/rrc/c: 0.286468626 0.713531374 0.000000000
QJ:/rrc/crr: 0.000000000 0.481258984 0.518741016
QJ:/rrc/r: 0.197175092 0.151922117 0.650902791
QK:/cc/c: 0.789925437 0.210074563 0.000000000
QK:/cc/crr: 0.000000000 0.852332944 0.147667056
QK:/cc/r: 0.585923958 0.297973207 0.116102835
QK:/crc/c: 0.571359851 0.428640149 0.000000000
QK:/crc/crr: 0.000000000 0.792057737 0.207942263
QK:/crc/r: 0.502456956 0.336419189 0.161123854
QK:/crrc/c: 0.570039011 0.429960989 0.000000000
QK:/crrc/crr: 0.000000000 0.834122315 0.165877685
QK:/crrc/r: 0.485294884 0.368403311 0.146301806
QK:/rc/c: 0.592088726 0.407911274 0.000000000
QK:/rc/crr: 0.000000000 0.848140156 0.151859844
QK:/rc/r: 0.304186504 0.424580397 0.271233099
QK:/rrc/c: 0.446909130 0.553090870 0.000000000
QK:/rrc/crr: 0.000000000 0.783315294 0.216684706
QK:/rrc/r: 0.350026977 0.381201642 0.268771380
QQ:/cc/c: 0.961982498 0.038017502 0.000000000
QQ:/cc/crr: 0.000000000 0.969080457 0.030919543
QQ:/cc/r: 0.880132321 0.072415583 0.047452097
QQ:/crc/c: 0.820726748 0.179273252 0.000000000
QQ:/crc/crr: 0.000000000 0.843210324 0.156789676
QQ:/crc/r: 0.679550019 0.210587666 0.109862315
QQ:/crrc/c: 0.834102599 0.165897401 0.000000000
QQ:/crrc/crr: 0.000000000 0.888085310 0.111914690
QQ:/crrc/r: 0.730324065 0.188031505 0.081644430
QQ:/rc/c: 0.934786661 0.065213339 0.000000000
QQ:/rc/crr: 0.000000000 0.954706467 0.045293533
QQ:/rc/r: 0.898696962 0.065543046 0.035759993
QQ:/rrc/c: 0.931165960 0.068834040 0.000000000
QQ:/rrc/crr: 0.000000000 0.959286080 0.040713920
QQ:/rrc/r: 0.898659047 0.069089446 0.032251507
