J:/c: 0.396682766 0.603317234 0.000000000
J:/crr: 0.000000000 0.589022646 0.410977354
J:/r: 0.077378484 0.119392440 0.803229076
JJ:/cc/c: 0.951378936 0.048621064 0.000000000
JJ:/cc/crr: 0.000000000 0.941579260 0.058420740
JJ:/cc/r: 0.876793874 0.070852917 0.052353209
JJ:/crc/c: 0.863313091 0.136686909 0.000000000
JJ:/crc/crr: 0.000000000 0.897118144 0.102881856
JJ:/crc/r: 0.711117084 0.193861703 0.095021213
JJ:/crrc/c: 0.790603058 0.209396942 0.000000000
JJ:/crrc/crr: 0.000000000 0.878818033 0.121181967
JJ:/crrc/r: 0.607787992 0.301016584 0.091195424
JJ:/rc/c: 0.875641987 0.124358013 0.000000000
JJ:/rc/crr: 0.000000000 0.915371011 0.084628989
JJ:/rc/r: 0.860556615 0.088685174 0.050758211
JJ:/rrc/c: 0.884308610 0.115691390 0.000000000
JJ:/rrc/crr: 0.000000000 0.940980140 0.059019860
JJ:/rrc/r: 0.833034380 0.113968963 0.052996657
JK:/cc/c: 0.182885585 0.817114415 0.000000000
JK:/cc/crr: 0.000000000 0.360467024 0.639532976
JK:/cc/r: 0.130852777 0.120067342 0.749079881
JK:/crc/c: 0.260770645 0.739229355 0.000000000
JK:/crc/crr: 0.000000000 0.354503334 0.645496666
JK:/crc/r: 0.315897567 0.139875188 0.544227245
JK:/crrc/c: 0.290389364 0.709610636 0.000000000
JK:/crrc/crr: 0.000000000 0.485068925 0.514931075
JK:/crrc/r: 0.389728467 0.173687728 0.436583805
JK:/rc/c: 0.300174626 0.699825374 0.000000000
JK:/rc/crr: 0.000000000 0.464135973 0.535864027
JK:/rc/r: 0.226772968 0.133820875 0.639406157
JK:/rrc/c: 0.325913082 0.674086918 0.000000000
JK:/rrc/crr: 0.000000000 0.425331259 0.574668741
JK:/rrc/r: 0.258281429 0.163116004 0.578602567
JQ:/cc/c: 0.196323386 0.803676614 0.000000000
JQ:/cc/crr: 0.000000000 0.493363272 0.506636728
JQ:/cc/r: 0.147736881 0.085254729 0.767008390
JQ:/crc/c: 0.351745577 0.648254423 0.000000000
JQ:/crc/crr: 0.000000000 0.553323365 0.446676635
JQ:/crc/r: 0.238346430 0.210209270 0.551444300
JQ:/crrc/c: 0.351438063 0.648561937 0.000000000
JQ:/crrc/crr: 0.000000000 0.370764853 0.629235147
JQ:/crrc/r: 0.417716246 0.166287184 0.415996569
JQ:/rc/c: 0.213747067 0.786252933 0.000000000
JQ:/rc/crr: 0.000000000 0.291145291 0.708854709
JQ:/rc/r: 0.232371308 0.170354375 0.597274317
JQ:/rrc/c: 0.298369633 0.701630367 0.000000000
JQ:/rrc/crr: 0.000000000 0.344214463 0.655785537
JQ:/rrc/r: 0.248149255 0.132589086 0.619261659
K:/c: 0.840828609 0.159171391 0.000000000
K:/crr: 0.000000000 0.979501348 0.020498652
K:/r: 0.731240174 0.255639489 0.013120338
KJ:/cc/c: 0.724608393 0.275391607 0.000000000
KJ:/cc/crr: 0.000000000 0.873294246 0.126705754
KJ:/cc/r: 0.376721844 0.372102455 0.251175701
KJ:/crc/c: 0.739913477 0.260086523 0.000000000
KJ:/crc/crr: 0.000000000 0.850732558 0.149267442
KJ:/crc/r: 0.547909454 0.306071055 0.146019491
KJ:/crrc/c: 0.691298114 0.308701886 0.000000000
KJ:/crrc/crr: 0.000000000 0.870188194 0.129811806
KJ:/crrc/r: 0.589436127 0.297341715 0.113222158
KJ:/rc/c: 0.686005551 0.313994449 0.000000000
KJ:/rc/crr: 0.000000000 0.871919873 0.128080127
KJ:/rc/r: 0.581906037 0.299049238 0.119044725
KJ:/rrc/c: 0.688596161 0.311403839 0.000000000
KJ:/rrc/crr: 0.000000000 0.913938198 0.086061802
KJ:/rrc/r: 0.584066329 0.297859541 0.118074130
KK:/cc/c: 0.942764168 0.057235832 0.000000000
KK:/cc/crr: 0.000000000 0.952233124 0.047766876
KK:/cc/r: 0.882327758 0.069757939 0.047914302
KK:/crc/c: 0.951208038 0.048791962 0.000000000
KK:/crc/crr: 0.000000000 0.952059491 0.047940509
KK:/crc/r: 0.829481798 0.111652880 0.058865322
KK:/crrc/c: 0.910678891 0.089321109 0.000000000
KK:/crrc/crr: 0.000000000 0.945360785 0.054639215
KK:/crrc/r: 0.849399691 0.104709333 0.045890976
KK:/rc/c: 0.896627480 0.103372520 0.000000000
KK:/rc/crr: 0.000000000 0.937126534 0.062873466
KK:/rc/r: 0.848955645 0.096007617 0.055036738
KK:/rrc/c: 0.924718016 0.075281984 0.000000000
KK:/rrc/crr: 0.000000000 0.963770398 0.036229602
KK:/rrc/r: 0.827247024 0.125660926 0.047092050
KQ:/cc/c: 0.699553223 0.300446777 0.000000000
KQ:/cc/crr: 0.000000000 0.836087166 0.163912834
KQ:/cc/r: 0.480367838 0.359395482 0.160236679
KQ:/crc/c: 0.609030337 0.390969663 0.000000000
KQ:/crc/crr: 0.000000000 0.846283209 0.153716791
KQ:/crc/r: 0.394464880 0.428513019 0.177022101
KQ:/crrc/c: 0.611631154 0.388368846 0.000000000
KQ:/crrc/crr: 0.000000000 0.882544601 0.117455399
KQ:/crrc/r: 0.499216018 0.357346165 0.143437817
KQ:/rc/c: 0.560066354 0.439933646 0.000000000
KQ:/rc/crr: 0.000000000 0.825138490 0.174861510
KQ:/rc/r: 0.525222748 0.352987099 0.121790154
KQ:/rrc/c: 0.566827999 0.433172001 0.000000000
KQ:/rrc/crr: 0.000000000 0.891284576 0.108715424
KQ:/rrc/r: 0.537004505 0.340161305 0.122834190
Q:/c: 0.224760203 0.775239797 0.000000000
Q:/crr: 0.000000000 0.943360540 0.056639460
Q:/r: 0.177965112 0.360447665 0.461587223
QJ:/cc/c: 0.230866732 0.769133268 0.000000000
QJ:/cc/crr: 0.000000000 0.345048597 0.654951403
QJ:/cc/r: 0.154673786 0.098919812 0.746406403
QJ:/crc/c: 0.459974878 0.540025122 0.000000000
QJ:/crc/crr: 0.000000000 0.605022096 0.394977904
QJ:/crc/r: 0.470638286 0.217882868 0.311478846
QJ:/crrc/c: 0.369046145 0.630953855 0.000000000
QJ:/crrc/crr: 0.000000000 0.521960889 0.478039111
QJ:/crrc/r: 0.451116666 0.225969198 0.322914136
QJ:/rc/c: 0.236198056 0.763801944 0.000000000
QJ:/rc/crr: 0.000000000 0.389900852 0.610099148
QJ:/rc/r: 0.174634029 0.139925976 0.685439995
QJ:/rrc/c: 0.285132809 0.714867191 0.000000000
QJ:/rrc/crr: 0.000000000 0.479033367 0.520966633
QJ:/rrc/r: 0.196032953 0.151042107 0.652924940
QK:/cc/c: 0.791384388 0.208615612 0.000000000
QK:/cc/crr: 0.000000000 0.853464648 0.146535352
QK:/cc/r: 0.585836550 0.298736963 0.115426487
QK:/crc/c: 0.572425758 0.427574242 0.000000000
QK:/crc/crr: 0.000000000 0.792739197 0.207260803
QK:/crc/r: 0.502409808 0.337033701 0.160556490
QK:/crrc/c: 0.570808101 0.429191899 0.000000000
QK:/crrc/crr: 0.000000000 0.834622530 0.165377470
QK:/crrc/r: 0.486651986 0.367626299 0.145721715
QK:/rc/c: 0.593572624 0.406427376 0.000000000
QK:/rc/crr: 0.000000000 0.849270866 0.150729134
QK:/rc/r: 0.301183986 0.422720921 0.276095094
QK:/rrc/c: 0.446499372 0.553500628 0.000000000
QK:/rrc/crr: 0.000000000 0.784237697 0.215762303
QK:/rrc/r: 0.346385469 0.379175766 0.274438765
QQ:/cc/c: 0.962537487 0.037462513 0.000000000
QQ:/cc/crr: 0.000000000 0.969504933 0.030495067
QQ:/cc/r: 0.881674628 0.071483829 0.046841542
QQ:/crc/c: 0.821734647 0.178265353 0.000000000
QQ:/crc/crr: 0.000000000 0.844450964 0.155549036
QQ:/crc/r: 0.681080583 0.209581837 0.109337580
QQ:/crrc/c: 0.836485302 0.163514698 0.000000000
QQ:/crrc/crr: 0.000000000 0.889159949 0.110840051
QQ:/crrc/r: 0.732383170 0.186595794 0.081021036
QQ:/rc/c: 0.935888209 0.064111791 0.000000000
QQ:/rc/crr: 0.000000000 0.955456581 0.044543419
QQ:/rc/r: 0.900366245 0.064463020 0.035170735
QQ:/rrc/c: 0.931997589 0.068002411 0.000000000
QQ:/rrc/crr: 0.000000000 0.959737854 0.040262146
QQ:/rrc/r: 0.899735307 0.068355703 0.031908990
