J:/c: 0.425671887 0.574328113 0.000000000
J:/crr: 0.000000000 0.583241351 0.416758649
J:/r: 0.072973527 0.127372040 0.799654432
JJ:/cc/c: 0.953417512 0.046582488 0.000000000
JJ:/cc/crr: 0.000000000 0.943997250 0.056002750
JJ:/cc/r: 0.881039144 0.068411564 0.050549293
JJ:/crc/c: 0.874059857 0.125940143 0.000000000
JJ:/crc/crr: 0.000000000 0.905424198 0.094575802
JJ:/crc/r: 0.728230506 0.182567839 0.089201656
JJ:/crrc/c: 0.804959657 0.195040343 0.000000000
JJ:/crrc/crr: 0.000000000 0.887704920 0.112295080
JJ:/crrc/r: 0.628295478 0.285377407 0.086327115
JJ:/rc/c: 0.881959957 0.118040043 0.000000000
JJ:/rc/crr: 0.000000000 0.919554236 0.080445764
JJ:/rc/r: 0.867781021 0.084090494 0.048128485
JJ:/rrc/c: 0.888357266 0.111642734 0.000000000
JJ:/rrc/crr: 0.000000000 0.943047936 0.056952064
JJ:/rrc/r: 0.838799199 0.110033958 0.051166843
JK:/cc/c: 0.179272120 0.820727880 0.000000000
JK:/cc/crr: 0.000000000 0.352081137 0.647918863
JK:/cc/r: 0.126890551 0.116431700 0.756677749
JK:/crc/c: 0.254630309 0.745369691 0.000000000
JK:/crc/crr: 0.000000000 0.347081575 0.652918425
JK:/crc/r: 0.304924701 0.134813986 0.560261313
JK:/crrc/c: 0.293811470 0.706188530 0.000000000
JK:/crrc/crr: 0.000000000 0.478473837 0.521526163
JK:/crrc/r: 0.382771423 0.171229257 0.445999321
JK:/rc/c: 0.293641255 0.706358745 0.000000000
JK:/rc/crr: 0.000000000 0.460357918 0.539642082
JK:/rc/r: 0.219172382 0.129335697 0.651491921
JK:/rrc/c: 0.324511149 0.675488851 0.000000000
JK:/rrc/crr: 0.000000000 0.424322935 0.575677065
JK:/rrc/r: 0.252214760 0.159284638 0.588500602
JQ:/cc/c: 0.194375594 0.805624406 0.000000000
JQ:/cc/crr: 0.000000000 0.496470705 0.503529295
JQ:/cc/r: 0.142838416 0.082427965 0.774733619
JQ:/crc/c: 0.336088747 0.663911253 0.000000000
JQ:/crc/crr: 0.000000000 0.541323178 0.458676822
JQ:/crc/r: 0.226305732 0.199546027 0.574148241
JQ:/crrc/c: 0.341776189 0.658223811 0.000000000
JQ:/crrc/crr: 0.000000000 0.362182696 0.637817304
JQ:/crrc/r: 0.402468552 0.161984602 0.435546846
JQ:/rc/c: 0.209077488 0.790922512 0.000000000
JQ:/rc/crr: 0.000000000 0.286883037 0.713116963
JQ:/rc/r: 0.226294863 0.165899656 0.607805480
JQ:/rrc/c: 0.293669591 0.706330409 0.000000000
JQ:/rrc/crr: 0.000000000 0.340144598 0.659855402
JQ:/rrc/r: 0.243067032 0.129873594 0.627059373
K:/c: 0.849233701 0.150766299 0.000000000
K:/crr: 0.000000000 0.980458158 0.019541842
K:/r: 0.731670081 0.255743303 0.012586616
KJ:/cc/c: 0.728021820 0.271978180 0.000000000
KJ:/cc/crr: 0.000000000 0.876141828 0.123858172
KJ:/cc/r: 0.373645456 0.377847046 0.248507498
KJ:/crc/c: 0.748535340 0.251464660 0.000000000
KJ:/crc/crr: 0.000000000 0.855569965 0.144430035
KJ:/crc/r: 0.551396676 0.306380212 0.142223112
KJ:/crrc/c: 0.698843518 0.301156482 0.000000000
KJ:/crrc/crr: 0.000000000 0.874048240 0.125951760
KJ:/crrc/r: 0.588185811 0.301216391 0.110597798
KJ:/rc/c: 0.689260263 0.310739737 0.000000000
KJ:/rc/crr: 0.000000000 0.874465649 0.125534351
KJ:/rc/r: 0.583669898 0.299114755 0.117215346
KJ:/rrc/c: 0.692635677 0.307364323 0.000000000
KJ:/rrc/crr: 0.000000000 0.916142529 0.083857471
KJ:/rrc/r: 0.584420406 0.300527379 0.115052215
KK:/cc/c: 0.944823000 0.055177000 0.000000000
KK:/cc/crr: 0.000000000 0.954024315 0.045975685
KK:/cc/r: 0.887188206 0.066876590 0.045935204
KK:/crc/c: 0.954070119 0.045929881 0.000000000
KK:/crc/crr: 0.000000000 0.954787172 0.045212828
KK:/crc/r: 0.839112220 0.105347017 0.055540763
KK:/crrc/c: 0.915238336 0.084761664 0.000000000
KK:/crrc/crr: 0.000000000 0.947877806 0.052122194
KK:/crrc/r: 0.855960045 0.100148053 0.043891903
KK:/rc/c: 0.900367480 0.099632520 0.000000000
KK:/rc/crr: 0.000000000 0.939516695 0.060483305
KK:/rc/r: 0.854373047 0.092564179 0.053062774
KK:/rrc/c: 0.928221977 0.071778023 0.000000000
KK:/rrc/crr: 0.000000000 0.965360026 0.034639974
KK:/rrc/r: 0.834631257 0.120289617 0.045079125
KQ:/cc/c: 0.703379955 0.296620045 0.000000000
KQ:/cc/crr: 0.000000000 0.839129583 0.160870417
KQ:/cc/r: 0.468720527 0.370421010 0.160858463
KQ:/crc/c: 0.610962556 0.389037444 0.000000000
KQ:/crc/crr: 0.000000000 0.850237182 0.149762818
KQ:/crc/r: 0.378653648 0.434789383 0.186556969
KQ:/crrc/c: 0.615920460 0.384079540 0.000000000
KQ:/crrc/crr: 0.000000000 0.885341214 0.114658786
KQ:/crrc/r: 0.501759922 0.357941013 0.140299065
KQ:/rc/c: 0.559647802 0.440352198 0.000000000
KQ:/rc/crr: 0.000000000 0.828360820 0.171639180
KQ:/rc/r: 0.529278005 0.350908264 0.119813731
KQ:/rrc/c: 0.572327377 0.427672623 0.000000000
KQ:/rrc/crr: 0.000000000 0.894545711 0.105454289
KQ:/rrc/r: 0.539131470 0.341371856 0.119496674
Q:/c: 0.220659207 0.779340793 0.000000000
Q:/crr: 0.000000000 0.944980727 0.055019273
Q:/r: 0.165414641 0.351316022 0.483269337
QJ:/cc/c: 0.225584113 0.774415887 0.000000000
QJ:/cc/crr: 0.000000000 0.342129918 0.657870082
QJ:/cc/r: 0.148063679 0.094692395 0.757243925
QJ:/crc/c: 0.463493400 0.536506600 0.000000000
QJ:/crc/crr: 0.000000000 0.609369141 0.390630859
QJ:/crc/r: 0.470404516 0.216770462 0.312825021
QJ:/crrc/c: 0.366243773 0.633756227 0.000000000
QJ:/crrc/crr: 0.000000000 0.518953503 0.481046497
QJ:/crrc/r: 0.446284198 0.223924955 0.329790847
QJ:/rc/c: 0.229324795 0.770675205 0.000000000
QJ:/rc/crr: 0.000000000 0.378915594 0.621084406
QJ:/rc/r: 0.168378363 0.134913607 0.696708031
QJ:/rrc/c: 0.279658659 0.720341341 0.000000000
QJ:/rrc/crr: 0.000000000 0.471570204 0.528429796
QJ:/rrc/r: 0.191671212 0.147681414 0.660647374
QK:/cc/c: 0.796509588 0.203490412 0.000000000
QK:/cc/crr: 0.000000000 0.857793272 0.142206728
QK:/cc/r: 0.590678627 0.296444203 0.112877171
QK:/crc/c: 0.576297521 0.423702479 0.000000000
QK:/crc/crr: 0.000000000 0.795963770 0.204036230
QK:/crc/r: 0.503724034 0.337860131 0.158415835
QK:/crrc/c: 0.573084328 0.426915672 0.000000000
QK:/crrc/crr: 0.000000000 0.837167954 0.162832046
QK:/crrc/r: 0.484959860 0.371493351 0.143546789
QK:/rc/c: 0.598065320 0.401934680 0.000000000
QK:/rc/crr: 0.000000000 0.852318790 0.147681210
QK:/rc/r: 0.285169330 0.416989391 0.297841279
QK:/rrc/c: 0.448687369 0.551312631 0.000000000
QK:/rrc/crr: 0.000000000 0.786311093 0.213688907
QK:/rrc/r: 0.334901252 0.372281670 0.292817078
QQ:/cc/c: 0.964492706 0.035507294 0.000000000
QQ:/cc/crr: 0.000000000 0.971121724 0.028878276
QQ:/cc/r: 0.887622941 0.067890279 0.044486780
QQ:/crc/c: 0.827112302 0.172887698 0.000000000
QQ:/crc/crr: 0.000000000 0.850339941 0.149660059
QQ:/crc/r: 0.687601764 0.205296362 0.107101873
QQ:/crrc/c: 0.842339290 0.157660710 0.000000000
QQ:/crrc/crr: 0.000000000 0.892603475 0.107396525
QQ:/crrc/r: 0.741048503 0.180553892 0.078397605
QQ:/rc/c: 0.939611507 0.060388493 0.000000000
QQ:/rc/crr: 0.000000000 0.957965838 0.042034162
QQ:/rc/r: 0.905895178 0.060885801 0.033219021
QQ:/rrc/c: 0.934561716 0.065438284 0.000000000
QQ:/rrc/crr: 0.000000000 0.961151296 0.038848704
QQ:/rrc/r: 0.903499207 0.065789654 0.030711138
