J:/c: 0.425167070 0.574832930 0.000000000
J:/crr: 0.000000000 0.572493159 0.427506841
J:/r: 0.070280768 0.131793513 0.797925719
JJ:/cc/c: 0.955271890 0.044728110 0.000000000
JJ:/cc/crr: 0.000000000 0.946157153 0.053842847
JJ:/cc/r: 0.885265582 0.065981039 0.048753379
JJ:/crc/c: 0.884519545 0.115480455 0.000000000
JJ:/crc/crr: 0.000000000 0.913842643 0.086157357
JJ:/crc/r: 0.744154945 0.172066408 0.083778648
JJ:/crrc/c: 0.817402744 0.182597256 0.000000000
JJ:/crrc/crr: 0.000000000 0.896044165 0.103955835
JJ:/crrc/r: 0.647912601 0.270329093 0.081758306
JJ:/rc/c: 0.887133758 0.112866242 0.000000000
JJ:/rc/crr: 0.000000000 0.923335647 0.076664353
JJ:/rc/r: 0.873921438 0.080185225 0.045893337
JJ:/rrc/c: 0.891659398 0.108340602 0.000000000
JJ:/rrc/crr: 0.000000000 0.944772651 0.055227349
JJ:/rrc/r: 0.843935703 0.106527835 0.049536462
JK:/cc/c: 0.176090867 0.823909133 0.000000000
JK:/cc/crr: 0.000000000 0.346149085 0.653850915
JK:/cc/r: 0.123378171 0.113208825 0.763413004
JK:/crc/c: 0.247287542 0.752712458 0.000000000
JK:/crc/crr: 0.000000000 0.343563989 0.656436011
JK:/crc/r: 0.293046504 0.129495151 0.577458346
JK:/crrc/c: 0.289731667 0.710268333 0.000000000
JK:/crrc/crr: 0.000000000 0.471177953 0.528822047
JK:/crrc/r: 0.373315117 0.169731080 0.456953803
JK:/rc/c: 0.288554250 0.711445750 0.000000000
JK:/rc/crr: 0.000000000 0.455963498 0.544036502
JK:/rc/r: 0.212811281 0.125581951 0.661606768
JK:/rrc/c: 0.320976629 0.679023371 0.000000000
JK:/rrc/crr: 0.000000000 0.421697367 0.578302633
JK:/rrc/r: 0.247178924 0.156104287 0.596716789
JQ:/cc/c: 0.192025803 0.807974197 0.000000000
JQ:/cc/crr: 0.000000000 0.496141942 0.503858058
JQ:/cc/r: 0.138293837 0.079805418 0.781900745
JQ:/crc/c: 0.330244288 0.669755712 0.000000000
JQ:/crc/crr: 0.000000000 0.529961469 0.470038531
JQ:/crc/r: 0.216277922 0.190523647 0.593198431
JQ:/crrc/c: 0.332217647 0.667782353 0.000000000
JQ:/crrc/crr: 0.000000000 0.353318434 0.646681566
JQ:/crrc/r: 0.385489451 0.159294232 0.455216317
JQ:/rc/c: 0.205253882 0.794746118 0.000000000
JQ:/rc/crr: 0.000000000 0.283812913 0.716187087
JQ:/rc/r: 0.221212994 0.162174073 0.616612933
JQ:/rrc/c: 0.288891968 0.711108032 0.000000000
JQ:/rrc/crr: 0.000000000 0.336882347 0.663117653
JQ:/rrc/r: 0.239049442 0.127726948 0.633223610
K:/c: 0.857876370 0.142123630 0.000000000
K:/crr: 0.000000000 0.981306350 0.018693650
K:/r: 0.737812525 0.250063816 0.012123658
KJ:/cc/c: 0.731128042 0.268871958 0.000000000
KJ:/cc/crr: 0.000000000 0.878493885 0.121506115
KJ:/cc/r: 0.370122332 0.383493014 0.246384654
KJ:/crc/c: 0.755778180 0.244221820 0.000000000
KJ:/crc/crr: 0.000000000 0.859941825 0.140058175
KJ:/crc/r: 0.554293211 0.306964570 0.138742220
KJ:/crrc/c: 0.706663464 0.293336536 0.000000000
KJ:/crrc/crr: 0.000000000 0.877616148 0.122383852
KJ:/crrc/r: 0.587586148 0.304334460 0.108079392
KJ:/rc/c: 0.693386772 0.306613228 0.000000000
KJ:/rc/crr: 0.000000000 0.876726238 0.123273762
KJ:/rc/r: 0.585804800 0.298601874 0.115593326
KJ:/rrc/c: 0.696647913 0.303352087 0.000000000
KJ:/rrc/crr: 0.000000000 0.917948770 0.082051230
KJ:/rrc/r: 0.586020439 0.301440420 0.112539142
KK:/cc/c: 0.946547859 0.053452141 0.000000000
KK:/cc/crr: 0.000000000 0.955538292 0.044461708
KK:/cc/r: 0.891133367 0.064537837 0.044328796
KK:/crc/c: 0.956651244 0.043348756 0.000000000
KK:/crc/crr: 0.000000000 0.957175009 0.042824991
KK:/crc/r: 0.848331596 0.099310302 0.052358102
KK:/crrc/c: 0.919019081 0.080980919 0.000000000
KK:/crrc/crr: 0.000000000 0.949885007 0.050114993
KK:/crrc/r: 0.861736947 0.096131490 0.042131563
KK:/rc/c: 0.903329639 0.096670361 0.000000000
KK:/rc/crr: 0.000000000 0.941420416 0.058579584
KK:/rc/r: 0.858031389 0.090238844 0.051729767
KK:/rrc/c: 0.930964026 0.069035974 0.000000000
KK:/rrc/crr: 0.000000000 0.966628649 0.033371351
KK:/rrc/r: 0.840801844 0.115801118 0.043397038
KQ:/cc/c: 0.706429607 0.293570393 0.000000000
KQ:/cc/crr: 0.000000000 0.841536903 0.158463097
KQ:/cc/r: 0.460720604 0.379280337 0.159999059
KQ:/crc/c: 0.607853321 0.392146679 0.000000000
KQ:/crc/crr: 0.000000000 0.853583982 0.146416018
KQ:/crc/r: 0.367132953 0.437012694 0.195854354
KQ:/crrc/c: 0.619926053 0.380073947 0.000000000
KQ:/crrc/crr: 0.000000000 0.888127900 0.111872100
KQ:/crrc/r: 0.500983964 0.361554337 0.137461698
KQ:/rc/c: 0.560180438 0.439819562 0.000000000
KQ:/rc/crr: 0.000000000 0.831490713 0.168509287
KQ:/rc/r: 0.530083887 0.351808051 0.118108062
KQ:/rrc/c: 0.574254812 0.425745188 0.000000000
KQ:/rrc/crr: 0.000000000 0.897327801 0.102672199
KQ:/rrc/r: 0.542015658 0.341345949 0.116638393
Q:/c: 0.213727249 0.786272751 0.000000000
Q:/crr: 0.000000000 0.946464686 0.053535314
Q:/r: 0.154899086 0.354940333 0.490160581
QJ:/cc/c: 0.221028236 0.778971764 0.000000000
QJ:/cc/crr: 0.000000000 0.337434876 0.662565124
QJ:/cc/r: 0.141817881 0.090697969 0.767484150
QJ:/crc/c: 0.470207995 0.529792005 0.000000000
QJ:/crc/crr: 0.000000000 0.615349081 0.384650919
QJ:/crc/r: 0.472232929 0.215279504 0.312487567
QJ:/crrc/c: 0.366076626 0.633923374 0.000000000
QJ:/crrc/crr: 0.000000000 0.515611203 0.484388797
QJ:/crrc/r: 0.441506012 0.221097043 0.337396945
QJ:/rc/c: 0.223645014 0.776354986 0.000000000
QJ:/rc/crr: 0.000000000 0.368179205 0.631820795
QJ:/rc/r: 0.163113445 0.130695077 0.706191478
QJ:/rrc/c: 0.275311009 0.724688991 0.000000000
QJ:/rrc/crr: 0.000000000 0.464106613 0.535893387
QJ:/rrc/r: 0.187810882 0.144707055 0.667482064
QK:/cc/c: 0.801195451 0.198804549 0.000000000
QK:/cc/crr: 0.000000000 0.861665086 0.138334914
QK:/cc/r: 0.592472462 0.296727941 0.110799597
QK:/crc/c: 0.578778164 0.421221836 0.000000000
QK:/crc/crr: 0.000000000 0.798854655 0.201145345
QK:/crc/r: 0.505500811 0.337982037 0.156517152
QK:/crrc/c: 0.571267510 0.428732490 0.000000000
QK:/crrc/crr: 0.000000000 0.839298983 0.160701017
QK:/crrc/r: 0.483623554 0.374381686 0.141994760
QK:/rc/c: 0.602058584 0.397941416 0.000000000
QK:/rc/crr: 0.000000000 0.855084024 0.144915976
QK:/rc/r: 0.273020362 0.406975166 0.320004472
QK:/rrc/c: 0.447339050 0.552660950 0.000000000
QK:/rrc/crr: 0.000000000 0.788449945 0.211550055
QK:/rrc/r: 0.323978946 0.368398429 0.307622625
QQ:/cc/c: 0.966149062 0.033850938 0.000000000
QQ:/cc/crr: 0.000000000 0.972473429 0.027526571
QQ:/cc/r: 0.893092967 0.064585676 0.042321357
QQ:/crc/c: 0.832510384 0.167489616 0.000000000
QQ:/crc/crr: 0.000000000 0.854250849 0.145749151
QQ:/crc/r: 0.693738107 0.201276229 0.104985664
QQ:/crrc/c: 0.848399204 0.151600796 0.000000000
QQ:/crrc/crr: 0.000000000 0.896379916 0.103620084
QQ:/crrc/r: 0.750002016 0.174311056 0.075686927
QQ:/rc/c: 0.942680759 0.057319241 0.000000000
QQ:/rc/crr: 0.000000000 0.959988903 0.040011097
QQ:/rc/r: 0.910752998 0.057742792 0.031504209
QQ:/rrc/c: 0.936729815 0.063270185 0.000000000
QQ:/rrc/crr: 0.000000000 0.962388302 0.037611698
QQ:/rrc/r: 0.906561707 0.063701788 0.029736505
