J:/c: 0.419929843 0.580070157 0.000000000
J:/crr: 0.000000000 0.567111187 0.432888813
J:/r: 0.069192733 0.130282025 0.800525242
JJ:/cc/c: 0.956161357 0.043838643 0.000000000
JJ:/cc/crr: 0.000000000 0.947199715 0.052800285
JJ:/cc/r: 0.887285548 0.064819405 0.047895047
JJ:/crc/c: 0.888550738 0.111449262 0.000000000
JJ:/crc/crr: 0.000000000 0.916879979 0.083120021
JJ:/crc/r: 0.750297018 0.168003029 0.081699953
JJ:/crrc/c: 0.822234178 0.177765822 0.000000000
JJ:/crrc/crr: 0.000000000 0.899572588 0.100427412
JJ:/crrc/r: 0.657124623 0.263256196 0.079619180
JJ:/rc/c: 0.889573222 0.110426778 0.000000000
JJ:/rc/crr: 0.000000000 0.925062070 0.074937930
JJ:/rc/r: 0.876623296 0.078466859 0.044909845
JJ:/rrc/c: 0.893491959 0.106508041 0.000000000
JJ:/rrc/crr: 0.000000000 0.945706087 0.054293913
JJ:/rrc/r: 0.846338893 0.104887443 0.048773664
JK:/cc/c: 0.174396320 0.825603680 0.000000000
JK:/cc/crr: 0.000000000 0.342799801 0.657200199
JK:/cc/r: 0.121688079 0.111658037 0.766653884
JK:/crc/c: 0.244243168 0.755756832 0.000000000
JK:/crc/crr: 0.000000000 0.339959693 0.660040307
JK:/crc/r: 0.288615586 0.127470692 0.583913722
JK:/crrc/c: 0.287908761 0.712091239 0.000000000
JK:/crrc/crr: 0.000000000 0.467086587 0.532913413
JK:/crrc/r: 0.371391210 0.168124633 0.460484157
JK:/rc/c: 0.285616856 0.714383144 0.000000000
JK:/rc/crr: 0.000000000 0.454082267 0.545917733
JK:/rc/r: 0.209451994 0.123599604 0.666948401
JK:/rrc/c: 0.320025339 0.679974661 0.000000000
JK:/rrc/crr: 0.000000000 0.421258396 0.578741604
JK:/rrc/r: 0.244422161 0.154363271 0.601214568
JQ:/cc/c: 0.190975867 0.809024133 0.000000000
JQ:/cc/crr: 0.000000000 0.497563367 0.502436633
JQ:/cc/r: 0.136122561 0.078552437 0.785325002
JQ:/crc/c: 0.322937421 0.677062579 0.000000000
JQ:/crc/crr: 0.000000000 0.522143112 0.477856888
JQ:/crc/r: 0.211152013 0.186008129 0.602839858
JQ:/crrc/c: 0.326534224 0.673465776 0.000000000
JQ:/crrc/crr: 0.000000000 0.349813883 0.650186117
JQ:/crrc/r: 0.376298058 0.158038137 0.465663805
JQ:/rc/c: 0.203499767 0.796500233 0.000000000
JQ:/rc/crr: 0.000000000 0.282057283 0.717942717
JQ:/rc/r: 0.218906188 0.160482924 0.620610887
JQ:/rrc/c: 0.286798734 0.713201266 0.000000000
JQ:/rrc/crr: 0.000000000 0.334941630 0.665058370
JQ:/rrc/r: 0.237225967 0.126752644 0.636021389
K:/c: 0.862475421 0.137524579 0.000000000
K:/crr: 0.000000000 0.981711680 0.018288320
K:/r: 0.743975394 0.244192035 0.011832570
KJ:/cc/c: 0.732859871 0.267140129 0.000000000
KJ:/cc/crr: 0.000000000 0.879589396 0.120410604
KJ:/cc/r: 0.367398595 0.386730652 0.245870753
KJ:/crc/c: 0.759077222 0.240922778 0.000000000
KJ:/crc/crr: 0.000000000 0.862013587 0.137986413
KJ:/crc/r: 0.556233609 0.306534475 0.137231917
KJ:/crrc/c: 0.710741533 0.289258467 0.000000000
KJ:/crrc/crr: 0.000000000 0.879274709 0.120725291
KJ:/crrc/r: 0.589606464 0.303556593 0.106836943
KJ:/rc/c: 0.695221814 0.304778186 0.000000000
KJ:/rc/crr: 0.000000000 0.877656346 0.122343654
KJ:/rc/r: 0.586366187 0.298678976 0.114954837
KJ:/rrc/c: 0.699276094 0.300723906 0.000000000
KJ:/rrc/crr: 0.000000000 0.918820455 0.081179545
KJ:/rrc/r: 0.587781923 0.300782866 0.111435211
KK:/cc/c: 0.947335706 0.052664294 0.000000000
KK:/cc/crr: 0.000000000 0.956201377 0.043798623
KK:/cc/r: 0.892954705 0.063458120 0.043587175
KK:/crc/c: 0.957782890 0.042217110 0.000000000
KK:/crc/crr: 0.000000000 0.958194254 0.041805746
KK:/crc/r: 0.852361775 0.096671398 0.050966827
KK:/crrc/c: 0.920898441 0.079101559 0.000000000
KK:/crrc/crr: 0.000000000 0.950862731 0.049137269
KK:/crrc/r: 0.864416045 0.094268767 0.041315187
KK:/rc/c: 0.904698789 0.095301211 0.000000000
KK:/rc/crr: 0.000000000 0.942203287 0.057796713
KK:/rc/r: 0.859866655 0.089072303 0.051061042
KK:/rrc/c: 0.932316880 0.067683120 0.000000000
KK:/rrc/crr: 0.000000000 0.967280477 0.032719523
KK:/rrc/r: 0.843670305 0.113714592 0.042615102
KQ:/cc/c: 0.707777797 0.292222203 0.000000000
KQ:/cc/crr: 0.000000000 0.842491760 0.157508240
KQ:/cc/r: 0.456264630 0.382332833 0.161402537
KQ:/crc/c: 0.608057073 0.391942927 0.000000000
KQ:/crc/crr: 0.000000000 0.855153210 0.144846790
KQ:/crc/r: 0.358583605 0.437828664 0.203587731
KQ:/crrc/c: 0.620089448 0.379910552 0.000000000
KQ:/crrc/crr: 0.000000000 0.889290507 0.110709493
KQ:/crrc/r: 0.502007810 0.361785321 0.136206870
KQ:/rc/c: 0.560634803 0.439365197 0.000000000
KQ:/rc/crr: 0.000000000 0.832691659 0.167308341
KQ:/rc/r: 0.529858741 0.352683088 0.117458171
KQ:/rrc/c: 0.575209372 0.424790628 0.000000000
KQ:/rrc/crr: 0.000000000 0.898627818 0.101372182
KQ:/rrc/r: 0.543357391 0.341404038 0.115238571
Q:/c: 0.209894051 0.790105949 0.000000000
Q:/crr: 0.000000000 0.947017834 0.052982166
Q:/r: 0.150995330 0.355198188 0.493806482
QJ:/cc/c: 0.218738685 0.781261315 0.000000000
QJ:/cc/crr: 0.000000000 0.335778579 0.664221421
QJ:/cc/r: 0.139220970 0.089037144 0.771741886
QJ:/crc/c: 0.471615414 0.528384586 0.000000000
QJ:/crc/crr: 0.000000000 0.618291517 0.381708483
QJ:/crc/r: 0.470759962 0.215300053 0.313939986
QJ:/crrc/c: 0.363767278 0.636232722 0.000000000
QJ:/crrc/crr: 0.000000000 0.518170837 0.481829163
QJ:/crrc/r: 0.440364087 0.219506928 0.340128985
QJ:/rc/c: 0.221251306 0.778748694 0.000000000
QJ:/rc/crr: 0.000000000 0.364929198 0.635070802
QJ:/rc/r: 0.160795303 0.128837660 0.710367037
QJ:/rrc/c: 0.274252046 0.725747954 0.000000000
QJ:/rrc/crr: 0.000000000 0.462724237 0.537275763
QJ:/rrc/r: 0.186268856 0.143518934 0.670212210
QK:/cc/c: 0.803195946 0.196804054 0.000000000
QK:/cc/crr: 0.000000000 0.863310593 0.136689407
QK:/cc/r: 0.593185079 0.296983808 0.109831113
QK:/crc/c: 0.580289603 0.419710397 0.000000000
QK:/crc/crr: 0.000000000 0.800328742 0.199671258
QK:/crc/r: 0.505951723 0.338312843 0.155735435
QK:/crrc/c: 0.570299405 0.429700595 0.000000000
QK:/crrc/crr: 0.000000000 0.839992901 0.160007099
QK:/crrc/r: 0.481480161 0.377315648 0.141204190
QK:/rc/c: 0.603528729 0.396471271 0.000000000
QK:/rc/crr: 0.000000000 0.856436197 0.143563803
QK:/rc/r: 0.267168846 0.402455681 0.330375473
QK:/rrc/c: 0.447528889 0.552471111 0.000000000
QK:/rrc/crr: 0.000000000 0.789671231 0.210328769
QK:/rrc/r: 0.318916995 0.366353384 0.314729621
QQ:/cc/c: 0.966930522 0.033069478 0.000000000
QQ:/cc/crr: 0.000000000 0.973118960 0.026881040
QQ:/cc/r: 0.895554717 0.063098460 0.041346823
QQ:/crc/c: 0.834966239 0.165033761 0.000000000
QQ:/crc/crr: 0.000000000 0.856402573 0.143597427
QQ:/crc/r: 0.696868094 0.199219192 0.103912714
QQ:/crrc/c: 0.850940726 0.149059274 0.000000000
QQ:/crrc/crr: 0.000000000 0.898143302 0.101856698
QQ:/crrc/r: 0.753349552 0.171978452 0.074671995
QQ:/rc/c: 0.944043257 0.055956743 0.000000000
QQ:/rc/crr: 0.000000000 0.960897569 0.039102431
QQ:/rc/r: 0.912895168 0.056356809 0.030748023
QQ:/rrc/c: 0.937765149 0.062234851 0.000000000
QQ:/rrc/crr: 0.000000000 0.963051593 0.036948407
QQ:/rrc/r: 0.907927800 0.062770450 0.029301750
