J:/c: 0.413402041 0.586597959 0.000000000
J:/crr: 0.000000000 0.562298468 0.437701532
J:/r: 0.066525733 0.130380571 0.803093696
JJ:/cc/c: 0.957737531 0.042262469 0.000000000
JJ:/cc/crr: 0.000000000 0.948982565 0.051017435
JJ:/cc/r: 0.890999866 0.062683388 0.046316745
JJ:/crc/c: 0.895658809 0.104341191 0.000000000
JJ:/crc/crr: 0.000000000 0.922468712 0.077531288
JJ:/crc/r: 0.762126192 0.160127299 0.077746508
JJ:/crrc/c: 0.830781647 0.169218353 0.000000000
JJ:/crrc/crr: 0.000000000 0.904958721 0.095041279
JJ:/crrc/r: 0.672836435 0.251192829 0.075970736
JJ:/rc/c: 0.893851691 0.106148309 0.000000000
JJ:/rc/crr: 0.000000000 0.927878129 0.072121871
JJ:/rc/r: 0.881622593 0.075287335 0.043090071
JJ:/rrc/c: 0.896244897 0.103755103 0.000000000
JJ:/rrc/crr: 0.000000000 0.947184221 0.052815779
JJ:/rrc/r: 0.850137844 0.102294320 0.047567837
JK:/cc/c: 0.171377553 0.828622447 0.000000000
JK:/cc/crr: 0.000000000 0.337583685 0.662416315
JK:/cc/r: 0.118685107 0.108902582 0.772412311
JK:/crc/c: 0.237500010 0.762499990 0.000000000
JK:/crc/crr: 0.000000000 0.332118146 0.667881854
JK:/crc/r: 0.279462754 0.123422229 0.597115017
JK:/crrc/c: 0.286145303 0.713854697 0.000000000
JK:/crrc/crr: 0.000000000 0.461495582 0.538504418
JK:/crrc/r: 0.363059859 0.165155291 0.471784850
JK:/rc/c: 0.281114588 0.718885412 0.000000000
JK:/rc/crr: 0.000000000 0.446687267 0.553312733
JK:/rc/r: 0.203501683 0.120088270 0.676410047
JK:/rrc/c: 0.317446422 0.682553578 0.000000000
JK:/rrc/crr: 0.000000000 0.419202440 0.580797560
JK:/rrc/r: 0.240717470 0.151977793 0.607304737
JQ:/cc/c: 0.189227211 0.810772789 0.000000000
JQ:/cc/crr: 0.000000000 0.497120692 0.502879308
JQ:/cc/r: 0.132240227 0.076312053 0.791447720
JQ:/crc/c: 0.315349054 0.684650946 0.000000000
JQ:/crc/crr: 0.000000000 0.513637991 0.486362009
JQ:/crc/r: 0.203382297 0.179038592 0.617579111
JQ:/crrc/c: 0.319681642 0.680318358 0.000000000
JQ:/crrc/crr: 0.000000000 0.347042781 0.652957219
JQ:/crrc/r: 0.364637472 0.153244378 0.482118150
JQ:/rc/c: 0.199811669 0.800188331 0.000000000
JQ:/rc/crr: 0.000000000 0.278765967 0.721234033
JQ:/rc/r: 0.214493607 0.157248004 0.628258389
JQ:/rrc/c: 0.282727181 0.717272819 0.000000000
JQ:/rrc/crr: 0.000000000 0.332372845 0.667627155
JQ:/rrc/r: 0.233476337 0.124749172 0.641774491
K:/c: 0.869984838 0.130015162 0.000000000
K:/crr: 0.000000000 0.982444845 0.017555155
K:/r: 0.743557586 0.245016293 0.011426120
KJ:/cc/c: 0.735735274 0.264264726 0.000000000
KJ:/cc/crr: 0.000000000 0.881652286 0.118347714
KJ:/cc/r: 0.363620919 0.392527072 0.243852009
KJ:/crc/c: 0.765261597 0.234738403 0.000000000
KJ:/crc/crr: 0.000000000 0.865748478 0.134251522
KJ:/crc/r: 0.557343925 0.308398952 0.134257123
KJ:/crrc/c: 0.717835763 0.282164237 0.000000000
KJ:/crrc/crr: 0.000000000 0.882371954 0.117628046
KJ:/crrc/r: 0.588653485 0.306886135 0.104460380
KJ:/rc/c: 0.697872925 0.302127075 0.000000000
KJ:/rc/crr: 0.000000000 0.879351962 0.120648038
KJ:/rc/r: 0.588858381 0.297520598 0.113621021
KJ:/rrc/c: 0.703023323 0.296976677 0.000000000
KJ:/rrc/crr: 0.000000000 0.920330616 0.079669384
KJ:/rrc/r: 0.589371145 0.301236330 0.109392525
KK:/cc/c: 0.948765379 0.051234621 0.000000000
KK:/cc/crr: 0.000000000 0.957409284 0.042590716
KK:/cc/r: 0.896111129 0.061586942 0.042301929
KK:/crc/c: 0.959797655 0.040202345 0.000000000
KK:/crc/crr: 0.000000000 0.960026341 0.039973659
KK:/crc/r: 0.859982913 0.091681186 0.048335901
KK:/crrc/c: 0.924401854 0.075598146 0.000000000
KK:/crrc/crr: 0.000000000 0.952798086 0.047201914
KK:/crrc/r: 0.869571921 0.090683992 0.039744087
KK:/rc/c: 0.907442831 0.092557169 0.000000000
KK:/rc/crr: 0.000000000 0.943848260 0.056151740
KK:/rc/r: 0.862974583 0.087096825 0.049928592
KK:/rrc/c: 0.934426647 0.065573353 0.000000000
KK:/rrc/crr: 0.000000000 0.968240278 0.031759722
KK:/rrc/r: 0.848206613 0.110414871 0.041378516
KQ:/cc/c: 0.710119063 0.289880937 0.000000000
KQ:/cc/crr: 0.000000000 0.844301039 0.155698961
KQ:/cc/r: 0.448051386 0.388330513 0.163618101
KQ:/crc/c: 0.607666311 0.392333689 0.000000000
KQ:/crc/crr: 0.000000000 0.857589238 0.142410762
KQ:/crc/r: 0.340152474 0.436897868 0.222949658
KQ:/crrc/c: 0.620719318 0.379280682 0.000000000
KQ:/crrc/crr: 0.000000000 0.891716078 0.108283922
KQ:/crrc/r: 0.505695734 0.360301206 0.134003060
KQ:/rc/c: 0.559334499 0.440665501 0.000000000
KQ:/rc/crr: 0.000000000 0.834937018 0.165062982
KQ:/rc/r: 0.532050561 0.351712193 0.116237246
KQ:/rrc/c: 0.576569313 0.423430687 0.000000000
KQ:/rrc/crr: 0.000000000 0.901014373 0.098985627
KQ:/rrc/r: 0.545339611 0.341769031 0.112891358
Q:/c: 0.198300403 0.801699597 0.000000000
Q:/crr: 0.000000000 0.946587050 0.053412950
Q:/r: 0.144123405 0.361552498 0.494324097
QJ:/cc/c: 0.214764896 0.785235104 0.000000000
QJ:/cc/crr: 0.000000000 0.332820865 0.667179135
QJ:/cc/r: 0.134054959 0.085733282 0.780211758
QJ:/crc/c: 0.476067456 0.523932544 0.000000000
QJ:/crc/crr: 0.000000000 0.623524678 0.376475322
QJ:/crc/r: 0.470142136 0.214449007 0.315408857
QJ:/crrc/c: 0.357418468 0.642581532 0.000000000
QJ:/crrc/crr: 0.000000000 0.519215966 0.480784034
QJ:/crrc/r: 0.431804397 0.218471335 0.349724268
QJ:/rc/c: 0.216553681 0.783446319 0.000000000
QJ:/rc/crr: 0.000000000 0.357555200 0.642444800
QJ:/rc/r: 0.156527076 0.125417732 0.718055192
QJ:/rrc/c: 0.270386699 0.729613301 0.000000000
QJ:/rrc/crr: 0.000000000 0.456782560 0.543217440
QJ:/rrc/r: 0.183508494 0.141392093 0.675099413
QK:/cc/c: 0.806873120 0.193126880 0.000000000
QK:/cc/crr: 0.000000000 0.866458706 0.133541294
QK:/cc/r: 0.593521121 0.298519722 0.107959156
QK:/crc/c: 0.579497876 0.420502124 0.000000000
QK:/crc/crr: 0.000000000 0.802995158 0.197004842
QK:/crc/r: 0.507872970 0.338056955 0.154070076
QK:/crrc/c: 0.571447473 0.428552527 0.000000000
QK:/crrc/crr: 0.000000000 0.841886584 0.158113416
QK:/crrc/r: 0.480502722 0.379483739 0.140013539
QK:/rc/c: 0.607008129 0.392991871 0.000000000
QK:/rc/crr: 0.000000000 0.858947586 0.141052414
QK:/rc/r: 0.257524640 0.396972896 0.345502464
QK:/rrc/c: 0.445663947 0.554336053 0.000000000
QK:/rrc/crr: 0.000000000 0.790497212 0.209502788
QK:/rrc/r: 0.310935132 0.363835511 0.325229357
QQ:/cc/c: 0.968311257 0.031688743 0.000000000
QQ:/cc/crr: 0.000000000 0.974212989 0.025787011
QQ:/cc/r: 0.900057409 0.060378252 0.039564339
QQ:/crc/c: 0.839876184 0.160123816 0.000000000
QQ:/crc/crr: 0.000000000 0.860111608 0.139888392
QQ:/crc/r: 0.702897123 0.195282863 0.101820014
QQ:/crrc/c: 0.855504619 0.144495381 0.000000000
QQ:/crrc/crr: 0.000000000 0.900765795 0.099234205
QQ:/crrc/r: 0.759609425 0.167613720 0.072776855
QQ:/rc/c: 0.946609595 0.053390405 0.000000000
QQ:/rc/crr: 0.000000000 0.962535943 0.037464057
QQ:/rc/r: 0.916551225 0.053991341 0.029457434
QQ:/rrc/c: 0.939584430 0.060415570 0.000000000
QQ:/rrc/crr: 0.000000000 0.964060589 0.035939411
QQ:/rrc/r: 0.910380702 0.061098178 0.028521120
