J:/c: 0.405307397 0.594692603 0.000000000
J:/crr: 0.000000000 0.571695720 0.428304280
J:/r: 0.064975006 0.128616177 0.806408817
JJ:/cc/c: 0.958770320 0.041229680 0.000000000
JJ:/cc/crr: 0.000000000 0.950172407 0.049827593
JJ:/cc/r: 0.893548657 0.061217639 0.045233704
JJ:/crc/c: 0.900117537 0.099882463 0.000000000
JJ:/crc/crr: 0.000000000 0.926118968 0.073881032
JJ:/crc/r: 0.769195275 0.155400098 0.075404627
JJ:/crrc/c: 0.839127558 0.160872442 0.000000000
JJ:/crrc/crr: 0.000000000 0.909068399 0.090931601
JJ:/crrc/r: 0.684773749 0.242027481 0.073198770
JJ:/rc/c: 0.896616181 0.103383819 0.000000000
JJ:/rc/crr: 0.000000000 0.929637075 0.070362925
JJ:/rc/r: 0.884697201 0.073331903 0.041970896
JJ:/rrc/c: 0.897818440 0.102181560 0.000000000
JJ:/rrc/crr: 0.000000000 0.948055597 0.051944403
JJ:/rrc/r: 0.853044143 0.100310511 0.046645347
JK:/cc/c: 0.169531916 0.830468084 0.000000000
JK:/cc/crr: 0.000000000 0.334368212 0.665631788
JK:/cc/r: 0.116627658 0.107014717 0.776357625
JK:/crc/c: 0.233854518 0.766145482 0.000000000
JK:/crc/crr: 0.000000000 0.326772714 0.673227286
JK:/crc/r: 0.272895399 0.120521815 0.606582786
JK:/crrc/c: 0.285817607 0.714182393 0.000000000
JK:/crrc/crr: 0.000000000 0.455765596 0.544234404
JK:/crrc/r: 0.357131116 0.162706741 0.480162143
JK:/rc/c: 0.278630064 0.721369936 0.000000000
JK:/rc/crr: 0.000000000 0.442747985 0.557252015
JK:/rc/r: 0.199718465 0.117855757 0.682425779
JK:/rrc/c: 0.316822430 0.683177570 0.000000000
JK:/rrc/crr: 0.000000000 0.417670699 0.582329301
JK:/rrc/r: 0.237194642 0.149753644 0.613051714
JQ:/cc/c: 0.187957982 0.812042018 0.000000000
JQ:/cc/crr: 0.000000000 0.499070218 0.500929782
JQ:/cc/r: 0.129573194 0.074772985 0.795653821
JQ:/crc/c: 0.309824415 0.690175585 0.000000000
JQ:/crc/crr: 0.000000000 0.509119276 0.490880724
JQ:/crc/r: 0.197822924 0.174144644 0.628032432
JQ:/crrc/c: 0.313152353 0.686847647 0.000000000
JQ:/crrc/crr: 0.000000000 0.341643400 0.658356600
JQ:/crrc/r: 0.357269509 0.149834904 0.492895588
JQ:/rc/c: 0.196715438 0.803284562 0.000000000
JQ:/rc/crr: 0.000000000 0.276141560 0.723858440
JQ:/rc/r: 0.211629490 0.155148284 0.633222226
JQ:/rrc/c: 0.280969694 0.719030306 0.000000000
JQ:/rrc/crr: 0.000000000 0.330810331 0.669189669
JQ:/rrc/r: 0.230977445 0.123413984 0.645608570
K:/c: 0.874649809 0.125350191 0.000000000
K:/crr: 0.000000000 0.982948548 0.017051452
K:/r: 0.749789071 0.239093310 0.011117619
KJ:/cc/c: 0.737451598 0.262548402 0.000000000
KJ:/cc/crr: 0.000000000 0.882985025 0.117014975
KJ:/cc/r: 0.362375121 0.394732185 0.242892693
KJ:/crc/c: 0.769356876 0.230643124 0.000000000
KJ:/crc/crr: 0.000000000 0.868146305 0.131853695
KJ:/crc/r: 0.560156597 0.307707598 0.132135805
KJ:/crrc/c: 0.721960931 0.278039069 0.000000000
KJ:/crrc/crr: 0.000000000 0.884511677 0.115488323
KJ:/crrc/r: 0.590428950 0.306699566 0.102871484
KJ:/rc/c: 0.699813118 0.300186882 0.000000000
KJ:/rc/crr: 0.000000000 0.880605170 0.119394830
KJ:/rc/r: 0.589521700 0.297840637 0.112637664
KJ:/rrc/c: 0.704894678 0.295105322 0.000000000
KJ:/rrc/crr: 0.000000000 0.921340830 0.078659170
KJ:/rrc/r: 0.589601488 0.302490236 0.107908276
KK:/cc/c: 0.949736807 0.050263193 0.000000000
KK:/cc/crr: 0.000000000 0.958317409 0.041682591
KK:/cc/r: 0.898388394 0.060236944 0.041374662
KK:/crc/c: 0.961195153 0.038804847 0.000000000
KK:/crc/crr: 0.000000000 0.961265152 0.038734848
KK:/crc/r: 0.865114624 0.088321015 0.046564361
KK:/crrc/c: 0.926626954 0.073373046 0.000000000
KK:/crrc/crr: 0.000000000 0.954060643 0.045939357
KK:/crrc/r: 0.873116993 0.088219175 0.038663832
KK:/rc/c: 0.909065088 0.090934912 0.000000000
KK:/rc/crr: 0.000000000 0.944910921 0.055089079
KK:/rc/r: 0.865247825 0.085651895 0.049100280
KK:/rrc/c: 0.935996979 0.064003021 0.000000000
KK:/rrc/crr: 0.000000000 0.968966522 0.031033478
KK:/rrc/r: 0.851644806 0.107913922 0.040441273
KQ:/cc/c: 0.711663046 0.288336954 0.000000000
KQ:/cc/crr: 0.000000000 0.845538147 0.154461853
KQ:/cc/r: 0.442754087 0.391002109 0.166243804
KQ:/crc/c: 0.605390808 0.394609192 0.000000000
KQ:/crc/crr: 0.000000000 0.858933884 0.141066116
KQ:/crc/r: 0.330262658 0.433439621 0.236297721
KQ:/crrc/c: 0.624341784 0.375658216 0.000000000
KQ:/crrc/crr: 0.000000000 0.893428626 0.106571374
KQ:/crrc/r: 0.505638208 0.361953403 0.132408390
KQ:/rc/c: 0.560806022 0.439193978 0.000000000
KQ:/rc/crr: 0.000000000 0.836765622 0.163234378
KQ:/rc/r: 0.531759424 0.352907072 0.115333504
KQ:/rrc/c: 0.579231397 0.420768603 0.000000000
KQ:/rrc/crr: 0.000000000 0.902472855 0.097527145
KQ:/rrc/r: 0.549138932 0.339624674 0.111236395
Q:/c: 0.193426519 0.806573481 0.000000000
Q:/crr: 0.000000000 0.947439189 0.052560811
Q:/r: 0.139296628 0.375329366 0.485374006
QJ:/cc/c: 0.211498929 0.788501071 0.000000000
QJ:/cc/crr: 0.000000000 0.333181829 0.666818171
QJ:/cc/r: 0.130622727 0.083538238 0.785839035
QJ:/crc/c: 0.479936521 0.520063479 0.000000000
QJ:/crc/crr: 0.000000000 0.626466855 0.373533145
QJ:/crc/r: 0.470319125 0.213798225 0.315882650
QJ:/crrc/c: 0.353745296 0.646254704 0.000000000
QJ:/crrc/crr: 0.000000000 0.516004309 0.483995691
QJ:/crrc/r: 0.426794651 0.216101658 0.357103690
QJ:/rc/c: 0.213579163 0.786420837 0.000000000
QJ:/rc/crr: 0.000000000 0.352721257 0.647278743
QJ:/rc/r: 0.153639848 0.123104333 0.723255819
QJ:/rrc/c: 0.267595016 0.732404984 0.000000000
QJ:/rrc/crr: 0.000000000 0.453722058 0.546277942
QJ:/rrc/r: 0.181468430 0.139820237 0.678711333
QK:/cc/c: 0.809442489 0.190557511 0.000000000
QK:/cc/crr: 0.000000000 0.868662631 0.131337369
QK:/cc/r: 0.593446544 0.299833003 0.106720452
QK:/crc/c: 0.578567294 0.421432706 0.000000000
QK:/crc/crr: 0.000000000 0.804612533 0.195387467
QK:/crc/r: 0.508828684 0.338148587 0.153022729
QK:/crrc/c: 0.572912619 0.427087381 0.000000000
QK:/crrc/crr: 0.000000000 0.843214843 0.156785157
QK:/crrc/r: 0.482316513 0.378499376 0.139184111
QK:/rc/c: 0.610586463 0.389413537 0.000000000
QK:/rc/crr: 0.000000000 0.860882514 0.139117486
QK:/rc/r: 0.250096929 0.394789097 0.355113975
QK:/rrc/c: 0.447385657 0.552614343 0.000000000
QK:/rrc/crr: 0.000000000 0.791428117 0.208571883
QK:/rrc/r: 0.306035360 0.361532001 0.332432638
QQ:/cc/c: 0.969232805 0.030767195 0.000000000
QQ:/cc/crr: 0.000000000 0.974967913 0.025032087
QQ:/cc/r: 0.903116374 0.058530241 0.038353384
QQ:/crc/c: 0.842425684 0.157574316 0.000000000
QQ:/crc/crr: 0.000000000 0.862095048 0.137904952
QQ:/crc/r: 0.706267278 0.193067693 0.100665029
QQ:/crrc/c: 0.859397690 0.140602310 0.000000000
QQ:/crrc/crr: 0.000000000 0.903099244 0.096900756
QQ:/crrc/r: 0.764880096 0.163938714 0.071181190
QQ:/rc/c: 0.948330004 0.051669996 0.000000000
QQ:/rc/crr: 0.000000000 0.963689309 0.036310691
QQ:/rc/r: 0.919151917 0.052308694 0.028539389
QQ:/rrc/c: 0.940726969 0.059273031 0.000000000
QQ:/rrc/crr: 0.000000000 0.964745230 0.035254770
QQ:/rrc/r: 0.912104762 0.059922796 0.027972442
