J:/c: 0.401876942 0.598123058 0.000000000
J:/crr: 0.000000000 0.571946147 0.428053853
J:/r: 0.064373297 0.129939332 0.805687371
JJ:/cc/c: 0.959107789 0.040892211 0.000000000
JJ:/cc/crr: 0.000000000 0.950564566 0.049435434
JJ:/cc/r: 0.894315973 0.060776374 0.044907653
JJ:/crc/c: 0.901462185 0.098537815 0.000000000
JJ:/crc/crr: 0.000000000 0.927010146 0.072989854
JJ:/crc/r: 0.770982808 0.154212311 0.074804881
JJ:/crrc/c: 0.841252225 0.158747775 0.000000000
JJ:/crrc/crr: 0.000000000 0.910079344 0.089920656
JJ:/crrc/r: 0.688216152 0.239386977 0.072396871
JJ:/rc/c: 0.897572993 0.102427007 0.000000000
JJ:/rc/crr: 0.000000000 0.930246425 0.069753575
JJ:/rc/r: 0.885777627 0.072644758 0.041577615
JJ:/rrc/c: 0.898572218 0.101427782 0.000000000
JJ:/rrc/crr: 0.000000000 0.948444282 0.051555718
JJ:/rrc/r: 0.853885313 0.099736337 0.046378350
JK:/cc/c: 0.168903405 0.831096595 0.000000000
JK:/cc/crr: 0.000000000 0.333266814 0.666733186
JK:/cc/r: 0.115982814 0.106423024 0.777594161
JK:/crc/c: 0.232834667 0.767165333 0.000000000
JK:/crc/crr: 0.000000000 0.325498654 0.674501346
JK:/crc/r: 0.270898376 0.119639847 0.609461777
JK:/crrc/c: 0.284980525 0.715019475 0.000000000
JK:/crrc/crr: 0.000000000 0.454398853 0.545601147
JK:/crrc/r: 0.356209825 0.162222474 0.481567700
JK:/rc/c: 0.278861836 0.721138164 0.000000000
JK:/rc/crr: 0.000000000 0.442212986 0.557787014
JK:/rc/r: 0.198507943 0.117141416 0.684350641
JK:/rrc/c: 0.316837388 0.683162612 0.000000000
JK:/rrc/crr: 0.000000000 0.416925200 0.583074800
JK:/rrc/r: 0.236314677 0.149198075 0.614487247
JQ:/cc/c: 0.187523999 0.812476001 0.000000000
JQ:/cc/crr: 0.000000000 0.500055540 0.499944460
JQ:/cc/r: 0.128587818 0.074204352 0.797207830
JQ:/crc/c: 0.307679660 0.692320340 0.000000000
JQ:/crc/crr: 0.000000000 0.505817717 0.494182283
JQ:/crc/r: 0.195959005 0.172503826 0.631537170
JQ:/crrc/c: 0.311288715 0.688711285 0.000000000
JQ:/crrc/crr: 0.000000000 0.340299729 0.659700271
JQ:/crrc/r: 0.353675539 0.148779489 0.497544972
JQ:/rc/c: 0.195850284 0.804149716 0.000000000
JQ:/rc/crr: 0.000000000 0.275206510 0.724793490
JQ:/rc/r: 0.210621507 0.154409318 0.634969175
JQ:/rrc/c: 0.280183370 0.719816630 0.000000000
JQ:/rrc/crr: 0.000000000 0.330071020 0.669928980
JQ:/rrc/r: 0.230252679 0.123026734 0.646720587
K:/c: 0.876065490 0.123934510 0.000000000
K:/crr: 0.000000000 0.983103976 0.016896024
K:/r: 0.751962462 0.237016506 0.011021032
KJ:/cc/c: 0.738022633 0.261977367 0.000000000
KJ:/cc/crr: 0.000000000 0.883407202 0.116592798
KJ:/cc/r: 0.362901818 0.394392330 0.242705853
KJ:/crc/c: 0.770758246 0.229241754 0.000000000
KJ:/crc/crr: 0.000000000 0.868932890 0.131067110
KJ:/crc/r: 0.560680768 0.307835186 0.131484047
KJ:/crrc/c: 0.723595929 0.276404071 0.000000000
KJ:/crrc/crr: 0.000000000 0.885231065 0.114768935
KJ:/crrc/r: 0.590486053 0.307131205 0.102382742
KJ:/rc/c: 0.700356202 0.299643798 0.000000000
KJ:/rc/crr: 0.000000000 0.880984868 0.119015132
KJ:/rc/r: 0.589885463 0.297777896 0.112336641
KJ:/rrc/c: 0.705812487 0.294187513 0.000000000
KJ:/rrc/crr: 0.000000000 0.921685945 0.078314055
KJ:/rrc/r: 0.589685262 0.302869347 0.107445391
KK:/cc/c: 0.950038372 0.049961628 0.000000000
KK:/cc/crr: 0.000000000 0.958595341 0.041404659
KK:/cc/r: 0.899025644 0.059859173 0.041115184
KK:/crc/c: 0.961634152 0.038365848 0.000000000
KK:/crc/crr: 0.000000000 0.961697831 0.038302169
KK:/crc/r: 0.866794060 0.087221344 0.045984595
KK:/crrc/c: 0.927272545 0.072727455 0.000000000
KK:/crrc/crr: 0.000000000 0.954415135 0.045584865
KK:/crrc/r: 0.874241316 0.087437456 0.038321228
KK:/rc/c: 0.909612114 0.090387886 0.000000000
KK:/rc/crr: 0.000000000 0.945218847 0.054781153
KK:/rc/r: 0.865964480 0.085196371 0.048839149
KK:/rrc/c: 0.936474347 0.063525653 0.000000000
KK:/rrc/crr: 0.000000000 0.969181149 0.030818851
KK:/rrc/r: 0.852792693 0.107078945 0.040128361
KQ:/cc/c: 0.712236248 0.287763752 0.000000000
KQ:/cc/crr: 0.000000000 0.845976226 0.154023774
KQ:/cc/r: 0.441748629 0.391657570 0.166593801
KQ:/crc/c: 0.602070845 0.397929155 0.000000000
KQ:/crc/crr: 0.000000000 0.859182204 0.140817796
KQ:/crc/r: 0.325900545 0.431189614 0.242909841
KQ:/crrc/c: 0.624463902 0.375536098 0.000000000
KQ:/crrc/crr: 0.000000000 0.893980690 0.106019310
KQ:/crrc/r: 0.505396303 0.362699270 0.131904427
KQ:/rc/c: 0.560583834 0.439416166 0.000000000
KQ:/rc/crr: 0.000000000 0.837347242 0.162652758
KQ:/rc/r: 0.531337682 0.353601745 0.115060573
KQ:/rrc/c: 0.580315380 0.419684620 0.000000000
KQ:/rrc/crr: 0.000000000 0.902951971 0.097048029
KQ:/rrc/r: 0.550098188 0.339152844 0.110748968
Q:/c: 0.191918584 0.808081416 0.000000000
Q:/crr: 0.000000000 0.947697833 0.052302167
Q:/r: 0.137818704 0.374885123 0.487296173
QJ:/cc/c: 0.210644706 0.789355294 0.000000000
QJ:/cc/crr: 0.000000000 0.332215416 0.667784584
QJ:/cc/r: 0.129619085 0.082896371 0.787484544
QJ:/crc/c: 0.480106557 0.519893443 0.000000000
QJ:/crc/crr: 0.000000000 0.626904370 0.373095630
QJ:/crc/r: 0.471757895 0.213211465 0.315030640
QJ:/crrc/c: 0.351950792 0.648049208 0.000000000
QJ:/crrc/crr: 0.000000000 0.515787160 0.484212840
QJ:/crrc/r: 0.424845665 0.215099504 0.360054832
QJ:/rc/c: 0.212434251 0.787565749 0.000000000
QJ:/rc/crr: 0.000000000 0.350678736 0.649321264
QJ:/rc/r: 0.152701901 0.122352801 0.724945298
QJ:/rrc/c: 0.266536406 0.733463594 0.000000000
QJ:/rrc/crr: 0.000000000 0.452407226 0.547592774
QJ:/rrc/r: 0.180824982 0.139324465 0.679850553
QK:/cc/c: 0.810189430 0.189810570 0.000000000
QK:/cc/crr: 0.000000000 0.869282495 0.130717505
QK:/cc/r: 0.593312732 0.300369125 0.106318142
QK:/crc/c: 0.578993409 0.421006591 0.000000000
QK:/crc/crr: 0.000000000 0.804939068 0.195060932
QK:/crc/r: 0.509301645 0.338025528 0.152672827
QK:/crrc/c: 0.572595565 0.427404435 0.000000000
QK:/crrc/crr: 0.000000000 0.843554537 0.156445463
QK:/crrc/r: 0.481972238 0.379111302 0.138916459
QK:/rc/c: 0.611185019 0.388814981 0.000000000
QK:/rc/crr: 0.000000000 0.861417230 0.138582770
QK:/rc/r: 0.247559246 0.393516419 0.358924335
QK:/rrc/c: 0.446677184 0.553322816 0.000000000
QK:/rrc/crr: 0.000000000 0.791770716 0.208229284
QK:/rrc/r: 0.304443849 0.361673249 0.333882902
QQ:/cc/c: 0.969525730 0.030474270 0.000000000
QQ:/cc/crr: 0.000000000 0.975196008 0.024803992
QQ:/cc/r: 0.904033667 0.057976078 0.037990255
QQ:/crc/c: 0.843606229 0.156393771 0.000000000
QQ:/crc/crr: 0.000000000 0.862788699 0.137211301
QQ:/crc/r: 0.707542273 0.192229650 0.100228076
QQ:/crrc/c: 0.860820573 0.139179427 0.000000000
QQ:/crrc/crr: 0.000000000 0.904112509 0.095887491
QQ:/crrc/r: 0.766365092 0.162903292 0.070731616
QQ:/rc/c: 0.948842933 0.051157067 0.000000000
QQ:/rc/crr: 0.000000000 0.964033151 0.035966849
QQ:/rc/r: 0.919934289 0.051802499 0.028263212
QQ:/rrc/c: 0.941100199 0.058899801 0.000000000
QQ:/rrc/crr: 0.000000000 0.964963345 0.035036655
QQ:/rrc/r: 0.912616043 0.059574229 0.027809728
