J:/c: 0.401396847 0.598603153 0.000000000
J:/crr: 0.000000000 0.575924403 0.424075597
J:/r: 0.063785642 0.134238914 0.801975444
JJ:/cc/c: 0.959458579 0.040541421 0.000000000
JJ:/cc/crr: 0.000000000 0.950987605 0.049012395
JJ:/cc/r: 0.895156335 0.060293102 0.044550563
JJ:/crc/c: 0.903050786 0.096949214 0.000000000
JJ:/crc/crr: 0.000000000 0.928099068 0.071900932
JJ:/crc/r: 0.773153584 0.152750585 0.074095831
JJ:/crrc/c: 0.843304055 0.156695945 0.000000000
JJ:/crrc/crr: 0.000000000 0.911150255 0.088849745
JJ:/crrc/r: 0.691834876 0.236608528 0.071556596
JJ:/rc/c: 0.898538806 0.101461194 0.000000000
JJ:/rc/crr: 0.000000000 0.930889839 0.069110161
JJ:/rc/r: 0.886760353 0.072019750 0.041219896
JJ:/rrc/c: 0.899210325 0.100789675 0.000000000
JJ:/rrc/crr: 0.000000000 0.948722473 0.051277527
JJ:/rrc/r: 0.854803913 0.099109310 0.046086777
JK:/cc/c: 0.168226326 0.831773674 0.000000000
JK:/cc/crr: 0.000000000 0.331503440 0.668496560
JK:/cc/r: 0.115305976 0.105801974 0.778892049
JK:/crc/c: 0.232019988 0.767980012 0.000000000
JK:/crc/crr: 0.000000000 0.324003734 0.675996266
JK:/crc/r: 0.269078352 0.118836050 0.612085598
JK:/crrc/c: 0.285170347 0.714829653 0.000000000
JK:/crrc/crr: 0.000000000 0.454217053 0.545782947
JK:/crrc/r: 0.354382307 0.161658773 0.483958920
JK:/rc/c: 0.277637521 0.722362479 0.000000000
JK:/rc/crr: 0.000000000 0.441207529 0.558792471
JK:/rc/r: 0.197282475 0.116418256 0.686299269
JK:/rrc/c: 0.316756251 0.683243749 0.000000000
JK:/rrc/crr: 0.000000000 0.416539942 0.583460058
JK:/rrc/r: 0.235336391 0.148580431 0.616083179
JQ:/cc/c: 0.187185702 0.812814298 0.000000000
JQ:/cc/crr: 0.000000000 0.500255650 0.499744350
JQ:/cc/r: 0.127718895 0.073702922 0.798578183
JQ:/crc/c: 0.304994861 0.695005139 0.000000000
JQ:/crc/crr: 0.000000000 0.503648105 0.496351895
JQ:/crc/r: 0.194338907 0.171077644 0.634583449
JQ:/crrc/c: 0.310192143 0.689807857 0.000000000
JQ:/crrc/crr: 0.000000000 0.339401549 0.660598451
JQ:/crrc/r: 0.351033291 0.147670709 0.501296000
JQ:/rc/c: 0.194981690 0.805018310 0.000000000
JQ:/rc/crr: 0.000000000 0.274461729 0.725538271
JQ:/rc/r: 0.209509017 0.153593738 0.636897245
JQ:/rrc/c: 0.279623611 0.720376389 0.000000000
JQ:/rrc/crr: 0.000000000 0.329648650 0.670351350
JQ:/rrc/r: 0.229457540 0.122601881 0.647940579
K:/c: 0.877531898 0.122468102 0.000000000
K:/crr: 0.000000000 0.983255850 0.016744150
K:/r: 0.752787694 0.236258610 0.010953696
KJ:/cc/c: 0.738531749 0.261468251 0.000000000
KJ:/cc/crr: 0.000000000 0.883754000 0.116246000
KJ:/cc/r: 0.362512725 0.395258315 0.242228960
KJ:/crc/c: 0.771923106 0.228076894 0.000000000
KJ:/crc/crr: 0.000000000 0.869649196 0.130350804
KJ:/crc/r: 0.560901843 0.308302239 0.130795918
KJ:/crrc/c: 0.725066623 0.274933377 0.000000000
KJ:/crrc/crr: 0.000000000 0.885943809 0.114056191
KJ:/crrc/r: 0.590341183 0.307776169 0.101882648
KJ:/rc/c: 0.700759445 0.299240555 0.000000000
KJ:/rc/crr: 0.000000000 0.881292463 0.118707537
KJ:/rc/r: 0.589922584 0.298077062 0.112000355
KJ:/rrc/c: 0.706914904 0.293085096 0.000000000
KJ:/rrc/crr: 0.000000000 0.922043298 0.077956702
KJ:/rrc/r: 0.589765522 0.303241225 0.106993254
KK:/cc/c: 0.950290813 0.049709187 0.000000000
KK:/cc/crr: 0.000000000 0.958791224 0.041208776
KK:/cc/r: 0.899699346 0.059459791 0.040840863
KK:/crc/c: 0.962042711 0.037957289 0.000000000
KK:/crc/crr: 0.000000000 0.962069192 0.037930808
KK:/crc/r: 0.868470858 0.086123401 0.045405741
KK:/crrc/c: 0.927913920 0.072086080 0.000000000
KK:/crrc/crr: 0.000000000 0.954754098 0.045245902
KK:/crrc/r: 0.875316144 0.086690150 0.037993706
KK:/rc/c: 0.910170479 0.089829521 0.000000000
KK:/rc/crr: 0.000000000 0.945556553 0.054443447
KK:/rc/r: 0.866716229 0.084718540 0.048565231
KK:/rrc/c: 0.936994026 0.063005974 0.000000000
KK:/rrc/crr: 0.000000000 0.969433763 0.030566237
KK:/rrc/r: 0.853695874 0.106421970 0.039882156
KQ:/cc/c: 0.712757729 0.287242271 0.000000000
KQ:/cc/crr: 0.000000000 0.846397695 0.153602305
KQ:/cc/r: 0.439765900 0.392898700 0.167335400
KQ:/crc/c: 0.600987025 0.399012975 0.000000000
KQ:/crc/crr: 0.000000000 0.859689807 0.140310193
KQ:/crc/r: 0.322792078 0.430706519 0.246501402
KQ:/crrc/c: 0.624403709 0.375596291 0.000000000
KQ:/crrc/crr: 0.000000000 0.894460315 0.105539685
KQ:/crrc/r: 0.505215645 0.363427775 0.131356580
KQ:/rc/c: 0.560959630 0.439040370 0.000000000
KQ:/rc/crr: 0.000000000 0.837859513 0.162140487
KQ:/rc/r: 0.530221669 0.355058437 0.114719893
KQ:/rrc/c: 0.580258082 0.419741918 0.000000000
KQ:/rrc/crr: 0.000000000 0.903436465 0.096563535
KQ:/rrc/r: 0.549983767 0.339769213 0.110247020
Q:/c: 0.190017130 0.809982870 0.000000000
Q:/crr: 0.000000000 0.947888161 0.052111839
Q:/r: 0.136676866 0.374555283 0.488767850
QJ:/cc/c: 0.209766115 0.790233885 0.000000000
QJ:/cc/crr: 0.000000000 0.330147520 0.669852480
QJ:/cc/r: 0.128520478 0.082193770 0.789285753
QJ:/crc/c: 0.482126584 0.517873416 0.000000000
QJ:/crc/crr: 0.000000000 0.627692460 0.372307540
QJ:/crc/r: 0.471281122 0.213006691 0.315712187
QJ:/crrc/c: 0.350252233 0.649747767 0.000000000
QJ:/crrc/crr: 0.000000000 0.514835488 0.485164512
QJ:/crrc/r: 0.423662506 0.214342470 0.361995023
QJ:/rc/c: 0.211277212 0.788722788 0.000000000
QJ:/rc/crr: 0.000000000 0.348454828 0.651545172
QJ:/rc/r: 0.151788445 0.121620892 0.726590663
QJ:/rrc/c: 0.265744218 0.734255782 0.000000000
QJ:/rrc/crr: 0.000000000 0.452113742 0.547886258
QJ:/rrc/r: 0.180224910 0.138862113 0.680912978
QK:/cc/c: 0.810976344 0.189023656 0.000000000
QK:/cc/crr: 0.000000000 0.869916916 0.130083084
QK:/cc/r: 0.592954023 0.301142418 0.105903559
QK:/crc/c: 0.580941660 0.419058340 0.000000000
QK:/crc/crr: 0.000000000 0.805566794 0.194433206
QK:/crc/r: 0.508905936 0.338748683 0.152345381
QK:/crrc/c: 0.572864024 0.427135976 0.000000000
QK:/crrc/crr: 0.000000000 0.843950231 0.156049769
QK:/crrc/r: 0.481512792 0.379866802 0.138620406
QK:/rc/c: 0.612092935 0.387907065 0.000000000
QK:/rc/crr: 0.000000000 0.861959968 0.138040032
QK:/rc/r: 0.245070030 0.390620114 0.364309856
QK:/rrc/c: 0.446016539 0.553983461 0.000000000
QK:/rrc/crr: 0.000000000 0.792165590 0.207834410
QK:/rrc/r: 0.302598166 0.359815470 0.337586364
QQ:/cc/c: 0.969808102 0.030191898 0.000000000
QQ:/cc/crr: 0.000000000 0.975426515 0.024573485
QQ:/cc/r: 0.904918800 0.057441343 0.037639857
QQ:/crc/c: 0.844354197 0.155645803 0.000000000
QQ:/crc/crr: 0.000000000 0.863321027 0.136678973
QQ:/crc/r: 0.708523183 0.191584908 0.099891909
QQ:/crrc/c: 0.861656694 0.138343306 0.000000000
QQ:/crrc/crr: 0.000000000 0.904760442 0.095239558
QQ:/crrc/r: 0.767434108 0.162157915 0.070407978
QQ:/rc/c: 0.949387880 0.050612120 0.000000000
QQ:/rc/crr: 0.000000000 0.964378943 0.035621057
QQ:/rc/r: 0.920694748 0.051310483 0.027994770
QQ:/rrc/c: 0.941469884 0.058530116 0.000000000
QQ:/rrc/crr: 0.000000000 0.965168332 0.034831668
QQ:/rrc/r: 0.913166506 0.059198950 0.027634544
