J:/c: 0.394475278 0.605524722 0.000000000
J:/crr: 0.000000000 0.576645269 0.423354731
J:/r: 0.061586933 0.146798099 0.791614968
JJ:/cc/c: 0.960788968 0.039211032 0.000000000
JJ:/cc/crr: 0.000000000 0.952529506 0.047470494
JJ:/cc/r: 0.898255876 0.058510630 0.043233495
JJ:/crc/c: 0.907539761 0.092460239 0.000000000
JJ:/crc/crr: 0.000000000 0.931635067 0.068364933
JJ:/crc/r: 0.781880932 0.146889668 0.071229400
JJ:/crrc/c: 0.852021664 0.147978336 0.000000000
JJ:/crrc/crr: 0.000000000 0.915589152 0.084410848
JJ:/crrc/r: 0.703530856 0.227628380 0.068840764
JJ:/rc/c: 0.902286795 0.097713205 0.000000000
JJ:/rc/crr: 0.000000000 0.933500300 0.066499700
JJ:/rc/r: 0.890937162 0.069363325 0.039699514
JJ:/rrc/c: 0.901231639 0.098768361 0.000000000
JJ:/rrc/crr: 0.000000000 0.949849303 0.050150697
JJ:/rrc/r: 0.858165465 0.096814751 0.045019785
JK:/cc/c: 0.165593219 0.834406781 0.000000000
JK:/cc/crr: 0.000000000 0.325506025 0.674493975
JK:/cc/r: 0.112772384 0.103477212 0.783750404
JK:/crc/c: 0.227358880 0.772641120 0.000000000
JK:/crc/crr: 0.000000000 0.318428538 0.681571462
JK:/crc/r: 0.261841076 0.115639772 0.622519153
JK:/crrc/c: 0.280763373 0.719236627 0.000000000
JK:/crrc/crr: 0.000000000 0.448403908 0.551596092
JK:/crrc/r: 0.348994511 0.159620016 0.491385472
JK:/rc/c: 0.272909101 0.727090899 0.000000000
JK:/rc/crr: 0.000000000 0.437207743 0.562792257
JK:/rc/r: 0.192337309 0.113500067 0.694162624
JK:/rrc/c: 0.316599273 0.683400727 0.000000000
JK:/rrc/crr: 0.000000000 0.415738322 0.584261678
JK:/rrc/r: 0.231873960 0.146388033 0.621738006
JQ:/cc/c: 0.185342703 0.814657297 0.000000000
JQ:/cc/crr: 0.000000000 0.500799589 0.499200411
JQ:/cc/r: 0.124399467 0.071787375 0.803813158
JQ:/crc/c: 0.299037634 0.700962366 0.000000000
JQ:/crc/crr: 0.000000000 0.496098763 0.503901237
JQ:/crc/r: 0.188146951 0.165626830 0.646226218
JQ:/crrc/c: 0.303570509 0.696429491 0.000000000
JQ:/crrc/crr: 0.000000000 0.335904075 0.664095925
JQ:/crrc/r: 0.340850627 0.143355580 0.515793794
JQ:/rc/c: 0.191459730 0.808540270 0.000000000
JQ:/rc/crr: 0.000000000 0.271437330 0.728562670
JQ:/rc/r: 0.205649339 0.150764158 0.643586503
JQ:/rrc/c: 0.276304894 0.723695106 0.000000000
JQ:/rrc/crr: 0.000000000 0.327140417 0.672859583
JQ:/rrc/r: 0.226401622 0.120969068 0.652629311
K:/c: 0.882895375 0.117104625 0.000000000
K:/crr: 0.000000000 0.983815947 0.016184053
K:/r: 0.757928253 0.231448936 0.010622811
KJ:/cc/c: 0.740205213 0.259794787 0.000000000
KJ:/cc/crr: 0.000000000 0.885124627 0.114875373
KJ:/cc/r: 0.359756193 0.399830133 0.240413675
KJ:/crc/c: 0.776610311 0.223389689 0.000000000
KJ:/crc/crr: 0.000000000 0.872587492 0.127412508
KJ:/crc/r: 0.562567363 0.309067546 0.128365092
KJ:/crrc/c: 0.729360173 0.270639827 0.000000000
KJ:/crrc/crr: 0.000000000 0.888358236 0.111641764
KJ:/crrc/r: 0.590269960 0.309595454 0.100134586
KJ:/rc/c: 0.702718952 0.297281048 0.000000000
KJ:/rc/crr: 0.000000000 0.882617212 0.117382788
KJ:/rc/r: 0.591681930 0.297346720 0.110971350
KJ:/rrc/c: 0.709372183 0.290627817 0.000000000
KJ:/rrc/crr: 0.000000000 0.923235852 0.076764148
KJ:/rrc/r: 0.591178447 0.303456009 0.105365544
KK:/cc/c: 0.951373652 0.048626348 0.000000000
KK:/cc/crr: 0.000000000 0.959692315 0.040307685
KK:/cc/r: 0.902116302 0.058026982 0.039856716
KK:/crc/c: 0.963686621 0.036313379 0.000000000
KK:/crc/crr: 0.000000000 0.963493521 0.036506479
KK:/crc/r: 0.874175352 0.082388180 0.043436468
KK:/crrc/c: 0.930425336 0.069574664 0.000000000
KK:/crrc/crr: 0.000000000 0.956244982 0.043755018
KK:/crrc/r: 0.879390316 0.083857461 0.036752223
KK:/rc/c: 0.912276908 0.087723092 0.000000000
KK:/rc/crr: 0.000000000 0.946847498 0.053152502
KK:/rc/r: 0.869520922 0.082935806 0.047543272
KK:/rrc/c: 0.938799142 0.061200858 0.000000000
KK:/rrc/crr: 0.000000000 0.970275230 0.029724770
KK:/rrc/r: 0.857515731 0.103643396 0.038840872
KQ:/cc/c: 0.714773483 0.285226517 0.000000000
KQ:/cc/crr: 0.000000000 0.847891350 0.152108650
KQ:/cc/r: 0.437106340 0.394588683 0.168304977
KQ:/crc/c: 0.589510125 0.410489875 0.000000000
KQ:/crc/crr: 0.000000000 0.859768704 0.140231296
KQ:/crc/r: 0.312703598 0.427836149 0.259460254
KQ:/crrc/c: 0.626560560 0.373439440 0.000000000
KQ:/crrc/crr: 0.000000000 0.896186185 0.103813815
KQ:/crrc/r: 0.503633439 0.367207868 0.129158693
KQ:/rc/c: 0.561619318 0.438380682 0.000000000
KQ:/rc/crr: 0.000000000 0.840088654 0.159911346
KQ:/rc/r: 0.528221670 0.358281764 0.113496566
KQ:/rrc/c: 0.581307517 0.418692483 0.000000000
KQ:/rrc/crr: 0.000000000 0.905258874 0.094741126
KQ:/rrc/r: 0.551909703 0.339826590 0.108263707
Q:/c: 0.182867777 0.817132223 0.000000000
Q:/crr: 0.000000000 0.948792839 0.051207161
Q:/r: 0.132894575 0.374739936 0.492365488
QJ:/cc/c: 0.206955375 0.793044625 0.000000000
QJ:/cc/crr: 0.000000000 0.330437918 0.669562082
QJ:/cc/r: 0.124711245 0.079757619 0.795531137
QJ:/crc/c: 0.487097956 0.512902044 0.000000000
QJ:/crc/crr: 0.000000000 0.631216496 0.368783504
QJ:/crc/r: 0.471290585 0.211884334 0.316825081
QJ:/crrc/c: 0.347307289 0.652692711 0.000000000
QJ:/crrc/crr: 0.000000000 0.509845970 0.490154030
QJ:/crrc/r: 0.417049525 0.212407699 0.370542776
QJ:/rc/c: 0.207326387 0.792673613 0.000000000
QJ:/rc/crr: 0.000000000 0.342518084 0.657481916
QJ:/rc/r: 0.148408994 0.118913097 0.732677909
QJ:/rrc/c: 0.264312540 0.735687460 0.000000000
QJ:/rrc/crr: 0.000000000 0.447966967 0.552033033
QJ:/rrc/r: 0.177996556 0.137145181 0.684858264
QK:/cc/c: 0.813858510 0.186141490 0.000000000
QK:/cc/crr: 0.000000000 0.872372044 0.127627956
QK:/cc/r: 0.594069500 0.301494212 0.104436288
QK:/crc/c: 0.582789312 0.417210688 0.000000000
QK:/crc/crr: 0.000000000 0.807393860 0.192606140
QK:/crc/r: 0.509795896 0.339046170 0.151157934
QK:/crrc/c: 0.572461996 0.427538004 0.000000000
QK:/crrc/crr: 0.000000000 0.845234817 0.154765183
QK:/crrc/r: 0.483255349 0.379197717 0.137546934
QK:/rc/c: 0.614023632 0.385976368 0.000000000
QK:/rc/crr: 0.000000000 0.863794191 0.136205809
QK:/rc/r: 0.236872100 0.385932469 0.377195431
QK:/rrc/c: 0.447310347 0.552689653 0.000000000
QK:/rrc/crr: 0.000000000 0.793547641 0.206452359
QK:/rrc/r: 0.297099761 0.355724954 0.347175284
QQ:/cc/c: 0.970849909 0.029150091 0.000000000
QQ:/cc/crr: 0.000000000 0.976270653 0.023729347
QQ:/cc/r: 0.908342848 0.055372775 0.036284377
QQ:/crc/c: 0.847065562 0.152934438 0.000000000
QQ:/crc/crr: 0.000000000 0.865892732 0.134107268
QQ:/crc/r: 0.711858144 0.189392870 0.098748986
QQ:/crrc/c: 0.865661625 0.134338375 0.000000000
QQ:/crrc/crr: 0.000000000 0.907507750 0.092492250
QQ:/crrc/r: 0.773096077 0.158210074 0.068693850
QQ:/rc/c: 0.951248878 0.048751122 0.000000000
QQ:/rc/crr: 0.000000000 0.965568410 0.034431590
QQ:/rc/r: 0.923612258 0.049422854 0.026964888
QQ:/rrc/c: 0.942884285 0.057115715 0.000000000
QQ:/rrc/crr: 0.000000000 0.965951580 0.034048420
QQ:/rrc/r: 0.915003133 0.057946825 0.027050042
