J:/c: 0.402467687 0.597532313 0.000000000
J:/crr: 0.000000000 0.586724092 0.413275908
J:/r: 0.059961183 0.151604871 0.788433946
JJ:/cc/c: 0.961983607 0.038016393 0.000000000
JJ:/cc/crr: 0.000000000 0.953957074 0.046042926
JJ:/cc/r: 0.901176650 0.056830962 0.041992388
JJ:/crc/c: 0.911600086 0.088399914 0.000000000
JJ:/crc/crr: 0.000000000 0.934714898 0.065285102
JJ:/crc/r: 0.789219032 0.141974032 0.068806936
JJ:/crrc/c: 0.859178699 0.140821301 0.000000000
JJ:/crrc/crr: 0.000000000 0.919469037 0.080530963
JJ:/crrc/r: 0.715479980 0.218453868 0.066066152
JJ:/rc/c: 0.905660495 0.094339505 0.000000000
JJ:/rc/crr: 0.000000000 0.936017383 0.063982617
JJ:/rc/r: 0.894791450 0.066912020 0.038296530
JJ:/rrc/c: 0.902996475 0.097003525 0.000000000
JJ:/rrc/crr: 0.000000000 0.950805997 0.049194003
JJ:/rrc/r: 0.861077475 0.094827044 0.044095482
JK:/cc/c: 0.163283920 0.836716080 0.000000000
JK:/cc/crr: 0.000000000 0.320497877 0.679502123
JK:/cc/r: 0.110339511 0.101244866 0.788415623
JK:/crc/c: 0.223323475 0.776676525 0.000000000
JK:/crc/crr: 0.000000000 0.314121089 0.685878911
JK:/crc/r: 0.255581195 0.112875152 0.631543653
JK:/crrc/c: 0.277579128 0.722420872 0.000000000
JK:/crrc/crr: 0.000000000 0.442363859 0.557636141
JK:/crrc/r: 0.344050084 0.157482469 0.498467447
JK:/rc/c: 0.270029500 0.729970500 0.000000000
JK:/rc/crr: 0.000000000 0.433239374 0.566760626
JK:/rc/r: 0.187454002 0.110618381 0.701927617
JK:/rrc/c: 0.318826891 0.681173109 0.000000000
JK:/rrc/crr: 0.000000000 0.414895941 0.585104059
JK:/rrc/r: 0.228747916 0.144414480 0.626837604
JQ:/cc/c: 0.183825853 0.816174147 0.000000000
JQ:/cc/crr: 0.000000000 0.499813026 0.500186974
JQ:/cc/r: 0.121373029 0.070040904 0.808586067
JQ:/crc/c: 0.293485755 0.706514245 0.000000000
JQ:/crc/crr: 0.000000000 0.488969033 0.511030967
JQ:/crc/r: 0.182536118 0.160687582 0.656776299
JQ:/crrc/c: 0.299396868 0.700603132 0.000000000
JQ:/crrc/crr: 0.000000000 0.332199065 0.667800935
JQ:/crrc/r: 0.329208117 0.138565943 0.532225939
JQ:/rc/c: 0.188401764 0.811598236 0.000000000
JQ:/rc/crr: 0.000000000 0.268946253 0.731053747
JQ:/rc/r: 0.201558880 0.147765391 0.650675729
JQ:/rrc/c: 0.273145075 0.726854925 0.000000000
JQ:/rrc/crr: 0.000000000 0.324836996 0.675163004
JQ:/rrc/r: 0.223850013 0.119605713 0.656544274
K:/c: 0.887527536 0.112472464 0.000000000
K:/crr: 0.000000000 0.984298118 0.015701882
K:/r: 0.762860625 0.226775054 0.010364321
KJ:/cc/c: 0.741678045 0.258321955 0.000000000
KJ:/cc/crr: 0.000000000 0.886300981 0.113699019
KJ:/cc/r: 0.356566213 0.404800794 0.238632993
KJ:/crc/c: 0.780811742 0.219188258 0.000000000
KJ:/crc/crr: 0.000000000 0.875174994 0.124825006
KJ:/crc/r: 0.562463087 0.311532412 0.126004501
KJ:/crrc/c: 0.733113422 0.266886578 0.000000000
KJ:/crrc/crr: 0.000000000 0.890473649 0.109526351
KJ:/crrc/r: 0.589614668 0.311843925 0.098541407
KJ:/rc/c: 0.705117579 0.294882421 0.000000000
KJ:/rc/crr: 0.000000000 0.883898296 0.116101704
KJ:/rc/r: 0.591974349 0.298105244 0.109920406
KJ:/rrc/c: 0.711658290 0.288341710 0.000000000
KJ:/rrc/crr: 0.000000000 0.924325166 0.075674834
KJ:/rrc/r: 0.592459859 0.303661585 0.103878557
KK:/cc/c: 0.952347845 0.047652155 0.000000000
KK:/cc/crr: 0.000000000 0.960550245 0.039449755
KK:/cc/r: 0.904211953 0.056784648 0.039003400
KK:/crc/c: 0.965078069 0.034921931 0.000000000
KK:/crc/crr: 0.000000000 0.964783699 0.035216301
KK:/crc/r: 0.879282329 0.079044204 0.041673466
KK:/crrc/c: 0.932533467 0.067466533 0.000000000
KK:/crrc/crr: 0.000000000 0.957421762 0.042578238
KK:/crrc/r: 0.882665163 0.081580527 0.035754310
KK:/rc/c: 0.914198710 0.085801290 0.000000000
KK:/rc/crr: 0.000000000 0.947977937 0.052022063
KK:/rc/r: 0.872028183 0.081342127 0.046629689
KK:/rrc/c: 0.940334415 0.059665585 0.000000000
KK:/rrc/crr: 0.000000000 0.970987741 0.029012259
KK:/rrc/r: 0.861129442 0.101014775 0.037855783
KQ:/cc/c: 0.716463876 0.283536124 0.000000000
KQ:/cc/crr: 0.000000000 0.849318118 0.150681882
KQ:/cc/r: 0.434419157 0.396563127 0.169017716
KQ:/crc/c: 0.583792732 0.416207268 0.000000000
KQ:/crc/crr: 0.000000000 0.859879593 0.140120407
KQ:/crc/r: 0.302349919 0.423013509 0.274636572
KQ:/crrc/c: 0.628718415 0.371281585 0.000000000
KQ:/crrc/crr: 0.000000000 0.897949791 0.102050209
KQ:/crrc/r: 0.502515418 0.370096170 0.127388412
KQ:/rc/c: 0.563431553 0.436568447 0.000000000
KQ:/rc/crr: 0.000000000 0.841927890 0.158072110
KQ:/rc/r: 0.529026001 0.358456517 0.112517482
KQ:/rrc/c: 0.582634735 0.417365265 0.000000000
KQ:/rrc/crr: 0.000000000 0.906942138 0.093057862
KQ:/rrc/r: 0.554040525 0.339553575 0.106405900
Q:/c: 0.180766324 0.819233676 0.000000000
Q:/crr: 0.000000000 0.949727515 0.050272485
Q:/r: 0.128202403 0.376079165 0.495718432
QJ:/cc/c: 0.203797389 0.796202611 0.000000000
QJ:/cc/crr: 0.000000000 0.329265346 0.670734654
QJ:/cc/r: 0.121240976 0.077538249 0.801220775
QJ:/crc/c: 0.492912375 0.507087625 0.000000000
QJ:/crc/crr: 0.000000000 0.635296524 0.364703476
QJ:/crc/r: 0.471477231 0.210965575 0.317557194
QJ:/crrc/c: 0.342774265 0.657225735 0.000000000
QJ:/crrc/crr: 0.000000000 0.505446375 0.494553625
QJ:/crrc/r: 0.414660709 0.210605988 0.374733303
QJ:/rc/c: 0.203895524 0.796104476 0.000000000
QJ:/rc/crr: 0.000000000 0.337947975 0.662052025
QJ:/rc/r: 0.145218632 0.116356812 0.738424556
QJ:/rrc/c: 0.261334233 0.738665767 0.000000000
QJ:/rrc/crr: 0.000000000 0.443522168 0.556477832
QJ:/rrc/r: 0.175783892 0.135440338 0.688775770
QK:/cc/c: 0.816349455 0.183650545 0.000000000
QK:/cc/crr: 0.000000000 0.874531693 0.125468307
QK:/cc/r: 0.592393372 0.304554569 0.103052059
QK:/crc/c: 0.583730479 0.416269521 0.000000000
QK:/crc/crr: 0.000000000 0.808781109 0.191218891
QK:/crc/r: 0.509687533 0.340238885 0.150073583
QK:/crrc/c: 0.573516932 0.426483068 0.000000000
QK:/crrc/crr: 0.000000000 0.846532588 0.153467412
QK:/crrc/r: 0.483770495 0.379616620 0.136612885
QK:/rc/c: 0.616467151 0.383532849 0.000000000
QK:/rc/crr: 0.000000000 0.865733730 0.134266270
QK:/rc/r: 0.230891096 0.379051670 0.390057234
QK:/rrc/c: 0.448949090 0.551050910 0.000000000
QK:/rrc/crr: 0.000000000 0.795034235 0.204965765
QK:/rrc/r: 0.291401250 0.353311106 0.355287645
QQ:/cc/c: 0.971809982 0.028190018 0.000000000
QQ:/cc/crr: 0.000000000 0.977035863 0.022964137
QQ:/cc/r: 0.911347179 0.053557770 0.035095050
QQ:/crc/c: 0.850253273 0.149746727 0.000000000
QQ:/crc/crr: 0.000000000 0.867848736 0.132151264
QQ:/crc/r: 0.715997225 0.186672292 0.097330483
QQ:/crrc/c: 0.869484820 0.130515180 0.000000000
QQ:/crrc/crr: 0.000000000 0.909875347 0.090124653
QQ:/crrc/r: 0.778714321 0.154292720 0.066992958
QQ:/rc/c: 0.952927550 0.047072450 0.000000000
QQ:/rc/crr: 0.000000000 0.966656674 0.033343326
QQ:/rc/r: 0.926172239 0.047766547 0.026061214
QQ:/rrc/c: 0.944122486 0.055877514 0.000000000
QQ:/rrc/crr: 0.000000000 0.966660261 0.033339739
QQ:/rrc/r: 0.916675205 0.056806885 0.026517910
