J:/c: 0.223109176 0.776890824 0.000000000
J:/crr: 0.000000000 0.580045925 0.419954075
J:/r: 0.252605744 0.178453165 0.568941091
JJ:/cc/c: 0.909027812 0.090972188 0.000000000
JJ:/cc/crr: 0.000000000 0.917777390 0.082222610
JJ:/cc/r: 0.717228888 0.169952755 0.112818357
JJ:/crc/c: 0.663985126 0.336014874 0.000000000
JJ:/crc/crr: 0.000000000 0.791800587 0.208199413
JJ:/crc/r: 0.495593089 0.312168038 0.192238872
JJ:/crrc/c: 0.702431636 0.297568364 0.000000000
JJ:/crrc/crr: 0.000000000 0.796239978 0.203760022
JJ:/crrc/r: 0.523250640 0.309154970 0.167594390
JJ:/rc/c: 0.817961519 0.182038481 0.000000000
JJ:/rc/crr: 0.000000000 0.883437787 0.116562213
JJ:/rc/r: 0.710762372 0.199682404 0.089555224
JJ:/rrc/c: 0.774978815 0.225021185 0.000000000
JJ:/rrc/crr: 0.000000000 0.879756857 0.120243143
JJ:/rrc/r: 0.691247854 0.228190479 0.080561667
JK:/cc/c: 0.269922895 0.730077105 0.000000000
JK:/cc/crr: 0.000000000 0.489342550 0.510657450
JK:/cc/r: 0.227282599 0.198285708 0.574431694
JK:/crc/c: 0.388105344 0.611894656 0.000000000
JK:/crc/crr: 0.000000000 0.454278847 0.545721153
JK:/crc/r: 0.411303100 0.149001335 0.439695565
JK:/crrc/c: 0.427343118 0.572656882 0.000000000
JK:/crrc/crr: 0.000000000 0.695021366 0.304978634
JK:/crrc/r: 0.429558598 0.329175675 0.241265727
JK:/rc/c: 0.367299891 0.632700109 0.000000000
JK:/rc/crr: 0.000000000 0.429821427 0.570178573
JK:/rc/r: 0.333943170 0.288701460 0.377355370
JK:/rrc/c: 0.397332464 0.602667536 0.000000000
JK:/rrc/crr: 0.000000000 0.369455294 0.630544706
JK:/rrc/r: 0.330318791 0.183961662 0.485719548
JQ:/cc/c: 0.251966567 0.748033433 0.000000000
JQ:/cc/crr: 0.000000000 0.531422143 0.468577857
JQ:/cc/r: 0.287591032 0.111548103 0.600860864
JQ:/crc/c: 0.321618646 0.678381354 0.000000000
JQ:/crc/crr: 0.000000000 0.482143534 0.517856466
JQ:/crc/r: 0.346420115 0.233271199 0.420308686
JQ:/crrc/c: 0.401114303 0.598885697 0.000000000
JQ:/crrc/crr: 0.000000000 0.469755717 0.530244283
JQ:/crrc/r: 0.474487736 0.347927254 0.177585010
JQ:/rc/c: 0.459659108 0.540340892 0.000000000
JQ:/rc/crr: 0.000000000 0.399562479 0.600437521
JQ:/rc/r: 0.300485365 0.235777673 0.463736962
JQ:/rrc/c: 0.312552954 0.687447046 0.000000000
JQ:/rrc/crr: 0.000000000 0.318806766 0.681193234
JQ:/rrc/r: 0.409818457 0.125535664 0.464645879
K:/c: 0.832186020 0.167813980 0.000000000
K:/crr: 0.000000000 0.972145386 0.027854614
K:/r: 0.769200599 0.217495280 0.013304121
KJ:/cc/c: 0.577080786 0.422919214 0.000000000
KJ:/cc/crr: 0.000000000 0.742242448 0.257757552
KJ:/cc/r: 0.456234556 0.378233344 0.165532100
KJ:/crc/c: 0.670265818 0.329734182 0.000000000
KJ:/crc/crr: 0.000000000 0.847579794 0.152420206
KJ:/crc/r: 0.514415287 0.306238959 0.179345753
KJ:/crrc/c: 0.617620400 0.382379600 0.000000000
KJ:/crrc/crr: 0.000000000 0.841213555 0.158786445
KJ:/crrc/r: 0.551652293 0.292718010 0.155629697
KJ:/rc/c: 0.538443296 0.461556704 0.000000000
KJ:/rc/crr: 0.000000000 0.715680386 0.284319614
KJ:/rc/r: 0.567854305 0.244738419 0.187407276
KJ:/rrc/c: 0.730944308 0.269055692 0.000000000
KJ:/rrc/crr: 0.000000000 0.866893604 0.133106396
KJ:/rrc/r: 0.587116715 0.310535379 0.102347907
KK:/cc/c: 0.784162566 0.215837434 0.000000000
KK:/cc/crr: 0.000000000 0.798945041 0.201054959
KK:/cc/r: 0.717644401 0.169530212 0.112825387
KK:/crc/c: 0.805165233 0.194834767 0.000000000
KK:/crc/crr: 0.000000000 0.870138550 0.129861450
KK:/crc/r: 0.745996005 0.174046890 0.079957105
KK:/crrc/c: 0.847136076 0.152863924 0.000000000
KK:/crrc/crr: 0.000000000 0.922495096 0.077504904
KK:/crrc/r: 0.689173741 0.215627311 0.095198948
KK:/rc/c: 0.763637031 0.236362969 0.000000000
KK:/rc/crr: 0.000000000 0.814507239 0.185492761
KK:/rc/r: 0.673521390 0.215318684 0.111159926
KK:/rrc/c: 0.828699239 0.171300761 0.000000000
KK:/rrc/crr: 0.000000000 0.916341522 0.083658478
KK:/rrc/r: 0.716824976 0.224518330 0.058656695
KQ:/cc/c: 0.649232931 0.350767069 0.000000000
KQ:/cc/crr: 0.000000000 0.768720596 0.231279404
KQ:/cc/r: 0.572940479 0.293600110 0.133459411
KQ:/crc/c: 0.635432887 0.364567113 0.000000000
KQ:/crc/crr: 0.000000000 0.787751606 0.212248394
KQ:/crc/r: 0.472695480 0.343229699 0.184074821
KQ:/crrc/c: 0.638037351 0.361962649 0.000000000
KQ:/crrc/crr: 0.000000000 0.838171730 0.161828270
KQ:/crrc/r: 0.561968178 0.287658143 0.150373679
KQ:/rc/c: 0.470476672 0.529523328 0.000000000
KQ:/rc/crr: 0.000000000 0.734050679 0.265949321
KQ:/rc/r: 0.518394233 0.271360161 0.210245606
KQ:/rrc/c: 0.523782230 0.476217770 0.000000000
KQ:/rrc/crr: 0.000000000 0.844497472 0.155502528
KQ:/rrc/r: 0.533292114 0.313985517 0.152722369
Q:/c: 0.353084671 0.646915329 0.000000000
Q:/crr: 0.000000000 0.901776763 0.098223237
Q:/r: 0.409386491 0.475923245 0.114690264
QJ:/cc/c: 0.229887410 0.770112590 0.000000000
QJ:/cc/crr: 0.000000000 0.474483922 0.525516078
QJ:/cc/r: 0.218847934 0.223851670 0.557300396
QJ:/crc/c: 0.339053319 0.660946681 0.000000000
QJ:/crc/crr: 0.000000000 0.575698355 0.424301645
QJ:/crc/r: 0.480513436 0.164784125 0.354702439
QJ:/crrc/c: 0.415707108 0.584292892 0.000000000
QJ:/crrc/crr: 0.000000000 0.494421446 0.505578554
QJ:/crrc/r: 0.486841053 0.208842051 0.304316895
QJ:/rc/c: 0.326815227 0.673184773 0.000000000
QJ:/rc/crr: 0.000000000 0.406362596 0.593637404
QJ:/rc/r: 0.323625486 0.117509811 0.558864703
QJ:/rrc/c: 0.399448775 0.600551225 0.000000000
QJ:/rrc/crr: 0.000000000 0.532525838 0.467474162
QJ:/rrc/r: 0.340993223 0.241200070 0.417806707
QK:/cc/c: 0.713224061 0.286775939 0.000000000
QK:/cc/crr: 0.000000000 0.805511919 0.194488081
QK:/cc/r: 0.575257189 0.261852484 0.162890327
QK:/crc/c: 0.564303444 0.435696556 0.000000000
QK:/crc/crr: 0.000000000 0.718860668 0.281139332
QK:/crc/r: 0.430124485 0.331302598 0.238572917
QK:/crrc/c: 0.529089308 0.470910692 0.000000000
QK:/crrc/crr: 0.000000000 0.720683474 0.279316526
QK:/crrc/r: 0.629091906 0.191459825 0.179448269
QK:/rc/c: 0.612686789 0.387313211 0.000000000
QK:/rc/crr: 0.000000000 0.826585347 0.173414653
QK:/rc/r: 0.455870318 0.348050794 0.196078888
QK:/rrc/c: 0.555035060 0.444964940 0.000000000
QK:/rrc/crr: 0.000000000 0.774051996 0.225948004
QK:/rrc/r: 0.523639542 0.332128937 0.144231521
QQ:/cc/c: 0.922602470 0.077397530 0.000000000
QQ:/cc/crr: 0.000000000 0.919519158 0.080480842
QQ:/cc/r: 0.742312862 0.154393097 0.103294042
QQ:/crc/c: 0.732431421 0.267568579 0.000000000
QQ:/crc/crr: 0.000000000 0.763415905 0.236584095
QQ:/crc/r: 0.544435900 0.300381660 0.155182439
QQ:/crrc/c: 0.805751173 0.194248827 0.000000000
QQ:/crrc/crr: 0.000000000 0.870306646 0.129693354
QQ:/crrc/r: 0.705370314 0.214631887 0.079997799
QQ:/rc/c: 0.868952353 0.131047647 0.000000000
QQ:/rc/crr: 0.000000000 0.928137403 0.071862597
QQ:/rc/r: 0.705751881 0.180509391 0.113738728
QQ:/rrc/c: 0.805645490 0.194354510 0.000000000
QQ:/rrc/crr: 0.000000000 0.907820705 0.092179295
QQ:/rrc/r: 0.777453873 0.160610685 0.061935441
