J:/c: 0.401925076 0.598074924 0.000000000
J:/crr: 0.000000000 0.590487930 0.409512070
J:/r: 0.059473396 0.155454177 0.785072428
JJ:/cc/c: 0.962256789 0.037743211 0.000000000
JJ:/cc/crr: 0.000000000 0.954264071 0.045735929
JJ:/cc/r: 0.901850637 0.056443368 0.041705995
JJ:/crc/c: 0.912278593 0.087721407 0.000000000
JJ:/crc/crr: 0.000000000 0.935350665 0.064649335
JJ:/crc/r: 0.790753826 0.140940685 0.068305489
JJ:/crrc/c: 0.861011326 0.138988674 0.000000000
JJ:/crrc/crr: 0.000000000 0.920552440 0.079447560
JJ:/crrc/r: 0.718268096 0.216313158 0.065418746
JJ:/rc/c: 0.906507250 0.093492750 0.000000000
JJ:/rc/crr: 0.000000000 0.936614706 0.063385294
JJ:/rc/r: 0.895618004 0.066386337 0.037995660
JJ:/rrc/c: 0.903434205 0.096565795 0.000000000
JJ:/rrc/crr: 0.000000000 0.951030061 0.048969939
JJ:/rrc/r: 0.861785357 0.094343850 0.043870792
JK:/cc/c: 0.162682922 0.837317078 0.000000000
JK:/cc/crr: 0.000000000 0.318788454 0.681211546
JK:/cc/r: 0.109761668 0.100714651 0.789523681
JK:/crc/c: 0.222325860 0.777674140 0.000000000
JK:/crc/crr: 0.000000000 0.313126774 0.686873226
JK:/crc/r: 0.254049578 0.112198726 0.633751696
JK:/crrc/c: 0.277038489 0.722961511 0.000000000
JK:/crrc/crr: 0.000000000 0.441702051 0.558297949
JK:/crrc/r: 0.342162446 0.157037113 0.500800442
JK:/rc/c: 0.269113571 0.730886429 0.000000000
JK:/rc/crr: 0.000000000 0.431404300 0.568595700
JK:/rc/r: 0.186256516 0.109911733 0.703831750
JK:/rrc/c: 0.320087966 0.679912034 0.000000000
JK:/rrc/crr: 0.000000000 0.414800806 0.585199194
JK:/rrc/r: 0.228177752 0.144054521 0.627767726
JQ:/cc/c: 0.183599737 0.816400263 0.000000000
JQ:/cc/crr: 0.000000000 0.500368821 0.499631179
JQ:/cc/r: 0.120658392 0.069628507 0.809713101
JQ:/crc/c: 0.290841661 0.709158339 0.000000000
JQ:/crc/crr: 0.000000000 0.485652192 0.514347808
JQ:/crc/r: 0.181254015 0.159558940 0.659187045
JQ:/crrc/c: 0.297984289 0.702015711 0.000000000
JQ:/crrc/crr: 0.000000000 0.331031702 0.668968298
JQ:/crrc/r: 0.326614766 0.137478810 0.535906424
JQ:/rc/c: 0.187614058 0.812385942 0.000000000
JQ:/rc/crr: 0.000000000 0.268315638 0.731684362
JQ:/rc/r: 0.200643585 0.147094376 0.652262038
JQ:/rrc/c: 0.272647212 0.727352788 0.000000000
JQ:/rrc/crr: 0.000000000 0.324408789 0.675591211
JQ:/rrc/r: 0.223236273 0.119277785 0.657485942
K:/c: 0.889023442 0.110976558 0.000000000
K:/crr: 0.000000000 0.984418604 0.015581396
K:/r: 0.761787400 0.227894751 0.010317849
KJ:/cc/c: 0.742053535 0.257946465 0.000000000
KJ:/cc/crr: 0.000000000 0.886615768 0.113384232
KJ:/cc/r: 0.356083202 0.405102025 0.238814773
KJ:/crc/c: 0.781856434 0.218143566 0.000000000
KJ:/crc/crr: 0.000000000 0.875779439 0.124220561
KJ:/crc/r: 0.563155232 0.311296184 0.125548584
KJ:/crrc/c: 0.734090433 0.265909567 0.000000000
KJ:/crrc/crr: 0.000000000 0.890917355 0.109082645
KJ:/crrc/r: 0.589652142 0.312172992 0.098174866
KJ:/rc/c: 0.705577570 0.294422430 0.000000000
KJ:/rc/crr: 0.000000000 0.884215831 0.115784169
KJ:/rc/r: 0.592085667 0.298251721 0.109662612
KJ:/rrc/c: 0.712412141 0.287587859 0.000000000
KJ:/rrc/crr: 0.000000000 0.924607778 0.075392222
KJ:/rrc/r: 0.592369747 0.304122143 0.103508110
KK:/cc/c: 0.952549755 0.047450245 0.000000000
KK:/cc/crr: 0.000000000 0.960728645 0.039271355
KK:/cc/r: 0.904748602 0.056466513 0.038784884
KK:/crc/c: 0.965408813 0.034591187 0.000000000
KK:/crc/crr: 0.000000000 0.965071143 0.034928857
KK:/crc/r: 0.880541300 0.078219849 0.041238852
KK:/crrc/c: 0.933047908 0.066952092 0.000000000
KK:/crrc/crr: 0.000000000 0.957722700 0.042277300
KK:/crrc/r: 0.883498301 0.081001262 0.035500436
KK:/rc/c: 0.914759079 0.085240921 0.000000000
KK:/rc/crr: 0.000000000 0.948279360 0.051720640
KK:/rc/r: 0.872621504 0.080964998 0.046413498
KK:/rrc/c: 0.940722286 0.059277714 0.000000000
KK:/rrc/crr: 0.000000000 0.971175753 0.028824247
KK:/rrc/r: 0.861917351 0.100441647 0.037641001
KQ:/cc/c: 0.716849512 0.283150488 0.000000000
KQ:/cc/crr: 0.000000000 0.849621151 0.150378849
KQ:/cc/r: 0.432682027 0.397730935 0.169587038
KQ:/crc/c: 0.580519043 0.419480957 0.000000000
KQ:/crc/crr: 0.000000000 0.859195643 0.140804357
KQ:/crc/r: 0.300257832 0.424146314 0.275595854
KQ:/crrc/c: 0.629363971 0.370636029 0.000000000
KQ:/crrc/crr: 0.000000000 0.898403924 0.101596076
KQ:/crrc/r: 0.503203783 0.369852620 0.126943597
KQ:/rc/c: 0.563904766 0.436095234 0.000000000
KQ:/rc/crr: 0.000000000 0.842421051 0.157578949
KQ:/rc/r: 0.528628769 0.359113155 0.112258076
KQ:/rrc/c: 0.583344251 0.416655749 0.000000000
KQ:/rrc/crr: 0.000000000 0.907307605 0.092692395
KQ:/rrc/r: 0.553915249 0.340115751 0.105969000
Q:/c: 0.179756403 0.820243597 0.000000000
Q:/crr: 0.000000000 0.949932729 0.050067271
Q:/r: 0.126442592 0.381339270 0.492218138
QJ:/cc/c: 0.202941284 0.797058716 0.000000000
QJ:/cc/crr: 0.000000000 0.328021942 0.671978058
QJ:/cc/r: 0.120412078 0.077008137 0.802579785
QJ:/crc/c: 0.494556771 0.505443229 0.000000000
QJ:/crc/crr: 0.000000000 0.636490190 0.363509810
QJ:/crc/r: 0.471016135 0.211116744 0.317867122
QJ:/crrc/c: 0.343919622 0.656080378 0.000000000
QJ:/crrc/crr: 0.000000000 0.504426565 0.495573435
QJ:/crrc/r: 0.412786321 0.209934678 0.377279001
QJ:/rc/c: 0.203150521 0.796849479 0.000000000
QJ:/rc/crr: 0.000000000 0.337032517 0.662967483
QJ:/rc/r: 0.144507317 0.115786868 0.739705815
QJ:/rrc/c: 0.260538840 0.739461160 0.000000000
QJ:/rrc/crr: 0.000000000 0.442916106 0.557083894
QJ:/rrc/r: 0.175264280 0.135039981 0.689695739
QK:/cc/c: 0.816983812 0.183016188 0.000000000
QK:/cc/crr: 0.000000000 0.875030446 0.124969554
QK:/cc/r: 0.592340566 0.304923615 0.102735819
QK:/crc/c: 0.583493678 0.416506322 0.000000000
QK:/crc/crr: 0.000000000 0.809207503 0.190792497
QK:/crc/r: 0.509209532 0.341011019 0.149779450
QK:/crrc/c: 0.572785305 0.427214695 0.000000000
QK:/crrc/crr: 0.000000000 0.846867042 0.153132958
QK:/crrc/r: 0.483659760 0.379901228 0.136439012
QK:/rc/c: 0.617031551 0.382968449 0.000000000
QK:/rc/crr: 0.000000000 0.866174990 0.133825010
QK:/rc/r: 0.229187779 0.377505212 0.393307009
QK:/rrc/c: 0.449150004 0.550849996 0.000000000
QK:/rrc/crr: 0.000000000 0.795391535 0.204608465
QK:/rrc/r: 0.289330396 0.352351658 0.358317946
QQ:/cc/c: 0.972032568 0.027967432 0.000000000
QQ:/cc/crr: 0.000000000 0.977212350 0.022787650
QQ:/cc/r: 0.912079562 0.053115317 0.034805121
QQ:/crc/c: 0.850737202 0.149262798 0.000000000
QQ:/crc/crr: 0.000000000 0.868256853 0.131743147
QQ:/crc/r: 0.717118921 0.185935012 0.096946067
QQ:/crrc/c: 0.870401420 0.129598580 0.000000000
QQ:/crrc/crr: 0.000000000 0.910464758 0.089535242
QQ:/crrc/r: 0.780110515 0.153319216 0.066570269
QQ:/rc/c: 0.953375539 0.046624461 0.000000000
QQ:/rc/crr: 0.000000000 0.966950150 0.033049850
QQ:/rc/r: 0.926789278 0.047367323 0.025843399
QQ:/rrc/c: 0.944364099 0.055635901 0.000000000
QQ:/rrc/crr: 0.000000000 0.966787659 0.033212341
QQ:/rrc/r: 0.917117167 0.056505577 0.026377256
