J:/c: 0.405043601 0.594956399 0.000000000
J:/crr: 0.000000000 0.592920059 0.407079941
J:/r: 0.059158791 0.156381093 0.784460116
JJ:/cc/c: 0.962512269 0.037487731 0.000000000
JJ:/cc/crr: 0.000000000 0.954559221 0.045440779
JJ:/cc/r: 0.902469818 0.056087291 0.041442890
JJ:/crc/c: 0.913101404 0.086898596 0.000000000
JJ:/crc/crr: 0.000000000 0.936003988 0.063996012
JJ:/crc/r: 0.792597573 0.139698804 0.067703623
JJ:/crrc/c: 0.862276116 0.137723884 0.000000000
JJ:/crrc/crr: 0.000000000 0.921315416 0.078684584
JJ:/crrc/r: 0.720720503 0.214430205 0.064849292
JJ:/rc/c: 0.907298126 0.092701874 0.000000000
JJ:/rc/crr: 0.000000000 0.937113597 0.062886403
JJ:/rc/r: 0.896586119 0.065770621 0.037643260
JJ:/rrc/c: 0.904045233 0.095954767 0.000000000
JJ:/rrc/crr: 0.000000000 0.951390990 0.048609010
JJ:/rrc/r: 0.862414600 0.093914336 0.043671064
JK:/cc/c: 0.162132369 0.837867631 0.000000000
JK:/cc/crr: 0.000000000 0.317284040 0.682715960
JK:/cc/r: 0.109218583 0.100216329 0.790565088
JK:/crc/c: 0.221263067 0.778736933 0.000000000
JK:/crc/crr: 0.000000000 0.312302448 0.687697552
JK:/crc/r: 0.252797547 0.111645778 0.635556675
JK:/crrc/c: 0.276753439 0.723246561 0.000000000
JK:/crrc/crr: 0.000000000 0.440737095 0.559262905
JK:/crrc/r: 0.341328674 0.156548656 0.502122670
JK:/rc/c: 0.268065668 0.731934332 0.000000000
JK:/rc/crr: 0.000000000 0.430038568 0.569961432
JK:/rc/r: 0.185202532 0.109289767 0.705507701
JK:/rrc/c: 0.319939693 0.680060307 0.000000000
JK:/rrc/crr: 0.000000000 0.414667894 0.585332106
JK:/rrc/r: 0.227546310 0.143655875 0.628797815
JQ:/cc/c: 0.183274920 0.816725080 0.000000000
JQ:/cc/crr: 0.000000000 0.500612962 0.499387038
JQ:/cc/r: 0.119923916 0.069204663 0.810871421
JQ:/crc/c: 0.289250264 0.710749736 0.000000000
JQ:/crc/crr: 0.000000000 0.483778599 0.516221401
JQ:/crc/r: 0.179898496 0.158365669 0.661735835
JQ:/crrc/c: 0.296045864 0.703954136 0.000000000
JQ:/crrc/crr: 0.000000000 0.329691877 0.670308123
JQ:/crrc/r: 0.324635928 0.136659741 0.538704331
JQ:/rc/c: 0.186851581 0.813148419 0.000000000
JQ:/rc/crr: 0.000000000 0.267603690 0.732396310
JQ:/rc/r: 0.199869023 0.146526535 0.653604442
JQ:/rrc/c: 0.272253991 0.727746009 0.000000000
JQ:/rrc/crr: 0.000000000 0.323908103 0.676091897
JQ:/rrc/r: 0.222612071 0.118944266 0.658443664
K:/c: 0.890162050 0.109837950 0.000000000
K:/crr: 0.000000000 0.984528592 0.015471408
K:/r: 0.762889224 0.226844942 0.010265835
KJ:/cc/c: 0.742502122 0.257497878 0.000000000
KJ:/cc/crr: 0.000000000 0.886955773 0.113044227
KJ:/cc/r: 0.355355690 0.405980754 0.238663556
KJ:/crc/c: 0.782643696 0.217356304 0.000000000
KJ:/crc/crr: 0.000000000 0.876343749 0.123656251
KJ:/crc/r: 0.562844710 0.312128893 0.125026397
KJ:/crrc/c: 0.735165586 0.264834414 0.000000000
KJ:/crrc/crr: 0.000000000 0.891331662 0.108668338
KJ:/crrc/r: 0.589400551 0.312814543 0.097784906
KJ:/rc/c: 0.705995608 0.294004392 0.000000000
KJ:/rc/crr: 0.000000000 0.884502426 0.115497574
KJ:/rc/r: 0.592181899 0.298389492 0.109428609
KJ:/rrc/c: 0.713219913 0.286780087 0.000000000
KJ:/rrc/crr: 0.000000000 0.924861114 0.075138886
KJ:/rrc/r: 0.592950745 0.303861177 0.103188079
KK:/cc/c: 0.952745592 0.047254408 0.000000000
KK:/cc/crr: 0.000000000 0.960911201 0.039088799
KK:/cc/r: 0.905254184 0.056166797 0.038579019
KK:/crc/c: 0.965707430 0.034292570 0.000000000
KK:/crc/crr: 0.000000000 0.965326439 0.034673561
KK:/crc/r: 0.881678688 0.077475103 0.040846209
KK:/crrc/c: 0.933569575 0.066430425 0.000000000
KK:/crrc/crr: 0.000000000 0.958061902 0.041938098
KK:/crrc/r: 0.884207716 0.080508021 0.035284263
KK:/rc/c: 0.915206888 0.084793112 0.000000000
KK:/rc/crr: 0.000000000 0.948563852 0.051436148
KK:/rc/r: 0.873215035 0.080587734 0.046197231
KK:/rrc/c: 0.941057632 0.058942368 0.000000000
KK:/rrc/crr: 0.000000000 0.971307831 0.028692169
KK:/rrc/r: 0.862663940 0.099898577 0.037437483
KQ:/cc/c: 0.717265672 0.282734328 0.000000000
KQ:/cc/crr: 0.000000000 0.849946435 0.150053565
KQ:/cc/r: 0.431605055 0.398004440 0.170390505
KQ:/crc/c: 0.580082188 0.419917812 0.000000000
KQ:/crc/crr: 0.000000000 0.859647730 0.140352270
KQ:/crc/r: 0.298495822 0.422853605 0.278650574
KQ:/crrc/c: 0.630190458 0.369809542 0.000000000
KQ:/crrc/crr: 0.000000000 0.898848036 0.101151964
KQ:/crrc/r: 0.503114702 0.370329051 0.126556248
KQ:/rc/c: 0.563593013 0.436406987 0.000000000
KQ:/rc/crr: 0.000000000 0.842899608 0.157100392
KQ:/rc/r: 0.528220707 0.359752622 0.112026671
KQ:/rrc/c: 0.584156130 0.415843870 0.000000000
KQ:/rrc/crr: 0.000000000 0.907688842 0.092311158
KQ:/rrc/r: 0.554594839 0.339828807 0.105576354
Q:/c: 0.178627672 0.821372328 0.000000000
Q:/crr: 0.000000000 0.950126353 0.049873647
Q:/r: 0.125305353 0.385897347 0.488797301
QJ:/cc/c: 0.202164023 0.797835977 0.000000000
QJ:/cc/crr: 0.000000000 0.327129551 0.672870449
QJ:/cc/r: 0.119646264 0.076518370 0.803835367
QJ:/crc/c: 0.495488024 0.504511976 0.000000000
QJ:/crc/crr: 0.000000000 0.637677486 0.362322514
QJ:/crc/r: 0.471077635 0.211102055 0.317820310
QJ:/crrc/c: 0.344202763 0.655797237 0.000000000
QJ:/crrc/crr: 0.000000000 0.504068791 0.495931209
QJ:/crrc/r: 0.411466911 0.209251188 0.379281901
QJ:/rc/c: 0.202327367 0.797672633 0.000000000
QJ:/rc/crr: 0.000000000 0.336059482 0.663940518
QJ:/rc/r: 0.143801161 0.115221059 0.740977779
QJ:/rrc/c: 0.259872004 0.740127996 0.000000000
QJ:/rrc/crr: 0.000000000 0.441892553 0.558107447
QJ:/rrc/r: 0.174750108 0.134643814 0.690606078
QK:/cc/c: 0.817626555 0.182373445 0.000000000
QK:/cc/crr: 0.000000000 0.875565686 0.124434314
QK:/cc/r: 0.593008426 0.304578496 0.102413079
QK:/crc/c: 0.583619653 0.416380347 0.000000000
QK:/crc/crr: 0.000000000 0.809617259 0.190382741
QK:/crc/r: 0.509218875 0.341251031 0.149530095
QK:/crrc/c: 0.572537895 0.427462105 0.000000000
QK:/crrc/crr: 0.000000000 0.847100242 0.152899758
QK:/crrc/r: 0.483850271 0.379886867 0.136262862
QK:/rc/c: 0.617463723 0.382536277 0.000000000
QK:/rc/crr: 0.000000000 0.866646759 0.133353241
QK:/rc/r: 0.227722584 0.376023407 0.396254009
QK:/rrc/c: 0.450066174 0.549933826 0.000000000
QK:/rrc/crr: 0.000000000 0.795750641 0.204249359
QK:/rrc/r: 0.287531904 0.352195264 0.360272831
QQ:/cc/c: 0.972248441 0.027751559 0.000000000
QQ:/cc/crr: 0.000000000 0.977385305 0.022614695
QQ:/cc/r: 0.912734517 0.052719639 0.034545844
QQ:/crc/c: 0.851487305 0.148512695 0.000000000
QQ:/crc/crr: 0.000000000 0.868795174 0.131204826
QQ:/crc/r: 0.718048437 0.185324050 0.096627513
QQ:/crrc/c: 0.871309972 0.128690028 0.000000000
QQ:/crrc/crr: 0.000000000 0.911092486 0.088907514
QQ:/crrc/r: 0.781287149 0.152498801 0.066214050
QQ:/rc/c: 0.953790403 0.046209597 0.000000000
QQ:/rc/crr: 0.000000000 0.967221046 0.032778954
QQ:/rc/r: 0.927395692 0.046974973 0.025629335
QQ:/rrc/c: 0.944653999 0.055346001 0.000000000
QQ:/rrc/crr: 0.000000000 0.966952674 0.033047326
QQ:/rrc/r: 0.917558043 0.056205008 0.026236949
