J:/c: 0.411194469 0.588805531 0.000000000
J:/crr: 0.000000000 0.599976138 0.400023862
J:/r: 0.057779793 0.173885217 0.768334990
JJ:/cc/c: 0.963004630 0.036995370 0.000000000
JJ:/cc/crr: 0.000000000 0.955129988 0.044870012
JJ:/cc/r: 0.903738749 0.055357559 0.040903691
JJ:/crc/c: 0.914556264 0.085443736 0.000000000
JJ:/crc/crr: 0.000000000 0.937126595 0.062873405
JJ:/crc/r: 0.795804252 0.137538900 0.066656848
JJ:/crrc/c: 0.865642751 0.134357249 0.000000000
JJ:/crrc/crr: 0.000000000 0.923080520 0.076919480
JJ:/crrc/r: 0.726051152 0.210337344 0.063611504
JJ:/rc/c: 0.908742641 0.091257359 0.000000000
JJ:/rc/crr: 0.000000000 0.938126890 0.061873110
JJ:/rc/r: 0.898612734 0.064481706 0.036905560
JJ:/rrc/c: 0.904957148 0.095042852 0.000000000
JJ:/rrc/crr: 0.000000000 0.951837476 0.048162524
JJ:/rrc/r: 0.863798465 0.092969724 0.043231811
JK:/cc/c: 0.161160155 0.838839845 0.000000000
JK:/cc/crr: 0.000000000 0.315855965 0.684144035
JK:/cc/r: 0.108200638 0.099282288 0.792517074
JK:/crc/c: 0.219529038 0.780470962 0.000000000
JK:/crc/crr: 0.000000000 0.310300188 0.689699812
JK:/crc/r: 0.250093412 0.110451521 0.639455068
JK:/crrc/c: 0.274458217 0.725541783 0.000000000
JK:/crrc/crr: 0.000000000 0.437909415 0.562090585
JK:/crrc/r: 0.338853426 0.155389876 0.505756698
JK:/rc/c: 0.266239968 0.733760032 0.000000000
JK:/rc/crr: 0.000000000 0.427933762 0.572066238
JK:/rc/r: 0.183176057 0.108093925 0.708730018
JK:/rrc/c: 0.319783557 0.680216443 0.000000000
JK:/rrc/crr: 0.000000000 0.414472991 0.585527009
JK:/rrc/r: 0.226062667 0.142719213 0.631218120
JQ:/cc/c: 0.182629773 0.817370227 0.000000000
JQ:/cc/crr: 0.000000000 0.499719685 0.500280315
JQ:/cc/r: 0.118626600 0.068456018 0.812917382
JQ:/crc/c: 0.286757775 0.713242225 0.000000000
JQ:/crc/crr: 0.000000000 0.479772608 0.520227392
JQ:/crc/r: 0.177435314 0.156197316 0.666367370
JQ:/crrc/c: 0.297282387 0.702717613 0.000000000
JQ:/crrc/crr: 0.000000000 0.327618782 0.672381218
JQ:/crrc/r: 0.320621654 0.134834325 0.544544022
JQ:/rc/c: 0.185373262 0.814626738 0.000000000
JQ:/rc/crr: 0.000000000 0.266194670 0.733805330
JQ:/rc/r: 0.198014143 0.145166699 0.656819158
JQ:/rrc/c: 0.271252884 0.728747116 0.000000000
JQ:/rrc/crr: 0.000000000 0.323036840 0.676963160
JQ:/rrc/r: 0.221473271 0.118335792 0.660190937
K:/c: 0.892176968 0.107823032 0.000000000
K:/crr: 0.000000000 0.984743802 0.015256198
K:/r: 0.764422851 0.225408195 0.010168954
KJ:/cc/c: 0.743105042 0.256894958 0.000000000
KJ:/cc/crr: 0.000000000 0.887564077 0.112435923
KJ:/cc/r: 0.355193232 0.406657938 0.238148830
KJ:/crc/c: 0.784376365 0.215623635 0.000000000
KJ:/crc/crr: 0.000000000 0.877470037 0.122529963
KJ:/crc/r: 0.563721480 0.312215695 0.124062825
KJ:/crrc/c: 0.736817559 0.263182441 0.000000000
KJ:/crrc/crr: 0.000000000 0.892158247 0.107841753
KJ:/crrc/r: 0.586974119 0.316084614 0.096941267
KJ:/rc/c: 0.706844181 0.293155819 0.000000000
KJ:/rc/crr: 0.000000000 0.885025476 0.114974524
KJ:/rc/r: 0.592070621 0.298955944 0.108973435
KJ:/rrc/c: 0.714319378 0.285680622 0.000000000
KJ:/rrc/crr: 0.000000000 0.925350557 0.074649443
KJ:/rrc/r: 0.594010900 0.303437867 0.102551232
KK:/cc/c: 0.953138031 0.046861969 0.000000000
KK:/cc/crr: 0.000000000 0.961264553 0.038735447
KK:/cc/r: 0.906208262 0.055601205 0.038190534
KK:/crc/c: 0.966305740 0.033694260 0.000000000
KK:/crc/crr: 0.000000000 0.965846558 0.034153442
KK:/crc/r: 0.883759274 0.076112765 0.040127961
KK:/crrc/c: 0.934524137 0.065475863 0.000000000
KK:/crrc/crr: 0.000000000 0.958625684 0.041374316
KK:/crrc/r: 0.885727715 0.079451197 0.034821089
KK:/rc/c: 0.915979390 0.084020610 0.000000000
KK:/rc/crr: 0.000000000 0.948970446 0.051029554
KK:/rc/r: 0.874455808 0.079799068 0.045745124
KK:/rrc/c: 0.941661555 0.058338445 0.000000000
KK:/rrc/crr: 0.000000000 0.971592127 0.028407873
KK:/rrc/r: 0.864232092 0.098757900 0.037010008
KQ:/cc/c: 0.717980566 0.282019434 0.000000000
KQ:/cc/crr: 0.000000000 0.850523764 0.149476236
KQ:/cc/r: 0.429243302 0.399605342 0.171151356
KQ:/crc/c: 0.575840695 0.424159305 0.000000000
KQ:/crc/crr: 0.000000000 0.859396594 0.140603406
KQ:/crc/r: 0.294004896 0.422519145 0.283475959
KQ:/crrc/c: 0.631491016 0.368508984 0.000000000
KQ:/crrc/crr: 0.000000000 0.899619068 0.100380932
KQ:/crrc/r: 0.502320301 0.371930967 0.125748732
KQ:/rc/c: 0.563142386 0.436857614 0.000000000
KQ:/rc/crr: 0.000000000 0.843826204 0.156173796
KQ:/rc/r: 0.528796308 0.359645928 0.111557765
KQ:/rrc/c: 0.585171412 0.414828588 0.000000000
KQ:/rrc/crr: 0.000000000 0.908534703 0.091465297
KQ:/rrc/r: 0.555602346 0.339618231 0.104779423
Q:/c: 0.176347919 0.823652081 0.000000000
Q:/crr: 0.000000000 0.950486843 0.049513157
Q:/r: 0.123397566 0.390938089 0.485664345
QJ:/cc/c: 0.200634079 0.799365921 0.000000000
QJ:/cc/crr: 0.000000000 0.324846287 0.675153713
QJ:/cc/r: 0.118123714 0.075544641 0.806331645
QJ:/crc/c: 0.495346269 0.504653731 0.000000000
QJ:/crc/crr: 0.000000000 0.639021049 0.360978951
QJ:/crc/r: 0.470862585 0.210612897 0.318524518
QJ:/crrc/c: 0.342400195 0.657599805 0.000000000
QJ:/crrc/crr: 0.000000000 0.504334783 0.495665217
QJ:/crrc/r: 0.408067619 0.207656469 0.384275912
QJ:/rc/c: 0.200737842 0.799262158 0.000000000
QJ:/rc/crr: 0.000000000 0.332478546 0.667521454
QJ:/rc/r: 0.142342150 0.114052022 0.743605828
QJ:/rrc/c: 0.259019275 0.740980725 0.000000000
QJ:/rrc/crr: 0.000000000 0.439723540 0.560276460
QJ:/rrc/r: 0.173779866 0.133896249 0.692323884
QK:/cc/c: 0.818802351 0.181197649 0.000000000
QK:/cc/crr: 0.000000000 0.876540791 0.123459209
QK:/cc/r: 0.592414315 0.305804989 0.101780696
QK:/crc/c: 0.583359458 0.416640542 0.000000000
QK:/crc/crr: 0.000000000 0.810303799 0.189696201
QK:/crc/r: 0.510565617 0.340518644 0.148915739
QK:/crrc/c: 0.571953100 0.428046900 0.000000000
QK:/crrc/crr: 0.000000000 0.847514812 0.152485188
QK:/crrc/r: 0.483392740 0.380720568 0.135886692
QK:/rc/c: 0.617064200 0.382935800 0.000000000
QK:/rc/crr: 0.000000000 0.867518026 0.132481974
QK:/rc/r: 0.224840128 0.374987704 0.400172168
QK:/rrc/c: 0.449522760 0.550477240 0.000000000
QK:/rrc/crr: 0.000000000 0.796245737 0.203754263
QK:/rrc/r: 0.284745150 0.351627842 0.363627008
QQ:/cc/c: 0.972656965 0.027343035 0.000000000
QQ:/cc/crr: 0.000000000 0.977710175 0.022289825
QQ:/cc/r: 0.914088554 0.051901626 0.034009821
QQ:/crc/c: 0.852617567 0.147382433 0.000000000
QQ:/crc/crr: 0.000000000 0.869852307 0.130147693
QQ:/crc/r: 0.719598257 0.184310179 0.096091564
QQ:/crrc/c: 0.872745220 0.127254780 0.000000000
QQ:/crrc/crr: 0.000000000 0.912141968 0.087858032
QQ:/crrc/r: 0.784005614 0.150603336 0.065391050
QQ:/rc/c: 0.954548611 0.045451389 0.000000000
QQ:/rc/crr: 0.000000000 0.967725343 0.032274657
QQ:/rc/r: 0.928599731 0.046195960 0.025204309
QQ:/rrc/c: 0.945162912 0.054837088 0.000000000
QQ:/rrc/crr: 0.000000000 0.967252713 0.032747287
QQ:/rrc/r: 0.918338768 0.055672747 0.025988485
