J:/c: 0.414075939 0.585924061 0.000000000
J:/crr: 0.000000000 0.603349943 0.396650057
J:/r: 0.057240746 0.179822170 0.762937084
JJ:/cc/c: 0.963250716 0.036749284 0.000000000
JJ:/cc/crr: 0.000000000 0.955416992 0.044583008
JJ:/cc/r: 0.904341216 0.055011095 0.040647689
JJ:/crc/c: 0.915352399 0.084647601 0.000000000
JJ:/crc/crr: 0.000000000 0.937662058 0.062337942
JJ:/crc/r: 0.797332989 0.136509198 0.066157813
JJ:/crrc/c: 0.867052810 0.132947190 0.000000000
JJ:/crrc/crr: 0.000000000 0.924045593 0.075954407
JJ:/crrc/r: 0.728648245 0.208343301 0.063008453
JJ:/rc/c: 0.909648405 0.090351595 0.000000000
JJ:/rc/crr: 0.000000000 0.938743632 0.061256368
JJ:/rc/r: 0.899627442 0.063836357 0.036536200
JJ:/rrc/c: 0.905321573 0.094678427 0.000000000
JJ:/rrc/crr: 0.000000000 0.951997573 0.048002427
JJ:/rrc/r: 0.864379928 0.092572824 0.043047248
JK:/cc/c: 0.160575762 0.839424238 0.000000000
JK:/cc/crr: 0.000000000 0.314572278 0.685427722
JK:/cc/r: 0.107702118 0.098824858 0.793473023
JK:/crc/c: 0.218454203 0.781545797 0.000000000
JK:/crc/crr: 0.000000000 0.309096017 0.690903983
JK:/crc/r: 0.248781850 0.109872281 0.641345869
JK:/crrc/c: 0.274420002 0.725579998 0.000000000
JK:/crrc/crr: 0.000000000 0.436016846 0.563983154
JK:/crrc/r: 0.337143716 0.154868872 0.507987412
JK:/rc/c: 0.264816880 0.735183120 0.000000000
JK:/rc/crr: 0.000000000 0.426583070 0.573416930
JK:/rc/r: 0.182090093 0.107453088 0.710456819
JK:/rrc/c: 0.319679588 0.680320412 0.000000000
JK:/rrc/crr: 0.000000000 0.414156631 0.585843369
JK:/rrc/r: 0.225281717 0.142226179 0.632492104
JQ:/cc/c: 0.182350782 0.817649218 0.000000000
JQ:/cc/crr: 0.000000000 0.498945441 0.501054559
JQ:/cc/r: 0.117995183 0.068091646 0.813913172
JQ:/crc/c: 0.284663834 0.715336166 0.000000000
JQ:/crc/crr: 0.000000000 0.476682148 0.523317852
JQ:/crc/r: 0.176272884 0.155174022 0.668553095
JQ:/crrc/c: 0.296340941 0.703659059 0.000000000
JQ:/crrc/crr: 0.000000000 0.326331893 0.673668107
JQ:/crrc/r: 0.318330919 0.133880142 0.547788939
JQ:/rc/c: 0.184603350 0.815396650 0.000000000
JQ:/rc/crr: 0.000000000 0.265356805 0.734643195
JQ:/rc/r: 0.196965578 0.144397982 0.658636440
JQ:/rrc/c: 0.270614273 0.729385727 0.000000000
JQ:/rrc/crr: 0.000000000 0.322616553 0.677383447
JQ:/rrc/r: 0.220921556 0.118041004 0.661037440
K:/c: 0.893008992 0.106991008 0.000000000
K:/crr: 0.000000000 0.984846274 0.015153726
K:/r: 0.765360366 0.224533343 0.010106291
KJ:/cc/c: 0.743554546 0.256445454 0.000000000
KJ:/cc/crr: 0.000000000 0.887789884 0.112210116
KJ:/cc/r: 0.354938034 0.407152851 0.237909114
KJ:/crc/c: 0.785282450 0.214717550 0.000000000
KJ:/crc/crr: 0.000000000 0.878021870 0.121978130
KJ:/crc/r: 0.563830850 0.312554026 0.123615123
KJ:/crrc/c: 0.737737018 0.262262982 0.000000000
KJ:/crrc/crr: 0.000000000 0.892571980 0.107428020
KJ:/crrc/r: 0.587810017 0.315541764 0.096648219
KJ:/rc/c: 0.706522291 0.293477709 0.000000000
KJ:/rc/crr: 0.000000000 0.885220708 0.114779292
KJ:/rc/r: 0.592051195 0.299206497 0.108742307
KJ:/rrc/c: 0.714888859 0.285111141 0.000000000
KJ:/rrc/crr: 0.000000000 0.925610712 0.074389288
KJ:/rrc/r: 0.594385521 0.303382218 0.102232260
KK:/cc/c: 0.953361803 0.046638197 0.000000000
KK:/cc/crr: 0.000000000 0.961454438 0.038545562
KK:/cc/r: 0.906641474 0.055344390 0.038014136
KK:/crc/c: 0.966601027 0.033398973 0.000000000
KK:/crc/crr: 0.000000000 0.966112312 0.033887688
KK:/crc/r: 0.884712792 0.075488415 0.039798793
KK:/crrc/c: 0.935034555 0.064965445 0.000000000
KK:/crrc/crr: 0.000000000 0.958921495 0.041078505
KK:/crrc/r: 0.886416715 0.078972149 0.034611136
KK:/rc/c: 0.916425622 0.083574378 0.000000000
KK:/rc/crr: 0.000000000 0.949283235 0.050716765
KK:/rc/r: 0.874977779 0.079467290 0.045554931
KK:/rrc/c: 0.941940207 0.058059793 0.000000000
KK:/rrc/crr: 0.000000000 0.971716913 0.028283087
KK:/rrc/r: 0.864973338 0.098218715 0.036807946
KQ:/cc/c: 0.718327847 0.281672153 0.000000000
KQ:/cc/crr: 0.000000000 0.850850873 0.149149127
KQ:/cc/r: 0.427822695 0.400495699 0.171681606
KQ:/crc/c: 0.575333841 0.424666159 0.000000000
KQ:/crc/crr: 0.000000000 0.859793782 0.140206218
KQ:/crc/r: 0.291403274 0.422095121 0.286501605
KQ:/crrc/c: 0.632314454 0.367685546 0.000000000
KQ:/crrc/crr: 0.000000000 0.899929581 0.100070419
KQ:/crrc/r: 0.500948072 0.373756797 0.125295131
KQ:/rc/c: 0.564098037 0.435901963 0.000000000
KQ:/rc/crr: 0.000000000 0.844221175 0.155778825
KQ:/rc/r: 0.528379652 0.360282140 0.111338208
KQ:/rrc/c: 0.585758447 0.414241553 0.000000000
KQ:/rrc/crr: 0.000000000 0.908886084 0.091113916
KQ:/rrc/r: 0.555563399 0.340067255 0.104369346
Q:/c: 0.175168446 0.824831554 0.000000000
Q:/crr: 0.000000000 0.950632441 0.049367559
Q:/r: 0.122493162 0.391661880 0.485844958
QJ:/cc/c: 0.199850373 0.800149627 0.000000000
QJ:/cc/crr: 0.000000000 0.323852279 0.676147721
QJ:/cc/r: 0.117392034 0.075076704 0.807531262
QJ:/crc/c: 0.496668767 0.503331233 0.000000000
QJ:/crc/crr: 0.000000000 0.639609702 0.360390298
QJ:/crc/r: 0.471151131 0.210497778 0.318351090
QJ:/crrc/c: 0.341841976 0.658158024 0.000000000
QJ:/crrc/crr: 0.000000000 0.503539666 0.496460334
QJ:/crrc/r: 0.406913367 0.207063312 0.386023321
QJ:/rc/c: 0.199945962 0.800054038 0.000000000
QJ:/rc/crr: 0.000000000 0.330971381 0.669028619
QJ:/rc/r: 0.141616394 0.113470509 0.744913097
QJ:/rrc/c: 0.258624706 0.741375294 0.000000000
QJ:/rrc/crr: 0.000000000 0.438531161 0.561468839
QJ:/rrc/r: 0.173338708 0.133556340 0.693104952
QK:/cc/c: 0.819407029 0.180592971 0.000000000
QK:/cc/crr: 0.000000000 0.877019405 0.122980595
QK:/cc/r: 0.592448479 0.306046730 0.101504790
QK:/crc/c: 0.583456472 0.416543528 0.000000000
QK:/crc/crr: 0.000000000 0.810608114 0.189391886
QK:/crc/r: 0.510157496 0.341196174 0.148646330
QK:/crrc/c: 0.570601977 0.429398023 0.000000000
QK:/crrc/crr: 0.000000000 0.847654287 0.152345713
QK:/crrc/r: 0.482884456 0.381418839 0.135696705
QK:/rc/c: 0.616984358 0.383015642 0.000000000
QK:/rc/crr: 0.000000000 0.867970782 0.132029218
QK:/rc/r: 0.223375421 0.373991849 0.402632730
QK:/rrc/c: 0.448926604 0.551073396 0.000000000
QK:/rrc/crr: 0.000000000 0.796444390 0.203555610
QK:/rrc/r: 0.283593170 0.350330042 0.366076788
QQ:/cc/c: 0.972845448 0.027154552 0.000000000
QQ:/cc/crr: 0.000000000 0.977859204 0.022140796
QQ:/cc/r: 0.914716460 0.051522289 0.033761251
QQ:/crc/c: 0.853278629 0.146721371 0.000000000
QQ:/crc/crr: 0.000000000 0.870500179 0.129499821
QQ:/crc/r: 0.720494882 0.183720821 0.095784297
QQ:/crrc/c: 0.873422994 0.126577006 0.000000000
QQ:/crrc/crr: 0.000000000 0.912570383 0.087429617
QQ:/crrc/r: 0.785009762 0.149903188 0.065087050
QQ:/rc/c: 0.954933809 0.045066191 0.000000000
QQ:/rc/crr: 0.000000000 0.967981486 0.032018514
QQ:/rc/r: 0.929113177 0.045863760 0.025023062
QQ:/rrc/c: 0.945397032 0.054602968 0.000000000
QQ:/rrc/crr: 0.000000000 0.967390338 0.032609662
QQ:/rrc/r: 0.918687595 0.055434934 0.025877471
