J:/c: 0.411479337 0.588520663 0.000000000
J:/crr: 0.000000000 0.604261412 0.395738588
J:/r: 0.056513001 0.180452641 0.763034358
JJ:/cc/c: 0.963753184 0.036246816 0.000000000
JJ:/cc/crr: 0.000000000 0.956018218 0.043981782
JJ:/cc/r: 0.905491050 0.054349853 0.040159097
JJ:/crc/c: 0.916530463 0.083469537 0.000000000
JJ:/crc/crr: 0.000000000 0.938590786 0.061409214
JJ:/crc/r: 0.800221347 0.134563704 0.065214949
JJ:/crrc/c: 0.868347832 0.131652168 0.000000000
JJ:/crrc/crr: 0.000000000 0.925491355 0.074508645
JJ:/crrc/r: 0.733157214 0.204881325 0.061961461
JJ:/rc/c: 0.911202578 0.088797422 0.000000000
JJ:/rc/crr: 0.000000000 0.939812710 0.060187290
JJ:/rc/r: 0.901517234 0.062634461 0.035848305
JJ:/rrc/c: 0.906302956 0.093697044 0.000000000
JJ:/rrc/crr: 0.000000000 0.952557735 0.047442265
JJ:/rrc/r: 0.865509447 0.091801826 0.042688727
JK:/cc/c: 0.159542262 0.840457738 0.000000000
JK:/cc/crr: 0.000000000 0.312222371 0.687777629
JK:/cc/r: 0.106730865 0.097933660 0.795335475
JK:/crc/c: 0.216792125 0.783207875 0.000000000
JK:/crc/crr: 0.000000000 0.307550383 0.692449617
JK:/crc/r: 0.246092043 0.108684352 0.645223605
JK:/crrc/c: 0.273389745 0.726610255 0.000000000
JK:/crrc/crr: 0.000000000 0.433195792 0.566804208
JK:/crrc/r: 0.334331155 0.153537486 0.512131360
JK:/rc/c: 0.263218396 0.736781604 0.000000000
JK:/rc/crr: 0.000000000 0.423731928 0.576268072
JK:/rc/r: 0.180030578 0.106237748 0.713731674
JK:/rrc/c: 0.319209528 0.680790472 0.000000000
JK:/rrc/crr: 0.000000000 0.413921312 0.586078688
JK:/rrc/r: 0.223737711 0.141251408 0.635010881
JQ:/cc/c: 0.181734765 0.818265235 0.000000000
JQ:/cc/crr: 0.000000000 0.498165973 0.501834027
JQ:/cc/r: 0.116860046 0.067436591 0.815703363
JQ:/crc/c: 0.281626206 0.718373794 0.000000000
JQ:/crc/crr: 0.000000000 0.473204503 0.526795497
JQ:/crc/r: 0.173957436 0.153135720 0.672906844
JQ:/crrc/c: 0.293833259 0.706166741 0.000000000
JQ:/crrc/crr: 0.000000000 0.323387486 0.676612514
JQ:/crrc/r: 0.314216935 0.132336322 0.553446743
JQ:/rc/c: 0.182974083 0.817025917 0.000000000
JQ:/rc/crr: 0.000000000 0.263849874 0.736150126
JQ:/rc/r: 0.194787237 0.142801012 0.662411751
JQ:/rrc/c: 0.269202827 0.730797173 0.000000000
JQ:/rrc/crr: 0.000000000 0.321845178 0.678154822
JQ:/rrc/r: 0.219918053 0.117504820 0.662577126
K:/c: 0.894808744 0.105191256 0.000000000
K:/crr: 0.000000000 0.985048888 0.014951112
K:/r: 0.763298740 0.226719071 0.009982190
KJ:/cc/c: 0.744052533 0.255947467 0.000000000
KJ:/cc/crr: 0.000000000 0.888314722 0.111685278
KJ:/cc/r: 0.354658710 0.407643015 0.237698275
KJ:/crc/c: 0.786960773 0.213039227 0.000000000
KJ:/crc/crr: 0.000000000 0.879003959 0.120996041
KJ:/crc/r: 0.563556464 0.313730179 0.122713357
KJ:/crrc/c: 0.739766090 0.260233910 0.000000000
KJ:/crrc/crr: 0.000000000 0.893509044 0.106490956
KJ:/crrc/r: 0.588673911 0.315336130 0.095989959
KJ:/rc/c: 0.707497218 0.292502782 0.000000000
KJ:/rc/crr: 0.000000000 0.885738536 0.114261464
KJ:/rc/r: 0.592515154 0.299187710 0.108297136
KJ:/rrc/c: 0.715801806 0.284198194 0.000000000
KJ:/rrc/crr: 0.000000000 0.926091279 0.073908721
KJ:/rrc/r: 0.594475124 0.303963280 0.101561595
KK:/cc/c: 0.953717166 0.046282834 0.000000000
KK:/cc/crr: 0.000000000 0.961752530 0.038247470
KK:/cc/r: 0.907555116 0.054802768 0.037642115
KK:/crc/c: 0.967145624 0.032854376 0.000000000
KK:/crc/crr: 0.000000000 0.966625724 0.033374276
KK:/crc/r: 0.886669972 0.074206882 0.039123146
KK:/crrc/c: 0.935838121 0.064161879 0.000000000
KK:/crrc/crr: 0.000000000 0.959346799 0.040653201
KK:/crrc/r: 0.887802176 0.078008866 0.034188958
KK:/rc/c: 0.917205546 0.082794454 0.000000000
KK:/rc/crr: 0.000000000 0.949744559 0.050255441
KK:/rc/r: 0.876069536 0.078773341 0.045157123
KK:/rrc/c: 0.942547523 0.057452477 0.000000000
KK:/rrc/crr: 0.000000000 0.972008843 0.027991157
KK:/rrc/r: 0.866537313 0.097081076 0.036381611
KQ:/cc/c: 0.719137205 0.280862795 0.000000000
KQ:/cc/crr: 0.000000000 0.851467705 0.148532295
KQ:/cc/r: 0.424840851 0.403276002 0.171883147
KQ:/crc/c: 0.572207340 0.427792660 0.000000000
KQ:/crc/crr: 0.000000000 0.860574462 0.139425538
KQ:/crc/r: 0.286775847 0.420169810 0.293054342
KQ:/crrc/c: 0.632852940 0.367147060 0.000000000
KQ:/crrc/crr: 0.000000000 0.900685510 0.099314490
KQ:/crrc/r: 0.500380719 0.375074968 0.124544313
KQ:/rc/c: 0.563875732 0.436124268 0.000000000
KQ:/rc/crr: 0.000000000 0.845045502 0.154954498
KQ:/rc/r: 0.528824438 0.360256779 0.110918783
KQ:/rrc/c: 0.586901129 0.413098871 0.000000000
KQ:/rrc/crr: 0.000000000 0.909617014 0.090382986
KQ:/rrc/r: 0.555565234 0.340866506 0.103568260
Q:/c: 0.172699704 0.827300296 0.000000000
Q:/crr: 0.000000000 0.950411748 0.049588252
Q:/r: 0.120337113 0.390926027 0.488736860
QJ:/cc/c: 0.198199209 0.801800791 0.000000000
QJ:/cc/crr: 0.000000000 0.320892950 0.679107050
QJ:/cc/r: 0.115966595 0.074165080 0.809868325
QJ:/crc/c: 0.498182195 0.501817805 0.000000000
QJ:/crc/crr: 0.000000000 0.641481599 0.358518401
QJ:/crc/r: 0.470489822 0.210472193 0.319037985
QJ:/crrc/c: 0.340002458 0.659997542 0.000000000
QJ:/crrc/crr: 0.000000000 0.502433075 0.497566925
QJ:/crrc/r: 0.405438895 0.206042504 0.388518602
QJ:/rc/c: 0.198508526 0.801491474 0.000000000
QJ:/rc/crr: 0.000000000 0.328643924 0.671356076
QJ:/rc/r: 0.140227415 0.112357586 0.747414999
QJ:/rrc/c: 0.257495342 0.742504658 0.000000000
QJ:/rrc/crr: 0.000000000 0.436369682 0.563630318
QJ:/rrc/r: 0.172333346 0.132781715 0.694884939
QK:/cc/c: 0.820504615 0.179495385 0.000000000
QK:/cc/crr: 0.000000000 0.877940593 0.122059407
QK:/cc/r: 0.593282326 0.305762890 0.100954785
QK:/crc/c: 0.584367548 0.415632452 0.000000000
QK:/crc/crr: 0.000000000 0.811384881 0.188615119
QK:/crc/r: 0.510184901 0.341592728 0.148222371
QK:/crrc/c: 0.571923296 0.428076704 0.000000000
QK:/crrc/crr: 0.000000000 0.848272426 0.151727574
QK:/crrc/r: 0.484006600 0.380670859 0.135322541
QK:/rc/c: 0.615535834 0.384464166 0.000000000
QK:/rc/crr: 0.000000000 0.868609693 0.131390307
QK:/rc/r: 0.220264334 0.371894730 0.407840936
QK:/rrc/c: 0.447390180 0.552609820 0.000000000
QK:/rrc/crr: 0.000000000 0.796701082 0.203298918
QK:/rrc/r: 0.281622379 0.348361037 0.370016584
QQ:/cc/c: 0.973242484 0.026757516 0.000000000
QQ:/cc/crr: 0.000000000 0.978170757 0.021829243
QQ:/cc/r: 0.915937432 0.050784664 0.033277904
QQ:/crc/c: 0.854143047 0.145856953 0.000000000
QQ:/crc/crr: 0.000000000 0.871075065 0.128924935
QQ:/crc/r: 0.722140462 0.182639169 0.095220369
QQ:/crrc/c: 0.874677796 0.125322204 0.000000000
QQ:/crrc/crr: 0.000000000 0.913500409 0.086499591
QQ:/crrc/r: 0.786934994 0.148560809 0.064504197
QQ:/rc/c: 0.955667312 0.044332688 0.000000000
QQ:/rc/crr: 0.000000000 0.968458217 0.031541783
QQ:/rc/r: 0.930172216 0.045178562 0.024649222
QQ:/rrc/c: 0.945874009 0.054125991 0.000000000
QQ:/rrc/crr: 0.000000000 0.967665940 0.032334060
QQ:/rrc/r: 0.919351752 0.054982143 0.025666105
