J:/c: 0.414829874 0.585170126 0.000000000
J:/crr: 0.000000000 0.606138240 0.393861760
J:/r: 0.056013295 0.181762758 0.762223947
JJ:/cc/c: 0.963987729 0.036012271 0.000000000
JJ:/cc/crr: 0.000000000 0.956300202 0.043699798
JJ:/cc/r: 0.906033205 0.054038073 0.039928723
JJ:/crc/c: 0.917246997 0.082753003 0.000000000
JJ:/crc/crr: 0.000000000 0.939113098 0.060886902
JJ:/crc/r: 0.801438966 0.133743935 0.064817099
JJ:/crrc/c: 0.869698236 0.130301764 0.000000000
JJ:/crrc/crr: 0.000000000 0.926157323 0.073842677
JJ:/crrc/r: 0.735533773 0.203056608 0.061409619
JJ:/rc/c: 0.911929476 0.088070524 0.000000000
JJ:/rc/crr: 0.000000000 0.940329868 0.059670132
JJ:/rc/r: 0.902428750 0.062054742 0.035516508
JJ:/rrc/c: 0.906653891 0.093346109 0.000000000
JJ:/rrc/crr: 0.000000000 0.952734807 0.047265193
JJ:/rrc/r: 0.866152930 0.091362591 0.042484478
JK:/cc/c: 0.159067152 0.840932848 0.000000000
JK:/cc/crr: 0.000000000 0.311078417 0.688921583
JK:/cc/r: 0.106240461 0.097483677 0.796275862
JK:/crc/c: 0.216145167 0.783854833 0.000000000
JK:/crc/crr: 0.000000000 0.306734529 0.693265471
JK:/crc/r: 0.244924008 0.108168500 0.646907492
JK:/crrc/c: 0.272932730 0.727067270 0.000000000
JK:/crrc/crr: 0.000000000 0.432149589 0.567850411
JK:/crrc/r: 0.333507289 0.153092210 0.513400501
JK:/rc/c: 0.261752952 0.738247048 0.000000000
JK:/rc/crr: 0.000000000 0.421990973 0.578009027
JK:/rc/r: 0.178892039 0.105565885 0.715542076
JK:/rrc/c: 0.318770170 0.681229830 0.000000000
JK:/rrc/crr: 0.000000000 0.413738535 0.586261465
JK:/rrc/r: 0.222878812 0.140709163 0.636412026
JQ:/cc/c: 0.181384751 0.818615249 0.000000000
JQ:/cc/crr: 0.000000000 0.497683512 0.502316488
JQ:/cc/r: 0.116245389 0.067081889 0.816672722
JQ:/crc/c: 0.280192985 0.719807015 0.000000000
JQ:/crc/crr: 0.000000000 0.470529609 0.529470391
JQ:/crc/r: 0.173042078 0.152329925 0.674627997
JQ:/crrc/c: 0.291732428 0.708267572 0.000000000
JQ:/crrc/crr: 0.000000000 0.321641676 0.678358324
JQ:/crrc/r: 0.312195059 0.131484784 0.556320157
JQ:/rc/c: 0.182169470 0.817830530 0.000000000
JQ:/rc/crr: 0.000000000 0.263167447 0.736832553
JQ:/rc/r: 0.193902845 0.142152654 0.663944501
JQ:/rrc/c: 0.268495324 0.731504676 0.000000000
JQ:/rrc/crr: 0.000000000 0.321223670 0.678776330
JQ:/rrc/r: 0.219408216 0.117232408 0.663359376
K:/c: 0.895821783 0.104178217 0.000000000
K:/crr: 0.000000000 0.985144572 0.014855428
K:/r: 0.764235285 0.225823501 0.009941214
KJ:/cc/c: 0.744304864 0.255695136 0.000000000
KJ:/cc/crr: 0.000000000 0.888542872 0.111457128
KJ:/cc/r: 0.353995269 0.408427940 0.237576791
KJ:/crc/c: 0.787788142 0.212211858 0.000000000
KJ:/crc/crr: 0.000000000 0.879492569 0.120507431
KJ:/crc/r: 0.563200004 0.314584358 0.122215638
KJ:/crrc/c: 0.740562865 0.259437135 0.000000000
KJ:/crrc/crr: 0.000000000 0.893965746 0.106034254
KJ:/crrc/r: 0.589106163 0.315210137 0.095683700
KJ:/rc/c: 0.707768832 0.292231168 0.000000000
KJ:/rc/crr: 0.000000000 0.885974065 0.114025935
KJ:/rc/r: 0.592949709 0.298961657 0.108088633
KJ:/rrc/c: 0.716231489 0.283768511 0.000000000
KJ:/rrc/crr: 0.000000000 0.926310984 0.073689016
KJ:/rrc/r: 0.594353811 0.304423224 0.101222965
KK:/cc/c: 0.953896497 0.046103503 0.000000000
KK:/cc/crr: 0.000000000 0.961913157 0.038086843
KK:/cc/r: 0.907962091 0.054561507 0.037476402
KK:/crc/c: 0.967399532 0.032600468 0.000000000
KK:/crc/crr: 0.000000000 0.966862817 0.033137183
KK:/crc/r: 0.887545854 0.073633366 0.038820779
KK:/crrc/c: 0.936230219 0.063769781 0.000000000
KK:/crrc/crr: 0.000000000 0.959590421 0.040409579
KK:/crrc/r: 0.888480915 0.077536953 0.033982133
KK:/rc/c: 0.917537637 0.082462363 0.000000000
KK:/rc/crr: 0.000000000 0.949929934 0.050070066
KK:/rc/r: 0.876682043 0.078384016 0.044933941
KK:/rrc/c: 0.942848203 0.057151797 0.000000000
KK:/rrc/crr: 0.000000000 0.972139456 0.027860544
KK:/rrc/r: 0.867271392 0.096547106 0.036181502
KQ:/cc/c: 0.719405017 0.280594983 0.000000000
KQ:/cc/crr: 0.000000000 0.851698969 0.148301031
KQ:/cc/r: 0.423643487 0.404472717 0.171883796
KQ:/crc/c: 0.570351695 0.429648305 0.000000000
KQ:/crc/crr: 0.000000000 0.860898345 0.139101655
KQ:/crc/r: 0.284455368 0.420699256 0.294845375
KQ:/crrc/c: 0.633343739 0.366656261 0.000000000
KQ:/crrc/crr: 0.000000000 0.900981593 0.099018407
KQ:/crrc/r: 0.499319605 0.376517907 0.124162488
KQ:/rc/c: 0.564574461 0.435425539 0.000000000
KQ:/rc/crr: 0.000000000 0.845482841 0.154517159
KQ:/rc/r: 0.528209318 0.361090250 0.110700432
KQ:/rrc/c: 0.588116663 0.411883337 0.000000000
KQ:/rrc/crr: 0.000000000 0.909953082 0.090046918
KQ:/rrc/r: 0.556126045 0.340683476 0.103190480
Q:/c: 0.171923310 0.828076690 0.000000000
Q:/crr: 0.000000000 0.950633371 0.049366629
Q:/r: 0.119132595 0.395747826 0.485119580
QJ:/cc/c: 0.197559972 0.802440028 0.000000000
QJ:/cc/crr: 0.000000000 0.319267937 0.680732063
QJ:/cc/r: 0.115313066 0.073747124 0.810939811
QJ:/crc/c: 0.499624257 0.500375743 0.000000000
QJ:/crc/crr: 0.000000000 0.642047192 0.357952808
QJ:/crc/r: 0.470513802 0.210432405 0.319053793
QJ:/crrc/c: 0.338860313 0.661139687 0.000000000
QJ:/crrc/crr: 0.000000000 0.502450472 0.497549528
QJ:/crrc/r: 0.404628505 0.205576785 0.389794711
QJ:/rc/c: 0.197597182 0.802402818 0.000000000
QJ:/rc/crr: 0.000000000 0.327064495 0.672935505
QJ:/rc/r: 0.139585774 0.111843469 0.748570757
QJ:/rrc/c: 0.256876401 0.743123599 0.000000000
QJ:/rrc/crr: 0.000000000 0.435483689 0.564516311
QJ:/rrc/r: 0.171882063 0.132434004 0.695683932
QK:/cc/c: 0.821043992 0.178956008 0.000000000
QK:/cc/crr: 0.000000000 0.878407074 0.121592926
QK:/cc/r: 0.593860379 0.305437404 0.100702217
QK:/crc/c: 0.585128448 0.414871552 0.000000000
QK:/crc/crr: 0.000000000 0.811615343 0.188384657
QK:/crc/r: 0.510143430 0.341812242 0.148044327
QK:/crrc/c: 0.571611950 0.428388050 0.000000000
QK:/crrc/crr: 0.000000000 0.848455133 0.151544867
QK:/crrc/r: 0.483577411 0.381328408 0.135094181
QK:/rc/c: 0.615892186 0.384107814 0.000000000
QK:/rc/crr: 0.000000000 0.868977324 0.131022676
QK:/rc/r: 0.218997221 0.371836888 0.409165890
QK:/rrc/c: 0.448185553 0.551814447 0.000000000
QK:/rrc/crr: 0.000000000 0.796905153 0.203094847
QK:/rrc/r: 0.280048632 0.346415225 0.373536143
QQ:/cc/c: 0.973422749 0.026577251 0.000000000
QQ:/cc/crr: 0.000000000 0.978310795 0.021689205
QQ:/cc/r: 0.916544941 0.050417650 0.033037409
QQ:/crc/c: 0.854672454 0.145327546 0.000000000
QQ:/crc/crr: 0.000000000 0.871454095 0.128545905
QQ:/crc/r: 0.722820078 0.182192452 0.094987470
QQ:/crrc/c: 0.875618069 0.124381931 0.000000000
QQ:/crrc/crr: 0.000000000 0.914066819 0.085933181
QQ:/crrc/r: 0.788142494 0.147718872 0.064138634
QQ:/rc/c: 0.956038815 0.043961185 0.000000000
QQ:/rc/crr: 0.000000000 0.968702647 0.031297353
QQ:/rc/r: 0.930733696 0.044815285 0.024451019
QQ:/rrc/c: 0.946176512 0.053823488 0.000000000
QQ:/rrc/crr: 0.000000000 0.967832661 0.032167339
QQ:/rrc/r: 0.919658434 0.054773062 0.025568504
