J:/c: 0.422287437 0.577712563 0.000000000
J:/crr: 0.000000000 0.610617392 0.389382608
J:/r: 0.055347069 0.188975727 0.755677204
JJ:/cc/c: 0.964214126 0.035785874 0.000000000
JJ:/cc/crr: 0.000000000 0.956581881 0.043418119
JJ:/cc/r: 0.906574330 0.053726884 0.039698786
JJ:/crc/c: 0.918065988 0.081934012 0.000000000
JJ:/crc/crr: 0.000000000 0.939644807 0.060355193
JJ:/crc/r: 0.802920297 0.132746161 0.064333542
JJ:/crrc/c: 0.871400677 0.128599323 0.000000000
JJ:/crrc/crr: 0.000000000 0.927132150 0.072867850
JJ:/crrc/r: 0.738072084 0.201107698 0.060820218
JJ:/rc/c: 0.912701457 0.087298543 0.000000000
JJ:/rc/crr: 0.000000000 0.940840140 0.059159860
JJ:/rc/r: 0.903356965 0.061464403 0.035178632
JJ:/rrc/c: 0.906946372 0.093053628 0.000000000
JJ:/rrc/crr: 0.000000000 0.952901994 0.047098006
JJ:/rrc/r: 0.866728731 0.090969556 0.042301713
JK:/cc/c: 0.158657240 0.841342760 0.000000000
JK:/cc/crr: 0.000000000 0.310866861 0.689133139
JK:/cc/r: 0.105757813 0.097040811 0.797201376
JK:/crc/c: 0.215373034 0.784626966 0.000000000
JK:/crc/crr: 0.000000000 0.305810027 0.694189973
JK:/crc/r: 0.243879347 0.107707135 0.648413518
JK:/crrc/c: 0.272871584 0.727128416 0.000000000
JK:/crrc/crr: 0.000000000 0.431286082 0.568713918
JK:/crrc/r: 0.332594156 0.152660908 0.514744936
JK:/rc/c: 0.260131589 0.739868411 0.000000000
JK:/rc/crr: 0.000000000 0.420078182 0.579921818
JK:/rc/r: 0.177851073 0.104951602 0.717197325
JK:/rrc/c: 0.318321049 0.681678951 0.000000000
JK:/rrc/crr: 0.000000000 0.413451406 0.586548594
JK:/rrc/r: 0.222088606 0.140210285 0.637701109
JQ:/cc/c: 0.181061334 0.818938666 0.000000000
JQ:/cc/crr: 0.000000000 0.497269901 0.502730099
JQ:/cc/r: 0.115613546 0.066717271 0.817669183
JQ:/crc/c: 0.278087806 0.721912194 0.000000000
JQ:/crc/crr: 0.000000000 0.467371500 0.532628500
JQ:/crc/r: 0.172149022 0.151543762 0.676307216
JQ:/crrc/c: 0.290186956 0.709813044 0.000000000
JQ:/crrc/crr: 0.000000000 0.320697151 0.679302849
JQ:/crrc/r: 0.310010527 0.130569268 0.559420205
JQ:/rc/c: 0.181478087 0.818521913 0.000000000
JQ:/rc/crr: 0.000000000 0.262393734 0.737606266
JQ:/rc/r: 0.193003968 0.141493675 0.665502357
JQ:/rrc/c: 0.267751113 0.732248887 0.000000000
JQ:/rrc/crr: 0.000000000 0.320897321 0.679102679
JQ:/rrc/r: 0.218931601 0.116977747 0.664090652
K:/c: 0.896822529 0.103177471 0.000000000
K:/crr: 0.000000000 0.985238697 0.014761303
K:/r: 0.765645180 0.224473055 0.009881765
KJ:/cc/c: 0.744548875 0.255451125 0.000000000
KJ:/cc/crr: 0.000000000 0.888812548 0.111187452
KJ:/cc/r: 0.353981895 0.408617363 0.237400741
KJ:/crc/c: 0.788539142 0.211460858 0.000000000
KJ:/crc/crr: 0.000000000 0.879953211 0.120046789
KJ:/crc/r: 0.563211858 0.314966385 0.121821757
KJ:/crrc/c: 0.741327778 0.258672222 0.000000000
KJ:/crrc/crr: 0.000000000 0.894358011 0.105641989
KJ:/crrc/r: 0.589596923 0.315049137 0.095353940
KJ:/rc/c: 0.707988426 0.292011574 0.000000000
KJ:/rc/crr: 0.000000000 0.886195969 0.113804031
KJ:/rc/r: 0.593336932 0.298791765 0.107871303
KJ:/rrc/c: 0.716853562 0.283146438 0.000000000
KJ:/rrc/crr: 0.000000000 0.926534713 0.073465287
KJ:/rrc/r: 0.594652587 0.304438290 0.100909123
KK:/cc/c: 0.954085033 0.045914967 0.000000000
KK:/cc/crr: 0.000000000 0.962063794 0.037936206
KK:/cc/r: 0.908387524 0.054309304 0.037303172
KK:/crc/c: 0.967645015 0.032354985 0.000000000
KK:/crc/crr: 0.000000000 0.967096469 0.032903531
KK:/crc/r: 0.888375842 0.073089902 0.038534256
KK:/crrc/c: 0.936680422 0.063319578 0.000000000
KK:/crrc/crr: 0.000000000 0.959827109 0.040172891
KK:/crrc/r: 0.889162537 0.077063035 0.033774428
KK:/rc/c: 0.917856960 0.082143040 0.000000000
KK:/rc/crr: 0.000000000 0.950107909 0.049892091
KK:/rc/r: 0.877129447 0.078099635 0.044770918
KK:/rrc/c: 0.943146017 0.056853983 0.000000000
KK:/rrc/crr: 0.000000000 0.972271416 0.027728584
KK:/rrc/r: 0.867950349 0.096053231 0.035996420
KQ:/cc/c: 0.719641611 0.280358389 0.000000000
KQ:/cc/crr: 0.000000000 0.851917982 0.148082018
KQ:/cc/r: 0.422350265 0.405257691 0.172392044
KQ:/crc/c: 0.568309483 0.431690517 0.000000000
KQ:/crc/crr: 0.000000000 0.860864431 0.139135569
KQ:/crc/r: 0.282311570 0.421053308 0.296635122
KQ:/crrc/c: 0.632745706 0.367254294 0.000000000
KQ:/crrc/crr: 0.000000000 0.901324543 0.098675457
KQ:/crrc/r: 0.499624983 0.376544080 0.123830938
KQ:/rc/c: 0.565660249 0.434339751 0.000000000
KQ:/rc/crr: 0.000000000 0.845845294 0.154154706
KQ:/rc/r: 0.528082595 0.361443948 0.110473457
KQ:/rrc/c: 0.588444301 0.411555699 0.000000000
KQ:/rrc/crr: 0.000000000 0.910259934 0.089740066
KQ:/rrc/r: 0.555726381 0.341476230 0.102797389
Q:/c: 0.171237376 0.828762624 0.000000000
Q:/crr: 0.000000000 0.950785058 0.049214942
Q:/r: 0.118071643 0.396036635 0.485891722
QJ:/cc/c: 0.196937441 0.803062559 0.000000000
QJ:/cc/crr: 0.000000000 0.318001037 0.681998963
QJ:/cc/r: 0.114623699 0.073306247 0.812070055
QJ:/crc/c: 0.500177008 0.499822992 0.000000000
QJ:/crc/crr: 0.000000000 0.641923340 0.358076660
QJ:/crc/r: 0.470581318 0.210388739 0.319029943
QJ:/crrc/c: 0.337700305 0.662299695 0.000000000
QJ:/crrc/crr: 0.000000000 0.501468184 0.498531816
QJ:/crrc/r: 0.403229577 0.204924172 0.391846251
QJ:/rc/c: 0.196930396 0.803069604 0.000000000
QJ:/rc/crr: 0.000000000 0.326013444 0.673986556
QJ:/rc/r: 0.138899836 0.111293859 0.749806305
QJ:/rrc/c: 0.256278769 0.743721231 0.000000000
QJ:/rrc/crr: 0.000000000 0.434672475 0.565327525
QJ:/rrc/r: 0.171395505 0.132059115 0.696545380
QK:/cc/c: 0.821545273 0.178454727 0.000000000
QK:/cc/crr: 0.000000000 0.878847319 0.121152681
QK:/cc/r: 0.593987282 0.305562398 0.100450320
QK:/crc/c: 0.585126946 0.414873054 0.000000000
QK:/crc/crr: 0.000000000 0.811973348 0.188026652
QK:/crc/r: 0.510417065 0.341692720 0.147890216
QK:/crrc/c: 0.571920438 0.428079562 0.000000000
QK:/crrc/crr: 0.000000000 0.848725315 0.151274685
QK:/crrc/r: 0.482696418 0.382455788 0.134847794
QK:/rc/c: 0.614966958 0.385033042 0.000000000
QK:/rc/crr: 0.000000000 0.869120933 0.130879067
QK:/rc/r: 0.217762696 0.371609479 0.410627825
QK:/rrc/c: 0.449153529 0.550846471 0.000000000
QK:/rrc/crr: 0.000000000 0.797075405 0.202924595
QK:/rrc/r: 0.278803647 0.344893653 0.376302700
QQ:/cc/c: 0.973606719 0.026393281 0.000000000
QQ:/cc/crr: 0.000000000 0.978465418 0.021534582
QQ:/cc/r: 0.917108498 0.050077189 0.032814313
QQ:/crc/c: 0.855442638 0.144557362 0.000000000
QQ:/crc/crr: 0.000000000 0.872140386 0.127859614
QQ:/crc/r: 0.723606764 0.181675358 0.094717879
QQ:/crrc/c: 0.876509147 0.123490853 0.000000000
QQ:/crrc/crr: 0.000000000 0.914710119 0.085289881
QQ:/crrc/r: 0.789136051 0.147026109 0.063837840
QQ:/rc/c: 0.956377678 0.043622322 0.000000000
QQ:/rc/crr: 0.000000000 0.968914268 0.031085732
QQ:/rc/r: 0.931253877 0.044478728 0.024267395
QQ:/rrc/c: 0.946421499 0.053578501 0.000000000
QQ:/rrc/crr: 0.000000000 0.967980880 0.032019120
QQ:/rrc/r: 0.919980545 0.054553462 0.025465993
