J:/c: 0.429258252 0.570741748 0.000000000
J:/crr: 0.000000000 0.616513738 0.383486262
J:/r: 0.054117850 0.203826127 0.742056023
JJ:/cc/c: 0.964635505 0.035364495 0.000000000
JJ:/cc/crr: 0.000000000 0.957058622 0.042941378
JJ:/cc/r: 0.907574694 0.053151599 0.039273707
JJ:/crc/c: 0.919155388 0.080844612 0.000000000
JJ:/crc/crr: 0.000000000 0.940488877 0.059511123
JJ:/crc/r: 0.805160104 0.131237503 0.063602392
JJ:/crrc/c: 0.874103787 0.125896213 0.000000000
JJ:/crrc/crr: 0.000000000 0.928508492 0.071491508
JJ:/crrc/r: 0.742424886 0.197765626 0.059809488
JJ:/rc/c: 0.914274694 0.085725306 0.000000000
JJ:/rc/crr: 0.000000000 0.941893444 0.058106556
JJ:/rc/r: 0.905185668 0.060301359 0.034512974
JJ:/rrc/c: 0.907592209 0.092407791 0.000000000
JJ:/rrc/crr: 0.000000000 0.953238866 0.046761134
JJ:/rrc/r: 0.867868821 0.090191343 0.041939837
JK:/cc/c: 0.157769939 0.842230061 0.000000000
JK:/cc/crr: 0.000000000 0.308557231 0.691442769
JK:/cc/r: 0.104895188 0.096249286 0.798855526
JK:/crc/c: 0.213941923 0.786058077 0.000000000
JK:/crc/crr: 0.000000000 0.304041305 0.695958695
JK:/crc/r: 0.241702552 0.106745773 0.651551676
JK:/crrc/c: 0.273410760 0.726589240 0.000000000
JK:/crrc/crr: 0.000000000 0.429922245 0.570077755
JK:/crrc/r: 0.330375323 0.151628144 0.517996534
JK:/rc/c: 0.258141239 0.741858761 0.000000000
JK:/rc/crr: 0.000000000 0.416746892 0.583253108
JK:/rc/r: 0.175640312 0.103647011 0.720712677
JK:/rrc/c: 0.317936877 0.682063123 0.000000000
JK:/rrc/crr: 0.000000000 0.412942721 0.587057279
JK:/rrc/r: 0.221130990 0.139605718 0.639263291
JQ:/cc/c: 0.180397691 0.819602309 0.000000000
JQ:/cc/crr: 0.000000000 0.496011328 0.503988672
JQ:/cc/r: 0.114466357 0.066055261 0.819478382
JQ:/crc/c: 0.275465782 0.724534218 0.000000000
JQ:/crc/crr: 0.000000000 0.463267055 0.536732945
JQ:/crc/r: 0.170179623 0.149810090 0.680010287
JQ:/crrc/c: 0.288343931 0.711656069 0.000000000
JQ:/crrc/crr: 0.000000000 0.318569364 0.681430636
JQ:/crrc/r: 0.305156659 0.128788865 0.566054475
JQ:/rc/c: 0.180010587 0.819989413 0.000000000
JQ:/rc/crr: 0.000000000 0.261086211 0.738913789
JQ:/rc/r: 0.191194075 0.140166820 0.668639105
JQ:/rrc/c: 0.266666332 0.733333668 0.000000000
JQ:/rrc/crr: 0.000000000 0.319879120 0.680120880
JQ:/rrc/r: 0.217842806 0.116395991 0.665761203
K:/c: 0.898051084 0.101948916 0.000000000
K:/crr: 0.000000000 0.985419054 0.014580946
K:/r: 0.767451582 0.222750684 0.009797734
KJ:/cc/c: 0.745288501 0.254711499 0.000000000
KJ:/cc/crr: 0.000000000 0.889285309 0.110714691
KJ:/cc/r: 0.354205121 0.408862222 0.236932657
KJ:/crc/c: 0.789771857 0.210228143 0.000000000
KJ:/crc/crr: 0.000000000 0.880807305 0.119192695
KJ:/crc/r: 0.563637322 0.315307721 0.121054957
KJ:/crrc/c: 0.742769825 0.257230175 0.000000000
KJ:/crrc/crr: 0.000000000 0.895158937 0.104841063
KJ:/crrc/r: 0.590197640 0.314999530 0.094802830
KJ:/rc/c: 0.708606471 0.291393529 0.000000000
KJ:/rc/crr: 0.000000000 0.886671251 0.113328749
KJ:/rc/r: 0.593365057 0.299188895 0.107446047
KJ:/rrc/c: 0.717929809 0.282070191 0.000000000
KJ:/rrc/crr: 0.000000000 0.926966457 0.073033543
KJ:/rrc/r: 0.594864003 0.304854810 0.100281187
KK:/cc/c: 0.954476341 0.045523659 0.000000000
KK:/cc/crr: 0.000000000 0.962400668 0.037599332
KK:/cc/r: 0.909276388 0.053782371 0.036941240
KK:/crc/c: 0.968115222 0.031884778 0.000000000
KK:/crc/crr: 0.000000000 0.967533042 0.032466958
KK:/crc/r: 0.890219815 0.071882495 0.037897690
KK:/crrc/c: 0.937361248 0.062638752 0.000000000
KK:/crrc/crr: 0.000000000 0.960242866 0.039757134
KK:/crrc/r: 0.890512251 0.076124606 0.033363143
KK:/rc/c: 0.918470257 0.081529743 0.000000000
KK:/rc/crr: 0.000000000 0.950515911 0.049484089
KK:/rc/r: 0.878114999 0.077473193 0.044411808
KK:/rrc/c: 0.943799084 0.056200916 0.000000000
KK:/rrc/crr: 0.000000000 0.972584895 0.027415105
KK:/rrc/r: 0.869136219 0.095190626 0.035673155
KQ:/cc/c: 0.720280197 0.279719803 0.000000000
KQ:/cc/crr: 0.000000000 0.852406589 0.147593411
KQ:/cc/r: 0.419607453 0.407093054 0.173299493
KQ:/crc/c: 0.564237443 0.435762557 0.000000000
KQ:/crc/crr: 0.000000000 0.861305290 0.138694710
KQ:/crc/r: 0.277969544 0.420013180 0.302017276
KQ:/crrc/c: 0.634555166 0.365444834 0.000000000
KQ:/crrc/crr: 0.000000000 0.902042339 0.097957661
KQ:/crrc/r: 0.499457164 0.377438066 0.123104770
KQ:/rc/c: 0.567426968 0.432573032 0.000000000
KQ:/rc/crr: 0.000000000 0.846598053 0.153401947
KQ:/rc/r: 0.529225316 0.360723613 0.110051071
KQ:/rrc/c: 0.588311992 0.411688008 0.000000000
KQ:/rrc/crr: 0.000000000 0.910924360 0.089075640
KQ:/rrc/r: 0.556445739 0.341466560 0.102087702
Q:/c: 0.168791679 0.831208321 0.000000000
Q:/crr: 0.000000000 0.950971116 0.049028884
Q:/r: 0.116525452 0.394085488 0.489389059
QJ:/cc/c: 0.195679597 0.804320403 0.000000000
QJ:/cc/crr: 0.000000000 0.316368480 0.683631520
QJ:/cc/r: 0.113280350 0.072447124 0.814272526
QJ:/crc/c: 0.502453246 0.497546754 0.000000000
QJ:/crc/crr: 0.000000000 0.643360486 0.356639514
QJ:/crc/r: 0.469711883 0.211235400 0.319052718
QJ:/crrc/c: 0.335086693 0.664913307 0.000000000
QJ:/crrc/crr: 0.000000000 0.498768419 0.501231581
QJ:/crrc/r: 0.400012084 0.203958251 0.396029665
QJ:/rc/c: 0.195378829 0.804621171 0.000000000
QJ:/rc/crr: 0.000000000 0.323384874 0.676615126
QJ:/rc/r: 0.137558605 0.110219194 0.752222201
QJ:/rrc/c: 0.255210760 0.744789240 0.000000000
QJ:/rrc/crr: 0.000000000 0.432607270 0.567392730
QJ:/rrc/r: 0.170578837 0.131429877 0.697991286
QK:/cc/c: 0.822551317 0.177448683 0.000000000
QK:/cc/crr: 0.000000000 0.879697441 0.120302559
QK:/cc/r: 0.594131310 0.305963221 0.099905469
QK:/crc/c: 0.585459554 0.414540446 0.000000000
QK:/crc/crr: 0.000000000 0.812472718 0.187527282
QK:/crc/r: 0.511233418 0.341295846 0.147470736
QK:/crrc/c: 0.573631237 0.426368763 0.000000000
QK:/crrc/crr: 0.000000000 0.849343658 0.150656342
QK:/crrc/r: 0.482010729 0.383431142 0.134558129
QK:/rc/c: 0.613076198 0.386923802 0.000000000
QK:/rc/crr: 0.000000000 0.869743343 0.130256657
QK:/rc/r: 0.215519753 0.370490594 0.413989653
QK:/rrc/c: 0.450235835 0.549764165 0.000000000
QK:/rrc/crr: 0.000000000 0.797582517 0.202417483
QK:/rrc/r: 0.276140902 0.343575822 0.380283276
QQ:/cc/c: 0.973963202 0.026036798 0.000000000
QQ:/cc/crr: 0.000000000 0.978759881 0.021240119
QQ:/cc/r: 0.918234966 0.049396657 0.032368378
QQ:/crc/c: 0.856856629 0.143143371 0.000000000
QQ:/crc/crr: 0.000000000 0.873300339 0.126699661
QQ:/crc/r: 0.725399268 0.180497131 0.094103601
QQ:/crrc/c: 0.877709447 0.122290553 0.000000000
QQ:/crrc/crr: 0.000000000 0.915595443 0.084404557
QQ:/crrc/r: 0.791074776 0.145674322 0.063250902
QQ:/rc/c: 0.957042527 0.042957473 0.000000000
QQ:/rc/crr: 0.000000000 0.969331487 0.030668513
QQ:/rc/r: 0.932187709 0.043874539 0.023937752
QQ:/rrc/c: 0.946878437 0.053121563 0.000000000
QQ:/rrc/crr: 0.000000000 0.968255731 0.031744269
QQ:/rrc/r: 0.920712372 0.054054537 0.025233091
