J:/c: 0.439116181 0.560883819 0.000000000
J:/crr: 0.000000000 0.621853081 0.378146919
J:/r: 0.053012867 0.211678722 0.735308411
JJ:/cc/c: 0.965234236 0.034765764 0.000000000
JJ:/cc/crr: 0.000000000 0.957740522 0.042259478
JJ:/cc/r: 0.909118336 0.052263887 0.038617777
JJ:/crc/c: 0.921036578 0.078963422 0.000000000
JJ:/crc/crr: 0.000000000 0.941902875 0.058097125
JJ:/crc/r: 0.809132231 0.128562015 0.062305755
JJ:/crrc/c: 0.878378352 0.121621648 0.000000000
JJ:/crrc/crr: 0.000000000 0.930795120 0.069204880
JJ:/crrc/r: 0.748941413 0.192762250 0.058296337
JJ:/rc/c: 0.916757459 0.083242541 0.000000000
JJ:/rc/crr: 0.000000000 0.943568290 0.056431710
JJ:/rc/r: 0.907819258 0.058626411 0.033554331
JJ:/rrc/c: 0.908610591 0.091389409 0.000000000
JJ:/rrc/crr: 0.000000000 0.953727135 0.046272865
JJ:/rrc/r: 0.869367117 0.089168621 0.041464261
JK:/cc/c: 0.156496710 0.843503290 0.000000000
JK:/cc/crr: 0.000000000 0.305936303 0.694063697
JK:/cc/r: 0.103636157 0.095094030 0.801269813
JK:/crc/c: 0.212630886 0.787369114 0.000000000
JK:/crc/crr: 0.000000000 0.301705231 0.698294769
JK:/crc/r: 0.238331682 0.105257058 0.656411260
JK:/crrc/c: 0.272714397 0.727285603 0.000000000
JK:/crrc/crr: 0.000000000 0.428495046 0.571504954
JK:/crrc/r: 0.326589585 0.150229619 0.523180796
JK:/rc/c: 0.254253281 0.745746719 0.000000000
JK:/rc/crr: 0.000000000 0.409789968 0.590210032
JK:/rc/r: 0.172600467 0.101853169 0.725546364
JK:/rrc/c: 0.319050510 0.680949490 0.000000000
JK:/rrc/crr: 0.000000000 0.411978231 0.588021769
JK:/rrc/r: 0.219437344 0.138536475 0.642026181
JQ:/cc/c: 0.179378506 0.820621494 0.000000000
JQ:/cc/crr: 0.000000000 0.495970026 0.504029974
JQ:/cc/r: 0.112795058 0.065090802 0.822114140
JQ:/crc/c: 0.270285112 0.729714888 0.000000000
JQ:/crc/crr: 0.000000000 0.456420001 0.543579999
JQ:/crc/r: 0.167143993 0.147137807 0.685718201
JQ:/crrc/c: 0.284196596 0.715803404 0.000000000
JQ:/crrc/crr: 0.000000000 0.315280247 0.684719753
JQ:/crrc/r: 0.299338671 0.126366354 0.574294975
JQ:/rc/c: 0.177679036 0.822320964 0.000000000
JQ:/rc/crr: 0.000000000 0.259220913 0.740779087
JQ:/rc/r: 0.188208099 0.137977762 0.673814139
JQ:/rrc/c: 0.264952392 0.735047608 0.000000000
JQ:/rrc/crr: 0.000000000 0.318423060 0.681576940
JQ:/rrc/r: 0.216246410 0.115543018 0.668210572
K:/c: 0.900079937 0.099920063 0.000000000
K:/crr: 0.000000000 0.985682245 0.014317755
K:/r: 0.770406251 0.219943245 0.009650503
KJ:/cc/c: 0.746175829 0.253824171 0.000000000
KJ:/cc/crr: 0.000000000 0.890035614 0.109964386
KJ:/cc/r: 0.353197416 0.410508079 0.236294505
KJ:/crc/c: 0.791770684 0.208229316 0.000000000
KJ:/crc/crr: 0.000000000 0.882052242 0.117947758
KJ:/crc/r: 0.563789741 0.316261916 0.119948343
KJ:/crrc/c: 0.744763873 0.255236127 0.000000000
KJ:/crrc/crr: 0.000000000 0.896336568 0.103663432
KJ:/crrc/r: 0.591070804 0.315011344 0.093917852
KJ:/rc/c: 0.709798528 0.290201472 0.000000000
KJ:/rc/crr: 0.000000000 0.887361693 0.112638307
KJ:/rc/r: 0.593680602 0.299465956 0.106853442
KJ:/rrc/c: 0.719232733 0.280767267 0.000000000
KJ:/rrc/crr: 0.000000000 0.927592028 0.072407972
KJ:/rrc/r: 0.594680826 0.305944574 0.099374600
KK:/cc/c: 0.954981820 0.045018180 0.000000000
KK:/cc/crr: 0.000000000 0.962832429 0.037167571
KK:/cc/r: 0.910519806 0.053045254 0.036434940
KK:/crc/c: 0.968796246 0.031203754 0.000000000
KK:/crc/crr: 0.000000000 0.968158592 0.031841408
KK:/crc/r: 0.892712482 0.070250332 0.037037185
KK:/crrc/c: 0.938483872 0.061516128 0.000000000
KK:/crrc/crr: 0.000000000 0.960905601 0.039094399
KK:/crrc/r: 0.892350979 0.074846176 0.032802845
KK:/rc/c: 0.919349309 0.080650691 0.000000000
KK:/rc/crr: 0.000000000 0.951026069 0.048973931
KK:/rc/r: 0.879382620 0.076667461 0.043949919
KK:/rrc/c: 0.944537570 0.055462430 0.000000000
KK:/rrc/crr: 0.000000000 0.972907140 0.027092860
KK:/rrc/r: 0.871028336 0.093814295 0.035157368
KQ:/cc/c: 0.721109806 0.278890194 0.000000000
KQ:/cc/crr: 0.000000000 0.853148022 0.146851978
KQ:/cc/r: 0.415452992 0.409977182 0.174569827
KQ:/crc/c: 0.556437457 0.443562543 0.000000000
KQ:/crc/crr: 0.000000000 0.860235841 0.139764159
KQ:/crc/r: 0.272390260 0.416371852 0.311237888
KQ:/crrc/c: 0.635794942 0.364205058 0.000000000
KQ:/crrc/crr: 0.000000000 0.902958203 0.097041797
KQ:/crrc/r: 0.497079225 0.380886115 0.122034660
KQ:/rc/c: 0.568160828 0.431839172 0.000000000
KQ:/rc/crr: 0.000000000 0.847486833 0.152513167
KQ:/rc/r: 0.530950763 0.359529146 0.109520091
KQ:/rrc/c: 0.588978572 0.411021428 0.000000000
KQ:/rrc/crr: 0.000000000 0.911897996 0.088102004
KQ:/rrc/r: 0.559463701 0.339405150 0.101131149
Q:/c: 0.166410609 0.833589391 0.000000000
Q:/crr: 0.000000000 0.950179345 0.049820655
Q:/r: 0.114006374 0.402453220 0.483540406
QJ:/cc/c: 0.193991589 0.806008411 0.000000000
QJ:/cc/crr: 0.000000000 0.313891933 0.686108067
QJ:/cc/r: 0.111370465 0.071225679 0.817403856
QJ:/crc/c: 0.507361055 0.492638945 0.000000000
QJ:/crc/crr: 0.000000000 0.644991889 0.355008111
QJ:/crc/r: 0.470657817 0.210509938 0.318832246
QJ:/crrc/c: 0.331817731 0.668182269 0.000000000
QJ:/crrc/crr: 0.000000000 0.496841591 0.503158409
QJ:/crrc/r: 0.396559951 0.202943974 0.400496075
QJ:/rc/c: 0.193302514 0.806697486 0.000000000
QJ:/rc/crr: 0.000000000 0.320800588 0.679199412
QJ:/rc/r: 0.135802040 0.108811743 0.755386217
QJ:/rrc/c: 0.253846459 0.746153541 0.000000000
QJ:/rrc/crr: 0.000000000 0.430499005 0.569500995
QJ:/rrc/r: 0.169312468 0.130454148 0.700233384
QK:/cc/c: 0.824026360 0.175973640 0.000000000
QK:/cc/crr: 0.000000000 0.880922754 0.119077246
QK:/cc/r: 0.595649506 0.305133239 0.099217255
QK:/crc/c: 0.586469017 0.413530983 0.000000000
QK:/crc/crr: 0.000000000 0.813255221 0.186744779
QK:/crc/r: 0.512639971 0.340547398 0.146812631
QK:/crrc/c: 0.574731967 0.425268033 0.000000000
QK:/crrc/crr: 0.000000000 0.850056498 0.149943502
QK:/crrc/r: 0.482642811 0.383322859 0.134034330
QK:/rc/c: 0.608346892 0.391653108 0.000000000
QK:/rc/crr: 0.000000000 0.870137207 0.129862793
QK:/rc/r: 0.211960798 0.368747103 0.419292098
QK:/rrc/c: 0.450105619 0.549894381 0.000000000
QK:/rrc/crr: 0.000000000 0.798250820 0.201749180
QK:/rrc/r: 0.272078121 0.343011321 0.384910558
QQ:/cc/c: 0.974464911 0.025535089 0.000000000
QQ:/cc/crr: 0.000000000 0.979159168 0.020840832
QQ:/cc/r: 0.919841584 0.048426051 0.031732365
QQ:/crc/c: 0.858549331 0.141450669 0.000000000
QQ:/crc/crr: 0.000000000 0.875184548 0.124815452
QQ:/crc/r: 0.727889936 0.178859996 0.093250068
QQ:/crrc/c: 0.879288884 0.120711116 0.000000000
QQ:/crrc/crr: 0.000000000 0.916659159 0.083340841
QQ:/crrc/r: 0.793882051 0.143716933 0.062401016
QQ:/rc/c: 0.957999573 0.042000427 0.000000000
QQ:/rc/crr: 0.000000000 0.969943146 0.030056854
QQ:/rc/r: 0.933694613 0.042899572 0.023405815
QQ:/rrc/c: 0.947545721 0.052454279 0.000000000
QQ:/rrc/crr: 0.000000000 0.968650892 0.031349108
QQ:/rrc/r: 0.921692562 0.053386290 0.024921148
