J:/c: 0.450794178 0.549205822 0.000000000
J:/crr: 0.000000000 0.631996312 0.368003688
J:/r: 0.051443749 0.223241902 0.725314349
JJ:/cc/c: 0.966008897 0.033991103 0.000000000
JJ:/cc/crr: 0.000000000 0.958629939 0.041370061
JJ:/cc/r: 0.910912016 0.051232384 0.037855600
JJ:/crc/c: 0.923222848 0.076777152 0.000000000
JJ:/crc/crr: 0.000000000 0.943566974 0.056433026
JJ:/crc/r: 0.813885588 0.125382755 0.060731657
JJ:/crrc/c: 0.883455640 0.116544360 0.000000000
JJ:/crrc/crr: 0.000000000 0.933597310 0.066402690
JJ:/crrc/r: 0.757601349 0.186113170 0.056285481
JJ:/rc/c: 0.919641081 0.080358919 0.000000000
JJ:/rc/crr: 0.000000000 0.945484793 0.054515207
JJ:/rc/r: 0.911226426 0.056459472 0.032314102
JJ:/rrc/c: 0.909836862 0.090163138 0.000000000
JJ:/rrc/crr: 0.000000000 0.954309260 0.045690740
JJ:/rrc/r: 0.871444481 0.087750635 0.040804884
JK:/cc/c: 0.154917985 0.845082015 0.000000000
JK:/cc/crr: 0.000000000 0.302725827 0.697274173
JK:/cc/r: 0.102108841 0.093692602 0.804198558
JK:/crc/c: 0.209787708 0.790212292 0.000000000
JK:/crc/crr: 0.000000000 0.298961156 0.701038844
JK:/crc/r: 0.233798808 0.103255155 0.662946037
JK:/crrc/c: 0.270183745 0.729816255 0.000000000
JK:/crrc/crr: 0.000000000 0.424571674 0.575428326
JK:/crrc/r: 0.321877182 0.147986680 0.530136138
JK:/rc/c: 0.248696965 0.751303035 0.000000000
JK:/rc/crr: 0.000000000 0.401077505 0.598922495
JK:/rc/r: 0.168992395 0.099724012 0.731283593
JK:/rrc/c: 0.317906263 0.682093737 0.000000000
JK:/rrc/crr: 0.000000000 0.410764631 0.589235369
JK:/rrc/r: 0.216911939 0.136942122 0.646145940
JQ:/cc/c: 0.178371176 0.821628824 0.000000000
JQ:/cc/crr: 0.000000000 0.495932781 0.504067219
JQ:/cc/r: 0.110742753 0.063906476 0.825350772
JQ:/crc/c: 0.265028167 0.734971833 0.000000000
JQ:/crc/crr: 0.000000000 0.450172672 0.549827328
JQ:/crc/r: 0.163486228 0.143917855 0.692595917
JQ:/crrc/c: 0.279980732 0.720019268 0.000000000
JQ:/crrc/crr: 0.000000000 0.309701183 0.690298817
JQ:/crrc/r: 0.291582488 0.123981767 0.584435745
JQ:/rc/c: 0.174666227 0.825333773 0.000000000
JQ:/rc/crr: 0.000000000 0.256639029 0.743360971
JQ:/rc/r: 0.184325925 0.135131691 0.680542385
JQ:/rrc/c: 0.262698764 0.737301236 0.000000000
JQ:/rrc/crr: 0.000000000 0.317076819 0.682923181
JQ:/rrc/r: 0.214316276 0.114511725 0.671171999
K:/c: 0.902912400 0.097087600 0.000000000
K:/crr: 0.000000000 0.986008998 0.013991002
K:/r: 0.769715414 0.220805276 0.009479310
KJ:/cc/c: 0.747497490 0.252502510 0.000000000
KJ:/cc/crr: 0.000000000 0.890920903 0.109079097
KJ:/cc/r: 0.351693138 0.413151192 0.235155669
KJ:/crc/c: 0.794311032 0.205688968 0.000000000
KJ:/crc/crr: 0.000000000 0.883614820 0.116385180
KJ:/crc/r: 0.563803793 0.317748255 0.118447952
KJ:/crrc/c: 0.747269688 0.252730312 0.000000000
KJ:/crrc/crr: 0.000000000 0.897677968 0.102322032
KJ:/crrc/r: 0.592414394 0.314675815 0.092909792
KJ:/rc/c: 0.711143329 0.288856671 0.000000000
KJ:/rc/crr: 0.000000000 0.888292656 0.111707344
KJ:/rc/r: 0.595281529 0.298638603 0.106079868
KJ:/rrc/c: 0.720983504 0.279016496 0.000000000
KJ:/rrc/crr: 0.000000000 0.928339357 0.071660643
KJ:/rrc/r: 0.595200727 0.306517512 0.098281761
KK:/cc/c: 0.955601371 0.044398629 0.000000000
KK:/cc/crr: 0.000000000 0.963368865 0.036631135
KK:/cc/r: 0.912003735 0.052165558 0.035830707
KK:/crc/c: 0.969646664 0.030353336 0.000000000
KK:/crc/crr: 0.000000000 0.968967531 0.031032469
KK:/crc/r: 0.895725095 0.068277717 0.035997189
KK:/crrc/c: 0.939848220 0.060151780 0.000000000
KK:/crrc/crr: 0.000000000 0.961697689 0.038302311
KK:/crrc/r: 0.894694155 0.073217013 0.032088832
KK:/rc/c: 0.920533929 0.079466071 0.000000000
KK:/rc/crr: 0.000000000 0.951760134 0.048239866
KK:/rc/r: 0.881101196 0.075575090 0.043323713
KK:/rrc/c: 0.945510085 0.054489915 0.000000000
KK:/rrc/crr: 0.000000000 0.973335561 0.026664439
KK:/rrc/r: 0.873211790 0.092226046 0.034562164
KQ:/cc/c: 0.722044886 0.277955114 0.000000000
KQ:/cc/crr: 0.000000000 0.854087426 0.145912574
KQ:/cc/r: 0.410267400 0.412340248 0.177392352
KQ:/crc/c: 0.545891771 0.454108229 0.000000000
KQ:/crc/crr: 0.000000000 0.860492289 0.139507711
KQ:/crc/r: 0.266322158 0.415250599 0.318427243
KQ:/crrc/c: 0.637946886 0.362053114 0.000000000
KQ:/crrc/crr: 0.000000000 0.904262888 0.095737112
KQ:/crrc/r: 0.493809260 0.385566178 0.120624562
KQ:/rc/c: 0.569826388 0.430173612 0.000000000
KQ:/rc/crr: 0.000000000 0.848677500 0.151322500
KQ:/rc/r: 0.531378324 0.359863431 0.108758246
KQ:/rrc/c: 0.591820781 0.408179219 0.000000000
KQ:/rrc/crr: 0.000000000 0.913119849 0.086880151
KQ:/rrc/r: 0.561813010 0.338279717 0.099907273
Q:/c: 0.162138958 0.837861042 0.000000000
Q:/crr: 0.000000000 0.950618225 0.049381775
Q:/r: 0.111862531 0.406315423 0.481822045
QJ:/cc/c: 0.191479336 0.808520664 0.000000000
QJ:/cc/crr: 0.000000000 0.310531156 0.689468844
QJ:/cc/r: 0.108913350 0.069654260 0.821432389
QJ:/crc/c: 0.511300604 0.488699396 0.000000000
QJ:/crc/crr: 0.000000000 0.646998531 0.353001469
QJ:/crc/r: 0.471548396 0.209704560 0.318747044
QJ:/crrc/c: 0.329468063 0.670531937 0.000000000
QJ:/crrc/crr: 0.000000000 0.495572805 0.504427195
QJ:/crrc/r: 0.392323934 0.200946834 0.406729232
QJ:/rc/c: 0.190903519 0.809096481 0.000000000
QJ:/rc/crr: 0.000000000 0.316425717 0.683574283
QJ:/rc/r: 0.133506819 0.106972690 0.759520491
QJ:/rrc/c: 0.251781407 0.748218593 0.000000000
QJ:/rrc/crr: 0.000000000 0.427030764 0.572969236
QJ:/rrc/r: 0.167823514 0.129306919 0.702869568
QK:/cc/c: 0.825938611 0.174061389 0.000000000
QK:/cc/crr: 0.000000000 0.882550199 0.117449801
QK:/cc/r: 0.594902303 0.306862734 0.098234963
QK:/crc/c: 0.586722864 0.413277136 0.000000000
QK:/crc/crr: 0.000000000 0.814286710 0.185713290
QK:/crc/r: 0.513370565 0.340591756 0.146037679
QK:/crrc/c: 0.572487866 0.427512134 0.000000000
QK:/crrc/crr: 0.000000000 0.850880204 0.149119796
QK:/crrc/r: 0.482198290 0.384422486 0.133379224
QK:/rc/c: 0.602278666 0.397721334 0.000000000
QK:/rc/crr: 0.000000000 0.871148682 0.128851318
QK:/rc/r: 0.207797428 0.367855292 0.424347280
QK:/rrc/c: 0.449815108 0.550184892 0.000000000
QK:/rrc/crr: 0.000000000 0.798635214 0.201364786
QK:/rrc/r: 0.267630624 0.343330752 0.389038625
QQ:/cc/c: 0.975090981 0.024909019 0.000000000
QQ:/cc/crr: 0.000000000 0.979658125 0.020341875
QQ:/cc/r: 0.921901527 0.047181579 0.030916894
QQ:/crc/c: 0.860168020 0.139831980 0.000000000
QQ:/crc/crr: 0.000000000 0.876432221 0.123567779
QQ:/crc/r: 0.730796144 0.176949724 0.092254132
QQ:/crrc/c: 0.881965560 0.118034440 0.000000000
QQ:/crrc/crr: 0.000000000 0.918403685 0.081596315
QQ:/crrc/r: 0.797598994 0.141125273 0.061275733
QQ:/rc/c: 0.959177059 0.040822941 0.000000000
QQ:/rc/crr: 0.000000000 0.970723030 0.029276970
QQ:/rc/r: 0.935533512 0.041709805 0.022756683
QQ:/rrc/c: 0.948400809 0.051599191 0.000000000
QQ:/rrc/crr: 0.000000000 0.969148122 0.030851878
QQ:/rrc/r: 0.922937657 0.052537443 0.024524900
