J:/c: 0.454978841 0.545021159 0.000000000
J:/crr: 0.000000000 0.631752955 0.368247045
J:/r: 0.050545219 0.232771115 0.716683667
JJ:/cc/c: 0.966361522 0.033638478 0.000000000
JJ:/cc/crr: 0.000000000 0.959050387 0.040949613
JJ:/cc/r: 0.911772611 0.050737476 0.037489913
JJ:/crc/c: 0.924333559 0.075666441 0.000000000
JJ:/crc/crr: 0.000000000 0.944399953 0.055600047
JJ:/crc/r: 0.816106989 0.123886257 0.060006754
JJ:/crrc/c: 0.885422629 0.114577371 0.000000000
JJ:/crrc/crr: 0.000000000 0.934791075 0.065208925
JJ:/crrc/r: 0.761393364 0.183201669 0.055404967
JJ:/rc/c: 0.920974566 0.079025434 0.000000000
JJ:/rc/crr: 0.000000000 0.946432729 0.053567271
JJ:/rc/r: 0.912904739 0.055392074 0.031703186
JJ:/rrc/c: 0.910424772 0.089575228 0.000000000
JJ:/rrc/crr: 0.000000000 0.954680653 0.045319347
JJ:/rrc/r: 0.872207558 0.087229767 0.040562675
JK:/cc/c: 0.154156986 0.845843014 0.000000000
JK:/cc/crr: 0.000000000 0.300994471 0.699005529
JK:/cc/r: 0.101363738 0.093008914 0.805627348
JK:/crc/c: 0.208431800 0.791568200 0.000000000
JK:/crc/crr: 0.000000000 0.297352472 0.702647528
JK:/crc/r: 0.231675569 0.102317445 0.666006986
JK:/crrc/c: 0.268986017 0.731013983 0.000000000
JK:/crrc/crr: 0.000000000 0.422497967 0.577502033
JK:/crrc/r: 0.319420947 0.146887149 0.533691905
JK:/rc/c: 0.245735964 0.754264036 0.000000000
JK:/rc/crr: 0.000000000 0.398014715 0.601985285
JK:/rc/r: 0.167057802 0.098582391 0.734359807
JK:/rrc/c: 0.317783202 0.682216798 0.000000000
JK:/rrc/crr: 0.000000000 0.409878144 0.590121856
JK:/rrc/r: 0.216019473 0.136378685 0.647601843
JQ:/cc/c: 0.177749391 0.822250609 0.000000000
JQ:/cc/crr: 0.000000000 0.495886140 0.504113860
JQ:/cc/r: 0.109820139 0.063374061 0.826805800
JQ:/crc/c: 0.262531188 0.737468812 0.000000000
JQ:/crc/crr: 0.000000000 0.447377310 0.552622690
JQ:/crc/r: 0.161732524 0.142374060 0.695893415
JQ:/crrc/c: 0.277104433 0.722895567 0.000000000
JQ:/crrc/crr: 0.000000000 0.307394259 0.692605741
JQ:/crrc/r: 0.287311272 0.122165633 0.590523095
JQ:/rc/c: 0.173313894 0.826686106 0.000000000
JQ:/rc/crr: 0.000000000 0.255482465 0.744517535
JQ:/rc/r: 0.182405619 0.133723890 0.683870492
JQ:/rrc/c: 0.261614456 0.738385544 0.000000000
JQ:/rrc/crr: 0.000000000 0.316286140 0.683713860
JQ:/rrc/r: 0.213414673 0.114029988 0.672555339
K:/c: 0.904477996 0.095522004 0.000000000
K:/crr: 0.000000000 0.986167224 0.013832776
K:/r: 0.769996786 0.220595158 0.009408055
KJ:/cc/c: 0.747942271 0.252057729 0.000000000
KJ:/cc/crr: 0.000000000 0.891394795 0.108605205
KJ:/cc/r: 0.350984135 0.414284556 0.234731309
KJ:/crc/c: 0.795554219 0.204445781 0.000000000
KJ:/crc/crr: 0.000000000 0.884368491 0.115631509
KJ:/crc/r: 0.563539769 0.318757628 0.117702603
KJ:/crrc/c: 0.748754736 0.251245264 0.000000000
KJ:/crrc/crr: 0.000000000 0.898345255 0.101654745
KJ:/crrc/r: 0.592607825 0.315008093 0.092384081
KJ:/rc/c: 0.712036856 0.287963144 0.000000000
KJ:/rc/crr: 0.000000000 0.888708001 0.111291999
KJ:/rc/r: 0.595721146 0.298562521 0.105716333
KJ:/rrc/c: 0.721626327 0.278373673 0.000000000
KJ:/rrc/crr: 0.000000000 0.928723350 0.071276650
KJ:/rrc/r: 0.596051971 0.306165590 0.097782438
KK:/cc/c: 0.955893165 0.044106835 0.000000000
KK:/cc/crr: 0.000000000 0.963637312 0.036362688
KK:/cc/r: 0.912671475 0.051769711 0.035558814
KK:/crc/c: 0.970023645 0.029976355 0.000000000
KK:/crc/crr: 0.000000000 0.969313353 0.030686647
KK:/crc/r: 0.897172086 0.067330248 0.035497667
KK:/crrc/c: 0.940572998 0.059427002 0.000000000
KK:/crrc/crr: 0.000000000 0.962091437 0.037908563
KK:/crrc/r: 0.895853653 0.072410838 0.031735509
KK:/rc/c: 0.921128592 0.078871408 0.000000000
KK:/rc/crr: 0.000000000 0.952157628 0.047842372
KK:/rc/r: 0.881925431 0.075051186 0.043023383
KK:/rrc/c: 0.945983098 0.054016902 0.000000000
KK:/rrc/crr: 0.000000000 0.973547772 0.026452228
KK:/rrc/r: 0.874211516 0.091498843 0.034289641
KQ:/cc/c: 0.722469899 0.277530101 0.000000000
KQ:/cc/crr: 0.000000000 0.854498812 0.145501188
KQ:/cc/r: 0.407931623 0.412741740 0.179326637
KQ:/crc/c: 0.542215354 0.457784646 0.000000000
KQ:/crc/crr: 0.000000000 0.860295897 0.139704103
KQ:/crc/r: 0.263405464 0.413299823 0.323294713
KQ:/crrc/c: 0.639797469 0.360202531 0.000000000
KQ:/crrc/crr: 0.000000000 0.904853422 0.095146578
KQ:/crrc/r: 0.493113233 0.386941029 0.119945738
KQ:/rc/c: 0.570540994 0.429459006 0.000000000
KQ:/rc/crr: 0.000000000 0.849315595 0.150684405
KQ:/rc/r: 0.530336435 0.361318989 0.108344576
KQ:/rrc/c: 0.592579015 0.407420985 0.000000000
KQ:/rrc/crr: 0.000000000 0.913705157 0.086294843
KQ:/rrc/r: 0.561966078 0.338735052 0.099298869
Q:/c: 0.160415926 0.839584074 0.000000000
Q:/crr: 0.000000000 0.950847746 0.049152254
Q:/r: 0.110969845 0.408159923 0.480870232
QJ:/cc/c: 0.190385115 0.809614885 0.000000000
QJ:/cc/crr: 0.000000000 0.308591628 0.691408372
QJ:/cc/r: 0.107852900 0.068976062 0.823171038
QJ:/crc/c: 0.514020927 0.485979073 0.000000000
QJ:/crc/crr: 0.000000000 0.648778163 0.351221837
QJ:/crc/r: 0.471295361 0.209609255 0.319095384
QJ:/crrc/c: 0.327958771 0.672041229 0.000000000
QJ:/crrc/crr: 0.000000000 0.494323338 0.505676662
QJ:/crrc/r: 0.389771505 0.199639490 0.410589005
QJ:/rc/c: 0.189610839 0.810389161 0.000000000
QJ:/rc/crr: 0.000000000 0.314280478 0.685719522
QJ:/rc/r: 0.132404535 0.106089483 0.761505982
QJ:/rrc/c: 0.250878949 0.749121051 0.000000000
QJ:/rrc/crr: 0.000000000 0.425823405 0.574176595
QJ:/rrc/r: 0.167087227 0.128739614 0.704173159
QK:/cc/c: 0.826852090 0.173147910 0.000000000
QK:/cc/crr: 0.000000000 0.883283562 0.116716438
QK:/cc/r: 0.594044054 0.308214194 0.097741752
QK:/crc/c: 0.587395839 0.412604161 0.000000000
QK:/crc/crr: 0.000000000 0.814753935 0.185246065
QK:/crc/r: 0.513553489 0.340787027 0.145659484
QK:/crrc/c: 0.572321288 0.427678712 0.000000000
QK:/crrc/crr: 0.000000000 0.851200777 0.148799223
QK:/crrc/r: 0.481875891 0.385065845 0.133058264
QK:/rc/c: 0.596357972 0.403642028 0.000000000
QK:/rc/crr: 0.000000000 0.870874067 0.129125933
QK:/rc/r: 0.206115645 0.367615681 0.426268675
QK:/rrc/c: 0.450078785 0.549921215 0.000000000
QK:/rrc/crr: 0.000000000 0.798977642 0.201022358
QK:/rrc/r: 0.265251827 0.341630575 0.393117598
QQ:/cc/c: 0.975379201 0.024620799 0.000000000
QQ:/cc/crr: 0.000000000 0.979885512 0.020114488
QQ:/cc/r: 0.922850965 0.046607996 0.030541039
QQ:/crc/c: 0.861023432 0.138976568 0.000000000
QQ:/crc/crr: 0.000000000 0.877261762 0.122738238
QQ:/crc/r: 0.732263845 0.175984993 0.091751162
QQ:/crrc/c: 0.883053935 0.116946065 0.000000000
QQ:/crrc/crr: 0.000000000 0.919105156 0.080894844
QQ:/crrc/r: 0.799409598 0.139862819 0.060727583
QQ:/rc/c: 0.959756506 0.040243494 0.000000000
QQ:/rc/crr: 0.000000000 0.971097722 0.028902278
QQ:/rc/r: 0.936388349 0.041156726 0.022454925
QQ:/rrc/c: 0.948787055 0.051212945 0.000000000
QQ:/rrc/crr: 0.000000000 0.969363199 0.030636801
QQ:/rrc/r: 0.923537333 0.052128613 0.024334054
