J:/c: 0.456038304 0.543961696 0.000000000
J:/crr: 0.000000000 0.633150844 0.366849156
J:/r: 0.050111681 0.236214401 0.713673917
JJ:/cc/c: 0.966532893 0.033467107 0.000000000
JJ:/cc/crr: 0.000000000 0.959259511 0.040740489
JJ:/cc/r: 0.912217331 0.050481729 0.037300941
JJ:/crc/c: 0.924821071 0.075178929 0.000000000
JJ:/crc/crr: 0.000000000 0.944777023 0.055222977
JJ:/crc/r: 0.817208333 0.123144892 0.059646775
JJ:/crrc/c: 0.885926249 0.114073751 0.000000000
JJ:/crrc/crr: 0.000000000 0.935262840 0.064737160
JJ:/crrc/r: 0.763390773 0.181668063 0.054941165
JJ:/rc/c: 0.921642377 0.078357623 0.000000000
JJ:/rc/crr: 0.000000000 0.946902017 0.053097983
JJ:/rc/r: 0.913749570 0.054854767 0.031395663
JJ:/rrc/c: 0.910755918 0.089244082 0.000000000
JJ:/rrc/crr: 0.000000000 0.954849037 0.045150963
JJ:/rrc/r: 0.872643877 0.086931940 0.040424183
JK:/cc/c: 0.153784215 0.846215785 0.000000000
JK:/cc/crr: 0.000000000 0.300056596 0.699943404
JK:/cc/r: 0.100999159 0.092674385 0.806326455
JK:/crc/c: 0.207860446 0.792139554 0.000000000
JK:/crc/crr: 0.000000000 0.296444363 0.703555637
JK:/crc/r: 0.230738051 0.101903399 0.667358550
JK:/crrc/c: 0.268273945 0.731726055 0.000000000
JK:/crrc/crr: 0.000000000 0.421951235 0.578048765
JK:/crrc/r: 0.317807031 0.146148585 0.536044384
JK:/rc/c: 0.244141147 0.755858853 0.000000000
JK:/rc/crr: 0.000000000 0.396122890 0.603877110
JK:/rc/r: 0.166176576 0.098062371 0.735761053
JK:/rrc/c: 0.317559121 0.682440879 0.000000000
JK:/rrc/crr: 0.000000000 0.409507574 0.590492426
JK:/rrc/r: 0.215577649 0.136099750 0.648322601
JQ:/cc/c: 0.177495520 0.822504480 0.000000000
JQ:/cc/crr: 0.000000000 0.495990581 0.504009419
JQ:/cc/r: 0.109400948 0.063132158 0.827466894
JQ:/crc/c: 0.261414982 0.738585018 0.000000000
JQ:/crc/crr: 0.000000000 0.446374109 0.553625891
JQ:/crc/r: 0.160769767 0.141526539 0.697703694
JQ:/crrc/c: 0.275776824 0.724223176 0.000000000
JQ:/crrc/crr: 0.000000000 0.306362944 0.693637056
JQ:/crrc/r: 0.285186541 0.121262191 0.593551268
JQ:/rc/c: 0.172610595 0.827389405 0.000000000
JQ:/rc/crr: 0.000000000 0.255133994 0.744866006
JQ:/rc/r: 0.181413760 0.132996745 0.685589495
JQ:/rrc/c: 0.261098340 0.738901660 0.000000000
JQ:/rrc/crr: 0.000000000 0.315909520 0.684090480
JQ:/rrc/r: 0.212889698 0.113749487 0.673360815
K:/c: 0.905228448 0.094771552 0.000000000
K:/crr: 0.000000000 0.986239556 0.013760444
K:/r: 0.771228361 0.219413960 0.009357679
KJ:/cc/c: 0.748075793 0.251924207 0.000000000
KJ:/cc/crr: 0.000000000 0.891610627 0.108389373
KJ:/cc/r: 0.350151955 0.415182932 0.234665113
KJ:/crc/c: 0.796025572 0.203974428 0.000000000
KJ:/crc/crr: 0.000000000 0.884743427 0.115256573
KJ:/crc/r: 0.563794474 0.318801862 0.117403663
KJ:/crrc/c: 0.749328821 0.250671179 0.000000000
KJ:/crrc/crr: 0.000000000 0.898616708 0.101383292
KJ:/crrc/r: 0.591983452 0.315897491 0.092119057
KJ:/rc/c: 0.712321118 0.287678882 0.000000000
KJ:/rc/crr: 0.000000000 0.888897050 0.111102950
KJ:/rc/r: 0.596102515 0.298352831 0.105544654
KJ:/rrc/c: 0.722047688 0.277952312 0.000000000
KJ:/rrc/crr: 0.000000000 0.928927502 0.071072498
KJ:/rrc/r: 0.595952666 0.306542773 0.097504561
KK:/cc/c: 0.956035752 0.043964248 0.000000000
KK:/cc/crr: 0.000000000 0.963764992 0.036235008
KK:/cc/r: 0.913043985 0.051548881 0.035407134
KK:/crc/c: 0.970198336 0.029801664 0.000000000
KK:/crc/crr: 0.000000000 0.969454894 0.030545106
KK:/crc/r: 0.897859038 0.066880441 0.035260521
KK:/crrc/c: 0.940881950 0.059118050 0.000000000
KK:/crrc/crr: 0.000000000 0.962291359 0.037708641
KK:/crrc/r: 0.896396084 0.072033697 0.031570220
KK:/rc/c: 0.921377046 0.078622954 0.000000000
KK:/rc/crr: 0.000000000 0.952294213 0.047705787
KK:/rc/r: 0.882283640 0.074823499 0.042892861
KK:/rrc/c: 0.946173562 0.053826438 0.000000000
KK:/rrc/crr: 0.000000000 0.973637762 0.026362238
KK:/rrc/r: 0.874750905 0.091106490 0.034142605
KQ:/cc/c: 0.722695264 0.277304736 0.000000000
KQ:/cc/crr: 0.000000000 0.854705029 0.145294971
KQ:/cc/r: 0.407679555 0.412865016 0.179455429
KQ:/crc/c: 0.539118075 0.460881925 0.000000000
KQ:/crc/crr: 0.000000000 0.860059413 0.139940587
KQ:/crc/r: 0.262566704 0.412679798 0.324753498
KQ:/crrc/c: 0.639483846 0.360516154 0.000000000
KQ:/crrc/crr: 0.000000000 0.905102447 0.094897553
KQ:/crrc/r: 0.493447487 0.386896881 0.119655632
KQ:/rc/c: 0.570436981 0.429563019 0.000000000
KQ:/rc/crr: 0.000000000 0.849597381 0.150402619
KQ:/rc/r: 0.530015481 0.361812924 0.108171596
KQ:/rrc/c: 0.593180841 0.406819159 0.000000000
KQ:/rrc/crr: 0.000000000 0.913982038 0.086017962
KQ:/rrc/r: 0.561788489 0.339227928 0.098983582
Q:/c: 0.159374238 0.840625762 0.000000000
Q:/crr: 0.000000000 0.950949948 0.049050052
Q:/r: 0.110394357 0.409731208 0.479874436
QJ:/cc/c: 0.189854135 0.810145865 0.000000000
QJ:/cc/crr: 0.000000000 0.307979846 0.692020154
QJ:/cc/r: 0.107290133 0.068616151 0.824093716
QJ:/crc/c: 0.514881191 0.485118809 0.000000000
QJ:/crc/crr: 0.000000000 0.649344834 0.350655166
QJ:/crc/r: 0.471029033 0.209478093 0.319492874
QJ:/crrc/c: 0.326518390 0.673481610 0.000000000
QJ:/crrc/crr: 0.000000000 0.493808819 0.506191181
QJ:/crrc/r: 0.388634242 0.199055881 0.412309877
QJ:/rc/c: 0.189009366 0.810990634 0.000000000
QJ:/rc/crr: 0.000000000 0.313375083 0.686624917
QJ:/rc/r: 0.131868462 0.105659953 0.762471585
QJ:/rrc/c: 0.250571318 0.749428682 0.000000000
QJ:/rrc/crr: 0.000000000 0.425297051 0.574702949
QJ:/rrc/r: 0.166751846 0.128481205 0.704766949
QK:/cc/c: 0.827325192 0.172674808 0.000000000
QK:/cc/crr: 0.000000000 0.883646056 0.116353944
QK:/cc/r: 0.593955921 0.308536656 0.097507423
QK:/crc/c: 0.587584156 0.412415844 0.000000000
QK:/crc/crr: 0.000000000 0.815049279 0.184950721
QK:/crc/r: 0.513433868 0.341110358 0.145455774
QK:/crrc/c: 0.572303018 0.427696982 0.000000000
QK:/crrc/crr: 0.000000000 0.851354935 0.148645065
QK:/crrc/r: 0.481866416 0.385182078 0.132951507
QK:/rc/c: 0.592200190 0.407799810 0.000000000
QK:/rc/crr: 0.000000000 0.870857919 0.129142081
QK:/rc/r: 0.205319892 0.366799522 0.427880586
QK:/rrc/c: 0.450439203 0.549560797 0.000000000
QK:/rrc/crr: 0.000000000 0.799033940 0.200966060
QK:/rrc/r: 0.264250246 0.340612538 0.395137216
QQ:/cc/c: 0.975523685 0.024476315 0.000000000
QQ:/cc/crr: 0.000000000 0.980004760 0.019995240
QQ:/cc/r: 0.923301922 0.046335560 0.030362518
QQ:/crc/c: 0.861270408 0.138729592 0.000000000
QQ:/crc/crr: 0.000000000 0.877534584 0.122465416
QQ:/crc/r: 0.732779193 0.175646251 0.091574556
QQ:/crrc/c: 0.883646299 0.116353701 0.000000000
QQ:/crrc/crr: 0.000000000 0.919476875 0.080523125
QQ:/crrc/r: 0.800065264 0.139405652 0.060529084
QQ:/rc/c: 0.960045733 0.039954267 0.000000000
QQ:/rc/crr: 0.000000000 0.971302224 0.028697776
QQ:/rc/r: 0.936824206 0.040874726 0.022301068
QQ:/rrc/c: 0.948986845 0.051013155 0.000000000
QQ:/rrc/crr: 0.000000000 0.969479054 0.030520946
QQ:/rrc/r: 0.923818415 0.051936984 0.024244601
