J:/c: 0.463118292 0.536881708 0.000000000
J:/crr: 0.000000000 0.637742688 0.362257312
J:/r: 0.048469971 0.253590793 0.697939236
JJ:/cc/c: 0.967189406 0.032810594 0.000000000
JJ:/cc/crr: 0.000000000 0.960030649 0.039969351
JJ:/cc/r: 0.913831112 0.049553681 0.036615207
JJ:/crc/c: 0.926881908 0.073118092 0.000000000
JJ:/crc/crr: 0.000000000 0.946238561 0.053761439
JJ:/crc/r: 0.821447390 0.120295796 0.058256814
JJ:/crrc/c: 0.889436100 0.110563900 0.000000000
JJ:/crrc/crr: 0.000000000 0.937194944 0.062805056
JJ:/crrc/r: 0.770892996 0.175907872 0.053199133
JJ:/rc/c: 0.924334967 0.075665033 0.000000000
JJ:/rc/crr: 0.000000000 0.948683238 0.051316762
JJ:/rc/r: 0.916881649 0.052862783 0.030255568
JJ:/rrc/c: 0.911820363 0.088179637 0.000000000
JJ:/rrc/crr: 0.000000000 0.955423932 0.044576068
JJ:/rrc/r: 0.874358385 0.085761635 0.039879980
JK:/cc/c: 0.152389971 0.847610029 0.000000000
JK:/cc/crr: 0.000000000 0.296982539 0.703017461
JK:/cc/r: 0.099608281 0.091398148 0.808993571
JK:/crc/c: 0.205046541 0.794953459 0.000000000
JK:/crc/crr: 0.000000000 0.293545945 0.706454055
JK:/crc/r: 0.226584137 0.100068860 0.673347003
JK:/crrc/c: 0.267264910 0.732735090 0.000000000
JK:/crrc/crr: 0.000000000 0.420480495 0.579519505
JK:/crrc/r: 0.312548483 0.143766722 0.543684795
JK:/rc/c: 0.238713337 0.761286663 0.000000000
JK:/rc/crr: 0.000000000 0.389456142 0.610543858
JK:/rc/r: 0.162381900 0.095823097 0.741795003
JK:/rrc/c: 0.317239323 0.682760677 0.000000000
JK:/rrc/crr: 0.000000000 0.408182041 0.591817959
JK:/rrc/r: 0.213648071 0.134881558 0.651470371
JQ:/cc/c: 0.176503418 0.823496582 0.000000000
JQ:/cc/crr: 0.000000000 0.494184297 0.505815703
JQ:/cc/r: 0.107683655 0.062141158 0.830175187
JQ:/crc/c: 0.256191126 0.743808874 0.000000000
JQ:/crc/crr: 0.000000000 0.439782509 0.560217491
JQ:/crc/r: 0.157405347 0.138564821 0.704029832
JQ:/crrc/c: 0.272487110 0.727512890 0.000000000
JQ:/crrc/crr: 0.000000000 0.303931875 0.696068125
JQ:/crrc/r: 0.277957101 0.118197771 0.603845128
JQ:/rc/c: 0.169589684 0.830410316 0.000000000
JQ:/rc/crr: 0.000000000 0.252455064 0.747544936
JQ:/rc/r: 0.177635061 0.130226533 0.692138405
JQ:/rrc/c: 0.259041395 0.740958605 0.000000000
JQ:/rrc/crr: 0.000000000 0.314454186 0.685545814
JQ:/rrc/r: 0.211170974 0.112831152 0.675997874
K:/c: 0.907585636 0.092414364 0.000000000
K:/crr: 0.000000000 0.986530391 0.013469609
K:/r: 0.775613235 0.215213610 0.009173155
KJ:/cc/c: 0.749315409 0.250684591 0.000000000
KJ:/cc/crr: 0.000000000 0.892478732 0.107521268
KJ:/cc/r: 0.347650943 0.418809416 0.233539641
KJ:/crc/c: 0.798218544 0.201781456 0.000000000
KJ:/crc/crr: 0.000000000 0.886126176 0.113873824
KJ:/crc/r: 0.563524173 0.320380488 0.116095340
KJ:/crrc/c: 0.752427473 0.247572527 0.000000000
KJ:/crrc/crr: 0.000000000 0.899939196 0.100060804
KJ:/crrc/r: 0.592129405 0.316767147 0.091103448
KJ:/rc/c: 0.713927728 0.286072272 0.000000000
KJ:/rc/crr: 0.000000000 0.889738739 0.110261261
KJ:/rc/r: 0.596152758 0.298978716 0.104868527
KJ:/rrc/c: 0.723839052 0.276160948 0.000000000
KJ:/rrc/crr: 0.000000000 0.929651343 0.070348657
KJ:/rrc/r: 0.595493852 0.308032167 0.096473981
KK:/cc/c: 0.956633857 0.043366143 0.000000000
KK:/cc/crr: 0.000000000 0.964272596 0.035727404
KK:/cc/r: 0.914335818 0.050783062 0.034881119
KK:/crc/c: 0.970921629 0.029078371 0.000000000
KK:/crc/crr: 0.000000000 0.970123968 0.029876032
KK:/crc/r: 0.900517386 0.065139793 0.034342821
KK:/crrc/c: 0.942121294 0.057878706 0.000000000
KK:/crrc/crr: 0.000000000 0.963011805 0.036988195
KK:/crrc/r: 0.898367219 0.070663206 0.030969575
KK:/rc/c: 0.922332399 0.077667601 0.000000000
KK:/rc/crr: 0.000000000 0.952901453 0.047098547
KK:/rc/r: 0.883786819 0.073868041 0.042345140
KK:/rrc/c: 0.946990054 0.053009946 0.000000000
KK:/rrc/crr: 0.000000000 0.974022567 0.025977433
KK:/rrc/r: 0.876745069 0.089655931 0.033599001
KQ:/cc/c: 0.723725304 0.276274696 0.000000000
KQ:/cc/crr: 0.000000000 0.855447576 0.144552424
KQ:/cc/r: 0.404280003 0.414568444 0.181151553
KQ:/crc/c: 0.529373485 0.470626515 0.000000000
KQ:/crc/crr: 0.000000000 0.857888161 0.142111839
KQ:/crc/r: 0.258249790 0.410864789 0.330885421
KQ:/crrc/c: 0.638762754 0.361237246 0.000000000
KQ:/crrc/crr: 0.000000000 0.906233250 0.093766750
KQ:/crrc/r: 0.493621809 0.387946699 0.118431492
KQ:/rc/c: 0.571195886 0.428804114 0.000000000
KQ:/rc/crr: 0.000000000 0.850549055 0.149450945
KQ:/rc/r: 0.531938603 0.360517975 0.107543422
KQ:/rrc/c: 0.594540769 0.405459231 0.000000000
KQ:/rrc/crr: 0.000000000 0.915035150 0.084964850
KQ:/rrc/r: 0.562456739 0.339707025 0.097836236
Q:/c: 0.156484171 0.843515829 0.000000000
Q:/crr: 0.000000000 0.951315522 0.048684478
Q:/r: 0.108543786 0.414065910 0.477390304
QJ:/cc/c: 0.187482628 0.812517372 0.000000000
QJ:/cc/crr: 0.000000000 0.302737076 0.697262924
QJ:/cc/r: 0.105157813 0.067252450 0.827589737
QJ:/crc/c: 0.519543974 0.480456026 0.000000000
QJ:/crc/crr: 0.000000000 0.650687850 0.349312150
QJ:/crc/r: 0.471548407 0.208755862 0.319695732
QJ:/crrc/c: 0.323314929 0.676685071 0.000000000
QJ:/crrc/crr: 0.000000000 0.490049147 0.509950853
QJ:/crrc/r: 0.384119590 0.196757278 0.419123133
QJ:/rc/c: 0.186502641 0.813497359 0.000000000
QJ:/rc/crr: 0.000000000 0.309482770 0.690517230
QJ:/rc/r: 0.129799910 0.104002520 0.766197570
QJ:/rrc/c: 0.248810558 0.751189442 0.000000000
QJ:/rrc/crr: 0.000000000 0.422739508 0.577260492
QJ:/rrc/r: 0.165386177 0.127428967 0.707184856
QK:/cc/c: 0.828926055 0.171073945 0.000000000
QK:/cc/crr: 0.000000000 0.885017641 0.114982359
QK:/cc/r: 0.593050029 0.310303371 0.096646600
QK:/crc/c: 0.587652053 0.412347947 0.000000000
QK:/crc/crr: 0.000000000 0.816042448 0.183957552
QK:/crc/r: 0.514033082 0.341151008 0.144815910
QK:/crrc/c: 0.572754121 0.427245879 0.000000000
QK:/crrc/crr: 0.000000000 0.851943979 0.148056021
QK:/crrc/r: 0.480447971 0.387271513 0.132280516
QK:/rc/c: 0.580037483 0.419962517 0.000000000
QK:/rc/crr: 0.000000000 0.870279250 0.129720750
QK:/rc/r: 0.201905283 0.368214926 0.429879792
QK:/rrc/c: 0.451869702 0.548130298 0.000000000
QK:/rrc/crr: 0.000000000 0.799507260 0.200492740
QK:/rrc/r: 0.261121520 0.338021573 0.400856907
QQ:/cc/c: 0.976060131 0.023939869 0.000000000
QQ:/cc/crr: 0.000000000 0.980425139 0.019574861
QQ:/cc/r: 0.925112877 0.045241509 0.029645615
QQ:/crc/c: 0.862892793 0.137107207 0.000000000
QQ:/crc/crr: 0.000000000 0.879186411 0.120813589
QQ:/crc/r: 0.735113009 0.174112216 0.090774775
QQ:/crrc/c: 0.885903324 0.114096676 0.000000000
QQ:/crrc/crr: 0.000000000 0.920826520 0.079173480
QQ:/crrc/r: 0.803849237 0.136767255 0.059383508
QQ:/rc/c: 0.961056295 0.038943705 0.000000000
QQ:/rc/crr: 0.000000000 0.971951503 0.028048497
QQ:/rc/r: 0.938410699 0.039848265 0.021741035
QQ:/rrc/c: 0.949762715 0.050237285 0.000000000
QQ:/rrc/crr: 0.000000000 0.969922318 0.030077682
QQ:/rrc/r: 0.924925411 0.051182287 0.023892302
