J:/c: 0.466961226 0.533038774 0.000000000
J:/crr: 0.000000000 0.644834123 0.355165877
J:/r: 0.047035065 0.269575454 0.683389481
JJ:/cc/c: 0.967807067 0.032192933 0.000000000
JJ:/cc/crr: 0.000000000 0.960771701 0.039228299
JJ:/cc/r: 0.915366605 0.048670656 0.035962740
JJ:/crc/c: 0.928911705 0.071088295 0.000000000
JJ:/crc/crr: 0.000000000 0.947731648 0.052268352
JJ:/crc/r: 0.825124794 0.117818720 0.057056486
JJ:/crrc/c: 0.892311095 0.107688905 0.000000000
JJ:/crrc/crr: 0.000000000 0.939242642 0.060757358
JJ:/crrc/r: 0.778626402 0.169970179 0.051403419
JJ:/rc/c: 0.926869158 0.073130842 0.000000000
JJ:/rc/crr: 0.000000000 0.950465227 0.049534773
JJ:/rc/r: 0.919865025 0.050965374 0.029169602
JJ:/rrc/c: 0.912697441 0.087302559 0.000000000
JJ:/rrc/crr: 0.000000000 0.955840976 0.044159024
JJ:/rrc/r: 0.875866538 0.084732186 0.039401276
JK:/cc/c: 0.151148048 0.848851952 0.000000000
JK:/cc/crr: 0.000000000 0.294427591 0.705572409
JK:/cc/r: 0.098330371 0.090225570 0.811444059
JK:/crc/c: 0.202644571 0.797355429 0.000000000
JK:/crc/crr: 0.000000000 0.291616668 0.708383332
JK:/crc/r: 0.222543169 0.098284202 0.679172628
JK:/crrc/c: 0.265406713 0.734593287 0.000000000
JK:/crrc/crr: 0.000000000 0.417662366 0.582337634
JK:/crrc/r: 0.307972526 0.141597337 0.550430138
JK:/rc/c: 0.232978453 0.767021547 0.000000000
JK:/rc/crr: 0.000000000 0.380326274 0.619673726
JK:/rc/r: 0.158567352 0.093572095 0.747860552
JK:/rrc/c: 0.317046936 0.682953064 0.000000000
JK:/rrc/crr: 0.000000000 0.407066204 0.592933796
JK:/rrc/r: 0.211653370 0.133622251 0.654724380
JQ:/cc/c: 0.175510755 0.824489245 0.000000000
JQ:/cc/crr: 0.000000000 0.492504033 0.507495967
JQ:/cc/r: 0.106053107 0.061200215 0.832746677
JQ:/crc/c: 0.251518184 0.748481816 0.000000000
JQ:/crc/crr: 0.000000000 0.434771172 0.565228828
JQ:/crc/r: 0.154205508 0.135747985 0.710046507
JQ:/crrc/c: 0.267747126 0.732252874 0.000000000
JQ:/crrc/crr: 0.000000000 0.301365238 0.698634762
JQ:/crrc/r: 0.271777870 0.115568801 0.612653329
JQ:/rc/c: 0.166862408 0.833137592 0.000000000
JQ:/rc/crr: 0.000000000 0.250256027 0.749743973
JQ:/rc/r: 0.174108229 0.127640967 0.698250804
JQ:/rrc/c: 0.257417977 0.742582023 0.000000000
JQ:/rrc/crr: 0.000000000 0.313253213 0.686746787
JQ:/rrc/r: 0.209549827 0.111964955 0.678485218
K:/c: 0.910199121 0.089800879 0.000000000
K:/crr: 0.000000000 0.986810916 0.013189084
K:/r: 0.778041617 0.212930540 0.009027842
KJ:/cc/c: 0.750101220 0.249898780 0.000000000
KJ:/cc/crr: 0.000000000 0.893210996 0.106789004
KJ:/cc/r: 0.346035163 0.421358112 0.232606725
KJ:/crc/c: 0.800504330 0.199495670 0.000000000
KJ:/crc/crr: 0.000000000 0.887493389 0.112506611
KJ:/crc/r: 0.564079504 0.321003705 0.114916791
KJ:/crrc/c: 0.754267249 0.245732751 0.000000000
KJ:/crrc/crr: 0.000000000 0.901181081 0.098818919
KJ:/crrc/r: 0.594049476 0.315759414 0.090191110
KJ:/rc/c: 0.715112401 0.284887599 0.000000000
KJ:/rc/crr: 0.000000000 0.890480258 0.109519742
KJ:/rc/r: 0.597377893 0.298382215 0.104239892
KJ:/rrc/c: 0.725079718 0.274920282 0.000000000
KJ:/rrc/crr: 0.000000000 0.930317986 0.069682014
KJ:/rrc/r: 0.595702693 0.308754541 0.095542766
KK:/cc/c: 0.957124116 0.042875884 0.000000000
KK:/cc/crr: 0.000000000 0.964683983 0.035316017
KK:/cc/r: 0.915528120 0.050076247 0.034395633
KK:/crc/c: 0.971590158 0.028409842 0.000000000
KK:/crc/crr: 0.000000000 0.970744419 0.029255581
KK:/crc/r: 0.902995565 0.063517117 0.033487318
KK:/crrc/c: 0.943335657 0.056664343 0.000000000
KK:/crrc/crr: 0.000000000 0.963692473 0.036307527
KK:/crrc/r: 0.900403766 0.069247237 0.030348997
KK:/rc/c: 0.923192703 0.076807297 0.000000000
KK:/rc/crr: 0.000000000 0.953420739 0.046579261
KK:/rc/r: 0.885372060 0.072860421 0.041767518
KK:/rrc/c: 0.947831542 0.052168458 0.000000000
KK:/rrc/crr: 0.000000000 0.974413354 0.025586646
KK:/rrc/r: 0.878534056 0.088354617 0.033111327
KQ:/cc/c: 0.724345825 0.275654175 0.000000000
KQ:/cc/crr: 0.000000000 0.856133064 0.143866936
KQ:/cc/r: 0.401682469 0.415526474 0.182791057
KQ:/crc/c: 0.520948183 0.479051817 0.000000000
KQ:/crc/crr: 0.000000000 0.857993756 0.142006244
KQ:/crc/r: 0.253340607 0.412179540 0.334479853
KQ:/crrc/c: 0.639637341 0.360362659 0.000000000
KQ:/crrc/crr: 0.000000000 0.907337318 0.092662682
KQ:/crrc/r: 0.492477655 0.390299445 0.117222900
KQ:/rc/c: 0.573153579 0.426846421 0.000000000
KQ:/rc/crr: 0.000000000 0.851606679 0.148393321
KQ:/rc/r: 0.532987704 0.360117313 0.106894983
KQ:/rrc/c: 0.595894388 0.404105612 0.000000000
KQ:/rrc/crr: 0.000000000 0.916064943 0.083935057
KQ:/rrc/r: 0.563082281 0.340132731 0.096784988
Q:/c: 0.152804672 0.847195328 0.000000000
Q:/crr: 0.000000000 0.951134078 0.048865922
Q:/r: 0.105742045 0.424743210 0.469514745
QJ:/cc/c: 0.185349774 0.814650226 0.000000000
QJ:/cc/crr: 0.000000000 0.298789825 0.701210175
QJ:/cc/r: 0.103206752 0.066004672 0.830788575
QJ:/crc/c: 0.523188234 0.476811766 0.000000000
QJ:/crc/crr: 0.000000000 0.653032319 0.346967681
QJ:/crc/r: 0.471440878 0.208269994 0.320289127
QJ:/crrc/c: 0.321777148 0.678222852 0.000000000
QJ:/crrc/crr: 0.000000000 0.489758866 0.510241134
QJ:/crrc/r: 0.380168262 0.194820721 0.425011017
QJ:/rc/c: 0.184277056 0.815722944 0.000000000
QJ:/rc/crr: 0.000000000 0.306073241 0.693926759
QJ:/rc/r: 0.127880518 0.102464602 0.769654880
QJ:/rrc/c: 0.247540276 0.752459724 0.000000000
QJ:/rrc/crr: 0.000000000 0.420570376 0.579429624
QJ:/rrc/r: 0.164108590 0.126444594 0.709446817
QK:/cc/c: 0.830418251 0.169581749 0.000000000
QK:/cc/crr: 0.000000000 0.886287516 0.113712484
QK:/cc/r: 0.592643482 0.311565573 0.095790945
QK:/crc/c: 0.587923723 0.412076277 0.000000000
QK:/crc/crr: 0.000000000 0.816929889 0.183070111
QK:/crc/r: 0.514956269 0.340839715 0.144204015
QK:/crrc/c: 0.573285954 0.426714046 0.000000000
QK:/crrc/crr: 0.000000000 0.852680255 0.147319745
QK:/crrc/r: 0.480375212 0.387839560 0.131785228
QK:/rc/c: 0.565702350 0.434297650 0.000000000
QK:/rc/crr: 0.000000000 0.867850855 0.132149145
QK:/rc/r: 0.199582545 0.369540557 0.430876897
QK:/rrc/c: 0.452728971 0.547271029 0.000000000
QK:/rrc/crr: 0.000000000 0.800223010 0.199776990
QK:/rrc/r: 0.258815698 0.335192615 0.405991687
QQ:/cc/c: 0.976577699 0.023422301 0.000000000
QQ:/cc/crr: 0.000000000 0.980837723 0.019162277
QQ:/cc/r: 0.926787410 0.044229874 0.028982716
QQ:/crc/c: 0.864341079 0.135658921 0.000000000
QQ:/crc/crr: 0.000000000 0.880571912 0.119428088
QQ:/crc/r: 0.737722388 0.172397051 0.089880561
QQ:/crrc/c: 0.887754684 0.112245316 0.000000000
QQ:/crrc/crr: 0.000000000 0.922077062 0.077922938
QQ:/crrc/r: 0.807046537 0.134537919 0.058415544
QQ:/rc/c: 0.962014586 0.037985414 0.000000000
QQ:/rc/crr: 0.000000000 0.972569155 0.027430845
QQ:/rc/r: 0.939961633 0.038844812 0.021193556
QQ:/rrc/c: 0.950448514 0.049551486 0.000000000
QQ:/rrc/crr: 0.000000000 0.970314362 0.029685638
QQ:/rrc/r: 0.925930255 0.050497232 0.023572513
