J:/c: 0.468515535 0.531484465 0.000000000
J:/crr: 0.000000000 0.645402682 0.354597318
J:/r: 0.046641659 0.275365215 0.677993127
JJ:/cc/c: 0.967952690 0.032047310 0.000000000
JJ:/cc/crr: 0.000000000 0.960939129 0.039060871
JJ:/cc/r: 0.915742643 0.048454405 0.035802952
JJ:/crc/c: 0.929340632 0.070659368 0.000000000
JJ:/crc/crr: 0.000000000 0.948054842 0.051945158
JJ:/crc/r: 0.826004092 0.117226310 0.056769597
JJ:/crrc/c: 0.893046529 0.106953471 0.000000000
JJ:/crrc/crr: 0.000000000 0.939731261 0.060268739
JJ:/crrc/r: 0.780141206 0.168807115 0.051051678
JJ:/rc/c: 0.927535660 0.072464340 0.000000000
JJ:/rc/crr: 0.000000000 0.950901131 0.049098869
JJ:/rc/r: 0.920582292 0.050509196 0.028908512
JJ:/rrc/c: 0.912978817 0.087021183 0.000000000
JJ:/rrc/crr: 0.000000000 0.955977411 0.044022589
JJ:/rrc/r: 0.876306170 0.084432097 0.039261732
JK:/cc/c: 0.150873466 0.849126534 0.000000000
JK:/cc/crr: 0.000000000 0.293667861 0.706332139
JK:/cc/r: 0.098038352 0.089957620 0.812004027
JK:/crc/c: 0.202199368 0.797800632 0.000000000
JK:/crc/crr: 0.000000000 0.291222763 0.708777237
JK:/crc/r: 0.221553759 0.097847238 0.680599002
JK:/crrc/c: 0.264673960 0.735326040 0.000000000
JK:/crrc/crr: 0.000000000 0.416693649 0.583306351
JK:/crrc/r: 0.306790921 0.141054067 0.552155011
JK:/rc/c: 0.231440535 0.768559465 0.000000000
JK:/rc/crr: 0.000000000 0.378382243 0.621617757
JK:/rc/r: 0.157804042 0.093121659 0.749074298
JK:/rrc/c: 0.316867964 0.683132036 0.000000000
JK:/rrc/crr: 0.000000000 0.406712501 0.593287499
JK:/rrc/r: 0.211208539 0.133341418 0.655450043
JQ:/cc/c: 0.175247271 0.824752729 0.000000000
JQ:/cc/crr: 0.000000000 0.492018658 0.507981342
JQ:/cc/r: 0.105656620 0.060971414 0.833371967
JQ:/crc/c: 0.250875646 0.749124354 0.000000000
JQ:/crc/crr: 0.000000000 0.433808411 0.566191589
JQ:/crc/r: 0.153636352 0.135246954 0.711116694
JQ:/crrc/c: 0.266509769 0.733490231 0.000000000
JQ:/crrc/crr: 0.000000000 0.300499679 0.699500321
JQ:/crrc/r: 0.270388592 0.114978035 0.614633373
JQ:/rc/c: 0.166175838 0.833824162 0.000000000
JQ:/rc/crr: 0.000000000 0.249605954 0.750394046
JQ:/rc/r: 0.173251452 0.127012853 0.699735695
JQ:/rrc/c: 0.256887832 0.743112168 0.000000000
JQ:/rrc/crr: 0.000000000 0.312795497 0.687204503
JQ:/rrc/r: 0.209164017 0.111758811 0.679077172
K:/c: 0.910839826 0.089160174 0.000000000
K:/crr: 0.000000000 0.986874368 0.013125632
K:/r: 0.778950902 0.212058239 0.008990858
KJ:/cc/c: 0.750319948 0.249680052 0.000000000
KJ:/cc/crr: 0.000000000 0.893418273 0.106581727
KJ:/cc/r: 0.345414738 0.422395361 0.232189901
KJ:/crc/c: 0.800987519 0.199012481 0.000000000
KJ:/crc/crr: 0.000000000 0.887791157 0.112208843
KJ:/crc/r: 0.564014886 0.321376437 0.114608677
KJ:/crrc/c: 0.754666181 0.245333819 0.000000000
KJ:/crrc/crr: 0.000000000 0.901419839 0.098580161
KJ:/crrc/r: 0.593979599 0.316066155 0.089954247
KJ:/rc/c: 0.715493767 0.284506233 0.000000000
KJ:/rc/crr: 0.000000000 0.890654107 0.109345893
KJ:/rc/r: 0.597417316 0.298500201 0.104082483
KJ:/rrc/c: 0.725583668 0.274416332 0.000000000
KJ:/rrc/crr: 0.000000000 0.930474510 0.069525490
KJ:/rrc/r: 0.595913595 0.308760267 0.095326139
KK:/cc/c: 0.957231817 0.042768183 0.000000000
KK:/cc/crr: 0.000000000 0.964786624 0.035213376
KK:/cc/r: 0.915843671 0.049889184 0.034267145
KK:/crc/c: 0.971755286 0.028244714 0.000000000
KK:/crc/crr: 0.000000000 0.970894919 0.029105081
KK:/crc/r: 0.903584285 0.063131631 0.033284084
KK:/crrc/c: 0.943583384 0.056416616 0.000000000
KK:/crrc/crr: 0.000000000 0.963849253 0.036150747
KK:/crrc/r: 0.900856880 0.068932196 0.030210924
KK:/rc/c: 0.923439234 0.076560766 0.000000000
KK:/rc/crr: 0.000000000 0.953564126 0.046435874
KK:/rc/r: 0.885694088 0.072655732 0.041650180
KK:/rrc/c: 0.948026863 0.051973137 0.000000000
KK:/rrc/crr: 0.000000000 0.974502190 0.025497810
KK:/rrc/r: 0.879003979 0.088012794 0.032983227
KQ:/cc/c: 0.724504820 0.275495180 0.000000000
KQ:/cc/crr: 0.000000000 0.856276369 0.143723631
KQ:/cc/r: 0.400898656 0.415817321 0.183284024
KQ:/crc/c: 0.519539101 0.480460899 0.000000000
KQ:/crc/crr: 0.000000000 0.857961854 0.142038146
KQ:/crc/r: 0.252066551 0.412448273 0.335485176
KQ:/crrc/c: 0.640085845 0.359914155 0.000000000
KQ:/crrc/crr: 0.000000000 0.907577119 0.092422881
KQ:/crrc/r: 0.491552887 0.391537062 0.116910051
KQ:/rc/c: 0.573205483 0.426794517 0.000000000
KQ:/rc/crr: 0.000000000 0.851797876 0.148202124
KQ:/rc/r: 0.533647390 0.359611686 0.106740924
KQ:/rrc/c: 0.596755678 0.403244322 0.000000000
KQ:/rrc/crr: 0.000000000 0.916300326 0.083699674
KQ:/rrc/r: 0.563390460 0.340089672 0.096519868
Q:/c: 0.152045785 0.847954215 0.000000000
Q:/crr: 0.000000000 0.951217894 0.048782106
Q:/r: 0.105211171 0.424223356 0.470565473
QJ:/cc/c: 0.184881074 0.815118926 0.000000000
QJ:/cc/crr: 0.000000000 0.298163863 0.701836137
QJ:/cc/r: 0.102741324 0.065707013 0.831551663
QJ:/crc/c: 0.524695941 0.475304059 0.000000000
QJ:/crc/crr: 0.000000000 0.653713302 0.346286698
QJ:/crc/r: 0.471883006 0.208092852 0.320024142
QJ:/crrc/c: 0.321211020 0.678788980 0.000000000
QJ:/crrc/crr: 0.000000000 0.489171875 0.510828125
QJ:/crrc/r: 0.379532878 0.194433808 0.426033313
QJ:/rc/c: 0.183725505 0.816274495 0.000000000
QJ:/rc/crr: 0.000000000 0.305262988 0.694737012
QJ:/rc/r: 0.127429439 0.102103174 0.770467387
QJ:/rrc/c: 0.247163938 0.752836062 0.000000000
QJ:/rrc/crr: 0.000000000 0.419944270 0.580055730
QJ:/rrc/r: 0.163763018 0.126178333 0.710058649
QK:/cc/c: 0.830794746 0.169205254 0.000000000
QK:/cc/crr: 0.000000000 0.886606426 0.113393574
QK:/cc/r: 0.592394654 0.312034148 0.095571198
QK:/crc/c: 0.588585592 0.411414408 0.000000000
QK:/crc/crr: 0.000000000 0.817130242 0.182869758
QK:/crc/r: 0.515208871 0.340771992 0.144019137
QK:/crrc/c: 0.573766048 0.426233952 0.000000000
QK:/crrc/crr: 0.000000000 0.852885198 0.147114802
QK:/crrc/r: 0.480602799 0.387705138 0.131692063
QK:/rc/c: 0.561493687 0.438506313 0.000000000
QK:/rc/crr: 0.000000000 0.867041090 0.132958910
QK:/rc/r: 0.199064096 0.368854923 0.432080981
QK:/rrc/c: 0.452167639 0.547832361 0.000000000
QK:/rrc/crr: 0.000000000 0.800362342 0.199637658
QK:/rrc/r: 0.257901341 0.335115296 0.406983364
QQ:/cc/c: 0.976705689 0.023294311 0.000000000
QQ:/cc/crr: 0.000000000 0.980944036 0.019055964
QQ:/cc/r: 0.927159932 0.044004823 0.028835245
QQ:/crc/c: 0.864909566 0.135090434 0.000000000
QQ:/crc/crr: 0.000000000 0.880973361 0.119026639
QQ:/crc/r: 0.738225269 0.172066504 0.089708227
QQ:/crrc/c: 0.888226443 0.111773557 0.000000000
QQ:/crrc/crr: 0.000000000 0.922376413 0.077623587
QQ:/crrc/r: 0.807661428 0.134109183 0.058229389
QQ:/rc/c: 0.962236971 0.037763029 0.000000000
QQ:/rc/crr: 0.000000000 0.972701018 0.027298982
QQ:/rc/r: 0.940322055 0.038611618 0.021066326
QQ:/rrc/c: 0.950598030 0.049401970 0.000000000
QQ:/rrc/crr: 0.000000000 0.970403000 0.029597000
QQ:/rrc/r: 0.926150646 0.050346980 0.023502374
