J:/c: 0.473126528 0.526873472 0.000000000
J:/crr: 0.000000000 0.650438006 0.349561994
J:/r: 0.045629145 0.289859753 0.664511102
JJ:/cc/c: 0.968363070 0.031636930 0.000000000
JJ:/cc/crr: 0.000000000 0.961397823 0.038602177
JJ:/cc/r: 0.916779473 0.047858149 0.035362378
JJ:/crc/c: 0.930797194 0.069202806 0.000000000
JJ:/crc/crr: 0.000000000 0.949043822 0.050956178
JJ:/crc/r: 0.828422617 0.115600177 0.055977206
JJ:/crrc/c: 0.895443803 0.104556197 0.000000000
JJ:/crrc/crr: 0.000000000 0.941156263 0.058843737
JJ:/crrc/r: 0.785012069 0.165067277 0.049920654
JJ:/rc/c: 0.929448266 0.070551734 0.000000000
JJ:/rc/crr: 0.000000000 0.952179054 0.047820946
JJ:/rc/r: 0.922676711 0.049177157 0.028146131
JJ:/rrc/c: 0.913779968 0.086220032 0.000000000
JJ:/rrc/crr: 0.000000000 0.956354063 0.043645937
JJ:/rrc/r: 0.877402247 0.083683927 0.038913826
JK:/cc/c: 0.150131971 0.849868029 0.000000000
JK:/cc/crr: 0.000000000 0.291784514 0.708215486
JK:/cc/r: 0.097159633 0.089151329 0.813689038
JK:/crc/c: 0.200451581 0.799548419 0.000000000
JK:/crc/crr: 0.000000000 0.289260551 0.710739449
JK:/crc/r: 0.218889477 0.096670582 0.684439941
JK:/crrc/c: 0.263108021 0.736891979 0.000000000
JK:/crrc/crr: 0.000000000 0.413087060 0.586912940
JK:/crrc/r: 0.303336342 0.139465746 0.557197912
JK:/rc/c: 0.226697724 0.773302276 0.000000000
JK:/rc/crr: 0.000000000 0.371381112 0.628618888
JK:/rc/r: 0.155462489 0.091739887 0.752797624
JK:/rrc/c: 0.316430589 0.683569411 0.000000000
JK:/rrc/crr: 0.000000000 0.405932430 0.594067570
JK:/rrc/r: 0.209906425 0.132519360 0.657574215
JQ:/cc/c: 0.174554335 0.825445665 0.000000000
JQ:/cc/crr: 0.000000000 0.490659946 0.509340054
JQ:/cc/r: 0.104585587 0.060353351 0.835061062
JQ:/crc/c: 0.247401428 0.752598572 0.000000000
JQ:/crc/crr: 0.000000000 0.429490564 0.570509436
JQ:/crc/r: 0.151632135 0.133482630 0.714885234
JQ:/crrc/c: 0.264457800 0.735542200 0.000000000
JQ:/crrc/crr: 0.000000000 0.298402443 0.701597557
JQ:/crrc/r: 0.265827802 0.113038639 0.621133559
JQ:/rc/c: 0.164078426 0.835921574 0.000000000
JQ:/rc/crr: 0.000000000 0.247584238 0.752415762
JQ:/rc/r: 0.170867731 0.125265317 0.703866952
JQ:/rrc/c: 0.256023075 0.743976925 0.000000000
JQ:/rrc/crr: 0.000000000 0.311949167 0.688050833
JQ:/rrc/r: 0.208015804 0.111145308 0.680838888
K:/c: 0.912566246 0.087433754 0.000000000
K:/crr: 0.000000000 0.987067776 0.012932224
K:/r: 0.781561102 0.209559991 0.008878907
KJ:/cc/c: 0.751064913 0.248935087 0.000000000
KJ:/cc/crr: 0.000000000 0.893979828 0.106020172
KJ:/cc/r: 0.344826409 0.423480806 0.231692785
KJ:/crc/c: 0.802526947 0.197473053 0.000000000
KJ:/crc/crr: 0.000000000 0.888715929 0.111284071
KJ:/crc/r: 0.563630904 0.322568125 0.113800971
KJ:/crrc/c: 0.756704540 0.243295460 0.000000000
KJ:/crrc/crr: 0.000000000 0.902290312 0.097709688
KJ:/crrc/r: 0.594016132 0.316739173 0.089244696
KJ:/rc/c: 0.716428466 0.283571534 0.000000000
KJ:/rc/crr: 0.000000000 0.891209598 0.108790402
KJ:/rc/r: 0.598223877 0.298112549 0.103663574
KJ:/rrc/c: 0.726792160 0.273207840 0.000000000
KJ:/rrc/crr: 0.000000000 0.930934079 0.069065921
KJ:/rrc/r: 0.595838103 0.309519770 0.094642127
KK:/cc/c: 0.957608617 0.042391383 0.000000000
KK:/cc/crr: 0.000000000 0.965093927 0.034906073
KK:/cc/r: 0.916691135 0.049386794 0.033922071
KK:/crc/c: 0.972232729 0.027767271 0.000000000
KK:/crc/crr: 0.000000000 0.971335909 0.028664091
KK:/crc/r: 0.905381149 0.061955071 0.032663781
KK:/crrc/c: 0.944393540 0.055606460 0.000000000
KK:/crrc/crr: 0.000000000 0.964294876 0.035705124
KK:/crrc/r: 0.902175513 0.068015377 0.029809110
KK:/rc/c: 0.924084679 0.075915321 0.000000000
KK:/rc/crr: 0.000000000 0.953931667 0.046068333
KK:/rc/r: 0.886778110 0.071966701 0.041255190
KK:/rrc/c: 0.948553235 0.051446765 0.000000000
KK:/rrc/crr: 0.000000000 0.974750148 0.025249852
KK:/rrc/r: 0.880184804 0.087153859 0.032661337
KQ:/cc/c: 0.725014541 0.274985459 0.000000000
KQ:/cc/crr: 0.000000000 0.856718648 0.143281352
KQ:/cc/r: 0.398254307 0.417169400 0.184576293
KQ:/crc/c: 0.516206117 0.483793883 0.000000000
KQ:/crc/crr: 0.000000000 0.858917547 0.141082453
KQ:/crc/r: 0.249435634 0.413747541 0.336816825
KQ:/crrc/c: 0.640498536 0.359501464 0.000000000
KQ:/crrc/crr: 0.000000000 0.908374488 0.091625512
KQ:/crrc/r: 0.490903836 0.393009417 0.116086747
KQ:/rc/c: 0.573994155 0.426005845 0.000000000
KQ:/rc/crr: 0.000000000 0.852621108 0.147378892
KQ:/rc/r: 0.533887658 0.359813059 0.106299283
KQ:/rrc/c: 0.597720173 0.402279827 0.000000000
KQ:/rrc/crr: 0.000000000 0.916993410 0.083006590
KQ:/rrc/r: 0.563730894 0.340538475 0.095730630
Q:/c: 0.152300420 0.847699580 0.000000000
Q:/crr: 0.000000000 0.951641006 0.048358994
Q:/r: 0.103004971 0.424630986 0.472364043
QJ:/cc/c: 0.183409432 0.816590568 0.000000000
QJ:/cc/crr: 0.000000000 0.295188218 0.704811782
QJ:/cc/r: 0.101380996 0.064837031 0.833781972
QJ:/crc/c: 0.526997158 0.473002842 0.000000000
QJ:/crc/crr: 0.000000000 0.654777351 0.345222649
QJ:/crc/r: 0.471775996 0.208232694 0.319991310
QJ:/crrc/c: 0.319593056 0.680406944 0.000000000
QJ:/crrc/crr: 0.000000000 0.486846744 0.513153256
QJ:/crrc/r: 0.376278138 0.192814064 0.430907798
QJ:/rc/c: 0.182201361 0.817798639 0.000000000
QJ:/rc/crr: 0.000000000 0.302918753 0.697081247
QJ:/rc/r: 0.126092290 0.101031780 0.772875930
QJ:/rrc/c: 0.246096078 0.753903922 0.000000000
QJ:/rrc/crr: 0.000000000 0.417951148 0.582048852
QJ:/rrc/r: 0.162806897 0.125441648 0.711751455
QK:/cc/c: 0.831896950 0.168103050 0.000000000
QK:/cc/crr: 0.000000000 0.887547731 0.112452269
QK:/cc/r: 0.593116231 0.311884420 0.094999348
QK:/crc/c: 0.589727379 0.410272621 0.000000000
QK:/crc/crr: 0.000000000 0.817996525 0.182003475
QK:/crc/r: 0.514986354 0.341528345 0.143485301
QK:/crrc/c: 0.574269806 0.425730194 0.000000000
QK:/crrc/crr: 0.000000000 0.853661791 0.146338209
QK:/crrc/r: 0.481713043 0.386967886 0.131319071
QK:/rc/c: 0.548231144 0.451768856 0.000000000
QK:/rc/crr: 0.000000000 0.864443914 0.135556086
QK:/rc/r: 0.197169390 0.370042203 0.432788407
QK:/rrc/c: 0.452272293 0.547727707 0.000000000
QK:/rrc/crr: 0.000000000 0.800882188 0.199117812
QK:/rrc/r: 0.255110228 0.333595075 0.411294697
QQ:/cc/c: 0.977070504 0.022929496 0.000000000
QQ:/cc/crr: 0.000000000 0.981223369 0.018776631
QQ:/cc/r: 0.928279058 0.043328726 0.028392216
QQ:/crc/c: 0.865940126 0.134059874 0.000000000
QQ:/crc/crr: 0.000000000 0.881813170 0.118186830
QQ:/crc/r: 0.739841923 0.171003865 0.089154212
QQ:/crrc/c: 0.889927718 0.110072282 0.000000000
QQ:/crrc/crr: 0.000000000 0.923476930 0.076523070
QQ:/crrc/r: 0.810033976 0.132454910 0.057511114
QQ:/rc/c: 0.962871001 0.037128999 0.000000000
QQ:/rc/crr: 0.000000000 0.973115279 0.026884721
QQ:/rc/r: 0.941380720 0.037926662 0.020692617
QQ:/rrc/c: 0.951008407 0.048991593 0.000000000
QQ:/rrc/crr: 0.000000000 0.970616372 0.029383628
QQ:/rrc/r: 0.926837072 0.049879008 0.023283921
