J:/c: 0.480556711 0.519443289 0.000000000
J:/crr: 0.000000000 0.663793660 0.336206340
J:/r: 0.043744423 0.317329559 0.638926018
JJ:/cc/c: 0.969190116 0.030809884 0.000000000
JJ:/cc/crr: 0.000000000 0.962362815 0.037637185
JJ:/cc/r: 0.918779994 0.046707697 0.034512310
JJ:/crc/c: 0.933194500 0.066805500 0.000000000
JJ:/crc/crr: 0.000000000 0.950847148 0.049152852
JJ:/crc/r: 0.833323291 0.112298350 0.054378358
JJ:/crrc/c: 0.900631074 0.099368926 0.000000000
JJ:/crrc/crr: 0.000000000 0.944154432 0.055845568
JJ:/crrc/r: 0.794930934 0.157451594 0.047617472
JJ:/rc/c: 0.933042847 0.066957153 0.000000000
JJ:/rc/crr: 0.000000000 0.954613908 0.045386092
JJ:/rc/r: 0.926720731 0.046605185 0.026674084
JJ:/rrc/c: 0.915166691 0.084833309 0.000000000
JJ:/rrc/crr: 0.000000000 0.957073249 0.042926751
JJ:/rrc/r: 0.879576139 0.082200051 0.038223810
JK:/cc/c: 0.148446566 0.851553434 0.000000000
JK:/cc/crr: 0.000000000 0.287547756 0.712452244
JK:/cc/r: 0.095474510 0.087605100 0.816920390
JK:/crc/c: 0.197041661 0.802958339 0.000000000
JK:/crc/crr: 0.000000000 0.285496509 0.714503491
JK:/crc/r: 0.214026768 0.094523010 0.691450222
JK:/crrc/c: 0.261718472 0.738281528 0.000000000
JK:/crrc/crr: 0.000000000 0.409743813 0.590256187
JK:/crrc/r: 0.296070418 0.136126590 0.567802993
JK:/rc/c: 0.217550125 0.782449875 0.000000000
JK:/rc/crr: 0.000000000 0.358188014 0.641811986
JK:/rc/r: 0.150670152 0.088911883 0.760417965
JK:/rrc/c: 0.318632612 0.681367388 0.000000000
JK:/rrc/crr: 0.000000000 0.404708338 0.595291662
JK:/rrc/r: 0.207164412 0.130788256 0.662047333
JQ:/cc/c: 0.172861109 0.827138891 0.000000000
JQ:/cc/crr: 0.000000000 0.485911307 0.514088693
JQ:/cc/r: 0.102487553 0.059142636 0.838369811
JQ:/crc/c: 0.240529304 0.759470696 0.000000000
JQ:/crc/crr: 0.000000000 0.422982117 0.577017883
JQ:/crc/r: 0.147304427 0.129672924 0.723022649
JQ:/crrc/c: 0.258744384 0.741255616 0.000000000
JQ:/crrc/crr: 0.000000000 0.293007888 0.706992112
JQ:/crrc/r: 0.256374534 0.109018801 0.634606665
JQ:/rc/c: 0.160056939 0.839943061 0.000000000
JQ:/rc/crr: 0.000000000 0.244374871 0.755625129
JQ:/rc/r: 0.165825147 0.121568535 0.712606318
JQ:/rrc/c: 0.253679768 0.746320232 0.000000000
JQ:/rrc/crr: 0.000000000 0.310092641 0.689907359
JQ:/rrc/r: 0.206085847 0.110114109 0.683800044
K:/c: 0.915862049 0.084137951 0.000000000
K:/crr: 0.000000000 0.987430786 0.012569214
K:/r: 0.785731211 0.205574863 0.008693926
KJ:/cc/c: 0.751547277 0.248452723 0.000000000
KJ:/cc/crr: 0.000000000 0.894718924 0.105281076
KJ:/cc/r: 0.342435728 0.426914381 0.230649891
KJ:/crc/c: 0.805261798 0.194738202 0.000000000
KJ:/crc/crr: 0.000000000 0.890410655 0.109589345
KJ:/crc/r: 0.562511798 0.325272885 0.112215317
KJ:/crrc/c: 0.759352429 0.240647571 0.000000000
KJ:/crrc/crr: 0.000000000 0.903831166 0.096168834
KJ:/crrc/r: 0.595845461 0.316165280 0.087989259
KJ:/rc/c: 0.718271222 0.281728778 0.000000000
KJ:/rc/crr: 0.000000000 0.892200913 0.107799087
KJ:/rc/r: 0.598859030 0.298292731 0.102848239
KJ:/rrc/c: 0.728454980 0.271545020 0.000000000
KJ:/rrc/crr: 0.000000000 0.931782732 0.068217268
KJ:/rrc/r: 0.596174260 0.310434742 0.093390998
KK:/cc/c: 0.958310422 0.041689578 0.000000000
KK:/cc/crr: 0.000000000 0.965695484 0.034304516
KK:/cc/r: 0.918223676 0.048478280 0.033298044
KK:/crc/c: 0.973098558 0.026901442 0.000000000
KK:/crc/crr: 0.000000000 0.972140350 0.027859650
KK:/crc/r: 0.908481107 0.059925262 0.031593631
KK:/crrc/c: 0.946017434 0.053982566 0.000000000
KK:/crrc/crr: 0.000000000 0.965240576 0.034759424
KK:/crrc/r: 0.904666804 0.066283233 0.029049963
KK:/rc/c: 0.925303826 0.074696174 0.000000000
KK:/rc/crr: 0.000000000 0.954629206 0.045370794
KK:/rc/r: 0.888732956 0.070724151 0.040542893
KK:/rrc/c: 0.949551630 0.050448370 0.000000000
KK:/rrc/crr: 0.000000000 0.975203686 0.024796314
KK:/rrc/r: 0.882606833 0.085392070 0.032001098
KQ:/cc/c: 0.726050983 0.273949017 0.000000000
KQ:/cc/crr: 0.000000000 0.857639580 0.142360420
KQ:/cc/r: 0.393549482 0.420921946 0.185528573
KQ:/crc/c: 0.507291814 0.492708186 0.000000000
KQ:/crc/crr: 0.000000000 0.859771097 0.140228903
KQ:/crc/r: 0.243801606 0.416880447 0.339317948
KQ:/crrc/c: 0.642960877 0.357039123 0.000000000
KQ:/crrc/crr: 0.000000000 0.909799844 0.090200156
KQ:/crrc/r: 0.489509452 0.395926029 0.114564519
KQ:/rc/c: 0.574089508 0.425910492 0.000000000
KQ:/rc/crr: 0.000000000 0.853861712 0.146138288
KQ:/rc/r: 0.534382960 0.360160296 0.105456744
KQ:/rrc/c: 0.600419359 0.399580641 0.000000000
KQ:/rrc/crr: 0.000000000 0.918320973 0.081679027
KQ:/rrc/r: 0.565969129 0.339718691 0.094312181
Q:/c: 0.149029753 0.850970247 0.000000000
Q:/crr: 0.000000000 0.950531670 0.049468330
Q:/r: 0.099578378 0.431879961 0.468541661
QJ:/cc/c: 0.180157096 0.819842904 0.000000000
QJ:/cc/crr: 0.000000000 0.289199835 0.710800165
QJ:/cc/r: 0.098833843 0.063208029 0.837958127
QJ:/crc/c: 0.533039743 0.466960257 0.000000000
QJ:/crc/crr: 0.000000000 0.656871500 0.343128500
QJ:/crc/r: 0.470321172 0.207577294 0.322101534
QJ:/crrc/c: 0.317884514 0.682115486 0.000000000
QJ:/crrc/crr: 0.000000000 0.481943709 0.518056291
QJ:/crrc/r: 0.370777885 0.189878708 0.439343407
QJ:/rc/c: 0.179048728 0.820951272 0.000000000
QJ:/rc/crr: 0.000000000 0.297632349 0.702367651
QJ:/rc/r: 0.123521984 0.098972315 0.777505701
QJ:/rrc/c: 0.243949509 0.756050491 0.000000000
QJ:/rrc/crr: 0.000000000 0.414509447 0.585490553
QJ:/rrc/r: 0.161137629 0.124155488 0.714706883
QK:/cc/c: 0.833841622 0.166158378 0.000000000
QK:/cc/crr: 0.000000000 0.889194873 0.110805127
QK:/cc/r: 0.591664803 0.314453354 0.093881843
QK:/crc/c: 0.591188426 0.408811574 0.000000000
QK:/crc/crr: 0.000000000 0.819369033 0.180630967
QK:/crc/r: 0.515847416 0.341456763 0.142695820
QK:/crrc/c: 0.573345579 0.426654421 0.000000000
QK:/crrc/crr: 0.000000000 0.854506790 0.145493210
QK:/crrc/r: 0.478446787 0.391249196 0.130304018
QK:/rc/c: 0.521237328 0.478762672 0.000000000
QK:/rc/crr: 0.000000000 0.857056279 0.142943721
QK:/rc/r: 0.194333115 0.373514625 0.432152260
QK:/rrc/c: 0.452424894 0.547575106 0.000000000
QK:/rrc/crr: 0.000000000 0.801613585 0.198386415
QK:/rrc/r: 0.249770665 0.330199227 0.420030109
QQ:/cc/c: 0.977717320 0.022282680 0.000000000
QQ:/cc/crr: 0.000000000 0.981751802 0.018248198
QQ:/cc/r: 0.930405053 0.042044350 0.027550597
QQ:/crc/c: 0.868808507 0.131191493 0.000000000
QQ:/crc/crr: 0.000000000 0.884137795 0.115862205
QQ:/crc/r: 0.743652586 0.168499088 0.087848327
QQ:/crrc/c: 0.892703790 0.107296210 0.000000000
QQ:/crrc/crr: 0.000000000 0.925162143 0.074837857
QQ:/crrc/r: 0.814235225 0.129525565 0.056239210
QQ:/rc/c: 0.964100130 0.035899870 0.000000000
QQ:/rc/crr: 0.000000000 0.973893225 0.026106775
QQ:/rc/r: 0.943435802 0.036597025 0.019967173
QQ:/rrc/c: 0.951912100 0.048087900 0.000000000
QQ:/rrc/crr: 0.000000000 0.971160095 0.028839905
QQ:/rrc/r: 0.928084406 0.049028634 0.022886959
