J:/c: 0.317043924 0.682956076 0.000000000
J:/crr: 0.000000000 0.624104901 0.375895099
J:/r: 0.496440781 0.211803063 0.291756157
JJ:/cc/c: 0.541825281 0.458174719 0.000000000
JJ:/cc/crr: 0.000000000 0.476170459 0.523829541
JJ:/cc/r: 0.326643017 0.330140936 0.343216047
JJ:/crc/c: 0.567130699 0.432869301 0.000000000
JJ:/crc/crr: 0.000000000 0.597566311 0.402433689
JJ:/crc/r: 0.395587483 0.409601910 0.194810607
JJ:/crrc/c: 0.681504996 0.318495004 0.000000000
JJ:/crrc/crr: 0.000000000 0.505454332 0.494545668
JJ:/crrc/r: 0.459151035 0.283531020 0.257317945
JJ:/rc/c: 0.413824353 0.586175647 0.000000000
JJ:/rc/crr: 0.000000000 0.561682675 0.438317325
JJ:/rc/r: 0.350731262 0.386654729 0.262614008
JJ:/rrc/c: 0.459828201 0.540171799 0.000000000
JJ:/rrc/crr: 0.000000000 0.376074289 0.623925711
JJ:/rrc/r: 0.330670788 0.319948335 0.349380876
JK:/cc/c: 0.337221038 0.662778962 0.000000000
JK:/cc/crr: 0.000000000 0.534539776 0.465460224
JK:/cc/r: 0.348603138 0.327164033 0.324232828
JK:/crc/c: 0.430689082 0.569310918 0.000000000
JK:/crc/crr: 0.000000000 0.561820825 0.438179175
JK:/crc/r: 0.311931786 0.344198477 0.343869737
JK:/crrc/c: 0.411941550 0.588058450 0.000000000
JK:/crrc/crr: 0.000000000 0.647030953 0.352969047
JK:/crrc/r: 0.204642869 0.391332675 0.404024456
JK:/rc/c: 0.407424302 0.592575698 0.000000000
JK:/rc/crr: 0.000000000 0.466127614 0.533872386
JK:/rc/r: 0.364059154 0.288044871 0.347895975
JK:/rrc/c: 0.508363703 0.491636297 0.000000000
JK:/rrc/crr: 0.000000000 0.564590365 0.435409635
JK:/rrc/r: 0.428857656 0.305896402 0.265245943
JQ:/cc/c: 0.393225747 0.606774253 0.000000000
JQ:/cc/crr: 0.000000000 0.614456527 0.385543473
JQ:/cc/r: 0.343076403 0.314818737 0.342104860
JQ:/crc/c: 0.489288021 0.510711979 0.000000000
JQ:/crc/crr: 0.000000000 0.666277533 0.333722467
JQ:/crc/r: 0.322281342 0.309210651 0.368508007
JQ:/crrc/c: 0.502052522 0.497947478 0.000000000
JQ:/crrc/crr: 0.000000000 0.473008100 0.526991900
JQ:/crrc/r: 0.346134914 0.401965752 0.251899334
JQ:/rc/c: 0.447123550 0.552876450 0.000000000
JQ:/rc/crr: 0.000000000 0.642262642 0.357737358
JQ:/rc/r: 0.362110020 0.314144630 0.323745350
JQ:/rrc/c: 0.482871124 0.517128876 0.000000000
JQ:/rrc/crr: 0.000000000 0.385404435 0.614595565
JQ:/rrc/r: 0.351869108 0.316164468 0.331966423
K:/c: 0.284120212 0.715879788 0.000000000
K:/crr: 0.000000000 0.693952903 0.306047097
K:/r: 0.579932213 0.270182915 0.149884872
KJ:/cc/c: 0.552872861 0.447127139 0.000000000
KJ:/cc/crr: 0.000000000 0.569415646 0.430584354
KJ:/cc/r: 0.442548755 0.304388301 0.253062944
KJ:/crc/c: 0.561588515 0.438411485 0.000000000
KJ:/crc/crr: 0.000000000 0.526029554 0.473970446
KJ:/crc/r: 0.399111136 0.290590918 0.310297946
KJ:/crrc/c: 0.477765422 0.522234578 0.000000000
KJ:/crrc/crr: 0.000000000 0.592912263 0.407087737
KJ:/crrc/r: 0.325839447 0.368836097 0.305324456
KJ:/rc/c: 0.487200382 0.512799618 0.000000000
KJ:/rc/crr: 0.000000000 0.516161822 0.483838178
KJ:/rc/r: 0.340540230 0.314813740 0.344646030
KJ:/rrc/c: 0.513504088 0.486495912 0.000000000
KJ:/rrc/crr: 0.000000000 0.443024276 0.556975724
KJ:/rrc/r: 0.423863793 0.326409375 0.249726832
KK:/cc/c: 0.533127542 0.466872458 0.000000000
KK:/cc/crr: 0.000000000 0.531315704 0.468684296
KK:/cc/r: 0.382012747 0.315865559 0.302121694
KK:/crc/c: 0.599586199 0.400413801 0.000000000
KK:/crc/crr: 0.000000000 0.638750462 0.361249538
KK:/crc/r: 0.370578609 0.151135515 0.478285876
KK:/crrc/c: 0.380664369 0.619335631 0.000000000
KK:/crrc/crr: 0.000000000 0.726017969 0.273982031
KK:/crrc/r: 0.260959282 0.231848452 0.507192267
KK:/rc/c: 0.490464665 0.509535335 0.000000000
KK:/rc/crr: 0.000000000 0.738270787 0.261729213
KK:/rc/r: 0.380122692 0.265465480 0.354411828
KK:/rrc/c: 0.345685326 0.654314674 0.000000000
KK:/rrc/crr: 0.000000000 0.626769066 0.373230934
KK:/rrc/r: 0.241338877 0.450565042 0.308096082
KQ:/cc/c: 0.509260094 0.490739906 0.000000000
KQ:/cc/crr: 0.000000000 0.460388453 0.539611547
KQ:/cc/r: 0.424277420 0.266861981 0.308860600
KQ:/crc/c: 0.579435321 0.420564679 0.000000000
KQ:/crc/crr: 0.000000000 0.239214712 0.760785288
KQ:/crc/r: 0.395201190 0.344591414 0.260207396
KQ:/crrc/c: 0.559412994 0.440587006 0.000000000
KQ:/crrc/crr: 0.000000000 0.789323661 0.210676339
KQ:/crrc/r: 0.467803457 0.284834093 0.247362450
KQ:/rc/c: 0.457102657 0.542897343 0.000000000
KQ:/rc/crr: 0.000000000 0.516688874 0.483311126
KQ:/rc/r: 0.366150140 0.322638698 0.311211162
KQ:/rrc/c: 0.467354028 0.532645972 0.000000000
KQ:/rrc/crr: 0.000000000 0.452166817 0.547833183
KQ:/rrc/r: 0.395786084 0.338243662 0.265970254
Q:/c: 0.341304633 0.658695367 0.000000000
Q:/crr: 0.000000000 0.687582670 0.312417330
Q:/r: 0.584827379 0.230594084 0.184578537
QJ:/cc/c: 0.398673205 0.601326795 0.000000000
QJ:/cc/crr: 0.000000000 0.383937558 0.616062442
QJ:/cc/r: 0.434498071 0.287845938 0.277655992
QJ:/crc/c: 0.535910559 0.464089441 0.000000000
QJ:/crc/crr: 0.000000000 0.637970113 0.362029887
QJ:/crc/r: 0.324093046 0.338347477 0.337559477
QJ:/crrc/c: 0.409391032 0.590608968 0.000000000
QJ:/crrc/crr: 0.000000000 0.766443507 0.233556493
QJ:/crrc/r: 0.293397909 0.342842660 0.363759431
QJ:/rc/c: 0.497876374 0.502123626 0.000000000
QJ:/rc/crr: 0.000000000 0.418716371 0.581283629
QJ:/rc/r: 0.305586831 0.337947711 0.356465458
QJ:/rrc/c: 0.456659973 0.543340027 0.000000000
QJ:/rrc/crr: 0.000000000 0.339973082 0.660026918
QJ:/rrc/r: 0.369466430 0.327716826 0.302816744
QK:/cc/c: 0.533463412 0.466536588 0.000000000
QK:/cc/crr: 0.000000000 0.593227159 0.406772841
QK:/cc/r: 0.383847660 0.294499885 0.321652455
QK:/crc/c: 0.484671988 0.515328012 0.000000000
QK:/crc/crr: 0.000000000 0.686002093 0.313997907
QK:/crc/r: 0.242076114 0.357471129 0.400452757
QK:/crrc/c: 0.483120852 0.516879148 0.000000000
QK:/crrc/crr: 0.000000000 0.518038917 0.481961083
QK:/crrc/r: 0.388509994 0.325494272 0.285995733
QK:/rc/c: 0.437114588 0.562885412 0.000000000
QK:/rc/crr: 0.000000000 0.690090775 0.309909225
QK:/rc/r: 0.268749585 0.410309887 0.320940528
QK:/rrc/c: 0.538685822 0.461314178 0.000000000
QK:/rrc/crr: 0.000000000 0.366559958 0.633440042
QK:/rrc/r: 0.336526424 0.360162248 0.303311329
QQ:/cc/c: 0.588760312 0.411239688 0.000000000
QQ:/cc/crr: 0.000000000 0.410568336 0.589431664
QQ:/cc/r: 0.312844262 0.418430652 0.268725086
QQ:/crc/c: 0.504407061 0.495592939 0.000000000
QQ:/crc/crr: 0.000000000 0.757791790 0.242208210
QQ:/crc/r: 0.223540056 0.501628247 0.274831697
QQ:/crrc/c: 0.493790975 0.506209025 0.000000000
QQ:/crrc/crr: 0.000000000 0.423179694 0.576820306
QQ:/crrc/r: 0.436092778 0.229319719 0.334587503
QQ:/rc/c: 0.413778022 0.586221978 0.000000000
QQ:/rc/crr: 0.000000000 0.439710550 0.560289450
QQ:/rc/r: 0.225471840 0.251830534 0.522697626
QQ:/rrc/c: 0.397845856 0.602154144 0.000000000
QQ:/rrc/crr: 0.000000000 0.456726573 0.543273427
QQ:/rrc/r: 0.204207973 0.506836821 0.288955207
