J:/c: 0.189795767 0.810204233 0.000000000
J:/crr: 0.000000000 0.735362172 0.264637828
J:/r: 0.130012582 0.089185078 0.780802340
JJ:/cc/c: 0.871708924 0.128291076 0.000000000
JJ:/cc/crr: 0.000000000 0.884645530 0.115354470
JJ:/cc/r: 0.653917623 0.199185718 0.146896660
JJ:/crc/c: 0.586338185 0.413661815 0.000000000
JJ:/crc/crr: 0.000000000 0.525288277 0.474711723
JJ:/crc/r: 0.372765936 0.339816707 0.287417357
JJ:/crrc/c: 0.522189940 0.477810060 0.000000000
JJ:/crrc/crr: 0.000000000 0.485720728 0.514279272
JJ:/crrc/r: 0.329453403 0.397352534 0.273194063
JJ:/rc/c: 0.559021334 0.440978666 0.000000000
JJ:/rc/crr: 0.000000000 0.502423848 0.497576152
JJ:/rc/r: 0.466801499 0.347192086 0.186006415
JJ:/rrc/c: 0.512495284 0.487504716 0.000000000
JJ:/rrc/crr: 0.000000000 0.557288849 0.442711151
JJ:/rrc/r: 0.632511530 0.238484776 0.129003693
JK:/cc/c: 0.205046415 0.794953585 0.000000000
JK:/cc/crr: 0.000000000 0.448963292 0.551036708
JK:/cc/r: 0.226309247 0.182433050 0.591257703
JK:/crc/c: 0.385078750 0.614921250 0.000000000
JK:/crc/crr: 0.000000000 0.372594628 0.627405372
JK:/crc/r: 0.362203048 0.309190175 0.328606776
JK:/crrc/c: 0.432793012 0.567206988 0.000000000
JK:/crrc/crr: 0.000000000 0.521497313 0.478502687
JK:/crrc/r: 0.464003593 0.221347454 0.314648954
JK:/rc/c: 0.324230852 0.675769148 0.000000000
JK:/rc/crr: 0.000000000 0.482308567 0.517691433
JK:/rc/r: 0.330004674 0.215956605 0.454038721
JK:/rrc/c: 0.418600623 0.581399377 0.000000000
JK:/rrc/crr: 0.000000000 0.464506915 0.535493085
JK:/rrc/r: 0.352859025 0.200742718 0.446398257
JQ:/cc/c: 0.269622456 0.730377544 0.000000000
JQ:/cc/crr: 0.000000000 0.541632307 0.458367693
JQ:/cc/r: 0.210779579 0.183055766 0.606164655
JQ:/crc/c: 0.387173929 0.612826071 0.000000000
JQ:/crc/crr: 0.000000000 0.417094424 0.582905576
JQ:/crc/r: 0.353347033 0.248443024 0.398209943
JQ:/crrc/c: 0.503599921 0.496400079 0.000000000
JQ:/crrc/crr: 0.000000000 0.469809401 0.530190599
JQ:/crrc/r: 0.384823593 0.298143573 0.317032834
JQ:/rc/c: 0.322745287 0.677254713 0.000000000
JQ:/rc/crr: 0.000000000 0.427049347 0.572950653
JQ:/rc/r: 0.388233875 0.231117931 0.380648194
JQ:/rrc/c: 0.402963373 0.597036627 0.000000000
JQ:/rrc/crr: 0.000000000 0.360775499 0.639224501
JQ:/rrc/r: 0.320644010 0.203000507 0.476355483
K:/c: 0.784204694 0.215795306 0.000000000
K:/crr: 0.000000000 0.933405840 0.066594160
K:/r: 0.774758022 0.174682152 0.050559827
KJ:/cc/c: 0.717802443 0.282197557 0.000000000
KJ:/cc/crr: 0.000000000 0.786111782 0.213888218
KJ:/cc/r: 0.495499491 0.289721964 0.214778545
KJ:/crc/c: 0.586902959 0.413097041 0.000000000
KJ:/crc/crr: 0.000000000 0.722230706 0.277769294
KJ:/crc/r: 0.519791881 0.312794578 0.167413541
KJ:/crrc/c: 0.694429428 0.305570572 0.000000000
KJ:/crrc/crr: 0.000000000 0.808610993 0.191389007
KJ:/crrc/r: 0.588168005 0.258561533 0.153270461
KJ:/rc/c: 0.590407997 0.409592003 0.000000000
KJ:/rc/crr: 0.000000000 0.780895154 0.219104846
KJ:/rc/r: 0.541536368 0.247335887 0.211127746
KJ:/rrc/c: 0.686182260 0.313817740 0.000000000
KJ:/rrc/crr: 0.000000000 0.817266298 0.182733702
KJ:/rrc/r: 0.609603284 0.253083406 0.137313310
KK:/cc/c: 0.805530515 0.194469485 0.000000000
KK:/cc/crr: 0.000000000 0.824984583 0.175015417
KK:/cc/r: 0.690556953 0.176585957 0.132857090
KK:/crc/c: 0.561724743 0.438275257 0.000000000
KK:/crc/crr: 0.000000000 0.582843935 0.417156065
KK:/crc/r: 0.427438783 0.376412336 0.196148881
KK:/crrc/c: 0.633646945 0.366353055 0.000000000
KK:/crrc/crr: 0.000000000 0.768069275 0.231930725
KK:/crrc/r: 0.556132353 0.308865207 0.135002439
KK:/rc/c: 0.579287505 0.420712495 0.000000000
KK:/rc/crr: 0.000000000 0.478518371 0.521481629
KK:/rc/r: 0.408941375 0.361417954 0.229640671
KK:/rrc/c: 0.634029813 0.365970187 0.000000000
KK:/rrc/crr: 0.000000000 0.756104483 0.243895517
KK:/rrc/r: 0.615582988 0.268231042 0.116185970
KQ:/cc/c: 0.665966419 0.334033581 0.000000000
KQ:/cc/crr: 0.000000000 0.781154781 0.218845219
KQ:/cc/r: 0.519679840 0.238312389 0.242007770
KQ:/crc/c: 0.547865336 0.452134664 0.000000000
KQ:/crc/crr: 0.000000000 0.639694178 0.360305822
KQ:/crc/r: 0.507681500 0.298995666 0.193322834
KQ:/crrc/c: 0.623612595 0.376387405 0.000000000
KQ:/crrc/crr: 0.000000000 0.808145459 0.191854541
KQ:/crrc/r: 0.596343540 0.237095624 0.166560836
KQ:/rc/c: 0.454882200 0.545117800 0.000000000
KQ:/rc/crr: 0.000000000 0.668994075 0.331005925
KQ:/rc/r: 0.512618698 0.258306219 0.229075082
KQ:/rrc/c: 0.473036515 0.526963485 0.000000000
KQ:/rrc/crr: 0.000000000 0.788524120 0.211475880
KQ:/rrc/r: 0.614852348 0.240404983 0.144742668
Q:/c: 0.420558450 0.579441550 0.000000000
Q:/crr: 0.000000000 0.891255655 0.108744345
Q:/r: 0.222053756 0.368832444 0.409113800
QJ:/cc/c: 0.260577767 0.739422233 0.000000000
QJ:/cc/crr: 0.000000000 0.418013108 0.581986892
QJ:/cc/r: 0.296784954 0.192362098 0.510852948
QJ:/crc/c: 0.438990660 0.561009340 0.000000000
QJ:/crc/crr: 0.000000000 0.528598427 0.471401573
QJ:/crc/r: 0.482189615 0.212254485 0.305555901
QJ:/crrc/c: 0.410070595 0.589929405 0.000000000
QJ:/crrc/crr: 0.000000000 0.603846191 0.396153809
QJ:/crrc/r: 0.510881748 0.237922175 0.251196077
QJ:/rc/c: 0.253365751 0.746634249 0.000000000
QJ:/rc/crr: 0.000000000 0.440992641 0.559007359
QJ:/rc/r: 0.279804279 0.222489045 0.497706676
QJ:/rrc/c: 0.447838472 0.552161528 0.000000000
QJ:/rrc/crr: 0.000000000 0.490987280 0.509012720
QJ:/rrc/r: 0.303272966 0.201225977 0.495501058
QK:/cc/c: 0.697459637 0.302540363 0.000000000
QK:/cc/crr: 0.000000000 0.855768970 0.144231030
QK:/cc/r: 0.530065302 0.251452684 0.218482015
QK:/crc/c: 0.510500605 0.489499395 0.000000000
QK:/crc/crr: 0.000000000 0.439007588 0.560992412
QK:/crc/r: 0.455844894 0.311934894 0.232220212
QK:/crrc/c: 0.584970073 0.415029927 0.000000000
QK:/crrc/crr: 0.000000000 0.785658897 0.214341103
QK:/crrc/r: 0.551390437 0.277205001 0.171404561
QK:/rc/c: 0.515997284 0.484002716 0.000000000
QK:/rc/crr: 0.000000000 0.708044167 0.291955833
QK:/rc/r: 0.452615478 0.305222663 0.242161858
QK:/rrc/c: 0.468822985 0.531177015 0.000000000
QK:/rrc/crr: 0.000000000 0.631721380 0.368278620
QK:/rrc/r: 0.546158772 0.270586403 0.183254825
QQ:/cc/c: 0.835834558 0.164165442 0.000000000
QQ:/cc/crr: 0.000000000 0.880423980 0.119576020
QQ:/cc/r: 0.689958123 0.188036198 0.122005678
QQ:/crc/c: 0.513677588 0.486322412 0.000000000
QQ:/crc/crr: 0.000000000 0.361745367 0.638254633
QQ:/crc/r: 0.382161517 0.370717707 0.247120776
QQ:/crrc/c: 0.531002699 0.468997301 0.000000000
QQ:/crrc/crr: 0.000000000 0.529782376 0.470217624
QQ:/crrc/r: 0.479530677 0.331351034 0.189118289
QQ:/rc/c: 0.722127474 0.277872526 0.000000000
QQ:/rc/crr: 0.000000000 0.735054749 0.264945251
QQ:/rc/r: 0.605653088 0.243561364 0.150785549
QQ:/rrc/c: 0.525665981 0.474334019 0.000000000
QQ:/rrc/crr: 0.000000000 0.653898442 0.346101558
QQ:/rrc/r: 0.575287393 0.281481225 0.143231382
