J:/c: 0.203980622 0.796019378 0.000000000
J:/crr: 0.000000000 0.715470199 0.284529801
J:/r: 0.117446669 0.082584694 0.799968637
JJ:/cc/c: 0.884173254 0.115826746 0.000000000
JJ:/cc/crr: 0.000000000 0.898514134 0.101485866
JJ:/cc/r: 0.679010302 0.184743771 0.136245927
JJ:/crc/c: 0.589299246 0.410700754 0.000000000
JJ:/crc/crr: 0.000000000 0.401192548 0.598807452
JJ:/crc/r: 0.351121439 0.345798207 0.303080354
JJ:/crrc/c: 0.525347857 0.474652143 0.000000000
JJ:/crrc/crr: 0.000000000 0.416184890 0.583815110
JJ:/crrc/r: 0.367252638 0.378570318 0.254177044
JJ:/rc/c: 0.570286630 0.429713370 0.000000000
JJ:/rc/crr: 0.000000000 0.531482849 0.468517151
JJ:/rc/r: 0.503619965 0.324511109 0.171868926
JJ:/rrc/c: 0.515877078 0.484122922 0.000000000
JJ:/rrc/crr: 0.000000000 0.598808671 0.401191329
JJ:/rrc/r: 0.652824164 0.225302720 0.121873117
JK:/cc/c: 0.198734649 0.801265351 0.000000000
JK:/cc/crr: 0.000000000 0.442156947 0.557843053
JK:/cc/r: 0.212660852 0.171430768 0.615908380
JK:/crc/c: 0.369772165 0.630227835 0.000000000
JK:/crc/crr: 0.000000000 0.359710783 0.640289217
JK:/crc/r: 0.360400546 0.305062959 0.334536495
JK:/crrc/c: 0.424382570 0.575617430 0.000000000
JK:/crrc/crr: 0.000000000 0.511450649 0.488549351
JK:/crrc/r: 0.467596050 0.219167806 0.313236144
JK:/rc/c: 0.317065671 0.682934329 0.000000000
JK:/rc/crr: 0.000000000 0.472455122 0.527544878
JK:/rc/r: 0.316627100 0.207202257 0.476170643
JK:/rrc/c: 0.409281364 0.590718636 0.000000000
JK:/rrc/crr: 0.000000000 0.455001241 0.544998759
JK:/rrc/r: 0.339396498 0.193083840 0.467519662
JQ:/cc/c: 0.262160608 0.737839392 0.000000000
JQ:/cc/crr: 0.000000000 0.543902700 0.456097300
JQ:/cc/r: 0.198501023 0.172392207 0.629106771
JQ:/crc/c: 0.379189823 0.620810177 0.000000000
JQ:/crc/crr: 0.000000000 0.415094509 0.584905491
JQ:/crc/r: 0.355882723 0.245363359 0.398753918
JQ:/crrc/c: 0.482562483 0.517437517 0.000000000
JQ:/crrc/crr: 0.000000000 0.483655708 0.516344292
JQ:/crrc/r: 0.392017562 0.292907665 0.315074773
JQ:/rc/c: 0.311305238 0.688694762 0.000000000
JQ:/rc/crr: 0.000000000 0.415612117 0.584387883
JQ:/rc/r: 0.378965331 0.225570632 0.395464037
JQ:/rrc/c: 0.394144892 0.605855108 0.000000000
JQ:/rrc/crr: 0.000000000 0.351120237 0.648879763
JQ:/rrc/r: 0.310141432 0.196351300 0.493507268
K:/c: 0.785972159 0.214027841 0.000000000
K:/crr: 0.000000000 0.938856887 0.061143113
K:/r: 0.779234131 0.175421145 0.045344724
KJ:/cc/c: 0.725773359 0.274226641 0.000000000
KJ:/cc/crr: 0.000000000 0.793469293 0.206530707
KJ:/cc/r: 0.491997620 0.293305862 0.214696518
KJ:/crc/c: 0.611270701 0.388729299 0.000000000
KJ:/crc/crr: 0.000000000 0.755217914 0.244782086
KJ:/crc/r: 0.534650412 0.304735755 0.160613833
KJ:/crrc/c: 0.715558357 0.284441643 0.000000000
KJ:/crrc/crr: 0.000000000 0.825508268 0.174491732
KJ:/crrc/r: 0.596191011 0.257931235 0.145877754
KJ:/rc/c: 0.610490705 0.389509295 0.000000000
KJ:/rc/crr: 0.000000000 0.800302315 0.199697685
KJ:/rc/r: 0.553427184 0.243037709 0.203535106
KJ:/rrc/c: 0.710156075 0.289843925 0.000000000
KJ:/rrc/crr: 0.000000000 0.831547246 0.168452754
KJ:/rrc/r: 0.619816213 0.248541568 0.131642220
KK:/cc/c: 0.816195514 0.183804486 0.000000000
KK:/cc/crr: 0.000000000 0.837331821 0.162668179
KK:/cc/r: 0.707943819 0.166664014 0.125392168
KK:/crc/c: 0.584169314 0.415830686 0.000000000
KK:/crc/crr: 0.000000000 0.670510593 0.329489407
KK:/crc/r: 0.462051697 0.358562355 0.179385948
KK:/crrc/c: 0.682084733 0.317915267 0.000000000
KK:/crrc/crr: 0.000000000 0.819623055 0.180376945
KK:/crrc/r: 0.580805756 0.294303186 0.124891057
KK:/rc/c: 0.590033751 0.409966249 0.000000000
KK:/rc/crr: 0.000000000 0.460154237 0.539845763
KK:/rc/r: 0.434043056 0.351450865 0.214506079
KK:/rrc/c: 0.677973826 0.322026174 0.000000000
KK:/rrc/crr: 0.000000000 0.804952198 0.195047802
KK:/rrc/r: 0.649870013 0.244306907 0.105823080
KQ:/cc/c: 0.675599235 0.324400765 0.000000000
KQ:/cc/crr: 0.000000000 0.790047927 0.209952073
KQ:/cc/r: 0.521991481 0.239349186 0.238659333
KQ:/crc/c: 0.555903649 0.444096351 0.000000000
KQ:/crc/crr: 0.000000000 0.670294335 0.329705665
KQ:/crc/r: 0.519141071 0.292520273 0.188338656
KQ:/crrc/c: 0.631507316 0.368492684 0.000000000
KQ:/crrc/crr: 0.000000000 0.821154632 0.178845368
KQ:/crrc/r: 0.598466809 0.241063028 0.160470162
KQ:/rc/c: 0.457325122 0.542674878 0.000000000
KQ:/rc/crr: 0.000000000 0.696527178 0.303472822
KQ:/rc/r: 0.524136156 0.252396243 0.223467601
KQ:/rrc/c: 0.488994665 0.511005335 0.000000000
KQ:/rrc/crr: 0.000000000 0.806783692 0.193216308
KQ:/rrc/r: 0.615560714 0.245891456 0.138547831
Q:/c: 0.402765287 0.597234713 0.000000000
Q:/crr: 0.000000000 0.896881832 0.103118168
Q:/r: 0.208622483 0.381819255 0.409558262
QJ:/cc/c: 0.252917495 0.747082505 0.000000000
QJ:/cc/crr: 0.000000000 0.415914581 0.584085419
QJ:/cc/r: 0.280877498 0.182051631 0.537070872
QJ:/crc/c: 0.429007112 0.570992888 0.000000000
QJ:/crc/crr: 0.000000000 0.529494231 0.470505769
QJ:/crc/r: 0.491462819 0.208239493 0.300297688
QJ:/crrc/c: 0.400254651 0.599745349 0.000000000
QJ:/crrc/crr: 0.000000000 0.610654862 0.389345138
QJ:/crrc/r: 0.509860427 0.233532815 0.256606758
QJ:/rc/c: 0.241584656 0.758415344 0.000000000
QJ:/rc/crr: 0.000000000 0.435765531 0.564234469
QJ:/rc/r: 0.264128996 0.210024694 0.525846309
QJ:/rrc/c: 0.441158563 0.558841437 0.000000000
QJ:/rrc/crr: 0.000000000 0.490747127 0.509252873
QJ:/rrc/r: 0.293511962 0.194749410 0.511738627
QK:/cc/c: 0.707629919 0.292370081 0.000000000
QK:/cc/crr: 0.000000000 0.863388765 0.136611235
QK:/cc/r: 0.536555314 0.251167651 0.212277035
QK:/crc/c: 0.505845847 0.494154153 0.000000000
QK:/crc/crr: 0.000000000 0.501251984 0.498748016
QK:/crc/r: 0.465491085 0.307773388 0.226735527
QK:/crrc/c: 0.596081088 0.403918912 0.000000000
QK:/crrc/crr: 0.000000000 0.801587270 0.198412730
QK:/crrc/r: 0.562507095 0.270576798 0.166916107
QK:/rc/c: 0.532631911 0.467368089 0.000000000
QK:/rc/crr: 0.000000000 0.728859907 0.271140093
QK:/rc/r: 0.453649666 0.308369018 0.237981317
QK:/rrc/c: 0.463032510 0.536967490 0.000000000
QK:/rrc/crr: 0.000000000 0.646173923 0.353826077
QK:/rrc/r: 0.550485887 0.268796896 0.180717217
QQ:/cc/c: 0.849982028 0.150017972 0.000000000
QQ:/cc/crr: 0.000000000 0.894225523 0.105774477
QQ:/cc/r: 0.711263460 0.175114800 0.113621740
QQ:/crc/c: 0.518460940 0.481539060 0.000000000
QQ:/crc/crr: 0.000000000 0.350115565 0.649884435
QQ:/crc/r: 0.405916579 0.356464108 0.237619313
QQ:/crrc/c: 0.527600991 0.472399009 0.000000000
QQ:/crrc/crr: 0.000000000 0.530842484 0.469157516
QQ:/crrc/r: 0.500041084 0.327764102 0.172194814
QQ:/rc/c: 0.766954284 0.233045716 0.000000000
QQ:/rc/crr: 0.000000000 0.786085762 0.213914238
QQ:/rc/r: 0.643506930 0.220181610 0.136311459
QQ:/rrc/c: 0.564556689 0.435443311 0.000000000
QQ:/rrc/crr: 0.000000000 0.706786372 0.293213628
QQ:/rrc/r: 0.597880022 0.266663085 0.135456893
