J:/c: 0.193448441 0.806551559 0.000000000
J:/crr: 0.000000000 0.671773537 0.328226463
J:/r: 0.103223621 0.076391004 0.820385375
JJ:/cc/c: 0.897244960 0.102755040 0.000000000
JJ:/cc/crr: 0.000000000 0.911268395 0.088731605
JJ:/cc/r: 0.709175787 0.167382199 0.123442013
JJ:/crc/c: 0.587163551 0.412836449 0.000000000
JJ:/crc/crr: 0.000000000 0.487617670 0.512382330
JJ:/crc/r: 0.332846481 0.365093805 0.302059714
JJ:/crrc/c: 0.514075893 0.485924107 0.000000000
JJ:/crrc/crr: 0.000000000 0.461421817 0.538578183
JJ:/crrc/r: 0.402797428 0.366352490 0.230850082
JJ:/rc/c: 0.577248460 0.422751540 0.000000000
JJ:/rc/crr: 0.000000000 0.602787363 0.397212637
JJ:/rc/r: 0.545357476 0.297780657 0.156861867
JJ:/rrc/c: 0.529212491 0.470787509 0.000000000
JJ:/rrc/crr: 0.000000000 0.641729689 0.358270311
JJ:/rrc/r: 0.676534958 0.209915397 0.113549645
JK:/cc/c: 0.191764974 0.808235026 0.000000000
JK:/cc/crr: 0.000000000 0.433699496 0.566300504
JK:/cc/r: 0.197113746 0.158897891 0.643988364
JK:/crc/c: 0.354137482 0.645862518 0.000000000
JK:/crc/crr: 0.000000000 0.367611509 0.632388491
JK:/crc/r: 0.360295527 0.299525663 0.340178809
JK:/crrc/c: 0.416224294 0.583775706 0.000000000
JK:/crrc/crr: 0.000000000 0.503561213 0.496438787
JK:/crrc/r: 0.463501047 0.216988319 0.319510634
JK:/rc/c: 0.303448274 0.696551726 0.000000000
JK:/rc/crr: 0.000000000 0.461508174 0.538491826
JK:/rc/r: 0.303385328 0.198536780 0.498077892
JK:/rrc/c: 0.394312802 0.605687198 0.000000000
JK:/rrc/crr: 0.000000000 0.444984650 0.555015350
JK:/rrc/r: 0.322267721 0.183339220 0.494393059
JQ:/cc/c: 0.252459638 0.747540362 0.000000000
JQ:/cc/crr: 0.000000000 0.548752944 0.451247056
JQ:/cc/r: 0.183845701 0.159664498 0.656489802
JQ:/crc/c: 0.370083026 0.629916974 0.000000000
JQ:/crc/crr: 0.000000000 0.439987773 0.560012227
JQ:/crc/r: 0.351490908 0.241944738 0.406564355
JQ:/crrc/c: 0.461197683 0.538802317 0.000000000
JQ:/crrc/crr: 0.000000000 0.498434499 0.501565501
JQ:/crrc/r: 0.390765984 0.287348532 0.321885484
JQ:/rc/c: 0.297235764 0.702764236 0.000000000
JQ:/rc/crr: 0.000000000 0.403178431 0.596821569
JQ:/rc/r: 0.367490721 0.218733591 0.413775688
JQ:/rrc/c: 0.380268723 0.619731277 0.000000000
JQ:/rrc/crr: 0.000000000 0.340706309 0.659293691
JQ:/rrc/r: 0.296188586 0.187517719 0.516293695
K:/c: 0.794829045 0.205170955 0.000000000
K:/crr: 0.000000000 0.944452263 0.055547737
K:/r: 0.788916402 0.171331796 0.039751801
KJ:/cc/c: 0.735708987 0.264291013 0.000000000
KJ:/cc/crr: 0.000000000 0.802503171 0.197496829
KJ:/cc/r: 0.482165423 0.302051052 0.215783526
KJ:/crc/c: 0.637092376 0.362907624 0.000000000
KJ:/crc/crr: 0.000000000 0.785762922 0.214237078
KJ:/crc/r: 0.550165443 0.296978636 0.152855922
KJ:/crrc/c: 0.737802975 0.262197025 0.000000000
KJ:/crrc/crr: 0.000000000 0.841199059 0.158800941
KJ:/crrc/r: 0.603034651 0.258461671 0.138503679
KJ:/rc/c: 0.638482416 0.361517584 0.000000000
KJ:/rc/crr: 0.000000000 0.819807916 0.180192084
KJ:/rc/r: 0.569802842 0.236063814 0.194133343
KJ:/rrc/c: 0.733641430 0.266358570 0.000000000
KJ:/rrc/crr: 0.000000000 0.846620108 0.153379892
KJ:/rrc/r: 0.622132512 0.253559652 0.124307836
KK:/cc/c: 0.828916333 0.171083667 0.000000000
KK:/cc/crr: 0.000000000 0.851605663 0.148394337
KK:/cc/r: 0.727869555 0.155293245 0.116837200
KK:/crc/c: 0.635744623 0.364255377 0.000000000
KK:/crc/crr: 0.000000000 0.699874539 0.300125461
KK:/crc/r: 0.502338993 0.336830701 0.160830306
KK:/crrc/c: 0.732059275 0.267940725 0.000000000
KK:/crrc/crr: 0.000000000 0.861027200 0.138972800
KK:/crrc/r: 0.607195850 0.277524645 0.115279505
KK:/rc/c: 0.612882111 0.387117889 0.000000000
KK:/rc/crr: 0.000000000 0.603978350 0.396021650
KK:/rc/r: 0.470825065 0.334536599 0.194638336
KK:/rrc/c: 0.734682373 0.265317627 0.000000000
KK:/rrc/crr: 0.000000000 0.850679556 0.149320444
KK:/rrc/r: 0.685833738 0.219212837 0.094953425
KQ:/cc/c: 0.686736559 0.313263441 0.000000000
KQ:/cc/crr: 0.000000000 0.799472179 0.200527821
KQ:/cc/r: 0.520832580 0.244684620 0.234482799
KQ:/crc/c: 0.559336021 0.440663979 0.000000000
KQ:/crc/crr: 0.000000000 0.697221176 0.302778824
KQ:/crc/r: 0.532464566 0.285015906 0.182519527
KQ:/crrc/c: 0.648713892 0.351286108 0.000000000
KQ:/crrc/crr: 0.000000000 0.835920072 0.164079928
KQ:/crrc/r: 0.599652749 0.247025869 0.153321382
KQ:/rc/c: 0.465800869 0.534199131 0.000000000
KQ:/rc/crr: 0.000000000 0.723044417 0.276955583
KQ:/rc/r: 0.533625863 0.249365027 0.217009111
KQ:/rrc/c: 0.512462149 0.487537851 0.000000000
KQ:/rrc/crr: 0.000000000 0.825044601 0.174955399
KQ:/rrc/r: 0.618080974 0.249399741 0.132519285
Q:/c: 0.367148141 0.632851859 0.000000000
Q:/crr: 0.000000000 0.902484850 0.097515150
Q:/r: 0.183325120 0.403292057 0.413382823
QJ:/cc/c: 0.243305094 0.756694906 0.000000000
QJ:/cc/crr: 0.000000000 0.412994379 0.587005621
QJ:/cc/r: 0.260429241 0.168798029 0.570772730
QJ:/crc/c: 0.420485381 0.579514619 0.000000000
QJ:/crc/crr: 0.000000000 0.531484166 0.468515834
QJ:/crc/r: 0.501108739 0.203972095 0.294919166
QJ:/crrc/c: 0.390949369 0.609050631 0.000000000
QJ:/crrc/crr: 0.000000000 0.616144656 0.383855344
QJ:/crrc/r: 0.500601837 0.227577633 0.271820530
QJ:/rc/c: 0.227475623 0.772524377 0.000000000
QJ:/rc/crr: 0.000000000 0.426636508 0.573363492
QJ:/rc/r: 0.244931928 0.194759962 0.560308110
QJ:/rrc/c: 0.438589724 0.561410276 0.000000000
QJ:/rrc/crr: 0.000000000 0.501788953 0.498211047
QJ:/rrc/r: 0.281225179 0.186596952 0.532177869
QK:/cc/c: 0.720658968 0.279341032 0.000000000
QK:/cc/crr: 0.000000000 0.872157313 0.127842687
QK:/cc/r: 0.545070823 0.250157651 0.204771527
QK:/crc/c: 0.503352431 0.496647569 0.000000000
QK:/crc/crr: 0.000000000 0.552406281 0.447593719
QK:/crc/r: 0.478125228 0.300869807 0.221004966
QK:/crrc/c: 0.605327131 0.394672869 0.000000000
QK:/crrc/crr: 0.000000000 0.815725320 0.184274680
QK:/crrc/r: 0.572712930 0.265102760 0.162184310
QK:/rc/c: 0.557591213 0.442408787 0.000000000
QK:/rc/crr: 0.000000000 0.752895460 0.247104540
QK:/rc/r: 0.454843211 0.312959852 0.232196937
QK:/rrc/c: 0.465743199 0.534256801 0.000000000
QK:/rrc/crr: 0.000000000 0.662161920 0.337838080
QK:/rrc/r: 0.545606933 0.276834410 0.177558657
QQ:/cc/c: 0.866862677 0.133137323 0.000000000
QQ:/cc/crr: 0.000000000 0.909075457 0.090924543
QQ:/cc/r: 0.738537442 0.158573499 0.102889058
QQ:/crc/c: 0.523152443 0.476847557 0.000000000
QQ:/crc/crr: 0.000000000 0.528462682 0.471537318
QQ:/crc/r: 0.424613104 0.345245750 0.230141146
QQ:/crrc/c: 0.528550450 0.471449550 0.000000000
QQ:/crrc/crr: 0.000000000 0.600169884 0.399830116
QQ:/crrc/r: 0.527988033 0.318183966 0.153828001
QQ:/rc/c: 0.810257010 0.189742990 0.000000000
QQ:/rc/crr: 0.000000000 0.835555483 0.164444517
QQ:/rc/r: 0.684291887 0.194991506 0.120716607
QQ:/rrc/c: 0.593945166 0.406054834 0.000000000
QQ:/rrc/crr: 0.000000000 0.760659274 0.239340726
QQ:/rrc/r: 0.623922463 0.249393221 0.126684317
