J:/c: 0.200257454 0.799742546 0.000000000
J:/crr: 0.000000000 0.664911641 0.335088359
J:/r: 0.100214334 0.073443090 0.826342575
JJ:/cc/c: 0.903761170 0.096238830 0.000000000
JJ:/cc/crr: 0.000000000 0.917638776 0.082361224
JJ:/cc/r: 0.725838708 0.157791951 0.116369340
JJ:/crc/c: 0.586728066 0.413271934 0.000000000
JJ:/crc/crr: 0.000000000 0.578224661 0.421775339
JJ:/crc/r: 0.327044219 0.377355877 0.295599904
JJ:/crrc/c: 0.508664710 0.491335290 0.000000000
JJ:/crrc/crr: 0.000000000 0.502067623 0.497932377
JJ:/crrc/r: 0.416845000 0.362549710 0.220605290
JJ:/rc/c: 0.588599384 0.411400616 0.000000000
JJ:/rc/crr: 0.000000000 0.634975586 0.365024414
JJ:/rc/r: 0.567842336 0.283053578 0.149104086
JJ:/rrc/c: 0.548389789 0.451610211 0.000000000
JJ:/rrc/crr: 0.000000000 0.661394878 0.338605122
JJ:/rrc/r: 0.689039186 0.201800672 0.109160142
JK:/cc/c: 0.187772339 0.812227661 0.000000000
JK:/cc/crr: 0.000000000 0.426045021 0.573954979
JK:/cc/r: 0.188518732 0.151969253 0.659512015
JK:/crc/c: 0.346846918 0.653153082 0.000000000
JK:/crc/crr: 0.000000000 0.379463529 0.620536471
JK:/crc/r: 0.358583557 0.296405930 0.345010513
JK:/crrc/c: 0.413013232 0.586986768 0.000000000
JK:/crrc/crr: 0.000000000 0.498253609 0.501746391
JK:/crrc/r: 0.460217445 0.215422997 0.324359557
JK:/rc/c: 0.295955772 0.704044228 0.000000000
JK:/rc/crr: 0.000000000 0.456178077 0.543821923
JK:/rc/r: 0.296628839 0.194115302 0.509255860
JK:/rrc/c: 0.387690134 0.612309866 0.000000000
JK:/rrc/crr: 0.000000000 0.436908415 0.563091585
JK:/rrc/r: 0.314416533 0.178872651 0.506710816
JQ:/cc/c: 0.247085899 0.752914101 0.000000000
JQ:/cc/crr: 0.000000000 0.549948466 0.450051534
JQ:/cc/r: 0.175626910 0.152526723 0.671846367
JQ:/crc/c: 0.364122346 0.635877654 0.000000000
JQ:/crc/crr: 0.000000000 0.460827965 0.539172035
JQ:/crc/r: 0.348152529 0.239637462 0.412210009
JQ:/crrc/c: 0.454588992 0.545411008 0.000000000
JQ:/crrc/crr: 0.000000000 0.502442004 0.497557996
JQ:/crrc/r: 0.387093131 0.284238023 0.328668846
JQ:/rc/c: 0.288189008 0.711810992 0.000000000
JQ:/rc/crr: 0.000000000 0.394447245 0.605552755
JQ:/rc/r: 0.360775197 0.214732722 0.424492080
JQ:/rrc/c: 0.373520132 0.626479868 0.000000000
JQ:/rrc/crr: 0.000000000 0.334526241 0.665473759
JQ:/rrc/r: 0.289684645 0.183400058 0.526915297
K:/c: 0.803018688 0.196981312 0.000000000
K:/crr: 0.000000000 0.947334211 0.052665789
K:/r: 0.786448249 0.176540950 0.037010802
KJ:/cc/c: 0.741461796 0.258538204 0.000000000
KJ:/cc/crr: 0.000000000 0.807344775 0.192655225
KJ:/cc/r: 0.480520461 0.302202857 0.217276682
KJ:/crc/c: 0.653817004 0.346182996 0.000000000
KJ:/crc/crr: 0.000000000 0.800253995 0.199746005
KJ:/crc/r: 0.560317008 0.291140894 0.148542098
KJ:/crrc/c: 0.748861160 0.251138840 0.000000000
KJ:/crrc/crr: 0.000000000 0.848000945 0.151999055
KJ:/crrc/r: 0.607981455 0.257279007 0.134739538
KJ:/rc/c: 0.649745298 0.350254702 0.000000000
KJ:/rc/crr: 0.000000000 0.828784443 0.171215557
KJ:/rc/r: 0.579831420 0.231186955 0.188981625
KJ:/rrc/c: 0.744365300 0.255634700 0.000000000
KJ:/rrc/crr: 0.000000000 0.853529367 0.146470633
KJ:/rrc/r: 0.625864374 0.253542386 0.120593240
KK:/cc/c: 0.835493538 0.164506462 0.000000000
KK:/cc/crr: 0.000000000 0.858552898 0.141447102
KK:/cc/r: 0.739535625 0.148635916 0.111828458
KK:/crc/c: 0.662681709 0.337318291 0.000000000
KK:/crc/crr: 0.000000000 0.735399049 0.264600951
KK:/crc/r: 0.525305371 0.322889291 0.151805339
KK:/crrc/c: 0.755326404 0.244673596 0.000000000
KK:/crrc/crr: 0.000000000 0.877477316 0.122522684
KK:/crrc/r: 0.623982780 0.266062023 0.109955198
KK:/rc/c: 0.633064265 0.366935735 0.000000000
KK:/rc/crr: 0.000000000 0.642415281 0.357584719
KK:/rc/r: 0.488408662 0.326527974 0.185063364
KK:/rrc/c: 0.759694685 0.240305315 0.000000000
KK:/rrc/crr: 0.000000000 0.867358355 0.132641645
KK:/rrc/r: 0.704021267 0.206522296 0.089456437
KQ:/cc/c: 0.692236860 0.307763140 0.000000000
KQ:/cc/crr: 0.000000000 0.804496891 0.195503109
KQ:/cc/r: 0.520056963 0.247643657 0.232299380
KQ:/crc/c: 0.565354814 0.434645186 0.000000000
KQ:/crc/crr: 0.000000000 0.713976119 0.286023881
KQ:/crc/r: 0.537421821 0.282753054 0.179825125
KQ:/crrc/c: 0.657951633 0.342048367 0.000000000
KQ:/crrc/crr: 0.000000000 0.843764776 0.156235224
KQ:/crrc/r: 0.602865005 0.247463089 0.149671906
KQ:/rc/c: 0.465828052 0.534171948 0.000000000
KQ:/rc/crr: 0.000000000 0.736188541 0.263811459
KQ:/rc/r: 0.541201893 0.245726549 0.213071557
KQ:/rrc/c: 0.516086616 0.483913384 0.000000000
KQ:/rrc/crr: 0.000000000 0.833086286 0.166913714
KQ:/rrc/r: 0.619378246 0.251220652 0.129401102
Q:/c: 0.344030168 0.655969832 0.000000000
Q:/crr: 0.000000000 0.905088154 0.094911846
Q:/r: 0.170526498 0.414273198 0.415200304
QJ:/cc/c: 0.237545036 0.762454964 0.000000000
QJ:/cc/crr: 0.000000000 0.411191684 0.588808316
QJ:/cc/r: 0.248468806 0.161045836 0.590485358
QJ:/crc/c: 0.414145901 0.585854099 0.000000000
QJ:/crc/crr: 0.000000000 0.535583540 0.464416460
QJ:/crc/r: 0.502175371 0.202123738 0.295700891
QJ:/crrc/c: 0.389090248 0.610909752 0.000000000
QJ:/crrc/crr: 0.000000000 0.620224394 0.379775606
QJ:/crrc/r: 0.488797713 0.222094765 0.289107522
QJ:/rc/c: 0.219495426 0.780504574 0.000000000
QJ:/rc/crr: 0.000000000 0.422743236 0.577256764
QJ:/rc/r: 0.233228051 0.185453512 0.581318436
QJ:/rrc/c: 0.431876922 0.568123078 0.000000000
QJ:/rrc/crr: 0.000000000 0.503696837 0.496303163
QJ:/rrc/r: 0.273855061 0.181706773 0.544438166
QK:/cc/c: 0.728594211 0.271405789 0.000000000
QK:/cc/crr: 0.000000000 0.877386328 0.122613672
QK:/cc/r: 0.550439309 0.249072558 0.200488132
QK:/crc/c: 0.501506986 0.498493014 0.000000000
QK:/crc/crr: 0.000000000 0.576761760 0.423238240
QK:/crc/r: 0.485577347 0.296631353 0.217791300
QK:/crrc/c: 0.613591760 0.386408240 0.000000000
QK:/crrc/crr: 0.000000000 0.823007341 0.176992659
QK:/crrc/r: 0.575886089 0.264098585 0.160015327
QK:/rc/c: 0.569466226 0.430533774 0.000000000
QK:/rc/crr: 0.000000000 0.764218119 0.235781881
QK:/rc/r: 0.448891772 0.322466302 0.228641925
QK:/rrc/c: 0.458077749 0.541922251 0.000000000
QK:/rrc/crr: 0.000000000 0.670533154 0.329466846
QK:/rrc/r: 0.539817197 0.284674028 0.175508775
QQ:/cc/c: 0.875119090 0.124880910 0.000000000
QQ:/cc/crr: 0.000000000 0.916168733 0.083831267
QQ:/cc/r: 0.753900654 0.149255920 0.096843426
QQ:/crc/c: 0.528787819 0.471212181 0.000000000
QQ:/crc/crr: 0.000000000 0.594664024 0.405335976
QQ:/crc/r: 0.433434173 0.340367125 0.226198702
QQ:/crrc/c: 0.530860655 0.469139345 0.000000000
QQ:/crrc/crr: 0.000000000 0.638765181 0.361234819
QQ:/crrc/r: 0.544378975 0.310431632 0.145189393
QQ:/rc/c: 0.831506878 0.168493122 0.000000000
QQ:/rc/crr: 0.000000000 0.857548584 0.142451416
QQ:/rc/r: 0.705802929 0.181705593 0.112491477
QQ:/rrc/c: 0.617266792 0.382733208 0.000000000
QQ:/rrc/crr: 0.000000000 0.788562311 0.211437689
QQ:/rrc/r: 0.636815053 0.240843588 0.122341358
