J:/c: 0.191351448 0.808648552 0.000000000
J:/crr: 0.000000000 0.640059189 0.359940811
J:/r: 0.094109756 0.072532534 0.833357710
JJ:/cc/c: 0.909415335 0.090584665 0.000000000
JJ:/cc/crr: 0.000000000 0.923203272 0.076796728
JJ:/cc/r: 0.740455383 0.149379408 0.110165209
JJ:/crc/c: 0.588237799 0.411762201 0.000000000
JJ:/crc/crr: 0.000000000 0.653411021 0.346588979
JJ:/crc/r: 0.331705722 0.379212053 0.289082225
JJ:/crrc/c: 0.504181950 0.495818050 0.000000000
JJ:/crrc/crr: 0.000000000 0.533075733 0.466924267
JJ:/crrc/r: 0.432132805 0.358548104 0.209319091
JJ:/rc/c: 0.604044361 0.395955639 0.000000000
JJ:/rc/crr: 0.000000000 0.658139996 0.341860004
JJ:/rc/r: 0.584831639 0.271925966 0.143242395
JJ:/rrc/c: 0.561756091 0.438243909 0.000000000
JJ:/rrc/crr: 0.000000000 0.677365756 0.322634244
JJ:/rrc/r: 0.698491667 0.195666404 0.105841929
JK:/cc/c: 0.184575597 0.815424403 0.000000000
JK:/cc/crr: 0.000000000 0.420976634 0.579023366
JK:/cc/r: 0.181296711 0.146147417 0.672555872
JK:/crc/c: 0.342473715 0.657526285 0.000000000
JK:/crc/crr: 0.000000000 0.388219833 0.611780167
JK:/crc/r: 0.357882791 0.293339224 0.348777985
JK:/crrc/c: 0.408679713 0.591320287 0.000000000
JK:/crrc/crr: 0.000000000 0.494607669 0.505392331
JK:/crrc/r: 0.457542650 0.214136906 0.328320444
JK:/rc/c: 0.291168362 0.708831638 0.000000000
JK:/rc/crr: 0.000000000 0.452061551 0.547938449
JK:/rc/r: 0.289367951 0.189363743 0.521268306
JK:/rrc/c: 0.378811965 0.621188035 0.000000000
JK:/rrc/crr: 0.000000000 0.430328683 0.569671317
JK:/rrc/r: 0.307378736 0.174868825 0.517752439
JQ:/cc/c: 0.242876860 0.757123140 0.000000000
JQ:/cc/crr: 0.000000000 0.553863683 0.446136317
JQ:/cc/r: 0.168713812 0.146522905 0.684763283
JQ:/crc/c: 0.357972179 0.642027821 0.000000000
JQ:/crc/crr: 0.000000000 0.494651937 0.505348063
JQ:/crc/r: 0.344402638 0.237056368 0.418540994
JQ:/crrc/c: 0.450345703 0.549654297 0.000000000
JQ:/crrc/crr: 0.000000000 0.503746160 0.496253840
JQ:/crrc/r: 0.382845277 0.280900582 0.336254141
JQ:/rc/c: 0.283611093 0.716388907 0.000000000
JQ:/rc/crr: 0.000000000 0.389794579 0.610205421
JQ:/rc/r: 0.354498178 0.210996652 0.434505170
JQ:/rrc/c: 0.367198847 0.632801153 0.000000000
JQ:/rrc/crr: 0.000000000 0.329734928 0.670265072
JQ:/rrc/r: 0.283482609 0.179473533 0.537043858
K:/c: 0.802205080 0.197794920 0.000000000
K:/crr: 0.000000000 0.949664849 0.050335151
K:/r: 0.777790044 0.187663335 0.034546620
KJ:/cc/c: 0.746191871 0.253808129 0.000000000
KJ:/cc/crr: 0.000000000 0.811236783 0.188763217
KJ:/cc/r: 0.473514789 0.306377909 0.220107302
KJ:/crc/c: 0.666243650 0.333756350 0.000000000
KJ:/crc/crr: 0.000000000 0.811235481 0.188764519
KJ:/crc/r: 0.568110435 0.286823869 0.145065696
KJ:/crrc/c: 0.758953416 0.241046584 0.000000000
KJ:/crrc/crr: 0.000000000 0.854003283 0.145996717
KJ:/crrc/r: 0.611029887 0.257746442 0.131223671
KJ:/rc/c: 0.663720992 0.336279008 0.000000000
KJ:/rc/crr: 0.000000000 0.837398854 0.162601146
KJ:/rc/r: 0.586318205 0.229497711 0.184184083
KJ:/rrc/c: 0.752322034 0.247677966 0.000000000
KJ:/rrc/crr: 0.000000000 0.858795436 0.141204564
KJ:/rrc/r: 0.627765930 0.254709903 0.117524167
KK:/cc/c: 0.841083473 0.158916527 0.000000000
KK:/cc/crr: 0.000000000 0.864706744 0.135293256
KK:/cc/r: 0.749290615 0.143069159 0.107640226
KK:/crc/c: 0.687633090 0.312366910 0.000000000
KK:/crc/crr: 0.000000000 0.778595786 0.221404214
KK:/crc/r: 0.547278517 0.308273480 0.144448003
KK:/crrc/c: 0.773311535 0.226688465 0.000000000
KK:/crrc/crr: 0.000000000 0.888548416 0.111451584
KK:/crrc/r: 0.637418126 0.256555652 0.106026222
KK:/rc/c: 0.658981077 0.341018923 0.000000000
KK:/rc/crr: 0.000000000 0.670465909 0.329534091
KK:/rc/r: 0.507112974 0.316819435 0.176067591
KK:/rrc/c: 0.779315303 0.220684697 0.000000000
KK:/rrc/crr: 0.000000000 0.879879708 0.120120292
KK:/rrc/r: 0.718681762 0.196292781 0.085025458
KQ:/cc/c: 0.697476415 0.302523585 0.000000000
KQ:/cc/crr: 0.000000000 0.809068267 0.190931733
KQ:/cc/r: 0.520047577 0.249619586 0.230332837
KQ:/crc/c: 0.568090972 0.431909028 0.000000000
KQ:/crc/crr: 0.000000000 0.726998835 0.273001165
KQ:/crc/r: 0.541235198 0.280977418 0.177787383
KQ:/crrc/c: 0.662556495 0.337443505 0.000000000
KQ:/crrc/crr: 0.000000000 0.849898039 0.150101961
KQ:/crrc/r: 0.606044759 0.247210545 0.146744696
KQ:/rc/c: 0.473348806 0.526651194 0.000000000
KQ:/rc/crr: 0.000000000 0.749259038 0.250740962
KQ:/rc/r: 0.546883544 0.243142344 0.209974112
KQ:/rrc/c: 0.519189967 0.480810033 0.000000000
KQ:/rrc/crr: 0.000000000 0.839559275 0.160440725
KQ:/rrc/r: 0.621104046 0.252298318 0.126597636
Q:/c: 0.331110973 0.668889027 0.000000000
Q:/crr: 0.000000000 0.907179981 0.092820019
Q:/r: 0.161193002 0.417254802 0.421552196
QJ:/cc/c: 0.233384956 0.766615044 0.000000000
QJ:/cc/crr: 0.000000000 0.411713178 0.588286822
QJ:/cc/r: 0.238001428 0.154261372 0.607737200
QJ:/crc/c: 0.407708892 0.592291108 0.000000000
QJ:/crc/crr: 0.000000000 0.542504892 0.457495108
QJ:/crc/r: 0.510872597 0.198479512 0.290647891
QJ:/crrc/c: 0.382847345 0.617152655 0.000000000
QJ:/crrc/crr: 0.000000000 0.622345112 0.377654888
QJ:/crrc/r: 0.476827254 0.216662021 0.306510725
QJ:/rc/c: 0.211945400 0.788054600 0.000000000
QJ:/rc/crr: 0.000000000 0.417722032 0.582277968
QJ:/rc/r: 0.224375304 0.178414166 0.597210531
QJ:/rrc/c: 0.428224312 0.571775688 0.000000000
QJ:/rrc/crr: 0.000000000 0.502682140 0.497317860
QJ:/rrc/r: 0.268037869 0.177846983 0.554115148
QK:/cc/c: 0.734728309 0.265271691 0.000000000
QK:/cc/crr: 0.000000000 0.881575653 0.118424347
QK:/cc/r: 0.553721779 0.249803996 0.196474225
QK:/crc/c: 0.499698958 0.500301042 0.000000000
QK:/crc/crr: 0.000000000 0.599873353 0.400126647
QK:/crc/r: 0.493323379 0.292166653 0.214509968
QK:/crrc/c: 0.616293568 0.383706432 0.000000000
QK:/crrc/crr: 0.000000000 0.827902917 0.172097083
QK:/crrc/r: 0.578649672 0.262957204 0.158393124
QK:/rc/c: 0.580471254 0.419528746 0.000000000
QK:/rc/crr: 0.000000000 0.773816787 0.226183213
QK:/rc/r: 0.446208848 0.327920563 0.225870589
QK:/rrc/c: 0.457585621 0.542414379 0.000000000
QK:/rrc/crr: 0.000000000 0.678097843 0.321902157
QK:/rrc/r: 0.530553398 0.295399016 0.174047586
QQ:/cc/c: 0.882626975 0.117373025 0.000000000
QQ:/cc/crr: 0.000000000 0.922207268 0.077792732
QQ:/cc/r: 0.767316449 0.141119422 0.091564129
QQ:/crc/c: 0.535808577 0.464191423 0.000000000
QQ:/crc/crr: 0.000000000 0.619586183 0.380413817
QQ:/crc/r: 0.440795256 0.336887548 0.222317196
QQ:/crrc/c: 0.534525141 0.465474859 0.000000000
QQ:/crrc/crr: 0.000000000 0.677546916 0.322453084
QQ:/crrc/r: 0.559941131 0.302188252 0.137870617
QQ:/rc/c: 0.846267643 0.153732357 0.000000000
QQ:/rc/crr: 0.000000000 0.872864808 0.127135192
QQ:/rc/r: 0.721791750 0.171830382 0.106377867
QQ:/rrc/c: 0.637887603 0.362112397 0.000000000
QQ:/rrc/crr: 0.000000000 0.806150371 0.193849629
QQ:/rrc/r: 0.647622498 0.233676706 0.118700796
