J:/c: 0.191702165 0.808297835 0.000000000
J:/crr: 0.000000000 0.629402439 0.370597561
J:/r: 0.092124253 0.071043848 0.836831898
JJ:/cc/c: 0.911852630 0.088147370 0.000000000
JJ:/cc/crr: 0.000000000 0.925456349 0.074543651
JJ:/cc/r: 0.747174673 0.145512160 0.107313167
JJ:/crc/c: 0.592493504 0.407506496 0.000000000
JJ:/crc/crr: 0.000000000 0.663644157 0.336355843
JJ:/crc/r: 0.335063670 0.378712325 0.286224005
JJ:/crrc/c: 0.502446451 0.497553549 0.000000000
JJ:/crrc/crr: 0.000000000 0.545830502 0.454169498
JJ:/crrc/r: 0.439709741 0.356364393 0.203925865
JJ:/rc/c: 0.611591326 0.388408674 0.000000000
JJ:/rc/crr: 0.000000000 0.666718489 0.333281511
JJ:/rc/r: 0.593108118 0.266505058 0.140386825
JJ:/rrc/c: 0.566333851 0.433666149 0.000000000
JJ:/rrc/crr: 0.000000000 0.683105155 0.316894845
JJ:/rrc/r: 0.703446839 0.192450703 0.104102458
JK:/cc/c: 0.183566986 0.816433014 0.000000000
JK:/cc/crr: 0.000000000 0.419742159 0.580257841
JK:/cc/r: 0.177943725 0.143444499 0.678611776
JK:/crc/c: 0.339821393 0.660178607 0.000000000
JK:/crc/crr: 0.000000000 0.392479635 0.607520365
JK:/crc/r: 0.359249730 0.291499334 0.349250936
JK:/crrc/c: 0.406018458 0.593981542 0.000000000
JK:/crrc/crr: 0.000000000 0.493450629 0.506549371
JK:/crrc/r: 0.456264336 0.213506851 0.330228813
JK:/rc/c: 0.289790672 0.710209328 0.000000000
JK:/rc/crr: 0.000000000 0.450708890 0.549291110
JK:/rc/r: 0.285824797 0.187045086 0.527130117
JK:/rrc/c: 0.376349296 0.623650704 0.000000000
JK:/rrc/crr: 0.000000000 0.428003236 0.571996764
JK:/rrc/r: 0.304178603 0.173048258 0.522773140
JQ:/cc/c: 0.241315643 0.758684357 0.000000000
JQ:/cc/crr: 0.000000000 0.554437233 0.445562767
JQ:/cc/r: 0.165062903 0.143352199 0.691584898
JQ:/crc/c: 0.356108467 0.643891533 0.000000000
JQ:/crc/crr: 0.000000000 0.500336428 0.499663572
JQ:/crc/r: 0.342438256 0.235704261 0.421857483
JQ:/crrc/c: 0.445760371 0.554239629 0.000000000
JQ:/crrc/crr: 0.000000000 0.502861085 0.497138915
JQ:/crrc/r: 0.381699209 0.279438049 0.338862742
JQ:/rc/c: 0.281165097 0.718834903 0.000000000
JQ:/rc/crr: 0.000000000 0.386784789 0.613215211
JQ:/rc/r: 0.350794284 0.208792102 0.440413614
JQ:/rrc/c: 0.364796145 0.635203855 0.000000000
JQ:/rrc/crr: 0.000000000 0.327581397 0.672418603
JQ:/rrc/r: 0.281022695 0.177916156 0.541061148
K:/c: 0.805232185 0.194767815 0.000000000
K:/crr: 0.000000000 0.950690961 0.049309039
K:/r: 0.776823891 0.189785031 0.033391077
KJ:/cc/c: 0.748538348 0.251461652 0.000000000
KJ:/cc/crr: 0.000000000 0.813435116 0.186564884
KJ:/cc/r: 0.470048612 0.309096698 0.220854689
KJ:/crc/c: 0.673196902 0.326803098 0.000000000
KJ:/crc/crr: 0.000000000 0.816363999 0.183636001
KJ:/crc/r: 0.570849174 0.285792088 0.143358738
KJ:/crrc/c: 0.762842147 0.237157853 0.000000000
KJ:/crrc/crr: 0.000000000 0.856561828 0.143438172
KJ:/crrc/r: 0.612540564 0.257604849 0.129854586
KJ:/rc/c: 0.668552321 0.331447679 0.000000000
KJ:/rc/crr: 0.000000000 0.841218614 0.158781386
KJ:/rc/r: 0.590466955 0.227659987 0.181873057
KJ:/rrc/c: 0.756025155 0.243974845 0.000000000
KJ:/rrc/crr: 0.000000000 0.861259822 0.138740178
KJ:/rrc/r: 0.628798546 0.255025604 0.116175851
KK:/cc/c: 0.843554517 0.156445483 0.000000000
KK:/cc/crr: 0.000000000 0.867362502 0.132637498
KK:/cc/r: 0.753835990 0.140475307 0.105688702
KK:/crc/c: 0.700700053 0.299299947 0.000000000
KK:/crc/crr: 0.000000000 0.793718549 0.206281451
KK:/crc/r: 0.556956977 0.301701789 0.141341234
KK:/crrc/c: 0.780963762 0.219036238 0.000000000
KK:/crrc/crr: 0.000000000 0.893250868 0.106749132
KK:/crrc/r: 0.643531870 0.252229689 0.104238440
KK:/rc/c: 0.667003940 0.332996060 0.000000000
KK:/rc/crr: 0.000000000 0.682544589 0.317455411
KK:/rc/r: 0.514901599 0.312576985 0.172521417
KK:/rrc/c: 0.788194357 0.211805643 0.000000000
KK:/rrc/crr: 0.000000000 0.884887360 0.115112640
KK:/rrc/r: 0.725044212 0.191853314 0.083102474
KQ:/cc/c: 0.699902331 0.300097669 0.000000000
KQ:/cc/crr: 0.000000000 0.811234983 0.188765017
KQ:/cc/r: 0.519346818 0.251295530 0.229357652
KQ:/crc/c: 0.571203775 0.428796225 0.000000000
KQ:/crc/crr: 0.000000000 0.732020152 0.267979848
KQ:/crc/r: 0.541787842 0.281202318 0.177009839
KQ:/crrc/c: 0.667254447 0.332745553 0.000000000
KQ:/crrc/crr: 0.000000000 0.852830495 0.147169505
KQ:/crrc/r: 0.606153361 0.248540995 0.145305644
KQ:/rc/c: 0.475050566 0.524949434 0.000000000
KQ:/rc/crr: 0.000000000 0.754829564 0.245170436
KQ:/rc/r: 0.550652809 0.241121086 0.208226106
KQ:/rrc/c: 0.518207476 0.481792524 0.000000000
KQ:/rrc/crr: 0.000000000 0.842655881 0.157344119
KQ:/rrc/r: 0.620745938 0.254023503 0.125230560
Q:/c: 0.331467310 0.668532690 0.000000000
Q:/crr: 0.000000000 0.908264946 0.091735054
Q:/r: 0.160485910 0.415715149 0.423798941
QJ:/cc/c: 0.231049395 0.768950605 0.000000000
QJ:/cc/crr: 0.000000000 0.411703865 0.588296135
QJ:/cc/r: 0.232990854 0.151013753 0.615995393
QJ:/crc/c: 0.406237390 0.593762610 0.000000000
QJ:/crc/crr: 0.000000000 0.545735324 0.454264676
QJ:/crc/r: 0.510169702 0.197789108 0.292041190
QJ:/crrc/c: 0.379652813 0.620347187 0.000000000
QJ:/crrc/crr: 0.000000000 0.622795607 0.377204393
QJ:/crrc/r: 0.471650538 0.214294097 0.314055364
QJ:/rc/c: 0.208610202 0.791389798 0.000000000
QJ:/rc/crr: 0.000000000 0.415495895 0.584504105
QJ:/rc/r: 0.220162234 0.175064103 0.604773663
QJ:/rrc/c: 0.426954997 0.573045003 0.000000000
QJ:/rrc/crr: 0.000000000 0.501075142 0.498924858
QJ:/rrc/r: 0.265760769 0.176336094 0.557903137
QK:/cc/c: 0.737499040 0.262500960 0.000000000
QK:/cc/crr: 0.000000000 0.883315712 0.116684288
QK:/cc/r: 0.554446357 0.250918441 0.194635202
QK:/crc/c: 0.501010960 0.498989040 0.000000000
QK:/crc/crr: 0.000000000 0.608546577 0.391453423
QK:/crc/r: 0.496213024 0.290561957 0.213225019
QK:/crrc/c: 0.619587611 0.380412389 0.000000000
QK:/crrc/crr: 0.000000000 0.830337005 0.169662995
QK:/crrc/r: 0.581095493 0.261440787 0.157463721
QK:/rc/c: 0.586178991 0.413821009 0.000000000
QK:/rc/crr: 0.000000000 0.778615579 0.221384421
QK:/rc/r: 0.445259416 0.328631398 0.226109186
QK:/rrc/c: 0.457407470 0.542592530 0.000000000
QK:/rrc/crr: 0.000000000 0.680766604 0.319233396
QK:/rrc/r: 0.528435035 0.297747865 0.173817100
QQ:/cc/c: 0.885885712 0.114114288 0.000000000
QQ:/cc/crr: 0.000000000 0.924704244 0.075295756
QQ:/cc/r: 0.773113158 0.137603796 0.089283046
QQ:/crc/c: 0.538675783 0.461324217 0.000000000
QQ:/crc/crr: 0.000000000 0.626684420 0.373315580
QQ:/crc/r: 0.443922147 0.335636483 0.220441369
QQ:/crrc/c: 0.539616661 0.460383339 0.000000000
QQ:/crrc/crr: 0.000000000 0.691113891 0.308886109
QQ:/crrc/r: 0.566765211 0.298258290 0.134976499
QQ:/rc/c: 0.852149420 0.147850580 0.000000000
QQ:/rc/crr: 0.000000000 0.878546651 0.121453349
QQ:/rc/r: 0.729209199 0.167249127 0.103541674
QQ:/rrc/c: 0.648555920 0.351444080 0.000000000
QQ:/rrc/crr: 0.000000000 0.813883426 0.186116574
QQ:/rrc/r: 0.652735260 0.230286213 0.116978527
