J:/c: 0.208066494 0.791933506 0.000000000
J:/crr: 0.000000000 0.624960884 0.375039116
J:/r: 0.086914920 0.068280509 0.844804571
JJ:/cc/c: 0.917741641 0.082258359 0.000000000
JJ:/cc/crr: 0.000000000 0.930885953 0.069114047
JJ:/cc/r: 0.762848976 0.136490905 0.100660119
JJ:/crc/c: 0.606273138 0.393726862 0.000000000
JJ:/crc/crr: 0.000000000 0.670820854 0.329179146
JJ:/crc/r: 0.354591060 0.372611195 0.272797745
JJ:/crrc/c: 0.501913433 0.498086567 0.000000000
JJ:/crrc/crr: 0.000000000 0.572090556 0.427909444
JJ:/crrc/r: 0.460698255 0.349544875 0.189756870
JJ:/rc/c: 0.639204346 0.360795654 0.000000000
JJ:/rc/crr: 0.000000000 0.693802192 0.306197808
JJ:/rc/r: 0.613220933 0.253331615 0.133447452
JJ:/rrc/c: 0.583766642 0.416233358 0.000000000
JJ:/rrc/crr: 0.000000000 0.701544279 0.298455721
JJ:/rrc/r: 0.715349362 0.184726459 0.099924179
JK:/cc/c: 0.179527842 0.820472158 0.000000000
JK:/cc/crr: 0.000000000 0.413923761 0.586076239
JK:/cc/r: 0.169110131 0.136323538 0.694566331
JK:/crc/c: 0.332270575 0.667729425 0.000000000
JK:/crc/crr: 0.000000000 0.400246488 0.599753512
JK:/crc/r: 0.358903776 0.287582085 0.353514139
JK:/crrc/c: 0.402785529 0.597214471 0.000000000
JK:/crrc/crr: 0.000000000 0.488383576 0.511616424
JK:/crrc/r: 0.452619020 0.211659521 0.335721459
JK:/rc/c: 0.283982005 0.716017995 0.000000000
JK:/rc/crr: 0.000000000 0.446263827 0.553736173
JK:/rc/r: 0.276559581 0.180981886 0.542458533
JK:/rrc/c: 0.370291641 0.629708359 0.000000000
JK:/rrc/crr: 0.000000000 0.422126382 0.577873618
JK:/rrc/r: 0.294830130 0.167729879 0.537439991
JQ:/cc/c: 0.235741968 0.764258032 0.000000000
JQ:/cc/crr: 0.000000000 0.555157629 0.444842371
JQ:/cc/r: 0.156362959 0.135796558 0.707840483
JQ:/crc/c: 0.350979986 0.649020014 0.000000000
JQ:/crc/crr: 0.000000000 0.520831060 0.479168940
JQ:/crc/r: 0.336707859 0.231759962 0.431532179
JQ:/crrc/c: 0.436021940 0.563978060 0.000000000
JQ:/crrc/crr: 0.000000000 0.497947846 0.502052154
JQ:/crrc/r: 0.377419784 0.275131453 0.347448763
JQ:/rc/c: 0.275125991 0.724874009 0.000000000
JQ:/rc/crr: 0.000000000 0.380405276 0.619594724
JQ:/rc/r: 0.340101330 0.202427675 0.457470995
JQ:/rrc/c: 0.356874833 0.643125167 0.000000000
JQ:/rrc/crr: 0.000000000 0.320644672 0.679355328
JQ:/rrc/r: 0.272957074 0.172809792 0.554233134
K:/c: 0.812711411 0.187288589 0.000000000
K:/crr: 0.000000000 0.953367894 0.046632106
K:/r: 0.778801928 0.190508601 0.030689471
KJ:/cc/c: 0.753802011 0.246197989 0.000000000
KJ:/cc/crr: 0.000000000 0.818316178 0.181683822
KJ:/cc/r: 0.459686292 0.311841211 0.228472497
KJ:/crc/c: 0.689724856 0.310275144 0.000000000
KJ:/crc/crr: 0.000000000 0.828265594 0.171734406
KJ:/crc/r: 0.582236688 0.278638219 0.139125093
KJ:/crrc/c: 0.773053016 0.226946984 0.000000000
KJ:/crrc/crr: 0.000000000 0.862472172 0.137527828
KJ:/crrc/r: 0.616231584 0.257921430 0.125846986
KJ:/rc/c: 0.681642237 0.318357763 0.000000000
KJ:/rc/crr: 0.000000000 0.850168656 0.149831344
KJ:/rc/r: 0.599420446 0.224101030 0.176478524
KJ:/rrc/c: 0.765151990 0.234848010 0.000000000
KJ:/rrc/crr: 0.000000000 0.867269736 0.132730264
KJ:/rrc/r: 0.629557496 0.257885677 0.112556827
KK:/cc/c: 0.850677159 0.149322841 0.000000000
KK:/cc/crr: 0.000000000 0.874294782 0.125705218
KK:/cc/r: 0.765598222 0.133763103 0.100638675
KK:/crc/c: 0.731011759 0.268988241 0.000000000
KK:/crc/crr: 0.000000000 0.833718801 0.166281199
KK:/crc/r: 0.582342062 0.284415148 0.133242790
KK:/crrc/c: 0.798272355 0.201727645 0.000000000
KK:/crrc/crr: 0.000000000 0.903461106 0.096538894
KK:/crrc/r: 0.660684145 0.240093084 0.099222771
KK:/rc/c: 0.693888526 0.306111474 0.000000000
KK:/rc/crr: 0.000000000 0.723913978 0.276086022
KK:/rc/r: 0.537048722 0.299822231 0.163129046
KK:/rrc/c: 0.809123567 0.190876433 0.000000000
KK:/rrc/crr: 0.000000000 0.896804171 0.103195829
KK:/rrc/r: 0.740458867 0.181097574 0.078443558
KQ:/cc/c: 0.706644536 0.293355464 0.000000000
KQ:/cc/crr: 0.000000000 0.816590098 0.183409902
KQ:/cc/r: 0.513596613 0.260080249 0.226323137
KQ:/crc/c: 0.576650129 0.423349871 0.000000000
KQ:/crc/crr: 0.000000000 0.746893507 0.253106493
KQ:/crc/r: 0.539303510 0.285969880 0.174726611
KQ:/crrc/c: 0.677671427 0.322328573 0.000000000
KQ:/crrc/crr: 0.000000000 0.860058457 0.139941543
KQ:/crrc/r: 0.605020454 0.253707401 0.141272146
KQ:/rc/c: 0.488166159 0.511833841 0.000000000
KQ:/rc/crr: 0.000000000 0.770136158 0.229863842
KQ:/rc/r: 0.557063787 0.238647504 0.204288709
KQ:/rrc/c: 0.525316629 0.474683371 0.000000000
KQ:/rrc/crr: 0.000000000 0.850646773 0.149353227
KQ:/rrc/r: 0.618789238 0.260037187 0.121173574
Q:/c: 0.321601675 0.678398325 0.000000000
Q:/crr: 0.000000000 0.910945555 0.089054445
Q:/r: 0.147732418 0.428243219 0.424024363
QJ:/cc/c: 0.225366587 0.774633413 0.000000000
QJ:/cc/crr: 0.000000000 0.409892214 0.590107786
QJ:/cc/r: 0.220368946 0.142832823 0.636798231
QJ:/crc/c: 0.404073644 0.595926356 0.000000000
QJ:/crc/crr: 0.000000000 0.557340448 0.442659552
QJ:/crc/r: 0.510383301 0.195990533 0.293626166
QJ:/crrc/c: 0.371464750 0.628535250 0.000000000
QJ:/crrc/crr: 0.000000000 0.624288617 0.375711383
QJ:/crrc/r: 0.458960764 0.208299189 0.332740047
QJ:/rc/c: 0.200497290 0.799502710 0.000000000
QJ:/rc/crr: 0.000000000 0.408615911 0.591384089
QJ:/rc/r: 0.209548504 0.166624494 0.623827002
QJ:/rrc/c: 0.417282048 0.582717952 0.000000000
QJ:/rrc/crr: 0.000000000 0.496185526 0.503814474
QJ:/rrc/r: 0.258789571 0.171710604 0.569499825
QK:/cc/c: 0.745254191 0.254745809 0.000000000
QK:/cc/crr: 0.000000000 0.888293631 0.111706369
QK:/cc/r: 0.556938645 0.253246509 0.189814847
QK:/crc/c: 0.503122145 0.496877855 0.000000000
QK:/crc/crr: 0.000000000 0.629307993 0.370692007
QK:/crc/r: 0.502487775 0.287167074 0.210345150
QK:/crrc/c: 0.624401083 0.375598917 0.000000000
QK:/crrc/crr: 0.000000000 0.835800856 0.164199144
QK:/crrc/r: 0.582700887 0.262258030 0.155041084
QK:/rc/c: 0.598352107 0.401647893 0.000000000
QK:/rc/crr: 0.000000000 0.789736846 0.210263154
QK:/rc/r: 0.438461492 0.337007438 0.224531070
QK:/rrc/c: 0.459639355 0.540360645 0.000000000
QK:/rrc/crr: 0.000000000 0.689652913 0.310347087
QK:/rrc/r: 0.527679029 0.296769593 0.175551378
QQ:/cc/c: 0.894239993 0.105760007 0.000000000
QQ:/cc/crr: 0.000000000 0.930924980 0.069075020
QQ:/cc/r: 0.788114424 0.128505731 0.083379844
QQ:/crc/c: 0.549430159 0.450569841 0.000000000
QQ:/crc/crr: 0.000000000 0.626107426 0.373892574
QQ:/crc/r: 0.452884973 0.332864172 0.214250855
QQ:/crrc/c: 0.568821273 0.431178727 0.000000000
QQ:/crrc/crr: 0.000000000 0.733687245 0.266312755
QQ:/crrc/r: 0.585924702 0.285984460 0.128090839
QQ:/rc/c: 0.868719673 0.131280327 0.000000000
QQ:/rc/crr: 0.000000000 0.893182329 0.106817671
QQ:/rc/r: 0.748227831 0.155502606 0.096269562
QQ:/rrc/c: 0.670013849 0.329986151 0.000000000
QQ:/rrc/crr: 0.000000000 0.833765854 0.166234146
QQ:/rrc/r: 0.665497216 0.221823210 0.112679574
