J:/c: 0.208067673 0.791932327 0.000000000
J:/crr: 0.000000000 0.593957944 0.406042056
J:/r: 0.083282518 0.067210127 0.849507354
JJ:/cc/c: 0.921079692 0.078920308 0.000000000
JJ:/cc/crr: 0.000000000 0.933909462 0.066090538
JJ:/cc/r: 0.772047062 0.131197000 0.096755938
JJ:/crc/c: 0.617313921 0.382686079 0.000000000
JJ:/crc/crr: 0.000000000 0.641759892 0.358240108
JJ:/crc/r: 0.369944521 0.366641183 0.263414296
JJ:/crrc/c: 0.504502301 0.495497699 0.000000000
JJ:/crrc/crr: 0.000000000 0.585938053 0.414061947
JJ:/crrc/r: 0.473624873 0.344382962 0.181992165
JJ:/rc/c: 0.652267796 0.347732204 0.000000000
JJ:/rc/crr: 0.000000000 0.708050489 0.291949511
JJ:/rc/r: 0.625802772 0.245090792 0.129106435
JJ:/rrc/c: 0.594342090 0.405657910 0.000000000
JJ:/rrc/crr: 0.000000000 0.714742451 0.285257549
JJ:/rrc/r: 0.721903356 0.180473189 0.097623455
JK:/cc/c: 0.176942644 0.823057356 0.000000000
JK:/cc/crr: 0.000000000 0.409054520 0.590945480
JK:/cc/r: 0.163995533 0.132200543 0.703803923
JK:/crc/c: 0.325553488 0.674446512 0.000000000
JK:/crc/crr: 0.000000000 0.401265597 0.598734403
JK:/crc/r: 0.355224196 0.284633715 0.360142089
JK:/crrc/c: 0.399708016 0.600291984 0.000000000
JK:/crrc/crr: 0.000000000 0.484453727 0.515546273
JK:/crrc/r: 0.450422864 0.210612221 0.338964915
JK:/rc/c: 0.278764819 0.721235181 0.000000000
JK:/rc/crr: 0.000000000 0.443525989 0.556474011
JK:/rc/r: 0.270740046 0.177173554 0.552086400
JK:/rrc/c: 0.365703954 0.634296046 0.000000000
JK:/rrc/crr: 0.000000000 0.418334570 0.581665430
JK:/rrc/r: 0.289484986 0.164689008 0.545826006
JQ:/cc/c: 0.232573883 0.767426117 0.000000000
JQ:/cc/crr: 0.000000000 0.555145862 0.444854138
JQ:/cc/r: 0.151444230 0.131524789 0.717030981
JQ:/crc/c: 0.346760395 0.653239605 0.000000000
JQ:/crc/crr: 0.000000000 0.532388827 0.467611173
JQ:/crc/r: 0.332292302 0.228720682 0.438987016
JQ:/crrc/c: 0.427782313 0.572217687 0.000000000
JQ:/crrc/crr: 0.000000000 0.493571161 0.506428839
JQ:/crrc/r: 0.374361663 0.272185882 0.353452455
JQ:/rc/c: 0.271077181 0.728922819 0.000000000
JQ:/rc/crr: 0.000000000 0.375611378 0.624388622
JQ:/rc/r: 0.334551111 0.199124195 0.466324694
JQ:/rrc/c: 0.352607962 0.647392038 0.000000000
JQ:/rrc/crr: 0.000000000 0.316466857 0.683533143
JQ:/rrc/r: 0.268493337 0.169983789 0.561522874
K:/c: 0.817551504 0.182448496 0.000000000
K:/crr: 0.000000000 0.954869880 0.045130120
K:/r: 0.772417259 0.198396676 0.029186065
KJ:/cc/c: 0.757222729 0.242777271 0.000000000
KJ:/cc/crr: 0.000000000 0.821142385 0.178857615
KJ:/cc/r: 0.454375626 0.312048379 0.233575995
KJ:/crc/c: 0.698934749 0.301065251 0.000000000
KJ:/crc/crr: 0.000000000 0.834526026 0.165473974
KJ:/crc/r: 0.589524401 0.273899086 0.136576513
KJ:/crrc/c: 0.778010828 0.221989172 0.000000000
KJ:/crrc/crr: 0.000000000 0.865872280 0.134127720
KJ:/crrc/r: 0.618301590 0.258269796 0.123428614
KJ:/rc/c: 0.690484119 0.309515881 0.000000000
KJ:/rc/crr: 0.000000000 0.855033343 0.144966657
KJ:/rc/r: 0.604955685 0.221779926 0.173264389
KJ:/rrc/c: 0.769906875 0.230093125 0.000000000
KJ:/rrc/crr: 0.000000000 0.870348356 0.129651644
KJ:/rrc/r: 0.629019825 0.260542660 0.110437515
KK:/cc/c: 0.854326325 0.145673675 0.000000000
KK:/cc/crr: 0.000000000 0.878141992 0.121858008
KK:/cc/r: 0.772711075 0.129704101 0.097584824
KK:/crc/c: 0.749412068 0.250587932 0.000000000
KK:/crc/crr: 0.000000000 0.852688355 0.147311645
KK:/crc/r: 0.597773597 0.273906639 0.128319764
KK:/crrc/c: 0.808575202 0.191424798 0.000000000
KK:/crrc/crr: 0.000000000 0.908845552 0.091154448
KK:/crrc/r: 0.669669332 0.233735346 0.096595322
KK:/rc/c: 0.710424170 0.289575830 0.000000000
KK:/rc/crr: 0.000000000 0.744864568 0.255135432
KK:/rc/r: 0.550284751 0.291424748 0.158290500
KK:/rrc/c: 0.819562296 0.180437704 0.000000000
KK:/rrc/crr: 0.000000000 0.902336442 0.097663558
KK:/rrc/r: 0.749095655 0.175071164 0.075833180
KQ:/cc/c: 0.710308388 0.289691612 0.000000000
KQ:/cc/crr: 0.000000000 0.819855137 0.180144863
KQ:/cc/r: 0.512319712 0.262921556 0.224758732
KQ:/crc/c: 0.580864805 0.419135195 0.000000000
KQ:/crc/crr: 0.000000000 0.753566263 0.246433737
KQ:/crc/r: 0.537756972 0.288612749 0.173630279
KQ:/crrc/c: 0.682086066 0.317913934 0.000000000
KQ:/crrc/crr: 0.000000000 0.863487450 0.136512550
KQ:/crrc/r: 0.604616788 0.256312543 0.139070669
KQ:/rc/c: 0.495586136 0.504413864 0.000000000
KQ:/rc/crr: 0.000000000 0.778548064 0.221451936
KQ:/rc/r: 0.560916233 0.237257615 0.201826152
KQ:/rrc/c: 0.527582712 0.472417288 0.000000000
KQ:/rrc/crr: 0.000000000 0.854959426 0.145040574
KQ:/rrc/r: 0.613865011 0.267551780 0.118583210
Q:/c: 0.317720905 0.682279095 0.000000000
Q:/crr: 0.000000000 0.912758891 0.087241109
Q:/r: 0.146318129 0.425708672 0.427973199
QJ:/cc/c: 0.221673988 0.778326012 0.000000000
QJ:/cc/crr: 0.000000000 0.408338811 0.591661189
QJ:/cc/r: 0.213046124 0.138086513 0.648867363
QJ:/crc/c: 0.404146902 0.595853098 0.000000000
QJ:/crc/crr: 0.000000000 0.563407762 0.436592238
QJ:/crc/r: 0.513134710 0.194445530 0.292419760
QJ:/crrc/c: 0.369785190 0.630214810 0.000000000
QJ:/crrc/crr: 0.000000000 0.625036337 0.374963663
QJ:/crrc/r: 0.451580353 0.204745283 0.343674364
QJ:/rc/c: 0.195716870 0.804283130 0.000000000
QJ:/rc/crr: 0.000000000 0.404875178 0.595124822
QJ:/rc/r: 0.202888484 0.161328716 0.635782799
QJ:/rrc/c: 0.413989391 0.586010609 0.000000000
QJ:/rrc/crr: 0.000000000 0.492505090 0.507494910
QJ:/rrc/r: 0.254467946 0.168843144 0.576688911
QK:/cc/c: 0.749586251 0.250413749 0.000000000
QK:/cc/crr: 0.000000000 0.891106800 0.108893200
QK:/cc/r: 0.560980123 0.252022194 0.186997683
QK:/crc/c: 0.505609347 0.494390653 0.000000000
QK:/crc/crr: 0.000000000 0.642643181 0.357356819
QK:/crc/r: 0.506958740 0.284587152 0.208454107
QK:/crrc/c: 0.627360832 0.372639168 0.000000000
QK:/crrc/crr: 0.000000000 0.839097925 0.160902075
QK:/crrc/r: 0.585971423 0.260241979 0.153786599
QK:/rc/c: 0.606429750 0.393570250 0.000000000
QK:/rc/crr: 0.000000000 0.795697931 0.204302069
QK:/rc/r: 0.432995022 0.344121212 0.222883767
QK:/rrc/c: 0.454274007 0.545725993 0.000000000
QK:/rrc/crr: 0.000000000 0.693544273 0.306455727
QK:/rrc/r: 0.522918938 0.300324916 0.176756146
QQ:/cc/c: 0.898916244 0.101083756 0.000000000
QQ:/cc/crr: 0.000000000 0.934520618 0.065479382
QQ:/cc/r: 0.796528787 0.123402534 0.080068679
QQ:/crc/c: 0.554284014 0.445715986 0.000000000
QQ:/crc/crr: 0.000000000 0.628357124 0.371642876
QQ:/crc/r: 0.457853323 0.331154145 0.210992533
QQ:/crrc/c: 0.594813794 0.405186206 0.000000000
QQ:/crrc/crr: 0.000000000 0.750201925 0.249798075
QQ:/crrc/r: 0.598336380 0.277772914 0.123890705
QQ:/rc/c: 0.876284796 0.123715204 0.000000000
QQ:/rc/crr: 0.000000000 0.899729995 0.100270005
QQ:/rc/r: 0.758772078 0.148990140 0.092237782
QQ:/rrc/c: 0.686324530 0.313675470 0.000000000
QQ:/rrc/crr: 0.000000000 0.844989402 0.155010598
QQ:/rrc/r: 0.673115052 0.216771495 0.110113453
