J:/c: 0.204866533 0.795133467 0.000000000
J:/crr: 0.000000000 0.580609873 0.419390127
J:/r: 0.081717689 0.066192889 0.852089422
JJ:/cc/c: 0.922655577 0.077344423 0.000000000
JJ:/cc/crr: 0.000000000 0.935324785 0.064675215
JJ:/cc/r: 0.776271899 0.128765419 0.094962682
JJ:/crc/c: 0.623387108 0.376612892 0.000000000
JJ:/crc/crr: 0.000000000 0.616944188 0.383055812
JJ:/crc/r: 0.376728641 0.364166523 0.259104836
JJ:/crrc/c: 0.506797177 0.493202823 0.000000000
JJ:/crrc/crr: 0.000000000 0.590599769 0.409400231
JJ:/crrc/r: 0.479284353 0.341990257 0.178725390
JJ:/rc/c: 0.656285168 0.343714832 0.000000000
JJ:/rc/crr: 0.000000000 0.715345224 0.284654776
JJ:/rc/r: 0.630754791 0.241847331 0.127397878
JJ:/rrc/c: 0.597912548 0.402087452 0.000000000
JJ:/rrc/crr: 0.000000000 0.719422596 0.280577404
JJ:/rrc/r: 0.724759801 0.178619474 0.096620725
JK:/cc/c: 0.175511279 0.824488721 0.000000000
JK:/cc/crr: 0.000000000 0.405275953 0.594724047
JK:/cc/r: 0.161567051 0.130242888 0.708190061
JK:/crc/c: 0.323302134 0.676697866 0.000000000
JK:/crc/crr: 0.000000000 0.400932630 0.599067370
JK:/crc/r: 0.353572632 0.283310352 0.363117016
JK:/crrc/c: 0.397652000 0.602348000 0.000000000
JK:/crrc/crr: 0.000000000 0.482818467 0.517181533
JK:/crrc/r: 0.449412185 0.210134228 0.340453587
JK:/rc/c: 0.276824749 0.723175251 0.000000000
JK:/rc/crr: 0.000000000 0.442688742 0.557311258
JK:/rc/r: 0.268282604 0.175565393 0.556152003
JK:/rrc/c: 0.363831488 0.636168512 0.000000000
JK:/rrc/crr: 0.000000000 0.416061982 0.583938018
JK:/rrc/r: 0.286900325 0.163218586 0.549881089
JQ:/cc/c: 0.231033501 0.768966499 0.000000000
JQ:/cc/crr: 0.000000000 0.554823223 0.445176777
JQ:/cc/r: 0.149171408 0.129550911 0.721277681
JQ:/crc/c: 0.344285230 0.655714770 0.000000000
JQ:/crc/crr: 0.000000000 0.536885661 0.463114339
JQ:/crc/r: 0.330271503 0.227329742 0.442398755
JQ:/crrc/c: 0.423621848 0.576378152 0.000000000
JQ:/crrc/crr: 0.000000000 0.489928465 0.510071535
JQ:/crrc/r: 0.371792013 0.270317575 0.357890411
JQ:/rc/c: 0.269851036 0.730148964 0.000000000
JQ:/rc/crr: 0.000000000 0.373796289 0.626203711
JQ:/rc/r: 0.332000104 0.197605841 0.470394055
JQ:/rrc/c: 0.350180529 0.649819471 0.000000000
JQ:/rrc/crr: 0.000000000 0.314499016 0.685500984
JQ:/rrc/r: 0.266273330 0.168578297 0.565148373
K:/c: 0.820288597 0.179711403 0.000000000
K:/crr: 0.000000000 0.955585335 0.044414665
K:/r: 0.771620989 0.199867015 0.028511996
KJ:/cc/c: 0.759384597 0.240615403 0.000000000
KJ:/cc/crr: 0.000000000 0.823051460 0.176948540
KJ:/cc/r: 0.450286662 0.312817232 0.236896106
KJ:/crc/c: 0.703098225 0.296901775 0.000000000
KJ:/crc/crr: 0.000000000 0.837149137 0.162850863
KJ:/crc/r: 0.591386480 0.273255767 0.135357753
KJ:/crrc/c: 0.780432008 0.219567992 0.000000000
KJ:/crrc/crr: 0.000000000 0.867463625 0.132536375
KJ:/crrc/r: 0.620171866 0.257490748 0.122337386
KJ:/rc/c: 0.694160357 0.305839643 0.000000000
KJ:/rc/crr: 0.000000000 0.857485059 0.142514941
KJ:/rc/r: 0.606930154 0.221278654 0.171791193
KJ:/rrc/c: 0.771633192 0.228366808 0.000000000
KJ:/rrc/crr: 0.000000000 0.871784174 0.128215826
KJ:/rrc/r: 0.629852660 0.260603783 0.109543557
KK:/cc/c: 0.856019137 0.143980863 0.000000000
KK:/cc/crr: 0.000000000 0.880005381 0.119994619
KK:/cc/r: 0.775906078 0.127880849 0.096213073
KK:/crc/c: 0.757673949 0.242326051 0.000000000
KK:/crc/crr: 0.000000000 0.860051922 0.139948078
KK:/crc/r: 0.604907109 0.269048886 0.126044005
KK:/crrc/c: 0.813017773 0.186982227 0.000000000
KK:/crrc/crr: 0.000000000 0.910963868 0.089036132
KK:/crrc/r: 0.674350870 0.230422784 0.095226346
KK:/rc/c: 0.718537441 0.281462559 0.000000000
KK:/rc/crr: 0.000000000 0.755646955 0.244353045
KK:/rc/r: 0.556686045 0.287327108 0.155986847
KK:/rrc/c: 0.823906261 0.176093739 0.000000000
KK:/rrc/crr: 0.000000000 0.905154663 0.094845337
KK:/rrc/r: 0.753142576 0.172247382 0.074610041
KQ:/cc/c: 0.712109557 0.287890443 0.000000000
KQ:/cc/crr: 0.000000000 0.821258008 0.178741992
KQ:/cc/r: 0.510123296 0.266195734 0.223680969
KQ:/crc/c: 0.582459080 0.417540920 0.000000000
KQ:/crc/crr: 0.000000000 0.757119376 0.242880624
KQ:/crc/r: 0.538385124 0.288502433 0.173112443
KQ:/crrc/c: 0.683905702 0.316094298 0.000000000
KQ:/crrc/crr: 0.000000000 0.865284464 0.134715536
KQ:/crrc/r: 0.605870627 0.255956564 0.138172809
KQ:/rc/c: 0.496706678 0.503293322 0.000000000
KQ:/rc/crr: 0.000000000 0.782119273 0.217880727
KQ:/rc/r: 0.563496985 0.235923211 0.200579804
KQ:/rrc/c: 0.531625933 0.468374067 0.000000000
KQ:/rrc/crr: 0.000000000 0.856954368 0.143045632
KQ:/rrc/r: 0.612077239 0.270373526 0.117549235
Q:/c: 0.314336847 0.685663153 0.000000000
Q:/crr: 0.000000000 0.913419068 0.086580932
Q:/r: 0.149527324 0.427824018 0.422648658
QJ:/cc/c: 0.220274691 0.779725309 0.000000000
QJ:/cc/crr: 0.000000000 0.408357493 0.591642507
QJ:/cc/r: 0.209690934 0.135911836 0.654397230
QJ:/crc/c: 0.403890387 0.596109613 0.000000000
QJ:/crc/crr: 0.000000000 0.566766695 0.433233305
QJ:/crc/r: 0.514203293 0.193971398 0.291825309
QJ:/crrc/c: 0.368712379 0.631287621 0.000000000
QJ:/crrc/crr: 0.000000000 0.625477280 0.374522720
QJ:/crrc/r: 0.447657108 0.202946525 0.349396367
QJ:/rc/c: 0.193903656 0.806096344 0.000000000
QJ:/rc/crr: 0.000000000 0.403784545 0.596215455
QJ:/rc/r: 0.200162927 0.159161463 0.640675610
QJ:/rrc/c: 0.410959567 0.589040433 0.000000000
QJ:/rrc/crr: 0.000000000 0.490220622 0.509779378
QJ:/rrc/r: 0.252496501 0.167535061 0.579968438
QK:/cc/c: 0.751555179 0.248444821 0.000000000
QK:/cc/crr: 0.000000000 0.892393878 0.107606122
QK:/cc/r: 0.562325728 0.251917709 0.185756563
QK:/crc/c: 0.505749811 0.494250189 0.000000000
QK:/crc/crr: 0.000000000 0.648074106 0.351925894
QK:/crc/r: 0.509012784 0.283401543 0.207585673
QK:/crrc/c: 0.629542921 0.370457079 0.000000000
QK:/crrc/crr: 0.000000000 0.840663072 0.159336928
QK:/crrc/r: 0.586242960 0.260503539 0.153253501
QK:/rc/c: 0.610239767 0.389760233 0.000000000
QK:/rc/crr: 0.000000000 0.798407162 0.201592838
QK:/rc/r: 0.430953719 0.346637892 0.222408389
QK:/rrc/c: 0.455807318 0.544192682 0.000000000
QK:/rrc/crr: 0.000000000 0.696157204 0.303842796
QK:/rrc/r: 0.522051051 0.300707416 0.177241533
QQ:/cc/c: 0.900896237 0.099103763 0.000000000
QQ:/cc/crr: 0.000000000 0.935912096 0.064087904
QQ:/cc/r: 0.800525317 0.120978693 0.078495990
QQ:/crc/c: 0.556789553 0.443210447 0.000000000
QQ:/crc/crr: 0.000000000 0.630578950 0.369421050
QQ:/crc/r: 0.460170603 0.330292777 0.209536620
QQ:/crrc/c: 0.601653919 0.398346081 0.000000000
QQ:/crrc/crr: 0.000000000 0.761781390 0.238218610
QQ:/crrc/r: 0.603004649 0.274677290 0.122318062
QQ:/rc/c: 0.879676652 0.120323348 0.000000000
QQ:/rc/crr: 0.000000000 0.902318449 0.097681551
QQ:/rc/r: 0.764034444 0.145739933 0.090225623
QQ:/rrc/c: 0.694262325 0.305737675 0.000000000
QQ:/rrc/crr: 0.000000000 0.849442806 0.150557194
QQ:/rrc/r: 0.677136197 0.214104901 0.108758903
