J:/c: 0.261389823 0.738610177 0.000000000
J:/crr: 0.000000000 0.738384670 0.261615330
J:/r: 0.304353279 0.165823910 0.529822811
JJ:/cc/c: 0.728753039 0.271246961 0.000000000
JJ:/cc/crr: 0.000000000 0.667334098 0.332665902
JJ:/cc/r: 0.453419557 0.305998025 0.240582418
JJ:/crc/c: 0.426294542 0.573705458 0.000000000
JJ:/crc/crr: 0.000000000 0.310023401 0.689976599
JJ:/crc/r: 0.287888311 0.325647639 0.386464050
JJ:/crrc/c: 0.524264218 0.475735782 0.000000000
JJ:/crrc/crr: 0.000000000 0.660640721 0.339359279
JJ:/crrc/r: 0.454310029 0.313588535 0.232101436
JJ:/rc/c: 0.491546081 0.508453919 0.000000000
JJ:/rc/crr: 0.000000000 0.551002420 0.448997580
JJ:/rc/r: 0.455220559 0.317771077 0.227008364
JJ:/rrc/c: 0.508411111 0.491588889 0.000000000
JJ:/rrc/crr: 0.000000000 0.677884577 0.322115423
JJ:/rrc/r: 0.446672756 0.335383812 0.217943432
JK:/cc/c: 0.256868834 0.743131166 0.000000000
JK:/cc/crr: 0.000000000 0.498622418 0.501377582
JK:/cc/r: 0.325757203 0.262735530 0.411507267
JK:/crc/c: 0.433347026 0.566652974 0.000000000
JK:/crc/crr: 0.000000000 0.546525000 0.453475000
JK:/crc/r: 0.313253896 0.338531428 0.348214676
JK:/crrc/c: 0.489858228 0.510141772 0.000000000
JK:/crrc/crr: 0.000000000 0.345276137 0.654723863
JK:/crrc/r: 0.424516349 0.240111390 0.335372262
JK:/rc/c: 0.379119702 0.620880298 0.000000000
JK:/rc/crr: 0.000000000 0.579632078 0.420367922
JK:/rc/r: 0.364573691 0.256976261 0.378450048
JK:/rrc/c: 0.490691646 0.509308354 0.000000000
JK:/rrc/crr: 0.000000000 0.557460896 0.442539104
JK:/rrc/r: 0.441541654 0.254524308 0.303934038
JQ:/cc/c: 0.325327580 0.674672420 0.000000000
JQ:/cc/crr: 0.000000000 0.511218021 0.488781979
JQ:/cc/r: 0.292810649 0.254400321 0.452789030
JQ:/crc/c: 0.426903826 0.573096174 0.000000000
JQ:/crc/crr: 0.000000000 0.504485744 0.495514256
JQ:/crc/r: 0.299932138 0.269683211 0.430384651
JQ:/crrc/c: 0.520751812 0.479248188 0.000000000
JQ:/crrc/crr: 0.000000000 0.653534277 0.346465723
JQ:/crrc/r: 0.307390944 0.340233503 0.352375552
JQ:/rc/c: 0.404844098 0.595155902 0.000000000
JQ:/rc/crr: 0.000000000 0.554464437 0.445535563
JQ:/rc/r: 0.424459844 0.281542831 0.293997325
JQ:/rrc/c: 0.476382068 0.523617932 0.000000000
JQ:/rrc/crr: 0.000000000 0.425932887 0.574067113
JQ:/rrc/r: 0.404211220 0.256162189 0.339626591
K:/c: 0.572293999 0.427706001 0.000000000
K:/crr: 0.000000000 0.859448839 0.140551161
K:/r: 0.705114066 0.202588188 0.092297746
KJ:/cc/c: 0.642709995 0.357290005 0.000000000
KJ:/cc/crr: 0.000000000 0.716569220 0.283430780
KJ:/cc/r: 0.495857009 0.279612699 0.224530292
KJ:/crc/c: 0.472843434 0.527156566 0.000000000
KJ:/crc/crr: 0.000000000 0.425724992 0.574275008
KJ:/crc/r: 0.360746760 0.404450303 0.234802937
KJ:/crrc/c: 0.539722392 0.460277608 0.000000000
KJ:/crrc/crr: 0.000000000 0.536438809 0.463561191
KJ:/crrc/r: 0.453212972 0.309353762 0.237433266
KJ:/rc/c: 0.522028857 0.477971143 0.000000000
KJ:/rc/crr: 0.000000000 0.570570184 0.429429816
KJ:/rc/r: 0.458431708 0.274969183 0.266599109
KJ:/rrc/c: 0.532197486 0.467802514 0.000000000
KJ:/rrc/crr: 0.000000000 0.647437792 0.352562208
KJ:/rrc/r: 0.533721981 0.279917974 0.186360045
KK:/cc/c: 0.701770155 0.298229845 0.000000000
KK:/cc/crr: 0.000000000 0.656352371 0.343647629
KK:/cc/r: 0.554664413 0.254070900 0.191264686
KK:/crc/c: 0.367049975 0.632950025 0.000000000
KK:/crc/crr: 0.000000000 0.631057010 0.368942990
KK:/crc/r: 0.232881344 0.361104032 0.406014623
KK:/crrc/c: 0.504213530 0.495786470 0.000000000
KK:/crrc/crr: 0.000000000 0.372150275 0.627849725
KK:/crrc/r: 0.325901337 0.389299688 0.284798975
KK:/rc/c: 0.527323552 0.472676448 0.000000000
KK:/rc/crr: 0.000000000 0.603422620 0.396577380
KK:/rc/r: 0.312007309 0.380979818 0.307012873
KK:/rrc/c: 0.525049669 0.474950331 0.000000000
KK:/rrc/crr: 0.000000000 0.655851552 0.344148448
KK:/rrc/r: 0.313202524 0.442949717 0.243847759
KQ:/cc/c: 0.599908716 0.400091284 0.000000000
KQ:/cc/crr: 0.000000000 0.707514883 0.292485117
KQ:/cc/r: 0.497686030 0.237403669 0.264910302
KQ:/crc/c: 0.523542163 0.476457837 0.000000000
KQ:/crc/crr: 0.000000000 0.672267235 0.327732765
KQ:/crc/r: 0.348397862 0.389281908 0.262320230
KQ:/crrc/c: 0.534990389 0.465009611 0.000000000
KQ:/crrc/crr: 0.000000000 0.665558800 0.334441200
KQ:/crrc/r: 0.441715207 0.309646422 0.248638371
KQ:/rc/c: 0.469597018 0.530402982 0.000000000
KQ:/rc/crr: 0.000000000 0.455674430 0.544325570
KQ:/rc/r: 0.432755469 0.299188495 0.268056036
KQ:/rrc/c: 0.449233427 0.550766573 0.000000000
KQ:/rrc/crr: 0.000000000 0.522077090 0.477922910
KQ:/rrc/r: 0.547377157 0.256161266 0.196461576
Q:/c: 0.361907587 0.638092413 0.000000000
Q:/crr: 0.000000000 0.819992185 0.180007815
Q:/r: 0.457549011 0.342065607 0.200385382
QJ:/cc/c: 0.314875021 0.685124979 0.000000000
QJ:/cc/crr: 0.000000000 0.416754766 0.583245234
QJ:/cc/r: 0.385895457 0.250119351 0.363985192
QJ:/crc/c: 0.482910679 0.517089321 0.000000000
QJ:/crc/crr: 0.000000000 0.478708612 0.521291388
QJ:/crc/r: 0.367601174 0.259292595 0.373106230
QJ:/crrc/c: 0.422889808 0.577110192 0.000000000
QJ:/crrc/crr: 0.000000000 0.401524111 0.598475889
QJ:/crrc/r: 0.408042081 0.290811272 0.301146647
QJ:/rc/c: 0.371233123 0.628766877 0.000000000
QJ:/rc/crr: 0.000000000 0.473080797 0.526919203
QJ:/rc/r: 0.359174338 0.302105093 0.338720568
QJ:/rrc/c: 0.487937748 0.512062252 0.000000000
QJ:/rrc/crr: 0.000000000 0.507959595 0.492040405
QJ:/rrc/r: 0.395669253 0.262532242 0.341798505
QK:/cc/c: 0.614778051 0.385221949 0.000000000
QK:/cc/crr: 0.000000000 0.773775625 0.226224375
QK:/cc/r: 0.467855330 0.267874874 0.264269797
QK:/crc/c: 0.479992892 0.520007108 0.000000000
QK:/crc/crr: 0.000000000 0.532983357 0.467016643
QK:/crc/r: 0.371843525 0.343840342 0.284316133
QK:/crrc/c: 0.533838815 0.466161185 0.000000000
QK:/crrc/crr: 0.000000000 0.519242424 0.480757576
QK:/crrc/r: 0.462346686 0.315138617 0.222514697
QK:/rc/c: 0.461246355 0.538753645 0.000000000
QK:/rc/crr: 0.000000000 0.399097401 0.600902599
QK:/rc/r: 0.365927579 0.344562940 0.289509481
QK:/rrc/c: 0.525922621 0.474077379 0.000000000
QK:/rrc/crr: 0.000000000 0.562050398 0.437949602
QK:/rrc/r: 0.503690039 0.278046131 0.218263830
QQ:/cc/c: 0.707888350 0.292111650 0.000000000
QQ:/cc/crr: 0.000000000 0.692877529 0.307122471
QQ:/cc/r: 0.518036462 0.292304062 0.189659477
QQ:/crc/c: 0.351654568 0.648345432 0.000000000
QQ:/crc/crr: 0.000000000 0.472319222 0.527680778
QQ:/crc/r: 0.300133305 0.341760481 0.358106213
QQ:/crrc/c: 0.612827011 0.387172989 0.000000000
QQ:/crrc/crr: 0.000000000 0.338728266 0.661271734
QQ:/crrc/r: 0.262618903 0.365190410 0.372190687
QQ:/rc/c: 0.533928156 0.466071844 0.000000000
QQ:/rc/crr: 0.000000000 0.372280020 0.627719980
QQ:/rc/r: 0.341932161 0.359808896 0.298258943
QQ:/rrc/c: 0.455507206 0.544492794 0.000000000
QQ:/rrc/crr: 0.000000000 0.669826841 0.330173159
QQ:/rrc/r: 0.377715626 0.362626576 0.259657799
