J:/c: 0.205088895 0.794911105 0.000000000
J:/crr: 0.000000000 0.553294204 0.446705796
J:/r: 0.076588755 0.063818661 0.859592583
JJ:/cc/c: 0.927951768 0.072048232 0.000000000
JJ:/cc/crr: 0.000000000 0.939913689 0.060086311
JJ:/cc/r: 0.791344978 0.120090195 0.088564827
JJ:/crc/c: 0.639169136 0.360830864 0.000000000
JJ:/crc/crr: 0.000000000 0.539456626 0.460543374
JJ:/crc/r: 0.404829820 0.354720251 0.240449929
JJ:/crrc/c: 0.511239801 0.488760199 0.000000000
JJ:/crrc/crr: 0.000000000 0.608535741 0.391464259
JJ:/crrc/r: 0.500413423 0.332679901 0.166906676
JJ:/rc/c: 0.669934179 0.330065821 0.000000000
JJ:/rc/crr: 0.000000000 0.732938727 0.267061273
JJ:/rc/r: 0.652193003 0.227805783 0.120001214
JJ:/rrc/c: 0.614819407 0.385180593 0.000000000
JJ:/rrc/crr: 0.000000000 0.739027476 0.260972524
JJ:/rrc/r: 0.735040438 0.171947767 0.093011795
JK:/cc/c: 0.171455949 0.828544051 0.000000000
JK:/cc/crr: 0.000000000 0.395692532 0.604307468
JK:/cc/r: 0.153806413 0.123986861 0.722206726
JK:/crc/c: 0.311077557 0.688922443 0.000000000
JK:/crc/crr: 0.000000000 0.396978610 0.603021390
JK:/crc/r: 0.347165554 0.278176494 0.374657952
JK:/crrc/c: 0.392003208 0.607996792 0.000000000
JK:/crrc/crr: 0.000000000 0.478321725 0.521678275
JK:/crrc/r: 0.445763477 0.208120455 0.346116068
JK:/rc/c: 0.268751386 0.731248614 0.000000000
JK:/rc/crr: 0.000000000 0.438177251 0.561822749
JK:/rc/r: 0.259102981 0.169558205 0.571338814
JK:/rrc/c: 0.356061606 0.643938394 0.000000000
JK:/rrc/crr: 0.000000000 0.408712959 0.591287041
JK:/rrc/r: 0.278081840 0.158201719 0.563716441
JQ:/cc/c: 0.225592440 0.774407560 0.000000000
JQ:/cc/crr: 0.000000000 0.553181848 0.446818152
JQ:/cc/r: 0.141239226 0.122662047 0.736098727
JQ:/crc/c: 0.337948808 0.662051192 0.000000000
JQ:/crc/crr: 0.000000000 0.551813226 0.448186774
JQ:/crc/r: 0.321680076 0.221416163 0.456903762
JQ:/crrc/c: 0.407319945 0.592680055 0.000000000
JQ:/crrc/crr: 0.000000000 0.480798448 0.519201552
JQ:/crrc/r: 0.363097796 0.263996300 0.372905904
JQ:/rc/c: 0.264763554 0.735236446 0.000000000
JQ:/rc/crr: 0.000000000 0.367542539 0.632457461
JQ:/rc/r: 0.323436271 0.192508664 0.484055065
JQ:/rrc/c: 0.343760522 0.656239478 0.000000000
JQ:/rrc/crr: 0.000000000 0.307083547 0.692916453
JQ:/rrc/r: 0.259260265 0.164138309 0.576601426
K:/c: 0.816360817 0.183639183 0.000000000
K:/crr: 0.000000000 0.958013705 0.041986295
K:/r: 0.764321741 0.209546973 0.026131286
KJ:/cc/c: 0.765004496 0.234995504 0.000000000
KJ:/cc/crr: 0.000000000 0.828074158 0.171925842
KJ:/cc/r: 0.439093371 0.315742586 0.245164044
KJ:/crc/c: 0.716276709 0.283723291 0.000000000
KJ:/crc/crr: 0.000000000 0.845913395 0.154086605
KJ:/crc/r: 0.597637340 0.271074829 0.131287831
KJ:/crrc/c: 0.788807886 0.211192114 0.000000000
KJ:/crrc/crr: 0.000000000 0.873099389 0.126900611
KJ:/crrc/r: 0.624922453 0.256563515 0.118514033
KJ:/rc/c: 0.707606506 0.292393494 0.000000000
KJ:/rc/crr: 0.000000000 0.865149128 0.134850872
KJ:/rc/r: 0.615061930 0.218874329 0.166063741
KJ:/rrc/c: 0.778595036 0.221404964 0.000000000
KJ:/rrc/crr: 0.000000000 0.876946474 0.123053526
KJ:/rrc/r: 0.631051242 0.262719879 0.106228880
KK:/cc/c: 0.862751904 0.137248096 0.000000000
KK:/cc/crr: 0.000000000 0.886931287 0.113068713
KK:/cc/r: 0.788205727 0.120861964 0.090932309
KK:/crc/c: 0.782916521 0.217083479 0.000000000
KK:/crc/crr: 0.000000000 0.881577216 0.118422784
KK:/crc/r: 0.630436115 0.251664239 0.117899646
KK:/crrc/c: 0.826979799 0.173020201 0.000000000
KK:/crrc/crr: 0.000000000 0.918254860 0.081745140
KK:/crrc/r: 0.689030496 0.220035775 0.090933728
KK:/rc/c: 0.752855445 0.247144555 0.000000000
KK:/rc/crr: 0.000000000 0.793638398 0.206361602
KK:/rc/r: 0.582351662 0.270855059 0.146793279
KK:/rrc/c: 0.839008572 0.160991428 0.000000000
KK:/rrc/crr: 0.000000000 0.913585028 0.086414972
KK:/rrc/r: 0.766833037 0.162694718 0.070472245
KQ:/cc/c: 0.718455432 0.281544568 0.000000000
KQ:/cc/crr: 0.000000000 0.825947820 0.174052180
KQ:/cc/r: 0.505099800 0.274361976 0.220538224
KQ:/crc/c: 0.587048064 0.412951936 0.000000000
KQ:/crc/crr: 0.000000000 0.768750216 0.231249784
KQ:/crc/r: 0.529964779 0.296928373 0.173106848
KQ:/crrc/c: 0.689935925 0.310064075 0.000000000
KQ:/crrc/crr: 0.000000000 0.871430978 0.128569022
KQ:/crrc/r: 0.599164760 0.267317361 0.133517879
KQ:/rc/c: 0.511545986 0.488454014 0.000000000
KQ:/rc/crr: 0.000000000 0.793578835 0.206421165
KQ:/rc/r: 0.564411049 0.239399002 0.196189949
KQ:/rrc/c: 0.542937437 0.457062563 0.000000000
KQ:/rrc/crr: 0.000000000 0.863819747 0.136180253
KQ:/rrc/r: 0.606906778 0.279372011 0.113721211
Q:/c: 0.298712237 0.701287763 0.000000000
Q:/crr: 0.000000000 0.915781725 0.084218275
Q:/r: 0.154187545 0.437558184 0.408254270
QJ:/cc/c: 0.214548989 0.785451011 0.000000000
QJ:/cc/crr: 0.000000000 0.406904943 0.593095057
QJ:/cc/r: 0.197806082 0.128208632 0.673985286
QJ:/crc/c: 0.399605234 0.600394766 0.000000000
QJ:/crc/crr: 0.000000000 0.581700392 0.418299608
QJ:/crc/r: 0.511981464 0.191619061 0.296399475
QJ:/crrc/c: 0.359123166 0.640876834 0.000000000
QJ:/crrc/crr: 0.000000000 0.625620752 0.374379248
QJ:/crrc/r: 0.430936630 0.195751912 0.373311459
QJ:/rc/c: 0.187088872 0.812911128 0.000000000
QJ:/rc/crr: 0.000000000 0.399419550 0.600580450
QJ:/rc/r: 0.190014764 0.151092054 0.658893182
QJ:/rrc/c: 0.406478353 0.593521647 0.000000000
QJ:/rrc/crr: 0.000000000 0.484627804 0.515372196
QJ:/rrc/r: 0.245473899 0.162875464 0.591650637
QK:/cc/c: 0.758450309 0.241549691 0.000000000
QK:/cc/crr: 0.000000000 0.896912931 0.103087069
QK:/cc/r: 0.564753243 0.254049499 0.181197258
QK:/crc/c: 0.506215839 0.493784161 0.000000000
QK:/crc/crr: 0.000000000 0.665795034 0.334204966
QK:/crc/r: 0.515337837 0.280006416 0.204655747
QK:/crrc/c: 0.634233553 0.365766447 0.000000000
QK:/crrc/crr: 0.000000000 0.845627298 0.154372702
QK:/crrc/r: 0.589108378 0.259281043 0.151610579
QK:/rc/c: 0.625664035 0.374335965 0.000000000
QK:/rc/crr: 0.000000000 0.808502355 0.191497645
QK:/rc/r: 0.420902057 0.360326746 0.218771198
QK:/rrc/c: 0.451153325 0.548846675 0.000000000
QK:/rrc/crr: 0.000000000 0.704959680 0.295040320
QK:/rrc/r: 0.505280300 0.316636569 0.178083130
QQ:/cc/c: 0.908173333 0.091826667 0.000000000
QQ:/cc/crr: 0.000000000 0.941216484 0.058783516
QQ:/cc/r: 0.814593207 0.112446708 0.072960085
QQ:/crc/c: 0.568492855 0.431507145 0.000000000
QQ:/crc/crr: 0.000000000 0.605939600 0.394060400
QQ:/crc/r: 0.470767285 0.326056439 0.203176276
QQ:/crrc/c: 0.637849231 0.362150769 0.000000000
QQ:/crrc/crr: 0.000000000 0.789105518 0.210894482
QQ:/crrc/r: 0.624081828 0.260116283 0.115801889
QQ:/rc/c: 0.892207320 0.107792680 0.000000000
QQ:/rc/crr: 0.000000000 0.912542543 0.087457457
QQ:/rc/r: 0.780689909 0.135452981 0.083857110
QQ:/rrc/c: 0.719220415 0.280779585 0.000000000
QQ:/rrc/crr: 0.000000000 0.865617993 0.134382007
QQ:/rrc/r: 0.690646584 0.205145581 0.104207835
