J:/c: 0.208122709 0.791877291 0.000000000
J:/crr: 0.000000000 0.536231423 0.463768577
J:/r: 0.073686274 0.063283203 0.863030523
JJ:/cc/c: 0.931251921 0.068748079 0.000000000
JJ:/cc/crr: 0.000000000 0.942777675 0.057222325
JJ:/cc/r: 0.800444241 0.114853167 0.084702592
JJ:/crc/c: 0.644377392 0.355622608 0.000000000
JJ:/crc/crr: 0.000000000 0.545644645 0.454355355
JJ:/crc/r: 0.421634753 0.349376675 0.228988572
JJ:/crrc/c: 0.519443898 0.480556102 0.000000000
JJ:/crrc/crr: 0.000000000 0.621402745 0.378597255
JJ:/crrc/r: 0.514509066 0.325889804 0.159601130
JJ:/rc/c: 0.679018829 0.320981171 0.000000000
JJ:/rc/crr: 0.000000000 0.747775723 0.252224277
JJ:/rc/r: 0.664786177 0.219557536 0.115656287
JJ:/rrc/c: 0.629328073 0.370671927 0.000000000
JJ:/rrc/crr: 0.000000000 0.752698964 0.247301036
JJ:/rrc/r: 0.741404639 0.167817664 0.090777696
JK:/cc/c: 0.168885131 0.831114869 0.000000000
JK:/cc/crr: 0.000000000 0.390987375 0.609012625
JK:/cc/r: 0.148723208 0.119889173 0.731387619
JK:/crc/c: 0.303288250 0.696711750 0.000000000
JK:/crc/crr: 0.000000000 0.392782066 0.607217934
JK:/crc/r: 0.342689678 0.274590068 0.382720253
JK:/crrc/c: 0.387463983 0.612536017 0.000000000
JK:/crrc/crr: 0.000000000 0.475412786 0.524587214
JK:/crrc/r: 0.442506123 0.206545127 0.350948750
JK:/rc/c: 0.263798431 0.736201569 0.000000000
JK:/rc/crr: 0.000000000 0.434503044 0.565496956
JK:/rc/r: 0.253224058 0.165711010 0.581064931
JK:/rrc/c: 0.351304656 0.648695344 0.000000000
JK:/rrc/crr: 0.000000000 0.404526140 0.595473860
JK:/rrc/r: 0.273414751 0.155546596 0.571038652
JQ:/cc/c: 0.221777890 0.778222110 0.000000000
JQ:/cc/crr: 0.000000000 0.552329359 0.447670641
JQ:/cc/r: 0.135915972 0.118038960 0.746045068
JQ:/crc/c: 0.334493715 0.665506285 0.000000000
JQ:/crc/crr: 0.000000000 0.556790849 0.443209151
JQ:/crc/r: 0.315920575 0.217451831 0.466627595
JQ:/crrc/c: 0.397019559 0.602980441 0.000000000
JQ:/crrc/crr: 0.000000000 0.472704400 0.527295600
JQ:/crrc/r: 0.357718501 0.260085194 0.382196305
JQ:/rc/c: 0.259604915 0.740395085 0.000000000
JQ:/rc/crr: 0.000000000 0.363198111 0.636801889
JQ:/rc/r: 0.317957928 0.189247964 0.492794108
JQ:/rrc/c: 0.340321277 0.659678723 0.000000000
JQ:/rrc/crr: 0.000000000 0.303389772 0.696610228
JQ:/rrc/r: 0.254862933 0.161354346 0.583782721
K:/c: 0.818041215 0.181958785 0.000000000
K:/crr: 0.000000000 0.959536140 0.040463860
K:/r: 0.763198242 0.212219035 0.024582723
KJ:/cc/c: 0.768724205 0.231275795 0.000000000
KJ:/cc/crr: 0.000000000 0.830989985 0.169010015
KJ:/cc/r: 0.433683297 0.317840384 0.248476319
KJ:/crc/c: 0.725089628 0.274910372 0.000000000
KJ:/crc/crr: 0.000000000 0.852001191 0.147998809
KJ:/crc/r: 0.602845070 0.268653139 0.128501792
KJ:/crrc/c: 0.794379053 0.205620947 0.000000000
KJ:/crrc/crr: 0.000000000 0.876263748 0.123736252
KJ:/crrc/r: 0.627789551 0.256064019 0.116146430
KJ:/rc/c: 0.714798527 0.285201473 0.000000000
KJ:/rc/crr: 0.000000000 0.869982149 0.130017851
KJ:/rc/r: 0.619941046 0.218087712 0.161971242
KJ:/rrc/c: 0.783636882 0.216363118 0.000000000
KJ:/rrc/crr: 0.000000000 0.880051135 0.119948865
KJ:/rrc/r: 0.634234020 0.261495023 0.104270957
KK:/cc/c: 0.867381992 0.132618008 0.000000000
KK:/cc/crr: 0.000000000 0.891516946 0.108483054
KK:/cc/r: 0.795332644 0.116794936 0.087872420
KK:/crc/c: 0.797756811 0.202243189 0.000000000
KK:/crc/crr: 0.000000000 0.892328713 0.107671287
KK:/crc/r: 0.646736181 0.240564281 0.112699539
KK:/crrc/c: 0.835775795 0.164224205 0.000000000
KK:/crrc/crr: 0.000000000 0.922912638 0.077087362
KK:/crrc/r: 0.698594436 0.213268523 0.088137040
KK:/rc/c: 0.773456475 0.226543525 0.000000000
KK:/rc/crr: 0.000000000 0.814851420 0.185148580
KK:/rc/r: 0.599760419 0.259565059 0.140674522
KK:/rrc/c: 0.848361160 0.151638840 0.000000000
KK:/rrc/crr: 0.000000000 0.918887782 0.081112218
KK:/rrc/r: 0.775373083 0.156735811 0.067891106
KQ:/cc/c: 0.722095255 0.277904745 0.000000000
KQ:/cc/crr: 0.000000000 0.829156816 0.170843184
KQ:/cc/r: 0.503473368 0.277500087 0.219026545
KQ:/crc/c: 0.586217733 0.413782267 0.000000000
KQ:/crc/crr: 0.000000000 0.774413856 0.225586144
KQ:/crc/r: 0.525362111 0.300197920 0.174439969
KQ:/crrc/c: 0.694124249 0.305875751 0.000000000
KQ:/crrc/crr: 0.000000000 0.875270154 0.124729846
KQ:/crrc/r: 0.599900606 0.268997198 0.131102196
KQ:/rc/c: 0.527163365 0.472836635 0.000000000
KQ:/rc/crr: 0.000000000 0.800889334 0.199110666
KQ:/rc/r: 0.567800038 0.239064133 0.193135830
KQ:/rrc/c: 0.549104106 0.450895894 0.000000000
KQ:/rrc/crr: 0.000000000 0.868340562 0.131659438
KQ:/rrc/r: 0.604562225 0.284239231 0.111198544
Q:/c: 0.296366359 0.703633641 0.000000000
Q:/crr: 0.000000000 0.917325890 0.082674110
Q:/r: 0.152174526 0.441753175 0.406072299
QJ:/cc/c: 0.210896135 0.789103865 0.000000000
QJ:/cc/crr: 0.000000000 0.403917910 0.596082090
QJ:/cc/r: 0.190211986 0.123286495 0.686501519
QJ:/crc/c: 0.399237733 0.600762267 0.000000000
QJ:/crc/crr: 0.000000000 0.590117888 0.409882112
QJ:/crc/r: 0.513427159 0.190177545 0.296395296
QJ:/crrc/c: 0.356988641 0.643011359 0.000000000
QJ:/crrc/crr: 0.000000000 0.626097505 0.373902495
QJ:/crrc/r: 0.418627172 0.190204056 0.391168772
QJ:/rc/c: 0.181371214 0.818628786 0.000000000
QJ:/rc/crr: 0.000000000 0.394308693 0.605691307
QJ:/rc/r: 0.183519367 0.145927178 0.670553455
QJ:/rrc/c: 0.399920816 0.600079184 0.000000000
QJ:/rrc/crr: 0.000000000 0.481996613 0.518003387
QJ:/rrc/r: 0.240352653 0.159477444 0.600169903
QK:/cc/c: 0.763089596 0.236910404 0.000000000
QK:/cc/crr: 0.000000000 0.899725577 0.100274423
QK:/cc/r: 0.564551387 0.257452609 0.177996004
QK:/crc/c: 0.508560720 0.491439280 0.000000000
QK:/crc/crr: 0.000000000 0.674504300 0.325495700
QK:/crc/r: 0.519105695 0.278132063 0.202762242
QK:/crrc/c: 0.634095681 0.365904319 0.000000000
QK:/crrc/crr: 0.000000000 0.848384653 0.151615347
QK:/crrc/r: 0.591044230 0.258489191 0.150466579
QK:/rc/c: 0.631829085 0.368170915 0.000000000
QK:/rc/crr: 0.000000000 0.814491610 0.185508390
QK:/rc/r: 0.410992243 0.371194047 0.217813710
QK:/rrc/c: 0.451778438 0.548221562 0.000000000
QK:/rrc/crr: 0.000000000 0.709669852 0.290330148
QK:/rrc/r: 0.497348254 0.321466996 0.181184750
QQ:/cc/c: 0.912744973 0.087255027 0.000000000
QQ:/cc/crr: 0.000000000 0.944455910 0.055544090
QQ:/cc/r: 0.823585513 0.106992996 0.069421490
QQ:/crc/c: 0.575956374 0.424043626 0.000000000
QQ:/crc/crr: 0.000000000 0.564241469 0.435758531
QQ:/crc/r: 0.477755460 0.323312448 0.198932092
QQ:/crrc/c: 0.660883186 0.339116814 0.000000000
QQ:/crrc/crr: 0.000000000 0.810014152 0.189985848
QQ:/crrc/r: 0.639016620 0.249782166 0.111201214
QQ:/rc/c: 0.899685679 0.100314321 0.000000000
QQ:/rc/crr: 0.000000000 0.918449996 0.081550004
QQ:/rc/r: 0.791110562 0.129016850 0.079872588
QQ:/rrc/c: 0.736646649 0.263353351 0.000000000
QQ:/rrc/crr: 0.000000000 0.874929334 0.125070666
QQ:/rrc/r: 0.700767989 0.198433641 0.100798370
