J:/c: 0.212991535 0.787008465 0.000000000
J:/crr: 0.000000000 0.541760635 0.458239365
J:/r: 0.073178523 0.063045149 0.863776328
JJ:/cc/c: 0.932230064 0.067769936 0.000000000
JJ:/cc/crr: 0.000000000 0.943619362 0.056380638
JJ:/cc/r: 0.803261906 0.113231476 0.083506618
JJ:/crc/c: 0.646874276 0.353125724 0.000000000
JJ:/crc/crr: 0.000000000 0.551708929 0.448291071
JJ:/crc/r: 0.428143088 0.347340855 0.224516056
JJ:/crrc/c: 0.521949551 0.478050449 0.000000000
JJ:/crrc/crr: 0.000000000 0.625839854 0.374160146
JJ:/crrc/r: 0.520595093 0.322852129 0.156552779
JJ:/rc/c: 0.682834544 0.317165456 0.000000000
JJ:/rc/crr: 0.000000000 0.754552052 0.245447948
JJ:/rc/r: 0.668880349 0.216875946 0.114243706
JJ:/rrc/c: 0.632892903 0.367107097 0.000000000
JJ:/rrc/crr: 0.000000000 0.756249356 0.243750644
JJ:/rrc/r: 0.743852834 0.166228887 0.089918278
JK:/cc/c: 0.167958010 0.832041990 0.000000000
JK:/cc/crr: 0.000000000 0.388743573 0.611256427
JK:/cc/r: 0.147236076 0.118690362 0.734073561
JK:/crc/c: 0.300062687 0.699937313 0.000000000
JK:/crc/crr: 0.000000000 0.391220802 0.608779198
JK:/crc/r: 0.341418797 0.273571738 0.385009465
JK:/crrc/c: 0.386360721 0.613639279 0.000000000
JK:/crrc/crr: 0.000000000 0.474370255 0.525629745
JK:/crrc/r: 0.441518177 0.206083991 0.352397832
JK:/rc/c: 0.262472431 0.737527569 0.000000000
JK:/rc/crr: 0.000000000 0.433394640 0.566605360
JK:/rc/r: 0.251262589 0.164427415 0.584309996
JK:/rrc/c: 0.350163505 0.649836495 0.000000000
JK:/rrc/crr: 0.000000000 0.403179054 0.596820946
JK:/rrc/r: 0.271759594 0.154604972 0.573635434
JQ:/cc/c: 0.220596473 0.779403527 0.000000000
JQ:/cc/crr: 0.000000000 0.551340577 0.448659423
JQ:/cc/r: 0.134291924 0.116628523 0.749079554
JQ:/crc/c: 0.333542788 0.666457212 0.000000000
JQ:/crc/crr: 0.000000000 0.557443641 0.442556359
JQ:/crc/r: 0.314169837 0.216246778 0.469583385
JQ:/crrc/c: 0.394277799 0.605722201 0.000000000
JQ:/crrc/crr: 0.000000000 0.470294614 0.529705386
JQ:/crrc/r: 0.356156887 0.258949796 0.384893317
JQ:/rc/c: 0.258402226 0.741597774 0.000000000
JQ:/rc/crr: 0.000000000 0.361862182 0.638137818
JQ:/rc/r: 0.316396356 0.188318519 0.495285125
JQ:/rrc/c: 0.339468507 0.660531493 0.000000000
JQ:/rrc/crr: 0.000000000 0.302151533 0.697848467
JQ:/rrc/r: 0.253590681 0.160548881 0.585860438
K:/c: 0.819334027 0.180665973 0.000000000
K:/crr: 0.000000000 0.959995462 0.040004538
K:/r: 0.765266741 0.210613029 0.024120230
KJ:/cc/c: 0.769751388 0.230248612 0.000000000
KJ:/cc/crr: 0.000000000 0.831936265 0.168063735
KJ:/cc/r: 0.430786400 0.318435645 0.250777955
KJ:/crc/c: 0.727751633 0.272248367 0.000000000
KJ:/crc/crr: 0.000000000 0.853564133 0.146435867
KJ:/crc/r: 0.605234594 0.267115092 0.127650314
KJ:/crrc/c: 0.796022811 0.203977189 0.000000000
KJ:/crrc/crr: 0.000000000 0.877278099 0.122721901
KJ:/crrc/r: 0.627585837 0.257082100 0.115332063
KJ:/rc/c: 0.717162285 0.282837715 0.000000000
KJ:/rc/crr: 0.000000000 0.871311418 0.128688582
KJ:/rc/r: 0.622491578 0.216699288 0.160809134
KJ:/rrc/c: 0.785232981 0.214767019 0.000000000
KJ:/rrc/crr: 0.000000000 0.880957851 0.119042149
KJ:/rrc/r: 0.634594836 0.261764066 0.103641097
KK:/cc/c: 0.868870926 0.131129074 0.000000000
KK:/cc/crr: 0.000000000 0.892935312 0.107064688
KK:/cc/r: 0.797676811 0.115457220 0.086865969
KK:/crc/c: 0.801971486 0.198028514 0.000000000
KK:/crc/crr: 0.000000000 0.895520231 0.104479769
KK:/crc/r: 0.651836913 0.237090803 0.111072284
KK:/crrc/c: 0.838263992 0.161736008 0.000000000
KK:/crrc/crr: 0.000000000 0.924253914 0.075746086
KK:/crrc/r: 0.702165364 0.210741807 0.087092829
KK:/rc/c: 0.778674406 0.221325594 0.000000000
KK:/rc/crr: 0.000000000 0.819815212 0.180184788
KK:/rc/r: 0.604876826 0.256246945 0.138876229
KK:/rrc/c: 0.851038334 0.148961666 0.000000000
KK:/rrc/crr: 0.000000000 0.920439596 0.079560404
KK:/rrc/r: 0.778019209 0.154889448 0.067091343
KQ:/cc/c: 0.723143278 0.276856722 0.000000000
KQ:/cc/crr: 0.000000000 0.830211079 0.169788921
KQ:/cc/r: 0.502525228 0.278827286 0.218647486
KQ:/crc/c: 0.586395757 0.413604243 0.000000000
KQ:/crc/crr: 0.000000000 0.776078330 0.223921670
KQ:/crc/r: 0.523981935 0.299859349 0.176158716
KQ:/crrc/c: 0.695169731 0.304830269 0.000000000
KQ:/crrc/crr: 0.000000000 0.876369948 0.123630052
KQ:/crrc/r: 0.600798437 0.268696628 0.130504934
KQ:/rc/c: 0.531001184 0.468998816 0.000000000
KQ:/rc/crr: 0.000000000 0.802872722 0.197127278
KQ:/rc/r: 0.569233493 0.238422436 0.192344072
KQ:/rrc/c: 0.552082611 0.447917389 0.000000000
KQ:/rrc/crr: 0.000000000 0.869627990 0.130372010
KQ:/rrc/r: 0.602231621 0.287393813 0.110374566
Q:/c: 0.298701511 0.701298489 0.000000000
Q:/crr: 0.000000000 0.917908026 0.082091974
Q:/r: 0.150622852 0.441367318 0.408009830
QJ:/cc/c: 0.209565952 0.790434048 0.000000000
QJ:/cc/crr: 0.000000000 0.403145393 0.596854607
QJ:/cc/r: 0.187800152 0.121723257 0.690476591
QJ:/crc/c: 0.400009852 0.599990148 0.000000000
QJ:/crc/crr: 0.000000000 0.593129060 0.406870940
QJ:/crc/r: 0.514744486 0.189655021 0.295600493
QJ:/crrc/c: 0.355199386 0.644800614 0.000000000
QJ:/crrc/crr: 0.000000000 0.626566378 0.373433622
QJ:/crrc/r: 0.414647633 0.188395945 0.396956421
QJ:/rc/c: 0.180149667 0.819850333 0.000000000
QJ:/rc/crr: 0.000000000 0.392987599 0.607012401
QJ:/rc/r: 0.181465219 0.144293802 0.674240979
QJ:/rrc/c: 0.397495930 0.602504070 0.000000000
QJ:/rrc/crr: 0.000000000 0.480686610 0.519313390
QJ:/rrc/r: 0.238698353 0.158379792 0.602921855
QK:/cc/c: 0.764465836 0.235534164 0.000000000
QK:/cc/crr: 0.000000000 0.900576053 0.099423947
QK:/cc/r: 0.564823977 0.258153762 0.177022261
QK:/crc/c: 0.508772876 0.491227124 0.000000000
QK:/crc/crr: 0.000000000 0.676945660 0.323054340
QK:/crc/r: 0.520189915 0.277617762 0.202192323
QK:/crrc/c: 0.634637120 0.365362880 0.000000000
QK:/crrc/crr: 0.000000000 0.849335249 0.150664751
QK:/crrc/r: 0.590638039 0.259395760 0.149966201
QK:/rc/c: 0.634625843 0.365374157 0.000000000
QK:/rc/crr: 0.000000000 0.816338878 0.183661122
QK:/rc/r: 0.408981885 0.372484079 0.218534036
QK:/rrc/c: 0.453292123 0.546707877 0.000000000
QK:/rrc/crr: 0.000000000 0.711582755 0.288417245
QK:/rrc/r: 0.495133329 0.322929448 0.181937223
QQ:/cc/c: 0.914092576 0.085907424 0.000000000
QQ:/cc/crr: 0.000000000 0.945368196 0.054631804
QQ:/cc/r: 0.825987126 0.105536451 0.068476423
QQ:/crc/c: 0.577311999 0.422688001 0.000000000
QQ:/crc/crr: 0.000000000 0.560622638 0.439377362
QQ:/crc/r: 0.480122161 0.322290345 0.197587494
QQ:/crrc/c: 0.668355214 0.331644786 0.000000000
QQ:/crrc/crr: 0.000000000 0.816304147 0.183695853
QQ:/crrc/r: 0.643133717 0.246933344 0.109932939
QQ:/rc/c: 0.901385223 0.098614777 0.000000000
QQ:/rc/crr: 0.000000000 0.919938980 0.080061020
QQ:/rc/r: 0.794349940 0.127016105 0.078633954
QQ:/rrc/c: 0.741002343 0.258997657 0.000000000
QQ:/rrc/crr: 0.000000000 0.877656451 0.122343549
QQ:/rrc/r: 0.703608201 0.196550174 0.099841625
