J:/c: 0.214018741 0.785981259 0.000000000
J:/crr: 0.000000000 0.530068193 0.469931807
J:/r: 0.072963860 0.062252554 0.864783587
JJ:/cc/c: 0.933973889 0.066026111 0.000000000
JJ:/cc/crr: 0.000000000 0.945146686 0.054853314
JJ:/cc/r: 0.808731281 0.110083609 0.081185110
JJ:/crc/c: 0.651513656 0.348486344 0.000000000
JJ:/crc/crr: 0.000000000 0.567846968 0.432153032
JJ:/crc/r: 0.438062135 0.344350169 0.217587696
JJ:/crrc/c: 0.526240293 0.473759707 0.000000000
JJ:/crrc/crr: 0.000000000 0.633234790 0.366765210
JJ:/crrc/r: 0.529275718 0.318056837 0.152667445
JJ:/rc/c: 0.691032007 0.308967993 0.000000000
JJ:/rc/crr: 0.000000000 0.762977514 0.237022486
JJ:/rc/r: 0.676504667 0.211882188 0.111613145
JJ:/rrc/c: 0.640244148 0.359755852 0.000000000
JJ:/rrc/crr: 0.000000000 0.763879565 0.236120435
JJ:/rrc/r: 0.747935903 0.163579146 0.088484952
JK:/cc/c: 0.166526388 0.833473612 0.000000000
JK:/cc/crr: 0.000000000 0.385330454 0.614669546
JK:/cc/r: 0.144290669 0.116316002 0.739393329
JK:/crc/c: 0.296059559 0.703940441 0.000000000
JK:/crc/crr: 0.000000000 0.388941520 0.611058480
JK:/crc/r: 0.338657725 0.271359348 0.389982927
JK:/crrc/c: 0.384108209 0.615891791 0.000000000
JK:/crrc/crr: 0.000000000 0.472234666 0.527765334
JK:/crrc/r: 0.439065988 0.204939402 0.355994610
JK:/rc/c: 0.259069356 0.740930644 0.000000000
JK:/rc/crr: 0.000000000 0.431293043 0.568706957
JK:/rc/r: 0.247548780 0.161997081 0.590454139
JK:/rrc/c: 0.348118518 0.651881482 0.000000000
JK:/rrc/crr: 0.000000000 0.401367527 0.598632473
JK:/rrc/r: 0.268448259 0.152721142 0.578830599
JQ:/cc/c: 0.218561685 0.781438315 0.000000000
JQ:/cc/crr: 0.000000000 0.551996474 0.448003526
JQ:/cc/r: 0.131405888 0.114122087 0.754472025
JQ:/crc/c: 0.330495329 0.669504671 0.000000000
JQ:/crc/crr: 0.000000000 0.558743714 0.441256286
JQ:/crc/r: 0.310829113 0.213947318 0.475223568
JQ:/crrc/c: 0.387366927 0.612633073 0.000000000
JQ:/crrc/crr: 0.000000000 0.463484216 0.536515784
JQ:/crrc/r: 0.352544147 0.256323094 0.391132759
JQ:/rc/c: 0.256303109 0.743696891 0.000000000
JQ:/rc/crr: 0.000000000 0.359254813 0.640745187
JQ:/rc/r: 0.312534029 0.186019670 0.501446301
JQ:/rrc/c: 0.336194128 0.663805872 0.000000000
JQ:/rrc/crr: 0.000000000 0.299308334 0.700691666
JQ:/rrc/r: 0.251022318 0.158922844 0.590054838
K:/c: 0.825634849 0.174365151 0.000000000
K:/crr: 0.000000000 0.960854839 0.039145161
K:/r: 0.765517063 0.211229919 0.023253017
KJ:/cc/c: 0.771900571 0.228099429 0.000000000
KJ:/cc/crr: 0.000000000 0.833757504 0.166242496
KJ:/cc/r: 0.425809061 0.318895065 0.255295874
KJ:/crc/c: 0.732774516 0.267225484 0.000000000
KJ:/crc/crr: 0.000000000 0.856814913 0.143185087
KJ:/crc/r: 0.608253760 0.265718058 0.126028182
KJ:/crrc/c: 0.798863713 0.201136287 0.000000000
KJ:/crrc/crr: 0.000000000 0.879106853 0.120893147
KJ:/crrc/r: 0.629534512 0.256528232 0.113937256
KJ:/rc/c: 0.721963075 0.278036925 0.000000000
KJ:/rc/crr: 0.000000000 0.874266733 0.125733267
KJ:/rc/r: 0.625989839 0.215513030 0.158497130
KJ:/rrc/c: 0.788234220 0.211765780 0.000000000
KJ:/rrc/crr: 0.000000000 0.882789055 0.117210945
KJ:/rrc/r: 0.635472257 0.262112862 0.102414881
KK:/cc/c: 0.871208715 0.128791285 0.000000000
KK:/cc/crr: 0.000000000 0.895058113 0.104941887
KK:/cc/r: 0.801841892 0.113080386 0.085077722
KK:/crc/c: 0.810776593 0.189223407 0.000000000
KK:/crc/crr: 0.000000000 0.901647955 0.098352045
KK:/crc/r: 0.660973441 0.230869044 0.108157515
KK:/crrc/c: 0.843032943 0.156967057 0.000000000
KK:/crrc/crr: 0.000000000 0.926574656 0.073425344
KK:/crrc/r: 0.707639550 0.206868383 0.085492067
KK:/rc/c: 0.788682197 0.211317803 0.000000000
KK:/rc/crr: 0.000000000 0.828780522 0.171219478
KK:/rc/r: 0.614829079 0.249792668 0.135378253
KK:/rrc/c: 0.855805175 0.144194825 0.000000000
KK:/rrc/crr: 0.000000000 0.923072960 0.076927040
KK:/rrc/r: 0.783213792 0.151264873 0.065521335
KQ:/cc/c: 0.725588116 0.274411884 0.000000000
KQ:/cc/crr: 0.000000000 0.831922726 0.168077274
KQ:/cc/r: 0.501956057 0.280074822 0.217969120
KQ:/crc/c: 0.587504928 0.412495072 0.000000000
KQ:/crc/crr: 0.000000000 0.779113660 0.220886340
KQ:/crc/r: 0.522336845 0.300416868 0.177246287
KQ:/crrc/c: 0.697638052 0.302361948 0.000000000
KQ:/crrc/crr: 0.000000000 0.878487436 0.121512564
KQ:/crrc/r: 0.597675390 0.273325789 0.128998820
KQ:/rc/c: 0.539190651 0.460809349 0.000000000
KQ:/rc/crr: 0.000000000 0.807183477 0.192816523
KQ:/rc/r: 0.570668158 0.238851215 0.190480627
KQ:/rrc/c: 0.557439188 0.442560812 0.000000000
KQ:/rrc/crr: 0.000000000 0.872155662 0.127844338
KQ:/rrc/r: 0.601499799 0.289595131 0.108905070
Q:/c: 0.299436194 0.700563806 0.000000000
Q:/crr: 0.000000000 0.918885464 0.081114536
Q:/r: 0.151284947 0.444597981 0.404117072
QJ:/cc/c: 0.207475173 0.792524827 0.000000000
QJ:/cc/crr: 0.000000000 0.402805906 0.597194094
QJ:/cc/r: 0.183354267 0.118841643 0.697804090
QJ:/crc/c: 0.399296805 0.600703195 0.000000000
QJ:/crc/crr: 0.000000000 0.598259049 0.401740951
QJ:/crc/r: 0.515296453 0.188674999 0.296028547
QJ:/crrc/c: 0.353812886 0.646187114 0.000000000
QJ:/crrc/crr: 0.000000000 0.627749845 0.372250155
QJ:/crrc/r: 0.408798809 0.185738521 0.405462670
QJ:/rc/c: 0.177698684 0.822301316 0.000000000
QJ:/rc/crr: 0.000000000 0.390873866 0.609126134
QJ:/rc/r: 0.177670772 0.141276611 0.681052616
QJ:/rrc/c: 0.392865694 0.607134306 0.000000000
QJ:/rrc/crr: 0.000000000 0.477250942 0.522749058
QJ:/rrc/r: 0.235839951 0.156483201 0.607676849
QK:/cc/c: 0.766942999 0.233057001 0.000000000
QK:/cc/crr: 0.000000000 0.902145104 0.097854896
QK:/cc/r: 0.563856682 0.261149452 0.174993866
QK:/crc/c: 0.508913382 0.491086618 0.000000000
QK:/crc/crr: 0.000000000 0.682341803 0.317658197
QK:/crc/r: 0.522563148 0.276404106 0.201032746
QK:/crrc/c: 0.634927111 0.365072889 0.000000000
QK:/crrc/crr: 0.000000000 0.850909234 0.149090766
QK:/crrc/r: 0.590697497 0.260102476 0.149200027
QK:/rc/c: 0.641368856 0.358631144 0.000000000
QK:/rc/crr: 0.000000000 0.819949301 0.180050699
QK:/rc/r: 0.403995564 0.376415782 0.219588655
QK:/rrc/c: 0.452438707 0.547561293 0.000000000
QK:/rrc/crr: 0.000000000 0.715026269 0.284973731
QK:/rrc/r: 0.492880399 0.325468710 0.181650891
QQ:/cc/c: 0.916606977 0.083393023 0.000000000
QQ:/cc/crr: 0.000000000 0.947163048 0.052836952
QQ:/cc/r: 0.830856731 0.102583101 0.066560168
QQ:/crc/c: 0.582861683 0.417138317 0.000000000
QQ:/crc/crr: 0.000000000 0.544360252 0.455639748
QQ:/crc/r: 0.484530482 0.320230863 0.195238655
QQ:/crrc/c: 0.682659296 0.317340704 0.000000000
QQ:/crrc/crr: 0.000000000 0.825337800 0.174662200
QQ:/crrc/r: 0.651311590 0.241274671 0.107413739
QQ:/rc/c: 0.905244269 0.094755731 0.000000000
QQ:/rc/crr: 0.000000000 0.923038696 0.076961304
QQ:/rc/r: 0.800273205 0.123357706 0.076369089
QQ:/rrc/c: 0.750825724 0.249174276 0.000000000
QQ:/rrc/crr: 0.000000000 0.882463758 0.117536242
QQ:/rrc/r: 0.709756441 0.192473011 0.097770548
