J:/c: 0.221632066 0.778367934 0.000000000
J:/crr: 0.000000000 0.512350928 0.487649072
J:/r: 0.071677186 0.067395954 0.860926860
JJ:/cc/c: 0.936292044 0.063707956 0.000000000
JJ:/cc/crr: 0.000000000 0.947168355 0.052831645
JJ:/cc/r: 0.815600718 0.106129944 0.078269338
JJ:/crc/c: 0.660474905 0.339525095 0.000000000
JJ:/crc/crr: 0.000000000 0.595768516 0.404231484
JJ:/crc/r: 0.452630894 0.339811119 0.207557987
JJ:/crrc/c: 0.534517659 0.465482341 0.000000000
JJ:/crrc/crr: 0.000000000 0.642572707 0.357427293
JJ:/crrc/r: 0.540873280 0.311469806 0.147656914
JJ:/rc/c: 0.703351335 0.296648665 0.000000000
JJ:/rc/crr: 0.000000000 0.779246343 0.220753657
JJ:/rc/r: 0.687536647 0.204656489 0.107806864
JJ:/rrc/c: 0.654218264 0.345781736 0.000000000
JJ:/rrc/crr: 0.000000000 0.773721425 0.226278575
JJ:/rrc/r: 0.753278690 0.160111898 0.086609412
JK:/cc/c: 0.164521196 0.835478804 0.000000000
JK:/cc/crr: 0.000000000 0.380188323 0.619811677
JK:/cc/r: 0.140352666 0.113141488 0.746505846
JK:/crc/c: 0.290691165 0.709308835 0.000000000
JK:/crc/crr: 0.000000000 0.384768609 0.615231391
JK:/crc/r: 0.333953244 0.267589746 0.398457010
JK:/crrc/c: 0.380755099 0.619244901 0.000000000
JK:/crrc/crr: 0.000000000 0.469018868 0.530981132
JK:/crrc/r: 0.434832042 0.202963155 0.362204803
JK:/rc/c: 0.255390548 0.744609452 0.000000000
JK:/rc/crr: 0.000000000 0.428521522 0.571478478
JK:/rc/r: 0.242345964 0.158592335 0.599061701
JK:/rrc/c: 0.346253458 0.653746542 0.000000000
JK:/rrc/crr: 0.000000000 0.398502510 0.601497490
JK:/rrc/r: 0.264489173 0.150468804 0.585042023
JQ:/cc/c: 0.215211822 0.784788178 0.000000000
JQ:/cc/crr: 0.000000000 0.546760201 0.453239799
JQ:/cc/r: 0.127381073 0.110626655 0.761992272
JQ:/crc/c: 0.325965570 0.674034430 0.000000000
JQ:/crc/crr: 0.000000000 0.558025142 0.441974858
JQ:/crc/r: 0.305565435 0.210324267 0.484110298
JQ:/crrc/c: 0.377913124 0.622086876 0.000000000
JQ:/crrc/crr: 0.000000000 0.458215649 0.541784351
JQ:/crrc/r: 0.347279178 0.252495110 0.400225711
JQ:/rc/c: 0.252194781 0.747805219 0.000000000
JQ:/rc/crr: 0.000000000 0.354553927 0.645446073
JQ:/rc/r: 0.307098222 0.182784287 0.510117491
JQ:/rrc/c: 0.330417073 0.669582927 0.000000000
JQ:/rrc/crr: 0.000000000 0.295716437 0.704283563
JQ:/rrc/r: 0.247375099 0.156613781 0.596011120
K:/c: 0.825307985 0.174692015 0.000000000
K:/crr: 0.000000000 0.962014603 0.037985397
K:/r: 0.756579713 0.221535503 0.021884784
KJ:/cc/c: 0.774785170 0.225214830 0.000000000
KJ:/cc/crr: 0.000000000 0.836408381 0.163591619
KJ:/cc/r: 0.419540787 0.319375620 0.261083593
KJ:/crc/c: 0.739037615 0.260962385 0.000000000
KJ:/crc/crr: 0.000000000 0.861063290 0.138936710
KJ:/crc/r: 0.613376855 0.262692439 0.123930706
KJ:/crrc/c: 0.802964991 0.197035009 0.000000000
KJ:/crrc/crr: 0.000000000 0.881637773 0.118362227
KJ:/crrc/r: 0.629619736 0.258562570 0.111817694
KJ:/rc/c: 0.728568980 0.271431020 0.000000000
KJ:/rc/crr: 0.000000000 0.877489170 0.122510830
KJ:/rc/r: 0.629132823 0.215721647 0.155145530
KJ:/rrc/c: 0.791815446 0.208184554 0.000000000
KJ:/rrc/crr: 0.000000000 0.885059450 0.114940550
KJ:/rrc/r: 0.636371846 0.262873089 0.100755064
KK:/cc/c: 0.874827970 0.125172030 0.000000000
KK:/cc/crr: 0.000000000 0.898505582 0.101494418
KK:/cc/r: 0.807739233 0.109715024 0.082545742
KK:/crc/c: 0.820476100 0.179523900 0.000000000
KK:/crc/crr: 0.000000000 0.908128184 0.091871816
KK:/crc/r: 0.675189506 0.221188241 0.103622253
KK:/crrc/c: 0.848995958 0.151004042 0.000000000
KK:/crrc/crr: 0.000000000 0.929601603 0.070398397
KK:/crrc/r: 0.715288981 0.201455799 0.083255220
KK:/rc/c: 0.803317111 0.196682889 0.000000000
KK:/rc/crr: 0.000000000 0.841499344 0.158500656
KK:/rc/r: 0.627779052 0.241394297 0.130826651
KK:/rrc/c: 0.862144773 0.137855227 0.000000000
KK:/rrc/crr: 0.000000000 0.926622854 0.073377146
KK:/rrc/r: 0.789426070 0.146930191 0.063643740
KQ:/cc/c: 0.728907474 0.271092526 0.000000000
KQ:/cc/crr: 0.000000000 0.834661368 0.165338632
KQ:/cc/r: 0.497573407 0.286763688 0.215662905
KQ:/crc/c: 0.587630259 0.412369741 0.000000000
KQ:/crc/crr: 0.000000000 0.783092058 0.216907942
KQ:/crc/r: 0.513844988 0.303525536 0.182629476
KQ:/crrc/c: 0.700570454 0.299429546 0.000000000
KQ:/crrc/crr: 0.000000000 0.881257568 0.118742432
KQ:/crrc/r: 0.595238963 0.277859482 0.126901555
KQ:/rc/c: 0.550902344 0.449097656 0.000000000
KQ:/rc/crr: 0.000000000 0.812490137 0.187509863
KQ:/rc/r: 0.568278296 0.243761929 0.187959775
KQ:/rrc/c: 0.563180239 0.436819761 0.000000000
KQ:/rrc/crr: 0.000000000 0.875612923 0.124387077
KQ:/rrc/r: 0.597298826 0.296041262 0.106659912
Q:/c: 0.293984865 0.706015135 0.000000000
Q:/crr: 0.000000000 0.920078422 0.079921578
Q:/r: 0.156465365 0.448150999 0.395383636
QJ:/cc/c: 0.204239750 0.795760250 0.000000000
QJ:/cc/crr: 0.000000000 0.401313447 0.598686553
QJ:/cc/r: 0.177408196 0.114987679 0.707604125
QJ:/crc/c: 0.397209943 0.602790057 0.000000000
QJ:/crc/crr: 0.000000000 0.604377048 0.395622952
QJ:/crc/r: 0.516710425 0.187557200 0.295732375
QJ:/crrc/c: 0.349499761 0.650500239 0.000000000
QJ:/crrc/crr: 0.000000000 0.627892189 0.372107811
QJ:/crrc/r: 0.398948470 0.181263000 0.419788530
QJ:/rc/c: 0.174210559 0.825789441 0.000000000
QJ:/rc/crr: 0.000000000 0.387074934 0.612925066
QJ:/rc/r: 0.172588208 0.137235162 0.690176630
QJ:/rrc/c: 0.389865330 0.610134670 0.000000000
QJ:/rrc/crr: 0.000000000 0.471911378 0.528088622
QJ:/rrc/r: 0.231393540 0.153532943 0.615073517
QK:/cc/c: 0.770640502 0.229359498 0.000000000
QK:/cc/crr: 0.000000000 0.904400850 0.095599150
QK:/cc/r: 0.564193383 0.263259303 0.172547313
QK:/crc/c: 0.511215500 0.488784500 0.000000000
QK:/crc/crr: 0.000000000 0.690544661 0.309455339
QK:/crc/r: 0.526617809 0.274057765 0.199324426
QK:/crrc/c: 0.636060772 0.363939228 0.000000000
QK:/crrc/crr: 0.000000000 0.853172663 0.146827337
QK:/crrc/r: 0.588351216 0.263586187 0.148062597
QK:/rc/c: 0.645872566 0.354127434 0.000000000
QK:/rc/crr: 0.000000000 0.824307518 0.175692482
QK:/rc/r: 0.397703613 0.382406607 0.219889780
QK:/rrc/c: 0.458412986 0.541587014 0.000000000
QK:/rrc/crr: 0.000000000 0.720076450 0.279923550
QK:/rrc/r: 0.479577198 0.336271811 0.184150990
QQ:/cc/c: 0.919967210 0.080032790 0.000000000
QQ:/cc/crr: 0.000000000 0.949430951 0.050569049
QQ:/cc/r: 0.837258581 0.098700466 0.064040953
QQ:/crc/c: 0.591139979 0.408860021 0.000000000
QQ:/crc/crr: 0.000000000 0.513016898 0.486983102
QQ:/crc/r: 0.491204730 0.316922048 0.191873222
QQ:/crrc/c: 0.702259437 0.297740563 0.000000000
QQ:/crrc/crr: 0.000000000 0.839082993 0.160917007
QQ:/crrc/r: 0.662725617 0.233376744 0.103897639
QQ:/rc/c: 0.910340580 0.089659420 0.000000000
QQ:/rc/crr: 0.000000000 0.927085975 0.072914025
QQ:/rc/r: 0.808307190 0.118395658 0.073297152
QQ:/rrc/c: 0.763824480 0.236175520 0.000000000
QQ:/rrc/crr: 0.000000000 0.889870392 0.110129608
QQ:/rrc/r: 0.718051116 0.186972455 0.094976429
