J:/c: 0.227370637 0.772629363 0.000000000
J:/crr: 0.000000000 0.484918635 0.515081365
J:/r: 0.070916654 0.070219121 0.858864225
JJ:/cc/c: 0.938483740 0.061516260 0.000000000
JJ:/cc/crr: 0.000000000 0.949046173 0.050953827
JJ:/cc/r: 0.821972176 0.102462888 0.075564936
JJ:/crc/c: 0.674322920 0.325677080 0.000000000
JJ:/crc/crr: 0.000000000 0.620278731 0.379721269
JJ:/crc/r: 0.467024951 0.335116260 0.197858789
JJ:/crrc/c: 0.545084776 0.454915224 0.000000000
JJ:/crrc/crr: 0.000000000 0.650109258 0.349890742
JJ:/crrc/r: 0.552353440 0.304872270 0.142774290
JJ:/rc/c: 0.711345132 0.288654868 0.000000000
JJ:/rc/crr: 0.000000000 0.789241603 0.210758397
JJ:/rc/r: 0.698784831 0.197289180 0.103925988
JJ:/rrc/c: 0.664993691 0.335006309 0.000000000
JJ:/rrc/crr: 0.000000000 0.783481278 0.216518722
JJ:/rrc/r: 0.759022371 0.156384487 0.084593142
JK:/cc/c: 0.162420527 0.837579473 0.000000000
JK:/cc/crr: 0.000000000 0.374691002 0.625308998
JK:/cc/r: 0.136777951 0.110259829 0.752962220
JK:/crc/c: 0.285455269 0.714544731 0.000000000
JK:/crc/crr: 0.000000000 0.381003071 0.618996929
JK:/crc/r: 0.329269857 0.263837047 0.406893096
JK:/crrc/c: 0.378288992 0.621711008 0.000000000
JK:/crrc/crr: 0.000000000 0.465636321 0.534363679
JK:/crrc/r: 0.430929245 0.201141478 0.367929277
JK:/rc/c: 0.251167529 0.748832471 0.000000000
JK:/rc/crr: 0.000000000 0.424512198 0.575487802
JK:/rc/r: 0.236923823 0.155044060 0.608032118
JK:/rrc/c: 0.344002901 0.655997099 0.000000000
JK:/rrc/crr: 0.000000000 0.395252175 0.604747825
JK:/rrc/r: 0.260554055 0.148230102 0.591215843
JQ:/cc/c: 0.212509840 0.787490160 0.000000000
JQ:/cc/crr: 0.000000000 0.544423108 0.455576892
JQ:/cc/r: 0.123760866 0.107482614 0.768756520
JQ:/crc/c: 0.321961442 0.678038558 0.000000000
JQ:/crc/crr: 0.000000000 0.555578180 0.444421820
JQ:/crc/r: 0.300383126 0.206757223 0.492859651
JQ:/crrc/c: 0.368880649 0.631119351 0.000000000
JQ:/crrc/crr: 0.000000000 0.450581891 0.549418109
JQ:/crrc/r: 0.342302889 0.248877017 0.408820094
JQ:/rc/c: 0.248687144 0.751312856 0.000000000
JQ:/rc/crr: 0.000000000 0.350384524 0.649615476
JQ:/rc/r: 0.301654202 0.179544017 0.518801781
JQ:/rrc/c: 0.325933876 0.674066124 0.000000000
JQ:/rrc/crr: 0.000000000 0.292279308 0.707720692
JQ:/rrc/r: 0.243528043 0.154178200 0.602293756
K:/c: 0.827991455 0.172008545 0.000000000
K:/crr: 0.000000000 0.963070876 0.036929124
K:/r: 0.753251750 0.225999082 0.020749168
KJ:/cc/c: 0.777561271 0.222438729 0.000000000
KJ:/cc/crr: 0.000000000 0.838863522 0.161136478
KJ:/cc/r: 0.410915209 0.321785104 0.267299687
KJ:/crc/c: 0.744522675 0.255477325 0.000000000
KJ:/crc/crr: 0.000000000 0.864578484 0.135421516
KJ:/crc/r: 0.618772474 0.259148600 0.122078926
KJ:/crrc/c: 0.806692782 0.193307218 0.000000000
KJ:/crrc/crr: 0.000000000 0.883781350 0.116218650
KJ:/crrc/r: 0.629975533 0.260039308 0.109985158
KJ:/rc/c: 0.734824542 0.265175458 0.000000000
KJ:/rc/crr: 0.000000000 0.880696082 0.119303918
KJ:/rc/r: 0.631184217 0.216825853 0.151989930
KJ:/rrc/c: 0.795229535 0.204770465 0.000000000
KJ:/rrc/crr: 0.000000000 0.887183590 0.112816410
KJ:/rrc/r: 0.636448566 0.264294606 0.099256827
KK:/cc/c: 0.878103359 0.121896641 0.000000000
KK:/cc/crr: 0.000000000 0.901645235 0.098354765
KK:/cc/r: 0.813134271 0.106636306 0.080229423
KK:/crc/c: 0.829785478 0.170214522 0.000000000
KK:/crc/crr: 0.000000000 0.914070656 0.085929344
KK:/crc/r: 0.686175582 0.213706984 0.100117434
KK:/crrc/c: 0.854278277 0.145721723 0.000000000
KK:/crrc/crr: 0.000000000 0.932215425 0.067784575
KK:/crrc/r: 0.722677966 0.196227502 0.081094532
KK:/rc/c: 0.814636750 0.185363250 0.000000000
KK:/rc/crr: 0.000000000 0.851319759 0.148680241
KK:/rc/r: 0.641358130 0.232587936 0.126053934
KK:/rrc/c: 0.867657453 0.132342547 0.000000000
KK:/rrc/crr: 0.000000000 0.929514871 0.070485129
KK:/rrc/r: 0.795080075 0.142985048 0.061934877
KQ:/cc/c: 0.731616347 0.268383653 0.000000000
KQ:/cc/crr: 0.000000000 0.837078927 0.162921073
KQ:/cc/r: 0.494748322 0.291407134 0.213844544
KQ:/crc/c: 0.592022558 0.407977442 0.000000000
KQ:/crc/crr: 0.000000000 0.788507717 0.211492283
KQ:/crc/r: 0.500045589 0.307011103 0.192943309
KQ:/crrc/c: 0.701735018 0.298264982 0.000000000
KQ:/crrc/crr: 0.000000000 0.883828568 0.116171432
KQ:/crrc/r: 0.593923095 0.281051148 0.125025757
KQ:/rc/c: 0.555438467 0.444561533 0.000000000
KQ:/rc/crr: 0.000000000 0.817883575 0.182116425
KQ:/rc/r: 0.570432586 0.244045780 0.185521634
KQ:/rrc/c: 0.571903160 0.428096840 0.000000000
KQ:/rrc/crr: 0.000000000 0.878825568 0.121174432
KQ:/rrc/r: 0.595314753 0.299960818 0.104724429
Q:/c: 0.284577903 0.715422097 0.000000000
Q:/crr: 0.000000000 0.921163993 0.078836007
Q:/r: 0.152294918 0.453771675 0.393933407
QJ:/cc/c: 0.201371793 0.798628207 0.000000000
QJ:/cc/crr: 0.000000000 0.398556294 0.601443706
QJ:/cc/r: 0.172143121 0.111575104 0.716281775
QJ:/crc/c: 0.394740104 0.605259896 0.000000000
QJ:/crc/crr: 0.000000000 0.610460319 0.389539681
QJ:/crc/r: 0.515700463 0.186481320 0.297818216
QJ:/crrc/c: 0.346384317 0.653615683 0.000000000
QJ:/crrc/crr: 0.000000000 0.626760526 0.373239474
QJ:/crrc/r: 0.390036511 0.177213835 0.432749655
QJ:/rc/c: 0.170683255 0.829316745 0.000000000
QJ:/rc/crr: 0.000000000 0.383091020 0.616908980
QJ:/rc/r: 0.168260881 0.133794247 0.697944872
QJ:/rrc/c: 0.384615594 0.615384406 0.000000000
QJ:/rrc/crr: 0.000000000 0.467214936 0.532785064
QJ:/rrc/r: 0.227384612 0.150872962 0.621742426
QK:/cc/c: 0.773693209 0.226306791 0.000000000
QK:/cc/crr: 0.000000000 0.906237461 0.093762539
QK:/cc/r: 0.564293052 0.265510091 0.170196857
QK:/crc/c: 0.511371366 0.488628634 0.000000000
QK:/crc/crr: 0.000000000 0.696980158 0.303019842
QK:/crc/r: 0.529534442 0.272589136 0.197876423
QK:/crrc/c: 0.638634644 0.361365356 0.000000000
QK:/crrc/crr: 0.000000000 0.855319772 0.144680228
QK:/crrc/r: 0.588190238 0.264690045 0.147119717
QK:/rc/c: 0.652142525 0.347857475 0.000000000
QK:/rc/crr: 0.000000000 0.828151784 0.171848216
QK:/rc/r: 0.389777489 0.387223512 0.222998999
QK:/rrc/c: 0.460067285 0.539932715 0.000000000
QK:/rrc/crr: 0.000000000 0.724579825 0.275420175
QK:/rrc/r: 0.469473624 0.344403346 0.186123031
QQ:/cc/c: 0.922802246 0.077197754 0.000000000
QQ:/cc/crr: 0.000000000 0.951371664 0.048628336
QQ:/cc/r: 0.843201680 0.095096057 0.061702263
QQ:/crc/c: 0.597549488 0.402450512 0.000000000
QQ:/crc/crr: 0.000000000 0.492030304 0.507969696
QQ:/crc/r: 0.495630331 0.314700062 0.189669607
QQ:/crrc/c: 0.716769502 0.283230498 0.000000000
QQ:/crrc/crr: 0.000000000 0.852909055 0.147090945
QQ:/crrc/r: 0.671756019 0.227128165 0.101115817
QQ:/rc/c: 0.914341030 0.085658970 0.000000000
QQ:/rc/crr: 0.000000000 0.930294075 0.069705925
QQ:/rc/r: 0.815118076 0.114189035 0.070692889
QQ:/rrc/c: 0.773920723 0.226079277 0.000000000
QQ:/rrc/crr: 0.000000000 0.894589840 0.105410160
QQ:/rrc/r: 0.725307998 0.182160103 0.092531899
