J:/c: 0.225102181 0.774897819 0.000000000
J:/crr: 0.000000000 0.477562068 0.522437932
J:/r: 0.073063654 0.072891786 0.854044561
JJ:/cc/c: 0.939074114 0.060925886 0.000000000
JJ:/cc/crr: 0.000000000 0.949547201 0.050452799
JJ:/cc/r: 0.823928756 0.101336790 0.074734454
JJ:/crc/c: 0.676623110 0.323376890 0.000000000
JJ:/crc/crr: 0.000000000 0.626880752 0.373119248
JJ:/crc/r: 0.471238211 0.333770731 0.194991057
JJ:/crrc/c: 0.549218158 0.450781842 0.000000000
JJ:/crrc/crr: 0.000000000 0.653385972 0.346614028
JJ:/crrc/r: 0.556149075 0.302550604 0.141300322
JJ:/rc/c: 0.714037303 0.285962697 0.000000000
JJ:/rc/crr: 0.000000000 0.792541132 0.207458868
JJ:/rc/r: 0.702362001 0.194946214 0.102691785
JJ:/rrc/c: 0.669362005 0.330637995 0.000000000
JJ:/rrc/crr: 0.000000000 0.786392035 0.213607965
JJ:/rrc/r: 0.761038352 0.155076199 0.083885449
JK:/cc/c: 0.161730757 0.838269243 0.000000000
JK:/cc/crr: 0.000000000 0.372863221 0.627136779
JK:/cc/r: 0.135675073 0.109370774 0.754954153
JK:/crc/c: 0.283454322 0.716545678 0.000000000
JK:/crc/crr: 0.000000000 0.379421707 0.620578293
JK:/crc/r: 0.327728580 0.262602053 0.409669367
JK:/crrc/c: 0.377584535 0.622415465 0.000000000
JK:/crrc/crr: 0.000000000 0.464595310 0.535404690
JK:/crrc/r: 0.429644250 0.200541690 0.369814060
JK:/rc/c: 0.249960918 0.750039082 0.000000000
JK:/rc/crr: 0.000000000 0.423469415 0.576530585
JK:/rc/r: 0.235269831 0.153961679 0.610768490
JK:/rrc/c: 0.343148730 0.656851270 0.000000000
JK:/rrc/crr: 0.000000000 0.394430555 0.605569445
JK:/rrc/r: 0.259037992 0.147367608 0.593594399
JQ:/cc/c: 0.211428809 0.788571191 0.000000000
JQ:/cc/crr: 0.000000000 0.542409705 0.457590295
JQ:/cc/r: 0.122622986 0.106494400 0.770882614
JQ:/crc/c: 0.319982326 0.680017674 0.000000000
JQ:/crc/crr: 0.000000000 0.553827262 0.446172738
JQ:/crc/r: 0.298228415 0.205274110 0.496497475
JQ:/crrc/c: 0.365971819 0.634028181 0.000000000
JQ:/crrc/crr: 0.000000000 0.448452817 0.551547183
JQ:/crrc/r: 0.340312217 0.247429665 0.412258118
JQ:/rc/c: 0.248012752 0.751987248 0.000000000
JQ:/rc/crr: 0.000000000 0.349289539 0.650710461
JQ:/rc/r: 0.300183985 0.178668946 0.521147068
JQ:/rrc/c: 0.324314685 0.675685315 0.000000000
JQ:/rrc/crr: 0.000000000 0.290993814 0.709006186
JQ:/rrc/r: 0.242590138 0.153584410 0.603825451
K:/c: 0.829572648 0.170427352 0.000000000
K:/crr: 0.000000000 0.963388500 0.036611500
K:/r: 0.746868835 0.232791426 0.020339739
KJ:/cc/c: 0.778599331 0.221400669 0.000000000
KJ:/cc/crr: 0.000000000 0.839638936 0.160361064
KJ:/cc/r: 0.409027309 0.320746997 0.270225695
KJ:/crc/c: 0.746345462 0.253654538 0.000000000
KJ:/crc/crr: 0.000000000 0.865777104 0.134222896
KJ:/crc/r: 0.618887330 0.259683250 0.121429419
KJ:/crrc/c: 0.807544290 0.192455710 0.000000000
KJ:/crrc/crr: 0.000000000 0.884544807 0.115455193
KJ:/crrc/r: 0.630986235 0.259582055 0.109431710
KJ:/rc/c: 0.736792410 0.263207590 0.000000000
KJ:/rc/crr: 0.000000000 0.881748817 0.118251183
KJ:/rc/r: 0.632782034 0.216199235 0.151018731
KJ:/rrc/c: 0.796045306 0.203954694 0.000000000
KJ:/rrc/crr: 0.000000000 0.887788287 0.112211713
KJ:/rrc/r: 0.636541914 0.264689634 0.098768451
KK:/cc/c: 0.879159758 0.120840242 0.000000000
KK:/cc/crr: 0.000000000 0.902574662 0.097425338
KK:/cc/r: 0.814725622 0.105728190 0.079546188
KK:/crc/c: 0.832737252 0.167262748 0.000000000
KK:/crc/crr: 0.000000000 0.915799832 0.084200168
KK:/crc/r: 0.689700567 0.211306553 0.098992880
KK:/crrc/c: 0.855792647 0.144207353 0.000000000
KK:/crrc/crr: 0.000000000 0.932982228 0.067017772
KK:/crrc/r: 0.724780938 0.194739481 0.080479581
KK:/rc/c: 0.818541978 0.181458022 0.000000000
KK:/rc/crr: 0.000000000 0.854947310 0.145052690
KK:/rc/r: 0.645889039 0.229649532 0.124461429
KK:/rrc/c: 0.869476023 0.130523977 0.000000000
KK:/rrc/crr: 0.000000000 0.930450554 0.069549446
KK:/rrc/r: 0.796880889 0.141728511 0.061390600
KQ:/cc/c: 0.732402313 0.267597687 0.000000000
KQ:/cc/crr: 0.000000000 0.837787381 0.162212619
KQ:/cc/r: 0.493254635 0.293498792 0.213246573
KQ:/crc/c: 0.592648584 0.407351416 0.000000000
KQ:/crc/crr: 0.000000000 0.790188389 0.209811611
KQ:/crc/r: 0.496231730 0.306792129 0.196976141
KQ:/crrc/c: 0.702286831 0.297713169 0.000000000
KQ:/crrc/crr: 0.000000000 0.884598455 0.115401545
KQ:/crrc/r: 0.593234838 0.282319702 0.124445460
KQ:/rc/c: 0.560397857 0.439602143 0.000000000
KQ:/rc/crr: 0.000000000 0.819672433 0.180327567
KQ:/rc/r: 0.571158304 0.244066234 0.184775461
KQ:/rrc/c: 0.575070854 0.424929146 0.000000000
KQ:/rrc/crr: 0.000000000 0.879805767 0.120194233
KQ:/rrc/r: 0.593634226 0.302325571 0.104040203
Q:/c: 0.285221966 0.714778034 0.000000000
Q:/crr: 0.000000000 0.921619615 0.078380385
Q:/r: 0.157533110 0.450315720 0.392151170
QJ:/cc/c: 0.200608153 0.799391847 0.000000000
QJ:/cc/crr: 0.000000000 0.397908836 0.602091164
QJ:/cc/r: 0.170302114 0.110381849 0.719316036
QJ:/crc/c: 0.394596907 0.605403093 0.000000000
QJ:/crc/crr: 0.000000000 0.612990866 0.387009134
QJ:/crc/r: 0.513732757 0.185760879 0.300506364
QJ:/crrc/c: 0.347258960 0.652741040 0.000000000
QJ:/crrc/crr: 0.000000000 0.626911077 0.373088923
QJ:/crrc/r: 0.387524346 0.176072428 0.436403226
QJ:/rc/c: 0.169893089 0.830106911 0.000000000
QJ:/rc/crr: 0.000000000 0.382162247 0.617837753
QJ:/rc/r: 0.166908412 0.132718818 0.700372770
QJ:/rrc/c: 0.382751567 0.617248433 0.000000000
QJ:/rrc/crr: 0.000000000 0.465037444 0.534962556
QJ:/rrc/r: 0.226117820 0.150032427 0.623849752
QK:/cc/c: 0.774741335 0.225258665 0.000000000
QK:/cc/crr: 0.000000000 0.906816358 0.093183642
QK:/cc/r: 0.564244556 0.266321103 0.169434341
QK:/crc/c: 0.512228034 0.487771966 0.000000000
QK:/crc/crr: 0.000000000 0.698800298 0.301199702
QK:/crc/r: 0.530626284 0.271967421 0.197406295
QK:/crrc/c: 0.639637825 0.360362175 0.000000000
QK:/crrc/crr: 0.000000000 0.855920282 0.144079718
QK:/crrc/r: 0.588235764 0.264952016 0.146812220
QK:/rc/c: 0.653599154 0.346400846 0.000000000
QK:/rc/crr: 0.000000000 0.829290386 0.170709614
QK:/rc/r: 0.386014587 0.390489755 0.223495658
QK:/rrc/c: 0.461386782 0.538613218 0.000000000
QK:/rrc/crr: 0.000000000 0.726181538 0.273818462
QK:/rrc/r: 0.465862715 0.346948254 0.187189032
QQ:/cc/c: 0.923774181 0.076225819 0.000000000
QQ:/cc/crr: 0.000000000 0.952013562 0.047986438
QQ:/cc/r: 0.845033149 0.093985296 0.060981555
QQ:/crc/c: 0.599001375 0.400998625 0.000000000
QQ:/crc/crr: 0.000000000 0.488374897 0.511625103
QQ:/crc/r: 0.497604451 0.313697580 0.188697969
QQ:/crrc/c: 0.722307884 0.277692116 0.000000000
QQ:/crrc/crr: 0.000000000 0.857156220 0.142843780
QQ:/crrc/r: 0.674660400 0.225118480 0.100221120
QQ:/rc/c: 0.915666173 0.084333827 0.000000000
QQ:/rc/crr: 0.000000000 0.931346224 0.068653776
QQ:/rc/r: 0.817156819 0.112929842 0.069913339
QQ:/rrc/c: 0.776999836 0.223000164 0.000000000
QQ:/rrc/crr: 0.000000000 0.896323877 0.103676123
QQ:/rrc/r: 0.727674437 0.180590816 0.091734747
