J:/c: 0.226038848 0.773961152 0.000000000
J:/crr: 0.000000000 0.471162058 0.528837942
J:/r: 0.073489846 0.081185089 0.845325065
JJ:/cc/c: 0.940263311 0.059736689 0.000000000
JJ:/cc/crr: 0.000000000 0.950580321 0.049419679
JJ:/cc/r: 0.827746055 0.099139765 0.073114180
JJ:/crc/c: 0.682277464 0.317722536 0.000000000
JJ:/crc/crr: 0.000000000 0.642337638 0.357662362
JJ:/crc/r: 0.478217083 0.331312515 0.190470403
JJ:/crrc/c: 0.554662065 0.445337935 0.000000000
JJ:/crrc/crr: 0.000000000 0.660678254 0.339321746
JJ:/crrc/r: 0.564889527 0.296904713 0.138205761
JJ:/rc/c: 0.720392686 0.279607314 0.000000000
JJ:/rc/crr: 0.000000000 0.800193995 0.199806005
JJ:/rc/r: 0.709538093 0.190246035 0.100215872
JJ:/rrc/c: 0.677734194 0.322265806 0.000000000
JJ:/rrc/crr: 0.000000000 0.790922788 0.209077212
JJ:/rrc/r: 0.764536928 0.152805768 0.082657303
JK:/cc/c: 0.160403783 0.839596217 0.000000000
JK:/cc/crr: 0.000000000 0.369541467 0.630458533
JK:/cc/r: 0.133581297 0.107682933 0.758735770
JK:/crc/c: 0.279947825 0.720052175 0.000000000
JK:/crc/crr: 0.000000000 0.377192631 0.622807369
JK:/crc/r: 0.325202279 0.260577781 0.414219940
JK:/crrc/c: 0.375792381 0.624207619 0.000000000
JK:/crrc/crr: 0.000000000 0.462636401 0.537363599
JK:/crrc/r: 0.427189986 0.199396133 0.373413881
JK:/rc/c: 0.247520426 0.752479574 0.000000000
JK:/rc/crr: 0.000000000 0.421659799 0.578340201
JK:/rc/r: 0.231968960 0.151801574 0.616229465
JK:/rrc/c: 0.340872470 0.659127530 0.000000000
JK:/rrc/crr: 0.000000000 0.392103009 0.607896991
JK:/rrc/r: 0.256503664 0.145925821 0.597570515
JQ:/cc/c: 0.209840923 0.790159077 0.000000000
JQ:/cc/crr: 0.000000000 0.538999298 0.461000702
JQ:/cc/r: 0.120517904 0.104666199 0.774815897
JQ:/crc/c: 0.315344624 0.684655376 0.000000000
JQ:/crc/crr: 0.000000000 0.549523387 0.450476613
JQ:/crc/r: 0.294978792 0.203037356 0.501983852
JQ:/crrc/c: 0.359980771 0.640019229 0.000000000
JQ:/crrc/crr: 0.000000000 0.444352135 0.555647865
JQ:/crrc/r: 0.337119582 0.245108407 0.417772011
JQ:/rc/c: 0.247283233 0.752716767 0.000000000
JQ:/rc/crr: 0.000000000 0.347195829 0.652804171
JQ:/rc/r: 0.296694725 0.176592146 0.526713129
JQ:/rrc/c: 0.322060182 0.677939818 0.000000000
JQ:/rrc/crr: 0.000000000 0.289136336 0.710863664
JQ:/rrc/r: 0.240163289 0.152047966 0.607788744
K:/c: 0.826837926 0.173162074 0.000000000
K:/crr: 0.000000000 0.964010464 0.035989536
K:/r: 0.743378413 0.236971483 0.019650105
KJ:/cc/c: 0.780095902 0.219904098 0.000000000
KJ:/cc/crr: 0.000000000 0.841080608 0.158919392
KJ:/cc/r: 0.404701288 0.320986169 0.274312542
KJ:/crc/c: 0.749357714 0.250642286 0.000000000
KJ:/crc/crr: 0.000000000 0.867825750 0.132174250
KJ:/crc/r: 0.617950143 0.261919077 0.120130780
KJ:/crrc/c: 0.809684542 0.190315458 0.000000000
KJ:/crrc/crr: 0.000000000 0.885936341 0.114063659
KJ:/crrc/r: 0.634014851 0.257626967 0.108358182
KJ:/rc/c: 0.741061763 0.258938237 0.000000000
KJ:/rc/crr: 0.000000000 0.883678195 0.116321805
KJ:/rc/r: 0.631074176 0.220185023 0.148740801
KJ:/rrc/c: 0.798148021 0.201851979 0.000000000
KJ:/rrc/crr: 0.000000000 0.889055769 0.110944231
KJ:/rrc/r: 0.637332852 0.264739948 0.097927200
KK:/cc/c: 0.881179693 0.118820307 0.000000000
KK:/cc/crr: 0.000000000 0.904357234 0.095642766
KK:/cc/r: 0.818078232 0.103814998 0.078106769
KK:/crc/c: 0.838022288 0.161977712 0.000000000
KK:/crc/crr: 0.000000000 0.918971135 0.081028865
KK:/crc/r: 0.696859746 0.206431322 0.096708932
KK:/crrc/c: 0.858900480 0.141099520 0.000000000
KK:/crrc/crr: 0.000000000 0.934553433 0.065446567
KK:/crrc/r: 0.728855641 0.191856303 0.079288056
KK:/rc/c: 0.826641426 0.173358574 0.000000000
KK:/rc/crr: 0.000000000 0.861701166 0.138298834
KK:/rc/r: 0.653039263 0.225012439 0.121948299
KK:/rrc/c: 0.872682766 0.127317234 0.000000000
KK:/rrc/crr: 0.000000000 0.932135574 0.067864426
KK:/rrc/r: 0.800268287 0.139364919 0.060366795
KQ:/cc/c: 0.734287514 0.265712486 0.000000000
KQ:/cc/crr: 0.000000000 0.839188358 0.160811642
KQ:/cc/r: 0.492148905 0.295476244 0.212374851
KQ:/crc/c: 0.595050960 0.404949040 0.000000000
KQ:/crc/crr: 0.000000000 0.792772931 0.207227069
KQ:/crc/r: 0.493276353 0.307492771 0.199230876
KQ:/crrc/c: 0.704294947 0.295705053 0.000000000
KQ:/crrc/crr: 0.000000000 0.885947860 0.114052140
KQ:/crrc/r: 0.591299168 0.285333559 0.123367273
KQ:/rc/c: 0.567010412 0.432989588 0.000000000
KQ:/rc/crr: 0.000000000 0.823253482 0.176746518
KQ:/rc/r: 0.571746276 0.244863990 0.183389734
KQ:/rrc/c: 0.578337442 0.421662558 0.000000000
KQ:/rrc/crr: 0.000000000 0.881512196 0.118487804
KQ:/rrc/r: 0.592076284 0.305149362 0.102774354
Q:/c: 0.281031297 0.718968703 0.000000000
Q:/crr: 0.000000000 0.922205700 0.077794300
Q:/r: 0.155375041 0.451196114 0.393428845
QJ:/cc/c: 0.198800630 0.801199370 0.000000000
QJ:/cc/crr: 0.000000000 0.396393707 0.603606293
QJ:/cc/r: 0.167051487 0.108274945 0.724673567
QJ:/crc/c: 0.396338596 0.603661404 0.000000000
QJ:/crc/crr: 0.000000000 0.615366083 0.384633917
QJ:/crc/r: 0.512142746 0.184849936 0.303007318
QJ:/crrc/c: 0.344502537 0.655497463 0.000000000
QJ:/crrc/crr: 0.000000000 0.627304000 0.372696000
QJ:/crrc/r: 0.381914563 0.173523612 0.444561824
QJ:/rc/c: 0.167991650 0.832008350 0.000000000
QJ:/rc/crr: 0.000000000 0.380021226 0.619978774
QJ:/rc/r: 0.164169359 0.130540834 0.705289806
QJ:/rrc/c: 0.378194674 0.621805326 0.000000000
QJ:/rrc/crr: 0.000000000 0.460819584 0.539180416
QJ:/rrc/r: 0.223649175 0.148394446 0.627956380
QK:/cc/c: 0.776600950 0.223399050 0.000000000
QK:/cc/crr: 0.000000000 0.907938862 0.092061138
QK:/cc/r: 0.564372426 0.267567085 0.168060489
QK:/crc/c: 0.511244076 0.488755924 0.000000000
QK:/crc/crr: 0.000000000 0.702018835 0.297981165
QK:/crc/r: 0.531937028 0.271414563 0.196648409
QK:/crrc/c: 0.641170384 0.358829616 0.000000000
QK:/crrc/crr: 0.000000000 0.856833670 0.143166330
QK:/crrc/r: 0.588418193 0.265317794 0.146264013
QK:/rc/c: 0.656445156 0.343554844 0.000000000
QK:/rc/crr: 0.000000000 0.831729003 0.168270997
QK:/rc/r: 0.382750364 0.394672244 0.222577392
QK:/rrc/c: 0.463711630 0.536288370 0.000000000
QK:/rrc/crr: 0.000000000 0.729194443 0.270805557
QK:/rrc/r: 0.459206115 0.350223757 0.190570128
QQ:/cc/c: 0.925622973 0.074377027 0.000000000
QQ:/cc/crr: 0.000000000 0.953262612 0.046737388
QQ:/cc/r: 0.848462130 0.091905666 0.059632205
QQ:/crc/c: 0.600773898 0.399226102 0.000000000
QQ:/crc/crr: 0.000000000 0.486578322 0.513421678
QQ:/crc/r: 0.502018335 0.311553288 0.186428378
QQ:/crrc/c: 0.730225205 0.269774795 0.000000000
QQ:/crrc/crr: 0.000000000 0.863504191 0.136495809
QQ:/crrc/r: 0.680538606 0.221051060 0.098410334
QQ:/rc/c: 0.917993737 0.082006263 0.000000000
QQ:/rc/crr: 0.000000000 0.933174049 0.066825951
QQ:/rc/r: 0.821112722 0.110486549 0.068400729
QQ:/rrc/c: 0.783391534 0.216608466 0.000000000
QQ:/rrc/crr: 0.000000000 0.899451012 0.100548988
QQ:/rrc/r: 0.731766480 0.177877205 0.090356314
