J:/c: 0.229769162 0.770230838 0.000000000
J:/crr: 0.000000000 0.460950081 0.539049919
J:/r: 0.078679544 0.084669691 0.836650765
JJ:/cc/c: 0.943055133 0.056944867 0.000000000
JJ:/cc/crr: 0.000000000 0.952898635 0.047101365
JJ:/cc/r: 0.836318994 0.094205660 0.069475346
JJ:/crc/c: 0.694559686 0.305440314 0.000000000
JJ:/crc/crr: 0.000000000 0.679659527 0.320340473
JJ:/crc/r: 0.496133881 0.324627746 0.179238373
JJ:/crrc/c: 0.564645563 0.435354437 0.000000000
JJ:/crrc/crr: 0.000000000 0.673365820 0.326634180
JJ:/crrc/r: 0.583379638 0.284811739 0.131808624
JJ:/rc/c: 0.739159094 0.260840906 0.000000000
JJ:/rc/crr: 0.000000000 0.819838623 0.180161377
JJ:/rc/r: 0.725710832 0.179653253 0.094635914
JJ:/rrc/c: 0.696470493 0.303529507 0.000000000
JJ:/rrc/crr: 0.000000000 0.803158356 0.196841644
JJ:/rrc/r: 0.772453948 0.147667951 0.079878101
JK:/cc/c: 0.157440472 0.842559528 0.000000000
JK:/cc/crr: 0.000000000 0.361264497 0.638735503
JK:/cc/r: 0.128886187 0.103898098 0.767215715
JK:/crc/c: 0.271754032 0.728245968 0.000000000
JK:/crc/crr: 0.000000000 0.371875598 0.628124402
JK:/crc/r: 0.319524914 0.256028627 0.424446459
JK:/crrc/c: 0.372738835 0.627261165 0.000000000
JK:/crrc/crr: 0.000000000 0.458301265 0.541698735
JK:/crrc/r: 0.420383383 0.196219068 0.383397549
JK:/rc/c: 0.240297136 0.759702864 0.000000000
JK:/rc/crr: 0.000000000 0.415999793 0.584000207
JK:/rc/r: 0.223111011 0.146004891 0.630884098
JK:/rrc/c: 0.339759247 0.660240753 0.000000000
JK:/rrc/crr: 0.000000000 0.388155525 0.611844475
JK:/rrc/r: 0.250806251 0.142684542 0.606509207
JQ:/cc/c: 0.205717066 0.794282934 0.000000000
JQ:/cc/crr: 0.000000000 0.533361711 0.466638289
JQ:/cc/r: 0.115779091 0.100550681 0.783670228
JQ:/crc/c: 0.305959358 0.694040642 0.000000000
JQ:/crc/crr: 0.000000000 0.538942727 0.461057273
JQ:/crc/r: 0.287563011 0.197932988 0.514504001
JQ:/crrc/c: 0.350015100 0.649984900 0.000000000
JQ:/crrc/crr: 0.000000000 0.436328399 0.563671601
JQ:/crrc/r: 0.329799770 0.239786415 0.430413815
JQ:/rc/c: 0.243624661 0.756375339 0.000000000
JQ:/rc/crr: 0.000000000 0.341817475 0.658182525
JQ:/rc/r: 0.287079407 0.170869126 0.542051467
JQ:/rrc/c: 0.317055660 0.682944340 0.000000000
JQ:/rrc/crr: 0.000000000 0.284001166 0.715998834
JQ:/rrc/r: 0.234604766 0.148528852 0.616866382
K:/c: 0.830068932 0.169931068 0.000000000
K:/crr: 0.000000000 0.965466693 0.034533307
K:/r: 0.744311553 0.237383561 0.018304886
KJ:/cc/c: 0.783797814 0.216202186 0.000000000
KJ:/cc/crr: 0.000000000 0.844525303 0.155474697
KJ:/cc/r: 0.393761566 0.322670560 0.283567873
KJ:/crc/c: 0.756445206 0.243554794 0.000000000
KJ:/crc/crr: 0.000000000 0.872214303 0.127785697
KJ:/crc/r: 0.621458790 0.261143239 0.117397971
KJ:/crrc/c: 0.814405728 0.185594272 0.000000000
KJ:/crrc/crr: 0.000000000 0.888829262 0.111170738
KJ:/crrc/r: 0.637054679 0.257122886 0.105822436
KJ:/rc/c: 0.749599968 0.250400032 0.000000000
KJ:/rc/crr: 0.000000000 0.888202130 0.111797870
KJ:/rc/r: 0.633552446 0.222202392 0.144245162
KJ:/rrc/c: 0.802352724 0.197647276 0.000000000
KJ:/rrc/crr: 0.000000000 0.891875479 0.108124521
KJ:/rrc/r: 0.637694190 0.266435764 0.095870046
KK:/cc/c: 0.885485442 0.114514558 0.000000000
KK:/cc/crr: 0.000000000 0.908418444 0.091581556
KK:/cc/r: 0.825124845 0.099793797 0.075081358
KK:/crc/c: 0.848562651 0.151437349 0.000000000
KK:/crc/crr: 0.000000000 0.925321011 0.074678989
KK:/crc/r: 0.711988715 0.196128853 0.091882432
KK:/crrc/c: 0.866068984 0.133931016 0.000000000
KK:/crrc/crr: 0.000000000 0.937891745 0.062108255
KK:/crrc/r: 0.739060824 0.184635320 0.076303856
KK:/rc/c: 0.840334472 0.159665528 0.000000000
KK:/rc/crr: 0.000000000 0.874312224 0.125687776
KK:/rc/r: 0.670950525 0.213396551 0.115652924
KK:/rrc/c: 0.879870474 0.120129526 0.000000000
KK:/rrc/crr: 0.000000000 0.936045390 0.063954610
KK:/rrc/r: 0.807801902 0.134108259 0.058089839
KQ:/cc/c: 0.737953559 0.262046441 0.000000000
KQ:/cc/crr: 0.000000000 0.842253985 0.157746015
KQ:/cc/r: 0.492369499 0.297190085 0.210440415
KQ:/crc/c: 0.601834808 0.398165192 0.000000000
KQ:/crc/crr: 0.000000000 0.800147379 0.199852621
KQ:/crc/r: 0.483444479 0.312315218 0.204240303
KQ:/crrc/c: 0.708476702 0.291523298 0.000000000
KQ:/crrc/crr: 0.000000000 0.889278772 0.110721228
KQ:/crrc/r: 0.588571686 0.290685275 0.120743038
KQ:/rc/c: 0.580623785 0.419376215 0.000000000
KQ:/rc/crr: 0.000000000 0.830496816 0.169503184
KQ:/rc/r: 0.570942319 0.249298130 0.179759551
KQ:/rrc/c: 0.584423861 0.415576139 0.000000000
KQ:/rrc/crr: 0.000000000 0.885438957 0.114561043
KQ:/rrc/r: 0.584768095 0.315405469 0.099826436
Q:/c: 0.276383608 0.723616392 0.000000000
Q:/crr: 0.000000000 0.923498155 0.076501845
Q:/r: 0.160075850 0.452353129 0.387571021
QJ:/cc/c: 0.195072877 0.804927123 0.000000000
QJ:/cc/crr: 0.000000000 0.392867547 0.607132453
QJ:/cc/r: 0.160123014 0.103784234 0.736092752
QJ:/crc/c: 0.399919754 0.600080246 0.000000000
QJ:/crc/crr: 0.000000000 0.622681931 0.377318069
QJ:/crc/r: 0.507290415 0.182193525 0.310516060
QJ:/crrc/c: 0.338533263 0.661466737 0.000000000
QJ:/crrc/crr: 0.000000000 0.627128603 0.372871397
QJ:/crrc/r: 0.370044771 0.168130549 0.461824680
QJ:/rc/c: 0.163537782 0.836462218 0.000000000
QJ:/rc/crr: 0.000000000 0.374952055 0.625047945
QJ:/rc/r: 0.158182008 0.125779934 0.716038058
QJ:/rrc/c: 0.371315987 0.628684013 0.000000000
QJ:/rrc/crr: 0.000000000 0.452280737 0.547719263
QJ:/rrc/r: 0.217459476 0.144287491 0.638253032
QK:/cc/c: 0.781186056 0.218813944 0.000000000
QK:/cc/crr: 0.000000000 0.910645234 0.089354766
QK:/cc/r: 0.565066012 0.269987032 0.164946956
QK:/crc/c: 0.510510119 0.489489881 0.000000000
QK:/crc/crr: 0.000000000 0.709465978 0.290534022
QK:/crc/r: 0.535891547 0.269500410 0.194608042
QK:/crrc/c: 0.642199670 0.357800330 0.000000000
QK:/crrc/crr: 0.000000000 0.859295534 0.140704466
QK:/crrc/r: 0.589059672 0.266156641 0.144783686
QK:/rc/c: 0.664309577 0.335690423 0.000000000
QK:/rc/crr: 0.000000000 0.837387278 0.162612722
QK:/rc/r: 0.368824241 0.407096287 0.224079472
QK:/rrc/c: 0.470775706 0.529224294 0.000000000
QK:/rrc/crr: 0.000000000 0.735663681 0.264336319
QK:/rrc/r: 0.448530119 0.352713218 0.198756664
QQ:/cc/c: 0.929566380 0.070433620 0.000000000
QQ:/cc/crr: 0.000000000 0.955943908 0.044056092
QQ:/cc/r: 0.856064426 0.087294976 0.056640598
QQ:/crc/c: 0.604467955 0.395532045 0.000000000
QQ:/crc/crr: 0.000000000 0.503729438 0.496270562
QQ:/crc/r: 0.512257835 0.306371089 0.181371076
QQ:/crrc/c: 0.749220021 0.250779979 0.000000000
QQ:/crrc/crr: 0.000000000 0.876732788 0.123267212
QQ:/crrc/r: 0.694133855 0.211643839 0.094222307
QQ:/rc/c: 0.922965690 0.077034310 0.000000000
QQ:/rc/crr: 0.000000000 0.937033476 0.062966524
QQ:/rc/r: 0.830206649 0.104869847 0.064923505
QQ:/rrc/c: 0.798181136 0.201818864 0.000000000
QQ:/rrc/crr: 0.000000000 0.906832702 0.093167298
QQ:/rrc/r: 0.742715828 0.170616221 0.086667951
