J:/c: 0.229385088 0.770614912 0.000000000
J:/crr: 0.000000000 0.442581102 0.557418898
J:/r: 0.077403305 0.091116254 0.831480441
JJ:/cc/c: 0.944532140 0.055467860 0.000000000
JJ:/cc/crr: 0.000000000 0.954147850 0.045852150
JJ:/cc/r: 0.840580546 0.091752948 0.067666506
JJ:/crc/c: 0.700662943 0.299337057 0.000000000
JJ:/crc/crr: 0.000000000 0.700375057 0.299624943
JJ:/crc/r: 0.506812614 0.320567901 0.172619485
JJ:/crrc/c: 0.567681637 0.432318363 0.000000000
JJ:/crrc/crr: 0.000000000 0.686041855 0.313958145
JJ:/crrc/r: 0.592278845 0.278793704 0.128927451
JJ:/rc/c: 0.748440527 0.251559473 0.000000000
JJ:/rc/crr: 0.000000000 0.829678782 0.170321218
JJ:/rc/r: 0.735388387 0.173314672 0.091296941
JJ:/rrc/c: 0.706797206 0.293202794 0.000000000
JJ:/rrc/crr: 0.000000000 0.810739149 0.189260851
JJ:/rrc/r: 0.777419314 0.144445634 0.078135052
JK:/cc/c: 0.155782268 0.844217732 0.000000000
JK:/cc/crr: 0.000000000 0.356769901 0.643230099
JK:/cc/r: 0.126343602 0.101848462 0.771807935
JK:/crc/c: 0.268099912 0.731900088 0.000000000
JK:/crc/crr: 0.000000000 0.369166333 0.630833667
JK:/crc/r: 0.316568423 0.253659653 0.429771924
JK:/crrc/c: 0.370224872 0.629775128 0.000000000
JK:/crrc/crr: 0.000000000 0.455606726 0.544393274
JK:/crrc/r: 0.416791307 0.194542423 0.388666270
JK:/rc/c: 0.236377053 0.763622947 0.000000000
JK:/rc/crr: 0.000000000 0.412318495 0.587681505
JK:/rc/r: 0.218120324 0.142738962 0.639140715
JK:/rrc/c: 0.340817385 0.659182615 0.000000000
JK:/rrc/crr: 0.000000000 0.385669937 0.614330063
JK:/rrc/r: 0.247119745 0.140587276 0.612292979
JQ:/cc/c: 0.203477828 0.796522172 0.000000000
JQ:/cc/crr: 0.000000000 0.529196892 0.470803108
JQ:/cc/r: 0.113432645 0.098512863 0.788054492
JQ:/crc/c: 0.302348664 0.697651336 0.000000000
JQ:/crc/crr: 0.000000000 0.535307531 0.464692469
JQ:/crc/r: 0.283270383 0.194978321 0.521751295
JQ:/crrc/c: 0.344322881 0.655677119 0.000000000
JQ:/crrc/crr: 0.000000000 0.432154503 0.567845497
JQ:/crrc/r: 0.325880783 0.236937050 0.437182167
JQ:/rc/c: 0.241276306 0.758723694 0.000000000
JQ:/rc/crr: 0.000000000 0.338243766 0.661756234
JQ:/rc/r: 0.281643260 0.167633542 0.550723199
JQ:/rrc/c: 0.314091462 0.685908538 0.000000000
JQ:/rrc/crr: 0.000000000 0.281321773 0.718678227
JQ:/rrc/r: 0.231271080 0.146418287 0.622310633
K:/c: 0.834412079 0.165587921 0.000000000
K:/crr: 0.000000000 0.966207814 0.033792186
K:/r: 0.741793283 0.240624664 0.017582052
KJ:/cc/c: 0.785545724 0.214454276 0.000000000
KJ:/cc/crr: 0.000000000 0.846127554 0.153872446
KJ:/cc/r: 0.387462304 0.323356947 0.289180749
KJ:/crc/c: 0.760427916 0.239572084 0.000000000
KJ:/crc/crr: 0.000000000 0.874669083 0.125330917
KJ:/crc/r: 0.621645046 0.262459102 0.115895852
KJ:/crrc/c: 0.816892481 0.183107519 0.000000000
KJ:/crrc/crr: 0.000000000 0.890293011 0.109706989
KJ:/crrc/r: 0.638429641 0.257112001 0.104458358
KJ:/rc/c: 0.754359051 0.245640949 0.000000000
KJ:/rc/crr: 0.000000000 0.890543178 0.109456822
KJ:/rc/r: 0.635374944 0.222725144 0.141899912
KJ:/rrc/c: 0.804379239 0.195620761 0.000000000
KJ:/rrc/crr: 0.000000000 0.893380158 0.106619842
KJ:/rrc/r: 0.638871957 0.266324260 0.094803783
KK:/cc/c: 0.887656326 0.112343674 0.000000000
KK:/cc/crr: 0.000000000 0.910415211 0.089584789
KK:/cc/r: 0.828839831 0.097673813 0.073486356
KK:/crc/c: 0.854114956 0.145885044 0.000000000
KK:/crc/crr: 0.000000000 0.928510082 0.071489918
KK:/crc/r: 0.720222158 0.190522074 0.089255769
KK:/crrc/c: 0.869349826 0.130650174 0.000000000
KK:/crrc/crr: 0.000000000 0.939447236 0.060552764
KK:/crrc/r: 0.744402921 0.180855360 0.074741719
KK:/rc/c: 0.847098881 0.152901119 0.000000000
KK:/rc/crr: 0.000000000 0.880323415 0.119676585
KK:/rc/r: 0.681105771 0.206810629 0.112083601
KK:/rrc/c: 0.883482371 0.116517629 0.000000000
KK:/rrc/crr: 0.000000000 0.937906134 0.062093866
KK:/rrc/r: 0.811960730 0.131206393 0.056832878
KQ:/cc/c: 0.740203804 0.259796196 0.000000000
KQ:/cc/crr: 0.000000000 0.844162478 0.155837522
KQ:/cc/r: 0.489557824 0.301323397 0.209118779
KQ:/crc/c: 0.606800185 0.393199815 0.000000000
KQ:/crc/crr: 0.000000000 0.804169977 0.195830023
KQ:/crc/r: 0.476996021 0.317226500 0.205777478
KQ:/crrc/c: 0.710691452 0.289308548 0.000000000
KQ:/crrc/crr: 0.000000000 0.890990667 0.109009333
KQ:/crrc/r: 0.589187647 0.291377549 0.119434804
KQ:/rc/c: 0.587046743 0.412953257 0.000000000
KQ:/rc/crr: 0.000000000 0.833725217 0.166274783
KQ:/rc/r: 0.572577554 0.249358649 0.178063797
KQ:/rrc/c: 0.588377018 0.411622982 0.000000000
KQ:/rrc/crr: 0.000000000 0.887671906 0.112328094
KQ:/rrc/r: 0.581960232 0.319734022 0.098305746
Q:/c: 0.275757449 0.724242551 0.000000000
Q:/crr: 0.000000000 0.924269428 0.075730572
Q:/r: 0.172557187 0.448192779 0.379250034
QJ:/cc/c: 0.193066059 0.806933941 0.000000000
QJ:/cc/crr: 0.000000000 0.391663068 0.608336932
QJ:/cc/r: 0.156227876 0.101259588 0.742512536
QJ:/crc/c: 0.399051673 0.600948327 0.000000000
QJ:/crc/crr: 0.000000000 0.626581285 0.373418715
QJ:/crc/r: 0.503936336 0.180871574 0.315192089
QJ:/crrc/c: 0.333859040 0.666140960 0.000000000
QJ:/crrc/crr: 0.000000000 0.625438087 0.374561913
QJ:/crrc/r: 0.364094175 0.165426885 0.470478941
QJ:/rc/c: 0.160880601 0.839119399 0.000000000
QJ:/rc/crr: 0.000000000 0.371590203 0.628409797
QJ:/rc/r: 0.154980574 0.123234283 0.721785143
QJ:/rrc/c: 0.368090752 0.631909248 0.000000000
QJ:/rrc/crr: 0.000000000 0.448453786 0.551546214
QJ:/rrc/r: 0.214154095 0.142094323 0.643751582
QK:/cc/c: 0.783440643 0.216559357 0.000000000
QK:/cc/crr: 0.000000000 0.911977598 0.088022402
QK:/cc/r: 0.565235061 0.271511305 0.163253634
QK:/crc/c: 0.513309235 0.486690765 0.000000000
QK:/crc/crr: 0.000000000 0.713314575 0.286685425
QK:/crc/r: 0.537951136 0.268379932 0.193668932
QK:/crrc/c: 0.643323801 0.356676199 0.000000000
QK:/crrc/crr: 0.000000000 0.860613185 0.139386815
QK:/crrc/r: 0.585198056 0.271037844 0.143764100
QK:/rc/c: 0.670225446 0.329774554 0.000000000
QK:/rc/crr: 0.000000000 0.840244776 0.159755224
QK:/rc/r: 0.365315666 0.408539295 0.226145039
QK:/rrc/c: 0.480434203 0.519565797 0.000000000
QK:/rrc/crr: 0.000000000 0.740393165 0.259606835
QK:/rrc/r: 0.445842534 0.354090581 0.200066885
QQ:/cc/c: 0.931556846 0.068443154 0.000000000
QQ:/cc/crr: 0.000000000 0.957271443 0.042728557
QQ:/cc/r: 0.860161297 0.084810279 0.055028424
QQ:/crc/c: 0.605905792 0.394094208 0.000000000
QQ:/crc/crr: 0.000000000 0.516623819 0.483376181
QQ:/crc/r: 0.517310758 0.303886554 0.178802688
QQ:/crrc/c: 0.758726723 0.241273277 0.000000000
QQ:/crrc/crr: 0.000000000 0.882684014 0.117315986
QQ:/crrc/r: 0.701610972 0.206470053 0.091918975
QQ:/rc/c: 0.925653283 0.074346717 0.000000000
QQ:/rc/crr: 0.000000000 0.939046707 0.060953293
QQ:/rc/r: 0.834909252 0.101965367 0.063125381
QQ:/rrc/c: 0.806431163 0.193568837 0.000000000
QQ:/rrc/crr: 0.000000000 0.910897340 0.089102660
QQ:/rrc/r: 0.748986355 0.166457964 0.084555680
