J:/c: 0.232569477 0.767430523 0.000000000
J:/crr: 0.000000000 0.441317487 0.558682513
J:/r: 0.076471322 0.091550281 0.831978396
JJ:/cc/c: 0.944939270 0.055060730 0.000000000
JJ:/cc/crr: 0.000000000 0.954481289 0.045518711
JJ:/cc/r: 0.841912997 0.090986063 0.067100939
JJ:/crc/c: 0.703074166 0.296925834 0.000000000
JJ:/crc/crr: 0.000000000 0.705346415 0.294653585
JJ:/crc/r: 0.509902897 0.319236168 0.170860935
JJ:/crrc/c: 0.569605881 0.430394119 0.000000000
JJ:/crrc/crr: 0.000000000 0.689516327 0.310483673
JJ:/crrc/r: 0.595146778 0.276832776 0.128020446
JJ:/rc/c: 0.752115611 0.247884389 0.000000000
JJ:/rc/crr: 0.000000000 0.833401451 0.166598549
JJ:/rc/r: 0.738359198 0.171368857 0.090271944
JJ:/rrc/c: 0.708866332 0.291133668 0.000000000
JJ:/rrc/crr: 0.000000000 0.812497117 0.187502883
JJ:/rrc/r: 0.778646155 0.143649465 0.077704380
JK:/cc/c: 0.155309067 0.844690933 0.000000000
JK:/cc/crr: 0.000000000 0.355344166 0.644655834
JK:/cc/r: 0.125537012 0.101198252 0.773264736
JK:/crc/c: 0.266549650 0.733450350 0.000000000
JK:/crc/crr: 0.000000000 0.368570427 0.631429573
JK:/crc/r: 0.315486651 0.252792852 0.431720496
JK:/crrc/c: 0.369294773 0.630705227 0.000000000
JK:/crrc/crr: 0.000000000 0.454773955 0.545226045
JK:/crrc/r: 0.415451232 0.193916926 0.390631842
JK:/rc/c: 0.235080733 0.764919267 0.000000000
JK:/rc/crr: 0.000000000 0.410998201 0.589001799
JK:/rc/r: 0.216539728 0.141704613 0.641755659
JK:/rrc/c: 0.340463990 0.659536010 0.000000000
JK:/rrc/crr: 0.000000000 0.384741882 0.615258118
JK:/rrc/r: 0.246043136 0.139974790 0.613982075
JQ:/cc/c: 0.202853002 0.797146998 0.000000000
JQ:/cc/crr: 0.000000000 0.527663892 0.472336108
JQ:/cc/r: 0.112631408 0.097817013 0.789551579
JQ:/crc/c: 0.301400226 0.698599774 0.000000000
JQ:/crc/crr: 0.000000000 0.533924519 0.466075481
JQ:/crc/r: 0.282017845 0.194116185 0.523865971
JQ:/crrc/c: 0.342647049 0.657352951 0.000000000
JQ:/crrc/crr: 0.000000000 0.430596895 0.569403105
JQ:/crrc/r: 0.324525572 0.235951722 0.439522705
JQ:/rc/c: 0.240657295 0.759342705 0.000000000
JQ:/rc/crr: 0.000000000 0.336909443 0.663090557
JQ:/rc/r: 0.279886482 0.166587911 0.553525607
JQ:/rrc/c: 0.312693684 0.687306316 0.000000000
JQ:/rrc/crr: 0.000000000 0.280324439 0.719675561
JQ:/rrc/r: 0.230081237 0.145664994 0.624253769
K:/c: 0.835826871 0.164173129 0.000000000
K:/crr: 0.000000000 0.966458554 0.033541446
K:/r: 0.741287914 0.241350397 0.017361689
KJ:/cc/c: 0.786080867 0.213919133 0.000000000
KJ:/cc/crr: 0.000000000 0.846633285 0.153366715
KJ:/cc/r: 0.385259041 0.323867112 0.290873847
KJ:/crc/c: 0.761444302 0.238555698 0.000000000
KJ:/crc/crr: 0.000000000 0.875488640 0.124511360
KJ:/crc/r: 0.622610633 0.261903612 0.115485754
KJ:/crrc/c: 0.817795152 0.182204848 0.000000000
KJ:/crrc/crr: 0.000000000 0.890856394 0.109143606
KJ:/crrc/r: 0.638726633 0.257244837 0.104028530
KJ:/rc/c: 0.755706870 0.244293130 0.000000000
KJ:/rc/crr: 0.000000000 0.891263753 0.108736247
KJ:/rc/r: 0.636067474 0.222782444 0.141150082
KJ:/rrc/c: 0.805247419 0.194752581 0.000000000
KJ:/rrc/crr: 0.000000000 0.893896329 0.106103671
KJ:/rrc/r: 0.639201740 0.266364992 0.094433268
KK:/cc/c: 0.888323117 0.111676883 0.000000000
KK:/cc/crr: 0.000000000 0.911003225 0.088996775
KK:/cc/r: 0.830100631 0.096954328 0.072945041
KK:/crc/c: 0.855847216 0.144152784 0.000000000
KK:/crc/crr: 0.000000000 0.929537329 0.070462671
KK:/crc/r: 0.722469281 0.188991836 0.088538883
KK:/crrc/c: 0.870462020 0.129537980 0.000000000
KK:/crrc/crr: 0.000000000 0.940015601 0.059984399
KK:/crrc/r: 0.746150169 0.179619042 0.074230789
KK:/rc/c: 0.849434652 0.150565348 0.000000000
KK:/rc/crr: 0.000000000 0.882094447 0.117905553
KK:/rc/r: 0.684209189 0.204797987 0.110992824
KK:/rrc/c: 0.884649680 0.115350320 0.000000000
KK:/rrc/crr: 0.000000000 0.938531756 0.061468244
KK:/rrc/r: 0.813333574 0.130248476 0.056417950
KQ:/cc/c: 0.740838671 0.259161329 0.000000000
KQ:/cc/crr: 0.000000000 0.844678123 0.155321877
KQ:/cc/r: 0.488159514 0.303305292 0.208535194
KQ:/crc/c: 0.608768335 0.391231665 0.000000000
KQ:/crc/crr: 0.000000000 0.805421840 0.194578160
KQ:/crc/r: 0.474031550 0.317168034 0.208800416
KQ:/crrc/c: 0.711665392 0.288334608 0.000000000
KQ:/crrc/crr: 0.000000000 0.891578604 0.108421396
KQ:/crrc/r: 0.588574417 0.292395133 0.119030450
KQ:/rc/c: 0.588996775 0.411003225 0.000000000
KQ:/rc/crr: 0.000000000 0.834927777 0.165072223
KQ:/rc/r: 0.573083190 0.249405453 0.177511357
KQ:/rrc/c: 0.589505299 0.410494701 0.000000000
KQ:/rrc/crr: 0.000000000 0.888376632 0.111623368
KQ:/rrc/r: 0.581511999 0.320658218 0.097829784
Q:/c: 0.274861814 0.725138186 0.000000000
Q:/crr: 0.000000000 0.924576218 0.075423782
Q:/r: 0.170838825 0.450553005 0.378608170
QJ:/cc/c: 0.192473371 0.807526629 0.000000000
QJ:/cc/crr: 0.000000000 0.391012194 0.608987806
QJ:/cc/r: 0.155004645 0.100466747 0.744528608
QJ:/crc/c: 0.398682142 0.601317858 0.000000000
QJ:/crc/crr: 0.000000000 0.628024692 0.371975308
QJ:/crc/r: 0.502618072 0.180347479 0.317034449
QJ:/crrc/c: 0.332576708 0.667423292 0.000000000
QJ:/crrc/crr: 0.000000000 0.625080205 0.374919795
QJ:/crrc/r: 0.361986874 0.164469429 0.473543697
QJ:/rc/c: 0.160100631 0.839899369 0.000000000
QJ:/rc/crr: 0.000000000 0.370954067 0.629045933
QJ:/rc/r: 0.153923662 0.122393870 0.723682469
QJ:/rrc/c: 0.367056815 0.632943185 0.000000000
QJ:/rrc/crr: 0.000000000 0.446370169 0.553629831
QJ:/rrc/r: 0.213020369 0.141342080 0.645637552
QK:/cc/c: 0.784181224 0.215818776 0.000000000
QK:/cc/crr: 0.000000000 0.912423735 0.087576265
QK:/cc/r: 0.565037346 0.272233129 0.162729525
QK:/crc/c: 0.513120888 0.486879112 0.000000000
QK:/crc/crr: 0.000000000 0.715178898 0.284821102
QK:/crc/r: 0.538785740 0.267895155 0.193319106
QK:/crrc/c: 0.643526557 0.356473443 0.000000000
QK:/crrc/crr: 0.000000000 0.861009392 0.138990608
QK:/crrc/r: 0.585131663 0.271264835 0.143603502
QK:/rc/c: 0.671427002 0.328572998 0.000000000
QK:/rc/crr: 0.000000000 0.841220055 0.158779945
QK:/rc/r: 0.362929834 0.409628152 0.227442014
QK:/rrc/c: 0.482982122 0.517017878 0.000000000
QK:/rrc/crr: 0.000000000 0.741613484 0.258386516
QK:/rrc/r: 0.443946424 0.353049404 0.203004172
QQ:/cc/c: 0.932242065 0.067757935 0.000000000
QQ:/cc/crr: 0.000000000 0.957720374 0.042279626
QQ:/cc/r: 0.861506523 0.083994418 0.054499059
QQ:/crc/c: 0.606745530 0.393254470 0.000000000
QQ:/crc/crr: 0.000000000 0.524251564 0.475748436
QQ:/crc/r: 0.518670297 0.303190838 0.178138864
QQ:/crrc/c: 0.761963265 0.238036735 0.000000000
QQ:/crrc/crr: 0.000000000 0.884626649 0.115373351
QQ:/crrc/r: 0.704027944 0.204797631 0.091174425
QQ:/rc/c: 0.926442336 0.073557664 0.000000000
QQ:/rc/crr: 0.000000000 0.939650027 0.060349973
QQ:/rc/r: 0.836339689 0.101081883 0.062578428
QQ:/rrc/c: 0.808971737 0.191028263 0.000000000
QQ:/rrc/crr: 0.000000000 0.912224785 0.087775215
QQ:/rrc/r: 0.750749009 0.165289073 0.083961918
