J:/c: 0.231776274 0.768223726 0.000000000
J:/crr: 0.000000000 0.434459718 0.565540282
J:/r: 0.075911192 0.110130576 0.813958232
JJ:/cc/c: 0.946585985 0.053414015 0.000000000
JJ:/cc/crr: 0.000000000 0.955793846 0.044206154
JJ:/cc/r: 0.847170975 0.087959864 0.064869160
JJ:/crc/c: 0.714905794 0.285094206 0.000000000
JJ:/crc/crr: 0.000000000 0.723803895 0.276196105
JJ:/crc/r: 0.523287737 0.312632153 0.164080110
JJ:/crrc/c: 0.577785175 0.422214825 0.000000000
JJ:/crrc/crr: 0.000000000 0.703235892 0.296764108
JJ:/crrc/r: 0.606233563 0.269253368 0.124513068
JJ:/rc/c: 0.765513813 0.234486187 0.000000000
JJ:/rc/crr: 0.000000000 0.845087113 0.154912887
JJ:/rc/r: 0.750569548 0.163371352 0.086059100
JJ:/rrc/c: 0.717614586 0.282385414 0.000000000
JJ:/rrc/crr: 0.000000000 0.820782436 0.179217564
JJ:/rrc/r: 0.784397293 0.139917215 0.075685492
JK:/cc/c: 0.153352401 0.846647599 0.000000000
JK:/cc/crr: 0.000000000 0.349762569 0.650237431
JK:/cc/r: 0.122631350 0.098855931 0.778512719
JK:/crc/c: 0.262483586 0.737516414 0.000000000
JK:/crc/crr: 0.000000000 0.365378827 0.634621173
JK:/crc/r: 0.310507958 0.248803529 0.440688513
JK:/crrc/c: 0.367288013 0.632711987 0.000000000
JK:/crrc/crr: 0.000000000 0.450855458 0.549144542
JK:/crrc/r: 0.410239093 0.191484097 0.398276810
JK:/rc/c: 0.230487519 0.769512481 0.000000000
JK:/rc/crr: 0.000000000 0.406810546 0.593189454
JK:/rc/r: 0.209492980 0.137093187 0.653413833
JK:/rrc/c: 0.341855014 0.658144986 0.000000000
JK:/rrc/crr: 0.000000000 0.381374504 0.618625496
JK:/rrc/r: 0.242064960 0.137711592 0.620223448
JQ:/cc/c: 0.200442058 0.799557942 0.000000000
JQ:/cc/crr: 0.000000000 0.523277886 0.476722114
JQ:/cc/r: 0.109831340 0.095385237 0.794783422
JQ:/crc/c: 0.298346860 0.701653140 0.000000000
JQ:/crc/crr: 0.000000000 0.530400045 0.469599955
JQ:/crc/r: 0.276322162 0.190195779 0.533482059
JQ:/crrc/c: 0.338255281 0.661744719 0.000000000
JQ:/crrc/crr: 0.000000000 0.425450617 0.574549383
JQ:/crrc/r: 0.320210057 0.232814054 0.446975889
JQ:/rc/c: 0.239961377 0.760038623 0.000000000
JQ:/rc/crr: 0.000000000 0.332858136 0.667141864
JQ:/rc/r: 0.272696999 0.162308743 0.564994258
JQ:/rrc/c: 0.308403585 0.691596415 0.000000000
JQ:/rrc/crr: 0.000000000 0.277152205 0.722847795
JQ:/rrc/r: 0.226028443 0.143099160 0.630872397
K:/c: 0.842244768 0.157755232 0.000000000
K:/crr: 0.000000000 0.967368048 0.032631952
K:/r: 0.738706731 0.244780635 0.016512634
KJ:/cc/c: 0.788281922 0.211718078 0.000000000
KJ:/cc/crr: 0.000000000 0.848463314 0.151536686
KJ:/cc/r: 0.376494931 0.324435672 0.299069396
KJ:/crc/c: 0.766449826 0.233550174 0.000000000
KJ:/crc/crr: 0.000000000 0.878393076 0.121606924
KJ:/crc/r: 0.625902951 0.260184810 0.113912239
KJ:/crrc/c: 0.820718534 0.179281466 0.000000000
KJ:/crrc/crr: 0.000000000 0.892889169 0.107110831
KJ:/crrc/r: 0.639759287 0.257893176 0.102347538
KJ:/rc/c: 0.760997150 0.239002850 0.000000000
KJ:/rc/crr: 0.000000000 0.894027502 0.105972498
KJ:/rc/r: 0.638405777 0.223268773 0.138325450
KJ:/rrc/c: 0.807411361 0.192588639 0.000000000
KJ:/rrc/crr: 0.000000000 0.895675742 0.104324258
KJ:/rrc/r: 0.639030644 0.267930320 0.093039036
KK:/cc/c: 0.891001857 0.108998143 0.000000000
KK:/cc/crr: 0.000000000 0.913337977 0.086662023
KK:/cc/r: 0.834518047 0.094433497 0.071048456
KK:/crc/c: 0.862307871 0.137692129 0.000000000
KK:/crc/crr: 0.000000000 0.933077441 0.066922559
KK:/crc/r: 0.732206743 0.182360856 0.085432402
KK:/crrc/c: 0.874735755 0.125264245 0.000000000
KK:/crrc/crr: 0.000000000 0.942134890 0.057865110
KK:/crrc/r: 0.752233340 0.175314713 0.072451947
KK:/rc/c: 0.856948641 0.143051359 0.000000000
KK:/rc/crr: 0.000000000 0.888668963 0.111331037
KK:/rc/r: 0.696321104 0.196943117 0.106735780
KK:/rrc/c: 0.889207054 0.110792946 0.000000000
KK:/rrc/crr: 0.000000000 0.940834889 0.059165111
KK:/rrc/r: 0.818050741 0.126957023 0.054992236
KQ:/cc/c: 0.742801248 0.257198752 0.000000000
KQ:/cc/crr: 0.000000000 0.846464273 0.153535727
KQ:/cc/r: 0.485177730 0.307188670 0.207633600
KQ:/crc/c: 0.615174641 0.384825359 0.000000000
KQ:/crc/crr: 0.000000000 0.809718317 0.190281683
KQ:/crc/r: 0.462176911 0.318357453 0.219465635
KQ:/crrc/c: 0.712569416 0.287430584 0.000000000
KQ:/crrc/crr: 0.000000000 0.893537858 0.106462142
KQ:/crrc/r: 0.590247913 0.292290277 0.117461810
KQ:/rc/c: 0.598389831 0.401610169 0.000000000
KQ:/rc/crr: 0.000000000 0.839633335 0.160366665
KQ:/rc/r: 0.569462021 0.255368717 0.175169262
KQ:/rrc/c: 0.595479394 0.404520606 0.000000000
KQ:/rrc/crr: 0.000000000 0.890989751 0.109010249
KQ:/rrc/r: 0.576096851 0.328051610 0.095851539
Q:/c: 0.271912358 0.728087642 0.000000000
Q:/crr: 0.000000000 0.924530419 0.075469581
Q:/r: 0.174092266 0.449101604 0.376806130
QJ:/cc/c: 0.189765177 0.810234823 0.000000000
QJ:/cc/crr: 0.000000000 0.387995572 0.612004428
QJ:/cc/r: 0.150392463 0.097477347 0.752130190
QJ:/crc/c: 0.399519200 0.600480800 0.000000000
QJ:/crc/crr: 0.000000000 0.632652242 0.367347758
QJ:/crc/r: 0.501138861 0.178951540 0.319909599
QJ:/crrc/c: 0.333207509 0.666792491 0.000000000
QJ:/crrc/crr: 0.000000000 0.624235972 0.375764028
QJ:/crrc/r: 0.354098686 0.160885415 0.485015899
QJ:/rc/c: 0.157181285 0.842818715 0.000000000
QJ:/rc/crr: 0.000000000 0.368040016 0.631959984
QJ:/rc/r: 0.150226048 0.119453677 0.730320275
QJ:/rrc/c: 0.363491457 0.636508543 0.000000000
QJ:/rrc/crr: 0.000000000 0.440854548 0.559145452
QJ:/rrc/r: 0.208626249 0.138426518 0.652947233
QK:/cc/c: 0.786889519 0.213110481 0.000000000
QK:/cc/crr: 0.000000000 0.914040871 0.085959129
QK:/cc/r: 0.563655123 0.275821536 0.160523340
QK:/crc/c: 0.514034372 0.485965628 0.000000000
QK:/crc/crr: 0.000000000 0.721138103 0.278861897
QK:/crc/r: 0.541235017 0.266690243 0.192074739
QK:/crrc/c: 0.641529075 0.358470925 0.000000000
QK:/crrc/crr: 0.000000000 0.862529924 0.137470076
QK:/crrc/r: 0.581903298 0.275415687 0.142681015
QK:/rc/c: 0.676364038 0.323635962 0.000000000
QK:/rc/crr: 0.000000000 0.844371287 0.155628713
QK:/rc/r: 0.354272662 0.414092527 0.231634811
QK:/rrc/c: 0.488203360 0.511796640 0.000000000
QK:/rrc/crr: 0.000000000 0.746292740 0.253707260
QK:/rrc/r: 0.428181611 0.360501748 0.211316641
QQ:/cc/c: 0.934596910 0.065403090 0.000000000
QQ:/cc/crr: 0.000000000 0.959257997 0.040742003
QQ:/cc/r: 0.866162348 0.081170723 0.052666929
QQ:/crc/c: 0.608164035 0.391835965 0.000000000
QQ:/crc/crr: 0.000000000 0.556180787 0.443819213
QQ:/crc/r: 0.525669091 0.299481964 0.174848946
QQ:/crrc/c: 0.771661563 0.228338437 0.000000000
QQ:/crrc/crr: 0.000000000 0.891828297 0.108171703
QQ:/crrc/r: 0.712162353 0.199169033 0.088668614
QQ:/rc/c: 0.929325748 0.070674252 0.000000000
QQ:/rc/crr: 0.000000000 0.941904176 0.058095824
QQ:/rc/r: 0.841923268 0.097633285 0.060443447
QQ:/rrc/c: 0.818024252 0.181975748 0.000000000
QQ:/rrc/crr: 0.000000000 0.916530641 0.083469359
QQ:/rrc/r: 0.758319712 0.160268613 0.081411675
