J:/c: 0.201799360 0.798200640 0.000000000
J:/crr: 0.000000000 0.756026264 0.243973736
J:/r: 0.166494771 0.109480683 0.724024546
JJ:/cc/c: 0.843367677 0.156632323 0.000000000
JJ:/cc/crr: 0.000000000 0.848755202 0.151244798
JJ:/cc/r: 0.599625397 0.230433295 0.169941308
JJ:/crc/c: 0.573667063 0.426332937 0.000000000
JJ:/crc/crr: 0.000000000 0.475051223 0.524948777
JJ:/crc/r: 0.407149347 0.342185874 0.250664779
JJ:/crrc/c: 0.496262184 0.503737816 0.000000000
JJ:/crrc/crr: 0.000000000 0.787934361 0.212065639
JJ:/crrc/r: 0.303658513 0.385561421 0.310780066
JJ:/rc/c: 0.544897963 0.455102037 0.000000000
JJ:/rc/crr: 0.000000000 0.471332273 0.528667727
JJ:/rc/r: 0.410533952 0.376146234 0.213319815
JJ:/rrc/c: 0.537584167 0.462415833 0.000000000
JJ:/rrc/crr: 0.000000000 0.483880449 0.516119551
JJ:/rrc/r: 0.587107520 0.267738387 0.145154094
JK:/cc/c: 0.218898289 0.781101711 0.000000000
JK:/cc/crr: 0.000000000 0.471050143 0.528949857
JK:/cc/r: 0.254707435 0.205325478 0.539967086
JK:/crc/c: 0.404269891 0.595730109 0.000000000
JK:/crc/crr: 0.000000000 0.429457039 0.570542961
JK:/crc/r: 0.349571441 0.317844603 0.332583956
JK:/crrc/c: 0.446462406 0.553537594 0.000000000
JK:/crrc/crr: 0.000000000 0.568544114 0.431455886
JK:/crrc/r: 0.459088726 0.224438191 0.316473083
JK:/rc/c: 0.345266990 0.654733010 0.000000000
JK:/rc/crr: 0.000000000 0.519545947 0.480454053
JK:/rc/r: 0.352083385 0.230405017 0.417511598
JK:/rrc/c: 0.441907547 0.558092453 0.000000000
JK:/rrc/crr: 0.000000000 0.484234859 0.515765141
JK:/rrc/r: 0.381549811 0.217065006 0.401385183
JQ:/cc/c: 0.285350228 0.714649772 0.000000000
JQ:/cc/crr: 0.000000000 0.533829970 0.466170030
JQ:/cc/r: 0.235766930 0.204756534 0.559476536
JQ:/crc/c: 0.403482768 0.596517232 0.000000000
JQ:/crc/crr: 0.000000000 0.538169225 0.461830775
JQ:/crc/r: 0.338773806 0.254720453 0.406505740
JQ:/crrc/c: 0.527693896 0.472306104 0.000000000
JQ:/crrc/crr: 0.000000000 0.392997813 0.607002187
JQ:/crrc/r: 0.375678184 0.306688451 0.317633365
JQ:/rc/c: 0.344086142 0.655913858 0.000000000
JQ:/rc/crr: 0.000000000 0.449666209 0.550333791
JQ:/rc/r: 0.413086865 0.245913064 0.341000071
JQ:/rrc/c: 0.425443855 0.574556145 0.000000000
JQ:/rrc/crr: 0.000000000 0.380183323 0.619816677
JQ:/rrc/r: 0.342255269 0.216682649 0.441062082
K:/c: 0.749189031 0.250810969 0.000000000
K:/crr: 0.000000000 0.920606075 0.079393925
K:/r: 0.762095499 0.176118212 0.061786289
KJ:/cc/c: 0.699320033 0.300679967 0.000000000
KJ:/cc/crr: 0.000000000 0.771293842 0.228706158
KJ:/cc/r: 0.493337467 0.290761147 0.215901386
KJ:/crc/c: 0.540405328 0.459594672 0.000000000
KJ:/crc/crr: 0.000000000 0.623146282 0.376853718
KJ:/crc/r: 0.487405862 0.329747562 0.182846576
KJ:/crrc/c: 0.631075266 0.368924734 0.000000000
KJ:/crrc/crr: 0.000000000 0.756368721 0.243631279
KJ:/crrc/r: 0.564276927 0.267021179 0.168701894
KJ:/rc/c: 0.548457035 0.451542965 0.000000000
KJ:/rc/crr: 0.000000000 0.730998651 0.269001349
KJ:/rc/r: 0.516513535 0.256912912 0.226573552
KJ:/rrc/c: 0.641858549 0.358141451 0.000000000
KJ:/rrc/crr: 0.000000000 0.784444106 0.215555894
KJ:/rrc/r: 0.595821984 0.253721102 0.150456913
KK:/cc/c: 0.782912054 0.217087946 0.000000000
KK:/cc/crr: 0.000000000 0.795206765 0.204793235
KK:/cc/r: 0.657877108 0.195234951 0.146887941
KK:/crc/c: 0.527556137 0.472443863 0.000000000
KK:/crc/crr: 0.000000000 0.534283262 0.465716738
KK:/crc/r: 0.366569358 0.400002203 0.233428439
KK:/crrc/c: 0.538465566 0.461534434 0.000000000
KK:/crrc/crr: 0.000000000 0.672057759 0.327942241
KK:/crrc/r: 0.506021529 0.333205162 0.160773309
KK:/rc/c: 0.534144639 0.465855361 0.000000000
KK:/rc/crr: 0.000000000 0.653438704 0.346561296
KK:/rc/r: 0.370248869 0.371329063 0.258422068
KK:/rrc/c: 0.563068965 0.436931035 0.000000000
KK:/rrc/crr: 0.000000000 0.634155479 0.365844521
KK:/rrc/r: 0.534734234 0.321978318 0.143287448
KQ:/cc/c: 0.648171389 0.351828611 0.000000000
KQ:/cc/crr: 0.000000000 0.765059409 0.234940591
KQ:/cc/r: 0.516958317 0.235058019 0.247983664
KQ:/crc/c: 0.539691498 0.460308502 0.000000000
KQ:/crc/crr: 0.000000000 0.580536363 0.419463637
KQ:/crc/r: 0.462005007 0.326604991 0.211390002
KQ:/crrc/c: 0.601380753 0.398619247 0.000000000
KQ:/crrc/crr: 0.000000000 0.770477933 0.229522067
KQ:/crrc/r: 0.572480214 0.247659481 0.179860305
KQ:/rc/c: 0.456066638 0.543933362 0.000000000
KQ:/rc/crr: 0.000000000 0.612767829 0.387232171
KQ:/rc/r: 0.489104829 0.270093519 0.240801652
KQ:/rrc/c: 0.450772280 0.549227720 0.000000000
KQ:/rrc/crr: 0.000000000 0.742018230 0.257981770
KQ:/rrc/r: 0.603249898 0.238648312 0.158101790
Q:/c: 0.431879758 0.568120242 0.000000000
Q:/crr: 0.000000000 0.876351320 0.123648680
Q:/r: 0.273213599 0.350516673 0.376269728
QJ:/cc/c: 0.275275502 0.724724498 0.000000000
QJ:/cc/crr: 0.000000000 0.418800248 0.581199752
QJ:/cc/r: 0.325492501 0.210968986 0.463538513
QJ:/crc/c: 0.458223038 0.541776962 0.000000000
QJ:/crc/crr: 0.000000000 0.584497898 0.415502102
QJ:/crc/r: 0.449193393 0.225779891 0.325026716
QJ:/crrc/c: 0.412929822 0.587070178 0.000000000
QJ:/crrc/crr: 0.000000000 0.590387590 0.409612410
QJ:/crrc/r: 0.497646422 0.246791331 0.255562246
QJ:/rc/c: 0.278737208 0.721262792 0.000000000
QJ:/rc/crr: 0.000000000 0.454195819 0.545804181
QJ:/rc/r: 0.309808541 0.246347220 0.443844239
QJ:/rrc/c: 0.461156670 0.538843330 0.000000000
QJ:/rrc/crr: 0.000000000 0.490548024 0.509451976
QJ:/rrc/r: 0.326091712 0.216366543 0.457541745
QK:/cc/c: 0.674942719 0.325057281 0.000000000
QK:/cc/crr: 0.000000000 0.838859638 0.161140362
QK:/cc/r: 0.516047685 0.253406157 0.230546158
QK:/crc/c: 0.513060423 0.486939577 0.000000000
QK:/crc/crr: 0.000000000 0.412376992 0.587623008
QK:/crc/r: 0.430181189 0.325137812 0.244680999
QK:/crrc/c: 0.553632025 0.446367975 0.000000000
QK:/crrc/crr: 0.000000000 0.743896060 0.256103940
QK:/crrc/r: 0.527459472 0.290368875 0.182171653
QK:/rc/c: 0.508519117 0.491480883 0.000000000
QK:/rc/crr: 0.000000000 0.670321880 0.329678120
QK:/rc/r: 0.441422866 0.306579136 0.251997997
QK:/rrc/c: 0.498611927 0.501388073 0.000000000
QK:/rrc/crr: 0.000000000 0.598328403 0.401671597
QK:/rrc/r: 0.539037055 0.270434150 0.190528795
QQ:/cc/c: 0.803978212 0.196021788 0.000000000
QQ:/cc/crr: 0.000000000 0.843014120 0.156985880
QQ:/cc/r: 0.643753141 0.216058894 0.140187965
QQ:/crc/c: 0.526070963 0.473929037 0.000000000
QQ:/crc/crr: 0.000000000 0.409783545 0.590216455
QQ:/crc/r: 0.299234869 0.420475657 0.280289473
QQ:/crrc/c: 0.508026582 0.491973418 0.000000000
QQ:/crrc/crr: 0.000000000 0.579853192 0.420146808
QQ:/crrc/r: 0.447015317 0.322820131 0.230164552
QQ:/rc/c: 0.634278282 0.365721718 0.000000000
QQ:/rc/crr: 0.000000000 0.609154729 0.390845271
QQ:/rc/r: 0.525543709 0.289933238 0.184523054
QQ:/rrc/c: 0.501610456 0.498389544 0.000000000
QQ:/rrc/crr: 0.000000000 0.620600679 0.379399321
QQ:/rrc/r: 0.525566029 0.311213983 0.163219988
