J:/c: 0.197641266 0.802358734 0.000000000
J:/crr: 0.000000000 0.751390009 0.248609991
J:/r: 0.151320551 0.099332055 0.749347394
JJ:/cc/c: 0.855102894 0.144897106 0.000000000
JJ:/cc/crr: 0.000000000 0.864152427 0.135847573
JJ:/cc/r: 0.620111172 0.218642825 0.161246003
JJ:/crc/c: 0.578182774 0.421817226 0.000000000
JJ:/crc/crr: 0.000000000 0.612103248 0.387896752
JJ:/crc/r: 0.397788124 0.346012675 0.256199201
JJ:/crrc/c: 0.506306095 0.493693905 0.000000000
JJ:/crrc/crr: 0.000000000 0.765138007 0.234861993
JJ:/crrc/r: 0.304758910 0.400795624 0.294445467
JJ:/rc/c: 0.549859898 0.450140102 0.000000000
JJ:/rc/crr: 0.000000000 0.449618263 0.550381737
JJ:/rc/r: 0.428872849 0.367776564 0.203350587
JJ:/rrc/c: 0.529318635 0.470681365 0.000000000
JJ:/rrc/crr: 0.000000000 0.500316647 0.499683353
JJ:/rrc/r: 0.605613921 0.255940209 0.138445870
JK:/cc/c: 0.213993806 0.786006194 0.000000000
JK:/cc/crr: 0.000000000 0.461690803 0.538309197
JK:/cc/r: 0.243893749 0.196608319 0.559497933
JK:/crc/c: 0.396482930 0.603517070 0.000000000
JK:/crc/crr: 0.000000000 0.410581143 0.589418857
JK:/crc/r: 0.355846494 0.314743523 0.329409983
JK:/crrc/c: 0.439418864 0.560581136 0.000000000
JK:/crrc/crr: 0.000000000 0.541887017 0.458112983
JK:/crrc/r: 0.460122669 0.223456928 0.316420403
JK:/rc/c: 0.336593999 0.663406001 0.000000000
JK:/rc/crr: 0.000000000 0.504867250 0.495132750
JK:/rc/r: 0.343841078 0.225011213 0.431147709
JK:/rrc/c: 0.434277630 0.565722370 0.000000000
JK:/rrc/crr: 0.000000000 0.476498946 0.523501054
JK:/rrc/r: 0.370950622 0.211035090 0.418014288
JQ:/cc/c: 0.279079909 0.720920091 0.000000000
JQ:/cc/crr: 0.000000000 0.537189111 0.462810889
JQ:/cc/r: 0.226171307 0.196423022 0.577405672
JQ:/crc/c: 0.397940103 0.602059897 0.000000000
JQ:/crc/crr: 0.000000000 0.456388433 0.543611567
JQ:/crc/r: 0.345221650 0.252167538 0.402610812
JQ:/crrc/c: 0.523421890 0.476578110 0.000000000
JQ:/crrc/crr: 0.000000000 0.423016238 0.576983762
JQ:/crrc/r: 0.381309834 0.303750328 0.314939838
JQ:/rc/c: 0.336502672 0.663497328 0.000000000
JQ:/rc/crr: 0.000000000 0.441091251 0.558908749
JQ:/rc/r: 0.403674807 0.240310010 0.356015183
JQ:/rrc/c: 0.415949000 0.584051000 0.000000000
JQ:/rrc/crr: 0.000000000 0.372852432 0.627147568
JQ:/rrc/r: 0.334481797 0.211761244 0.453756958
K:/c: 0.763226561 0.236773439 0.000000000
K:/crr: 0.000000000 0.925823414 0.074176586
K:/r: 0.769073995 0.173717045 0.057208961
KJ:/cc/c: 0.706484159 0.293515841 0.000000000
KJ:/cc/crr: 0.000000000 0.776617625 0.223382375
KJ:/cc/r: 0.494615135 0.290415591 0.214969274
KJ:/crc/c: 0.552342133 0.447657867 0.000000000
KJ:/crc/crr: 0.000000000 0.669664564 0.330335436
KJ:/crc/r: 0.499722455 0.323699686 0.176577859
KJ:/crrc/c: 0.656780677 0.343219323 0.000000000
KJ:/crrc/crr: 0.000000000 0.780433324 0.219566676
KJ:/crrc/r: 0.572517705 0.265166534 0.162315761
KJ:/rc/c: 0.568444620 0.431555380 0.000000000
KJ:/rc/crr: 0.000000000 0.750091258 0.249908742
KJ:/rc/r: 0.524755817 0.254669614 0.220574570
KJ:/rrc/c: 0.661021698 0.338978302 0.000000000
KJ:/rrc/crr: 0.000000000 0.797632912 0.202367088
KJ:/rrc/r: 0.602954531 0.251447076 0.145598393
KK:/cc/c: 0.791728392 0.208271608 0.000000000
KK:/cc/crr: 0.000000000 0.807481388 0.192518612
KK:/cc/r: 0.670740575 0.187894319 0.141365106
KK:/crc/c: 0.546515116 0.453484884 0.000000000
KK:/crc/crr: 0.000000000 0.455482943 0.544517057
KK:/crc/r: 0.386538198 0.393208664 0.220253137
KK:/crrc/c: 0.569016970 0.430983030 0.000000000
KK:/crrc/crr: 0.000000000 0.703530008 0.296469992
KK:/crrc/r: 0.525079728 0.324536973 0.150383300
KK:/rc/c: 0.549673693 0.450326307 0.000000000
KK:/rc/crr: 0.000000000 0.611740334 0.388259666
KK:/rc/r: 0.379680089 0.371116647 0.249203264
KK:/rrc/c: 0.588618351 0.411381649 0.000000000
KK:/rrc/crr: 0.000000000 0.675754060 0.324245940
KK:/rrc/r: 0.567024269 0.301697079 0.131278652
KQ:/cc/c: 0.655487188 0.344512812 0.000000000
KQ:/cc/crr: 0.000000000 0.771018090 0.228981910
KQ:/cc/r: 0.518624600 0.235668277 0.245707123
KQ:/crc/c: 0.542119241 0.457880759 0.000000000
KQ:/crc/crr: 0.000000000 0.605810486 0.394189514
KQ:/crc/r: 0.483378157 0.313629819 0.202992024
KQ:/crrc/c: 0.616490323 0.383509677 0.000000000
KQ:/crrc/crr: 0.000000000 0.786841778 0.213158222
KQ:/crrc/r: 0.583122795 0.242368681 0.174508524
KQ:/rc/c: 0.454152047 0.545847953 0.000000000
KQ:/rc/crr: 0.000000000 0.631657101 0.368342899
KQ:/rc/r: 0.499216997 0.264813220 0.235969783
KQ:/rrc/c: 0.453905388 0.546094612 0.000000000
KQ:/rrc/crr: 0.000000000 0.762143025 0.237856975
KQ:/rrc/r: 0.611579002 0.235351646 0.153069351
Q:/c: 0.427624105 0.572375895 0.000000000
Q:/crr: 0.000000000 0.882328434 0.117671566
Q:/r: 0.262887076 0.343277164 0.393835760
QJ:/cc/c: 0.270083085 0.729916915 0.000000000
QJ:/cc/crr: 0.000000000 0.418960549 0.581039451
QJ:/cc/r: 0.314482157 0.203832597 0.481685246
QJ:/crc/c: 0.452110833 0.547889167 0.000000000
QJ:/crc/crr: 0.000000000 0.549882198 0.450117802
QJ:/crc/r: 0.462008552 0.220526858 0.317464589
QJ:/crrc/c: 0.411124165 0.588875835 0.000000000
QJ:/crrc/crr: 0.000000000 0.593979930 0.406020070
QJ:/crrc/r: 0.506686599 0.242350162 0.250963239
QJ:/rc/c: 0.268974893 0.731025107 0.000000000
QJ:/rc/crr: 0.000000000 0.449334250 0.550665750
QJ:/rc/r: 0.299005212 0.237756850 0.463237939
QJ:/rrc/c: 0.457294173 0.542705827 0.000000000
QJ:/rrc/crr: 0.000000000 0.492083627 0.507916373
QJ:/rrc/r: 0.318228361 0.211149097 0.470622542
QK:/cc/c: 0.683611164 0.316388836 0.000000000
QK:/cc/crr: 0.000000000 0.845401977 0.154598023
QK:/cc/r: 0.521778048 0.252125532 0.226096420
QK:/crc/c: 0.512823365 0.487176635 0.000000000
QK:/crc/crr: 0.000000000 0.403442280 0.596557720
QK:/crc/r: 0.441460436 0.319204774 0.239334789
QK:/crrc/c: 0.563885841 0.436114159 0.000000000
QK:/crrc/crr: 0.000000000 0.759962709 0.240037291
QK:/crrc/r: 0.537505286 0.284449381 0.178045333
QK:/rc/c: 0.501936593 0.498063407 0.000000000
QK:/rc/crr: 0.000000000 0.683914012 0.316085988
QK:/rc/r: 0.444132232 0.307718804 0.248148963
QK:/rrc/c: 0.478230423 0.521769577 0.000000000
QK:/rrc/crr: 0.000000000 0.611896578 0.388103422
QK:/rrc/r: 0.546292474 0.266339033 0.187368493
QQ:/cc/c: 0.816629852 0.183370148 0.000000000
QQ:/cc/crr: 0.000000000 0.857969146 0.142030854
QQ:/cc/r: 0.662317867 0.204799639 0.132882494
QQ:/crc/c: 0.516035870 0.483964130 0.000000000
QQ:/crc/crr: 0.000000000 0.314400208 0.685599792
QQ:/crc/r: 0.335378689 0.398788510 0.265832801
QQ:/crrc/c: 0.510163251 0.489836749 0.000000000
QQ:/crrc/crr: 0.000000000 0.638040197 0.361959803
QQ:/crrc/r: 0.457975700 0.327753124 0.214271176
QQ:/rc/c: 0.660773263 0.339226737 0.000000000
QQ:/rc/crr: 0.000000000 0.656201587 0.343798413
QQ:/rc/r: 0.556465057 0.273085991 0.170448952
QQ:/rrc/c: 0.527641563 0.472358437 0.000000000
QQ:/rrc/crr: 0.000000000 0.597184508 0.402815492
QQ:/rrc/r: 0.544927842 0.300210994 0.154861164
