J:/c: 0.198365371 0.801634629 0.000000000
J:/crr: 0.000000000 0.745786418 0.254213582
J:/r: 0.139576811 0.091685355 0.768737834
JJ:/cc/c: 0.864201334 0.135798666 0.000000000
JJ:/cc/crr: 0.000000000 0.876244762 0.123755238
JJ:/cc/r: 0.638710938 0.207937838 0.153351225
JJ:/crc/c: 0.582080691 0.417919309 0.000000000
JJ:/crc/crr: 0.000000000 0.616108680 0.383891320
JJ:/crc/r: 0.385510426 0.339768919 0.274720655
JJ:/crrc/c: 0.517261959 0.482738041 0.000000000
JJ:/crrc/crr: 0.000000000 0.562119283 0.437880717
JJ:/crrc/r: 0.317264130 0.401151938 0.281583932
JJ:/rc/c: 0.552423885 0.447576115 0.000000000
JJ:/rc/crr: 0.000000000 0.480005427 0.519994573
JJ:/rc/r: 0.447874814 0.357819372 0.194305814
JJ:/rrc/c: 0.514843408 0.485156592 0.000000000
JJ:/rrc/crr: 0.000000000 0.535460488 0.464539512
JJ:/rrc/r: 0.620880476 0.246032848 0.133086676
JK:/cc/c: 0.209351458 0.790648542 0.000000000
JK:/cc/crr: 0.000000000 0.454708796 0.545291204
JK:/cc/r: 0.234448061 0.188993935 0.576558004
JK:/crc/c: 0.391964680 0.608035320 0.000000000
JK:/crc/crr: 0.000000000 0.394515472 0.605484528
JK:/crc/r: 0.361532471 0.311618812 0.326848716
JK:/crrc/c: 0.434912281 0.565087719 0.000000000
JK:/crrc/crr: 0.000000000 0.526862660 0.473137340
JK:/crrc/r: 0.462349094 0.222230114 0.315420792
JK:/rc/c: 0.329855062 0.670144938 0.000000000
JK:/rc/crr: 0.000000000 0.491768643 0.508231357
JK:/rc/r: 0.336957449 0.220506534 0.442536017
JK:/rrc/c: 0.426612563 0.573387437 0.000000000
JK:/rrc/crr: 0.000000000 0.470497200 0.529502800
JK:/rrc/r: 0.361521721 0.205670956 0.432807323
JQ:/cc/c: 0.274130977 0.725869023 0.000000000
JQ:/cc/crr: 0.000000000 0.539888247 0.460111753
JQ:/cc/r: 0.218252973 0.189546185 0.592200842
JQ:/crc/c: 0.391956036 0.608043964 0.000000000
JQ:/crc/crr: 0.000000000 0.423562144 0.576437856
JQ:/crc/r: 0.350193375 0.250127940 0.399678686
JQ:/crrc/c: 0.514176832 0.485823168 0.000000000
JQ:/crrc/crr: 0.000000000 0.455174847 0.544825153
JQ:/crrc/r: 0.383772472 0.301078297 0.315149230
JQ:/rc/c: 0.329215315 0.670784685 0.000000000
JQ:/rc/crr: 0.000000000 0.433712624 0.566287376
JQ:/rc/r: 0.395393468 0.235380079 0.369226453
JQ:/rrc/c: 0.408240768 0.591759232 0.000000000
JQ:/rrc/crr: 0.000000000 0.366318210 0.633681790
JQ:/rrc/r: 0.326670721 0.206816033 0.466513246
K:/c: 0.771094206 0.228905794 0.000000000
K:/crr: 0.000000000 0.929959419 0.070040581
K:/r: 0.770278377 0.176204296 0.053517327
KJ:/cc/c: 0.713092952 0.286907048 0.000000000
KJ:/cc/crr: 0.000000000 0.782124855 0.217875145
KJ:/cc/r: 0.495618908 0.289690306 0.214690786
KJ:/crc/c: 0.569535883 0.430464117 0.000000000
KJ:/crc/crr: 0.000000000 0.699396369 0.300603631
KJ:/crc/r: 0.509564582 0.318733069 0.171702349
KJ:/crrc/c: 0.676612589 0.323387411 0.000000000
KJ:/crrc/crr: 0.000000000 0.796134581 0.203865419
KJ:/crrc/r: 0.583030570 0.259641133 0.157328296
KJ:/rc/c: 0.578090677 0.421909323 0.000000000
KJ:/rc/crr: 0.000000000 0.767559165 0.232440835
KJ:/rc/r: 0.532037407 0.252210891 0.215751702
KJ:/rrc/c: 0.675332565 0.324667435 0.000000000
KJ:/rrc/crr: 0.000000000 0.808905092 0.191094908
KJ:/rrc/r: 0.607056069 0.251761411 0.141182520
KK:/cc/c: 0.798925551 0.201074449 0.000000000
KK:/cc/crr: 0.000000000 0.816163128 0.183836872
KK:/cc/r: 0.681485053 0.181762903 0.136752044
KK:/crc/c: 0.556268440 0.443731560 0.000000000
KK:/crc/crr: 0.000000000 0.486399794 0.513600206
KK:/crc/r: 0.408271426 0.384644133 0.207084442
KK:/crrc/c: 0.599141498 0.400858502 0.000000000
KK:/crrc/crr: 0.000000000 0.738631340 0.261368660
KK:/crrc/r: 0.540890508 0.317078358 0.142031134
KK:/rc/c: 0.562557559 0.437442441 0.000000000
KK:/rc/crr: 0.000000000 0.546225292 0.453774708
KK:/rc/r: 0.393018539 0.367680190 0.239301271
KK:/rrc/c: 0.612905883 0.387094117 0.000000000
KK:/rrc/crr: 0.000000000 0.719122267 0.280877733
KK:/rrc/r: 0.593677237 0.283516012 0.122806751
KQ:/cc/c: 0.660507517 0.339492483 0.000000000
KQ:/cc/crr: 0.000000000 0.776294815 0.223705185
KQ:/cc/r: 0.519950135 0.236399438 0.243650428
KQ:/crc/c: 0.544270032 0.455729968 0.000000000
KQ:/crc/crr: 0.000000000 0.622861900 0.377138100
KQ:/crc/r: 0.496168693 0.305975592 0.197855715
KQ:/crrc/c: 0.617221666 0.382778334 0.000000000
KQ:/crrc/crr: 0.000000000 0.799011272 0.200988728
KQ:/crrc/r: 0.590450731 0.239148742 0.170400527
KQ:/rc/c: 0.452070931 0.547929069 0.000000000
KQ:/rc/crr: 0.000000000 0.651332536 0.348667464
KQ:/rc/r: 0.506569262 0.261047303 0.232383435
KQ:/rrc/c: 0.461502340 0.538497660 0.000000000
KQ:/rrc/crr: 0.000000000 0.776572680 0.223427320
KQ:/rrc/r: 0.613437523 0.238191912 0.148370565
Q:/c: 0.417334311 0.582665689 0.000000000
Q:/crr: 0.000000000 0.886959950 0.113040050
Q:/r: 0.244373770 0.349921305 0.405704925
QJ:/cc/c: 0.265432452 0.734567548 0.000000000
QJ:/cc/crr: 0.000000000 0.418309845 0.581690155
QJ:/cc/r: 0.305509386 0.198016866 0.496473748
QJ:/crc/c: 0.446121382 0.553878618 0.000000000
QJ:/crc/crr: 0.000000000 0.532085699 0.467914301
QJ:/crc/r: 0.471737683 0.216538812 0.311723504
QJ:/crrc/c: 0.409844566 0.590155434 0.000000000
QJ:/crrc/crr: 0.000000000 0.600053974 0.399946026
QJ:/crrc/r: 0.509747194 0.239879713 0.250373093
QJ:/rc/c: 0.262058155 0.737941845 0.000000000
QJ:/rc/crr: 0.000000000 0.446185116 0.553814884
QJ:/rc/r: 0.289029978 0.229824947 0.481145075
QJ:/rrc/c: 0.454397971 0.545602029 0.000000000
QJ:/rrc/crr: 0.000000000 0.492909699 0.507090301
QJ:/rrc/r: 0.310262247 0.205863465 0.483874288
QK:/cc/c: 0.690593536 0.309406464 0.000000000
QK:/cc/crr: 0.000000000 0.850973455 0.149026545
QK:/cc/r: 0.526939200 0.250978378 0.222082422
QK:/crc/c: 0.512974854 0.487025146 0.000000000
QK:/crc/crr: 0.000000000 0.406907041 0.593092959
QK:/crc/r: 0.449369122 0.315104566 0.235526312
QK:/crrc/c: 0.577288717 0.422711283 0.000000000
QK:/crrc/crr: 0.000000000 0.773487777 0.226512223
QK:/crrc/r: 0.543938688 0.281683187 0.174378125
QK:/rc/c: 0.514409412 0.485590588 0.000000000
QK:/rc/crr: 0.000000000 0.696288553 0.303711447
QK:/rc/r: 0.449838588 0.304933928 0.245227484
QK:/rrc/c: 0.472419257 0.527580743 0.000000000
QK:/rrc/crr: 0.000000000 0.622419120 0.377580880
QK:/rrc/r: 0.548116441 0.266981027 0.184902533
QQ:/cc/c: 0.827089423 0.172910577 0.000000000
QQ:/cc/crr: 0.000000000 0.870543776 0.129456224
QQ:/cc/r: 0.677098347 0.195835478 0.127066175
QQ:/crc/c: 0.511483812 0.488516188 0.000000000
QQ:/crc/crr: 0.000000000 0.389531948 0.610468052
QQ:/crc/r: 0.362803199 0.382333155 0.254863645
QQ:/crrc/c: 0.517683240 0.482316760 0.000000000
QQ:/crrc/crr: 0.000000000 0.634679616 0.365320384
QQ:/crrc/r: 0.467022238 0.331304106 0.201673657
QQ:/rc/c: 0.691589170 0.308410830 0.000000000
QQ:/rc/crr: 0.000000000 0.697086550 0.302913450
QQ:/rc/r: 0.581326960 0.258483510 0.160189530
QQ:/rrc/c: 0.523288615 0.476711385 0.000000000
QQ:/rrc/crr: 0.000000000 0.622438529 0.377561471
QQ:/rrc/r: 0.561985760 0.289934509 0.148079731
