J:/c: 0.284852933 0.715147067 0.000000000
J:/crr: 0.000000000 0.999913104 0.000086896
J:/r: 0.058738771 0.129333199 0.811928030
JJ:/cc/c: 0.999965388 0.000034612 0.000000000
JJ:/cc/crr: 0.000000000 0.999982694 0.000017306
JJ:/cc/r: 0.999915863 0.000061063 0.000023074
JJ:/crc/c: 0.999913104 0.000086896 0.000000000
JJ:/crc/crr: 0.000000000 0.999956548 0.000043452
JJ:/crc/r: 0.912835541 0.087106529 0.000057930
JJ:/crrc/c: 0.999956548 0.000043452 0.000000000
JJ:/crrc/crr: 0.000000000 0.999978273 0.000021727
JJ:/crrc/r: 0.999942065 0.000028968 0.000028968
JJ:/rc/c: 0.999872410 0.000127590 0.000000000
JJ:/rc/crr: 0.000000000 0.999936197 0.000063803
JJ:/rc/r: 0.999742918 0.000172022 0.000085060
JJ:/rrc/c: 0.999719067 0.000280933 0.000000000
JJ:/rrc/crr: 0.000000000 0.999859494 0.000140506
JJ:/rrc/r: 0.998627410 0.001185301 0.000187289
JK:/cc/c: 0.003372331 0.996627669 0.000000000
JK:/cc/crr: 0.000000000 0.005131722 0.994868278
JK:/cc/r: 0.000062080 0.000023074 0.999914845
JK:/crc/c: 0.525343713 0.474656287 0.000000000
JK:/crc/crr: 0.000000000 0.000082704 0.999917296
JK:/crc/r: 0.014096340 0.000057930 0.985845729
JK:/crrc/c: 0.384119294 0.615880706 0.000000000
JK:/crrc/crr: 0.000000000 0.000056560 0.999943440
JK:/crrc/r: 0.246637862 0.000084086 0.753278052
JK:/rc/c: 0.401238267 0.598761733 0.000000000
JK:/rc/crr: 0.000000000 0.000158996 0.999841004
JK:/rc/r: 0.280479531 0.000085060 0.719435409
JK:/rrc/c: 0.996163021 0.003836979 0.000000000
JK:/rrc/crr: 0.000000000 0.000141007 0.999858993
JK:/rrc/r: 0.447629810 0.000453052 0.551917138
JQ:/cc/c: 0.072147924 0.927852076 0.000000000
JQ:/cc/crr: 0.000000000 0.000239866 0.999760134
JQ:/cc/r: 0.020985563 0.000023074 0.978991363
JQ:/crc/c: 0.702331343 0.297668657 0.000000000
JQ:/crc/crr: 0.000000000 0.000061862 0.999938138
JQ:/crc/r: 0.004461335 0.000057930 0.995480734
JQ:/crrc/c: 0.090147087 0.909852913 0.000000000
JQ:/crrc/crr: 0.000000000 0.000241004 0.999758996
JQ:/crrc/r: 0.340149957 0.000028968 0.659821076
JQ:/rc/c: 0.764745928 0.235254072 0.000000000
JQ:/rc/crr: 0.000000000 0.000083420 0.999916580
JQ:/rc/r: 0.000092384 0.000085060 0.999822555
JQ:/rrc/c: 0.140777329 0.859222671 0.000000000
JQ:/rrc/crr: 0.000000000 0.003737530 0.996262470
JQ:/rrc/r: 0.688665090 0.000414208 0.310920702
K:/c: 0.992494126 0.007505874 0.000000000
K:/crr: 0.000000000 0.999975060 0.000024940
K:/r: 0.668454496 0.331512501 0.000033003
KJ:/cc/c: 0.017087661 0.982912339 0.000000000
KJ:/cc/crr: 0.000000000 0.903505013 0.096494987
KJ:/cc/r: 0.011469862 0.004622775 0.983907363
KJ:/crc/c: 0.193472254 0.806527746 0.000000000
KJ:/crc/crr: 0.000000000 0.835981461 0.164018539
KJ:/crc/r: 0.000286155 0.735754147 0.263959698
KJ:/crrc/c: 0.246665352 0.753334648 0.000000000
KJ:/crrc/crr: 0.000000000 0.999974723 0.000025277
KJ:/crrc/r: 0.000008313 0.852122929 0.147868758
KJ:/rc/c: 0.587907833 0.412092167 0.000000000
KJ:/rc/crr: 0.000000000 0.632615751 0.367384249
KJ:/rc/r: 0.003858799 0.848438079 0.147703122
KJ:/rrc/c: 0.051279504 0.948720496 0.000000000
KJ:/rrc/crr: 0.000000000 0.999759297 0.000240703
KJ:/rrc/r: 0.039622687 0.882961827 0.077415485
KK:/cc/c: 0.996702253 0.003297747 0.000000000
KK:/cc/crr: 0.000000000 0.998345671 0.001654329
KK:/cc/r: 0.991237550 0.006563952 0.002198498
KK:/crc/c: 0.999975060 0.000024940 0.000000000
KK:/crc/crr: 0.000000000 0.999987530 0.000012470
KK:/crc/r: 0.738405677 0.261577697 0.000016626
KK:/crrc/c: 0.999987530 0.000012470 0.000000000
KK:/crrc/crr: 0.000000000 0.999993765 0.000006235
KK:/crrc/r: 0.982296450 0.017695237 0.000008313
KK:/rc/c: 0.999950223 0.000049777 0.000000000
KK:/rc/crr: 0.000000000 0.999975110 0.000024890
KK:/rc/r: 0.999872125 0.000094690 0.000033185
KK:/rrc/c: 0.999975314 0.000024686 0.000000000
KK:/rrc/crr: 0.000000000 0.999987657 0.000012343
KK:/rrc/r: 0.999910102 0.000073441 0.000016458
KQ:/cc/c: 0.017087661 0.982912339 0.000000000
KQ:/cc/crr: 0.000000000 0.903505013 0.096494987
KQ:/cc/r: 0.011229551 0.984333256 0.004437194
KQ:/crc/c: 0.038292194 0.961707806 0.000000000
KQ:/crc/crr: 0.000000000 0.067598006 0.932401994
KQ:/crc/r: 0.000584449 0.441801590 0.557613961
KQ:/crrc/c: 0.533541933 0.466458067 0.000000000
KQ:/crrc/crr: 0.000000000 0.396588028 0.603411972
KQ:/crrc/r: 0.077754816 0.550395553 0.371849631
KQ:/rc/c: 0.035638537 0.964361463 0.000000000
KQ:/rc/crr: 0.000000000 0.006197475 0.993802525
KQ:/rc/r: 0.000317903 0.340140243 0.659541854
KQ:/rrc/c: 0.512811608 0.487188392 0.000000000
KQ:/rrc/crr: 0.000000000 0.403999469 0.596000531
KQ:/rrc/r: 0.019244738 0.590021268 0.390733993
Q:/c: 0.849562523 0.150437477 0.000000000
Q:/crr: 0.000000000 0.999970864 0.000029136
Q:/r: 0.473310188 0.523886219 0.002803593
QJ:/cc/c: 0.001455788 0.998544212 0.000000000
QJ:/cc/crr: 0.000000000 0.056511193 0.943488807
QJ:/cc/r: 0.000295621 0.000109691 0.999594688
QJ:/crc/c: 0.411307194 0.588692806 0.000000000
QJ:/crc/crr: 0.000000000 0.000874988 0.999125012
QJ:/crc/r: 0.000522272 0.000019424 0.999458304
QJ:/crrc/c: 0.013182560 0.986817440 0.000000000
QJ:/crrc/crr: 0.000000000 0.015049053 0.984950947
QJ:/crrc/r: 0.028787299 0.000009712 0.971202989
QJ:/rc/c: 0.001547622 0.998452378 0.000000000
QJ:/rc/crr: 0.000000000 0.010176433 0.989823567
QJ:/rc/r: 0.042388325 0.000023803 0.957587872
QJ:/rrc/c: 0.010494167 0.989505833 0.000000000
QJ:/rrc/crr: 0.000000000 0.033474076 0.966525924
QJ:/rrc/r: 0.000350761 0.000052521 0.999596718
QK:/cc/c: 0.364030370 0.635969630 0.000000000
QK:/cc/crr: 0.000000000 0.875856235 0.124143765
QK:/cc/r: 0.001050602 0.735314018 0.263635380
QK:/crc/c: 0.381376546 0.618623454 0.000000000
QK:/crc/crr: 0.000000000 0.028380086 0.971619914
QK:/crc/r: 0.003798715 0.520200030 0.476001256
QK:/crrc/c: 0.154434221 0.845565779 0.000000000
QK:/crrc/crr: 0.000000000 0.013396020 0.986603980
QK:/crrc/r: 0.000161781 0.278560465 0.721277755
QK:/rc/c: 0.175289430 0.824710570 0.000000000
QK:/rc/crr: 0.000000000 0.005904063 0.994095937
QK:/rc/r: 0.001534036 0.234520521 0.763945443
QK:/rrc/c: 0.431200635 0.568799365 0.000000000
QK:/rrc/crr: 0.000000000 0.076601424 0.923398576
QK:/rrc/r: 0.001155481 0.486849616 0.511994903
QQ:/cc/c: 0.999835463 0.000164537 0.000000000
QQ:/cc/crr: 0.000000000 0.999917718 0.000082282
QQ:/cc/r: 0.467570273 0.532320036 0.000109691
QQ:/crc/c: 0.999970864 0.000029136 0.000000000
QQ:/crc/crr: 0.000000000 0.999985432 0.000014568
QQ:/crc/r: 0.027432554 0.972548023 0.000019424
QQ:/crrc/c: 0.999985432 0.000014568 0.000000000
QQ:/crrc/crr: 0.000000000 0.999992716 0.000007284
QQ:/crrc/r: 0.999980576 0.000009712 0.000009712
QQ:/rc/c: 0.999968501 0.000031499 0.000000000
QQ:/rc/crr: 0.000000000 0.999984250 0.000015750
QQ:/rc/r: 0.999917454 0.000061547 0.000020999
QQ:/rrc/c: 0.999965136 0.000034864 0.000000000
QQ:/rrc/crr: 0.000000000 0.999982567 0.000017433
QQ:/rrc/r: 0.999836134 0.000140623 0.000023243
