J:/c: 0.280932730 0.719067270 0.000000000
J:/crr: 0.000000000 0.999911892 0.000088108
J:/r: 0.069453701 0.072372990 0.858173309
JJ:/cc/c: 0.999965577 0.000034423 0.000000000
JJ:/cc/crr: 0.000000000 0.999982788 0.000017212
JJ:/cc/r: 0.999916891 0.000060161 0.000022949
JJ:/crc/c: 0.999911892 0.000088108 0.000000000
JJ:/crc/crr: 0.000000000 0.999955942 0.000044058
JJ:/crc/r: 0.854716039 0.145225222 0.000058739
JJ:/crrc/c: 0.999955942 0.000044058 0.000000000
JJ:/crrc/crr: 0.000000000 0.999977970 0.000022030
JJ:/crrc/r: 0.999941256 0.000029372 0.000029372
JJ:/rc/c: 0.999771992 0.000228008 0.000000000
JJ:/rc/crr: 0.000000000 0.999885970 0.000114030
JJ:/rc/r: 0.999558042 0.000289953 0.000152006
JJ:/rrc/c: 0.999762408 0.000237592 0.000000000
JJ:/rrc/crr: 0.000000000 0.999881176 0.000118824
JJ:/rrc/r: 0.998844006 0.000997600 0.000158395
JK:/cc/c: 0.003566687 0.996433313 0.000000000
JK:/cc/crr: 0.000000000 0.004825632 0.995174368
JK:/cc/r: 0.000455464 0.000022949 0.999521587
JK:/crc/c: 0.525620731 0.474379269 0.000000000
JK:/crc/crr: 0.000000000 0.000083813 0.999916187
JK:/crc/r: 0.115223743 0.000058739 0.884717518
JK:/crrc/c: 0.451056071 0.548943929 0.000000000
JK:/crrc/crr: 0.000000000 0.000048839 0.999951161
JK:/crrc/r: 0.222725558 0.000030694 0.777243748
JK:/rc/c: 0.425420134 0.574579866 0.000000000
JK:/rc/crr: 0.000000000 0.000267980 0.999732020
JK:/rc/r: 0.342771012 0.000152006 0.657076983
JK:/rrc/c: 0.999762408 0.000237592 0.000000000
JK:/rrc/crr: 0.000000000 0.000118824 0.999881176
JK:/rrc/r: 0.310387979 0.000287887 0.689324134
JQ:/cc/c: 0.065549995 0.934450005 0.000000000
JQ:/cc/crr: 0.000000000 0.000262571 0.999737429
JQ:/cc/r: 0.032251696 0.000022949 0.967725356
JQ:/crc/c: 0.647967920 0.352032080 0.000000000
JQ:/crc/crr: 0.000000000 0.000067988 0.999932012
JQ:/crc/r: 0.000058739 0.000058739 0.999882522
JQ:/crrc/c: 0.096423903 0.903576097 0.000000000
JQ:/crrc/crr: 0.000000000 0.000228460 0.999771540
JQ:/crrc/r: 0.173082242 0.000076076 0.826841682
JQ:/rc/c: 0.955378858 0.044621142 0.000000000
JQ:/rc/crr: 0.000000000 0.000119329 0.999880671
JQ:/rc/r: 0.001261112 0.000152006 0.998586883
JQ:/rrc/c: 0.124587325 0.875412675 0.000000000
JQ:/rrc/crr: 0.000000000 0.000953516 0.999046484
JQ:/rrc/r: 0.528411674 0.000352074 0.471236252
K:/c: 0.992091613 0.007908387 0.000000000
K:/crr: 0.000000000 0.999975050 0.000024950
K:/r: 0.758197015 0.241769982 0.000033003
KJ:/cc/c: 0.016247313 0.983752687 0.000000000
KJ:/cc/crr: 0.000000000 0.903679400 0.096320600
KJ:/cc/r: 0.010773234 0.004322577 0.984904189
KJ:/crc/c: 0.251032515 0.748967485 0.000000000
KJ:/crc/crr: 0.000000000 0.891712306 0.108287694
KJ:/crc/r: 0.000335371 0.781706789 0.217957840
KJ:/crrc/c: 0.359547931 0.640452069 0.000000000
KJ:/crrc/crr: 0.000000000 0.998349355 0.001650645
KJ:/crrc/r: 0.090613066 0.729966989 0.179419945
KJ:/rc/c: 0.403360621 0.596639379 0.000000000
KJ:/rc/crr: 0.000000000 0.877199766 0.122800234
KJ:/rc/r: 0.001404084 0.898499845 0.100096071
KJ:/rrc/c: 0.606294863 0.393705137 0.000000000
KJ:/rrc/crr: 0.000000000 0.933994672 0.066005328
KJ:/rrc/r: 0.012817155 0.976303281 0.010879564
KK:/cc/c: 0.996870098 0.003129902 0.000000000
KK:/cc/crr: 0.000000000 0.998430135 0.001569865
KK:/cc/r: 0.991849955 0.006063444 0.002086601
KK:/crc/c: 0.999966346 0.000033654 0.000000000
KK:/crc/crr: 0.000000000 0.999987525 0.000012475
KK:/crc/r: 0.675999718 0.323983649 0.000016633
KK:/crrc/c: 0.999987525 0.000012475 0.000000000
KK:/crrc/crr: 0.000000000 0.999993762 0.000006238
KK:/crrc/r: 0.999983366 0.000008317 0.000008317
KK:/rc/c: 0.999931746 0.000068254 0.000000000
KK:/rc/crr: 0.000000000 0.999965871 0.000034129
KK:/rc/r: 0.999838173 0.000116325 0.000045502
KK:/rrc/c: 0.999978236 0.000021764 0.000000000
KK:/rrc/crr: 0.000000000 0.999989118 0.000010882
KK:/rrc/r: 0.999906153 0.000079338 0.000014510
KQ:/cc/c: 0.016247313 0.983752687 0.000000000
KQ:/cc/crr: 0.000000000 0.903679400 0.096320600
KQ:/cc/r: 0.010816268 0.984943549 0.004240183
KQ:/crc/c: 0.097972413 0.902027587 0.000000000
KQ:/crc/crr: 0.000000000 0.069691178 0.930308822
KQ:/crc/r: 0.000683191 0.460885408 0.538431401
KQ:/crrc/c: 0.565887430 0.434112570 0.000000000
KQ:/crrc/crr: 0.000000000 0.396299243 0.603700757
KQ:/crrc/r: 0.017825620 0.639786271 0.342388109
KQ:/rc/c: 0.056135698 0.943864302 0.000000000
KQ:/rc/crr: 0.000000000 0.010413139 0.989586861
KQ:/rc/r: 0.000227546 0.362353973 0.637418482
KQ:/rrc/c: 0.457891772 0.542108228 0.000000000
KQ:/rrc/crr: 0.000000000 0.444085130 0.555914870
KQ:/rrc/r: 0.047483532 0.577537444 0.374979024
Q:/c: 0.856853853 0.143146147 0.000000000
Q:/crr: 0.000000000 0.999971112 0.000028888
Q:/r: 0.490519742 0.361464171 0.148016087
QJ:/cc/c: 0.002553385 0.997446615 0.000000000
QJ:/cc/crr: 0.000000000 0.033860440 0.966139560
QJ:/cc/r: 0.000293165 0.000115278 0.999591556
QJ:/crc/c: 0.430050228 0.569949772 0.000000000
QJ:/crc/crr: 0.000000000 0.000893117 0.999106883
QJ:/crc/r: 0.000686547 0.000019258 0.999294195
QJ:/crrc/c: 0.000173417 0.999826583 0.000000000
QJ:/crrc/crr: 0.000000000 0.041645922 0.958354078
QJ:/crrc/r: 0.006621040 0.000009629 0.993369331
QJ:/rc/c: 0.001105722 0.998894278 0.000000000
QJ:/rc/crr: 0.000000000 0.020643632 0.979356368
QJ:/rc/r: 0.021705561 0.000030937 0.978263502
QJ:/rrc/c: 0.000904851 0.999095149 0.000000000
QJ:/rrc/crr: 0.000000000 0.331619484 0.668380516
QJ:/rrc/r: 0.000337489 0.000051795 0.999610716
QK:/cc/c: 0.263318958 0.736681042 0.000000000
QK:/cc/crr: 0.000000000 0.941931394 0.058068606
QK:/cc/r: 0.006579096 0.755668685 0.237752219
QK:/crc/c: 0.375841751 0.624158249 0.000000000
QK:/crc/crr: 0.000000000 0.027861308 0.972138692
QK:/crc/r: 0.001904435 0.470839105 0.527256460
QK:/crrc/c: 0.087283962 0.912716038 0.000000000
QK:/crrc/crr: 0.000000000 0.021525667 0.978474333
QK:/crrc/r: 0.000729348 0.338040433 0.661230219
QK:/rc/c: 0.339828864 0.660171136 0.000000000
QK:/rc/crr: 0.000000000 0.032658088 0.967341912
QK:/rc/r: 0.000102583 0.310540462 0.689356955
QK:/rrc/c: 0.437141671 0.562858329 0.000000000
QK:/rrc/crr: 0.000000000 0.080774742 0.919225258
QK:/rrc/r: 0.000338633 0.524126016 0.475535351
QQ:/cc/c: 0.999827082 0.000172918 0.000000000
QQ:/cc/crr: 0.000000000 0.999913526 0.000086474
QQ:/cc/r: 0.436852612 0.563032109 0.000115278
QQ:/crc/c: 0.999971112 0.000028888 0.000000000
QQ:/crc/crr: 0.000000000 0.999985556 0.000014444
QQ:/crc/r: 0.998362527 0.001618215 0.000019258
QQ:/crrc/c: 0.999444718 0.000555282 0.000000000
QQ:/crrc/crr: 0.000000000 0.999992774 0.000007226
QQ:/crrc/r: 0.999980741 0.000009629 0.000009629
QQ:/rc/c: 0.999954348 0.000045652 0.000000000
QQ:/rc/crr: 0.000000000 0.999977173 0.000022827
QQ:/rc/r: 0.095338442 0.904631124 0.000030435
QQ:/rrc/c: 0.999966359 0.000033641 0.000000000
QQ:/rrc/crr: 0.000000000 0.999983179 0.000016821
QQ:/rrc/r: 0.999837221 0.000140351 0.000022427
