J:/: 0.070006442 0.929993558 0.000000000
J:/cr: 0.018622378 0.037533719 0.943843903
J:/rr: 0.000000000 0.999646426 0.000353574
JJ:/cc/: 0.001544290 0.998455710 0.000000000
JJ:/cc/cr: 0.999982229 0.000008886 0.000008886
JJ:/cc/rr: 0.000000000 0.991382530 0.008617470
JJ:/crc/: 0.925482985 0.074517015 0.000000000
JJ:/crc/cr: 0.997885298 0.001057351 0.001057351
JJ:/crc/rr: 0.000000000 0.999872298 0.000127702
JJ:/crrc/: 0.995238382 0.004761618 0.000000000
JJ:/crrc/cr: 0.933298356 0.033350822 0.033350822
JJ:/crrc/rr: 0.000000000 0.999760655 0.000239345
JJ:/rc/: 0.646382312 0.353617688 0.000000000
JJ:/rc/cr: 0.999333415 0.000333292 0.000333292
JJ:/rc/rr: 0.000000000 0.999726498 0.000273502
JJ:/rrc/: 0.970057340 0.029942660 0.000000000
JJ:/rrc/cr: 0.996062482 0.001968759 0.001968759
JJ:/rrc/rr: 0.000000000 0.999908846 0.000091154
JK:/cc/: 0.079514390 0.920485610 0.000000000
JK:/cc/cr: 0.000888796 0.000009638 0.999101566
JK:/cc/rr: 0.000000000 0.000167364 0.999832636
JK:/crc/: 0.086720114 0.913279886 0.000000000
JK:/crc/cr: 0.098857903 0.000086272 0.901055825
JK:/crc/rr: 0.000000000 0.001362844 0.998637156
JK:/crrc/: 0.998469997 0.001530003 0.000000000
JK:/crrc/cr: 0.103793181 0.103793181 0.792413637
JK:/crrc/rr: 0.000000000 0.000238571 0.999761429
JK:/rc/: 0.989831619 0.010168381 0.000000000
JK:/rc/cr: 0.501689597 0.011590644 0.486719759
JK:/rc/rr: 0.000000000 0.000178603 0.999821397
JK:/rrc/: 0.470486606 0.529513394 0.000000000
JK:/rrc/cr: 0.692614335 0.000111328 0.307274337
JK:/rrc/rr: 0.000000000 0.000187943 0.999812057
JQ:/cc/: 0.149234802 0.850765198 0.000000000
JQ:/cc/cr: 0.000044694 0.000010428 0.999944878
JQ:/cc/rr: 0.000000000 0.000089174 0.999910826
JQ:/crc/: 0.935629576 0.064370424 0.000000000
JQ:/crc/cr: 0.059257056 0.001224019 0.939518924
JQ:/crc/rr: 0.000000000 0.000126317 0.999873683
JQ:/crrc/: 0.036385557 0.963614443 0.000000000
JQ:/crrc/cr: 0.194175252 0.000164800 0.805659948
JQ:/crrc/rr: 0.000000000 0.006546713 0.993453287
JQ:/rc/: 0.983753810 0.016246190 0.000000000
JQ:/rc/cr: 0.007254506 0.007254506 0.985490988
JQ:/rc/rr: 0.000000000 0.000179707 0.999820293
JQ:/rrc/: 0.187814792 0.812185208 0.000000000
JQ:/rrc/cr: 0.012730613 0.000072582 0.987196805
JQ:/rrc/rr: 0.000000000 0.000470809 0.999529191
K:/: 0.738146571 0.261853429 0.000000000
K:/cr: 0.689487862 0.310449120 0.000063019
K:/rr: 0.000000000 0.999966467 0.000033533
KJ:/cc/: 0.000270891 0.999729109 0.000000000
KJ:/cc/cr: 0.000229330 0.000039681 0.999730989
KJ:/cc/rr: 0.000000000 0.825524033 0.174475967
KJ:/crc/: 0.002128453 0.997871547 0.000000000
KJ:/crc/cr: 0.001118145 0.998847951 0.000033904
KJ:/crc/rr: 0.000000000 0.976157343 0.023842657
KJ:/crrc/: 0.084198372 0.915801628 0.000000000
KJ:/crrc/cr: 0.000019503 0.999709467 0.000271030
KJ:/crrc/rr: 0.000000000 0.507052607 0.492947393
KJ:/rc/: 0.037165674 0.962834326 0.000000000
KJ:/rc/cr: 0.032023610 0.883125814 0.084850576
KJ:/rc/rr: 0.000000000 0.311879867 0.688120133
KJ:/rrc/: 0.072234569 0.927765431 0.000000000
KJ:/rrc/cr: 0.003879709 0.990945339 0.005174952
KJ:/rrc/rr: 0.000000000 0.572791813 0.427208187
KK:/cc/: 0.981178731 0.018821269 0.000000000
KK:/cc/cr: 0.996651732 0.001674134 0.001674134
KK:/cc/rr: 0.000000000 0.999951829 0.000048171
KK:/crc/: 0.255212504 0.744787496 0.000000000
KK:/crc/cr: 0.999909150 0.000045425 0.000045425
KK:/crc/rr: 0.000000000 0.999801154 0.000198846
KK:/crrc/: 0.986516951 0.013483049 0.000000000
KK:/crrc/cr: 0.997740392 0.001129804 0.001129804
KK:/crrc/rr: 0.000000000 0.999976838 0.000023162
KK:/rc/: 0.794639512 0.205360488 0.000000000
KK:/rc/cr: 0.999868459 0.000077111 0.000054430
KK:/rc/rr: 0.000000000 0.999978900 0.000021100
KK:/rrc/: 0.487070364 0.512929636 0.000000000
KK:/rrc/cr: 0.771598864 0.228390240 0.000010896
KK:/rrc/rr: 0.000000000 0.999982788 0.000017212
KQ:/cc/: 0.000657830 0.999342170 0.000000000
KQ:/cc/cr: 0.000344822 0.436125403 0.563529775
KQ:/cc/rr: 0.000000000 0.928151640 0.071848360
KQ:/crc/: 0.810524973 0.189475027 0.000000000
KQ:/crc/cr: 0.001579321 0.495255167 0.503165511
KQ:/crc/rr: 0.000000000 0.000062611 0.999937389
KQ:/crrc/: 0.031185381 0.968814619 0.000000000
KQ:/crrc/cr: 0.000015724 0.715025653 0.284958623
KQ:/crrc/rr: 0.000000000 0.231482568 0.768517432
KQ:/rc/: 0.000641524 0.999358476 0.000000000
KQ:/rc/cr: 0.000233903 0.488320862 0.511445235
KQ:/rc/rr: 0.000000000 0.283704627 0.716295373
KQ:/rrc/: 0.677413158 0.322586842 0.000000000
KQ:/rrc/cr: 0.037969748 0.788684176 0.173346076
KQ:/rrc/rr: 0.000000000 0.401395775 0.598604225
Q:/: 0.734715892 0.265284108 0.000000000
Q:/cr: 0.180141470 0.815317792 0.004540739
Q:/rr: 0.000000000 0.999966310 0.000033690
QJ:/cc/: 0.000093306 0.999906694 0.000000000
QJ:/cc/cr: 0.000135017 0.000031105 0.999833878
QJ:/cc/rr: 0.000000000 0.500000000 0.500000000
QJ:/crc/: 0.035362503 0.964637497 0.000000000
QJ:/crc/cr: 0.003009164 0.000013182 0.996977654
QJ:/crc/rr: 0.000000000 0.000539369 0.999460631
QJ:/crrc/: 0.008026720 0.991973280 0.000000000
QJ:/crrc/cr: 0.000618478 0.000058016 0.999323505
QJ:/crrc/rr: 0.000000000 0.010754850 0.989245150
QJ:/rc/: 0.008633121 0.991366879 0.000000000
QJ:/rc/cr: 0.000139200 0.000011328 0.999849473
QJ:/rc/rr: 0.000000000 0.001951198 0.998048802
QJ:/rrc/: 0.000016845 0.999983155 0.000000000
QJ:/rrc/cr: 0.000022278 0.000005615 0.999972107
QJ:/rrc/rr: 0.000000000 0.500000000 0.500000000
QK:/cc/: 0.462076826 0.537923174 0.000000000
QK:/cc/cr: 0.026715641 0.973201744 0.000082615
QK:/cc/rr: 0.000000000 0.269516938 0.730483062
QK:/crc/: 0.011000306 0.988999694 0.000000000
QK:/crc/cr: 0.000012857 0.560711148 0.439275995
QK:/crc/rr: 0.000000000 0.001733902 0.998266098
QK:/crrc/: 0.851151191 0.148848809 0.000000000
QK:/crrc/cr: 0.000535699 0.636708538 0.362755763
QK:/crrc/rr: 0.000000000 0.004845088 0.995154912
QK:/rc/: 0.426226169 0.573773831 0.000000000
QK:/rc/cr: 0.001805683 0.509152122 0.489042195
QK:/rc/rr: 0.000000000 0.215364471 0.784635529
QK:/rrc/: 0.121027636 0.878972364 0.000000000
QK:/rrc/cr: 0.000006388 0.308861508 0.691132103
QK:/rrc/rr: 0.000000000 0.003945269 0.996054731
QQ:/cc/: 0.449431638 0.550568362 0.000000000
QQ:/cc/cr: 0.530384099 0.469559411 0.000056490
QQ:/cc/rr: 0.000000000 0.999896196 0.000103804
QQ:/crc/: 0.966620466 0.033379534 0.000000000
QQ:/crc/cr: 0.999238118 0.000380941 0.000380941
QQ:/crc/rr: 0.000000000 0.999980268 0.000019732
QQ:/crrc/: 0.239392784 0.760607216 0.000000000
QQ:/crrc/cr: 0.999848671 0.000075664 0.000075664
QQ:/crrc/rr: 0.000000000 0.999639395 0.000360605
QQ:/rc/: 0.481584457 0.518415543 0.000000000
QQ:/rc/cr: 0.109557876 0.890420462 0.000021662
QQ:/rc/rr: 0.000000000 0.999965022 0.000034978
QQ:/rrc/: 0.962894734 0.037105266 0.000000000
QQ:/rrc/cr: 0.999697339 0.000151331 0.000151331
QQ:/rrc/rr: 0.000000000 0.999991253 0.000008747
