J:/: 0.083780474 0.916219526 0.000000000
J:/cr: 0.019554383 0.041874846 0.938570772
J:/rr: 0.000000000 0.999704556 0.000295444
JJ:/cc/: 0.001284853 0.998715147 0.000000000
JJ:/cc/cr: 0.999981966 0.000009017 0.000009017
JJ:/cc/rr: 0.000000000 0.989486779 0.010513221
JJ:/crc/: 0.906138642 0.093861358 0.000000000
JJ:/crc/cr: 0.998472552 0.000763724 0.000763724
JJ:/crc/rr: 0.000000000 0.999881336 0.000118664
JJ:/crrc/: 0.979230598 0.020769402 0.000000000
JJ:/crrc/cr: 0.985217820 0.007391090 0.007391090
JJ:/crrc/rr: 0.000000000 0.999764853 0.000235147
JJ:/rc/: 0.843580943 0.156419057 0.000000000
JJ:/rc/cr: 0.998740799 0.000629600 0.000629600
JJ:/rc/rr: 0.000000000 0.999824887 0.000175113
JJ:/rrc/: 0.997516670 0.002483330 0.000000000
JJ:/rrc/cr: 0.960331260 0.019834370 0.019834370
JJ:/rrc/rr: 0.000000000 0.999925933 0.000074067
JK:/cc/: 0.099147654 0.900852346 0.000000000
JK:/cc/cr: 0.000041253 0.000009996 0.999948750
JK:/cc/rr: 0.000000000 0.000136241 0.999863759
JK:/crc/: 0.056316013 0.943683987 0.000000000
JK:/crc/cr: 0.033682562 0.000077004 0.966240434
JK:/crc/rr: 0.000000000 0.001909338 0.998090662
JK:/crrc/: 0.999042644 0.000957356 0.000000000
JK:/crrc/cr: 0.160346281 0.160346281 0.679307438
JK:/crrc/rr: 0.000000000 0.000230483 0.999769517
JK:/rc/: 0.882567000 0.117433000 0.000000000
JK:/rc/cr: 0.824287792 0.000838618 0.174873590
JK:/rc/rr: 0.000000000 0.000167378 0.999832622
JK:/rrc/: 0.543239526 0.456760474 0.000000000
JK:/rrc/cr: 0.679102349 0.000107836 0.320789815
JK:/rrc/rr: 0.000000000 0.000136004 0.999863996
JQ:/cc/: 0.168573567 0.831426433 0.000000000
JQ:/cc/cr: 0.000048443 0.000010831 0.999940726
JQ:/cc/rr: 0.000000000 0.000080131 0.999919869
JQ:/crc/: 0.943690654 0.056309346 0.000000000
JQ:/crc/cr: 0.072207069 0.001328707 0.926464224
JQ:/crc/rr: 0.000000000 0.000113942 0.999886058
JQ:/crrc/: 0.081086879 0.918913121 0.000000000
JQ:/crrc/cr: 0.077693956 0.000168098 0.922137946
JQ:/crrc/rr: 0.000000000 0.002839705 0.997160295
JQ:/rc/: 0.961988956 0.038011044 0.000000000
JQ:/rc/cr: 0.002590865 0.002590865 0.994818270
JQ:/rc/rr: 0.000000000 0.000153559 0.999846441
JQ:/rrc/: 0.205883134 0.794116866 0.000000000
JQ:/rrc/cr: 0.000524459 0.000062025 0.999413516
JQ:/rrc/rr: 0.000000000 0.000358859 0.999641141
K:/: 0.751572283 0.248427717 0.000000000
K:/cr: 0.676151156 0.323782419 0.000066424
K:/rr: 0.000000000 0.999967066 0.000032934
KJ:/cc/: 0.000284533 0.999715467 0.000000000
KJ:/cc/cr: 0.000241082 0.000042158 0.999716760
KJ:/cc/rr: 0.000000000 0.824912090 0.175087910
KJ:/crc/: 0.002039912 0.997960088 0.000000000
KJ:/crc/cr: 0.000949121 0.999016617 0.000034262
KJ:/crc/rr: 0.000000000 0.974857840 0.025142160
KJ:/crrc/: 0.092389212 0.907610788 0.000000000
KJ:/crrc/cr: 0.000381813 0.997033650 0.002584537
KJ:/crrc/rr: 0.000000000 0.763660567 0.236339433
KJ:/rc/: 0.148414923 0.851585077 0.000000000
KJ:/rc/cr: 0.014617197 0.915174942 0.070207861
KJ:/rc/rr: 0.000000000 0.699602866 0.300397134
KJ:/rrc/: 0.254246046 0.745753954 0.000000000
KJ:/rrc/cr: 0.003442045 0.996048363 0.000509592
KJ:/rrc/rr: 0.000000000 0.897051127 0.102948873
KK:/cc/: 0.999522127 0.000477873 0.000000000
KK:/cc/cr: 0.860999891 0.069500055 0.069500055
KK:/cc/rr: 0.000000000 0.999950158 0.000049842
KK:/crc/: 0.158073356 0.841926644 0.000000000
KK:/crc/cr: 0.999918491 0.000040898 0.000040611
KK:/crc/rr: 0.000000000 0.999675544 0.000324456
KK:/crrc/: 0.957300005 0.042699995 0.000000000
KK:/crrc/cr: 0.009166697 0.990449857 0.000383446
KK:/crrc/rr: 0.000000000 0.999974345 0.000025655
KK:/rc/: 0.900378354 0.099621646 0.000000000
KK:/rc/cr: 0.999462730 0.000427072 0.000110198
KK:/rc/rr: 0.000000000 0.999981711 0.000018289
KK:/rrc/: 0.528275817 0.471724183 0.000000000
KK:/rrc/cr: 0.999976727 0.000011637 0.000011637
KK:/rrc/rr: 0.000000000 0.999984414 0.000015586
KQ:/cc/: 0.000553973 0.999446027 0.000000000
KQ:/cc/cr: 0.000241549 0.388714905 0.611043546
KQ:/cc/rr: 0.000000000 0.910070971 0.089929029
KQ:/crc/: 0.782463481 0.217536519 0.000000000
KQ:/crc/cr: 0.001410925 0.615354935 0.383234140
KQ:/crc/rr: 0.000000000 0.000069538 0.999930462
KQ:/crrc/: 0.019595058 0.980404942 0.000000000
KQ:/crrc/cr: 0.025885624 0.751601959 0.222512417
KQ:/crrc/rr: 0.000000000 0.173262659 0.826737341
KQ:/rc/: 0.009393581 0.990606419 0.000000000
KQ:/rc/cr: 0.000182833 0.514384589 0.485432578
KQ:/rc/rr: 0.000000000 0.053097214 0.946902786
KQ:/rrc/: 0.610961318 0.389038682 0.000000000
KQ:/rrc/cr: 0.039219475 0.828202434 0.132578092
KQ:/rrc/rr: 0.000000000 0.370024294 0.629975706
Q:/: 0.729023468 0.270976532 0.000000000
Q:/cr: 0.143982020 0.855486356 0.000531623
Q:/rr: 0.000000000 0.999966047 0.000033953
QJ:/cc/: 0.000091345 0.999908655 0.000000000
QJ:/cc/cr: 0.000131996 0.000030451 0.999837553
QJ:/cc/rr: 0.000000000 0.500000000 0.500000000
QJ:/crc/: 0.028665291 0.971334709 0.000000000
QJ:/crc/cr: 0.006198792 0.000012214 0.993788994
QJ:/crc/rr: 0.000000000 0.000620821 0.999379179
QJ:/crrc/: 0.002930851 0.997069149 0.000000000
QJ:/crrc/cr: 0.002326105 0.000070699 0.997603197
QJ:/crrc/rr: 0.000000000 0.036077273 0.963922727
QJ:/rc/: 0.000649387 0.999350613 0.000000000
QJ:/rc/cr: 0.000012314 0.000011325 0.999976361
QJ:/rc/rr: 0.000000000 0.026142282 0.973857718
QJ:/rrc/: 0.000016977 0.999983023 0.000000000
QJ:/rrc/cr: 0.000017261 0.000005659 0.999977080
QJ:/rrc/rr: 0.000000000 0.500000000 0.500000000
QK:/cc/: 0.001540264 0.998459736 0.000000000
QK:/cc/cr: 0.162268325 0.836798711 0.000932964
QK:/cc/rr: 0.000000000 0.970347463 0.029652537
QK:/crc/: 0.002347776 0.997652224 0.000000000
QK:/crc/cr: 0.000011892 0.566387078 0.433601030
QK:/crc/rr: 0.000000000 0.007579943 0.992420057
QK:/crrc/: 0.857316247 0.142683753 0.000000000
QK:/crrc/cr: 0.000739777 0.197109703 0.802150520
QK:/crrc/rr: 0.000000000 0.003217844 0.996782156
QK:/rc/: 0.566070666 0.433929334 0.000000000
QK:/rc/cr: 0.005619602 0.543099434 0.451280964
QK:/rc/rr: 0.000000000 0.244941344 0.755058656
QK:/rrc/: 0.096467201 0.903532799 0.000000000
QK:/rrc/cr: 0.000006263 0.342674704 0.657319033
QK:/rrc/rr: 0.000000000 0.005050540 0.994949460
QQ:/cc/: 0.431371303 0.568628697 0.000000000
QQ:/cc/cr: 0.999892906 0.000053547 0.000053547
QQ:/cc/rr: 0.000000000 0.999894122 0.000105878
QQ:/crc/: 0.972153568 0.027846432 0.000000000
QQ:/crc/cr: 0.586263753 0.413310196 0.000426051
QQ:/crc/rr: 0.000000000 0.999981694 0.000018306
QQ:/crrc/: 0.385517668 0.614482332 0.000000000
QQ:/crrc/cr: 0.999770567 0.000114717 0.000114717
QQ:/crrc/rr: 0.000000000 0.999725727 0.000274273
QQ:/rc/: 0.561342991 0.438657009 0.000000000
QQ:/rc/cr: 0.007182542 0.992791657 0.000025801
QQ:/rc/rr: 0.000000000 0.999969757 0.000030243
QQ:/rrc/: 0.960072024 0.039927976 0.000000000
QQ:/rrc/cr: 0.999716539 0.000141731 0.000141731
QQ:/rrc/rr: 0.000000000 0.999991158 0.000008842
