J:/c: 0.275352561 0.724647439 0.000000000
J:/crr: 0.000000000 0.999910106 0.000089894
J:/r: 0.057575285 0.126204170 0.816220545
JJ:/cc/c: 0.122290769 0.877709231 0.000000000
JJ:/cc/crr: 0.000000000 0.999860341 0.000139659
JJ:/cc/r: 0.999916687 0.000060542 0.000022772
JJ:/crc/c: 0.999910106 0.000089894 0.000000000
JJ:/crc/crr: 0.000000000 0.999955049 0.000044951
JJ:/crc/r: 0.492784329 0.507155742 0.000059929
JJ:/crrc/c: 0.999955049 0.000044951 0.000000000
JJ:/crrc/crr: 0.000000000 0.999977524 0.000022476
JJ:/crrc/r: 0.999940065 0.000029967 0.000029967
JJ:/rc/c: 0.999869246 0.000130754 0.000000000
JJ:/rc/crr: 0.000000000 0.999934615 0.000065385
JJ:/rc/r: 0.999733206 0.000179625 0.000087169
JJ:/rrc/c: 0.999713390 0.000286610 0.000000000
JJ:/rrc/crr: 0.000000000 0.999856654 0.000143346
JJ:/rrc/r: 0.998580969 0.001227958 0.000191073
JK:/cc/c: 0.005361060 0.994638940 0.000000000
JK:/cc/crr: 0.000000000 0.003185747 0.996814253
JK:/cc/r: 0.000058395 0.000022772 0.999918833
JK:/crc/c: 0.595255316 0.404744684 0.000000000
JK:/crc/crr: 0.000000000 0.000075509 0.999924491
JK:/crc/r: 0.031566066 0.000059929 0.968374005
JK:/crrc/c: 0.405107666 0.594892334 0.000000000
JK:/crrc/crr: 0.000000000 0.000055480 0.999944520
JK:/crrc/r: 0.204381582 0.000029967 0.795588451
JK:/rc/c: 0.379014757 0.620985243 0.000000000
JK:/rc/crr: 0.000000000 0.000172491 0.999827509
JK:/rc/r: 0.340561389 0.000094633 0.659343977
JK:/rrc/c: 0.999713390 0.000286610 0.000000000
JK:/rrc/crr: 0.000000000 0.000143346 0.999856654
JK:/rrc/r: 0.442720224 0.000402165 0.556877611
JQ:/cc/c: 0.059044691 0.940955309 0.000000000
JQ:/cc/crr: 0.000000000 0.000289255 0.999710745
JQ:/cc/r: 0.047071918 0.000022772 0.952905310
JQ:/crc/c: 0.650751316 0.349248684 0.000000000
JQ:/crc/crr: 0.000000000 0.000069069 0.999930931
JQ:/crc/r: 0.006152063 0.000059929 0.993788007
JQ:/crrc/c: 0.096306737 0.903693263 0.000000000
JQ:/crrc/crr: 0.000000000 0.000233374 0.999766626
JQ:/crrc/r: 0.219741629 0.000029967 0.780228403
JQ:/rc/c: 0.958633976 0.041366024 0.000000000
JQ:/rc/crr: 0.000000000 0.000068198 0.999931802
JQ:/rc/r: 0.000097628 0.000087169 0.999815203
JQ:/rrc/c: 0.100467565 0.899532435 0.000000000
JQ:/rrc/crr: 0.000000000 0.001426381 0.998573619
JQ:/rrc/r: 0.587036128 0.000447715 0.412516157
K:/c: 0.999654502 0.000345498 0.000000000
K:/crr: 0.000000000 0.999975239 0.000024761
K:/r: 0.607700962 0.392266035 0.000033003
KJ:/cc/c: 0.371221195 0.628778805 0.000000000
KJ:/cc/crr: 0.000000000 0.903503681 0.096496319
KJ:/cc/r: 0.249108960 0.099091389 0.651799651
KJ:/crc/c: 0.035302211 0.964697789 0.000000000
KJ:/crc/crr: 0.000000000 0.999649299 0.000350701
KJ:/crc/r: 0.000312466 0.737102813 0.262584721
KJ:/crrc/c: 0.391877835 0.608122165 0.000000000
KJ:/crrc/crr: 0.000000000 0.965674393 0.034325607
KJ:/crrc/r: 0.086425053 0.860897470 0.052677478
KJ:/rc/c: 0.451565730 0.548434270 0.000000000
KJ:/rc/crr: 0.000000000 0.616595931 0.383404069
KJ:/rc/r: 0.006470511 0.824690512 0.168838978
KJ:/rrc/c: 0.417958443 0.582041557 0.000000000
KJ:/rrc/crr: 0.000000000 0.959747173 0.040252827
KJ:/rrc/r: 0.098650194 0.835382037 0.065967769
KK:/cc/c: 0.928357042 0.071642958 0.000000000
KK:/cc/crr: 0.000000000 0.961414114 0.038585886
KK:/cc/r: 0.824418715 0.127819313 0.047761972
KK:/crc/c: 0.999892872 0.000107128 0.000000000
KK:/crc/crr: 0.000000000 0.999987618 0.000012382
KK:/crc/r: 0.913097709 0.086885783 0.000016507
KK:/crrc/c: 0.999987619 0.000012381 0.000000000
KK:/crrc/crr: 0.000000000 0.999993810 0.000006190
KK:/crrc/r: 0.899303137 0.100688609 0.000008254
KK:/rc/c: 0.999957933 0.000042067 0.000000000
KK:/rc/crr: 0.000000000 0.999978965 0.000021035
KK:/rc/r: 0.999904180 0.000067775 0.000028045
KK:/rrc/c: 0.999972846 0.000027154 0.000000000
KK:/rrc/crr: 0.000000000 0.999986423 0.000013577
KK:/rrc/r: 0.523144564 0.476837333 0.000018103
KQ:/cc/c: 0.371221195 0.628778805 0.000000000
KQ:/cc/crr: 0.000000000 0.903503681 0.096496319
KQ:/cc/r: 0.303712870 0.603641843 0.092645287
KQ:/crc/c: 0.039073776 0.960926224 0.000000000
KQ:/crc/crr: 0.000000000 0.750014811 0.249985189
KQ:/crc/r: 0.000664004 0.433772510 0.565563486
KQ:/crrc/c: 0.556049739 0.443950261 0.000000000
KQ:/crrc/crr: 0.000000000 0.524691779 0.475308221
KQ:/crrc/r: 0.010612415 0.670746289 0.318641296
KQ:/rc/c: 0.005580065 0.994419935 0.000000000
KQ:/rc/crr: 0.000000000 0.031719160 0.968280840
KQ:/rc/r: 0.000209680 0.318685819 0.681104501
KQ:/rrc/c: 0.498492788 0.501507212 0.000000000
KQ:/rrc/crr: 0.000000000 0.453604652 0.546395348
KQ:/rrc/r: 0.010833179 0.649068257 0.340098565
Q:/c: 0.858908028 0.141091972 0.000000000
Q:/crr: 0.000000000 0.999971181 0.000028819
Q:/r: 0.384708861 0.609070398 0.006220741
QJ:/cc/c: 0.003304514 0.996695486 0.000000000
QJ:/cc/crr: 0.000000000 0.026544755 0.973455245
QJ:/cc/r: 0.000300111 0.000116957 0.999582932
QJ:/crc/c: 0.393652306 0.606347694 0.000000000
QJ:/crc/crr: 0.000000000 0.412202604 0.587797396
QJ:/crc/r: 0.000671953 0.000019212 0.999308834
QJ:/crrc/c: 0.000355243 0.999644757 0.000000000
QJ:/crrc/crr: 0.000000000 0.020281447 0.979718553
QJ:/crrc/r: 0.006473677 0.000009606 0.993516716
QJ:/rc/c: 0.000634110 0.999365890 0.000000000
QJ:/rc/crr: 0.000000000 0.021363140 0.978636860
QJ:/rc/r: 0.025436786 0.000018673 0.974544541
QJ:/rrc/c: 0.001555722 0.998444278 0.000000000
QJ:/rrc/crr: 0.000000000 0.013785840 0.986214160
QJ:/rrc/r: 0.000435430 0.000058108 0.999506462
QK:/cc/c: 0.064077330 0.935922670 0.000000000
QK:/cc/crr: 0.000000000 0.919385040 0.080614960
QK:/cc/r: 0.001226711 0.774488349 0.224284940
QK:/crc/c: 0.337490622 0.662509378 0.000000000
QK:/crc/crr: 0.000000000 0.035878837 0.964121163
QK:/crc/r: 0.013363262 0.462929682 0.523707056
QK:/crrc/c: 0.216286859 0.783713141 0.000000000
QK:/crrc/crr: 0.000000000 0.009458668 0.990541332
QK:/crrc/r: 0.000060268 0.304870100 0.695069633
QK:/rc/c: 0.375660994 0.624339006 0.000000000
QK:/rc/crr: 0.000000000 0.022341251 0.977658749
QK:/rc/r: 0.000057603 0.324471813 0.675470585
QK:/rrc/c: 0.416988344 0.583011656 0.000000000
QK:/rrc/crr: 0.000000000 0.055263871 0.944736129
QK:/rrc/r: 0.000417611 0.476624087 0.522958303
QQ:/cc/c: 0.999824565 0.000175435 0.000000000
QQ:/cc/crr: 0.000000000 0.999912267 0.000087733
QQ:/cc/r: 0.999590940 0.000292104 0.000116957
QQ:/crc/c: 0.999971181 0.000028819 0.000000000
QQ:/crc/crr: 0.000000000 0.999985590 0.000014410
QQ:/crc/r: 0.050082590 0.949898197 0.000019212
QQ:/crrc/c: 0.999529689 0.000470311 0.000000000
QQ:/crrc/crr: 0.000000000 0.999992792 0.000007208
QQ:/crrc/r: 0.990067511 0.009922882 0.000009606
QQ:/rc/c: 0.999972907 0.000027093 0.000000000
QQ:/rc/crr: 0.000000000 0.999986453 0.000013547
QQ:/rc/r: 0.999931981 0.000049956 0.000018062
QQ:/rrc/c: 0.999957106 0.000042894 0.000000000
QQ:/rrc/crr: 0.000000000 0.999978552 0.000021448
QQ:/rrc/r: 0.999792220 0.000179185 0.000028596
