J:/c: 0.264529666 0.735470334 0.000000000
J:/crr: 0.000000000 0.999906428 0.000093572
J:/r: 0.056663724 0.122258861 0.821077416
JJ:/cc/c: 0.999966345 0.000033655 0.000000000
JJ:/cc/crr: 0.000000000 0.999983172 0.000016828
JJ:/cc/r: 0.974139526 0.025838038 0.000022437
JJ:/crc/c: 0.999906428 0.000093572 0.000000000
JJ:/crc/crr: 0.000000000 0.999953210 0.000046790
JJ:/crc/r: 0.999603850 0.000333769 0.000062381
JJ:/crrc/c: 0.999953210 0.000046790 0.000000000
JJ:/crrc/crr: 0.000000000 0.999976604 0.000023396
JJ:/crrc/r: 0.999937613 0.000031193 0.000031193
JJ:/rc/c: 0.999865027 0.000134973 0.000000000
JJ:/rc/crr: 0.000000000 0.999932504 0.000067496
JJ:/rc/r: 0.999702681 0.000207337 0.000089982
JJ:/rrc/c: 0.999656127 0.000343873 0.000000000
JJ:/rrc/crr: 0.000000000 0.999854340 0.000145660
JJ:/rrc/r: 0.998600223 0.001205630 0.000194147
JK:/cc/c: 0.001460447 0.998539553 0.000000000
JK:/cc/crr: 0.000000000 0.011522258 0.988477742
JK:/cc/r: 0.000060231 0.000022437 0.999917332
JK:/crc/c: 0.639902544 0.360097456 0.000000000
JK:/crc/crr: 0.000000000 0.001851208 0.998148792
JK:/crc/r: 0.033015458 0.000062381 0.966922161
JK:/crrc/c: 0.630381454 0.369618546 0.000000000
JK:/crrc/crr: 0.000000000 0.000037113 0.999962887
JK:/crrc/r: 0.212978863 0.000031193 0.786989943
JK:/rc/c: 0.426200857 0.573799143 0.000000000
JK:/rc/crr: 0.000000000 0.000158344 0.999841656
JK:/rc/r: 0.355565021 0.000101663 0.644333316
JK:/rrc/c: 0.996021187 0.003978813 0.000000000
JK:/rrc/crr: 0.000000000 0.000146192 0.999853808
JK:/rrc/r: 0.374215090 0.000406440 0.625378471
JQ:/cc/c: 0.065557286 0.934442714 0.000000000
JQ:/cc/crr: 0.000000000 0.000256686 0.999743314
JQ:/cc/r: 0.046244588 0.000022437 0.953732975
JQ:/crc/c: 0.387478870 0.612521130 0.000000000
JQ:/crc/crr: 0.000000000 0.000120744 0.999879256
JQ:/crc/r: 0.000062381 0.000062381 0.999875238
JQ:/crrc/c: 0.033644855 0.966355145 0.000000000
JQ:/crrc/crr: 0.000000000 0.000695354 0.999304646
JQ:/crrc/r: 0.131283275 0.000047415 0.868669310
JQ:/rc/c: 0.980659397 0.019340603 0.000000000
JQ:/rc/crr: 0.000000000 0.000068817 0.999931183
JQ:/rc/r: 0.000357806 0.000089982 0.999552212
JQ:/rrc/c: 0.046743949 0.953256051 0.000000000
JQ:/rrc/crr: 0.000000000 0.003115063 0.996884937
JQ:/rrc/r: 0.545010639 0.000450856 0.454538505
K:/c: 0.998244853 0.001755147 0.000000000
K:/crr: 0.000000000 0.999975204 0.000024796
K:/r: 0.610748974 0.389218023 0.000033003
KJ:/cc/c: 0.073128354 0.926871646 0.000000000
KJ:/cc/crr: 0.000000000 0.903575054 0.096424946
KJ:/cc/r: 0.046770162 0.020426260 0.932803578
KJ:/crc/c: 0.221960218 0.778039782 0.000000000
KJ:/crc/crr: 0.000000000 0.862843436 0.137156564
KJ:/crc/r: 0.000368242 0.747542306 0.252089451
KJ:/crrc/c: 0.223146035 0.776853965 0.000000000
KJ:/crrc/crr: 0.000000000 0.909226106 0.090773894
KJ:/crrc/r: 0.040045993 0.860141056 0.099812950
KJ:/rc/c: 0.418261148 0.581738852 0.000000000
KJ:/rc/crr: 0.000000000 0.982756102 0.017243898
KJ:/rc/r: 0.078562696 0.715323690 0.206113614
KJ:/rrc/c: 0.080643788 0.919356212 0.000000000
KJ:/rrc/crr: 0.000000000 0.999832481 0.000167519
KJ:/rrc/r: 0.036889541 0.901612862 0.061497598
KK:/cc/c: 0.985897205 0.014102795 0.000000000
KK:/cc/crr: 0.000000000 0.992847735 0.007152265
KK:/cc/r: 0.964297563 0.026300574 0.009401863
KK:/crc/c: 0.999423278 0.000576722 0.000000000
KK:/crc/crr: 0.000000000 0.999987595 0.000012405
KK:/crc/r: 0.881919411 0.118064058 0.000016531
KK:/crrc/c: 0.999987602 0.000012398 0.000000000
KK:/crrc/crr: 0.000000000 0.999993801 0.000006199
KK:/crrc/r: 0.999983469 0.000008266 0.000008266
KK:/rc/c: 0.999957603 0.000042397 0.000000000
KK:/rc/crr: 0.000000000 0.999978801 0.000021199
KK:/rc/r: 0.999902649 0.000069086 0.000028265
KK:/rrc/c: 0.999972981 0.000027019 0.000000000
KK:/rrc/crr: 0.000000000 0.999986490 0.000013510
KK:/rrc/r: 0.999894442 0.000087545 0.000018012
KQ:/cc/c: 0.073128354 0.926871646 0.000000000
KQ:/cc/crr: 0.000000000 0.903575054 0.096424946
KQ:/cc/r: 0.049914953 0.931699181 0.018385866
KQ:/crc/c: 0.180016438 0.819983562 0.000000000
KQ:/crc/crr: 0.000000000 0.045780613 0.954219387
KQ:/crc/r: 0.000595383 0.442944839 0.556459777
KQ:/crrc/c: 0.620658617 0.379341383 0.000000000
KQ:/crrc/crr: 0.000000000 0.413500300 0.586499700
KQ:/crrc/r: 0.001893794 0.808768439 0.189337767
KQ:/rc/c: 0.009428665 0.990571335 0.000000000
KQ:/rc/crr: 0.000000000 0.021496938 0.978503062
KQ:/rc/r: 0.000367566 0.320664412 0.678968022
KQ:/rrc/c: 0.492797331 0.507202669 0.000000000
KQ:/rrc/crr: 0.000000000 0.467320806 0.532679194
KQ:/rrc/r: 0.042113558 0.599917147 0.357969295
Q:/c: 0.858171272 0.141828728 0.000000000
Q:/crr: 0.000000000 0.999971157 0.000028843
Q:/r: 0.392452095 0.604133558 0.003414347
QJ:/cc/c: 0.001889665 0.998110335 0.000000000
QJ:/cc/crr: 0.000000000 0.046178476 0.953821524
QJ:/cc/r: 0.000301720 0.000116349 0.999581931
QJ:/crc/c: 0.404442080 0.595557920 0.000000000
QJ:/crc/crr: 0.000000000 0.001263609 0.998736391
QJ:/crc/r: 0.000672429 0.000019229 0.999308343
QJ:/crrc/c: 0.000131216 0.999868784 0.000000000
QJ:/crrc/crr: 0.000000000 0.054955426 0.945044574
QJ:/crrc/r: 0.024432004 0.000009615 0.975558381
QJ:/rc/c: 0.000609912 0.999390088 0.000000000
QJ:/rc/crr: 0.000000000 0.022392241 0.977607759
QJ:/rc/r: 0.003989887 0.000018210 0.995991903
QJ:/rrc/c: 0.001231764 0.998768236 0.000000000
QJ:/rrc/crr: 0.000000000 0.193155752 0.806844248
QJ:/rrc/r: 0.000426100 0.000058483 0.999515417
QK:/cc/c: 0.261730286 0.738269714 0.000000000
QK:/cc/crr: 0.000000000 0.999666596 0.000333404
QK:/cc/r: 0.001437142 0.825376594 0.173186264
QK:/crc/c: 0.265150282 0.734849718 0.000000000
QK:/crc/crr: 0.000000000 0.106337239 0.893662761
QK:/crc/r: 0.019108049 0.428996992 0.551894959
QK:/crrc/c: 0.082516070 0.917483930 0.000000000
QK:/crrc/crr: 0.000000000 0.053565858 0.946434142
QK:/crrc/r: 0.000856244 0.305361351 0.693782405
QK:/rc/c: 0.308252273 0.691747727 0.000000000
QK:/rc/crr: 0.000000000 0.066268020 0.933731980
QK:/rc/r: 0.000048115 0.301528754 0.698423131
QK:/rrc/c: 0.430370479 0.569629521 0.000000000
QK:/rrc/crr: 0.000000000 0.045447025 0.954552975
QK:/rrc/r: 0.000415835 0.497177008 0.502407157
QQ:/cc/c: 0.999825476 0.000174524 0.000000000
QQ:/cc/crr: 0.000000000 0.999912723 0.000087277
QQ:/cc/r: 0.999581031 0.000302620 0.000116349
QQ:/crc/c: 0.999971157 0.000028843 0.000000000
QQ:/crc/crr: 0.000000000 0.999985578 0.000014422
QQ:/crc/r: 0.999357205 0.000623567 0.000019229
QQ:/crrc/c: 0.999985578 0.000014422 0.000000000
QQ:/crrc/crr: 0.000000000 0.999992789 0.000007211
QQ:/crrc/r: 0.860338193 0.139652192 0.000009615
QQ:/rc/c: 0.999972685 0.000027315 0.000000000
QQ:/rc/crr: 0.000000000 0.999986342 0.000013658
QQ:/rc/r: 0.048066694 0.951915096 0.000018210
QQ:/rrc/c: 0.999957952 0.000042048 0.000000000
QQ:/rrc/crr: 0.000000000 0.999978975 0.000021025
QQ:/rrc/r: 0.999793880 0.000178088 0.000028032
