J:/: 0.057701706 0.942298294 0.000000000
J:/cr: 0.044017778 0.029781202 0.926201020
J:/rr: 0.000000000 0.999571027 0.000428973
JJ:/cc/: 0.013020050 0.986979950 0.000000000
JJ:/cc/cr: 0.999982257 0.000008872 0.000008872
JJ:/cc/rr: 0.000000000 0.998991241 0.001008759
JJ:/crc/: 0.947134247 0.052865753 0.000000000
JJ:/crc/cr: 0.996292330 0.001853835 0.001853835
JJ:/crc/rr: 0.000000000 0.999844788 0.000155212
JJ:/crrc/: 0.958112194 0.041887806 0.000000000
JJ:/crrc/cr: 0.996834065 0.001582967 0.001582967
JJ:/crrc/rr: 0.000000000 0.999896191 0.000103809
JJ:/rc/: 0.606131303 0.393868697 0.000000000
JJ:/rc/cr: 0.999273915 0.000363042 0.000363042
JJ:/rc/rr: 0.000000000 0.999646139 0.000353861
JJ:/rrc/: 0.984743889 0.015256111 0.000000000
JJ:/rrc/cr: 0.990623274 0.004688363 0.004688363
JJ:/rrc/rr: 0.000000000 0.999891049 0.000108951
JK:/cc/: 0.133785892 0.866214108 0.000000000
JK:/cc/cr: 0.001721965 0.000010108 0.998267926
JK:/cc/rr: 0.000000000 0.000098173 0.999901827
JK:/crc/: 0.077706851 0.922293149 0.000000000
JK:/crc/cr: 0.137504711 0.000106262 0.862389028
JK:/crc/rr: 0.000000000 0.001891810 0.998108190
JK:/crrc/: 0.999340073 0.000659927 0.000000000
JK:/crrc/cr: 0.100476274 0.100476274 0.799047453
JK:/crrc/rr: 0.000000000 0.000099526 0.999900474
JK:/rc/: 0.994656461 0.005343539 0.000000000
JK:/rc/cr: 0.026759610 0.026759610 0.946480780
JK:/rc/rr: 0.000000000 0.000215639 0.999784361
JK:/rrc/: 0.503698190 0.496301810 0.000000000
JK:/rrc/cr: 0.641125407 0.000144118 0.358730475
JK:/rrc/rr: 0.000000000 0.000213003 0.999786997
JQ:/cc/: 0.002144099 0.997855901 0.000000000
JQ:/cc/cr: 0.000037491 0.000008775 0.999953734
JQ:/cc/rr: 0.000000000 0.006125694 0.993874306
JQ:/crc/: 0.862697152 0.137302848 0.000000000
JQ:/crc/cr: 0.013571404 0.000713783 0.985714813
JQ:/crc/rr: 0.000000000 0.000170403 0.999829597
JQ:/crrc/: 0.075930313 0.924069687 0.000000000
JQ:/crrc/cr: 0.000071755 0.000071755 0.999856489
JQ:/crrc/rr: 0.000000000 0.001309893 0.998690107
JQ:/rc/: 0.983052442 0.016947558 0.000000000
JQ:/rc/cr: 0.008437263 0.008437263 0.983125473
JQ:/rc/rr: 0.000000000 0.000218184 0.999781816
JQ:/rrc/: 0.090088207 0.909911793 0.000000000
JQ:/rrc/cr: 0.015818885 0.000078608 0.984102507
JQ:/rrc/rr: 0.000000000 0.001190936 0.998809064
K:/: 0.535385419 0.464614581 0.000000000
K:/cr: 0.885875178 0.114089305 0.000035517
K:/rr: 0.000000000 0.999953767 0.000046233
KJ:/cc/: 0.000153612 0.999846388 0.000000000
KJ:/cc/cr: 0.000128315 0.000021700 0.999849984
KJ:/cc/rr: 0.000000000 0.826591905 0.173408095
KJ:/crc/: 0.003551147 0.996448853 0.000000000
KJ:/crc/cr: 0.002250456 0.997697474 0.000052069
KJ:/crc/rr: 0.000000000 0.978084014 0.021915986
KJ:/crrc/: 0.075077914 0.924922086 0.000000000
KJ:/crrc/cr: 0.003252359 0.989306903 0.007440738
KJ:/crrc/rr: 0.000000000 0.443885624 0.556114376
KJ:/rc/: 0.065047056 0.934952944 0.000000000
KJ:/rc/cr: 0.017096836 0.889584278 0.093318886
KJ:/rc/rr: 0.000000000 0.505110811 0.494889189
KJ:/rrc/: 0.141004755 0.858995245 0.000000000
KJ:/rrc/cr: 0.009456540 0.988340368 0.002203092
KJ:/rrc/rr: 0.000000000 0.715771777 0.284228223
KK:/cc/: 0.991470591 0.008529409 0.000000000
KK:/cc/cr: 0.995835953 0.002082023 0.002082023
KK:/cc/rr: 0.000000000 0.999973133 0.000026867
KK:/crc/: 0.287395846 0.712604154 0.000000000
KK:/crc/cr: 0.999854380 0.000072810 0.000072810
KK:/crc/rr: 0.000000000 0.999729200 0.000270800
KK:/crrc/: 0.990767938 0.009232062 0.000000000
KK:/crrc/cr: 0.190879140 0.808397071 0.000723789
KK:/crrc/rr: 0.000000000 0.999989884 0.000010116
KK:/rc/: 0.904310470 0.095689530 0.000000000
KK:/rc/cr: 0.999540065 0.000298883 0.000161052
KK:/rc/rr: 0.000000000 0.999974437 0.000025563
KK:/rrc/: 0.518785599 0.481214401 0.000000000
KK:/rrc/cr: 0.999967973 0.000016013 0.000016013
KK:/rrc/rr: 0.000000000 0.999977720 0.000022280
KQ:/cc/: 0.000272869 0.999727131 0.000000000
KQ:/cc/cr: 0.000130469 0.158943923 0.840925608
KQ:/cc/rr: 0.000000000 0.902379245 0.097620755
KQ:/crc/: 0.869187469 0.130812531 0.000000000
KQ:/crc/cr: 0.003058916 0.574525773 0.422415311
KQ:/crc/rr: 0.000000000 0.000089540 0.999910460
KQ:/crrc/: 0.049473747 0.950526253 0.000000000
KQ:/crrc/cr: 0.064944563 0.687088628 0.247966809
KQ:/crrc/rr: 0.000000000 0.336771132 0.663228868
KQ:/rc/: 0.097831527 0.902168473 0.000000000
KQ:/rc/cr: 0.000346265 0.490158607 0.509495127
KQ:/rc/rr: 0.000000000 0.002392446 0.997607554
KQ:/rrc/: 0.687064049 0.312935951 0.000000000
KQ:/rrc/cr: 0.011174989 0.832539474 0.156285537
KQ:/rrc/rr: 0.000000000 0.412510487 0.587489513
Q:/: 0.517845271 0.482154729 0.000000000
Q:/cr: 0.205849071 0.325379478 0.468771452
Q:/rr: 0.000000000 0.999952201 0.000047799
QJ:/cc/: 0.000051337 0.999948663 0.000000000
QJ:/cc/cr: 0.000067049 0.000017113 0.999915838
QJ:/cc/rr: 0.000000000 0.500000000 0.500000000
QJ:/crc/: 0.037842127 0.962157873 0.000000000
QJ:/crc/cr: 0.008900735 0.000018220 0.991081045
QJ:/crc/rr: 0.000000000 0.000694889 0.999305111
QJ:/crrc/: 0.013317882 0.986682118 0.000000000
QJ:/crrc/cr: 0.000136442 0.000028084 0.999835474
QJ:/crrc/rr: 0.000000000 0.003121022 0.996878978
QJ:/rc/: 0.006147729 0.993852271 0.000000000
QJ:/rc/cr: 0.000022494 0.000016032 0.999961474
QJ:/rc/rr: 0.000000000 0.003887531 0.996112469
QJ:/rrc/: 0.000023901 0.999976099 0.000000000
QJ:/rrc/cr: 0.000077603 0.000007967 0.999914430
QJ:/rrc/rr: 0.000000000 0.500000000 0.500000000
QK:/cc/: 0.707201684 0.292798316 0.000000000
QK:/cc/cr: 0.266431762 0.733495423 0.000072815
QK:/cc/rr: 0.000000000 0.470686191 0.529313809
QK:/crc/: 0.013380183 0.986619817 0.000000000
QK:/crc/cr: 0.000017768 0.546372819 0.453609413
QK:/crc/rr: 0.000000000 0.001965300 0.998034700
QK:/crrc/: 0.945126845 0.054873155 0.000000000
QK:/crrc/cr: 0.000673553 0.594111015 0.405215432
QK:/crrc/rr: 0.000000000 0.005222175 0.994777825
QK:/rc/: 0.513928705 0.486071295 0.000000000
QK:/rc/cr: 0.063151266 0.495299336 0.441549399
QK:/rc/rr: 0.000000000 0.220259474 0.779740526
QK:/rrc/: 0.132801699 0.867198301 0.000000000
QK:/rrc/cr: 0.000009187 0.310744795 0.689246018
QK:/rrc/rr: 0.000000000 0.005152982 0.994847018
QQ:/cc/: 0.003715363 0.996284637 0.000000000
QQ:/cc/cr: 0.023418588 0.976564236 0.000017176
QQ:/cc/rr: 0.000000000 0.993091226 0.006908774
QQ:/crc/: 0.987623873 0.012376127 0.000000000
QQ:/crc/cr: 0.997167012 0.001416494 0.001416494
QQ:/crc/rr: 0.000000000 0.999973374 0.000026626
QQ:/crrc/: 0.394686154 0.605313846 0.000000000
QQ:/crrc/cr: 0.999906491 0.000047731 0.000045778
QQ:/crrc/rr: 0.000000000 0.999894687 0.000105313
QQ:/rc/: 0.619759635 0.380240365 0.000000000
QQ:/rc/cr: 0.999916195 0.000041902 0.000041902
QQ:/rc/rr: 0.000000000 0.999961437 0.000038563
QQ:/rrc/: 0.958816180 0.041183820 0.000000000
QQ:/rrc/cr: 0.999613106 0.000193447 0.000193447
QQ:/rrc/rr: 0.000000000 0.999987536 0.000012464
