J:/c: 0.274896812 0.725103188 0.000000000
J:/crr: 0.000000000 0.999909957 0.000090043
J:/r: 0.057730340 0.135694594 0.806575066
JJ:/cc/c: 0.463684911 0.536315089 0.000000000
JJ:/cc/crr: 0.000000000 0.999963190 0.000036810
JJ:/cc/r: 0.999915586 0.000061657 0.000022758
JJ:/crc/c: 0.999909957 0.000090043 0.000000000
JJ:/crc/crr: 0.000000000 0.999954975 0.000045025
JJ:/crc/r: 0.999752406 0.000187566 0.000060029
JJ:/crrc/c: 0.999954975 0.000045025 0.000000000
JJ:/crrc/crr: 0.000000000 0.999977486 0.000022514
JJ:/crrc/r: 0.999939966 0.000030017 0.000030017
JJ:/rc/c: 0.999878391 0.000121609 0.000000000
JJ:/rc/crr: 0.000000000 0.999939188 0.000060812
JJ:/rc/r: 0.999746369 0.000172558 0.000081073
JJ:/rrc/c: 0.999714160 0.000285840 0.000000000
JJ:/rrc/crr: 0.000000000 0.999857039 0.000142961
JJ:/rrc/r: 0.998619858 0.001189582 0.000190560
JK:/cc/c: 0.006152882 0.993847118 0.000000000
JK:/cc/crr: 0.000000000 0.002774024 0.997225976
JK:/cc/r: 0.000061148 0.000022758 0.999916095
JK:/crc/c: 0.550315589 0.449684411 0.000000000
JK:/crc/crr: 0.000000000 0.000081810 0.999918190
JK:/crc/r: 0.079388789 0.000060029 0.920551182
JK:/crrc/c: 0.596608445 0.403391555 0.000000000
JK:/crrc/crr: 0.000000000 0.000037735 0.999962265
JK:/crrc/r: 0.131277738 0.000033091 0.868689171
JK:/rc/c: 0.338996836 0.661003164 0.000000000
JK:/rc/crr: 0.000000000 0.000179366 0.999820634
JK:/rc/r: 0.347377398 0.000086079 0.652536523
JK:/rrc/c: 0.999338612 0.000661388 0.000000000
JK:/rrc/crr: 0.000000000 0.000143015 0.999856985
JK:/rrc/r: 0.244505181 0.000453710 0.755041109
JQ:/cc/c: 0.077443332 0.922556668 0.000000000
JQ:/cc/crr: 0.000000000 0.000220397 0.999779603
JQ:/cc/r: 0.034683409 0.000022758 0.965293833
JQ:/crc/c: 0.462633004 0.537366996 0.000000000
JQ:/crc/crr: 0.000000000 0.000097316 0.999902684
JQ:/crc/r: 0.000313287 0.000060029 0.999626685
JQ:/crrc/c: 0.106067062 0.893932938 0.000000000
JQ:/crrc/crr: 0.000000000 0.000212250 0.999787750
JQ:/crrc/r: 0.175801812 0.000030017 0.824168171
JQ:/rc/c: 0.967794654 0.032205346 0.000000000
JQ:/rc/crr: 0.000000000 0.000062828 0.999937172
JQ:/rc/r: 0.000084215 0.000081073 0.999834712
JQ:/rrc/c: 0.041041589 0.958958411 0.000000000
JQ:/rrc/crr: 0.000000000 0.003482323 0.996517677
JQ:/rrc/r: 0.340375924 0.000384666 0.659239409
K:/c: 0.999768252 0.000231748 0.000000000
K:/crr: 0.000000000 0.999975242 0.000024758
K:/r: 0.577904317 0.422062680 0.000033003
KJ:/cc/c: 0.554149275 0.445850725 0.000000000
KJ:/cc/crr: 0.000000000 0.903629233 0.096370767
KJ:/cc/r: 0.363775041 0.147730553 0.488494407
KJ:/crc/c: 0.246633434 0.753366566 0.000000000
KJ:/crc/crr: 0.000000000 0.712042689 0.287957311
KJ:/crc/r: 0.000367196 0.724698017 0.274934787
KJ:/crrc/c: 0.535685847 0.464314153 0.000000000
KJ:/crrc/crr: 0.000000000 0.852383535 0.147616465
KJ:/crrc/r: 0.127435337 0.734401412 0.138163251
KJ:/rc/c: 0.501645932 0.498354068 0.000000000
KJ:/rc/crr: 0.000000000 0.860026147 0.139973853
KJ:/rc/r: 0.093295079 0.724268886 0.182436036
KJ:/rrc/c: 0.145975975 0.854024025 0.000000000
KJ:/rrc/crr: 0.000000000 0.999902195 0.000097805
KJ:/rrc/r: 0.125279769 0.809198283 0.065521948
KK:/cc/c: 0.893192419 0.106807581 0.000000000
KK:/cc/crr: 0.000000000 0.940210206 0.059789794
KK:/cc/r: 0.721370344 0.207424602 0.071205054
KK:/crc/c: 0.999975242 0.000024758 0.000000000
KK:/crc/crr: 0.000000000 0.999987621 0.000012379
KK:/crc/r: 0.383731390 0.616252105 0.000016505
KK:/crrc/c: 0.999987621 0.000012379 0.000000000
KK:/crrc/crr: 0.000000000 0.999993810 0.000006190
KK:/crrc/r: 0.620200012 0.379791735 0.000008253
KK:/rc/c: 0.999960902 0.000039098 0.000000000
KK:/rc/crr: 0.000000000 0.999980450 0.000019550
KK:/rc/r: 0.999908316 0.000065619 0.000026065
KK:/rrc/c: 0.999971446 0.000028554 0.000000000
KK:/rrc/crr: 0.000000000 0.999985722 0.000014278
KK:/rrc/r: 0.999889733 0.000091230 0.000019036
KQ:/cc/c: 0.554149275 0.445850725 0.000000000
KQ:/cc/crr: 0.000000000 0.903629233 0.096370767
KQ:/cc/r: 0.369152089 0.487927010 0.142920901
KQ:/crc/c: 0.177026890 0.822973110 0.000000000
KQ:/crc/crr: 0.000000000 0.025149710 0.974850290
KQ:/crc/r: 0.000679955 0.443364841 0.555955204
KQ:/crrc/c: 0.511394639 0.488605361 0.000000000
KQ:/crrc/crr: 0.000000000 0.358116795 0.641883205
KQ:/crrc/r: 0.004435677 0.676889859 0.318674464
KQ:/rc/c: 0.003058038 0.996941962 0.000000000
KQ:/rc/crr: 0.000000000 0.119542955 0.880457045
KQ:/rc/r: 0.000131260 0.322363429 0.677505311
KQ:/rrc/c: 0.513234646 0.486765354 0.000000000
KQ:/rrc/crr: 0.000000000 0.510072655 0.489927345
KQ:/rrc/r: 0.086039452 0.543912566 0.370047983
Q:/c: 0.837374999 0.162625001 0.000000000
Q:/crr: 0.000000000 0.999970440 0.000029560
Q:/r: 0.329224669 0.665525439 0.005249892
QJ:/cc/c: 0.001667939 0.998332061 0.000000000
QJ:/cc/crr: 0.000000000 0.045626928 0.954373072
QJ:/cc/r: 0.000257298 0.000101471 0.999641232
QJ:/crc/c: 0.378380394 0.621619606 0.000000000
QJ:/crc/crr: 0.000000000 0.000730290 0.999269710
QJ:/crc/r: 0.000547068 0.000019706 0.999433226
QJ:/crrc/c: 0.000329633 0.999670367 0.000000000
QJ:/crrc/crr: 0.000000000 0.022419235 0.977580765
QJ:/crrc/r: 0.020306003 0.000009853 0.979684143
QJ:/rc/c: 0.000919911 0.999080089 0.000000000
QJ:/rc/crr: 0.000000000 0.013476809 0.986523191
QJ:/rc/r: 0.010682133 0.000016530 0.989301337
QJ:/rrc/c: 0.001241356 0.998758644 0.000000000
QJ:/rrc/crr: 0.000000000 0.372868874 0.627131126
QJ:/rrc/r: 0.000504823 0.000076259 0.999418918
QK:/cc/c: 0.037952219 0.962047781 0.000000000
QK:/cc/crr: 0.000000000 0.997994770 0.002005230
QK:/cc/r: 0.001059214 0.715123200 0.283817586
QK:/crc/c: 0.382221610 0.617778390 0.000000000
QK:/crc/crr: 0.000000000 0.020307881 0.979692119
QK:/crc/r: 0.019115759 0.433785329 0.547098912
QK:/crrc/c: 0.030077621 0.969922379 0.000000000
QK:/crrc/crr: 0.000000000 0.063794372 0.936205628
QK:/crrc/r: 0.000011061 0.305204870 0.694784069
QK:/rc/c: 0.380782936 0.619217064 0.000000000
QK:/rc/crr: 0.000000000 0.093968957 0.906031043
QK:/rc/r: 0.000056653 0.345669598 0.654273749
QK:/rrc/c: 0.423882526 0.576117474 0.000000000
QK:/rrc/crr: 0.000000000 0.049162168 0.950837832
QK:/rrc/r: 0.000481825 0.501742970 0.497775205
QQ:/cc/c: 0.999847794 0.000152206 0.000000000
QQ:/cc/crr: 0.000000000 0.999923885 0.000076115
QQ:/cc/r: 0.875952153 0.123946376 0.000101471
QQ:/crc/c: 0.999970440 0.000029560 0.000000000
QQ:/crc/crr: 0.000000000 0.999985220 0.000014780
QQ:/crc/r: 0.032376693 0.967603601 0.000019706
QQ:/crrc/c: 0.999985220 0.000014780 0.000000000
QQ:/crrc/crr: 0.000000000 0.999992610 0.000007390
QQ:/crrc/r: 0.999980293 0.000009853 0.000009853
QQ:/rc/c: 0.999975205 0.000024795 0.000000000
QQ:/rc/crr: 0.000000000 0.999987602 0.000012398
QQ:/rc/r: 0.999936837 0.000046633 0.000016530
QQ:/rrc/c: 0.999415875 0.000584125 0.000000000
QQ:/rrc/crr: 0.000000000 0.999974924 0.000025076
QQ:/rrc/r: 0.999744642 0.000221943 0.000033415
