J:/: 0.080924460 0.919075540 0.000000000
J:/cr: 0.015552615 0.045731993 0.938715392
J:/rr: 0.000000000 0.999694129 0.000305871
JJ:/cc/: 0.001314096 0.998685904 0.000000000
JJ:/cc/cr: 0.999982022 0.000008989 0.000008989
JJ:/cc/rr: 0.000000000 0.989752682 0.010247318
JJ:/crc/: 0.900558681 0.099441319 0.000000000
JJ:/crc/cr: 0.998683964 0.000658018 0.000658018
JJ:/crc/rr: 0.000000000 0.999891011 0.000108989
JJ:/crrc/: 0.993835721 0.006164279 0.000000000
JJ:/crrc/cr: 0.937573470 0.031213265 0.031213265
JJ:/crrc/rr: 0.000000000 0.999709599 0.000290401
JJ:/rc/: 0.738458259 0.261541741 0.000000000
JJ:/rc/cr: 0.999220338 0.000389831 0.000389831
JJ:/rc/rr: 0.000000000 0.999792899 0.000207101
JJ:/rrc/: 0.991559877 0.008440123 0.000000000
JJ:/rrc/cr: 0.987916252 0.006041874 0.006041874
JJ:/rrc/rr: 0.000000000 0.999922858 0.000077142
JK:/cc/: 0.070109092 0.929890908 0.000000000
JK:/cc/cr: 0.003031732 0.000009654 0.996958614
JK:/cc/rr: 0.000000000 0.000192072 0.999807928
JK:/crc/: 0.075661423 0.924338577 0.000000000
JK:/crc/cr: 0.169448897 0.000070790 0.830480313
JK:/crc/rr: 0.000000000 0.001297244 0.998702756
JK:/crrc/: 0.998145085 0.001854915 0.000000000
JK:/crrc/cr: 0.103728341 0.103728341 0.792543318
JK:/crrc/rr: 0.000000000 0.000289147 0.999710853
JK:/rc/: 0.978987286 0.021012714 0.000000000
JK:/rc/cr: 0.598634216 0.004852163 0.396513621
JK:/rc/rr: 0.000000000 0.000156218 0.999843782
JK:/rrc/: 0.442553088 0.557446912 0.000000000
JK:/rrc/cr: 0.416447444 0.000091478 0.583461078
JK:/rrc/rr: 0.000000000 0.000172841 0.999827159
JQ:/cc/: 0.226695116 0.773304884 0.000000000
JQ:/cc/cr: 0.000048924 0.000011609 0.999939467
JQ:/cc/rr: 0.000000000 0.000059401 0.999940599
JQ:/crc/: 0.942792223 0.057207777 0.000000000
JQ:/crc/cr: 0.034648082 0.001143799 0.964208119
JQ:/crc/rr: 0.000000000 0.000104107 0.999895893
JQ:/crrc/: 0.068176056 0.931823944 0.000000000
JQ:/crrc/cr: 0.197779276 0.000206485 0.802014239
JQ:/crrc/rr: 0.000000000 0.004233318 0.995766682
JQ:/rc/: 0.964910752 0.035089248 0.000000000
JQ:/rc/cr: 0.002905651 0.002905651 0.994188697
JQ:/rc/rr: 0.000000000 0.000158497 0.999841503
JQ:/rrc/: 0.124101883 0.875898117 0.000000000
JQ:/rrc/cr: 0.020055594 0.000058219 0.979886187
JQ:/rrc/rr: 0.000000000 0.000616358 0.999383642
K:/: 0.748579083 0.251420917 0.000000000
K:/cr: 0.630514754 0.369419613 0.000065634
K:/rr: 0.000000000 0.999966934 0.000033066
KJ:/cc/: 0.000282620 0.999717380 0.000000000
KJ:/cc/cr: 0.000237956 0.000040744 0.999721300
KJ:/cc/rr: 0.000000000 0.825825362 0.174174638
KJ:/crc/: 0.002137794 0.997862206 0.000000000
KJ:/crc/cr: 0.000855266 0.999115060 0.000029675
KJ:/crc/rr: 0.000000000 0.979223131 0.020776869
KJ:/crrc/: 0.102879042 0.897120958 0.000000000
KJ:/crrc/cr: 0.000020486 0.999682477 0.000297037
KJ:/crrc/rr: 0.000000000 0.621232178 0.378767822
KJ:/rc/: 0.066218619 0.933781381 0.000000000
KJ:/rc/cr: 0.019986925 0.904131848 0.075881228
KJ:/rc/rr: 0.000000000 0.348904461 0.651095539
KJ:/rrc/: 0.094617617 0.905382383 0.000000000
KJ:/rrc/cr: 0.003319975 0.995253107 0.001426918
KJ:/rrc/rr: 0.000000000 0.636939154 0.363060846
KK:/cc/: 0.928547212 0.071452788 0.000000000
KK:/cc/cr: 0.999081442 0.000459279 0.000459279
KK:/cc/rr: 0.000000000 0.999946987 0.000053013
KK:/crc/: 0.205351056 0.794648944 0.000000000
KK:/crc/cr: 0.999925474 0.000037263 0.000037263
KK:/crc/rr: 0.000000000 0.999783704 0.000216296
KK:/crrc/: 0.982134430 0.017865570 0.000000000
KK:/crrc/cr: 0.578492017 0.420536886 0.000971097
KK:/crrc/rr: 0.000000000 0.999973503 0.000026497
KK:/rc/: 0.885484457 0.114515543 0.000000000
KK:/rc/cr: 0.999751239 0.000152512 0.000096249
KK:/rc/rr: 0.000000000 0.999981329 0.000018671
KK:/rrc/: 0.486263702 0.513736298 0.000000000
KK:/rrc/cr: 0.751736070 0.248253202 0.000010728
KK:/rrc/rr: 0.000000000 0.999982999 0.000017001
KQ:/cc/: 0.000484461 0.999515539 0.000000000
KQ:/cc/cr: 0.000301705 0.428795724 0.570902572
KQ:/cc/rr: 0.000000000 0.898391893 0.101608107
KQ:/crc/: 0.880324246 0.119675754 0.000000000
KQ:/crc/cr: 0.002188816 0.569216193 0.428594991
KQ:/crc/rr: 0.000000000 0.000050455 0.999949545
KQ:/crrc/: 0.046591066 0.953408934 0.000000000
KQ:/crrc/cr: 0.017873186 0.676000787 0.306126027
KQ:/crrc/rr: 0.000000000 0.208040397 0.791959603
KQ:/rc/: 0.000151932 0.999848068 0.000000000
KQ:/rc/cr: 0.000251738 0.507500333 0.492247929
KQ:/rc/rr: 0.000000000 0.891181869 0.108818131
KQ:/rrc/: 0.632678913 0.367321087 0.000000000
KQ:/rrc/cr: 0.065121933 0.743574331 0.191303737
KQ:/rrc/rr: 0.000000000 0.379174034 0.620825966
Q:/: 0.692678694 0.307321306 0.000000000
Q:/cr: 0.145735820 0.848694474 0.005569706
Q:/rr: 0.000000000 0.999964266 0.000035734
QJ:/cc/: 0.000080543 0.999919457 0.000000000
QJ:/cc/cr: 0.000113837 0.000026850 0.999859313
QJ:/cc/rr: 0.000000000 0.500000000 0.500000000
QJ:/crc/: 0.026451327 0.973548673 0.000000000
QJ:/crc/cr: 0.004618755 0.000010831 0.995370414
QJ:/crc/rr: 0.000000000 0.000597965 0.999402035
QJ:/crrc/: 0.002539256 0.997460744 0.000000000
QJ:/crrc/cr: 0.000542913 0.000061563 0.999395524
QJ:/crrc/rr: 0.000000000 0.036274544 0.963725456
QJ:/rc/: 0.010264005 0.989735995 0.000000000
QJ:/rc/cr: 0.000555790 0.000012035 0.999432175
QJ:/rc/rr: 0.000000000 0.001740764 0.998259236
QJ:/rrc/: 0.000054892 0.999945108 0.000000000
QJ:/rrc/cr: 0.000022485 0.000005956 0.999971559
QJ:/rrc/rr: 0.000000000 0.162754349 0.837245651
QK:/cc/: 0.653436869 0.346563131 0.000000000
QK:/cc/cr: 0.028057443 0.951434860 0.020507697
QK:/cc/rr: 0.000000000 0.282904440 0.717095560
QK:/crc/: 0.002705809 0.997294191 0.000000000
QK:/crc/cr: 0.000010573 0.534857094 0.465132332
QK:/crc/rr: 0.000000000 0.005845562 0.994154438
QK:/crrc/: 0.811134363 0.188865637 0.000000000
QK:/crrc/cr: 0.000430211 0.757672214 0.241897575
QK:/crrc/rr: 0.000000000 0.005145466 0.994854534
QK:/rc/: 0.485145682 0.514854318 0.000000000
QK:/rc/cr: 0.041071715 0.521151108 0.437777177
QK:/rc/rr: 0.000000000 0.192585835 0.807414165
QK:/rrc/: 0.121550210 0.878449790 0.000000000
QK:/rrc/cr: 0.000006780 0.323082848 0.676910372
QK:/rrc/rr: 0.000000000 0.004183511 0.995816489
QQ:/cc/: 0.514691202 0.485308798 0.000000000
QQ:/cc/cr: 0.605285854 0.394658825 0.000055321
QQ:/cc/rr: 0.000000000 0.999921756 0.000078244
QQ:/crc/: 0.985073684 0.014926316 0.000000000
QQ:/crc/cr: 0.674844489 0.324449064 0.000706447
QQ:/crc/rr: 0.000000000 0.999983943 0.000016057
QQ:/crrc/: 0.330405124 0.669594876 0.000000000
QQ:/crrc/cr: 0.999816585 0.000091708 0.000091708
QQ:/crrc/rr: 0.000000000 0.999721220 0.000278780
QQ:/rc/: 0.570404914 0.429595086 0.000000000
QQ:/rc/cr: 0.073229723 0.926742549 0.000027727
QQ:/rc/rr: 0.000000000 0.999968676 0.000031324
QQ:/rrc/: 0.949891967 0.050108033 0.000000000
QQ:/rrc/cr: 0.999762276 0.000118862 0.000118862
QQ:/rrc/rr: 0.000000000 0.999990595 0.000009405
