J:/: 0.086713322 0.913286678 0.000000000
J:/cr: 0.017525689 0.035462972 0.947011339
J:/rr: 0.000000000 0.999714548 0.000285452
JJ:/cc/: 0.001342899 0.998657101 0.000000000
JJ:/cc/cr: 0.999981907 0.000009046 0.000009046
JJ:/cc/rr: 0.000000000 0.989908911 0.010091089
JJ:/crc/: 0.845246943 0.154753057 0.000000000
JJ:/crc/cr: 0.998902550 0.000548725 0.000548725
JJ:/crc/rr: 0.000000000 0.999849304 0.000150696
JJ:/crrc/: 0.929334727 0.070665273 0.000000000
JJ:/crrc/cr: 0.995136848 0.002431576 0.002431576
JJ:/crrc/rr: 0.000000000 0.999722660 0.000277340
JJ:/rc/: 0.729368592 0.270631408 0.000000000
JJ:/rc/cr: 0.999296825 0.000351587 0.000351587
JJ:/rc/rr: 0.000000000 0.999804316 0.000195684
JJ:/rrc/: 0.995649362 0.004350638 0.000000000
JJ:/rrc/cr: 0.978123259 0.010938371 0.010938371
JJ:/rrc/rr: 0.000000000 0.999928305 0.000071695
JK:/cc/: 0.080396517 0.919603483 0.000000000
JK:/cc/cr: 0.000401619 0.000009824 0.999588557
JK:/cc/rr: 0.000000000 0.000168556 0.999831444
JK:/crc/: 0.116952640 0.883047360 0.000000000
JK:/crc/cr: 0.064612391 0.000096163 0.935291445
JK:/crc/rr: 0.000000000 0.001089118 0.998910882
JK:/crrc/: 0.998362739 0.001637261 0.000000000
JK:/crrc/cr: 0.104948460 0.104948460 0.790103081
JK:/crrc/rr: 0.000000000 0.000258165 0.999741835
JK:/rc/: 0.978259014 0.021740986 0.000000000
JK:/rc/cr: 0.669424354 0.004376554 0.326199092
JK:/rc/rr: 0.000000000 0.000145898 0.999854102
JK:/rrc/: 0.439164859 0.560835141 0.000000000
JK:/rrc/cr: 0.567644582 0.000084854 0.432270565
JK:/rrc/rr: 0.000000000 0.000162543 0.999837457
JQ:/cc/: 0.197923825 0.802076175 0.000000000
JQ:/cc/cr: 0.000047332 0.000011264 0.999941405
JQ:/cc/rr: 0.000000000 0.000068467 0.999931533
JQ:/crc/: 0.955629616 0.044370384 0.000000000
JQ:/crc/cr: 0.063817274 0.001913818 0.934268908
JQ:/crc/rr: 0.000000000 0.000133289 0.999866711
JQ:/crrc/: 0.014058144 0.985941856 0.000000000
JQ:/crrc/cr: 0.134551997 0.000174278 0.865273725
JQ:/crrc/rr: 0.000000000 0.018333997 0.981666003
JQ:/rc/: 0.960613149 0.039386851 0.000000000
JQ:/rc/cr: 0.002415796 0.002415796 0.995168408
JQ:/rc/rr: 0.000000000 0.000148578 0.999851422
JQ:/rrc/: 0.098263778 0.901736222 0.000000000
JQ:/rrc/cr: 0.010839100 0.000052775 0.989108125
JQ:/rrc/rr: 0.000000000 0.000726446 0.999273554
K:/: 0.761594076 0.238405924 0.000000000
K:/cr: 0.670473550 0.329457233 0.000069217
K:/rr: 0.000000000 0.999967499 0.000032501
KJ:/cc/: 0.000297025 0.999702975 0.000000000
KJ:/cc/cr: 0.000251679 0.000043218 0.999705103
KJ:/cc/rr: 0.000000000 0.825225136 0.174774864
KJ:/crc/: 0.002226361 0.997773639 0.000000000
KJ:/crc/cr: 0.000863504 0.999101403 0.000035094
KJ:/crc/rr: 0.000000000 0.976408490 0.023591510
KJ:/crrc/: 0.095540838 0.904459162 0.000000000
KJ:/crrc/cr: 0.015799898 0.965412231 0.018787872
KJ:/crrc/rr: 0.000000000 0.793928411 0.206071589
KJ:/rc/: 0.082374899 0.917625101 0.000000000
KJ:/rc/cr: 0.028000828 0.878724082 0.093275090
KJ:/rc/rr: 0.000000000 0.470932448 0.529067552
KJ:/rrc/: 0.097118022 0.902881978 0.000000000
KJ:/rrc/cr: 0.003263724 0.995827451 0.000908824
KJ:/rrc/rr: 0.000000000 0.563083713 0.436916287
KK:/cc/: 0.995794241 0.004205759 0.000000000
KK:/cc/cr: 0.983542421 0.008228789 0.008228789
KK:/cc/rr: 0.000000000 0.999947868 0.000052132
KK:/crc/: 0.256495702 0.743504298 0.000000000
KK:/crc/cr: 0.999905810 0.000047095 0.000047095
KK:/crc/rr: 0.000000000 0.999795228 0.000204772
KK:/crrc/: 0.973024032 0.026975968 0.000000000
KK:/crrc/cr: 0.998724353 0.000637823 0.000637823
KK:/crrc/rr: 0.000000000 0.999973476 0.000026524
KK:/rc/: 0.881247357 0.118752643 0.000000000
KK:/rc/cr: 0.667710719 0.332198052 0.000091229
KK:/rc/rr: 0.000000000 0.999981560 0.000018440
KK:/rrc/: 0.539963946 0.460036054 0.000000000
KK:/rrc/cr: 0.999976450 0.000011775 0.000011775
KK:/rrc/rr: 0.000000000 0.999984952 0.000015048
KQ:/cc/: 0.002830923 0.997169077 0.000000000
KQ:/cc/cr: 0.000319579 0.411353941 0.588326480
KQ:/cc/rr: 0.000000000 0.981662354 0.018337646
KQ:/crc/: 0.830148625 0.169851375 0.000000000
KQ:/crc/cr: 0.001787242 0.512879534 0.485333225
KQ:/crc/rr: 0.000000000 0.000063270 0.999936730
KQ:/crrc/: 0.076451650 0.923548350 0.000000000
KQ:/crrc/cr: 0.025296014 0.670212930 0.304491056
KQ:/crrc/rr: 0.000000000 0.485418677 0.514581323
KQ:/rc/: 0.002922318 0.997077682 0.000000000
KQ:/rc/cr: 0.000230000 0.496395555 0.503374446
KQ:/rc/rr: 0.000000000 0.056783647 0.943216353
KQ:/rrc/: 0.676740509 0.323259491 0.000000000
KQ:/rrc/cr: 0.040298861 0.783306415 0.176394723
KQ:/rrc/rr: 0.000000000 0.394508436 0.605491564
Q:/: 0.734319115 0.265680885 0.000000000
Q:/cr: 0.188951694 0.803891409 0.007156897
Q:/rr: 0.000000000 0.999966292 0.000033708
QJ:/cc/: 0.000093166 0.999906834 0.000000000
QJ:/cc/cr: 0.000130064 0.000031058 0.999838878
QJ:/cc/rr: 0.000000000 0.500000000 0.500000000
QJ:/crc/: 0.028240978 0.971759022 0.000000000
QJ:/crc/cr: 0.002900871 0.000013251 0.997085878
QJ:/crc/rr: 0.000000000 0.000683959 0.999316041
QJ:/crrc/: 0.002263384 0.997736616 0.000000000
QJ:/crrc/cr: 0.000459475 0.000054910 0.999485615
QJ:/crrc/rr: 0.000000000 0.036307649 0.963692351
QJ:/rc/: 0.005068361 0.994931639 0.000000000
QJ:/rc/cr: 0.000014054 0.000011293 0.999974652
QJ:/rc/rr: 0.000000000 0.003325342 0.996674658
QJ:/rrc/: 0.000071844 0.999928156 0.000000000
QJ:/rrc/cr: 0.000026005 0.000005619 0.999968376
QJ:/rrc/rr: 0.000000000 0.117300096 0.882699904
QK:/cc/: 0.253733691 0.746266309 0.000000000
QK:/cc/cr: 0.180858037 0.819075606 0.000066357
QK:/cc/rr: 0.000000000 0.999816410 0.000183590
QK:/crc/: 0.002267029 0.997732971 0.000000000
QK:/crc/cr: 0.000012906 0.557971820 0.442015273
QK:/crc/rr: 0.000000000 0.008520255 0.991479745
QK:/crrc/: 0.714946327 0.285053673 0.000000000
QK:/crrc/cr: 0.000264810 0.706743084 0.292992106
QK:/crrc/rr: 0.000000000 0.004938548 0.995061452
QK:/rc/: 0.444687664 0.555312336 0.000000000
QK:/rc/cr: 0.057387547 0.515805967 0.426806486
QK:/rc/rr: 0.000000000 0.178675673 0.821324327
QK:/rrc/: 0.133287109 0.866712891 0.000000000
QK:/rrc/cr: 0.000006482 0.314179633 0.685813885
QK:/rrc/rr: 0.000000000 0.003592760 0.996407240
QQ:/cc/: 0.521218885 0.478781115 0.000000000
QQ:/cc/cr: 0.999870273 0.000064863 0.000064863
QQ:/cc/rr: 0.000000000 0.999910627 0.000089373
QQ:/crc/: 0.956555839 0.043444161 0.000000000
QQ:/crc/cr: 0.999407188 0.000296406 0.000296406
QQ:/crc/rr: 0.000000000 0.999979807 0.000020193
QQ:/crrc/: 0.335042379 0.664957621 0.000000000
QQ:/crrc/cr: 0.999835221 0.000082389 0.000082389
QQ:/crrc/rr: 0.000000000 0.999754723 0.000245277
QQ:/rc/: 0.557259679 0.442740321 0.000000000
QQ:/rc/cr: 0.999949243 0.000025378 0.000025378
QQ:/rc/rr: 0.000000000 0.999969756 0.000030244
QQ:/rrc/: 0.960867105 0.039132895 0.000000000
QQ:/rrc/cr: 0.999712866 0.000143567 0.000143567
QQ:/rrc/rr: 0.000000000 0.999991229 0.000008771
