J:/: 0.081083946 0.918916054 0.000000000
J:/cr: 0.017245647 0.041076619 0.941677734
J:/rr: 0.000000000 0.999694730 0.000305270
JJ:/cc/: 0.610744513 0.389255487 0.000000000
JJ:/cc/cr: 0.999953866 0.000023067 0.000023067
JJ:/cc/rr: 0.000000000 0.999977948 0.000022052
JJ:/crc/: 0.937739938 0.062260062 0.000000000
JJ:/crc/cr: 0.997659406 0.001170297 0.001170297
JJ:/crc/rr: 0.000000000 0.999883449 0.000116551
JJ:/crrc/: 0.916628552 0.083371448 0.000000000
JJ:/crrc/cr: 0.995836741 0.002081630 0.002081630
JJ:/crrc/rr: 0.000000000 0.999716000 0.000284000
JJ:/rc/: 0.716136520 0.283863480 0.000000000
JJ:/rc/cr: 0.999283060 0.000358470 0.000358470
JJ:/rc/rr: 0.000000000 0.999786863 0.000213137
JJ:/rrc/: 0.981068531 0.018931469 0.000000000
JJ:/rrc/cr: 0.994623362 0.002688319 0.002688319
JJ:/rrc/rr: 0.000000000 0.999922186 0.000077814
JK:/cc/: 0.081394038 0.918605962 0.000000000
JK:/cc/cr: 0.000400705 0.000009774 0.999589520
JK:/cc/rr: 0.000000000 0.000165470 0.999834530
JK:/crc/: 0.052705223 0.947294777 0.000000000
JK:/crc/cr: 0.058703908 0.000076917 0.941219176
JK:/crc/rr: 0.000000000 0.002073687 0.997926313
JK:/crrc/: 0.998318016 0.001681984 0.000000000
JK:/crrc/cr: 0.103180780 0.103180780 0.793638439
JK:/crrc/rr: 0.000000000 0.000260761 0.999739239
JK:/rc/: 0.951811408 0.048188592 0.000000000
JK:/rc/cr: 0.853201185 0.002111632 0.144687183
JK:/rc/rr: 0.000000000 0.000160363 0.999839637
JK:/rrc/: 0.490787121 0.509212879 0.000000000
JK:/rrc/cr: 0.576051423 0.000099946 0.423848631
JK:/rrc/rr: 0.000000000 0.000155548 0.999844452
JQ:/cc/: 0.208362712 0.791637288 0.000000000
JQ:/cc/cr: 0.000048708 0.000011342 0.999939949
JQ:/cc/rr: 0.000000000 0.000064639 0.999935361
JQ:/crc/: 0.926558230 0.073441770 0.000000000
JQ:/crc/cr: 0.136993224 0.000992116 0.862014660
JQ:/crc/rr: 0.000000000 0.000117957 0.999882043
JQ:/crrc/: 0.114171401 0.885828599 0.000000000
JQ:/crrc/cr: 0.085277934 0.000195917 0.914526150
JQ:/crrc/rr: 0.000000000 0.002280104 0.997719896
JQ:/rc/: 0.974930818 0.025069182 0.000000000
JQ:/rc/cr: 0.004059031 0.004059031 0.991881938
JQ:/rc/rr: 0.000000000 0.000156560 0.999843440
JQ:/rrc/: 0.103854522 0.896145478 0.000000000
JQ:/rrc/cr: 0.000056792 0.000056792 0.999886416
JQ:/rrc/rr: 0.000000000 0.000735074 0.999264926
K:/: 0.751451377 0.248548623 0.000000000
K:/cr: 0.661328352 0.338605256 0.000066392
K:/rr: 0.000000000 0.999967060 0.000032940
KJ:/cc/: 0.000285075 0.999714925 0.000000000
KJ:/cc/cr: 0.000240937 0.000041123 0.999717940
KJ:/cc/rr: 0.000000000 0.825330169 0.174669831
KJ:/crc/: 0.002421597 0.997578403 0.000000000
KJ:/crc/cr: 0.002386161 0.997581080 0.000032759
KJ:/crc/rr: 0.000000000 0.979757676 0.020242324
KJ:/crrc/: 0.071308893 0.928691107 0.000000000
KJ:/crrc/cr: 0.014140725 0.973139015 0.012720260
KJ:/crrc/rr: 0.000000000 0.649788225 0.350211775
KJ:/rc/: 0.046542823 0.953457177 0.000000000
KJ:/rc/cr: 0.016846226 0.912626424 0.070527350
KJ:/rc/rr: 0.000000000 0.292505762 0.707494238
KJ:/rrc/: 0.096130068 0.903869932 0.000000000
KJ:/rrc/cr: 0.004724427 0.994675395 0.000600179
KJ:/rrc/rr: 0.000000000 0.738975507 0.261024493
KK:/cc/: 0.990458727 0.009541273 0.000000000
KK:/cc/cr: 0.993041595 0.003479203 0.003479203
KK:/cc/rr: 0.000000000 0.999949726 0.000050274
KK:/crc/: 0.167689616 0.832310384 0.000000000
KK:/crc/cr: 0.999921474 0.000039263 0.000039263
KK:/crc/rr: 0.000000000 0.999707682 0.000292318
KK:/crrc/: 0.971110274 0.028889726 0.000000000
KK:/crrc/cr: 0.998841665 0.000579168 0.000579168
KK:/crrc/rr: 0.000000000 0.999974155 0.000025845
KK:/rc/: 0.864865227 0.135134773 0.000000000
KK:/rc/cr: 0.999797755 0.000120994 0.000081251
KK:/rc/rr: 0.000000000 0.999980957 0.000019043
KK:/rrc/: 0.489052079 0.510947921 0.000000000
KK:/rrc/cr: 0.999978510 0.000010745 0.000010745
KK:/rrc/rr: 0.000000000 0.999983161 0.000016839
KQ:/cc/: 0.001245029 0.998754971 0.000000000
KQ:/cc/cr: 0.000423899 0.383967157 0.615608944
KQ:/cc/rr: 0.000000000 0.960005720 0.039994280
KQ:/crc/: 0.849124543 0.150875457 0.000000000
KQ:/crc/cr: 0.001970822 0.322217003 0.675812175
KQ:/crc/rr: 0.000000000 0.000057729 0.999942271
KQ:/crrc/: 0.030204659 0.969795341 0.000000000
KQ:/crrc/cr: 0.038367277 0.701786373 0.259846350
KQ:/crrc/rr: 0.000000000 0.115309608 0.884690392
KQ:/rc/: 0.000154950 0.999845050 0.000000000
KQ:/rc/cr: 0.000241357 0.501770054 0.497988589
KQ:/rc/rr: 0.000000000 0.893708886 0.106291114
KQ:/rrc/: 0.658471272 0.341528728 0.000000000
KQ:/rrc/cr: 0.049769201 0.731217181 0.219013618
KQ:/rrc/rr: 0.000000000 0.406836985 0.593163015
Q:/: 0.716017313 0.283982687 0.000000000
Q:/cr: 0.153532547 0.843269058 0.003198395
Q:/rr: 0.000000000 0.999965430 0.000034570
QJ:/cc/: 0.000087162 0.999912838 0.000000000
QJ:/cc/cr: 0.000120318 0.000029057 0.999850625
QJ:/cc/rr: 0.000000000 0.500000000 0.500000000
QJ:/crc/: 0.032099577 0.967900423 0.000000000
QJ:/crc/cr: 0.005310031 0.000011866 0.994678103
QJ:/crc/rr: 0.000000000 0.000536673 0.999463327
QJ:/crrc/: 0.002595260 0.997404740 0.000000000
QJ:/crrc/cr: 0.000063243 0.000063243 0.999873514
QJ:/crrc/rr: 0.000000000 0.036458114 0.963541886
QJ:/rc/: 0.009696190 0.990303810 0.000000000
QJ:/rc/cr: 0.000309272 0.000011636 0.999679092
QJ:/rc/rr: 0.000000000 0.001782641 0.998217359
QJ:/rrc/: 0.000017285 0.999982715 0.000000000
QJ:/rrc/cr: 0.000026299 0.000005762 0.999967939
QJ:/rrc/rr: 0.000000000 0.500000000 0.500000000
QK:/cc/: 0.519453489 0.480546511 0.000000000
QK:/cc/cr: 0.015218967 0.984705418 0.000075616
QK:/cc/rr: 0.000000000 0.348147391 0.651852609
QK:/crc/: 0.009939108 0.990060892 0.000000000
QK:/crc/cr: 0.000011600 0.550616665 0.449371735
QK:/crc/rr: 0.000000000 0.001733253 0.998266747
QK:/crrc/: 0.800290904 0.199709096 0.000000000
QK:/crrc/cr: 0.000418071 0.722193328 0.277388601
QK:/crrc/rr: 0.000000000 0.003070883 0.996929117
QK:/rc/: 0.475201069 0.524798931 0.000000000
QK:/rc/cr: 0.025422927 0.516257233 0.458319840
QK:/rc/rr: 0.000000000 0.191994036 0.808005964
QK:/rrc/: 0.101435185 0.898564815 0.000000000
QK:/rrc/cr: 0.000006412 0.323155703 0.676837885
QK:/rrc/rr: 0.000000000 0.004867287 0.995132713
QQ:/cc/: 0.504227398 0.495772602 0.000000000
QQ:/cc/cr: 0.999882793 0.000058603 0.000058603
QQ:/cc/rr: 0.000000000 0.999913569 0.000086431
QQ:/crc/: 0.936394240 0.063605760 0.000000000
QQ:/crc/cr: 0.999638880 0.000180560 0.000180560
QQ:/crc/rr: 0.000000000 0.999981603 0.000018397
QQ:/crrc/: 0.383526708 0.616473292 0.000000000
QQ:/crrc/cr: 0.999794812 0.000102866 0.000102322
QQ:/crrc/rr: 0.000000000 0.999753294 0.000246706
QQ:/rc/: 0.545551912 0.454448088 0.000000000
QQ:/rc/cr: 0.999949287 0.000025357 0.000025357
QQ:/rc/rr: 0.000000000 0.999968317 0.000031683
QQ:/rrc/: 0.939126832 0.060873168 0.000000000
QQ:/rrc/cr: 0.999810695 0.000094653 0.000094653
QQ:/rrc/rr: 0.000000000 0.999990797 0.000009203
