J:/c: 0.272255314 0.727744686 0.000000000
J:/crr: 0.000000000 0.999909084 0.000090916
J:/r: 0.073890168 0.076822355 0.849287476
JJ:/cc/c: 0.031368552 0.968631448 0.000000000
JJ:/cc/crr: 0.000000000 0.999457855 0.000542145
JJ:/cc/r: 0.999911502 0.000065823 0.000022675
JJ:/crc/c: 0.999909084 0.000090916 0.000000000
JJ:/crc/crr: 0.000000000 0.999954538 0.000045462
JJ:/crc/r: 0.999629190 0.000310199 0.000060611
JJ:/crrc/c: 0.999954538 0.000045462 0.000000000
JJ:/crrc/crr: 0.000000000 0.999977268 0.000022732
JJ:/crrc/r: 0.999939384 0.000030308 0.000030308
JJ:/rc/c: 0.999785197 0.000214803 0.000000000
JJ:/rc/crr: 0.000000000 0.999892576 0.000107424
JJ:/rc/r: 0.999511557 0.000345241 0.000143202
JJ:/rrc/c: 0.999776673 0.000223327 0.000000000
JJ:/rrc/crr: 0.000000000 0.999888312 0.000111688
JJ:/rrc/r: 0.998968800 0.000882316 0.000148884
JK:/cc/c: 0.011359148 0.988640852 0.000000000
JK:/cc/crr: 0.000000000 0.001497145 0.998502855
JK:/cc/r: 0.000063673 0.000022675 0.999913651
JK:/crc/c: 0.578459809 0.421540191 0.000000000
JK:/crc/crr: 0.000000000 0.000078585 0.999921415
JK:/crc/r: 0.117386585 0.000060611 0.882552804
JK:/crrc/c: 0.563049115 0.436950885 0.000000000
JK:/crrc/crr: 0.000000000 0.000040372 0.999959628
JK:/crrc/r: 0.198606485 0.000030308 0.801363207
JK:/rc/c: 0.364343456 0.635656544 0.000000000
JK:/rc/crr: 0.000000000 0.000294781 0.999705219
JK:/rc/r: 0.339084288 0.000143202 0.660772510
JK:/rrc/c: 0.996903681 0.003096319 0.000000000
JK:/rrc/crr: 0.000000000 0.000112010 0.999887990
JK:/rrc/r: 0.295401648 0.000327541 0.704270811
JQ:/cc/c: 0.064920086 0.935079914 0.000000000
JQ:/cc/crr: 0.000000000 0.000261957 0.999738043
JQ:/cc/r: 0.045489531 0.000022675 0.954487794
JQ:/crc/c: 0.347423387 0.652576613 0.000000000
JQ:/crc/crr: 0.000000000 0.000130844 0.999869156
JQ:/crc/r: 0.044388812 0.000060611 0.955550577
JQ:/crrc/c: 0.095660559 0.904339441 0.000000000
JQ:/crrc/crr: 0.000000000 0.000237623 0.999762377
JQ:/crrc/r: 0.222745369 0.000030308 0.777224322
JQ:/rc/c: 0.935147362 0.064852638 0.000000000
JQ:/rc/crr: 0.000000000 0.000114850 0.999885150
JQ:/rc/r: 0.000143202 0.000143202 0.999713596
JQ:/rrc/c: 0.022429028 0.977570972 0.000000000
JQ:/rrc/crr: 0.000000000 0.004978520 0.995021480
JQ:/rrc/r: 0.377390147 0.000323087 0.622286766
K:/c: 0.999847797 0.000152203 0.000000000
K:/crr: 0.000000000 0.999975244 0.000024756
K:/r: 0.763953153 0.236013843 0.000033003
KJ:/cc/c: 0.511454140 0.488545860 0.000000000
KJ:/cc/crr: 0.000000000 0.841014507 0.158985493
KJ:/cc/r: 0.558786169 0.218739460 0.222474371
KJ:/crc/c: 0.094759599 0.905240401 0.000000000
KJ:/crc/crr: 0.000000000 0.999869373 0.000130627
KJ:/crc/r: 0.000395431 0.748046651 0.251557918
KJ:/crrc/c: 0.395986330 0.604013670 0.000000000
KJ:/crrc/crr: 0.000000000 0.967024635 0.032975365
KJ:/crrc/r: 0.030228463 0.937176909 0.032594628
KJ:/rc/c: 0.477441373 0.522558627 0.000000000
KJ:/rc/crr: 0.000000000 0.745862477 0.254137523
KJ:/rc/r: 0.162966970 0.636709977 0.200323052
KJ:/rrc/c: 0.475841140 0.524158860 0.000000000
KJ:/rrc/crr: 0.000000000 0.987333006 0.012666994
KJ:/rrc/r: 0.031960915 0.906454172 0.061584913
KK:/cc/c: 0.837372423 0.162627577 0.000000000
KK:/cc/crr: 0.000000000 0.902894117 0.097105883
KK:/cc/r: 0.582915147 0.308666468 0.108418384
KK:/crc/c: 0.999587314 0.000412686 0.000000000
KK:/crc/crr: 0.000000000 0.999987617 0.000012383
KK:/crc/r: 0.356899896 0.643083600 0.000016504
KK:/crrc/c: 0.999987622 0.000012378 0.000000000
KK:/crrc/crr: 0.000000000 0.999993811 0.000006189
KK:/crrc/r: 0.724121824 0.275869923 0.000008252
KK:/rc/c: 0.999930082 0.000069918 0.000000000
KK:/rc/crr: 0.000000000 0.999965038 0.000034962
KK:/rc/r: 0.999829911 0.000123477 0.000046612
KK:/rrc/c: 0.999978400 0.000021600 0.000000000
KK:/rrc/crr: 0.000000000 0.999989200 0.000010800
KK:/rrc/r: 0.688397276 0.311588323 0.000014400
KQ:/cc/c: 0.837372423 0.162627577 0.000000000
KQ:/cc/crr: 0.000000000 0.902894117 0.097105883
KQ:/cc/r: 0.564088906 0.225872069 0.210039025
KQ:/crc/c: 0.291976974 0.708023026 0.000000000
KQ:/crc/crr: 0.000000000 0.011654568 0.988345432
KQ:/crc/r: 0.000598841 0.442102462 0.557298697
KQ:/crrc/c: 0.525766594 0.474233406 0.000000000
KQ:/crrc/crr: 0.000000000 0.483051901 0.516948099
KQ:/crrc/r: 0.081906035 0.573111339 0.344982626
KQ:/rc/c: 0.006733566 0.993266434 0.000000000
KQ:/rc/crr: 0.000000000 0.044104791 0.955895209
KQ:/rc/r: 0.000253035 0.315921948 0.683825017
KQ:/rrc/c: 0.476906988 0.523093012 0.000000000
KQ:/rrc/crr: 0.000000000 0.513609004 0.486390996
KQ:/rrc/r: 0.095414197 0.526380220 0.378205583
Q:/c: 0.856394289 0.143605711 0.000000000
Q:/crr: 0.000000000 0.999971097 0.000028903
Q:/r: 0.469354999 0.354338930 0.176306071
QJ:/cc/c: 0.002019253 0.997980747 0.000000000
QJ:/cc/crr: 0.000000000 0.042680181 0.957319819
QJ:/cc/r: 0.000295048 0.000114909 0.999590042
QJ:/crc/c: 0.438120066 0.561879934 0.000000000
QJ:/crc/crr: 0.000000000 0.134291371 0.865708629
QJ:/crc/r: 0.000748396 0.000019269 0.999232335
QJ:/crrc/c: 0.000255358 0.999744642 0.000000000
QJ:/crrc/crr: 0.000000000 0.028297514 0.971702486
QJ:/crrc/r: 0.024833405 0.000009635 0.975156961
QJ:/rc/c: 0.001136333 0.998863667 0.000000000
QJ:/rc/crr: 0.000000000 0.020491463 0.979508537
QJ:/rc/r: 0.009905789 0.000031047 0.990063164
QJ:/rrc/c: 0.000871973 0.999128027 0.000000000
QJ:/rrc/crr: 0.000000000 0.360293649 0.639706351
QJ:/rrc/r: 0.000354972 0.000053833 0.999591195
QK:/cc/c: 0.360032945 0.639967055 0.000000000
QK:/cc/crr: 0.000000000 0.999760627 0.000239373
QK:/cc/r: 0.001422400 0.775642142 0.222935458
QK:/crc/c: 0.318816608 0.681183392 0.000000000
QK:/crc/crr: 0.000000000 0.026344782 0.973655218
QK:/crc/r: 0.008444163 0.430936340 0.560619497
QK:/crrc/c: 0.131825323 0.868174677 0.000000000
QK:/crrc/crr: 0.000000000 0.006044031 0.993955969
QK:/crrc/r: 0.000109991 0.311618210 0.688271799
QK:/rc/c: 0.361884719 0.638115281 0.000000000
QK:/rc/crr: 0.000000000 0.037333457 0.962666543
QK:/rc/r: 0.000097575 0.317104968 0.682797457
QK:/rrc/c: 0.417010826 0.582989174 0.000000000
QK:/rrc/crr: 0.000000000 0.002500728 0.997499272
QK:/rrc/r: 0.000342246 0.486429049 0.513228705
QQ:/cc/c: 0.999827636 0.000172364 0.000000000
QQ:/cc/crr: 0.000000000 0.999913803 0.000086197
QQ:/cc/r: 0.999597571 0.000287519 0.000114909
QQ:/crc/c: 0.999971097 0.000028903 0.000000000
QQ:/crc/crr: 0.000000000 0.999985548 0.000014452
QQ:/crc/r: 0.999398380 0.000582352 0.000019269
QQ:/crrc/c: 0.999507902 0.000492098 0.000000000
QQ:/crrc/crr: 0.000000000 0.999992770 0.000007230
QQ:/crrc/r: 0.999980731 0.000009635 0.000009635
QQ:/rc/c: 0.999953430 0.000046570 0.000000000
QQ:/rc/crr: 0.000000000 0.999976714 0.000023286
QQ:/rc/r: 0.999889208 0.000079746 0.000031047
QQ:/rrc/c: 0.999626068 0.000373932 0.000000000
QQ:/rrc/crr: 0.000000000 0.999982414 0.000017586
QQ:/rrc/r: 0.999828319 0.000148243 0.000023439
