J:/c: 0.284617376 0.715382624 0.000000000
J:/crr: 0.000000000 0.999913032 0.000086968
J:/r: 0.059654622 0.150571280 0.789774098
JJ:/cc/c: 0.999965400 0.000034600 0.000000000
JJ:/cc/crr: 0.000000000 0.999982699 0.000017301
JJ:/cc/r: 0.999912902 0.000064031 0.000023067
JJ:/crc/c: 0.999913032 0.000086968 0.000000000
JJ:/crc/crr: 0.000000000 0.999956512 0.000043488
JJ:/crc/r: 0.330669580 0.669272441 0.000057978
JJ:/crrc/c: 0.999956512 0.000043488 0.000000000
JJ:/crrc/crr: 0.000000000 0.999978255 0.000021745
JJ:/crrc/r: 0.999942017 0.000028992 0.000028992
JJ:/rc/c: 0.999890406 0.000109594 0.000000000
JJ:/rc/crr: 0.000000000 0.999945197 0.000054803
JJ:/rc/r: 0.999754952 0.000171986 0.000073062
JJ:/rrc/c: 0.999723380 0.000276620 0.000000000
JJ:/rrc/crr: 0.000000000 0.999861652 0.000138348
JJ:/rrc/r: 0.998595691 0.001219895 0.000184413
JK:/cc/c: 0.010289348 0.989710652 0.000000000
JK:/cc/crr: 0.000000000 0.001681366 0.998318634
JK:/cc/r: 0.000058971 0.000023067 0.999917963
JK:/crc/c: 0.525367595 0.474632405 0.000000000
JK:/crc/crr: 0.000000000 0.000082768 0.999917232
JK:/crc/r: 0.008858728 0.000057978 0.991083294
JK:/crrc/c: 0.361465868 0.638534132 0.000000000
JK:/crrc/crr: 0.000000000 0.000060154 0.999939846
JK:/crrc/r: 0.151540924 0.000039289 0.848419787
JK:/rc/c: 0.319249628 0.680750372 0.000000000
JK:/rc/crr: 0.000000000 0.000171643 0.999828357
JK:/rc/r: 0.311988595 0.000077469 0.687933936
JK:/rrc/c: 0.997699448 0.002300552 0.000000000
JK:/rrc/crr: 0.000000000 0.000138629 0.999861371
JK:/rrc/r: 0.214550841 0.000402426 0.785046733
JQ:/cc/c: 0.069383901 0.930616099 0.000000000
JQ:/cc/crr: 0.000000000 0.000249340 0.999750660
JQ:/cc/r: 0.032466724 0.000023067 0.967510209
JQ:/crc/c: 0.562721593 0.437278407 0.000000000
JQ:/crc/crr: 0.000000000 0.000077274 0.999922726
JQ:/crc/r: 0.005487205 0.000057978 0.994454817
JQ:/crrc/c: 0.076975523 0.923024477 0.000000000
JQ:/crrc/crr: 0.000000000 0.000282477 0.999717523
JQ:/crrc/r: 0.177209240 0.000028992 0.822761768
JQ:/rc/c: 0.903208432 0.096791568 0.000000000
JQ:/rc/crr: 0.000000000 0.000060669 0.999939331
JQ:/rc/r: 0.000082280 0.000073062 0.999844657
JQ:/rrc/c: 0.007373598 0.992626402 0.000000000
JQ:/rrc/crr: 0.000000000 0.018757452 0.981242548
JQ:/rrc/r: 0.284893146 0.000354663 0.714752191
K:/c: 0.999846468 0.000153532 0.000000000
K:/crr: 0.000000000 0.999975244 0.000024756
K:/r: 0.568748315 0.431218682 0.000033003
KJ:/cc/c: 0.838779870 0.161220130 0.000000000
KJ:/cc/crr: 0.000000000 0.903896042 0.096103958
KJ:/cc/r: 0.557179860 0.222653737 0.220166403
KJ:/crc/c: 0.094988719 0.905011281 0.000000000
KJ:/crc/crr: 0.000000000 0.999869688 0.000130312
KJ:/crc/r: 0.000284848 0.711050788 0.288664364
KJ:/crrc/c: 0.491536657 0.508463343 0.000000000
KJ:/crrc/crr: 0.000000000 0.978397134 0.021602866
KJ:/crrc/r: 0.129146647 0.722703901 0.148149452
KJ:/rc/c: 0.492716751 0.507283249 0.000000000
KJ:/rc/crr: 0.000000000 0.833885790 0.166114210
KJ:/rc/r: 0.117653010 0.682061334 0.200285656
KJ:/rrc/c: 0.075975546 0.924024454 0.000000000
KJ:/rrc/crr: 0.000000000 0.999809057 0.000190943
KJ:/rrc/r: 0.068798549 0.883369397 0.047832054
KK:/cc/c: 0.838779870 0.161220130 0.000000000
KK:/cc/crr: 0.000000000 0.903896042 0.096103958
KK:/cc/r: 0.592405744 0.300114169 0.107480087
KK:/crc/c: 0.999975244 0.000024756 0.000000000
KK:/crc/crr: 0.000000000 0.999987622 0.000012378
KK:/crc/r: 0.980068352 0.019915144 0.000016504
KK:/crrc/c: 0.999987622 0.000012378 0.000000000
KK:/crrc/crr: 0.000000000 0.999993811 0.000006189
KK:/crrc/r: 0.785630583 0.214361164 0.000008252
KK:/rc/c: 0.999961733 0.000038267 0.000000000
KK:/rc/crr: 0.000000000 0.999980866 0.000019134
KK:/rc/r: 0.999909784 0.000064704 0.000025512
KK:/rrc/c: 0.999970986 0.000029014 0.000000000
KK:/rrc/crr: 0.000000000 0.999985493 0.000014507
KK:/rrc/r: 0.999887620 0.000093038 0.000019343
KQ:/cc/c: 0.838779870 0.161220130 0.000000000
KQ:/cc/crr: 0.000000000 0.903896042 0.096103958
KQ:/cc/r: 0.555108076 0.222983917 0.221908006
KQ:/crc/c: 0.181246284 0.818753716 0.000000000
KQ:/crc/crr: 0.000000000 0.023442163 0.976557837
KQ:/crc/r: 0.000681074 0.439804181 0.559514745
KQ:/crrc/c: 0.590941993 0.409058007 0.000000000
KQ:/crrc/crr: 0.000000000 0.390575140 0.609424860
KQ:/crrc/r: 0.000120984 0.737086120 0.262792896
KQ:/rc/c: 0.000200202 0.999799798 0.000000000
KQ:/rc/crr: 0.000000000 0.904427821 0.095572179
KQ:/rc/r: 0.000132150 0.315494502 0.684373348
KQ:/rrc/c: 0.498278509 0.501721491 0.000000000
KQ:/rrc/crr: 0.000000000 0.496179216 0.503820784
KQ:/rrc/r: 0.110038475 0.530956216 0.359005309
Q:/c: 0.839000897 0.160999103 0.000000000
Q:/crr: 0.000000000 0.999970498 0.000029502
Q:/r: 0.319587795 0.678256757 0.002155448
QJ:/cc/c: 0.002529924 0.997470076 0.000000000
QJ:/cc/crr: 0.000000000 0.030384890 0.969615110
QJ:/cc/r: 0.000269188 0.000102495 0.999628317
QJ:/crc/c: 0.307840356 0.692159644 0.000000000
QJ:/crc/crr: 0.000000000 0.025421377 0.974578623
QJ:/crc/r: 0.000511351 0.000019668 0.999468980
QJ:/crrc/c: 0.000273485 0.999726515 0.000000000
QJ:/crrc/crr: 0.000000000 0.026969675 0.973030325
QJ:/crrc/r: 0.004723990 0.000009834 0.995266175
QJ:/rc/c: 0.001269633 0.998730367 0.000000000
QJ:/rc/crr: 0.000000000 0.009581313 0.990418687
QJ:/rc/r: 0.007299189 0.000016220 0.992684591
QJ:/rrc/c: 0.001809508 0.998190492 0.000000000
QJ:/rrc/crr: 0.000000000 0.273733432 0.726266568
QJ:/rrc/r: 0.000524046 0.000067611 0.999408343
QK:/cc/c: 0.237847139 0.762152861 0.000000000
QK:/cc/crr: 0.000000000 0.999676803 0.000323197
QK:/cc/r: 0.001069423 0.709897420 0.289033156
QK:/crc/c: 0.375557040 0.624442960 0.000000000
QK:/crc/crr: 0.000000000 0.032945172 0.967054828
QK:/crc/r: 0.002530159 0.553878311 0.443591531
QK:/crrc/c: 0.067042772 0.932957228 0.000000000
QK:/crrc/crr: 0.000000000 0.022150366 0.977849634
QK:/crrc/r: 0.000009834 0.301223237 0.698766929
QK:/rc/c: 0.367990269 0.632009731 0.000000000
QK:/rc/crr: 0.000000000 0.053145907 0.946854093
QK:/rc/r: 0.000052115 0.342737348 0.657210537
QK:/rrc/c: 0.388206353 0.611793647 0.000000000
QK:/rrc/crr: 0.000000000 0.015525079 0.984474921
QK:/rrc/r: 0.000504063 0.504310533 0.495185404
QQ:/cc/c: 0.999846257 0.000153743 0.000000000
QQ:/cc/crr: 0.000000000 0.999923117 0.000076883
QQ:/cc/r: 0.585827533 0.414069972 0.000102495
QQ:/crc/c: 0.999970498 0.000029502 0.000000000
QQ:/crc/crr: 0.000000000 0.999985248 0.000014752
QQ:/crc/r: 0.026864449 0.973115883 0.000019668
QQ:/crrc/c: 0.999591113 0.000408887 0.000000000
QQ:/crrc/crr: 0.000000000 0.999992621 0.000007379
QQ:/crrc/r: 0.999980331 0.000009834 0.000009834
QQ:/rc/c: 0.999975670 0.000024330 0.000000000
QQ:/rc/crr: 0.000000000 0.999987835 0.000012165
QQ:/rc/r: 0.055227168 0.944756613 0.000016220
QQ:/rrc/c: 0.999948366 0.000051634 0.000000000
QQ:/rrc/crr: 0.000000000 0.999974182 0.000025818
QQ:/rrc/r: 0.999731334 0.000234243 0.000034423
