J:/c: 0.269978801 0.730021199 0.000000000
J:/crr: 0.000000000 0.999908317 0.000091683
J:/r: 0.055533654 0.135667604 0.808798742
JJ:/cc/c: 0.176172745 0.823827255 0.000000000
JJ:/cc/crr: 0.000000000 0.999903769 0.000096231
JJ:/cc/r: 0.999914550 0.000062846 0.000022604
JJ:/crc/c: 0.999908317 0.000091683 0.000000000
JJ:/crc/crr: 0.000000000 0.999954154 0.000045846
JJ:/crc/r: 0.999528455 0.000410423 0.000061122
JJ:/crrc/c: 0.999954154 0.000045846 0.000000000
JJ:/crrc/crr: 0.000000000 0.999977076 0.000022924
JJ:/crrc/r: 0.999938872 0.000030564 0.000030564
JJ:/rc/c: 0.999878367 0.000121633 0.000000000
JJ:/rc/crr: 0.000000000 0.999939176 0.000060824
JJ:/rc/r: 0.999751357 0.000167555 0.000081089
JJ:/rrc/c: 0.999702853 0.000297147 0.000000000
JJ:/rrc/crr: 0.000000000 0.999851382 0.000148618
JJ:/rrc/r: 0.998531099 0.001270803 0.000198098
JK:/cc/c: 0.008867465 0.991132535 0.000000000
JK:/cc/crr: 0.000000000 0.001911849 0.998088151
JK:/cc/r: 0.000059433 0.000022604 0.999917963
JK:/crc/c: 0.587846992 0.412153008 0.000000000
JK:/crc/crr: 0.000000000 0.000077982 0.999922018
JK:/crc/r: 0.082080724 0.000061122 0.917858154
JK:/crrc/c: 0.563537713 0.436462287 0.000000000
JK:/crrc/crr: 0.000000000 0.000040677 0.999959323
JK:/crrc/r: 0.231814281 0.000035384 0.768150336
JK:/rc/c: 0.333314077 0.666685923 0.000000000
JK:/rc/crr: 0.000000000 0.000182460 0.999817540
JK:/rc/r: 0.337747401 0.000081089 0.662171510
JK:/rrc/c: 0.999702853 0.000297147 0.000000000
JK:/rrc/crr: 0.000000000 0.000148618 0.999851382
JK:/rrc/r: 0.276311851 0.000442474 0.723245676
JQ:/cc/c: 0.067222407 0.932777593 0.000000000
JQ:/cc/crr: 0.000000000 0.000252197 0.999747803
JQ:/cc/r: 0.039577308 0.000022604 0.960400088
JQ:/crc/c: 0.705127885 0.294872115 0.000000000
JQ:/crc/crr: 0.000000000 0.000065012 0.999934988
JQ:/crc/r: 0.025120170 0.000061122 0.974818708
JQ:/crrc/c: 0.029793526 0.970206474 0.000000000
JQ:/crrc/crr: 0.000000000 0.000769391 0.999230609
JQ:/crrc/r: 0.359071828 0.000031122 0.640897051
JQ:/rc/c: 0.942063518 0.057936482 0.000000000
JQ:/rc/crr: 0.000000000 0.000064557 0.999935443
JQ:/rc/r: 0.000081501 0.000081089 0.999837410
JQ:/rrc/c: 0.104444720 0.895555280 0.000000000
JQ:/rrc/crr: 0.000000000 0.001422508 0.998577492
JQ:/rrc/r: 0.436193380 0.000429788 0.563376832
K:/c: 0.999547801 0.000452199 0.000000000
K:/crr: 0.000000000 0.999975236 0.000024764
K:/r: 0.575138663 0.424828334 0.000033003
KJ:/cc/c: 0.284179965 0.715820035 0.000000000
KJ:/cc/crr: 0.000000000 0.903691325 0.096308675
KJ:/cc/r: 0.190132890 0.074727014 0.735140096
KJ:/crc/c: 0.086755035 0.913244965 0.000000000
KJ:/crc/crr: 0.000000000 0.999857278 0.000142722
KJ:/crc/r: 0.000326345 0.774840465 0.224833189
KJ:/crrc/c: 0.309536095 0.690463905 0.000000000
KJ:/crrc/crr: 0.000000000 0.936093935 0.063906065
KJ:/crrc/r: 0.134504144 0.761292590 0.104203266
KJ:/rc/c: 0.420509906 0.579490094 0.000000000
KJ:/rc/crr: 0.000000000 0.771306024 0.228693976
KJ:/rc/r: 0.026841450 0.729003467 0.244155084
KJ:/rrc/c: 0.078510125 0.921489875 0.000000000
KJ:/rrc/crr: 0.000000000 0.999817275 0.000182725
KJ:/rrc/r: 0.062493688 0.862232763 0.075273549
KK:/cc/c: 0.945262008 0.054737992 0.000000000
KK:/cc/crr: 0.000000000 0.971046127 0.028953873
KK:/cc/r: 0.863662539 0.099845467 0.036491994
KK:/crc/c: 0.999931245 0.000068755 0.000000000
KK:/crc/crr: 0.000000000 0.999987617 0.000012383
KK:/crc/r: 0.613143107 0.386840384 0.000016509
KK:/crrc/c: 0.999987618 0.000012382 0.000000000
KK:/crrc/crr: 0.000000000 0.999993809 0.000006191
KK:/crrc/r: 0.999983490 0.000008255 0.000008255
KK:/rc/c: 0.999961157 0.000038843 0.000000000
KK:/rc/crr: 0.000000000 0.999980578 0.000019422
KK:/rc/r: 0.999905659 0.000068445 0.000025895
KK:/rrc/c: 0.999971308 0.000028692 0.000000000
KK:/rrc/crr: 0.000000000 0.999985654 0.000014346
KK:/rrc/r: 0.342117689 0.657863183 0.000019128
KQ:/cc/c: 0.284179965 0.715820035 0.000000000
KQ:/cc/crr: 0.000000000 0.903691325 0.096308675
KQ:/cc/r: 0.293541149 0.633539045 0.072919806
KQ:/crc/c: 0.105928299 0.894071701 0.000000000
KQ:/crc/crr: 0.000000000 0.068673639 0.931326361
KQ:/crc/r: 0.000626289 0.451297093 0.548076618
KQ:/crrc/c: 0.648065640 0.351934360 0.000000000
KQ:/crrc/crr: 0.000000000 0.412936374 0.587063626
KQ:/crrc/r: 0.000501104 0.690591834 0.308907062
KQ:/rc/c: 0.004845637 0.995154363 0.000000000
KQ:/rc/crr: 0.000000000 0.033369584 0.966630416
KQ:/rc/r: 0.000131894 0.304344002 0.695524104
KQ:/rrc/c: 0.487720386 0.512279614 0.000000000
KQ:/rrc/crr: 0.000000000 0.568186153 0.431813847
KQ:/rrc/r: 0.062158940 0.570215221 0.367625840
Q:/c: 0.847490954 0.152509046 0.000000000
Q:/crr: 0.000000000 0.999970793 0.000029207
Q:/r: 0.352182250 0.645881476 0.001936274
QJ:/cc/c: 0.003814634 0.996185366 0.000000000
QJ:/cc/crr: 0.000000000 0.021273559 0.978726441
QJ:/cc/r: 0.000282460 0.000108201 0.999609339
QJ:/crc/c: 0.405956081 0.594043919 0.000000000
QJ:/crc/crr: 0.000000000 0.068709116 0.931290884
QJ:/crc/r: 0.000626562 0.000019471 0.999353967
QJ:/crrc/c: 0.000384004 0.999615996 0.000000000
QJ:/crrc/crr: 0.000000000 0.019015192 0.980984808
QJ:/crrc/r: 0.006695320 0.000009736 0.993294945
QJ:/rc/c: 0.001463550 0.998536450 0.000000000
QJ:/rc/crr: 0.000000000 0.008728449 0.991271551
QJ:/rc/r: 0.023425492 0.000017033 0.976557475
QJ:/rrc/c: 0.001232580 0.998767420 0.000000000
QJ:/rrc/crr: 0.000000000 0.362695237 0.637304763
QJ:/rrc/r: 0.000474311 0.000064741 0.999460948
QK:/cc/c: 0.061717894 0.938282106 0.000000000
QK:/cc/crr: 0.000000000 0.894284768 0.105715232
QK:/cc/r: 0.001230684 0.772789056 0.225980261
QK:/crc/c: 0.337739646 0.662260354 0.000000000
QK:/crc/crr: 0.000000000 0.012347821 0.987652179
QK:/crc/r: 0.001964957 0.478749941 0.519285102
QK:/crrc/c: 0.019196678 0.980803322 0.000000000
QK:/crrc/crr: 0.000000000 0.158350826 0.841649174
QK:/crrc/r: 0.000452456 0.311077481 0.688470063
QK:/rc/c: 0.385510602 0.614489398 0.000000000
QK:/rc/crr: 0.000000000 0.028618608 0.971381392
QK:/rc/r: 0.000109907 0.331086954 0.668803140
QK:/rrc/c: 0.412299752 0.587700248 0.000000000
QK:/rrc/crr: 0.000000000 0.026294243 0.973705757
QK:/rrc/r: 0.001704376 0.505362714 0.492932910
QQ:/cc/c: 0.999837698 0.000162302 0.000000000
QQ:/cc/crr: 0.000000000 0.999918836 0.000081164
QQ:/cc/r: 0.999599133 0.000292666 0.000108201
QQ:/crc/c: 0.999970793 0.000029207 0.000000000
QQ:/crc/crr: 0.000000000 0.999985396 0.000014604
QQ:/crc/r: 0.990962110 0.009018419 0.000019471
QQ:/crrc/c: 0.999985396 0.000014604 0.000000000
QQ:/crrc/crr: 0.000000000 0.999992698 0.000007302
QQ:/crrc/r: 0.999980528 0.000009736 0.000009736
QQ:/rc/c: 0.999974451 0.000025549 0.000000000
QQ:/rc/crr: 0.000000000 0.999987225 0.000012775
QQ:/rc/r: 0.541981307 0.458001661 0.000017033
QQ:/rrc/c: 0.999953145 0.000046855 0.000000000
QQ:/rrc/crr: 0.000000000 0.999976571 0.000023429
QQ:/rrc/r: 0.999767335 0.000201428 0.000031237
