J:/c: 0.271678761 0.728321239 0.000000000
J:/crr: 0.000000000 0.999908891 0.000091109
J:/r: 0.055740953 0.155041562 0.789217485
JJ:/cc/c: 0.053214931 0.946785069 0.000000000
JJ:/cc/crr: 0.000000000 0.999680676 0.000319324
JJ:/cc/r: 0.999915348 0.000061995 0.000022657
JJ:/crc/c: 0.999908891 0.000091109 0.000000000
JJ:/crc/crr: 0.000000000 0.999954441 0.000045559
JJ:/crc/r: 0.999545057 0.000394203 0.000060740
JJ:/crrc/c: 0.999954441 0.000045559 0.000000000
JJ:/crrc/crr: 0.000000000 0.999977220 0.000022780
JJ:/crrc/r: 0.999872377 0.000097250 0.000030373
JJ:/rc/c: 0.999893566 0.000106434 0.000000000
JJ:/rc/crr: 0.000000000 0.999946777 0.000053223
JJ:/rc/r: 0.999776264 0.000152780 0.000070956
JJ:/rrc/c: 0.999703958 0.000296042 0.000000000
JJ:/rrc/crr: 0.000000000 0.999851935 0.000148065
JJ:/rrc/r: 0.998556019 0.001246620 0.000197361
JK:/cc/c: 0.002256220 0.997743780 0.000000000
JK:/cc/crr: 0.000000000 0.007531548 0.992468452
JK:/cc/r: 0.000169239 0.000022657 0.999808104
JK:/crc/c: 0.596867651 0.403132349 0.000000000
JK:/crc/crr: 0.000000000 0.000076323 0.999923677
JK:/crc/r: 0.024339014 0.000060740 0.975600247
JK:/crrc/c: 0.521081727 0.478918273 0.000000000
JK:/crrc/crr: 0.000000000 0.000043716 0.999956284
JK:/crrc/r: 0.230790270 0.000030373 0.769179357
JK:/rc/c: 0.322344384 0.677655616 0.000000000
JK:/rc/crr: 0.000000000 0.000165093 0.999834907
JK:/rc/r: 0.289049005 0.000070956 0.710880040
JK:/rrc/c: 0.995929891 0.004070109 0.000000000
JK:/rrc/crr: 0.000000000 0.000148626 0.999851374
JK:/rrc/r: 0.349550453 0.000416228 0.650033319
JQ:/cc/c: 0.069930856 0.930069144 0.000000000
JQ:/cc/crr: 0.000000000 0.000242995 0.999757005
JQ:/cc/r: 0.038015216 0.000022657 0.961962127
JQ:/crc/c: 0.734969946 0.265030054 0.000000000
JQ:/crc/crr: 0.000000000 0.000061982 0.999938018
JQ:/crc/r: 0.000060740 0.000060740 0.999878521
JQ:/crrc/c: 0.075452774 0.924547226 0.000000000
JQ:/crrc/crr: 0.000000000 0.000301903 0.999698097
JQ:/crrc/r: 0.317008537 0.000030789 0.682960674
JQ:/rc/c: 0.837407197 0.162592803 0.000000000
JQ:/rc/crr: 0.000000000 0.000063550 0.999936450
JQ:/rc/r: 0.000072648 0.000070956 0.999856397
JQ:/rrc/c: 0.169245394 0.830754606 0.000000000
JQ:/rrc/crr: 0.000000000 0.000874593 0.999125407
JQ:/rrc/r: 0.473969549 0.000429590 0.525600862
K:/c: 0.999253093 0.000746907 0.000000000
K:/crr: 0.000000000 0.999975229 0.000024771
K:/r: 0.583549929 0.416417068 0.000033003
KJ:/cc/c: 0.172063140 0.827936860 0.000000000
KJ:/cc/crr: 0.000000000 0.903698268 0.096301732
KJ:/cc/r: 0.113067361 0.046385831 0.840546808
KJ:/crc/c: 0.149228168 0.850771832 0.000000000
KJ:/crc/crr: 0.000000000 0.999917003 0.000082997
KJ:/crc/r: 0.000358855 0.753920983 0.245720163
KJ:/crrc/c: 0.265014911 0.734985089 0.000000000
KJ:/crrc/crr: 0.000000000 0.822190315 0.177809685
KJ:/crrc/r: 0.034982142 0.908342536 0.056675322
KJ:/rc/c: 0.503132839 0.496867161 0.000000000
KJ:/rc/crr: 0.000000000 0.745523321 0.254476679
KJ:/rc/r: 0.031589312 0.717696997 0.250713692
KJ:/rrc/c: 0.129184342 0.870815658 0.000000000
KJ:/rrc/crr: 0.000000000 0.999890552 0.000109448
KJ:/rrc/r: 0.035226135 0.902564833 0.062209032
KK:/cc/c: 0.966860043 0.033139957 0.000000000
KK:/cc/crr: 0.000000000 0.982862071 0.017137929
KK:/cc/r: 0.917166816 0.060739879 0.022093304
KK:/crc/c: 0.999703229 0.000296771 0.000000000
KK:/crc/crr: 0.000000000 0.999987611 0.000012389
KK:/crc/r: 0.672493503 0.327489983 0.000016514
KK:/crrc/c: 0.999987614 0.000012386 0.000000000
KK:/crrc/crr: 0.000000000 0.999993807 0.000006193
KK:/crrc/r: 0.847529087 0.152462656 0.000008257
KK:/rc/c: 0.999960372 0.000039628 0.000000000
KK:/rc/crr: 0.000000000 0.999980185 0.000019815
KK:/rc/r: 0.999905395 0.000068186 0.000026418
KK:/rrc/c: 0.999971722 0.000028278 0.000000000
KK:/rrc/crr: 0.000000000 0.999985861 0.000014139
KK:/rrc/r: 0.375644453 0.624336695 0.000018852
KQ:/cc/c: 0.172063140 0.827936860 0.000000000
KQ:/cc/crr: 0.000000000 0.903698268 0.096301732
KQ:/cc/r: 0.115291374 0.840392506 0.044316120
KQ:/crc/c: 0.053885722 0.946114278 0.000000000
KQ:/crc/crr: 0.000000000 0.063395760 0.936604240
KQ:/crc/r: 0.000550436 0.454165914 0.545283650
KQ:/crrc/c: 0.558935587 0.441064413 0.000000000
KQ:/crrc/crr: 0.000000000 0.417206526 0.582793474
KQ:/crrc/r: 0.000008257 0.627728958 0.372262784
KQ:/rc/c: 0.001527116 0.998472884 0.000000000
KQ:/rc/crr: 0.000000000 0.119859071 0.880140929
KQ:/rc/r: 0.000390339 0.331363738 0.668245923
KQ:/rrc/c: 0.423940908 0.576059092 0.000000000
KQ:/rrc/crr: 0.000000000 0.756181982 0.243818018
KQ:/rrc/r: 0.049975883 0.587407368 0.362616749
Q:/c: 0.833481973 0.166518027 0.000000000
Q:/crr: 0.000000000 0.999970302 0.000029698
Q:/r: 0.355249968 0.643948020 0.000802012
QJ:/cc/c: 0.001625642 0.998374358 0.000000000
QJ:/cc/crr: 0.000000000 0.045719601 0.954280399
QJ:/cc/r: 0.000252997 0.000099098 0.999647905
QJ:/crc/c: 0.408677716 0.591322284 0.000000000
QJ:/crc/crr: 0.000000000 0.002769591 0.997230409
QJ:/crc/r: 0.000656228 0.000019798 0.999323973
QJ:/crrc/c: 0.000390740 0.999609260 0.000000000
QJ:/crrc/crr: 0.000000000 0.019001497 0.980998503
QJ:/crrc/r: 0.010218367 0.000009900 0.989771733
QJ:/rc/c: 0.001339931 0.998660069 0.000000000
QJ:/rc/crr: 0.000000000 0.009562339 0.990437661
QJ:/rc/r: 0.022207888 0.000017084 0.977775029
QJ:/rrc/c: 0.001415676 0.998584324 0.000000000
QJ:/rrc/crr: 0.000000000 0.016405875 0.983594125
QJ:/rrc/r: 0.000472806 0.000062132 0.999465061
QK:/cc/c: 0.210063396 0.789936604 0.000000000
QK:/cc/crr: 0.000000000 0.999646184 0.000353816
QK:/cc/r: 0.001005850 0.741851567 0.257142583
QK:/crc/c: 0.294938742 0.705061258 0.000000000
QK:/crc/crr: 0.000000000 0.072359767 0.927640233
QK:/crc/r: 0.002946145 0.479970992 0.517082863
QK:/crrc/c: 0.031017327 0.968982673 0.000000000
QK:/crrc/crr: 0.000000000 0.101520644 0.898479356
QK:/crrc/r: 0.000897167 0.295733414 0.703369419
QK:/rc/c: 0.345445613 0.654554387 0.000000000
QK:/rc/crr: 0.000000000 0.036021894 0.963978106
QK:/rc/r: 0.000097060 0.321800971 0.678101969
QK:/rrc/c: 0.439928681 0.560071319 0.000000000
QK:/rrc/crr: 0.000000000 0.028413153 0.971586847
QK:/rrc/r: 0.002359829 0.480257673 0.517382498
QQ:/cc/c: 0.999851353 0.000148647 0.000000000
QQ:/cc/crr: 0.000000000 0.999925665 0.000074335
QQ:/cc/r: 0.999632048 0.000268854 0.000099098
QQ:/crc/c: 0.999970302 0.000029698 0.000000000
QQ:/crc/crr: 0.000000000 0.999985151 0.000014849
QQ:/crc/r: 0.018759102 0.981221099 0.000019798
QQ:/crrc/c: 0.999985151 0.000014849 0.000000000
QQ:/crrc/crr: 0.000000000 0.999992575 0.000007425
QQ:/crrc/r: 0.992849367 0.007140733 0.000009900
QQ:/rc/c: 0.999974374 0.000025626 0.000000000
QQ:/rc/crr: 0.000000000 0.999987187 0.000012813
QQ:/rc/r: 0.044535668 0.955447248 0.000017084
QQ:/rrc/c: 0.999953549 0.000046451 0.000000000
QQ:/rrc/crr: 0.000000000 0.999976774 0.000023226
QQ:/rrc/r: 0.999773161 0.000195872 0.000030967
