J:/: 0.087790386 0.912209614 0.000000000
J:/cr: 0.017295064 0.050983637 0.931721300
J:/rr: 0.000000000 0.999718050 0.000281950
JJ:/cc/: 0.001699432 0.998300568 0.000000000
JJ:/cc/cr: 0.999981879 0.000009060 0.000009060
JJ:/cc/rr: 0.000000000 0.992016559 0.007983441
JJ:/crc/: 0.776648584 0.223351416 0.000000000
JJ:/crc/cr: 0.999470468 0.000264766 0.000264766
JJ:/crc/rr: 0.000000000 0.999885787 0.000114213
JJ:/crrc/: 0.926165116 0.073834884 0.000000000
JJ:/crrc/cr: 0.995277981 0.002361009 0.002361009
JJ:/crrc/rr: 0.000000000 0.999717667 0.000282333
JJ:/rc/: 0.907873123 0.092126877 0.000000000
JJ:/rc/cr: 0.997959700 0.001020150 0.001020150
JJ:/rc/rr: 0.000000000 0.999844720 0.000155280
JJ:/rrc/: 0.997378762 0.002621238 0.000000000
JJ:/rrc/cr: 0.964135366 0.017932317 0.017932317
JJ:/rrc/rr: 0.000000000 0.999929307 0.000070693
JK:/cc/: 0.077858639 0.922141361 0.000000000
JK:/cc/cr: 0.000330881 0.000009809 0.999659311
JK:/cc/rr: 0.000000000 0.000174256 0.999825744
JK:/crc/: 0.009871209 0.990128791 0.000000000
JK:/crc/cr: 0.011394249 0.000059725 0.988546025
JK:/crc/rr: 0.000000000 0.008986107 0.991013893
JK:/crrc/: 0.998242152 0.001757848 0.000000000
JK:/crrc/cr: 0.099169463 0.099169463 0.801661074
JK:/crrc/rr: 0.000000000 0.000261948 0.999738052
JK:/rc/: 0.970871873 0.029128127 0.000000000
JK:/rc/cr: 0.888488825 0.003226546 0.108284629
JK:/rc/rr: 0.000000000 0.000145204 0.999854796
JK:/rrc/: 0.400758437 0.599241563 0.000000000
JK:/rrc/cr: 0.239703233 0.000078441 0.760218326
JK:/rrc/rr: 0.000000000 0.000175935 0.999824065
JQ:/cc/: 0.278170600 0.721829400 0.000000000
JQ:/cc/cr: 0.000051027 0.000012530 0.999936443
JQ:/cc/rr: 0.000000000 0.000048773 0.999951227
JQ:/crc/: 0.931137503 0.068862497 0.000000000
JQ:/crc/cr: 0.020786924 0.000858752 0.978354324
JQ:/crc/rr: 0.000000000 0.000095264 0.999904736
JQ:/crrc/: 0.014377707 0.985622293 0.000000000
JQ:/crrc/cr: 0.082663432 0.000176868 0.917159700
JQ:/crrc/rr: 0.000000000 0.018186994 0.981813006
JQ:/rc/: 0.744193062 0.255806938 0.000000000
JQ:/rc/cr: 0.000367399 0.000367399 0.999265202
JQ:/rc/rr: 0.000000000 0.000189433 0.999810567
JQ:/rrc/: 0.127051007 0.872948993 0.000000000
JQ:/rrc/cr: 0.021026829 0.000053846 0.978919325
JQ:/rrc/rr: 0.000000000 0.000554953 0.999445047
K:/: 0.751279746 0.248720254 0.000000000
K:/cr: 0.582004311 0.417929343 0.000066346
K:/rr: 0.000000000 0.999967053 0.000032947
KJ:/cc/: 0.000282859 0.999717141 0.000000000
KJ:/cc/cr: 0.000242022 0.000042220 0.999715758
KJ:/cc/rr: 0.000000000 0.824082906 0.175917094
KJ:/crc/: 0.001407182 0.998592818 0.000000000
KJ:/crc/cr: 0.002359892 0.997613613 0.000026496
KJ:/crc/rr: 0.000000000 0.971796494 0.028203506
KJ:/crrc/: 0.044949819 0.955050181 0.000000000
KJ:/crrc/cr: 0.011416645 0.975708486 0.012874869
KJ:/crrc/rr: 0.000000000 0.673009383 0.326990617
KJ:/rc/: 0.137407893 0.862592107 0.000000000
KJ:/rc/cr: 0.010676333 0.919674947 0.069648721
KJ:/rc/rr: 0.000000000 0.543762720 0.456237280
KJ:/rrc/: 0.125860633 0.874139367 0.000000000
KJ:/rrc/cr: 0.003425263 0.996082010 0.000492727
KJ:/rrc/rr: 0.000000000 0.683310605 0.316689395
KK:/cc/: 0.996119605 0.003880395 0.000000000
KK:/cc/cr: 0.982902199 0.008548900 0.008548900
KK:/cc/rr: 0.000000000 0.999950046 0.000049954
KK:/crc/: 0.069790985 0.930209015 0.000000000
KK:/crc/cr: 0.184138585 0.815832972 0.000028443
KK:/crc/rr: 0.000000000 0.999431338 0.000568662
KK:/crrc/: 0.979106836 0.020893164 0.000000000
KK:/crrc/cr: 0.998181285 0.000909357 0.000909357
KK:/crrc/rr: 0.000000000 0.999970893 0.000029107
KK:/rc/: 0.854238231 0.145761769 0.000000000
KK:/rc/cr: 0.999841689 0.000082967 0.000075345
KK:/rc/rr: 0.000000000 0.999980716 0.000019284
KK:/rrc/: 0.456793254 0.543206746 0.000000000
KK:/rrc/cr: 0.442048486 0.557941405 0.000010109
KK:/rrc/rr: 0.000000000 0.999981968 0.000018032
KQ:/cc/: 0.001416630 0.998583370 0.000000000
KQ:/cc/cr: 0.000239257 0.401974727 0.597786016
KQ:/cc/rr: 0.000000000 0.964874606 0.035125394
KQ:/crc/: 0.877616748 0.122383252 0.000000000
KQ:/crc/cr: 0.001889040 0.537391888 0.460719072
KQ:/crc/rr: 0.000000000 0.000045222 0.999954778
KQ:/crrc/: 0.020324982 0.979675018 0.000000000
KQ:/crrc/cr: 0.021009534 0.743303644 0.235686823
KQ:/crrc/rr: 0.000000000 0.584769800 0.415230200
KQ:/rc/: 0.000055867 0.999944133 0.000000000
KQ:/rc/cr: 0.000324466 0.516651609 0.483023925
KQ:/rc/rr: 0.000000000 0.705131198 0.294868802
KQ:/rrc/: 0.623392987 0.376607013 0.000000000
KQ:/rrc/cr: 0.005269574 0.900927100 0.093803325
KQ:/rrc/rr: 0.000000000 0.382311725 0.617688275
Q:/: 0.673179770 0.326820230 0.000000000
Q:/cr: 0.083867475 0.912425729 0.003706796
Q:/rr: 0.000000000 0.999963231 0.000036769
QJ:/cc/: 0.000075737 0.999924263 0.000000000
QJ:/cc/cr: 0.000110009 0.000025248 0.999864743
QJ:/cc/rr: 0.000000000 0.500000000 0.500000000
QJ:/crc/: 0.023827799 0.976172201 0.000000000
QJ:/crc/cr: 0.006550306 0.000009448 0.993440246
QJ:/crc/rr: 0.000000000 0.000580600 0.999419400
QJ:/crrc/: 0.069979723 0.930020277 0.000000000
QJ:/crrc/cr: 0.000511380 0.000107890 0.999380730
QJ:/crrc/rr: 0.000000000 0.002150764 0.997849236
QJ:/rc/: 0.004703228 0.995296772 0.000000000
QJ:/rc/cr: 0.000178697 0.000012314 0.999808989
QJ:/rc/rr: 0.000000000 0.003908963 0.996091037
QJ:/rrc/: 0.000018385 0.999981615 0.000000000
QJ:/rrc/cr: 0.000011458 0.000006129 0.999982413
QJ:/rrc/rr: 0.000000000 0.500000000 0.500000000
QK:/cc/: 0.393150721 0.606849279 0.000000000
QK:/cc/cr: 0.020053602 0.979886093 0.000060305
QK:/cc/rr: 0.000000000 0.365202053 0.634797947
QK:/crc/: 0.001357496 0.998642504 0.000000000
QK:/crc/cr: 0.000009235 0.538867983 0.461122782
QK:/crc/rr: 0.000000000 0.010191129 0.989808871
QK:/crrc/: 0.938082192 0.061917808 0.000000000
QK:/crrc/cr: 0.002251020 0.336910045 0.660838935
QK:/crrc/rr: 0.000000000 0.004164448 0.995835552
QK:/rc/: 0.421276079 0.578723921 0.000000000
QK:/rc/cr: 0.003721215 0.565694536 0.430584249
QK:/rc/rr: 0.000000000 0.158151401 0.841848599
QK:/rrc/: 0.128470108 0.871529892 0.000000000
QK:/rrc/cr: 0.000007032 0.325310257 0.674682712
QK:/rrc/rr: 0.000000000 0.004111980 0.995888020
QQ:/cc/: 0.654748849 0.345251151 0.000000000
QQ:/cc/cr: 0.045732421 0.954194457 0.000073123
QQ:/cc/rr: 0.000000000 0.999942163 0.000057837
QQ:/crc/: 0.978742860 0.021257140 0.000000000
QQ:/crc/cr: 0.999132250 0.000433875 0.000433875
QQ:/crc/rr: 0.000000000 0.999985865 0.000014135
QQ:/crrc/: 0.122983916 0.877016084 0.000000000
QQ:/crrc/cr: 0.999771179 0.000114411 0.000114411
QQ:/crrc/rr: 0.000000000 0.998776183 0.001223817
QQ:/rc/: 0.508295543 0.491704457 0.000000000
QQ:/rc/cr: 0.030480900 0.969494174 0.000024927
QQ:/rc/rr: 0.000000000 0.999963831 0.000036169
QQ:/rrc/: 0.966252107 0.033747893 0.000000000
QQ:/rrc/cr: 0.999636809 0.000181596 0.000181596
QQ:/rrc/rr: 0.000000000 0.999990486 0.000009514
