J:/: 0.077369948 0.922630052 0.000000000
J:/cr: 0.020680917 0.031543697 0.947775386
J:/rr: 0.000000000 0.999680076 0.000319924
JJ:/cc/: 0.001421070 0.998578930 0.000000000
JJ:/cc/cr: 0.999982089 0.000008955 0.000008955
JJ:/cc/rr: 0.000000000 0.990560575 0.009439425
JJ:/crc/: 0.866434675 0.133565325 0.000000000
JJ:/crc/cr: 0.998584949 0.000707526 0.000707526
JJ:/crc/rr: 0.000000000 0.999836397 0.000163603
JJ:/crrc/: 0.995194185 0.004805815 0.000000000
JJ:/crrc/cr: 0.940015136 0.029992432 0.029992432
JJ:/crrc/rr: 0.000000000 0.999782749 0.000217251
JJ:/rc/: 0.854738238 0.145261762 0.000000000
JJ:/rc/cr: 0.998531737 0.000734131 0.000734131
JJ:/rc/rr: 0.000000000 0.999812853 0.000187147
JJ:/rrc/: 0.980611605 0.019388395 0.000000000
JJ:/rrc/cr: 0.994497980 0.002751010 0.002751010
JJ:/rrc/rr: 0.000000000 0.999918412 0.000081588
JK:/cc/: 0.093957466 0.906042534 0.000000000
JK:/cc/cr: 0.000535690 0.000009870 0.999454440
JK:/cc/rr: 0.000000000 0.000142768 0.999857232
JK:/crc/: 0.069198669 0.930801331 0.000000000
JK:/crc/cr: 0.106325949 0.000101526 0.893572525
JK:/crc/rr: 0.000000000 0.002048469 0.997951531
JK:/crrc/: 0.998610569 0.001389431 0.000000000
JK:/crrc/cr: 0.103738924 0.103738924 0.792522151
JK:/crrc/rr: 0.000000000 0.000216508 0.999783492
JK:/rc/: 0.984362909 0.015637091 0.000000000
JK:/rc/cr: 0.604650638 0.006819760 0.388529602
JK:/rc/rr: 0.000000000 0.000162503 0.999837497
JK:/rrc/: 0.525242632 0.474757368 0.000000000
JK:/rrc/cr: 0.850994028 0.000112347 0.148893625
JK:/rrc/rr: 0.000000000 0.000152323 0.999847677
JQ:/cc/: 0.089191562 0.910808438 0.000000000
JQ:/cc/cr: 0.000041204 0.000009818 0.999948978
JQ:/cc/rr: 0.000000000 0.000150396 0.999849604
JQ:/crc/: 0.905176503 0.094823497 0.000000000
JQ:/crc/cr: 0.057234610 0.000996598 0.941768792
JQ:/crc/rr: 0.000000000 0.000156601 0.999843399
JQ:/crrc/: 0.140511216 0.859488784 0.000000000
JQ:/crrc/cr: 0.112387936 0.000167702 0.887444362
JQ:/crrc/rr: 0.000000000 0.001538718 0.998461282
JQ:/rc/: 0.876307934 0.123692066 0.000000000
JQ:/rc/cr: 0.000862151 0.000862151 0.998275698
JQ:/rc/rr: 0.000000000 0.000182541 0.999817459
JQ:/rrc/: 0.207020132 0.792979868 0.000000000
JQ:/rrc/cr: 0.028459187 0.000067262 0.971473551
JQ:/rrc/rr: 0.000000000 0.000386467 0.999613533
K:/: 0.757837280 0.242162720 0.000000000
K:/cr: 0.744079329 0.255852528 0.000068143
K:/rr: 0.000000000 0.999967338 0.000032662
KJ:/cc/: 0.000292712 0.999707288 0.000000000
KJ:/cc/cr: 0.000247258 0.000042189 0.999710553
KJ:/cc/rr: 0.000000000 0.825401186 0.174598814
KJ:/crc/: 0.003743860 0.996256140 0.000000000
KJ:/crc/cr: 0.001538553 0.998416891 0.000044556
KJ:/crc/rr: 0.000000000 0.982215127 0.017784873
KJ:/crrc/: 0.017649563 0.982350437 0.000000000
KJ:/crrc/cr: 0.000065090 0.999747045 0.000187865
KJ:/crrc/rr: 0.000000000 0.582779447 0.417220553
KJ:/rc/: 0.065485162 0.934514838 0.000000000
KJ:/rc/cr: 0.021525721 0.936799536 0.041674742
KJ:/rc/rr: 0.000000000 0.335042828 0.664957172
KJ:/rrc/: 0.096461596 0.903538404 0.000000000
KJ:/rrc/cr: 0.000006025 0.994052080 0.005941895
KJ:/rrc/rr: 0.000000000 0.659225405 0.340774595
KK:/cc/: 0.970045006 0.029954994 0.000000000
KK:/cc/cr: 0.997725160 0.001137420 0.001137420
KK:/cc/rr: 0.000000000 0.999947315 0.000052685
KK:/crc/: 0.327349369 0.672650631 0.000000000
KK:/crc/cr: 0.999868017 0.000065992 0.000065992
KK:/crc/rr: 0.000000000 0.999796596 0.000203404
KK:/crrc/: 0.979737835 0.020262165 0.000000000
KK:/crrc/cr: 0.998493415 0.000753293 0.000753293
KK:/crrc/rr: 0.000000000 0.999976631 0.000023369
KK:/rc/: 0.829744056 0.170255944 0.000000000
KK:/rc/cr: 0.360358310 0.639577743 0.000063947
KK:/rc/rr: 0.000000000 0.999980318 0.000019682
KK:/rrc/: 0.511177540 0.488822460 0.000000000
KK:/rrc/cr: 0.999977727 0.000011137 0.000011137
KK:/rrc/rr: 0.000000000 0.999984026 0.000015974
KQ:/cc/: 0.001615520 0.998384480 0.000000000
KQ:/cc/cr: 0.000359910 0.455453582 0.544186508
KQ:/cc/rr: 0.000000000 0.968364920 0.031635080
KQ:/crc/: 0.591819823 0.408180177 0.000000000
KQ:/crc/cr: 0.000960164 0.514496880 0.484542956
KQ:/crc/rr: 0.000000000 0.000112507 0.999887493
KQ:/crrc/: 0.039357391 0.960642609 0.000000000
KQ:/crrc/cr: 0.022952504 0.694666025 0.282381471
KQ:/crrc/rr: 0.000000000 0.332355941 0.667644059
KQ:/rc/: 0.000089836 0.999910164 0.000000000
KQ:/rc/cr: 0.000284434 0.471690735 0.528024831
KQ:/rc/rr: 0.000000000 0.818213237 0.181786763
KQ:/rrc/: 0.672578368 0.327421632 0.000000000
KQ:/rrc/cr: 0.015107159 0.819909712 0.164983128
KQ:/rrc/rr: 0.000000000 0.365585109 0.634414891
Q:/: 0.776353541 0.223646459 0.000000000
Q:/cr: 0.221515439 0.772117356 0.006367205
Q:/rr: 0.000000000 0.999968117 0.000031883
QJ:/cc/: 0.000110677 0.999889323 0.000000000
QJ:/cc/cr: 0.000154646 0.000036896 0.999808458
QJ:/cc/rr: 0.000000000 0.500000000 0.500000000
QJ:/crc/: 0.027125607 0.972874393 0.000000000
QJ:/crc/cr: 0.007933598 0.000016371 0.992050031
QJ:/crc/rr: 0.000000000 0.000880730 0.999119270
QJ:/crrc/: 0.037705841 0.962294159 0.000000000
QJ:/crrc/cr: 0.000724577 0.000057690 0.999217732
QJ:/crrc/rr: 0.000000000 0.002208476 0.997791524
QJ:/rc/: 0.009075879 0.990924121 0.000000000
QJ:/rc/cr: 0.000231960 0.000010725 0.999757315
QJ:/rc/rr: 0.000000000 0.001756469 0.998243531
QJ:/rrc/: 0.000015942 0.999984058 0.000000000
QJ:/rrc/cr: 0.000217169 0.000005314 0.999777517
QJ:/rrc/rr: 0.000000000 0.500000000 0.500000000
QK:/cc/: 0.302763846 0.697236154 0.000000000
QK:/cc/cr: 0.004743456 0.995187952 0.000068593
QK:/cc/rr: 0.000000000 0.999817223 0.000182777
QK:/crc/: 0.045301248 0.954698752 0.000000000
QK:/crc/cr: 0.000016683 0.563486654 0.436496664
QK:/crc/rr: 0.000000000 0.000527366 0.999472634
QK:/crrc/: 0.707426261 0.292573739 0.000000000
QK:/crrc/cr: 0.000254000 0.817657599 0.182088400
QK:/crrc/rr: 0.000000000 0.010527864 0.989472136
QK:/rc/: 0.419972267 0.580027733 0.000000000
QK:/rc/cr: 0.028337122 0.521581412 0.450081466
QK:/rc/rr: 0.000000000 0.185069935 0.814930065
QK:/rrc/: 0.107589636 0.892410364 0.000000000
QK:/rrc/cr: 0.000222631 0.323978826 0.675798544
QK:/rrc/rr: 0.000000000 0.004300504 0.995699496
QQ:/cc/: 0.400528491 0.599471509 0.000000000
QQ:/cc/cr: 0.032190291 0.967748168 0.000061541
QQ:/cc/rr: 0.000000000 0.999861837 0.000138163
QQ:/crc/: 0.919754545 0.080245455 0.000000000
QQ:/crc/cr: 0.999603046 0.000198477 0.000198477
QQ:/crc/rr: 0.000000000 0.999974025 0.000025975
QQ:/crrc/: 0.354844215 0.645155785 0.000000000
QQ:/crrc/cr: 0.999827902 0.000086049 0.000086049
QQ:/crrc/rr: 0.000000000 0.999765327 0.000234673
QQ:/rc/: 0.431020545 0.568979455 0.000000000
QQ:/rc/cr: 0.170377877 0.829603444 0.000018678
QQ:/rc/rr: 0.000000000 0.999963015 0.000036985
QQ:/rrc/: 0.965769221 0.034230779 0.000000000
QQ:/rrc/cr: 0.999689519 0.000155240 0.000155240
QQ:/rrc/rr: 0.000000000 0.999991746 0.000008254
