J:/c: 0.307614354 0.692385646 0.000000000
J:/crr: 0.000000000 0.999900180 0.000099820
J:/r: 0.055166664 0.146721220 0.798112116
JJ:/cc/c: 0.162547359 0.837452641 0.000000000
JJ:/cc/crr: 0.000000000 0.999890033 0.000109967
JJ:/cc/r: 0.999912987 0.000063180 0.000023833
JJ:/crc/c: 0.999919534 0.000080466 0.000000000
JJ:/crc/crr: 0.000000000 0.999959764 0.000040236
JJ:/crc/r: 0.350981660 0.648964696 0.000053644
JJ:/crrc/c: 0.999802287 0.000197713 0.000000000
JJ:/crrc/crr: 0.000000000 0.999979878 0.000020122
JJ:/crrc/r: 0.999946351 0.000026825 0.000026825
JJ:/rc/c: 0.999887531 0.000112469 0.000000000
JJ:/rc/crr: 0.000000000 0.999943759 0.000056241
JJ:/rc/r: 0.999769083 0.000155937 0.000074980
JJ:/rrc/c: 0.999700876 0.000299124 0.000000000
JJ:/rrc/crr: 0.000000000 0.999850393 0.000149607
JJ:/rrc/r: 0.998327323 0.001473261 0.000199416
JK:/cc/c: 0.006515911 0.993484089 0.000000000
JK:/cc/crr: 0.000000000 0.002743250 0.997256750
JK:/cc/r: 0.000064129 0.000023833 0.999912038
JK:/crc/c: 0.539895156 0.460104844 0.000000000
JK:/crc/crr: 0.000000000 0.000074520 0.999925480
JK:/crc/r: 0.024345820 0.000053644 0.975600536
JK:/crrc/c: 0.568208035 0.431791965 0.000000000
JK:/crrc/crr: 0.000000000 0.000035407 0.999964593
JK:/crrc/r: 0.130189713 0.000026825 0.869783463
JK:/rc/c: 0.383976322 0.616023678 0.000000000
JK:/rc/crr: 0.000000000 0.000146454 0.999853546
JK:/rc/r: 0.342285937 0.000082314 0.657631749
JK:/rrc/c: 0.999700876 0.000299124 0.000000000
JK:/rrc/crr: 0.000000000 0.000149607 0.999850393
JK:/rrc/r: 0.327861496 0.000459778 0.671678726
JQ:/cc/c: 0.082174338 0.917825662 0.000000000
JQ:/cc/crr: 0.000000000 0.000217523 0.999782477
JQ:/cc/r: 0.036228906 0.000023833 0.963747261
JQ:/crc/c: 0.600794678 0.399205322 0.000000000
JQ:/crc/crr: 0.000000000 0.000066966 0.999933034
JQ:/crc/r: 0.041223197 0.000053644 0.958723159
JQ:/crrc/c: 0.048979782 0.951020218 0.000000000
JQ:/crrc/crr: 0.000000000 0.000410751 0.999589249
JQ:/crrc/r: 0.278272999 0.000033483 0.721693518
JQ:/rc/c: 0.948635372 0.051364628 0.000000000
JQ:/rc/crr: 0.000000000 0.000059280 0.999940720
JQ:/rc/r: 0.000750664 0.000074980 0.999174356
JQ:/rrc/c: 0.015553081 0.984446919 0.000000000
JQ:/rrc/crr: 0.000000000 0.009616216 0.990383784
JQ:/rrc/r: 0.265570092 0.000400188 0.734029721
K:/c: 0.999846899 0.000153101 0.000000000
K:/crr: 0.000000000 0.999975244 0.000024756
K:/r: 0.554346120 0.445620876 0.000033003
KJ:/cc/c: 0.838326192 0.161673808 0.000000000
KJ:/cc/crr: 0.000000000 0.903573448 0.096426552
KJ:/cc/r: 0.556274485 0.222836988 0.220888528
KJ:/crc/c: 0.017187028 0.982812972 0.000000000
KJ:/crc/crr: 0.000000000 0.999279798 0.000720202
KJ:/crc/r: 0.000298098 0.806529049 0.193172853
KJ:/crrc/c: 0.303978040 0.696021960 0.000000000
KJ:/crrc/crr: 0.000000000 0.738233824 0.261766176
KJ:/crrc/r: 0.084402308 0.823491855 0.092105837
KJ:/rc/c: 0.518510557 0.481489443 0.000000000
KJ:/rc/crr: 0.000000000 0.693423152 0.306576848
KJ:/rc/r: 0.039347293 0.781043075 0.179609632
KJ:/rrc/c: 0.019046733 0.980953267 0.000000000
KJ:/rrc/crr: 0.000000000 0.999218560 0.000781440
KJ:/rrc/r: 0.153261205 0.756812883 0.089925912
KK:/cc/c: 0.838326192 0.161673808 0.000000000
KK:/cc/crr: 0.000000000 0.903573448 0.096426552
KK:/cc/r: 0.588444159 0.303773302 0.107782539
KK:/crc/c: 0.999975244 0.000024756 0.000000000
KK:/crc/crr: 0.000000000 0.999987622 0.000012378
KK:/crc/r: 0.856455850 0.143527646 0.000016504
KK:/crrc/c: 0.999987622 0.000012378 0.000000000
KK:/crrc/crr: 0.000000000 0.999993811 0.000006189
KK:/crrc/r: 0.750573644 0.249418103 0.000008252
KK:/rc/c: 0.999962969 0.000037031 0.000000000
KK:/rc/crr: 0.000000000 0.999981484 0.000018516
KK:/rc/r: 0.999915957 0.000059356 0.000024687
KK:/rrc/c: 0.999970232 0.000029768 0.000000000
KK:/rrc/crr: 0.000000000 0.999985116 0.000014884
KK:/rrc/r: 0.463152617 0.536827538 0.000019845
KQ:/cc/c: 0.838326192 0.161673808 0.000000000
KQ:/cc/crr: 0.000000000 0.903573448 0.096426552
KQ:/cc/r: 0.547266776 0.228890036 0.223843188
KQ:/crc/c: 0.127845441 0.872154559 0.000000000
KQ:/crc/crr: 0.000000000 0.074042662 0.925957338
KQ:/crc/r: 0.000659977 0.464327510 0.535012513
KQ:/crrc/c: 0.580188660 0.419811340 0.000000000
KQ:/crrc/crr: 0.000000000 0.374436969 0.625563031
KQ:/crrc/r: 0.000008252 0.627564670 0.372427077
KQ:/rc/c: 0.045417482 0.954582518 0.000000000
KQ:/rc/crr: 0.000000000 0.003331432 0.996668568
KQ:/rc/r: 0.000139775 0.372151077 0.627709149
KQ:/rrc/c: 0.450981229 0.549018771 0.000000000
KQ:/rrc/crr: 0.000000000 0.454232310 0.545767690
KQ:/rrc/r: 0.114923267 0.523661759 0.361414974
Q:/c: 0.828694946 0.171305054 0.000000000
Q:/crr: 0.000000000 0.999970131 0.000029869
Q:/r: 0.306659586 0.690383443 0.002956971
QJ:/cc/c: 0.002434447 0.997565553 0.000000000
QJ:/cc/crr: 0.000000000 0.029676876 0.970323124
QJ:/cc/r: 0.000248206 0.000096329 0.999655465
QJ:/crc/c: 0.425701873 0.574298127 0.000000000
QJ:/crc/crr: 0.000000000 0.396483602 0.603516398
QJ:/crc/r: 0.000548293 0.000019913 0.999431794
QJ:/crrc/c: 0.000288989 0.999711011 0.000000000
QJ:/crrc/crr: 0.000000000 0.025840219 0.974159781
QJ:/crrc/r: 0.009377311 0.000009957 0.990612732
QJ:/rc/c: 0.000773061 0.999226939 0.000000000
QJ:/rc/crr: 0.000000000 0.015459414 0.984540586
QJ:/rc/r: 0.017053862 0.000015985 0.982930153
QJ:/rrc/c: 0.023590533 0.976409467 0.000000000
QJ:/rrc/crr: 0.000000000 0.022628688 0.977371312
QJ:/rrc/r: 0.000554478 0.000059866 0.999385656
QK:/cc/c: 0.075213452 0.924786548 0.000000000
QK:/cc/crr: 0.000000000 0.999039443 0.000960557
QK:/cc/r: 0.001226479 0.672740440 0.326033081
QK:/crc/c: 0.286694173 0.713305827 0.000000000
QK:/crc/crr: 0.000000000 0.083718271 0.916281729
QK:/crc/r: 0.014988603 0.469918537 0.515092859
QK:/crrc/c: 0.004300811 0.995699189 0.000000000
QK:/crrc/crr: 0.000000000 0.831774118 0.168225882
QK:/crrc/r: 0.000349330 0.326501053 0.673149617
QK:/rc/c: 0.317074773 0.682925227 0.000000000
QK:/rc/crr: 0.000000000 0.081377564 0.918622436
QK:/rc/r: 0.000048637 0.321096610 0.678854753
QK:/rrc/c: 0.434654870 0.565345130 0.000000000
QK:/rrc/crr: 0.000000000 0.003109497 0.996890503
QK:/rrc/r: 0.000517916 0.489374605 0.510107479
QQ:/cc/c: 0.999855506 0.000144494 0.000000000
QQ:/cc/crr: 0.000000000 0.999927743 0.000072257
QQ:/cc/r: 0.896896015 0.103007656 0.000096329
QQ:/crc/c: 0.999970131 0.000029869 0.000000000
QQ:/crc/crr: 0.000000000 0.999985065 0.000014935
QQ:/crc/r: 0.999292896 0.000687192 0.000019913
QQ:/crrc/c: 0.999985065 0.000014935 0.000000000
QQ:/crrc/crr: 0.000000000 0.999992532 0.000007468
QQ:/crrc/r: 0.989484183 0.010505860 0.000009957
QQ:/rc/c: 0.999976098 0.000023902 0.000000000
QQ:/rc/crr: 0.000000000 0.999988049 0.000011951
QQ:/rc/r: 0.100159044 0.899825021 0.000015935
QQ:/rrc/c: 0.999946189 0.000053811 0.000000000
QQ:/rrc/crr: 0.000000000 0.999973093 0.000026907
QQ:/rrc/r: 0.999723026 0.000241100 0.000035874
