J:/: 0.068283188 0.931716812 0.000000000
J:/cr: 0.024912016 0.018433098 0.956654886
J:/rr: 0.000000000 0.999637503 0.000362497
JJ:/cc/: 0.001341749 0.998658251 0.000000000
JJ:/cc/cr: 0.999982265 0.000008867 0.000008867
JJ:/cc/rr: 0.000000000 0.990100042 0.009899958
JJ:/crc/: 0.962623736 0.037376264 0.000000000
JJ:/crc/cr: 0.991431043 0.004284479 0.004284479
JJ:/crc/rr: 0.000000000 0.999750467 0.000249533
JJ:/crrc/: 0.987657105 0.012342895 0.000000000
JJ:/crrc/cr: 0.980800219 0.009599891 0.009599891
JJ:/crrc/rr: 0.000000000 0.999820043 0.000179957
JJ:/rc/: 0.838950352 0.161049648 0.000000000
JJ:/rc/cr: 0.998499438 0.000750281 0.000750281
JJ:/rc/rr: 0.000000000 0.999783958 0.000216042
JJ:/rrc/: 0.991795319 0.008204681 0.000000000
JJ:/rrc/cr: 0.985267402 0.007366299 0.007366299
JJ:/rrc/rr: 0.000000000 0.999908593 0.000091407
JK:/cc/: 0.094561372 0.905438628 0.000000000
JK:/cc/cr: 0.000633537 0.000009780 0.999356682
JK:/cc/rr: 0.000000000 0.000140472 0.999859528
JK:/crc/: 0.120467612 0.879532388 0.000000000
JK:/crc/cr: 0.078350987 0.000182072 0.921466941
JK:/crc/rr: 0.000000000 0.001993953 0.998006047
JK:/crrc/: 0.999379734 0.000620266 0.000000000
JK:/crrc/cr: 0.191031786 0.191031786 0.617936428
JK:/crrc/rr: 0.000000000 0.000177846 0.999822154
JK:/rc/: 0.983467271 0.016532729 0.000000000
JK:/rc/cr: 0.573223028 0.007308682 0.419468290
JK:/rc/rr: 0.000000000 0.000184296 0.999815704
JK:/rrc/: 0.467227511 0.532772489 0.000000000
JK:/rrc/cr: 0.828622457 0.000113441 0.171264102
JK:/rrc/rr: 0.000000000 0.000194032 0.999805968
JQ:/cc/: 0.007892235 0.992107765 0.000000000
JQ:/cc/cr: 0.000035814 0.000008926 0.999955260
JQ:/cc/rr: 0.000000000 0.001683080 0.998316920
JQ:/crc/: 0.908736629 0.091263371 0.000000000
JQ:/crc/cr: 0.244811160 0.001821239 0.753367601
JQ:/crc/rr: 0.000000000 0.000264330 0.999735670
JQ:/crrc/: 0.148148632 0.851851368 0.000000000
JQ:/crrc/cr: 0.163648018 0.000175313 0.836176669
JQ:/crrc/rr: 0.000000000 0.044407300 0.955592700
JQ:/rc/: 0.977869289 0.022130711 0.000000000
JQ:/rc/cr: 0.005459945 0.005459945 0.989080111
JQ:/rc/rr: 0.000000000 0.000185351 0.999814649
JQ:/rrc/: 0.321203291 0.678796709 0.000000000
JQ:/rrc/cr: 0.060691354 0.000089037 0.939219609
JQ:/rrc/rr: 0.000000000 0.000282242 0.999717758
K:/: 0.730138124 0.269861876 0.000000000
K:/cr: 0.878902600 0.121036252 0.000061149
K:/rr: 0.000000000 0.999966099 0.000033901
KJ:/cc/: 0.000262058 0.999737942 0.000000000
KJ:/cc/cr: 0.000222079 0.000038890 0.999739031
KJ:/cc/rr: 0.000000000 0.824995131 0.175004869
KJ:/crc/: 0.005714963 0.994285037 0.000000000
KJ:/crc/cr: 0.000801369 0.999113945 0.000084685
KJ:/crc/rr: 0.000000000 0.977899761 0.022100239
KJ:/crrc/: 0.269831366 0.730168634 0.000000000
KJ:/crrc/cr: 0.003488103 0.995609623 0.000902274
KJ:/crrc/rr: 0.000000000 0.837750171 0.162249829
KJ:/rc/: 0.150198257 0.849801743 0.000000000
KJ:/rc/cr: 0.021443507 0.902006000 0.076550494
KJ:/rc/rr: 0.000000000 0.843229618 0.156770382
KJ:/rrc/: 0.094854660 0.905145340 0.000000000
KJ:/rrc/cr: 0.001946785 0.997683121 0.000370094
KJ:/rrc/rr: 0.000000000 0.666590709 0.333409291
KK:/cc/: 0.982591788 0.017408212 0.000000000
KK:/cc/cr: 0.996487376 0.001756312 0.001756312
KK:/cc/rr: 0.000000000 0.999953326 0.000046674
KK:/crc/: 0.343796560 0.656203440 0.000000000
KK:/crc/cr: 0.999740381 0.000131303 0.000128316
KK:/crc/rr: 0.000000000 0.999632626 0.000367374
KK:/crrc/: 0.960490127 0.039509873 0.000000000
KK:/crrc/cr: 0.133495224 0.866211290 0.000293487
KK:/crrc/rr: 0.000000000 0.999981891 0.000018109
KK:/rc/: 0.852503074 0.147496926 0.000000000
KK:/rc/cr: 0.999804452 0.000118934 0.000076614
KK:/rc/rr: 0.000000000 0.999980117 0.000019883
KK:/rrc/: 0.416685715 0.583314285 0.000000000
KK:/rrc/cr: 0.842646969 0.157343344 0.000009687
KK:/rrc/rr: 0.000000000 0.999979660 0.000020340
KQ:/cc/: 0.000550863 0.999449137 0.000000000
KQ:/cc/cr: 0.000241510 0.485331142 0.514427348
KQ:/cc/rr: 0.000000000 0.916746296 0.083253704
KQ:/crc/: 0.495364299 0.504635701 0.000000000
KQ:/crc/cr: 0.001565711 0.484796327 0.513637962
KQ:/crc/rr: 0.000000000 0.000269403 0.999730597
KQ:/crrc/: 0.068437952 0.931562048 0.000000000
KQ:/crrc/cr: 0.004546271 0.716144846 0.279308883
KQ:/crrc/rr: 0.000000000 0.377117858 0.622882142
KQ:/rc/: 0.126574361 0.873425639 0.000000000
KQ:/rc/cr: 0.000370384 0.464309970 0.535319646
KQ:/rc/rr: 0.000000000 0.000784843 0.999215157
KQ:/rrc/: 0.676544783 0.323455217 0.000000000
KQ:/rrc/cr: 0.008342074 0.721293593 0.270364333
KQ:/rrc/rr: 0.000000000 0.368662027 0.631337973
Q:/: 0.820534452 0.179465548 0.000000000
Q:/cr: 0.464923570 0.530702406 0.004374024
Q:/rr: 0.000000000 0.999969834 0.000030166
QJ:/cc/: 0.000137923 0.999862077 0.000000000
QJ:/cc/cr: 0.000190219 0.000045981 0.999763800
QJ:/cc/rr: 0.000000000 0.500000000 0.500000000
QJ:/crc/: 0.033226836 0.966773164 0.000000000
QJ:/crc/cr: 0.001870163 0.000029869 0.998099968
QJ:/crc/rr: 0.000000000 0.001303606 0.998696394
QJ:/crrc/: 0.001374992 0.998625008 0.000000000
QJ:/crrc/cr: 0.001127437 0.000033007 0.998839556
QJ:/crrc/rr: 0.000000000 0.035958753 0.964041247
QJ:/rc/: 0.000315259 0.999684741 0.000000000
QJ:/rc/cr: 0.000332592 0.000010059 0.999657349
QJ:/rc/rr: 0.000000000 0.047843683 0.952156317
QJ:/rrc/: 0.000015084 0.999984916 0.000000000
QJ:/rrc/cr: 0.000018100 0.000005028 0.999976872
QJ:/rrc/rr: 0.000000000 0.500000000 0.500000000
QK:/cc/: 0.234312419 0.765687581 0.000000000
QK:/cc/cr: 0.846803748 0.152002957 0.001193295
QK:/cc/rr: 0.000000000 0.999705685 0.000294315
QK:/crc/: 0.024939820 0.975060180 0.000000000
QK:/crc/cr: 0.000029615 0.582036245 0.417934140
QK:/crc/rr: 0.000000000 0.001736768 0.998263232
QK:/crrc/: 0.654455283 0.345544717 0.000000000
QK:/crrc/cr: 0.000095391 0.633298095 0.366606514
QK:/crrc/rr: 0.000000000 0.002025423 0.997974577
QK:/rc/: 0.469158841 0.530841159 0.000000000
QK:/rc/cr: 0.053717028 0.511306026 0.434976945
QK:/rc/rr: 0.000000000 0.263106761 0.736893239
QK:/rrc/: 0.089648625 0.910351375 0.000000000
QK:/rrc/cr: 0.000005523 0.327609900 0.672384577
QK:/rrc/rr: 0.000000000 0.004861753 0.995138247
QQ:/cc/: 0.210810499 0.789189501 0.000000000
QQ:/cc/cr: 0.999883490 0.000058255 0.000058255
QQ:/cc/rr: 0.000000000 0.999672874 0.000327126
QQ:/crc/: 0.949261768 0.050738232 0.000000000
QQ:/crc/cr: 0.998861747 0.000569126 0.000569126
QQ:/crc/rr: 0.000000000 0.999954370 0.000045630
QQ:/crrc/: 0.381649690 0.618350310 0.000000000
QQ:/crrc/cr: 0.999893387 0.000053306 0.000053306
QQ:/crrc/rr: 0.000000000 0.999870449 0.000129551
QQ:/rc/: 0.519025314 0.480974686 0.000000000
QQ:/rc/cr: 0.009322097 0.990656996 0.000020906
QQ:/rc/rr: 0.000000000 0.999970939 0.000029061
QQ:/rrc/: 0.937699969 0.062300031 0.000000000
QQ:/rrc/cr: 0.999838592 0.000080704 0.000080704
QQ:/rrc/rr: 0.000000000 0.999991957 0.000008043
