J:/c: 0.283039660 0.716960340 0.000000000
J:/crr: 0.000000000 0.999912548 0.000087452
J:/r: 0.056960344 0.138748197 0.804291459
JJ:/cc/c: 0.999965476 0.000034524 0.000000000
JJ:/cc/crr: 0.000000000 0.999982737 0.000017263
JJ:/cc/r: 0.999920230 0.000056754 0.000023016
JJ:/crc/c: 0.999912548 0.000087452 0.000000000
JJ:/crc/crr: 0.000000000 0.999956270 0.000043730
JJ:/crc/r: 0.999438765 0.000502934 0.000058302
JJ:/crrc/c: 0.999956270 0.000043730 0.000000000
JJ:/crrc/crr: 0.000000000 0.999978134 0.000021866
JJ:/crrc/r: 0.999941693 0.000029153 0.000029153
JJ:/rc/c: 0.999881068 0.000118932 0.000000000
JJ:/rc/crr: 0.000000000 0.999940527 0.000059473
JJ:/rc/r: 0.999756843 0.000163869 0.000079288
JJ:/rrc/c: 0.999710296 0.000289704 0.000000000
JJ:/rrc/crr: 0.000000000 0.999855106 0.000144894
JJ:/rrc/r: 0.998577755 0.001229109 0.000193136
JK:/cc/c: 0.007004730 0.992995270 0.000000000
JK:/cc/crr: 0.000000000 0.002464348 0.997535652
JK:/cc/r: 0.000061733 0.000023016 0.999915251
JK:/crc/c: 0.535830513 0.464169487 0.000000000
JK:/crc/crr: 0.000000000 0.000081604 0.999918396
JK:/crc/r: 0.022095436 0.000058302 0.977846262
JK:/crrc/c: 0.617501791 0.382498209 0.000000000
JK:/crrc/crr: 0.000000000 0.000035409 0.999964591
JK:/crrc/r: 0.191701556 0.000030114 0.808268330
JK:/rc/c: 0.365615538 0.634384462 0.000000000
JK:/rc/crr: 0.000000000 0.000162647 0.999837353
JK:/rc/r: 0.341071710 0.000083354 0.658844935
JK:/rrc/c: 0.999710296 0.000289704 0.000000000
JK:/rrc/crr: 0.000000000 0.000144894 0.999855106
JK:/rrc/r: 0.226295550 0.000408994 0.773295457
JQ:/cc/c: 0.086964213 0.913035787 0.000000000
JQ:/cc/crr: 0.000000000 0.000198497 0.999801503
JQ:/cc/r: 0.026701651 0.000023016 0.973275333
JQ:/crc/c: 0.439324647 0.560675353 0.000000000
JQ:/crc/crr: 0.000000000 0.000099530 0.999900470
JQ:/crc/r: 0.014726552 0.000058302 0.985215146
JQ:/crrc/c: 0.037044037 0.962955963 0.000000000
JQ:/crrc/crr: 0.000000000 0.000590243 0.999409757
JQ:/crrc/r: 0.245545833 0.000029153 0.754425013
JQ:/rc/c: 0.977267039 0.022732961 0.000000000
JQ:/rc/crr: 0.000000000 0.000060849 0.999939151
JQ:/rc/r: 0.000079288 0.000079288 0.999841424
JQ:/rrc/c: 0.015327688 0.984672312 0.000000000
JQ:/rrc/crr: 0.000000000 0.009450355 0.990549645
JQ:/rrc/r: 0.325063845 0.000397917 0.674538239
K:/c: 0.988588095 0.011411905 0.000000000
K:/crr: 0.000000000 0.999974962 0.000025038
K:/r: 0.569036994 0.430930002 0.000033003
KJ:/cc/c: 0.011270948 0.988729052 0.000000000
KJ:/cc/crr: 0.000000000 0.903778962 0.096221038
KJ:/cc/r: 0.007462937 0.003053083 0.989483981
KJ:/crc/c: 0.124005986 0.875994014 0.000000000
KJ:/crc/crr: 0.000000000 0.999899044 0.000100956
KJ:/crc/r: 0.000303991 0.754672967 0.245023042
KJ:/crrc/c: 0.466493839 0.533506161 0.000000000
KJ:/crrc/crr: 0.000000000 0.970589669 0.029410331
KJ:/crrc/r: 0.022469066 0.894324080 0.083206853
KJ:/rc/c: 0.447804606 0.552195394 0.000000000
KJ:/rc/crr: 0.000000000 0.744792855 0.255207145
KJ:/rc/r: 0.036788657 0.747146470 0.216064873
KJ:/rrc/c: 0.067561963 0.932438037 0.000000000
KJ:/rrc/crr: 0.000000000 0.999785388 0.000214612
KJ:/rrc/r: 0.038795384 0.883223124 0.077981492
KK:/cc/c: 0.997830995 0.002169005 0.000000000
KK:/cc/crr: 0.000000000 0.998913140 0.001086860
KK:/cc/r: 0.994514122 0.004039875 0.001446003
KK:/crc/c: 0.999528692 0.000471308 0.000000000
KK:/crc/crr: 0.000000000 0.999987475 0.000012525
KK:/crc/r: 0.087992187 0.911991120 0.000016692
KK:/crrc/c: 0.999987481 0.000012519 0.000000000
KK:/crrc/crr: 0.000000000 0.999993740 0.000006260
KK:/crrc/r: 0.999983307 0.000008346 0.000008346
KK:/rc/c: 0.999961707 0.000038293 0.000000000
KK:/rc/crr: 0.000000000 0.999980853 0.000019147
KK:/rc/r: 0.999907953 0.000066518 0.000025529
KK:/rrc/c: 0.999971001 0.000028999 0.000000000
KK:/rrc/crr: 0.000000000 0.999985500 0.000014500
KK:/rrc/r: 0.999888366 0.000092301 0.000019333
KQ:/cc/c: 0.011270948 0.988729052 0.000000000
KQ:/cc/crr: 0.000000000 0.903778962 0.096221038
KQ:/cc/r: 0.007560001 0.989498727 0.002941272
KQ:/crc/c: 0.191054549 0.808945451 0.000000000
KQ:/crc/crr: 0.000000000 0.052777941 0.947222059
KQ:/crc/r: 0.000580484 0.450835957 0.548583559
KQ:/crrc/c: 0.611342814 0.388657186 0.000000000
KQ:/crrc/crr: 0.000000000 0.422115843 0.577884157
KQ:/crrc/r: 0.007818977 0.679485364 0.312695660
KQ:/rc/c: 0.000172165 0.999827835 0.000000000
KQ:/rc/crr: 0.000000000 0.888789624 0.111210376
KQ:/rc/r: 0.000130103 0.303258777 0.696611119
KQ:/rrc/c: 0.466817581 0.533182419 0.000000000
KQ:/rrc/crr: 0.000000000 0.582476037 0.417523963
KQ:/rrc/r: 0.093792944 0.560053998 0.346153058
Q:/c: 0.823719770 0.176280230 0.000000000
Q:/crr: 0.000000000 0.999969950 0.000030050
Q:/r: 0.321137819 0.674118624 0.004743557
QJ:/cc/c: 0.001601355 0.998398645 0.000000000
QJ:/cc/crr: 0.000000000 0.043842706 0.956157294
QJ:/cc/r: 0.000238070 0.000093610 0.999668320
QJ:/crc/c: 0.381558440 0.618441560 0.000000000
QJ:/crc/crr: 0.000000000 0.001036016 0.998963984
QJ:/crc/r: 0.000678512 0.000020033 0.999301455
QJ:/crrc/c: 0.000373609 0.999626391 0.000000000
QJ:/crrc/crr: 0.000000000 0.020108292 0.979891708
QJ:/crrc/r: 0.016460669 0.000010017 0.983529314
QJ:/rc/c: 0.000838655 0.999161345 0.000000000
QJ:/rc/crr: 0.000000000 0.014594106 0.985405894
QJ:/rc/r: 0.017495838 0.000016319 0.982487843
QJ:/rrc/c: 0.008232393 0.991767607 0.000000000
QJ:/rrc/crr: 0.000000000 0.062313678 0.937686322
QJ:/rrc/r: 0.000520083 0.000071712 0.999408205
QK:/cc/c: 0.278656592 0.721343408 0.000000000
QK:/cc/crr: 0.000000000 0.989687392 0.010312608
QK:/cc/r: 0.001076815 0.657893754 0.341029432
QK:/crc/c: 0.377910156 0.622089844 0.000000000
QK:/crc/crr: 0.000000000 0.079166382 0.920833618
QK:/crc/r: 0.019350882 0.474468656 0.506180462
QK:/crrc/c: 0.070651775 0.929348225 0.000000000
QK:/crrc/crr: 0.000000000 0.050206235 0.949793765
QK:/crrc/r: 0.000497488 0.316911514 0.682590999
QK:/rc/c: 0.359691704 0.640308296 0.000000000
QK:/rc/crr: 0.000000000 0.075348475 0.924651525
QK:/rc/r: 0.000664933 0.325291585 0.674043481
QK:/rrc/c: 0.407632880 0.592367120 0.000000000
QK:/rrc/crr: 0.000000000 0.002651576 0.997348424
QK:/rrc/r: 0.000510391 0.508264716 0.491224894
QQ:/cc/c: 0.999859585 0.000140415 0.000000000
QQ:/cc/crr: 0.000000000 0.999929782 0.000070218
QQ:/cc/r: 0.999652839 0.000253551 0.000093610
QQ:/crc/c: 0.999969950 0.000030050 0.000000000
QQ:/crc/crr: 0.000000000 0.999984975 0.000015025
QQ:/crc/r: 0.075907057 0.924072910 0.000020033
QQ:/crrc/c: 0.999984975 0.000015025 0.000000000
QQ:/crrc/crr: 0.000000000 0.999992487 0.000007513
QQ:/crrc/r: 0.999979966 0.000010017 0.000010017
QQ:/rc/c: 0.999975521 0.000024479 0.000000000
QQ:/rc/crr: 0.000000000 0.999987760 0.000012240
QQ:/rc/r: 0.037548016 0.962435665 0.000016319
QQ:/rrc/c: 0.999948615 0.000051385 0.000000000
QQ:/rrc/crr: 0.000000000 0.999974306 0.000025694
QQ:/rrc/r: 0.999744461 0.000221282 0.000034257
