J:/: 0.071429315 0.928570685 0.000000000
J:/cr: 0.022696486 0.031663629 0.945639885
J:/rr: 0.000000000 0.999653469 0.000346531
JJ:/cc/: 0.294433931 0.705566069 0.000000000
JJ:/cc/cr: 0.999974813 0.000012593 0.000012593
JJ:/cc/rr: 0.000000000 0.999954733 0.000045267
JJ:/crc/: 0.935148684 0.064851316 0.000000000
JJ:/crc/cr: 0.997115227 0.001442387 0.001442387
JJ:/crc/rr: 0.000000000 0.999849959 0.000150041
JJ:/crrc/: 0.948563371 0.051436629 0.000000000
JJ:/crrc/cr: 0.990349034 0.007113910 0.002537056
JJ:/crrc/rr: 0.000000000 0.999793639 0.000206361
JJ:/rc/: 0.720684052 0.279315948 0.000000000
JJ:/rc/cr: 0.999172905 0.000413547 0.000413547
JJ:/rc/rr: 0.000000000 0.999759582 0.000240418
JJ:/rrc/: 0.991377294 0.008622706 0.000000000
JJ:/rrc/cr: 0.986599288 0.006700356 0.006700356
JJ:/rrc/rr: 0.000000000 0.999912583 0.000087417
JK:/cc/: 0.101577234 0.898422766 0.000000000
JK:/cc/cr: 0.000038889 0.000009890 0.999951220
JK:/cc/rr: 0.000000000 0.000131213 0.999868787
JK:/crc/: 0.075843220 0.924156780 0.000000000
JK:/crc/cr: 0.057693771 0.000101217 0.942205012
JK:/crc/rr: 0.000000000 0.001850014 0.998149986
JK:/crrc/: 0.998738968 0.001261032 0.000000000
JK:/crrc/cr: 0.103484799 0.103484799 0.793030401
JK:/crrc/rr: 0.000000000 0.000195994 0.999804006
JK:/rc/: 0.933800202 0.066199798 0.000000000
JK:/rc/cr: 0.876295684 0.001744875 0.121959441
JK:/rc/rr: 0.000000000 0.000185549 0.999814451
JK:/rrc/: 0.450663612 0.549336388 0.000000000
JK:/rrc/cr: 0.712050024 0.000105173 0.287844804
JK:/rrc/rr: 0.000000000 0.000192300 0.999807700
JQ:/cc/: 0.131086208 0.868913792 0.000000000
JQ:/cc/cr: 0.000046270 0.000010226 0.999943504
JQ:/cc/rr: 0.000000000 0.000101676 0.999898324
JQ:/crc/: 0.964551514 0.035448486 0.000000000
JQ:/crc/cr: 0.002638778 0.002638778 0.994722445
JQ:/crc/rr: 0.000000000 0.000145468 0.999854532
JQ:/crrc/: 0.050769010 0.949230990 0.000000000
JQ:/crrc/cr: 0.024339194 0.000137477 0.975523329
JQ:/crrc/rr: 0.000000000 0.003855628 0.996144372
JQ:/rc/: 0.986147376 0.013852624 0.000000000
JQ:/rc/cr: 0.008338517 0.008338517 0.983322965
JQ:/rc/rr: 0.000000000 0.000175699 0.999824301
JQ:/rrc/: 0.094050642 0.905949358 0.000000000
JQ:/rrc/cr: 0.014635640 0.000063773 0.985300587
JQ:/rrc/rr: 0.000000000 0.000921448 0.999078552
K:/: 0.717643468 0.282356532 0.000000000
K:/cr: 0.773694294 0.226247264 0.000058443
K:/rr: 0.000000000 0.999965509 0.000034491
KJ:/cc/: 0.000254392 0.999745608 0.000000000
KJ:/cc/cr: 0.000211202 0.000035857 0.999752941
KJ:/cc/rr: 0.000000000 0.827699243 0.172300757
KJ:/crc/: 0.002414065 0.997585935 0.000000000
KJ:/crc/cr: 0.000374325 0.999582518 0.000043156
KJ:/crc/rr: 0.000000000 0.973249175 0.026750825
KJ:/crrc/: 0.092829078 0.907170922 0.000000000
KJ:/crrc/cr: 0.004236697 0.984912126 0.010851178
KJ:/crrc/rr: 0.000000000 0.553848657 0.446151343
KJ:/rc/: 0.051273154 0.948726846 0.000000000
KJ:/rc/cr: 0.013234985 0.926552235 0.060212780
KJ:/rc/rr: 0.000000000 0.412802758 0.587197242
KJ:/rrc/: 0.084793885 0.915206115 0.000000000
KJ:/rrc/cr: 0.006313823 0.992927330 0.000758846
KJ:/rrc/rr: 0.000000000 0.716424605 0.283575395
KK:/cc/: 0.998448784 0.001551216 0.000000000
KK:/cc/cr: 0.962324653 0.018837673 0.018837673
KK:/cc/rr: 0.000000000 0.999956100 0.000043900
KK:/crc/: 0.306646918 0.693353082 0.000000000
KK:/crc/cr: 0.999875815 0.000062093 0.000062093
KK:/crc/rr: 0.000000000 0.999789405 0.000210595
KK:/crrc/: 0.934318099 0.065681901 0.000000000
KK:/crrc/cr: 0.999616652 0.000191674 0.000191674
KK:/crrc/rr: 0.000000000 0.999979788 0.000020212
KK:/rc/: 0.887025338 0.112974662 0.000000000
KK:/rc/cr: 0.999795544 0.000102689 0.000101767
KK:/rc/rr: 0.000000000 0.999980558 0.000019442
KK:/rrc/: 0.492079974 0.507920026 0.000000000
KK:/rrc/cr: 0.951135380 0.048853302 0.000011318
KK:/rrc/rr: 0.000000000 0.999982476 0.000017524
KQ:/cc/: 0.000467384 0.999532616 0.000000000
KQ:/cc/cr: 0.000373751 0.361109736 0.638516513
KQ:/cc/rr: 0.000000000 0.906218463 0.093781537
KQ:/crc/: 0.536449278 0.463550722 0.000000000
KQ:/crc/cr: 0.000826092 0.571549525 0.427624383
KQ:/crc/rr: 0.000000000 0.000120381 0.999879619
KQ:/crrc/: 0.119210289 0.880789711 0.000000000
KQ:/crrc/cr: 0.065237521 0.663974404 0.270788075
KQ:/crrc/rr: 0.000000000 0.397400179 0.602599821
KQ:/rc/: 0.171007040 0.828992960 0.000000000
KQ:/rc/cr: 0.000343754 0.493575585 0.506080662
KQ:/rc/rr: 0.000000000 0.000820607 0.999179393
KQ:/rrc/: 0.692219979 0.307780021 0.000000000
KQ:/rrc/cr: 0.054562963 0.694868907 0.250568129
KQ:/rrc/rr: 0.000000000 0.419660840 0.580339160
Q:/: 0.698764073 0.301235927 0.000000000
Q:/cr: 0.246633183 0.582421281 0.170945536
Q:/rr: 0.000000000 0.999964577 0.000035423
QJ:/cc/: 0.000082170 0.999917830 0.000000000
QJ:/cc/cr: 0.000106513 0.000027392 0.999866095
QJ:/cc/rr: 0.000000000 0.500000000 0.500000000
QJ:/crc/: 0.029148138 0.970851862 0.000000000
QJ:/crc/cr: 0.001488664 0.000016147 0.998495189
QJ:/crc/rr: 0.000000000 0.000806701 0.999193299
QJ:/crrc/: 0.001532856 0.998467144 0.000000000
QJ:/crrc/cr: 0.000214187 0.000037075 0.999748738
QJ:/crrc/rr: 0.000000000 0.036224935 0.963775065
QJ:/rc/: 0.005470054 0.994529946 0.000000000
QJ:/rc/cr: 0.000177946 0.000011873 0.999810181
QJ:/rc/rr: 0.000000000 0.003237922 0.996762078
QJ:/rrc/: 0.000455036 0.999544964 0.000000000
QJ:/rrc/cr: 0.000022705 0.000005907 0.999971388
QJ:/rrc/rr: 0.000000000 0.019462460 0.980537540
QK:/cc/: 0.001520327 0.998479673 0.000000000
QK:/cc/cr: 0.334585999 0.665362812 0.000051189
QK:/cc/rr: 0.000000000 0.972976293 0.027023707
QK:/crc/: 0.033594028 0.966405972 0.000000000
QK:/crc/cr: 0.000016221 0.571540436 0.428443344
QK:/crc/rr: 0.000000000 0.000699941 0.999300059
QK:/crrc/: 0.623243773 0.376756227 0.000000000
QK:/crrc/cr: 0.000139252 0.637872856 0.361987892
QK:/crrc/rr: 0.000000000 0.002322841 0.997677159
QK:/rc/: 0.588928545 0.411071455 0.000000000
QK:/rc/cr: 0.001872280 0.545611529 0.452516191
QK:/rc/rr: 0.000000000 0.266590314 0.733409686
QK:/rrc/: 0.119467547 0.880532453 0.000000000
QK:/rrc/cr: 0.000006705 0.301825166 0.698168129
QK:/rrc/rr: 0.000000000 0.004243507 0.995756493
QQ:/cc/: 0.311430808 0.688569192 0.000000000
QQ:/cc/cr: 0.999920444 0.000039778 0.000039778
QQ:/cc/rr: 0.000000000 0.999868077 0.000131923
QQ:/crc/: 0.972381027 0.027618973 0.000000000
QQ:/crc/cr: 0.998864846 0.000567577 0.000567577
QQ:/crc/rr: 0.000000000 0.999975818 0.000024182
QQ:/crrc/: 0.550691718 0.449308282 0.000000000
QQ:/crrc/cr: 0.999835220 0.000082390 0.000082390
QQ:/crrc/rr: 0.000000000 0.999899167 0.000100833
QQ:/rc/: 0.636442404 0.363557596 0.000000000
QQ:/rc/cr: 0.103878025 0.896089497 0.000032478
QQ:/rc/rr: 0.000000000 0.999972171 0.000027829
QQ:/rrc/: 0.955580134 0.044419866 0.000000000
QQ:/rrc/cr: 0.999734169 0.000132915 0.000132915
QQ:/rrc/rr: 0.000000000 0.999990732 0.000009268
