J:/c: 0.264796300 0.735203700 0.000000000
J:/crr: 0.000000000 0.999906523 0.000093477
J:/r: 0.056623492 0.133113203 0.810263305
JJ:/cc/c: 0.999966332 0.000033668 0.000000000
JJ:/cc/crr: 0.000000000 0.999983166 0.000016834
JJ:/cc/r: 0.999912760 0.000064795 0.000022445
JJ:/crc/c: 0.999906523 0.000093477 0.000000000
JJ:/crc/crr: 0.000000000 0.999953257 0.000046743
JJ:/crc/r: 0.999555391 0.000382291 0.000062318
JJ:/crrc/c: 0.999953257 0.000046743 0.000000000
JJ:/crrc/crr: 0.000000000 0.999976627 0.000023373
JJ:/crrc/r: 0.999908703 0.000060135 0.000031162
JJ:/rc/c: 0.999876033 0.000123967 0.000000000
JJ:/rc/crr: 0.000000000 0.999938009 0.000061991
JJ:/rc/r: 0.999734669 0.000182686 0.000082645
JJ:/rrc/c: 0.999708572 0.000291428 0.000000000
JJ:/rrc/crr: 0.000000000 0.999854244 0.000145756
JJ:/rrc/r: 0.998604010 0.001201705 0.000194285
JK:/cc/c: 0.010185493 0.989814507 0.000000000
JK:/cc/crr: 0.000000000 0.001652719 0.998347281
JK:/cc/r: 0.000061230 0.000022445 0.999916325
JK:/crc/c: 0.590366776 0.409633224 0.000000000
JK:/crc/crr: 0.000000000 0.000079169 0.999920831
JK:/crc/r: 0.037261232 0.000062318 0.962676450
JK:/crrc/c: 0.684227696 0.315772304 0.000000000
JK:/crrc/crr: 0.000000000 0.000034158 0.999965842
JK:/crrc/r: 0.197809590 0.000054180 0.802136230
JK:/rc/c: 0.378029589 0.621970411 0.000000000
JK:/rc/crr: 0.000000000 0.000163965 0.999836035
JK:/rc/r: 0.333969465 0.000084134 0.665946401
JK:/rrc/c: 0.997963818 0.002036182 0.000000000
JK:/rrc/crr: 0.000000000 0.000146011 0.999853989
JK:/rrc/r: 0.251602644 0.000485871 0.747911485
JQ:/cc/c: 0.074647890 0.925352110 0.000000000
JQ:/cc/crr: 0.000000000 0.000225509 0.999774491
JQ:/cc/r: 0.032957413 0.000022445 0.967020142
JQ:/crc/c: 0.701299563 0.298700437 0.000000000
JQ:/crc/crr: 0.000000000 0.000066646 0.999933354
JQ:/crc/r: 0.027156100 0.000062752 0.972781148
JQ:/crrc/c: 0.034578733 0.965421267 0.000000000
JQ:/crrc/crr: 0.000000000 0.005311700 0.994688300
JQ:/crrc/r: 0.181868700 0.000031162 0.818100138
JQ:/rc/c: 0.972481474 0.027518526 0.000000000
JQ:/rc/crr: 0.000000000 0.000063737 0.999936263
JQ:/rc/r: 0.000085077 0.000082645 0.999832279
JQ:/rrc/c: 0.007357645 0.992642355 0.000000000
JQ:/rrc/crr: 0.000000000 0.019804410 0.980195590
JQ:/rrc/r: 0.312812230 0.000349461 0.686838309
K:/c: 0.999820527 0.000179473 0.000000000
K:/crr: 0.000000000 0.999975243 0.000024757
K:/r: 0.566266731 0.433700266 0.000033003
KJ:/cc/c: 0.715939467 0.284060533 0.000000000
KJ:/cc/crr: 0.000000000 0.903680513 0.096319487
KJ:/cc/r: 0.478167255 0.189475649 0.332357096
KJ:/crc/c: 0.297256079 0.702743921 0.000000000
KJ:/crc/crr: 0.000000000 0.707074949 0.292925051
KJ:/crc/r: 0.000314968 0.761886585 0.237798448
KJ:/crrc/c: 0.247572958 0.752427042 0.000000000
KJ:/crrc/crr: 0.000000000 0.999343954 0.000656046
KJ:/crrc/r: 0.172507262 0.691441129 0.136051609
KJ:/rc/c: 0.510637135 0.489362865 0.000000000
KJ:/rc/crr: 0.000000000 0.874044156 0.125955844
KJ:/rc/r: 0.086216961 0.769344494 0.144438545
KJ:/rrc/c: 0.121679018 0.878320982 0.000000000
KJ:/rrc/crr: 0.000000000 0.999880254 0.000119746
KJ:/rrc/r: 0.010542190 0.928767777 0.060690033
KK:/cc/c: 0.862082155 0.137917845 0.000000000
KK:/cc/crr: 0.000000000 0.920008874 0.079991126
KK:/cc/r: 0.676963504 0.231091266 0.091945230
KK:/crc/c: 0.999496998 0.000503002 0.000000000
KK:/crc/crr: 0.000000000 0.999987615 0.000012385
KK:/crc/r: 0.336815395 0.663168100 0.000016505
KK:/crrc/c: 0.999987621 0.000012379 0.000000000
KK:/crrc/crr: 0.000000000 0.999993811 0.000006189
KK:/crrc/r: 0.999983495 0.000008253 0.000008253
KK:/rc/c: 0.999961951 0.000038049 0.000000000
KK:/rc/crr: 0.000000000 0.999980975 0.000019025
KK:/rc/r: 0.999910081 0.000064553 0.000025366
KK:/rrc/c: 0.999970859 0.000029141 0.000000000
KK:/rrc/crr: 0.000000000 0.999985429 0.000014571
KK:/rrc/r: 0.999889354 0.000091219 0.000019427
KQ:/cc/c: 0.715939467 0.284060533 0.000000000
KQ:/cc/crr: 0.000000000 0.903680513 0.096319487
KQ:/cc/r: 0.472473055 0.341274824 0.186252122
KQ:/crc/c: 0.271632999 0.728367001 0.000000000
KQ:/crc/crr: 0.000000000 0.010124253 0.989875747
KQ:/crc/r: 0.000683332 0.455029338 0.544287330
KQ:/crrc/c: 0.650767607 0.349232393 0.000000000
KQ:/crrc/crr: 0.000000000 0.435306308 0.564693692
KQ:/crrc/r: 0.138707818 0.490252490 0.371039692
KQ:/rc/c: 0.007857917 0.992142083 0.000000000
KQ:/rc/crr: 0.000000000 0.032633789 0.967366211
KQ:/rc/r: 0.000127733 0.319829875 0.680042392
KQ:/rrc/c: 0.511502926 0.488497074 0.000000000
KQ:/rrc/crr: 0.000000000 0.551142104 0.448857896
KQ:/rrc/r: 0.113416393 0.506452601 0.380131006
Q:/c: 0.830757213 0.169242787 0.000000000
Q:/crr: 0.000000000 0.999970205 0.000029795
Q:/r: 0.345067630 0.653658656 0.001273714
QJ:/cc/c: 0.001416780 0.998583220 0.000000000
QJ:/cc/crr: 0.000000000 0.051614997 0.948385003
QJ:/cc/r: 0.000259508 0.000097503 0.999642989
QJ:/crc/c: 0.350281700 0.649718300 0.000000000
QJ:/crc/crr: 0.000000000 0.000080916 0.999919084
QJ:/crc/r: 0.000771778 0.000019863 0.999208358
QJ:/crrc/c: 0.000518228 0.999481772 0.000000000
QJ:/crrc/crr: 0.000000000 0.168927229 0.831072771
QJ:/crrc/r: 0.019280023 0.000009932 0.980710045
QJ:/rc/c: 0.000463859 0.999536141 0.000000000
QJ:/rc/crr: 0.000000000 0.027212018 0.972787982
QJ:/rc/r: 0.007105362 0.000016830 0.992877808
QJ:/rrc/c: 0.001199804 0.998800196 0.000000000
QJ:/rrc/crr: 0.000000000 0.362343315 0.637656685
QJ:/rrc/r: 0.011320303 0.000070459 0.988609238
QK:/cc/c: 0.154229361 0.845770639 0.000000000
QK:/cc/crr: 0.000000000 0.999525855 0.000474145
QK:/cc/r: 0.001393757 0.730082354 0.268523890
QK:/crc/c: 0.364475991 0.635524009 0.000000000
QK:/crc/crr: 0.000000000 0.119860152 0.880139848
QK:/crc/r: 0.000651997 0.463134462 0.536213541
QK:/crrc/c: 0.039953591 0.960046409 0.000000000
QK:/crrc/crr: 0.000000000 0.056682651 0.943317349
QK:/crrc/r: 0.000521629 0.336055543 0.663422828
QK:/rc/c: 0.370634417 0.629365583 0.000000000
QK:/rc/crr: 0.000000000 0.047532822 0.952467178
QK:/rc/r: 0.000055453 0.326609651 0.673334896
QK:/rrc/c: 0.384988358 0.615011642 0.000000000
QK:/rrc/crr: 0.000000000 0.035356036 0.964643964
QK:/rrc/r: 0.000455469 0.519627519 0.479917012
QQ:/cc/c: 0.999853746 0.000146254 0.000000000
QQ:/cc/crr: 0.000000000 0.999926862 0.000073138
QQ:/cc/r: 0.645052596 0.354849901 0.000097503
QQ:/crc/c: 0.999970205 0.000029795 0.000000000
QQ:/crc/crr: 0.000000000 0.999985102 0.000014898
QQ:/crc/r: 0.999278952 0.000701185 0.000019863
QQ:/crrc/c: 0.999985102 0.000014898 0.000000000
QQ:/crrc/crr: 0.000000000 0.999992551 0.000007449
QQ:/crrc/r: 0.999980136 0.000009932 0.000009932
QQ:/rc/c: 0.999974755 0.000025245 0.000000000
QQ:/rc/crr: 0.000000000 0.999987377 0.000012623
QQ:/rc/r: 0.999936986 0.000046184 0.000016830
QQ:/rrc/c: 0.999878204 0.000121796 0.000000000
QQ:/rrc/crr: 0.000000000 0.999976086 0.000023914
QQ:/rrc/r: 0.999726855 0.000241264 0.000031881
