J:/: 0.091005651 0.908994349 0.000000000
J:/cr: 0.014557573 0.048164350 0.937278077
J:/rr: 0.000000000 0.999728012 0.000271988
JJ:/cc/: 0.536603607 0.463396393 0.000000000
JJ:/cc/cr: 0.999960825 0.000019588 0.000019588
JJ:/cc/rr: 0.000000000 0.999974627 0.000025373
JJ:/crc/: 0.834556069 0.165443931 0.000000000
JJ:/crc/cr: 0.999240604 0.000379698 0.000379698
JJ:/crc/rr: 0.000000000 0.999887092 0.000112908
JJ:/crrc/: 0.874724214 0.125275786 0.000000000
JJ:/crrc/cr: 0.996681905 0.001659048 0.001659048
JJ:/crrc/rr: 0.000000000 0.999643593 0.000356407
JJ:/rc/: 0.380151414 0.619848586 0.000000000
JJ:/rc/cr: 0.999707468 0.000146266 0.000146266
JJ:/rc/rr: 0.000000000 0.999642263 0.000357737
JJ:/rrc/: 0.997101659 0.002898341 0.000000000
JJ:/rrc/cr: 0.968710563 0.015644718 0.015644718
JJ:/rrc/rr: 0.000000000 0.999931787 0.000068213
JK:/cc/: 0.079885057 0.920114943 0.000000000
JK:/cc/cr: 0.000907121 0.000009865 0.999083014
JK:/cc/rr: 0.000000000 0.000170436 0.999829564
JK:/crc/: 0.043900543 0.956099457 0.000000000
JK:/crc/cr: 0.029912765 0.000065703 0.970021532
JK:/crc/rr: 0.000000000 0.002146400 0.997853600
JK:/crrc/: 0.997919053 0.002080947 0.000000000
JK:/crrc/cr: 0.099876853 0.099876853 0.800246294
JK:/crrc/rr: 0.000000000 0.000312408 0.999687592
JK:/rc/: 0.978512318 0.021487682 0.000000000
JK:/rc/cr: 0.821173498 0.004219291 0.174607211
JK:/rc/rr: 0.000000000 0.000138981 0.999861019
JK:/rrc/: 0.346343674 0.653656326 0.000000000
JK:/rrc/cr: 0.223438787 0.000069369 0.776491844
JK:/rrc/rr: 0.000000000 0.000196382 0.999803618
JQ:/cc/: 0.264170321 0.735829679 0.000000000
JQ:/cc/cr: 0.000050410 0.000012336 0.999937254
JQ:/cc/rr: 0.000000000 0.000051540 0.999948460
JQ:/crc/: 0.947884861 0.052115139 0.000000000
JQ:/crc/cr: 0.001205384 0.001205384 0.997589232
JQ:/crc/rr: 0.000000000 0.000099409 0.999900591
JQ:/crrc/: 0.147951003 0.852048997 0.000000000
JQ:/crrc/cr: 0.035013383 0.000243928 0.964742689
JQ:/crrc/rr: 0.000000000 0.002107169 0.997892831
JQ:/rc/: 0.765378151 0.234621849 0.000000000
JQ:/rc/cr: 0.000386421 0.000386421 0.999227158
JQ:/rc/rr: 0.000000000 0.000177682 0.999822318
JQ:/rrc/: 0.139936855 0.860063145 0.000000000
JQ:/rrc/cr: 0.002142645 0.000052721 0.997804633
JQ:/rrc/rr: 0.000000000 0.000486045 0.999513955
K:/: 0.776860886 0.223139114 0.000000000
K:/cr: 0.574177701 0.425748346 0.000073952
K:/rr: 0.000000000 0.999968138 0.000031862
KJ:/cc/: 0.000316348 0.999683652 0.000000000
KJ:/cc/cr: 0.000268887 0.000046440 0.999684673
KJ:/cc/rr: 0.000000000 0.824673585 0.175326415
KJ:/crc/: 0.001736404 0.998263596 0.000000000
KJ:/crc/cr: 0.001224206 0.998746794 0.000029000
KJ:/crc/rr: 0.000000000 0.974991484 0.025008516
KJ:/crrc/: 0.042761277 0.957238723 0.000000000
KJ:/crrc/cr: 0.002469088 0.983482010 0.014048902
KJ:/crrc/rr: 0.000000000 0.418540492 0.581459508
KJ:/rc/: 0.000608930 0.999391070 0.000000000
KJ:/rc/cr: 0.062186924 0.745794096 0.192018980
KJ:/rc/rr: 0.000000000 0.973837573 0.026162427
KJ:/rrc/: 0.120907041 0.879092959 0.000000000
KJ:/rrc/cr: 0.004062956 0.995426189 0.000510855
KJ:/rrc/rr: 0.000000000 0.538940656 0.461059344
KK:/cc/: 0.981843674 0.018156326 0.000000000
KK:/cc/cr: 0.995926913 0.002036544 0.002036544
KK:/cc/rr: 0.000000000 0.999943510 0.000056490
KK:/crc/: 0.118768387 0.881231613 0.000000000
KK:/crc/cr: 0.999934297 0.000032852 0.000032852
KK:/crc/rr: 0.000000000 0.999634373 0.000365627
KK:/crrc/: 0.996231425 0.003768575 0.000000000
KK:/crrc/cr: 0.988607819 0.005696091 0.005696091
KK:/crrc/rr: 0.000000000 0.999967679 0.000032321
KK:/rc/: 0.814883485 0.185116515 0.000000000
KK:/rc/cr: 0.999855717 0.000086910 0.000057373
KK:/rc/rr: 0.000000000 0.999980450 0.000019550
KK:/rrc/: 0.393971152 0.606028848 0.000000000
KK:/rrc/cr: 0.999982474 0.000008763 0.000008763
KK:/rrc/rr: 0.000000000 0.999979781 0.000020219
KQ:/cc/: 0.000902576 0.999097424 0.000000000
KQ:/cc/cr: 0.000294929 0.420316911 0.579388160
KQ:/cc/rr: 0.000000000 0.938548970 0.061451030
KQ:/crc/: 0.862151522 0.137848478 0.000000000
KQ:/crc/cr: 0.001635489 0.475468224 0.522896287
KQ:/crc/rr: 0.000000000 0.000050368 0.999949632
KQ:/crrc/: 0.022298335 0.977701665 0.000000000
KQ:/crrc/cr: 0.027026720 0.781470805 0.191502475
KQ:/crrc/rr: 0.000000000 0.162081899 0.837918101
KQ:/rc/: 0.000130764 0.999869236 0.000000000
KQ:/rc/cr: 0.000240964 0.510184259 0.489574777
KQ:/rc/rr: 0.000000000 0.878169159 0.121830841
KQ:/rrc/: 0.590734013 0.409265987 0.000000000
KQ:/rrc/cr: 0.042566327 0.843261329 0.114172344
KQ:/rrc/rr: 0.000000000 0.381288878 0.618711122
Q:/: 0.688385879 0.311614121 0.000000000
Q:/cr: 0.096837800 0.899921194 0.003241006
Q:/rr: 0.000000000 0.999964043 0.000035957
QJ:/cc/: 0.000079433 0.999920567 0.000000000
QJ:/cc/cr: 0.000108549 0.000026480 0.999864971
QJ:/cc/rr: 0.000000000 0.500000000 0.500000000
QJ:/crc/: 0.025127480 0.974872520 0.000000000
QJ:/crc/cr: 0.005284984 0.000010060 0.994704956
QJ:/crc/rr: 0.000000000 0.000850374 0.999149626
QJ:/crrc/: 0.039891983 0.960108017 0.000000000
QJ:/crrc/cr: 0.002363017 0.000094928 0.997542055
QJ:/crrc/rr: 0.000000000 0.003427044 0.996572956
QJ:/rc/: 0.012593929 0.987406071 0.000000000
QJ:/rc/cr: 0.000327850 0.000012139 0.999660011
QJ:/rc/rr: 0.000000000 0.001427564 0.998572436
QJ:/rrc/: 0.000017979 0.999982021 0.000000000
QJ:/rrc/cr: 0.000026832 0.000005993 0.999967175
QJ:/rrc/rr: 0.000000000 0.500000000 0.500000000
QK:/cc/: 0.010445921 0.989554079 0.000000000
QK:/cc/cr: 0.109715082 0.890233143 0.000051776
QK:/cc/rr: 0.000000000 0.996197889 0.003802111
QK:/crc/: 0.005516347 0.994483653 0.000000000
QK:/crc/cr: 0.000009862 0.576748812 0.423241326
QK:/crc/rr: 0.000000000 0.002666823 0.997333177
QK:/crrc/: 0.980853902 0.019146098 0.000000000
QK:/crrc/cr: 0.007177012 0.595082689 0.397740299
QK:/crrc/rr: 0.000000000 0.003621412 0.996378588
QK:/rc/: 0.364297507 0.635702493 0.000000000
QK:/rc/cr: 0.004244237 0.506713676 0.489042086
QK:/rc/rr: 0.000000000 0.091412200 0.908587800
QK:/rrc/: 0.102448814 0.897551186 0.000000000
QK:/rrc/cr: 0.000337756 0.297326589 0.702335656
QK:/rrc/rr: 0.000000000 0.004956165 0.995043835
QQ:/cc/: 0.611531691 0.388468309 0.000000000
QQ:/cc/cr: 0.090441356 0.909490485 0.000068159
QQ:/cc/rr: 0.000000000 0.999935054 0.000064946
QQ:/crc/: 0.976750414 0.023249586 0.000000000
QQ:/crc/cr: 0.094181282 0.905396886 0.000421832
QQ:/crc/rr: 0.000000000 0.999984939 0.000015061
QQ:/crrc/: 0.316172256 0.683827744 0.000000000
QQ:/crrc/cr: 0.999733439 0.000133281 0.000133281
QQ:/crrc/rr: 0.000000000 0.999567604 0.000432396
QQ:/rc/: 0.554028402 0.445971598 0.000000000
QQ:/rc/cr: 0.022430658 0.977542467 0.000026876
QQ:/rc/rr: 0.000000000 0.999967549 0.000032451
QQ:/rrc/: 0.966346301 0.033653699 0.000000000
QQ:/rrc/cr: 0.999643837 0.000178081 0.000178081
QQ:/rrc/rr: 0.000000000 0.999990697 0.000009303
