J:/: 0.090723603 0.909276397 0.000000000
J:/cr: 0.016030777 0.046845458 0.937123765
J:/rr: 0.000000000 0.999727166 0.000272834
JJ:/cc/: 0.001415937 0.998584063 0.000000000
JJ:/cc/cr: 0.999981826 0.000009087 0.000009087
JJ:/cc/rr: 0.000000000 0.990387225 0.009612775
JJ:/crc/: 0.905305692 0.094694308 0.000000000
JJ:/crc/cr: 0.998636300 0.000681850 0.000681850
JJ:/crc/rr: 0.000000000 0.999893018 0.000106982
JJ:/crrc/: 0.993911227 0.006088773 0.000000000
JJ:/crrc/cr: 0.938023671 0.030988165 0.030988165
JJ:/crrc/rr: 0.000000000 0.999715246 0.000284754
JJ:/rc/: 0.722292986 0.277707014 0.000000000
JJ:/rc/cr: 0.999345032 0.000327484 0.000327484
JJ:/rc/rr: 0.000000000 0.999811133 0.000188867
JJ:/rrc/: 0.983684587 0.016315413 0.000000000
JJ:/rrc/cr: 0.994424324 0.002787838 0.002787838
JJ:/rrc/rr: 0.000000000 0.999930641 0.000069359
JK:/cc/: 0.081891684 0.918108316 0.000000000
JK:/cc/cr: 0.000042511 0.000009883 0.999947606
JK:/cc/rr: 0.000000000 0.000166208 0.999833792
JK:/crc/: 0.087916635 0.912083365 0.000000000
JK:/crc/cr: 0.041825750 0.000070791 0.958103459
JK:/crc/rr: 0.000000000 0.001101623 0.998898377
JK:/crrc/: 0.998188976 0.001811024 0.000000000
JK:/crrc/cr: 0.104184071 0.104184071 0.791631859
JK:/crrc/rr: 0.000000000 0.000283533 0.999716467
JK:/rc/: 0.913318419 0.086681581 0.000000000
JK:/rc/cr: 0.933544057 0.001049181 0.065406762
JK:/rc/rr: 0.000000000 0.000149364 0.999850636
JK:/rrc/: 0.459373395 0.540626605 0.000000000
JK:/rrc/cr: 0.524560699 0.000084133 0.475355167
JK:/rrc/rr: 0.000000000 0.000148522 0.999851478
JQ:/cc/: 0.206906358 0.793093642 0.000000000
JQ:/cc/cr: 0.000047145 0.000011441 0.999941414
JQ:/cc/rr: 0.000000000 0.000065784 0.999934216
JQ:/crc/: 0.871239531 0.128760469 0.000000000
JQ:/crc/cr: 0.033989370 0.000501453 0.965509177
JQ:/crc/rr: 0.000000000 0.000111165 0.999888835
JQ:/crrc/: 0.173963027 0.826036973 0.000000000
JQ:/crrc/cr: 0.185655403 0.000228416 0.814116181
JQ:/crrc/rr: 0.000000000 0.001626897 0.998373103
JQ:/rc/: 0.956435784 0.043564216 0.000000000
JQ:/rc/cr: 0.002087600 0.002087600 0.995824801
JQ:/rc/rr: 0.000000000 0.000142631 0.999857369
JQ:/rrc/: 0.083317736 0.916682264 0.000000000
JQ:/rrc/cr: 0.000049619 0.000049619 0.999900762
JQ:/rrc/rr: 0.000000000 0.000818878 0.999181122
K:/: 0.771745086 0.228254914 0.000000000
K:/cr: 0.652853766 0.347073939 0.000072295
K:/rr: 0.000000000 0.999967927 0.000032073
KJ:/cc/: 0.000309394 0.999690606 0.000000000
KJ:/cc/cr: 0.000262296 0.000045332 0.999692372
KJ:/cc/rr: 0.000000000 0.824750395 0.175249605
KJ:/crc/: 0.003384783 0.996615217 0.000000000
KJ:/crc/cr: 0.000694897 0.999270269 0.000034834
KJ:/crc/rr: 0.000000000 0.984615107 0.015384893
KJ:/crrc/: 0.072577206 0.927422794 0.000000000
KJ:/crrc/cr: 0.000019900 0.999847383 0.000132716
KJ:/crrc/rr: 0.000000000 0.601525079 0.398474921
KJ:/rc/: 0.057236107 0.942763893 0.000000000
KJ:/rc/cr: 0.044473804 0.858512610 0.097013586
KJ:/rc/rr: 0.000000000 0.297566160 0.702433840
KJ:/rrc/: 0.102239845 0.897760155 0.000000000
KJ:/rrc/cr: 0.005101512 0.991380989 0.003517500
KJ:/rrc/rr: 0.000000000 0.537014395 0.462985605
KK:/cc/: 0.991046637 0.008953363 0.000000000
KK:/cc/cr: 0.991925400 0.004037300 0.004037300
KK:/cc/rr: 0.000000000 0.999945289 0.000054711
KK:/crc/: 0.173933985 0.826066015 0.000000000
KK:/crc/cr: 0.999915948 0.000042026 0.000042026
KK:/crc/rr: 0.000000000 0.999700608 0.000299392
KK:/crrc/: 0.983899071 0.016100929 0.000000000
KK:/crrc/cr: 0.997707448 0.001146276 0.001146276
KK:/crrc/rr: 0.000000000 0.999971863 0.000028137
KK:/rc/: 0.896260384 0.103739616 0.000000000
KK:/rc/cr: 0.999741868 0.000155075 0.000103057
KK:/rc/rr: 0.000000000 0.999982107 0.000017893
KK:/rrc/: 0.535116008 0.464883992 0.000000000
KK:/rrc/cr: 0.895611605 0.104376896 0.000011499
KK:/rrc/rr: 0.000000000 0.999985015 0.000014985
KQ:/cc/: 0.001538521 0.998461479 0.000000000
KQ:/cc/cr: 0.000262771 0.515910104 0.483827125
KQ:/cc/rr: 0.000000000 0.964757638 0.035242362
KQ:/crc/: 0.503652132 0.496347868 0.000000000
KQ:/crc/cr: 0.000629695 0.629245198 0.370125107
KQ:/crc/rr: 0.000000000 0.000103394 0.999896606
KQ:/crrc/: 0.039410736 0.960589264 0.000000000
KQ:/crrc/cr: 0.028782125 0.798537710 0.172680165
KQ:/crrc/rr: 0.000000000 0.067341575 0.932658425
KQ:/rc/: 0.000141919 0.999858081 0.000000000
KQ:/rc/cr: 0.000244505 0.513649342 0.486106154
KQ:/rc/rr: 0.000000000 0.887001355 0.112998645
KQ:/rrc/: 0.664533630 0.335466370 0.000000000
KQ:/rrc/cr: 0.045126567 0.790164938 0.164708495
KQ:/rrc/rr: 0.000000000 0.400353743 0.599646257
Q:/: 0.727639678 0.272360322 0.000000000
Q:/cr: 0.154346425 0.842799953 0.002853621
Q:/rr: 0.000000000 0.999965983 0.000034017
QJ:/cc/: 0.000090881 0.999909119 0.000000000
QJ:/cc/cr: 0.000121799 0.000030297 0.999847904
QJ:/cc/rr: 0.000000000 0.500000000 0.500000000
QJ:/crc/: 0.034750346 0.965249654 0.000000000
QJ:/crc/cr: 0.007511998 0.000012413 0.992475589
QJ:/crc/rr: 0.000000000 0.000517178 0.999482822
QJ:/crrc/: 0.002686769 0.997313231 0.000000000
QJ:/crrc/cr: 0.000814683 0.000109406 0.999075911
QJ:/crrc/rr: 0.000000000 0.036525545 0.963474455
QJ:/rc/: 0.013379767 0.986620233 0.000000000
QJ:/rc/cr: 0.000343852 0.000011493 0.999644655
QJ:/rc/rr: 0.000000000 0.001271229 0.998728771
QJ:/rrc/: 0.000017009 0.999982991 0.000000000
QJ:/rrc/cr: 0.000025177 0.000005670 0.999969153
QJ:/rrc/rr: 0.000000000 0.500000000 0.500000000
QK:/cc/: 0.179747602 0.820252398 0.000000000
QK:/cc/cr: 0.006788331 0.969398889 0.023812780
QK:/cc/rr: 0.000000000 0.164450229 0.835549771
QK:/crc/: 0.004335790 0.995664210 0.000000000
QK:/crc/cr: 0.000012034 0.564867384 0.435120582
QK:/crc/rr: 0.000000000 0.004145060 0.995854940
QK:/crrc/: 0.758124582 0.241875418 0.000000000
QK:/crrc/cr: 0.000359360 0.677121513 0.322519127
QK:/crrc/rr: 0.000000000 0.003351622 0.996648378
QK:/rc/: 0.498359016 0.501640984 0.000000000
QK:/rc/cr: 0.014083704 0.538428502 0.447487794
QK:/rc/rr: 0.000000000 0.188054031 0.811945969
QK:/rrc/: 0.131516427 0.868483573 0.000000000
QK:/rrc/cr: 0.000006528 0.298404876 0.701588596
QK:/rrc/rr: 0.000000000 0.003852907 0.996147093
QQ:/cc/: 0.615246274 0.384753726 0.000000000
QQ:/cc/cr: 0.999842529 0.000078736 0.000078736
QQ:/cc/rr: 0.000000000 0.999926142 0.000073858
QQ:/crc/: 0.947883458 0.052116542 0.000000000
QQ:/crc/cr: 0.999540207 0.000229896 0.000229896
QQ:/crc/rr: 0.000000000 0.999981040 0.000018960
QQ:/crrc/: 0.565084590 0.434915410 0.000000000
QQ:/crrc/cr: 0.999699142 0.000150429 0.000150429
QQ:/crrc/rr: 0.000000000 0.999826335 0.000173665
QQ:/rc/: 0.593656412 0.406343588 0.000000000
QQ:/rc/cr: 0.999944189 0.000027905 0.000027905
QQ:/rc/rr: 0.000000000 0.999971349 0.000028651
QQ:/rrc/: 0.963513895 0.036486105 0.000000000
QQ:/rrc/cr: 0.999689209 0.000155395 0.000155395
QQ:/rrc/rr: 0.000000000 0.999991173 0.000008827
