J:/: 0.072476621 0.927523379 0.000000000
J:/cr: 0.021177229 0.023589470 0.955233302
J:/rr: 0.000000000 0.999658476 0.000341524
JJ:/cc/: 0.001409163 0.998590837 0.000000000
JJ:/cc/cr: 0.999982184 0.000008908 0.000008908
JJ:/cc/rr: 0.000000000 0.990531034 0.009468966
JJ:/crc/: 0.919069121 0.080930879 0.000000000
JJ:/crc/cr: 0.996893661 0.001553169 0.001553169
JJ:/crc/rr: 0.000000000 0.999794848 0.000205152
JJ:/crrc/: 0.925394075 0.074605925 0.000000000
JJ:/crrc/cr: 0.996246479 0.001876760 0.001876760
JJ:/crrc/rr: 0.000000000 0.999773041 0.000226959
JJ:/rc/: 0.898796741 0.101203259 0.000000000
JJ:/rc/cr: 0.997750246 0.001124877 0.001124877
JJ:/rc/rr: 0.000000000 0.999810011 0.000189989
JJ:/rrc/: 0.973990301 0.026009699 0.000000000
JJ:/rrc/cr: 0.995621630 0.002189185 0.002189185
JJ:/rrc/rr: 0.000000000 0.999912309 0.000087691
JK:/cc/: 0.090932581 0.909067419 0.000000000
JK:/cc/cr: 0.003738295 0.000009785 0.996251919
JK:/cc/rr: 0.000000000 0.000146739 0.999853261
JK:/crc/: 0.039434398 0.960565602 0.000000000
JK:/crc/cr: 0.027935303 0.000130860 0.971933837
JK:/crc/rr: 0.000000000 0.004781334 0.995218666
JK:/crrc/: 0.998629560 0.001370440 0.000000000
JK:/crrc/cr: 0.102169687 0.102169687 0.795660626
JK:/crrc/rr: 0.000000000 0.000210314 0.999789686
JK:/rc/: 0.889706462 0.110293538 0.000000000
JK:/rc/cr: 0.839903903 0.001032166 0.159063931
JK:/rc/rr: 0.000000000 0.000191930 0.999808070
JK:/rrc/: 0.495260554 0.504739446 0.000000000
JK:/rrc/cr: 0.928357855 0.000112811 0.071529334
JK:/rrc/rr: 0.000000000 0.000172455 0.999827545
JQ:/cc/: 0.046762842 0.953237158 0.000000000
JQ:/cc/cr: 0.000039213 0.000009332 0.999951455
JQ:/cc/rr: 0.000000000 0.000285340 0.999714660
JQ:/crc/: 0.934762435 0.065237565 0.000000000
JQ:/crc/cr: 0.052755077 0.001926794 0.945318129
JQ:/crc/rr: 0.000000000 0.000201708 0.999798292
JQ:/crrc/: 0.085149296 0.914850704 0.000000000
JQ:/crrc/cr: 0.186716014 0.000153049 0.813130936
JQ:/crrc/rr: 0.000000000 0.002466564 0.997533436
JQ:/rc/: 0.968368943 0.031631057 0.000000000
JQ:/rc/cr: 0.003599032 0.003599032 0.992801935
JQ:/rc/rr: 0.000000000 0.000176340 0.999823660
JQ:/rrc/: 0.323898225 0.676101775 0.000000000
JQ:/rrc/cr: 0.012081001 0.000084218 0.987834781
JQ:/rrc/rr: 0.000000000 0.000263694 0.999736306
K:/: 0.741141669 0.258858331 0.000000000
K:/cr: 0.809880453 0.190055799 0.000063748
K:/rr: 0.000000000 0.999966602 0.000033398
KJ:/cc/: 0.000274520 0.999725480 0.000000000
KJ:/cc/cr: 0.000231541 0.000039558 0.999728900
KJ:/cc/rr: 0.000000000 0.825838584 0.174161416
KJ:/crc/: 0.004499791 0.995500209 0.000000000
KJ:/crc/cr: 0.004026249 0.995917595 0.000056155
KJ:/crc/rr: 0.000000000 0.981364899 0.018635101
KJ:/crrc/: 0.062467569 0.937532431 0.000000000
KJ:/crrc/cr: 0.000035740 0.990550159 0.009414101
KJ:/crrc/rr: 0.000000000 0.417448840 0.582551160
KJ:/rc/: 0.065912441 0.934087559 0.000000000
KJ:/rc/cr: 0.011952484 0.950685063 0.037362452
KJ:/rc/rr: 0.000000000 0.441676220 0.558323780
KJ:/rrc/: 0.074220951 0.925779049 0.000000000
KJ:/rrc/cr: 0.004949682 0.994247522 0.000802796
KJ:/rrc/rr: 0.000000000 0.850940424 0.149059576
KK:/cc/: 0.966903614 0.033096386 0.000000000
KK:/cc/cr: 0.998073874 0.000963063 0.000963063
KK:/cc/rr: 0.000000000 0.999950553 0.000049447
KK:/crc/: 0.106544551 0.893455449 0.000000000
KK:/crc/cr: 0.999874862 0.000062569 0.000062569
KK:/crc/rr: 0.000000000 0.999212967 0.000787033
KK:/crrc/: 0.961979452 0.038020548 0.000000000
KK:/crrc/cr: 0.999309912 0.000345044 0.000345044
KK:/crrc/rr: 0.000000000 0.999979544 0.000020456
KK:/rc/: 0.851886115 0.148113885 0.000000000
KK:/rc/cr: 0.999828184 0.000096654 0.000075162
KK:/rc/rr: 0.000000000 0.999980398 0.000019602
KK:/rrc/: 0.497965612 0.502034388 0.000000000
KK:/rrc/cr: 0.999977824 0.000011088 0.000011088
KK:/rrc/rr: 0.000000000 0.999983232 0.000016768
KQ:/cc/: 0.000678591 0.999321409 0.000000000
KQ:/cc/cr: 0.000361275 0.496527691 0.503111034
KQ:/cc/rr: 0.000000000 0.929543886 0.070456114
KQ:/crc/: 0.784209973 0.215790027 0.000000000
KQ:/crc/cr: 0.002250672 0.497483139 0.500266189
KQ:/crc/rr: 0.000000000 0.000106928 0.999893072
KQ:/crrc/: 0.020133623 0.979866377 0.000000000
KQ:/crrc/cr: 0.002958303 0.728381602 0.268660095
KQ:/crrc/rr: 0.000000000 0.383083207 0.616916793
KQ:/rc/: 0.030102478 0.969897522 0.000000000
KQ:/rc/cr: 0.000233087 0.471125452 0.528641462
KQ:/rc/rr: 0.000000000 0.006663669 0.993336331
KQ:/rrc/: 0.658812056 0.341187944 0.000000000
KQ:/rrc/cr: 0.048903982 0.731997864 0.219098154
KQ:/rrc/rr: 0.000000000 0.360647318 0.639352682
Q:/: 0.800230511 0.199769489 0.000000000
Q:/cr: 0.291082826 0.697239537 0.011677637
Q:/rr: 0.000000000 0.999969068 0.000030932
QJ:/cc/: 0.000123905 0.999876095 0.000000000
QJ:/cc/cr: 0.000174947 0.000041307 0.999783746
QJ:/cc/rr: 0.000000000 0.500000000 0.500000000
QJ:/crc/: 0.035490693 0.964509307 0.000000000
QJ:/crc/cr: 0.005579194 0.000020472 0.994400334
QJ:/crc/rr: 0.000000000 0.000834530 0.999165470
QJ:/crrc/: 0.001959442 0.998040558 0.000000000
QJ:/crrc/cr: 0.002555708 0.000047390 0.997396903
QJ:/crrc/rr: 0.000000000 0.036206727 0.963793273
QJ:/rc/: 0.007254002 0.992745998 0.000000000
QJ:/rc/cr: 0.000150916 0.000010386 0.999838698
QJ:/rc/rr: 0.000000000 0.002132043 0.997867957
QJ:/rrc/: 0.000015466 0.999984534 0.000000000
QJ:/rrc/cr: 0.000020253 0.000005156 0.999974592
QJ:/rrc/rr: 0.000000000 0.500000000 0.500000000
QK:/cc/: 0.235049955 0.764950045 0.000000000
QK:/cc/cr: 0.898029933 0.101893049 0.000077019
QK:/cc/rr: 0.000000000 0.999736428 0.000263572
QK:/crc/: 0.014648399 0.985351601 0.000000000
QK:/crc/cr: 0.000020039 0.551736717 0.448243244
QK:/crc/rr: 0.000000000 0.002021930 0.997978070
QK:/crrc/: 0.829618411 0.170381589 0.000000000
QK:/crrc/cr: 0.000374134 0.503831998 0.495793868
QK:/crrc/rr: 0.000000000 0.002524020 0.997475980
QK:/rc/: 0.497837937 0.502162063 0.000000000
QK:/rc/cr: 0.004202051 0.513176689 0.482621260
QK:/rc/rr: 0.000000000 0.249231172 0.750768828
QK:/rrc/: 0.112892412 0.887107588 0.000000000
QK:/rrc/cr: 0.000005812 0.319138273 0.680855915
QK:/rrc/rr: 0.000000000 0.003924977 0.996075023
QQ:/cc/: 0.396761298 0.603238702 0.000000000
QQ:/cc/cr: 0.999863067 0.000068467 0.000068467
QQ:/cc/rr: 0.000000000 0.999843854 0.000156146
QQ:/crc/: 0.981218409 0.018781591 0.000000000
QQ:/crc/cr: 0.997897371 0.001051314 0.001051314
QQ:/crc/rr: 0.000000000 0.999969815 0.000030185
QQ:/crrc/: 0.242268710 0.757731290 0.000000000
QQ:/crrc/cr: 0.999875162 0.000062419 0.000062419
QQ:/crrc/rr: 0.000000000 0.999707164 0.000292836
QQ:/rc/: 0.456127323 0.543872677 0.000000000
QQ:/rc/cr: 0.999962085 0.000018958 0.000018958
QQ:/rc/rr: 0.000000000 0.999966093 0.000033907
QQ:/rrc/: 0.962423133 0.037576867 0.000000000
QQ:/rrc/cr: 0.999725606 0.000137197 0.000137197
QQ:/rrc/rr: 0.000000000 0.999991965 0.000008035
