J:/c: 0.270669558 0.729330442 0.000000000
J:/crr: 0.000000000 0.999908551 0.000091449
J:/r: 0.053656853 0.178872906 0.767470242
JJ:/cc/c: 0.086891949 0.913108051 0.000000000
JJ:/cc/crr: 0.000000000 0.999804708 0.000195292
JJ:/cc/r: 0.999918554 0.000058820 0.000022626
JJ:/crc/c: 0.999908551 0.000091449 0.000000000
JJ:/crc/crr: 0.000000000 0.999954271 0.000045729
JJ:/crc/r: 0.706685323 0.293253711 0.000060966
JJ:/crrc/c: 0.999954271 0.000045729 0.000000000
JJ:/crrc/crr: 0.000000000 0.999977135 0.000022865
JJ:/crrc/r: 0.999939028 0.000030486 0.000030486
JJ:/rc/c: 0.999907747 0.000092253 0.000000000
JJ:/rc/crr: 0.000000000 0.999953869 0.000046131
JJ:/rc/r: 0.999819104 0.000119394 0.000061502
JJ:/rrc/c: 0.999692460 0.000307540 0.000000000
JJ:/rrc/crr: 0.000000000 0.999846182 0.000153818
JJ:/rrc/r: 0.998282054 0.001512920 0.000205027
JK:/cc/c: 0.006993116 0.993006884 0.000000000
JK:/cc/crr: 0.000000000 0.002426574 0.997573426
JK:/cc/r: 0.000053950 0.000022626 0.999923425
JK:/crc/c: 0.564041716 0.435958284 0.000000000
JK:/crc/crr: 0.000000000 0.000081066 0.999918934
JK:/crc/r: 0.263713761 0.000060966 0.736225273
JK:/crrc/c: 0.543013069 0.456986931 0.000000000
JK:/crrc/crr: 0.000000000 0.000042106 0.999957894
JK:/crrc/r: 0.176075764 0.000090861 0.823833375
JK:/rc/c: 0.294561124 0.705438876 0.000000000
JK:/rc/crr: 0.000000000 0.000156595 0.999843405
JK:/rc/r: 0.281741753 0.000061502 0.718196744
JK:/rrc/c: 0.999692460 0.000307540 0.000000000
JK:/rrc/crr: 0.000000000 0.000153818 0.999846182
JK:/rrc/r: 0.199375492 0.000360174 0.800264334
JQ:/cc/c: 0.070201329 0.929798671 0.000000000
JQ:/cc/crr: 0.000000000 0.000241724 0.999758276
JQ:/cc/r: 0.046169932 0.000022626 0.953807442
JQ:/crc/c: 0.456556336 0.543443664 0.000000000
JQ:/crc/crr: 0.000000000 0.000100151 0.999899849
JQ:/crc/r: 0.003437723 0.000060966 0.996501311
JQ:/crrc/c: 0.041832052 0.958167948 0.000000000
JQ:/crrc/crr: 0.000000000 0.000546575 0.999453425
JQ:/crrc/r: 0.217598241 0.000030486 0.782371273
JQ:/rc/c: 0.761237863 0.238762137 0.000000000
JQ:/rc/crr: 0.000000000 0.000060594 0.999939406
JQ:/rc/r: 0.000063129 0.000061502 0.999875369
JQ:/rrc/c: 0.008409772 0.991590228 0.000000000
JQ:/rrc/crr: 0.000000000 0.018284706 0.981715294
JQ:/rrc/r: 0.301125387 0.000384033 0.698490579
K:/c: 0.999848221 0.000151779 0.000000000
K:/crr: 0.000000000 0.999975244 0.000024756
K:/r: 0.546587740 0.453379257 0.000033003
KJ:/cc/c: 0.510680210 0.489319790 0.000000000
KJ:/cc/crr: 0.000000000 0.840328192 0.159671808
KJ:/cc/r: 0.559324095 0.222821541 0.217854364
KJ:/crc/c: 0.142712297 0.857287703 0.000000000
KJ:/crc/crr: 0.000000000 0.999913265 0.000086735
KJ:/crc/r: 0.000280448 0.773659637 0.226059916
KJ:/crrc/c: 0.216288555 0.783711445 0.000000000
KJ:/crrc/crr: 0.000000000 0.937442914 0.062557086
KJ:/crrc/r: 0.009435757 0.935215294 0.055348949
KJ:/rc/c: 0.532018054 0.467981946 0.000000000
KJ:/rc/crr: 0.000000000 0.629209252 0.370790748
KJ:/rc/r: 0.005177363 0.789545759 0.205276878
KJ:/rrc/c: 0.000623980 0.999376020 0.000000000
KJ:/rrc/crr: 0.000000000 0.975808294 0.024191706
KJ:/rrc/r: 0.030277738 0.882428108 0.087294154
KK:/cc/c: 0.836917535 0.163082465 0.000000000
KK:/cc/crr: 0.000000000 0.902569573 0.097430427
KK:/cc/r: 0.598758301 0.292520056 0.108721644
KK:/crc/c: 0.999619069 0.000380931 0.000000000
KK:/crc/crr: 0.000000000 0.999987617 0.000012383
KK:/crc/r: 0.461633402 0.538350094 0.000016504
KK:/crrc/c: 0.999987622 0.000012378 0.000000000
KK:/crrc/crr: 0.000000000 0.999993811 0.000006189
KK:/crrc/r: 0.579293580 0.420698168 0.000008252
KK:/rc/c: 0.999963603 0.000036397 0.000000000
KK:/rc/crr: 0.000000000 0.999981801 0.000018199
KK:/rc/r: 0.999914382 0.000061353 0.000024265
KK:/rrc/c: 0.999969810 0.000030190 0.000000000
KK:/rrc/crr: 0.000000000 0.999984904 0.000015096
KK:/rrc/r: 0.344172220 0.655807653 0.000020127
KQ:/cc/c: 0.509021248 0.490978752 0.000000000
KQ:/cc/crr: 0.000000000 0.839807802 0.160192198
KQ:/cc/r: 0.554450622 0.228232771 0.217316607
KQ:/crc/c: 0.116011089 0.883988911 0.000000000
KQ:/crc/crr: 0.000000000 0.050942697 0.949057303
KQ:/crc/r: 0.000622255 0.468948364 0.530429381
KQ:/crrc/c: 0.617424439 0.382575561 0.000000000
KQ:/crrc/crr: 0.000000000 0.407870012 0.592129988
KQ:/crrc/r: 0.031004713 0.664655794 0.304339493
KQ:/rc/c: 0.046859119 0.953140881 0.000000000
KQ:/rc/crr: 0.000000000 0.003785371 0.996214629
KQ:/rc/r: 0.000164352 0.356459157 0.643376490
KQ:/rrc/c: 0.461742833 0.538257167 0.000000000
KQ:/rrc/crr: 0.000000000 0.656776274 0.343223726
KQ:/rrc/r: 0.098799863 0.538619285 0.362580852
Q:/c: 0.842385639 0.157614361 0.000000000
Q:/crr: 0.000000000 0.999970616 0.000029384
Q:/r: 0.316592138 0.683117523 0.000290338
QJ:/cc/c: 0.002488269 0.997511731 0.000000000
QJ:/cc/crr: 0.000000000 0.031556982 0.968443018
QJ:/cc/r: 0.000258162 0.000104696 0.999637142
QJ:/crc/c: 0.366766613 0.633233387 0.000000000
QJ:/crc/crr: 0.000000000 0.002141082 0.997858918
QJ:/crc/r: 0.000489552 0.000019589 0.999490859
QJ:/crrc/c: 0.000208386 0.999791614 0.000000000
QJ:/crrc/crr: 0.000000000 0.035252673 0.964747327
QJ:/crrc/r: 0.033466857 0.000009795 0.966523348
QJ:/rc/c: 0.001199522 0.998800478 0.000000000
QJ:/rc/crr: 0.000000000 0.010069175 0.989930825
QJ:/rc/r: 0.024858549 0.000017331 0.975124119
QJ:/rrc/c: 0.041065015 0.958934985 0.000000000
QJ:/rrc/crr: 0.000000000 0.012239625 0.987760375
QJ:/rrc/r: 0.000537835 0.000044292 0.999417873
QK:/cc/c: 0.024811839 0.975188161 0.000000000
QK:/cc/crr: 0.000000000 0.996835290 0.003164710
QK:/cc/r: 0.001029529 0.723783531 0.275186940
QK:/crc/c: 0.335983580 0.664016420 0.000000000
QK:/crc/crr: 0.000000000 0.032742898 0.967257102
QK:/crc/r: 0.001167207 0.387591070 0.611241723
QK:/crrc/c: 0.095382131 0.904617869 0.000000000
QK:/crrc/crr: 0.000000000 0.009718610 0.990281390
QK:/crrc/r: 0.000181300 0.303271453 0.696547246
QK:/rc/c: 0.369600543 0.630399457 0.000000000
QK:/rc/crr: 0.000000000 0.034273886 0.965726114
QK:/rc/r: 0.000048639 0.307618123 0.692333238
QK:/rrc/c: 0.407217583 0.592782417 0.000000000
QK:/rrc/crr: 0.000000000 0.002616154 0.997383846
QK:/rrc/r: 0.002002329 0.512154042 0.485843629
QQ:/cc/c: 0.999842955 0.000157045 0.000000000
QQ:/cc/crr: 0.000000000 0.999921465 0.000078535
QQ:/cc/r: 0.190258202 0.809637102 0.000104696
QQ:/crc/c: 0.999970616 0.000029384 0.000000000
QQ:/crc/crr: 0.000000000 0.999985308 0.000014692
QQ:/crc/r: 0.999389629 0.000590782 0.000019589
QQ:/crrc/c: 0.999985308 0.000014692 0.000000000
QQ:/crrc/crr: 0.000000000 0.999992654 0.000007346
QQ:/crrc/r: 0.999980410 0.000009795 0.000009795
QQ:/rc/c: 0.999975844 0.000024156 0.000000000
QQ:/rc/crr: 0.000000000 0.999987922 0.000012078
QQ:/rc/r: 0.161572891 0.838411005 0.000016104
QQ:/rrc/c: 0.999539224 0.000460776 0.000000000
QQ:/rrc/crr: 0.000000000 0.999973927 0.000026073
QQ:/rrc/r: 0.999726924 0.000238327 0.000034748
