J:/c: 0.270202201 0.729797799 0.000000000
J:/crr: 0.000000000 0.999908393 0.000091607
J:/r: 0.053502765 0.151769732 0.794727502
JJ:/cc/c: 0.999966083 0.000033917 0.000000000
JJ:/cc/crr: 0.000000000 0.999983041 0.000016959
JJ:/cc/r: 0.999917178 0.000060211 0.000022611
JJ:/crc/c: 0.999908393 0.000091607 0.000000000
JJ:/crc/crr: 0.000000000 0.999954192 0.000045808
JJ:/crc/r: 0.516143927 0.483795002 0.000061071
JJ:/crrc/c: 0.999954192 0.000045808 0.000000000
JJ:/crrc/crr: 0.000000000 0.999977095 0.000022905
JJ:/crrc/r: 0.999938923 0.000030539 0.000030539
JJ:/rc/c: 0.999891272 0.000108728 0.000000000
JJ:/rc/crr: 0.000000000 0.999945630 0.000054370
JJ:/rc/r: 0.999781838 0.000145676 0.000072485
JJ:/rrc/c: 0.999691574 0.000308426 0.000000000
JJ:/rrc/crr: 0.000000000 0.999845739 0.000154261
JJ:/rrc/r: 0.998480567 0.001313815 0.000205617
JK:/cc/c: 0.009450088 0.990549912 0.000000000
JK:/cc/crr: 0.000000000 0.001794528 0.998205472
JK:/cc/r: 0.000057985 0.000022611 0.999919404
JK:/crc/c: 0.573347359 0.426652641 0.000000000
JK:/crc/crr: 0.000000000 0.000079888 0.999920112
JK:/crc/r: 0.096441553 0.000061071 0.903497375
JK:/crrc/c: 0.505419848 0.494580152 0.000000000
JK:/crrc/crr: 0.000000000 0.000045317 0.999954683
JK:/crrc/r: 0.182000238 0.000030539 0.817969223
JK:/rc/c: 0.348438185 0.651561815 0.000000000
JK:/rc/crr: 0.000000000 0.000156022 0.999843978
JK:/rc/r: 0.300563603 0.000072485 0.699363912
JK:/rrc/c: 0.999691574 0.000308426 0.000000000
JK:/rrc/crr: 0.000000000 0.000154261 0.999845739
JK:/rrc/r: 0.211403582 0.000463143 0.788133275
JQ:/cc/c: 0.081340349 0.918659651 0.000000000
JQ:/cc/crr: 0.000000000 0.000208488 0.999791512
JQ:/cc/r: 0.028923574 0.000022611 0.971053815
JQ:/crc/c: 0.431849896 0.568150104 0.000000000
JQ:/crc/crr: 0.000000000 0.000106064 0.999893936
JQ:/crc/r: 0.000061071 0.000061071 0.999877857
JQ:/crrc/c: 0.046786376 0.953213624 0.000000000
JQ:/crrc/crr: 0.000000000 0.000489542 0.999510458
JQ:/crrc/r: 0.257618562 0.000030539 0.742350899
JQ:/rc/c: 0.927751141 0.072248859 0.000000000
JQ:/rc/crr: 0.000000000 0.000058598 0.999941402
JQ:/rc/r: 0.000072485 0.000072485 0.999855029
JQ:/rrc/c: 0.011400274 0.988599726 0.000000000
JQ:/rrc/crr: 0.000000000 0.013527136 0.986472864
JQ:/rrc/r: 0.367682339 0.000458640 0.631859022
K:/c: 0.999646667 0.000353333 0.000000000
K:/crr: 0.000000000 0.999975239 0.000024761
K:/r: 0.541301595 0.458665402 0.000033003
KJ:/cc/c: 0.363960700 0.636039300 0.000000000
KJ:/cc/crr: 0.000000000 0.903761288 0.096238712
KJ:/cc/r: 0.240905725 0.097087496 0.662006779
KJ:/crc/c: 0.065610053 0.934389947 0.000000000
KJ:/crc/crr: 0.000000000 0.999811300 0.000188700
KJ:/crc/r: 0.000275140 0.745026805 0.254698055
KJ:/crrc/c: 0.355476024 0.644523976 0.000000000
KJ:/crrc/crr: 0.000000000 0.954007167 0.045992833
KJ:/crrc/r: 0.044389547 0.842458883 0.113151570
KJ:/rc/c: 0.425272762 0.574727238 0.000000000
KJ:/rc/crr: 0.000000000 0.685133734 0.314866266
KJ:/rc/r: 0.001690982 0.873058569 0.125250449
KJ:/rrc/c: 0.092283581 0.907716419 0.000000000
KJ:/rrc/crr: 0.000000000 0.999834829 0.000165171
KJ:/rrc/r: 0.043692016 0.881600728 0.074707257
KK:/cc/c: 0.929945782 0.070054218 0.000000000
KK:/cc/crr: 0.000000000 0.962334246 0.037665754
KK:/cc/r: 0.827788103 0.125509085 0.046702812
KK:/crc/c: 0.999838999 0.000161001 0.000000000
KK:/crc/crr: 0.000000000 0.999987617 0.000012383
KK:/crc/r: 0.639276880 0.360706612 0.000016507
KK:/crrc/c: 0.999987619 0.000012381 0.000000000
KK:/crrc/crr: 0.000000000 0.999993809 0.000006191
KK:/crrc/r: 0.597210688 0.402781058 0.000008254
KK:/rc/c: 0.999964022 0.000035978 0.000000000
KK:/rc/crr: 0.000000000 0.999982011 0.000017989
KK:/rc/r: 0.999914103 0.000061912 0.000023985
KK:/rrc/c: 0.999969515 0.000030485 0.000000000
KK:/rrc/crr: 0.000000000 0.999984757 0.000015243
KK:/rrc/r: 0.253246896 0.746732781 0.000020323
KQ:/cc/c: 0.363960700 0.636039300 0.000000000
KQ:/cc/crr: 0.000000000 0.903761288 0.096238712
KQ:/cc/r: 0.274559878 0.631649329 0.093790793
KQ:/crc/c: 0.169618513 0.830381487 0.000000000
KQ:/crc/crr: 0.000000000 0.244587028 0.755412972
KQ:/crc/r: 0.000606043 0.488603541 0.510790416
KQ:/crrc/c: 0.602573422 0.397426578 0.000000000
KQ:/crrc/crr: 0.000000000 0.386929251 0.613070749
KQ:/crrc/r: 0.067678186 0.549326447 0.382995366
KQ:/rc/c: 0.006326351 0.993673649 0.000000000
KQ:/rc/crr: 0.000000000 0.062836098 0.937163902
KQ:/rc/r: 0.000123376 0.316034959 0.683841665
KQ:/rrc/c: 0.435996133 0.564003867 0.000000000
KQ:/rrc/crr: 0.000000000 0.573265637 0.426734363
KQ:/rrc/r: 0.073015514 0.584384708 0.342599777
Q:/c: 0.831965539 0.168034461 0.000000000
Q:/crr: 0.000000000 0.999970248 0.000029752
Q:/r: 0.302189318 0.697343795 0.000466886
QJ:/cc/c: 0.002061972 0.997938028 0.000000000
QJ:/cc/crr: 0.000000000 0.035719678 0.964280322
QJ:/cc/r: 0.000250574 0.000098204 0.999651222
QJ:/crc/c: 0.382068310 0.617931690 0.000000000
QJ:/crc/crr: 0.000000000 0.000965139 0.999034861
QJ:/crc/r: 0.000676111 0.000019835 0.999304054
QJ:/crrc/c: 0.000280865 0.999719135 0.000000000
QJ:/crrc/crr: 0.000000000 0.026483060 0.973516940
QJ:/crrc/r: 0.005111414 0.000009918 0.994878668
QJ:/rc/c: 0.001626156 0.998373844 0.000000000
QJ:/rc/crr: 0.000000000 0.007275924 0.992724076
QJ:/rc/r: 0.017782193 0.000016115 0.982201692
QJ:/rrc/c: 0.001411664 0.998588336 0.000000000
QJ:/rrc/crr: 0.000000000 0.362088373 0.637911627
QJ:/rrc/r: 0.003425552 0.000077287 0.996497161
QK:/cc/c: 0.054293330 0.945706670 0.000000000
QK:/cc/crr: 0.000000000 0.998643425 0.001356575
QK:/cc/r: 0.001162079 0.727662311 0.271175611
QK:/crc/c: 0.370875998 0.629124002 0.000000000
QK:/crc/crr: 0.000000000 0.022906746 0.977093254
QK:/crc/r: 0.001478666 0.428373600 0.570147734
QK:/crrc/c: 0.035292358 0.964707642 0.000000000
QK:/crrc/crr: 0.000000000 0.088632888 0.911367112
QK:/crrc/r: 0.000009918 0.305475436 0.694514646
QK:/rc/c: 0.380635414 0.619364586 0.000000000
QK:/rc/crr: 0.000000000 0.053746100 0.946253900
QK:/rc/r: 0.001383236 0.354930298 0.643686465
QK:/rrc/c: 0.436443519 0.563556481 0.000000000
QK:/rrc/crr: 0.000000000 0.002504636 0.997495364
QK:/rrc/r: 0.000527625 0.520103836 0.479368539
QQ:/cc/c: 0.999852694 0.000147306 0.000000000
QQ:/cc/crr: 0.000000000 0.999926336 0.000073664
QQ:/cc/r: 0.999649345 0.000252451 0.000098204
QQ:/crc/c: 0.999970248 0.000029752 0.000000000
QQ:/crc/crr: 0.000000000 0.999985124 0.000014876
QQ:/crc/r: 0.979780530 0.020199635 0.000019835
QQ:/crrc/c: 0.999985124 0.000014876 0.000000000
QQ:/crrc/crr: 0.000000000 0.999992562 0.000007438
QQ:/crrc/r: 0.997423058 0.002567024 0.000009918
QQ:/rc/c: 0.999976336 0.000023664 0.000000000
QQ:/rc/crr: 0.000000000 0.999988168 0.000011832
QQ:/rc/r: 0.999940214 0.000044010 0.000015776
QQ:/rrc/c: 0.999945393 0.000054607 0.000000000
QQ:/rrc/crr: 0.000000000 0.999972695 0.000027305
QQ:/rrc/r: 0.999725700 0.000237896 0.000036405
