J:/: 0.068228523 0.931771477 0.000000000
J:/cr: 0.027179917 0.026968731 0.945851352
J:/rr: 0.000000000 0.999637212 0.000362788
JJ:/cc/: 0.358931011 0.641068989 0.000000000
JJ:/cc/cr: 0.999972374 0.000013813 0.000013813
JJ:/cc/rr: 0.000000000 0.999962994 0.000037006
JJ:/crc/: 0.953483869 0.046516131 0.000000000
JJ:/crc/cr: 0.995294209 0.002352895 0.002352895
JJ:/crc/rr: 0.000000000 0.999827819 0.000172181
JJ:/crrc/: 0.967106756 0.032893244 0.000000000
JJ:/crrc/cr: 0.992325381 0.004373114 0.003301504
JJ:/crrc/rr: 0.000000000 0.999831564 0.000168436
JJ:/rc/: 0.546115251 0.453884749 0.000000000
JJ:/rc/cr: 0.999467137 0.000266432 0.000266432
JJ:/rc/rr: 0.000000000 0.999667847 0.000332153
JJ:/rrc/: 0.983158483 0.016841517 0.000000000
JJ:/rrc/cr: 0.992816968 0.003591516 0.003591516
JJ:/rrc/rr: 0.000000000 0.999907716 0.000092284
JK:/cc/: 0.107862372 0.892137628 0.000000000
JK:/cc/cr: 0.000438717 0.000009926 0.999551358
JK:/cc/rr: 0.000000000 0.000123143 0.999876857
JK:/crc/: 0.101996762 0.898003238 0.000000000
JK:/crc/cr: 0.088983716 0.000121879 0.910894405
JK:/crc/rr: 0.000000000 0.001609574 0.998390426
JK:/crrc/: 0.998981279 0.001018721 0.000000000
JK:/crrc/cr: 0.106601534 0.106601534 0.786796932
JK:/crrc/rr: 0.000000000 0.000163062 0.999836938
JK:/rc/: 0.991043315 0.008956685 0.000000000
JK:/rc/cr: 0.182805155 0.013501565 0.803693280
JK:/rc/rr: 0.000000000 0.000183033 0.999816967
JK:/rrc/: 0.543742413 0.456257587 0.000000000
JK:/rrc/cr: 0.744301261 0.000132571 0.255566168
JK:/rrc/rr: 0.000000000 0.000166862 0.999833138
JQ:/cc/: 0.066408629 0.933591371 0.000000000
JQ:/cc/cr: 0.000040189 0.000009485 0.999950326
JQ:/cc/rr: 0.000000000 0.000200011 0.999799989
JQ:/crc/: 0.951303844 0.048696156 0.000000000
JQ:/crc/cr: 0.055498820 0.002247561 0.942253619
JQ:/crc/rr: 0.000000000 0.000172575 0.999827425
JQ:/crrc/: 0.034563410 0.965436590 0.000000000
JQ:/crrc/cr: 0.232599099 0.000112485 0.767288416
JQ:/crrc/rr: 0.000000000 0.004712955 0.995287045
JQ:/rc/: 0.943550498 0.056449502 0.000000000
JQ:/rc/cr: 0.002142256 0.002142256 0.995715489
JQ:/rc/rr: 0.000000000 0.000192246 0.999807754
JQ:/rrc/: 0.134140663 0.865859337 0.000000000
JQ:/rrc/cr: 0.000807150 0.000069857 0.999122993
JQ:/rrc/rr: 0.000000000 0.000676379 0.999323621
K:/: 0.678174820 0.321825180 0.000000000
K:/cr: 0.829461431 0.170487294 0.000051275
K:/rr: 0.000000000 0.999963501 0.000036499
KJ:/cc/: 0.000220771 0.999779229 0.000000000
KJ:/cc/cr: 0.000186279 0.000032170 0.999781551
KJ:/cc/rr: 0.000000000 0.825808378 0.174191622
KJ:/crc/: 0.003599088 0.996400912 0.000000000
KJ:/crc/cr: 0.000691649 0.999258044 0.000050307
KJ:/crc/rr: 0.000000000 0.979108822 0.020891178
KJ:/crrc/: 0.047084763 0.952915237 0.000000000
KJ:/crrc/cr: 0.004671377 0.990832760 0.004495863
KJ:/crrc/rr: 0.000000000 0.532183860 0.467816140
KJ:/rc/: 0.010725635 0.989274365 0.000000000
KJ:/rc/cr: 0.039337045 0.851606358 0.109056597
KJ:/rc/rr: 0.000000000 0.779747997 0.220252003
KJ:/rrc/: 0.172999282 0.827000718 0.000000000
KJ:/rrc/cr: 0.005597166 0.993334770 0.001068065
KJ:/rrc/rr: 0.000000000 0.803372206 0.196627794
KK:/cc/: 0.996438540 0.003561460 0.000000000
KK:/cc/cr: 0.985602760 0.007198620 0.007198620
KK:/cc/rr: 0.000000000 0.999961406 0.000038594
KK:/crc/: 0.281674673 0.718325327 0.000000000
KK:/crc/cr: 0.934209514 0.065720704 0.000069782
KK:/crc/rr: 0.000000000 0.999733064 0.000266936
KK:/crrc/: 0.965961282 0.034038718 0.000000000
KK:/crrc/cr: 0.999394636 0.000302682 0.000302682
KK:/crrc/rr: 0.000000000 0.999984001 0.000015999
KK:/rc/: 0.796852514 0.203147486 0.000000000
KK:/rc/cr: 0.999846322 0.000093789 0.000059889
KK:/rc/rr: 0.000000000 0.999977098 0.000022902
KK:/rrc/: 0.520190616 0.479809384 0.000000000
KK:/rrc/cr: 0.894119258 0.105868063 0.000012679
KK:/rrc/rr: 0.000000000 0.999982458 0.000017542
KQ:/cc/: 0.000345380 0.999654620 0.000000000
KQ:/cc/cr: 0.000283138 0.280210196 0.719506666
KQ:/cc/rr: 0.000000000 0.888654822 0.111345178
KQ:/crc/: 0.830626051 0.169373949 0.000000000
KQ:/crc/cr: 0.002625498 0.619349080 0.378025422
KQ:/crc/rr: 0.000000000 0.000090521 0.999909479
KQ:/crrc/: 0.064981967 0.935018033 0.000000000
KQ:/crrc/cr: 0.002163191 0.681387959 0.316448850
KQ:/crrc/rr: 0.000000000 0.390051354 0.609948646
KQ:/rc/: 0.000147463 0.999852537 0.000000000
KQ:/rc/cr: 0.000274214 0.483533758 0.516192027
KQ:/rc/rr: 0.000000000 0.876244941 0.123755059
KQ:/rrc/: 0.691346932 0.308653068 0.000000000
KQ:/rrc/cr: 0.088692452 0.721460207 0.189847341
KQ:/rrc/rr: 0.000000000 0.403052063 0.596947937
Q:/: 0.666129118 0.333870882 0.000000000
Q:/cr: 0.262900853 0.469810109 0.267289038
Q:/rr: 0.000000000 0.999962841 0.000037159
QJ:/cc/: 0.000074138 0.999925862 0.000000000
QJ:/cc/cr: 0.000104749 0.000024714 0.999870537
QJ:/cc/rr: 0.000000000 0.500000000 0.500000000
QJ:/crc/: 0.037047121 0.962952879 0.000000000
QJ:/crc/cr: 0.002497218 0.000018208 0.997484574
QJ:/crc/rr: 0.000000000 0.000709924 0.999290076
QJ:/crrc/: 0.040715541 0.959284459 0.000000000
QJ:/crrc/cr: 0.000446437 0.000032663 0.999520900
QJ:/crrc/rr: 0.000000000 0.001154348 0.998845652
QJ:/rc/: 0.022383043 0.977616957 0.000000000
QJ:/rc/cr: 0.000584233 0.000012670 0.999403097
QJ:/rc/rr: 0.000000000 0.000830063 0.999169937
QJ:/rrc/: 0.000018580 0.999981420 0.000000000
QJ:/rrc/cr: 0.000054946 0.000006193 0.999938861
QJ:/rrc/rr: 0.000000000 0.500000000 0.500000000
QK:/cc/: 0.554594712 0.445405288 0.000000000
QK:/cc/cr: 0.002736163 0.995500522 0.001763315
QK:/cc/rr: 0.000000000 0.999933160 0.000066840
QK:/crc/: 0.043043109 0.956956891 0.000000000
QK:/crc/cr: 0.000018322 0.556326181 0.443655497
QK:/crc/rr: 0.000000000 0.000611030 0.999388970
QK:/crrc/: 0.702031460 0.297968540 0.000000000
QK:/crrc/cr: 0.000138429 0.667764431 0.332097141
QK:/crrc/rr: 0.000000000 0.002297179 0.997702821
QK:/rc/: 0.403205833 0.596794167 0.000000000
QK:/rc/cr: 0.009468151 0.517519170 0.473012679
QK:/rc/rr: 0.000000000 0.184504277 0.815495723
QK:/rrc/: 0.114931063 0.885068937 0.000000000
QK:/rrc/cr: 0.000006998 0.323700510 0.676292492
QK:/rrc/rr: 0.000000000 0.004563147 0.995436853
QQ:/cc/: 0.179858893 0.820141107 0.000000000
QQ:/cc/cr: 0.033175613 0.966794254 0.000030132
QQ:/cc/rr: 0.000000000 0.999793900 0.000206100
QQ:/crc/: 0.984980336 0.015019664 0.000000000
QQ:/crc/cr: 0.602629163 0.396203449 0.001167387
QQ:/crc/rr: 0.000000000 0.999973298 0.000026702
QQ:/crrc/: 0.308963601 0.691036399 0.000000000
QQ:/crrc/cr: 0.999909315 0.000045342 0.000045342
QQ:/crrc/rr: 0.000000000 0.999847879 0.000152121
QQ:/rc/: 0.482562144 0.517437856 0.000000000
QQ:/rc/cr: 0.999952125 0.000023938 0.000023938
QQ:/rc/rr: 0.000000000 0.999961499 0.000038501
QQ:/rrc/: 0.968006613 0.031993387 0.000000000
QQ:/rrc/cr: 0.999612836 0.000193582 0.000193582
QQ:/rrc/rr: 0.000000000 0.999990403 0.000009597
