J:/: 0.079346340 0.920653660 0.000000000
J:/cr: 0.015903982 0.043948362 0.940147656
J:/rr: 0.000000000 0.999688045 0.000311955
JJ:/cc/: 0.001507473 0.998492527 0.000000000
JJ:/cc/cr: 0.999982049 0.000008975 0.000008975
JJ:/cc/rr: 0.000000000 0.991082505 0.008917495
JJ:/crc/: 0.958019010 0.041980990 0.000000000
JJ:/crc/cr: 0.996761720 0.001619140 0.001619140
JJ:/crc/rr: 0.000000000 0.999893572 0.000106428
JJ:/crrc/: 0.870713126 0.129286874 0.000000000
JJ:/crrc/cr: 0.997094308 0.001452846 0.001452846
JJ:/crrc/rr: 0.000000000 0.999676414 0.000323586
JJ:/rc/: 0.874748778 0.125251222 0.000000000
JJ:/rc/cr: 0.998339578 0.000830211 0.000830211
JJ:/rc/rr: 0.000000000 0.999821689 0.000178311
JJ:/rrc/: 0.993361713 0.006638287 0.000000000
JJ:/rrc/cr: 0.984330687 0.007834657 0.007834657
JJ:/rrc/rr: 0.000000000 0.999921466 0.000078534
JK:/cc/: 0.095318756 0.904681244 0.000000000
JK:/cc/cr: 0.000040144 0.000009906 0.999949950
JK:/cc/rr: 0.000000000 0.000141031 0.999858969
JK:/crc/: 0.105304809 0.894695191 0.000000000
JK:/crc/cr: 0.136427360 0.000075973 0.863496667
JK:/crc/rr: 0.000000000 0.000968234 0.999031766
JK:/crrc/: 0.998198704 0.001801296 0.000000000
JK:/crrc/cr: 0.104277069 0.104277069 0.791445861
JK:/crrc/rr: 0.000000000 0.000282259 0.999717741
JK:/rc/: 0.971747512 0.028252488 0.000000000
JK:/rc/cr: 0.830579214 0.003680559 0.165740227
JK:/rc/rr: 0.000000000 0.000160512 0.999839488
JK:/rrc/: 0.490274520 0.509725480 0.000000000
JK:/rrc/cr: 0.585211717 0.000102033 0.414686250
JK:/rrc/rr: 0.000000000 0.000159121 0.999840879
JQ:/cc/: 0.181666192 0.818333808 0.000000000
JQ:/cc/cr: 0.000047021 0.000010951 0.999942028
JQ:/cc/rr: 0.000000000 0.000073998 0.999926002
JQ:/crc/: 0.953990955 0.046009045 0.000000000
JQ:/crc/cr: 0.075698531 0.001477386 0.922824083
JQ:/crc/rr: 0.000000000 0.000106877 0.999893123
JQ:/crrc/: 0.076926942 0.923073058 0.000000000
JQ:/crrc/cr: 0.165743349 0.000203488 0.834053164
JQ:/crrc/rr: 0.000000000 0.003662577 0.996337423
JQ:/rc/: 0.985405699 0.014594301 0.000000000
JQ:/rc/cr: 0.007125038 0.007125038 0.985749924
JQ:/rc/rr: 0.000000000 0.000158288 0.999841712
JQ:/rrc/: 0.149666306 0.850333694 0.000000000
JQ:/rrc/cr: 0.027149980 0.000061163 0.972788857
JQ:/rrc/rr: 0.000000000 0.000521247 0.999478753
K:/: 0.758086468 0.241913532 0.000000000
K:/cr: 0.652064988 0.347866799 0.000068213
K:/rr: 0.000000000 0.999967349 0.000032651
KJ:/cc/: 0.000293653 0.999706347 0.000000000
KJ:/cc/cr: 0.000247461 0.000042494 0.999710045
KJ:/cc/rr: 0.000000000 0.825781502 0.174218498
KJ:/crc/: 0.002592937 0.997407063 0.000000000
KJ:/crc/cr: 0.001957418 0.998009815 0.000032767
KJ:/crc/rr: 0.000000000 0.981093887 0.018906113
KJ:/crrc/: 0.050626632 0.949373368 0.000000000
KJ:/crrc/cr: 0.000019512 0.997020674 0.002959814
KJ:/crrc/rr: 0.000000000 0.698343726 0.301656274
KJ:/rc/: 0.027861719 0.972138281 0.000000000
KJ:/rc/cr: 0.011085322 0.947021904 0.041892775
KJ:/rc/rr: 0.000000000 0.467754634 0.532245366
KJ:/rrc/: 0.110775804 0.889224196 0.000000000
KJ:/rrc/cr: 0.005451752 0.993745360 0.000802889
KJ:/rrc/rr: 0.000000000 0.564234794 0.435765206
KK:/cc/: 0.998144735 0.001855265 0.000000000
KK:/cc/cr: 0.963232745 0.018383627 0.018383627
KK:/cc/rr: 0.000000000 0.999948745 0.000051255
KK:/crc/: 0.312796069 0.687203931 0.000000000
KK:/crc/cr: 0.999904885 0.000047557 0.000047557
KK:/crc/rr: 0.000000000 0.999843277 0.000156723
KK:/crrc/: 0.934321420 0.065678580 0.000000000
KK:/crrc/cr: 0.474000176 0.525734363 0.000265461
KK:/crrc/rr: 0.000000000 0.999972009 0.000027991
KK:/rc/: 0.855387425 0.144612575 0.000000000
KK:/rc/cr: 0.413987953 0.585936786 0.000075261
KK:/rc/rr: 0.000000000 0.999980914 0.000019086
KK:/rrc/: 0.498773286 0.501226714 0.000000000
KK:/rrc/cr: 0.999978285 0.000010857 0.000010857
KK:/rrc/rr: 0.000000000 0.999983634 0.000016366
KQ:/cc/: 0.002711956 0.997288044 0.000000000
KQ:/cc/cr: 0.000279550 0.472012218 0.527708232
KQ:/cc/rr: 0.000000000 0.981135479 0.018864521
KQ:/crc/: 0.741053037 0.258946963 0.000000000
KQ:/crc/cr: 0.001109905 0.773048697 0.225841398
KQ:/crc/rr: 0.000000000 0.000066152 0.999933848
KQ:/crrc/: 0.048786777 0.951213223 0.000000000
KQ:/crrc/cr: 0.013783929 0.742422149 0.243793922
KQ:/crrc/rr: 0.000000000 0.307792427 0.692207573
KQ:/rc/: 0.000189004 0.999810996 0.000000000
KQ:/rc/cr: 0.000227834 0.502762823 0.497009343
KQ:/rc/rr: 0.000000000 0.913622763 0.086377237
KQ:/rrc/: 0.632590195 0.367409805 0.000000000
KQ:/rrc/cr: 0.015600263 0.876774721 0.107625015
KQ:/rrc/rr: 0.000000000 0.378591919 0.621408081
Q:/: 0.710627704 0.289372296 0.000000000
Q:/cr: 0.150329147 0.827457400 0.022213453
Q:/rr: 0.000000000 0.999965168 0.000034832
QJ:/cc/: 0.000085539 0.999914461 0.000000000
QJ:/cc/cr: 0.000119671 0.000028515 0.999851813
QJ:/cc/rr: 0.000000000 0.500000000 0.500000000
QJ:/crc/: 0.032918716 0.967081284 0.000000000
QJ:/crc/cr: 0.002525297 0.000011877 0.997462826
QJ:/crc/rr: 0.000000000 0.000523386 0.999476614
QJ:/crrc/: 0.035614467 0.964385533 0.000000000
QJ:/crrc/cr: 0.002028584 0.000065558 0.997905858
QJ:/crrc/rr: 0.000000000 0.002662814 0.997337186
QJ:/rc/: 0.016800705 0.983199295 0.000000000
QJ:/rc/cr: 0.000339926 0.000011809 0.999648265
QJ:/rc/rr: 0.000000000 0.001036619 0.998963381
QJ:/rrc/: 0.000017417 0.999982583 0.000000000
QJ:/rrc/cr: 0.000019497 0.000005806 0.999974698
QJ:/rrc/rr: 0.000000000 0.500000000 0.500000000
QK:/cc/: 0.013560520 0.986439480 0.000000000
QK:/cc/cr: 0.349192784 0.650753540 0.000053676
QK:/cc/rr: 0.000000000 0.996846046 0.003153954
QK:/crc/: 0.009178846 0.990821154 0.000000000
QK:/crc/cr: 0.000011593 0.550189973 0.449798434
QK:/crc/rr: 0.000000000 0.001877054 0.998122946
QK:/crrc/: 0.773184631 0.226815369 0.000000000
QK:/crrc/cr: 0.000290006 0.572542880 0.427167114
QK:/crrc/rr: 0.000000000 0.003249252 0.996750748
QK:/rc/: 0.484757702 0.515242298 0.000000000
QK:/rc/cr: 0.006617204 0.538182377 0.455200419
QK:/rc/rr: 0.000000000 0.214120563 0.785879437
QK:/rrc/: 0.119386113 0.880613887 0.000000000
QK:/rrc/cr: 0.000006593 0.315547114 0.684446294
QK:/rrc/rr: 0.000000000 0.004160932 0.995839068
QQ:/cc/: 0.559221904 0.440778096 0.000000000
QQ:/cc/cr: 0.999870625 0.000064688 0.000064688
QQ:/cc/rr: 0.000000000 0.999923520 0.000076480
QQ:/crc/: 0.987866287 0.012133713 0.000000000
QQ:/crc/cr: 0.998106742 0.000946629 0.000946629
QQ:/crc/rr: 0.000000000 0.999982559 0.000017441
QQ:/crrc/: 0.400176487 0.599823513 0.000000000
QQ:/crrc/cr: 0.999789194 0.000105403 0.000105403
QQ:/crrc/rr: 0.000000000 0.999763018 0.000236982
QQ:/rc/: 0.548072035 0.451927965 0.000000000
QQ:/rc/cr: 0.999948617 0.000025691 0.000025691
QQ:/rc/rr: 0.000000000 0.999968223 0.000031777
QQ:/rrc/: 0.963902644 0.036097356 0.000000000
QQ:/rrc/cr: 0.999678342 0.000160829 0.000160829
QQ:/rrc/rr: 0.000000000 0.999990966 0.000009034
