J:/c: 0.266626161 0.733373839 0.000000000
J:/crr: 0.000000000 0.999907164 0.000092836
J:/r: 0.051957314 0.168824754 0.779217932
JJ:/cc/c: 0.999966248 0.000033752 0.000000000
JJ:/cc/crr: 0.000000000 0.999983124 0.000016876
JJ:/cc/r: 0.999916895 0.000060604 0.000022501
JJ:/crc/c: 0.999907164 0.000092836 0.000000000
JJ:/crc/crr: 0.000000000 0.999953578 0.000046422
JJ:/crc/r: 0.999814842 0.000123267 0.000061891
JJ:/crrc/c: 0.999919481 0.000080519 0.000000000
JJ:/crrc/crr: 0.000000000 0.999976787 0.000023213
JJ:/crrc/r: 0.999938104 0.000030948 0.000030948
JJ:/rc/c: 0.999902256 0.000097744 0.000000000
JJ:/rc/crr: 0.000000000 0.999951123 0.000048877
JJ:/rc/r: 0.999789261 0.000145577 0.000065163
JJ:/rrc/c: 0.999499498 0.000500502 0.000000000
JJ:/rrc/crr: 0.000000000 0.999841120 0.000158880
JJ:/rrc/r: 0.998398243 0.001390024 0.000211733
JK:/cc/c: 0.005857474 0.994142526 0.000000000
JK:/cc/crr: 0.000000000 0.002881064 0.997118936
JK:/cc/r: 0.000057505 0.000022501 0.999919994
JK:/crc/c: 0.548838175 0.451161825 0.000000000
JK:/crc/crr: 0.000000000 0.000084575 0.999915425
JK:/crc/r: 0.254429368 0.000061891 0.745508741
JK:/crrc/c: 0.576669245 0.423330755 0.000000000
JK:/crrc/crr: 0.000000000 0.000040250 0.999959750
JK:/crrc/r: 0.178295007 0.000030948 0.821674045
JK:/rc/c: 0.330765748 0.669234252 0.000000000
JK:/rc/crr: 0.000000000 0.000147755 0.999852245
JK:/rc/r: 0.256503515 0.000065163 0.743431322
JK:/rrc/c: 0.995653043 0.004346957 0.000000000
JK:/rrc/crr: 0.000000000 0.000159493 0.999840507
JK:/rrc/r: 0.228969293 0.000445358 0.770585349
JQ:/cc/c: 0.065379676 0.934620324 0.000000000
JQ:/cc/crr: 0.000000000 0.000258119 0.999741881
JQ:/cc/r: 0.037859848 0.000022501 0.962117651
JQ:/crc/c: 0.418885307 0.581114693 0.000000000
JQ:/crc/crr: 0.000000000 0.000110813 0.999889187
JQ:/crc/r: 0.010218170 0.000061891 0.989719940
JQ:/crrc/c: 0.037407358 0.962592642 0.000000000
JQ:/crrc/crr: 0.000000000 0.000620496 0.999379504
JQ:/crrc/r: 0.305036164 0.000030948 0.694932888
JQ:/rc/c: 0.801525237 0.198474763 0.000000000
JQ:/rc/crr: 0.000000000 0.000060974 0.999939026
JQ:/rc/r: 0.000147029 0.000065163 0.999787808
JQ:/rrc/c: 0.040003194 0.959996806 0.000000000
JQ:/rrc/crr: 0.000000000 0.003969685 0.996030315
JQ:/rrc/r: 0.307367384 0.000434251 0.692198365
K:/c: 0.999810375 0.000189625 0.000000000
K:/crr: 0.000000000 0.999975243 0.000024757
K:/r: 0.525143227 0.474823769 0.000033003
KJ:/cc/c: 0.708907224 0.291092776 0.000000000
KJ:/cc/crr: 0.000000000 0.907933022 0.092066978
KJ:/cc/r: 0.451622147 0.180645502 0.367732351
KJ:/crc/c: 0.274214674 0.725785326 0.000000000
KJ:/crc/crr: 0.000000000 0.782188295 0.217811705
KJ:/crc/r: 0.000537071 0.710856713 0.288606216
KJ:/crrc/c: 0.419133260 0.580866740 0.000000000
KJ:/crrc/crr: 0.000000000 0.952302935 0.047697065
KJ:/crrc/r: 0.007319472 0.931095121 0.061585407
KJ:/rc/c: 0.508804576 0.491195424 0.000000000
KJ:/rc/crr: 0.000000000 0.651979804 0.348020196
KJ:/rc/r: 0.025130058 0.712476052 0.262393890
KJ:/rrc/c: 0.003359816 0.996640184 0.000000000
KJ:/rrc/crr: 0.000000000 0.995323680 0.004676320
KJ:/rrc/r: 0.038556923 0.866048443 0.095394634
KK:/cc/c: 0.869466108 0.130533892 0.000000000
KK:/cc/crr: 0.000000000 0.924934457 0.075065543
KK:/cc/r: 0.680743026 0.232234379 0.087022594
KK:/crc/c: 0.999919264 0.000080736 0.000000000
KK:/crc/crr: 0.000000000 0.999987620 0.000012380
KK:/crc/r: 0.980572988 0.019410508 0.000016505
KK:/crrc/c: 0.999987621 0.000012379 0.000000000
KK:/crrc/crr: 0.000000000 0.999993810 0.000006190
KK:/crrc/r: 0.671878873 0.328112875 0.000008253
KK:/rc/c: 0.999965247 0.000034753 0.000000000
KK:/rc/crr: 0.000000000 0.999982623 0.000017377
KK:/rc/r: 0.999916670 0.000060161 0.000023169
KK:/rrc/c: 0.999968577 0.000031423 0.000000000
KK:/rrc/crr: 0.000000000 0.999984288 0.000015712
KK:/rrc/r: 0.283412794 0.716566257 0.000020949
KQ:/cc/c: 0.678298331 0.321701669 0.000000000
KQ:/cc/crr: 0.000000000 0.903778407 0.096221593
KQ:/cc/r: 0.457709299 0.366900159 0.175390541
KQ:/crc/c: 0.224167934 0.775832066 0.000000000
KQ:/crc/crr: 0.000000000 0.002907645 0.997092355
KQ:/crc/r: 0.000669328 0.446607339 0.552723332
KQ:/crrc/c: 0.618709126 0.381290874 0.000000000
KQ:/crrc/crr: 0.000000000 0.423071750 0.576928250
KQ:/crrc/r: 0.003725643 0.701055482 0.295218875
KQ:/rc/c: 0.014502646 0.985497354 0.000000000
KQ:/rc/crr: 0.000000000 0.011479786 0.988520214
KQ:/rc/r: 0.000430313 0.310653666 0.688916020
KQ:/rrc/c: 0.468827648 0.531172352 0.000000000
KQ:/rrc/crr: 0.000000000 0.529845830 0.470154170
KQ:/rrc/r: 0.103934323 0.528391345 0.367674332
Q:/c: 0.830353412 0.169646588 0.000000000
Q:/crr: 0.000000000 0.999970190 0.000029810
Q:/r: 0.308514608 0.691121044 0.000364348
QJ:/cc/c: 0.002917498 0.997082502 0.000000000
QJ:/cc/crr: 0.000000000 0.025005351 0.974994649
QJ:/cc/r: 0.000254047 0.000097271 0.999648682
QJ:/crc/c: 0.300780938 0.699219062 0.000000000
QJ:/crc/crr: 0.000000000 0.000049554 0.999950446
QJ:/crc/r: 0.000658840 0.000019873 0.999321287
QJ:/crrc/c: 0.000345158 0.999654842 0.000000000
QJ:/crrc/crr: 0.000000000 0.021591895 0.978408105
QJ:/crrc/r: 0.014116642 0.000009937 0.985873421
QJ:/rc/c: 0.001720481 0.998279519 0.000000000
QJ:/rc/crr: 0.000000000 0.006938944 0.993061056
QJ:/rc/r: 0.020897474 0.000015918 0.979086608
QJ:/rrc/c: 0.024708271 0.975291729 0.000000000
QJ:/rrc/crr: 0.000000000 0.022844979 0.977155021
QJ:/rrc/r: 0.000545288 0.000064949 0.999389763
QK:/cc/c: 0.314487393 0.685512607 0.000000000
QK:/cc/crr: 0.000000000 0.999768025 0.000231975
QK:/cc/r: 0.000508534 0.701251367 0.298240099
QK:/crc/c: 0.418477780 0.581522220 0.000000000
QK:/crc/crr: 0.000000000 0.111772270 0.888227730
QK:/crc/r: 0.001461710 0.475581340 0.522956950
QK:/crrc/c: 0.176583683 0.823416317 0.000000000
QK:/crrc/crr: 0.000000000 0.022152053 0.977847947
QK:/crrc/r: 0.000013910 0.305430333 0.694555756
QK:/rc/c: 0.377769075 0.622230925 0.000000000
QK:/rc/crr: 0.000000000 0.058046192 0.941953808
QK:/rc/r: 0.000119145 0.358194761 0.641686094
QK:/rrc/c: 0.403033270 0.596966730 0.000000000
QK:/rrc/crr: 0.000000000 0.004496339 0.995503661
QK:/rrc/r: 0.002558376 0.493984371 0.503457253
QQ:/cc/c: 0.999854094 0.000145906 0.000000000
QQ:/cc/crr: 0.000000000 0.999927036 0.000072964
QQ:/cc/r: 0.341833754 0.658068975 0.000097271
QQ:/crc/c: 0.999970190 0.000029810 0.000000000
QQ:/crc/crr: 0.000000000 0.999985095 0.000014905
QQ:/crc/r: 0.267575917 0.732404210 0.000019873
QQ:/crrc/c: 0.999985095 0.000014905 0.000000000
QQ:/crrc/crr: 0.000000000 0.999992547 0.000007453
QQ:/crrc/r: 0.996802844 0.003187219 0.000009937
QQ:/rc/c: 0.999976123 0.000023877 0.000000000
QQ:/rc/crr: 0.000000000 0.999988061 0.000011939
QQ:/rc/r: 0.999939989 0.000044094 0.000015918
QQ:/rrc/c: 0.999715586 0.000284414 0.000000000
QQ:/rrc/crr: 0.000000000 0.999973249 0.000026751
QQ:/rrc/r: 0.999725896 0.000238446 0.000035658
