J:/: 0.073795691 0.926204309 0.000000000
J:/cr: 0.019847205 0.031801553 0.948351241
J:/rr: 0.000000000 0.999664581 0.000335419
JJ:/cc/: 0.001338861 0.998661139 0.000000000
JJ:/cc/cr: 0.999982160 0.000008920 0.000008920
JJ:/cc/rr: 0.000000000 0.990019635 0.009980365
JJ:/crc/: 0.923318561 0.076681439 0.000000000
JJ:/crc/cr: 0.997564654 0.001217673 0.001217673
JJ:/crc/rr: 0.000000000 0.999848309 0.000151691
JJ:/crrc/: 0.995215823 0.004784177 0.000000000
JJ:/crrc/cr: 0.937454983 0.031272508 0.031272508
JJ:/crrc/rr: 0.000000000 0.999774501 0.000225499
JJ:/rc/: 0.707842210 0.292157790 0.000000000
JJ:/rc/cr: 0.999234617 0.000382692 0.000382692
JJ:/rc/rr: 0.000000000 0.999763069 0.000236931
JJ:/rrc/: 0.989827795 0.010172205 0.000000000
JJ:/rrc/cr: 0.989004956 0.005497522 0.005497522
JJ:/rrc/rr: 0.000000000 0.999915255 0.000084745
JK:/cc/: 0.079233062 0.920766938 0.000000000
JK:/cc/cr: 0.001088402 0.000009675 0.998901923
JK:/cc/rr: 0.000000000 0.000168646 0.999831354
JK:/crc/: 0.085923121 0.914076879 0.000000000
JK:/crc/cr: 0.055288839 0.000102150 0.944609011
JK:/crc/rr: 0.000000000 0.001630055 0.998369945
JK:/crrc/: 0.998599489 0.001400511 0.000000000
JK:/crrc/cr: 0.106827621 0.106827621 0.786344758
JK:/crrc/rr: 0.000000000 0.000224735 0.999775265
JK:/rc/: 0.974616478 0.025383522 0.000000000
JK:/rc/cr: 0.723375359 0.004404681 0.272219959
JK:/rc/rr: 0.000000000 0.000172077 0.999827923
JK:/rrc/: 0.532777041 0.467222959 0.000000000
JK:/rrc/cr: 0.873644431 0.000119690 0.126235879
JK:/rrc/rr: 0.000000000 0.000157445 0.999842555
JQ:/cc/: 0.126631752 0.873368248 0.000000000
JQ:/cc/cr: 0.000044896 0.000010200 0.999944904
JQ:/cc/rr: 0.000000000 0.000105521 0.999894479
JQ:/crc/: 0.938843763 0.061156237 0.000000000
JQ:/crc/cr: 0.051651268 0.001526793 0.946821939
JQ:/crc/rr: 0.000000000 0.000149183 0.999850817
JQ:/crrc/: 0.022097844 0.977902156 0.000000000
JQ:/crrc/cr: 0.009005921 0.000152994 0.990841085
JQ:/crrc/rr: 0.000000000 0.010155734 0.989844266
JQ:/rc/: 0.965774339 0.034225661 0.000000000
JQ:/rc/cr: 0.003266740 0.003266740 0.993466521
JQ:/rc/rr: 0.000000000 0.000173653 0.999826347
JQ:/rrc/: 0.155251126 0.844748874 0.000000000
JQ:/rrc/cr: 0.002496630 0.000066199 0.997437170
JQ:/rrc/rr: 0.000000000 0.000540304 0.999459696
K:/: 0.731151434 0.268848566 0.000000000
K:/cr: 0.753162791 0.246775830 0.000061379
K:/rr: 0.000000000 0.999966146 0.000033854
KJ:/cc/: 0.000264303 0.999735697 0.000000000
KJ:/cc/cr: 0.000223184 0.000038024 0.999738791
KJ:/cc/rr: 0.000000000 0.825827484 0.174172516
KJ:/crc/: 0.002821623 0.997178377 0.000000000
KJ:/crc/cr: 0.003606615 0.996351813 0.000041571
KJ:/crc/rr: 0.000000000 0.977962720 0.022037280
KJ:/crrc/: 0.064866388 0.935133612 0.000000000
KJ:/crrc/cr: 0.000103679 0.999495247 0.000401073
KJ:/crrc/rr: 0.000000000 0.436688730 0.563311270
KJ:/rc/: 0.059370484 0.940629516 0.000000000
KJ:/rc/cr: 0.027003947 0.884571628 0.088424425
KJ:/rc/rr: 0.000000000 0.720212745 0.279787255
KJ:/rrc/: 0.117010476 0.882989524 0.000000000
KJ:/rrc/cr: 0.004500929 0.994307290 0.001191782
KJ:/rrc/rr: 0.000000000 0.798494274 0.201505726
KK:/cc/: 0.964647089 0.035352911 0.000000000
KK:/cc/cr: 0.998263821 0.000868089 0.000868089
KK:/cc/rr: 0.000000000 0.999952279 0.000047721
KK:/crc/: 0.244779630 0.755220370 0.000000000
KK:/crc/cr: 0.999890220 0.000054890 0.000054890
KK:/crc/rr: 0.000000000 0.999745972 0.000254028
KK:/crrc/: 0.982389121 0.017610879 0.000000000
KK:/crrc/cr: 0.315159870 0.684068874 0.000771256
KK:/crrc/rr: 0.000000000 0.999979261 0.000020739
KK:/rc/: 0.811722665 0.188277335 0.000000000
KK:/rc/cr: 0.097235564 0.902704499 0.000059937
KK:/rc/rr: 0.000000000 0.999979147 0.000020853
KK:/rrc/: 0.521173575 0.478826425 0.000000000
KK:/rrc/cr: 0.999976432 0.000011784 0.000011784
KK:/rrc/rr: 0.000000000 0.999983760 0.000016240
KQ:/cc/: 0.000266999 0.999733001 0.000000000
KQ:/cc/cr: 0.000373203 0.440103675 0.559523122
KQ:/cc/rr: 0.000000000 0.827586371 0.172413629
KQ:/crc/: 0.807156220 0.192843780 0.000000000
KQ:/crc/cr: 0.001892498 0.570593091 0.427514411
KQ:/crc/rr: 0.000000000 0.000077037 0.999922963
KQ:/crrc/: 0.066723958 0.933276042 0.000000000
KQ:/crrc/cr: 0.090086111 0.622821391 0.287092498
KQ:/crrc/rr: 0.000000000 0.410855393 0.589144607
KQ:/rc/: 0.000102037 0.999897963 0.000000000
KQ:/rc/cr: 0.000293193 0.482218502 0.517488306
KQ:/rc/rr: 0.000000000 0.834108572 0.165891428
KQ:/rrc/: 0.710616350 0.289383650 0.000000000
KQ:/rrc/cr: 0.066509475 0.741443725 0.192046800
KQ:/rrc/rr: 0.000000000 0.390538990 0.609461010
Q:/: 0.740062924 0.259937076 0.000000000
Q:/cr: 0.208460462 0.699682625 0.091856912
Q:/rr: 0.000000000 0.999966554 0.000033446
QJ:/cc/: 0.000095225 0.999904775 0.000000000
QJ:/cc/cr: 0.000137956 0.000031745 0.999830300
QJ:/cc/rr: 0.000000000 0.500000000 0.500000000
QJ:/crc/: 0.033801578 0.966198422 0.000000000
QJ:/crc/cr: 0.004301509 0.000015651 0.995682841
QJ:/crc/rr: 0.000000000 0.000671060 0.999328940
QJ:/crrc/: 0.026597194 0.973402806 0.000000000
QJ:/crrc/cr: 0.000204743 0.000052142 0.999743115
QJ:/crrc/rr: 0.000000000 0.002862461 0.997137539
QJ:/rc/: 0.005664208 0.994335792 0.000000000
QJ:/rc/cr: 0.000298812 0.000011212 0.999689976
QJ:/rc/rr: 0.000000000 0.002952438 0.997047562
QJ:/rrc/: 0.000016724 0.999983276 0.000000000
QJ:/rrc/cr: 0.000020559 0.000005575 0.999973866
QJ:/rrc/rr: 0.000000000 0.500000000 0.500000000
QK:/cc/: 0.557100699 0.442899301 0.000000000
QK:/cc/cr: 0.004841852 0.978884841 0.016273307
QK:/cc/rr: 0.000000000 0.476832090 0.523167910
QK:/crc/: 0.000719072 0.999280928 0.000000000
QK:/crc/cr: 0.000015133 0.571282778 0.428702089
QK:/crc/rr: 0.000000000 0.031544644 0.968455356
QK:/crrc/: 0.850685295 0.149314705 0.000000000
QK:/crrc/cr: 0.000427333 0.681740544 0.317832123
QK:/crrc/rr: 0.000000000 0.002777954 0.997222046
QK:/rc/: 0.430589975 0.569410025 0.000000000
QK:/rc/cr: 0.000139953 0.544183359 0.455676688
QK:/rc/rr: 0.000000000 0.221718266 0.778281734
QK:/rrc/: 0.107660076 0.892339924 0.000000000
QK:/rrc/cr: 0.000006247 0.327144018 0.672849735
QK:/rrc/rr: 0.000000000 0.004460436 0.995539564
QQ:/cc/: 0.341586241 0.658413759 0.000000000
QQ:/cc/cr: 0.999903582 0.000048209 0.000048209
QQ:/cc/rr: 0.000000000 0.999860614 0.000139386
QQ:/crc/: 0.972584115 0.027415885 0.000000000
QQ:/crc/cr: 0.998896850 0.000551575 0.000551575
QQ:/crc/rr: 0.000000000 0.999976678 0.000023322
QQ:/crrc/: 0.362239081 0.637760919 0.000000000
QQ:/crrc/cr: 0.999839719 0.000080697 0.000079584
QQ:/crrc/rr: 0.000000000 0.999789825 0.000210175
QQ:/rc/: 0.512611126 0.487388874 0.000000000
QQ:/rc/cr: 0.054253743 0.945723382 0.000022875
QQ:/rc/rr: 0.000000000 0.999967376 0.000032624
QQ:/rrc/: 0.965624105 0.034375895 0.000000000
QQ:/rrc/cr: 0.999675668 0.000162166 0.000162166
QQ:/rrc/rr: 0.000000000 0.999991340 0.000008660
