J:/: 0.075796670 0.924203330 0.000000000
J:/cr: 0.018428406 0.039915589 0.941656005
J:/rr: 0.000000000 0.999673436 0.000326564
JJ:/cc/: 0.001325310 0.998674690 0.000000000
JJ:/cc/cr: 0.999982121 0.000008939 0.000008939
JJ:/cc/rr: 0.000000000 0.989895761 0.010104239
JJ:/crc/: 0.936951285 0.063048715 0.000000000
JJ:/crc/cr: 0.997635062 0.001182469 0.001182469
JJ:/crc/rr: 0.000000000 0.999880645 0.000119355
JJ:/crrc/: 0.958726754 0.041273246 0.000000000
JJ:/crrc/cr: 0.992175039 0.003912481 0.003912481
JJ:/crrc/rr: 0.000000000 0.999747351 0.000252649
JJ:/rc/: 0.699017404 0.300982596 0.000000000
JJ:/rc/cr: 0.999276671 0.000361664 0.000361664
JJ:/rc/rr: 0.000000000 0.999766412 0.000233588
JJ:/rrc/: 0.992045165 0.007954835 0.000000000
JJ:/rrc/cr: 0.986311435 0.006844282 0.006844282
JJ:/rrc/rr: 0.000000000 0.999917677 0.000082323
JK:/cc/: 0.079315448 0.920684552 0.000000000
JK:/cc/cr: 0.001411175 0.000009697 0.998579129
JK:/cc/rr: 0.000000000 0.000168835 0.999831165
JK:/crc/: 0.084392323 0.915607677 0.000000000
JK:/crc/cr: 0.099747610 0.000081425 0.900170965
JK:/crc/rr: 0.000000000 0.001325117 0.998674883
JK:/crrc/: 0.998454177 0.001545823 0.000000000
JK:/crrc/cr: 0.104462638 0.104462638 0.791074724
JK:/crrc/rr: 0.000000000 0.000242596 0.999757404
JK:/rc/: 0.989110899 0.010889101 0.000000000
JK:/rc/cr: 0.120558326 0.009996667 0.869445007
JK:/rc/rr: 0.000000000 0.000165080 0.999834920
JK:/rrc/: 0.446694437 0.553305563 0.000000000
JK:/rrc/cr: 0.578034455 0.000098400 0.421867145
JK:/rrc/rr: 0.000000000 0.000182827 0.999817173
JQ:/cc/: 0.166255629 0.833744371 0.000000000
JQ:/cc/cr: 0.000044913 0.000010708 0.999944379
JQ:/cc/rr: 0.000000000 0.000080546 0.999919454
JQ:/crc/: 0.963124716 0.036875284 0.000000000
JQ:/crc/cr: 0.193613070 0.002021765 0.804365165
JQ:/crc/rr: 0.000000000 0.000116111 0.999883889
JQ:/crrc/: 0.091961839 0.908038161 0.000000000
JQ:/crrc/cr: 0.088998717 0.000177835 0.910823449
JQ:/crrc/rr: 0.000000000 0.002633931 0.997366069
JQ:/rc/: 0.963669369 0.036330631 0.000000000
JQ:/rc/cr: 0.002996224 0.002996224 0.994007552
JQ:/rc/rr: 0.000000000 0.000169438 0.999830562
JQ:/rrc/: 0.168465696 0.831534304 0.000000000
JQ:/rrc/cr: 0.001494518 0.000065476 0.998440006
JQ:/rrc/rr: 0.000000000 0.000484774 0.999515226
K:/: 0.743614551 0.256385449 0.000000000
K:/cr: 0.705239911 0.294695726 0.000064363
K:/rr: 0.000000000 0.999966713 0.000033287
KJ:/cc/: 0.000277378 0.999722622 0.000000000
KJ:/cc/cr: 0.000232708 0.000039648 0.999727643
KJ:/cc/rr: 0.000000000 0.825970211 0.174029789
KJ:/crc/: 0.002623099 0.997376901 0.000000000
KJ:/crc/cr: 0.001563884 0.998399619 0.000036496
KJ:/crc/rr: 0.000000000 0.979184568 0.020815432
KJ:/crrc/: 0.089173346 0.910826654 0.000000000
KJ:/crrc/cr: 0.000048573 0.991495956 0.008455471
KJ:/crrc/rr: 0.000000000 0.694071551 0.305928449
KJ:/rc/: 0.055051254 0.944948746 0.000000000
KJ:/rc/cr: 0.019012877 0.890250566 0.090736557
KJ:/rc/rr: 0.000000000 0.401562905 0.598437095
KJ:/rrc/: 0.084507396 0.915492604 0.000000000
KJ:/rrc/cr: 0.003552865 0.995147981 0.001299154
KJ:/rrc/rr: 0.000000000 0.545442129 0.454557871
KK:/cc/: 0.956677017 0.043322983 0.000000000
KK:/cc/cr: 0.998514353 0.000742824 0.000742824
KK:/cc/rr: 0.000000000 0.999949542 0.000050458
KK:/crc/: 0.272033631 0.727966369 0.000000000
KK:/crc/cr: 0.999899994 0.000050003 0.000050003
KK:/crc/rr: 0.000000000 0.999799286 0.000200714
KK:/crrc/: 0.918338256 0.081661744 0.000000000
KK:/crrc/cr: 0.148788080 0.851025656 0.000186263
KK:/crrc/rr: 0.000000000 0.999975155 0.000024845
KK:/rc/: 0.858231327 0.141768673 0.000000000
KK:/rc/cr: 0.999808741 0.000112993 0.000078265
KK:/rc/rr: 0.000000000 0.999980607 0.000019393
KK:/rrc/: 0.452304182 0.547695818 0.000000000
KK:/rrc/cr: 0.909975464 0.090014406 0.000010130
KK:/rrc/rr: 0.000000000 0.999981601 0.000018399
KQ:/cc/: 0.000325948 0.999674052 0.000000000
KQ:/cc/cr: 0.000362863 0.475331108 0.524306028
KQ:/cc/rr: 0.000000000 0.851902750 0.148097250
KQ:/crc/: 0.762224434 0.237775566 0.000000000
KQ:/crc/cr: 0.001325703 0.414767700 0.583906597
KQ:/crc/rr: 0.000000000 0.000071634 0.999928366
KQ:/crrc/: 0.022131286 0.977868714 0.000000000
KQ:/crrc/cr: 0.027686178 0.756756656 0.215557166
KQ:/crrc/rr: 0.000000000 0.202058227 0.797941773
KQ:/rc/: 0.050482860 0.949517140 0.000000000
KQ:/rc/cr: 0.000296620 0.477001034 0.522702347
KQ:/rc/rr: 0.000000000 0.002030767 0.997969233
KQ:/rrc/: 0.653797760 0.346202240 0.000000000
KQ:/rrc/cr: 0.080475819 0.684206589 0.235317592
KQ:/rrc/rr: 0.000000000 0.379742506 0.620257494
Q:/: 0.738511196 0.261488804 0.000000000
Q:/cr: 0.164415775 0.829162638 0.006421587
Q:/rr: 0.000000000 0.999966483 0.000033517
QJ:/cc/: 0.000094660 0.999905340 0.000000000
QJ:/cc/cr: 0.000129031 0.000031556 0.999839412
QJ:/cc/rr: 0.000000000 0.500000000 0.500000000
QJ:/crc/: 0.031817304 0.968182696 0.000000000
QJ:/crc/cr: 0.004805502 0.000013102 0.995181396
QJ:/crc/rr: 0.000000000 0.000598014 0.999401986
QJ:/crrc/: 0.002626658 0.997373342 0.000000000
QJ:/crrc/cr: 0.000199456 0.000064139 0.999736405
QJ:/crrc/rr: 0.000000000 0.036531482 0.963468518
QJ:/rc/: 0.005772331 0.994227669 0.000000000
QJ:/rc/cr: 0.000434116 0.000011237 0.999554647
QJ:/rc/rr: 0.000000000 0.002903223 0.997096777
QJ:/rrc/: 0.000016759 0.999983241 0.000000000
QJ:/rrc/cr: 0.000019896 0.000005586 0.999974518
QJ:/rrc/rr: 0.000000000 0.500000000 0.500000000
QK:/cc/: 0.522274243 0.477725757 0.000000000
QK:/cc/cr: 0.007180968 0.981820821 0.010998211
QK:/cc/rr: 0.000000000 0.558736066 0.441263934
QK:/crc/: 0.006578905 0.993421095 0.000000000
QK:/crc/cr: 0.000012769 0.563847380 0.436139852
QK:/crc/rr: 0.000000000 0.002892151 0.997107849
QK:/crrc/: 0.745424254 0.254575746 0.000000000
QK:/crrc/cr: 0.000251283 0.404151330 0.595597387
QK:/crrc/rr: 0.000000000 0.005777524 0.994222476
QK:/rc/: 0.473950585 0.526049415 0.000000000
QK:/rc/cr: 0.034714792 0.516268759 0.449016449
QK:/rc/rr: 0.000000000 0.211352972 0.788647028
QK:/rrc/: 0.109396670 0.890603330 0.000000000
QK:/rrc/cr: 0.000006272 0.308827191 0.691166537
QK:/rrc/rr: 0.000000000 0.004358717 0.995641283
QQ:/cc/: 0.603907621 0.396092379 0.000000000
QQ:/cc/cr: 0.740229246 0.259691093 0.000079661
QQ:/cc/rr: 0.000000000 0.999921627 0.000078373
QQ:/crc/: 0.973905435 0.026094565 0.000000000
QQ:/crc/cr: 0.999027783 0.000486109 0.000486109
QQ:/crc/rr: 0.000000000 0.999980463 0.000019537
QQ:/crrc/: 0.375636924 0.624363076 0.000000000
QQ:/crrc/cr: 0.999795086 0.000102457 0.000102457
QQ:/crrc/rr: 0.000000000 0.999744552 0.000255448
QQ:/rc/: 0.548511331 0.451488669 0.000000000
QQ:/rc/cr: 0.028563755 0.971411500 0.000024745
QQ:/rc/rr: 0.000000000 0.999969448 0.000030552
QQ:/rrc/: 0.941552233 0.058447767 0.000000000
QQ:/rrc/cr: 0.999808844 0.000095578 0.000095578
QQ:/rrc/rr: 0.000000000 0.999991100 0.000008900
