J:/c: 0.295525740 0.704474260 0.000000000
J:/crr: 0.000000000 0.999916243 0.000083757
J:/r: 0.058739352 0.136754339 0.804506309
JJ:/cc/c: 0.999964864 0.000035136 0.000000000
JJ:/cc/crr: 0.000000000 0.999982431 0.000017569
JJ:/cc/r: 0.999911230 0.000065346 0.000023424
JJ:/crc/c: 0.999916243 0.000083757 0.000000000
JJ:/crc/crr: 0.000000000 0.999958118 0.000041882
JJ:/crc/r: 0.999771603 0.000172559 0.000055838
JJ:/crrc/c: 0.999958118 0.000041882 0.000000000
JJ:/crrc/crr: 0.000000000 0.999979058 0.000020942
JJ:/crrc/r: 0.999944157 0.000027921 0.000027921
JJ:/rc/c: 0.999879334 0.000120666 0.000000000
JJ:/rc/crr: 0.000000000 0.999939660 0.000060340
JJ:/rc/r: 0.999758734 0.000160822 0.000080444
JJ:/rrc/c: 0.999719070 0.000280930 0.000000000
JJ:/rrc/crr: 0.000000000 0.999859495 0.000140505
JJ:/rrc/r: 0.998623423 0.001189290 0.000187287
JK:/cc/c: 0.008032841 0.991967159 0.000000000
JK:/cc/crr: 0.000000000 0.002187028 0.997812972
JK:/cc/r: 0.000060955 0.000023424 0.999915621
JK:/crc/c: 0.515356505 0.484643495 0.000000000
JK:/crc/crr: 0.000000000 0.000081262 0.999918738
JK:/crc/r: 0.086801736 0.000055838 0.913142426
JK:/crrc/c: 0.579960625 0.420039375 0.000000000
JK:/crrc/crr: 0.000000000 0.000036108 0.999963892
JK:/crrc/r: 0.161369351 0.000027921 0.838602727
JK:/rc/c: 0.366195613 0.633804387 0.000000000
JK:/rc/crr: 0.000000000 0.000164757 0.999835243
JK:/rc/r: 0.352383700 0.000084748 0.647531552
JK:/rrc/c: 0.999719070 0.000280930 0.000000000
JK:/rrc/crr: 0.000000000 0.000140505 0.999859495
JK:/rrc/r: 0.247219809 0.000415586 0.752364604
JQ:/cc/c: 0.077046424 0.922953576 0.000000000
JQ:/cc/crr: 0.000000000 0.000228019 0.999771981
JQ:/cc/r: 0.036551965 0.000023424 0.963424611
JQ:/crc/c: 0.462729774 0.537270226 0.000000000
JQ:/crc/crr: 0.000000000 0.000090504 0.999909496
JQ:/crc/r: 0.006562311 0.000055838 0.993381851
JQ:/crrc/c: 0.057163975 0.942836025 0.000000000
JQ:/crrc/crr: 0.000000000 0.000366334 0.999633666
JQ:/crrc/r: 0.200488814 0.000028390 0.799482795
JQ:/rc/c: 0.979023442 0.020976558 0.000000000
JQ:/rc/crr: 0.000000000 0.000061626 0.999938374
JQ:/rc/r: 0.000939403 0.000080444 0.998980153
JQ:/rrc/c: 0.040346901 0.959653099 0.000000000
JQ:/rrc/crr: 0.000000000 0.023156165 0.976843835
JQ:/rrc/r: 0.318083855 0.000411913 0.681504232
K:/c: 0.999539310 0.000460690 0.000000000
K:/crr: 0.000000000 0.999975236 0.000024764
K:/r: 0.564964236 0.435002760 0.000033003
KJ:/cc/c: 0.279284081 0.720715919 0.000000000
KJ:/cc/crr: 0.000000000 0.903809112 0.096190888
KJ:/cc/r: 0.187332976 0.071801636 0.740865389
KJ:/crc/c: 0.157669157 0.842330843 0.000000000
KJ:/crc/crr: 0.000000000 0.999921469 0.000078531
KJ:/crc/r: 0.000302946 0.754075285 0.245621769
KJ:/crrc/c: 0.531553477 0.468446523 0.000000000
KJ:/crrc/crr: 0.000000000 0.844134911 0.155865089
KJ:/crrc/r: 0.046715793 0.839251561 0.114032645
KJ:/rc/c: 0.450611237 0.549388763 0.000000000
KJ:/rc/crr: 0.000000000 0.948164593 0.051835407
KJ:/rc/r: 0.075891950 0.713795407 0.210312643
KJ:/rrc/c: 0.000807501 0.999192499 0.000000000
KJ:/rrc/crr: 0.000000000 0.981914375 0.018085625
KJ:/rrc/r: 0.023754905 0.909068004 0.067177091
KK:/cc/c: 0.946270832 0.053729168 0.000000000
KK:/cc/crr: 0.000000000 0.971610048 0.028389952
KK:/cc/r: 0.869103873 0.095076682 0.035819445
KK:/crc/c: 0.999975236 0.000024764 0.000000000
KK:/crc/crr: 0.000000000 0.999987618 0.000012382
KK:/crc/r: 0.905347392 0.094636099 0.000016509
KK:/crrc/c: 0.999987618 0.000012382 0.000000000
KK:/crrc/crr: 0.000000000 0.999993809 0.000006191
KK:/crrc/r: 0.839876633 0.160115112 0.000008255
KK:/rc/c: 0.999962065 0.000037935 0.000000000
KK:/rc/crr: 0.000000000 0.999981032 0.000018968
KK:/rc/r: 0.999910947 0.000063763 0.000025290
KK:/rrc/c: 0.999970792 0.000029208 0.000000000
KK:/rrc/crr: 0.000000000 0.999985395 0.000014605
KK:/rrc/r: 0.999884905 0.000095623 0.000019472
KQ:/cc/c: 0.279284081 0.720715919 0.000000000
KQ:/cc/crr: 0.000000000 0.903809112 0.096190888
KQ:/cc/r: 0.188144592 0.740339477 0.071515932
KQ:/crc/c: 0.057718467 0.942281533 0.000000000
KQ:/crc/crr: 0.000000000 0.742165888 0.257834112
KQ:/crc/r: 0.000636836 0.463334051 0.536029113
KQ:/crrc/c: 0.570312116 0.429687884 0.000000000
KQ:/crrc/crr: 0.000000000 0.422472917 0.577527083
KQ:/crrc/r: 0.048993529 0.571893969 0.379112502
KQ:/rc/c: 0.008642984 0.991357016 0.000000000
KQ:/rc/crr: 0.000000000 0.018259853 0.981740147
KQ:/rc/r: 0.000184769 0.327402282 0.672412949
KQ:/rrc/c: 0.450478490 0.549521510 0.000000000
KQ:/rrc/crr: 0.000000000 0.547621897 0.452378103
KQ:/rrc/r: 0.063348370 0.629841328 0.306810302
Q:/c: 0.833179474 0.166820526 0.000000000
Q:/crr: 0.000000000 0.999970292 0.000029708
Q:/r: 0.315125724 0.682907399 0.001966877
QJ:/cc/c: 0.002388351 0.997611649 0.000000000
QJ:/cc/crr: 0.000000000 0.031062823 0.968937177
QJ:/cc/r: 0.000257397 0.000098919 0.999643684
QJ:/crc/c: 0.382142234 0.617857766 0.000000000
QJ:/crc/crr: 0.000000000 0.157038720 0.842961280
QJ:/crc/r: 0.000516778 0.000019806 0.999463416
QJ:/crrc/c: 0.000346213 0.999653787 0.000000000
QJ:/crrc/crr: 0.000000000 0.021453061 0.978546939
QJ:/crrc/r: 0.020191365 0.000009903 0.979798731
QJ:/rc/c: 0.000396650 0.999603350 0.000000000
QJ:/rc/crr: 0.000000000 0.030459909 0.969540091
QJ:/rc/r: 0.009848362 0.000016109 0.990135529
QJ:/rrc/c: 0.037334936 0.962665064 0.000000000
QJ:/rrc/crr: 0.000000000 0.013984334 0.986015666
QJ:/rrc/r: 0.000533138 0.000071405 0.999395457
QK:/cc/c: 0.019197886 0.980802114 0.000000000
QK:/cc/crr: 0.000000000 0.996135567 0.003864433
QK:/cc/r: 0.001261744 0.714521326 0.284216930
QK:/crc/c: 0.388704859 0.611295141 0.000000000
QK:/crc/crr: 0.000000000 0.024947395 0.975052605
QK:/crc/r: 0.004853822 0.422747542 0.572398636
QK:/crrc/c: 0.039567170 0.960432830 0.000000000
QK:/crrc/crr: 0.000000000 0.070711454 0.929288546
QK:/crrc/r: 0.000227856 0.301339528 0.698432616
QK:/rc/c: 0.342092173 0.657907827 0.000000000
QK:/rc/crr: 0.000000000 0.043032114 0.956967886
QK:/rc/r: 0.000051916 0.315472617 0.684475467
QK:/rrc/c: 0.407559362 0.592440638 0.000000000
QK:/rrc/crr: 0.000000000 0.002643710 0.997356290
QK:/rrc/r: 0.000508632 0.500956296 0.498535072
QQ:/cc/c: 0.999851622 0.000148378 0.000000000
QQ:/cc/crr: 0.000000000 0.999925800 0.000074200
QQ:/cc/r: 0.999632476 0.000268606 0.000098919
QQ:/crc/c: 0.999970292 0.000029708 0.000000000
QQ:/crc/crr: 0.000000000 0.999985145 0.000014855
QQ:/crc/r: 0.030760385 0.969219809 0.000019806
QQ:/crrc/c: 0.999985145 0.000014855 0.000000000
QQ:/crrc/crr: 0.000000000 0.999992573 0.000007427
QQ:/crrc/r: 0.999980194 0.000009903 0.000009903
QQ:/rc/c: 0.999975836 0.000024164 0.000000000
QQ:/rc/crr: 0.000000000 0.999987918 0.000012082
QQ:/rc/r: 0.999939010 0.000044881 0.000016109
QQ:/rrc/c: 0.999947635 0.000052365 0.000000000
QQ:/rrc/crr: 0.000000000 0.999973816 0.000026184
QQ:/rrc/r: 0.999742257 0.000222833 0.000034910
