J:/c: 0.285097393 0.714902607 0.000000000
J:/crr: 0.000000000 0.999913179 0.000086821
J:/r: 0.070564931 0.104164233 0.825270835
JJ:/cc/c: 0.999965376 0.000034624 0.000000000
JJ:/cc/crr: 0.000000000 0.999982688 0.000017312
JJ:/cc/r: 0.999918123 0.000058795 0.000023082
JJ:/crc/c: 0.999913179 0.000086821 0.000000000
JJ:/crc/crr: 0.000000000 0.999956586 0.000043414
JJ:/crc/r: 0.154419788 0.845522331 0.000057881
JJ:/crrc/c: 0.999613559 0.000386441 0.000000000
JJ:/crrc/crr: 0.000000000 0.999978284 0.000021716
JJ:/crrc/r: 0.996688729 0.003282328 0.000028943
JJ:/rc/c: 0.999841580 0.000158420 0.000000000
JJ:/rc/crr: 0.000000000 0.999920778 0.000079222
JJ:/rc/r: 0.999682156 0.000212231 0.000105613
JJ:/rrc/c: 0.997659178 0.002340822 0.000000000
JJ:/rrc/crr: 0.000000000 0.999882800 0.000117200
JJ:/rrc/r: 0.998866627 0.000977473 0.000155900
JK:/cc/c: 0.001895389 0.998104611 0.000000000
JK:/cc/crr: 0.000000000 0.009133630 0.990866370
JK:/cc/r: 0.000234692 0.000023082 0.999742226
JK:/crc/c: 0.536897875 0.463102125 0.000000000
JK:/crc/crr: 0.000000000 0.000080854 0.999919146
JK:/crc/r: 0.097680314 0.000057881 0.902261806
JK:/crrc/c: 0.311539340 0.688460660 0.000000000
JK:/crrc/crr: 0.000000000 0.000069677 0.999930323
JK:/crrc/r: 0.222749151 0.000028943 0.777221906
JK:/rc/c: 0.362865408 0.637134592 0.000000000
JK:/rc/crr: 0.000000000 0.000218290 0.999781710
JK:/rc/r: 0.235404670 0.000105613 0.764489717
JK:/rrc/c: 0.999746998 0.000253002 0.000000000
JK:/rrc/crr: 0.000000000 0.000116955 0.999883045
JK:/rrc/r: 0.349810405 0.000293312 0.649896283
JQ:/cc/c: 0.063083041 0.936916959 0.000000000
JQ:/cc/crr: 0.000000000 0.000274428 0.999725572
JQ:/cc/r: 0.039304386 0.000023082 0.960672531
JQ:/crc/c: 0.404250429 0.595749571 0.000000000
JQ:/crc/crr: 0.000000000 0.003060599 0.996939401
JQ:/crc/r: 0.000057881 0.000057881 0.999884239
JQ:/crrc/c: 0.059838208 0.940161792 0.000000000
JQ:/crrc/crr: 0.000000000 0.001066235 0.998933765
JQ:/crrc/r: 0.142372272 0.000028943 0.857598785
JQ:/rc/c: 0.497269257 0.502730743 0.000000000
JQ:/rc/crr: 0.000000000 0.000159289 0.999840711
JQ:/rc/r: 0.000111916 0.000105613 0.999782471
JQ:/rrc/c: 0.092500701 0.907499299 0.000000000
JQ:/rrc/crr: 0.000000000 0.001264048 0.998735952
JQ:/rrc/r: 0.594734023 0.000359260 0.404906717
K:/c: 0.998026378 0.001973622 0.000000000
K:/crr: 0.000000000 0.999975199 0.000024801
K:/r: 0.782755059 0.217211937 0.000033003
KJ:/cc/c: 0.065352407 0.934647593 0.000000000
KJ:/cc/crr: 0.000000000 0.904045979 0.095954021
KJ:/cc/r: 0.043982619 0.017133569 0.938883812
KJ:/crc/c: 0.247306215 0.752693785 0.000000000
KJ:/crc/crr: 0.000000000 0.725114039 0.274885961
KJ:/crc/r: 0.000266764 0.777184496 0.222548740
KJ:/crrc/c: 0.261081612 0.738918388 0.000000000
KJ:/crrc/crr: 0.000000000 0.939796233 0.060203767
KJ:/crrc/r: 0.142573003 0.747061233 0.110365764
KJ:/rc/c: 0.536335042 0.463664958 0.000000000
KJ:/rc/crr: 0.000000000 0.539673184 0.460326816
KJ:/rc/r: 0.000295151 0.727803929 0.271900920
KJ:/rrc/c: 0.001586133 0.998413867 0.000000000
KJ:/rrc/crr: 0.000000000 0.993354434 0.006645566
KJ:/rrc/r: 0.064999924 0.852791274 0.082208802
KK:/cc/c: 0.987458348 0.012541652 0.000000000
KK:/cc/crr: 0.000000000 0.993649528 0.006350472
KK:/cc/r: 0.969826759 0.021812139 0.008361102
KK:/crc/c: 0.999975199 0.000024801 0.000000000
KK:/crc/crr: 0.000000000 0.999987599 0.000012401
KK:/crc/r: 0.580952734 0.419030732 0.000016534
KK:/crrc/c: 0.999987599 0.000012401 0.000000000
KK:/crrc/crr: 0.000000000 0.999993799 0.000006201
KK:/crrc/r: 0.713279275 0.286712458 0.000008267
KK:/rc/c: 0.999924030 0.000075970 0.000000000
KK:/rc/crr: 0.000000000 0.999962012 0.000037988
KK:/rc/r: 0.999818866 0.000130487 0.000050647
KK:/rrc/c: 0.999978919 0.000021081 0.000000000
KK:/rrc/crr: 0.000000000 0.999989459 0.000010541
KK:/rrc/r: 0.999914135 0.000071811 0.000014054
KQ:/cc/c: 0.065352407 0.934647593 0.000000000
KQ:/cc/crr: 0.000000000 0.904045979 0.095954021
KQ:/cc/r: 0.044219727 0.939201977 0.016578297
KQ:/crc/c: 0.196696634 0.803303366 0.000000000
KQ:/crc/crr: 0.000000000 0.021404074 0.978595926
KQ:/crc/r: 0.000581639 0.463726386 0.535691975
KQ:/crrc/c: 0.611208964 0.388791036 0.000000000
KQ:/crrc/crr: 0.000000000 0.444047502 0.555952498
KQ:/crrc/r: 0.153096486 0.521167723 0.325735792
KQ:/rc/c: 0.194541320 0.805458680 0.000000000
KQ:/rc/crr: 0.000000000 0.001551682 0.998448318
KQ:/rc/r: 0.000259397 0.437037994 0.562702610
KQ:/rrc/c: 0.494315926 0.505684074 0.000000000
KQ:/rrc/crr: 0.000000000 0.479918000 0.520082000
KQ:/rrc/r: 0.044556258 0.561913029 0.393530713
Q:/c: 0.854871980 0.145128020 0.000000000
Q:/crr: 0.000000000 0.999971045 0.000028955
Q:/r: 0.530527400 0.291548442 0.177924158
QJ:/cc/c: 0.002649073 0.997350927 0.000000000
QJ:/cc/crr: 0.000000000 0.032191664 0.967808336
QJ:/cc/r: 0.000315430 0.000113704 0.999570866
QJ:/crc/c: 0.404646496 0.595353504 0.000000000
QJ:/crc/crr: 0.000000000 0.000035778 0.999964222
QJ:/crc/r: 0.000230005 0.000019303 0.999750692
QJ:/crrc/c: 0.000196762 0.999803238 0.000000000
QJ:/crrc/crr: 0.000000000 0.036802580 0.963197420
QJ:/crrc/r: 0.007432293 0.000009652 0.992558055
QJ:/rc/c: 0.015223174 0.984776826 0.000000000
QJ:/rc/crr: 0.000000000 0.001859009 0.998140991
QJ:/rc/r: 0.046471392 0.000037733 0.953490874
QJ:/rrc/c: 0.022517505 0.977482495 0.000000000
QJ:/rrc/crr: 0.000000000 0.006543134 0.993456866
QJ:/rrc/r: 0.000313175 0.000048225 0.999638600
QK:/cc/c: 0.101131075 0.898868925 0.000000000
QK:/cc/crr: 0.000000000 0.999156757 0.000843243
QK:/cc/r: 0.001319391 0.841281156 0.157399453
QK:/crc/c: 0.360640922 0.639359078 0.000000000
QK:/crc/crr: 0.000000000 0.074134453 0.925865547
QK:/crc/r: 0.006748862 0.469204959 0.524046179
QK:/crrc/c: 0.367315781 0.632684219 0.000000000
QK:/crrc/crr: 0.000000000 0.003857085 0.996142915
QK:/crrc/r: 0.000013724 0.307006550 0.692979726
QK:/rc/c: 0.126643660 0.873356340 0.000000000
QK:/rc/crr: 0.000000000 0.007565020 0.992434980
QK:/rc/r: 0.000105759 0.114030370 0.885863870
QK:/rrc/c: 0.433548322 0.566451678 0.000000000
QK:/rrc/crr: 0.000000000 0.113327493 0.886672507
QK:/rrc/r: 0.000310205 0.531823171 0.467866625
QQ:/cc/c: 0.999829444 0.000170556 0.000000000
QQ:/cc/crr: 0.000000000 0.999914707 0.000085293
QQ:/cc/r: 0.999597907 0.000288389 0.000113704
QQ:/crc/c: 0.999971045 0.000028955 0.000000000
QQ:/crc/crr: 0.000000000 0.999985522 0.000014478
QQ:/crc/r: 0.006192337 0.993788360 0.000019303
QQ:/crrc/c: 0.999985522 0.000014478 0.000000000
QQ:/crrc/crr: 0.000000000 0.999992761 0.000007239
QQ:/crrc/r: 0.999980696 0.000009652 0.000009652
QQ:/rc/c: 0.999943400 0.000056600 0.000000000
QQ:/rc/crr: 0.000000000 0.999971698 0.000028302
QQ:/rc/r: 0.999853783 0.000108484 0.000037733
QQ:/rrc/c: 0.999968896 0.000031104 0.000000000
QQ:/rrc/crr: 0.000000000 0.999984447 0.000015553
QQ:/rrc/r: 0.999848655 0.000130609 0.000020736
