J:/c: 0.254944147 0.745055853 0.000000000
J:/crr: 0.000000000 0.999902910 0.000097090
J:/r: 0.053641498 0.148014390 0.798344112
JJ:/cc/c: 0.999966778 0.000033222 0.000000000
JJ:/cc/crr: 0.000000000 0.999983388 0.000016612
JJ:/cc/r: 0.999917416 0.000060436 0.000022148
JJ:/crc/c: 0.999902910 0.000097090 0.000000000
JJ:/crc/crr: 0.000000000 0.999951450 0.000048550
JJ:/crc/r: 0.226835736 0.773099538 0.000064727
JJ:/crrc/c: 0.999951450 0.000048550 0.000000000
JJ:/crrc/crr: 0.000000000 0.999975724 0.000024276
JJ:/crrc/r: 0.999935267 0.000032366 0.000032366
JJ:/rc/c: 0.999888513 0.000111487 0.000000000
JJ:/rc/crr: 0.000000000 0.999944250 0.000055750
JJ:/rc/r: 0.999784271 0.000141405 0.000074325
JJ:/rrc/c: 0.996922809 0.003077191 0.000000000
JJ:/rrc/crr: 0.000000000 0.999845711 0.000154289
JJ:/rrc/r: 0.998471062 0.001323853 0.000205086
JK:/cc/c: 0.006070153 0.993929847 0.000000000
JK:/cc/crr: 0.000000000 0.002736530 0.997263470
JK:/cc/r: 0.000055370 0.000022148 0.999922481
JK:/crc/c: 0.548905017 0.451094983 0.000000000
JK:/crc/crr: 0.000000000 0.000088440 0.999911560
JK:/crc/r: 0.098537991 0.000064727 0.901397282
JK:/crrc/c: 0.467651818 0.532348182 0.000000000
JK:/crrc/crr: 0.000000000 0.000051908 0.999948092
JK:/crrc/r: 0.166291938 0.000032366 0.833675696
JK:/rc/c: 0.345061870 0.654938130 0.000000000
JK:/rc/crr: 0.000000000 0.000161546 0.999838454
JK:/rc/r: 0.335752005 0.000074325 0.664173670
JK:/rrc/c: 0.995731972 0.004268028 0.000000000
JK:/rrc/crr: 0.000000000 0.000154474 0.999845526
JK:/rrc/r: 0.236556858 0.000417703 0.763025439
JQ:/cc/c: 0.074046660 0.925953340 0.000000000
JQ:/cc/crr: 0.000000000 0.000224334 0.999775666
JQ:/cc/r: 0.054282720 0.000022148 0.945695132
JQ:/crc/c: 0.451722949 0.548277051 0.000000000
JQ:/crc/crr: 0.000000000 0.000107466 0.999892534
JQ:/crc/r: 0.000064727 0.000064727 0.999870547
JQ:/crrc/c: 0.114227258 0.885772742 0.000000000
JQ:/crrc/crr: 0.000000000 0.000212513 0.999787487
JQ:/crrc/r: 0.246484184 0.000289680 0.753226137
JQ:/rc/c: 0.930867743 0.069132257 0.000000000
JQ:/rc/crr: 0.000000000 0.000059883 0.999940117
JQ:/rc/r: 0.000076511 0.000074325 0.999849164
JQ:/rrc/c: 0.114098274 0.885901726 0.000000000
JQ:/rrc/crr: 0.000000000 0.001348085 0.998651915
JQ:/rrc/r: 0.450071479 0.000452545 0.549475976
K:/c: 0.999846495 0.000153505 0.000000000
K:/crr: 0.000000000 0.999975244 0.000024756
K:/r: 0.553525086 0.446441911 0.000033003
KJ:/cc/c: 0.838751212 0.161248788 0.000000000
KJ:/cc/crr: 0.000000000 0.903875675 0.096124325
KJ:/cc/r: 0.550277920 0.227315269 0.222406811
KJ:/crc/c: 0.130010914 0.869989086 0.000000000
KJ:/crc/crr: 0.000000000 0.999904792 0.000095208
KJ:/crc/r: 0.000328774 0.757416373 0.242254853
KJ:/crrc/c: 0.230157197 0.769842803 0.000000000
KJ:/crrc/crr: 0.000000000 0.697743287 0.302256713
KJ:/crrc/r: 0.079231406 0.777430594 0.143338000
KJ:/rc/c: 0.453753556 0.546246444 0.000000000
KJ:/rc/crr: 0.000000000 0.620946031 0.379053969
KJ:/rc/r: 0.088627877 0.709172313 0.202199810
KJ:/rrc/c: 0.002079328 0.997920672 0.000000000
KJ:/rrc/crr: 0.000000000 0.992831355 0.007168645
KJ:/rrc/r: 0.038679947 0.887121814 0.074198239
KK:/cc/c: 0.838751212 0.161248788 0.000000000
KK:/cc/crr: 0.000000000 0.903875675 0.096124325
KK:/cc/r: 0.608022198 0.284478610 0.107499192
KK:/crc/c: 0.999675577 0.000324423 0.000000000
KK:/crc/crr: 0.000000000 0.999987618 0.000012382
KK:/crc/r: 0.959591639 0.040391857 0.000016504
KK:/crrc/c: 0.999987622 0.000012378 0.000000000
KK:/crrc/crr: 0.000000000 0.999993811 0.000006189
KK:/crrc/r: 0.999983495 0.000008252 0.000008252
KK:/rc/c: 0.999963037 0.000036963 0.000000000
KK:/rc/crr: 0.000000000 0.999981518 0.000018482
KK:/rc/r: 0.999912303 0.000063055 0.000024642
KK:/rrc/c: 0.999970188 0.000029812 0.000000000
KK:/rrc/crr: 0.000000000 0.999985094 0.000014906
KK:/rrc/r: 0.488974586 0.511005539 0.000019875
KQ:/cc/c: 0.838751212 0.161248788 0.000000000
KQ:/cc/crr: 0.000000000 0.903875675 0.096124325
KQ:/cc/r: 0.556603804 0.223461426 0.219934769
KQ:/crc/c: 0.202451999 0.797548001 0.000000000
KQ:/crc/crr: 0.000000000 0.013032989 0.986967011
KQ:/crc/r: 0.000553013 0.472861461 0.526585526
KQ:/crrc/c: 0.562565464 0.437434536 0.000000000
KQ:/crrc/crr: 0.000000000 0.399735947 0.600264053
KQ:/crrc/r: 0.002693805 0.622996421 0.374309774
KQ:/rc/c: 0.008894827 0.991105173 0.000000000
KQ:/rc/crr: 0.000000000 0.015767983 0.984232017
KQ:/rc/r: 0.000123167 0.312433704 0.687443129
KQ:/rrc/c: 0.410342695 0.589657305 0.000000000
KQ:/rrc/crr: 0.000000000 0.782291292 0.217708708
KQ:/rrc/r: 0.029354962 0.652069940 0.318575098
Q:/c: 0.858712362 0.141287638 0.000000000
Q:/crr: 0.000000000 0.999971175 0.000028825
Q:/r: 0.303282492 0.693406224 0.003311284
QJ:/cc/c: 0.001927664 0.998072336 0.000000000
QJ:/cc/crr: 0.000000000 0.045441555 0.954558445
QJ:/cc/r: 0.000298871 0.000116795 0.999584334
QJ:/crc/c: 0.318791703 0.681208297 0.000000000
QJ:/crc/crr: 0.000000000 0.002414914 0.997585086
QJ:/crc/r: 0.000616964 0.000019217 0.999363819
QJ:/crrc/c: 0.000247482 0.999752518 0.000000000
QJ:/crrc/crr: 0.000000000 0.029119283 0.970880717
QJ:/crrc/r: 0.006581293 0.000009609 0.993409098
QJ:/rc/c: 0.000692504 0.999307496 0.000000000
QJ:/rc/crr: 0.000000000 0.017182550 0.982817450
QJ:/rc/r: 0.007635390 0.000016296 0.992348314
QJ:/rrc/c: 0.027944468 0.972055532 0.000000000
QJ:/rrc/crr: 0.000000000 0.010845377 0.989154623
QJ:/rrc/r: 0.000553067 0.000071484 0.999375450
QK:/cc/c: 0.019334222 0.980665778 0.000000000
QK:/cc/crr: 0.000000000 0.995469379 0.004530621
QK:/cc/r: 0.001274342 0.790793161 0.207932497
QK:/crc/c: 0.466481538 0.533518462 0.000000000
QK:/crc/crr: 0.000000000 0.063486363 0.936513637
QK:/crc/r: 0.003191804 0.465246235 0.531561961
QK:/crrc/c: 0.178051336 0.821948664 0.000000000
QK:/crrc/crr: 0.000000000 0.011692551 0.988307449
QK:/crrc/r: 0.000526155 0.297228849 0.702244995
QK:/rc/c: 0.376430654 0.623569346 0.000000000
QK:/rc/crr: 0.000000000 0.061695766 0.938304234
QK:/rc/r: 0.000060503 0.342730102 0.657209394
QK:/rrc/c: 0.432818965 0.567181035 0.000000000
QK:/rrc/crr: 0.000000000 0.003787712 0.996212288
QK:/rrc/r: 0.001759498 0.537612334 0.460628167
QQ:/cc/c: 0.999824808 0.000175192 0.000000000
QQ:/cc/crr: 0.000000000 0.999912389 0.000087611
QQ:/cc/r: 0.999579259 0.000303947 0.000116795
QQ:/crc/c: 0.999971175 0.000028825 0.000000000
QQ:/crc/crr: 0.000000000 0.999985587 0.000014413
QQ:/crc/r: 0.996657324 0.003323459 0.000019217
QQ:/crrc/c: 0.999985587 0.000014413 0.000000000
QQ:/crrc/crr: 0.000000000 0.999992793 0.000007207
QQ:/crrc/r: 0.999980783 0.000009609 0.000009609
QQ:/rc/c: 0.999976202 0.000023798 0.000000000
QQ:/rc/crr: 0.000000000 0.999988101 0.000011899
QQ:/rc/r: 0.999939737 0.000044398 0.000015865
QQ:/rrc/c: 0.999945590 0.000054410 0.000000000
QQ:/rrc/crr: 0.000000000 0.999972793 0.000027207
QQ:/rrc/r: 0.999733940 0.000229786 0.000036273
