J:/: 0.077362043 0.922637957 0.000000000
J:/cr: 0.020367149 0.032203632 0.947429219
J:/rr: 0.000000000 0.999680044 0.000319956
JJ:/cc/: 0.001413005 0.998586995 0.000000000
JJ:/cc/cr: 0.999982089 0.000008955 0.000008955
JJ:/cc/rr: 0.000000000 0.990506776 0.009493224
JJ:/crc/: 0.952125262 0.047874738 0.000000000
JJ:/crc/cr: 0.996133095 0.001933453 0.001933453
JJ:/crc/rr: 0.000000000 0.999854173 0.000145827
JJ:/crrc/: 0.911604410 0.088395590 0.000000000
JJ:/crrc/cr: 0.996688582 0.001655709 0.001655709
JJ:/crrc/rr: 0.000000000 0.999759176 0.000240824
JJ:/rc/: 0.645375891 0.354624109 0.000000000
JJ:/rc/cr: 0.999398506 0.000300747 0.000300747
JJ:/rc/rr: 0.000000000 0.999752116 0.000247884
JJ:/rrc/: 0.989696778 0.010303222 0.000000000
JJ:/rrc/cr: 0.989645351 0.005177324 0.005177324
JJ:/rrc/rr: 0.000000000 0.999919152 0.000080848
JK:/cc/: 0.096294632 0.903705368 0.000000000
JK:/cc/cr: 0.000301295 0.000009896 0.999688809
JK:/cc/rr: 0.000000000 0.000139301 0.999860699
JK:/crc/: 0.083449648 0.916550352 0.000000000
JK:/crc/cr: 0.130653930 0.000100991 0.869245079
JK:/crc/rr: 0.000000000 0.001663821 0.998336179
JK:/crrc/: 0.998585848 0.001414152 0.000000000
JK:/crrc/cr: 0.103494805 0.103494805 0.793010390
JK:/crrc/rr: 0.000000000 0.000219847 0.999780153
JK:/rc/: 0.966721286 0.033278714 0.000000000
JK:/rc/cr: 0.706941888 0.003204815 0.289853297
JK:/rc/rr: 0.000000000 0.000165485 0.999834515
JK:/rrc/: 0.541957880 0.458042120 0.000000000
JK:/rrc/cr: 0.818548440 0.000116459 0.181335101
JK:/rrc/rr: 0.000000000 0.000147640 0.999852360
JQ:/cc/: 0.126751053 0.873248947 0.000000000
JQ:/cc/cr: 0.000043154 0.000010241 0.999946605
JQ:/cc/rr: 0.000000000 0.000105829 0.999894171
JQ:/crc/: 0.943692373 0.056307627 0.000000000
JQ:/crc/cr: 0.037467237 0.001643890 0.960888873
JQ:/crc/rr: 0.000000000 0.000147130 0.999852870
JQ:/crrc/: 0.020376882 0.979623118 0.000000000
JQ:/crrc/cr: 0.078838419 0.000149402 0.921012180
JQ:/crrc/rr: 0.000000000 0.010773780 0.989226220
JQ:/rc/: 0.983563296 0.016436704 0.000000000
JQ:/rc/cr: 0.006488655 0.006488655 0.987022689
JQ:/rc/rr: 0.000000000 0.000162652 0.999837348
JQ:/rrc/: 0.102723423 0.897276577 0.000000000
JQ:/rrc/cr: 0.006063341 0.000059450 0.993877209
JQ:/rrc/rr: 0.000000000 0.000778933 0.999221067
K:/: 0.748058696 0.251941304 0.000000000
K:/cr: 0.723540397 0.276394105 0.000065498
K:/rr: 0.000000000 0.999966911 0.000033089
KJ:/cc/: 0.000282471 0.999717529 0.000000000
KJ:/cc/cr: 0.000237496 0.000040615 0.999721889
KJ:/cc/rr: 0.000000000 0.826093893 0.173906107
KJ:/crc/: 0.002626707 0.997373293 0.000000000
KJ:/crc/cr: 0.001053039 0.998907361 0.000039600
KJ:/crc/rr: 0.000000000 0.977445787 0.022554213
KJ:/crrc/: 0.029887543 0.970112457 0.000000000
KJ:/crrc/cr: 0.004843509 0.992343179 0.002813312
KJ:/crrc/rr: 0.000000000 0.569681579 0.430318421
KJ:/rc/: 0.057146262 0.942853738 0.000000000
KJ:/rc/cr: 0.024190565 0.862222511 0.113586925
KJ:/rc/rr: 0.000000000 0.505406825 0.494593175
KJ:/rrc/: 0.115617578 0.884382422 0.000000000
KJ:/rrc/cr: 0.004555786 0.994641856 0.000802358
KJ:/rrc/rr: 0.000000000 0.922052440 0.077947560
KK:/cc/: 0.994987556 0.005012444 0.000000000
KK:/cc/cr: 0.986932922 0.006533539 0.006533539
KK:/cc/rr: 0.000000000 0.999950629 0.000049371
KK:/crc/: 0.194628635 0.805371365 0.000000000
KK:/crc/cr: 0.999901920 0.000049040 0.000049040
KK:/crc/rr: 0.000000000 0.999695609 0.000304391
KK:/crrc/: 0.986647221 0.013352779 0.000000000
KK:/crrc/cr: 0.997740188 0.001129906 0.001129906
KK:/crrc/rr: 0.000000000 0.999977063 0.000022937
KK:/rc/: 0.855081598 0.144918402 0.000000000
KK:/rc/cr: 0.999815665 0.000108225 0.000076109
KK:/rc/rr: 0.000000000 0.999980652 0.000019348
KK:/rrc/: 0.529982312 0.470017688 0.000000000
KK:/rrc/cr: 0.999976533 0.000011734 0.000011734
KK:/rrc/rr: 0.000000000 0.999984391 0.000015609
KQ:/cc/: 0.001458897 0.998541103 0.000000000
KQ:/cc/cr: 0.000342065 0.425633951 0.574023985
KQ:/cc/rr: 0.000000000 0.966328321 0.033671679
KQ:/crc/: 0.859280792 0.140719208 0.000000000
KQ:/crc/cr: 0.002483630 0.561233481 0.436282888
KQ:/crc/rr: 0.000000000 0.000068945 0.999931055
KQ:/crrc/: 0.040488062 0.959511938 0.000000000
KQ:/crrc/cr: 0.034275134 0.689496120 0.276228746
KQ:/crrc/rr: 0.000000000 0.560953906 0.439046094
KQ:/rc/: 0.003054991 0.996945009 0.000000000
KQ:/rc/cr: 0.000244052 0.484007416 0.515748533
KQ:/rc/rr: 0.000000000 0.048912208 0.951087792
KQ:/rrc/: 0.701729804 0.298270196 0.000000000
KQ:/rrc/cr: 0.042990153 0.756572402 0.200437445
KQ:/rrc/rr: 0.000000000 0.383467501 0.616532499
Q:/: 0.760634041 0.239365959 0.000000000
Q:/cr: 0.188980041 0.800160867 0.010859093
Q:/rr: 0.000000000 0.999967458 0.000032542
QJ:/cc/: 0.000103409 0.999896591 0.000000000
QJ:/cc/cr: 0.000143508 0.000034473 0.999822019
QJ:/cc/rr: 0.000000000 0.500000000 0.500000000
QJ:/crc/: 0.038965731 0.961034269 0.000000000
QJ:/crc/cr: 0.002018245 0.000014942 0.997966813
QJ:/crc/rr: 0.000000000 0.000552771 0.999447229
QJ:/crrc/: 0.028338612 0.971661388 0.000000000
QJ:/crrc/cr: 0.000062572 0.000062572 0.999874855
QJ:/crrc/rr: 0.000000000 0.003218181 0.996781819
QJ:/rc/: 0.008747566 0.991252434 0.000000000
QJ:/rc/cr: 0.000358149 0.000010943 0.999630908
QJ:/rc/rr: 0.000000000 0.001860054 0.998139946
QJ:/rrc/: 0.000016271 0.999983729 0.000000000
QJ:/rrc/cr: 0.000020499 0.000005424 0.999974077
QJ:/rrc/rr: 0.000000000 0.500000000 0.500000000
QK:/cc/: 0.457729176 0.542270824 0.000000000
QK:/cc/cr: 0.099442664 0.900455004 0.000102333
QK:/cc/rr: 0.000000000 0.999887042 0.000112958
QK:/crc/: 0.018423368 0.981576632 0.000000000
QK:/crc/cr: 0.000014629 0.567443266 0.432542105
QK:/crc/rr: 0.000000000 0.001169119 0.998830881
QK:/crrc/: 0.856111015 0.143888985 0.000000000
QK:/crrc/cr: 0.000583563 0.753234716 0.246181721
QK:/crrc/rr: 0.000000000 0.005298062 0.994701938
QK:/rc/: 0.450630452 0.549369548 0.000000000
QK:/rc/cr: 0.044944340 0.482916010 0.472139650
QK:/rc/rr: 0.000000000 0.206434825 0.793565175
QK:/rrc/: 0.110393900 0.889606100 0.000000000
QK:/rrc/cr: 0.000006097 0.330324179 0.669669725
QK:/rrc/rr: 0.000000000 0.004190527 0.995809473
QQ:/cc/: 0.439093247 0.560906753 0.000000000
QQ:/cc/cr: 0.062893562 0.937044984 0.000061453
QQ:/cc/rr: 0.000000000 0.999882248 0.000117752
QQ:/crc/: 0.978571476 0.021428524 0.000000000
QQ:/crc/cr: 0.422458716 0.576871177 0.000670107
QQ:/crc/rr: 0.000000000 0.999977989 0.000022011
QQ:/crrc/: 0.203190748 0.796809252 0.000000000
QQ:/crrc/cr: 0.999847393 0.000076303 0.000076303
QQ:/crrc/rr: 0.000000000 0.999551167 0.000448833
QQ:/rc/: 0.502044035 0.497955965 0.000000000
QQ:/rc/cr: 0.999956433 0.000021784 0.000021784
QQ:/rc/rr: 0.000000000 0.999967591 0.000032409
QQ:/rrc/: 0.964993240 0.035006760 0.000000000
QQ:/rrc/cr: 0.999690127 0.000154937 0.000154937
QQ:/rrc/rr: 0.000000000 0.999991569 0.000008431
