J:/: 0.081083177 0.918916823 0.000000000
J:/cr: 0.018227068 0.043065226 0.938707706
J:/rr: 0.000000000 0.999694727 0.000305273
JJ:/cc/: 0.614160862 0.385839138 0.000000000
JJ:/cc/cr: 0.956350975 0.043625754 0.000023271
JJ:/cc/rr: 0.000000000 0.999978070 0.000021930
JJ:/crc/: 0.781415173 0.218584827 0.000000000
JJ:/crc/cr: 0.999364108 0.000317946 0.000317946
JJ:/crc/rr: 0.000000000 0.999866592 0.000133408
JJ:/crrc/: 0.883639337 0.116360663 0.000000000
JJ:/crrc/cr: 0.994883567 0.003705270 0.001411162
JJ:/crrc/rr: 0.000000000 0.999721260 0.000278740
JJ:/rc/: 0.656289614 0.343710386 0.000000000
JJ:/rc/cr: 0.999407888 0.000296056 0.000296056
JJ:/rc/rr: 0.000000000 0.999767425 0.000232575
JJ:/rrc/: 0.980734046 0.019265954 0.000000000
JJ:/rrc/cr: 0.994716658 0.002641671 0.002641671
JJ:/rrc/rr: 0.000000000 0.999922159 0.000077841
JK:/cc/: 0.077341989 0.922658011 0.000000000
JK:/cc/cr: 0.002880540 0.000009732 0.997109729
JK:/cc/rr: 0.000000000 0.000174139 0.999825861
JK:/crc/: 0.028174245 0.971825755 0.000000000
JK:/crc/cr: 0.045037538 0.000071513 0.954890949
JK:/crc/rr: 0.000000000 0.003700089 0.996299911
JK:/crrc/: 0.998391645 0.001608355 0.000000000
JK:/crrc/cr: 0.102094244 0.102094244 0.795811512
JK:/crrc/rr: 0.000000000 0.000246702 0.999753298
JK:/rc/: 0.994076168 0.005923832 0.000000000
JK:/rc/cr: 0.017177655 0.017177655 0.965644690
JK:/rc/rr: 0.000000000 0.000153546 0.999846454
JK:/rrc/: 0.346008387 0.653991613 0.000000000
JK:/rrc/cr: 0.255552257 0.000077821 0.744369922
JK:/rrc/rr: 0.000000000 0.000220635 0.999779365
JQ:/cc/: 0.210689975 0.789310025 0.000000000
JQ:/cc/cr: 0.000052551 0.000011376 0.999936074
JQ:/cc/rr: 0.000000000 0.000063925 0.999936075
JQ:/crc/: 0.963796693 0.036203307 0.000000000
JQ:/crc/cr: 0.020051665 0.001919663 0.978028673
JQ:/crc/rr: 0.000000000 0.000108163 0.999891837
JQ:/crrc/: 0.025347441 0.974652559 0.000000000
JQ:/crrc/cr: 0.144954387 0.000168474 0.854877139
JQ:/crrc/rr: 0.000000000 0.009717180 0.990282820
JQ:/rc/: 0.881394255 0.118605745 0.000000000
JQ:/rc/cr: 0.000857948 0.000857948 0.998284104
JQ:/rc/rr: 0.000000000 0.000173176 0.999826824
JQ:/rrc/: 0.301060602 0.698939398 0.000000000
JQ:/rrc/cr: 0.000072816 0.000072816 0.999854367
JQ:/rrc/rr: 0.000000000 0.000253575 0.999746425
K:/: 0.738184231 0.261815769 0.000000000
K:/cr: 0.671970658 0.327966314 0.000063028
K:/rr: 0.000000000 0.999966468 0.000033532
KJ:/cc/: 0.000270309 0.999729691 0.000000000
KJ:/cc/cr: 0.000229496 0.000039178 0.999731326
KJ:/cc/rr: 0.000000000 0.825123338 0.174876662
KJ:/crc/: 0.001742795 0.998257205 0.000000000
KJ:/crc/cr: 0.001961995 0.998005920 0.000032085
KJ:/crc/rr: 0.000000000 0.972432578 0.027567422
KJ:/crrc/: 0.021580806 0.978419194 0.000000000
KJ:/crrc/cr: 0.053928951 0.915331192 0.030739858
KJ:/crrc/rr: 0.000000000 0.450882346 0.549117654
KJ:/rc/: 0.031086014 0.968913986 0.000000000
KJ:/rc/cr: 0.023379063 0.867590430 0.109030507
KJ:/rc/rr: 0.000000000 0.575830261 0.424169739
KJ:/rrc/: 0.088782060 0.911217940 0.000000000
KJ:/rrc/cr: 0.004156902 0.995408491 0.000434607
KJ:/rrc/rr: 0.000000000 0.619953937 0.380046063
KK:/cc/: 0.935259487 0.064740513 0.000000000
KK:/cc/cr: 0.999026456 0.000486772 0.000486772
KK:/cc/rr: 0.000000000 0.999949457 0.000050543
KK:/crc/: 0.134476264 0.865523736 0.000000000
KK:/crc/cr: 0.240123099 0.759839895 0.000037006
KK:/crc/rr: 0.000000000 0.999642730 0.000357270
KK:/crrc/: 0.971521629 0.028478371 0.000000000
KK:/crrc/cr: 0.998902145 0.000548927 0.000548927
KK:/crrc/rr: 0.000000000 0.999975864 0.000024136
KK:/rc/: 0.857686301 0.142313699 0.000000000
KK:/rc/cr: 0.610536254 0.389385207 0.000078539
KK:/rc/rr: 0.000000000 0.999980452 0.000019548
KK:/rrc/: 0.390469519 0.609530481 0.000000000
KK:/rrc/cr: 0.999981662 0.000009169 0.000009169
KK:/rrc/rr: 0.000000000 0.999978531 0.000021469
KQ:/cc/: 0.000387603 0.999612397 0.000000000
KQ:/cc/cr: 0.000411916 0.387924449 0.611663635
KQ:/cc/rr: 0.000000000 0.878043239 0.121956761
KQ:/crc/: 0.900344250 0.099655750 0.000000000
KQ:/crc/cr: 0.002763449 0.358216026 0.639020525
KQ:/crc/rr: 0.000000000 0.000053362 0.999946638
KQ:/crrc/: 0.048230974 0.951769026 0.000000000
KQ:/crrc/cr: 0.036957907 0.695428327 0.267613766
KQ:/crrc/rr: 0.000000000 0.282967522 0.717032478
KQ:/rc/: 0.012151414 0.987848586 0.000000000
KQ:/rc/cr: 0.000219718 0.487189493 0.512590789
KQ:/rc/rr: 0.000000000 0.016713731 0.983286269
KQ:/rrc/: 0.522254891 0.477745109 0.000000000
KQ:/rrc/cr: 0.056226802 0.762546171 0.181227027
KQ:/rrc/rr: 0.000000000 0.343232949 0.656767051
Q:/: 0.694915698 0.305084302 0.000000000
Q:/cr: 0.150838989 0.804457570 0.044703441
Q:/rr: 0.000000000 0.999964381 0.000035619
QJ:/cc/: 0.000081133 0.999918867 0.000000000
QJ:/cc/cr: 0.000113682 0.000027047 0.999859272
QJ:/cc/rr: 0.000000000 0.500000000 0.500000000
QJ:/crc/: 0.031377393 0.968622607 0.000000000
QJ:/crc/cr: 0.007172374 0.000011569 0.992816057
QJ:/crc/rr: 0.000000000 0.000535707 0.999464293
QJ:/crrc/: 0.033019668 0.966980332 0.000000000
QJ:/crrc/cr: 0.000061805 0.000061805 0.999876390
QJ:/crrc/rr: 0.000000000 0.002714946 0.997285054
QJ:/rc/: 0.010234021 0.989765979 0.000000000
QJ:/rc/cr: 0.000315214 0.000011996 0.999672790
QJ:/rc/rr: 0.000000000 0.001740244 0.998259756
QJ:/rrc/: 0.000083815 0.999916185 0.000000000
QJ:/rrc/cr: 0.000030994 0.000005937 0.999963068
QJ:/rrc/rr: 0.000000000 0.106248050 0.893751950
QK:/cc/: 0.536046932 0.463953068 0.000000000
QK:/cc/cr: 0.025016070 0.959866630 0.015117300
QK:/cc/rr: 0.000000000 0.914478935 0.085521065
QK:/crc/: 0.002109455 0.997890545 0.000000000
QK:/crc/cr: 0.000011230 0.559192145 0.440796625
QK:/crc/rr: 0.000000000 0.007968454 0.992031546
QK:/crrc/: 0.821743719 0.178256281 0.000000000
QK:/crrc/cr: 0.000335272 0.507826119 0.491838609
QK:/crrc/rr: 0.000000000 0.004502339 0.995497661
QK:/rc/: 0.439138182 0.560861818 0.000000000
QK:/rc/cr: 0.032138003 0.514439361 0.453422636
QK:/rc/rr: 0.000000000 0.186430569 0.813569431
QK:/rrc/: 0.098149339 0.901850661 0.000000000
QK:/rrc/cr: 0.000006583 0.306597652 0.693395765
QK:/rrc/rr: 0.000000000 0.005143815 0.994856185
QQ:/cc/: 0.511427933 0.488572067 0.000000000
QQ:/cc/cr: 0.999889292 0.000055354 0.000055354
QQ:/cc/rr: 0.000000000 0.999920680 0.000079320
QQ:/crc/: 0.981219865 0.018780135 0.000000000
QQ:/crc/cr: 0.998806605 0.000596698 0.000596698
QQ:/crc/rr: 0.000000000 0.999982869 0.000017131
QQ:/crrc/: 0.266727367 0.733272633 0.000000000
QQ:/crrc/cr: 0.999836993 0.000081504 0.000081504
QQ:/crrc/rr: 0.000000000 0.999663902 0.000336098
QQ:/rc/: 0.516994605 0.483005395 0.000000000
QQ:/rc/cr: 0.031126732 0.968848686 0.000024582
QQ:/rc/rr: 0.000000000 0.999965551 0.000034449
QQ:/rrc/: 0.948878110 0.051121890 0.000000000
QQ:/rrc/cr: 0.999767740 0.000116130 0.000116130
QQ:/rrc/rr: 0.000000000 0.999990615 0.000009385
