J:/: 0.052276515 0.947723485 0.000000000
J:/cr: 0.044622762 0.032667007 0.922710232
J:/rr: 0.000000000 0.999526509 0.000473491
JJ:/cc/: 0.234357222 0.765642778 0.000000000
JJ:/cc/cr: 0.291751856 0.708236774 0.000011371
JJ:/cc/rr: 0.000000000 0.999944278 0.000055722
JJ:/crc/: 0.880162426 0.119837574 0.000000000
JJ:/crc/cr: 0.998517406 0.000741297 0.000741297
JJ:/crc/rr: 0.000000000 0.999848604 0.000151396
JJ:/crrc/: 0.993053159 0.006946841 0.000000000
JJ:/crrc/cr: 0.965215331 0.025423056 0.009361612
JJ:/crrc/rr: 0.000000000 0.999901767 0.000098233
JJ:/rc/: 0.375399308 0.624600692 0.000000000
JJ:/rc/cr: 0.999494620 0.000252690 0.000252690
JJ:/rc/rr: 0.000000000 0.999369350 0.000630650
JJ:/rrc/: 0.977054439 0.022945561 0.000000000
JJ:/rrc/cr: 0.993118268 0.003440866 0.003440866
JJ:/rrc/rr: 0.000000000 0.999878790 0.000121210
JK:/cc/: 0.138380375 0.861619625 0.000000000
JK:/cc/cr: 0.000464570 0.000010104 0.999525325
JK:/cc/rr: 0.000000000 0.000094370 0.999905630
JK:/crc/: 0.094570829 0.905429171 0.000000000
JK:/crc/cr: 0.045167791 0.000098114 0.954734095
JK:/crc/rr: 0.000000000 0.001409027 0.998590973
JK:/crrc/: 0.999419964 0.000580036 0.000000000
JK:/crrc/cr: 0.112119955 0.112119955 0.775760090
JK:/crrc/rr: 0.000000000 0.000097607 0.999902393
JK:/rc/: 0.992001180 0.007998820 0.000000000
JK:/rc/cr: 0.019731714 0.019731714 0.960536573
JK:/rc/rr: 0.000000000 0.000238655 0.999761345
JK:/rrc/: 0.372323455 0.627676545 0.000000000
JK:/rrc/cr: 0.021019907 0.000125785 0.978854308
JK:/rrc/rr: 0.000000000 0.000318081 0.999681919
JQ:/cc/: 0.005007301 0.994992699 0.000000000
JQ:/cc/cr: 0.000039098 0.000008750 0.999952153
JQ:/cc/rr: 0.000000000 0.002607974 0.997392026
JQ:/crc/: 0.954568793 0.045431207 0.000000000
JQ:/crc/cr: 0.108843165 0.001955379 0.889201457
JQ:/crc/rr: 0.000000000 0.000139595 0.999860405
JQ:/crrc/: 0.045220466 0.954779534 0.000000000
JQ:/crrc/cr: 0.157045770 0.000068114 0.842886116
JQ:/crrc/rr: 0.000000000 0.002157219 0.997842781
JQ:/rc/: 0.984970937 0.015029063 0.000000000
JQ:/rc/cr: 0.010501682 0.010501682 0.978996636
JQ:/rc/rr: 0.000000000 0.000240358 0.999759642
JQ:/rrc/: 0.255404322 0.744595678 0.000000000
JQ:/rrc/cr: 0.054511332 0.000106034 0.945382633
JQ:/rrc/rr: 0.000000000 0.000463692 0.999536308
K:/: 0.514447819 0.485552181 0.000000000
K:/cr: 0.862021188 0.137944826 0.000033985
K:/rr: 0.000000000 0.999951885 0.000048115
KJ:/cc/: 0.000146674 0.999853326 0.000000000
KJ:/cc/cr: 0.000123657 0.000021284 0.999855059
KJ:/cc/rr: 0.000000000 0.826220544 0.173779456
KJ:/crc/: 0.004063193 0.995936807 0.000000000
KJ:/crc/cr: 0.018062903 0.981895868 0.000041229
KJ:/crc/rr: 0.000000000 0.984841417 0.015158583
KJ:/crrc/: 0.102240683 0.897759317 0.000000000
KJ:/crrc/cr: 0.000505823 0.998197714 0.001296463
KJ:/crrc/rr: 0.000000000 0.528342783 0.471657217
KJ:/rc/: 0.007057030 0.992942970 0.000000000
KJ:/rc/cr: 0.057938288 0.794130372 0.147931341
KJ:/rc/rr: 0.000000000 0.132365467 0.867634533
KJ:/rrc/: 0.143905247 0.856094753 0.000000000
KJ:/rrc/cr: 0.005631346 0.991316350 0.003052304
KJ:/rrc/rr: 0.000000000 0.722312853 0.277687147
KK:/cc/: 0.999184189 0.000815811 0.000000000
KK:/cc/cr: 0.958341681 0.020829159 0.020829159
KK:/cc/rr: 0.000000000 0.999974490 0.000025510
KK:/crc/: 0.104049539 0.895950461 0.000000000
KK:/crc/cr: 0.999908340 0.000045830 0.000045830
KK:/crc/rr: 0.000000000 0.999408049 0.000591951
KK:/crrc/: 0.995701371 0.004298629 0.000000000
KK:/crrc/cr: 0.996942811 0.001528595 0.001528595
KK:/crrc/rr: 0.000000000 0.999990101 0.000009899
KK:/rc/: 0.831293256 0.168706744 0.000000000
KK:/rc/cr: 0.999707058 0.000197877 0.000095066
KK:/rc/rr: 0.000000000 0.999971060 0.000028940
KK:/rrc/: 0.291081957 0.708918043 0.000000000
KK:/rrc/cr: 0.097769125 0.902219563 0.000011312
KK:/rrc/rr: 0.000000000 0.999958674 0.000041326
KQ:/cc/: 0.000261601 0.999738399 0.000000000
KQ:/cc/cr: 0.000158039 0.139612766 0.860229195
KQ:/cc/rr: 0.000000000 0.902565400 0.097434600
KQ:/crc/: 0.889011152 0.110988848 0.000000000
KQ:/crc/cr: 0.000369961 0.577033412 0.422596628
KQ:/crc/rr: 0.000000000 0.000474568 0.999525432
KQ:/crrc/: 0.003547957 0.996452043 0.000000000
KQ:/crrc/cr: 0.018987019 0.712962605 0.268050376
KQ:/crrc/rr: 0.000000000 0.055275032 0.944724968
KQ:/rc/: 0.057456405 0.942543595 0.000000000
KQ:/rc/cr: 0.000331107 0.528470552 0.471198341
KQ:/rc/rr: 0.000000000 0.005717978 0.994282022
KQ:/rrc/: 0.515671261 0.484328739 0.000000000
KQ:/rrc/cr: 0.016106428 0.771261485 0.212632087
KQ:/rrc/rr: 0.000000000 0.378876163 0.621123837
Q:/: 0.453664261 0.546335739 0.000000000
Q:/cr: 0.183266110 0.352627261 0.464106629
Q:/rr: 0.000000000 0.999945439 0.000054561
QJ:/cc/: 0.000045306 0.999954694 0.000000000
QJ:/cc/cr: 0.000063767 0.000015103 0.999921130
QJ:/cc/rr: 0.000000000 0.500000000 0.500000000
QJ:/crc/: 0.033091222 0.966908778 0.000000000
QJ:/crc/cr: 0.005140747 0.000014764 0.994844489
QJ:/crc/rr: 0.000000000 0.000647111 0.999352889
QJ:/crrc/: 0.001161093 0.998838907 0.000000000
QJ:/crrc/cr: 0.000037573 0.000027500 0.999934926
QJ:/crrc/rr: 0.000000000 0.035486126 0.964513874
QJ:/rc/: 0.007267063 0.992732937 0.000000000
QJ:/rc/cr: 0.000018320 0.000018320 0.999963360
QJ:/rc/rr: 0.000000000 0.003754008 0.996245992
QJ:/rrc/: 0.000027282 0.999972718 0.000000000
QJ:/rrc/cr: 0.000039010 0.000009094 0.999951896
QJ:/rrc/rr: 0.000000000 0.500000000 0.500000000
QK:/cc/: 0.753008616 0.246991384 0.000000000
QK:/cc/cr: 0.194771709 0.805106080 0.000122211
QK:/cc/rr: 0.000000000 0.298963179 0.701036821
QK:/crc/: 0.002157760 0.997842240 0.000000000
QK:/crc/cr: 0.000014307 0.551724907 0.448260786
QK:/crc/rr: 0.000000000 0.009924044 0.990075956
QK:/crrc/: 0.987340795 0.012659205 0.000000000
QK:/crrc/cr: 0.003164800 0.407581917 0.589253283
QK:/crrc/rr: 0.000000000 0.001103337 0.998896663
QK:/rc/: 0.498949736 0.501050264 0.000000000
QK:/rc/cr: 0.000968694 0.503103212 0.495928094
QK:/rc/rr: 0.000000000 0.181362740 0.818637260
QK:/rrc/: 0.033486416 0.966513584 0.000000000
QK:/rrc/cr: 0.000009409 0.318047772 0.681942819
QK:/rrc/rr: 0.000000000 0.022768053 0.977231947
QQ:/cc/: 0.014138684 0.985861316 0.000000000
QQ:/cc/cr: 0.283713536 0.716271145 0.000015319
QQ:/cc/rr: 0.000000000 0.998397788 0.001602212
QQ:/crc/: 0.993296829 0.006703171 0.000000000
QQ:/crc/cr: 0.995740581 0.002129709 0.002129709
QQ:/crc/rr: 0.000000000 0.999978442 0.000021558
QQ:/crrc/: 0.148265157 0.851734843 0.000000000
QQ:/crrc/cr: 0.999935500 0.000032250 0.000032250
QQ:/crrc/rr: 0.000000000 0.999722101 0.000277899
QQ:/rc/: 0.619443096 0.380556904 0.000000000
QQ:/rc/cr: 0.999904419 0.000047791 0.000047791
QQ:/rc/rr: 0.000000000 0.999955959 0.000044041
QQ:/rrc/: 0.911604456 0.088395544 0.000000000
QQ:/rrc/cr: 0.999794242 0.000102879 0.000102879
QQ:/rrc/rr: 0.000000000 0.999985036 0.000014964
