J:/: 0.047686366 0.952313634 0.000000000
J:/cr: 0.049786659 0.035412058 0.914801282
J:/rr: 0.000000000 0.999480932 0.000519068
JJ:/cc/: 0.001357574 0.998642426 0.000000000
JJ:/cc/cr: 0.999982648 0.000008676 0.000008676
JJ:/cc/rr: 0.000000000 0.990427068 0.009572932
JJ:/crc/: 0.924803326 0.075196674 0.000000000
JJ:/crc/cr: 0.997830916 0.001084542 0.001084542
JJ:/crc/rr: 0.000000000 0.999867722 0.000132278
JJ:/crrc/: 0.998184560 0.001815440 0.000000000
JJ:/crrc/cr: 0.936095547 0.031952227 0.031952227
JJ:/crrc/rr: 0.000000000 0.999912831 0.000087169
JJ:/rc/: 0.444703651 0.555296349 0.000000000
JJ:/rc/cr: 0.996871511 0.002816902 0.000311586
JJ:/rc/rr: 0.000000000 0.999416389 0.000583611
JJ:/rrc/: 0.977206329 0.022793671 0.000000000
JJ:/rrc/cr: 0.992405235 0.003797383 0.003797383
JJ:/rrc/rr: 0.000000000 0.999867137 0.000132863
JK:/cc/: 0.150446566 0.849553434 0.000000000
JK:/cc/cr: 0.002392062 0.000010198 0.997597740
JK:/cc/rr: 0.000000000 0.000086383 0.999913617
JK:/crc/: 0.090774348 0.909225652 0.000000000
JK:/crc/cr: 0.059833215 0.000089696 0.940077089
JK:/crc/rr: 0.000000000 0.001347637 0.998652363
JK:/crrc/: 0.999441150 0.000558850 0.000000000
JK:/crrc/cr: 0.103797781 0.103797781 0.792404438
JK:/crrc/rr: 0.000000000 0.000087060 0.999912940
JK:/rc/: 0.995532712 0.004467288 0.000000000
JK:/rc/cr: 0.038731045 0.038731045 0.922537910
JK:/rc/rr: 0.000000000 0.000260699 0.999739301
JK:/rrc/: 0.341234650 0.658765350 0.000000000
JK:/rrc/cr: 0.105351097 0.000131392 0.894517511
JK:/rrc/rr: 0.000000000 0.000380484 0.999619516
JQ:/cc/: 0.005067376 0.994932624 0.000000000
JQ:/cc/cr: 0.000037616 0.000008708 0.999953676
JQ:/cc/rr: 0.000000000 0.002564635 0.997435365
JQ:/crc/: 0.839271496 0.160728504 0.000000000
JQ:/crc/cr: 0.093902815 0.000507402 0.905589783
JQ:/crc/rr: 0.000000000 0.000145758 0.999854242
JQ:/crrc/: 0.075705768 0.924294232 0.000000000
JQ:/crrc/cr: 0.003423464 0.000062759 0.996513777
JQ:/crrc/rr: 0.000000000 0.001149332 0.998850668
JQ:/rc/: 0.691778548 0.308221452 0.000000000
JQ:/rc/cr: 0.000561358 0.000561358 0.998877283
JQ:/rc/rr: 0.000000000 0.000375169 0.999624831
JQ:/rrc/: 0.153701358 0.846298642 0.000000000
JQ:/rrc/cr: 0.003122199 0.000102276 0.996775525
JQ:/rrc/rr: 0.000000000 0.000844719 0.999155281
K:/: 0.439500633 0.560499367 0.000000000
K:/cr: 0.876693446 0.123277113 0.000029441
K:/rr: 0.000000000 0.999943680 0.000056320
KJ:/cc/: 0.000126740 0.999873260 0.000000000
KJ:/cc/cr: 0.000106795 0.000018382 0.999874823
KJ:/cc/rr: 0.000000000 0.825778856 0.174221144
KJ:/crc/: 0.002290778 0.997709222 0.000000000
KJ:/crc/cr: 0.000337332 0.999622774 0.000039895
KJ:/crc/rr: 0.000000000 0.973936853 0.026063147
KJ:/crrc/: 0.063078196 0.936921804 0.000000000
KJ:/crrc/cr: 0.000798645 0.998948821 0.000252534
KJ:/crrc/rr: 0.000000000 0.414630146 0.585369854
KJ:/rc/: 0.047281987 0.952718013 0.000000000
KJ:/rc/cr: 0.039973025 0.799866743 0.160160232
KJ:/rc/rr: 0.000000000 0.856106588 0.143893412
KJ:/rrc/: 0.095102507 0.904897493 0.000000000
KJ:/rrc/cr: 0.005185986 0.993891823 0.000922191
KJ:/rrc/rr: 0.000000000 0.600979019 0.399020981
KK:/cc/: 0.990521699 0.009478301 0.000000000
KK:/cc/cr: 0.996893855 0.001553073 0.001553073
KK:/cc/rr: 0.000000000 0.999977708 0.000022292
KK:/crc/: 0.212399307 0.787600693 0.000000000
KK:/crc/cr: 0.999898925 0.000050537 0.000050537
KK:/crc/rr: 0.000000000 0.999718903 0.000281097
KK:/crrc/: 0.987873135 0.012126865 0.000000000
KK:/crrc/cr: 0.999076930 0.000461535 0.000461535
KK:/crrc/rr: 0.000000000 0.999991501 0.000008499
KK:/rc/: 0.794570743 0.205429257 0.000000000
KK:/rc/cr: 0.099027103 0.900881512 0.000091385
KK:/rc/rr: 0.000000000 0.999964560 0.000035440
KK:/rrc/: 0.424311686 0.575688314 0.000000000
KK:/rrc/cr: 0.999967388 0.000016306 0.000016306
KK:/rrc/rr: 0.000000000 0.999966815 0.000033185
KQ:/cc/: 0.000223369 0.999776631 0.000000000
KQ:/cc/cr: 0.000133435 0.099968214 0.899898351
KQ:/cc/rr: 0.000000000 0.901146681 0.098853319
KQ:/crc/: 0.863610006 0.136389994 0.000000000
KQ:/crc/cr: 0.002513359 0.651555692 0.345930949
KQ:/crc/rr: 0.000000000 0.000069134 0.999930866
KQ:/crrc/: 0.028477549 0.971522451 0.000000000
KQ:/crrc/cr: 0.059175937 0.711626920 0.229197143
KQ:/crrc/rr: 0.000000000 0.168356005 0.831643995
KQ:/rc/: 0.000338358 0.999661642 0.000000000
KQ:/rc/cr: 0.000369219 0.512407139 0.487223642
KQ:/rc/rr: 0.000000000 0.916775205 0.083224795
KQ:/rrc/: 0.558303093 0.441696907 0.000000000
KQ:/rrc/cr: 0.115524647 0.767171891 0.117303462
KQ:/rrc/rr: 0.000000000 0.390572738 0.609427262
Q:/: 0.366323764 0.633676236 0.000000000
Q:/cr: 0.174654164 0.305171937 0.520173899
Q:/rr: 0.000000000 0.999932430 0.000067570
QJ:/cc/: 0.000039062 0.999960938 0.000000000
QJ:/cc/cr: 0.000053107 0.000013021 0.999933872
QJ:/cc/rr: 0.000000000 0.500000000 0.500000000
QJ:/crc/: 0.037361864 0.962638136 0.000000000
QJ:/crc/cr: 0.001595329 0.000014774 0.998389897
QJ:/crc/rr: 0.000000000 0.000570988 0.999429012
QJ:/crrc/: 0.017985167 0.982014833 0.000000000
QJ:/crrc/cr: 0.000068286 0.000025305 0.999906409
QJ:/crrc/rr: 0.000000000 0.002072557 0.997927443
QJ:/rc/: 0.004900471 0.995099529 0.000000000
QJ:/rc/cr: 0.000689846 0.000022634 0.999287520
QJ:/rc/rr: 0.000000000 0.006894230 0.993105770
QJ:/rrc/: 0.000033787 0.999966213 0.000000000
QJ:/rrc/cr: 0.000051314 0.000011263 0.999937423
QJ:/rrc/rr: 0.000000000 0.500000000 0.500000000
QK:/cc/: 0.842509021 0.157490979 0.000000000
QK:/cc/cr: 0.005284240 0.986983260 0.007732499
QK:/cc/rr: 0.000000000 0.466460504 0.533539496
QK:/crc/: 0.004304061 0.995695939 0.000000000
QK:/crc/cr: 0.000014284 0.567045265 0.432940452
QK:/crc/rr: 0.000000000 0.004956521 0.995043479
QK:/crrc/: 0.980004091 0.019995909 0.000000000
QK:/crrc/cr: 0.001250123 0.543440760 0.455309117
QK:/crrc/rr: 0.000000000 0.001027662 0.998972338
QK:/rc/: 0.398672737 0.601327263 0.000000000
QK:/rc/cr: 0.004504188 0.522451851 0.473043961
QK:/rc/rr: 0.000000000 0.094094297 0.905905703
QK:/rrc/: 0.162380090 0.837619910 0.000000000
QK:/rrc/cr: 0.000013446 0.316424542 0.683562012
QK:/rrc/rr: 0.000000000 0.005918153 0.994081847
QQ:/cc/: 0.006787978 0.993212022 0.000000000
QQ:/cc/cr: 0.022423299 0.977563591 0.000013110
QQ:/cc/rr: 0.000000000 0.997122729 0.002877271
QQ:/crc/: 0.984792794 0.015207206 0.000000000
QQ:/crc/cr: 0.998129556 0.000935222 0.000935222
QQ:/crc/rr: 0.000000000 0.999978337 0.000021663
QQ:/crrc/: 0.392421574 0.607578426 0.000000000
QQ:/crrc/cr: 0.999918199 0.000040900 0.000040900
QQ:/crrc/rr: 0.000000000 0.999905012 0.000094988
QQ:/rc/: 0.443198419 0.556801581 0.000000000
QQ:/rc/cr: 0.063488465 0.936471083 0.000040451
QQ:/rc/rr: 0.000000000 0.999923770 0.000076230
QQ:/rrc/: 0.948325354 0.051674646 0.000000000
QQ:/rrc/cr: 0.999564103 0.000217949 0.000217949
QQ:/rrc/rr: 0.000000000 0.999982186 0.000017814
