J:/c: 0.281295510 0.718704490 0.000000000
J:/crr: 0.000000000 0.999908131 0.000091869
J:/r: 0.059373024 0.132098257 0.808528719
JJ:/cc/c: 0.050171937 0.949828063 0.000000000
JJ:/cc/crr: 0.000000000 0.999656776 0.000343224
JJ:/cc/r: 0.999914374 0.000062665 0.000022960
JJ:/crc/c: 0.999912005 0.000087995 0.000000000
JJ:/crc/crr: 0.000000000 0.999955999 0.000044001
JJ:/crc/r: 0.999882674 0.000058663 0.000058663
JJ:/crrc/c: 0.999955999 0.000044001 0.000000000
JJ:/crrc/crr: 0.000000000 0.999977998 0.000022002
JJ:/crrc/r: 0.999941332 0.000029334 0.000029334
JJ:/rc/c: 0.999875080 0.000124920 0.000000000
JJ:/rc/crr: 0.000000000 0.999937532 0.000062468
JJ:/rc/r: 0.999736911 0.000179809 0.000083280
JJ:/rrc/c: 0.999722068 0.000277932 0.000000000
JJ:/rrc/crr: 0.000000000 0.999860995 0.000139005
JJ:/rrc/r: 0.998601772 0.001212940 0.000185288
JK:/cc/c: 0.008128122 0.991871878 0.000000000
JK:/cc/crr: 0.000000000 0.002118596 0.997881404
JK:/cc/r: 0.000750232 0.000022960 0.999226808
JK:/crc/c: 0.517671926 0.482328074 0.000000000
JK:/crc/crr: 0.000000000 0.000084991 0.999915009
JK:/crc/r: 0.035819172 0.000058663 0.964122165
JK:/crrc/c: 0.557088423 0.442911577 0.000000000
JK:/crrc/crr: 0.000000000 0.000039492 0.999960508
JK:/crrc/r: 0.266059144 0.000035241 0.733905615
JK:/rc/c: 0.385348519 0.614651481 0.000000000
JK:/rc/crr: 0.000000000 0.000162086 0.999837914
JK:/rc/r: 0.323694659 0.000088089 0.676217252
JK:/rrc/c: 0.999722068 0.000277932 0.000000000
JK:/rrc/crr: 0.000000000 0.000139005 0.999860995
JK:/rrc/r: 0.350127984 0.000390660 0.649481356
JQ:/cc/c: 0.071310208 0.928689792 0.000000000
JQ:/cc/crr: 0.000000000 0.000241483 0.999758517
JQ:/cc/r: 0.032398360 0.000022960 0.967578680
JQ:/crc/c: 0.537476413 0.462523587 0.000000000
JQ:/crc/crr: 0.000000000 0.000081859 0.999918141
JQ:/crc/r: 0.078314257 0.000058663 0.921627080
JQ:/crrc/c: 0.055586547 0.944413453 0.000000000
JQ:/crrc/crr: 0.000000000 0.000395791 0.999604209
JQ:/crrc/r: 0.298158594 0.000029334 0.701812071
JQ:/rc/c: 0.937147905 0.062852095 0.000000000
JQ:/rc/crr: 0.000000000 0.000066649 0.999933351
JQ:/rc/r: 0.000085524 0.000083280 0.999831196
JQ:/rrc/c: 0.109151328 0.890848672 0.000000000
JQ:/rrc/crr: 0.000000000 0.001273149 0.998726851
JQ:/rrc/r: 0.504415599 0.000411774 0.495172627
K:/c: 0.997639750 0.002360250 0.000000000
K:/crr: 0.000000000 0.999975189 0.000024811
K:/r: 0.610274639 0.389692358 0.000033003
KJ:/cc/c: 0.054409425 0.945590575 0.000000000
KJ:/cc/crr: 0.000000000 0.903626749 0.096373251
KJ:/cc/r: 0.036241296 0.014403219 0.949355485
KJ:/crc/c: 0.133458537 0.866541463 0.000000000
KJ:/crc/crr: 0.000000000 0.999907046 0.000092954
KJ:/crc/r: 0.000368532 0.750568581 0.249062886
KJ:/crrc/c: 0.241848758 0.758151242 0.000000000
KJ:/crrc/crr: 0.000000000 0.613324145 0.386675855
KJ:/crrc/r: 0.032771091 0.890104633 0.077124275
KJ:/rc/c: 0.488636562 0.511363438 0.000000000
KJ:/rc/crr: 0.000000000 0.610748192 0.389251808
KJ:/rc/r: 0.026368693 0.755619387 0.218011919
KJ:/rrc/c: 0.508710675 0.491289325 0.000000000
KJ:/rrc/crr: 0.000000000 0.937223898 0.062776102
KJ:/rrc/r: 0.061032815 0.885543868 0.053423317
KK:/cc/c: 0.989512774 0.010487226 0.000000000
KK:/cc/crr: 0.000000000 0.994700813 0.005299187
KK:/cc/r: 0.973771639 0.019236877 0.006991484
KK:/crc/c: 0.999975189 0.000024811 0.000000000
KK:/crc/crr: 0.000000000 0.999987594 0.000012406
KK:/crc/r: 0.558296937 0.441686523 0.000016541
KK:/crrc/c: 0.999987594 0.000012406 0.000000000
KK:/crrc/crr: 0.000000000 0.999993797 0.000006203
KK:/crrc/r: 0.999983459 0.000008271 0.000008271
KK:/rc/c: 0.999957655 0.000042345 0.000000000
KK:/rc/crr: 0.000000000 0.999978826 0.000021174
KK:/rc/r: 0.999900259 0.000071511 0.000028230
KK:/rrc/c: 0.999972960 0.000027040 0.000000000
KK:/rrc/crr: 0.000000000 0.999986480 0.000013520
KK:/rrc/r: 0.697020596 0.302961377 0.000018026
KQ:/cc/c: 0.054409425 0.945590575 0.000000000
KQ:/cc/crr: 0.000000000 0.903626749 0.096373251
KQ:/cc/r: 0.035535771 0.949998083 0.014466146
KQ:/crc/c: 0.122103332 0.877896668 0.000000000
KQ:/crc/crr: 0.000000000 0.491233095 0.508766905
KQ:/crc/r: 0.000650096 0.439196493 0.560153411
KQ:/crrc/c: 0.630196225 0.369803775 0.000000000
KQ:/crrc/crr: 0.000000000 0.433017438 0.566982562
KQ:/crrc/r: 0.008112206 0.631024048 0.360863747
KQ:/rc/c: 0.005913133 0.994086867 0.000000000
KQ:/rc/crr: 0.000000000 0.031917358 0.968082642
KQ:/rc/r: 0.000143387 0.329925370 0.669931243
KQ:/rrc/c: 0.461176223 0.538823777 0.000000000
KQ:/rrc/crr: 0.000000000 0.590830751 0.409169249
KQ:/rrc/r: 0.035619898 0.621538586 0.342841516
Q:/c: 0.846034302 0.153965698 0.000000000
Q:/crr: 0.000000000 0.999970743 0.000029257
Q:/r: 0.373558440 0.625383390 0.001058170
QJ:/cc/c: 0.003065649 0.996934351 0.000000000
QJ:/cc/crr: 0.000000000 0.026220580 0.973779420
QJ:/cc/r: 0.000277268 0.000107177 0.999615555
QJ:/crc/c: 0.476873715 0.523126285 0.000000000
QJ:/crc/crr: 0.000000000 0.002014130 0.997985870
QJ:/crc/r: 0.000527615 0.000020659 0.999451726
QJ:/crrc/c: 0.000290957 0.999709043 0.000000000
QJ:/crrc/crr: 0.000000000 0.025139396 0.974860604
QJ:/crrc/r: 0.008868705 0.000009753 0.991121542
QJ:/rc/c: 0.000947579 0.999052421 0.000000000
QJ:/rc/crr: 0.000000000 0.013923090 0.986076910
QJ:/rc/r: 0.025413363 0.000017591 0.974569046
QJ:/rrc/c: 0.001169971 0.998830029 0.000000000
QJ:/rrc/crr: 0.000000000 0.365757901 0.634242099
QJ:/rrc/r: 0.000448715 0.000058666 0.999492620
QK:/cc/c: 0.026475447 0.973524553 0.000000000
QK:/cc/crr: 0.000000000 0.996963863 0.003036137
QK:/cc/r: 0.001220104 0.729882991 0.268896905
QK:/crc/c: 0.333507003 0.666492997 0.000000000
QK:/crc/crr: 0.000000000 0.036376619 0.963623381
QK:/crc/r: 0.004003519 0.485740896 0.510255585
QK:/crrc/c: 0.049389809 0.950610191 0.000000000
QK:/crrc/crr: 0.000000000 0.072873901 0.927126099
QK:/crrc/r: 0.000289604 0.282526731 0.717183665
QK:/rc/c: 0.286383501 0.713616499 0.000000000
QK:/rc/crr: 0.000000000 0.091856804 0.908143196
QK:/rc/r: 0.000059041 0.323535848 0.676405111
QK:/rrc/c: 0.430241137 0.569758863 0.000000000
QK:/rrc/crr: 0.000000000 0.002106147 0.997893853
QK:/rrc/r: 0.000574925 0.460250407 0.539174668
QQ:/cc/c: 0.999839234 0.000160766 0.000000000
QQ:/cc/crr: 0.000000000 0.999919604 0.000080396
QQ:/cc/r: 0.463764066 0.536128756 0.000107177
QQ:/crc/c: 0.999970743 0.000029257 0.000000000
QQ:/crc/crr: 0.000000000 0.999985371 0.000014629
QQ:/crc/r: 0.998284456 0.001696039 0.000019505
QQ:/crrc/c: 0.999341091 0.000658909 0.000000000
QQ:/crrc/crr: 0.000000000 0.999992681 0.000007319
QQ:/crrc/r: 0.999980495 0.000009753 0.000009753
QQ:/rc/c: 0.999973614 0.000026386 0.000000000
QQ:/rc/crr: 0.000000000 0.999986806 0.000013194
QQ:/rc/r: 0.139333803 0.860648606 0.000017591
QQ:/rrc/c: 0.999955826 0.000044174 0.000000000
QQ:/rrc/crr: 0.000000000 0.999977912 0.000022088
QQ:/rrc/r: 0.999785143 0.000185407 0.000029449
