J:/c: 0.273214112 0.726785888 0.000000000
J:/crr: 0.000000000 0.999909403 0.000090597
J:/r: 0.054785702 0.135302169 0.809912129
JJ:/cc/c: 0.999965943 0.000034057 0.000000000
JJ:/cc/crr: 0.000000000 0.999982971 0.000017029
JJ:/cc/r: 0.999915766 0.000061529 0.000022705
JJ:/crc/c: 0.999909403 0.000090597 0.000000000
JJ:/crc/crr: 0.000000000 0.999954697 0.000045303
JJ:/crc/r: 0.999492747 0.000446855 0.000060398
JJ:/crrc/c: 0.999954697 0.000045303 0.000000000
JJ:/crrc/crr: 0.000000000 0.999977348 0.000022652
JJ:/crrc/r: 0.999939596 0.000030202 0.000030202
JJ:/rc/c: 0.999878039 0.000121961 0.000000000
JJ:/rc/crr: 0.000000000 0.999939012 0.000060988
JJ:/rc/r: 0.999753732 0.000164960 0.000081308
JJ:/rrc/c: 0.999698796 0.000301204 0.000000000
JJ:/rrc/crr: 0.000000000 0.999849353 0.000150647
JJ:/rrc/r: 0.998512783 0.001286414 0.000200802
JK:/cc/c: 0.006799992 0.993200008 0.000000000
JK:/cc/crr: 0.000000000 0.002504227 0.997495773
JK:/cc/r: 0.000060203 0.000022705 0.999917092
JK:/crc/c: 0.581624380 0.418375620 0.000000000
JK:/crc/crr: 0.000000000 0.000077883 0.999922117
JK:/crc/r: 0.026426288 0.000060398 0.973513314
JK:/crrc/c: 0.450231305 0.549768695 0.000000000
JK:/crrc/crr: 0.000000000 0.000050311 0.999949689
JK:/crrc/r: 0.211815116 0.000030202 0.788154682
JK:/rc/c: 0.379557178 0.620442822 0.000000000
JK:/rc/crr: 0.000000000 0.000160663 0.999839337
JK:/rc/r: 0.334654142 0.000084346 0.665261512
JK:/rrc/c: 0.995857050 0.004142950 0.000000000
JK:/rrc/crr: 0.000000000 0.000151228 0.999848772
JK:/rrc/r: 0.338777470 0.000444529 0.660778001
JQ:/cc/c: 0.069814827 0.930185173 0.000000000
JQ:/cc/crr: 0.000000000 0.000243913 0.999756087
JQ:/cc/r: 0.045227721 0.000022705 0.954749574
JQ:/crc/c: 0.498393911 0.501606089 0.000000000
JQ:/crc/crr: 0.000000000 0.000090889 0.999909111
JQ:/crc/r: 0.029432057 0.000060398 0.970507545
JQ:/crrc/c: 0.031989743 0.968010257 0.000000000
JQ:/crrc/crr: 0.000000000 0.000708083 0.999291917
JQ:/crrc/r: 0.238683271 0.000030202 0.761286527
JQ:/rc/c: 0.953688556 0.046311444 0.000000000
JQ:/rc/crr: 0.000000000 0.000063942 0.999936058
JQ:/rc/r: 0.000082428 0.000081308 0.999836264
JQ:/rrc/c: 0.107926947 0.892073053 0.000000000
JQ:/rrc/crr: 0.000000000 0.001395405 0.998604595
JQ:/rrc/r: 0.541858848 0.000459926 0.457681226
K:/c: 0.999846674 0.000153326 0.000000000
K:/crr: 0.000000000 0.999975244 0.000024756
K:/r: 0.562993645 0.436973351 0.000033003
KJ:/cc/c: 0.838563006 0.161436994 0.000000000
KJ:/cc/crr: 0.000000000 0.903741882 0.096258118
KJ:/cc/r: 0.559754792 0.222109496 0.218135712
KJ:/crc/c: 0.157121709 0.842878291 0.000000000
KJ:/crc/crr: 0.000000000 0.999921219 0.000078781
KJ:/crc/r: 0.000331513 0.736468446 0.263200040
KJ:/crrc/c: 0.534120573 0.465879427 0.000000000
KJ:/crrc/crr: 0.000000000 0.957702560 0.042297440
KJ:/crrc/r: 0.134607986 0.817890624 0.047501390
KJ:/rc/c: 0.411331774 0.588668226 0.000000000
KJ:/rc/crr: 0.000000000 0.753096531 0.246903469
KJ:/rc/r: 0.000136741 0.779663258 0.220200001
KJ:/rrc/c: 0.116545163 0.883454837 0.000000000
KJ:/rrc/crr: 0.000000000 0.999874252 0.000125748
KJ:/rrc/r: 0.053647076 0.877748961 0.068603963
KK:/cc/c: 0.838563006 0.161436994 0.000000000
KK:/cc/crr: 0.000000000 0.903741882 0.096258118
KK:/cc/r: 0.602794457 0.289580880 0.107624662
KK:/crc/c: 0.999922362 0.000077638 0.000000000
KK:/crc/crr: 0.000000000 0.999987621 0.000012379
KK:/crc/r: 0.852972704 0.147010792 0.000016504
KK:/crrc/c: 0.999987622 0.000012378 0.000000000
KK:/crrc/crr: 0.000000000 0.999993811 0.000006189
KK:/crrc/r: 0.999983495 0.000008252 0.000008252
KK:/rc/c: 0.999962236 0.000037764 0.000000000
KK:/rc/crr: 0.000000000 0.999981118 0.000018882
KK:/rc/r: 0.999910676 0.000064148 0.000025176
KK:/rrc/c: 0.999970689 0.000029311 0.000000000
KK:/rrc/crr: 0.000000000 0.999985344 0.000014656
KK:/rrc/r: 0.999885976 0.000094484 0.000019540
KQ:/cc/c: 0.838563006 0.161436994 0.000000000
KQ:/cc/crr: 0.000000000 0.903741882 0.096258118
KQ:/cc/r: 0.551729464 0.225164490 0.223106046
KQ:/crc/c: 0.148363994 0.851636006 0.000000000
KQ:/crc/crr: 0.000000000 0.068872671 0.931127329
KQ:/crc/r: 0.000609741 0.437368547 0.562021711
KQ:/crrc/c: 0.624248413 0.375751587 0.000000000
KQ:/crrc/crr: 0.000000000 0.423157998 0.576842002
KQ:/crrc/r: 0.006412334 0.686274058 0.307313608
KQ:/rc/c: 0.000166736 0.999833264 0.000000000
KQ:/rc/crr: 0.000000000 0.886756496 0.113243504
KQ:/rc/r: 0.000129815 0.317841803 0.682028383
KQ:/rrc/c: 0.450823610 0.549176390 0.000000000
KQ:/rrc/crr: 0.000000000 0.606433179 0.393566821
KQ:/rrc/r: 0.012788537 0.643852656 0.343358807
Q:/c: 0.842692896 0.157307104 0.000000000
Q:/crr: 0.000000000 0.999970627 0.000029373
Q:/r: 0.344843313 0.654340956 0.000815731
QJ:/cc/c: 0.002468109 0.997531891 0.000000000
QJ:/cc/crr: 0.000000000 0.031876893 0.968123107
QJ:/cc/r: 0.000276971 0.000104901 0.999618128
QJ:/crc/c: 0.413249586 0.586750414 0.000000000
QJ:/crc/crr: 0.000000000 0.025238382 0.974761618
QJ:/crc/r: 0.000641939 0.000019582 0.999338479
QJ:/crrc/c: 0.000441043 0.999558957 0.000000000
QJ:/crrc/crr: 0.000000000 0.016650273 0.983349727
QJ:/crrc/r: 0.032987545 0.000009791 0.967002664
QJ:/rc/c: 0.000821268 0.999178732 0.000000000
QJ:/rc/crr: 0.000000000 0.015353536 0.984646464
QJ:/rc/r: 0.022043666 0.000017176 0.977939158
QJ:/rrc/c: 0.001268271 0.998731729 0.000000000
QJ:/rrc/crr: 0.000000000 0.370973180 0.629026820
QJ:/rrc/r: 0.000484471 0.000067830 0.999447698
QK:/cc/c: 0.199284048 0.800715952 0.000000000
QK:/cc/crr: 0.000000000 0.999605209 0.000394791
QK:/cc/r: 0.001526988 0.762997952 0.235475060
QK:/crc/c: 0.323852971 0.676147029 0.000000000
QK:/crc/crr: 0.000000000 0.017693616 0.982306384
QK:/crc/r: 0.001888112 0.464452438 0.533659450
QK:/crrc/c: 0.287885341 0.712114659 0.000000000
QK:/crrc/crr: 0.000000000 0.011330829 0.988669171
QK:/crrc/r: 0.000298719 0.325501231 0.674200050
QK:/rc/c: 0.369113440 0.630886560 0.000000000
QK:/rc/crr: 0.000000000 0.041088172 0.958911828
QK:/rc/r: 0.000055411 0.338898571 0.661046018
QK:/rrc/c: 0.426298888 0.573701112 0.000000000
QK:/rrc/crr: 0.000000000 0.010528029 0.989471971
QK:/rrc/r: 0.004395482 0.463092958 0.532511560
QQ:/cc/c: 0.999842649 0.000157351 0.000000000
QQ:/cc/crr: 0.000000000 0.999921312 0.000078688
QQ:/cc/r: 0.435613503 0.564281596 0.000104901
QQ:/crc/c: 0.999970627 0.000029373 0.000000000
QQ:/crc/crr: 0.000000000 0.999985313 0.000014687
QQ:/crc/r: 0.997829851 0.002150567 0.000019582
QQ:/crrc/c: 0.999985313 0.000014687 0.000000000
QQ:/crrc/crr: 0.000000000 0.999992656 0.000007344
QQ:/crrc/r: 0.982541619 0.017448590 0.000009791
QQ:/rc/c: 0.999974781 0.000025219 0.000000000
QQ:/rc/crr: 0.000000000 0.999987390 0.000012610
QQ:/rc/r: 0.999935460 0.000047728 0.000016812
QQ:/rrc/c: 0.999952147 0.000047853 0.000000000
QQ:/rrc/crr: 0.000000000 0.999976073 0.000023927
QQ:/rrc/r: 0.999770229 0.000197869 0.000031902
