J:/: 0.076922058 0.923077942 0.000000000
J:/cr: 0.017805482 0.021125231 0.961069287
J:/rr: 0.000000000 0.999678214 0.000321786
JJ:/cc/: 0.001315829 0.998684171 0.000000000
JJ:/cc/cr: 0.999982100 0.000008950 0.000008950
JJ:/cc/rr: 0.000000000 0.989810550 0.010189450
JJ:/crc/: 0.945707932 0.054292068 0.000000000
JJ:/crc/cr: 0.994804470 0.002597765 0.002597765
JJ:/crc/rr: 0.000000000 0.999776298 0.000223702
JJ:/crrc/: 0.845394213 0.154605787 0.000000000
JJ:/crrc/cr: 0.997835347 0.001082326 0.001082326
JJ:/crrc/rr: 0.000000000 0.999703096 0.000296904
JJ:/rc/: 0.801757755 0.198242245 0.000000000
JJ:/rc/cr: 0.998917868 0.000541066 0.000541066
JJ:/rc/rr: 0.000000000 0.999799324 0.000200676
JJ:/rrc/: 0.986123437 0.013876563 0.000000000
JJ:/rrc/cr: 0.992267777 0.003866111 0.003866111
JJ:/rrc/rr: 0.000000000 0.999918395 0.000081605
JK:/cc/: 0.078838785 0.921161215 0.000000000
JK:/cc/cr: 0.002045126 0.000009703 0.997945170
JK:/cc/rr: 0.000000000 0.000170063 0.999829937
JK:/crc/: 0.038579302 0.961420698 0.000000000
JK:/crc/cr: 0.037853893 0.000146698 0.961999409
JK:/crc/rr: 0.000000000 0.005483694 0.994516306
JK:/crrc/: 0.998808608 0.001191392 0.000000000
JK:/crrc/cr: 0.140452465 0.140452465 0.719095069
JK:/crrc/rr: 0.000000000 0.000251300 0.999748700
JK:/rc/: 0.962055098 0.037944902 0.000000000
JK:/rc/cr: 0.821157684 0.002826787 0.176015530
JK:/rc/rr: 0.000000000 0.000167239 0.999832761
JK:/rrc/: 0.555647316 0.444352684 0.000000000
JK:/rrc/cr: 0.898814482 0.000120734 0.101064784
JK:/rrc/rr: 0.000000000 0.000144827 0.999855173
JQ:/cc/: 0.073437496 0.926562504 0.000000000
JQ:/cc/cr: 0.000041622 0.000009647 0.999948732
JQ:/cc/rr: 0.000000000 0.000182571 0.999817429
JQ:/crc/: 0.615411052 0.384588948 0.000000000
JQ:/crc/cr: 0.022289752 0.000366724 0.977343524
JQ:/crc/rr: 0.000000000 0.000343765 0.999656235
JQ:/crrc/: 0.443660929 0.556339071 0.000000000
JQ:/crrc/cr: 0.437894082 0.000994149 0.561111769
JQ:/crrc/rr: 0.000000000 0.020938453 0.979061547
JQ:/rc/: 0.988033620 0.011966380 0.000000000
JQ:/rc/cr: 0.008963625 0.008963625 0.982072749
JQ:/rc/rr: 0.000000000 0.000162842 0.999837158
JQ:/rrc/: 0.265134927 0.734865073 0.000000000
JQ:/rrc/cr: 0.035268191 0.000073004 0.964658804
JQ:/rrc/rr: 0.000000000 0.000303515 0.999696485
K:/: 0.777939595 0.222060405 0.000000000
K:/cr: 0.895897506 0.104028182 0.000074312
K:/rr: 0.000000000 0.999968182 0.000031818
KJ:/cc/: 0.000319540 0.999680460 0.000000000
KJ:/cc/cr: 0.000268105 0.000047396 0.999684498
KJ:/cc/rr: 0.000000000 0.825581608 0.174418392
KJ:/crc/: 0.005743016 0.994256984 0.000000000
KJ:/crc/cr: 0.009850874 0.990029382 0.000119744
KJ:/crc/rr: 0.000000000 0.968903949 0.031096051
KJ:/crrc/: 0.052599146 0.947400854 0.000000000
KJ:/crrc/cr: 0.009465776 0.966422918 0.024111306
KJ:/crrc/rr: 0.000000000 0.767375710 0.232624290
KJ:/rc/: 0.108024494 0.891975506 0.000000000
KJ:/rc/cr: 0.015914348 0.932647066 0.051438586
KJ:/rc/rr: 0.000000000 0.641105379 0.358894621
KJ:/rrc/: 0.095709793 0.904290207 0.000000000
KJ:/rrc/cr: 0.005862126 0.993381643 0.000756231
KJ:/rrc/rr: 0.000000000 0.839835466 0.160164534
KK:/cc/: 0.912160747 0.087839253 0.000000000
KK:/cc/cr: 0.999154005 0.000422997 0.000422997
KK:/cc/rr: 0.000000000 0.999938899 0.000061101
KK:/crc/: 0.344041424 0.655958576 0.000000000
KK:/crc/cr: 0.535489172 0.464329328 0.000181500
KK:/crc/rr: 0.000000000 0.999480920 0.000519080
KK:/crrc/: 0.802583612 0.197416388 0.000000000
KK:/crrc/cr: 0.999857512 0.000072461 0.000070027
KK:/crrc/rr: 0.000000000 0.999974163 0.000025837
KK:/rc/: 0.913085523 0.086914477 0.000000000
KK:/rc/cr: 0.999755944 0.000122028 0.000122028
KK:/rc/rr: 0.000000000 0.999982577 0.000017423
KK:/rrc/: 0.507571745 0.492428255 0.000000000
KK:/rrc/cr: 0.999978461 0.000010769 0.000010769
KK:/rrc/rr: 0.000000000 0.999984328 0.000015672
KQ:/cc/: 0.000482826 0.999517174 0.000000000
KQ:/cc/cr: 0.000424387 0.505541471 0.494034142
KQ:/cc/rr: 0.000000000 0.884567893 0.115432107
KQ:/crc/: 0.453424014 0.546575986 0.000000000
KQ:/crc/cr: 0.001711945 0.633601165 0.364686890
KQ:/crc/rr: 0.000000000 0.000403376 0.999596624
KQ:/crrc/: 0.046611675 0.953388325 0.000000000
KQ:/crrc/cr: 0.000014500 0.694643566 0.305341933
KQ:/crrc/rr: 0.000000000 0.008989541 0.991010459
KQ:/rc/: 0.187445171 0.812554829 0.000000000
KQ:/rc/cr: 0.000167712 0.496742643 0.503089645
KQ:/rc/rr: 0.000000000 0.001119210 0.998880790
KQ:/rrc/: 0.682010533 0.317989467 0.000000000
KQ:/rrc/cr: 0.000465618 0.902443273 0.097091108
KQ:/rrc/rr: 0.000000000 0.356712798 0.643287202
Q:/: 0.830617718 0.169382282 0.000000000
Q:/cr: 0.585316130 0.401917775 0.012766095
Q:/rr: 0.000000000 0.999970200 0.000029800
QJ:/cc/: 0.000146134 0.999853866 0.000000000
QJ:/cc/cr: 0.000193921 0.000048718 0.999757361
QJ:/cc/rr: 0.000000000 0.500000000 0.500000000
QJ:/crc/: 0.049780262 0.950219738 0.000000000
QJ:/crc/cr: 0.006633870 0.000042515 0.993323614
QJ:/crc/rr: 0.000000000 0.001217321 0.998782679
QJ:/crrc/: 0.001150520 0.998849480 0.000000000
QJ:/crrc/cr: 0.001230272 0.000027773 0.998741955
QJ:/crrc/rr: 0.000000000 0.036167200 0.963832800
QJ:/rc/: 0.001832319 0.998167681 0.000000000
QJ:/rc/cr: 0.000218473 0.000009952 0.999771575
QJ:/rc/rr: 0.000000000 0.008131793 0.991868207
QJ:/rrc/: 0.000014900 0.999985100 0.000000000
QJ:/rrc/cr: 0.000039535 0.000004967 0.999955498
QJ:/rrc/rr: 0.000000000 0.500000000 0.500000000
QK:/cc/: 0.394168224 0.605831776 0.000000000
QK:/cc/cr: 0.932575720 0.067082548 0.000341732
QK:/cc/rr: 0.000000000 0.999814630 0.000185370
QK:/crc/: 0.045067612 0.954932388 0.000000000
QK:/crc/cr: 0.000042306 0.586807214 0.413150480
QK:/crc/rr: 0.000000000 0.072598072 0.927401928
QK:/crrc/: 0.353538054 0.646461946 0.000000000
QK:/crrc/cr: 0.000056743 0.636857844 0.363085413
QK:/crrc/rr: 0.000000000 0.003090683 0.996909317
QK:/rc/: 0.554334381 0.445665619 0.000000000
QK:/rc/cr: 0.049901532 0.549348400 0.400750067
QK:/rc/rr: 0.000000000 0.264875108 0.735124892
QK:/rrc/: 0.106019380 0.893980620 0.000000000
QK:/rrc/cr: 0.000005556 0.338267543 0.661726901
QK:/rrc/rr: 0.000000000 0.003992616 0.996007384
QQ:/cc/: 0.369235187 0.630764813 0.000000000
QQ:/cc/cr: 0.048526868 0.951395907 0.000077226
QQ:/cc/rr: 0.000000000 0.999802113 0.000197887
QQ:/crc/: 0.960261378 0.039738622 0.000000000
QQ:/crc/cr: 0.997966762 0.001016619 0.001016619
QQ:/crc/rr: 0.000000000 0.999936894 0.000063106
QQ:/crrc/: 0.522585868 0.477414132 0.000000000
QQ:/crrc/cr: 0.999087673 0.000854221 0.000058106
QQ:/crrc/rr: 0.000000000 0.999920375 0.000079625
QQ:/rc/: 0.636474416 0.363525584 0.000000000
QQ:/rc/cr: 0.999945350 0.000027325 0.000027325
QQ:/rc/rr: 0.000000000 0.999976590 0.000023410
QQ:/rrc/: 0.970616059 0.029383941 0.000000000
QQ:/rrc/cr: 0.999661936 0.000169032 0.000169032
QQ:/rrc/rr: 0.000000000 0.999992324 0.000007676
