J:/: 0.082645367 0.917354633 0.000000000
J:/cr: 0.017993194 0.036249644 0.945757162
J:/rr: 0.000000000 0.999700498 0.000299502
JJ:/cc/: 0.001330418 0.998669582 0.000000000
JJ:/cc/cr: 0.999981988 0.000009006 0.000009006
JJ:/cc/rr: 0.000000000 0.989859410 0.010140590
JJ:/crc/: 0.947769099 0.052230901 0.000000000
JJ:/crc/cr: 0.996833076 0.001583462 0.001583462
JJ:/crc/rr: 0.000000000 0.999869105 0.000130895
JJ:/crrc/: 0.994812051 0.005187949 0.000000000
JJ:/crrc/cr: 0.935766005 0.032116998 0.032116998
JJ:/crrc/rr: 0.000000000 0.999748765 0.000251235
JJ:/rc/: 0.868761857 0.131238143 0.000000000
JJ:/rc/cr: 0.998478581 0.000760709 0.000760709
JJ:/rc/rr: 0.000000000 0.999827627 0.000172373
JJ:/rrc/: 0.982751917 0.017248083 0.000000000
JJ:/rrc/cr: 0.994210139 0.002894930 0.002894930
JJ:/rrc/rr: 0.000000000 0.999923787 0.000076213
JK:/cc/: 0.081475031 0.918524969 0.000000000
JK:/cc/cr: 0.002230504 0.000009792 0.997759704
JK:/cc/rr: 0.000000000 0.000165587 0.999834413
JK:/crc/: 0.093659526 0.906340474 0.000000000
JK:/crc/cr: 0.134355409 0.000091252 0.865553339
JK:/crc/rr: 0.000000000 0.001324568 0.998675432
JK:/crrc/: 0.998402946 0.001597054 0.000000000
JK:/crrc/cr: 0.104330419 0.104330419 0.791339161
JK:/crrc/rr: 0.000000000 0.000250332 0.999749668
JK:/rc/: 0.965421089 0.034578911 0.000000000
JK:/rc/cr: 0.846906166 0.002887138 0.150206696
JK:/rc/rr: 0.000000000 0.000155115 0.999844885
JK:/rrc/: 0.452519220 0.547480780 0.000000000
JK:/rrc/cr: 0.627105434 0.000091203 0.372803362
JK:/rrc/rr: 0.000000000 0.000165513 0.999834487
JQ:/cc/: 0.146531464 0.853468536 0.000000000
JQ:/cc/cr: 0.000044917 0.000010538 0.999944544
JQ:/cc/rr: 0.000000000 0.000092070 0.999907930
JQ:/crc/: 0.937811056 0.062188944 0.000000000
JQ:/crc/cr: 0.049329564 0.001329909 0.949340527
JQ:/crc/rr: 0.000000000 0.000132285 0.999867715
JQ:/crrc/: 0.038107110 0.961892890 0.000000000
JQ:/crrc/cr: 0.027889721 0.000173222 0.971937057
JQ:/crrc/rr: 0.000000000 0.006558671 0.993441329
JQ:/rc/: 0.982811318 0.017188682 0.000000000
JQ:/rc/cr: 0.005808130 0.005808130 0.988383741
JQ:/rc/rr: 0.000000000 0.000152370 0.999847630
JQ:/rrc/: 0.157829314 0.842170686 0.000000000
JQ:/rrc/cr: 0.009967802 0.000059290 0.989972908
JQ:/rrc/rr: 0.000000000 0.000474551 0.999525449
K:/: 0.759294904 0.240705096 0.000000000
K:/cr: 0.700646749 0.299284696 0.000068555
K:/rr: 0.000000000 0.999967401 0.000032599
KJ:/cc/: 0.000294798 0.999705202 0.000000000
KJ:/cc/cr: 0.000248799 0.000042752 0.999708450
KJ:/cc/rr: 0.000000000 0.825586860 0.174413140
KJ:/crc/: 0.002875431 0.997124569 0.000000000
KJ:/crc/cr: 0.001012813 0.998948899 0.000038287
KJ:/crc/rr: 0.000000000 0.980084342 0.019915658
KJ:/crrc/: 0.046186156 0.953813844 0.000000000
KJ:/crrc/cr: 0.000169958 0.999451540 0.000378502
KJ:/crrc/rr: 0.000000000 0.566423395 0.433576605
KJ:/rc/: 0.074879703 0.925120297 0.000000000
KJ:/rc/cr: 0.010367580 0.937829971 0.051802449
KJ:/rc/rr: 0.000000000 0.576277487 0.423722513
KJ:/rrc/: 0.100003833 0.899996167 0.000000000
KJ:/rrc/cr: 0.004280068 0.990151176 0.005568756
KJ:/rrc/rr: 0.000000000 0.577931961 0.422068039
KK:/cc/: 0.952404584 0.047595416 0.000000000
KK:/cc/cr: 0.998559620 0.000720190 0.000720190
KK:/cc/rr: 0.000000000 0.999946014 0.000053986
KK:/crc/: 0.415242565 0.584757435 0.000000000
KK:/crc/cr: 0.999869425 0.000065288 0.000065288
KK:/crc/rr: 0.000000000 0.999862090 0.000137910
KK:/crrc/: 0.985020524 0.014979476 0.000000000
KK:/crrc/cr: 0.997822666 0.001088667 0.001088667
KK:/crrc/rr: 0.000000000 0.999975167 0.000024833
KK:/rc/: 0.911930849 0.088069151 0.000000000
KK:/rc/cr: 0.971315117 0.028561498 0.000123385
KK:/rc/rr: 0.000000000 0.999982126 0.000017874
KK:/rrc/: 0.517587781 0.482412219 0.000000000
KK:/rrc/cr: 0.999977474 0.000011263 0.000011263
KK:/rrc/rr: 0.000000000 0.999984254 0.000015746
KQ:/cc/: 0.001948886 0.998051114 0.000000000
KQ:/cc/cr: 0.000402116 0.499041647 0.500556237
KQ:/cc/rr: 0.000000000 0.973617435 0.026382565
KQ:/crc/: 0.833060457 0.166939543 0.000000000
KQ:/crc/cr: 0.002016768 0.563400044 0.434583188
KQ:/crc/rr: 0.000000000 0.000068742 0.999931258
KQ:/crrc/: 0.039492960 0.960507040 0.000000000
KQ:/crrc/cr: 0.039764383 0.711138763 0.249096854
KQ:/crrc/rr: 0.000000000 0.513212896 0.486787104
KQ:/rc/: 0.000175409 0.999824591 0.000000000
KQ:/rc/cr: 0.000239645 0.504164276 0.495596079
KQ:/rc/rr: 0.000000000 0.907076412 0.092923588
KQ:/rrc/: 0.659556175 0.340443825 0.000000000
KQ:/rrc/cr: 0.043173278 0.721950573 0.234876149
KQ:/rrc/rr: 0.000000000 0.382626462 0.617373538
Q:/: 0.751107434 0.248892566 0.000000000
Q:/cr: 0.176396967 0.817567966 0.006035067
Q:/rr: 0.000000000 0.999967045 0.000032955
QJ:/cc/: 0.000099450 0.999900550 0.000000000
QJ:/cc/cr: 0.000139302 0.000033153 0.999827545
QJ:/cc/rr: 0.000000000 0.500000000 0.500000000
QJ:/crc/: 0.041763590 0.958236410 0.000000000
QJ:/crc/cr: 0.003055188 0.000014105 0.996930708
QJ:/crc/rr: 0.000000000 0.000485438 0.999514562
QJ:/crrc/: 0.040121131 0.959878869 0.000000000
QJ:/crrc/cr: 0.000615184 0.000065261 0.999319555
QJ:/crrc/rr: 0.000000000 0.002342023 0.997657977
QJ:/rc/: 0.007960242 0.992039758 0.000000000
QJ:/rc/cr: 0.000203689 0.000011073 0.999785238
QJ:/rc/rr: 0.000000000 0.002069952 0.997930048
QJ:/rrc/: 0.000016478 0.999983522 0.000000000
QJ:/rrc/cr: 0.000017360 0.000005493 0.999977148
QJ:/rrc/rr: 0.000000000 0.500000000 0.500000000
QK:/cc/: 0.209156928 0.790843072 0.000000000
QK:/cc/cr: 0.012059062 0.987879335 0.000061603
QK:/cc/rr: 0.000000000 0.173497895 0.826502105
QK:/crc/: 0.008679089 0.991320911 0.000000000
QK:/crc/cr: 0.000013634 0.568857240 0.431129126
QK:/crc/rr: 0.000000000 0.002335917 0.997664083
QK:/crrc/: 0.873727267 0.126272733 0.000000000
QK:/crrc/cr: 0.000630897 0.647924194 0.351444909
QK:/crrc/rr: 0.000000000 0.003707088 0.996292912
QK:/rc/: 0.506580878 0.493419122 0.000000000
QK:/rc/cr: 0.067009440 0.493996233 0.438994327
QK:/rc/rr: 0.000000000 0.207925594 0.792074406
QK:/rrc/: 0.125539749 0.874460251 0.000000000
QK:/rrc/cr: 0.000006281 0.319880252 0.680113466
QK:/rrc/rr: 0.000000000 0.003731860 0.996268140
QQ:/cc/: 0.626101960 0.373898040 0.000000000
QQ:/cc/cr: 0.999822678 0.000088661 0.000088661
QQ:/cc/rr: 0.000000000 0.999920580 0.000079420
QQ:/crc/: 0.973992639 0.026007361 0.000000000
QQ:/crc/cr: 0.998960621 0.000519690 0.000519690
QQ:/crc/rr: 0.000000000 0.999979185 0.000020815
QQ:/crrc/: 0.262826218 0.737173782 0.000000000
QQ:/crrc/cr: 0.999830045 0.000084977 0.000084977
QQ:/crrc/rr: 0.000000000 0.999642484 0.000357516
QQ:/rc/: 0.564264890 0.435735110 0.000000000
QQ:/rc/cr: 0.155126879 0.844847911 0.000025210
QQ:/rc/rr: 0.000000000 0.999970799 0.000029201
QQ:/rrc/: 0.956933825 0.043066175 0.000000000
QQ:/rrc/cr: 0.999744922 0.000127539 0.000127539
QQ:/rrc/rr: 0.000000000 0.999991390 0.000008610
