J:/: 0.074244978 0.925755022 0.000000000
J:/cr: 0.019051699 0.035202770 0.945745530
J:/rr: 0.000000000 0.999666611 0.000333389
JJ:/cc/: 0.004373442 0.995626558 0.000000000
JJ:/cc/cr: 0.999982097 0.000008952 0.000008952
JJ:/cc/rr: 0.000000000 0.996943185 0.003056815
JJ:/crc/: 0.908966868 0.091033132 0.000000000
JJ:/crc/cr: 0.998145898 0.000927051 0.000927051
JJ:/crc/rr: 0.000000000 0.999860734 0.000139266
JJ:/crrc/: 0.995154107 0.004845893 0.000000000
JJ:/crrc/cr: 0.935642000 0.032179000 0.032179000
JJ:/crrc/rr: 0.000000000 0.999764957 0.000235043
JJ:/rc/: 0.662104496 0.337895504 0.000000000
JJ:/rc/cr: 0.999342224 0.000328888 0.000328888
JJ:/rc/rr: 0.000000000 0.999748235 0.000251765
JJ:/rrc/: 0.996217386 0.003782614 0.000000000
JJ:/rrc/cr: 0.970611113 0.014694443 0.014694443
JJ:/rrc/rr: 0.000000000 0.999916308 0.000083692
JK:/cc/: 0.076280097 0.923719903 0.000000000
JK:/cc/cr: 0.000367299 0.000009649 0.999623052
JK:/cc/rr: 0.000000000 0.000175259 0.999824741
JK:/crc/: 0.029763710 0.970236290 0.000000000
JK:/crc/cr: 0.004960011 0.000086981 0.994953008
JK:/crc/rr: 0.000000000 0.004253118 0.995746882
JK:/crrc/: 0.998538551 0.001461449 0.000000000
JK:/crrc/cr: 0.106699581 0.106699581 0.786600838
JK:/crrc/rr: 0.000000000 0.000234246 0.999765754
JK:/rc/: 0.986851905 0.013148095 0.000000000
JK:/rc/cr: 0.434718225 0.008452155 0.556829620
JK:/rc/rr: 0.000000000 0.000168916 0.999831084
JK:/rrc/: 0.538397263 0.461602737 0.000000000
JK:/rrc/cr: 0.755869211 0.000120414 0.244010375
JK:/rrc/rr: 0.000000000 0.000154858 0.999845142
JQ:/cc/: 0.158505000 0.841495000 0.000000000
JQ:/cc/cr: 0.000044119 0.000010591 0.999945290
JQ:/cc/rr: 0.000000000 0.000084343 0.999915657
JQ:/crc/: 0.946819735 0.053180265 0.000000000
JQ:/crc/cr: 0.078783536 0.001586912 0.919629553
JQ:/crc/rr: 0.000000000 0.000133699 0.999866301
JQ:/crrc/: 0.061012926 0.938987074 0.000000000
JQ:/crrc/cr: 0.038095982 0.000166068 0.961737950
JQ:/crrc/rr: 0.000000000 0.003833679 0.996166321
JQ:/rc/: 0.979075714 0.020924286 0.000000000
JQ:/rc/cr: 0.005311041 0.005311041 0.989377918
JQ:/rc/rr: 0.000000000 0.000170257 0.999829743
JQ:/rrc/: 0.180789596 0.819210404 0.000000000
JQ:/rrc/cr: 0.006836131 0.000067850 0.993096019
JQ:/rrc/rr: 0.000000000 0.000461172 0.999538828
K:/: 0.750950457 0.249049543 0.000000000
K:/cr: 0.712911483 0.287022259 0.000066259
K:/rr: 0.000000000 0.999967038 0.000032962
KJ:/cc/: 0.000285372 0.999714628 0.000000000
KJ:/cc/cr: 0.000240546 0.000041117 0.999718337
KJ:/cc/rr: 0.000000000 0.825862818 0.174137182
KJ:/crc/: 0.002622148 0.997377852 0.000000000
KJ:/crc/cr: 0.001340359 0.998621066 0.000038576
KJ:/crc/rr: 0.000000000 0.977990565 0.022009435
KJ:/crrc/: 0.098585779 0.901414221 0.000000000
KJ:/crrc/cr: 0.000018119 0.999723958 0.000257923
KJ:/crrc/rr: 0.000000000 0.514937172 0.485062828
KJ:/rc/: 0.067832808 0.932167192 0.000000000
KJ:/rc/cr: 0.013773501 0.884363810 0.101862689
KJ:/rc/rr: 0.000000000 0.548520484 0.451479516
KJ:/rrc/: 0.080620359 0.919379641 0.000000000
KJ:/rrc/cr: 0.003435390 0.995994853 0.000569756
KJ:/rrc/rr: 0.000000000 0.727010868 0.272989132
KK:/cc/: 0.930318410 0.069681590 0.000000000
KK:/cc/cr: 0.999049125 0.000475438 0.000475438
KK:/cc/rr: 0.000000000 0.999946584 0.000053416
KK:/crc/: 0.105594493 0.894405507 0.000000000
KK:/crc/cr: 0.935593632 0.064363351 0.000043017
KK:/crc/rr: 0.000000000 0.999453456 0.000546544
KK:/crrc/: 0.970259585 0.029740415 0.000000000
KK:/crrc/cr: 0.998958312 0.000520844 0.000520844
KK:/crrc/rr: 0.000000000 0.999976053 0.000023947
KK:/rc/: 0.805034200 0.194965800 0.000000000
KK:/rc/cr: 0.999862801 0.000080844 0.000056354
KK:/rc/rr: 0.000000000 0.999979528 0.000020472
KK:/rrc/: 0.483164660 0.516835340 0.000000000
KK:/rrc/cr: 0.798951247 0.201038123 0.000010630
KK:/rrc/rr: 0.000000000 0.999982944 0.000017056
KQ:/cc/: 0.000732778 0.999267222 0.000000000
KQ:/cc/cr: 0.000259619 0.468331989 0.531408392
KQ:/cc/rr: 0.000000000 0.932184257 0.067815743
KQ:/crc/: 0.858030655 0.141969345 0.000000000
KQ:/crc/cr: 0.002415234 0.570545942 0.427038824
KQ:/crc/rr: 0.000000000 0.000067261 0.999932739
KQ:/crrc/: 0.063822268 0.936177732 0.000000000
KQ:/crrc/cr: 0.040107338 0.765698099 0.194194563
KQ:/crrc/rr: 0.000000000 0.397142568 0.602857432
KQ:/rc/: 0.000200914 0.999799086 0.000000000
KQ:/rc/cr: 0.000234533 0.480619246 0.519146222
KQ:/rc/rr: 0.000000000 0.917971172 0.082028828
KQ:/rrc/: 0.687117535 0.312882465 0.000000000
KQ:/rrc/cr: 0.027683485 0.852000467 0.120316048
KQ:/rrc/rr: 0.000000000 0.373356762 0.626643238
Q:/: 0.750667250 0.249332750 0.000000000
Q:/cr: 0.192411558 0.798770140 0.008818303
Q:/rr: 0.000000000 0.999967026 0.000032974
QJ:/cc/: 0.000099275 0.999900725 0.000000000
QJ:/cc/cr: 0.000138410 0.000033095 0.999828495
QJ:/cc/rr: 0.000000000 0.500000000 0.500000000
QJ:/crc/: 0.033868574 0.966131426 0.000000000
QJ:/crc/cr: 0.008130058 0.000014294 0.991855648
QJ:/crc/rr: 0.000000000 0.000611603 0.999388397
QJ:/crrc/: 0.017001001 0.982998999 0.000000000
QJ:/crrc/cr: 0.000657848 0.000058319 0.999283832
QJ:/crrc/rr: 0.000000000 0.005058042 0.994941958
QJ:/rc/: 0.002905609 0.997094391 0.000000000
QJ:/rc/cr: 0.000472583 0.000011023 0.999516394
QJ:/rc/rr: 0.000000000 0.005674192 0.994325808
QJ:/rrc/: 0.000016488 0.999983512 0.000000000
QJ:/rrc/cr: 0.000015701 0.000005496 0.999978803
QJ:/rrc/rr: 0.000000000 0.500000000 0.500000000
QK:/cc/: 0.497226436 0.502773564 0.000000000
QK:/cc/cr: 0.006547812 0.983113465 0.010338723
QK:/cc/rr: 0.000000000 0.047118033 0.952881967
QK:/crc/: 0.004752402 0.995247598 0.000000000
QK:/crc/cr: 0.000013875 0.566119747 0.433866378
QK:/crc/rr: 0.000000000 0.004358661 0.995641339
QK:/crrc/: 0.808129055 0.191870945 0.000000000
QK:/crrc/cr: 0.000409575 0.543668308 0.455922117
QK:/crrc/rr: 0.000000000 0.005897684 0.994102316
QK:/rc/: 0.413634261 0.586365739 0.000000000
QK:/rc/cr: 0.006516129 0.526299752 0.467184119
QK:/rc/rr: 0.000000000 0.195377843 0.804622157
QK:/rrc/: 0.093987541 0.906012459 0.000000000
QK:/rrc/cr: 0.000006066 0.328103377 0.671890557
QK:/rrc/rr: 0.000000000 0.005006021 0.994993979
QQ:/cc/: 0.484102634 0.515897366 0.000000000
QQ:/cc/cr: 0.999871712 0.000064144 0.000064144
QQ:/cc/rr: 0.000000000 0.999897465 0.000102535
QQ:/crc/: 0.981929557 0.018070443 0.000000000
QQ:/crc/cr: 0.998471603 0.000764199 0.000764199
QQ:/crc/rr: 0.000000000 0.999978905 0.000021095
QQ:/crrc/: 0.455550211 0.544449789 0.000000000
QQ:/crrc/cr: 0.999789410 0.000105295 0.000105295
QQ:/crrc/rr: 0.000000000 0.999811235 0.000188765
QQ:/rc/: 0.541656310 0.458343690 0.000000000
QQ:/rc/cr: 0.999952039 0.000023981 0.000023981
QQ:/rc/rr: 0.000000000 0.999969562 0.000030438
QQ:/rrc/: 0.974130413 0.025869587 0.000000000
QQ:/rrc/cr: 0.999575112 0.000212444 0.000212444
QQ:/rrc/rr: 0.000000000 0.999991537 0.000008463
