J:/c: 0.275688068 0.724311932 0.000000000
J:/crr: 0.000000000 0.999910216 0.000089784
J:/r: 0.057027309 0.122837868 0.820134824
JJ:/cc/c: 0.040784343 0.959215657 0.000000000
JJ:/cc/crr: 0.000000000 0.999581043 0.000418957
JJ:/cc/r: 0.999915845 0.000061373 0.000022783
JJ:/crc/c: 0.999910216 0.000089784 0.000000000
JJ:/crc/crr: 0.000000000 0.999955104 0.000044896
JJ:/crc/r: 0.999386469 0.000553675 0.000059856
JJ:/crrc/c: 0.999955104 0.000044896 0.000000000
JJ:/crrc/crr: 0.000000000 0.999977551 0.000022449
JJ:/crrc/r: 0.999940138 0.000029931 0.000029931
JJ:/rc/c: 0.999865663 0.000134337 0.000000000
JJ:/rc/crr: 0.000000000 0.999932823 0.000067177
JJ:/rc/r: 0.999724989 0.000185453 0.000089558
JJ:/rrc/c: 0.999710636 0.000289364 0.000000000
JJ:/rrc/crr: 0.000000000 0.999855276 0.000144724
JJ:/rrc/r: 0.998567896 0.001239195 0.000192909
JK:/cc/c: 0.006742714 0.993257286 0.000000000
JK:/cc/crr: 0.000000000 0.002534126 0.997465874
JK:/cc/r: 0.000060910 0.000022783 0.999916308
JK:/crc/c: 0.589107183 0.410892817 0.000000000
JK:/crc/crr: 0.000000000 0.000076204 0.999923796
JK:/crc/r: 0.071239330 0.000059856 0.928700814
JK:/crrc/c: 0.537771752 0.462228248 0.000000000
JK:/crrc/crr: 0.000000000 0.000041743 0.999958257
JK:/crrc/r: 0.210246381 0.000029931 0.789723688
JK:/rc/c: 0.401706964 0.598293036 0.000000000
JK:/rc/crr: 0.000000000 0.000167207 0.999832793
JK:/rc/r: 0.351304330 0.000089833 0.648605837
JK:/rrc/c: 0.999710636 0.000289364 0.000000000
JK:/rrc/crr: 0.000000000 0.000144724 0.999855276
JK:/rrc/r: 0.321550126 0.000451154 0.677998720
JQ:/cc/c: 0.067551942 0.932448058 0.000000000
JQ:/cc/crr: 0.000000000 0.000252944 0.999747056
JQ:/cc/r: 0.037452014 0.000022783 0.962525203
JQ:/crc/c: 0.653120292 0.346879708 0.000000000
JQ:/crc/crr: 0.000000000 0.000068735 0.999931265
JQ:/crc/r: 0.000059856 0.000059856 0.999880288
JQ:/crrc/c: 0.078527808 0.921472192 0.000000000
JQ:/crrc/crr: 0.000000000 0.000285862 0.999714138
JQ:/crrc/r: 0.276768503 0.000349754 0.722881744
JQ:/rc/c: 0.956155223 0.043844777 0.000000000
JQ:/rc/crr: 0.000000000 0.000070248 0.999929752
JQ:/rc/r: 0.000089558 0.000089558 0.999820884
JQ:/rrc/c: 0.019441819 0.980558181 0.000000000
JQ:/rrc/crr: 0.000000000 0.007441793 0.992558207
JQ:/rrc/r: 0.361439951 0.000386346 0.638173703
K:/c: 0.999747894 0.000252106 0.000000000
K:/crr: 0.000000000 0.999975241 0.000024759
K:/r: 0.606053799 0.393913198 0.000033003
KJ:/cc/c: 0.509628814 0.490371186 0.000000000
KJ:/cc/crr: 0.000000000 0.903672115 0.096327885
KJ:/cc/r: 0.335756921 0.136562828 0.527680251
KJ:/crc/c: 0.091358040 0.908641960 0.000000000
KJ:/crc/crr: 0.000000000 0.999864496 0.000135504
KJ:/crc/r: 0.000350470 0.802365956 0.197283574
KJ:/crrc/c: 0.276868708 0.723131292 0.000000000
KJ:/crrc/crr: 0.000000000 0.853419659 0.146580341
KJ:/crrc/r: 0.149979582 0.686083301 0.163937118
KJ:/rc/c: 0.424709188 0.575290812 0.000000000
KJ:/rc/crr: 0.000000000 0.839353875 0.160646125
KJ:/rc/r: 0.029314650 0.742657285 0.228028065
KJ:/rrc/c: 0.439405316 0.560594684 0.000000000
KJ:/rrc/crr: 0.000000000 0.971365969 0.028634031
KJ:/rrc/r: 0.041399384 0.914806428 0.043794188
KK:/cc/c: 0.901817069 0.098182931 0.000000000
KK:/cc/crr: 0.000000000 0.945563832 0.054436168
KK:/cc/r: 0.755776364 0.178768348 0.065455288
KK:/crc/c: 0.999773735 0.000226265 0.000000000
KK:/crc/crr: 0.000000000 0.999987618 0.000012382
KK:/crc/r: 0.362831932 0.637151563 0.000016506
KK:/crrc/c: 0.999987620 0.000012380 0.000000000
KK:/crrc/crr: 0.000000000 0.999993810 0.000006190
KK:/crrc/r: 0.925182134 0.074809613 0.000008253
KK:/rc/c: 0.999958108 0.000041892 0.000000000
KK:/rc/crr: 0.000000000 0.999979053 0.000020947
KK:/rc/r: 0.999900784 0.000071288 0.000027928
KK:/rrc/c: 0.999972772 0.000027228 0.000000000
KK:/rrc/crr: 0.000000000 0.999986386 0.000013614
KK:/rrc/r: 0.999894666 0.000087182 0.000018152
KQ:/cc/c: 0.509628814 0.490371186 0.000000000
KQ:/cc/crr: 0.000000000 0.903672115 0.096327885
KQ:/cc/r: 0.379648645 0.489720335 0.130631020
KQ:/crc/c: 0.239084939 0.760915061 0.000000000
KQ:/crc/crr: 0.000000000 0.013757723 0.986242277
KQ:/crc/r: 0.000618685 0.454011358 0.545369956
KQ:/crrc/c: 0.573313812 0.426686188 0.000000000
KQ:/crrc/crr: 0.000000000 0.553132614 0.446867386
KQ:/crrc/r: 0.000149859 0.674663995 0.325186147
KQ:/rc/c: 0.025585954 0.974414046 0.000000000
KQ:/rc/crr: 0.000000000 0.017173991 0.982826009
KQ:/rc/r: 0.000138659 0.331472557 0.668388784
KQ:/rrc/c: 0.536879321 0.463120679 0.000000000
KQ:/rrc/crr: 0.000000000 0.462918923 0.537081077
KQ:/rrc/r: 0.097294377 0.529178456 0.373527167
Q:/c: 0.847184149 0.152815851 0.000000000
Q:/crr: 0.000000000 0.999970783 0.000029217
Q:/r: 0.392954103 0.596724018 0.010321879
QJ:/cc/c: 0.002420582 0.997579418 0.000000000
QJ:/cc/crr: 0.000000000 0.033458032 0.966541968
QJ:/cc/r: 0.000277769 0.000107984 0.999614247
QJ:/crc/c: 0.402796741 0.597203259 0.000000000
QJ:/crc/crr: 0.000000000 0.001273066 0.998726934
QJ:/crc/r: 0.000698306 0.000019478 0.999282216
QJ:/crrc/c: 0.000373994 0.999626006 0.000000000
QJ:/crrc/crr: 0.000000000 0.019531191 0.980468809
QJ:/crrc/r: 0.006033665 0.000009739 0.993956595
QJ:/rc/c: 0.001402690 0.998597310 0.000000000
QJ:/rc/crr: 0.000000000 0.009857395 0.990142605
QJ:/rc/r: 0.020377496 0.000018436 0.979604069
QJ:/rrc/c: 0.001494911 0.998505089 0.000000000
QJ:/rrc/crr: 0.000000000 0.265675792 0.734324208
QJ:/rrc/r: 0.000425893 0.000055669 0.999518438
QK:/cc/c: 0.046754101 0.953245899 0.000000000
QK:/cc/crr: 0.000000000 0.998267790 0.001732210
QK:/cc/r: 0.001346154 0.741466806 0.257187040
QK:/crc/c: 0.312016228 0.687983772 0.000000000
QK:/crc/crr: 0.000000000 0.052697361 0.947302639
QK:/crc/r: 0.001540024 0.429170001 0.569289975
QK:/crrc/c: 0.165589233 0.834410767 0.000000000
QK:/crrc/crr: 0.000000000 0.009224653 0.990775347
QK:/crrc/r: 0.000154674 0.290832232 0.709013094
QK:/rc/c: 0.327124812 0.672875188 0.000000000
QK:/rc/crr: 0.000000000 0.020647487 0.979352513
QK:/rc/r: 0.000058603 0.282125617 0.717815780
QK:/rrc/c: 0.438608111 0.561391889 0.000000000
QK:/rrc/crr: 0.000000000 0.082374364 0.917625636
QK:/rrc/r: 0.000406575 0.529073665 0.470519760
QQ:/cc/c: 0.999838024 0.000161976 0.000000000
QQ:/cc/crr: 0.000000000 0.999918999 0.000081001
QQ:/cc/r: 0.999633676 0.000258340 0.000107984
QQ:/crc/c: 0.999970783 0.000029217 0.000000000
QQ:/crc/crr: 0.000000000 0.999985391 0.000014609
QQ:/crc/r: 0.996596951 0.003383571 0.000019478
QQ:/crrc/c: 0.999985391 0.000014609 0.000000000
QQ:/crrc/crr: 0.000000000 0.999992695 0.000007305
QQ:/crrc/r: 0.999980521 0.000009739 0.000009739
QQ:/rc/c: 0.999972346 0.000027654 0.000000000
QQ:/rc/crr: 0.000000000 0.999986173 0.000013827
QQ:/rc/r: 0.051198876 0.948782688 0.000018436
QQ:/rrc/c: 0.999958006 0.000041994 0.000000000
QQ:/rrc/crr: 0.000000000 0.999979002 0.000020998
QQ:/rrc/r: 0.999784949 0.000187055 0.000027996
