J:/c: 0.253623807 0.746376193 0.000000000
J:/crr: 0.000000000 0.999999998 0.000000002
J:/r: 0.066385159 0.190054759 0.743560082
JJ:/cc/c: 0.999999994 0.000000006 0.000000000
JJ:/cc/crr: 0.000000000 0.999999998 0.000000002
JJ:/cc/r: 0.999999985 0.000000012 0.000000003
JJ:/crc/c: 0.999999984 0.000000016 0.000000000
JJ:/crc/crr: 0.000000000 0.999999996 0.000000004
JJ:/crc/r: 0.583333328 0.416666667 0.000000006
JJ:/crrc/c: 0.999999993 0.000000007 0.000000000
JJ:/crrc/crr: 0.000000000 0.999999998 0.000000002
JJ:/crrc/r: 0.999999917 0.000000080 0.000000003
JJ:/rc/c: 0.999999975 0.000000025 0.000000000
JJ:/rc/crr: 0.000000000 0.999999994 0.000000006
JJ:/rc/r: 0.999999974 0.000000016 0.000000010
JJ:/rrc/c: 0.999999943 0.000000057 0.000000000
JJ:/rrc/crr: 0.000000000 0.999999986 0.000000014
JJ:/rrc/r: 0.999999530 0.000000447 0.000000022
JK:/cc/c: 0.006031464 0.993968536 0.000000000
JK:/cc/crr: 0.000000000 0.000000592 0.999999408
JK:/cc/r: 0.000000873 0.000000007 0.999999120
JK:/crc/c: 0.502897072 0.497102928 0.000000000
JK:/crc/crr: 0.000000000 0.000000132 0.999999868
JK:/crc/r: 0.018531493 0.000000181 0.981468326
JK:/crrc/c: 0.338136031 0.661863969 0.000000000
JK:/crrc/crr: 0.000000000 0.000000435 0.999999565
JK:/crrc/r: 0.264998132 0.000000106 0.735001763
JK:/rc/c: 0.335467994 0.664532006 0.000000000
JK:/rc/crr: 0.000000000 0.000000032 0.999999968
JK:/rc/r: 0.438358964 0.000000015 0.561641021
JK:/rrc/c: 0.999998729 0.000001271 0.000000000
JK:/rrc/crr: 0.000000000 0.000000178 0.999999822
JK:/rrc/r: 0.367279100 0.000000216 0.632720684
JQ:/cc/c: 0.057820018 0.942179982 0.000000000
JQ:/cc/crr: 0.000000000 0.000000000 1.000000000
JQ:/cc/r: 0.047201181 0.000000000 0.952798819
JQ:/crc/c: 0.340100716 0.659899284 0.000000000
JQ:/crc/crr: 0.000000000 0.000005377 0.999994623
JQ:/crc/r: 0.166080097 0.000000045 0.833919858
JQ:/crrc/c: 0.029001303 0.970998697 0.000000000
JQ:/crrc/crr: 0.000000000 0.000001165 0.999998835
JQ:/crrc/r: 0.194455141 0.000000021 0.805544838
JQ:/rc/c: 0.999972848 0.000027152 0.000000000
JQ:/rc/crr: 0.000000000 0.000000000 1.000000000
JQ:/rc/r: 0.000000043 0.000000053 0.999999904
JQ:/rrc/c: 0.000008191 0.999991809 0.000000000
JQ:/rrc/crr: 0.000000000 0.028469846 0.971530154
JQ:/rrc/r: 0.503045749 0.000000200 0.496954051
K:/c: 0.999997471 0.000002529 0.000000000
K:/crr: 0.000000000 0.999999999 0.000000001
K:/r: 0.527122645 0.472877355 0.000000001
KJ:/cc/c: 0.010136738 0.989863262 0.000000000
KJ:/cc/crr: 0.000000000 0.978471422 0.021528578
KJ:/cc/r: 0.013003958 0.009742816 0.977253226
KJ:/crc/c: 0.112645224 0.887354776 0.000000000
KJ:/crc/crr: 0.000000000 0.999999993 0.000000007
KJ:/crc/r: 0.000000140 0.822718132 0.177281729
KJ:/crrc/c: 0.274457784 0.725542216 0.000000000
KJ:/crrc/crr: 0.000000000 0.751426527 0.248573473
KJ:/crrc/r: 0.043621090 0.839756612 0.116622297
KJ:/rc/c: 0.351229677 0.648770323 0.000000000
KJ:/rc/crr: 0.000000000 0.809144961 0.190855039
KJ:/rc/r: 0.022533066 0.811764185 0.165702749
KJ:/rrc/c: 0.424653358 0.575346642 0.000000000
KJ:/rrc/crr: 0.000000000 0.999981245 0.000018755
KJ:/rrc/r: 0.035030402 0.918189596 0.046780002
KK:/cc/c: 0.993041981 0.006958019 0.000000000
KK:/cc/crr: 0.000000000 0.998316487 0.001683513
KK:/cc/r: 0.997584906 0.002085118 0.000329975
KK:/crc/c: 0.999999796 0.000000204 0.000000000
KK:/crc/crr: 0.000000000 0.999999969 0.000000031
KK:/crc/r: 0.705882328 0.294117655 0.000000016
KK:/crrc/c: 0.999999993 0.000000007 0.000000000
KK:/crrc/crr: 0.000000000 0.999999998 0.000000002
KK:/crrc/r: 0.999992940 0.000007057 0.000000003
KK:/rc/c: 0.999999970 0.000000030 0.000000000
KK:/rc/crr: 0.000000000 0.999999993 0.000000007
KK:/rc/r: 0.999999968 0.000000020 0.000000012
KK:/rrc/c: 0.999999906 0.000000094 0.000000000
KK:/rrc/crr: 0.000000000 0.999999986 0.000000014
KK:/rrc/r: 0.953267041 0.046732942 0.000000017
KQ:/cc/c: 0.003770046 0.996229954 0.000000000
KQ:/cc/crr: 0.000000000 0.836782948 0.163217052
KQ:/cc/r: 0.019452047 0.977513822 0.003034131
KQ:/crc/c: 0.299310953 0.700689047 0.000000000
KQ:/crc/crr: 0.000000000 0.084141789 0.915858211
KQ:/crc/r: 0.000000021 0.549442593 0.450557386
KQ:/crrc/c: 0.566326428 0.433673572 0.000000000
KQ:/crrc/crr: 0.000000000 0.518841178 0.481158822
KQ:/crrc/r: 0.000005493 0.840045963 0.159948544
KQ:/rc/c: 0.000023227 0.999976773 0.000000000
KQ:/rc/crr: 0.000000000 0.014075863 0.985924137
KQ:/rc/r: 0.000000209 0.417420543 0.582579248
KQ:/rrc/c: 0.459560369 0.540439631 0.000000000
KQ:/rrc/crr: 0.000000000 0.581740164 0.418259836
KQ:/rrc/r: 0.081680555 0.643506815 0.274812631
Q:/c: 0.819246861 0.180753139 0.000000000
Q:/crr: 0.000000000 0.999999981 0.000000019
Q:/r: 0.321162899 0.678836982 0.000000119
QJ:/cc/c: 0.000000402 0.999999598 0.000000000
QJ:/cc/crr: 0.000000000 0.146358084 0.853641916
QJ:/cc/r: 0.000000184 0.000000230 0.999999586
QJ:/crc/c: 0.476329176 0.523670824 0.000000000
QJ:/crc/crr: 0.000000000 0.002503923 0.997496077
QJ:/crc/r: 0.000000091 0.000000015 0.999999894
QJ:/crrc/c: 0.000000078 0.999999922 0.000000000
QJ:/crrc/crr: 0.000000000 0.302575965 0.697424035
QJ:/crrc/r: 0.024669219 0.000000000 0.975330781
QJ:/rc/c: 0.000000452 0.999999548 0.000000000
QJ:/rc/crr: 0.000000000 0.004228179 0.995771821
QJ:/rc/r: 0.024967590 0.000000018 0.975032391
QJ:/rrc/c: 0.000000276 0.999999724 0.000000000
QJ:/rrc/crr: 0.000000000 0.142837079 0.857162921
QJ:/rrc/r: 0.000000084 0.000000028 0.999999888
QK:/cc/c: 0.127477393 0.872522607 0.000000000
QK:/cc/crr: 0.000000000 0.999999976 0.000000024
QK:/cc/r: 0.000000160 0.815855502 0.184144338
QK:/crc/c: 0.221515696 0.778484304 0.000000000
QK:/crc/crr: 0.000000000 0.000025665 0.999974335
QK:/crc/r: 0.000000271 0.573773928 0.426225801
QK:/crrc/c: 0.139545702 0.860454298 0.000000000
QK:/crrc/crr: 0.000000000 0.000007533 0.999992467
QK:/crrc/r: 0.000000474 0.393486537 0.606512989
QK:/rc/c: 0.320710790 0.679289210 0.000000000
QK:/rc/crr: 0.000000000 0.000015322 0.999984678
QK:/rc/r: 0.000000024 0.418162197 0.581837779
QK:/rrc/c: 0.372579994 0.627420006 0.000000000
QK:/rrc/crr: 0.000000000 0.105297297 0.894702703
QK:/rrc/r: 0.000000057 0.636841315 0.363158629
QQ:/cc/c: 0.999999983 0.000000017 0.000000000
QQ:/cc/crr: 0.000000000 0.999999996 0.000000004
QQ:/cc/r: 0.999999742 0.000000162 0.000000095
QQ:/crc/c: 0.999999964 0.000000036 0.000000000
QQ:/crc/crr: 0.000000000 0.999999994 0.000000006
QQ:/crc/r: 0.999999963 0.000000027 0.000000010
QQ:/crrc/c: 0.999999993 0.000000007 0.000000000
QQ:/crrc/crr: 0.000000000 0.999999998 0.000000002
QQ:/crrc/r: 0.999999956 0.000000041 0.000000003
QQ:/rc/c: 0.999999986 0.000000014 0.000000000
QQ:/rc/crr: 0.000000000 0.999999998 0.000000002
QQ:/rc/r: 0.999999980 0.000000012 0.000000008
QQ:/rrc/c: 0.999999925 0.000000075 0.000000000
QQ:/rrc/crr: 0.000000000 0.999999982 0.000000018
QQ:/rrc/r: 0.999999775 0.000000196 0.000000028
