J:/c: 0.285744569 0.714255431 0.000000000
J:/crr: 0.000000000 0.999913376 0.000086624
J:/r: 0.059289704 0.186649388 0.754060908
JJ:/cc/c: 0.999965345 0.000034655 0.000000000
JJ:/cc/crr: 0.000000000 0.999982672 0.000017328
JJ:/cc/r: 0.999914445 0.000062452 0.000023103
JJ:/crc/c: 0.999913376 0.000086624 0.000000000
JJ:/crc/crr: 0.000000000 0.999956684 0.000043316
JJ:/crc/r: 0.999865495 0.000076755 0.000057750
JJ:/crrc/c: 0.999956684 0.000043316 0.000000000
JJ:/crrc/crr: 0.000000000 0.999978341 0.000021659
JJ:/crrc/r: 0.999942245 0.000028877 0.000028877
JJ:/rc/c: 0.999911590 0.000088410 0.000000000
JJ:/rc/crr: 0.000000000 0.999955791 0.000044209
JJ:/rc/r: 0.999820863 0.000120197 0.000058940
JJ:/rrc/c: 0.999721678 0.000278322 0.000000000
JJ:/rrc/crr: 0.000000000 0.999860800 0.000139200
JJ:/rrc/r: 0.998632055 0.001182397 0.000185548
JK:/cc/c: 0.004565230 0.995434770 0.000000000
JK:/cc/crr: 0.000000000 0.003795530 0.996204470
JK:/cc/r: 0.000062873 0.000023103 0.999914024
JK:/crc/c: 0.541896350 0.458103650 0.000000000
JK:/crc/crr: 0.000000000 0.000079927 0.999920073
JK:/crc/r: 0.023079663 0.000057750 0.976862587
JK:/crrc/c: 0.531082878 0.468917122 0.000000000
JK:/crrc/crr: 0.000000000 0.000040781 0.999959219
JK:/crrc/r: 0.214827228 0.000029476 0.785143296
JK:/rc/c: 0.219768111 0.780231889 0.000000000
JK:/rc/crr: 0.000000000 0.000201144 0.999798856
JK:/rc/r: 0.194426963 0.000058959 0.805514078
JK:/rrc/c: 0.999721678 0.000278322 0.000000000
JK:/rrc/crr: 0.000000000 0.000139200 0.999860800
JK:/rrc/r: 0.413933857 0.000404006 0.585662137
JQ:/cc/c: 0.069921238 0.930078762 0.000000000
JQ:/cc/crr: 0.000000000 0.000247814 0.999752186
JQ:/cc/r: 0.037967408 0.000023103 0.962009488
JQ:/crc/c: 0.372899174 0.627100826 0.000000000
JQ:/crc/crr: 0.000000000 0.000116150 0.999883850
JQ:/crc/r: 0.009024553 0.000057750 0.990917698
JQ:/crrc/c: 0.053824802 0.946175198 0.000000000
JQ:/crrc/crr: 0.000000000 0.000402379 0.999597621
JQ:/crrc/r: 0.202536663 0.000028877 0.797434460
JQ:/rc/c: 0.578816321 0.421183679 0.000000000
JQ:/rc/crr: 0.000000000 0.000076371 0.999923629
JQ:/rc/r: 0.000063099 0.000058940 0.999877961
JQ:/rrc/c: 0.087354030 0.912645970 0.000000000
JQ:/rrc/crr: 0.000000000 0.001593071 0.998406929
JQ:/rrc/r: 0.568454999 0.000405070 0.431139931
K:/c: 0.999100971 0.000899029 0.000000000
K:/crr: 0.000000000 0.999975225 0.000024775
K:/r: 0.659092866 0.340874131 0.000033003
KJ:/cc/c: 0.142464218 0.857535782 0.000000000
KJ:/cc/crr: 0.000000000 0.903370660 0.096629340
KJ:/cc/r: 0.096520576 0.037829604 0.865649819
KJ:/crc/c: 0.171376343 0.828623657 0.000000000
KJ:/crc/crr: 0.000000000 0.999927718 0.000072282
KJ:/crc/r: 0.000404737 0.726012030 0.273583233
KJ:/crrc/c: 0.597039842 0.402960158 0.000000000
KJ:/crrc/crr: 0.000000000 0.974010472 0.025989528
KJ:/crrc/r: 0.341368681 0.569468484 0.089162835
KJ:/rc/c: 0.794116097 0.205883903 0.000000000
KJ:/rc/crr: 0.000000000 0.626739002 0.373260998
KJ:/rc/r: 0.000576448 0.922499055 0.076924497
KJ:/rrc/c: 0.105174640 0.894825360 0.000000000
KJ:/rrc/crr: 0.000000000 0.999880975 0.000119025
KJ:/rrc/r: 0.035610806 0.903299280 0.061089914
KK:/cc/c: 0.972467553 0.027532447 0.000000000
KK:/cc/crr: 0.000000000 0.985844028 0.014155972
KK:/cc/r: 0.932028445 0.049616590 0.018354965
KK:/crc/c: 0.999975225 0.000024775 0.000000000
KK:/crc/crr: 0.000000000 0.999987612 0.000012388
KK:/crc/r: 0.638617035 0.361366448 0.000016516
KK:/crrc/c: 0.999987612 0.000012388 0.000000000
KK:/crrc/crr: 0.000000000 0.999993806 0.000006194
KK:/crrc/r: 0.999983483 0.000008258 0.000008258
KK:/rc/c: 0.999951590 0.000048410 0.000000000
KK:/rc/crr: 0.000000000 0.999975794 0.000024206
KK:/rc/r: 0.999884519 0.000083208 0.000032273
KK:/rrc/c: 0.999974963 0.000025037 0.000000000
KK:/rrc/crr: 0.000000000 0.999987481 0.000012519
KK:/rrc/r: 0.999902372 0.000080937 0.000016691
KQ:/cc/c: 0.142464218 0.857535782 0.000000000
KQ:/cc/crr: 0.000000000 0.903370660 0.096629340
KQ:/cc/r: 0.096781968 0.868063242 0.035154790
KQ:/crc/c: 0.238958865 0.761041135 0.000000000
KQ:/crc/crr: 0.000000000 0.040127191 0.959872809
KQ:/crc/r: 0.000649077 0.436561952 0.562788972
KQ:/crrc/c: 0.624026684 0.375973316 0.000000000
KQ:/crrc/crr: 0.000000000 0.423085735 0.576914265
KQ:/crrc/r: 0.000033568 0.761601924 0.238364508
KQ:/rc/c: 0.012485982 0.987514018 0.000000000
KQ:/rc/crr: 0.000000000 0.033087169 0.966912831
KQ:/rc/r: 0.000166348 0.328876030 0.670957622
KQ:/rrc/c: 0.507404877 0.492595123 0.000000000
KQ:/rrc/crr: 0.000000000 0.429994066 0.570005934
KQ:/rrc/r: 0.042802801 0.581965456 0.375231743
Q:/c: 0.852871706 0.147128294 0.000000000
Q:/crr: 0.000000000 0.999970977 0.000029023
Q:/r: 0.455566412 0.543869628 0.000563960
QJ:/cc/c: 0.003061297 0.996938703 0.000000000
QJ:/cc/crr: 0.000000000 0.027478118 0.972521882
QJ:/cc/r: 0.000305225 0.000112158 0.999582617
QJ:/crc/c: 0.405763084 0.594236916 0.000000000
QJ:/crc/crr: 0.000000000 0.001331238 0.998668762
QJ:/crc/r: 0.000462370 0.000019348 0.999518282
QJ:/crrc/c: 0.000234540 0.999765460 0.000000000
QJ:/crrc/crr: 0.000000000 0.030936521 0.969063479
QJ:/crrc/r: 0.009989299 0.000009674 0.990001026
QJ:/rc/c: 0.005916269 0.994083731 0.000000000
QJ:/rc/crr: 0.000000000 0.002564216 0.997435784
QJ:/rc/r: 0.032578339 0.000020227 0.967401434
QJ:/rrc/c: 0.001042345 0.998957655 0.000000000
QJ:/rrc/crr: 0.000000000 0.364578731 0.635421269
QJ:/rrc/r: 0.000368074 0.000049796 0.999582130
QK:/cc/c: 0.028410244 0.971589756 0.000000000
QK:/cc/crr: 0.000000000 0.997039143 0.002960857
QK:/cc/r: 0.001268105 0.746913194 0.251818701
QK:/crc/c: 0.371322973 0.628677027 0.000000000
QK:/crc/crr: 0.000000000 0.028518074 0.971481926
QK:/crc/r: 0.011293364 0.524429992 0.464276643
QK:/crrc/c: 0.299360316 0.700639684 0.000000000
QK:/crrc/crr: 0.000000000 0.007947797 0.992052203
QK:/crrc/r: 0.000322445 0.339303415 0.660374140
QK:/rc/c: 0.361570140 0.638429860 0.000000000
QK:/rc/crr: 0.000000000 0.044496986 0.955503014
QK:/rc/r: 0.000074788 0.334825507 0.665099706
QK:/rrc/c: 0.425064115 0.574935885 0.000000000
QK:/rrc/crr: 0.000000000 0.075722949 0.924277051
QK:/rrc/r: 0.001168723 0.484031763 0.514799514
QQ:/cc/c: 0.999831763 0.000168237 0.000000000
QQ:/cc/crr: 0.000000000 0.999915867 0.000084133
QQ:/cc/r: 0.999584659 0.000303183 0.000112158
QQ:/crc/c: 0.999970977 0.000029023 0.000000000
QQ:/crc/crr: 0.000000000 0.999985488 0.000014512
QQ:/crc/r: 0.640906808 0.359073844 0.000019348
QQ:/crrc/c: 0.999985488 0.000014512 0.000000000
QQ:/crrc/crr: 0.000000000 0.999992744 0.000007256
QQ:/crrc/r: 0.999980651 0.000009674 0.000009674
QQ:/rc/c: 0.999969659 0.000030341 0.000000000
QQ:/rc/crr: 0.000000000 0.999984829 0.000015171
QQ:/rc/r: 0.999921176 0.000058597 0.000020227
QQ:/rrc/c: 0.999963778 0.000036222 0.000000000
QQ:/rrc/crr: 0.000000000 0.999981888 0.000018112
QQ:/rrc/r: 0.999821969 0.000153883 0.000024148
