J:/: 0.090725832 0.909274168 0.000000000
J:/cr: 0.016141418 0.107229578 0.876629004
J:/rr: 0.000000000 0.999727173 0.000272827
JJ:/cc/: 0.001326375 0.998673625 0.000000000
JJ:/cc/cr: 0.999981828 0.000009086 0.000009086
JJ:/cc/rr: 0.000000000 0.989738110 0.010261890
JJ:/crc/: 0.922768948 0.077231052 0.000000000
JJ:/crc/cr: 0.999269526 0.000365237 0.000365237
JJ:/crc/rr: 0.000000000 0.999954147 0.000045853
JJ:/crrc/: 0.909350381 0.090649619 0.000000000
JJ:/crrc/cr: 0.995865685 0.002067158 0.002067158
JJ:/crrc/rr: 0.000000000 0.999690900 0.000309100
JJ:/rc/: 0.828577334 0.171422666 0.000000000
JJ:/rc/cr: 0.998938969 0.000530516 0.000530516
JJ:/rc/rr: 0.000000000 0.999835364 0.000164636
JJ:/rrc/: 0.980563312 0.019436688 0.000000000
JJ:/rrc/cr: 0.995319819 0.002340091 0.002340091
JJ:/rrc/rr: 0.000000000 0.999930422 0.000069578
JK:/cc/: 0.075125669 0.924874331 0.000000000
JK:/cc/cr: 0.000283219 0.000009811 0.999706970
JK:/cc/rr: 0.000000000 0.000181178 0.999818822
JK:/crc/: 0.042656848 0.957343152 0.000000000
JK:/crc/cr: 0.017032994 0.000029464 0.982937542
JK:/crc/rr: 0.000000000 0.000991903 0.999008097
JK:/crrc/: 0.997966801 0.002033199 0.000000000
JK:/crrc/cr: 0.092163678 0.092163678 0.815672644
JK:/crrc/rr: 0.000000000 0.000281653 0.999718347
JK:/rc/: 0.918653214 0.081346786 0.000000000
JK:/rc/cr: 0.684553276 0.001117959 0.314328765
JK:/rc/rr: 0.000000000 0.000148493 0.999851507
JK:/rrc/: 0.454345769 0.545654231 0.000000000
JK:/rrc/cr: 0.597887198 0.000083356 0.402029446
JK:/rrc/rr: 0.000000000 0.000150162 0.999849838
JQ:/cc/: 0.190631740 0.809368260 0.000000000
JQ:/cc/cr: 0.000051730 0.000011211 0.999937058
JQ:/cc/rr: 0.000000000 0.000071400 0.999928600
JQ:/crc/: 0.305190284 0.694809716 0.000000000
JQ:/crc/cr: 0.000525439 0.000040598 0.999433963
JQ:/crc/rr: 0.000000000 0.000138640 0.999861360
JQ:/crrc/: 0.054477592 0.945522408 0.000000000
JQ:/crrc/cr: 0.148622664 0.000198184 0.851179153
JQ:/crrc/rr: 0.000000000 0.005159563 0.994840437
JQ:/rc/: 0.955095228 0.044904772 0.000000000
JQ:/rc/cr: 0.002025228 0.002025228 0.995949544
JQ:/rc/rr: 0.000000000 0.000142827 0.999857173
JQ:/rrc/: 0.106061513 0.893938487 0.000000000
JQ:/rrc/cr: 0.002702536 0.000050880 0.997246584
JQ:/rrc/rr: 0.000000000 0.000643263 0.999356737
K:/: 0.772934074 0.227065926 0.000000000
K:/cr: 0.770275952 0.229651374 0.000072673
K:/rr: 0.000000000 0.999967976 0.000032024
KJ:/cc/: 0.000316509 0.999683491 0.000000000
KJ:/cc/cr: 0.000262874 0.000043590 0.999693536
KJ:/cc/rr: 0.000000000 0.827792971 0.172207029
KJ:/crc/: 0.003010084 0.996989916 0.000000000
KJ:/crc/cr: 0.000493548 0.999453551 0.000052901
KJ:/crc/rr: 0.000000000 0.973717434 0.026282566
KJ:/crrc/: 0.083855950 0.916144050 0.000000000
KJ:/crrc/cr: 0.014643825 0.971472700 0.013883475
KJ:/crrc/rr: 0.000000000 0.791288770 0.208711230
KJ:/rc/: 0.063463034 0.936536966 0.000000000
KJ:/rc/cr: 0.010215135 0.924115104 0.065669760
KJ:/rc/rr: 0.000000000 0.418685740 0.581314260
KJ:/rrc/: 0.108698773 0.891301227 0.000000000
KJ:/rrc/cr: 0.006012336 0.993382618 0.000605046
KJ:/rrc/rr: 0.000000000 0.801880054 0.198119946
KK:/cc/: 0.970999743 0.029000257 0.000000000
KK:/cc/cr: 0.997494043 0.001252978 0.001252978
KK:/cc/rr: 0.000000000 0.999943867 0.000056133
KK:/crc/: 0.193406894 0.806593106 0.000000000
KK:/crc/cr: 0.999869223 0.000065388 0.000065388
KK:/crc/rr: 0.000000000 0.999590952 0.000409048
KK:/crrc/: 0.897457292 0.102542708 0.000000000
KK:/crrc/cr: 0.999693308 0.000153346 0.000153346
KK:/crrc/rr: 0.000000000 0.999973718 0.000026282
KK:/rc/: 0.905366263 0.094633737 0.000000000
KK:/rc/cr: 0.999754936 0.000132264 0.000112800
KK:/rc/rr: 0.000000000 0.999982314 0.000017686
KK:/rrc/: 0.545643653 0.454356347 0.000000000
KK:/rrc/cr: 0.999976505 0.000011747 0.000011747
KK:/rrc/rr: 0.000000000 0.999985327 0.000014673
KQ:/cc/: 0.014270375 0.985729625 0.000000000
KQ:/cc/cr: 0.000266595 0.460948931 0.538784474
KQ:/cc/rr: 0.000000000 0.996180546 0.003819454
KQ:/crc/: 0.521401865 0.478598135 0.000000000
KQ:/crc/cr: 0.001028133 0.978584219 0.020387648
KQ:/crc/rr: 0.000000000 0.000151731 0.999848269
KQ:/crrc/: 0.113931264 0.886068736 0.000000000
KQ:/crrc/cr: 0.023499370 0.663552308 0.312948322
KQ:/crrc/rr: 0.000000000 0.354641065 0.645358935
KQ:/rc/: 0.000187678 0.999812322 0.000000000
KQ:/rc/cr: 0.000221458 0.497266637 0.502511904
KQ:/rc/rr: 0.000000000 0.914683664 0.085316336
KQ:/rrc/: 0.700190006 0.299809994 0.000000000
KQ:/rrc/cr: 0.053887154 0.742970334 0.203142512
KQ:/rrc/rr: 0.000000000 0.391249362 0.608750638
Q:/: 0.766483418 0.233516582 0.000000000
Q:/cr: 0.268755503 0.730946478 0.000298019
Q:/rr: 0.000000000 0.999967706 0.000032294
QJ:/cc/: 0.000105999 0.999894001 0.000000000
QJ:/cc/cr: 0.000163048 0.000035337 0.999801616
QJ:/cc/rr: 0.000000000 0.500000000 0.500000000
QJ:/crc/: 0.104905823 0.895094177 0.000000000
QJ:/crc/cr: 0.023317344 0.000018001 0.976664655
QJ:/crc/rr: 0.000000000 0.000344835 0.999655165
QJ:/crrc/: 0.001785208 0.998214792 0.000000000
QJ:/crrc/cr: 0.001779313 0.000043901 0.998176786
QJ:/crrc/rr: 0.000000000 0.036821661 0.963178339
QJ:/rc/: 0.017071138 0.982928862 0.000000000
QJ:/rc/cr: 0.000196152 0.000010951 0.999792896
QJ:/rc/rr: 0.000000000 0.000945852 0.999054148
QJ:/rrc/: 0.000016147 0.999983853 0.000000000
QJ:/rrc/cr: 0.000034332 0.000005383 0.999960285
QJ:/rrc/rr: 0.000000000 0.500000000 0.500000000
QK:/cc/: 0.372032877 0.627967123 0.000000000
QK:/cc/cr: 0.381405244 0.618469501 0.000125255
QK:/cc/rr: 0.000000000 0.999857541 0.000142459
QK:/crc/: 0.002602640 0.997397360 0.000000000
QK:/crc/cr: 0.000016155 0.628231668 0.371752177
QK:/crc/rr: 0.000000000 0.009286456 0.990713544
QK:/crrc/: 0.598855706 0.401144294 0.000000000
QK:/crrc/cr: 0.000130430 0.661867549 0.338002022
QK:/crrc/rr: 0.000000000 0.002843173 0.997156827
QK:/rc/: 0.495585210 0.504414790 0.000000000
QK:/rc/cr: 0.028089316 0.525649544 0.446261140
QK:/rc/rr: 0.000000000 0.211233662 0.788766338
QK:/rrc/: 0.136683223 0.863316777 0.000000000
QK:/rrc/cr: 0.000006235 0.322564956 0.677428809
QK:/rrc/rr: 0.000000000 0.003622739 0.996377261
QQ:/cc/: 0.521401143 0.478598857 0.000000000
QQ:/cc/cr: 0.999852348 0.000073826 0.000073826
QQ:/cc/rr: 0.000000000 0.999898352 0.000101648
QQ:/crc/: 0.993190923 0.006809077 0.000000000
QQ:/crc/cr: 0.995267239 0.002366381 0.002366381
QQ:/crc/rr: 0.000000000 0.999975665 0.000024335
QQ:/crrc/: 0.489223436 0.510776564 0.000000000
QQ:/crrc/cr: 0.999828407 0.000085797 0.000085797
QQ:/crrc/rr: 0.000000000 0.999865635 0.000134365
QQ:/rc/: 0.570950873 0.429049127 0.000000000
QQ:/rc/cr: 0.999949822 0.000025089 0.000025089
QQ:/rc/rr: 0.000000000 0.999971719 0.000028281
QQ:/rrc/: 0.967403616 0.032596384 0.000000000
QQ:/rrc/cr: 0.999669753 0.000165124 0.000165124
QQ:/rrc/rr: 0.000000000 0.999991654 0.000008346
