J:/c: 0.268167497 0.731832503 0.000000000
J:/crr: 0.000000000 0.999885637 0.000114363
J:/r: 0.052092746 0.138933798 0.808973456
JJ:/cc/c: 0.999966177 0.000033823 0.000000000
JJ:/cc/crr: 0.000000000 0.999983088 0.000016912
JJ:/cc/r: 0.999916043 0.000061408 0.000022548
JJ:/crc/c: 0.999907698 0.000092302 0.000000000
JJ:/crc/crr: 0.000000000 0.999953845 0.000046155
JJ:/crc/r: 0.999845716 0.000092749 0.000061535
JJ:/crrc/c: 0.999953844 0.000046156 0.000000000
JJ:/crrc/crr: 0.000000000 0.999976921 0.000023079
JJ:/crrc/r: 0.999938458 0.000030771 0.000030771
JJ:/rc/c: 0.999881227 0.000118773 0.000000000
JJ:/rc/crr: 0.000000000 0.999940606 0.000059394
JJ:/rc/r: 0.999755497 0.000165321 0.000079182
JJ:/rrc/c: 0.999683226 0.000316774 0.000000000
JJ:/rrc/crr: 0.000000000 0.999841563 0.000158437
JJ:/rrc/r: 0.998432572 0.001356245 0.000211183
JK:/cc/c: 0.009560082 0.990439918 0.000000000
JK:/cc/crr: 0.000000000 0.001768949 0.998231051
JK:/cc/r: 0.000056481 0.000022548 0.999920971
JK:/crc/c: 0.566499856 0.433500144 0.000000000
JK:/crc/crr: 0.000000000 0.000081467 0.999918533
JK:/crc/r: 0.092614249 0.000061535 0.907324216
JK:/crrc/c: 0.423370674 0.576629326 0.000000000
JK:/crrc/crr: 0.000000000 0.000054511 0.999945489
JK:/crrc/r: 0.128675949 0.000032395 0.871291656
JK:/rc/c: 0.404386877 0.595613123 0.000000000
JK:/rc/crr: 0.000000000 0.000146856 0.999853144
JK:/rc/r: 0.346091388 0.000079182 0.653829429
JK:/rrc/c: 0.995682196 0.004317804 0.000000000
JK:/rrc/crr: 0.000000000 0.000159074 0.999840926
JK:/rrc/r: 0.329749369 0.000457408 0.669793223
JQ:/cc/c: 0.068025415 0.931974585 0.000000000
JQ:/cc/crr: 0.000000000 0.000248603 0.999751397
JQ:/cc/r: 0.028566660 0.000022548 0.971410792
JQ:/crc/c: 0.734378041 0.265621959 0.000000000
JQ:/crc/crr: 0.000000000 0.000062844 0.999937156
JQ:/crc/r: 0.000061535 0.000061535 0.999876930
JQ:/crrc/c: 0.063765571 0.936234429 0.000000000
JQ:/crrc/crr: 0.000000000 0.000361923 0.999638077
JQ:/crrc/r: 0.325992633 0.000131168 0.673876199
JQ:/rc/c: 0.979498363 0.020501637 0.000000000
JQ:/rc/crr: 0.000000000 0.000060630 0.999939370
JQ:/rc/r: 0.000083696 0.000079182 0.999837122
JQ:/rrc/c: 0.154694717 0.845305283 0.000000000
JQ:/rrc/crr: 0.000000000 0.001023870 0.998976130
JQ:/rrc/r: 0.429327337 0.000461637 0.570211025
K:/c: 0.999767939 0.000232061 0.000000000
K:/crr: 0.000000000 0.999975242 0.000024758
K:/r: 0.536152299 0.463814697 0.000033003
KJ:/cc/c: 0.335473297 0.664526703 0.000000000
KJ:/cc/crr: 0.000000000 0.841025153 0.158974847
KJ:/cc/r: 0.364070590 0.145118738 0.490810672
KJ:/crc/c: 0.043279180 0.956720820 0.000000000
KJ:/crc/crr: 0.000000000 0.999713971 0.000286029
KJ:/crc/r: 0.000475340 0.836335760 0.163188900
KJ:/crrc/c: 0.205724178 0.794275822 0.000000000
KJ:/crrc/crr: 0.000000000 0.875667752 0.124332248
KJ:/crrc/r: 0.080367857 0.803696155 0.115935987
KJ:/rc/c: 0.431958365 0.568041635 0.000000000
KJ:/rc/crr: 0.000000000 0.827593645 0.172406355
KJ:/rc/r: 0.043446981 0.717963632 0.238589387
KJ:/rrc/c: 0.095579491 0.904420509 0.000000000
KJ:/rrc/crr: 0.000000000 0.961417369 0.038582631
KJ:/rrc/r: 0.045548193 0.874033161 0.080418646
KK:/cc/c: 0.893336368 0.106663632 0.000000000
KK:/cc/crr: 0.000000000 0.940300409 0.059699591
KK:/cc/r: 0.735232118 0.193658793 0.071109088
KK:/crc/c: 0.999975242 0.000024758 0.000000000
KK:/crc/crr: 0.000000000 0.999987621 0.000012379
KK:/crc/r: 0.634514234 0.365469261 0.000016505
KK:/crrc/c: 0.999987621 0.000012379 0.000000000
KK:/crrc/crr: 0.000000000 0.999993810 0.000006190
KK:/crrc/r: 0.999983494 0.000008253 0.000008253
KK:/rc/c: 0.999964422 0.000035578 0.000000000
KK:/rc/crr: 0.000000000 0.999982210 0.000017790
KK:/rc/r: 0.999915690 0.000060591 0.000023719
KK:/rrc/c: 0.999969222 0.000030778 0.000000000
KK:/rrc/crr: 0.000000000 0.999984611 0.000015389
KK:/rrc/r: 0.999876867 0.000102614 0.000020519
KQ:/cc/c: 0.335473297 0.664526703 0.000000000
KQ:/cc/crr: 0.000000000 0.841025153 0.158974847
KQ:/cc/r: 0.364070590 0.490118302 0.145811107
KQ:/crc/c: 0.024878741 0.975121259 0.000000000
KQ:/crc/crr: 0.000000000 0.212532355 0.787467645
KQ:/crc/r: 0.000594904 0.463483981 0.535921115
KQ:/crrc/c: 0.586613259 0.413386741 0.000000000
KQ:/crrc/crr: 0.000000000 0.396524501 0.603475499
KQ:/crrc/r: 0.000008263 0.634574615 0.365417122
KQ:/rc/c: 0.028714036 0.971285964 0.000000000
KQ:/rc/crr: 0.000000000 0.005658176 0.994341824
KQ:/rc/r: 0.000316866 0.327228039 0.672455095
KQ:/rrc/c: 0.419176359 0.580823641 0.000000000
KQ:/rrc/crr: 0.000000000 0.456800760 0.543199240
KQ:/rrc/r: 0.048188038 0.596140796 0.355671166
Q:/c: 0.837457838 0.162542162 0.000000000
Q:/crr: 0.000000000 0.999970443 0.000029557
Q:/r: 0.307495205 0.691616204 0.000888591
QJ:/cc/c: 0.004380575 0.995619425 0.000000000
QJ:/cc/crr: 0.000000000 0.017381669 0.982618331
QJ:/cc/r: 0.000254300 0.000101522 0.999644178
QJ:/crc/c: 0.321546551 0.678453449 0.000000000
QJ:/crc/crr: 0.000000000 0.047387445 0.952612555
QJ:/crc/r: 0.000599301 0.000019704 0.999380994
QJ:/crrc/c: 0.000450381 0.999549619 0.000000000
QJ:/crrc/crr: 0.000000000 0.016406963 0.983593037
QJ:/crrc/r: 0.009900272 0.000009853 0.990089875
QJ:/rc/c: 0.000371244 0.999628756 0.000000000
QJ:/rc/crr: 0.000000000 0.032134556 0.967865444
QJ:/rc/r: 0.015684872 0.000016058 0.984299071
QJ:/rrc/c: 0.001814853 0.998185147 0.000000000
QJ:/rrc/crr: 0.000000000 0.014784875 0.985215125
QJ:/rrc/r: 0.000543108 0.000074262 0.999382630
QK:/cc/c: 0.050316734 0.949683266 0.000000000
QK:/cc/crr: 0.000000000 0.998486752 0.001513248
QK:/cc/r: 0.000535238 0.727008047 0.272456715
QK:/crc/c: 0.417133403 0.582866597 0.000000000
QK:/crc/crr: 0.000000000 0.041307048 0.958692952
QK:/crc/r: 0.011347113 0.498221919 0.490430968
QK:/crrc/c: 0.003720567 0.996279433 0.000000000
QK:/crrc/crr: 0.000000000 0.998013908 0.001986092
QK:/crrc/r: 0.000192819 0.333267885 0.666539296
QK:/rc/c: 0.370955376 0.629044624 0.000000000
QK:/rc/crr: 0.000000000 0.013414751 0.986585249
QK:/rc/r: 0.000048154 0.332247897 0.667703949
QK:/rrc/c: 0.429084564 0.570915436 0.000000000
QK:/rrc/crr: 0.000000000 0.004175356 0.995824644
QK:/rrc/r: 0.000616589 0.479790942 0.519592469
QQ:/cc/c: 0.999847717 0.000152283 0.000000000
QQ:/cc/crr: 0.000000000 0.999923847 0.000076153
QQ:/cc/r: 0.999621992 0.000276486 0.000101522
QQ:/crc/c: 0.999970443 0.000029557 0.000000000
QQ:/crc/crr: 0.000000000 0.999985221 0.000014779
QQ:/crc/r: 0.638005236 0.361975060 0.000019704
QQ:/crrc/c: 0.999985221 0.000014779 0.000000000
QQ:/crrc/crr: 0.000000000 0.999992611 0.000007389
QQ:/crrc/r: 0.999980295 0.000009853 0.000009853
QQ:/rc/c: 0.999976140 0.000023860 0.000000000
QQ:/rc/crr: 0.000000000 0.999988070 0.000011930
QQ:/rc/r: 0.999940245 0.000043849 0.000015906
QQ:/rrc/c: 0.999946335 0.000053665 0.000000000
QQ:/rrc/crr: 0.000000000 0.999973166 0.000026834
QQ:/rrc/r: 0.999734462 0.000229761 0.000035776
