J:/: 0.072754601 0.927245399 0.000000000
J:/cr: 0.018335176 0.041960216 0.939704607
J:/rr: 0.000000000 0.999659781 0.000340219
JJ:/cc/: 0.001508940 0.998491060 0.000000000
JJ:/cc/cr: 0.999982177 0.000008912 0.000008912
JJ:/cc/rr: 0.000000000 0.991154509 0.008845491
JJ:/crc/: 0.940933577 0.059066423 0.000000000
JJ:/crc/cr: 0.997606502 0.001196749 0.001196749
JJ:/crc/rr: 0.000000000 0.999887312 0.000112688
JJ:/crrc/: 0.995012793 0.004987207 0.000000000
JJ:/crrc/cr: 0.935126260 0.032436870 0.032436870
JJ:/crrc/rr: 0.000000000 0.999756130 0.000243870
JJ:/rc/: 0.749660639 0.250339361 0.000000000
JJ:/rc/cr: 0.999093980 0.000453010 0.000453010
JJ:/rc/rr: 0.000000000 0.999773085 0.000226915
JJ:/rrc/: 0.973067244 0.026932756 0.000000000
JJ:/rrc/cr: 0.995787849 0.002106075 0.002106075
JJ:/rrc/rr: 0.000000000 0.999912561 0.000087439
JK:/cc/: 0.081613419 0.918386581 0.000000000
JK:/cc/cr: 0.000975088 0.000009689 0.999015223
JK:/cc/rr: 0.000000000 0.000163543 0.999836457
JK:/crc/: 0.059983002 0.940016998 0.000000000
JK:/crc/cr: 0.041097540 0.000075198 0.958827262
JK:/crc/rr: 0.000000000 0.001767693 0.998232307
JK:/crrc/: 0.998544252 0.001455748 0.000000000
JK:/crrc/cr: 0.111124555 0.111124555 0.777750889
JK:/crrc/rr: 0.000000000 0.000243008 0.999756992
JK:/rc/: 0.991994745 0.008005255 0.000000000
JK:/rc/cr: 0.014166473 0.014166473 0.971667055
JK:/rc/rr: 0.000000000 0.000171482 0.999828518
JK:/rrc/: 0.501392126 0.498607874 0.000000000
JK:/rrc/cr: 0.578320414 0.000113762 0.421565824
JK:/rrc/rr: 0.000000000 0.000169695 0.999830305
JQ:/cc/: 0.181770117 0.818229883 0.000000000
JQ:/cc/cr: 0.000043205 0.000010875 0.999945920
JQ:/cc/rr: 0.000000000 0.000073430 0.999926570
JQ:/crc/: 0.977571236 0.022428764 0.000000000
JQ:/crc/cr: 0.003151653 0.003151653 0.993696694
JQ:/crc/rr: 0.000000000 0.000108464 0.999891536
JQ:/crrc/: 0.058542946 0.941457054 0.000000000
JQ:/crrc/cr: 0.121403639 0.000171829 0.878424532
JQ:/crrc/rr: 0.000000000 0.004144890 0.995855110
JQ:/rc/: 0.975290329 0.024709671 0.000000000
JQ:/rc/cr: 0.004589548 0.004589548 0.990820903
JQ:/rc/rr: 0.000000000 0.000174419 0.999825581
JQ:/rrc/: 0.111762977 0.888237023 0.000000000
JQ:/rrc/cr: 0.020517614 0.000063860 0.979418526
JQ:/rrc/rr: 0.000000000 0.000761286 0.999238714
K:/: 0.741551026 0.258448974 0.000000000
K:/cr: 0.662494172 0.337441979 0.000063849
K:/rr: 0.000000000 0.999966621 0.000033379
KJ:/cc/: 0.000272745 0.999727255 0.000000000
KJ:/cc/cr: 0.000232084 0.000040567 0.999727349
KJ:/cc/rr: 0.000000000 0.824427236 0.175572764
KJ:/crc/: 0.001913216 0.998086784 0.000000000
KJ:/crc/cr: 0.000268575 0.999699829 0.000031596
KJ:/crc/rr: 0.000000000 0.975275383 0.024724617
KJ:/crrc/: 0.109376752 0.890623248 0.000000000
KJ:/crrc/cr: 0.000035321 0.999654352 0.000310326
KJ:/crrc/rr: 0.000000000 0.784066764 0.215933236
KJ:/rc/: 0.056055156 0.943944844 0.000000000
KJ:/rc/cr: 0.028764281 0.888097342 0.083138378
KJ:/rc/rr: 0.000000000 0.522700380 0.477299620
KJ:/rrc/: 0.101413144 0.898586856 0.000000000
KJ:/rrc/cr: 0.003782555 0.989633200 0.006584245
KJ:/rrc/rr: 0.000000000 0.819472272 0.180527728
KK:/cc/: 0.989822914 0.010177086 0.000000000
KK:/cc/cr: 0.993726223 0.003136889 0.003136889
KK:/cc/rr: 0.000000000 0.999951621 0.000048379
KK:/crc/: 0.137541020 0.862458980 0.000000000
KK:/crc/cr: 0.999926870 0.000036565 0.000036565
KK:/crc/rr: 0.000000000 0.999656077 0.000343923
KK:/crrc/: 0.976819284 0.023180716 0.000000000
KK:/crrc/cr: 0.998614130 0.000692935 0.000692935
KK:/crrc/rr: 0.000000000 0.999975334 0.000024666
KK:/rc/: 0.811869813 0.188130187 0.000000000
KK:/rc/cr: 0.999849097 0.000091761 0.000059142
KK:/rc/rr: 0.000000000 0.999979443 0.000020557
KK:/rrc/: 0.441197309 0.558802691 0.000000000
KK:/rrc/cr: 0.999980088 0.000009956 0.000009956
KK:/rrc/rr: 0.000000000 0.999981085 0.000018915
KQ:/cc/: 0.000482821 0.999517179 0.000000000
KQ:/cc/cr: 0.000236677 0.448545200 0.551218122
KQ:/cc/rr: 0.000000000 0.900819218 0.099180782
KQ:/crc/: 0.800394797 0.199605203 0.000000000
KQ:/crc/cr: 0.001342957 0.455085180 0.543571863
KQ:/crc/rr: 0.000000000 0.000059100 0.999940900
KQ:/crrc/: 0.028379235 0.971620765 0.000000000
KQ:/crrc/cr: 0.034363308 0.657535905 0.308100787
KQ:/crrc/rr: 0.000000000 0.395052927 0.604947073
KQ:/rc/: 0.000707728 0.999292272 0.000000000
KQ:/rc/cr: 0.000256972 0.496169659 0.503573369
KQ:/rc/rr: 0.000000000 0.183697455 0.816302545
KQ:/rrc/: 0.655791054 0.344208946 0.000000000
KQ:/rrc/cr: 0.080901066 0.649031126 0.270067808
KQ:/rrc/rr: 0.000000000 0.401231201 0.598768799
Q:/: 0.699595952 0.300404048 0.000000000
Q:/cr: 0.149612838 0.822798173 0.027588989
Q:/rr: 0.000000000 0.999964619 0.000035381
QJ:/cc/: 0.000082397 0.999917603 0.000000000
QJ:/cc/cr: 0.000109128 0.000027468 0.999863404
QJ:/cc/rr: 0.000000000 0.500000000 0.500000000
QJ:/crc/: 0.028916356 0.971083644 0.000000000
QJ:/crc/cr: 0.001665536 0.000011458 0.998323005
QJ:/crc/rr: 0.000000000 0.000577198 0.999422802
QJ:/crrc/: 0.012622829 0.987377171 0.000000000
QJ:/crrc/cr: 0.000567667 0.000061975 0.999370357
QJ:/crrc/rr: 0.000000000 0.007271701 0.992728299
QJ:/rc/: 0.007763564 0.992236436 0.000000000
QJ:/rc/cr: 0.000252894 0.000011886 0.999735220
QJ:/rc/rr: 0.000000000 0.002278664 0.997721336
QJ:/rrc/: 0.000017691 0.999982309 0.000000000
QJ:/rrc/cr: 0.000016403 0.000005897 0.999977699
QJ:/rrc/rr: 0.000000000 0.500000000 0.500000000
QK:/cc/: 0.578758042 0.421241958 0.000000000
QK:/cc/cr: 0.004224810 0.974051219 0.021723970
QK:/cc/rr: 0.000000000 0.371122535 0.628877465
QK:/crc/: 0.011912394 0.988087606 0.000000000
QK:/crc/cr: 0.000011261 0.539743478 0.460245260
QK:/crc/rr: 0.000000000 0.001401100 0.998598900
QK:/crrc/: 0.865031303 0.134968697 0.000000000
QK:/crrc/cr: 0.000657244 0.725915242 0.273427513
QK:/crrc/rr: 0.000000000 0.004156739 0.995843261
QK:/rc/: 0.452589638 0.547410362 0.000000000
QK:/rc/cr: 0.000250139 0.533967318 0.465782542
QK:/rc/rr: 0.000000000 0.193682946 0.806317054
QK:/rrc/: 0.092206058 0.907793942 0.000000000
QK:/rrc/cr: 0.000006496 0.307396991 0.692596513
QK:/rrc/rr: 0.000000000 0.005395064 0.994604936
QQ:/cc/: 0.605147434 0.394852566 0.000000000
QQ:/cc/cr: 0.999860881 0.000069560 0.000069560
QQ:/cc/rr: 0.000000000 0.999931920 0.000068080
QQ:/crc/: 0.977652322 0.022347678 0.000000000
QQ:/crc/cr: 0.999004194 0.000497903 0.000497903
QQ:/crc/rr: 0.000000000 0.999982928 0.000017072
QQ:/crrc/: 0.228644518 0.771355482 0.000000000
QQ:/crrc/cr: 0.999841337 0.000079332 0.000079332
QQ:/crrc/rr: 0.000000000 0.999598550 0.000401450
QQ:/rc/: 0.505424297 0.494575703 0.000000000
QQ:/rc/cr: 0.999952308 0.000023846 0.000023846
QQ:/rc/rr: 0.000000000 0.999964999 0.000035001
QQ:/rrc/: 0.936717284 0.063282716 0.000000000
QQ:/rrc/cr: 0.999813628 0.000093186 0.000093186
QQ:/rrc/rr: 0.000000000 0.999990557 0.000009443
