J:/: 0.090164329 0.909835671 0.000000000
J:/cr: 0.015752942 0.040007956 0.944239102
J:/rr: 0.000000000 0.999725474 0.000274526
JJ:/cc/: 0.001481984 0.998518016 0.000000000
JJ:/cc/cr: 0.999981836 0.000009082 0.000009082
JJ:/cc/rr: 0.000000000 0.990821279 0.009178721
JJ:/crc/: 0.838830463 0.161169537 0.000000000
JJ:/crc/cr: 0.999062408 0.000468796 0.000468796
JJ:/crc/rr: 0.000000000 0.999864891 0.000135109
JJ:/crrc/: 0.993777939 0.006222061 0.000000000
JJ:/crrc/cr: 0.938319591 0.030840205 0.030840205
JJ:/crrc/rr: 0.000000000 0.999710363 0.000289637
JJ:/rc/: 0.790981021 0.209018979 0.000000000
JJ:/rc/cr: 0.999124398 0.000437801 0.000437801
JJ:/rc/rr: 0.000000000 0.999826465 0.000173535
JJ:/rrc/: 0.983265266 0.016734734 0.000000000
JJ:/rrc/cr: 0.994530306 0.002734847 0.002734847
JJ:/rrc/rr: 0.000000000 0.999930181 0.000069819
JK:/cc/: 0.073949206 0.926050794 0.000000000
JK:/cc/cr: 0.000377708 0.000009793 0.999612500
JK:/cc/rr: 0.000000000 0.000183947 0.999816053
JK:/crc/: 0.097097975 0.902902025 0.000000000
JK:/crc/cr: 0.099875394 0.000083681 0.900040925
JK:/crc/rr: 0.000000000 0.001167207 0.998832793
JK:/crrc/: 0.998074181 0.001925819 0.000000000
JK:/crrc/cr: 0.099640502 0.099640502 0.800718996
JK:/crrc/rr: 0.000000000 0.000288390 0.999711610
JK:/rc/: 0.943841027 0.056158973 0.000000000
JK:/rc/cr: 0.897853195 0.001629459 0.100517346
JK:/rc/rr: 0.000000000 0.000145430 0.999854570
JK:/rrc/: 0.451623699 0.548376301 0.000000000
JK:/rrc/cr: 0.579068761 0.000083459 0.420847780
JK:/rrc/rr: 0.000000000 0.000152008 0.999847992
JQ:/cc/: 0.189283252 0.810716748 0.000000000
JQ:/cc/cr: 0.000048770 0.000011186 0.999940044
JQ:/cc/rr: 0.000000000 0.000071864 0.999928136
JQ:/crc/: 0.807511494 0.192488506 0.000000000
JQ:/crc/cr: 0.043337725 0.000392520 0.956269755
JQ:/crc/rr: 0.000000000 0.000140349 0.999859651
JQ:/crrc/: 0.244663819 0.755336181 0.000000000
JQ:/crrc/cr: 0.028387277 0.000254045 0.971358677
JQ:/crrc/rr: 0.000000000 0.001176449 0.998823551
JQ:/rc/: 0.970223609 0.029776391 0.000000000
JQ:/rc/cr: 0.003073198 0.003073198 0.993853604
JQ:/rc/rr: 0.000000000 0.000141476 0.999858524
JQ:/rrc/: 0.117037861 0.882962139 0.000000000
JQ:/rrc/cr: 0.002471545 0.000051833 0.997476622
JQ:/rrc/rr: 0.000000000 0.000586566 0.999413434
K:/: 0.782614480 0.217385520 0.000000000
K:/cr: 0.698968544 0.300955546 0.000075910
K:/rr: 0.000000000 0.999968372 0.000031628
KJ:/cc/: 0.000328217 0.999671783 0.000000000
KJ:/cc/cr: 0.000275167 0.000046560 0.999678272
KJ:/cc/rr: 0.000000000 0.826540975 0.173459025
KJ:/crc/: 0.002543457 0.997456543 0.000000000
KJ:/crc/cr: 0.004029499 0.995928356 0.000042145
KJ:/crc/rr: 0.000000000 0.975208089 0.024791911
KJ:/crrc/: 0.044639519 0.955360481 0.000000000
KJ:/crrc/cr: 0.000038938 0.999625252 0.000335810
KJ:/crrc/rr: 0.000000000 0.499933582 0.500066418
KJ:/rc/: 0.063988167 0.936011833 0.000000000
KJ:/rc/cr: 0.026453560 0.879820715 0.093725725
KJ:/rc/rr: 0.000000000 0.566326234 0.433673766
KJ:/rrc/: 0.094148846 0.905851154 0.000000000
KJ:/rrc/cr: 0.003896840 0.992775377 0.003327782
KJ:/rrc/rr: 0.000000000 0.590451972 0.409548028
KK:/cc/: 0.990051655 0.009948345 0.000000000
KK:/cc/cr: 0.992369624 0.003815188 0.003815188
KK:/cc/rr: 0.000000000 0.999942496 0.000057504
KK:/crc/: 0.287277169 0.712722831 0.000000000
KK:/crc/cr: 0.999882035 0.000058982 0.000058982
KK:/crc/rr: 0.000000000 0.999780501 0.000219499
KK:/crrc/: 0.933695637 0.066304363 0.000000000
KK:/crrc/cr: 0.999454021 0.000272989 0.000272989
KK:/crrc/rr: 0.000000000 0.999970921 0.000029079
KK:/rc/: 0.895187722 0.104812278 0.000000000
KK:/rc/cr: 0.999774667 0.000124747 0.000100586
KK:/rc/rr: 0.000000000 0.999982334 0.000017666
KK:/rrc/: 0.539172008 0.460827992 0.000000000
KK:/rrc/cr: 0.999977122 0.000011439 0.000011439
KK:/rrc/rr: 0.000000000 0.999985334 0.000014666
KQ:/cc/: 0.000522107 0.999477893 0.000000000
KQ:/cc/cr: 0.000306724 0.542815376 0.456877900
KQ:/cc/rr: 0.000000000 0.890956811 0.109043189
KQ:/crc/: 0.765985237 0.234014763 0.000000000
KQ:/crc/cr: 0.001620501 0.725679008 0.272700491
KQ:/crc/rr: 0.000000000 0.000082322 0.999917678
KQ:/crrc/: 0.059856983 0.940143017 0.000000000
KQ:/crrc/cr: 0.077215683 0.636304660 0.286479657
KQ:/crrc/rr: 0.000000000 0.350072281 0.649927719
KQ:/rc/: 0.000406141 0.999593859 0.000000000
KQ:/rc/cr: 0.000226636 0.505557918 0.494215445
KQ:/rc/rr: 0.000000000 0.398249392 0.601750608
KQ:/rrc/: 0.667421722 0.332578278 0.000000000
KQ:/rrc/cr: 0.052477486 0.735251901 0.212270613
KQ:/rrc/rr: 0.000000000 0.394491349 0.605508651
Q:/: 0.755843297 0.244156703 0.000000000
Q:/cr: 0.222784872 0.774460130 0.002754998
Q:/rr: 0.000000000 0.999967252 0.000032748
QJ:/cc/: 0.000101379 0.999898621 0.000000000
QJ:/cc/cr: 0.000147353 0.000033797 0.999818850
QJ:/cc/rr: 0.000000000 0.500000000 0.500000000
QJ:/crc/: 0.034763193 0.965236807 0.000000000
QJ:/crc/cr: 0.004336427 0.000015069 0.995648505
QJ:/crc/rr: 0.000000000 0.000627596 0.999372404
QJ:/crrc/: 0.018850033 0.981149967 0.000000000
QJ:/crrc/cr: 0.000496627 0.000051533 0.999451840
QJ:/crrc/rr: 0.000000000 0.004023471 0.995976529
QJ:/rc/: 0.011619573 0.988380427 0.000000000
QJ:/rc/cr: 0.000014181 0.000011044 0.999974775
QJ:/rc/rr: 0.000000000 0.001409181 0.998590819
QJ:/rrc/: 0.000016375 0.999983625 0.000000000
QJ:/rrc/cr: 0.000023407 0.000005458 0.999971135
QJ:/rrc/rr: 0.000000000 0.500000000 0.500000000
QK:/cc/: 0.256924836 0.743075164 0.000000000
QK:/cc/cr: 0.373852667 0.626083891 0.000063443
QK:/cc/rr: 0.000000000 0.999802706 0.000197294
QK:/crc/: 0.005334354 0.994665646 0.000000000
QK:/crc/cr: 0.000014623 0.571039182 0.428946195
QK:/crc/rr: 0.000000000 0.004089949 0.995910051
QK:/crrc/: 0.574618022 0.425381978 0.000000000
QK:/crrc/cr: 0.000151652 0.639547102 0.360301246
QK:/crrc/rr: 0.000000000 0.008849859 0.991150141
QK:/rc/: 0.482628305 0.517371695 0.000000000
QK:/rc/cr: 0.056162054 0.498808009 0.445029937
QK:/rc/rr: 0.000000000 0.194173478 0.805826522
QK:/rrc/: 0.135416965 0.864583035 0.000000000
QK:/rrc/cr: 0.000006313 0.309678082 0.690315605
QK:/rrc/rr: 0.000000000 0.003492745 0.996507255
QQ:/cc/: 0.579091592 0.420908408 0.000000000
QQ:/cc/cr: 0.999839428 0.000080286 0.000080286
QQ:/cc/rr: 0.000000000 0.999912467 0.000087533
QQ:/crc/: 0.988182841 0.011817159 0.000000000
QQ:/crc/cr: 0.997538356 0.001230822 0.001230822
QQ:/crc/rr: 0.000000000 0.999977922 0.000022078
QQ:/crrc/: 0.501631157 0.498368843 0.000000000
QQ:/crrc/cr: 0.999797091 0.000101454 0.000101454
QQ:/crrc/rr: 0.000000000 0.999848808 0.000151192
QQ:/rc/: 0.602189336 0.397810664 0.000000000
QQ:/rc/cr: 0.999945119 0.000027440 0.000027440
QQ:/rc/rr: 0.000000000 0.999972809 0.000027191
QQ:/rrc/: 0.954863641 0.045136359 0.000000000
QQ:/rrc/cr: 0.999758146 0.000120927 0.000120927
QQ:/rrc/rr: 0.000000000 0.999991426 0.000008574
