J:/: 0.090244188 0.909755812 0.000000000
J:/cr: 0.016499699 0.048117894 0.935382407
J:/rr: 0.000000000 0.999725717 0.000274283
JJ:/cc/: 0.001439353 0.998560647 0.000000000
JJ:/cc/cr: 0.999981835 0.000009082 0.000009082
JJ:/cc/rr: 0.000000000 0.990548595 0.009451405
JJ:/crc/: 0.933253190 0.066746810 0.000000000
JJ:/crc/cr: 0.998117460 0.000941270 0.000941270
JJ:/crc/rr: 0.000000000 0.999899020 0.000100980
JJ:/crrc/: 0.994022669 0.005977331 0.000000000
JJ:/crrc/cr: 0.938694705 0.030652647 0.030652647
JJ:/crrc/rr: 0.000000000 0.999723516 0.000276484
JJ:/rc/: 0.838877264 0.161122736 0.000000000
JJ:/rc/cr: 0.998865116 0.000567442 0.000567442
JJ:/rc/rr: 0.000000000 0.999836518 0.000163482
JJ:/rrc/: 0.992922058 0.007077942 0.000000000
JJ:/rrc/cr: 0.987079173 0.006460413 0.006460413
JJ:/rrc/rr: 0.000000000 0.999930921 0.000069079
JK:/cc/: 0.067477334 0.932522666 0.000000000
JK:/cc/cr: 0.000223698 0.000009726 0.999766577
JK:/cc/rr: 0.000000000 0.000201607 0.999798393
JK:/crc/: 0.150704161 0.849295839 0.000000000
JK:/crc/cr: 0.144079299 0.000073975 0.855846725
JK:/crc/rr: 0.000000000 0.000625332 0.999374668
JK:/crrc/: 0.998138506 0.001861494 0.000000000
JK:/crrc/cr: 0.098426853 0.098426853 0.803146295
JK:/crrc/rr: 0.000000000 0.000275344 0.999724656
JK:/rc/: 0.960778619 0.039221381 0.000000000
JK:/rc/cr: 0.897945158 0.002331070 0.099723772
JK:/rc/rr: 0.000000000 0.000142740 0.999857260
JK:/rrc/: 0.478942882 0.521057118 0.000000000
JK:/rrc/cr: 0.642116918 0.000087757 0.357795325
JK:/rrc/rr: 0.000000000 0.000143210 0.999856790
JQ:/cc/: 0.221304777 0.778695223 0.000000000
JQ:/cc/cr: 0.000051259 0.000011647 0.999937094
JQ:/cc/rr: 0.000000000 0.000061471 0.999938529
JQ:/crc/: 0.847828518 0.152171482 0.000000000
JQ:/crc/cr: 0.010934061 0.000412868 0.988653071
JQ:/crc/rr: 0.000000000 0.000111155 0.999888845
JQ:/crrc/: 0.135319963 0.864680037 0.000000000
JQ:/crrc/cr: 0.006284013 0.000211895 0.993504093
JQ:/crrc/rr: 0.000000000 0.002030975 0.997969025
JQ:/rc/: 0.946674305 0.053325695 0.000000000
JQ:/rc/cr: 0.001714516 0.001714516 0.996570967
JQ:/rc/rr: 0.000000000 0.000144867 0.999855133
JQ:/rrc/: 0.107692902 0.892307098 0.000000000
JQ:/rrc/cr: 0.006637547 0.000051245 0.993311207
JQ:/rrc/rr: 0.000000000 0.000636900 0.999363100
K:/: 0.770642928 0.229357072 0.000000000
K:/cr: 0.644148264 0.355779789 0.000071947
K:/rr: 0.000000000 0.999967881 0.000032119
KJ:/cc/: 0.000311461 0.999688539 0.000000000
KJ:/cc/cr: 0.000260715 0.000043968 0.999695317
KJ:/cc/rr: 0.000000000 0.826750438 0.173249562
KJ:/crc/: 0.002170200 0.997829800 0.000000000
KJ:/crc/cr: 0.002321992 0.997644231 0.000033777
KJ:/crc/rr: 0.000000000 0.976704388 0.023295612
KJ:/crrc/: 0.087548904 0.912451096 0.000000000
KJ:/crrc/cr: 0.000041000 0.999610972 0.000348027
KJ:/crrc/rr: 0.000000000 0.682644679 0.317355321
KJ:/rc/: 0.064556732 0.935443268 0.000000000
KJ:/rc/cr: 0.010691873 0.936879686 0.052428441
KJ:/rc/rr: 0.000000000 0.665924495 0.334075505
KJ:/rrc/: 0.097998454 0.902001546 0.000000000
KJ:/rrc/cr: 0.004041261 0.993585348 0.002373391
KJ:/rrc/rr: 0.000000000 0.529331027 0.470668973
KK:/cc/: 0.996844692 0.003155308 0.000000000
KK:/cc/cr: 0.977197970 0.011401015 0.011401015
KK:/cc/rr: 0.000000000 0.999945869 0.000054131
KK:/crc/: 0.337464327 0.662535673 0.000000000
KK:/crc/cr: 0.999898257 0.000050871 0.000050871
KK:/crc/rr: 0.000000000 0.999850188 0.000149812
KK:/crrc/: 0.966219140 0.033780860 0.000000000
KK:/crrc/cr: 0.998897858 0.000551071 0.000551071
KK:/crrc/rr: 0.000000000 0.999971100 0.000028900
KK:/rc/: 0.918898132 0.081101868 0.000000000
KK:/rc/cr: 0.999706518 0.000161470 0.000132012
KK:/rc/rr: 0.000000000 0.999982523 0.000017477
KK:/rrc/: 0.532064870 0.467935130 0.000000000
KK:/rrc/cr: 0.999977119 0.000011440 0.000011440
KK:/rrc/rr: 0.000000000 0.999984908 0.000015092
KQ:/cc/: 0.001085674 0.998914326 0.000000000
KQ:/cc/cr: 0.000287028 0.482371532 0.517341440
KQ:/cc/rr: 0.000000000 0.950297612 0.049702388
KQ:/crc/: 0.795500766 0.204499234 0.000000000
KQ:/crc/cr: 0.001495270 0.647861266 0.350643464
KQ:/crc/rr: 0.000000000 0.000063553 0.999936447
KQ:/crrc/: 0.030011481 0.969988519 0.000000000
KQ:/crrc/cr: 0.068534341 0.648900433 0.282565227
KQ:/crrc/rr: 0.000000000 0.287379577 0.712620423
KQ:/rc/: 0.000187949 0.999812051 0.000000000
KQ:/rc/cr: 0.000227157 0.525556850 0.474215993
KQ:/rc/rr: 0.000000000 0.914553308 0.085446692
KQ:/rrc/: 0.639526399 0.360473601 0.000000000
KQ:/rrc/cr: 0.087009251 0.706480147 0.206510602
KQ:/rrc/rr: 0.000000000 0.407629361 0.592370639
Q:/: 0.713019210 0.286980790 0.000000000
Q:/cr: 0.152214898 0.843436915 0.004348187
Q:/rr: 0.000000000 0.999965285 0.000034715
QJ:/cc/: 0.000086251 0.999913749 0.000000000
QJ:/cc/cr: 0.000126546 0.000028753 0.999844701
QJ:/cc/rr: 0.000000000 0.500000000 0.500000000
QJ:/crc/: 0.032991739 0.967008261 0.000000000
QJ:/crc/cr: 0.005813809 0.000011750 0.994174441
QJ:/crc/rr: 0.000000000 0.000516603 0.999483397
QJ:/crrc/: 0.002583520 0.997416480 0.000000000
QJ:/crrc/cr: 0.000732740 0.000063123 0.999204137
QJ:/crrc/rr: 0.000000000 0.036554900 0.963445100
QJ:/rc/: 0.011455133 0.988544867 0.000000000
QJ:/rc/cr: 0.000196569 0.000011706 0.999791725
QJ:/rc/rr: 0.000000000 0.001515260 0.998484740
QJ:/rrc/: 0.000017358 0.999982642 0.000000000
QJ:/rrc/cr: 0.000025762 0.000005786 0.999968452
QJ:/rrc/rr: 0.000000000 0.500000000 0.500000000
QK:/cc/: 0.432736472 0.567263528 0.000000000
QK:/cc/cr: 0.375896084 0.624034586 0.000069330
QK:/cc/rr: 0.000000000 0.999900342 0.000099658
QK:/crc/: 0.009784579 0.990215421 0.000000000
QK:/crc/cr: 0.000011475 0.545987658 0.454000868
QK:/crc/rr: 0.000000000 0.001741886 0.998258114
QK:/crrc/: 0.727683762 0.272316238 0.000000000
QK:/crrc/cr: 0.000291621 0.752461321 0.247247058
QK:/crrc/rr: 0.000000000 0.007407836 0.992592164
QK:/rc/: 0.517196060 0.482803940 0.000000000
QK:/rc/cr: 0.060386513 0.503310253 0.436303235
QK:/rc/rr: 0.000000000 0.186092678 0.813907322
QK:/rrc/: 0.124152759 0.875847241 0.000000000
QK:/rrc/cr: 0.000243779 0.295243359 0.704512862
QK:/rrc/rr: 0.000000000 0.004062525 0.995937475
QQ:/cc/: 0.535061924 0.464938076 0.000000000
QQ:/cc/cr: 0.999876326 0.000061837 0.000061837
QQ:/cc/rr: 0.000000000 0.999919401 0.000080599
QQ:/crc/: 0.988078899 0.011921101 0.000000000
QQ:/crc/cr: 0.998093730 0.000953135 0.000953135
QQ:/crc/rr: 0.000000000 0.999982751 0.000017249
QQ:/crrc/: 0.307463224 0.692536776 0.000000000
QQ:/crrc/cr: 0.999818175 0.000090912 0.000090912
QQ:/crrc/rr: 0.000000000 0.999692840 0.000307160
QQ:/rc/: 0.605332696 0.394667304 0.000000000
QQ:/rc/cr: 0.999941360 0.000029320 0.000029320
QQ:/rc/rr: 0.000000000 0.999971326 0.000028674
QQ:/rrc/: 0.946583166 0.053416834 0.000000000
QQ:/rrc/cr: 0.999783363 0.000108319 0.000108319
QQ:/rrc/rr: 0.000000000 0.999990831 0.000009169
