J:/: 0.075390603 0.924609397 0.000000000
J:/cr: 0.019266582 0.041065328 0.939668090
J:/rr: 0.000000000 0.999671677 0.000328323
JJ:/cc/: 0.001512659 0.998487341 0.000000000
JJ:/cc/cr: 0.999982126 0.000008937 0.000008937
JJ:/cc/rr: 0.000000000 0.991151099 0.008848901
JJ:/crc/: 0.979158972 0.020841028 0.000000000
JJ:/crc/cr: 0.993048902 0.003475549 0.003475549
JJ:/crc/rr: 0.000000000 0.999889036 0.000110964
JJ:/crrc/: 0.995314973 0.004685027 0.000000000
JJ:/crrc/cr: 0.934093072 0.032953464 0.032953464
JJ:/crrc/rr: 0.000000000 0.999767328 0.000232672
JJ:/rc/: 0.697809064 0.302190936 0.000000000
JJ:/rc/cr: 0.999275683 0.000362159 0.000362159
JJ:/rc/rr: 0.000000000 0.999764747 0.000235253
JJ:/rrc/: 0.967702104 0.032297896 0.000000000
JJ:/rrc/cr: 0.996610399 0.001694800 0.001694800
JJ:/rrc/rr: 0.000000000 0.999915152 0.000084848
JK:/cc/: 0.104212350 0.895787650 0.000000000
JK:/cc/cr: 0.000038148 0.000009962 0.999951890
JK:/cc/rr: 0.000000000 0.000128443 0.999871557
JK:/crc/: 0.103242738 0.896757262 0.000000000
JK:/crc/cr: 0.082798905 0.000080773 0.917120322
JK:/crc/rr: 0.000000000 0.001052384 0.998947616
JK:/crrc/: 0.998662289 0.001337711 0.000000000
JK:/crrc/cr: 0.115411985 0.115411985 0.769176029
JK:/crrc/rr: 0.000000000 0.000231892 0.999768108
JK:/rc/: 0.992486773 0.007513227 0.000000000
JK:/rc/cr: 0.049268265 0.014566448 0.936165288
JK:/rc/rr: 0.000000000 0.000165404 0.999834596
JK:/rrc/: 0.449950965 0.550049035 0.000000000
JK:/rrc/cr: 0.366691429 0.000099516 0.633209056
JK:/rrc/rr: 0.000000000 0.000182482 0.999817518
JQ:/cc/: 0.154826923 0.845173077 0.000000000
JQ:/cc/cr: 0.000040433 0.000010558 0.999949009
JQ:/cc/rr: 0.000000000 0.000086454 0.999913546
JQ:/crc/: 0.981985247 0.018014753 0.000000000
JQ:/crc/cr: 0.004020816 0.004020816 0.991958368
JQ:/crc/rr: 0.000000000 0.000110644 0.999889356
JQ:/crrc/: 0.061323770 0.938676230 0.000000000
JQ:/crrc/cr: 0.084444088 0.000164474 0.915391438
JQ:/crrc/rr: 0.000000000 0.003776379 0.996223621
JQ:/rc/: 0.875988836 0.124011164 0.000000000
JQ:/rc/cr: 0.000882509 0.000882509 0.998234981
JQ:/rc/rr: 0.000000000 0.000187401 0.999812599
JQ:/rrc/: 0.156209646 0.843790354 0.000000000
JQ:/rrc/cr: 0.002415899 0.000064872 0.997519229
JQ:/rrc/rr: 0.000000000 0.000525625 0.999474375
K:/: 0.733148482 0.266851518 0.000000000
K:/cr: 0.667353097 0.332585065 0.000061838
K:/rr: 0.000000000 0.999966238 0.000033762
KJ:/cc/: 0.000262875 0.999737125 0.000000000
KJ:/cc/cr: 0.000224977 0.000039822 0.999735201
KJ:/cc/rr: 0.000000000 0.823571133 0.176428867
KJ:/crc/: 0.001749600 0.998250400 0.000000000
KJ:/crc/cr: 0.000257338 0.999711619 0.000031043
KJ:/crc/rr: 0.000000000 0.973432168 0.026567832
KJ:/crrc/: 0.070455962 0.929544038 0.000000000
KJ:/crrc/cr: 0.000033929 0.999664425 0.000301646
KJ:/crrc/rr: 0.000000000 0.372855496 0.627144504
KJ:/rc/: 0.035046856 0.964953144 0.000000000
KJ:/rc/cr: 0.013009034 0.895667132 0.091323834
KJ:/rc/rr: 0.000000000 0.381463033 0.618536967
KJ:/rrc/: 0.089636465 0.910363535 0.000000000
KJ:/rrc/cr: 0.003441352 0.994147210 0.002411438
KJ:/rrc/rr: 0.000000000 0.546170279 0.453829721
KK:/cc/: 0.995097647 0.004902353 0.000000000
KK:/cc/cr: 0.987385992 0.006307004 0.006307004
KK:/cc/rr: 0.000000000 0.999953393 0.000046607
KK:/crc/: 0.225368880 0.774631120 0.000000000
KK:/crc/cr: 0.999919991 0.000040004 0.000040004
KK:/crc/rr: 0.000000000 0.999793747 0.000206253
KK:/crrc/: 0.968759575 0.031240425 0.000000000
KK:/crrc/cr: 0.999011302 0.000494349 0.000494349
KK:/crrc/rr: 0.000000000 0.999976087 0.000023913
KK:/rc/: 0.816670878 0.183329122 0.000000000
KK:/rc/cr: 0.999839690 0.000098923 0.000061387
KK:/rc/rr: 0.000000000 0.999979330 0.000020670
KK:/rrc/: 0.464036660 0.535963340 0.000000000
KK:/rrc/cr: 0.999979002 0.000010499 0.000010499
KK:/rrc/rr: 0.000000000 0.999981810 0.000018190
KQ:/cc/: 0.000456089 0.999543911 0.000000000
KQ:/cc/cr: 0.000225021 0.383572720 0.616202259
KQ:/cc/rr: 0.000000000 0.898311972 0.101688028
KQ:/crc/: 0.846344955 0.153655045 0.000000000
KQ:/crc/cr: 0.001671850 0.577042859 0.421285292
KQ:/crc/rr: 0.000000000 0.000054922 0.999945078
KQ:/crrc/: 0.054866096 0.945133904 0.000000000
KQ:/crrc/cr: 0.023497758 0.704899062 0.271603180
KQ:/crrc/rr: 0.000000000 0.281202958 0.718797042
KQ:/rc/: 0.000142053 0.999857947 0.000000000
KQ:/rc/cr: 0.000261016 0.494388189 0.505350795
KQ:/rc/rr: 0.000000000 0.881164068 0.118835932
KQ:/rrc/: 0.617869474 0.382130526 0.000000000
KQ:/rrc/cr: 0.060752519 0.775321601 0.163925880
KQ:/rrc/rr: 0.000000000 0.374467228 0.625532772
Q:/: 0.672505573 0.327494427 0.000000000
Q:/cr: 0.148475729 0.751148135 0.100376137
Q:/rr: 0.000000000 0.999963194 0.000036806
QJ:/cc/: 0.000075581 0.999924419 0.000000000
QJ:/cc/cr: 0.000096486 0.000025196 0.999878318
QJ:/cc/rr: 0.000000000 0.500000000 0.500000000
QJ:/crc/: 0.039606176 0.960393824 0.000000000
QJ:/crc/cr: 0.001544220 0.000011641 0.998444139
QJ:/crc/rr: 0.000000000 0.000423424 0.999576576
QJ:/crrc/: 0.008012933 0.991987067 0.000000000
QJ:/crrc/cr: 0.000479797 0.000057018 0.999463185
QJ:/crrc/rr: 0.000000000 0.010588062 0.989411938
QJ:/rc/: 0.008596327 0.991403673 0.000000000
QJ:/rc/cr: 0.000721336 0.000012375 0.999266289
QJ:/rc/rr: 0.000000000 0.002140818 0.997859182
QJ:/rrc/: 0.000018404 0.999981596 0.000000000
QJ:/rrc/cr: 0.000013730 0.000006135 0.999980135
QJ:/rrc/rr: 0.000000000 0.500000000 0.500000000
QK:/cc/: 0.364411341 0.635588659 0.000000000
QK:/cc/cr: 0.002302335 0.970076984 0.027620681
QK:/cc/rr: 0.000000000 0.990494261 0.009505739
QK:/crc/: 0.028812726 0.971187274 0.000000000
QK:/crc/cr: 0.000011512 0.551572337 0.448416151
QK:/crc/rr: 0.000000000 0.000582041 0.999417959
QK:/crrc/: 0.742861455 0.257138545 0.000000000
QK:/crrc/cr: 0.000338481 0.686878111 0.312783408
QK:/crrc/rr: 0.000000000 0.004416299 0.995583701
QK:/rc/: 0.431800276 0.568199724 0.000000000
QK:/rc/cr: 0.000205851 0.533389418 0.466404731
QK:/rc/rr: 0.000000000 0.168803385 0.831196615
QK:/rrc/: 0.100790036 0.899209964 0.000000000
QK:/rrc/cr: 0.000006822 0.338214035 0.661779143
QK:/rrc/rr: 0.000000000 0.004517235 0.995482765
QQ:/cc/: 0.475373722 0.524626278 0.000000000
QQ:/cc/cr: 0.999903955 0.000048022 0.000048022
QQ:/cc/rr: 0.000000000 0.999920503 0.000079497
QQ:/crc/: 0.976706797 0.023293203 0.000000000
QQ:/crc/cr: 0.999040053 0.000479974 0.000479974
QQ:/crc/rr: 0.000000000 0.999982830 0.000017170
QQ:/crrc/: 0.410999761 0.589000239 0.000000000
QQ:/crrc/cr: 0.999807943 0.000096029 0.000096029
QQ:/crrc/rr: 0.000000000 0.999793573 0.000206427
QQ:/rc/: 0.505185201 0.494814799 0.000000000
QQ:/rc/cr: 0.999950411 0.000024795 0.000024795
QQ:/rc/rr: 0.000000000 0.999963571 0.000036429
QQ:/rrc/: 0.958988009 0.041011991 0.000000000
QQ:/rrc/cr: 0.999700838 0.000149581 0.000149581
QQ:/rrc/rr: 0.000000000 0.999990405 0.000009595
