J:/: 0.086665391 0.913334609 0.000000000
J:/cr: 0.017813604 0.054480252 0.927706144
J:/rr: 0.000000000 0.999714390 0.000285610
JJ:/cc/: 0.001337822 0.998662178 0.000000000
JJ:/cc/cr: 0.999981908 0.000009046 0.000009046
JJ:/cc/rr: 0.000000000 0.989871143 0.010128857
JJ:/crc/: 0.658706929 0.341293071 0.000000000
JJ:/crc/cr: 0.999676101 0.000161950 0.000161950
JJ:/crc/rr: 0.000000000 0.999874135 0.000125865
JJ:/crrc/: 0.793965486 0.206034514 0.000000000
JJ:/crrc/cr: 0.998359091 0.000820454 0.000820454
JJ:/crrc/rr: 0.000000000 0.999680637 0.000319363
JJ:/rc/: 0.724329107 0.275670893 0.000000000
JJ:/rc/cr: 0.999309298 0.000345351 0.000345351
JJ:/rc/rr: 0.000000000 0.999802845 0.000197155
JJ:/rrc/: 0.989071321 0.010928679 0.000000000
JJ:/rrc/cr: 0.991286190 0.004356905 0.004356905
JJ:/rrc/rr: 0.000000000 0.999927788 0.000072212
JK:/cc/: 0.071588912 0.928411088 0.000000000
JK:/cc/cr: 0.001175405 0.000009730 0.998814865
JK:/cc/rr: 0.000000000 0.000189284 0.999810716
JK:/crc/: 0.082521791 0.917478209 0.000000000
JK:/crc/cr: 0.040339651 0.000060244 0.959600105
JK:/crc/rr: 0.000000000 0.001004685 0.998995315
JK:/crrc/: 0.998215142 0.001784858 0.000000000
JK:/crrc/cr: 0.094708871 0.094708871 0.810582258
JK:/crrc/rr: 0.000000000 0.000254016 0.999745984
JK:/rc/: 0.936726968 0.063273032 0.000000000
JK:/rc/cr: 0.932389229 0.001504641 0.066106130
JK:/rc/rr: 0.000000000 0.000152451 0.999847549
JK:/rrc/: 0.462571371 0.537428629 0.000000000
JK:/rrc/cr: 0.556712844 0.000088598 0.443198558
JK:/rrc/rr: 0.000000000 0.000154404 0.999845596
JQ:/cc/: 0.190788119 0.809211881 0.000000000
JQ:/cc/cr: 0.000050543 0.000011164 0.999938294
JQ:/cc/rr: 0.000000000 0.000071024 0.999928976
JQ:/crc/: 0.620485463 0.379514537 0.000000000
JQ:/crc/cr: 0.010503235 0.000145639 0.989351125
JQ:/crc/rr: 0.000000000 0.000133619 0.999866381
JQ:/crrc/: 0.074186583 0.925813417 0.000000000
JQ:/crrc/cr: 0.004549602 0.000182587 0.995267810
JQ:/crrc/rr: 0.000000000 0.003417908 0.996582092
JQ:/rc/: 0.983807758 0.016192242 0.000000000
JQ:/rc/cr: 0.005879558 0.005879558 0.988240884
JQ:/rc/rr: 0.000000000 0.000145155 0.999854845
JQ:/rrc/: 0.128883954 0.871116046 0.000000000
JQ:/rrc/cr: 0.007436133 0.000054660 0.992509207
JQ:/rrc/rr: 0.000000000 0.000554164 0.999445836
K:/: 0.770590555 0.229409445 0.000000000
K:/cr: 0.735347086 0.264580983 0.000071931
K:/rr: 0.000000000 0.999967879 0.000032121
KJ:/cc/: 0.000312520 0.999687480 0.000000000
KJ:/cc/cr: 0.000260383 0.000043471 0.999696146
KJ:/cc/rr: 0.000000000 0.827376896 0.172623104
KJ:/crc/: 0.002311088 0.997688912 0.000000000
KJ:/crc/cr: 0.000419056 0.999535528 0.000045416
KJ:/crc/rr: 0.000000000 0.970590955 0.029409045
KJ:/crrc/: 0.057639327 0.942360673 0.000000000
KJ:/crrc/cr: 0.009086748 0.965404174 0.025509078
KJ:/crrc/rr: 0.000000000 0.515062915 0.484937085
KJ:/rc/: 0.077225120 0.922774880 0.000000000
KJ:/rc/cr: 0.021881009 0.894933466 0.083185525
KJ:/rc/rr: 0.000000000 0.496015829 0.503984171
KJ:/rrc/: 0.089587316 0.910412684 0.000000000
KJ:/rrc/cr: 0.004046307 0.988576550 0.007377144
KJ:/rrc/rr: 0.000000000 0.866360714 0.133639286
KK:/cc/: 0.984900431 0.015099569 0.000000000
KK:/cc/cr: 0.995236222 0.002381889 0.002381889
KK:/cc/rr: 0.000000000 0.999945225 0.000054775
KK:/crc/: 0.187700237 0.812299763 0.000000000
KK:/crc/cr: 0.999888437 0.000055781 0.000055781
KK:/crc/rr: 0.000000000 0.999637897 0.000362103
KK:/crrc/: 0.966571222 0.033428778 0.000000000
KK:/crrc/cr: 0.999024602 0.000487699 0.000487699
KK:/crrc/rr: 0.000000000 0.999974699 0.000025301
KK:/rc/: 0.893103664 0.106896336 0.000000000
KK:/rc/cr: 0.999780966 0.000118870 0.000100164
KK:/rc/rr: 0.000000000 0.999982017 0.000017983
KK:/rrc/: 0.541478141 0.458521859 0.000000000
KK:/rrc/cr: 0.999976648 0.000011676 0.000011676
KK:/rrc/rr: 0.000000000 0.999985169 0.000014831
KQ:/cc/: 0.003990299 0.996009701 0.000000000
KQ:/cc/cr: 0.000261344 0.523162638 0.476576017
KQ:/cc/rr: 0.000000000 0.986480148 0.013519852
KQ:/crc/: 0.831694223 0.168305777 0.000000000
KQ:/crc/cr: 0.002484097 0.697989812 0.299526092
KQ:/crc/rr: 0.000000000 0.000081721 0.999918279
KQ:/crrc/: 0.078872186 0.921127814 0.000000000
KQ:/crrc/cr: 0.081584468 0.654489025 0.263926507
KQ:/crrc/rr: 0.000000000 0.343304579 0.656695421
KQ:/rc/: 0.000192458 0.999807542 0.000000000
KQ:/rc/cr: 0.000225589 0.502469216 0.497305194
KQ:/rc/rr: 0.000000000 0.916549325 0.083450675
KQ:/rrc/: 0.658631034 0.341368966 0.000000000
KQ:/rrc/cr: 0.032406183 0.792968313 0.174625505
KQ:/rrc/rr: 0.000000000 0.388101672 0.611898328
Q:/: 0.748937329 0.251062671 0.000000000
Q:/cr: 0.202398029 0.795451736 0.002150235
Q:/rr: 0.000000000 0.999966950 0.000033050
QJ:/cc/: 0.000098591 0.999901409 0.000000000
QJ:/cc/cr: 0.000148803 0.000032867 0.999818330
QJ:/cc/rr: 0.000000000 0.500000000 0.500000000
QJ:/crc/: 0.036942565 0.963057435 0.000000000
QJ:/crc/cr: 0.031367263 0.000014300 0.968618437
QJ:/crc/rr: 0.000000000 0.000600284 0.999399716
QJ:/crrc/: 0.003892002 0.996107998 0.000000000
QJ:/crrc/cr: 0.001595018 0.000054335 0.998350646
QJ:/crrc/rr: 0.000000000 0.020859594 0.979140406
QJ:/rc/: 0.010388321 0.989611679 0.000000000
QJ:/rc/cr: 0.000185949 0.000011132 0.999802919
QJ:/rc/rr: 0.000000000 0.001590735 0.998409265
QJ:/rrc/: 0.000016526 0.999983474 0.000000000
QJ:/rrc/cr: 0.000029030 0.000005509 0.999965461
QJ:/rrc/rr: 0.000000000 0.500000000 0.500000000
QK:/cc/: 0.440861422 0.559138578 0.000000000
QK:/cc/cr: 0.377412421 0.622420307 0.000167272
QK:/cc/rr: 0.000000000 0.999888184 0.000111816
QK:/crc/: 0.001766225 0.998233775 0.000000000
QK:/crc/cr: 0.000013796 0.582529705 0.417456500
QK:/crc/rr: 0.000000000 0.011695680 0.988304320
QK:/crrc/: 0.775681160 0.224318840 0.000000000
QK:/crrc/cr: 0.000294343 0.660820345 0.338885312
QK:/crrc/rr: 0.000000000 0.005749109 0.994250891
QK:/rc/: 0.500822936 0.499177064 0.000000000
QK:/rc/cr: 0.043450848 0.511432659 0.445116492
QK:/rc/rr: 0.000000000 0.212405530 0.787594470
QK:/rrc/: 0.134232337 0.865767663 0.000000000
QK:/rrc/cr: 0.000006363 0.324989125 0.675004513
QK:/rrc/rr: 0.000000000 0.003664282 0.996335718
QQ:/cc/: 0.525476912 0.474523088 0.000000000
QQ:/cc/cr: 0.999861488 0.000069256 0.000069256
QQ:/cc/rr: 0.000000000 0.999906189 0.000093811
QQ:/crc/: 0.974025944 0.025974056 0.000000000
QQ:/crc/cr: 0.998939598 0.000530201 0.000530201
QQ:/crc/rr: 0.000000000 0.999978792 0.000021208
QQ:/crrc/: 0.423192495 0.576807505 0.000000000
QQ:/crrc/cr: 0.999812333 0.000093833 0.000093833
QQ:/crrc/rr: 0.000000000 0.999808159 0.000191841
QQ:/rc/: 0.593722102 0.406277898 0.000000000
QQ:/rc/cr: 0.999945768 0.000027116 0.000027116
QQ:/rc/rr: 0.000000000 0.999972167 0.000027833
QQ:/rrc/: 0.958172155 0.041827845 0.000000000
QQ:/rrc/cr: 0.999736609 0.000131695 0.000131695
QQ:/rrc/rr: 0.000000000 0.999991376 0.000008624
