J:/c: 0.290874391 0.709125609 0.000000000
J:/crr: 0.000000000 0.999914903 0.000085097
J:/r: 0.056616425 0.164767987 0.778615588
JJ:/cc/c: 0.999965094 0.000034906 0.000000000
JJ:/cc/crr: 0.000000000 0.999982547 0.000017453
JJ:/cc/r: 0.999913782 0.000062947 0.000023270
JJ:/crc/c: 0.999914903 0.000085097 0.000000000
JJ:/crc/crr: 0.000000000 0.999957448 0.000042552
JJ:/crc/r: 0.999746698 0.000196571 0.000056731
JJ:/crrc/c: 0.999957448 0.000042552 0.000000000
JJ:/crrc/crr: 0.000000000 0.999978723 0.000021277
JJ:/crrc/r: 0.999943264 0.000028368 0.000028368
JJ:/rc/c: 0.999899849 0.000100151 0.000000000
JJ:/rc/crr: 0.000000000 0.999949920 0.000050080
JJ:/rc/r: 0.999796925 0.000136308 0.000066767
JJ:/rrc/c: 0.999708536 0.000291464 0.000000000
JJ:/rrc/crr: 0.000000000 0.999854226 0.000145774
JJ:/rrc/r: 0.998566557 0.001239134 0.000194309
JK:/cc/c: 0.004745185 0.995254815 0.000000000
JK:/cc/crr: 0.000000000 0.003678005 0.996321995
JK:/cc/r: 0.000062843 0.000023270 0.999913886
JK:/crc/c: 0.536260763 0.463739237 0.000000000
JK:/crc/crr: 0.000000000 0.000079343 0.999920657
JK:/crc/r: 0.111146862 0.000056731 0.888796407
JK:/crrc/c: 0.506257912 0.493742088 0.000000000
JK:/crrc/crr: 0.000000000 0.000042026 0.999957974
JK:/crrc/r: 0.205348646 0.000028368 0.794622986
JK:/rc/c: 0.262440864 0.737559136 0.000000000
JK:/rc/crr: 0.000000000 0.000190806 0.999809194
JK:/rc/r: 0.246369499 0.000066767 0.753563734
JK:/rrc/c: 0.999708536 0.000291464 0.000000000
JK:/rrc/crr: 0.000000000 0.000145774 0.999854226
JK:/rrc/r: 0.391643239 0.000423377 0.607933384
JQ:/cc/c: 0.063724658 0.936275342 0.000000000
JQ:/cc/crr: 0.000000000 0.000273879 0.999726121
JQ:/cc/r: 0.031111175 0.000023270 0.968865555
JQ:/crc/c: 0.443421196 0.556578804 0.000000000
JQ:/crc/crr: 0.000000000 0.000095955 0.999904045
JQ:/crc/r: 0.077434975 0.000056731 0.922508293
JQ:/crrc/c: 0.043325203 0.956674797 0.000000000
JQ:/crrc/crr: 0.000000000 0.000491077 0.999508923
JQ:/crrc/r: 0.177188299 0.000028368 0.822783333
JQ:/rc/c: 0.721742771 0.278257229 0.000000000
JQ:/rc/crr: 0.000000000 0.000069381 0.999930619
JQ:/rc/r: 0.000070813 0.000066767 0.999862419
JQ:/rrc/c: 0.040752611 0.959247389 0.000000000
JQ:/rrc/crr: 0.000000000 0.003576016 0.996423984
JQ:/rrc/r: 0.549265243 0.000424479 0.450310278
K:/c: 0.999709619 0.000290381 0.000000000
K:/crr: 0.000000000 0.999975240 0.000024760
K:/r: 0.616472585 0.383494412 0.000033003
KJ:/cc/c: 0.441297381 0.558702619 0.000000000
KJ:/cc/crr: 0.000000000 0.903419474 0.096580526
KJ:/cc/r: 0.298063942 0.117131712 0.584804346
KJ:/crc/c: 0.112377788 0.887622212 0.000000000
KJ:/crc/crr: 0.000000000 0.999889837 0.000110163
KJ:/crc/r: 0.000347230 0.750722818 0.248929952
KJ:/crrc/c: 0.288472067 0.711527933 0.000000000
KJ:/crrc/crr: 0.000000000 0.994976985 0.005023015
KJ:/crrc/r: 0.083357216 0.793692358 0.122950427
KJ:/rc/c: 0.558250315 0.441749685 0.000000000
KJ:/rc/crr: 0.000000000 0.600695051 0.399304949
KJ:/rc/r: 0.000401812 0.743710316 0.255887872
KJ:/rrc/c: 0.359815467 0.640184533 0.000000000
KJ:/rrc/crr: 0.000000000 0.999962803 0.000037197
KJ:/rrc/r: 0.045102655 0.914099584 0.040797761
KK:/cc/c: 0.914758534 0.085241466 0.000000000
KK:/cc/crr: 0.000000000 0.953407668 0.046592332
KK:/cc/r: 0.789451534 0.153720822 0.056827644
KK:/crc/c: 0.999975240 0.000024760 0.000000000
KK:/crc/crr: 0.000000000 0.999987620 0.000012380
KK:/crc/r: 0.638233749 0.361749745 0.000016506
KK:/crrc/c: 0.999987620 0.000012380 0.000000000
KK:/crrc/crr: 0.000000000 0.999993810 0.000006190
KK:/crrc/r: 0.999983493 0.000008253 0.000008253
KK:/rc/c: 0.999956970 0.000043030 0.000000000
KK:/rc/crr: 0.000000000 0.999978484 0.000021516
KK:/rc/r: 0.999897482 0.000073831 0.000028686
KK:/rrc/c: 0.999973232 0.000026768 0.000000000
KK:/rrc/crr: 0.000000000 0.999986616 0.000013384
KK:/rrc/r: 0.999895434 0.000086721 0.000017845
KQ:/cc/c: 0.441297381 0.558702619 0.000000000
KQ:/cc/crr: 0.000000000 0.903419474 0.096580526
KQ:/cc/r: 0.340288607 0.549901410 0.109809982
KQ:/crc/c: 0.257739581 0.742260419 0.000000000
KQ:/crc/crr: 0.000000000 0.062749542 0.937250458
KQ:/crc/r: 0.000645471 0.441123263 0.558231266
KQ:/crrc/c: 0.573124561 0.426875439 0.000000000
KQ:/crrc/crr: 0.000000000 0.421985447 0.578014553
KQ:/crrc/r: 0.000024684 0.747782567 0.252192749
KQ:/rc/c: 0.000442676 0.999557324 0.000000000
KQ:/rc/crr: 0.000000000 0.951398209 0.048601791
KQ:/rc/r: 0.000147248 0.321695485 0.678157267
KQ:/rrc/c: 0.502858848 0.497141152 0.000000000
KQ:/rrc/crr: 0.000000000 0.403754275 0.596245725
KQ:/rrc/r: 0.039813575 0.573039033 0.387147391
Q:/c: 0.841242641 0.158757359 0.000000000
Q:/crr: 0.000000000 0.999970576 0.000029424
Q:/r: 0.402185410 0.597459384 0.000355206
QJ:/cc/c: 0.002508880 0.997491120 0.000000000
QJ:/cc/crr: 0.000000000 0.031072401 0.968927599
QJ:/cc/r: 0.000280704 0.000103943 0.999615353
QJ:/crc/c: 0.471791637 0.528208363 0.000000000
QJ:/crc/crr: 0.000000000 0.010839874 0.989160126
QJ:/crc/r: 0.000497670 0.000019616 0.999482714
QJ:/crrc/c: 0.000413837 0.999586163 0.000000000
QJ:/crrc/crr: 0.000000000 0.017775464 0.982224536
QJ:/crrc/r: 0.008862327 0.000009808 0.991127864
QJ:/rc/c: 0.003444493 0.996555507 0.000000000
QJ:/rc/crr: 0.000000000 0.004009255 0.995990745
QJ:/rc/r: 0.030577138 0.000018413 0.969404448
QJ:/rrc/c: 0.001161856 0.998838144 0.000000000
QJ:/rrc/crr: 0.000000000 0.364494791 0.635505209
QJ:/rrc/r: 0.000416750 0.000056444 0.999526806
QK:/cc/c: 0.052521452 0.947478548 0.000000000
QK:/cc/crr: 0.000000000 0.998515712 0.001484288
QK:/cc/r: 0.001323740 0.730165885 0.268510376
QK:/crc/c: 0.342670529 0.657329471 0.000000000
QK:/crc/crr: 0.000000000 0.043297048 0.956702952
QK:/crc/r: 0.001703668 0.450515082 0.547781250
QK:/crrc/c: 0.215436728 0.784563272 0.000000000
QK:/crrc/crr: 0.000000000 0.015765089 0.984234911
QK:/crrc/r: 0.000311116 0.292193067 0.707495817
QK:/rc/c: 0.368844421 0.631155579 0.000000000
QK:/rc/crr: 0.000000000 0.043373310 0.956626690
QK:/rc/r: 0.000066997 0.333429686 0.666503316
QK:/rrc/c: 0.431029394 0.568970606 0.000000000
QK:/rrc/crr: 0.000000000 0.022508390 0.977491610
QK:/rrc/r: 0.000403528 0.469372984 0.530223487
QQ:/cc/c: 0.999844086 0.000155914 0.000000000
QQ:/cc/crr: 0.000000000 0.999922031 0.000077969
QQ:/cc/r: 0.999614889 0.000281168 0.000103943
QQ:/crc/c: 0.999970576 0.000029424 0.000000000
QQ:/crc/crr: 0.000000000 0.999985288 0.000014712
QQ:/crc/r: 0.638230904 0.361749480 0.000019616
QQ:/crrc/c: 0.999985288 0.000014712 0.000000000
QQ:/crrc/crr: 0.000000000 0.999992644 0.000007356
QQ:/crrc/r: 0.999980384 0.000009808 0.000009808
QQ:/rc/c: 0.999972380 0.000027620 0.000000000
QQ:/rc/crr: 0.000000000 0.999986190 0.000013810
QQ:/rc/r: 0.999928395 0.000053192 0.000018413
QQ:/rrc/c: 0.999958970 0.000041030 0.000000000
QQ:/rrc/crr: 0.000000000 0.999979484 0.000020516
QQ:/rrc/r: 0.999798211 0.000174435 0.000027353
