J:/: 0.086232918 0.913767082 0.000000000
J:/cr: 0.015822813 0.036731391 0.947445797
J:/rr: 0.000000000 0.999712958 0.000287042
JJ:/cc/: 0.001466360 0.998533640 0.000000000
JJ:/cc/cr: 0.999981915 0.000009043 0.000009043
JJ:/cc/rr: 0.000000000 0.990763392 0.009236608
JJ:/crc/: 0.960423595 0.039576405 0.000000000
JJ:/crc/cr: 0.995859079 0.002070460 0.002070460
JJ:/crc/rr: 0.000000000 0.999872023 0.000127977
JJ:/crrc/: 0.993936280 0.006063720 0.000000000
JJ:/crrc/cr: 0.937259531 0.031370235 0.031370235
JJ:/crrc/rr: 0.000000000 0.999712929 0.000287071
JJ:/rc/: 0.823028601 0.176971399 0.000000000
JJ:/rc/cr: 0.998918688 0.000540656 0.000540656
JJ:/rc/rr: 0.000000000 0.999825618 0.000174382
JJ:/rrc/: 0.994624197 0.005375803 0.000000000
JJ:/rrc/cr: 0.982196491 0.008901754 0.008901754
JJ:/rrc/rr: 0.000000000 0.999927831 0.000072169
JK:/cc/: 0.077387613 0.922612387 0.000000000
JK:/cc/cr: 0.000977775 0.000009787 0.999012438
JK:/cc/rr: 0.000000000 0.000175018 0.999824982
JK:/crc/: 0.065564812 0.934435188 0.000000000
JK:/crc/cr: 0.104502532 0.000087691 0.895409777
JK:/crc/rr: 0.000000000 0.001874665 0.998125335
JK:/crrc/: 0.998156913 0.001843087 0.000000000
JK:/crrc/cr: 0.103207488 0.103207488 0.793585024
JK:/crrc/rr: 0.000000000 0.000285857 0.999714143
JK:/rc/: 0.947832313 0.052167687 0.000000000
JK:/rc/cr: 0.886747659 0.001834099 0.111418242
JK:/rc/rr: 0.000000000 0.000151420 0.999848580
JK:/rrc/: 0.499510122 0.500489878 0.000000000
JK:/rrc/cr: 0.695539384 0.000095614 0.304365002
JK:/rrc/rr: 0.000000000 0.000143703 0.999856297
JQ:/cc/: 0.188485781 0.811514219 0.000000000
JQ:/cc/cr: 0.000047170 0.000011127 0.999941704
JQ:/cc/rr: 0.000000000 0.000071858 0.999928142
JQ:/crc/: 0.933961450 0.066038550 0.000000000
JQ:/crc/cr: 0.193619213 0.001240811 0.805139976
JQ:/crc/rr: 0.000000000 0.000131603 0.999868397
JQ:/crrc/: 0.100666710 0.899333290 0.000000000
JQ:/crrc/cr: 0.125363009 0.000211513 0.874425479
JQ:/crrc/rr: 0.000000000 0.002834408 0.997165592
JQ:/rc/: 0.971629268 0.028370732 0.000000000
JQ:/rc/cr: 0.003372514 0.003372514 0.993254972
JQ:/rc/rr: 0.000000000 0.000147712 0.999852288
JQ:/rrc/: 0.113788595 0.886211405 0.000000000
JQ:/rrc/cr: 0.006675099 0.000053998 0.993270903
JQ:/rrc/rr: 0.000000000 0.000630829 0.999369171
K:/: 0.760562186 0.239437814 0.000000000
K:/cr: 0.689182783 0.310748299 0.000068918
K:/rr: 0.000000000 0.999967455 0.000032545
KJ:/cc/: 0.000296909 0.999703091 0.000000000
KJ:/cc/cr: 0.000250049 0.000042732 0.999707220
KJ:/cc/rr: 0.000000000 0.825910580 0.174089420
KJ:/crc/: 0.002574509 0.997425491 0.000000000
KJ:/crc/cr: 0.002351082 0.997611859 0.000037059
KJ:/crc/rr: 0.000000000 0.978463685 0.021536315
KJ:/crrc/: 0.052785650 0.947214350 0.000000000
KJ:/crrc/cr: 0.000040130 0.999649632 0.000310238
KJ:/crrc/rr: 0.000000000 0.628843285 0.371156715
KJ:/rc/: 0.075005055 0.924994945 0.000000000
KJ:/rc/cr: 0.012816319 0.940772962 0.046410719
KJ:/rc/rr: 0.000000000 0.370835544 0.629164456
KJ:/rrc/: 0.121450179 0.878549821 0.000000000
KJ:/rrc/cr: 0.003961649 0.994892833 0.001145518
KJ:/rrc/rr: 0.000000000 0.863933079 0.136066921
KK:/cc/: 0.974612861 0.025387139 0.000000000
KK:/cc/cr: 0.997285306 0.001357347 0.001357347
KK:/cc/rr: 0.000000000 0.999946965 0.000053035
KK:/crc/: 0.284177160 0.715822840 0.000000000
KK:/crc/cr: 0.999896724 0.000051638 0.000051638
KK:/crc/rr: 0.000000000 0.999804891 0.000195109
KK:/crrc/: 0.967247769 0.032752231 0.000000000
KK:/crrc/cr: 0.998982257 0.000508871 0.000508871
KK:/crrc/rr: 0.000000000 0.999974153 0.000025847
KK:/rc/: 0.903713678 0.096286322 0.000000000
KK:/rc/cr: 0.999729929 0.000157404 0.000112667
KK:/rc/rr: 0.000000000 0.999981994 0.000018006
KK:/rrc/: 0.547916520 0.452083480 0.000000000
KK:/rrc/cr: 0.999976003 0.000011999 0.000011999
KK:/rrc/rr: 0.000000000 0.999985150 0.000014850
KQ:/cc/: 0.000709000 0.999291000 0.000000000
KQ:/cc/cr: 0.000369930 0.513475781 0.486154289
KQ:/cc/rr: 0.000000000 0.927096297 0.072903703
KQ:/crc/: 0.850035913 0.149964087 0.000000000
KQ:/crc/cr: 0.002185202 0.515858495 0.481956304
KQ:/crc/rr: 0.000000000 0.000065227 0.999934773
KQ:/crrc/: 0.075640693 0.924359307 0.000000000
KQ:/crrc/cr: 0.005300503 0.767943451 0.226756046
KQ:/crrc/rr: 0.000000000 0.490447773 0.509552227
KQ:/rc/: 0.000164016 0.999835984 0.000000000
KQ:/rc/cr: 0.000241523 0.500206766 0.499551711
KQ:/rc/rr: 0.000000000 0.900787427 0.099212573
KQ:/rrc/: 0.684704762 0.315295238 0.000000000
KQ:/rrc/cr: 0.063010606 0.756574694 0.180414699
KQ:/rrc/rr: 0.000000000 0.413789813 0.586210187
Q:/: 0.745728082 0.254271918 0.000000000
Q:/cr: 0.172004227 0.821130625 0.006865148
Q:/rr: 0.000000000 0.999966808 0.000033192
QJ:/cc/: 0.000097346 0.999902654 0.000000000
QJ:/cc/cr: 0.000137575 0.000032452 0.999829973
QJ:/cc/rr: 0.000000000 0.500000000 0.500000000
QJ:/crc/: 0.028981327 0.971018673 0.000000000
QJ:/crc/cr: 0.003877753 0.000013566 0.996108681
QJ:/crc/rr: 0.000000000 0.000681771 0.999318229
QJ:/crrc/: 0.046684805 0.953315195 0.000000000
QJ:/crrc/cr: 0.000632028 0.000065963 0.999302008
QJ:/crrc/rr: 0.000000000 0.002020479 0.997979521
QJ:/rc/: 0.011603240 0.988396760 0.000000000
QJ:/rc/cr: 0.000290339 0.000011194 0.999698467
QJ:/rc/rr: 0.000000000 0.001430306 0.998569694
QJ:/rrc/: 0.000016597 0.999983403 0.000000000
QJ:/rrc/cr: 0.000021090 0.000005532 0.999973378
QJ:/rrc/rr: 0.000000000 0.500000000 0.500000000
QK:/cc/: 0.554522313 0.445477687 0.000000000
QK:/cc/cr: 0.367919115 0.631971955 0.000108930
QK:/cc/rr: 0.000000000 0.999912225 0.000087775
QK:/crc/: 0.003275493 0.996724507 0.000000000
QK:/crc/cr: 0.000013216 0.567241518 0.432745266
QK:/crc/rr: 0.000000000 0.006032260 0.993967740
QK:/crrc/: 0.835572804 0.164427196 0.000000000
QK:/crrc/cr: 0.000505643 0.603428098 0.396066259
QK:/crrc/rr: 0.000000000 0.006151249 0.993848751
QK:/rc/: 0.484328739 0.515671261 0.000000000
QK:/rc/cr: 0.029209408 0.525372547 0.445418045
QK:/rc/rr: 0.000000000 0.199329645 0.800670355
QK:/rrc/: 0.130766935 0.869233065 0.000000000
QK:/rrc/cr: 0.000006365 0.311609640 0.688383995
QK:/rrc/rr: 0.000000000 0.003622829 0.996377171
QQ:/cc/: 0.526496044 0.473503956 0.000000000
QQ:/cc/cr: 0.999862942 0.000068529 0.000068529
QQ:/cc/rr: 0.000000000 0.999907553 0.000092447
QQ:/crc/: 0.974710891 0.025289109 0.000000000
QQ:/crc/cr: 0.998958254 0.000520873 0.000520873
QQ:/crc/rr: 0.000000000 0.999979729 0.000020271
QQ:/crrc/: 0.550071128 0.449928872 0.000000000
QQ:/crrc/cr: 0.999720472 0.000139764 0.000139764
QQ:/crrc/rr: 0.000000000 0.999828521 0.000171479
QQ:/rc/: 0.557691543 0.442308457 0.000000000
QQ:/rc/cr: 0.999949971 0.000025014 0.000025014
QQ:/rc/rr: 0.000000000 0.999970241 0.000029759
QQ:/rrc/: 0.962670699 0.037329301 0.000000000
QQ:/rrc/cr: 0.999703598 0.000148201 0.000148201
QQ:/rrc/rr: 0.000000000 0.999991380 0.000008620
