J:/c: 0.299627975 0.700372025 0.000000000
J:/crr: 0.000000000 0.999917389 0.000082611
J:/r: 0.059754564 0.213217152 0.727028285
JJ:/cc/c: 0.999964658 0.000035342 0.000000000
JJ:/cc/crr: 0.000000000 0.999982328 0.000017672
JJ:/cc/r: 0.999912837 0.000063602 0.000023561
JJ:/crc/c: 0.999917389 0.000082611 0.000000000
JJ:/crc/crr: 0.000000000 0.999958691 0.000041309
JJ:/crc/r: 0.999889852 0.000055074 0.000055074
JJ:/crrc/c: 0.999958691 0.000041309 0.000000000
JJ:/crrc/crr: 0.000000000 0.999979345 0.000020655
JJ:/crrc/r: 0.999944922 0.000027539 0.000027539
JJ:/rc/c: 0.999922606 0.000077394 0.000000000
JJ:/rc/crr: 0.000000000 0.999961300 0.000038700
JJ:/rc/r: 0.999843410 0.000104994 0.000051596
JJ:/rrc/c: 0.999723843 0.000276157 0.000000000
JJ:/rrc/crr: 0.000000000 0.999861883 0.000138117
JJ:/rrc/r: 0.998644434 0.001171461 0.000184105
JK:/cc/c: 0.008466422 0.991533578 0.000000000
JK:/cc/crr: 0.000000000 0.002087180 0.997912820
JK:/cc/r: 0.000065117 0.000023561 0.999911322
JK:/crc/c: 0.537508509 0.462491491 0.000000000
JK:/crc/crr: 0.000000000 0.000076846 0.999923154
JK:/crc/r: 0.026120808 0.000055074 0.973824118
JK:/crrc/c: 0.418554361 0.581445639 0.000000000
JK:/crrc/crr: 0.000000000 0.000049347 0.999950653
JK:/crrc/r: 0.240259222 0.000027539 0.759713239
JK:/rc/c: 0.144903351 0.855096649 0.000000000
JK:/rc/crr: 0.000000000 0.000267053 0.999732947
JK:/rc/r: 0.182409115 0.000051678 0.817539207
JK:/rrc/c: 0.999447886 0.000552114 0.000000000
JK:/rrc/crr: 0.000000000 0.000138155 0.999861845
JK:/rrc/r: 0.384230074 0.000400289 0.615369638
JQ:/cc/c: 0.072610787 0.927389213 0.000000000
JQ:/cc/crr: 0.000000000 0.000243365 0.999756635
JQ:/cc/r: 0.035274122 0.000023561 0.964702317
JQ:/crc/c: 0.487015842 0.512984158 0.000000000
JQ:/crc/crr: 0.000000000 0.000084813 0.999915187
JQ:/crc/r: 0.073869333 0.000055074 0.926075593
JQ:/crrc/c: 0.048605383 0.951394617 0.000000000
JQ:/crrc/crr: 0.000000000 0.000424940 0.999575060
JQ:/crrc/r: 0.277657960 0.000027539 0.722314501
JQ:/rc/c: 0.528657950 0.471342050 0.000000000
JQ:/rc/crr: 0.000000000 0.000073198 0.999926802
JQ:/rc/r: 0.000056280 0.000051596 0.999892124
JQ:/rrc/c: 0.190959403 0.809040597 0.000000000
JQ:/rrc/crr: 0.000000000 0.000723078 0.999276922
JQ:/rrc/r: 0.608920903 0.000401369 0.390677728
K:/c: 0.999749525 0.000250475 0.000000000
K:/crr: 0.000000000 0.999975241 0.000024759
K:/r: 0.649709246 0.350257751 0.000033003
KJ:/cc/c: 0.510835899 0.489164101 0.000000000
KJ:/cc/crr: 0.000000000 0.903273966 0.096726034
KJ:/cc/r: 0.348274003 0.135759600 0.515966397
KJ:/crc/c: 0.169847371 0.830152629 0.000000000
KJ:/crc/crr: 0.000000000 0.999927115 0.000072885
KJ:/crc/r: 0.000407997 0.731163127 0.268428876
KJ:/crrc/c: 0.430040053 0.569959947 0.000000000
KJ:/crrc/crr: 0.000000000 0.717868732 0.282131268
KJ:/crrc/r: 0.078398328 0.765370876 0.156230796
KJ:/rc/c: 0.730482967 0.269517033 0.000000000
KJ:/rc/crr: 0.000000000 0.644154344 0.355845656
KJ:/rc/r: 0.000374011 0.999594581 0.000031409
KJ:/rrc/c: 0.081733447 0.918266553 0.000000000
KJ:/rrc/crr: 0.000000000 0.999844626 0.000155374
KJ:/rrc/r: 0.070803890 0.871080325 0.058115784
KK:/cc/c: 0.901177739 0.098822261 0.000000000
KK:/cc/crr: 0.000000000 0.945170494 0.054829506
KK:/cc/r: 0.756276506 0.177841987 0.065881507
KK:/crc/c: 0.999975241 0.000024759 0.000000000
KK:/crc/crr: 0.000000000 0.999987620 0.000012380
KK:/crc/r: 0.639390049 0.360593446 0.000016506
KK:/crrc/c: 0.999987620 0.000012380 0.000000000
KK:/crrc/crr: 0.000000000 0.999993810 0.000006190
KK:/crrc/r: 0.999983494 0.000008253 0.000008253
KK:/rc/c: 0.999952887 0.000047113 0.000000000
KK:/rc/crr: 0.000000000 0.999976442 0.000023558
KK:/rc/r: 0.999887334 0.000081257 0.000031409
KK:/rrc/c: 0.999974601 0.000025399 0.000000000
KK:/rrc/crr: 0.000000000 0.999987300 0.000012700
KK:/rrc/r: 0.999901320 0.000081748 0.000016932
KQ:/cc/c: 0.510835899 0.489164101 0.000000000
KQ:/cc/crr: 0.000000000 0.903273966 0.096726034
KQ:/cc/r: 0.349279207 0.526835879 0.123884914
KQ:/crc/c: 0.260508039 0.739491961 0.000000000
KQ:/crc/crr: 0.000000000 0.057341918 0.942658082
KQ:/crc/r: 0.000640046 0.443482153 0.555877801
KQ:/crrc/c: 0.611292951 0.388707049 0.000000000
KQ:/crrc/crr: 0.000000000 0.459537868 0.540462132
KQ:/crrc/r: 0.000048535 0.660054793 0.339896672
KQ:/rc/c: 0.029824662 0.970175338 0.000000000
KQ:/rc/crr: 0.000000000 0.014213042 0.985786958
KQ:/rc/r: 0.000163227 0.345529285 0.654307488
KQ:/rrc/c: 0.431010458 0.568989542 0.000000000
KQ:/rrc/crr: 0.000000000 0.407027477 0.592972523
KQ:/rrc/r: 0.013099136 0.601327151 0.385573713
Q:/c: 0.852081378 0.147918622 0.000000000
Q:/crr: 0.000000000 0.999970951 0.000029049
Q:/r: 0.430322971 0.569500963 0.000176065
QJ:/cc/c: 0.003575698 0.996424302 0.000000000
QJ:/cc/crr: 0.000000000 0.023399410 0.976600590
QJ:/cc/r: 0.000308318 0.000111559 0.999580123
QJ:/crc/c: 0.489136275 0.510863725 0.000000000
QJ:/crc/crr: 0.000000000 0.000787000 0.999213000
QJ:/crc/r: 0.000348217 0.000019366 0.999632417
QJ:/crrc/c: 0.000613391 0.999386609 0.000000000
QJ:/crrc/crr: 0.000000000 0.011840031 0.988159969
QJ:/crrc/r: 0.032011317 0.000009683 0.967978999
QJ:/rc/c: 0.009885376 0.990114624 0.000000000
QJ:/rc/crr: 0.000000000 0.001465581 0.998534419
QJ:/rc/r: 0.000125737 0.000019317 0.999854946
QJ:/rrc/c: 0.001142564 0.998857436 0.000000000
QJ:/rrc/crr: 0.000000000 0.360231964 0.639768036
QJ:/rrc/r: 0.000390008 0.000052645 0.999557347
QK:/cc/c: 0.046200638 0.953799362 0.000000000
QK:/cc/crr: 0.000000000 0.998189003 0.001810997
QK:/cc/r: 0.001334219 0.737446015 0.261219765
QK:/crc/c: 0.312339943 0.687660057 0.000000000
QK:/crc/crr: 0.000000000 0.024765745 0.975234255
QK:/crc/r: 0.001725442 0.475917082 0.522357476
QK:/crrc/c: 0.141229076 0.858770924 0.000000000
QK:/crrc/crr: 0.000000000 0.016121293 0.983878707
QK:/crrc/r: 0.000323020 0.297745002 0.701931978
QK:/rc/c: 0.376968735 0.623031265 0.000000000
QK:/rc/crr: 0.000000000 0.059080818 0.940919182
QK:/rc/r: 0.000073093 0.317161497 0.682765409
QK:/rrc/c: 0.427081774 0.572918226 0.000000000
QK:/rrc/crr: 0.000000000 0.062568475 0.937431525
QK:/rrc/r: 0.000396548 0.498420247 0.501183205
QQ:/cc/c: 0.999832662 0.000167338 0.000000000
QQ:/cc/crr: 0.000000000 0.999916317 0.000083683
QQ:/cc/r: 0.999587296 0.000301145 0.000111559
QQ:/crc/c: 0.999970951 0.000029049 0.000000000
QQ:/crc/crr: 0.000000000 0.999985475 0.000014525
QQ:/crc/r: 0.642938256 0.357042378 0.000019366
QQ:/crrc/c: 0.999985475 0.000014525 0.000000000
QQ:/crrc/crr: 0.000000000 0.999992737 0.000007263
QQ:/crrc/r: 0.999980633 0.000009683 0.000009683
QQ:/rc/c: 0.999971024 0.000028976 0.000000000
QQ:/rc/crr: 0.000000000 0.999985512 0.000014488
QQ:/rc/r: 0.999924366 0.000056317 0.000019317
QQ:/rrc/c: 0.999961653 0.000038347 0.000000000
QQ:/rrc/crr: 0.000000000 0.999980826 0.000019174
QQ:/rrc/r: 0.999811766 0.000162669 0.000025565
