J:/: 0.073321725 0.926678275 0.000000000
J:/cr: 0.019039881 0.032509855 0.948450264
J:/rr: 0.000000000 0.999662413 0.000337587
JJ:/cc/: 0.001516913 0.998483087 0.000000000
JJ:/cc/cr: 0.999982166 0.000008917 0.000008917
JJ:/cc/rr: 0.000000000 0.991195615 0.008804385
JJ:/crc/: 0.974974040 0.025025960 0.000000000
JJ:/crc/cr: 0.992704226 0.003647887 0.003647887
JJ:/crc/rr: 0.000000000 0.999859547 0.000140453
JJ:/crrc/: 0.995214357 0.004785643 0.000000000
JJ:/crrc/cr: 0.934856271 0.032571864 0.032571864
JJ:/crrc/rr: 0.000000000 0.999765060 0.000234940
JJ:/rc/: 0.578471200 0.421528800 0.000000000
JJ:/rc/cr: 0.999466091 0.000266955 0.000266955
JJ:/rc/rr: 0.000000000 0.999708207 0.000291793
JJ:/rrc/: 0.993282610 0.006717390 0.000000000
JJ:/rrc/cr: 0.983242441 0.008378780 0.008378780
JJ:/rrc/rr: 0.000000000 0.999915004 0.000084996
JK:/cc/: 0.070344905 0.929655095 0.000000000
JK:/cc/cr: 0.003948278 0.000009577 0.996042144
JK:/cc/rr: 0.000000000 0.000189857 0.999810143
JK:/crc/: 0.146020818 0.853979182 0.000000000
JK:/crc/cr: 0.086303651 0.000106902 0.913589447
JK:/crc/rr: 0.000000000 0.000937796 0.999062204
JK:/crrc/: 0.998610866 0.001389134 0.000000000
JK:/crrc/cr: 0.112211873 0.112211873 0.775576255
JK:/crrc/rr: 0.000000000 0.000234141 0.999765859
JK:/rc/: 0.992155673 0.007844327 0.000000000
JK:/rc/cr: 0.014345279 0.014345279 0.971309442
JK:/rc/rr: 0.000000000 0.000170128 0.999829872
JK:/rrc/: 0.432741515 0.567258485 0.000000000
JK:/rrc/cr: 0.634328983 0.000099220 0.365571796
JK:/rrc/rr: 0.000000000 0.000195094 0.999804906
JQ:/cc/: 0.162524643 0.837475357 0.000000000
JQ:/cc/cr: 0.000041851 0.000010632 0.999947518
JQ:/cc/rr: 0.000000000 0.000082175 0.999917825
JQ:/crc/: 0.981684972 0.018315028 0.000000000
JQ:/crc/cr: 0.004984533 0.004984533 0.990030933
JQ:/crc/rr: 0.000000000 0.000139493 0.999860507
JQ:/crrc/: 0.085403269 0.914596731 0.000000000
JQ:/crrc/cr: 0.103399952 0.000170433 0.896429615
JQ:/crrc/rr: 0.000000000 0.002737787 0.997262213
JQ:/rc/: 0.980209044 0.019790956 0.000000000
JQ:/rc/cr: 0.005685883 0.005685883 0.988628234
JQ:/rc/rr: 0.000000000 0.000172202 0.999827798
JQ:/rrc/: 0.178881843 0.821118157 0.000000000
JQ:/rrc/cr: 0.006216175 0.000068545 0.993715280
JQ:/rrc/rr: 0.000000000 0.000471961 0.999528039
K:/: 0.743350320 0.256649680 0.000000000
K:/cr: 0.701516639 0.298419064 0.000064296
K:/rr: 0.000000000 0.999966701 0.000033299
KJ:/cc/: 0.000274324 0.999725676 0.000000000
KJ:/cc/cr: 0.000233767 0.000040991 0.999725242
KJ:/cc/rr: 0.000000000 0.824213817 0.175786183
KJ:/crc/: 0.002172843 0.997827157 0.000000000
KJ:/crc/cr: 0.000790326 0.999173686 0.000035988
KJ:/crc/rr: 0.000000000 0.975210271 0.024789729
KJ:/crrc/: 0.075119833 0.924880167 0.000000000
KJ:/crrc/cr: 0.000034705 0.999678750 0.000286544
KJ:/crrc/rr: 0.000000000 0.759303424 0.240696576
KJ:/rc/: 0.052621094 0.947378906 0.000000000
KJ:/rc/cr: 0.020949626 0.871143538 0.107906836
KJ:/rc/rr: 0.000000000 0.515721463 0.484278537
KJ:/rrc/: 0.076770689 0.923229311 0.000000000
KJ:/rrc/cr: 0.003595997 0.995402327 0.001001676
KJ:/rrc/rr: 0.000000000 0.551746098 0.448253902
KK:/cc/: 0.947872120 0.052127880 0.000000000
KK:/cc/cr: 0.998766564 0.000616718 0.000616718
KK:/cc/rr: 0.000000000 0.999949126 0.000050874
KK:/crc/: 0.288634724 0.711365276 0.000000000
KK:/crc/cr: 0.999899041 0.000050480 0.000050480
KK:/crc/rr: 0.000000000 0.999813383 0.000186617
KK:/crrc/: 0.981330340 0.018669660 0.000000000
KK:/crrc/cr: 0.998363594 0.000818203 0.000818203
KK:/crrc/rr: 0.000000000 0.999976651 0.000023349
KK:/rc/: 0.808057711 0.191942289 0.000000000
KK:/rc/cr: 0.999851552 0.000090620 0.000057827
KK:/rc/rr: 0.000000000 0.999979396 0.000020604
KK:/rrc/: 0.447582597 0.552417403 0.000000000
KK:/rrc/cr: 0.999979907 0.000010047 0.000010047
KK:/rrc/rr: 0.000000000 0.999981400 0.000018600
KQ:/cc/: 0.003384362 0.996615638 0.000000000
KQ:/cc/cr: 0.000234496 0.414821364 0.584944140
KQ:/cc/rr: 0.000000000 0.985751436 0.014248564
KQ:/crc/: 0.794332957 0.205667043 0.000000000
KQ:/crc/cr: 0.001474976 0.471572176 0.526952848
KQ:/crc/rr: 0.000000000 0.000067811 0.999932189
KQ:/crrc/: 0.049242815 0.950757185 0.000000000
KQ:/crrc/cr: 0.022575868 0.720283189 0.257140943
KQ:/crrc/rr: 0.000000000 0.325909431 0.674090569
KQ:/rc/: 0.000144550 0.999855450 0.000000000
KQ:/rc/cr: 0.000256601 0.475821977 0.523921422
KQ:/rc/rr: 0.000000000 0.884820339 0.115179661
KQ:/rrc/: 0.650779866 0.349220134 0.000000000
KQ:/rrc/cr: 0.049767594 0.690999202 0.259233203
KQ:/rrc/rr: 0.000000000 0.386913888 0.613086112
Q:/: 0.737146395 0.262853605 0.000000000
Q:/cr: 0.188648770 0.777344105 0.034007124
Q:/rr: 0.000000000 0.999966421 0.000033579
QJ:/cc/: 0.000094168 0.999905832 0.000000000
QJ:/cc/cr: 0.000123575 0.000031392 0.999845032
QJ:/cc/rr: 0.000000000 0.500000000 0.500000000
QJ:/crc/: 0.030976914 0.969023086 0.000000000
QJ:/crc/cr: 0.001207628 0.000013890 0.998778481
QJ:/crc/rr: 0.000000000 0.000651781 0.999348219
QJ:/crrc/: 0.002332402 0.997667598 0.000000000
QJ:/crrc/cr: 0.000455221 0.000055593 0.999489186
QJ:/crrc/rr: 0.000000000 0.035669428 0.964330572
QJ:/rc/: 0.005846616 0.994153384 0.000000000
QJ:/rc/cr: 0.000283699 0.000011259 0.999705042
QJ:/rc/rr: 0.000000000 0.002871642 0.997128358
QJ:/rrc/: 0.000016790 0.999983210 0.000000000
QJ:/rrc/cr: 0.000014791 0.000005597 0.999979612
QJ:/rrc/rr: 0.000000000 0.500000000 0.500000000
QK:/cc/: 0.568935356 0.431064644 0.000000000
QK:/cc/cr: 0.089473684 0.899016488 0.011509829
QK:/cc/rr: 0.000000000 0.386355582 0.613644418
QK:/crc/: 0.014834059 0.985165941 0.000000000
QK:/crc/cr: 0.000013663 0.554295035 0.445691302
QK:/crc/rr: 0.000000000 0.001361069 0.998638931
QK:/crrc/: 0.828063724 0.171936276 0.000000000
QK:/crrc/cr: 0.000474364 0.755699837 0.243825800
QK:/crrc/rr: 0.000000000 0.003957183 0.996042817
QK:/rc/: 0.423097960 0.576902040 0.000000000
QK:/rc/cr: 0.000288412 0.552764734 0.446946855
QK:/rc/rr: 0.000000000 0.195432103 0.804567897
QK:/rrc/: 0.099941346 0.900058654 0.000000000
QK:/rrc/cr: 0.000006218 0.308697630 0.691296152
QK:/rrc/rr: 0.000000000 0.004453357 0.995546643
QQ:/cc/: 0.485178392 0.514821608 0.000000000
QQ:/cc/cr: 0.999878057 0.000060971 0.000060971
QQ:/cc/rr: 0.000000000 0.999902955 0.000097045
QQ:/crc/: 0.960540478 0.039459522 0.000000000
QQ:/crc/cr: 0.999317776 0.000341112 0.000341112
QQ:/crc/rr: 0.000000000 0.999978980 0.000021020
QQ:/crrc/: 0.358686257 0.641313743 0.000000000
QQ:/crrc/cr: 0.999827031 0.000086484 0.000086484
QQ:/crrc/rr: 0.000000000 0.999768055 0.000231945
QQ:/rc/: 0.509343481 0.490656519 0.000000000
QQ:/rc/cr: 0.999954376 0.000022812 0.000022812
QQ:/rc/rr: 0.000000000 0.999967037 0.000032963
QQ:/rrc/: 0.931793701 0.068206299 0.000000000
QQ:/rrc/cr: 0.999835890 0.000082055 0.000082055
QQ:/rrc/rr: 0.000000000 0.999990991 0.000009009
