J:/c: 0.279957185 0.720042815 0.000000000
J:/crr: 0.000000000 0.999887398 0.000112602
J:/r: 0.055091191 0.136711289 0.808197521
JJ:/cc/c: 0.999965624 0.000034376 0.000000000
JJ:/cc/crr: 0.000000000 0.999982811 0.000017189
JJ:/cc/r: 0.999914503 0.000062579 0.000022918
JJ:/crc/c: 0.999911585 0.000088415 0.000000000
JJ:/crc/crr: 0.000000000 0.999955788 0.000044212
JJ:/crc/r: 0.999577498 0.000363559 0.000058943
JJ:/crrc/c: 0.999955787 0.000044213 0.000000000
JJ:/crrc/crr: 0.000000000 0.999977893 0.000022107
JJ:/crrc/r: 0.999941050 0.000029475 0.000029475
JJ:/rc/c: 0.999879296 0.000120704 0.000000000
JJ:/rc/crr: 0.000000000 0.999939641 0.000060359
JJ:/rc/r: 0.999732193 0.000187337 0.000080470
JJ:/rrc/c: 0.999700467 0.000299533 0.000000000
JJ:/rrc/crr: 0.000000000 0.999850188 0.000149812
JJ:/rrc/r: 0.998514450 0.001285861 0.000199689
JK:/cc/c: 0.007858281 0.992141719 0.000000000
JK:/cc/crr: 0.000000000 0.002187272 0.997812728
JK:/cc/r: 0.000055744 0.000022918 0.999921338
JK:/crc/c: 0.594981475 0.405018525 0.000000000
JK:/crc/crr: 0.000000000 0.000074301 0.999925699
JK:/crc/r: 0.047168364 0.000058943 0.952772692
JK:/crrc/c: 0.659812659 0.340187341 0.000000000
JK:/crrc/crr: 0.000000000 0.000033504 0.999966496
JK:/crrc/r: 0.209115238 0.000068611 0.790816151
JK:/rc/c: 0.393284914 0.606715086 0.000000000
JK:/rc/crr: 0.000000000 0.000153457 0.999846543
JK:/rc/r: 0.359792514 0.000080470 0.640127016
JK:/rrc/c: 0.995949205 0.004050795 0.000000000
JK:/rrc/crr: 0.000000000 0.000150376 0.999849624
JK:/rrc/r: 0.198754921 0.000435960 0.800809119
JQ:/cc/c: 0.081568966 0.918431034 0.000000000
JQ:/cc/crr: 0.000000000 0.000210720 0.999789280
JQ:/cc/r: 0.025941511 0.000022918 0.974035572
JQ:/crc/c: 0.690556700 0.309443300 0.000000000
JQ:/crc/crr: 0.000000000 0.000064017 0.999935983
JQ:/crc/r: 0.000071745 0.000058943 0.999869312
JQ:/crrc/c: 0.034833047 0.965166953 0.000000000
JQ:/crrc/crr: 0.000000000 0.000634636 0.999365364
JQ:/crrc/r: 0.251939035 0.000052004 0.748008961
JQ:/rc/c: 0.988142788 0.011857212 0.000000000
JQ:/rc/crr: 0.000000000 0.000061076 0.999938924
JQ:/rc/r: 0.000080470 0.000080470 0.999839061
JQ:/rrc/c: 0.161083112 0.838916888 0.000000000
JQ:/rrc/crr: 0.000000000 0.000929748 0.999070252
JQ:/rrc/r: 0.450849289 0.000438059 0.548712651
K:/c: 0.999778982 0.000221018 0.000000000
K:/crr: 0.000000000 0.999975242 0.000024758
K:/r: 0.540127577 0.459839420 0.000033003
KJ:/cc/c: 0.351567120 0.648432880 0.000000000
KJ:/cc/crr: 0.000000000 0.840723250 0.159276750
KJ:/cc/r: 0.379078263 0.152357930 0.468563806
KJ:/crc/c: 0.159272523 0.840727477 0.000000000
KJ:/crc/crr: 0.000000000 0.999922278 0.000077722
KJ:/crc/r: 0.000185497 0.714871107 0.284943396
KJ:/crrc/c: 0.283518440 0.716481560 0.000000000
KJ:/crrc/crr: 0.000000000 0.999977843 0.000022157
KJ:/crrc/r: 0.078956349 0.803938923 0.117104727
KJ:/rc/c: 0.447232207 0.552767793 0.000000000
KJ:/rc/crr: 0.000000000 0.719667168 0.280332832
KJ:/rc/r: 0.063709302 0.747938746 0.188351953
KJ:/rrc/c: 0.089349322 0.910650678 0.000000000
KJ:/rrc/crr: 0.000000000 0.961937798 0.038062202
KJ:/rrc/r: 0.028224596 0.918791315 0.052984090
KK:/cc/c: 0.888007063 0.111992937 0.000000000
KK:/cc/crr: 0.000000000 0.936941415 0.063058585
KK:/cc/r: 0.721465615 0.203872427 0.074661958
KK:/crc/c: 0.999975242 0.000024758 0.000000000
KK:/crc/crr: 0.000000000 0.999987621 0.000012379
KK:/crc/r: 0.633081874 0.366901621 0.000016505
KK:/crrc/c: 0.999987621 0.000012379 0.000000000
KK:/crrc/crr: 0.000000000 0.999993810 0.000006190
KK:/crrc/r: 0.999983494 0.000008253 0.000008253
KK:/rc/c: 0.999964114 0.000035886 0.000000000
KK:/rc/crr: 0.000000000 0.999982057 0.000017943
KK:/rc/r: 0.999915856 0.000060220 0.000023924
KK:/rrc/c: 0.999969449 0.000030551 0.000000000
KK:/rrc/crr: 0.000000000 0.999984724 0.000015276
KK:/rrc/r: 0.999877627 0.000102005 0.000020368
KQ:/cc/c: 0.351567120 0.648432880 0.000000000
KQ:/cc/crr: 0.000000000 0.840723250 0.159276750
KQ:/cc/r: 0.379135274 0.153760730 0.467103996
KQ:/crc/c: 0.073620956 0.926379044 0.000000000
KQ:/crc/crr: 0.000000000 0.187096674 0.812903326
KQ:/crc/r: 0.000502461 0.460889745 0.538607794
KQ:/crrc/c: 0.615040002 0.384959998 0.000000000
KQ:/crrc/crr: 0.000000000 0.399853092 0.600146908
KQ:/crrc/r: 0.000008253 0.682090136 0.317901612
KQ:/rc/c: 0.047424230 0.952575770 0.000000000
KQ:/rc/crr: 0.000000000 0.000665828 0.999334172
KQ:/rc/r: 0.000131464 0.347002028 0.652866508
KQ:/rrc/c: 0.344245105 0.655754895 0.000000000
KQ:/rrc/crr: 0.000000000 0.726332962 0.273667038
KQ:/rrc/r: 0.024209525 0.622752791 0.353037684
Q:/c: 0.820692117 0.179307883 0.000000000
Q:/crr: 0.000000000 0.999969840 0.000030160
Q:/r: 0.302714329 0.693693824 0.003591847
QJ:/cc/c: 0.003865838 0.996134162 0.000000000
QJ:/cc/crr: 0.000000000 0.017854412 0.982145588
QJ:/cc/r: 0.000223851 0.000092030 0.999684119
QJ:/crc/c: 0.389836761 0.610163239 0.000000000
QJ:/crc/crr: 0.000000000 0.183483804 0.816516196
QJ:/crc/r: 0.000728547 0.000020107 0.999251346
QJ:/crrc/c: 0.000466693 0.999533307 0.000000000
QJ:/crrc/crr: 0.000000000 0.016156975 0.983843025
QJ:/crrc/r: 0.019781633 0.000010054 0.980208314
QJ:/rc/c: 0.000516895 0.999483105 0.000000000
QJ:/rc/crr: 0.000000000 0.023010579 0.976989421
QJ:/rc/r: 0.013953938 0.000018646 0.986027416
QJ:/rrc/c: 0.001299631 0.998700369 0.000000000
QJ:/rrc/crr: 0.000000000 0.020972213 0.979027787
QJ:/rrc/r: 0.000550955 0.000075881 0.999373164
QK:/cc/c: 0.147346326 0.852653674 0.000000000
QK:/cc/crr: 0.000000000 0.999531564 0.000468436
QK:/cc/r: 0.000492539 0.719508229 0.279999232
QK:/crc/c: 0.284228989 0.715771011 0.000000000
QK:/crc/crr: 0.000000000 0.055190976 0.944809024
QK:/crc/r: 0.000832092 0.462762987 0.536404921
QK:/crrc/c: 0.137018382 0.862981618 0.000000000
QK:/crrc/crr: 0.000000000 0.019856474 0.980143526
QK:/crrc/r: 0.000181779 0.300560272 0.699257949
QK:/rc/c: 0.368422573 0.631577427 0.000000000
QK:/rc/crr: 0.000000000 0.030422121 0.969577879
QK:/rc/r: 0.000059828 0.321703932 0.678236240
QK:/rrc/c: 0.397653340 0.602346660 0.000000000
QK:/rrc/crr: 0.000000000 0.004293327 0.995706673
QK:/rrc/r: 0.000523185 0.504259155 0.495217659
QQ:/cc/c: 0.999861955 0.000138045 0.000000000
QQ:/cc/crr: 0.000000000 0.999930968 0.000069032
QQ:/cc/r: 0.999656673 0.000251297 0.000092030
QQ:/crc/c: 0.999969840 0.000030160 0.000000000
QQ:/crc/crr: 0.000000000 0.999984919 0.000015081
QQ:/crc/r: 0.633078635 0.366901258 0.000020107
QQ:/crrc/c: 0.999984919 0.000015081 0.000000000
QQ:/crrc/crr: 0.000000000 0.999992460 0.000007540
QQ:/crrc/r: 0.999979892 0.000010054 0.000010054
QQ:/rc/c: 0.999976212 0.000023788 0.000000000
QQ:/rc/crr: 0.000000000 0.999988106 0.000011894
QQ:/rc/r: 0.999942458 0.000041684 0.000015859
QQ:/rrc/c: 0.999945488 0.000054512 0.000000000
QQ:/rrc/crr: 0.000000000 0.999972742 0.000027258
QQ:/rrc/r: 0.999729644 0.000234015 0.000036342
