J:/c: 0.274094102 0.725905898 0.000000000
J:/crr: 0.000000000 0.999909694 0.000090306
J:/r: 0.046343967 0.138156919 0.815499114
JJ:/cc/c: 0.999965901 0.000034099 0.000000000
JJ:/cc/crr: 0.000000000 0.999982950 0.000017050
JJ:/cc/r: 0.999915153 0.000062114 0.000022732
JJ:/crc/c: 0.999909694 0.000090306 0.000000000
JJ:/crc/crr: 0.000000000 0.999954843 0.000045157
JJ:/crc/r: 0.999517254 0.000422542 0.000060204
JJ:/crrc/c: 0.999954843 0.000045157 0.000000000
JJ:/crrc/crr: 0.000000000 0.999977420 0.000022580
JJ:/crrc/r: 0.999939790 0.000030105 0.000030105
JJ:/rc/c: 0.999880559 0.000119441 0.000000000
JJ:/rc/crr: 0.000000000 0.999940272 0.000059728
JJ:/rc/r: 0.999734734 0.000185638 0.000079628
JJ:/rrc/c: 0.999643931 0.000356069 0.000000000
JJ:/rrc/crr: 0.000000000 0.999821902 0.000178098
JJ:/rrc/r: 0.998233055 0.001529565 0.000237379
JK:/cc/c: 0.007120050 0.992879950 0.000000000
JK:/cc/crr: 0.000000000 0.002394557 0.997605443
JK:/cc/r: 0.000054893 0.000022732 0.999922375
JK:/crc/c: 0.546071028 0.453928972 0.000000000
JK:/crc/crr: 0.000000000 0.000082687 0.999917313
JK:/crc/r: 0.072357820 0.000060204 0.927581976
JK:/crrc/c: 0.294064163 0.705935837 0.000000000
JK:/crrc/crr: 0.000000000 0.000076781 0.999923219
JK:/crrc/r: 0.175054247 0.000072984 0.824872768
JK:/rc/c: 0.476436341 0.523563659 0.000000000
JK:/rc/crr: 0.000000000 0.000125349 0.999874651
JK:/rc/r: 0.301949772 0.000079628 0.697970600
JK:/rrc/c: 0.995187024 0.004812976 0.000000000
JK:/rrc/crr: 0.000000000 0.000178896 0.999821104
JK:/rrc/r: 0.248241222 0.000518556 0.751240222
JQ:/cc/c: 0.067437289 0.932562711 0.000000000
JQ:/cc/crr: 0.000000000 0.000252818 0.999747182
JQ:/cc/r: 0.031176081 0.000022732 0.968801187
JQ:/crc/c: 0.561944926 0.438055074 0.000000000
JQ:/crc/crr: 0.000000000 0.000080352 0.999919648
JQ:/crc/r: 0.003939036 0.000060204 0.996000760
JQ:/crrc/c: 0.030929237 0.969070763 0.000000000
JQ:/crrc/crr: 0.000000000 0.000730010 0.999269990
JQ:/crrc/r: 0.208679847 0.000051887 0.791268266
JQ:/rc/c: 0.986788078 0.013211922 0.000000000
JQ:/rc/crr: 0.000000000 0.000060520 0.999939480
JQ:/rc/r: 0.000079628 0.000079628 0.999840745
JQ:/rrc/c: 0.106501108 0.893498892 0.000000000
JQ:/rrc/crr: 0.000000000 0.001671668 0.998328332
JQ:/rrc/r: 0.493724420 0.000521033 0.505754546
K:/c: 0.999847491 0.000152509 0.000000000
K:/crr: 0.000000000 0.999975244 0.000024756
K:/r: 0.472446491 0.527520506 0.000033003
KJ:/cc/c: 0.509254053 0.490745947 0.000000000
KJ:/cc/crr: 0.000000000 0.840647267 0.159352733
KJ:/cc/r: 0.548260982 0.220794874 0.230944143
KJ:/crc/c: 0.227702324 0.772297676 0.000000000
KJ:/crc/crr: 0.000000000 0.999945639 0.000054361
KJ:/crc/r: 0.000206083 0.751608810 0.248185108
KJ:/crrc/c: 0.219093707 0.780906293 0.000000000
KJ:/crrc/crr: 0.000000000 0.909816415 0.090183585
KJ:/crrc/r: 0.071497655 0.769420715 0.159081630
KJ:/rc/c: 0.386536540 0.613463460 0.000000000
KJ:/rc/crr: 0.000000000 0.627037958 0.372962042
KJ:/rc/r: 0.029944992 0.797894627 0.172160381
KJ:/rrc/c: 0.091293827 0.908706173 0.000000000
KJ:/rrc/crr: 0.000000000 0.958730260 0.041269740
KJ:/rrc/r: 0.043827379 0.908642957 0.047529664
KK:/cc/c: 0.837697950 0.162302050 0.000000000
KK:/cc/crr: 0.000000000 0.903126151 0.096873849
KK:/cc/r: 0.596149829 0.295648804 0.108201367
KK:/crc/c: 0.999975244 0.000024756 0.000000000
KK:/crc/crr: 0.000000000 0.999987622 0.000012378
KK:/crc/r: 0.632728538 0.367254958 0.000016504
KK:/crrc/c: 0.999987622 0.000012378 0.000000000
KK:/crrc/crr: 0.000000000 0.999993811 0.000006189
KK:/crrc/r: 0.999983495 0.000008252 0.000008252
KK:/rc/c: 0.999968718 0.000031282 0.000000000
KK:/rc/crr: 0.000000000 0.999984359 0.000015641
KK:/rc/r: 0.999926763 0.000052383 0.000020854
KK:/rrc/c: 0.999965072 0.000034928 0.000000000
KK:/rrc/crr: 0.000000000 0.999982535 0.000017465
KK:/rrc/r: 0.999859848 0.000116867 0.000023285
KQ:/cc/c: 0.509254053 0.490745947 0.000000000
KQ:/cc/crr: 0.000000000 0.840647267 0.159352733
KQ:/cc/r: 0.548271519 0.222907194 0.228821287
KQ:/crc/c: 0.023941110 0.976058890 0.000000000
KQ:/crc/crr: 0.000000000 0.112296821 0.887703179
KQ:/crc/r: 0.000527959 0.463039322 0.536432719
KQ:/crrc/c: 0.596964838 0.403035162 0.000000000
KQ:/crrc/crr: 0.000000000 0.403913785 0.596086215
KQ:/crrc/r: 0.028621864 0.717690590 0.253687546
KQ:/rc/c: 0.093063667 0.906936333 0.000000000
KQ:/rc/crr: 0.000000000 0.000383471 0.999616529
KQ:/rc/r: 0.000113777 0.353081486 0.646804737
KQ:/rrc/c: 0.488664057 0.511335943 0.000000000
KQ:/rrc/crr: 0.000000000 0.452647140 0.547352860
KQ:/rrc/r: 0.022848570 0.606324770 0.370826660
Q:/c: 0.839062488 0.160937512 0.000000000
Q:/crr: 0.000000000 0.999970500 0.000029500
Q:/r: 0.275202087 0.721536886 0.003261028
QJ:/cc/c: 0.004026560 0.995973440 0.000000000
QJ:/cc/crr: 0.000000000 0.019098408 0.980901592
QJ:/cc/r: 0.000247594 0.000102535 0.999649872
QJ:/crc/c: 0.265137036 0.734862964 0.000000000
QJ:/crc/crr: 0.000000000 0.000055632 0.999944368
QJ:/crc/r: 0.000757975 0.000019667 0.999222358
QJ:/crrc/c: 0.000436107 0.999563893 0.000000000
QJ:/crrc/crr: 0.000000000 0.016911559 0.983088441
QJ:/crrc/r: 0.010278785 0.000009834 0.989711382
QJ:/rc/c: 0.000383392 0.999616608 0.000000000
QJ:/rc/crr: 0.000000000 0.029826079 0.970173921
QJ:/rc/r: 0.013699770 0.000017900 0.986282330
QJ:/rrc/c: 0.001424228 0.998575772 0.000000000
QJ:/rrc/crr: 0.000000000 0.021050686 0.978949314
QJ:/rrc/r: 0.000605841 0.000083517 0.999310642
QK:/cc/c: 0.103624726 0.896375274 0.000000000
QK:/cc/crr: 0.000000000 0.999257891 0.000742109
QK:/cc/r: 0.000696290 0.708671451 0.290632260
QK:/crc/c: 0.507816389 0.492183611 0.000000000
QK:/crc/crr: 0.000000000 0.122556425 0.877443575
QK:/crc/r: 0.015949561 0.476759244 0.507291195
QK:/crrc/c: 0.167454697 0.832545303 0.000000000
QK:/crrc/crr: 0.000000000 0.009270079 0.990729921
QK:/crrc/r: 0.000324012 0.293609943 0.706066045
QK:/rc/c: 0.368526396 0.631473604 0.000000000
QK:/rc/crr: 0.000000000 0.071809049 0.928190951
QK:/rc/r: 0.000060861 0.378839105 0.621100034
QK:/rrc/c: 0.441516503 0.558483497 0.000000000
QK:/rrc/crr: 0.000000000 0.004275313 0.995724687
QK:/rrc/r: 0.000574592 0.499892663 0.499532745
QQ:/cc/c: 0.999846198 0.000153802 0.000000000
QQ:/cc/crr: 0.000000000 0.999923087 0.000076913
QQ:/cc/r: 0.999617301 0.000280165 0.000102535
QQ:/crc/c: 0.999970500 0.000029500 0.000000000
QQ:/crc/crr: 0.000000000 0.999985249 0.000014751
QQ:/crc/r: 0.632725698 0.367254636 0.000019667
QQ:/crrc/c: 0.999985249 0.000014751 0.000000000
QQ:/crrc/crr: 0.000000000 0.999992625 0.000007375
QQ:/crrc/r: 0.999980333 0.000009834 0.000009834
QQ:/rc/c: 0.999977130 0.000022870 0.000000000
QQ:/rc/crr: 0.000000000 0.999988565 0.000011435
QQ:/rc/r: 0.999944757 0.000039996 0.000015247
QQ:/rrc/c: 0.999940038 0.000059962 0.000000000
QQ:/rrc/crr: 0.000000000 0.999970017 0.000029983
QQ:/rrc/r: 0.999702447 0.000257578 0.000039975
