J:/: 0.081581845 0.918418155 0.000000000
J:/cr: 0.017483074 0.032382887 0.950134039
J:/rr: 0.000000000 0.999696593 0.000303407
JJ:/cc/: 0.001430763 0.998569237 0.000000000
JJ:/cc/cr: 0.999982007 0.000008997 0.000008997
JJ:/cc/rr: 0.000000000 0.990581531 0.009418469
JJ:/crc/: 0.779198447 0.220801553 0.000000000
JJ:/crc/cr: 0.999162378 0.000418811 0.000418811
JJ:/crc/rr: 0.000000000 0.999821982 0.000178018
JJ:/crrc/: 0.994622956 0.005377044 0.000000000
JJ:/crrc/cr: 0.936290486 0.031854757 0.031854757
JJ:/crrc/rr: 0.000000000 0.999741684 0.000258316
JJ:/rc/: 0.841023799 0.158976201 0.000000000
JJ:/rc/cr: 0.998727664 0.000636168 0.000636168
JJ:/rc/rr: 0.000000000 0.999819621 0.000180379
JJ:/rrc/: 0.986101078 0.013898922 0.000000000
JJ:/rrc/cr: 0.992721288 0.003639356 0.003639356
JJ:/rrc/rr: 0.000000000 0.999923056 0.000076944
JK:/cc/: 0.086782700 0.913217300 0.000000000
JK:/cc/cr: 0.000040556 0.000009837 0.999949606
JK:/cc/rr: 0.000000000 0.000155280 0.999844720
JK:/crc/: 0.108882948 0.891117052 0.000000000
JK:/crc/cr: 0.105992682 0.000103773 0.893903545
JK:/crc/rr: 0.000000000 0.001273947 0.998726053
JK:/crrc/: 0.998394226 0.001605774 0.000000000
JK:/crrc/cr: 0.106667823 0.106667823 0.786664355
JK:/crrc/rr: 0.000000000 0.000257340 0.999742660
JK:/rc/: 0.943768888 0.056231112 0.000000000
JK:/rc/cr: 0.873968694 0.001798569 0.124232737
JK:/rc/rr: 0.000000000 0.000160742 0.999839258
JK:/rrc/: 0.476995613 0.523004387 0.000000000
JK:/rrc/cr: 0.569717804 0.000096716 0.430185480
JK:/rrc/rr: 0.000000000 0.000159068 0.999840932
JQ:/cc/: 0.140290914 0.859709086 0.000000000
JQ:/cc/cr: 0.000043080 0.000010450 0.999946470
JQ:/cc/rr: 0.000000000 0.000096055 0.999903945
JQ:/crc/: 0.951950174 0.048049826 0.000000000
JQ:/crc/cr: 0.018994575 0.001924546 0.979080879
JQ:/crc/rr: 0.000000000 0.000145713 0.999854287
JQ:/crrc/: 0.132893063 0.867106937 0.000000000
JQ:/crrc/cr: 0.146974144 0.000197536 0.852828320
JQ:/crrc/rr: 0.000000000 0.001933334 0.998066666
JQ:/rc/: 0.975939097 0.024060903 0.000000000
JQ:/rc/cr: 0.004203315 0.004203315 0.991593370
JQ:/rc/rr: 0.000000000 0.000155443 0.999844557
JQ:/rrc/: 0.115846270 0.884153730 0.000000000
JQ:/rrc/cr: 0.001539762 0.000057211 0.998403028
JQ:/rrc/rr: 0.000000000 0.000654960 0.999345040
K:/: 0.757693164 0.242306836 0.000000000
K:/cr: 0.722081753 0.277850145 0.000068102
K:/rr: 0.000000000 0.999967332 0.000032668
KJ:/cc/: 0.000292330 0.999707670 0.000000000
KJ:/cc/cr: 0.000247297 0.000042676 0.999710026
KJ:/cc/rr: 0.000000000 0.825277064 0.174722936
KJ:/crc/: 0.002598092 0.997401908 0.000000000
KJ:/crc/cr: 0.000571573 0.999387470 0.000040957
KJ:/crc/rr: 0.000000000 0.976414964 0.023585036
KJ:/crrc/: 0.097513136 0.902486864 0.000000000
KJ:/crrc/cr: 0.000033092 0.999668034 0.000298874
KJ:/crrc/rr: 0.000000000 0.717561137 0.282438863
KJ:/rc/: 0.087328458 0.912671542 0.000000000
KJ:/rc/cr: 0.014943477 0.935687761 0.049368762
KJ:/rc/rr: 0.000000000 0.654641929 0.345358071
KJ:/rrc/: 0.159554388 0.840445612 0.000000000
KJ:/rrc/cr: 0.003556621 0.993461593 0.002981786
KJ:/rrc/rr: 0.000000000 0.819577299 0.180422701
KK:/cc/: 0.991842521 0.008157479 0.000000000
KK:/cc/cr: 0.991651552 0.004174224 0.004174224
KK:/cc/rr: 0.000000000 0.999948503 0.000051497
KK:/crc/: 0.256114427 0.743885573 0.000000000
KK:/crc/cr: 0.999890169 0.000054915 0.000054915
KK:/crc/rr: 0.000000000 0.999760747 0.000239253
KK:/crrc/: 0.975235117 0.024764883 0.000000000
KK:/crrc/cr: 0.998730544 0.000634728 0.000634728
KK:/crrc/rr: 0.000000000 0.999975823 0.000024177
KK:/rc/: 0.874284774 0.125715226 0.000000000
KK:/rc/cr: 0.999785756 0.000127624 0.000086620
KK:/rc/rr: 0.000000000 0.999981317 0.000018683
KK:/rrc/: 0.479361847 0.520638153 0.000000000
KK:/rrc/cr: 0.999979084 0.000010458 0.000010458
KK:/rrc/rr: 0.000000000 0.999982962 0.000017038
KQ:/cc/: 0.004711924 0.995288076 0.000000000
KQ:/cc/cr: 0.000312381 0.423861287 0.575826331
KQ:/cc/rr: 0.000000000 0.989160114 0.010839886
KQ:/crc/: 0.796441699 0.203558301 0.000000000
KQ:/crc/cr: 0.001747841 0.472684827 0.525567332
KQ:/crc/rr: 0.000000000 0.000076937 0.999923063
KQ:/crrc/: 0.011985433 0.988014567 0.000000000
KQ:/crrc/cr: 0.020739969 0.689197798 0.290062233
KQ:/crrc/rr: 0.000000000 0.038789193 0.961210807
KQ:/rc/: 0.001038430 0.998961570 0.000000000
KQ:/rc/cr: 0.000247009 0.502263148 0.497489843
KQ:/rc/rr: 0.000000000 0.132238599 0.867761401
KQ:/rrc/: 0.686474843 0.313525157 0.000000000
KQ:/rrc/cr: 0.055766711 0.742022320 0.202210969
KQ:/rrc/rr: 0.000000000 0.395743300 0.604256700
Q:/: 0.745962707 0.254037293 0.000000000
Q:/cr: 0.202920202 0.785731636 0.011348161
Q:/rr: 0.000000000 0.999966818 0.000033182
QJ:/cc/: 0.000097436 0.999902564 0.000000000
QJ:/cc/cr: 0.000133911 0.000032482 0.999833607
QJ:/cc/rr: 0.000000000 0.500000000 0.500000000
QJ:/crc/: 0.028660622 0.971339378 0.000000000
QJ:/crc/cr: 0.005757868 0.000014185 0.994227947
QJ:/crc/rr: 0.000000000 0.000721124 0.999278876
QJ:/crrc/: 0.026544502 0.973455498 0.000000000
QJ:/crrc/cr: 0.000443200 0.000054807 0.999501993
QJ:/crrc/rr: 0.000000000 0.003014880 0.996985120
QJ:/rc/: 0.008295413 0.991704587 0.000000000
QJ:/rc/cr: 0.000462888 0.000011153 0.999525959
QJ:/rc/rr: 0.000000000 0.002000016 0.997999984
QJ:/rrc/: 0.000016592 0.999983408 0.000000000
QJ:/rrc/cr: 0.000018568 0.000005531 0.999975901
QJ:/rrc/rr: 0.000000000 0.500000000 0.500000000
QK:/cc/: 0.379642423 0.620357577 0.000000000
QK:/cc/cr: 0.005702778 0.974186828 0.020110394
QK:/cc/rr: 0.000000000 0.999871673 0.000128327
QK:/crc/: 0.004727352 0.995272648 0.000000000
QK:/crc/cr: 0.000013844 0.568768107 0.431218049
QK:/crc/rr: 0.000000000 0.004371975 0.995628025
QK:/crrc/: 0.797031761 0.202968239 0.000000000
QK:/crrc/cr: 0.000360949 0.706095823 0.293543228
QK:/crrc/rr: 0.000000000 0.004016529 0.995983471
QK:/rc/: 0.467402251 0.532597749 0.000000000
QK:/rc/cr: 0.008454348 0.547323754 0.444221898
QK:/rc/rr: 0.000000000 0.218295801 0.781704199
QK:/rrc/: 0.105345230 0.894654770 0.000000000
QK:/rrc/cr: 0.000006182 0.329921153 0.670072665
QK:/rrc/rr: 0.000000000 0.004461665 0.995538335
QQ:/cc/: 0.390494025 0.609505975 0.000000000
QQ:/cc/cr: 0.999893426 0.000053287 0.000053287
QQ:/cc/rr: 0.000000000 0.999875240 0.000124760
QQ:/crc/: 0.918675134 0.081324866 0.000000000
QQ:/crc/cr: 0.999661147 0.000169426 0.000169426
QQ:/crc/rr: 0.000000000 0.999977503 0.000022497
QQ:/crrc/: 0.307368630 0.692631370 0.000000000
QQ:/crrc/cr: 0.999845943 0.000077028 0.000077028
QQ:/crrc/rr: 0.000000000 0.999739634 0.000260366
QQ:/rc/: 0.538695992 0.461304008 0.000000000
QQ:/rc/cr: 0.999952046 0.000023977 0.000023977
QQ:/rc/rr: 0.000000000 0.999969202 0.000030798
QQ:/rrc/: 0.958654395 0.041345605 0.000000000
QQ:/rrc/cr: 0.999732474 0.000133763 0.000133763
QQ:/rrc/rr: 0.000000000 0.999991346 0.000008654
