J:/c: 0.307632622 0.692367378 0.000000000
J:/crr: 0.000000000 0.999999997 0.000000003
J:/r: 0.062276647 0.136354483 0.801368870
JJ:/cc/c: 0.999999995 0.000000005 0.000000000
JJ:/cc/crr: 0.000000000 0.999999997 0.000000003
JJ:/cc/r: 0.999999987 0.000000010 0.000000003
JJ:/crc/c: 0.999999988 0.000000012 0.000000000
JJ:/crc/crr: 0.000000000 0.999999995 0.000000005
JJ:/crc/r: 0.646717018 0.353282975 0.000000007
JJ:/crrc/c: 0.999999994 0.000000006 0.000000000
JJ:/crrc/crr: 0.000000000 0.999999997 0.000000003
JJ:/crrc/r: 0.999999935 0.000000061 0.000000003
JJ:/rc/c: 0.999999981 0.000000019 0.000000000
JJ:/rc/crr: 0.000000000 0.999999991 0.000000009
JJ:/rc/r: 0.999999976 0.000000012 0.000000011
JJ:/rrc/c: 0.999999956 0.000000044 0.000000000
JJ:/rrc/crr: 0.000000000 0.999999979 0.000000021
JJ:/rrc/r: 0.999999632 0.000000342 0.000000026
JK:/cc/c: 0.007871933 0.992128067 0.000000000
JK:/cc/crr: 0.000000000 0.000000394 0.999999606
JK:/cc/r: 0.000000760 0.000000004 0.999999235
JK:/crc/c: 0.569486317 0.430513683 0.000000000
JK:/crc/crr: 0.000000000 0.000000088 0.999999912
JK:/crc/r: 0.016169338 0.000000121 0.983830541
JK:/crrc/c: 0.400485033 0.599514967 0.000000000
JK:/crrc/crr: 0.000000000 0.000000290 0.999999710
JK:/crrc/r: 0.238865579 0.000000073 0.761134348
JK:/rc/c: 0.397620585 0.602379415 0.000000000
JK:/rc/crr: 0.000000000 0.000000021 0.999999979
JK:/rc/r: 0.404540004 0.000000010 0.595459985
JK:/rrc/c: 0.999999028 0.000000972 0.000000000
JK:/rrc/crr: 0.000000000 0.000000119 0.999999881
JK:/rrc/r: 0.335666530 0.000000151 0.664333319
JQ:/cc/c: 0.074282478 0.925717522 0.000000000
JQ:/cc/crr: 0.000000000 0.000000000 1.000000000
JQ:/cc/r: 0.041338504 0.000000000 0.958661496
JQ:/crc/c: 0.402591630 0.597408370 0.000000000
JQ:/crc/crr: 0.000000000 0.000003579 0.999996421
JQ:/crc/r: 0.147741476 0.000000030 0.852258494
JQ:/crrc/c: 0.037585852 0.962414148 0.000000000
JQ:/crrc/crr: 0.000000000 0.000000776 0.999999224
JQ:/crrc/r: 0.173635716 0.000000014 0.826364270
JQ:/rc/c: 0.999979234 0.000020766 0.000000000
JQ:/rc/crr: 0.000000000 0.000000000 1.000000000
JQ:/rc/r: 0.000000037 0.000000036 0.999999927
JQ:/rrc/c: 0.000010711 0.999989289 0.000000000
JQ:/rrc/crr: 0.000000000 0.019134303 0.980865697
JQ:/rrc/r: 0.468398302 0.000000142 0.531601556
K:/c: 0.999998066 0.000001934 0.000000000
K:/crr: 0.000000000 0.999999999 0.000000001
K:/r: 0.593092482 0.406907517 0.000000001
KJ:/cc/c: 0.013213256 0.986786744 0.000000000
KJ:/cc/crr: 0.000000000 0.968005826 0.031994174
KJ:/cc/r: 0.011375355 0.006517940 0.982106706
KJ:/crc/c: 0.142358900 0.857641100 0.000000000
KJ:/crc/crr: 0.000000000 0.999999989 0.000000011
KJ:/crc/r: 0.000000168 0.755459786 0.244540046
KJ:/crrc/c: 0.330936032 0.669063968 0.000000000
KJ:/crrc/crr: 0.000000000 0.668034538 0.331965462
KJ:/crrc/r: 0.053207404 0.783367286 0.163425311
KJ:/rc/c: 0.414481080 0.585518920 0.000000000
KJ:/rc/crr: 0.000000000 0.738374659 0.261625341
KJ:/rc/r: 0.027027104 0.744638619 0.228334277
KJ:/rrc/c: 0.491117866 0.508882134 0.000000000
KJ:/rrc/crr: 0.000000000 0.999971827 0.000028173
KJ:/rrc/r: 0.044286985 0.887768656 0.067944359
KK:/cc/c: 0.994669924 0.005330076 0.000000000
KK:/cc/crr: 0.000000000 0.997473175 0.002526825
KK:/cc/r: 0.998025381 0.001595361 0.000379258
KK:/crc/c: 0.999999844 0.000000156 0.000000000
KK:/crc/crr: 0.000000000 0.999999954 0.000000046
KK:/crc/r: 0.758346555 0.241653425 0.000000020
KK:/crrc/c: 0.999999994 0.000000006 0.000000000
KK:/crrc/crr: 0.000000000 0.999999997 0.000000003
KK:/crrc/r: 0.999994599 0.000005397 0.000000003
KK:/rc/c: 0.999999977 0.000000023 0.000000000
KK:/rc/crr: 0.000000000 0.999999989 0.000000011
KK:/rc/r: 0.999999971 0.000000015 0.000000014
KK:/rrc/c: 0.999999928 0.000000072 0.000000000
KK:/rrc/crr: 0.000000000 0.999999978 0.000000022
KK:/rrc/r: 0.963862323 0.036137658 0.000000020
KQ:/cc/c: 0.004923874 0.995076126 0.000000000
KQ:/cc/crr: 0.000000000 0.773390839 0.226609161
KQ:/cc/r: 0.025245327 0.970230781 0.004523892
KQ:/crc/c: 0.358377330 0.641622670 0.000000000
KQ:/crc/crr: 0.000000000 0.057633827 0.942366173
KQ:/crc/r: 0.000000022 0.448061229 0.551938749
KQ:/crrc/c: 0.630659184 0.369340816 0.000000000
KQ:/crrc/crr: 0.000000000 0.417869464 0.582130536
KQ:/crrc/r: 0.000006649 0.777585098 0.222408253
KQ:/rc/c: 0.000030370 0.999969630 0.000000000
KQ:/rc/crr: 0.000000000 0.009414511 0.990585489
KQ:/rc/r: 0.000000211 0.322939124 0.677060665
KQ:/rrc/c: 0.526488828 0.473511172 0.000000000
KQ:/rrc/crr: 0.000000000 0.480758259 0.519241741
KQ:/rrc/r: 0.091823439 0.553253889 0.354922672
Q:/c: 0.855625290 0.144374710 0.000000000
Q:/crr: 0.000000000 0.999999971 0.000000029
Q:/r: 0.382189415 0.617810422 0.000000162
QJ:/cc/c: 0.000000526 0.999999474 0.000000000
QJ:/cc/crr: 0.000000000 0.102441943 0.897558057
QJ:/cc/r: 0.000000160 0.000000153 0.999999687
QJ:/crc/c: 0.543244958 0.456755042 0.000000000
QJ:/crc/crr: 0.000000000 0.001668242 0.998331758
QJ:/crc/r: 0.000000079 0.000000010 0.999999911
QJ:/crrc/c: 0.000000103 0.999999897 0.000000000
QJ:/crrc/crr: 0.000000000 0.224090265 0.775909735
QJ:/crrc/r: 0.021541876 0.000000000 0.978458124
QJ:/rc/c: 0.000000591 0.999999409 0.000000000
QJ:/rc/crr: 0.000000000 0.002818655 0.997181345
QJ:/rc/r: 0.021803269 0.000000012 0.978196719
QJ:/rrc/c: 0.000000361 0.999999639 0.000000000
QJ:/rrc/crr: 0.000000000 0.099853864 0.900146136
QJ:/rrc/r: 0.000000073 0.000000019 0.999999908
QK:/cc/c: 0.160396310 0.839603690 0.000000000
QK:/cc/crr: 0.000000000 0.999999964 0.000000036
QK:/cc/r: 0.000000191 0.746794867 0.253204942
QK:/crc/c: 0.271171271 0.728828729 0.000000000
QK:/crc/crr: 0.000000000 0.000017085 0.999982915
QK:/crc/r: 0.000000292 0.472612347 0.527387361
QK:/crrc/c: 0.174956158 0.825043842 0.000000000
QK:/crrc/crr: 0.000000000 0.000005015 0.999994985
QK:/crrc/r: 0.000000475 0.301617772 0.698381753
QK:/rc/c: 0.381699724 0.618300276 0.000000000
QK:/rc/crr: 0.000000000 0.000010200 0.999989800
QK:/rc/r: 0.000000025 0.323606146 0.676393830
QK:/rrc/c: 0.437085928 0.562914072 0.000000000
QK:/rrc/crr: 0.000000000 0.072653227 0.927346773
QK:/rrc/r: 0.000000063 0.538611625 0.461388312
QQ:/cc/c: 0.999999987 0.000000013 0.000000000
QQ:/cc/crr: 0.000000000 0.999999994 0.000000006
QQ:/cc/r: 0.999999766 0.000000124 0.000000109
QQ:/crc/c: 0.999999972 0.000000028 0.000000000
QQ:/crc/crr: 0.000000000 0.999999991 0.000000009
QQ:/crc/r: 0.999999968 0.000000021 0.000000011
QQ:/crrc/c: 0.999999994 0.000000006 0.000000000
QQ:/crrc/crr: 0.000000000 0.999999997 0.000000003
QQ:/crrc/r: 0.999999965 0.000000032 0.000000003
QQ:/rc/c: 0.999999989 0.000000011 0.000000000
QQ:/rc/crr: 0.000000000 0.999999997 0.000000003
QQ:/rc/r: 0.999999982 0.000000010 0.000000009
QQ:/rrc/c: 0.999999943 0.000000057 0.000000000
QQ:/rrc/crr: 0.000000000 0.999999973 0.000000027
QQ:/rrc/r: 0.999999817 0.000000150 0.000000033
