J:/c: 0.253036676 0.746963324 0.000000000
J:/crr: 0.000000000 0.999999997 0.000000003
J:/r: 0.044404392 0.127521004 0.828074604
JJ:/cc/c: 0.999999994 0.000000006 0.000000000
JJ:/cc/crr: 0.000000000 0.999999997 0.000000003
JJ:/cc/r: 0.999999982 0.000000013 0.000000005
JJ:/crc/c: 0.999999984 0.000000016 0.000000000
JJ:/crc/crr: 0.000000000 0.999999994 0.000000006
JJ:/crc/r: 0.582578690 0.417421301 0.000000009
JJ:/crrc/c: 0.999999992 0.000000008 0.000000000
JJ:/crrc/crr: 0.000000000 0.999999997 0.000000003
JJ:/crrc/r: 0.999999915 0.000000080 0.000000005
JJ:/rc/c: 0.999999975 0.000000025 0.000000000
JJ:/rc/crr: 0.000000000 0.999999990 0.000000010
JJ:/rc/r: 0.999999967 0.000000016 0.000000016
JJ:/rrc/c: 0.999999942 0.000000058 0.000000000
JJ:/rrc/crr: 0.000000000 0.999999977 0.000000023
JJ:/rrc/r: 0.999999514 0.000000449 0.000000037
JK:/cc/c: 0.006012884 0.993987116 0.000000000
JK:/cc/crr: 0.000000000 0.000000356 0.999999644
JK:/cc/r: 0.000000525 0.000000004 0.999999471
JK:/crc/c: 0.502121095 0.497878905 0.000000000
JK:/crc/crr: 0.000000000 0.000000079 0.999999921
JK:/crc/r: 0.011213422 0.000000110 0.988786468
JK:/crrc/c: 0.337441708 0.662558292 0.000000000
JK:/crrc/crr: 0.000000000 0.000000262 0.999999738
JK:/crrc/r: 0.178002607 0.000000071 0.821997322
JK:/rc/c: 0.334776378 0.665223622 0.000000000
JK:/rc/crr: 0.000000000 0.000000019 0.999999981
JK:/rc/r: 0.319164604 0.000000011 0.680835385
JK:/rrc/c: 0.999998725 0.000001275 0.000000000
JK:/rrc/crr: 0.000000000 0.000000107 0.999999893
JK:/rrc/r: 0.258515991 0.000000153 0.741483856
JQ:/cc/c: 0.057651154 0.942348846 0.000000000
JQ:/cc/crr: 0.000000000 0.000000000 1.000000000
JQ:/cc/r: 0.028894785 0.000000000 0.971105215
JQ:/crc/c: 0.339404428 0.660595572 0.000000000
JQ:/crc/crr: 0.000000000 0.000003239 0.999996761
JQ:/crc/r: 0.106837841 0.000000029 0.893162130
JQ:/crrc/c: 0.028914021 0.971085979 0.000000000
JQ:/crrc/crr: 0.000000000 0.000000702 0.999999298
JQ:/crrc/r: 0.126628191 0.000000013 0.873371795
JQ:/rc/c: 0.999972763 0.000027237 0.000000000
JQ:/rc/crr: 0.000000000 0.000000000 1.000000000
JQ:/rc/r: 0.000000026 0.000000032 0.999999942
JQ:/rrc/c: 0.000008166 0.999991834 0.000000000
JQ:/rrc/crr: 0.000000000 0.017349128 0.982650872
JQ:/rrc/r: 0.378103548 0.000000151 0.621896302
K:/c: 0.999997463 0.000002537 0.000000000
K:/crr: 0.000000000 0.999999999 0.000000001
K:/r: 0.526348867 0.473651132 0.000000001
KJ:/cc/c: 0.010105640 0.989894360 0.000000000
KJ:/cc/crr: 0.000000000 0.964767748 0.035232252
KJ:/cc/r: 0.007881929 0.005923651 0.986194419
KJ:/crc/c: 0.112335334 0.887664666 0.000000000
KJ:/crc/crr: 0.000000000 0.999999988 0.000000012
KJ:/crc/r: 0.000000125 0.736564489 0.263435387
KJ:/crrc/c: 0.273840118 0.726159882 0.000000000
KJ:/crrc/crr: 0.000000000 0.645553378 0.354446622
KJ:/crrc/r: 0.040384012 0.779856009 0.179759979
KJ:/rc/c: 0.350522706 0.649477294 0.000000000
KJ:/rc/crr: 0.000000000 0.718650823 0.281349177
KJ:/rc/r: 0.020250693 0.731808632 0.247940675
KJ:/rrc/c: 0.423895161 0.576104839 0.000000000
KJ:/rrc/crr: 0.000000000 0.999968871 0.000031129
KJ:/rrc/r: 0.033879831 0.890792448 0.075327720
KK:/cc/c: 0.993020501 0.006979499 0.000000000
KK:/cc/crr: 0.000000000 0.997208840 0.002791160
KK:/cc/r: 0.997359607 0.002091128 0.000549265
KK:/crc/c: 0.999999796 0.000000204 0.000000000
KK:/crc/crr: 0.000000000 0.999999949 0.000000051
KK:/crc/r: 0.705237483 0.294762490 0.000000027
KK:/crrc/c: 0.999999992 0.000000008 0.000000000
KK:/crrc/crr: 0.000000000 0.999999997 0.000000003
KK:/crrc/r: 0.999992916 0.000007079 0.000000005
KK:/rc/c: 0.999999970 0.000000030 0.000000000
KK:/rc/crr: 0.000000000 0.999999988 0.000000012
KK:/rc/r: 0.999999960 0.000000020 0.000000020
KK:/rrc/c: 0.999999906 0.000000094 0.000000000
KK:/rrc/crr: 0.000000000 0.999999976 0.000000024
KK:/rrc/r: 0.953128556 0.046871415 0.000000028
KQ:/cc/c: 0.003758406 0.996241594 0.000000000
KQ:/cc/crr: 0.000000000 0.755432476 0.244567524
KQ:/cc/r: 0.019354184 0.975619585 0.005026230
KQ:/crc/c: 0.298660378 0.701339622 0.000000000
KQ:/crc/crr: 0.000000000 0.052448823 0.947551177
KQ:/crc/r: 0.000000016 0.423538042 0.576461942
KQ:/crrc/c: 0.565563930 0.434436070 0.000000000
KQ:/crrc/crr: 0.000000000 0.393819666 0.606180334
KQ:/crrc/r: 0.000004954 0.759857604 0.240137442
KQ:/rc/c: 0.000023155 0.999976845 0.000000000
KQ:/rc/crr: 0.000000000 0.008528280 0.991471720
KQ:/rc/r: 0.000000150 0.301522977 0.698476872
KQ:/rrc/c: 0.458789546 0.541210454 0.000000000
KQ:/rrc/crr: 0.000000000 0.455923757 0.544076243
KQ:/rrc/r: 0.068944195 0.544854099 0.386201706
Q:/c: 0.818786763 0.181213237 0.000000000
Q:/crr: 0.000000000 0.999999968 0.000000032
Q:/r: 0.320486527 0.679513276 0.000000197
QJ:/cc/c: 0.000000401 0.999999599 0.000000000
QJ:/cc/crr: 0.000000000 0.093626299 0.906373701
QJ:/cc/r: 0.000000111 0.000000139 0.999999751
QJ:/crc/c: 0.475554976 0.524445024 0.000000000
QJ:/crc/crr: 0.000000000 0.001510091 0.998489909
QJ:/crc/r: 0.000000054 0.000000009 0.999999937
QJ:/crrc/c: 0.000000078 0.999999922 0.000000000
QJ:/crrc/crr: 0.000000000 0.207223067 0.792776933
QJ:/crrc/r: 0.014964319 0.000000000 0.985035681
QJ:/rc/c: 0.000000451 0.999999549 0.000000000
QJ:/rc/crr: 0.000000000 0.002551723 0.997448277
QJ:/rc/r: 0.015147134 0.000000011 0.984852855
QJ:/rrc/c: 0.000000275 0.999999725 0.000000000
QJ:/rrc/crr: 0.000000000 0.091238298 0.908761702
QJ:/rrc/r: 0.000000050 0.000000017 0.999999932
QK:/cc/c: 0.127132545 0.872867455 0.000000000
QK:/cc/crr: 0.000000000 0.999999960 0.000000040
QK:/cc/r: 0.000000142 0.727471575 0.272528282
QK:/crc/c: 0.220980887 0.779019113 0.000000000
QK:/crc/crr: 0.000000000 0.000015463 0.999984537
QK:/crc/r: 0.000000211 0.447835755 0.552164034
QK:/crrc/c: 0.139173415 0.860826585 0.000000000
QK:/crrc/crr: 0.000000000 0.000004539 0.999995461
QK:/crrc/r: 0.000000338 0.281028710 0.718970952
QK:/rc/c: 0.320034947 0.679965053 0.000000000
QK:/rc/crr: 0.000000000 0.000009231 0.999990769
QK:/rc/r: 0.000000018 0.302165488 0.697834495
QK:/rrc/c: 0.371854681 0.628145319 0.000000000
QK:/rrc/crr: 0.000000000 0.066211947 0.933788053
QK:/rrc/r: 0.000000046 0.513745499 0.486254455
QQ:/cc/c: 0.999999982 0.000000018 0.000000000
QQ:/cc/crr: 0.000000000 0.999999993 0.000000007
QQ:/cc/r: 0.999999678 0.000000163 0.000000159
QQ:/crc/c: 0.999999964 0.000000036 0.000000000
QQ:/crc/crr: 0.000000000 0.999999990 0.000000010
QQ:/crc/r: 0.999999956 0.000000028 0.000000016
QQ:/crrc/c: 0.999999992 0.000000008 0.000000000
QQ:/crrc/crr: 0.000000000 0.999999997 0.000000003
QQ:/crrc/r: 0.999999954 0.000000041 0.000000005
QQ:/rc/c: 0.999999986 0.000000014 0.000000000
QQ:/rc/crr: 0.000000000 0.999999997 0.000000003
QQ:/rc/r: 0.999999975 0.000000013 0.000000012
QQ:/rrc/c: 0.999999925 0.000000075 0.000000000
QQ:/rrc/crr: 0.000000000 0.999999970 0.000000030
QQ:/rrc/r: 0.999999756 0.000000197 0.000000047
