J:/c: 0.281756129 0.718243871 0.000000000
J:/crr: 0.000000000 0.999999997 0.000000003
J:/r: 0.052474008 0.130131604 0.817394388
JJ:/cc/c: 0.999999995 0.000000005 0.000000000
JJ:/cc/crr: 0.000000000 0.999999997 0.000000003
JJ:/cc/r: 0.999999985 0.000000011 0.000000004
JJ:/crc/c: 0.999999986 0.000000014 0.000000000
JJ:/crc/crr: 0.000000000 0.999999994 0.000000006
JJ:/crc/r: 0.617767380 0.382232612 0.000000008
JJ:/crrc/c: 0.999999994 0.000000006 0.000000000
JJ:/crrc/crr: 0.000000000 0.999999997 0.000000003
JJ:/crrc/r: 0.999999927 0.000000069 0.000000004
JJ:/rc/c: 0.999999978 0.000000022 0.000000000
JJ:/rc/crr: 0.000000000 0.999999990 0.000000010
JJ:/rc/r: 0.999999972 0.000000014 0.000000014
JJ:/rrc/c: 0.999999950 0.000000050 0.000000000
JJ:/rrc/crr: 0.000000000 0.999999978 0.000000022
JJ:/rrc/r: 0.999999581 0.000000388 0.000000031
JK:/cc/c: 0.006956449 0.993043551 0.000000000
JK:/cc/crr: 0.000000000 0.000000369 0.999999631
JK:/cc/r: 0.000000628 0.000000004 0.999999368
JK:/crc/c: 0.538722011 0.461277989 0.000000000
JK:/crc/crr: 0.000000000 0.000000082 0.999999918
JK:/crc/r: 0.013394766 0.000000113 0.986605121
JK:/crrc/c: 0.370983155 0.629016845 0.000000000
JK:/crrc/crr: 0.000000000 0.000000271 0.999999729
JK:/crrc/r: 0.205873984 0.000000071 0.794125945
JK:/rc/c: 0.368200123 0.631799877 0.000000000
JK:/rc/crr: 0.000000000 0.000000020 0.999999980
JK:/rc/r: 0.359472937 0.000000011 0.640527052
JK:/rrc/c: 0.999998899 0.000001101 0.000000000
JK:/rrc/crr: 0.000000000 0.000000111 0.999999889
JK:/rrc/r: 0.294477737 0.000000150 0.705522113
JQ:/cc/c: 0.066158652 0.933841348 0.000000000
JQ:/cc/crr: 0.000000000 0.000000000 1.000000000
JQ:/cc/r: 0.034396032 0.000000000 0.965603968
JQ:/crc/c: 0.373031127 0.626968873 0.000000000
JQ:/crc/crr: 0.000000000 0.000003349 0.999996651
JQ:/crc/r: 0.125264413 0.000000029 0.874735558
JQ:/crrc/c: 0.033330815 0.966669185 0.000000000
JQ:/crrc/crr: 0.000000000 0.000000726 0.999999274
JQ:/crrc/r: 0.147902829 0.000000014 0.852097158
JQ:/rc/c: 0.999976480 0.000023520 0.000000000
JQ:/rc/crr: 0.000000000 0.000000000 1.000000000
JQ:/rc/r: 0.000000031 0.000000033 0.999999936
JQ:/rrc/c: 0.000009456 0.999990544 0.000000000
JQ:/rrc/crr: 0.000000000 0.017925112 0.982074888
JQ:/rrc/r: 0.421249934 0.000000145 0.578749921
K:/c: 0.999997810 0.000002190 0.000000000
K:/crr: 0.000000000 0.999999999 0.000000001
K:/r: 0.562719786 0.437280213 0.000000001
KJ:/cc/c: 0.011683907 0.988316093 0.000000000
KJ:/cc/crr: 0.000000000 0.965880538 0.034119462
KJ:/cc/r: 0.009419491 0.006113179 0.984467330
KJ:/crc/c: 0.127817947 0.872182053 0.000000000
KJ:/crc/crr: 0.000000000 0.999999988 0.000000012
KJ:/crc/r: 0.000000145 0.742964649 0.257035205
KJ:/crrc/c: 0.303959917 0.696040083 0.000000000
KJ:/crrc/crr: 0.000000000 0.653123375 0.346876625
KJ:/crrc/r: 0.046742090 0.779463601 0.173794309
KJ:/rc/c: 0.384609615 0.615390385 0.000000000
KJ:/rc/crr: 0.000000000 0.725323917 0.274676083
KJ:/rc/r: 0.023566426 0.735417780 0.241015793
KJ:/rrc/c: 0.460062981 0.539937019 0.000000000
KJ:/rrc/crr: 0.000000000 0.999969889 0.000030111
KJ:/rrc/r: 0.039120549 0.888224971 0.072654480
KK:/cc/c: 0.993967174 0.006032826 0.000000000
KK:/cc/crr: 0.000000000 0.997299865 0.002700135
KK:/cc/r: 0.997734572 0.001806453 0.000458975
KK:/crc/c: 0.999999824 0.000000176 0.000000000
KK:/crc/crr: 0.000000000 0.999999951 0.000000049
KK:/crc/r: 0.734793158 0.265206819 0.000000024
KK:/crrc/c: 0.999999994 0.000000006 0.000000000
KK:/crrc/crr: 0.000000000 0.999999997 0.000000003
KK:/crrc/r: 0.999993882 0.000006113 0.000000004
KK:/rc/c: 0.999999974 0.000000026 0.000000000
KK:/rc/crr: 0.000000000 0.999999988 0.000000012
KK:/rc/r: 0.999999966 0.000000017 0.000000017
KK:/rrc/c: 0.999999919 0.000000081 0.000000000
KK:/rrc/crr: 0.000000000 0.999999977 0.000000023
KK:/rrc/r: 0.959264058 0.040735918 0.000000024
KQ:/cc/c: 0.004349738 0.995650262 0.000000000
KQ:/cc/crr: 0.000000000 0.761522672 0.238477328
KQ:/cc/r: 0.022347918 0.972804240 0.004847842
KQ:/crc/c: 0.330268528 0.669731472 0.000000000
KQ:/crc/crr: 0.000000000 0.054125918 0.945874082
KQ:/crc/r: 0.000000019 0.431675287 0.568324694
KQ:/crrc/c: 0.601205108 0.398794892 0.000000000
KQ:/crrc/crr: 0.000000000 0.401783900 0.598216100
KQ:/crrc/r: 0.000005782 0.765871028 0.234123190
KQ:/rc/c: 0.000026813 0.999973187 0.000000000
KQ:/rc/crr: 0.000000000 0.008814042 0.991185958
KQ:/rc/r: 0.000000178 0.308570818 0.691429004
KQ:/rrc/c: 0.495374575 0.504625425 0.000000000
KQ:/rrc/crr: 0.000000000 0.464182194 0.535817806
KQ:/rrc/r: 0.079977662 0.545800556 0.374221782
Q:/c: 0.868302212 0.131697788 0.000000000
Q:/crr: 0.000000000 0.999999972 0.000000028
Q:/r: 0.407657893 0.592341953 0.000000153
QJ:/cc/c: 0.000000585 0.999999415 0.000000000
QJ:/cc/crr: 0.000000000 0.103640922 0.896359078
QJ:/cc/r: 0.000000181 0.000000155 0.999999664
QJ:/crc/c: 0.569551777 0.430448223 0.000000000
QJ:/crc/crr: 0.000000000 0.001689987 0.998310013
QJ:/crc/r: 0.000000089 0.000000010 0.999999901
QJ:/crrc/c: 0.000000114 0.999999886 0.000000000
QJ:/crrc/crr: 0.000000000 0.226353956 0.773646044
QJ:/crrc/r: 0.024212001 0.000000000 0.975787999
QJ:/rc/c: 0.000000658 0.999999342 0.000000000
QJ:/rc/crr: 0.000000000 0.002855354 0.997144646
QJ:/rc/r: 0.024504982 0.000000012 0.975495006
QJ:/rrc/c: 0.000000401 0.999999599 0.000000000
QJ:/rrc/crr: 0.000000000 0.101025962 0.898974038
QJ:/rrc/r: 0.000000082 0.000000019 0.999999898
QK:/cc/c: 0.175278047 0.824721953 0.000000000
QK:/cc/crr: 0.000000000 0.999999964 0.000000036
QK:/cc/r: 0.000000214 0.749240032 0.250759754
QK:/crc/c: 0.292747227 0.707252773 0.000000000
QK:/crc/crr: 0.000000000 0.000017308 0.999982692
QK:/crc/r: 0.000000327 0.475846889 0.524152784
QK:/crrc/c: 0.190881655 0.809118345 0.000000000
QK:/crrc/crr: 0.000000000 0.000005080 0.999994920
QK:/crrc/r: 0.000000533 0.304357403 0.695642064
QK:/rc/c: 0.407157074 0.592842926 0.000000000
QK:/rc/crr: 0.000000000 0.000010333 0.999989667
QK:/rc/r: 0.000000028 0.326452159 0.673547813
QK:/rrc/c: 0.463468305 0.536531695 0.000000000
QK:/rrc/crr: 0.000000000 0.073532122 0.926467878
QK:/rrc/r: 0.000000070 0.541833807 0.458166123
QQ:/cc/c: 0.999999988 0.000000012 0.000000000
QQ:/cc/crr: 0.000000000 0.999999994 0.000000006
QQ:/cc/r: 0.999999791 0.000000112 0.000000097
QQ:/crc/c: 0.999999975 0.000000025 0.000000000
QQ:/crc/crr: 0.000000000 0.999999991 0.000000009
QQ:/crc/r: 0.999999971 0.000000019 0.000000010
QQ:/crrc/c: 0.999999995 0.000000005 0.000000000
QQ:/crrc/crr: 0.000000000 0.999999997 0.000000003
QQ:/crrc/r: 0.999999969 0.000000028 0.000000003
QQ:/rc/c: 0.999999991 0.000000009 0.000000000
QQ:/rc/crr: 0.000000000 0.999999997 0.000000003
QQ:/rc/r: 0.999999984 0.000000009 0.000000008
QQ:/rrc/c: 0.999999948 0.000000052 0.000000000
QQ:/rrc/crr: 0.000000000 0.999999973 0.000000027
QQ:/rrc/r: 0.999999836 0.000000135 0.000000029
