J:/c: 0.252229304 0.747770696 0.000000000
J:/crr: 0.000000000 0.999999997 0.000000003
J:/r: 0.040607241 0.117116040 0.842276718
JJ:/cc/c: 0.999999994 0.000000006 0.000000000
JJ:/cc/crr: 0.000000000 0.999999997 0.000000003
JJ:/cc/r: 0.999999982 0.000000013 0.000000006
JJ:/crc/c: 0.999999984 0.000000016 0.000000000
JJ:/crc/crr: 0.000000000 0.999999993 0.000000007
JJ:/crc/r: 0.581538453 0.418461537 0.000000010
JJ:/crrc/c: 0.999999992 0.000000008 0.000000000
JJ:/crrc/crr: 0.000000000 0.999999997 0.000000003
JJ:/crrc/r: 0.999999914 0.000000081 0.000000006
JJ:/rc/c: 0.999999975 0.000000025 0.000000000
JJ:/rc/crr: 0.000000000 0.999999989 0.000000011
JJ:/rc/r: 0.999999966 0.000000016 0.000000018
JJ:/rrc/c: 0.999999942 0.000000058 0.000000000
JJ:/rrc/crr: 0.000000000 0.999999975 0.000000025
JJ:/rrc/r: 0.999999508 0.000000451 0.000000042
JK:/cc/c: 0.005987381 0.994012619 0.000000000
JK:/cc/crr: 0.000000000 0.000000322 0.999999678
JK:/cc/r: 0.000000472 0.000000004 0.999999525
JK:/crc/c: 0.501052076 0.498947924 0.000000000
JK:/crc/crr: 0.000000000 0.000000072 0.999999928
JK:/crc/r: 0.010093045 0.000000099 0.989906856
JK:/crrc/c: 0.336486341 0.663513659 0.000000000
JK:/crrc/crr: 0.000000000 0.000000237 0.999999763
JK:/crrc/r: 0.162964194 0.000000066 0.837035740
JK:/rc/c: 0.333824755 0.666175245 0.000000000
JK:/rc/crr: 0.000000000 0.000000017 0.999999983
JK:/rc/r: 0.296502031 0.000000010 0.703497959
JK:/rrc/c: 0.999998719 0.000001281 0.000000000
JK:/rrc/crr: 0.000000000 0.000000097 0.999999903
JK:/rrc/r: 0.238650325 0.000000142 0.761349534
JQ:/cc/c: 0.057419282 0.942580718 0.000000000
JQ:/cc/crr: 0.000000000 0.000000000 1.000000000
JQ:/cc/r: 0.026054344 0.000000000 0.973945656
JQ:/crc/c: 0.338446342 0.661553658 0.000000000
JQ:/crc/crr: 0.000000000 0.000002925 0.999997075
JQ:/crc/r: 0.097101503 0.000000026 0.902898471
JQ:/crrc/c: 0.028794198 0.971205802 0.000000000
JQ:/crrc/crr: 0.000000000 0.000000634 0.999999366
JQ:/crrc/r: 0.115321184 0.000000012 0.884678804
JQ:/rc/c: 0.999972647 0.000027353 0.000000000
JQ:/rc/crr: 0.000000000 0.000000000 1.000000000
JQ:/rc/r: 0.000000023 0.000000029 0.999999948
JQ:/rrc/c: 0.000008131 0.999991869 0.000000000
JQ:/rrc/crr: 0.000000000 0.015691305 0.984308695
JQ:/rrc/r: 0.353428449 0.000000141 0.646571410
K:/c: 0.999997453 0.000002547 0.000000000
K:/crr: 0.000000000 0.999999999 0.000000001
K:/r: 0.525282687 0.474717312 0.000000001
KJ:/cc/c: 0.010062953 0.989937047 0.000000000
KJ:/cc/crr: 0.000000000 0.961126912 0.038873088
KJ:/cc/r: 0.007096111 0.005355925 0.987547964
KJ:/crc/c: 0.111909642 0.888090358 0.000000000
KJ:/crc/crr: 0.000000000 0.999999987 0.000000013
KJ:/crc/r: 0.000000121 0.716276692 0.283723187
KJ:/crrc/c: 0.272990626 0.727009374 0.000000000
KJ:/crrc/crr: 0.000000000 0.621854932 0.378145068
KJ:/crrc/r: 0.039455914 0.765198584 0.195345503
KJ:/rc/c: 0.349549843 0.650450157 0.000000000
KJ:/rc/crr: 0.000000000 0.697549927 0.302450073
KJ:/rc/r: 0.019642355 0.712866625 0.267491021
KJ:/rrc/c: 0.422851240 0.577148760 0.000000000
KJ:/rrc/crr: 0.000000000 0.999965524 0.000034476
KJ:/rrc/r: 0.033469037 0.883762561 0.082768402
KK:/cc/c: 0.992990802 0.007009198 0.000000000
KK:/cc/crr: 0.000000000 0.996909668 0.003090332
KK:/cc/r: 0.997289175 0.002099941 0.000610884
KK:/crc/c: 0.999999795 0.000000205 0.000000000
KK:/crc/crr: 0.000000000 0.999999944 0.000000056
KK:/crc/r: 0.704347792 0.295652178 0.000000030
KK:/crrc/c: 0.999999992 0.000000008 0.000000000
KK:/crrc/crr: 0.000000000 0.999999997 0.000000003
KK:/crrc/r: 0.999992885 0.000007110 0.000000006
KK:/rc/c: 0.999999970 0.000000030 0.000000000
KK:/rc/crr: 0.000000000 0.999999987 0.000000013
KK:/rc/r: 0.999999958 0.000000020 0.000000022
KK:/rrc/c: 0.999999906 0.000000094 0.000000000
KK:/rrc/crr: 0.000000000 0.999999974 0.000000026
KK:/rrc/r: 0.952937149 0.047062819 0.000000032
KQ:/cc/c: 0.003742429 0.996257571 0.000000000
KQ:/cc/crr: 0.000000000 0.736077081 0.263922919
KQ:/cc/r: 0.019262781 0.975173127 0.005564092
KQ:/crc/c: 0.297765464 0.702234536 0.000000000
KQ:/crc/crr: 0.000000000 0.047599460 0.952400540
KQ:/crc/r: 0.000000015 0.398819279 0.601180706
KQ:/crrc/c: 0.564512988 0.435487012 0.000000000
KQ:/crrc/crr: 0.000000000 0.369722932 0.630277068
KQ:/crrc/r: 0.000004808 0.740732626 0.259262566
KQ:/rc/c: 0.000023056 0.999976944 0.000000000
KQ:/rc/crr: 0.000000000 0.007706736 0.992293264
KQ:/rc/r: 0.000000139 0.280460760 0.719539100
KQ:/rrc/c: 0.457727967 0.542272033 0.000000000
KQ:/rrc/crr: 0.000000000 0.430727156 0.569272844
KQ:/rrc/r: 0.065931691 0.523279629 0.410788680
Q:/c: 0.818151428 0.181848572 0.000000000
Q:/crr: 0.000000000 0.999999965 0.000000035
Q:/r: 0.319556004 0.680443777 0.000000219
QJ:/cc/c: 0.000000399 0.999999601 0.000000000
QJ:/cc/crr: 0.000000000 0.085312493 0.914687507
QJ:/cc/r: 0.000000099 0.000000125 0.999999776
QJ:/crc/c: 0.474488614 0.525511386 0.000000000
QJ:/crc/crr: 0.000000000 0.001363691 0.998636309
QJ:/crc/r: 0.000000049 0.000000008 0.999999943
QJ:/crrc/c: 0.000000078 0.999999922 0.000000000
QJ:/crrc/crr: 0.000000000 0.190947196 0.809052804
QJ:/crrc/r: 0.013474282 0.000000000 0.986525718
QJ:/rc/c: 0.000000449 0.999999551 0.000000000
QJ:/rc/crr: 0.000000000 0.002304572 0.997695428
QJ:/rc/r: 0.013639146 0.000000010 0.986360844
QJ:/rrc/c: 0.000000274 0.999999726 0.000000000
QJ:/rrc/crr: 0.000000000 0.083117095 0.916882905
QJ:/rrc/r: 0.000000045 0.000000015 0.999999939
QK:/cc/c: 0.126658780 0.873341220 0.000000000
QK:/cc/crr: 0.000000000 0.999999956 0.000000044
QK:/cc/r: 0.000000137 0.706762300 0.293237562
QK:/crc/c: 0.220245639 0.779754361 0.000000000
QK:/crc/crr: 0.000000000 0.000013962 0.999986038
QK:/crc/r: 0.000000198 0.422738847 0.577260955
QK:/crrc/c: 0.138661907 0.861338093 0.000000000
QK:/crrc/crr: 0.000000000 0.000004098 0.999995902
QK:/crrc/r: 0.000000312 0.260863420 0.739136268
QK:/rc/c: 0.319105126 0.680894874 0.000000000
QK:/rc/crr: 0.000000000 0.000008335 0.999991665
QK:/rc/r: 0.000000016 0.281076447 0.718923537
QK:/rrc/c: 0.370856418 0.629143582 0.000000000
QK:/rrc/crr: 0.000000000 0.060170868 0.939829132
QK:/rrc/r: 0.000000043 0.488220845 0.511779112
QQ:/cc/c: 0.999999982 0.000000018 0.000000000
QQ:/cc/crr: 0.000000000 0.999999992 0.000000008
QQ:/cc/r: 0.999999660 0.000000164 0.000000176
QQ:/crc/c: 0.999999963 0.000000037 0.000000000
QQ:/crc/crr: 0.000000000 0.999999989 0.000000011
QQ:/crc/r: 0.999999954 0.000000028 0.000000018
QQ:/crrc/c: 0.999999992 0.000000008 0.000000000
QQ:/crrc/crr: 0.000000000 0.999999997 0.000000003
QQ:/crrc/r: 0.999999953 0.000000042 0.000000006
QQ:/rc/c: 0.999999986 0.000000014 0.000000000
QQ:/rc/crr: 0.000000000 0.999999997 0.000000003
QQ:/rc/r: 0.999999974 0.000000013 0.000000014
QQ:/rrc/c: 0.999999924 0.000000076 0.000000000
QQ:/rrc/crr: 0.000000000 0.999999967 0.000000033
QQ:/rrc/r: 0.999999750 0.000000198 0.000000053
