J:/c: 0.386989228 0.613010772 0.000000000
J:/crr: 0.000000000 0.999999996 0.000000004
J:/r: 0.064352699 0.099169013 0.836478287
JJ:/cc/c: 0.999999997 0.000000003 0.000000000
JJ:/cc/crr: 0.000000000 0.999999996 0.000000004
JJ:/cc/r: 0.999999990 0.000000007 0.000000003
JJ:/crc/c: 0.999999991 0.000000009 0.000000000
JJ:/crc/crr: 0.000000000 0.999999992 0.000000008
JJ:/crc/r: 0.722292986 0.277707006 0.000000008
JJ:/crrc/c: 0.999999996 0.000000004 0.000000000
JJ:/crrc/crr: 0.000000000 0.999999996 0.000000004
JJ:/crrc/r: 0.999999953 0.000000043 0.000000003
JJ:/rc/c: 0.999999987 0.000000013 0.000000000
JJ:/rc/crr: 0.000000000 0.999999987 0.000000013
JJ:/rc/r: 0.999999980 0.000000009 0.000000011
JJ:/rrc/c: 0.999999969 0.000000031 0.000000000
JJ:/rrc/crr: 0.000000000 0.999999970 0.000000030
JJ:/rrc/r: 0.999999733 0.000000241 0.000000026
JK:/cc/c: 0.011147568 0.988852432 0.000000000
JK:/cc/crr: 0.000000000 0.000000274 0.999999726
JK:/cc/r: 0.000000753 0.000000003 0.999999244
JK:/crc/c: 0.652711736 0.347288264 0.000000000
JK:/crc/crr: 0.000000000 0.000000061 0.999999939
JK:/crc/r: 0.016009659 0.000000084 0.983990257
JK:/crrc/c: 0.486948023 0.513051977 0.000000000
JK:/crrc/crr: 0.000000000 0.000000202 0.999999798
JK:/crrc/r: 0.237036543 0.000000051 0.762963406
JK:/rc/c: 0.483964380 0.516035620 0.000000000
JK:/rc/crr: 0.000000000 0.000000015 0.999999985
JK:/rc/r: 0.402112573 0.000000007 0.597887420
JK:/rrc/c: 0.999999316 0.000000684 0.000000000
JK:/rrc/crr: 0.000000000 0.000000083 0.999999917
JK:/rrc/r: 0.333420978 0.000000106 0.666578916
JQ:/cc/c: 0.102341975 0.897658025 0.000000000
JQ:/cc/crr: 0.000000000 0.000000000 1.000000000
JQ:/cc/r: 0.040940611 0.000000000 0.959059389
JQ:/crc/c: 0.489138354 0.510861646 0.000000000
JQ:/crc/crr: 0.000000000 0.000002494 0.999997506
JQ:/crc/r: 0.146475912 0.000000021 0.853524067
JQ:/crrc/c: 0.052570750 0.947429250 0.000000000
JQ:/crrc/crr: 0.000000000 0.000000540 0.999999460
JQ:/crrc/r: 0.172193155 0.000000010 0.827806835
JQ:/rc/c: 0.999985384 0.000014616 0.000000000
JQ:/rc/crr: 0.000000000 0.000000000 1.000000000
JQ:/rc/r: 0.000000037 0.000000025 0.999999938
JQ:/rrc/c: 0.000015218 0.999984782 0.000000000
JQ:/rrc/crr: 0.000000000 0.013409860 0.986590140
JQ:/rrc/r: 0.465887509 0.000000100 0.534112391
K:/c: 0.999998639 0.000001361 0.000000000
K:/crr: 0.000000000 0.999999999 0.000000001
K:/r: 0.674363858 0.325636141 0.000000001
KJ:/cc/c: 0.018669675 0.981330325 0.000000000
KJ:/cc/crr: 0.000000000 0.954712218 0.045287782
KJ:/cc/r: 0.011284783 0.004550966 0.984164251
KJ:/crc/c: 0.190832539 0.809167461 0.000000000
KJ:/crc/crr: 0.000000000 0.999999984 0.000000016
KJ:/crc/r: 0.000000215 0.682792568 0.317207217
KJ:/crrc/c: 0.412720608 0.587279392 0.000000000
KJ:/crrc/crr: 0.000000000 0.583703970 0.416296030
KJ:/crrc/r: 0.069132541 0.716375792 0.214491668
KJ:/rc/c: 0.501438396 0.498561604 0.000000000
KJ:/rc/crr: 0.000000000 0.662895921 0.337104079
KJ:/rc/r: 0.034571599 0.670394636 0.295033765
KJ:/rrc/c: 0.578274124 0.421725876 0.000000000
KJ:/rrc/crr: 0.000000000 0.999959566 0.000040434
KJ:/rrc/r: 0.060029441 0.846940724 0.093029835
KK:/cc/c: 0.996242625 0.003757375 0.000000000
KK:/cc/crr: 0.000000000 0.996377458 0.003622542
KK:/cc/r: 0.998493335 0.001123382 0.000383283
KK:/crc/c: 0.999999890 0.000000110 0.000000000
KK:/crc/crr: 0.000000000 0.999999934 0.000000066
KK:/crc/r: 0.816806696 0.183193283 0.000000022
KK:/crrc/c: 0.999999996 0.000000004 0.000000000
KK:/crrc/crr: 0.000000000 0.999999996 0.000000004
KK:/crrc/r: 0.999996198 0.000003799 0.000000003
KK:/rc/c: 0.999999984 0.000000016 0.000000000
KK:/rc/crr: 0.000000000 0.999999984 0.000000016
KK:/rc/r: 0.999999975 0.000000011 0.000000014
KK:/rrc/c: 0.999999950 0.000000050 0.000000000
KK:/rrc/crr: 0.000000000 0.999999969 0.000000031
KK:/rrc/r: 0.974290200 0.025709779 0.000000020
KQ:/cc/c: 0.006981407 0.993018593 0.000000000
KQ:/cc/crr: 0.000000000 0.703964002 0.296035998
KQ:/cc/r: 0.035422677 0.958165326 0.006411996
KQ:/crc/c: 0.442458765 0.557541235 0.000000000
KQ:/crc/crr: 0.000000000 0.040871351 0.959128649
KQ:/crc/r: 0.000000025 0.361278631 0.638721343
KQ:/crrc/c: 0.708119942 0.291880058 0.000000000
KQ:/crrc/crr: 0.000000000 0.333402217 0.666597783
KQ:/crrc/r: 0.000008613 0.708959758 0.291031629
KQ:/rc/c: 0.000043149 0.999956851 0.000000000
KQ:/rc/crr: 0.000000000 0.006578452 0.993421548
KQ:/rc/r: 0.000000232 0.249438546 0.750561222
KQ:/rrc/c: 0.612368571 0.387631429 0.000000000
KQ:/rrc/crr: 0.000000000 0.392142164 0.607857836
KQ:/rrc/r: 0.109347660 0.463708905 0.426943435
Q:/c: 0.893846247 0.106153753 0.000000000
Q:/crr: 0.000000000 0.999999959 0.000000041
Q:/r: 0.467784461 0.532215338 0.000000200
QJ:/cc/c: 0.000000748 0.999999252 0.000000000
QJ:/cc/crr: 0.000000000 0.073666021 0.926333979
QJ:/cc/r: 0.000000159 0.000000107 0.999999735
QJ:/crc/c: 0.628231616 0.371768384 0.000000000
QJ:/crc/crr: 0.000000000 0.001162955 0.998837045
QJ:/crc/r: 0.000000078 0.000000007 0.999999915
QJ:/crrc/c: 0.000000146 0.999999854 0.000000000
QJ:/crrc/crr: 0.000000000 0.167521059 0.832478941
QJ:/crrc/r: 0.021330291 0.000000000 0.978669709
QJ:/rc/c: 0.000000840 0.999999160 0.000000000
QJ:/rc/crr: 0.000000000 0.001965611 0.998034389
QJ:/rc/r: 0.021589173 0.000000008 0.978410819
QJ:/rrc/c: 0.000000513 0.999999487 0.000000000
QJ:/rrc/crr: 0.000000000 0.071746821 0.928253179
QJ:/rrc/r: 0.000000072 0.000000013 0.999999914
QK:/cc/c: 0.213482934 0.786517066 0.000000000
QK:/cc/crr: 0.000000000 0.999999948 0.000000052
QK:/cc/r: 0.000000245 0.672668447 0.327331308
QK:/crc/c: 0.345820172 0.654179828 0.000000000
QK:/crc/crr: 0.000000000 0.000011904 0.999988096
QK:/crc/r: 0.000000338 0.384386217 0.615613445
QK:/crrc/c: 0.231532799 0.768467201 0.000000000
QK:/crrc/crr: 0.000000000 0.000003494 0.999996506
QK:/crrc/r: 0.000000518 0.231312022 0.768687461
QK:/rc/c: 0.467268074 0.532731926 0.000000000
QK:/rc/crr: 0.000000000 0.000007107 0.999992893
QK:/rc/r: 0.000000027 0.250009812 0.749990161
QK:/rrc/c: 0.524537171 0.475462829 0.000000000
QK:/rrc/crr: 0.000000000 0.051762386 0.948237614
QK:/rrc/r: 0.000000074 0.448543575 0.551456350
QQ:/cc/c: 0.999999991 0.000000009 0.000000000
QQ:/cc/crr: 0.000000000 0.999999991 0.000000009
QQ:/cc/r: 0.999999802 0.000000087 0.000000111
QQ:/crc/c: 0.999999980 0.000000020 0.000000000
QQ:/crc/crr: 0.000000000 0.999999987 0.000000013
QQ:/crc/r: 0.999999974 0.000000015 0.000000011
QQ:/crrc/c: 0.999999996 0.000000004 0.000000000
QQ:/crrc/crr: 0.000000000 0.999999996 0.000000004
QQ:/crrc/r: 0.999999974 0.000000022 0.000000003
QQ:/rc/c: 0.999999993 0.000000007 0.000000000
QQ:/rc/crr: 0.000000000 0.999999996 0.000000004
QQ:/rc/r: 0.999999985 0.000000007 0.000000009
QQ:/rrc/c: 0.999999960 0.000000040 0.000000000
QQ:/rrc/crr: 0.000000000 0.999999961 0.000000039
QQ:/rrc/r: 0.999999861 0.000000106 0.000000033
