J:/c: 0.285319541 0.714680459 0.000000000
J:/crr: 0.000000000 0.999999997 0.000000003
J:/r: 0.058886461 0.143494691 0.797618848
JJ:/cc/c: 0.999999995 0.000000005 0.000000000
JJ:/cc/crr: 0.000000000 0.999999997 0.000000003
JJ:/cc/r: 0.999999986 0.000000011 0.000000004
JJ:/crc/c: 0.999999986 0.000000014 0.000000000
JJ:/crc/crr: 0.000000000 0.999999995 0.000000005
JJ:/crc/r: 0.621900820 0.378099173 0.000000007
JJ:/crrc/c: 0.999999994 0.000000006 0.000000000
JJ:/crrc/crr: 0.000000000 0.999999997 0.000000003
JJ:/crrc/r: 0.999999928 0.000000068 0.000000004
JJ:/rc/c: 0.999999979 0.000000021 0.000000000
JJ:/rc/crr: 0.000000000 0.999999991 0.000000009
JJ:/rc/r: 0.999999974 0.000000014 0.000000012
JJ:/rrc/c: 0.999999951 0.000000049 0.000000000
JJ:/rrc/crr: 0.000000000 0.999999980 0.000000020
JJ:/rrc/r: 0.999999592 0.000000381 0.000000027
JK:/cc/c: 0.007078681 0.992921319 0.000000000
JK:/cc/crr: 0.000000000 0.000000416 0.999999584
JK:/cc/r: 0.000000722 0.000000005 0.999999273
JK:/crc/c: 0.543078008 0.456921992 0.000000000
JK:/crc/crr: 0.000000000 0.000000093 0.999999907
JK:/crc/r: 0.015373428 0.000000128 0.984626444
JK:/crrc/c: 0.375085720 0.624914280 0.000000000
JK:/crrc/crr: 0.000000000 0.000000306 0.999999694
JK:/crrc/r: 0.229666757 0.000000078 0.770333165
JK:/rc/c: 0.372290127 0.627709873 0.000000000
JK:/rc/crr: 0.000000000 0.000000022 0.999999978
JK:/rc/r: 0.392249007 0.000000011 0.607750982
JK:/rrc/c: 0.999998918 0.000001082 0.000000000
JK:/rrc/crr: 0.000000000 0.000000126 0.999999874
JK:/rrc/r: 0.324328338 0.000000163 0.675671500
JQ:/cc/c: 0.067250677 0.932749323 0.000000000
JQ:/cc/crr: 0.000000000 0.000000000 1.000000000
JQ:/cc/r: 0.039353240 0.000000000 0.960646760
JQ:/crc/c: 0.377142761 0.622857239 0.000000000
JQ:/crc/crr: 0.000000000 0.000003784 0.999996216
JQ:/crc/r: 0.141399956 0.000000032 0.858600011
JQ:/crrc/c: 0.033900649 0.966099351 0.000000000
JQ:/crrc/crr: 0.000000000 0.000000820 0.999999180
JQ:/crrc/r: 0.166399744 0.000000015 0.833600241
JQ:/rc/c: 0.999976889 0.000023111 0.000000000
JQ:/rc/crr: 0.000000000 0.000000000 1.000000000
JQ:/rc/r: 0.000000035 0.000000038 0.999999927
JQ:/rrc/c: 0.000009624 0.999990376 0.000000000
JQ:/rrc/crr: 0.000000000 0.020208781 0.979791219
JQ:/rrc/r: 0.455651765 0.000000154 0.544348081
K:/c: 0.999997848 0.000002152 0.000000000
K:/crr: 0.000000000 0.999999999 0.000000001
K:/r: 0.567031297 0.432968702 0.000000001
KJ:/cc/c: 0.011888210 0.988111790 0.000000000
KJ:/cc/crr: 0.000000000 0.969687534 0.030312466
KJ:/cc/r: 0.010808788 0.006892845 0.982298367
KJ:/crc/c: 0.129786280 0.870213720 0.000000000
KJ:/crc/crr: 0.000000000 0.999999990 0.000000010
KJ:/crc/r: 0.000000153 0.765608360 0.234391487
KJ:/crrc/c: 0.307683848 0.692316152 0.000000000
KJ:/crrc/crr: 0.000000000 0.680275786 0.319724214
KJ:/crrc/r: 0.048499010 0.794698543 0.156802447
KJ:/rc/c: 0.388769735 0.611230265 0.000000000
KJ:/rc/crr: 0.000000000 0.748996688 0.251003312
KJ:/rc/r: 0.024656988 0.756070427 0.219272585
KJ:/rrc/c: 0.464423315 0.535576685 0.000000000
KJ:/rrc/crr: 0.000000000 0.999973354 0.000026646
KJ:/rrc/r: 0.040120471 0.895088329 0.064791200
KK:/cc/c: 0.994071454 0.005928546 0.000000000
KK:/cc/crr: 0.000000000 0.997609817 0.002390183
KK:/cc/r: 0.997825660 0.001775203 0.000399136
KK:/crc/c: 0.999999827 0.000000173 0.000000000
KK:/crc/crr: 0.000000000 0.999999957 0.000000043
KK:/crc/r: 0.738197398 0.261802582 0.000000021
KK:/crrc/c: 0.999999994 0.000000006 0.000000000
KK:/crrc/crr: 0.000000000 0.999999997 0.000000003
KK:/crrc/r: 0.999993989 0.000006007 0.000000004
KK:/rc/c: 0.999999974 0.000000026 0.000000000
KK:/rc/crr: 0.000000000 0.999999990 0.000000010
KK:/rc/r: 0.999999968 0.000000017 0.000000015
KK:/rrc/c: 0.999999920 0.000000080 0.000000000
KK:/rrc/crr: 0.000000000 0.999999980 0.000000020
KK:/rrc/r: 0.959944025 0.040055954 0.000000021
KQ:/cc/c: 0.004426371 0.995573629 0.000000000
KQ:/cc/crr: 0.000000000 0.783009000 0.216991000
KQ:/cc/r: 0.022747085 0.972962200 0.004290715
KQ:/crc/c: 0.334160036 0.665839964 0.000000000
KQ:/crc/crr: 0.000000000 0.060736358 0.939263642
KQ:/crc/r: 0.000000021 0.461879950 0.538120030
KQ:/crrc/c: 0.605403248 0.394596752 0.000000000
KQ:/crrc/crr: 0.000000000 0.431484972 0.568515028
KQ:/crrc/r: 0.000006047 0.787074500 0.212919453
KQ:/rc/c: 0.000027288 0.999972712 0.000000000
KQ:/rc/crr: 0.000000000 0.009948714 0.990051286
KQ:/rc/r: 0.000000197 0.335242806 0.664756997
KQ:/rrc/c: 0.499759812 0.500240188 0.000000000
KQ:/rrc/crr: 0.000000000 0.494681590 0.505318410
KQ:/rrc/r: 0.084929873 0.569518158 0.345551969
Q:/c: 0.841896221 0.158103779 0.000000000
Q:/crr: 0.000000000 0.999999973 0.000000027
Q:/r: 0.357258981 0.642740860 0.000000160
QJ:/cc/c: 0.000000473 0.999999527 0.000000000
QJ:/cc/crr: 0.000000000 0.107680953 0.892319047
QJ:/cc/r: 0.000000152 0.000000162 0.999999686
QJ:/crc/c: 0.516593341 0.483406659 0.000000000
QJ:/crc/crr: 0.000000000 0.001763684 0.998236316
QJ:/crc/r: 0.000000075 0.000000011 0.999999914
QJ:/crrc/c: 0.000000092 0.999999908 0.000000000
QJ:/crrc/crr: 0.000000000 0.233929090 0.766070910
QJ:/crrc/r: 0.020487019 0.000000000 0.979512981
QJ:/rc/c: 0.000000531 0.999999469 0.000000000
QJ:/rc/crr: 0.000000000 0.002979718 0.997020282
QJ:/rc/r: 0.020735883 0.000000013 0.979264104
QJ:/rrc/c: 0.000000324 0.999999676 0.000000000
QJ:/rrc/crr: 0.000000000 0.104975997 0.895024003
QJ:/rrc/r: 0.000000069 0.000000020 0.999999911
QK:/cc/c: 0.146502809 0.853497191 0.000000000
QK:/cc/crr: 0.000000000 0.999999966 0.000000034
QK:/cc/r: 0.000000174 0.757187462 0.242812364
QK:/crc/c: 0.250545794 0.749454206 0.000000000
QK:/crc/crr: 0.000000000 0.000018064 0.999981936
QK:/crc/r: 0.000000270 0.486520818 0.513478911
QK:/crrc/c: 0.160041884 0.839958116 0.000000000
QK:/crrc/crr: 0.000000000 0.000005302 0.999994698
QK:/crrc/r: 0.000000444 0.313485247 0.686514309
QK:/rc/c: 0.356782782 0.643217218 0.000000000
QK:/rc/crr: 0.000000000 0.000010784 0.999989216
QK:/rc/r: 0.000000023 0.335922629 0.664077348
QK:/rrc/c: 0.410956530 0.589043470 0.000000000
QK:/rrc/crr: 0.000000000 0.076498647 0.923501353
QK:/rrc/r: 0.000000058 0.552427872 0.447572070
QQ:/cc/c: 0.999999985 0.000000015 0.000000000
QQ:/cc/crr: 0.000000000 0.999999994 0.000000006
QQ:/cc/r: 0.999999746 0.000000138 0.000000115
QQ:/crc/c: 0.999999969 0.000000031 0.000000000
QQ:/crc/crr: 0.000000000 0.999999991 0.000000009
QQ:/crc/r: 0.999999965 0.000000023 0.000000012
QQ:/crrc/c: 0.999999994 0.000000006 0.000000000
QQ:/crrc/crr: 0.000000000 0.999999997 0.000000003
QQ:/crrc/r: 0.999999961 0.000000035 0.000000004
QQ:/rc/c: 0.999999988 0.000000012 0.000000000
QQ:/rc/crr: 0.000000000 0.999999997 0.000000003
QQ:/rc/r: 0.999999980 0.000000011 0.000000009
QQ:/rrc/c: 0.999999936 0.000000064 0.000000000
QQ:/rrc/crr: 0.000000000 0.999999974 0.000000026
QQ:/rrc/r: 0.999999798 0.000000167 0.000000034
