J:/c: 0.295522270 0.704477730 0.000000000
J:/crr: 0.000000000 0.999999996 0.000000004
J:/r: 0.040814857 0.094653206 0.864531936
JJ:/cc/c: 0.999999995 0.000000005 0.000000000
JJ:/cc/crr: 0.000000000 0.999999996 0.000000004
JJ:/cc/r: 0.999999984 0.000000010 0.000000006
JJ:/crc/c: 0.999999987 0.000000013 0.000000000
JJ:/crc/crr: 0.000000000 0.999999992 0.000000008
JJ:/crc/r: 0.633471175 0.366528814 0.000000011
JJ:/crrc/c: 0.999999994 0.000000006 0.000000000
JJ:/crrc/crr: 0.000000000 0.999999996 0.000000004
JJ:/crrc/r: 0.999999930 0.000000065 0.000000006
JJ:/rc/c: 0.999999980 0.000000020 0.000000000
JJ:/rc/crr: 0.000000000 0.999999986 0.000000014
JJ:/rc/r: 0.999999968 0.000000013 0.000000018
JJ:/rrc/c: 0.999999953 0.000000047 0.000000000
JJ:/rrc/crr: 0.000000000 0.999999968 0.000000032
JJ:/rrc/r: 0.999999595 0.000000362 0.000000043
JK:/cc/c: 0.007435320 0.992564680 0.000000000
JK:/cc/crr: 0.000000000 0.000000253 0.999999747
JK:/cc/r: 0.000000462 0.000000003 0.999999535
JK:/crc/c: 0.555335791 0.444664209 0.000000000
JK:/crc/crr: 0.000000000 0.000000056 0.999999944
JK:/crc/r: 0.009885572 0.000000078 0.990114350
JK:/crrc/c: 0.386761278 0.613238722 0.000000000
JK:/crrc/crr: 0.000000000 0.000000186 0.999999814
JK:/crrc/r: 0.160122593 0.000000052 0.839877355
JK:/rc/c: 0.383932127 0.616067873 0.000000000
JK:/rc/crr: 0.000000000 0.000000014 0.999999986
JK:/rc/r: 0.292144630 0.000000008 0.707855362
JK:/rrc/c: 0.999998970 0.000001030 0.000000000
JK:/rrc/crr: 0.000000000 0.000000076 0.999999924
JK:/rrc/r: 0.234859289 0.000000112 0.765140599
JQ:/cc/c: 0.070423890 0.929576110 0.000000000
JQ:/cc/crr: 0.000000000 0.000000000 1.000000000
JQ:/cc/r: 0.025527229 0.000000000 0.974472771
JQ:/crc/c: 0.388842507 0.611157493 0.000000000
JQ:/crc/crr: 0.000000000 0.000002303 0.999997697
JQ:/crc/r: 0.095277622 0.000000021 0.904722358
JQ:/crrc/c: 0.035560239 0.964439761 0.000000000
JQ:/crrc/crr: 0.000000000 0.000000499 0.999999501
JQ:/crrc/r: 0.113197983 0.000000010 0.886802007
JQ:/rc/c: 0.999978005 0.000021995 0.000000000
JQ:/rc/crr: 0.000000000 0.000000000 1.000000000
JQ:/rc/r: 0.000000023 0.000000023 0.999999955
JQ:/rrc/c: 0.000010112 0.999989888 0.000000000
JQ:/rrc/crr: 0.000000000 0.012396612 0.987603388
JQ:/rrc/r: 0.348649075 0.000000112 0.651350813
K:/c: 0.999998349 0.000001651 0.000000000
K:/crr: 0.000000000 0.999999999 0.000000001
K:/r: 0.630690268 0.369309731 0.000000001
KJ:/cc/c: 0.015446306 0.984553694 0.000000000
KJ:/cc/crr: 0.000000000 0.952505381 0.047494619
KJ:/cc/r: 0.008876512 0.004340993 0.986782495
KJ:/crc/c: 0.162816487 0.837183513 0.000000000
KJ:/crc/crr: 0.000000000 0.999999984 0.000000016
KJ:/crc/r: 0.000000175 0.671889180 0.328110646
KJ:/crrc/c: 0.366899833 0.633100167 0.000000000
KJ:/crrc/crr: 0.000000000 0.571531898 0.428468102
KJ:/crrc/r: 0.057075002 0.717200574 0.225724424
KJ:/rc/c: 0.453371788 0.546628212 0.000000000
KJ:/rc/crr: 0.000000000 0.651657503 0.348342497
KJ:/rc/r: 0.028253913 0.664394423 0.307351664
KJ:/rrc/c: 0.530682033 0.469317967 0.000000000
KJ:/rrc/crr: 0.000000000 0.999957497 0.000042503
KJ:/rrc/r: 0.049789762 0.851853818 0.098356420
KK:/cc/c: 0.995447248 0.004552752 0.000000000
KK:/cc/crr: 0.000000000 0.996192838 0.003807162
KK:/cc/r: 0.998149798 0.001361803 0.000488399
KK:/crc/c: 0.999999867 0.000000133 0.000000000
KK:/crc/crr: 0.000000000 0.999999931 0.000000069
KK:/crc/r: 0.786179890 0.213820083 0.000000027
KK:/crrc/c: 0.999999995 0.000000005 0.000000000
KK:/crrc/crr: 0.000000000 0.999999996 0.000000004
KK:/crrc/r: 0.999995389 0.000004607 0.000000004
KK:/rc/c: 0.999999980 0.000000020 0.000000000
KK:/rc/crr: 0.000000000 0.999999984 0.000000016
KK:/rc/r: 0.999999969 0.000000013 0.000000018
KK:/rrc/c: 0.999999939 0.000000061 0.000000000
KK:/rrc/crr: 0.000000000 0.999999967 0.000000033
KK:/rrc/r: 0.968992476 0.031007498 0.000000026
KQ:/cc/c: 0.005764195 0.994235805 0.000000000
KQ:/cc/crr: 0.000000000 0.693461597 0.306538403
KQ:/cc/r: 0.029383796 0.963836285 0.006779919
KQ:/crc/c: 0.395560182 0.604439818 0.000000000
KQ:/crc/crr: 0.000000000 0.038959677 0.961040323
KQ:/crc/r: 0.000000020 0.349846921 0.650153059
KQ:/crrc/c: 0.666736302 0.333263698 0.000000000
KQ:/crrc/crr: 0.000000000 0.322407335 0.677592665
KQ:/crrc/r: 0.000006998 0.698560038 0.301432963
KQ:/rc/c: 0.000035583 0.999964417 0.000000000
KQ:/rc/crr: 0.000000000 0.006260289 0.993739711
KQ:/rc/r: 0.000000184 0.240214803 0.759785013
KQ:/rrc/c: 0.565734651 0.434265349 0.000000000
KQ:/rrc/crr: 0.000000000 0.380315353 0.619684647
KQ:/rrc/r: 0.089932491 0.462475652 0.447591857
Q:/c: 0.874114131 0.125885869 0.000000000
Q:/crr: 0.000000000 0.999999956 0.000000044
Q:/r: 0.420224733 0.579775037 0.000000230
QJ:/cc/c: 0.000000616 0.999999384 0.000000000
QJ:/cc/crr: 0.000000000 0.070332924 0.929667076
QJ:/cc/r: 0.000000124 0.000000101 0.999999774
QJ:/crc/c: 0.582204068 0.417795932 0.000000000
QJ:/crc/crr: 0.000000000 0.001106418 0.998893582
QJ:/crc/r: 0.000000061 0.000000007 0.999999932
QJ:/crrc/c: 0.000000120 0.999999880 0.000000000
QJ:/crrc/crr: 0.000000000 0.160677982 0.839322018
QJ:/crrc/r: 0.016810977 0.000000000 0.983189023
QJ:/rc/c: 0.000000692 0.999999308 0.000000000
QJ:/rc/crr: 0.000000000 0.001870126 0.998129874
QJ:/rc/r: 0.017015962 0.000000008 0.982984030
QJ:/rrc/c: 0.000000423 0.999999577 0.000000000
QJ:/rrc/crr: 0.000000000 0.068494139 0.931505861
QJ:/rrc/r: 0.000000057 0.000000013 0.999999931
QK:/cc/c: 0.182893190 0.817106810 0.000000000
QK:/cc/crr: 0.000000000 0.999999946 0.000000054
QK:/cc/r: 0.000000199 0.661589542 0.338410259
QK:/crc/c: 0.303587275 0.696412725 0.000000000
QK:/crc/crr: 0.000000000 0.000011325 0.999988675
QK:/crc/r: 0.000000270 0.372649946 0.627349784
QK:/crrc/c: 0.199011128 0.800988872 0.000000000
QK:/crrc/crr: 0.000000000 0.000003324 0.999996676
QK:/crrc/r: 0.000000411 0.222559819 0.777439770
QK:/rc/c: 0.419719448 0.580280552 0.000000000
QK:/rc/crr: 0.000000000 0.000006761 0.999993239
QK:/rc/r: 0.000000022 0.240771710 0.759228268
QK:/rrc/c: 0.476372015 0.523627985 0.000000000
QK:/rrc/crr: 0.000000000 0.049367525 0.950632475
QK:/rrc/r: 0.000000059 0.436236504 0.563763437
QQ:/cc/c: 0.999999989 0.000000011 0.000000000
QQ:/cc/crr: 0.000000000 0.999999990 0.000000010
QQ:/cc/r: 0.999999753 0.000000106 0.000000141
QQ:/crc/c: 0.999999976 0.000000024 0.000000000
QQ:/crc/crr: 0.000000000 0.999999986 0.000000014
QQ:/crc/r: 0.999999968 0.000000018 0.000000014
QQ:/crrc/c: 0.999999995 0.000000005 0.000000000
QQ:/crrc/crr: 0.000000000 0.999999996 0.000000004
QQ:/crrc/r: 0.999999969 0.000000027 0.000000004
QQ:/rc/c: 0.999999991 0.000000009 0.000000000
QQ:/rc/crr: 0.000000000 0.999999996 0.000000004
QQ:/rc/r: 0.999999981 0.000000008 0.000000011
QQ:/rrc/c: 0.999999951 0.000000049 0.000000000
QQ:/rrc/crr: 0.000000000 0.999999959 0.000000041
QQ:/rrc/r: 0.999999830 0.000000128 0.000000042
