J:/c: 0.304054746 0.695945254 0.000000000
J:/crr: 0.000000000 0.999999998 0.000000002
J:/r: 0.070944461 0.157972604 0.771082934
JJ:/cc/c: 0.999999995 0.000000005 0.000000000
JJ:/cc/crr: 0.000000000 0.999999998 0.000000002
JJ:/cc/r: 0.999999987 0.000000010 0.000000003
JJ:/crc/c: 0.999999987 0.000000013 0.000000000
JJ:/crc/crr: 0.000000000 0.999999996 0.000000004
JJ:/crc/r: 0.642857137 0.357142857 0.000000006
JJ:/crrc/c: 0.999999994 0.000000006 0.000000000
JJ:/crrc/crr: 0.000000000 0.999999998 0.000000002
JJ:/crrc/r: 0.999999935 0.000000062 0.000000003
JJ:/rc/c: 0.999999981 0.000000019 0.000000000
JJ:/rc/crr: 0.000000000 0.999999993 0.000000007
JJ:/rc/r: 0.999999978 0.000000013 0.000000009
JJ:/rrc/c: 0.999999955 0.000000045 0.000000000
JJ:/rrc/crr: 0.000000000 0.999999983 0.000000017
JJ:/rrc/r: 0.999999630 0.000000348 0.000000022
JK:/cc/c: 0.007741399 0.992258601 0.000000000
JK:/cc/crr: 0.000000000 0.000000474 0.999999526
JK:/cc/r: 0.000000900 0.000000005 0.999999095
JK:/crc/c: 0.565349741 0.434650259 0.000000000
JK:/crc/crr: 0.000000000 0.000000106 0.999999894
JK:/crc/r: 0.019086541 0.000000145 0.980913314
JK:/crrc/c: 0.396445600 0.603554400 0.000000000
JK:/crrc/crr: 0.000000000 0.000000349 0.999999651
JK:/crrc/r: 0.270897702 0.000000084 0.729102214
JK:/rc/c: 0.393591075 0.606408925 0.000000000
JK:/rc/crr: 0.000000000 0.000000025 0.999999975
JK:/rc/r: 0.445777241 0.000000012 0.554222748
JK:/rrc/c: 0.999999011 0.000000989 0.000000000
JK:/rrc/crr: 0.000000000 0.000000143 0.999999857
JK:/rrc/r: 0.374296153 0.000000172 0.625703676
JQ:/cc/c: 0.073131884 0.926868116 0.000000000
JQ:/cc/crr: 0.000000000 0.000000000 1.000000000
JQ:/cc/r: 0.048572433 0.000000000 0.951427567
JQ:/crc/c: 0.398545074 0.601454926 0.000000000
JQ:/crc/crr: 0.000000000 0.000004310 0.999995690
JQ:/crc/r: 0.170287692 0.000000036 0.829712272
JQ:/crrc/c: 0.036980962 0.963019038 0.000000000
JQ:/crrc/crr: 0.000000000 0.000000934 0.999999066
JQ:/crrc/r: 0.199209883 0.000000016 0.800790101
JQ:/rc/c: 0.999978881 0.000021119 0.000000000
JQ:/rc/crr: 0.000000000 0.000000000 1.000000000
JQ:/rc/r: 0.000000044 0.000000043 0.999999913
JQ:/rrc/c: 0.000010532 0.999989468 0.000000000
JQ:/rrc/crr: 0.000000000 0.022949016 0.977050984
JQ:/rrc/r: 0.510563598 0.000000158 0.489436244
K:/c: 0.999998033 0.000001967 0.000000000
K:/crr: 0.000000000 0.999999999 0.000000001
K:/r: 0.589019037 0.410980963 0.000000001
KJ:/cc/c: 0.012995311 0.987004689 0.000000000
KJ:/cc/crr: 0.000000000 0.973282961 0.026717039
KJ:/cc/r: 0.013421650 0.007821145 0.978757205
KJ:/crc/c: 0.140313669 0.859686331 0.000000000
KJ:/crc/crr: 0.000000000 0.999999991 0.000000009
KJ:/crc/r: 0.000000172 0.788120906 0.211878922
KJ:/crrc/c: 0.327215218 0.672784782 0.000000000
KJ:/crrc/crr: 0.000000000 0.707856857 0.292143143
KJ:/crrc/r: 0.053857723 0.806418412 0.139723865
KJ:/rc/c: 0.410397114 0.589602886 0.000000000
KJ:/rc/crr: 0.000000000 0.772630931 0.227369069
KJ:/rc/r: 0.027658174 0.774976681 0.197365145
KJ:/rrc/c: 0.486906725 0.513093275 0.000000000
KJ:/rrc/crr: 0.000000000 0.999976601 0.000023399
KJ:/rrc/r: 0.044087145 0.898782802 0.057130052
KK:/cc/c: 0.994579827 0.005420173 0.000000000
KK:/cc/crr: 0.000000000 0.997900493 0.002099507
KK:/cc/r: 0.998057124 0.001622526 0.000320350
KK:/crc/c: 0.999999842 0.000000158 0.000000000
KK:/crc/crr: 0.000000000 0.999999962 0.000000038
KK:/crc/r: 0.755244731 0.244755252 0.000000017
KK:/crrc/c: 0.999999994 0.000000006 0.000000000
KK:/crrc/crr: 0.000000000 0.999999998 0.000000002
KK:/crrc/r: 0.999994508 0.000005489 0.000000003
KK:/rc/c: 0.999999977 0.000000023 0.000000000
KK:/rc/crr: 0.000000000 0.999999991 0.000000009
KK:/rc/r: 0.999999973 0.000000016 0.000000012
KK:/rrc/c: 0.999999927 0.000000073 0.000000000
KK:/rrc/crr: 0.000000000 0.999999982 0.000000018
KK:/rrc/r: 0.963270702 0.036729281 0.000000017
KQ:/cc/c: 0.004841986 0.995158014 0.000000000
KQ:/cc/crr: 0.000000000 0.804277547 0.195722453
KQ:/cc/r: 0.024852976 0.971385316 0.003761707
KQ:/crc/c: 0.354511464 0.645488536 0.000000000
KQ:/crc/crr: 0.000000000 0.068587292 0.931412708
KQ:/crc/r: 0.000000024 0.494295704 0.505704272
KQ:/crrc/c: 0.626725121 0.373274879 0.000000000
KQ:/crrc/crr: 0.000000000 0.463605341 0.536394659
KQ:/crrc/r: 0.000006794 0.808041169 0.191952037
KQ:/rc/c: 0.000029862 0.999970138 0.000000000
KQ:/rc/crr: 0.000000000 0.011313787 0.988686213
KQ:/rc/r: 0.000000235 0.364795898 0.635203868
KQ:/rrc/c: 0.522285675 0.477714325 0.000000000
KQ:/rrc/crr: 0.000000000 0.527144302 0.472855698
KQ:/rrc/r: 0.096224289 0.589623406 0.314152305
Q:/c: 0.853530950 0.146469050 0.000000000
Q:/crr: 0.000000000 0.999999976 0.000000024
Q:/r: 0.378218109 0.621781755 0.000000136
QJ:/cc/c: 0.000000517 0.999999483 0.000000000
QJ:/cc/crr: 0.000000000 0.120819500 0.879180500
QJ:/cc/r: 0.000000190 0.000000184 0.999999626
QJ:/crc/c: 0.539060324 0.460939676 0.000000000
QJ:/crc/crr: 0.000000000 0.002007959 0.997992041
QJ:/crc/r: 0.000000093 0.000000012 0.999999895
QJ:/crrc/c: 0.000000101 0.999999899 0.000000000
QJ:/crrc/crr: 0.000000000 0.258017509 0.741982491
QJ:/crrc/r: 0.025403342 0.000000000 0.974596658
QJ:/rc/c: 0.000000581 0.999999419 0.000000000
QJ:/rc/crr: 0.000000000 0.003391844 0.996608156
QJ:/rc/r: 0.025710359 0.000000015 0.974289626
QJ:/rrc/c: 0.000000355 0.999999645 0.000000000
QJ:/rrc/crr: 0.000000000 0.117828084 0.882171916
QJ:/rrc/r: 0.000000087 0.000000023 0.999999891
QK:/cc/c: 0.158139722 0.841860278 0.000000000
QK:/cc/crr: 0.000000000 0.999999970 0.000000030
QK:/cc/r: 0.000000197 0.780276686 0.219723117
QK:/crc/c: 0.267853400 0.732146600 0.000000000
QK:/crc/crr: 0.000000000 0.000020571 0.999979429
QK:/crc/r: 0.000000315 0.518997995 0.481001689
QK:/crrc/c: 0.172536824 0.827463176 0.000000000
QK:/crrc/crr: 0.000000000 0.000006038 0.999993962
QK:/crrc/r: 0.000000530 0.342107378 0.657892092
QK:/rc/c: 0.377730384 0.622269616 0.000000000
QK:/rc/crr: 0.000000000 0.000012281 0.999987719
QK:/rc/r: 0.000000027 0.365502714 0.634497259
QK:/rrc/c: 0.432943923 0.567056077 0.000000000
QK:/rrc/crr: 0.000000000 0.086200066 0.913799934
QK:/rrc/r: 0.000000067 0.584298285 0.415701648
QQ:/cc/c: 0.999999986 0.000000014 0.000000000
QQ:/cc/crr: 0.000000000 0.999999995 0.000000005
QQ:/cc/r: 0.999999781 0.000000126 0.000000092
QQ:/crc/c: 0.999999972 0.000000028 0.000000000
QQ:/crc/crr: 0.000000000 0.999999993 0.000000007
QQ:/crc/r: 0.999999969 0.000000021 0.000000009
QQ:/crrc/c: 0.999999994 0.000000006 0.000000000
QQ:/crrc/crr: 0.000000000 0.999999998 0.000000002
QQ:/crrc/r: 0.999999965 0.000000032 0.000000003
QQ:/rc/c: 0.999999989 0.000000011 0.000000000
QQ:/rc/crr: 0.000000000 0.999999998 0.000000002
QQ:/rc/r: 0.999999983 0.000000010 0.000000007
QQ:/rrc/c: 0.999999942 0.000000058 0.000000000
QQ:/rrc/crr: 0.000000000 0.999999978 0.000000022
QQ:/rrc/r: 0.999999820 0.000000153 0.000000028
