J:/c: 0.204441758 0.795558242 0.000000000
J:/crr: 0.000000000 0.999999998 0.000000002
J:/r: 0.050394707 0.190777561 0.758827731
JJ:/cc/c: 0.999999992 0.000000008 0.000000000
JJ:/cc/crr: 0.000000000 0.999999998 0.000000002
JJ:/cc/r: 0.999999979 0.000000017 0.000000004
JJ:/crc/c: 0.999999979 0.000000021 0.000000000
JJ:/crc/crr: 0.000000000 0.999999996 0.000000004
JJ:/crc/r: 0.514268361 0.485731633 0.000000007
JJ:/crrc/c: 0.999999990 0.000000010 0.000000000
JJ:/crrc/crr: 0.000000000 0.999999998 0.000000002
JJ:/crrc/r: 0.999999890 0.000000106 0.000000004
JJ:/rc/c: 0.999999967 0.000000033 0.000000000
JJ:/rc/crr: 0.000000000 0.999999994 0.000000006
JJ:/rc/r: 0.999999965 0.000000021 0.000000013
JJ:/rrc/c: 0.999999924 0.000000076 0.000000000
JJ:/rrc/crr: 0.000000000 0.999999986 0.000000014
JJ:/rrc/r: 0.999999378 0.000000592 0.000000030
JK:/cc/c: 0.004568011 0.995431989 0.000000000
JK:/cc/crr: 0.000000000 0.000000582 0.999999418
JK:/cc/r: 0.000000650 0.000000007 0.999999344
JK:/crc/c: 0.433448535 0.566551465 0.000000000
JK:/crc/crr: 0.000000000 0.000000130 0.999999870
JK:/crc/r: 0.013850442 0.000000179 0.986149379
JK:/crrc/c: 0.278684754 0.721315246 0.000000000
JK:/crrc/crr: 0.000000000 0.000000428 0.999999572
JK:/crrc/r: 0.211474081 0.000000112 0.788525807
JK:/rc/c: 0.276289992 0.723710008 0.000000000
JK:/rc/crr: 0.000000000 0.000000031 0.999999969
JK:/rc/r: 0.367318605 0.000000016 0.632681378
JK:/rrc/c: 0.999998319 0.000001681 0.000000000
JK:/rrc/crr: 0.000000000 0.000000175 0.999999825
JK:/rrc/r: 0.301572711 0.000000235 0.698427054
JQ:/cc/c: 0.044351462 0.955648538 0.000000000
JQ:/cc/crr: 0.000000000 0.000000000 1.000000000
JQ:/cc/r: 0.035540415 0.000000000 0.964459585
JQ:/crc/c: 0.280450376 0.719549624 0.000000000
JQ:/crc/crr: 0.000000000 0.000005289 0.999994711
JQ:/crc/r: 0.129028073 0.000000046 0.870971881
JQ:/crrc/c: 0.022088379 0.977911621 0.000000000
JQ:/crrc/crr: 0.000000000 0.000001146 0.999998854
JQ:/crrc/r: 0.152228306 0.000000021 0.847771673
JQ:/rc/c: 0.999964096 0.000035904 0.000000000
JQ:/rc/crr: 0.000000000 0.000000000 1.000000000
JQ:/rc/r: 0.000000032 0.000000052 0.999999916
JQ:/rrc/c: 0.000006195 0.999993805 0.000000000
JQ:/rrc/crr: 0.000000000 0.028016203 0.971983797
JQ:/rrc/r: 0.429539698 0.000000225 0.570460077
K:/c: 0.999996656 0.000003344 0.000000000
K:/crr: 0.000000000 0.999999999 0.000000001
K:/r: 0.457406956 0.542593043 0.000000001
KJ:/cc/c: 0.007684896 0.992315104 0.000000000
KJ:/cc/crr: 0.000000000 0.978120463 0.021879537
KJ:/cc/r: 0.009706910 0.009616666 0.980676424
KJ:/crc/c: 0.087593016 0.912406984 0.000000000
KJ:/crc/crr: 0.000000000 0.999999993 0.000000007
KJ:/crc/r: 0.000000105 0.820294439 0.179705456
KJ:/crrc/c: 0.222439712 0.777560288 0.000000000
KJ:/crrc/crr: 0.000000000 0.748326293 0.251673707
KJ:/crrc/r: 0.033277597 0.847117159 0.119605244
KJ:/rc/c: 0.290486654 0.709513346 0.000000000
KJ:/rc/crr: 0.000000000 0.806579299 0.193420701
KJ:/rc/r: 0.017087292 0.813986958 0.168925750
KJ:/rrc/c: 0.358223556 0.641776444 0.000000000
KJ:/rrc/crr: 0.000000000 0.999980932 0.000019068
KJ:/rrc/r: 0.026698898 0.925369532 0.047931570
KK:/cc/c: 0.990819902 0.009180098 0.000000000
KK:/cc/crr: 0.000000000 0.998288477 0.001711523
KK:/cc/r: 0.996801729 0.002755017 0.000443255
KK:/crc/c: 0.999999731 0.000000269 0.000000000
KK:/crc/crr: 0.000000000 0.999999969 0.000000031
KK:/crc/r: 0.644760186 0.355239794 0.000000020
KK:/crrc/c: 0.999999990 0.000000010 0.000000000
KK:/crrc/crr: 0.000000000 0.999999998 0.000000002
KK:/crrc/r: 0.999990664 0.000009332 0.000000004
KK:/rc/c: 0.999999960 0.000000040 0.000000000
KK:/rc/crr: 0.000000000 0.999999993 0.000000007
KK:/rc/r: 0.999999957 0.000000026 0.000000016
KK:/rrc/c: 0.999999876 0.000000124 0.000000000
KK:/rrc/crr: 0.000000000 0.999999985 0.000000015
KK:/rrc/r: 0.939121348 0.060878630 0.000000023
KQ:/cc/c: 0.002853720 0.997146280 0.000000000
KQ:/cc/crr: 0.000000000 0.834512835 0.165487165
KQ:/cc/r: 0.014779941 0.982120820 0.003099238
KQ:/crc/c: 0.244167659 0.755832341 0.000000000
KQ:/crc/crr: 0.000000000 0.082876733 0.917123267
KQ:/crc/r: 0.000000016 0.545347424 0.454652560
KQ:/crrc/c: 0.496873855 0.503126145 0.000000000
KQ:/crrc/crr: 0.000000000 0.514713528 0.485286472
KQ:/crrc/r: 0.000004143 0.837813634 0.162182223
KQ:/rc/c: 0.000017565 0.999982435 0.000000000
KQ:/rc/crr: 0.000000000 0.013848306 0.986151694
KQ:/rc/r: 0.000000156 0.413406530 0.586593314
KQ:/rrc/c: 0.391384585 0.608615415 0.000000000
KQ:/rrc/crr: 0.000000000 0.577712929 0.422287071
KQ:/rrc/r: 0.062732574 0.653524977 0.283742450
Q:/c: 0.774145693 0.225854307 0.000000000
Q:/crr: 0.000000000 0.999999980 0.000000020
Q:/r: 0.263507739 0.736492131 0.000000131
QJ:/cc/c: 0.000000304 0.999999696 0.000000000
QJ:/cc/crr: 0.000000000 0.144305004 0.855694996
QJ:/cc/r: 0.000000137 0.000000226 0.999999637
QJ:/crc/c: 0.407541660 0.592458340 0.000000000
QJ:/crc/crr: 0.000000000 0.002462976 0.997537024
QJ:/crc/r: 0.000000067 0.000000015 0.999999918
QJ:/crrc/c: 0.000000059 0.999999941 0.000000000
QJ:/crrc/crr: 0.000000000 0.299099314 0.700900686
QJ:/crrc/r: 0.018466951 0.000000000 0.981533049
QJ:/rc/c: 0.000000342 0.999999658 0.000000000
QJ:/rc/crr: 0.000000000 0.004159152 0.995840848
QJ:/rc/r: 0.018691745 0.000000018 0.981308237
QJ:/rrc/c: 0.000000209 0.999999791 0.000000000
QJ:/rrc/crr: 0.000000000 0.140825242 0.859174758
QJ:/rrc/r: 0.000000062 0.000000028 0.999999910
QK:/cc/c: 0.099496391 0.900503609 0.000000000
QK:/cc/crr: 0.000000000 0.999999976 0.000000024
QK:/cc/r: 0.000000121 0.813359275 0.186640604
QK:/crc/c: 0.177082730 0.822917270 0.000000000
QK:/crc/crr: 0.000000000 0.000025244 0.999974756
QK:/crc/r: 0.000000204 0.569726762 0.430273035
QK:/crrc/c: 0.109247407 0.890752593 0.000000000
QK:/crrc/crr: 0.000000000 0.000007410 0.999992590
QK:/crrc/r: 0.000000355 0.389548809 0.610450837
QK:/rc/c: 0.263105336 0.736894664 0.000000000
QK:/rc/crr: 0.000000000 0.000015070 0.999984930
QK:/rc/r: 0.000000018 0.414146102 0.585853880
QK:/rrc/c: 0.309908375 0.690091625 0.000000000
QK:/rrc/crr: 0.000000000 0.103750204 0.896249796
QK:/rrc/r: 0.000000043 0.633009940 0.366990018
QQ:/cc/c: 0.999999977 0.000000023 0.000000000
QQ:/cc/crr: 0.000000000 0.999999996 0.000000004
QQ:/cc/r: 0.999999657 0.000000215 0.000000128
QQ:/crc/c: 0.999999952 0.000000048 0.000000000
QQ:/crc/crr: 0.000000000 0.999999994 0.000000006
QQ:/crc/r: 0.999999951 0.000000036 0.000000013
QQ:/crrc/c: 0.999999990 0.000000010 0.000000000
QQ:/crrc/crr: 0.000000000 0.999999998 0.000000002
QQ:/crrc/r: 0.999999941 0.000000055 0.000000004
QQ:/rc/c: 0.999999982 0.000000018 0.000000000
QQ:/rc/crr: 0.000000000 0.999999998 0.000000002
QQ:/rc/r: 0.999999973 0.000000017 0.000000010
QQ:/rrc/c: 0.999999901 0.000000099 0.000000000
QQ:/rrc/crr: 0.000000000 0.999999982 0.000000018
QQ:/rrc/r: 0.999999702 0.000000260 0.000000038
