J:/c: 0.342069966 0.657930034 0.000000000
J:/crr: 0.000000000 0.999999996 0.000000004
J:/r: 0.056615269 0.105934722 0.837450009
JJ:/cc/c: 0.999999996 0.000000004 0.000000000
JJ:/cc/crr: 0.000000000 0.999999996 0.000000004
JJ:/cc/r: 0.999999988 0.000000008 0.000000004
JJ:/crc/c: 0.999999989 0.000000011 0.000000000
JJ:/crc/crr: 0.000000000 0.999999993 0.000000007
JJ:/crc/r: 0.681737150 0.318262842 0.000000008
JJ:/crrc/c: 0.999999995 0.000000005 0.000000000
JJ:/crrc/crr: 0.000000000 0.999999996 0.000000004
JJ:/crrc/r: 0.999999944 0.000000052 0.000000004
JJ:/rc/c: 0.999999984 0.000000016 0.000000000
JJ:/rc/crr: 0.000000000 0.999999988 0.000000012
JJ:/rc/r: 0.999999977 0.000000011 0.000000013
JJ:/rrc/c: 0.999999962 0.000000038 0.000000000
JJ:/rrc/crr: 0.000000000 0.999999972 0.000000028
JJ:/rrc/r: 0.999999678 0.000000292 0.000000030
JK:/cc/c: 0.009198977 0.990801023 0.000000000
JK:/cc/crr: 0.000000000 0.000000293 0.999999707
JK:/cc/r: 0.000000661 0.000000003 0.999999335
JK:/crc/c: 0.607516008 0.392483992 0.000000000
JK:/crc/crr: 0.000000000 0.000000065 0.999999935
JK:/crc/r: 0.014095762 0.000000090 0.985904148
JK:/crrc/c: 0.438730115 0.561269885 0.000000000
JK:/crrc/crr: 0.000000000 0.000000215 0.999999785
JK:/crrc/r: 0.214458508 0.000000056 0.785541436
JK:/rc/c: 0.435790963 0.564209037 0.000000000
JK:/rc/crr: 0.000000000 0.000000016 0.999999984
JK:/rc/r: 0.371466280 0.000000008 0.628533711
JK:/rrc/c: 0.999999169 0.000000831 0.000000000
JK:/rrc/crr: 0.000000000 0.000000088 0.999999912
JK:/rrc/r: 0.305336313 0.000000118 0.694663569
JQ:/cc/c: 0.085836359 0.914163641 0.000000000
JQ:/cc/crr: 0.000000000 0.000000000 1.000000000
JQ:/cc/r: 0.036155821 0.000000000 0.963844179
JQ:/crc/c: 0.440889940 0.559110060 0.000000000
JQ:/crc/crr: 0.000000000 0.000002661 0.999997339
JQ:/crc/r: 0.131042337 0.000000023 0.868957640
JQ:/crrc/c: 0.043701402 0.956298598 0.000000000
JQ:/crrc/crr: 0.000000000 0.000000577 0.999999423
JQ:/crrc/r: 0.154540485 0.000000011 0.845459504
JQ:/rc/c: 0.999982254 0.000017746 0.000000000
JQ:/rc/crr: 0.000000000 0.000000000 1.000000000
JQ:/rc/r: 0.000000032 0.000000026 0.999999941
JQ:/rrc/c: 0.000012533 0.999987467 0.000000000
JQ:/rrc/crr: 0.000000000 0.014295272 0.985704728
JQ:/rrc/r: 0.433908154 0.000000113 0.566091734
K:/c: 0.999998000 0.000002000 0.000000000
K:/crr: 0.000000000 0.999999999 0.000000001
K:/r: 0.584976155 0.415023844 0.000000001
KJ:/cc/c: 0.012783140 0.987216860 0.000000000
KJ:/cc/crr: 0.000000000 0.966405133 0.033594867
KJ:/cc/r: 0.010471775 0.006204793 0.983323432
KJ:/crc/c: 0.138314094 0.861685906 0.000000000
KJ:/crc/crr: 0.000000000 0.999999989 0.000000011
KJ:/crc/r: 0.000000160 0.746015362 0.253984478
KJ:/crrc/c: 0.323554596 0.676445404 0.000000000
KJ:/crrc/crr: 0.000000000 0.656747775 0.343252225
KJ:/crrc/r: 0.051110223 0.778148947 0.170740830
KJ:/rc/c: 0.406367994 0.593632006 0.000000000
KJ:/rc/crr: 0.000000000 0.728507509 0.271492491
KJ:/rc/r: 0.025853359 0.736587947 0.237558694
KJ:/rrc/c: 0.482741465 0.517258535 0.000000000
KJ:/rrc/crr: 0.000000000 0.999970368 0.000029632
KJ:/rrc/r: 0.042738770 0.885946102 0.071315128
KK:/cc/c: 0.994489182 0.005510818 0.000000000
KK:/cc/crr: 0.000000000 0.997342709 0.002657291
KK:/cc/r: 0.997937928 0.001649614 0.000412458
KK:/crc/c: 0.999999839 0.000000161 0.000000000
KK:/crc/crr: 0.000000000 0.999999952 0.000000048
KK:/crc/r: 0.752148969 0.247851009 0.000000022
KK:/crrc/c: 0.999999994 0.000000006 0.000000000
KK:/crrc/crr: 0.000000000 0.999999997 0.000000003
KK:/crrc/r: 0.999994415 0.000005581 0.000000004
KK:/rc/c: 0.999999976 0.000000024 0.000000000
KK:/rc/crr: 0.000000000 0.999999989 0.000000011
KK:/rc/r: 0.999999969 0.000000016 0.000000015
KK:/rrc/c: 0.999999926 0.000000074 0.000000000
KK:/rrc/crr: 0.000000000 0.999999977 0.000000023
KK:/rrc/r: 0.962676099 0.037323879 0.000000022
KQ:/cc/c: 0.004762290 0.995237710 0.000000000
KQ:/cc/crr: 0.000000000 0.764422974 0.235577026
KQ:/cc/r: 0.024427515 0.970811543 0.004760942
KQ:/crc/c: 0.350704654 0.649295346 0.000000000
KQ:/crc/crr: 0.000000000 0.054952881 0.945047119
KQ:/crc/r: 0.000000021 0.435614058 0.564385921
KQ:/crrc/c: 0.622815638 0.377184362 0.000000000
KQ:/crrc/crr: 0.000000000 0.405644601 0.594355399
KQ:/crrc/r: 0.000006356 0.768734011 0.231259633
KQ:/rc/c: 0.000029369 0.999970631 0.000000000
KQ:/rc/crr: 0.000000000 0.008955262 0.991044738
KQ:/rc/r: 0.000000197 0.312002982 0.687996820
KQ:/rrc/c: 0.518123383 0.481876617 0.000000000
KQ:/rrc/crr: 0.000000000 0.468173235 0.531826765
KQ:/rrc/r: 0.087453590 0.544891654 0.367654756
Q:/c: 0.851433807 0.148566193 0.000000000
Q:/crr: 0.000000000 0.999999970 0.000000030
Q:/r: 0.374304337 0.625695490 0.000000173
QJ:/cc/c: 0.000000509 0.999999491 0.000000000
QJ:/cc/crr: 0.000000000 0.097893184 0.902106816
QJ:/cc/r: 0.000000147 0.000000146 0.999999707
QJ:/crc/c: 0.534914038 0.465085962 0.000000000
QJ:/crc/crr: 0.000000000 0.001586258 0.998413742
QJ:/crc/r: 0.000000073 0.000000009 0.999999918
QJ:/crrc/c: 0.000000099 0.999999901 0.000000000
QJ:/crrc/crr: 0.000000000 0.215436437 0.784563563
QJ:/crrc/r: 0.019840637 0.000000000 0.980159363
QJ:/rc/c: 0.000000572 0.999999428 0.000000000
QJ:/rc/crr: 0.000000000 0.002680288 0.997319712
QJ:/rc/r: 0.020081811 0.000000012 0.979918178
QJ:/rrc/c: 0.000000349 0.999999651 0.000000000
QJ:/rrc/crr: 0.000000000 0.095407809 0.904592191
QJ:/rrc/r: 0.000000067 0.000000018 0.999999915
QK:/cc/c: 0.155932191 0.844067809 0.000000000
QK:/cc/crr: 0.000000000 0.999999962 0.000000038
QK:/cc/r: 0.000000183 0.737132239 0.262867579
QK:/crc/c: 0.264595694 0.735404306 0.000000000
QK:/crc/crr: 0.000000000 0.000016244 0.999983756
QK:/crc/r: 0.000000275 0.460051641 0.539948084
QK:/crrc/c: 0.170168942 0.829831058 0.000000000
QK:/crrc/crr: 0.000000000 0.000004768 0.999995232
QK:/crrc/r: 0.000000443 0.291093242 0.708906315
QK:/rc/c: 0.373818638 0.626181362 0.000000000
QK:/rc/crr: 0.000000000 0.000009697 0.999990303
QK:/rc/r: 0.000000023 0.312657842 0.687342135
QK:/rrc/c: 0.428854452 0.571145548 0.000000000
QK:/rrc/crr: 0.000000000 0.069325022 0.930674978
QK:/rrc/r: 0.000000059 0.526046450 0.473953491
QQ:/cc/c: 0.999999986 0.000000014 0.000000000
QQ:/cc/crr: 0.000000000 0.999999993 0.000000007
QQ:/cc/r: 0.999999752 0.000000129 0.000000119
QQ:/crc/c: 0.999999971 0.000000029 0.000000000
QQ:/crc/crr: 0.000000000 0.999999991 0.000000009
QQ:/crc/r: 0.999999966 0.000000022 0.000000012
QQ:/crrc/c: 0.999999994 0.000000006 0.000000000
QQ:/crrc/crr: 0.000000000 0.999999997 0.000000003
QQ:/crrc/r: 0.999999964 0.000000033 0.000000004
QQ:/rc/c: 0.999999989 0.000000011 0.000000000
QQ:/rc/crr: 0.000000000 0.999999997 0.000000003
QQ:/rc/r: 0.999999981 0.000000010 0.000000009
QQ:/rrc/c: 0.999999941 0.000000059 0.000000000
QQ:/rrc/crr: 0.000000000 0.999999972 0.000000028
QQ:/rrc/r: 0.999999809 0.000000155 0.000000036
