J:/c: 0.303891432 0.696108568 0.000000000
J:/crr: 0.000000000 0.999999997 0.000000003
J:/r: 0.058835115 0.131109791 0.810055093
JJ:/cc/c: 0.999999995 0.000000005 0.000000000
JJ:/cc/crr: 0.000000000 0.999999997 0.000000003
JJ:/cc/r: 0.999999987 0.000000010 0.000000004
JJ:/crc/c: 0.999999987 0.000000013 0.000000000
JJ:/crc/crr: 0.000000000 0.999999994 0.000000006
JJ:/crc/r: 0.642679894 0.357320099 0.000000007
JJ:/crrc/c: 0.999999994 0.000000006 0.000000000
JJ:/crrc/crr: 0.000000000 0.999999997 0.000000003
JJ:/crrc/r: 0.999999934 0.000000062 0.000000004
JJ:/rc/c: 0.999999981 0.000000019 0.000000000
JJ:/rc/crr: 0.000000000 0.999999991 0.000000009
JJ:/rc/r: 0.999999975 0.000000013 0.000000012
JJ:/rrc/c: 0.999999955 0.000000045 0.000000000
JJ:/rrc/crr: 0.000000000 0.999999978 0.000000022
JJ:/rrc/r: 0.999999624 0.000000348 0.000000028
JK:/cc/c: 0.007735472 0.992264528 0.000000000
JK:/cc/crr: 0.000000000 0.000000375 0.999999625
JK:/cc/r: 0.000000710 0.000000004 0.999999285
JK:/crc/c: 0.565160052 0.434839948 0.000000000
JK:/crc/crr: 0.000000000 0.000000083 0.999999917
JK:/crc/r: 0.015127982 0.000000115 0.984871903
JK:/crrc/c: 0.396260916 0.603739084 0.000000000
JK:/crrc/crr: 0.000000000 0.000000275 0.999999725
JK:/crrc/r: 0.226788011 0.000000070 0.773211918
JK:/rc/c: 0.393406855 0.606593145 0.000000000
JK:/rc/crr: 0.000000000 0.000000020 0.999999980
JK:/rc/r: 0.388359766 0.000000010 0.611640223
JK:/rrc/c: 0.999999010 0.000000990 0.000000000
JK:/rrc/crr: 0.000000000 0.000000113 0.999999887
JK:/rrc/r: 0.320757120 0.000000147 0.679242733
JQ:/cc/c: 0.073079579 0.926920421 0.000000000
JQ:/cc/crr: 0.000000000 0.000000000 1.000000000
JQ:/cc/r: 0.038740003 0.000000000 0.961259997
JQ:/crc/c: 0.398360058 0.601639942 0.000000000
JQ:/crc/crr: 0.000000000 0.000003405 0.999996595
JQ:/crc/r: 0.139427335 0.000000029 0.860572635
JQ:/crrc/c: 0.036953481 0.963046519 0.000000000
JQ:/crrc/crr: 0.000000000 0.000000738 0.999999262
JQ:/crrc/r: 0.164145035 0.000000014 0.835854951
JQ:/rc/c: 0.999978865 0.000021135 0.000000000
JQ:/rc/crr: 0.000000000 0.000000000 1.000000000
JQ:/rc/r: 0.000000035 0.000000034 0.999999932
JQ:/rrc/c: 0.000010523 0.999989477 0.000000000
JQ:/rrc/crr: 0.000000000 0.018218045 0.981781955
JQ:/rrc/r: 0.451601010 0.000000139 0.548398850
K:/c: 0.999998032 0.000001968 0.000000000
K:/crr: 0.000000000 0.999999999 0.000000001
K:/r: 0.588832165 0.411167834 0.000000001
KJ:/cc/c: 0.012985414 0.987014586 0.000000000
KJ:/cc/crr: 0.000000000 0.966420408 0.033579592
KJ:/cc/r: 0.010642793 0.006206622 0.983150585
KJ:/crc/c: 0.140220583 0.859779417 0.000000000
KJ:/crc/crr: 0.000000000 0.999999989 0.000000011
KJ:/crc/r: 0.000000163 0.746104518 0.253895319
KJ:/crrc/c: 0.327045310 0.672954690 0.000000000
KJ:/crrc/crr: 0.000000000 0.656853855 0.343146145
KJ:/crrc/r: 0.051891259 0.777574277 0.170534464
KJ:/rc/c: 0.410210349 0.589789651 0.000000000
KJ:/rc/crr: 0.000000000 0.728600576 0.271399424
KJ:/rc/r: 0.026259884 0.736365046 0.237375070
KJ:/rrc/c: 0.486713883 0.513286117 0.000000000
KJ:/rrc/crr: 0.000000000 0.999970382 0.000029618
KJ:/rrc/r: 0.043395669 0.885369174 0.071235157
KK:/cc/c: 0.994575664 0.005424336 0.000000000
KK:/cc/crr: 0.000000000 0.997343956 0.002656044
KK:/cc/r: 0.997970590 0.001623639 0.000405772
KK:/crc/c: 0.999999841 0.000000159 0.000000000
KK:/crc/crr: 0.000000000 0.999999952 0.000000048
KK:/crc/r: 0.755102013 0.244897966 0.000000021
KK:/crrc/c: 0.999999994 0.000000006 0.000000000
KK:/crrc/crr: 0.000000000 0.999999997 0.000000003
KK:/crrc/r: 0.999994503 0.000005493 0.000000004
KK:/rc/c: 0.999999977 0.000000023 0.000000000
KK:/rc/crr: 0.000000000 0.999999989 0.000000011
KK:/rc/r: 0.999999970 0.000000016 0.000000015
KK:/rrc/c: 0.999999927 0.000000073 0.000000000
KK:/rrc/crr: 0.000000000 0.999999977 0.000000023
KK:/rrc/r: 0.963243378 0.036756601 0.000000021
KQ:/cc/c: 0.004838268 0.995161732 0.000000000
KQ:/cc/crr: 0.000000000 0.764507710 0.235492290
KQ:/cc/r: 0.024809471 0.970433679 0.004756850
KQ:/crc/c: 0.354334847 0.645665153 0.000000000
KQ:/crc/crr: 0.000000000 0.054977326 0.945022674
KQ:/crc/r: 0.000000021 0.435729761 0.564270218
KQ:/crrc/c: 0.626544524 0.373455476 0.000000000
KQ:/crrc/crr: 0.000000000 0.405758067 0.594241933
KQ:/crrc/r: 0.000006459 0.768817584 0.231175957
KQ:/rc/c: 0.000029839 0.999970161 0.000000000
KQ:/rc/crr: 0.000000000 0.008959439 0.991040561
KQ:/rc/r: 0.000000201 0.312104008 0.687895791
KQ:/rrc/c: 0.522093080 0.477906920 0.000000000
KQ:/rrc/crr: 0.000000000 0.468290410 0.531709590
KQ:/rrc/r: 0.088746549 0.544222774 0.367030677
Q:/c: 0.853434423 0.146565577 0.000000000
Q:/crr: 0.000000000 0.999999970 0.000000030
Q:/r: 0.378036585 0.621963243 0.000000172
QJ:/cc/c: 0.000000517 0.999999483 0.000000000
QJ:/cc/crr: 0.000000000 0.097934751 0.902065249
QJ:/cc/r: 0.000000150 0.000000146 0.999999705
QJ:/crc/c: 0.538868520 0.461131480 0.000000000
QJ:/crc/crr: 0.000000000 0.001587003 0.998412997
QJ:/crc/r: 0.000000074 0.000000009 0.999999917
QJ:/crrc/c: 0.000000101 0.999999899 0.000000000
QJ:/crrc/crr: 0.000000000 0.215515990 0.784484010
QJ:/crrc/r: 0.020161602 0.000000000 0.979838398
QJ:/rc/c: 0.000000581 0.999999419 0.000000000
QJ:/rc/crr: 0.000000000 0.002681546 0.997318454
QJ:/rc/r: 0.020406596 0.000000012 0.979593393
QJ:/rrc/c: 0.000000355 0.999999645 0.000000000
QJ:/rrc/crr: 0.000000000 0.095448432 0.904551568
QJ:/rrc/r: 0.000000068 0.000000018 0.999999914
QK:/cc/c: 0.158036985 0.841963015 0.000000000
QK:/cc/crr: 0.000000000 0.999999962 0.000000038
QK:/cc/r: 0.000000186 0.737223414 0.262776400
QK:/crc/c: 0.267702051 0.732297949 0.000000000
QK:/crc/crr: 0.000000000 0.000016252 0.999983748
QK:/crc/r: 0.000000279 0.460168541 0.539831180
QK:/crrc/c: 0.172426649 0.827573351 0.000000000
QK:/crrc/crr: 0.000000000 0.000004770 0.999995230
QK:/crrc/r: 0.000000451 0.291190361 0.708809188
QK:/rc/c: 0.377548966 0.622451034 0.000000000
QK:/rc/crr: 0.000000000 0.000009702 0.999990298
QK:/rc/r: 0.000000023 0.312758984 0.687240992
QK:/rrc/c: 0.432754428 0.567245572 0.000000000
QK:/rrc/crr: 0.000000000 0.069355391 0.930644609
QK:/rrc/r: 0.000000060 0.526163779 0.473836161
QQ:/cc/c: 0.999999986 0.000000014 0.000000000
QQ:/cc/crr: 0.000000000 0.999999993 0.000000007
QQ:/cc/r: 0.999999756 0.000000126 0.000000117
QQ:/crc/c: 0.999999972 0.000000028 0.000000000
QQ:/crc/crr: 0.000000000 0.999999991 0.000000009
QQ:/crc/r: 0.999999967 0.000000021 0.000000012
QQ:/crrc/c: 0.999999994 0.000000006 0.000000000
QQ:/crrc/crr: 0.000000000 0.999999997 0.000000003
QQ:/crrc/r: 0.999999964 0.000000032 0.000000004
QQ:/rc/c: 0.999999989 0.000000011 0.000000000
QQ:/rc/crr: 0.000000000 0.999999997 0.000000003
QQ:/rc/r: 0.999999981 0.000000010 0.000000009
QQ:/rrc/c: 0.999999942 0.000000058 0.000000000
QQ:/rrc/crr: 0.000000000 0.999999972 0.000000028
QQ:/rrc/r: 0.999999812 0.000000153 0.000000035
