J:/c: 0.449300722 0.550699278 0.000000000
J:/crr: 0.000000000 0.999999996 0.000000004
J:/r: 0.080445179 0.095921819 0.823633002
JJ:/cc/c: 0.999999997 0.000000003 0.000000000
JJ:/cc/crr: 0.000000000 0.999999996 0.000000004
JJ:/cc/r: 0.999999992 0.000000005 0.000000003
JJ:/crc/c: 0.999999993 0.000000007 0.000000000
JJ:/crc/crr: 0.000000000 0.999999992 0.000000008
JJ:/crc/r: 0.770715090 0.229284904 0.000000007
JJ:/crrc/c: 0.999999997 0.000000003 0.000000000
JJ:/crrc/crr: 0.000000000 0.999999996 0.000000004
JJ:/crrc/r: 0.999999964 0.000000033 0.000000003
JJ:/rc/c: 0.999999990 0.000000010 0.000000000
JJ:/rc/crr: 0.000000000 0.999999987 0.000000013
JJ:/rc/r: 0.999999984 0.000000007 0.000000009
JJ:/rrc/c: 0.999999976 0.000000024 0.000000000
JJ:/rrc/crr: 0.000000000 0.999999970 0.000000030
JJ:/rrc/r: 0.999999793 0.000000186 0.000000021
JK:/cc/c: 0.014360142 0.985639858 0.000000000
JK:/cc/crr: 0.000000000 0.000000270 0.999999730
JK:/cc/r: 0.000000955 0.000000003 0.999999042
JK:/crc/c: 0.708367713 0.291632287 0.000000000
JK:/crc/crr: 0.000000000 0.000000060 0.999999940
JK:/crc/r: 0.020237929 0.000000082 0.979761989
JK:/crrc/c: 0.550890522 0.449109478 0.000000000
JK:/crrc/crr: 0.000000000 0.000000198 0.999999802
JK:/crrc/r: 0.282859143 0.000000047 0.717140810
JK:/rc/c: 0.547933517 0.452066483 0.000000000
JK:/rc/crr: 0.000000000 0.000000014 0.999999986
JK:/rc/r: 0.460582510 0.000000006 0.539417483
JK:/rrc/c: 0.999999471 0.000000529 0.000000000
JK:/rrc/crr: 0.000000000 0.000000081 0.999999919
JK:/rrc/r: 0.388391098 0.000000095 0.611608807
JQ:/cc/c: 0.128422399 0.871577601 0.000000000
JQ:/cc/crr: 0.000000000 0.000000000 1.000000000
JQ:/cc/r: 0.051409320 0.000000000 0.948590680
JQ:/crc/c: 0.553058426 0.446941574 0.000000000
JQ:/crc/crr: 0.000000000 0.000002450 0.999997550
JQ:/crc/r: 0.178896728 0.000000020 0.821103252
JQ:/crrc/c: 0.066913124 0.933086876 0.000000000
JQ:/crrc/crr: 0.000000000 0.000000531 0.999999469
JQ:/crrc/r: 0.208912939 0.000000009 0.791087052
JQ:/rc/c: 0.999988691 0.000011309 0.000000000
JQ:/rc/crr: 0.000000000 0.000000000 1.000000000
JQ:/rc/r: 0.000000047 0.000000024 0.999999929
JQ:/rrc/c: 0.000019667 0.999980333 0.000000000
JQ:/rrc/crr: 0.000000000 0.013176178 0.986823822
JQ:/rrc/r: 0.525480489 0.000000087 0.474519424
K:/c: 0.999998947 0.000001053 0.000000000
K:/crr: 0.000000000 0.999999999 0.000000001
K:/r: 0.727995919 0.272004080 0.000000001
KJ:/cc/c: 0.023997409 0.976002591 0.000000000
KJ:/cc/crr: 0.000000000 0.953935614 0.046064386
KJ:/cc/r: 0.014284436 0.004457400 0.981258164
KJ:/crc/c: 0.233595266 0.766404734 0.000000000
KJ:/crc/crr: 0.000000000 0.999999984 0.000000016
KJ:/crc/r: 0.000000276 0.678921180 0.321078543
KJ:/crrc/c: 0.475958401 0.524041599 0.000000000
KJ:/crrc/crr: 0.000000000 0.579368298 0.420631702
KJ:/crrc/r: 0.087245917 0.699538555 0.213215529
KJ:/rc/c: 0.565187539 0.434812461 0.000000000
KJ:/rc/crr: 0.000000000 0.658903053 0.341096947
KJ:/rc/r: 0.044001663 0.660219456 0.295778881
KJ:/rrc/c: 0.639266436 0.360733564 0.000000000
KJ:/rrc/crr: 0.000000000 0.999958839 0.000041161
KJ:/rrc/r: 0.076117846 0.830966209 0.092915946
KK:/cc/c: 0.997090207 0.002909793 0.000000000
KK:/cc/crr: 0.000000000 0.996312578 0.003687422
KK:/cc/r: 0.998828474 0.000869524 0.000302003
KK:/crc/c: 0.999999915 0.000000085 0.000000000
KK:/crc/crr: 0.000000000 0.999999933 0.000000067
KK:/crc/r: 0.852122964 0.147877018 0.000000018
KK:/crrc/c: 0.999999997 0.000000003 0.000000000
KK:/crrc/crr: 0.000000000 0.999999996 0.000000004
KK:/crrc/r: 0.999997058 0.000002939 0.000000003
KK:/rc/c: 0.999999988 0.000000012 0.000000000
KK:/rc/crr: 0.000000000 0.999999984 0.000000016
KK:/rc/r: 0.999999981 0.000000008 0.000000011
KK:/rrc/c: 0.999999961 0.000000039 0.000000000
KK:/rrc/crr: 0.000000000 0.999999968 0.000000032
KK:/rrc/r: 0.979990313 0.020009671 0.000000016
KQ:/cc/c: 0.009004284 0.990995716 0.000000000
KQ:/cc/crr: 0.000000000 0.700237602 0.299762398
KQ:/cc/r: 0.045305279 0.948235108 0.006459613
KQ:/crc/c: 0.506324662 0.493675338 0.000000000
KQ:/crc/crr: 0.000000000 0.040178610 0.959821390
KQ:/crc/r: 0.000000032 0.357177578 0.642822389
KQ:/crrc/c: 0.758185966 0.241814034 0.000000000
KQ:/crrc/crr: 0.000000000 0.329454385 0.670545615
KQ:/crrc/r: 0.000011073 0.705268257 0.294720669
KQ:/rc/c: 0.000055765 0.999944235 0.000000000
KQ:/rc/crr: 0.000000000 0.006463035 0.993536965
KQ:/rc/r: 0.000000296 0.246117837 0.753881868
KQ:/rrc/c: 0.671233340 0.328766660 0.000000000
KQ:/rrc/crr: 0.000000000 0.387903537 0.612096463
KQ:/rrc/r: 0.135930108 0.446025578 0.418044314
Q:/c: 0.915840963 0.084159037 0.000000000
Q:/crr: 0.000000000 0.999999958 0.000000042
Q:/r: 0.531819008 0.468180812 0.000000180
QJ:/cc/c: 0.000000966 0.999999034 0.000000000
QJ:/cc/crr: 0.000000000 0.072459425 0.927540575
QJ:/cc/r: 0.000000201 0.000000105 0.999999694
QJ:/crc/c: 0.685922972 0.314077028 0.000000000
QJ:/crc/crr: 0.000000000 0.001142442 0.998857558
QJ:/crc/r: 0.000000099 0.000000007 0.999999894
QJ:/crrc/c: 0.000000188 0.999999812 0.000000000
QJ:/crrc/crr: 0.000000000 0.165051092 0.834948908
QJ:/crrc/r: 0.026925327 0.000000000 0.973074673
QJ:/rc/c: 0.000001085 0.999998915 0.000000000
QJ:/rc/crr: 0.000000000 0.001930968 0.998069032
QJ:/rc/r: 0.027250224 0.000000008 0.972749768
QJ:/rrc/c: 0.000000663 0.999999337 0.000000000
QJ:/rrc/crr: 0.000000000 0.070569265 0.929430735
QJ:/rrc/r: 0.000000092 0.000000013 0.999999895
QK:/cc/c: 0.259692321 0.740307679 0.000000000
QK:/cc/crr: 0.000000000 0.999999947 0.000000053
QK:/cc/r: 0.000000315 0.668733442 0.331266244
QK:/crc/c: 0.405891957 0.594108043 0.000000000
QK:/crc/crr: 0.000000000 0.000011694 0.999988306
QK:/crc/r: 0.000000431 0.380178956 0.619820613
QK:/crrc/c: 0.280257003 0.719742997 0.000000000
QK:/crrc/crr: 0.000000000 0.000003432 0.999996568
QK:/crrc/r: 0.000000660 0.228159253 0.771840087
QK:/rc/c: 0.531302501 0.468697499 0.000000000
QK:/rc/crr: 0.000000000 0.000006981 0.999993019
QK:/rc/r: 0.000000035 0.246684011 0.753315954
QK:/rrc/c: 0.587760916 0.412239084 0.000000000
QK:/rrc/crr: 0.000000000 0.050894844 0.949105156
QK:/rrc/r: 0.000000095 0.444140743 0.555859162
QQ:/cc/c: 0.999999993 0.000000007 0.000000000
QQ:/cc/crr: 0.000000000 0.999999991 0.000000009
QQ:/cc/r: 0.999999845 0.000000068 0.000000087
QQ:/crc/c: 0.999999985 0.000000015 0.000000000
QQ:/crc/crr: 0.000000000 0.999999987 0.000000013
QQ:/crc/r: 0.999999980 0.000000011 0.000000009
QQ:/crrc/c: 0.999999997 0.000000003 0.000000000
QQ:/crrc/crr: 0.000000000 0.999999996 0.000000004
QQ:/crrc/r: 0.999999980 0.000000017 0.000000003
QQ:/rc/c: 0.999999994 0.000000006 0.000000000
QQ:/rc/crr: 0.000000000 0.999999996 0.000000004
QQ:/rc/r: 0.999999988 0.000000005 0.000000007
QQ:/rrc/c: 0.999999969 0.000000031 0.000000000
QQ:/rrc/crr: 0.000000000 0.999999960 0.000000040
QQ:/rrc/r: 0.999999892 0.000000082 0.000000026
