J:/c: 0.279565444 0.720434556 0.000000000
J:/crr: 0.000000000 0.999999998 0.000000002
J:/r: 0.064875966 0.162642811 0.772481223
JJ:/cc/c: 0.999999995 0.000000005 0.000000000
JJ:/cc/crr: 0.000000000 0.999999998 0.000000002
JJ:/cc/r: 0.999999986 0.000000011 0.000000003
JJ:/crc/c: 0.999999986 0.000000014 0.000000000
JJ:/crc/crr: 0.000000000 0.999999996 0.000000004
JJ:/crc/r: 0.615201894 0.384798100 0.000000006
JJ:/crrc/c: 0.999999993 0.000000007 0.000000000
JJ:/crrc/crr: 0.000000000 0.999999998 0.000000002
JJ:/crrc/r: 0.999999927 0.000000070 0.000000003
JJ:/rc/c: 0.999999978 0.000000022 0.000000000
JJ:/rc/crr: 0.000000000 0.999999993 0.000000007
JJ:/rc/r: 0.999999975 0.000000014 0.000000010
JJ:/rrc/c: 0.999999950 0.000000050 0.000000000
JJ:/rrc/crr: 0.000000000 0.999999983 0.000000017
JJ:/rrc/r: 0.999999584 0.000000392 0.000000024
JK:/cc/c: 0.006881890 0.993118110 0.000000000
JK:/cc/crr: 0.000000000 0.000000487 0.999999513
JK:/cc/r: 0.000000822 0.000000005 0.999999173
JK:/crc/c: 0.536024447 0.463975553 0.000000000
JK:/crc/crr: 0.000000000 0.000000108 0.999999892
JK:/crc/r: 0.017451352 0.000000149 0.982548498
JK:/crrc/c: 0.368454610 0.631545390 0.000000000
JK:/crrc/crr: 0.000000000 0.000000358 0.999999642
JK:/crrc/r: 0.253259201 0.000000089 0.746740711
JK:/rc/c: 0.365679519 0.634320481 0.000000000
JK:/rc/crr: 0.000000000 0.000000026 0.999999974
JK:/rc/r: 0.423363921 0.000000013 0.576636066
JK:/rrc/c: 0.999998887 0.000001113 0.000000000
JK:/rrc/crr: 0.000000000 0.000000147 0.999999853
JK:/rrc/r: 0.353186507 0.000000182 0.646813311
JQ:/cc/c: 0.065491413 0.934508587 0.000000000
JQ:/cc/crr: 0.000000000 0.000000000 1.000000000
JQ:/cc/r: 0.044525786 0.000000000 0.955474214
JQ:/crc/c: 0.370496845 0.629503155 0.000000000
JQ:/crc/crr: 0.000000000 0.000004429 0.999995571
JQ:/crc/r: 0.157782394 0.000000037 0.842217569
JQ:/crrc/c: 0.032982965 0.967017035 0.000000000
JQ:/crrc/crr: 0.000000000 0.000000960 0.999999040
JQ:/crrc/r: 0.185054357 0.000000017 0.814945626
JQ:/rc/c: 0.999976223 0.000023777 0.000000000
JQ:/rc/crr: 0.000000000 0.000000000 1.000000000
JQ:/rc/r: 0.000000040 0.000000044 0.999999916
JQ:/rrc/c: 0.000009354 0.999990646 0.000000000
JQ:/rrc/crr: 0.000000000 0.023569715 0.976430285
JQ:/rrc/r: 0.487759645 0.000000169 0.512240186
K:/c: 0.999997786 0.000002214 0.000000000
K:/crr: 0.000000000 0.999999999 0.000000001
K:/r: 0.560047952 0.439952047 0.000000001
KJ:/cc/c: 0.011559269 0.988440731 0.000000000
KJ:/cc/crr: 0.000000000 0.973984336 0.026015664
KJ:/cc/r: 0.012263057 0.008045462 0.979691481
KJ:/crc/c: 0.126613160 0.873386840 0.000000000
KJ:/crc/crr: 0.000000000 0.999999991 0.000000009
KJ:/crc/r: 0.000000154 0.792647579 0.207352268
KJ:/crrc/c: 0.301669105 0.698330895 0.000000000
KJ:/crrc/crr: 0.000000000 0.713474888 0.286525112
KJ:/crrc/r: 0.048309403 0.814388943 0.137301654
KJ:/rc/c: 0.382044604 0.617955396 0.000000000
KJ:/rc/crr: 0.000000000 0.777395053 0.222604947
KJ:/rc/r: 0.024774470 0.781550864 0.193674666
KJ:/rrc/c: 0.457368754 0.542631246 0.000000000
KJ:/rrc/crr: 0.000000000 0.999977232 0.000022768
KJ:/rrc/r: 0.039413286 0.904634563 0.055952151
KK:/cc/c: 0.993901757 0.006098243 0.000000000
KK:/cc/crr: 0.000000000 0.997956965 0.002043035
KK:/cc/r: 0.997822809 0.001826323 0.000350868
KK:/crc/c: 0.999999822 0.000000178 0.000000000
KK:/crc/crr: 0.000000000 0.999999963 0.000000037
KK:/crc/r: 0.732673242 0.267326740 0.000000018
KK:/crrc/c: 0.999999993 0.000000007 0.000000000
KK:/crrc/crr: 0.000000000 0.999999998 0.000000002
KK:/crrc/r: 0.999993817 0.000006180 0.000000003
KK:/rc/c: 0.999999974 0.000000026 0.000000000
KK:/rc/crr: 0.000000000 0.999999991 0.000000009
KK:/rc/r: 0.999999970 0.000000018 0.000000013
KK:/rrc/c: 0.999999918 0.000000082 0.000000000
KK:/rrc/crr: 0.000000000 0.999999983 0.000000017
KK:/rrc/r: 0.958837928 0.041162054 0.000000018
KQ:/cc/c: 0.004302996 0.995697004 0.000000000
KQ:/cc/crr: 0.000000000 0.808542885 0.191457115
KQ:/cc/r: 0.022138244 0.974190867 0.003670889
KQ:/crc/c: 0.327872838 0.672127162 0.000000000
KQ:/crc/crr: 0.000000000 0.070353483 0.929646517
KQ:/crc/r: 0.000000022 0.501126221 0.498873758
KQ:/crrc/c: 0.598600686 0.401399314 0.000000000
KQ:/crrc/crr: 0.000000000 0.470406255 0.529593745
KQ:/crrc/r: 0.000006066 0.812244105 0.187749829
KQ:/rc/c: 0.000026524 0.999973476 0.000000000
KQ:/rc/crr: 0.000000000 0.011623534 0.988376466
KQ:/rc/r: 0.000000212 0.371150279 0.628849509
KQ:/rrc/c: 0.492662243 0.507337757 0.000000000
KQ:/rrc/crr: 0.000000000 0.533949464 0.466050536
KQ:/rrc/r: 0.087142008 0.601181102 0.311676890
Q:/c: 0.838080209 0.161919791 0.000000000
Q:/crr: 0.000000000 0.999999977 0.000000023
Q:/r: 0.350766138 0.649233725 0.000000138
QJ:/cc/c: 0.000000460 0.999999540 0.000000000
QJ:/cc/crr: 0.000000000 0.123752014 0.876247986
QJ:/cc/r: 0.000000173 0.000000189 0.999999637
QJ:/crc/c: 0.509500197 0.490499803 0.000000000
QJ:/crc/crr: 0.000000000 0.002063464 0.997936536
QJ:/crc/r: 0.000000085 0.000000012 0.999999902
QJ:/crrc/c: 0.000000090 0.999999910 0.000000000
QJ:/crrc/crr: 0.000000000 0.263282843 0.736717157
QJ:/crrc/r: 0.023239800 0.000000000 0.976760200
QJ:/rc/c: 0.000000516 0.999999484 0.000000000
QJ:/rc/crr: 0.000000000 0.003485470 0.996514530
QJ:/rc/r: 0.023521300 0.000000015 0.976478685
QJ:/rrc/c: 0.000000315 0.999999685 0.000000000
QJ:/rrc/crr: 0.000000000 0.120697958 0.879302042
QJ:/rrc/r: 0.000000079 0.000000023 0.999999898
QK:/cc/c: 0.142988144 0.857011856 0.000000000
QK:/cc/crr: 0.000000000 0.999999971 0.000000029
QK:/cc/r: 0.000000176 0.784925213 0.215074611
QK:/crc/c: 0.245252329 0.754747671 0.000000000
QK:/crc/crr: 0.000000000 0.000021141 0.999978859
QK:/crc/r: 0.000000284 0.525814950 0.474184766
QK:/crrc/c: 0.156261879 0.843738121 0.000000000
QK:/crrc/crr: 0.000000000 0.000006205 0.999993795
QK:/crrc/r: 0.000000479 0.348283252 0.651716268
QK:/rc/c: 0.350293868 0.649706132 0.000000000
QK:/rc/crr: 0.000000000 0.000012621 0.999987379
QK:/rc/r: 0.000000025 0.371862193 0.628137782
QK:/rrc/c: 0.404101341 0.595898659 0.000000000
QK:/rrc/crr: 0.000000000 0.088376768 0.911623232
QK:/rrc/r: 0.000000060 0.590919229 0.409080711
QQ:/cc/c: 0.999999985 0.000000015 0.000000000
QQ:/cc/crr: 0.000000000 0.999999995 0.000000005
QQ:/cc/r: 0.999999756 0.000000142 0.000000101
QQ:/crc/c: 0.999999968 0.000000032 0.000000000
QQ:/crc/crr: 0.000000000 0.999999993 0.000000007
QQ:/crc/r: 0.999999966 0.000000024 0.000000010
QQ:/crrc/c: 0.999999993 0.000000007 0.000000000
QQ:/crrc/crr: 0.000000000 0.999999998 0.000000002
QQ:/crrc/r: 0.999999961 0.000000036 0.000000003
QQ:/rc/c: 0.999999988 0.000000012 0.000000000
QQ:/rc/crr: 0.000000000 0.999999998 0.000000002
QQ:/rc/r: 0.999999981 0.000000011 0.000000008
QQ:/rrc/c: 0.999999934 0.000000066 0.000000000
QQ:/rrc/crr: 0.000000000 0.999999978 0.000000022
QQ:/rrc/r: 0.999999798 0.000000172 0.000000030
