J:/c: 0.239723909 0.760276091 0.000000000
J:/crr: 0.000000000 0.999999997 0.000000003
J:/r: 0.041528322 0.128128092 0.830343586
JJ:/cc/c: 0.999999993 0.000000007 0.000000000
JJ:/cc/crr: 0.000000000 0.999999997 0.000000003
JJ:/cc/r: 0.999999981 0.000000013 0.000000005
JJ:/crc/c: 0.999999982 0.000000018 0.000000000
JJ:/crc/crr: 0.000000000 0.999999994 0.000000006
JJ:/crc/r: 0.565043354 0.434956636 0.000000010
JJ:/crrc/c: 0.999999992 0.000000008 0.000000000
JJ:/crrc/crr: 0.000000000 0.999999997 0.000000003
JJ:/crrc/r: 0.999999908 0.000000086 0.000000005
JJ:/rc/c: 0.999999973 0.000000027 0.000000000
JJ:/rc/crr: 0.000000000 0.999999990 0.000000010
JJ:/rc/r: 0.999999965 0.000000018 0.000000017
JJ:/rrc/c: 0.999999938 0.000000062 0.000000000
JJ:/rrc/crr: 0.000000000 0.999999977 0.000000023
JJ:/rrc/r: 0.999999478 0.000000482 0.000000040
JK:/cc/c: 0.005599115 0.994400885 0.000000000
JK:/cc/crr: 0.000000000 0.000000357 0.999999643
JK:/cc/r: 0.000000489 0.000000004 0.999999507
JK:/crc/c: 0.484198342 0.515801658 0.000000000
JK:/crc/crr: 0.000000000 0.000000079 0.999999921
JK:/crc/r: 0.010466374 0.000000110 0.989533516
JK:/crrc/c: 0.321600146 0.678399854 0.000000000
JK:/crrc/crr: 0.000000000 0.000000263 0.999999737
JK:/crrc/r: 0.168032205 0.000000072 0.831967722
JK:/rc/c: 0.318999698 0.681000302 0.000000000
JK:/rc/crr: 0.000000000 0.000000019 0.999999981
JK:/rc/r: 0.304213597 0.000000011 0.695786392
JK:/rrc/c: 0.999998630 0.000001370 0.000000000
JK:/rrc/crr: 0.000000000 0.000000108 0.999999892
JK:/rrc/r: 0.245382073 0.000000156 0.754617771
JQ:/cc/c: 0.053876568 0.946123432 0.000000000
JQ:/cc/crr: 0.000000000 0.000000000 1.000000000
JQ:/cc/r: 0.027001957 0.000000000 0.972998043
JQ:/crc/c: 0.323515714 0.676484286 0.000000000
JQ:/crc/crr: 0.000000000 0.000003246 0.999996754
JQ:/crc/r: 0.100366857 0.000000029 0.899633114
JQ:/crrc/c: 0.026967095 0.973032905 0.000000000
JQ:/crrc/crr: 0.000000000 0.000000703 0.999999297
JQ:/crrc/r: 0.119118402 0.000000014 0.880881584
JQ:/rc/c: 0.999970738 0.000029262 0.000000000
JQ:/rc/crr: 0.000000000 0.000000000 1.000000000
JQ:/rc/r: 0.000000024 0.000000032 0.999999944
JQ:/rrc/c: 0.000007601 0.999992399 0.000000000
JQ:/rrc/crr: 0.000000000 0.017383480 0.982616520
JQ:/rrc/r: 0.361859017 0.000000155 0.638140828
K:/c: 0.999997275 0.000002725 0.000000000
K:/crr: 0.000000000 0.999999999 0.000000001
K:/r: 0.508444466 0.491555533 0.000000001
KJ:/cc/c: 0.009412900 0.990587100 0.000000000
KJ:/cc/crr: 0.000000000 0.964836110 0.035163890
KJ:/cc/r: 0.007355089 0.005938669 0.986706242
KJ:/crc/c: 0.105380798 0.894619202 0.000000000
KJ:/crc/crr: 0.000000000 0.999999988 0.000000012
KJ:/crc/r: 0.000000116 0.736954920 0.263044964
KJ:/crrc/c: 0.259813540 0.740186460 0.000000000
KJ:/crrc/crr: 0.000000000 0.646013863 0.353986137
KJ:/crrc/r: 0.037708403 0.782325127 0.179966470
KJ:/rc/c: 0.334376964 0.665623036 0.000000000
KJ:/rc/crr: 0.000000000 0.719057671 0.280942329
KJ:/rc/r: 0.018885203 0.733201709 0.247913088
KJ:/rrc/c: 0.406484964 0.593515036 0.000000000
KJ:/rrc/crr: 0.000000000 0.999968934 0.000031066
KJ:/rrc/r: 0.031614216 0.893021441 0.075364343
KK:/cc/c: 0.992505492 0.007494508 0.000000000
KK:/cc/crr: 0.000000000 0.997214438 0.002785562
KK:/cc/r: 0.997165044 0.002246157 0.000588799
KK:/crc/c: 0.999999780 0.000000220 0.000000000
KK:/crc/crr: 0.000000000 0.999999949 0.000000051
KK:/crc/r: 0.690114035 0.309885936 0.000000028
KK:/crrc/c: 0.999999992 0.000000008 0.000000000
KK:/crrc/crr: 0.000000000 0.999999997 0.000000003
KK:/crrc/r: 0.999992389 0.000007606 0.000000005
KK:/rc/c: 0.999999968 0.000000032 0.000000000
KK:/rc/crr: 0.000000000 0.999999988 0.000000012
KK:/rc/r: 0.999999957 0.000000022 0.000000021
KK:/rrc/c: 0.999999899 0.000000101 0.000000000
KK:/rrc/crr: 0.000000000 0.999999976 0.000000024
KK:/rrc/r: 0.949818718 0.050181252 0.000000030
KQ:/cc/c: 0.003499230 0.996500770 0.000000000
KQ:/cc/crr: 0.000000000 0.755804208 0.244195792
KQ:/cc/r: 0.018039195 0.976937905 0.005022901
KQ:/crc/c: 0.283859435 0.716140565 0.000000000
KQ:/crc/crr: 0.000000000 0.052548959 0.947451041
KQ:/crc/r: 0.000000015 0.424029617 0.575970368
KQ:/crrc/c: 0.547868548 0.452131452 0.000000000
KQ:/crrc/crr: 0.000000000 0.394300341 0.605699659
KQ:/crrc/r: 0.000004613 0.760224999 0.239770388
KQ:/rc/c: 0.000021552 0.999978448 0.000000000
KQ:/rc/crr: 0.000000000 0.008545318 0.991454682
KQ:/rc/r: 0.000000140 0.301947117 0.698052743
KQ:/rrc/c: 0.441043355 0.558956645 0.000000000
KQ:/rrc/crr: 0.000000000 0.456423158 0.543576842
KQ:/rrc/r: 0.064531174 0.547893643 0.387575182
Q:/c: 0.807902313 0.192097687 0.000000000
Q:/crr: 0.000000000 0.999999968 0.000000032
Q:/r: 0.305074436 0.694925363 0.000000201
QJ:/cc/c: 0.000000373 0.999999627 0.000000000
QJ:/cc/crr: 0.000000000 0.093797269 0.906202731
QJ:/cc/r: 0.000000103 0.000000139 0.999999758
QJ:/crc/c: 0.457708731 0.542291269 0.000000000
QJ:/crc/crr: 0.000000000 0.001513129 0.998486871
QJ:/crc/r: 0.000000051 0.000000009 0.999999940
QJ:/crrc/c: 0.000000073 0.999999927 0.000000000
QJ:/crrc/crr: 0.000000000 0.207553973 0.792446027
QJ:/crrc/r: 0.013970914 0.000000000 0.986029086
QJ:/rc/c: 0.000000419 0.999999581 0.000000000
QJ:/rc/crr: 0.000000000 0.002556851 0.997443149
QJ:/rc/r: 0.014141767 0.000000011 0.985858222
QJ:/rrc/c: 0.000000256 0.999999744 0.000000000
QJ:/rrc/crr: 0.000000000 0.091405347 0.908594653
QJ:/rrc/r: 0.000000047 0.000000017 0.999999936
QK:/cc/c: 0.119385140 0.880614860 0.000000000
QK:/cc/crr: 0.000000000 0.999999960 0.000000040
QK:/cc/r: 0.000000132 0.727870505 0.272129363
QK:/crc/c: 0.208883017 0.791116983 0.000000000
QK:/crc/crr: 0.000000000 0.000015494 0.999984506
QK:/crc/r: 0.000000197 0.448333603 0.551666200
QK:/crrc/c: 0.130802201 0.869197799 0.000000000
QK:/crrc/crr: 0.000000000 0.000004548 0.999995452
QK:/crrc/r: 0.000000315 0.281435640 0.718564045
QK:/rc/c: 0.304634836 0.695365164 0.000000000
QK:/rc/crr: 0.000000000 0.000009250 0.999990750
QK:/rc/r: 0.000000016 0.302590137 0.697409847
QK:/rrc/c: 0.355263825 0.644736175 0.000000000
QK:/rrc/crr: 0.000000000 0.066336520 0.933663480
QK:/rrc/r: 0.000000042 0.514248374 0.485751583
QQ:/cc/c: 0.999999981 0.000000019 0.000000000
QQ:/cc/crr: 0.000000000 0.999999993 0.000000007
QQ:/cc/r: 0.999999655 0.000000175 0.000000170
QQ:/crc/c: 0.999999961 0.000000039 0.000000000
QQ:/crc/crr: 0.000000000 0.999999990 0.000000010
QQ:/crc/r: 0.999999953 0.000000030 0.000000017
QQ:/crrc/c: 0.999999992 0.000000008 0.000000000
QQ:/crrc/crr: 0.000000000 0.999999997 0.000000003
QQ:/crrc/r: 0.999999950 0.000000044 0.000000005
QQ:/rc/c: 0.999999985 0.000000015 0.000000000
QQ:/rc/crr: 0.000000000 0.999999997 0.000000003
QQ:/rc/r: 0.999999973 0.000000013 0.000000013
QQ:/rrc/c: 0.999999919 0.000000081 0.000000000
QQ:/rrc/crr: 0.000000000 0.999999970 0.000000030
QQ:/rrc/r: 0.999999738 0.000000211 0.000000051
