J:/c: 0.318712233 0.681287767 0.000000000
J:/crr: 0.000000000 0.999999996 0.000000004
J:/r: 0.048592706 0.101051540 0.850355754
JJ:/cc/c: 0.999999995 0.000000005 0.000000000
JJ:/cc/crr: 0.000000000 0.999999996 0.000000004
JJ:/cc/r: 0.999999986 0.000000009 0.000000005
JJ:/crc/c: 0.999999988 0.000000012 0.000000000
JJ:/crc/crr: 0.000000000 0.999999992 0.000000008
JJ:/crc/r: 0.658395837 0.341604154 0.000000010
JJ:/crrc/c: 0.999999995 0.000000005 0.000000000
JJ:/crrc/crr: 0.000000000 0.999999996 0.000000004
JJ:/crrc/r: 0.999999937 0.000000058 0.000000005
JJ:/rc/c: 0.999999982 0.000000018 0.000000000
JJ:/rc/crr: 0.000000000 0.999999987 0.000000013
JJ:/rc/r: 0.999999973 0.000000012 0.000000015
JJ:/rrc/c: 0.999999958 0.000000042 0.000000000
JJ:/rrc/crr: 0.000000000 0.999999970 0.000000030
JJ:/rrc/r: 0.999999640 0.000000325 0.000000035
JK:/cc/c: 0.008284629 0.991715371 0.000000000
JK:/cc/crr: 0.000000000 0.000000275 0.999999725
JK:/cc/r: 0.000000559 0.000000003 0.999999438
JK:/crc/c: 0.582068330 0.417931670 0.000000000
JK:/crc/crr: 0.000000000 0.000000061 0.999999939
JK:/crc/r: 0.011940776 0.000000085 0.988059139
JK:/crrc/c: 0.412914407 0.587085593 0.000000000
JK:/crrc/crr: 0.000000000 0.000000202 0.999999798
JK:/crrc/r: 0.187497194 0.000000054 0.812502752
JK:/rc/c: 0.410021860 0.589978140 0.000000000
JK:/rc/crr: 0.000000000 0.000000015 0.999999985
JK:/rc/r: 0.333137163 0.000000008 0.666862829
JK:/rrc/c: 0.999999077 0.000000923 0.000000000
JK:/rrc/crr: 0.000000000 0.000000083 0.999999917
JK:/rrc/r: 0.270889862 0.000000116 0.729110022
JQ:/cc/c: 0.077903443 0.922096557 0.000000000
JQ:/cc/crr: 0.000000000 0.000000000 1.000000000
JQ:/cc/r: 0.030733386 0.000000000 0.969266614
JQ:/crc/c: 0.415041122 0.584958878 0.000000000
JQ:/crc/crr: 0.000000000 0.000002500 0.999997500
JQ:/crc/r: 0.113058620 0.000000022 0.886941358
JQ:/crrc/c: 0.039494325 0.960505675 0.000000000
JQ:/crrc/crr: 0.000000000 0.000000542 0.999999458
JQ:/crrc/r: 0.133828630 0.000000010 0.866171360
JQ:/rc/c: 0.999980277 0.000019723 0.000000000
JQ:/rc/crr: 0.000000000 0.000000000 1.000000000
JQ:/rc/r: 0.000000027 0.000000025 0.999999948
JQ:/rrc/c: 0.000011277 0.999988723 0.000000000
JQ:/rrc/crr: 0.000000000 0.013440997 0.986559003
JQ:/rrc/r: 0.393166340 0.000000113 0.606833547
K:/c: 0.999998163 0.000001837 0.000000000
K:/crr: 0.000000000 0.999999999 0.000000001
K:/r: 0.605462553 0.394537446 0.000000001
KJ:/cc/c: 0.013902054 0.986097946 0.000000000
KJ:/cc/crr: 0.000000000 0.954813753 0.045186247
KJ:/cc/r: 0.008406386 0.004574908 0.987018706
KJ:/crc/c: 0.148765028 0.851234972 0.000000000
KJ:/crc/crr: 0.000000000 0.999999985 0.000000015
KJ:/crc/r: 0.000000160 0.683301551 0.316698290
KJ:/crrc/c: 0.342439826 0.657560174 0.000000000
KJ:/crrc/crr: 0.000000000 0.584275100 0.415724900
KJ:/crrc/r: 0.052190122 0.729809181 0.218000698
KJ:/rc/c: 0.427035424 0.572964576 0.000000000
KJ:/rc/crr: 0.000000000 0.663421053 0.336578947
KJ:/rc/r: 0.025868202 0.676924029 0.297207769
KJ:/rrc/c: 0.503995408 0.496004592 0.000000000
KJ:/rrc/crr: 0.000000000 0.999959661 0.000040339
KJ:/rrc/r: 0.045196257 0.860505828 0.094297915
KK:/cc/c: 0.994936191 0.005063809 0.000000000
KK:/cc/crr: 0.000000000 0.996385933 0.003614067
KK:/cc/r: 0.997969085 0.001515172 0.000515743
KK:/crc/c: 0.999999852 0.000000148 0.000000000
KK:/crc/crr: 0.000000000 0.999999934 0.000000066
KK:/crc/r: 0.767660878 0.232339094 0.000000028
KK:/crrc/c: 0.999999995 0.000000005 0.000000000
KK:/crrc/crr: 0.000000000 0.999999996 0.000000004
KK:/crrc/r: 0.999994869 0.000005126 0.000000005
KK:/rc/c: 0.999999978 0.000000022 0.000000000
KK:/rc/crr: 0.000000000 0.999999985 0.000000015
KK:/rc/r: 0.999999967 0.000000015 0.000000019
KK:/rrc/c: 0.999999932 0.000000068 0.000000000
KK:/rrc/crr: 0.000000000 0.999999969 0.000000031
KK:/rrc/r: 0.965614392 0.034385581 0.000000027
KQ:/cc/c: 0.005182821 0.994817179 0.000000000
KQ:/cc/crr: 0.000000000 0.704453681 0.295546319
KQ:/cc/r: 0.026492788 0.967050949 0.006456263
KQ:/crc/c: 0.370307068 0.629692932 0.000000000
KQ:/crc/crr: 0.000000000 0.040963606 0.959036394
KQ:/crc/r: 0.000000019 0.361821285 0.638178696
KQ:/crrc/c: 0.642575462 0.357424538 0.000000000
KQ:/crrc/crr: 0.000000000 0.333924887 0.666075113
KQ:/crrc/r: 0.000006387 0.709446154 0.290547459
KQ:/rc/c: 0.000031975 0.999968025 0.000000000
KQ:/rc/crr: 0.000000000 0.006593833 0.993406167
KQ:/rc/r: 0.000000172 0.249878945 0.750120883
KQ:/rrc/c: 0.539310913 0.460689087 0.000000000
KQ:/rrc/crr: 0.000000000 0.392702671 0.607297329
KQ:/rrc/r: 0.083477757 0.477715510 0.438806733
Q:/c: 0.861873039 0.138126961 0.000000000
Q:/crr: 0.000000000 0.999999959 0.000000041
Q:/r: 0.394424515 0.605575258 0.000000228
QJ:/cc/c: 0.000000554 0.999999446 0.000000000
QJ:/cc/crr: 0.000000000 0.073826603 0.926173397
QJ:/cc/r: 0.000000118 0.000000107 0.999999775
QJ:/crc/c: 0.555995956 0.444004044 0.000000000
QJ:/crc/crr: 0.000000000 0.001165689 0.998834311
QJ:/crc/r: 0.000000058 0.000000007 0.999999935
QJ:/crrc/c: 0.000000108 0.999999892 0.000000000
QJ:/crrc/crr: 0.000000000 0.167849160 0.832150840
QJ:/crrc/r: 0.015931053 0.000000000 0.984068947
QJ:/rc/c: 0.000000622 0.999999378 0.000000000
QJ:/rc/crr: 0.000000000 0.001970228 0.998029772
QJ:/rc/r: 0.016125485 0.000000009 0.983874506
QJ:/rrc/c: 0.000000380 0.999999620 0.000000000
QJ:/rrc/crr: 0.000000000 0.071903544 0.928096456
QJ:/rrc/r: 0.000000054 0.000000013 0.999999933
QK:/cc/c: 0.167455637 0.832544363 0.000000000
QK:/cc/crr: 0.000000000 0.999999948 0.000000052
QK:/cc/r: 0.000000182 0.673185904 0.326813915
QK:/crc/c: 0.281471555 0.718528445 0.000000000
QK:/crc/crr: 0.000000000 0.000011932 0.999988068
QK:/crc/r: 0.000000250 0.384942692 0.615057057
QK:/crrc/c: 0.182516988 0.817483012 0.000000000
QK:/crrc/crr: 0.000000000 0.000003502 0.999996498
QK:/crrc/r: 0.000000384 0.231730314 0.768269302
QK:/rc/c: 0.393929169 0.606070831 0.000000000
QK:/rc/crr: 0.000000000 0.000007123 0.999992877
QK:/rc/r: 0.000000020 0.250450870 0.749549110
QK:/rrc/c: 0.449798978 0.550201022 0.000000000
QK:/rrc/crr: 0.000000000 0.051877895 0.948122105
QK:/rrc/r: 0.000000055 0.449125143 0.550874802
QQ:/cc/c: 0.999999987 0.000000013 0.000000000
QQ:/cc/crr: 0.000000000 0.999999991 0.000000009
QQ:/cc/r: 0.999999733 0.000000118 0.000000149
QQ:/crc/c: 0.999999974 0.000000026 0.000000000
QQ:/crc/crr: 0.000000000 0.999999987 0.000000013
QQ:/crc/r: 0.999999965 0.000000020 0.000000015
QQ:/crrc/c: 0.999999995 0.000000005 0.000000000
QQ:/crrc/crr: 0.000000000 0.999999996 0.000000004
QQ:/crrc/r: 0.999999965 0.000000030 0.000000005
QQ:/rc/c: 0.999999990 0.000000010 0.000000000
QQ:/rc/crr: 0.000000000 0.999999996 0.000000004
QQ:/rc/r: 0.999999979 0.000000009 0.000000012
QQ:/rrc/c: 0.999999946 0.000000054 0.000000000
QQ:/rrc/crr: 0.000000000 0.999999961 0.000000039
QQ:/rrc/r: 0.999999813 0.000000143 0.000000045
