J:/c: 0.361964593 0.638035407 0.000000000
J:/crr: 0.000000000 0.999999997 0.000000003
J:/r: 0.069204859 0.118673915 0.812121226
JJ:/cc/c: 0.999999996 0.000000004 0.000000000
JJ:/cc/crr: 0.000000000 0.999999997 0.000000003
JJ:/cc/r: 0.999999989 0.000000007 0.000000003
JJ:/crc/c: 0.999999990 0.000000010 0.000000000
JJ:/crc/crr: 0.000000000 0.999999994 0.000000006
JJ:/crc/r: 0.700357847 0.299642146 0.000000007
JJ:/crrc/c: 0.999999996 0.000000004 0.000000000
JJ:/crrc/crr: 0.000000000 0.999999997 0.000000003
JJ:/crrc/r: 0.999999949 0.000000048 0.000000003
JJ:/rc/c: 0.999999985 0.000000015 0.000000000
JJ:/rc/crr: 0.000000000 0.999999990 0.000000010
JJ:/rc/r: 0.999999980 0.000000010 0.000000010
JJ:/rrc/c: 0.999999966 0.000000034 0.000000000
JJ:/rrc/crr: 0.000000000 0.999999976 0.000000024
JJ:/rrc/r: 0.999999708 0.000000268 0.000000024
JK:/cc/c: 0.010029092 0.989970908 0.000000000
JK:/cc/crr: 0.000000000 0.000000338 0.999999662
JK:/cc/r: 0.000000834 0.000000004 0.999999163
JK:/crc/c: 0.628110348 0.371889652 0.000000000
JK:/crc/crr: 0.000000000 0.000000075 0.999999925
JK:/crc/r: 0.017702632 0.000000103 0.982297264
JK:/crrc/c: 0.460313285 0.539686715 0.000000000
JK:/crrc/crr: 0.000000000 0.000000249 0.999999751
JK:/crrc/r: 0.256021121 0.000000061 0.743978818
JK:/rc/c: 0.457347361 0.542652639 0.000000000
JK:/rc/crr: 0.000000000 0.000000018 0.999999982
JK:/rc/r: 0.426920344 0.000000009 0.573079648
JK:/rrc/c: 0.999999239 0.000000761 0.000000000
JK:/rrc/crr: 0.000000000 0.000000102 0.999999898
JK:/rrc/r: 0.356517912 0.000000126 0.643481962
JQ:/cc/c: 0.092933549 0.907066451 0.000000000
JQ:/cc/crr: 0.000000000 0.000000000 1.000000000
JQ:/cc/r: 0.045148992 0.000000000 0.954851008
JQ:/crc/c: 0.462491809 0.537508191 0.000000000
JQ:/crc/crr: 0.000000000 0.000003074 0.999996926
JQ:/crc/r: 0.159725803 0.000000026 0.840274171
JQ:/crrc/c: 0.047495760 0.952504240 0.000000000
JQ:/crrc/crr: 0.000000000 0.000000666 0.999999334
JQ:/crrc/r: 0.187258988 0.000000012 0.812741000
JQ:/rc/c: 0.999983736 0.000016264 0.000000000
JQ:/rc/crr: 0.000000000 0.000000000 1.000000000
JQ:/rc/r: 0.000000041 0.000000030 0.999999929
JQ:/rrc/c: 0.000013675 0.999986325 0.000000000
JQ:/rrc/crr: 0.000000000 0.016477259 0.983522741
JQ:/rrc/r: 0.491396055 0.000000117 0.508603828
K:/c: 0.999998446 0.000001554 0.000000000
K:/crr: 0.000000000 0.999999999 0.000000001
K:/r: 0.644586071 0.355413928 0.000000001
KJ:/cc/c: 0.016388155 0.983611845 0.000000000
KJ:/cc/crr: 0.000000000 0.958170796 0.041829204
KJ:/cc/r: 0.010740287 0.004945857 0.984313856
KJ:/crc/c: 0.171181962 0.828818038 0.000000000
KJ:/crc/crr: 0.000000000 0.999999986 0.000000014
KJ:/crc/r: 0.000000193 0.700502915 0.299496892
KJ:/crrc/c: 0.380979285 0.619020715 0.000000000
KJ:/crrc/crr: 0.000000000 0.603735904 0.396264096
KJ:/crrc/r: 0.062139501 0.735260712 0.202599787
KJ:/rc/c: 0.468314933 0.531685067 0.000000000
KJ:/rc/crr: 0.000000000 0.681198457 0.318801543
KJ:/rc/r: 0.031142480 0.689571776 0.279285744
KJ:/rrc/c: 0.545629832 0.454370168 0.000000000
KJ:/rrc/crr: 0.000000000 0.999962788 0.000037212
KJ:/rrc/r: 0.053365034 0.859727306 0.086907660
KK:/cc/c: 0.995711866 0.004288134 0.000000000
KK:/cc/crr: 0.000000000 0.996665222 0.003334778
KK:/cc/r: 0.998314774 0.001282523 0.000402703
KK:/crc/c: 0.999999875 0.000000125 0.000000000
KK:/crc/crr: 0.000000000 0.999999939 0.000000061
KK:/crc/r: 0.796116477 0.203883501 0.000000022
KK:/crrc/c: 0.999999995 0.000000005 0.000000000
KK:/crrc/crr: 0.000000000 0.999999996 0.000000004
KK:/crrc/r: 0.999995659 0.000004338 0.000000004
KK:/rc/c: 0.999999982 0.000000018 0.000000000
KK:/rc/crr: 0.000000000 0.999999986 0.000000014
KK:/rc/r: 0.999999973 0.000000012 0.000000015
KK:/rrc/c: 0.999999942 0.000000058 0.000000000
KK:/rrc/crr: 0.000000000 0.999999971 0.000000029
KK:/rrc/r: 0.970749538 0.029250441 0.000000021
KQ:/cc/c: 0.006119340 0.993880660 0.000000000
KQ:/cc/crr: 0.000000000 0.720975342 0.279024658
KQ:/cc/r: 0.031174872 0.962895057 0.005930071
KQ:/crc/c: 0.410027154 0.589972846 0.000000000
KQ:/crc/crr: 0.000000000 0.044254389 0.955745611
KQ:/crc/r: 0.000000023 0.380657078 0.619342899
KQ:/crrc/c: 0.679964050 0.320035950 0.000000000
KQ:/crrc/crr: 0.000000000 0.352109704 0.647890296
KQ:/crrc/r: 0.000007722 0.725796129 0.274196149
KQ:/rc/c: 0.000037789 0.999962211 0.000000000
KQ:/rc/crr: 0.000000000 0.007144112 0.992855888
KQ:/rc/r: 0.000000216 0.265309877 0.734689907
KQ:/rrc/c: 0.580448658 0.419551342 0.000000000
KQ:/rrc/crr: 0.000000000 0.412107959 0.587892041
KQ:/rrc/r: 0.100549817 0.486891776 0.412558407
Q:/c: 0.880584965 0.119415035 0.000000000
Q:/crr: 0.000000000 0.999999962 0.000000038
Q:/r: 0.434944672 0.565055132 0.000000196
QJ:/cc/c: 0.000000655 0.999999345 0.000000000
QJ:/cc/crr: 0.000000000 0.079538458 0.920461542
QJ:/cc/r: 0.000000151 0.000000116 0.999999733
QJ:/crc/c: 0.596757796 0.403242204 0.000000000
QJ:/crc/crr: 0.000000000 0.001263546 0.998736454
QJ:/crc/r: 0.000000074 0.000000008 0.999999918
QJ:/crrc/c: 0.000000128 0.999999872 0.000000000
QJ:/crrc/crr: 0.000000000 0.179426146 0.820573854
QJ:/crrc/r: 0.020318985 0.000000000 0.979681015
QJ:/rc/c: 0.000000735 0.999999265 0.000000000
QJ:/rc/crr: 0.000000000 0.002135480 0.997864520
QJ:/rc/r: 0.020565851 0.000000009 0.979434140
QJ:/rrc/c: 0.000000449 0.999999551 0.000000000
QJ:/rrc/crr: 0.000000000 0.077479061 0.922520939
QJ:/rrc/r: 0.000000069 0.000000014 0.999999917
QK:/cc/c: 0.192053563 0.807946437 0.000000000
QK:/cc/crr: 0.000000000 0.999999952 0.000000048
QK:/cc/r: 0.000000220 0.690687981 0.309311799
QK:/crc/c: 0.316451568 0.683548432 0.000000000
QK:/crc/crr: 0.000000000 0.000012935 0.999987065
QK:/crc/r: 0.000000311 0.404219727 0.595779962
QK:/crrc/c: 0.208772520 0.791227480 0.000000000
QK:/crrc/crr: 0.000000000 0.000003797 0.999996203
QK:/crrc/r: 0.000000483 0.246408644 0.753590873
QK:/rc/c: 0.434434938 0.565565062 0.000000000
QK:/rc/crr: 0.000000000 0.000007722 0.999992278
QK:/rc/r: 0.000000025 0.265904612 0.734095363
QK:/rrc/c: 0.491391764 0.508608236 0.000000000
QK:/rrc/crr: 0.000000000 0.055994276 0.944005724
QK:/rrc/r: 0.000000068 0.469164591 0.530835341
QQ:/cc/c: 0.999999989 0.000000011 0.000000000
QQ:/cc/crr: 0.000000000 0.999999992 0.000000008
QQ:/cc/r: 0.999999784 0.000000100 0.000000116
QQ:/crc/c: 0.999999978 0.000000022 0.000000000
QQ:/crc/crr: 0.000000000 0.999999988 0.000000012
QQ:/crc/r: 0.999999971 0.000000017 0.000000012
QQ:/crrc/c: 0.999999995 0.000000005 0.000000000
QQ:/crrc/crr: 0.000000000 0.999999996 0.000000004
QQ:/crrc/r: 0.999999971 0.000000025 0.000000004
QQ:/rc/c: 0.999999992 0.000000008 0.000000000
QQ:/rc/crr: 0.000000000 0.999999996 0.000000004
QQ:/rc/r: 0.999999983 0.000000008 0.000000009
QQ:/rrc/c: 0.999999954 0.000000046 0.000000000
QQ:/rrc/crr: 0.000000000 0.999999964 0.000000036
QQ:/rrc/r: 0.999999845 0.000000121 0.000000035
