J:/c: 0.324536422 0.675463578 0.000000000
J:/crr: 0.000000000 0.999999996 0.000000004
J:/r: 0.051350211 0.103973034 0.844676754
JJ:/cc/c: 0.999999996 0.000000004 0.000000000
JJ:/cc/crr: 0.000000000 0.999999996 0.000000004
JJ:/cc/r: 0.999999987 0.000000009 0.000000004
JJ:/crc/c: 0.999999989 0.000000011 0.000000000
JJ:/crc/crr: 0.000000000 0.999999993 0.000000007
JJ:/crc/r: 0.664374132 0.335625859 0.000000009
JJ:/crrc/c: 0.999999995 0.000000005 0.000000000
JJ:/crrc/crr: 0.000000000 0.999999996 0.000000004
JJ:/crrc/r: 0.999999939 0.000000057 0.000000004
JJ:/rc/c: 0.999999982 0.000000018 0.000000000
JJ:/rc/crr: 0.000000000 0.999999988 0.000000012
JJ:/rc/r: 0.999999974 0.000000011 0.000000014
JJ:/rrc/c: 0.999999959 0.000000041 0.000000000
JJ:/rrc/crr: 0.000000000 0.999999971 0.000000029
JJ:/rrc/r: 0.999999650 0.000000316 0.000000033
JK:/cc/c: 0.008506856 0.991493144 0.000000000
JK:/cc/crr: 0.000000000 0.000000285 0.999999715
JK:/cc/r: 0.000000595 0.000000003 0.999999402
JK:/crc/c: 0.588547634 0.411452366 0.000000000
JK:/crc/crr: 0.000000000 0.000000063 0.999999937
JK:/crc/r: 0.012693542 0.000000088 0.987306370
JK:/crrc/c: 0.419400328 0.580599672 0.000000000
JK:/crrc/crr: 0.000000000 0.000000209 0.999999791
JK:/crrc/r: 0.197109473 0.000000056 0.802890471
JK:/rc/c: 0.416494579 0.583505421 0.000000000
JK:/rc/crr: 0.000000000 0.000000015 0.999999985
JK:/rc/r: 0.347026888 0.000000008 0.652973103
JK:/rrc/c: 0.999999101 0.000000899 0.000000000
JK:/rrc/crr: 0.000000000 0.000000086 0.999999914
JK:/rrc/r: 0.283286771 0.000000118 0.716713111
JQ:/cc/c: 0.079842781 0.920157219 0.000000000
JQ:/cc/crr: 0.000000000 0.000000000 1.000000000
JQ:/cc/r: 0.032631741 0.000000000 0.967368259
JQ:/crc/c: 0.421536463 0.578463537 0.000000000
JQ:/crc/crr: 0.000000000 0.000002589 0.999997411
JQ:/crc/r: 0.119415587 0.000000023 0.880584390
JQ:/crrc/c: 0.040519518 0.959480482 0.000000000
JQ:/crrc/crr: 0.000000000 0.000000561 0.999999439
JQ:/crrc/r: 0.141167560 0.000000011 0.858832430
JQ:/rc/c: 0.999980796 0.000019204 0.000000000
JQ:/rc/crr: 0.000000000 0.000000000 1.000000000
JQ:/rc/r: 0.000000029 0.000000026 0.999999945
JQ:/rrc/c: 0.000011582 0.999988418 0.000000000
JQ:/rrc/crr: 0.000000000 0.013915868 0.986084132
JQ:/rrc/r: 0.408027513 0.000000115 0.591972372
K:/c: 0.999998212 0.000001788 0.000000000
K:/crr: 0.000000000 0.999999999 0.000000001
K:/r: 0.611821045 0.388178954 0.000000001
KJ:/cc/c: 0.014272795 0.985727205 0.000000000
KJ:/cc/crr: 0.000000000 0.956308426 0.043691574
KJ:/cc/r: 0.008936890 0.004735502 0.986327608
KJ:/crc/c: 0.152177278 0.847822722 0.000000000
KJ:/crc/crr: 0.000000000 0.999999985 0.000000015
KJ:/crc/r: 0.000000166 0.690869592 0.309130243
KJ:/crrc/c: 0.348475832 0.651524168 0.000000000
KJ:/crrc/crr: 0.000000000 0.592799339 0.407200661
KJ:/crrc/r: 0.053932612 0.734309418 0.211757970
KJ:/rc/c: 0.433579341 0.566420659 0.000000000
KJ:/rc/crr: 0.000000000 0.671235600 0.328764400
KJ:/rc/r: 0.026825039 0.683471941 0.289703020
KJ:/rrc/c: 0.510667553 0.489332447 0.000000000
KJ:/rrc/crr: 0.000000000 0.999961056 0.000038944
KJ:/rrc/r: 0.046513846 0.862263941 0.091222213
KK:/cc/c: 0.995068922 0.004931078 0.000000000
KK:/cc/crr: 0.000000000 0.996510505 0.003489495
KK:/cc/r: 0.998039813 0.001475365 0.000484822
KK:/crc/c: 0.999999856 0.000000144 0.000000000
KK:/crc/crr: 0.000000000 0.999999936 0.000000064
KK:/crc/r: 0.772388029 0.227611945 0.000000026
KK:/crrc/c: 0.999999995 0.000000005 0.000000000
KK:/crrc/crr: 0.000000000 0.999999996 0.000000004
KK:/crrc/r: 0.999995004 0.000004991 0.000000004
KK:/rc/c: 0.999999979 0.000000021 0.000000000
KK:/rc/crr: 0.000000000 0.999999985 0.000000015
KK:/rc/r: 0.999999968 0.000000014 0.000000018
KK:/rrc/c: 0.999999934 0.000000066 0.000000000
KK:/rrc/crr: 0.000000000 0.999999970 0.000000030
KK:/rrc/r: 0.966489810 0.033510164 0.000000025
KQ:/cc/c: 0.005322292 0.994677708 0.000000000
KQ:/cc/crr: 0.000000000 0.711729509 0.288270491
KQ:/cc/r: 0.027196110 0.966574019 0.006229871
KQ:/crc/c: 0.376552987 0.623447013 0.000000000
KQ:/crc/crr: 0.000000000 0.042369091 0.957630909
KQ:/crc/r: 0.000000020 0.369988468 0.630011512
KQ:/crrc/c: 0.648682889 0.351317111 0.000000000
KQ:/crrc/crr: 0.000000000 0.341799635 0.658200365
KQ:/crrc/r: 0.000006626 0.716648227 0.283345147
KQ:/rc/c: 0.000032840 0.999967160 0.000000000
KQ:/rc/crr: 0.000000000 0.006828468 0.993171532
KQ:/rc/r: 0.000000181 0.256535043 0.743464776
KQ:/rrc/c: 0.545935993 0.454064007 0.000000000
KQ:/rrc/crr: 0.000000000 0.401128779 0.598871221
KQ:/rrc/r: 0.086858357 0.483968184 0.429173460
Q:/c: 0.865020398 0.134979602 0.000000000
Q:/crr: 0.000000000 0.999999960 0.000000040
Q:/r: 0.400818292 0.599181490 0.000000217
QJ:/cc/c: 0.000000569 0.999999431 0.000000000
QJ:/cc/crr: 0.000000000 0.076269964 0.923730036
QJ:/cc/r: 0.000000125 0.000000111 0.999999764
QJ:/crc/c: 0.562575706 0.437424294 0.000000000
QJ:/crc/crr: 0.000000000 0.001207404 0.998792596
QJ:/crc/r: 0.000000062 0.000000007 0.999999931
QJ:/crrc/c: 0.000000111 0.999999889 0.000000000
QJ:/crrc/crr: 0.000000000 0.172823632 0.827176368
QJ:/crrc/r: 0.016931062 0.000000000 0.983068938
QJ:/rc/c: 0.000000639 0.999999361 0.000000000
QJ:/rc/crr: 0.000000000 0.002040675 0.997959325
QJ:/rc/r: 0.017137486 0.000000009 0.982862505
QJ:/rrc/c: 0.000000390 0.999999610 0.000000000
QJ:/rrc/crr: 0.000000000 0.074288365 0.925711635
QJ:/rrc/r: 0.000000057 0.000000014 0.999999929
QK:/cc/c: 0.171210368 0.828789632 0.000000000
QK:/cc/crr: 0.000000000 0.999999950 0.000000050
QK:/cc/r: 0.000000189 0.680882781 0.319117031
QK:/crc/c: 0.286901791 0.713098209 0.000000000
QK:/crc/crr: 0.000000000 0.000012360 0.999987640
QK:/crc/r: 0.000000263 0.393310125 0.606689612
QK:/crrc/c: 0.186533765 0.813466235 0.000000000
QK:/crrc/crr: 0.000000000 0.000003628 0.999996372
QK:/crrc/r: 0.000000406 0.238056399 0.761943195
QK:/rc/c: 0.400320222 0.599679778 0.000000000
QK:/rc/crr: 0.000000000 0.000007379 0.999992621
QK:/rc/r: 0.000000021 0.257116983 0.742882996
QK:/rrc/c: 0.456413853 0.543586147 0.000000000
QK:/rrc/crr: 0.000000000 0.053636911 0.946363089
QK:/rrc/r: 0.000000058 0.457849173 0.542150769
QQ:/cc/c: 0.999999988 0.000000012 0.000000000
QQ:/cc/crr: 0.000000000 0.999999991 0.000000009
QQ:/cc/r: 0.999999745 0.000000115 0.000000140
QQ:/crc/c: 0.999999974 0.000000026 0.000000000
QQ:/crc/crr: 0.000000000 0.999999988 0.000000012
QQ:/crc/r: 0.999999966 0.000000019 0.000000014
QQ:/crrc/c: 0.999999995 0.000000005 0.000000000
QQ:/crrc/crr: 0.000000000 0.999999996 0.000000004
QQ:/crrc/r: 0.999999966 0.000000029 0.000000004
QQ:/rc/c: 0.999999990 0.000000010 0.000000000
QQ:/rc/crr: 0.000000000 0.999999996 0.000000004
QQ:/rc/r: 0.999999980 0.000000009 0.000000011
QQ:/rrc/c: 0.999999947 0.000000053 0.000000000
QQ:/rrc/crr: 0.000000000 0.999999963 0.000000037
QQ:/rrc/r: 0.999999819 0.000000139 0.000000042
