J:/c: 0.361081566 0.638918434 0.000000000
J:/crr: 0.000000000 0.999999996 0.000000004
J:/r: 0.056639072 0.097498115 0.845862813
JJ:/cc/c: 0.999999996 0.000000004 0.000000000
JJ:/cc/crr: 0.000000000 0.999999996 0.000000004
JJ:/cc/r: 0.999999988 0.000000008 0.000000004
JJ:/crc/c: 0.999999990 0.000000010 0.000000000
JJ:/crc/crr: 0.000000000 0.999999992 0.000000008
JJ:/crc/r: 0.699554416 0.300445575 0.000000009
JJ:/crrc/c: 0.999999995 0.000000005 0.000000000
JJ:/crrc/crr: 0.000000000 0.999999996 0.000000004
JJ:/crrc/r: 0.999999948 0.000000048 0.000000004
JJ:/rc/c: 0.999999985 0.000000015 0.000000000
JJ:/rc/crr: 0.000000000 0.999999987 0.000000013
JJ:/rc/r: 0.999999977 0.000000010 0.000000013
JJ:/rrc/c: 0.999999965 0.000000035 0.000000000
JJ:/rrc/crr: 0.000000000 0.999999969 0.000000031
JJ:/rrc/r: 0.999999701 0.000000269 0.000000030
JK:/cc/c: 0.009991181 0.990008819 0.000000000
JK:/cc/crr: 0.000000000 0.000000267 0.999999733
JK:/cc/r: 0.000000655 0.000000003 0.999999342
JK:/crc/c: 0.627216312 0.372783688 0.000000000
JK:/crc/crr: 0.000000000 0.000000059 0.999999941
JK:/crc/r: 0.013963311 0.000000082 0.986036607
JK:/crrc/c: 0.459363070 0.540636930 0.000000000
JK:/crrc/crr: 0.000000000 0.000000196 0.999999804
JK:/crrc/r: 0.212849812 0.000000051 0.787150137
JK:/rc/c: 0.456398091 0.543601909 0.000000000
JK:/rc/crr: 0.000000000 0.000000014 0.999999986
JK:/rc/r: 0.369233421 0.000000008 0.630766572
JK:/rrc/c: 0.999999236 0.000000764 0.000000000
JK:/rrc/crr: 0.000000000 0.000000080 0.999999920
JK:/rrc/r: 0.303309138 0.000000107 0.696690755
JQ:/cc/c: 0.092611569 0.907388431 0.000000000
JQ:/cc/crr: 0.000000000 0.000000000 1.000000000
JQ:/cc/r: 0.035823615 0.000000000 0.964176385
JQ:/crc/c: 0.461540943 0.538459057 0.000000000
JQ:/crc/crr: 0.000000000 0.000002425 0.999997575
JQ:/crc/r: 0.129955846 0.000000021 0.870044133
JQ:/crrc/c: 0.047322992 0.952677008 0.000000000
JQ:/crrc/crr: 0.000000000 0.000000525 0.999999475
JQ:/crrc/r: 0.153293537 0.000000010 0.846706454
JQ:/rc/c: 0.999983674 0.000016326 0.000000000
JQ:/rc/crr: 0.000000000 0.000000000 1.000000000
JQ:/rc/r: 0.000000032 0.000000024 0.999999944
JQ:/rrc/c: 0.000013623 0.999986377 0.000000000
JQ:/rrc/crr: 0.000000000 0.013042501 0.986957499
JQ:/rrc/r: 0.431557672 0.000000103 0.568442225
K:/c: 0.999998480 0.000001520 0.000000000
K:/crr: 0.000000000 0.999999999 0.000000001
K:/r: 0.649604662 0.350395337 0.000000001
KJ:/cc/c: 0.016746201 0.983253799 0.000000000
KJ:/cc/crr: 0.000000000 0.953479440 0.046520560
KJ:/cc/r: 0.009837574 0.004431689 0.985730737
KJ:/crc/c: 0.174322551 0.825677449 0.000000000
KJ:/crc/crr: 0.000000000 0.999999984 0.000000016
KJ:/crc/r: 0.000000191 0.676664720 0.323335089
KJ:/crrc/c: 0.386175513 0.613824487 0.000000000
KJ:/crrc/crr: 0.000000000 0.576848199 0.423151801
KJ:/crrc/r: 0.061958150 0.717179215 0.220862635
KJ:/rc/c: 0.473790627 0.526209373 0.000000000
KJ:/rc/crr: 0.000000000 0.656577011 0.343422989
KJ:/rc/r: 0.030801279 0.667191788 0.302006933
KJ:/rrc/c: 0.551072562 0.448927438 0.000000000
KJ:/rrc/crr: 0.000000000 0.999958411 0.000041589
KJ:/rrc/r: 0.053935480 0.850029771 0.096034748
KK:/cc/c: 0.995804686 0.004195314 0.000000000
KK:/cc/crr: 0.000000000 0.996274423 0.003725577
KK:/cc/r: 0.998305083 0.001254632 0.000440284
KK:/crc/c: 0.999999877 0.000000123 0.000000000
KK:/crc/crr: 0.000000000 0.999999932 0.000000068
KK:/crc/r: 0.799660412 0.200339564 0.000000025
KK:/crrc/c: 0.999999995 0.000000005 0.000000000
KK:/crrc/crr: 0.000000000 0.999999996 0.000000004
KK:/crrc/r: 0.999995753 0.000004243 0.000000004
KK:/rc/c: 0.999999982 0.000000018 0.000000000
KK:/rc/crr: 0.000000000 0.999999984 0.000000016
KK:/rc/r: 0.999999972 0.000000012 0.000000016
KK:/rrc/c: 0.999999944 0.000000056 0.000000000
KK:/rrc/crr: 0.000000000 0.999999968 0.000000032
KK:/rrc/r: 0.971367145 0.028632831 0.000000023
KQ:/cc/c: 0.006254461 0.993745539 0.000000000
KQ:/cc/crr: 0.000000000 0.698064268 0.301935732
KQ:/cc/r: 0.031823333 0.961558260 0.006618407
KQ:/crc/c: 0.415353734 0.584646266 0.000000000
KQ:/crc/crr: 0.000000000 0.039782029 0.960217971
KQ:/crc/r: 0.000000022 0.354808723 0.645191255
KQ:/crrc/c: 0.684727425 0.315272575 0.000000000
KQ:/crrc/crr: 0.000000000 0.327175810 0.672824190
KQ:/crrc/r: 0.000007647 0.703118398 0.296873955
KQ:/rc/c: 0.000038628 0.999961372 0.000000000
KQ:/rc/crr: 0.000000000 0.006397024 0.993602976
KQ:/rc/r: 0.000000203 0.244205748 0.755794049
KQ:/rrc/c: 0.585790930 0.414209070 0.000000000
KQ:/rrc/crr: 0.000000000 0.385453089 0.614546911
KQ:/rrc/r: 0.097818535 0.463370062 0.438811403
Q:/c: 0.882876662 0.117123338 0.000000000
Q:/crr: 0.000000000 0.999999957 0.000000043
Q:/r: 0.440353333 0.559646451 0.000000217
QJ:/cc/c: 0.000000669 0.999999331 0.000000000
QJ:/cc/crr: 0.000000000 0.071768043 0.928231957
QJ:/cc/r: 0.000000138 0.000000104 0.999999758
QJ:/crc/c: 0.602034780 0.397965220 0.000000000
QJ:/crc/crr: 0.000000000 0.001130712 0.998869288
QJ:/crc/r: 0.000000068 0.000000007 0.999999925
QJ:/crrc/c: 0.000000130 0.999999870 0.000000000
QJ:/crrc/crr: 0.000000000 0.163632092 0.836367908
QJ:/crrc/r: 0.018616729 0.000000000 0.981383271
QJ:/rc/c: 0.000000752 0.999999248 0.000000000
QJ:/rc/crr: 0.000000000 0.001911157 0.998088843
QJ:/rc/r: 0.018843311 0.000000008 0.981156681
QJ:/rrc/c: 0.000000459 0.999999541 0.000000000
QJ:/rrc/crr: 0.000000000 0.069894560 0.930105440
QJ:/rrc/r: 0.000000063 0.000000013 0.999999924
QK:/cc/c: 0.195486756 0.804513244 0.000000000
QK:/cc/crr: 0.000000000 0.999999947 0.000000053
QK:/cc/r: 0.000000217 0.666440567 0.333559216
QK:/crc/c: 0.321224399 0.678775601 0.000000000
QK:/crc/crr: 0.000000000 0.000011574 0.999988426
QK:/crc/r: 0.000000297 0.377747243 0.622252460
QK:/crrc/c: 0.212426005 0.787573995 0.000000000
QK:/crrc/crr: 0.000000000 0.000003397 0.999996603
QK:/crrc/r: 0.000000454 0.226344820 0.773654726
QK:/rc/c: 0.439842204 0.560157796 0.000000000
QK:/rc/crr: 0.000000000 0.000006909 0.999993091
QK:/rc/r: 0.000000024 0.244768931 0.755231045
QK:/rrc/c: 0.496885119 0.503114881 0.000000000
QK:/rrc/crr: 0.000000000 0.050398044 0.949601956
QK:/rrc/r: 0.000000065 0.441591348 0.558408587
QQ:/cc/c: 0.999999989 0.000000011 0.000000000
QQ:/cc/crr: 0.000000000 0.999999991 0.000000009
QQ:/cc/r: 0.999999775 0.000000098 0.000000127
QQ:/crc/c: 0.999999978 0.000000022 0.000000000
QQ:/crc/crr: 0.000000000 0.999999987 0.000000013
QQ:/crc/r: 0.999999970 0.000000017 0.000000013
QQ:/crrc/c: 0.999999995 0.000000005 0.000000000
QQ:/crrc/crr: 0.000000000 0.999999996 0.000000004
QQ:/crrc/r: 0.999999971 0.000000025 0.000000004
QQ:/rc/c: 0.999999992 0.000000008 0.000000000
QQ:/rc/crr: 0.000000000 0.999999996 0.000000004
QQ:/rc/r: 0.999999982 0.000000008 0.000000010
QQ:/rrc/c: 0.999999955 0.000000045 0.000000000
QQ:/rrc/crr: 0.000000000 0.999999960 0.000000040
QQ:/rrc/r: 0.999999844 0.000000118 0.000000038
