J:/c: 0.310031239 0.689968761 0.000000000
J:/crr: 0.000000000 0.999999997 0.000000003
J:/r: 0.054047727 0.117014963 0.828937310
JJ:/cc/c: 0.999999995 0.000000005 0.000000000
JJ:/cc/crr: 0.000000000 0.999999997 0.000000003
JJ:/cc/r: 0.999999986 0.000000009 0.000000004
JJ:/crc/c: 0.999999988 0.000000012 0.000000000
JJ:/crc/crr: 0.000000000 0.999999993 0.000000007
JJ:/crc/r: 0.649280166 0.350719826 0.000000008
JJ:/crrc/c: 0.999999994 0.000000006 0.000000000
JJ:/crrc/crr: 0.000000000 0.999999997 0.000000003
JJ:/crrc/r: 0.999999935 0.000000060 0.000000004
JJ:/rc/c: 0.999999981 0.000000019 0.000000000
JJ:/rc/crr: 0.000000000 0.999999989 0.000000011
JJ:/rc/r: 0.999999974 0.000000012 0.000000013
JJ:/rrc/c: 0.999999957 0.000000043 0.000000000
JJ:/rrc/crr: 0.000000000 0.999999975 0.000000025
JJ:/rrc/r: 0.999999631 0.000000338 0.000000031
JK:/cc/c: 0.007960182 0.992039818 0.000000000
JK:/cc/crr: 0.000000000 0.000000327 0.999999673
JK:/cc/r: 0.000000638 0.000000004 0.999999359
JK:/crc/c: 0.572239173 0.427760827 0.000000000
JK:/crc/crr: 0.000000000 0.000000073 0.999999927
JK:/crc/r: 0.013601515 0.000000100 0.986398384
JK:/crrc/c: 0.403186032 0.596813968 0.000000000
JK:/crrc/crr: 0.000000000 0.000000240 0.999999760
JK:/crrc/r: 0.208424040 0.000000063 0.791575897
JK:/rc/c: 0.400315165 0.599684835 0.000000000
JK:/rc/crr: 0.000000000 0.000000017 0.999999983
JK:/rc/r: 0.363055742 0.000000009 0.636944249
JK:/rrc/c: 0.999999039 0.000000961 0.000000000
JK:/rrc/crr: 0.000000000 0.000000098 0.999999902
JK:/rrc/r: 0.297713842 0.000000133 0.702286025
JQ:/cc/c: 0.075058903 0.924941097 0.000000000
JQ:/cc/crr: 0.000000000 0.000000000 1.000000000
JQ:/cc/r: 0.034915465 0.000000000 0.965084535
JQ:/crc/c: 0.405297232 0.594702768 0.000000000
JQ:/crc/crr: 0.000000000 0.000002969 0.999997031
JQ:/crc/r: 0.126975648 0.000000026 0.873024327
JQ:/crrc/c: 0.037994455 0.962005545 0.000000000
JQ:/crrc/crr: 0.000000000 0.000000643 0.999999357
JQ:/crrc/r: 0.149870339 0.000000012 0.850129649
JQ:/rc/c: 0.999979466 0.000020534 0.000000000
JQ:/rc/crr: 0.000000000 0.000000000 1.000000000
JQ:/rc/r: 0.000000031 0.000000029 0.999999939
JQ:/rrc/c: 0.000010832 0.999989168 0.000000000
JQ:/rrc/crr: 0.000000000 0.015926249 0.984073751
JQ:/rrc/r: 0.425039886 0.000000128 0.574959986
K:/c: 0.999998206 0.000001794 0.000000000
K:/crr: 0.000000000 0.999999999 0.000000001
K:/r: 0.611103691 0.388896308 0.000000001
KJ:/cc/c: 0.014230376 0.985769624 0.000000000
KJ:/cc/crr: 0.000000000 0.959794276 0.040205724
KJ:/cc/r: 0.009705989 0.005158587 0.985135424
KJ:/crc/c: 0.151788117 0.848211883 0.000000000
KJ:/crc/crr: 0.000000000 0.999999986 0.000000014
KJ:/crc/r: 0.000000170 0.709090761 0.290909069
KJ:/crrc/c: 0.347790604 0.652209396 0.000000000
KJ:/crrc/crr: 0.000000000 0.613567782 0.386432218
KJ:/crrc/r: 0.054742512 0.747590387 0.197667101
KJ:/rc/c: 0.432837944 0.567162056 0.000000000
KJ:/rc/crr: 0.000000000 0.690094942 0.309905058
KJ:/rc/r: 0.027406370 0.700395247 0.272198383
KJ:/rrc/c: 0.509913005 0.490086995 0.000000000
KJ:/rrc/crr: 0.000000000 0.999964293 0.000035707
KJ:/rrc/r: 0.046734546 0.868975126 0.084290328
KK:/cc/c: 0.995054084 0.004945916 0.000000000
KK:/cc/crr: 0.000000000 0.996799642 0.003200358
KK:/cc/r: 0.998074242 0.001479877 0.000445881
KK:/crc/c: 0.999999855 0.000000145 0.000000000
KK:/crc/crr: 0.000000000 0.999999942 0.000000058
KK:/crc/r: 0.771856756 0.228143220 0.000000024
KK:/crrc/c: 0.999999995 0.000000005 0.000000000
KK:/crrc/crr: 0.000000000 0.999999997 0.000000003
KK:/crrc/r: 0.999994989 0.000005006 0.000000004
KK:/rc/c: 0.999999979 0.000000021 0.000000000
KK:/rc/crr: 0.000000000 0.999999986 0.000000014
KK:/rc/r: 0.999999970 0.000000014 0.000000016
KK:/rrc/c: 0.999999933 0.000000067 0.000000000
KK:/rrc/crr: 0.000000000 0.999999973 0.000000027
KK:/rrc/r: 0.966391882 0.033608094 0.000000023
KQ:/cc/c: 0.005306331 0.994693669 0.000000000
KQ:/cc/crr: 0.000000000 0.729203076 0.270796924
KQ:/cc/r: 0.027130390 0.967154169 0.005715440
KQ:/crc/c: 0.375844399 0.624155601 0.000000000
KQ:/crc/crr: 0.000000000 0.046033510 0.953966490
KQ:/crc/r: 0.000000021 0.390435521 0.609564458
KQ:/crrc/c: 0.647994463 0.352005537 0.000000000
KQ:/crrc/crr: 0.000000000 0.361582946 0.638417054
KQ:/crrc/r: 0.000006766 0.733934704 0.266058531
KQ:/rc/c: 0.000032741 0.999967259 0.000000000
KQ:/rc/crr: 0.000000000 0.007442939 0.992557061
KQ:/rc/r: 0.000000193 0.273433416 0.726566391
KQ:/rrc/c: 0.545187393 0.454812607 0.000000000
KQ:/rrc/crr: 0.000000000 0.422143645 0.577856355
KQ:/rrc/r: 0.089824511 0.502008886 0.408166603
Q:/c: 0.864667456 0.135332544 0.000000000
Q:/crr: 0.000000000 0.999999963 0.000000037
Q:/r: 0.400093352 0.599906448 0.000000200
QJ:/cc/c: 0.000000567 0.999999433 0.000000000
QJ:/cc/crr: 0.000000000 0.082613462 0.917386538
QJ:/cc/r: 0.000000136 0.000000121 0.999999743
QJ:/crc/c: 0.561832522 0.438167478 0.000000000
QJ:/crc/crr: 0.000000000 0.001316725 0.998683275
QJ:/crc/r: 0.000000067 0.000000008 0.999999925
QJ:/crrc/c: 0.000000111 0.999999889 0.000000000
QJ:/crrc/crr: 0.000000000 0.185584264 0.814415736
QJ:/crrc/r: 0.018383189 0.000000000 0.981616811
QJ:/rc/c: 0.000000637 0.999999363 0.000000000
QJ:/rc/crr: 0.000000000 0.002225274 0.997774726
QJ:/rc/r: 0.018606983 0.000000010 0.981393008
QJ:/rrc/c: 0.000000389 0.999999611 0.000000000
QJ:/rrc/crr: 0.000000000 0.080481409 0.919518591
QJ:/rrc/r: 0.000000062 0.000000015 0.999999923
QK:/cc/c: 0.170782339 0.829217661 0.000000000
QK:/cc/crr: 0.000000000 0.999999954 0.000000046
QK:/cc/r: 0.000000193 0.699436509 0.300563297
QK:/crc/c: 0.286284438 0.713715562 0.000000000
QK:/crc/crr: 0.000000000 0.000013480 0.999986520
QK:/crc/r: 0.000000276 0.414198670 0.585801054
QK:/crrc/c: 0.186076027 0.813923973 0.000000000
QK:/crrc/crr: 0.000000000 0.000003957 0.999996043
QK:/crrc/r: 0.000000432 0.254153656 0.745845912
QK:/rc/c: 0.399595575 0.600404425 0.000000000
QK:/rc/crr: 0.000000000 0.000008048 0.999991952
QK:/rc/r: 0.000000023 0.274039564 0.725960414
QK:/rrc/c: 0.455664821 0.544335179 0.000000000
QK:/rrc/crr: 0.000000000 0.058216618 0.941783382
QK:/rrc/r: 0.000000060 0.479456560 0.520543379
QQ:/cc/c: 0.999999988 0.000000012 0.000000000
QQ:/cc/crr: 0.000000000 0.999999992 0.000000008
QQ:/cc/r: 0.999999756 0.000000115 0.000000129
QQ:/crc/c: 0.999999974 0.000000026 0.000000000
QQ:/crc/crr: 0.000000000 0.999999989 0.000000011
QQ:/crc/r: 0.999999967 0.000000020 0.000000013
QQ:/crrc/c: 0.999999995 0.000000005 0.000000000
QQ:/crrc/crr: 0.000000000 0.999999997 0.000000003
QQ:/crrc/r: 0.999999967 0.000000029 0.000000004
QQ:/rc/c: 0.999999990 0.000000010 0.000000000
QQ:/rc/crr: 0.000000000 0.999999997 0.000000003
QQ:/rc/r: 0.999999981 0.000000009 0.000000010
QQ:/rrc/c: 0.999999947 0.000000053 0.000000000
QQ:/rrc/crr: 0.000000000 0.999999966 0.000000034
QQ:/rrc/r: 0.999999822 0.000000139 0.000000038
