J:/c: 0.211273009 0.788726991 0.000000000
J:/crr: 0.000000000 0.999999997 0.000000003
J:/r: 0.040861288 0.148400281 0.810738431
JJ:/cc/c: 0.999999992 0.000000008 0.000000000
JJ:/cc/crr: 0.000000000 0.999999997 0.000000003
JJ:/cc/r: 0.999999979 0.000000016 0.000000005
JJ:/crc/c: 0.999999979 0.000000021 0.000000000
JJ:/crc/crr: 0.000000000 0.999999995 0.000000005
JJ:/crc/r: 0.524625261 0.475374731 0.000000009
JJ:/crrc/c: 0.999999990 0.000000010 0.000000000
JJ:/crrc/crr: 0.000000000 0.999999997 0.000000003
JJ:/crrc/r: 0.999999893 0.000000101 0.000000005
JJ:/rc/c: 0.999999968 0.000000032 0.000000000
JJ:/rc/crr: 0.000000000 0.999999992 0.000000008
JJ:/rc/r: 0.999999962 0.000000021 0.000000017
JJ:/rrc/c: 0.999999927 0.000000073 0.000000000
JJ:/rrc/crr: 0.000000000 0.999999981 0.000000019
JJ:/rrc/r: 0.999999392 0.000000568 0.000000040
JK:/cc/c: 0.004760612 0.995239388 0.000000000
JK:/cc/crr: 0.000000000 0.000000424 0.999999576
JK:/cc/r: 0.000000493 0.000000005 0.999999502
JK:/crc/c: 0.443664473 0.556335527 0.000000000
JK:/crc/crr: 0.000000000 0.000000094 0.999999906
JK:/crc/r: 0.010546439 0.000000131 0.989453431
JK:/crrc/c: 0.287101512 0.712898488 0.000000000
JK:/crrc/crr: 0.000000000 0.000000312 0.999999688
JK:/crrc/r: 0.169111612 0.000000086 0.830888302
JK:/rc/c: 0.284662967 0.715337033 0.000000000
JK:/rc/crr: 0.000000000 0.000000023 0.999999977
JK:/rc/r: 0.305846217 0.000000013 0.694153770
JK:/rrc/c: 0.999998387 0.000001613 0.000000000
JK:/rrc/crr: 0.000000000 0.000000128 0.999999872
JK:/rrc/r: 0.246810953 0.000000185 0.753188863
JQ:/cc/c: 0.046143696 0.953856304 0.000000000
JQ:/cc/crr: 0.000000000 0.000000000 1.000000000
JQ:/cc/r: 0.027205037 0.000000000 0.972794963
JQ:/crc/c: 0.288899101 0.711100899 0.000000000
JQ:/crc/crr: 0.000000000 0.000003850 0.999996150
JQ:/crc/r: 0.101064398 0.000000035 0.898935568
JQ:/crrc/c: 0.023002621 0.976997379 0.000000000
JQ:/crrc/crr: 0.000000000 0.000000834 0.999999166
JQ:/crrc/r: 0.119928892 0.000000016 0.880071092
JQ:/rc/c: 0.999965556 0.000034444 0.000000000
JQ:/rc/crr: 0.000000000 0.000000000 1.000000000
JQ:/rc/r: 0.000000024 0.000000038 0.999999938
JQ:/rrc/c: 0.000006457 0.999993543 0.000000000
JQ:/rrc/crr: 0.000000000 0.020554197 0.979445803
JQ:/rrc/r: 0.363639308 0.000000183 0.636360509
K:/c: 0.999996902 0.000003098 0.000000000
K:/crr: 0.000000000 0.999999999 0.000000001
K:/r: 0.476443124 0.523556876 0.000000001
KJ:/cc/c: 0.008290704 0.991709296 0.000000000
KJ:/cc/crr: 0.000000000 0.972775672 0.027224328
KJ:/cc/r: 0.008402720 0.007711605 0.983885676
KJ:/crc/c: 0.093901972 0.906098028 0.000000000
KJ:/crc/crr: 0.000000000 0.999999991 0.000000009
KJ:/crc/r: 0.000000109 0.784875000 0.215124891
KJ:/crrc/c: 0.235949461 0.764050539 0.000000000
KJ:/crrc/crr: 0.000000000 0.703843332 0.296156668
KJ:/crrc/r: 0.034786014 0.820309124 0.144904862
KJ:/rc/c: 0.306500124 0.693499876 0.000000000
KJ:/rc/crr: 0.000000000 0.769217158 0.230782842
KJ:/rc/r: 0.017671908 0.779846255 0.202481838
KJ:/rrc/c: 0.375992309 0.624007691 0.000000000
KJ:/rrc/crr: 0.000000000 0.999976144 0.000023856
KJ:/rrc/r: 0.028418818 0.912450301 0.059130881
KK:/cc/c: 0.991490141 0.008509859 0.000000000
KK:/cc/crr: 0.000000000 0.997859600 0.002140400
KK:/cc/r: 0.996933719 0.002552484 0.000513796
KK:/crc/c: 0.999999750 0.000000250 0.000000000
KK:/crc/crr: 0.000000000 0.999999961 0.000000039
KK:/crc/r: 0.662079305 0.337920671 0.000000024
KK:/crrc/c: 0.999999991 0.000000009 0.000000000
KK:/crrc/crr: 0.000000000 0.999999998 0.000000002
KK:/crrc/r: 0.999991350 0.000008645 0.000000005
KK:/rc/c: 0.999999963 0.000000037 0.000000000
KK:/rc/crr: 0.000000000 0.999999991 0.000000009
KK:/rc/r: 0.999999957 0.000000024 0.000000019
KK:/rrc/c: 0.999999885 0.000000115 0.000000000
KK:/rrc/crr: 0.000000000 0.999999982 0.000000018
KK:/rrc/r: 0.943350290 0.056649684 0.000000026
KQ:/cc/c: 0.003079863 0.996920137 0.000000000
KQ:/cc/crr: 0.000000000 0.801216677 0.198783323
KQ:/cc/r: 0.015923699 0.980206344 0.003869958
KQ:/crc/c: 0.258558231 0.741441769 0.000000000
KQ:/crc/crr: 0.000000000 0.067362633 0.932637367
KQ:/crc/r: 0.000000015 0.489464320 0.510535665
KQ:/crrc/c: 0.515990552 0.484009448 0.000000000
KQ:/crrc/crr: 0.000000000 0.458801775 0.541198225
KQ:/crrc/r: 0.000004298 0.805026984 0.194968718
KQ:/rc/c: 0.000018961 0.999981039 0.000000000
KQ:/rc/crr: 0.000000000 0.011099587 0.988900413
KQ:/rc/r: 0.000000147 0.360328414 0.639671438
KQ:/rrc/c: 0.409748025 0.590251975 0.000000000
KQ:/rrc/crr: 0.000000000 0.522323465 0.477676535
KQ:/rrc/r: 0.062922029 0.607229902 0.329848069
Q:/c: 0.781317693 0.218682307 0.000000000
Q:/crr: 0.000000000 0.999999973 0.000000027
Q:/r: 0.271638729 0.728361094 0.000000178
QJ:/cc/c: 0.000000317 0.999999683 0.000000000
QJ:/cc/crr: 0.000000000 0.109354609 0.890645391
QJ:/cc/r: 0.000000104 0.000000165 0.999999731
QJ:/crc/c: 0.417597063 0.582402937 0.000000000
QJ:/crc/crr: 0.000000000 0.001794407 0.998205593
QJ:/crc/r: 0.000000051 0.000000011 0.999999938
QJ:/crrc/c: 0.000000062 0.999999938 0.000000000
QJ:/crrc/crr: 0.000000000 0.237043718 0.762956282
QJ:/crrc/r: 0.014077406 0.000000000 0.985922594
QJ:/rc/c: 0.000000356 0.999999644 0.000000000
QJ:/rc/crr: 0.000000000 0.003031560 0.996968440
QJ:/rc/r: 0.014249543 0.000000013 0.985750444
QJ:/rrc/c: 0.000000218 0.999999782 0.000000000
QJ:/rrc/crr: 0.000000000 0.106612633 0.893387367
QJ:/rrc/r: 0.000000047 0.000000020 0.999999932
QK:/cc/c: 0.103276201 0.896723799 0.000000000
QK:/cc/crr: 0.000000000 0.999999966 0.000000034
QK:/cc/r: 0.000000117 0.760354123 0.239645760
QK:/crc/c: 0.183210329 0.816789671 0.000000000
QK:/crc/crr: 0.000000000 0.000018379 0.999981621
QK:/crc/r: 0.000000183 0.490843758 0.509156059
QK:/crrc/c: 0.113351024 0.886648976 0.000000000
QK:/crrc/crr: 0.000000000 0.000005395 0.999994605
QK:/crrc/r: 0.000000301 0.317220544 0.682779154
QK:/rc/c: 0.271228495 0.728771505 0.000000000
QK:/rc/crr: 0.000000000 0.000010972 0.999989028
QK:/rc/r: 0.000000016 0.339792907 0.660207077
QK:/rrc/c: 0.318851292 0.681148708 0.000000000
QK:/rrc/crr: 0.000000000 0.077729863 0.922270137
QK:/rrc/r: 0.000000039 0.556701486 0.443298475
QQ:/cc/c: 0.999999978 0.000000022 0.000000000
QQ:/cc/crr: 0.000000000 0.999999994 0.000000006
QQ:/cc/r: 0.999999625 0.000000206 0.000000169
QQ:/crc/c: 0.999999954 0.000000046 0.000000000
QQ:/crc/crr: 0.000000000 0.999999992 0.000000008
QQ:/crc/r: 0.999999948 0.000000035 0.000000017
QQ:/crrc/c: 0.999999990 0.000000010 0.000000000
QQ:/crrc/crr: 0.000000000 0.999999997 0.000000003
QQ:/crrc/r: 0.999999942 0.000000052 0.000000005
QQ:/rc/c: 0.999999983 0.000000017 0.000000000
QQ:/rc/crr: 0.000000000 0.999999997 0.000000003
QQ:/rc/r: 0.999999971 0.000000016 0.000000013
QQ:/rrc/c: 0.999999905 0.000000095 0.000000000
QQ:/rrc/crr: 0.000000000 0.999999975 0.000000025
QQ:/rrc/r: 0.999999701 0.000000249 0.000000050
