J:/c: 0.186804388 0.813195612 0.000000000
J:/crr: 0.000000000 0.999999998 0.000000002
J:/r: 0.035639177 0.150930013 0.813430810
JJ:/cc/c: 0.999999991 0.000000009 0.000000000
JJ:/cc/crr: 0.000000000 0.999999998 0.000000002
JJ:/cc/r: 0.999999975 0.000000018 0.000000006
JJ:/crc/c: 0.999999976 0.000000024 0.000000000
JJ:/crc/crr: 0.000000000 0.999999995 0.000000005
JJ:/crc/r: 0.486238525 0.513761466 0.000000009
JJ:/crrc/c: 0.999999989 0.000000011 0.000000000
JJ:/crrc/crr: 0.000000000 0.999999998 0.000000002
JJ:/crrc/r: 0.999999876 0.000000118 0.000000006
JJ:/rc/c: 0.999999963 0.000000037 0.000000000
JJ:/rc/crr: 0.000000000 0.999999992 0.000000008
JJ:/rc/r: 0.999999956 0.000000024 0.000000020
JJ:/rrc/c: 0.999999915 0.000000085 0.000000000
JJ:/rrc/crr: 0.000000000 0.999999981 0.000000019
JJ:/rrc/r: 0.999999292 0.000000662 0.000000046
JK:/cc/c: 0.004085376 0.995914624 0.000000000
JK:/cc/crr: 0.000000000 0.000000430 0.999999570
JK:/cc/r: 0.000000429 0.000000005 0.999999567
JK:/crc/c: 0.406140501 0.593859499 0.000000000
JK:/crc/crr: 0.000000000 0.000000096 0.999999904
JK:/crc/r: 0.009180801 0.000000133 0.990819066
JK:/crrc/c: 0.256709131 0.743290869 0.000000000
JK:/crrc/crr: 0.000000000 0.000000316 0.999999684
JK:/crrc/r: 0.150333273 0.000000089 0.849666639
JK:/rc/c: 0.254436597 0.745563403 0.000000000
JK:/rc/crr: 0.000000000 0.000000023 0.999999977
JK:/rc/r: 0.276945453 0.000000014 0.723054533
JK:/rrc/c: 0.999998120 0.000001880 0.000000000
JK:/rrc/crr: 0.000000000 0.000000129 0.999999871
JK:/rrc/r: 0.221706964 0.000000193 0.778292843
JQ:/cc/c: 0.039833697 0.960166303 0.000000000
JQ:/cc/crr: 0.000000000 0.000000000 1.000000000
JQ:/cc/r: 0.023734053 0.000000000 0.976265947
JQ:/crc/c: 0.258385399 0.741614601 0.000000000
JQ:/crc/crr: 0.000000000 0.000003903 0.999996097
JQ:/crc/r: 0.089032441 0.000000035 0.910967523
JQ:/crrc/c: 0.019791429 0.980208571 0.000000000
JQ:/crrc/crr: 0.000000000 0.000000846 0.999999154
JQ:/crrc/r: 0.105915688 0.000000017 0.894084295
JQ:/rc/c: 0.999959836 0.000040164 0.000000000
JQ:/rc/crr: 0.000000000 0.000000000 1.000000000
JQ:/rc/r: 0.000000021 0.000000039 0.999999940
JQ:/rrc/c: 0.000005537 0.999994463 0.000000000
JQ:/rrc/crr: 0.000000000 0.020829529 0.979170471
JQ:/rrc/r: 0.331888489 0.000000195 0.668111316
K:/c: 0.999996259 0.000003741 0.000000000
K:/crr: 0.000000000 0.999999999 0.000000001
K:/r: 0.429734410 0.570265589 0.000000001
KJ:/cc/c: 0.006875221 0.993124779 0.000000000
KJ:/cc/crr: 0.000000000 0.970582395 0.029417605
KJ:/cc/r: 0.006441430 0.007138902 0.986419668
KJ:/crc/c: 0.079034827 0.920965173 0.000000000
KJ:/crc/crr: 0.000000000 0.999999990 0.000000010
KJ:/crc/r: 0.000000088 0.771105819 0.228894092
KJ:/crrc/c: 0.203647103 0.796352897 0.000000000
KJ:/crrc/crr: 0.000000000 0.686956254 0.313043746
KJ:/crrc/r: 0.028632673 0.815378013 0.155989314
KJ:/rc/c: 0.267926071 0.732073929 0.000000000
KJ:/rc/crr: 0.000000000 0.754758910 0.245241090
KJ:/rc/r: 0.014435114 0.769254425 0.216310461
KJ:/rrc/c: 0.332870308 0.667129692 0.000000000
KJ:/rrc/crr: 0.000000000 0.999974164 0.000025836
KJ:/rrc/r: 0.023532712 0.912429699 0.064037590
KK:/cc/c: 0.989741591 0.010258409 0.000000000
KK:/cc/crr: 0.000000000 0.997682348 0.002317652
KK:/cc/r: 0.996248230 0.003080269 0.000671501
KK:/crc/c: 0.999999699 0.000000301 0.000000000
KK:/crc/crr: 0.000000000 0.999999958 0.000000042
KK:/crc/r: 0.618677010 0.381322961 0.000000029
KK:/crrc/c: 0.999999989 0.000000011 0.000000000
KK:/crrc/crr: 0.000000000 0.999999998 0.000000002
KK:/crrc/r: 0.999989554 0.000010440 0.000000006
KK:/rc/c: 0.999999956 0.000000044 0.000000000
KK:/rc/crr: 0.000000000 0.999999990 0.000000010
KK:/rc/r: 0.999999946 0.000000030 0.000000024
KK:/rrc/c: 0.999999861 0.000000139 0.000000000
KK:/rrc/crr: 0.000000000 0.999999980 0.000000020
KK:/rrc/r: 0.932384829 0.067615137 0.000000034
KQ:/cc/c: 0.002551745 0.997448255 0.000000000
KQ:/cc/crr: 0.000000000 0.788211195 0.211788805
KQ:/cc/r: 0.013218140 0.982580525 0.004201335
KQ:/crc/c: 0.224068365 0.775931635 0.000000000
KQ:/crc/crr: 0.000000000 0.062522543 0.937477457
KQ:/crc/r: 0.000000012 0.469565552 0.530434436
KQ:/crrc/c: 0.468876918 0.531123082 0.000000000
KQ:/crrc/crr: 0.000000000 0.439077482 0.560922518
KQ:/crrc/r: 0.000003502 0.792206994 0.207789504
KQ:/rc/c: 0.000015702 0.999984298 0.000000000
KQ:/rc/crr: 0.000000000 0.010257606 0.989742394
KQ:/rc/r: 0.000000116 0.342161078 0.657838807
KQ:/rrc/c: 0.365019239 0.634980761 0.000000000
KQ:/rrc/crr: 0.000000000 0.502403416 0.497596584
KQ:/rrc/r: 0.051255995 0.597336881 0.351407124
Q:/c: 0.753937001 0.246062999 0.000000000
Q:/crr: 0.000000000 0.999999974 0.000000026
Q:/r: 0.242326824 0.757672994 0.000000182
QJ:/cc/c: 0.000000272 0.999999728 0.000000000
QJ:/cc/crr: 0.000000000 0.110685032 0.889314968
QJ:/cc/r: 0.000000090 0.000000167 0.999999743
QJ:/crc/c: 0.380768847 0.619231153 0.000000000
QJ:/crc/crr: 0.000000000 0.001818911 0.998181089
QJ:/crc/r: 0.000000044 0.000000011 0.999999945
QJ:/crrc/c: 0.000000053 0.999999947 0.000000000
QJ:/crrc/crr: 0.000000000 0.239509866 0.760490134
QJ:/crrc/r: 0.012260216 0.000000000 0.987739784
QJ:/rc/c: 0.000000306 0.999999694 0.000000000
QJ:/rc/crr: 0.000000000 0.003072905 0.996927095
QJ:/rc/r: 0.012410412 0.000000013 0.987589575
QJ:/rrc/c: 0.000000187 0.999999813 0.000000000
QJ:/rrc/crr: 0.000000000 0.107913739 0.892086261
QJ:/rrc/r: 0.000000041 0.000000021 0.999999938
QK:/cc/c: 0.089889773 0.910110227 0.000000000
QK:/cc/crr: 0.000000000 0.999999967 0.000000033
QK:/cc/r: 0.000000101 0.762821246 0.237178653
QK:/crc/c: 0.161327017 0.838672983 0.000000000
QK:/crc/crr: 0.000000000 0.000018631 0.999981369
QK:/crc/r: 0.000000158 0.494239905 0.505759938
QK:/crrc/c: 0.098802604 0.901197396 0.000000000
QK:/crrc/crr: 0.000000000 0.000005469 0.999994531
QK:/crrc/r: 0.000000261 0.320170803 0.679828936
QK:/rc/c: 0.241946152 0.758053848 0.000000000
QK:/rc/crr: 0.000000000 0.000011122 0.999988878
QK:/rc/r: 0.000000014 0.342847670 0.657152316
QK:/rrc/c: 0.286448381 0.713551619 0.000000000
QK:/rrc/crr: 0.000000000 0.078709537 0.921290463
QK:/rrc/r: 0.000000034 0.560052075 0.439947892
QQ:/cc/c: 0.999999974 0.000000026 0.000000000
QQ:/cc/crr: 0.000000000 0.999999994 0.000000006
QQ:/cc/r: 0.999999566 0.000000240 0.000000194
QQ:/crc/c: 0.999999946 0.000000054 0.000000000
QQ:/crc/crr: 0.000000000 0.999999992 0.000000008
QQ:/crc/r: 0.999999939 0.000000041 0.000000020
QQ:/crrc/c: 0.999999989 0.000000011 0.000000000
QQ:/crrc/crr: 0.000000000 0.999999998 0.000000002
QQ:/crrc/r: 0.999999933 0.000000061 0.000000006
QQ:/rc/c: 0.999999980 0.000000020 0.000000000
QQ:/rc/crr: 0.000000000 0.999999998 0.000000002
QQ:/rc/r: 0.999999966 0.000000018 0.000000015
QQ:/rrc/c: 0.999999889 0.000000111 0.000000000
QQ:/rrc/crr: 0.000000000 0.999999975 0.000000025
QQ:/rrc/r: 0.999999652 0.000000290 0.000000058
