J:/c: 0.392063258 0.607936742 0.000000000
J:/crr: 0.000000000 0.999999996 0.000000004
J:/r: 0.058538101 0.088304101 0.853157798
JJ:/cc/c: 0.999999997 0.000000003 0.000000000
JJ:/cc/crr: 0.000000000 0.999999996 0.000000004
JJ:/cc/r: 0.999999990 0.000000007 0.000000004
JJ:/crc/c: 0.999999991 0.000000009 0.000000000
JJ:/crc/crr: 0.000000000 0.999999991 0.000000009
JJ:/crc/r: 0.726552722 0.273447269 0.000000009
JJ:/crrc/c: 0.999999996 0.000000004 0.000000000
JJ:/crrc/crr: 0.000000000 0.999999996 0.000000004
JJ:/crrc/r: 0.999999954 0.000000042 0.000000004
JJ:/rc/c: 0.999999987 0.000000013 0.000000000
JJ:/rc/crr: 0.000000000 0.999999985 0.000000015
JJ:/rc/r: 0.999999979 0.000000009 0.000000013
JJ:/rrc/c: 0.999999970 0.000000030 0.000000000
JJ:/rrc/crr: 0.000000000 0.999999966 0.000000034
JJ:/rrc/r: 0.999999735 0.000000236 0.000000029
JK:/cc/c: 0.011385254 0.988614746 0.000000000
JK:/cc/crr: 0.000000000 0.000000240 0.999999760
JK:/cc/r: 0.000000671 0.000000003 0.999999326
JK:/crc/c: 0.657532727 0.342467273 0.000000000
JK:/crc/crr: 0.000000000 0.000000053 0.999999947
JK:/crc/r: 0.014303153 0.000000074 0.985696773
JK:/crrc/c: 0.492280174 0.507719826 0.000000000
JK:/crrc/crr: 0.000000000 0.000000176 0.999999824
JK:/crrc/r: 0.216965093 0.000000046 0.783034862
JK:/rc/c: 0.489295019 0.510704981 0.000000000
JK:/rc/crr: 0.000000000 0.000000013 0.999999987
JK:/rc/r: 0.374932087 0.000000007 0.625067906
JK:/rrc/c: 0.999999330 0.000000670 0.000000000
JK:/rrc/crr: 0.000000000 0.000000072 0.999999928
JK:/rrc/r: 0.308487954 0.000000096 0.691511950
JQ:/cc/c: 0.104318958 0.895681042 0.000000000
JQ:/cc/crr: 0.000000000 0.000000000 1.000000000
JQ:/cc/r: 0.036675708 0.000000000 0.963324292
JQ:/crc/c: 0.494471374 0.505528626 0.000000000
JQ:/crc/crr: 0.000000000 0.000002177 0.999997823
JQ:/crc/r: 0.132738702 0.000000019 0.867261279
JQ:/crrc/c: 0.053643738 0.946356262 0.000000000
JQ:/crrc/crr: 0.000000000 0.000000472 0.999999528
JQ:/crrc/r: 0.156486258 0.000000009 0.843513733
JQ:/rc/c: 0.999985693 0.000014307 0.000000000
JQ:/rc/crr: 0.000000000 0.000000000 1.000000000
JQ:/rc/r: 0.000000033 0.000000022 0.999999946
JQ:/rrc/c: 0.000015546 0.999984454 0.000000000
JQ:/rrc/crr: 0.000000000 0.011727204 0.988272796
JQ:/rrc/r: 0.437550990 0.000000091 0.562448918
K:/c: 0.999998668 0.000001332 0.000000000
K:/crr: 0.000000000 0.999999999 0.000000001
K:/r: 0.679032081 0.320967918 0.000000001
KJ:/cc/c: 0.019064653 0.980935347 0.000000000
KJ:/cc/crr: 0.000000000 0.948465292 0.051534708
KJ:/cc/r: 0.010082588 0.003980296 0.985937116
KJ:/crc/c: 0.194149214 0.805850786 0.000000000
KJ:/crc/crr: 0.000000000 0.999999982 0.000000018
KJ:/crc/r: 0.000000210 0.652682683 0.347317107
KJ:/crrc/c: 0.417902019 0.582097981 0.000000000
KJ:/crrc/crr: 0.000000000 0.550382020 0.449617980
KJ:/crrc/r: 0.068388256 0.693701979 0.237909765
KJ:/rc/c: 0.506772490 0.493227510 0.000000000
KJ:/rc/crr: 0.000000000 0.631915527 0.368084473
KJ:/rc/r: 0.033839986 0.642353741 0.323806274
KJ:/rrc/c: 0.583469020 0.416530980 0.000000000
KJ:/rrc/crr: 0.000000000 0.999953685 0.000046315
KJ:/rrc/r: 0.060428306 0.834568817 0.105002877
KK:/cc/c: 0.996321659 0.003678341 0.000000000
KK:/cc/crr: 0.000000000 0.995852805 0.004147195
KK:/cc/r: 0.998470613 0.001099640 0.000429746
KK:/crc/c: 0.999999893 0.000000107 0.000000000
KK:/crc/crr: 0.000000000 0.999999924 0.000000076
KK:/crc/r: 0.819978017 0.180021959 0.000000025
KK:/crrc/c: 0.999999996 0.000000004 0.000000000
KK:/crrc/crr: 0.000000000 0.999999996 0.000000004
KK:/crrc/r: 0.999996277 0.000003719 0.000000004
KK:/rc/c: 0.999999984 0.000000016 0.000000000
KK:/rc/crr: 0.000000000 0.999999982 0.000000018
KK:/rc/r: 0.999999974 0.000000011 0.000000016
KK:/rrc/c: 0.999999951 0.000000049 0.000000000
KK:/rrc/crr: 0.000000000 0.999999964 0.000000036
KK:/rrc/r: 0.974819314 0.025180663 0.000000023
KQ:/cc/c: 0.007130903 0.992869097 0.000000000
KQ:/cc/crr: 0.000000000 0.674906899 0.325093101
KQ:/cc/r: 0.036125363 0.956542562 0.007332076
KQ:/crc/c: 0.447728890 0.552271110 0.000000000
KQ:/crc/crr: 0.000000000 0.035868132 0.964131868
KQ:/crc/r: 0.000000024 0.330571403 0.669428573
KQ:/crrc/c: 0.712510548 0.287489452 0.000000000
KQ:/crrc/crr: 0.000000000 0.303936895 0.696063105
KQ:/crrc/r: 0.000008441 0.680170925 0.319820634
KQ:/rc/c: 0.000044080 0.999955920 0.000000000
KQ:/rc/crr: 0.000000000 0.005748001 0.994251999
KQ:/rc/r: 0.000000214 0.224890285 0.775109502
KQ:/rrc/c: 0.617421339 0.382578661 0.000000000
KQ:/rrc/crr: 0.000000000 0.360291402 0.639708598
KQ:/rrc/r: 0.104942439 0.435632343 0.459425218
Q:/c: 0.895853959 0.104146041 0.000000000
Q:/crr: 0.000000000 0.999999953 0.000000047
Q:/r: 0.473100259 0.526899514 0.000000227
QJ:/cc/c: 0.000000764 0.999999236 0.000000000
QJ:/cc/crr: 0.000000000 0.064920009 0.935079991
QJ:/cc/r: 0.000000141 0.000000093 0.999999765
QJ:/crc/c: 0.633201464 0.366798536 0.000000000
QJ:/crc/crr: 0.000000000 0.001015447 0.998984553
QJ:/crc/r: 0.000000070 0.000000006 0.999999924
QJ:/crrc/c: 0.000000149 0.999999851 0.000000000
QJ:/crrc/crr: 0.000000000 0.149429592 0.850570408
QJ:/crrc/r: 0.019067636 0.000000000 0.980932364
QJ:/rc/c: 0.000000858 0.999999142 0.000000000
QJ:/rc/crr: 0.000000000 0.001716470 0.998283530
QJ:/rc/r: 0.019299599 0.000000007 0.980700394
QJ:/rrc/c: 0.000000524 0.999999476 0.000000000
QJ:/rrc/crr: 0.000000000 0.063213117 0.936786883
QJ:/rrc/r: 0.000000065 0.000000011 0.999999924
QK:/cc/c: 0.217087659 0.782912341 0.000000000
QK:/cc/crr: 0.000000000 0.999999941 0.000000059
QK:/cc/r: 0.000000239 0.642101291 0.357898470
QK:/crc/c: 0.350663190 0.649336810 0.000000000
QK:/crc/crr: 0.000000000 0.000010393 0.999989607
QK:/crc/r: 0.000000316 0.352799800 0.647199883
QK:/crrc/c: 0.235351101 0.764648899 0.000000000
QK:/crrc/crr: 0.000000000 0.000003051 0.999996949
QK:/crrc/r: 0.000000476 0.208053179 0.791946345
QK:/rc/c: 0.472583228 0.527416772 0.000000000
QK:/rc/crr: 0.000000000 0.000006204 0.999993796
QK:/rc/r: 0.000000025 0.225422210 0.774577765
QK:/rrc/c: 0.529855841 0.470144159 0.000000000
QK:/rrc/crr: 0.000000000 0.045489185 0.954510815
QK:/rrc/r: 0.000000070 0.415241180 0.584758750
QQ:/cc/c: 0.999999991 0.000000009 0.000000000
QQ:/cc/crr: 0.000000000 0.999999990 0.000000010
QQ:/cc/r: 0.999999790 0.000000086 0.000000124
QQ:/crc/c: 0.999999981 0.000000019 0.000000000
QQ:/crc/crr: 0.000000000 0.999999985 0.000000015
QQ:/crc/r: 0.999999973 0.000000014 0.000000013
QQ:/crrc/c: 0.999999996 0.000000004 0.000000000
QQ:/crrc/crr: 0.000000000 0.999999996 0.000000004
QQ:/crrc/r: 0.999999974 0.000000022 0.000000004
QQ:/rc/c: 0.999999993 0.000000007 0.000000000
QQ:/rc/crr: 0.000000000 0.999999996 0.000000004
QQ:/rc/r: 0.999999984 0.000000007 0.000000010
QQ:/rrc/c: 0.999999960 0.000000040 0.000000000
QQ:/rrc/crr: 0.000000000 0.999999956 0.000000044
QQ:/rrc/r: 0.999999860 0.000000103 0.000000037
