J:/c: 0.254232641 0.745767359 0.000000000
J:/crr: 0.000000000 0.999999997 0.000000003
J:/r: 0.041154818 0.117444516 0.841400666
JJ:/cc/c: 0.999999994 0.000000006 0.000000000
JJ:/cc/crr: 0.000000000 0.999999997 0.000000003
JJ:/cc/r: 0.999999982 0.000000012 0.000000005
JJ:/crc/c: 0.999999984 0.000000016 0.000000000
JJ:/crc/crr: 0.000000000 0.999999993 0.000000007
JJ:/crc/r: 0.584114226 0.415885763 0.000000010
JJ:/crrc/c: 0.999999993 0.000000007 0.000000000
JJ:/crrc/crr: 0.000000000 0.999999997 0.000000003
JJ:/crrc/r: 0.999999915 0.000000080 0.000000005
JJ:/rc/c: 0.999999975 0.000000025 0.000000000
JJ:/rc/crr: 0.000000000 0.999999989 0.000000011
JJ:/rc/r: 0.999999966 0.000000016 0.000000018
JJ:/rrc/c: 0.999999943 0.000000057 0.000000000
JJ:/rrc/crr: 0.000000000 0.999999975 0.000000025
JJ:/rrc/r: 0.999999513 0.000000446 0.000000041
JK:/cc/c: 0.006050761 0.993949239 0.000000000
JK:/cc/crr: 0.000000000 0.000000323 0.999999677
JK:/cc/r: 0.000000478 0.000000004 0.999999518
JK:/crc/c: 0.503700465 0.496299535 0.000000000
JK:/crc/crr: 0.000000000 0.000000072 0.999999928
JK:/crc/r: 0.010238295 0.000000100 0.989761606
JK:/crrc/c: 0.338855634 0.661144366 0.000000000
JK:/crrc/crr: 0.000000000 0.000000238 0.999999762
JK:/crrc/r: 0.164942852 0.000000066 0.835057082
JK:/rc/c: 0.336184803 0.663815197 0.000000000
JK:/rc/crr: 0.000000000 0.000000017 0.999999983
JK:/rc/r: 0.299521876 0.000000010 0.700478114
JK:/rrc/c: 0.999998733 0.000001267 0.000000000
JK:/rrc/crr: 0.000000000 0.000000097 0.999999903
JK:/rrc/r: 0.241283041 0.000000142 0.758716817
JQ:/cc/c: 0.057995340 0.942004660 0.000000000
JQ:/cc/crr: 0.000000000 0.000000000 1.000000000
JQ:/cc/r: 0.026423162 0.000000000 0.973576838
JQ:/crc/c: 0.340822347 0.659177653 0.000000000
JQ:/crc/crr: 0.000000000 0.000002936 0.999997064
JQ:/crc/r: 0.098374462 0.000000026 0.901625512
JQ:/crrc/c: 0.029091939 0.970908061 0.000000000
JQ:/crrc/crr: 0.000000000 0.000000636 0.999999364
JQ:/crrc/r: 0.116802097 0.000000012 0.883197891
JQ:/rc/c: 0.999972935 0.000027065 0.000000000
JQ:/rc/crr: 0.000000000 0.000000000 1.000000000
JQ:/rc/r: 0.000000023 0.000000029 0.999999947
JQ:/rrc/c: 0.000008218 0.999991782 0.000000000
JQ:/rrc/crr: 0.000000000 0.015750746 0.984249254
JQ:/rrc/r: 0.356734080 0.000000141 0.643265779
K:/c: 0.999997479 0.000002521 0.000000000
K:/crr: 0.000000000 0.999999999 0.000000001
K:/r: 0.527923638 0.472076360 0.000000001
KJ:/cc/c: 0.010169035 0.989830965 0.000000000
KJ:/cc/crr: 0.000000000 0.961270181 0.038729819
KJ:/cc/r: 0.007198397 0.005375873 0.987425730
KJ:/crc/c: 0.112966855 0.887033145 0.000000000
KJ:/crc/crr: 0.000000000 0.999999987 0.000000013
KJ:/crc/r: 0.000000122 0.717056712 0.282943166
KJ:/crrc/c: 0.275098196 0.724901804 0.000000000
KJ:/crrc/crr: 0.000000000 0.622757823 0.377242177
KJ:/crrc/r: 0.039889238 0.765450228 0.194660534
KJ:/rc/c: 0.351962327 0.648037673 0.000000000
KJ:/rc/crr: 0.000000000 0.698359751 0.301640249
KJ:/rc/r: 0.019867768 0.713449070 0.266683162
KJ:/rrc/c: 0.425438732 0.574561268 0.000000000
KJ:/rrc/crr: 0.000000000 0.999965657 0.000034343
KJ:/rrc/r: 0.033824164 0.883727997 0.082447839
KK:/cc/c: 0.993064152 0.006935848 0.000000000
KK:/cc/crr: 0.000000000 0.996921480 0.003078520
KK:/cc/r: 0.997319976 0.002077876 0.000602148
KK:/crc/c: 0.999999797 0.000000203 0.000000000
KK:/crc/crr: 0.000000000 0.999999944 0.000000056
KK:/crc/r: 0.706549084 0.293450886 0.000000030
KK:/crrc/c: 0.999999993 0.000000007 0.000000000
KK:/crrc/crr: 0.000000000 0.999999997 0.000000003
KK:/crrc/r: 0.999992960 0.000007035 0.000000005
KK:/rc/c: 0.999999970 0.000000030 0.000000000
KK:/rc/crr: 0.000000000 0.999999987 0.000000013
KK:/rc/r: 0.999999958 0.000000020 0.000000022
KK:/rrc/c: 0.999999907 0.000000093 0.000000000
KK:/rrc/crr: 0.000000000 0.999999974 0.000000026
KK:/rrc/r: 0.953409987 0.046589982 0.000000031
KQ:/cc/c: 0.003782135 0.996217865 0.000000000
KQ:/cc/crr: 0.000000000 0.736822667 0.263177333
KQ:/cc/r: 0.019464354 0.974993906 0.005541740
KQ:/crc/c: 0.299985380 0.700014620 0.000000000
KQ:/crc/crr: 0.000000000 0.047773909 0.952226091
KQ:/crc/r: 0.000000015 0.399740664 0.600259321
KQ:/crrc/c: 0.567115550 0.432884450 0.000000000
KQ:/crrc/crr: 0.000000000 0.370618537 0.629381463
KQ:/crrc/r: 0.000004864 0.741469627 0.258525508
KQ:/rc/c: 0.000023301 0.999976699 0.000000000
KQ:/rc/crr: 0.000000000 0.007736168 0.992263832
KQ:/rc/r: 0.000000141 0.281236621 0.718763238
KQ:/rrc/c: 0.460358645 0.539641355 0.000000000
KQ:/rrc/crr: 0.000000000 0.431669326 0.568330674
KQ:/rrc/r: 0.066692082 0.523736748 0.409571171
Q:/c: 0.789351061 0.210648939 0.000000000
Q:/crr: 0.000000000 0.999999968 0.000000032
Q:/r: 0.281169508 0.718830280 0.000000212
QJ:/cc/c: 0.000000333 0.999999667 0.000000000
QJ:/cc/crr: 0.000000000 0.092339643 0.907660357
QJ:/cc/r: 0.000000090 0.000000136 0.999999773
QJ:/crc/c: 0.429231048 0.570768952 0.000000000
QJ:/crc/crr: 0.000000000 0.001487261 0.998512739
QJ:/crc/r: 0.000000044 0.000000009 0.999999947
QJ:/crrc/c: 0.000000065 0.999999935 0.000000000
QJ:/crrc/crr: 0.000000000 0.204727927 0.795272073
QJ:/crrc/r: 0.012256137 0.000000000 0.987743863
QJ:/rc/c: 0.000000374 0.999999626 0.000000000
QJ:/rc/crr: 0.000000000 0.002513185 0.997486815
QJ:/rc/r: 0.012406284 0.000000011 0.987593705
QJ:/rrc/c: 0.000000228 0.999999772 0.000000000
QJ:/rrc/crr: 0.000000000 0.089981201 0.910018799
QJ:/rrc/r: 0.000000041 0.000000017 0.999999942
QK:/cc/c: 0.107773854 0.892226146 0.000000000
QK:/cc/crr: 0.000000000 0.999999960 0.000000040
QK:/cc/r: 0.000000117 0.724436453 0.275563429
QK:/crc/c: 0.190449761 0.809550239 0.000000000
QK:/crc/crr: 0.000000000 0.000015229 0.999984771
QK:/crc/r: 0.000000174 0.444066279 0.555933547
QK:/crrc/c: 0.118229584 0.881770416 0.000000000
QK:/crrc/crr: 0.000000000 0.000004470 0.999995530
QK:/crrc/r: 0.000000277 0.277956487 0.722043236
QK:/rc/c: 0.280750439 0.719249561 0.000000000
QK:/rc/crr: 0.000000000 0.000009091 0.999990909
QK:/rc/r: 0.000000014 0.298958261 0.701041725
QK:/rrc/c: 0.329289690 0.670710310 0.000000000
QK:/rrc/crr: 0.000000000 0.065274900 0.934725100
QK:/rrc/r: 0.000000037 0.509933581 0.490066382
QQ:/cc/c: 0.999999979 0.000000021 0.000000000
QQ:/cc/crr: 0.000000000 0.999999993 0.000000007
QQ:/cc/r: 0.999999609 0.000000197 0.000000194
QQ:/crc/c: 0.999999956 0.000000044 0.000000000
QQ:/crc/crr: 0.000000000 0.999999990 0.000000010
QQ:/crc/r: 0.999999947 0.000000033 0.000000020
QQ:/crrc/c: 0.999999991 0.000000009 0.000000000
QQ:/crrc/crr: 0.000000000 0.999999997 0.000000003
QQ:/crrc/r: 0.999999944 0.000000050 0.000000006
QQ:/rc/c: 0.999999983 0.000000017 0.000000000
QQ:/rc/crr: 0.000000000 0.999999997 0.000000003
QQ:/rc/r: 0.999999970 0.000000015 0.000000015
QQ:/rrc/c: 0.999999909 0.000000091 0.000000000
QQ:/rrc/crr: 0.000000000 0.999999970 0.000000030
QQ:/rrc/r: 0.999999705 0.000000237 0.000000058
