J:/c: 0.261957394 0.738042606 0.000000000
J:/crr: 0.000000000 0.999999997 0.000000003
J:/r: 0.052854201 0.144867269 0.802278530
JJ:/cc/c: 0.999999994 0.000000006 0.000000000
JJ:/cc/crr: 0.000000000 0.999999997 0.000000003
JJ:/cc/r: 0.999999984 0.000000012 0.000000004
JJ:/crc/c: 0.999999984 0.000000016 0.000000000
JJ:/crc/crr: 0.000000000 0.999999995 0.000000005
JJ:/crc/r: 0.593880383 0.406119610 0.000000008
JJ:/crrc/c: 0.999999993 0.000000007 0.000000000
JJ:/crrc/crr: 0.000000000 0.999999997 0.000000003
JJ:/crrc/r: 0.999999919 0.000000077 0.000000004
JJ:/rc/c: 0.999999976 0.000000024 0.000000000
JJ:/rc/crr: 0.000000000 0.999999992 0.000000008
JJ:/rc/r: 0.999999971 0.000000016 0.000000013
JJ:/rrc/c: 0.999999945 0.000000055 0.000000000
JJ:/rrc/crr: 0.000000000 0.999999980 0.000000020
JJ:/rrc/r: 0.999999541 0.000000428 0.000000030
JK:/cc/c: 0.006298297 0.993701703 0.000000000
JK:/cc/crr: 0.000000000 0.000000418 0.999999582
JK:/cc/r: 0.000000644 0.000000005 0.999999351
JK:/crc/c: 0.513783105 0.486216895 0.000000000
JK:/crc/crr: 0.000000000 0.000000093 0.999999907
JK:/crc/r: 0.013741191 0.000000128 0.986258681
JK:/crrc/c: 0.347951963 0.652048037 0.000000000
JK:/crrc/crr: 0.000000000 0.000000307 0.999999693
JK:/crrc/r: 0.210138161 0.000000080 0.789861758
JK:/rc/c: 0.345246875 0.654753125 0.000000000
JK:/rc/crr: 0.000000000 0.000000022 0.999999978
JK:/rc/r: 0.365454461 0.000000012 0.634545527
JK:/rrc/c: 0.999998783 0.000001217 0.000000000
JK:/rrc/crr: 0.000000000 0.000000126 0.999999874
JK:/rrc/r: 0.299884094 0.000000169 0.700115736
JQ:/cc/c: 0.060239130 0.939760870 0.000000000
JQ:/cc/crr: 0.000000000 0.000000000 1.000000000
JQ:/cc/r: 0.035266192 0.000000000 0.964733808
JQ:/crc/c: 0.349943527 0.650056473 0.000000000
JQ:/crc/crr: 0.000000000 0.000003798 0.999996202
JQ:/crc/r: 0.128128347 0.000000033 0.871871620
JQ:/crrc/c: 0.030253395 0.969746605 0.000000000
JQ:/crrc/crr: 0.000000000 0.000000823 0.999999177
JQ:/crrc/r: 0.151194885 0.000000015 0.848805099
JQ:/rc/c: 0.999974005 0.000025995 0.000000000
JQ:/rc/crr: 0.000000000 0.000000000 1.000000000
JQ:/rc/r: 0.000000031 0.000000038 0.999999931
JQ:/rrc/c: 0.000008556 0.999991444 0.000000000
JQ:/rrc/crr: 0.000000000 0.020282071 0.979717929
JQ:/rrc/r: 0.427573209 0.000000162 0.572426629
K:/c: 0.999997579 0.000002421 0.000000000
K:/crr: 0.000000000 0.999999999 0.000000001
K:/r: 0.537965571 0.462034428 0.000000001
KJ:/cc/c: 0.010583255 0.989416745 0.000000000
KJ:/cc/crr: 0.000000000 0.969795952 0.030204048
KJ:/cc/r: 0.009656191 0.006926244 0.983417566
KJ:/crc/c: 0.117073126 0.882926874 0.000000000
KJ:/crc/crr: 0.000000000 0.999999990 0.000000010
KJ:/crc/r: 0.000000136 0.766270781 0.233729083
KJ:/crrc/c: 0.283216173 0.716783827 0.000000000
KJ:/crrc/crr: 0.000000000 0.681078896 0.318921104
KJ:/crrc/r: 0.043376865 0.799462482 0.157160653
KJ:/rc/c: 0.361218267 0.638781733 0.000000000
KJ:/rc/crr: 0.000000000 0.749690695 0.250309305
KJ:/rc/r: 0.021999439 0.758759636 0.219240924
KJ:/rrc/c: 0.435328917 0.564671083 0.000000000
KJ:/rrc/crr: 0.000000000 0.999973452 0.000026548
KJ:/rrc/r: 0.035837465 0.899306111 0.064856423
KK:/cc/c: 0.993336576 0.006663424 0.000000000
KK:/cc/crr: 0.000000000 0.997618611 0.002381389
KK:/cc/r: 0.997556645 0.001996188 0.000447167
KK:/crc/c: 0.999999805 0.000000195 0.000000000
KK:/crc/crr: 0.000000000 0.999999957 0.000000043
KK:/crc/r: 0.714843721 0.285156256 0.000000022
KK:/crrc/c: 0.999999993 0.000000007 0.000000000
KK:/crrc/crr: 0.000000000 0.999999997 0.000000003
KK:/crrc/r: 0.999993239 0.000006757 0.000000004
KK:/rc/c: 0.999999971 0.000000029 0.000000000
KK:/rc/crr: 0.000000000 0.999999990 0.000000010
KK:/rc/r: 0.999999965 0.000000019 0.000000016
KK:/rrc/c: 0.999999910 0.000000090 0.000000000
KK:/rrc/crr: 0.000000000 0.999999980 0.000000020
KK:/rrc/r: 0.955169634 0.044830343 0.000000023
KQ:/cc/c: 0.003937230 0.996062770 0.000000000
KQ:/cc/crr: 0.000000000 0.783636130 0.216363870
KQ:/cc/r: 0.020274943 0.975439283 0.004285774
KQ:/crc/c: 0.308525192 0.691474808 0.000000000
KQ:/crc/crr: 0.000000000 0.060947486 0.939052514
KQ:/crc/r: 0.000000018 0.462798437 0.537201544
KQ:/crrc/c: 0.576991802 0.423008198 0.000000000
KQ:/crrc/crr: 0.000000000 0.432391583 0.567608417
KQ:/crrc/r: 0.000005380 0.787693578 0.212301041
KQ:/rc/c: 0.000024261 0.999975739 0.000000000
KQ:/rc/crr: 0.000000000 0.009985174 0.990014826
KQ:/rc/r: 0.000000176 0.336066743 0.663933081
KQ:/rrc/c: 0.470396003 0.529603997 0.000000000
KQ:/rrc/crr: 0.000000000 0.495605231 0.504394769
KQ:/rrc/r: 0.076323922 0.575676050 0.348000028
Q:/c: 0.825607533 0.174392467 0.000000000
Q:/crr: 0.000000000 0.999999973 0.000000027
Q:/r: 0.330732305 0.669267529 0.000000166
QJ:/cc/c: 0.000000420 0.999999580 0.000000000
QJ:/cc/crr: 0.000000000 0.108036496 0.891963504
QJ:/cc/r: 0.000000136 0.000000162 0.999999702
QJ:/crc/c: 0.487203757 0.512796243 0.000000000
QJ:/crc/crr: 0.000000000 0.001770202 0.998229798
QJ:/crc/r: 0.000000067 0.000000011 0.999999923
QJ:/crrc/c: 0.000000082 0.999999918 0.000000000
QJ:/crrc/crr: 0.000000000 0.234591891 0.765408109
QJ:/crrc/r: 0.018321961 0.000000000 0.981678039
QJ:/rc/c: 0.000000472 0.999999528 0.000000000
QJ:/rc/crr: 0.000000000 0.002990716 0.997009284
QJ:/rc/r: 0.018545023 0.000000013 0.981454964
QJ:/rrc/c: 0.000000288 0.999999712 0.000000000
QJ:/rrc/crr: 0.000000000 0.105323663 0.894676337
QJ:/rrc/r: 0.000000062 0.000000020 0.999999918
QK:/cc/c: 0.132401330 0.867598670 0.000000000
QK:/cc/crr: 0.000000000 0.999999966 0.000000034
QK:/cc/r: 0.000000155 0.757866157 0.242133688
QK:/crc/c: 0.229118133 0.770881867 0.000000000
QK:/crc/crr: 0.000000000 0.000018131 0.999981869
QK:/crc/r: 0.000000241 0.487443934 0.512555826
QK:/crrc/c: 0.144858398 0.855141602 0.000000000
QK:/crrc/crr: 0.000000000 0.000005322 0.999994678
QK:/crrc/r: 0.000000396 0.314281000 0.685718605
QK:/rc/c: 0.330273295 0.669726705 0.000000000
QK:/rc/crr: 0.000000000 0.000010824 0.999989176
QK:/rc/r: 0.000000021 0.336747385 0.663252595
QK:/rrc/c: 0.382817488 0.617182512 0.000000000
QK:/rrc/crr: 0.000000000 0.076760088 0.923239912
QK:/rrc/r: 0.000000051 0.553341269 0.446658680
QQ:/cc/c: 0.999999983 0.000000017 0.000000000
QQ:/cc/crr: 0.000000000 0.999999994 0.000000006
QQ:/cc/r: 0.999999715 0.000000156 0.000000129
QQ:/crc/c: 0.999999965 0.000000035 0.000000000
QQ:/crc/crr: 0.000000000 0.999999992 0.000000008
QQ:/crc/r: 0.999999960 0.000000026 0.000000013
QQ:/crrc/c: 0.999999993 0.000000007 0.000000000
QQ:/crrc/crr: 0.000000000 0.999999997 0.000000003
QQ:/crrc/r: 0.999999956 0.000000039 0.000000004
QQ:/rc/c: 0.999999987 0.000000013 0.000000000
QQ:/rc/crr: 0.000000000 0.999999997 0.000000003
QQ:/rc/r: 0.999999978 0.000000012 0.000000010
QQ:/rrc/c: 0.999999928 0.000000072 0.000000000
QQ:/rrc/crr: 0.000000000 0.999999975 0.000000025
QQ:/rrc/r: 0.999999773 0.000000188 0.000000039
