J:/c: 0.306008555 0.693991445 0.000000000
J:/crr: 0.000000000 0.999999997 0.000000003
J:/r: 0.062168297 0.137160643 0.800671060
JJ:/cc/c: 0.999999995 0.000000005 0.000000000
JJ:/cc/crr: 0.000000000 0.999999997 0.000000003
JJ:/cc/r: 0.999999987 0.000000010 0.000000003
JJ:/crc/c: 0.999999987 0.000000013 0.000000000
JJ:/crc/crr: 0.000000000 0.999999995 0.000000005
JJ:/crc/r: 0.644970407 0.355029586 0.000000007
JJ:/crrc/c: 0.999999994 0.000000006 0.000000000
JJ:/crrc/crr: 0.000000000 0.999999997 0.000000003
JJ:/crrc/r: 0.999999935 0.000000062 0.000000003
JJ:/rc/c: 0.999999981 0.000000019 0.000000000
JJ:/rc/crr: 0.000000000 0.999999991 0.000000009
JJ:/rc/r: 0.999999976 0.000000013 0.000000011
JJ:/rrc/c: 0.999999956 0.000000044 0.000000000
JJ:/rrc/crr: 0.000000000 0.999999979 0.000000021
JJ:/rrc/r: 0.999999629 0.000000345 0.000000026
JK:/cc/c: 0.007812519 0.992187481 0.000000000
JK:/cc/crr: 0.000000000 0.000000397 0.999999603
JK:/cc/r: 0.000000760 0.000000004 0.999999236
JK:/crc/c: 0.567613165 0.432386835 0.000000000
JK:/crc/crr: 0.000000000 0.000000088 0.999999912
JK:/crc/r: 0.016155501 0.000000121 0.983844377
JK:/crrc/c: 0.398653020 0.601346980 0.000000000
JK:/crrc/crr: 0.000000000 0.000000292 0.999999708
JK:/crrc/r: 0.238707410 0.000000073 0.761292517
JK:/rc/c: 0.395793024 0.604206976 0.000000000
JK:/rc/crr: 0.000000000 0.000000021 0.999999979
JK:/rc/r: 0.404330407 0.000000011 0.595669583
JK:/rrc/c: 0.999999020 0.000000980 0.000000000
JK:/rrc/crr: 0.000000000 0.000000120 0.999999880
JK:/rrc/r: 0.335472513 0.000000152 0.664527335
JQ:/cc/c: 0.073759085 0.926240915 0.000000000
JQ:/cc/crr: 0.000000000 0.000000000 1.000000000
JQ:/cc/r: 0.041304033 0.000000000 0.958695967
JQ:/crc/c: 0.400756422 0.599243578 0.000000000
JQ:/crc/crr: 0.000000000 0.000003604 0.999996396
JQ:/crc/r: 0.147631942 0.000000031 0.852368027
JQ:/crrc/c: 0.037310602 0.962689398 0.000000000
JQ:/crrc/crr: 0.000000000 0.000000781 0.999999219
JQ:/crrc/r: 0.173510893 0.000000014 0.826489093
JQ:/rc/c: 0.999979075 0.000020925 0.000000000
JQ:/rc/crr: 0.000000000 0.000000000 1.000000000
JQ:/rc/r: 0.000000037 0.000000036 0.999999927
JQ:/rrc/c: 0.000010629 0.999989371 0.000000000
JQ:/rrc/crr: 0.000000000 0.019261702 0.980738298
JQ:/rrc/r: 0.468181632 0.000000143 0.531818224
K:/c: 0.999997977 0.000002023 0.000000000
K:/crr: 0.000000000 0.999999999 0.000000001
K:/r: 0.582182863 0.417817136 0.000000001
KJ:/cc/c: 0.012638893 0.987361107 0.000000000
KJ:/cc/crr: 0.000000000 0.964626727 0.035373273
KJ:/cc/r: 0.009823186 0.005887776 0.984289038
KJ:/crc/c: 0.136949843 0.863050157 0.000000000
KJ:/crc/crr: 0.000000000 0.999999988 0.000000012
KJ:/crc/r: 0.000000156 0.735760211 0.264239633
KJ:/crrc/c: 0.321043975 0.678956025 0.000000000
KJ:/crrc/crr: 0.000000000 0.644605336 0.355394664
KJ:/crrc/r: 0.050086060 0.771371823 0.178542117
KJ:/rc/c: 0.403598181 0.596401819 0.000000000
KJ:/rc/crr: 0.000000000 0.717812831 0.282187169
KJ:/rc/r: 0.025236348 0.727320940 0.247442712
KJ:/rrc/c: 0.479871895 0.520128105 0.000000000
KJ:/rrc/crr: 0.000000000 0.999968742 0.000031258
KJ:/rrc/r: 0.042106105 0.882921925 0.074971970
KK:/cc/c: 0.994425828 0.005574172 0.000000000
KK:/cc/crr: 0.000000000 0.997197291 0.002802709
KK:/cc/r: 0.997891291 0.001668607 0.000440102
KK:/crc/c: 0.999999837 0.000000163 0.000000000
KK:/crc/crr: 0.000000000 0.999999949 0.000000051
KK:/crc/r: 0.749999971 0.250000006 0.000000023
KK:/crrc/c: 0.999999994 0.000000006 0.000000000
KK:/crrc/crr: 0.000000000 0.999999997 0.000000003
KK:/crrc/r: 0.999994350 0.000005646 0.000000004
KK:/rc/c: 0.999999976 0.000000024 0.000000000
KK:/rc/crr: 0.000000000 0.999999988 0.000000012
KK:/rc/r: 0.999999968 0.000000016 0.000000016
KK:/rrc/c: 0.999999925 0.000000075 0.000000000
KK:/rrc/crr: 0.000000000 0.999999976 0.000000024
KK:/rrc/r: 0.962260892 0.037739085 0.000000023
KQ:/cc/c: 0.004708120 0.995291880 0.000000000
KQ:/cc/crr: 0.000000000 0.754666638 0.245333362
KQ:/cc/r: 0.024148776 0.970828921 0.005022303
KQ:/crc/c: 0.348091771 0.651908229 0.000000000
KQ:/crc/crr: 0.000000000 0.052243415 0.947756585
KQ:/crc/r: 0.000000020 0.422527372 0.577472608
KQ:/crrc/c: 0.620111633 0.379888367 0.000000000
KQ:/crrc/crr: 0.000000000 0.392831588 0.607168412
KQ:/crrc/r: 0.000006205 0.759100266 0.240893529
KQ:/rc/c: 0.000029033 0.999970967 0.000000000
KQ:/rc/crr: 0.000000000 0.008493338 0.991506662
KQ:/rc/r: 0.000000188 0.300651604 0.699348208
KQ:/rrc/c: 0.515252997 0.484747003 0.000000000
KQ:/rrc/crr: 0.000000000 0.454896792 0.545103208
KQ:/rrc/r: 0.084827410 0.534639038 0.380533552
Q:/c: 0.829017134 0.170982866 0.000000000
Q:/crr: 0.000000000 0.999999967 0.000000033
Q:/r: 0.336036230 0.663963571 0.000000199
QJ:/cc/c: 0.000000430 0.999999570 0.000000000
QJ:/cc/crr: 0.000000000 0.090948885 0.909051115
QJ:/cc/r: 0.000000115 0.000000134 0.999999751
QJ:/crc/c: 0.493167954 0.506832046 0.000000000
QJ:/crc/crr: 0.000000000 0.001462656 0.998537344
QJ:/crc/r: 0.000000057 0.000000009 0.999999935
QJ:/crrc/c: 0.000000084 0.999999916 0.000000000
QJ:/crrc/crr: 0.000000000 0.202021205 0.797978795
QJ:/crrc/r: 0.015543544 0.000000000 0.984456456
QJ:/rc/c: 0.000000484 0.999999516 0.000000000
QJ:/rc/crr: 0.000000000 0.002471649 0.997528351
QJ:/rc/r: 0.015733322 0.000000011 0.984266667
QJ:/rrc/c: 0.000000295 0.999999705 0.000000000
QJ:/rrc/crr: 0.000000000 0.088622496 0.911377504
QJ:/rrc/r: 0.000000052 0.000000017 0.999999931
QK:/cc/c: 0.135167010 0.864832990 0.000000000
QK:/cc/crr: 0.000000000 0.999999959 0.000000041
QK:/cc/r: 0.000000151 0.721088769 0.278911079
QK:/crc/c: 0.233360692 0.766639308 0.000000000
QK:/crc/crr: 0.000000000 0.000014976 0.999985024
QK:/crc/r: 0.000000222 0.439945729 0.560054049
QK:/crrc/c: 0.147839949 0.852160051 0.000000000
QK:/crrc/crr: 0.000000000 0.000004396 0.999995604
QK:/crrc/r: 0.000000354 0.274615901 0.725383745
QK:/rc/c: 0.335573562 0.664426438 0.000000000
QK:/rc/crr: 0.000000000 0.000008941 0.999991059
QK:/rc/r: 0.000000018 0.295468576 0.704531405
QK:/rrc/c: 0.388471875 0.611528125 0.000000000
QK:/rrc/crr: 0.000000000 0.064262913 0.935737087
QK:/rrc/r: 0.000000048 0.505757883 0.494242069
QQ:/cc/c: 0.999999984 0.000000016 0.000000000
QQ:/cc/crr: 0.000000000 0.999999993 0.000000007
QQ:/cc/r: 0.999999696 0.000000152 0.000000153
QQ:/crc/c: 0.999999966 0.000000034 0.000000000
QQ:/crc/crr: 0.000000000 0.999999990 0.000000010
QQ:/crc/r: 0.999999959 0.000000026 0.000000016
QQ:/crrc/c: 0.999999993 0.000000007 0.000000000
QQ:/crrc/crr: 0.000000000 0.999999997 0.000000003
QQ:/crrc/r: 0.999999957 0.000000039 0.000000005
QQ:/rc/c: 0.999999987 0.000000013 0.000000000
QQ:/rc/crr: 0.000000000 0.999999997 0.000000003
QQ:/rc/r: 0.999999976 0.000000012 0.000000012
QQ:/rrc/c: 0.999999930 0.000000070 0.000000000
QQ:/rrc/crr: 0.000000000 0.999999969 0.000000031
QQ:/rrc/r: 0.999999771 0.000000183 0.000000046
