J:/c: 0.220681521 0.779318479 0.000000000
J:/crr: 0.000000000 0.999999998 0.000000002
J:/r: 0.047663730 0.163748384 0.788587886
JJ:/cc/c: 0.999999993 0.000000007 0.000000000
JJ:/cc/crr: 0.000000000 0.999999998 0.000000002
JJ:/cc/r: 0.999999981 0.000000015 0.000000004
JJ:/crc/c: 0.999999981 0.000000019 0.000000000
JJ:/crc/crr: 0.000000000 0.999999996 0.000000004
JJ:/crc/r: 0.538461532 0.461538461 0.000000007
JJ:/crrc/c: 0.999999991 0.000000009 0.000000000
JJ:/crrc/crr: 0.000000000 0.999999998 0.000000002
JJ:/crrc/r: 0.999999900 0.000000096 0.000000004
JJ:/rc/c: 0.999999970 0.000000030 0.000000000
JJ:/rc/crr: 0.000000000 0.999999993 0.000000007
JJ:/rc/r: 0.999999966 0.000000019 0.000000014
JJ:/rrc/c: 0.999999931 0.000000069 0.000000000
JJ:/rrc/crr: 0.000000000 0.999999983 0.000000017
JJ:/rrc/r: 0.999999430 0.000000537 0.000000033
JK:/cc/c: 0.005031278 0.994968722 0.000000000
JK:/cc/crr: 0.000000000 0.000000481 0.999999519
JK:/cc/r: 0.000000591 0.000000005 0.999999403
JK:/crc/c: 0.457420098 0.542579902 0.000000000
JK:/crc/crr: 0.000000000 0.000000107 0.999999893
JK:/crc/r: 0.012621206 0.000000148 0.987378647
JK:/crrc/c: 0.298608403 0.701391597 0.000000000
JK:/crrc/crr: 0.000000000 0.000000353 0.999999647
JK:/crrc/r: 0.196195051 0.000000094 0.803804855
JK:/rc/c: 0.296112718 0.703887282 0.000000000
JK:/rc/crr: 0.000000000 0.000000026 0.999999974
JK:/rc/r: 0.345716455 0.000000014 0.654283531
JK:/rrc/c: 0.999998475 0.000001525 0.000000000
JK:/rrc/crr: 0.000000000 0.000000145 0.999999855
JK:/rrc/r: 0.282113021 0.000000200 0.717886780
JQ:/cc/c: 0.048652193 0.951347807 0.000000000
JQ:/cc/crr: 0.000000000 0.000000000 1.000000000
JQ:/cc/r: 0.032449520 0.000000000 0.967550480
JQ:/crc/c: 0.300447675 0.699552325 0.000000000
JQ:/crc/crr: 0.000000000 0.000004368 0.999995632
JQ:/crc/r: 0.118808267 0.000000038 0.881191695
JQ:/crrc/c: 0.024285136 0.975714864 0.000000000
JQ:/crrc/crr: 0.000000000 0.000000946 0.999999054
JQ:/crrc/r: 0.140467262 0.000000018 0.859532720
JQ:/rc/c: 0.999967417 0.000032583 0.000000000
JQ:/rc/crr: 0.000000000 0.000000000 1.000000000
JQ:/rc/r: 0.000000029 0.000000043 0.999999928
JQ:/rrc/c: 0.000006826 0.999993174 0.000000000
JQ:/rrc/crr: 0.000000000 0.023252799 0.976747201
JQ:/rrc/r: 0.406630148 0.000000194 0.593369658
K:/c: 0.999996966 0.000003034 0.000000000
K:/crr: 0.000000000 0.999999999 0.000000001
K:/r: 0.481577249 0.518422750 0.000000001
KJ:/cc/c: 0.008461577 0.991538423 0.000000000
KJ:/cc/crr: 0.000000000 0.973630781 0.026369219
KJ:/cc/r: 0.008856957 0.007962963 0.983180081
KJ:/crc/c: 0.095667093 0.904332907 0.000000000
KJ:/crc/crr: 0.000000000 0.999999991 0.000000009
KJ:/crc/r: 0.000000112 0.790360113 0.209639776
KJ:/crrc/c: 0.239678421 0.760321579 0.000000000
KJ:/crrc/crr: 0.000000000 0.710632816 0.289367184
KJ:/crrc/r: 0.035649952 0.823563541 0.140786507
KJ:/rc/c: 0.310890385 0.689109615 0.000000000
KJ:/rc/crr: 0.000000000 0.774987054 0.225012946
KJ:/rc/r: 0.018151135 0.784683688 0.197165177
KJ:/rrc/c: 0.380831351 0.619168649 0.000000000
KJ:/rrc/crr: 0.000000000 0.999976914 0.000023086
KJ:/rrc/r: 0.029047785 0.913653466 0.057298749
KK:/cc/c: 0.991661981 0.008338019 0.000000000
KK:/cc/crr: 0.000000000 0.997928508 0.002071492
KK:/cc/r: 0.997012160 0.002500705 0.000487134
KK:/crc/c: 0.999999756 0.000000244 0.000000000
KK:/crc/crr: 0.000000000 0.999999962 0.000000038
KK:/crc/r: 0.666666638 0.333333340 0.000000023
KK:/crrc/c: 0.999999991 0.000000009 0.000000000
KK:/crrc/crr: 0.000000000 0.999999998 0.000000002
KK:/crrc/r: 0.999991527 0.000008469 0.000000004
KK:/rc/c: 0.999999964 0.000000036 0.000000000
KK:/rc/crr: 0.000000000 0.999999991 0.000000009
KK:/rc/r: 0.999999958 0.000000024 0.000000018
KK:/rrc/c: 0.999999888 0.000000112 0.000000000
KK:/rrc/crr: 0.000000000 0.999999982 0.000000018
KK:/rrc/r: 0.944439744 0.055560231 0.000000025
KQ:/cc/c: 0.003143680 0.996856320 0.000000000
KQ:/cc/crr: 0.000000000 0.806387908 0.193612092
KQ:/cc/r: 0.016251339 0.980004322 0.003744339
KQ:/crc/c: 0.262521732 0.737478268 0.000000000
KQ:/crc/crr: 0.000000000 0.069452262 0.930547738
KQ:/crc/r: 0.000000016 0.497660841 0.502339144
KQ:/crrc/c: 0.521126656 0.478873344 0.000000000
KQ:/crrc/crr: 0.000000000 0.466954464 0.533045536
KQ:/crrc/r: 0.000004415 0.810122397 0.189873188
KQ:/rc/c: 0.000019356 0.999980644 0.000000000
KQ:/rc/crr: 0.000000000 0.011465359 0.988534641
KQ:/rc/r: 0.000000153 0.367920853 0.632078994
KQ:/rrc/c: 0.414732765 0.585267235 0.000000000
KQ:/rrc/crr: 0.000000000 0.530498470 0.469501530
KQ:/rrc/r: 0.064835042 0.612950655 0.322214303
Q:/c: 0.790663866 0.209336134 0.000000000
Q:/crr: 0.000000000 0.999999976 0.000000024
Q:/r: 0.282771705 0.717228141 0.000000154
QJ:/cc/c: 0.000000335 0.999999665 0.000000000
QJ:/cc/crr: 0.000000000 0.122256719 0.877743281
QJ:/cc/r: 0.000000125 0.000000187 0.999999689
QJ:/crc/c: 0.431170856 0.568829144 0.000000000
QJ:/crc/crr: 0.000000000 0.002035116 0.997964884
QJ:/crc/r: 0.000000061 0.000000012 0.999999926
QJ:/crrc/c: 0.000000065 0.999999935 0.000000000
QJ:/crrc/crr: 0.000000000 0.260603013 0.739396987
QJ:/crrc/r: 0.016834990 0.000000000 0.983165010
QJ:/rc/c: 0.000000377 0.999999623 0.000000000
QJ:/rc/crr: 0.000000000 0.003437654 0.996562346
QJ:/rc/r: 0.017040263 0.000000015 0.982959722
QJ:/rrc/c: 0.000000230 0.999999770 0.000000000
QJ:/rrc/crr: 0.000000000 0.119234544 0.880765456
QJ:/rrc/r: 0.000000057 0.000000023 0.999999920
QK:/cc/c: 0.108537166 0.891462834 0.000000000
QK:/cc/crr: 0.000000000 0.999999970 0.000000030
QK:/cc/r: 0.000000128 0.782575927 0.217423945
QK:/crc/c: 0.191672837 0.808327163 0.000000000
QK:/crc/crr: 0.000000000 0.000020850 0.999979150
QK:/crc/r: 0.000000206 0.522357646 0.477642148
QK:/crrc/c: 0.119057068 0.880942932 0.000000000
QK:/crrc/crr: 0.000000000 0.000006120 0.999993880
QK:/crrc/r: 0.000000347 0.345143616 0.654856037
QK:/rc/c: 0.282351170 0.717648830 0.000000000
QK:/rc/crr: 0.000000000 0.000012447 0.999987553
QK:/rc/r: 0.000000018 0.368630184 0.631369798
QK:/rrc/c: 0.331039796 0.668960204 0.000000000
QK:/rrc/crr: 0.000000000 0.087266343 0.912733657
QK:/rrc/r: 0.000000044 0.587564247 0.412435710
QQ:/cc/c: 0.999999979 0.000000021 0.000000000
QQ:/cc/crr: 0.000000000 0.999999995 0.000000005
QQ:/cc/r: 0.999999664 0.000000195 0.000000141
QQ:/crc/c: 0.999999957 0.000000043 0.000000000
QQ:/crc/crr: 0.000000000 0.999999993 0.000000007
QQ:/crc/r: 0.999999953 0.000000033 0.000000014
QQ:/crrc/c: 0.999999991 0.000000009 0.000000000
QQ:/crrc/crr: 0.000000000 0.999999998 0.000000002
QQ:/crrc/r: 0.999999946 0.000000049 0.000000004
QQ:/rc/c: 0.999999984 0.000000016 0.000000000
QQ:/rc/crr: 0.000000000 0.999999998 0.000000002
QQ:/rc/r: 0.999999974 0.000000015 0.000000011
QQ:/rrc/c: 0.999999910 0.000000090 0.000000000
QQ:/rrc/crr: 0.000000000 0.999999978 0.000000022
QQ:/rrc/r: 0.999999722 0.000000235 0.000000042
