J:/c: 0.283288494 0.716711506 0.000000000
J:/crr: 0.000000000 0.999999995 0.000000005
J:/r: 0.034905371 0.085910785 0.879183845
JJ:/cc/c: 0.999999995 0.000000005 0.000000000
JJ:/cc/crr: 0.000000000 0.999999995 0.000000005
JJ:/cc/r: 0.999999983 0.000000011 0.000000007
JJ:/crc/c: 0.999999986 0.000000014 0.000000000
JJ:/crc/crr: 0.000000000 0.999999991 0.000000009
JJ:/crc/r: 0.619550848 0.380449139 0.000000013
JJ:/crrc/c: 0.999999994 0.000000006 0.000000000
JJ:/crrc/crr: 0.000000000 0.999999995 0.000000005
JJ:/crrc/r: 0.999999924 0.000000069 0.000000007
JJ:/rc/c: 0.999999979 0.000000021 0.000000000
JJ:/rc/crr: 0.000000000 0.999999984 0.000000016
JJ:/rc/r: 0.999999964 0.000000014 0.000000022
JJ:/rrc/c: 0.999999951 0.000000049 0.000000000
JJ:/rrc/crr: 0.000000000 0.999999964 0.000000036
JJ:/rrc/r: 0.999999565 0.000000385 0.000000051
JK:/cc/c: 0.007008867 0.992991133 0.000000000
JK:/cc/crr: 0.000000000 0.000000226 0.999999774
JK:/cc/r: 0.000000388 0.000000003 0.999999609
JK:/crc/c: 0.540600031 0.459399969 0.000000000
JK:/crc/crr: 0.000000000 0.000000050 0.999999950
JK:/crc/r: 0.008326461 0.000000070 0.991673469
JK:/crrc/c: 0.372748950 0.627251050 0.000000000
JK:/crrc/crr: 0.000000000 0.000000166 0.999999834
JK:/crrc/r: 0.138175451 0.000000047 0.861824502
JK:/rc/c: 0.369960461 0.630039539 0.000000000
JK:/rc/crr: 0.000000000 0.000000012 0.999999988
JK:/rc/r: 0.257653195 0.000000007 0.742346797
JK:/rrc/c: 0.999998907 0.000001093 0.000000000
JK:/rrc/crr: 0.000000000 0.000000068 0.999999932
JK:/rrc/r: 0.205170804 0.000000104 0.794829092
JQ:/cc/c: 0.066627235 0.933372765 0.000000000
JQ:/cc/crr: 0.000000000 0.000000000 1.000000000
JQ:/cc/r: 0.021554887 0.000000000 0.978445113
JQ:/crc/c: 0.374800861 0.625199139 0.000000000
JQ:/crc/crr: 0.000000000 0.000002056 0.999997944
JQ:/crc/r: 0.081357470 0.000000019 0.918642511
JQ:/crrc/c: 0.033575247 0.966424753 0.000000000
JQ:/crrc/crr: 0.000000000 0.000000445 0.999999555
JQ:/crrc/r: 0.096940185 0.000000009 0.903059806
JQ:/rc/c: 0.999976657 0.000023343 0.000000000
JQ:/rc/crr: 0.000000000 0.000000000 1.000000000
JQ:/rc/r: 0.000000019 0.000000020 0.999999961
JQ:/rrc/c: 0.000009528 0.999990472 0.000000000
JQ:/rrc/crr: 0.000000000 0.011078878 0.988921122
JQ:/rrc/r: 0.310411999 0.000000106 0.689587895
K:/c: 0.999997826 0.000002174 0.000000000
K:/crr: 0.000000000 0.999999998 0.000000002
K:/r: 0.564579071 0.435420928 0.000000002
KJ:/cc/c: 0.011771524 0.988228476 0.000000000
KJ:/cc/crr: 0.000000000 0.945579805 0.054420195
KJ:/cc/r: 0.005860321 0.003774661 0.990365018
KJ:/crc/c: 0.128663075 0.871336925 0.000000000
KJ:/crc/crr: 0.000000000 0.999999981 0.000000019
KJ:/crc/r: 0.000000126 0.639530237 0.360469637
KJ:/crrc/c: 0.305561666 0.694438334 0.000000000
KJ:/crrc/crr: 0.000000000 0.536108940 0.463891060
KJ:/crrc/r: 0.042440555 0.702401849 0.255157596
KJ:/rc/c: 0.386400426 0.613599574 0.000000000
KJ:/rc/crr: 0.000000000 0.618436347 0.381563653
KJ:/rc/r: 0.020615174 0.638475563 0.340909263
KJ:/rrc/c: 0.461941395 0.538058605 0.000000000
KJ:/rrc/crr: 0.000000000 0.999950943 0.000049057
KJ:/rrc/r: 0.037683461 0.849152541 0.113163998
KK:/cc/c: 0.994012336 0.005987664 0.000000000
KK:/cc/crr: 0.000000000 0.995608313 0.004391687
KK:/cc/r: 0.997465690 0.001792365 0.000741945
KK:/crc/c: 0.999999825 0.000000175 0.000000000
KK:/crc/crr: 0.000000000 0.999999920 0.000000080
KK:/crc/r: 0.736263696 0.263736266 0.000000038
KK:/crrc/c: 0.999999994 0.000000006 0.000000000
KK:/crrc/crr: 0.000000000 0.999999995 0.000000005
KK:/crrc/r: 0.999993926 0.000006067 0.000000007
KK:/rc/c: 0.999999974 0.000000026 0.000000000
KK:/rc/crr: 0.000000000 0.999999981 0.000000019
KK:/rc/r: 0.999999956 0.000000017 0.000000027
KK:/rrc/c: 0.999999919 0.000000081 0.000000000
KK:/rrc/crr: 0.000000000 0.999999962 0.000000038
KK:/rrc/r: 0.959558425 0.040441536 0.000000039
KQ:/cc/c: 0.004382600 0.995617400 0.000000000
KQ:/cc/crr: 0.000000000 0.662160371 0.337839629
KQ:/cc/r: 0.022445227 0.969681861 0.007872912
KQ:/crc/c: 0.331942798 0.668057202 0.000000000
KQ:/crc/crr: 0.000000000 0.033931022 0.966068978
KQ:/crc/r: 0.000000014 0.317967421 0.682032565
KQ:/crrc/c: 0.603016197 0.396983803 0.000000000
KQ:/crrc/crr: 0.000000000 0.291905609 0.708094391
KQ:/crrc/r: 0.000005078 0.667531587 0.332463336
KQ:/rc/c: 0.000027017 0.999972983 0.000000000
KQ:/rc/crr: 0.000000000 0.005428413 0.994571587
KQ:/rc/r: 0.000000125 0.215021468 0.784978407
KQ:/rrc/c: 0.497264384 0.502735616 0.000000000
KQ:/rrc/crr: 0.000000000 0.347141874 0.652858126
KQ:/rrc/r: 0.065193667 0.441557803 0.493248530
Q:/c: 0.840563031 0.159436969 0.000000000
Q:/crr: 0.000000000 0.999999950 0.000000050
Q:/r: 0.354970137 0.645029568 0.000000295
QJ:/cc/c: 0.000000468 0.999999532 0.000000000
QJ:/cc/crr: 0.000000000 0.061514016 0.938485984
QJ:/cc/r: 0.000000082 0.000000088 0.999999830
QJ:/crc/c: 0.514100242 0.485899758 0.000000000
QJ:/crc/crr: 0.000000000 0.000958735 0.999041265
QJ:/crc/r: 0.000000040 0.000000006 0.999999954
QJ:/crrc/c: 0.000000091 0.999999909 0.000000000
QJ:/crrc/crr: 0.000000000 0.142264406 0.857735594
QJ:/crrc/r: 0.011122530 0.000000000 0.988877470
QJ:/rc/c: 0.000000526 0.999999474 0.000000000
QJ:/rc/crr: 0.000000000 0.001620669 0.998379331
QJ:/rc/r: 0.011258947 0.000000007 0.988741046
QJ:/rrc/c: 0.000000321 0.999999679 0.000000000
QJ:/rrc/crr: 0.000000000 0.059890939 0.940109061
QJ:/rrc/r: 0.000000037 0.000000011 0.999999952
QK:/cc/c: 0.145259083 0.854740917 0.000000000
QK:/cc/crr: 0.000000000 0.999999937 0.000000063
QK:/cc/r: 0.000000143 0.628776054 0.371223803
QK:/crc/c: 0.248676152 0.751323848 0.000000000
QK:/crc/crr: 0.000000000 0.000009812 0.999990188
QK:/crc/r: 0.000000187 0.339778512 0.660221301
QK:/crrc/c: 0.158704592 0.841295408 0.000000000
QK:/crrc/crr: 0.000000000 0.000002880 0.999997120
QK:/crrc/r: 0.000000279 0.198733804 0.801265918
QK:/rc/c: 0.354495354 0.645504646 0.000000000
QK:/rc/crr: 0.000000000 0.000005858 0.999994142
QK:/rc/r: 0.000000015 0.215536524 0.784463461
QK:/rrc/c: 0.408542383 0.591457617 0.000000000
QK:/rrc/crr: 0.000000000 0.043055679 0.956944321
QK:/rrc/r: 0.000000042 0.401344388 0.598655571
QQ:/cc/c: 0.999999985 0.000000015 0.000000000
QQ:/cc/crr: 0.000000000 0.999999989 0.000000011
QQ:/cc/r: 0.999999646 0.000000140 0.000000214
QQ:/crc/c: 0.999999969 0.000000031 0.000000000
QQ:/crc/crr: 0.000000000 0.999999984 0.000000016
QQ:/crc/r: 0.999999954 0.000000024 0.000000022
QQ:/crrc/c: 0.999999994 0.000000006 0.000000000
QQ:/crrc/crr: 0.000000000 0.999999995 0.000000005
QQ:/crrc/r: 0.999999958 0.000000035 0.000000007
QQ:/rc/c: 0.999999988 0.000000012 0.000000000
QQ:/rc/crr: 0.000000000 0.999999995 0.000000005
QQ:/rc/r: 0.999999972 0.000000011 0.000000017
QQ:/rrc/c: 0.999999936 0.000000064 0.000000000
QQ:/rrc/crr: 0.000000000 0.999999953 0.000000047
QQ:/rrc/r: 0.999999767 0.000000169 0.000000064
