J:/c: 0.327725102 0.672274898 0.000000000
J:/crr: 0.000000000 0.999999997 0.000000003
J:/r: 0.060396518 0.120528315 0.819075166
JJ:/cc/c: 0.999999996 0.000000004 0.000000000
JJ:/cc/crr: 0.000000000 0.999999997 0.000000003
JJ:/cc/r: 0.999999988 0.000000009 0.000000004
JJ:/crc/c: 0.999999989 0.000000011 0.000000000
JJ:/crc/crr: 0.000000000 0.999999994 0.000000006
JJ:/crc/r: 0.667601676 0.332398317 0.000000008
JJ:/crrc/c: 0.999999995 0.000000005 0.000000000
JJ:/crrc/crr: 0.000000000 0.999999997 0.000000003
JJ:/crrc/r: 0.999999941 0.000000056 0.000000004
JJ:/rc/c: 0.999999983 0.000000017 0.000000000
JJ:/rc/crr: 0.000000000 0.999999990 0.000000010
JJ:/rc/r: 0.999999977 0.000000011 0.000000012
JJ:/rrc/c: 0.999999960 0.000000040 0.000000000
JJ:/rrc/crr: 0.000000000 0.999999976 0.000000024
JJ:/rrc/r: 0.999999661 0.000000312 0.000000027
JK:/cc/c: 0.008630112 0.991369888 0.000000000
JK:/cc/crr: 0.000000000 0.000000341 0.999999659
JK:/cc/r: 0.000000721 0.000000004 0.999999275
JK:/crc/c: 0.592056623 0.407943377 0.000000000
JK:/crc/crr: 0.000000000 0.000000076 0.999999924
JK:/crc/r: 0.015354901 0.000000104 0.984644995
JK:/crrc/c: 0.422937467 0.577062533 0.000000000
JK:/crrc/crr: 0.000000000 0.000000250 0.999999750
JK:/crrc/r: 0.229450151 0.000000064 0.770549785
JK:/rc/c: 0.420024940 0.579975060 0.000000000
JK:/rc/crr: 0.000000000 0.000000018 0.999999982
JK:/rc/r: 0.391957081 0.000000009 0.608042910
JK:/rrc/c: 0.999999114 0.000000886 0.000000000
JK:/rrc/crr: 0.000000000 0.000000103 0.999999897
JK:/rrc/r: 0.324060016 0.000000133 0.675939851
JQ:/cc/c: 0.080915267 0.919084733 0.000000000
JQ:/cc/crr: 0.000000000 0.000000000 1.000000000
JQ:/cc/r: 0.039306965 0.000000000 0.960693035
JQ:/crc/c: 0.425078427 0.574921573 0.000000000
JQ:/crc/crr: 0.000000000 0.000003095 0.999996905
JQ:/crc/r: 0.141251332 0.000000027 0.858748642
JQ:/crrc/c: 0.041087381 0.958912619 0.000000000
JQ:/crrc/crr: 0.000000000 0.000000671 0.999999329
JQ:/crrc/r: 0.166229929 0.000000012 0.833770059
JQ:/rc/c: 0.999981073 0.000018927 0.000000000
JQ:/rc/crr: 0.000000000 0.000000000 1.000000000
JQ:/rc/r: 0.000000035 0.000000031 0.999999934
JQ:/rrc/c: 0.000011751 0.999988249 0.000000000
JQ:/rrc/crr: 0.000000000 0.016590740 0.983409260
JQ:/rrc/r: 0.455348018 0.000000126 0.544651856
K:/c: 0.999998237 0.000001763 0.000000000
K:/crr: 0.000000000 0.999999999 0.000000001
K:/r: 0.615261301 0.384738698 0.000000001
KJ:/cc/c: 0.014478372 0.985521628 0.000000000
KJ:/cc/crr: 0.000000000 0.963189126 0.036810874
KJ:/cc/r: 0.010809265 0.005645137 0.983545597
KJ:/crc/c: 0.154058718 0.845941282 0.000000000
KJ:/crc/crr: 0.000000000 0.999999987 0.000000013
KJ:/crc/r: 0.000000177 0.727647398 0.272352425
KJ:/crrc/c: 0.351777226 0.648222774 0.000000000
KJ:/crrc/crr: 0.000000000 0.635081930 0.364918070
KJ:/crrc/r: 0.056637138 0.760024581 0.183338281
KJ:/rc/c: 0.437146027 0.562853973 0.000000000
KJ:/rc/crr: 0.000000000 0.709366663 0.290633337
KJ:/rc/r: 0.028558630 0.717160562 0.254280807
KJ:/rrc/c: 0.514292598 0.485707402 0.000000000
KJ:/rrc/crr: 0.000000000 0.999967423 0.000032577
KJ:/rrc/r: 0.047875162 0.874715714 0.077409125
KK:/cc/c: 0.995139607 0.004860393 0.000000000
KK:/cc/crr: 0.000000000 0.997079379 0.002920621
KK:/cc/r: 0.998145979 0.001454268 0.000399753
KK:/crc/c: 0.999999858 0.000000142 0.000000000
KK:/crc/crr: 0.000000000 0.999999947 0.000000053
KK:/crc/r: 0.774928747 0.225071231 0.000000022
KK:/crrc/c: 0.999999995 0.000000005 0.000000000
KK:/crrc/crr: 0.000000000 0.999999997 0.000000003
KK:/crrc/r: 0.999995077 0.000004919 0.000000004
KK:/rc/c: 0.999999979 0.000000021 0.000000000
KK:/rc/crr: 0.000000000 0.999999987 0.000000013
KK:/rc/r: 0.999999972 0.000000014 0.000000015
KK:/rrc/c: 0.999999935 0.000000065 0.000000000
KK:/rrc/crr: 0.000000000 0.999999975 0.000000025
KK:/rrc/r: 0.966956563 0.033043416 0.000000021
KQ:/cc/c: 0.005399658 0.994600342 0.000000000
KQ:/cc/crr: 0.000000000 0.746934655 0.253065345
KQ:/cc/r: 0.027610732 0.967174754 0.005214513
KQ:/crc/c: 0.379965251 0.620034749 0.000000000
KQ:/crc/crr: 0.000000000 0.050234549 0.949765451
KQ:/crc/r: 0.000000022 0.412476985 0.587522993
KQ:/crrc/c: 0.651982284 0.348017716 0.000000000
KQ:/crrc/crr: 0.000000000 0.383019053 0.616980947
KQ:/crrc/r: 0.000007050 0.751461509 0.248531441
KQ:/rc/c: 0.000033320 0.999966680 0.000000000
KQ:/rc/crr: 0.000000000 0.008152281 0.991847719
KQ:/rc/r: 0.000000210 0.292034146 0.707965644
KQ:/rrc/c: 0.549530239 0.450469761 0.000000000
KQ:/rrc/crr: 0.000000000 0.444669337 0.555330663
KQ:/rrc/r: 0.094649256 0.519781842 0.385568903
Q:/c: 0.866705550 0.133294450 0.000000000
Q:/crr: 0.000000000 0.999999967 0.000000033
Q:/r: 0.404307860 0.595691959 0.000000181
QJ:/cc/c: 0.000000577 0.999999423 0.000000000
QJ:/cc/crr: 0.000000000 0.089838424 0.910161576
QJ:/cc/r: 0.000000152 0.000000132 0.999999716
QJ:/crc/c: 0.566142912 0.433857088 0.000000000
QJ:/crc/crr: 0.000000000 0.001443063 0.998556937
QJ:/crc/r: 0.000000075 0.000000009 0.999999916
QJ:/crrc/c: 0.000000112 0.999999888 0.000000000
QJ:/crrc/crr: 0.000000000 0.199852731 0.800147269
QJ:/crrc/r: 0.020462456 0.000000000 0.979537544
QJ:/rc/c: 0.000000648 0.999999352 0.000000000
QJ:/rc/crr: 0.000000000 0.002438573 0.997561427
QJ:/rc/r: 0.020711028 0.000000011 0.979288961
QJ:/rrc/c: 0.000000396 0.999999604 0.000000000
QJ:/rrc/crr: 0.000000000 0.087537704 0.912462296
QJ:/rrc/r: 0.000000069 0.000000016 0.999999914
QK:/cc/c: 0.173279030 0.826720970 0.000000000
QK:/cc/crr: 0.000000000 0.999999958 0.000000042
QK:/cc/r: 0.000000202 0.718364380 0.281635418
QK:/crc/c: 0.289879387 0.710120613 0.000000000
QK:/crc/crr: 0.000000000 0.000014776 0.999985224
QK:/crc/r: 0.000000296 0.436620731 0.563378973
QK:/crrc/c: 0.188745408 0.811254592 0.000000000
QK:/crrc/crr: 0.000000000 0.000004337 0.999995663
QK:/crrc/r: 0.000000470 0.271933715 0.728065815
QK:/rc/c: 0.403808361 0.596191639 0.000000000
QK:/rc/crr: 0.000000000 0.000008821 0.999991179
QK:/rc/r: 0.000000025 0.292664924 0.707335051
QK:/rrc/c: 0.460015825 0.539984175 0.000000000
QK:/rrc/crr: 0.000000000 0.063455536 0.936544464
QK:/rrc/r: 0.000000064 0.502381690 0.497618246
QQ:/cc/c: 0.999999988 0.000000012 0.000000000
QQ:/cc/crr: 0.000000000 0.999999993 0.000000007
QQ:/cc/r: 0.999999771 0.000000113 0.000000115
QQ:/crc/c: 0.999999975 0.000000025 0.000000000
QQ:/crc/crr: 0.000000000 0.999999990 0.000000010
QQ:/crc/r: 0.999999969 0.000000019 0.000000012
QQ:/crrc/c: 0.999999995 0.000000005 0.000000000
QQ:/crrc/crr: 0.000000000 0.999999997 0.000000003
QQ:/crrc/r: 0.999999968 0.000000029 0.000000004
QQ:/rc/c: 0.999999990 0.000000010 0.000000000
QQ:/rc/crr: 0.000000000 0.999999997 0.000000003
QQ:/rc/r: 0.999999982 0.000000009 0.000000009
QQ:/rrc/c: 0.999999948 0.000000052 0.000000000
QQ:/rrc/crr: 0.000000000 0.999999969 0.000000031
QQ:/rrc/r: 0.999999829 0.000000137 0.000000035
