J:/c: 0.218931598 0.781068402 0.000000000
J:/crr: 0.000000000 0.999999998 0.000000002
J:/r: 0.046322692 0.160773478 0.792903830
JJ:/cc/c: 0.999999992 0.000000008 0.000000000
JJ:/cc/crr: 0.000000000 0.999999998 0.000000002
JJ:/cc/r: 0.999999980 0.000000015 0.000000005
JJ:/crc/c: 0.999999980 0.000000020 0.000000000
JJ:/crc/crr: 0.000000000 0.999999995 0.000000005
JJ:/crc/r: 0.535924611 0.464075382 0.000000008
JJ:/crrc/c: 0.999999991 0.000000009 0.000000000
JJ:/crrc/crr: 0.000000000 0.999999998 0.000000002
JJ:/crrc/r: 0.999999898 0.000000097 0.000000005
JJ:/rc/c: 0.999999970 0.000000030 0.000000000
JJ:/rc/crr: 0.000000000 0.999999992 0.000000008
JJ:/rc/r: 0.999999965 0.000000020 0.000000015
JJ:/rrc/c: 0.999999930 0.000000070 0.000000000
JJ:/rrc/crr: 0.000000000 0.999999983 0.000000017
JJ:/rrc/r: 0.999999423 0.000000543 0.000000034
JK:/cc/c: 0.004980453 0.995019547 0.000000000
JK:/cc/crr: 0.000000000 0.000000469 0.999999531
JK:/cc/r: 0.000000571 0.000000005 0.999999423
JK:/crc/c: 0.454888678 0.545111322 0.000000000
JK:/crc/crr: 0.000000000 0.000000104 0.999999896
JK:/crc/r: 0.012204485 0.000000144 0.987795371
JK:/crrc/c: 0.296475628 0.703524372 0.000000000
JK:/crrc/crr: 0.000000000 0.000000345 0.999999655
JK:/crrc/r: 0.190888976 0.000000092 0.809110932
JK:/rc/c: 0.293990297 0.706009703 0.000000000
JK:/rc/crr: 0.000000000 0.000000025 0.999999975
JK:/rc/r: 0.338067342 0.000000014 0.661932645
JK:/rrc/c: 0.999998459 0.000001541 0.000000000
JK:/rrc/crr: 0.000000000 0.000000141 0.999999859
JK:/rrc/r: 0.275279081 0.000000197 0.724720722
JQ:/cc/c: 0.048182061 0.951817939 0.000000000
JQ:/cc/crr: 0.000000000 0.000000000 1.000000000
JQ:/cc/r: 0.031398937 0.000000000 0.968601063
JQ:/crc/c: 0.298307351 0.701692649 0.000000000
JQ:/crc/crr: 0.000000000 0.000004265 0.999995735
JQ:/crc/r: 0.115294909 0.000000038 0.884705054
JQ:/crrc/c: 0.024044514 0.975955486 0.000000000
JQ:/crrc/crr: 0.000000000 0.000000924 0.999999076
JQ:/crrc/r: 0.136412562 0.000000018 0.863587421
JQ:/rc/c: 0.999967083 0.000032917 0.000000000
JQ:/rc/crr: 0.000000000 0.000000000 1.000000000
JQ:/rc/r: 0.000000028 0.000000042 0.999999930
JQ:/rrc/c: 0.000006757 0.999993243 0.000000000
JQ:/rrc/crr: 0.000000000 0.022718503 0.977281497
JQ:/rrc/r: 0.398454060 0.000000192 0.601545748
K:/c: 0.999996934 0.000003066 0.000000000
K:/crr: 0.000000000 0.999999999 0.000000001
K:/r: 0.479030171 0.520969828 0.000000001
KJ:/cc/c: 0.008376392 0.991623608 0.000000000
KJ:/cc/crr: 0.000000000 0.973012998 0.026987002
KJ:/cc/r: 0.008565048 0.007779498 0.983655454
KJ:/crc/c: 0.094787915 0.905212085 0.000000000
KJ:/crc/crr: 0.000000000 0.999999991 0.000000009
KJ:/crc/r: 0.000000110 0.786390647 0.213609243
KJ:/crrc/c: 0.237823830 0.762176170 0.000000000
KJ:/crrc/crr: 0.000000000 0.705715827 0.294284173
KJ:/crrc/r: 0.035181497 0.821077379 0.143741125
KJ:/rc/c: 0.308708498 0.691291502 0.000000000
KJ:/rc/crr: 0.000000000 0.770810910 0.229189090
KJ:/rc/r: 0.017885248 0.781119390 0.200995362
KJ:/rrc/c: 0.378428162 0.621571838 0.000000000
KJ:/rrc/crr: 0.000000000 0.999976358 0.000023642
KJ:/rrc/r: 0.028721728 0.912663467 0.058614806
KK:/cc/c: 0.991577183 0.008422817 0.000000000
KK:/cc/crr: 0.000000000 0.997878736 0.002121264
KK:/cc/r: 0.996969795 0.002526246 0.000503959
KK:/crc/c: 0.999999753 0.000000247 0.000000000
KK:/crc/crr: 0.000000000 0.999999961 0.000000039
KK:/crc/r: 0.664395200 0.335604776 0.000000023
KK:/crrc/c: 0.999999991 0.000000009 0.000000000
KK:/crrc/crr: 0.000000000 0.999999998 0.000000002
KK:/crrc/r: 0.999991440 0.000008556 0.000000005
KK:/rc/c: 0.999999964 0.000000036 0.000000000
KK:/rc/crr: 0.000000000 0.999999991 0.000000009
KK:/rc/r: 0.999999957 0.000000024 0.000000018
KK:/rrc/c: 0.999999886 0.000000114 0.000000000
KK:/rrc/crr: 0.000000000 0.999999982 0.000000018
KK:/rrc/r: 0.943901862 0.056098112 0.000000026
KQ:/cc/c: 0.003111864 0.996888136 0.000000000
KQ:/cc/crr: 0.000000000 0.802646141 0.197353859
KQ:/cc/r: 0.016087555 0.980077663 0.003834783
KQ:/crc/c: 0.260550956 0.739449044 0.000000000
KQ:/crc/crr: 0.000000000 0.067930236 0.932069764
KQ:/crc/r: 0.000000015 0.491713413 0.508286572
KQ:/crrc/c: 0.518579641 0.481420359 0.000000000
KQ:/crrc/crr: 0.000000000 0.461037207 0.538962793
KQ:/crrc/r: 0.000004350 0.806435601 0.193560049
KQ:/rc/c: 0.000019159 0.999980841 0.000000000
KQ:/rc/crr: 0.000000000 0.011198806 0.988801194
KQ:/rc/r: 0.000000150 0.362405339 0.637594512
KQ:/rrc/c: 0.412258086 0.587741914 0.000000000
KQ:/rrc/crr: 0.000000000 0.524568407 0.475431593
KQ:/rrc/r: 0.063724372 0.608629358 0.327646270
Q:/c: 0.788969918 0.211030082 0.000000000
Q:/crr: 0.000000000 0.999999976 0.000000024
Q:/r: 0.280706772 0.719293069 0.000000158
QJ:/cc/c: 0.000000332 0.999999668 0.000000000
QJ:/cc/crr: 0.000000000 0.119726387 0.880273613
QJ:/cc/r: 0.000000120 0.000000182 0.999999697
QJ:/crc/c: 0.428669934 0.571330066 0.000000000
QJ:/crc/crr: 0.000000000 0.001987362 0.998012638
QJ:/crc/r: 0.000000059 0.000000012 0.999999929
QJ:/crrc/c: 0.000000065 0.999999935 0.000000000
QJ:/crrc/crr: 0.000000000 0.256044602 0.743955398
QJ:/crrc/r: 0.016281435 0.000000000 0.983718565
QJ:/rc/c: 0.000000373 0.999999627 0.000000000
QJ:/rc/crr: 0.000000000 0.003357100 0.996642900
QJ:/rc/r: 0.016480072 0.000000015 0.983519914
QJ:/rrc/c: 0.000000228 0.999999772 0.000000000
QJ:/rrc/crr: 0.000000000 0.116758441 0.883241559
QJ:/rrc/r: 0.000000055 0.000000022 0.999999923
QK:/cc/c: 0.107553780 0.892446220 0.000000000
QK:/cc/crr: 0.000000000 0.999999970 0.000000030
QK:/cc/r: 0.000000126 0.778500377 0.221499497
QK:/crc/c: 0.190096833 0.809903167 0.000000000
QK:/crc/crr: 0.000000000 0.000020360 0.999979640
QK:/crc/r: 0.000000201 0.516418493 0.483581305
QK:/crrc/c: 0.117990983 0.882009017 0.000000000
QK:/crrc/crr: 0.000000000 0.000005976 0.999994024
QK:/crrc/r: 0.000000338 0.339786003 0.660213659
QK:/rc/c: 0.280288109 0.719711891 0.000000000
QK:/rc/crr: 0.000000000 0.000012154 0.999987846
QK:/rc/r: 0.000000017 0.363110143 0.636889839
QK:/rrc/c: 0.328783966 0.671216034 0.000000000
QK:/rrc/crr: 0.000000000 0.085389751 0.914610249
QK:/rrc/r: 0.000000043 0.581786744 0.418213214
QQ:/cc/c: 0.999999979 0.000000021 0.000000000
QQ:/cc/crr: 0.000000000 0.999999995 0.000000005
QQ:/cc/r: 0.999999657 0.000000197 0.000000146
QQ:/crc/c: 0.999999956 0.000000044 0.000000000
QQ:/crc/crr: 0.000000000 0.999999992 0.000000008
QQ:/crc/r: 0.999999952 0.000000033 0.000000015
QQ:/crrc/c: 0.999999991 0.000000009 0.000000000
QQ:/crrc/crr: 0.000000000 0.999999998 0.000000002
QQ:/crrc/r: 0.999999945 0.000000050 0.000000005
QQ:/rc/c: 0.999999983 0.000000017 0.000000000
QQ:/rc/crr: 0.000000000 0.999999998 0.000000002
QQ:/rc/r: 0.999999973 0.000000015 0.000000011
QQ:/rrc/c: 0.999999909 0.000000091 0.000000000
QQ:/rrc/crr: 0.000000000 0.999999977 0.000000023
QQ:/rrc/r: 0.999999719 0.000000238 0.000000044
