J:/c: 0.293622147 0.706377853 0.000000000
J:/crr: 0.000000000 0.999999998 0.000000002
J:/r: 0.080652461 0.188758222 0.730589317
JJ:/cc/c: 0.999999995 0.000000005 0.000000000
JJ:/cc/crr: 0.000000000 0.999999998 0.000000002
JJ:/cc/r: 0.999999987 0.000000010 0.000000002
JJ:/crc/c: 0.999999987 0.000000013 0.000000000
JJ:/crc/crr: 0.000000000 0.999999996 0.000000004
JJ:/crc/r: 0.631345485 0.368654510 0.000000005
JJ:/crrc/c: 0.999999994 0.000000006 0.000000000
JJ:/crrc/crr: 0.000000000 0.999999998 0.000000002
JJ:/crrc/r: 0.999999932 0.000000065 0.000000002
JJ:/rc/c: 0.999999980 0.000000020 0.000000000
JJ:/rc/crr: 0.000000000 0.999999994 0.000000006
JJ:/rc/r: 0.999999979 0.000000013 0.000000008
JJ:/rrc/c: 0.999999953 0.000000047 0.000000000
JJ:/rrc/crr: 0.000000000 0.999999986 0.000000014
JJ:/rrc/r: 0.999999616 0.000000366 0.000000018
JK:/cc/c: 0.007368139 0.992631861 0.000000000
JK:/cc/crr: 0.000000000 0.000000598 0.999999402
JK:/cc/r: 0.000001080 0.000000007 0.999998913
JK:/crc/c: 0.553076652 0.446923348 0.000000000
JK:/crc/crr: 0.000000000 0.000000133 0.999999867
JK:/crc/r: 0.022813960 0.000000182 0.977185858
JK:/crrc/c: 0.384594779 0.615405221 0.000000000
JK:/crrc/crr: 0.000000000 0.000000440 0.999999560
JK:/crrc/r: 0.308343209 0.000000101 0.691656690
JK:/rc/c: 0.381771610 0.618228390 0.000000000
JK:/rc/crr: 0.000000000 0.000000032 0.999999968
JK:/rc/r: 0.491113207 0.000000014 0.508886779
JK:/rrc/c: 0.999998961 0.000001039 0.000000000
JK:/rrc/crr: 0.000000000 0.000000180 0.999999820
JK:/rrc/r: 0.417843224 0.000000201 0.582156574
JQ:/cc/c: 0.069827627 0.930172373 0.000000000
JQ:/cc/crr: 0.000000000 0.000000000 1.000000000
JQ:/cc/r: 0.057719334 0.000000000 0.942280666
JQ:/crc/c: 0.386671701 0.613328299 0.000000000
JQ:/crc/crr: 0.000000000 0.000005435 0.999994565
JQ:/crc/r: 0.197595109 0.000000044 0.802404847
JQ:/crrc/c: 0.035247966 0.964752034 0.000000000
JQ:/crrc/crr: 0.000000000 0.000001178 0.999998822
JQ:/crrc/r: 0.229870334 0.000000020 0.770129646
JQ:/rc/c: 0.999977803 0.000022197 0.000000000
JQ:/rc/crr: 0.000000000 0.000000000 1.000000000
JQ:/rc/r: 0.000000053 0.000000054 0.999999893
JQ:/rrc/c: 0.000010020 0.999989980 0.000000000
JQ:/rrc/crr: 0.000000000 0.028768773 0.971231227
JQ:/rrc/r: 0.555879846 0.000000180 0.444119974
K:/c: 0.999997933 0.000002067 0.000000000
K:/crr: 0.000000000 0.999999999 0.000000001
K:/r: 0.576914129 0.423085871 0.000000001
KJ:/cc/c: 0.012371887 0.987628113 0.000000000
KJ:/cc/crr: 0.000000000 0.978696769 0.021303231
KJ:/cc/r: 0.016028239 0.009816920 0.974154841
KJ:/crc/c: 0.134414189 0.865585811 0.000000000
KJ:/crc/crr: 0.000000000 0.999999993 0.000000007
KJ:/crc/r: 0.000000171 0.824280993 0.175718836
KJ:/crrc/c: 0.316349173 0.683650827 0.000000000
KJ:/crrc/crr: 0.000000000 0.753429550 0.246570450
KJ:/crrc/r: 0.052910725 0.832685748 0.114403527
KJ:/rc/c: 0.398404537 0.601595463 0.000000000
KJ:/rc/crr: 0.000000000 0.810799991 0.189200009
KJ:/rc/r: 0.027474318 0.809127598 0.163398085
KJ:/rrc/c: 0.474477597 0.525522403 0.000000000
KJ:/rrc/crr: 0.000000000 0.999981446 0.000018554
KJ:/rrc/r: 0.042539941 0.911516712 0.045943347
KK:/cc/c: 0.994304682 0.005695318 0.000000000
KK:/cc/crr: 0.000000000 0.998334463 0.001665537
KK:/cc/r: 0.998027704 0.001705312 0.000266984
KK:/crc/c: 0.999999833 0.000000167 0.000000000
KK:/crc/crr: 0.000000000 0.999999970 0.000000030
KK:/crc/r: 0.745923891 0.254076095 0.000000014
KK:/crrc/c: 0.999999994 0.000000006 0.000000000
KK:/crrc/crr: 0.000000000 0.999999998 0.000000002
KK:/crrc/r: 0.999994228 0.000005769 0.000000002
KK:/rc/c: 0.999999975 0.000000025 0.000000000
KK:/rc/crr: 0.000000000 0.999999993 0.000000007
KK:/rc/r: 0.999999974 0.000000016 0.000000010
KK:/rrc/c: 0.999999923 0.000000077 0.000000000
KK:/rrc/crr: 0.000000000 0.999999986 0.000000014
KK:/rrc/r: 0.961467788 0.038532198 0.000000014
KQ:/cc/c: 0.004607876 0.995392124 0.000000000
KQ:/cc/crr: 0.000000000 0.838246221 0.161753779
KQ:/cc/r: 0.023692824 0.973318379 0.002988798
KQ:/crc/c: 0.343201371 0.656798629 0.000000000
KQ:/crc/crr: 0.000000000 0.084974134 0.915025866
KQ:/crc/r: 0.000000026 0.552103063 0.447896912
KQ:/crrc/c: 0.615004896 0.384995104 0.000000000
KQ:/crrc/crr: 0.000000000 0.521524989 0.478475011
KQ:/crrc/r: 0.000006731 0.841484441 0.158508827
KQ:/rc/c: 0.000028412 0.999971588 0.000000000
KQ:/rc/crr: 0.000000000 0.014225869 0.985774131
KQ:/rc/r: 0.000000257 0.420037692 0.579962051
KQ:/rrc/c: 0.509850840 0.490149160 0.000000000
KQ:/rrc/crr: 0.000000000 0.584354195 0.415645805
KQ:/rrc/r: 0.098411324 0.633811406 0.267777271
Q:/c: 0.847195780 0.152804220 0.000000000
Q:/crr: 0.000000000 0.999999981 0.000000019
Q:/r: 0.366581231 0.633418660 0.000000109
QJ:/cc/c: 0.000000492 0.999999508 0.000000000
QJ:/cc/crr: 0.000000000 0.147706625 0.852293375
QJ:/cc/r: 0.000000228 0.000000232 0.999999540
QJ:/crc/c: 0.526666414 0.473333586 0.000000000
QJ:/crc/crr: 0.000000000 0.002530924 0.997469076
QJ:/crc/r: 0.000000112 0.000000015 0.999999873
QJ:/crrc/c: 0.000000096 0.999999904 0.000000000
QJ:/crrc/crr: 0.000000000 0.304849865 0.695150135
QJ:/crrc/r: 0.030326234 0.000000000 0.969673766
QJ:/rc/c: 0.000000553 0.999999447 0.000000000
QJ:/rc/crr: 0.000000000 0.004273693 0.995726307
QJ:/rc/r: 0.030690874 0.000000018 0.969309108
QJ:/rrc/c: 0.000000338 0.999999662 0.000000000
QJ:/rrc/crr: 0.000000000 0.144158656 0.855841344
QJ:/rrc/r: 0.000000104 0.000000029 0.999999867
QK:/cc/c: 0.151622935 0.848377065 0.000000000
QK:/cc/crr: 0.000000000 0.999999976 0.000000024
QK:/cc/r: 0.000000196 0.817465437 0.182534368
QK:/crc/c: 0.258202087 0.741797913 0.000000000
QK:/crc/crr: 0.000000000 0.000025942 0.999974058
QK:/crc/r: 0.000000333 0.576401457 0.423598210
QK:/crrc/c: 0.165543411 0.834456589 0.000000000
QK:/crrc/crr: 0.000000000 0.000007615 0.999992385
QK:/crrc/r: 0.000000584 0.396055617 0.603943799
QK:/rc/c: 0.366099666 0.633900334 0.000000000
QK:/rc/crr: 0.000000000 0.000015487 0.999984513
QK:/rc/r: 0.000000030 0.420780656 0.579219314
QK:/rrc/c: 0.420762673 0.579237327 0.000000000
QK:/rrc/crr: 0.000000000 0.106314623 0.893685377
QK:/rrc/r: 0.000000070 0.639324474 0.360675456
QQ:/cc/c: 0.999999986 0.000000014 0.000000000
QQ:/cc/crr: 0.000000000 0.999999996 0.000000004
QQ:/cc/r: 0.999999790 0.000000133 0.000000077
QQ:/crc/c: 0.999999970 0.000000030 0.000000000
QQ:/crc/crr: 0.000000000 0.999999994 0.000000006
QQ:/crc/r: 0.999999970 0.000000022 0.000000008
QQ:/crrc/c: 0.999999994 0.000000006 0.000000000
QQ:/crrc/crr: 0.000000000 0.999999998 0.000000002
QQ:/crrc/r: 0.999999964 0.000000034 0.000000002
QQ:/rc/c: 0.999999989 0.000000011 0.000000000
QQ:/rc/crr: 0.000000000 0.999999998 0.000000002
QQ:/rc/r: 0.999999984 0.000000010 0.000000006
QQ:/rrc/c: 0.999999939 0.000000061 0.000000000
QQ:/rrc/crr: 0.000000000 0.999999982 0.000000018
QQ:/rrc/r: 0.999999817 0.000000160 0.000000023
