J:/c: 0.301980421 0.698019579 0.000000000
J:/crr: 0.000000000 0.999999997 0.000000003
J:/r: 0.050822368 0.114283545 0.834894087
JJ:/cc/c: 0.999999995 0.000000005 0.000000000
JJ:/cc/crr: 0.000000000 0.999999997 0.000000003
JJ:/cc/r: 0.999999986 0.000000010 0.000000004
JJ:/crc/c: 0.999999987 0.000000013 0.000000000
JJ:/crc/crr: 0.000000000 0.999999993 0.000000007
JJ:/crc/r: 0.640598994 0.359400997 0.000000009
JJ:/crrc/c: 0.999999994 0.000000006 0.000000000
JJ:/crrc/crr: 0.000000000 0.999999997 0.000000003
JJ:/crrc/r: 0.999999933 0.000000063 0.000000004
JJ:/rc/c: 0.999999980 0.000000020 0.000000000
JJ:/rc/crr: 0.000000000 0.999999989 0.000000011
JJ:/rc/r: 0.999999973 0.000000013 0.000000014
JJ:/rrc/c: 0.999999955 0.000000045 0.000000000
JJ:/rrc/crr: 0.000000000 0.999999974 0.000000026
JJ:/rrc/r: 0.999999616 0.000000351 0.000000033
JK:/cc/c: 0.007666317 0.992333683 0.000000000
JK:/cc/crr: 0.000000000 0.000000317 0.999999683
JK:/cc/r: 0.000000595 0.000000004 0.999999401
JK:/crc/c: 0.562934720 0.437065280 0.000000000
JK:/crc/crr: 0.000000000 0.000000071 0.999999929
JK:/crc/r: 0.012710053 0.000000097 0.987289849
JK:/crrc/c: 0.394097895 0.605902105 0.000000000
JK:/crrc/crr: 0.000000000 0.000000233 0.999999767
JK:/crrc/r: 0.197317925 0.000000062 0.802682013
JK:/rc/c: 0.391249317 0.608750683 0.000000000
JK:/rc/crr: 0.000000000 0.000000017 0.999999983
JK:/rc/r: 0.347325301 0.000000009 0.652674690
JK:/rrc/c: 0.999999001 0.000000999 0.000000000
JK:/rrc/crr: 0.000000000 0.000000096 0.999999904
JK:/rrc/r: 0.283554171 0.000000131 0.716445697
JQ:/cc/c: 0.072468916 0.927531084 0.000000000
JQ:/cc/crr: 0.000000000 0.000000000 1.000000000
JQ:/cc/r: 0.032673330 0.000000000 0.967326670
JQ:/crc/c: 0.396193098 0.603806902 0.000000000
JQ:/crc/crr: 0.000000000 0.000002879 0.999997121
JQ:/crc/r: 0.119554110 0.000000025 0.880445865
JQ:/crrc/c: 0.036632763 0.963367237 0.000000000
JQ:/crrc/crr: 0.000000000 0.000000624 0.999999376
JQ:/crrc/r: 0.141327265 0.000000012 0.858672723
JQ:/rc/c: 0.999978673 0.000021327 0.000000000
JQ:/rc/crr: 0.000000000 0.000000000 1.000000000
JQ:/rc/r: 0.000000029 0.000000029 0.999999942
JQ:/rrc/c: 0.000010429 0.999989571 0.000000000
JQ:/rrc/crr: 0.000000000 0.015450972 0.984549028
JQ:/rrc/r: 0.408345573 0.000000127 0.591654300
K:/c: 0.999998014 0.000001986 0.000000000
K:/crr: 0.000000000 0.999999999 0.000000001
K:/r: 0.586639372 0.413360627 0.000000001
KJ:/cc/c: 0.012869934 0.987130066 0.000000000
KJ:/cc/crr: 0.000000000 0.960536863 0.039463137
KJ:/cc/r: 0.008943814 0.005263235 0.985792952
KJ:/crc/c: 0.139133095 0.860866905 0.000000000
KJ:/crc/crr: 0.000000000 0.999999987 0.000000013
KJ:/crc/r: 0.000000154 0.713079557 0.286920289
KJ:/crrc/c: 0.325056688 0.674943312 0.000000000
KJ:/crrc/crr: 0.000000000 0.618161033 0.381838967
KJ:/crrc/r: 0.049894999 0.754457858 0.195647143
KJ:/rc/c: 0.408022644 0.591977356 0.000000000
KJ:/rc/crr: 0.000000000 0.694231875 0.305768125
KJ:/rc/r: 0.024948930 0.705964038 0.269087032
KJ:/rrc/c: 0.484453309 0.515546691 0.000000000
KJ:/rrc/crr: 0.000000000 0.999964980 0.000035020
KJ:/rrc/r: 0.042469471 0.874349673 0.083180856
KK:/cc/c: 0.994526622 0.005473378 0.000000000
KK:/cc/crr: 0.000000000 0.996860987 0.003139013
KK:/cc/r: 0.997877648 0.001638246 0.000484106
KK:/crc/c: 0.999999840 0.000000160 0.000000000
KK:/crc/crr: 0.000000000 0.999999943 0.000000057
KK:/crc/r: 0.753424627 0.246575348 0.000000025
KK:/crrc/c: 0.999999994 0.000000006 0.000000000
KK:/crrc/crr: 0.000000000 0.999999997 0.000000003
KK:/crrc/r: 0.999994452 0.000005543 0.000000004
KK:/rc/c: 0.999999976 0.000000024 0.000000000
KK:/rc/crr: 0.000000000 0.999999987 0.000000013
KK:/rc/r: 0.999999967 0.000000016 0.000000018
KK:/rrc/c: 0.999999926 0.000000074 0.000000000
KK:/rrc/crr: 0.000000000 0.999999973 0.000000027
KK:/rrc/r: 0.962921613 0.037078362 0.000000025
KQ:/cc/c: 0.004794889 0.995205111 0.000000000
KQ:/cc/crr: 0.000000000 0.733019924 0.266980076
KQ:/cc/r: 0.024570134 0.969808938 0.005620928
KQ:/crc/c: 0.352267150 0.647732850 0.000000000
KQ:/crc/crr: 0.000000000 0.046893697 0.953106303
KQ:/crc/r: 0.000000019 0.395066094 0.604933887
KQ:/crrc/c: 0.624424572 0.375575428 0.000000000
KQ:/crrc/crr: 0.000000000 0.366076831 0.633923169
KQ:/crrc/r: 0.000006142 0.737709237 0.262284621
KQ:/rc/c: 0.000029571 0.999970429 0.000000000
KQ:/rc/crr: 0.000000000 0.007587754 0.992412246
KQ:/rc/r: 0.000000177 0.277307625 0.722692199
KQ:/rrc/c: 0.519834602 0.480165398 0.000000000
KQ:/rrc/crr: 0.000000000 0.426886916 0.573113084
KQ:/rrc/r: 0.082490243 0.510455766 0.407053991
Q:/c: 0.852298808 0.147701192 0.000000000
Q:/crr: 0.000000000 0.999999964 0.000000036
Q:/r: 0.375911092 0.624088705 0.000000204
QJ:/cc/c: 0.000000512 0.999999488 0.000000000
QJ:/cc/crr: 0.000000000 0.084096929 0.915903071
QJ:/cc/r: 0.000000125 0.000000123 0.999999751
QJ:/crc/c: 0.536618957 0.463381043 0.000000000
QJ:/crc/crr: 0.000000000 0.001342505 0.998657495
QJ:/crc/r: 0.000000062 0.000000008 0.999999930
QJ:/crrc/c: 0.000000100 0.999999900 0.000000000
QJ:/crrc/crr: 0.000000000 0.188536747 0.811463253
QJ:/crrc/r: 0.016952991 0.000000000 0.983047009
QJ:/rc/c: 0.000000575 0.999999425 0.000000000
QJ:/rc/crr: 0.000000000 0.002268802 0.997731198
QJ:/rc/r: 0.017159678 0.000000010 0.982840312
QJ:/rrc/c: 0.000000351 0.999999649 0.000000000
QJ:/rrc/crr: 0.000000000 0.081930010 0.918069990
QJ:/rrc/r: 0.000000057 0.000000015 0.999999928
QK:/cc/c: 0.156836525 0.843163475 0.000000000
QK:/cc/crr: 0.000000000 0.999999955 0.000000045
QK:/cc/r: 0.000000176 0.703502329 0.296497495
QK:/crc/c: 0.265931676 0.734068324 0.000000000
QK:/crc/crr: 0.000000000 0.000013745 0.999986255
QK:/crc/r: 0.000000252 0.418917397 0.581082351
QK:/crrc/c: 0.171139102 0.828860898 0.000000000
QK:/crrc/crr: 0.000000000 0.000004034 0.999995966
QK:/crrc/r: 0.000000396 0.257851644 0.742147960
QK:/rc/c: 0.375424571 0.624575429 0.000000000
QK:/rc/crr: 0.000000000 0.000008205 0.999991795
QK:/rc/r: 0.000000021 0.277919072 0.722080908
QK:/rrc/c: 0.430534258 0.569465742 0.000000000
QK:/rrc/crr: 0.000000000 0.059290311 0.940709689
QK:/rrc/r: 0.000000055 0.484304091 0.515695854
QQ:/cc/c: 0.999999986 0.000000014 0.000000000
QQ:/cc/crr: 0.000000000 0.999999992 0.000000008
QQ:/cc/r: 0.999999733 0.000000128 0.000000140
QQ:/crc/c: 0.999999972 0.000000028 0.000000000
QQ:/crc/crr: 0.000000000 0.999999989 0.000000011
QQ:/crc/r: 0.999999964 0.000000022 0.000000014
QQ:/crrc/c: 0.999999994 0.000000006 0.000000000
QQ:/crrc/crr: 0.000000000 0.999999997 0.000000003
QQ:/crrc/r: 0.999999963 0.000000032 0.000000004
QQ:/rc/c: 0.999999989 0.000000011 0.000000000
QQ:/rc/crr: 0.000000000 0.999999997 0.000000003
QQ:/rc/r: 0.999999979 0.000000010 0.000000011
QQ:/rrc/c: 0.999999941 0.000000059 0.000000000
QQ:/rrc/crr: 0.000000000 0.999999966 0.000000034
QQ:/rrc/r: 0.999999804 0.000000154 0.000000042
