J:/c: 0.328534132 0.671465868 0.000000000
J:/crr: 0.000000000 0.999999998 0.000000002
J:/r: 0.084973745 0.168953890 0.746072365
JJ:/cc/c: 0.999999996 0.000000004 0.000000000
JJ:/cc/crr: 0.000000000 0.999999998 0.000000002
JJ:/cc/r: 0.999999989 0.000000009 0.000000002
JJ:/crc/c: 0.999999989 0.000000011 0.000000000
JJ:/crc/crr: 0.000000000 0.999999996 0.000000004
JJ:/crc/r: 0.668415524 0.331584471 0.000000005
JJ:/crrc/c: 0.999999995 0.000000005 0.000000000
JJ:/crrc/crr: 0.000000000 0.999999998 0.000000002
JJ:/crrc/r: 0.999999942 0.000000056 0.000000002
JJ:/rc/c: 0.999999983 0.000000017 0.000000000
JJ:/rc/crr: 0.000000000 0.999999993 0.000000007
JJ:/rc/r: 0.999999981 0.000000011 0.000000008
JJ:/rrc/c: 0.999999960 0.000000040 0.000000000
JJ:/rrc/crr: 0.000000000 0.999999984 0.000000016
JJ:/rrc/r: 0.999999672 0.000000311 0.000000018
JK:/cc/c: 0.008661565 0.991338435 0.000000000
JK:/cc/crr: 0.000000000 0.000000524 0.999999476
JK:/cc/r: 0.000001114 0.000000006 0.999998880
JK:/crc/c: 0.592942656 0.407057344 0.000000000
JK:/crc/crr: 0.000000000 0.000000117 0.999999883
JK:/crc/r: 0.023520474 0.000000159 0.976479367
JK:/crrc/c: 0.423833359 0.576166641 0.000000000
JK:/crrc/crr: 0.000000000 0.000000385 0.999999615
JK:/crrc/r: 0.315041372 0.000000087 0.684958541
JK:/rc/c: 0.420919162 0.579080838 0.000000000
JK:/rc/crr: 0.000000000 0.000000028 0.999999972
JK:/rc/r: 0.498917749 0.000000012 0.501082239
JK:/rrc/c: 0.999999117 0.000000883 0.000000000
JK:/rrc/crr: 0.000000000 0.000000158 0.999999842
JK:/rrc/r: 0.425456882 0.000000174 0.574542944
JQ:/cc/c: 0.081188597 0.918811403 0.000000000
JQ:/cc/crr: 0.000000000 0.000000000 1.000000000
JQ:/cc/r: 0.059441060 0.000000000 0.940558940
JQ:/crc/c: 0.425975506 0.574024494 0.000000000
JQ:/crc/crr: 0.000000000 0.000004764 0.999995236
JQ:/crc/r: 0.202592158 0.000000038 0.797407805
JQ:/crrc/c: 0.041232209 0.958767791 0.000000000
JQ:/crrc/crr: 0.000000000 0.000001032 0.999998968
JQ:/crrc/r: 0.235444103 0.000000017 0.764555880
JQ:/rc/c: 0.999981142 0.000018858 0.000000000
JQ:/rc/crr: 0.000000000 0.000000000 1.000000000
JQ:/rc/r: 0.000000054 0.000000047 0.999999898
JQ:/rrc/c: 0.000011794 0.999988206 0.000000000
JQ:/rrc/crr: 0.000000000 0.025305897 0.974694103
JQ:/rrc/r: 0.563573793 0.000000155 0.436426052
K:/c: 0.999998244 0.000001756 0.000000000
K:/crr: 0.000000000 0.999999999 0.000000001
K:/r: 0.616129612 0.383870388 0.000000001
KJ:/cc/c: 0.014530828 0.985469172 0.000000000
KJ:/cc/crr: 0.000000000 0.975768002 0.024231998
KJ:/cc/r: 0.016548216 0.008610647 0.974841137
KJ:/crc/c: 0.154537582 0.845462418 0.000000000
KJ:/crc/crr: 0.000000000 0.999999992 0.000000008
KJ:/crc/r: 0.000000196 0.804366668 0.195633136
KJ:/crrc/c: 0.352614489 0.647385511 0.000000000
KJ:/crrc/crr: 0.000000000 0.728133950 0.271866050
KJ:/crrc/r: 0.060732049 0.811989720 0.127278231
KJ:/rc/c: 0.438049168 0.561950832 0.000000000
KJ:/rc/crr: 0.000000000 0.789747566 0.210252434
KJ:/rc/r: 0.031462006 0.787175719 0.181362275
KJ:/rrc/c: 0.515209231 0.484790769 0.000000000
KJ:/rrc/crr: 0.000000000 0.999978831 0.000021169
KJ:/rrc/r: 0.049381149 0.898926364 0.051692487
KK:/cc/c: 0.995157324 0.004842676 0.000000000
KK:/cc/crr: 0.000000000 0.998100244 0.001899756
KK:/cc/r: 0.998292002 0.001449153 0.000258845
KK:/crc/c: 0.999999858 0.000000142 0.000000000
KK:/crc/crr: 0.000000000 0.999999965 0.000000035
KK:/crc/r: 0.775568160 0.224431826 0.000000014
KK:/crrc/c: 0.999999995 0.000000005 0.000000000
KK:/crrc/crr: 0.000000000 0.999999998 0.000000002
KK:/crrc/r: 0.999995096 0.000004901 0.000000002
KK:/rc/c: 0.999999979 0.000000021 0.000000000
KK:/rc/crr: 0.000000000 0.999999992 0.000000008
KK:/rc/r: 0.999999977 0.000000014 0.000000009
KK:/rrc/c: 0.999999935 0.000000065 0.000000000
KK:/rrc/crr: 0.000000000 0.999999984 0.000000016
KK:/rrc/r: 0.967073623 0.032926363 0.000000014
KQ:/cc/c: 0.005419402 0.994580598 0.000000000
KQ:/cc/crr: 0.000000000 0.819568143 0.180431857
KQ:/cc/r: 0.027760118 0.968845650 0.003394232
KQ:/crc/c: 0.380830189 0.619169811 0.000000000
KQ:/crc/crr: 0.000000000 0.075270174 0.924729826
KQ:/crc/r: 0.000000028 0.519330202 0.480669770
KQ:/crrc/c: 0.652814485 0.347185515 0.000000000
KQ:/crrc/crr: 0.000000000 0.488587229 0.511412771
KQ:/crrc/r: 0.000007750 0.823101181 0.176891069
KQ:/rc/c: 0.000033443 0.999966557 0.000000000
KQ:/rc/crr: 0.000000000 0.012490998 0.987509002
KQ:/rc/r: 0.000000280 0.388307799 0.611691922
KQ:/rrc/c: 0.550438502 0.449561498 0.000000000
KQ:/rrc/crr: 0.000000000 0.552026411 0.447973589
KQ:/rrc/r: 0.109782672 0.600681084 0.289536243
Q:/c: 0.867128932 0.132871068 0.000000000
Q:/crr: 0.000000000 0.999999978 0.000000022
Q:/r: 0.405192024 0.594807859 0.000000117
QJ:/cc/c: 0.000000579 0.999999421 0.000000000
QJ:/cc/crr: 0.000000000 0.131871134 0.868128866
QJ:/cc/r: 0.000000235 0.000000204 0.999999561
QJ:/crc/c: 0.567044069 0.432955931 0.000000000
QJ:/crc/crr: 0.000000000 0.002219062 0.997780938
QJ:/crc/r: 0.000000116 0.000000013 0.999999871
QJ:/crrc/c: 0.000000113 0.999999887 0.000000000
QJ:/crrc/crr: 0.000000000 0.277655577 0.722344423
QJ:/crrc/r: 0.031257950 0.000000000 0.968742050
QJ:/rc/c: 0.000000651 0.999999349 0.000000000
QJ:/rc/crr: 0.000000000 0.003747894 0.996252106
QJ:/rc/r: 0.031633427 0.000000016 0.968366557
QJ:/rrc/c: 0.000000397 0.999999603 0.000000000
QJ:/rrc/crr: 0.000000000 0.128646125 0.871353875
QJ:/rrc/r: 0.000000107 0.000000025 0.999999868
QK:/cc/c: 0.173805362 0.826194638 0.000000000
QK:/cc/crr: 0.000000000 0.999999973 0.000000027
QK:/cc/r: 0.000000225 0.796968955 0.203030820
QK:/crc/c: 0.290635380 0.709364620 0.000000000
QK:/crc/crr: 0.000000000 0.000022739 0.999977261
QK:/crc/r: 0.000000370 0.543937868 0.456061761
QK:/crrc/c: 0.189307961 0.810692039 0.000000000
QK:/crrc/crr: 0.000000000 0.000006674 0.999993326
QK:/crrc/r: 0.000000633 0.364997203 0.635002164
QK:/rc/c: 0.404692149 0.595307851 0.000000000
QK:/rc/crr: 0.000000000 0.000013575 0.999986425
QK:/rc/r: 0.000000033 0.389032289 0.610967679
QK:/rrc/c: 0.460927523 0.539072477 0.000000000
QK:/rrc/crr: 0.000000000 0.094425091 0.905574909
QK:/rrc/r: 0.000000078 0.608407029 0.391592893
QQ:/cc/c: 0.999999988 0.000000012 0.000000000
QQ:/cc/crr: 0.000000000 0.999999995 0.000000005
QQ:/cc/r: 0.999999812 0.000000113 0.000000075
QQ:/crc/c: 0.999999975 0.000000025 0.000000000
QQ:/crc/crr: 0.000000000 0.999999993 0.000000007
QQ:/crc/r: 0.999999973 0.000000019 0.000000008
QQ:/crrc/c: 0.999999995 0.000000005 0.000000000
QQ:/crrc/crr: 0.000000000 0.999999998 0.000000002
QQ:/crrc/r: 0.999999969 0.000000029 0.000000002
QQ:/rc/c: 0.999999990 0.000000010 0.000000000
QQ:/rc/crr: 0.000000000 0.999999998 0.000000002
QQ:/rc/r: 0.999999985 0.000000009 0.000000006
QQ:/rrc/c: 0.999999948 0.000000052 0.000000000
QQ:/rrc/crr: 0.000000000 0.999999980 0.000000020
QQ:/rrc/r: 0.999999841 0.000000136 0.000000022
