J:/c: 0.279382731 0.720617269 0.000000000
J:/crr: 0.000000000 0.999999996 0.000000004
J:/r: 0.039429692 0.098939221 0.861631087
JJ:/cc/c: 0.999999995 0.000000005 0.000000000
JJ:/cc/crr: 0.000000000 0.999999996 0.000000004
JJ:/cc/r: 0.999999983 0.000000011 0.000000006
JJ:/crc/c: 0.999999986 0.000000014 0.000000000
JJ:/crc/crr: 0.000000000 0.999999992 0.000000008
JJ:/crc/r: 0.614987071 0.385012918 0.000000011
JJ:/crrc/c: 0.999999993 0.000000007 0.000000000
JJ:/crrc/crr: 0.000000000 0.999999996 0.000000004
JJ:/crrc/r: 0.999999924 0.000000070 0.000000006
JJ:/rc/c: 0.999999978 0.000000022 0.000000000
JJ:/rc/crr: 0.000000000 0.999999987 0.000000013
JJ:/rc/r: 0.999999967 0.000000014 0.000000019
JJ:/rrc/c: 0.999999950 0.000000050 0.000000000
JJ:/rrc/crr: 0.000000000 0.999999969 0.000000031
JJ:/rrc/r: 0.999999564 0.000000392 0.000000044
JK:/cc/c: 0.006875691 0.993124309 0.000000000
JK:/cc/crr: 0.000000000 0.000000266 0.999999734
JK:/cc/r: 0.000000448 0.000000003 0.999999549
JK:/crc/c: 0.535798777 0.464201223 0.000000000
JK:/crc/crr: 0.000000000 0.000000059 0.999999941
JK:/crc/r: 0.009585137 0.000000082 0.990414781
JK:/crrc/c: 0.368243497 0.631756503 0.000000000
JK:/crrc/crr: 0.000000000 0.000000195 0.999999805
JK:/crrc/r: 0.155975550 0.000000055 0.844024395
JK:/rc/c: 0.365469075 0.634530925 0.000000000
JK:/rc/crr: 0.000000000 0.000000014 0.999999986
JK:/rc/r: 0.285741622 0.000000008 0.714258370
JK:/rrc/c: 0.999998886 0.000001114 0.000000000
JK:/rrc/crr: 0.000000000 0.000000080 0.999999920
JK:/rrc/r: 0.229305093 0.000000118 0.770694788
JQ:/cc/c: 0.065435902 0.934564098 0.000000000
JQ:/cc/crr: 0.000000000 0.000000000 1.000000000
JQ:/cc/r: 0.024763315 0.000000000 0.975236685
JQ:/crc/c: 0.370285248 0.629714752 0.000000000
JQ:/crc/crr: 0.000000000 0.000002415 0.999997585
JQ:/crc/r: 0.092624796 0.000000022 0.907375182
JQ:/crrc/c: 0.032954037 0.967045963 0.000000000
JQ:/crrc/crr: 0.000000000 0.000000523 0.999999477
JQ:/crrc/r: 0.110106924 0.000000010 0.889893066
JQ:/rc/c: 0.999976202 0.000023798 0.000000000
JQ:/rc/crr: 0.000000000 0.000000000 1.000000000
JQ:/rc/r: 0.000000022 0.000000024 0.999999954
JQ:/rrc/c: 0.000009346 0.999990654 0.000000000
JQ:/rrc/crr: 0.000000000 0.012993711 0.987006289
JQ:/rrc/r: 0.341605295 0.000000119 0.658394586
K:/c: 0.999997784 0.000002216 0.000000000
K:/crr: 0.000000000 0.999999999 0.000000001
K:/r: 0.559824372 0.440175627 0.000000001
KJ:/cc/c: 0.011548906 0.988451094 0.000000000
KJ:/cc/crr: 0.000000000 0.953310714 0.046689286
KJ:/cc/r: 0.006744284 0.004428760 0.988826956
KJ:/crc/c: 0.126512856 0.873487144 0.000000000
KJ:/crc/crr: 0.000000000 0.999999984 0.000000016
KJ:/crc/r: 0.000000131 0.675833386 0.324166483
KJ:/crrc/c: 0.301477991 0.698522009 0.000000000
KJ:/crrc/crr: 0.000000000 0.575921021 0.424078979
KJ:/crrc/r: 0.043310516 0.730781626 0.225907858
KJ:/rc/c: 0.381830412 0.618169588 0.000000000
KJ:/rc/crr: 0.000000000 0.655720265 0.344279735
KJ:/rc/r: 0.021311828 0.672926515 0.305761658
KJ:/rrc/c: 0.457143572 0.542856428 0.000000000
KJ:/rrc/crr: 0.000000000 0.999958253 0.000041747
KJ:/rrc/r: 0.037624076 0.864351597 0.098024327
KK:/cc/c: 0.993896255 0.006103745 0.000000000
KK:/cc/crr: 0.000000000 0.996260302 0.003739698
KK:/cc/r: 0.997528819 0.001827442 0.000643739
KK:/crc/c: 0.999999821 0.000000179 0.000000000
KK:/crc/crr: 0.000000000 0.999999932 0.000000068
KK:/crc/r: 0.732495475 0.267504492 0.000000033
KK:/crrc/c: 0.999999993 0.000000007 0.000000000
KK:/crrc/crr: 0.000000000 0.999999996 0.000000004
KK:/crrc/r: 0.999993808 0.000006186 0.000000006
KK:/rc/c: 0.999999974 0.000000026 0.000000000
KK:/rc/crr: 0.000000000 0.999999984 0.000000016
KK:/rc/r: 0.999999959 0.000000018 0.000000023
KK:/rrc/c: 0.999999918 0.000000082 0.000000000
KK:/rrc/crr: 0.000000000 0.999999968 0.000000032
KK:/rrc/r: 0.958802087 0.041197879 0.000000034
KQ:/cc/c: 0.004299110 0.995700890 0.000000000
KQ:/cc/crr: 0.000000000 0.697263299 0.302736701
KQ:/cc/r: 0.022051133 0.971238399 0.006710469
KQ:/crc/c: 0.327672913 0.672327087 0.000000000
KQ:/crc/crr: 0.000000000 0.039637226 0.960362774
KQ:/crc/r: 0.000000015 0.353939920 0.646060064
KQ:/crrc/c: 0.598382648 0.401617352 0.000000000
KQ:/crrc/crr: 0.000000000 0.326340444 0.673659556
KQ:/crrc/r: 0.000005240 0.702326825 0.297667935
KQ:/rc/c: 0.000026500 0.999973500 0.000000000
KQ:/rc/crr: 0.000000000 0.006372933 0.993627067
KQ:/rc/r: 0.000000139 0.243505573 0.756494289
KQ:/rrc/c: 0.492435453 0.507564547 0.000000000
KQ:/rrc/crr: 0.000000000 0.384553972 0.615446028
KQ:/rrc/r: 0.069112490 0.477230681 0.453656829
Q:/c: 0.837957041 0.162042959 0.000000000
Q:/crr: 0.000000000 0.999999957 0.000000043
Q:/r: 0.350559493 0.649440254 0.000000253
QJ:/cc/c: 0.000000459 0.999999541 0.000000000
QJ:/cc/crr: 0.000000000 0.071515486 0.928484514
QJ:/cc/r: 0.000000094 0.000000103 0.999999802
QJ:/crc/c: 0.509273438 0.490726562 0.000000000
QJ:/crc/crr: 0.000000000 0.001126431 0.998873569
QJ:/crc/r: 0.000000046 0.000000007 0.999999947
QJ:/crrc/c: 0.000000089 0.999999911 0.000000000
QJ:/crrc/crr: 0.000000000 0.163113065 0.836886935
QJ:/crrc/r: 0.012798421 0.000000000 0.987201579
QJ:/rc/c: 0.000000516 0.999999484 0.000000000
QJ:/rc/crr: 0.000000000 0.001903927 0.998096073
QJ:/rc/r: 0.012955124 0.000000008 0.987044868
QJ:/rrc/c: 0.000000315 0.999999685 0.000000000
QJ:/rrc/crr: 0.000000000 0.069648100 0.930351900
QJ:/rrc/r: 0.000000043 0.000000013 0.999999944
QK:/cc/c: 0.142876990 0.857123010 0.000000000
QK:/cc/crr: 0.000000000 0.999999947 0.000000053
QK:/cc/r: 0.000000149 0.665595941 0.334403910
QK:/crc/c: 0.245084412 0.754915588 0.000000000
QK:/crc/crr: 0.000000000 0.000011530 0.999988470
QK:/crc/r: 0.000000203 0.376855113 0.623144684
QK:/crrc/c: 0.156142286 0.843857714 0.000000000
QK:/crrc/crr: 0.000000000 0.000003384 0.999996616
QK:/crrc/r: 0.000000310 0.225680581 0.774319109
QK:/rc/c: 0.350087392 0.649912608 0.000000000
QK:/rc/crr: 0.000000000 0.000006883 0.999993117
QK:/rc/r: 0.000000016 0.244067649 0.755932335
QK:/rrc/c: 0.403882865 0.596117135 0.000000000
QK:/rrc/crr: 0.000000000 0.050216620 0.949783380
QK:/rrc/r: 0.000000045 0.440655186 0.559344769
QQ:/cc/c: 0.999999985 0.000000015 0.000000000
QQ:/cc/crr: 0.000000000 0.999999991 0.000000009
QQ:/cc/r: 0.999999672 0.000000142 0.000000186
QQ:/crc/c: 0.999999968 0.000000032 0.000000000
QQ:/crc/crr: 0.000000000 0.999999987 0.000000013
QQ:/crc/r: 0.999999957 0.000000024 0.000000019
QQ:/crrc/c: 0.999999993 0.000000007 0.000000000
QQ:/crrc/crr: 0.000000000 0.999999996 0.000000004
QQ:/crrc/r: 0.999999958 0.000000036 0.000000006
QQ:/rc/c: 0.999999988 0.000000012 0.000000000
QQ:/rc/crr: 0.000000000 0.999999996 0.000000004
QQ:/rc/r: 0.999999974 0.000000011 0.000000015
QQ:/rrc/c: 0.999999934 0.000000066 0.000000000
QQ:/rrc/crr: 0.000000000 0.999999960 0.000000040
QQ:/rrc/r: 0.999999772 0.000000172 0.000000056
