J:/c: 0.394573790 0.605426210 0.000000000
J:/crr: 0.000000000 0.999999996 0.000000004
J:/r: 0.064228264 0.095873628 0.839898107
JJ:/cc/c: 0.999999997 0.000000003 0.000000000
JJ:/cc/crr: 0.000000000 0.999999996 0.000000004
JJ:/cc/r: 0.999999990 0.000000007 0.000000004
JJ:/crc/c: 0.999999992 0.000000008 0.000000000
JJ:/crc/crr: 0.000000000 0.999999992 0.000000008
JJ:/crc/r: 0.728638004 0.271361988 0.000000008
JJ:/crrc/c: 0.999999996 0.000000004 0.000000000
JJ:/crrc/crr: 0.000000000 0.999999996 0.000000004
JJ:/crrc/r: 0.999999955 0.000000042 0.000000004
JJ:/rc/c: 0.999999987 0.000000013 0.000000000
JJ:/rc/crr: 0.000000000 0.999999987 0.000000013
JJ:/rc/r: 0.999999980 0.000000008 0.000000011
JJ:/rrc/c: 0.999999970 0.000000030 0.000000000
JJ:/rrc/crr: 0.000000000 0.999999969 0.000000031
JJ:/rrc/r: 0.999999740 0.000000233 0.000000026
JK:/cc/c: 0.011504286 0.988495714 0.000000000
JK:/cc/crr: 0.000000000 0.000000264 0.999999736
JK:/cc/r: 0.000000748 0.000000003 0.999999249
JK:/crc/c: 0.659897966 0.340102034 0.000000000
JK:/crc/crr: 0.000000000 0.000000059 0.999999941
JK:/crc/r: 0.015915170 0.000000081 0.984084749
JK:/crrc/c: 0.494910016 0.505089984 0.000000000
JK:/crrc/crr: 0.000000000 0.000000194 0.999999806
JK:/crrc/r: 0.235950355 0.000000049 0.764049596
JK:/rc/c: 0.491924364 0.508075636 0.000000000
JK:/rc/crr: 0.000000000 0.000000014 0.999999986
JK:/rc/r: 0.400667186 0.000000007 0.599332807
JK:/rrc/c: 0.999999337 0.000000663 0.000000000
JK:/rrc/crr: 0.000000000 0.000000080 0.999999920
JK:/rrc/r: 0.332085362 0.000000102 0.667914536
JQ:/cc/c: 0.105306115 0.894693885 0.000000000
JQ:/cc/crr: 0.000000000 0.000000000 1.000000000
JQ:/cc/r: 0.040705066 0.000000000 0.959294934
JQ:/crc/c: 0.497101460 0.502898540 0.000000000
JQ:/crc/crr: 0.000000000 0.000002401 0.999997599
JQ:/crc/r: 0.145725444 0.000000020 0.854274535
JQ:/crrc/c: 0.054180369 0.945819631 0.000000000
JQ:/crrc/crr: 0.000000000 0.000000520 0.999999480
JQ:/crrc/r: 0.171337375 0.000000009 0.828662615
JQ:/rc/c: 0.999985843 0.000014157 0.000000000
JQ:/rc/crr: 0.000000000 0.000000000 1.000000000
JQ:/rc/r: 0.000000037 0.000000024 0.999999940
JQ:/rrc/c: 0.000015710 0.999984290 0.000000000
JQ:/rrc/crr: 0.000000000 0.012917902 0.987082098
JQ:/rrc/r: 0.464390940 0.000000096 0.535608964
K:/c: 0.999998138 0.000001862 0.000000000
K:/crr: 0.000000000 0.999999999 0.000000001
K:/r: 0.602216359 0.397783640 0.000000001
KJ:/cc/c: 0.013717246 0.986282754 0.000000000
KJ:/cc/crr: 0.000000000 0.962352695 0.037647305
KJ:/cc/r: 0.010006507 0.005520125 0.984473368
KJ:/crc/c: 0.147054768 0.852945232 0.000000000
KJ:/crc/crr: 0.000000000 0.999999987 0.000000013
KJ:/crc/r: 0.000000167 0.722998102 0.277001731
KJ:/crrc/c: 0.339390744 0.660609256 0.000000000
KJ:/crrc/crr: 0.000000000 0.629656695 0.370343305
KJ:/crrc/r: 0.053548170 0.759030228 0.187421603
KJ:/rc/c: 0.423718474 0.576281526 0.000000000
KJ:/rc/crr: 0.000000000 0.704532008 0.295467992
KJ:/rc/r: 0.026915798 0.713960812 0.259123390
KJ:/rrc/c: 0.500602963 0.499397037 0.000000000
KJ:/rrc/crr: 0.000000000 0.999966654 0.000033346
KJ:/rrc/r: 0.045356207 0.875349526 0.079294267
KK:/cc/c: 0.994867361 0.005132639 0.000000000
KK:/cc/crr: 0.000000000 0.997010625 0.002989375
KK:/cc/r: 0.998031849 0.001535970 0.000432181
KK:/crc/c: 0.999999850 0.000000150 0.000000000
KK:/crc/crr: 0.000000000 0.999999946 0.000000054
KK:/crc/r: 0.765231762 0.234768215 0.000000023
KK:/crrc/c: 0.999999994 0.000000006 0.000000000
KK:/crrc/crr: 0.000000000 0.999999997 0.000000003
KK:/crrc/r: 0.999994800 0.000005196 0.000000004
KK:/rc/c: 0.999999978 0.000000022 0.000000000
KK:/rc/crr: 0.000000000 0.999999987 0.000000013
KK:/rc/r: 0.999999970 0.000000015 0.000000016
KK:/rrc/c: 0.999999931 0.000000069 0.000000000
KK:/rrc/crr: 0.000000000 0.999999974 0.000000026
KK:/rrc/r: 0.965160966 0.034839011 0.000000023
KQ:/cc/c: 0.005113322 0.994886678 0.000000000
KQ:/cc/crr: 0.000000000 0.742498085 0.257501915
KQ:/cc/r: 0.026174350 0.968480808 0.005344842
KQ:/crc/c: 0.367148399 0.632851601 0.000000000
KQ:/crc/crr: 0.000000000 0.049132739 0.950867261
KQ:/crc/r: 0.000000021 0.406833326 0.593166653
KQ:/crrc/c: 0.639452789 0.360547211 0.000000000
KQ:/crrc/crr: 0.000000000 0.377519462 0.622480538
KQ:/crrc/r: 0.000006635 0.747077830 0.252915535
KQ:/rc/c: 0.000031544 0.999968456 0.000000000
KQ:/rc/crr: 0.000000000 0.007965734 0.992034266
KQ:/rc/r: 0.000000195 0.287232775 0.712767029
KQ:/rrc/c: 0.535937606 0.464062394 0.000000000
KQ:/rrc/crr: 0.000000000 0.438914266 0.561085734
KQ:/rrc/r: 0.089242130 0.517680644 0.393077225
Q:/c: 0.896831495 0.103168505 0.000000000
Q:/crr: 0.000000000 0.999999957 0.000000043
Q:/r: 0.475723653 0.524276142 0.000000205
QJ:/cc/c: 0.000000772 0.999999228 0.000000000
QJ:/cc/crr: 0.000000000 0.071122849 0.928877151
QJ:/cc/r: 0.000000158 0.000000103 0.999999740
QJ:/crc/c: 0.635641629 0.364358371 0.000000000
QJ:/crc/crr: 0.000000000 0.001119781 0.998880219
QJ:/crc/r: 0.000000078 0.000000007 0.999999916
QJ:/crrc/c: 0.000000150 0.999999850 0.000000000
QJ:/crrc/crr: 0.000000000 0.162305444 0.837694556
QJ:/crrc/r: 0.021205076 0.000000000 0.978794924
QJ:/rc/c: 0.000000867 0.999999133 0.000000000
QJ:/rc/crr: 0.000000000 0.001892695 0.998107305
QJ:/rc/r: 0.021462471 0.000000008 0.978537521
QJ:/rrc/c: 0.000000529 0.999999471 0.000000000
QJ:/rrc/crr: 0.000000000 0.069264951 0.930735049
QJ:/rrc/r: 0.000000072 0.000000013 0.999999915
QK:/cc/c: 0.218881156 0.781118844 0.000000000
QK:/cc/crr: 0.000000000 0.999999946 0.000000054
QK:/cc/r: 0.000000250 0.664275105 0.335724645
QK:/crc/c: 0.353062580 0.646937420 0.000000000
QK:/crc/crr: 0.000000000 0.000011462 0.999988538
QK:/crc/r: 0.000000340 0.375463941 0.624535718
QK:/crrc/c: 0.237249761 0.762750239 0.000000000
QK:/crrc/crr: 0.000000000 0.000003364 0.999996636
QK:/crrc/r: 0.000000519 0.224646281 0.775353200
QK:/rc/c: 0.475206331 0.524793669 0.000000000
QK:/rc/crr: 0.000000000 0.000006843 0.999993157
QK:/rc/r: 0.000000027 0.242975570 0.757024403
QK:/rrc/c: 0.532475895 0.467524105 0.000000000
QK:/rrc/crr: 0.000000000 0.049934630 0.950065370
QK:/rrc/r: 0.000000075 0.439194531 0.560805394
QQ:/cc/c: 0.999999991 0.000000009 0.000000000
QQ:/cc/crr: 0.000000000 0.999999991 0.000000009
QQ:/cc/r: 0.999999804 0.000000085 0.000000111
QQ:/crc/c: 0.999999981 0.000000019 0.000000000
QQ:/crc/crr: 0.000000000 0.999999987 0.000000013
QQ:/crc/r: 0.999999974 0.000000014 0.000000011
QQ:/crrc/c: 0.999999996 0.000000004 0.000000000
QQ:/crrc/crr: 0.000000000 0.999999996 0.000000004
QQ:/crrc/r: 0.999999975 0.000000022 0.000000004
QQ:/rc/c: 0.999999993 0.000000007 0.000000000
QQ:/rc/crr: 0.000000000 0.999999996 0.000000004
QQ:/rc/r: 0.999999985 0.000000007 0.000000009
QQ:/rrc/c: 0.999999961 0.000000039 0.000000000
QQ:/rrc/crr: 0.000000000 0.999999960 0.000000040
QQ:/rrc/r: 0.999999864 0.000000102 0.000000033
