J:/c: 0.274498269 0.725501731 0.000000000
J:/crr: 0.000000000 0.999999997 0.000000003
J:/r: 0.050935701 0.130966772 0.818097527
JJ:/cc/c: 0.999999994 0.000000006 0.000000000
JJ:/cc/crr: 0.000000000 0.999999997 0.000000003
JJ:/cc/r: 0.999999984 0.000000011 0.000000004
JJ:/crc/c: 0.999999985 0.000000015 0.000000000
JJ:/crc/crr: 0.000000000 0.999999994 0.000000006
JJ:/crc/r: 0.609195395 0.390804597 0.000000008
JJ:/crrc/c: 0.999999993 0.000000007 0.000000000
JJ:/crrc/crr: 0.000000000 0.999999997 0.000000003
JJ:/crrc/r: 0.999999924 0.000000072 0.000000004
JJ:/rc/c: 0.999999978 0.000000022 0.000000000
JJ:/rc/crr: 0.000000000 0.999999990 0.000000010
JJ:/rc/r: 0.999999971 0.000000015 0.000000014
JJ:/rrc/c: 0.999999948 0.000000052 0.000000000
JJ:/rrc/crr: 0.000000000 0.999999978 0.000000022
JJ:/rrc/r: 0.999999566 0.000000402 0.000000032
JK:/cc/c: 0.006711114 0.993288886 0.000000000
JK:/cc/crr: 0.000000000 0.000000371 0.999999629
JK:/cc/r: 0.000000609 0.000000004 0.999999387
JK:/crc/c: 0.529726792 0.470273208 0.000000000
JK:/crc/crr: 0.000000000 0.000000082 0.999999918
JK:/crc/r: 0.012996164 0.000000114 0.987003722
JK:/crrc/c: 0.362587168 0.637412832 0.000000000
JK:/crrc/crr: 0.000000000 0.000000272 0.999999728
JK:/crrc/r: 0.200913997 0.000000072 0.799085931
JK:/rc/c: 0.359831090 0.640168910 0.000000000
JK:/rc/crr: 0.000000000 0.000000020 0.999999980
JK:/rc/r: 0.352454800 0.000000011 0.647545189
JK:/rrc/c: 0.999998858 0.000001142 0.000000000
JK:/rrc/crr: 0.000000000 0.000000112 0.999999888
JK:/rrc/r: 0.288157667 0.000000153 0.711842180
JQ:/cc/c: 0.063959892 0.936040108 0.000000000
JQ:/cc/crr: 0.000000000 0.000000000 1.000000000
JQ:/cc/r: 0.033393627 0.000000000 0.966606373
JQ:/crc/c: 0.364615658 0.635384342 0.000000000
JQ:/crc/crr: 0.000000000 0.000003367 0.999996633
JQ:/crc/r: 0.121948269 0.000000029 0.878051702
JQ:/crrc/c: 0.032185474 0.967814526 0.000000000
JQ:/crrc/crr: 0.000000000 0.000000730 0.999999270
JQ:/crrc/r: 0.144086093 0.000000014 0.855913894
JQ:/rc/c: 0.999975614 0.000024386 0.000000000
JQ:/rc/crr: 0.000000000 0.000000000 1.000000000
JQ:/rc/r: 0.000000030 0.000000033 0.999999937
JQ:/rrc/c: 0.000009120 0.999990880 0.000000000
JQ:/rrc/crr: 0.000000000 0.018022854 0.981977146
JQ:/rrc/r: 0.413804884 0.000000147 0.586194969
K:/c: 0.999997729 0.000002271 0.000000000
K:/crr: 0.000000000 0.999999999 0.000000001
K:/r: 0.553804943 0.446195056 0.000000001
KJ:/cc/c: 0.011273739 0.988726261 0.000000000
KJ:/cc/crr: 0.000000000 0.966062559 0.033937441
KJ:/cc/r: 0.009137779 0.006148663 0.984713558
KJ:/crc/c: 0.123841720 0.876158280 0.000000000
KJ:/crc/crr: 0.000000000 0.999999989 0.000000011
KJ:/crc/r: 0.000000141 0.744020718 0.255979142
KJ:/crrc/c: 0.296366105 0.703633895 0.000000000
KJ:/crrc/crr: 0.000000000 0.654376850 0.345623150
KJ:/crrc/r: 0.045200881 0.781510639 0.173288481
KJ:/rc/c: 0.376089625 0.623910375 0.000000000
KJ:/rc/crr: 0.000000000 0.726425774 0.273574226
KJ:/rc/r: 0.022779064 0.737015393 0.240205543
KJ:/rrc/c: 0.451096751 0.548903249 0.000000000
KJ:/rrc/crr: 0.000000000 0.999970055 0.000029945
KJ:/rrc/r: 0.037799219 0.889817933 0.072382848
KK:/cc/c: 0.993746478 0.006253522 0.000000000
KK:/cc/crr: 0.000000000 0.997314736 0.002685264
KK:/cc/r: 0.997653993 0.001872802 0.000473205
KK:/crc/c: 0.999999817 0.000000183 0.000000000
KK:/crc/crr: 0.000000000 0.999999951 0.000000049
KK:/crc/r: 0.727688757 0.272311219 0.000000024
KK:/crrc/c: 0.999999993 0.000000007 0.000000000
KK:/crrc/crr: 0.000000000 0.999999997 0.000000003
KK:/crrc/r: 0.999993657 0.000006338 0.000000004
KK:/rc/c: 0.999999973 0.000000027 0.000000000
KK:/rc/crr: 0.000000000 0.999999989 0.000000011
KK:/rc/r: 0.999999965 0.000000018 0.000000017
KK:/rrc/c: 0.999999916 0.000000084 0.000000000
KK:/rrc/crr: 0.000000000 0.999999977 0.000000023
KK:/rrc/r: 0.957827701 0.042172274 0.000000025
KQ:/cc/c: 0.004195946 0.995804054 0.000000000
KQ:/cc/crr: 0.000000000 0.762526860 0.237473140
KQ:/cc/r: 0.021572136 0.973602835 0.004825029
KQ:/crc/c: 0.322321816 0.677678184 0.000000000
KQ:/crc/crr: 0.000000000 0.054410119 0.945589881
KQ:/crc/r: 0.000000018 0.433034326 0.566965656
KQ:/crrc/c: 0.592506697 0.407493303 0.000000000
KQ:/crrc/crr: 0.000000000 0.403115582 0.596884418
KQ:/crrc/r: 0.000005584 0.766862645 0.233131771
KQ:/rc/c: 0.000025861 0.999974139 0.000000000
KQ:/rc/crr: 0.000000000 0.008862551 0.991137449
KQ:/rc/r: 0.000000173 0.309753525 0.690246302
KQ:/rrc/c: 0.486340031 0.513659969 0.000000000
KQ:/rrc/crr: 0.000000000 0.465559738 0.534440262
KQ:/rrc/r: 0.077518327 0.548491557 0.373990116
Q:/c: 0.834617475 0.165382525 0.000000000
Q:/crr: 0.000000000 0.999999969 0.000000031
Q:/r: 0.345026473 0.654973345 0.000000183
QJ:/cc/c: 0.000000448 0.999999552 0.000000000
QJ:/cc/crr: 0.000000000 0.096969824 0.903030176
QJ:/cc/r: 0.000000128 0.000000144 0.999999728
QJ:/crc/c: 0.503176214 0.496823786 0.000000000
QJ:/crc/crr: 0.000000000 0.001569715 0.998430285
QJ:/crc/r: 0.000000063 0.000000009 0.999999927
QJ:/crrc/c: 0.000000087 0.999999913 0.000000000
QJ:/crrc/crr: 0.000000000 0.213666972 0.786333028
QJ:/crrc/r: 0.017332936 0.000000000 0.982667064
QJ:/rc/c: 0.000000503 0.999999497 0.000000000
QJ:/rc/crr: 0.000000000 0.002652366 0.997347634
QJ:/rc/r: 0.017544173 0.000000011 0.982455816
QJ:/rrc/c: 0.000000307 0.999999693 0.000000000
QJ:/rrc/crr: 0.000000000 0.094505436 0.905494564
QJ:/rrc/r: 0.000000059 0.000000018 0.999999924
QK:/cc/c: 0.139915692 0.860084308 0.000000000
QK:/cc/crr: 0.000000000 0.999999962 0.000000038
QK:/cc/r: 0.000000160 0.735092606 0.264907234
QK:/crc/c: 0.240599382 0.759400618 0.000000000
QK:/crc/crr: 0.000000000 0.000016074 0.999983926
QK:/crc/r: 0.000000241 0.457444502 0.542555258
QK:/crrc/c: 0.152955113 0.847044887 0.000000000
QK:/crrc/crr: 0.000000000 0.000004718 0.999995282
QK:/crrc/r: 0.000000388 0.288931237 0.711068376
QK:/rc/c: 0.344557845 0.655442155 0.000000000
QK:/rc/crr: 0.000000000 0.000009596 0.999990404
QK:/rc/r: 0.000000020 0.310405787 0.689594193
QK:/rrc/c: 0.398024002 0.601975998 0.000000000
QK:/rrc/crr: 0.000000000 0.068650620 0.931349380
QK:/rrc/r: 0.000000052 0.523427855 0.476572093
QQ:/cc/c: 0.999999984 0.000000016 0.000000000
QQ:/cc/crr: 0.000000000 0.999999993 0.000000007
QQ:/cc/r: 0.999999717 0.000000146 0.000000137
QQ:/crc/c: 0.999999967 0.000000033 0.000000000
QQ:/crc/crr: 0.000000000 0.999999990 0.000000010
QQ:/crc/r: 0.999999961 0.000000025 0.000000014
QQ:/crrc/c: 0.999999993 0.000000007 0.000000000
QQ:/crrc/crr: 0.000000000 0.999999997 0.000000003
QQ:/crrc/r: 0.999999959 0.000000037 0.000000004
QQ:/rc/c: 0.999999988 0.000000012 0.000000000
QQ:/rc/crr: 0.000000000 0.999999997 0.000000003
QQ:/rc/r: 0.999999978 0.000000011 0.000000011
QQ:/rrc/c: 0.999999933 0.000000067 0.000000000
QQ:/rrc/crr: 0.000000000 0.999999971 0.000000029
QQ:/rrc/r: 0.999999783 0.000000176 0.000000041
