J:/c: 0.367651821 0.632348179 0.000000000
J:/crr: 0.000000000 0.999999996 0.000000004
J:/r: 0.058596550 0.098046386 0.843357064
JJ:/cc/c: 0.999999996 0.000000004 0.000000000
JJ:/cc/crr: 0.000000000 0.999999996 0.000000004
JJ:/cc/r: 0.999999989 0.000000007 0.000000004
JJ:/crc/c: 0.999999991 0.000000009 0.000000000
JJ:/crc/crr: 0.000000000 0.999999992 0.000000008
JJ:/crc/r: 0.705483021 0.294516971 0.000000009
JJ:/crrc/c: 0.999999996 0.000000004 0.000000000
JJ:/crrc/crr: 0.000000000 0.999999996 0.000000004
JJ:/crrc/r: 0.999999949 0.000000047 0.000000004
JJ:/rc/c: 0.999999985 0.000000015 0.000000000
JJ:/rc/crr: 0.000000000 0.999999987 0.000000013
JJ:/rc/r: 0.999999978 0.000000009 0.000000013
JJ:/rrc/c: 0.999999966 0.000000034 0.000000000
JJ:/rrc/crr: 0.000000000 0.999999970 0.000000030
JJ:/rrc/r: 0.999999710 0.000000262 0.000000029
JK:/cc/c: 0.010275727 0.989724273 0.000000000
JK:/cc/crr: 0.000000000 0.000000269 0.999999731
JK:/cc/r: 0.000000680 0.000000003 0.999999317
JK:/crc/c: 0.633825171 0.366174829 0.000000000
JK:/crc/crr: 0.000000000 0.000000060 0.999999940
JK:/crc/r: 0.014481202 0.000000083 0.985518715
JK:/crrc/c: 0.466416160 0.533583840 0.000000000
JK:/crrc/crr: 0.000000000 0.000000198 0.999999802
JK:/crrc/r: 0.219105152 0.000000051 0.780894797
JK:/rc/c: 0.463444681 0.536555319 0.000000000
JK:/rc/crr: 0.000000000 0.000000014 0.999999986
JK:/rc/r: 0.377878350 0.000000007 0.622121643
JK:/rrc/c: 0.999999257 0.000000743 0.000000000
JK:/rrc/crr: 0.000000000 0.000000081 0.999999919
JK:/rrc/r: 0.311172013 0.000000107 0.688827880
JQ:/cc/c: 0.095023270 0.904976730 0.000000000
JQ:/cc/crr: 0.000000000 0.000000000 1.000000000
JQ:/cc/r: 0.037121768 0.000000000 0.962878232
JQ:/crc/c: 0.468598489 0.531401511 0.000000000
JQ:/crc/crr: 0.000000000 0.000002446 0.999997554
JQ:/crc/r: 0.134190357 0.000000021 0.865809621
JQ:/crrc/c: 0.048618523 0.951381477 0.000000000
JQ:/crrc/crr: 0.000000000 0.000000530 0.999999470
JQ:/crrc/r: 0.158150262 0.000000010 0.841849728
JQ:/rc/c: 0.999984130 0.000015870 0.000000000
JQ:/rc/crr: 0.000000000 0.000000000 1.000000000
JQ:/rc/r: 0.000000033 0.000000024 0.999999943
JQ:/rrc/c: 0.000014015 0.999985985 0.000000000
JQ:/rrc/crr: 0.000000000 0.013153336 0.986846664
JQ:/rrc/r: 0.440642432 0.000000102 0.559357466
K:/c: 0.999998522 0.000001478 0.000000000
K:/crr: 0.000000000 0.999999999 0.000000001
K:/r: 0.656034277 0.343965722 0.000000001
KJ:/cc/c: 0.017219781 0.982780219 0.000000000
KJ:/cc/crr: 0.000000000 0.953858294 0.046141706
KJ:/cc/r: 0.010203638 0.004468027 0.985328335
KJ:/crc/c: 0.178443636 0.821556364 0.000000000
KJ:/crc/crr: 0.000000000 0.999999984 0.000000016
KJ:/crc/r: 0.000000197 0.678537855 0.321461948
KJ:/crrc/c: 0.392921573 0.607078427 0.000000000
KJ:/crrc/crr: 0.000000000 0.578939771 0.421060229
KJ:/crrc/r: 0.063747570 0.717252950 0.218999480
KJ:/rc/c: 0.480868207 0.519131793 0.000000000
KJ:/rc/crr: 0.000000000 0.658507794 0.341492206
KJ:/rc/r: 0.031741308 0.668322683 0.299936009
KJ:/rrc/c: 0.558080220 0.441919780 0.000000000
KJ:/rrc/crr: 0.000000000 0.999958766 0.000041234
KJ:/rrc/r: 0.055446900 0.849407926 0.095145173
KK:/cc/c: 0.995921552 0.004078448 0.000000000
KK:/cc/crr: 0.000000000 0.996306114 0.003693886
KK:/cc/r: 0.998356061 0.001219602 0.000424337
KK:/crc/c: 0.999999881 0.000000119 0.000000000
KK:/crc/crr: 0.000000000 0.999999933 0.000000067
KK:/crc/r: 0.804166638 0.195833339 0.000000024
KK:/crrc/c: 0.999999996 0.000000004 0.000000000
KK:/crrc/crr: 0.000000000 0.999999996 0.000000004
KK:/crrc/r: 0.999995871 0.000004125 0.000000004
KK:/rc/c: 0.999999982 0.000000018 0.000000000
KK:/rc/crr: 0.000000000 0.999999984 0.000000016
KK:/rc/r: 0.999999973 0.000000012 0.000000015
KK:/rrc/c: 0.999999945 0.000000055 0.000000000
KK:/rrc/crr: 0.000000000 0.999999968 0.000000032
KK:/rrc/r: 0.972145713 0.027854265 0.000000022
KQ:/cc/c: 0.006433278 0.993566722 0.000000000
KQ:/cc/crr: 0.000000000 0.699868423 0.300131577
KQ:/cc/r: 0.032710955 0.960732778 0.006556267
KQ:/crc/c: 0.422258867 0.577741133 0.000000000
KQ:/crc/crr: 0.000000000 0.040110862 0.959889138
KQ:/crc/r: 0.000000023 0.356774004 0.643225973
KQ:/crrc/c: 0.690819297 0.309180703 0.000000000
KQ:/crrc/crr: 0.000000000 0.329066097 0.670933903
KQ:/crrc/r: 0.000007887 0.704904919 0.295087194
KQ:/rc/c: 0.000039740 0.999960260 0.000000000
KQ:/rc/crr: 0.000000000 0.006451755 0.993548245
KQ:/rc/r: 0.000000210 0.245791785 0.754208004
KQ:/rrc/c: 0.592657239 0.407342761 0.000000000
KQ:/rrc/crr: 0.000000000 0.387486169 0.612513831
KQ:/rrc/r: 0.100727145 0.463802184 0.435470670
Q:/c: 0.885778470 0.114221530 0.000000000
Q:/crr: 0.000000000 0.999999958 0.000000042
Q:/r: 0.447356063 0.552643725 0.000000212
QJ:/cc/c: 0.000000689 0.999999311 0.000000000
QJ:/cc/crr: 0.000000000 0.072341349 0.927658651
QJ:/cc/r: 0.000000143 0.000000105 0.999999752
QJ:/crc/c: 0.608811635 0.391188365 0.000000000
QJ:/crc/crr: 0.000000000 0.001140438 0.998859562
QJ:/crc/r: 0.000000071 0.000000007 0.999999923
QJ:/crrc/c: 0.000000134 0.999999866 0.000000000
QJ:/crrc/crr: 0.000000000 0.164808942 0.835191058
QJ:/crrc/r: 0.019303834 0.000000000 0.980696166
QJ:/rc/c: 0.000000773 0.999999227 0.000000000
QJ:/rc/crr: 0.000000000 0.001927582 0.998072418
QJ:/rc/r: 0.019538612 0.000000008 0.980461380
QJ:/rrc/c: 0.000000472 0.999999528 0.000000000
QJ:/rrc/crr: 0.000000000 0.070454035 0.929545965
QJ:/rrc/r: 0.000000065 0.000000013 0.999999922
QK:/cc/c: 0.199986990 0.800013010 0.000000000
QK:/cc/crr: 0.000000000 0.999999947 0.000000053
QK:/cc/r: 0.000000224 0.668343901 0.331655875
QK:/crc/c: 0.327441093 0.672558907 0.000000000
QK:/crc/crr: 0.000000000 0.000011673 0.999988327
QK:/crc/r: 0.000000307 0.379764790 0.620234903
QK:/crrc/c: 0.217210908 0.782789092 0.000000000
QK:/crrc/crr: 0.000000000 0.000003426 0.999996574
QK:/crrc/r: 0.000000470 0.227849826 0.772149705
QK:/rc/c: 0.446843295 0.553156705 0.000000000
QK:/rc/crr: 0.000000000 0.000006969 0.999993031
QK:/rc/r: 0.000000025 0.246357436 0.753642539
QK:/rrc/c: 0.503977274 0.496022726 0.000000000
QK:/rrc/crr: 0.000000000 0.050809983 0.949190017
QK:/rrc/r: 0.000000068 0.443706741 0.556293192
QQ:/cc/c: 0.999999990 0.000000010 0.000000000
QQ:/cc/crr: 0.000000000 0.999999991 0.000000009
QQ:/cc/r: 0.999999783 0.000000095 0.000000122
QQ:/crc/c: 0.999999979 0.000000021 0.000000000
QQ:/crc/crr: 0.000000000 0.999999987 0.000000013
QQ:/crc/r: 0.999999971 0.000000016 0.000000013
QQ:/crrc/c: 0.999999996 0.000000004 0.000000000
QQ:/crrc/crr: 0.000000000 0.999999996 0.000000004
QQ:/crrc/r: 0.999999972 0.000000024 0.000000004
QQ:/rc/c: 0.999999992 0.000000008 0.000000000
QQ:/rc/crr: 0.000000000 0.999999996 0.000000004
QQ:/rc/r: 0.999999983 0.000000007 0.000000010
QQ:/rrc/c: 0.999999956 0.000000044 0.000000000
QQ:/rrc/crr: 0.000000000 0.999999960 0.000000040
QQ:/rrc/r: 0.999999849 0.000000115 0.000000037
