J:/c: 0.353723716 0.646276284 0.000000000
J:/crr: 0.000000000 0.999999996 0.000000004
J:/r: 0.056276644 0.100028147 0.843695208
JJ:/cc/c: 0.999999996 0.000000004 0.000000000
JJ:/cc/crr: 0.000000000 0.999999996 0.000000004
JJ:/cc/r: 0.999999988 0.000000008 0.000000004
JJ:/crc/c: 0.999999990 0.000000010 0.000000000
JJ:/crc/crr: 0.000000000 0.999999992 0.000000008
JJ:/crc/r: 0.692777982 0.307222009 0.000000009
JJ:/crrc/c: 0.999999995 0.000000005 0.000000000
JJ:/crrc/crr: 0.000000000 0.999999996 0.000000004
JJ:/crrc/r: 0.999999946 0.000000050 0.000000004
JJ:/rc/c: 0.999999984 0.000000016 0.000000000
JJ:/rc/crr: 0.000000000 0.999999987 0.000000013
JJ:/rc/r: 0.999999977 0.000000010 0.000000013
JJ:/rrc/c: 0.999999964 0.000000036 0.000000000
JJ:/rrc/crr: 0.000000000 0.999999970 0.000000030
JJ:/rrc/r: 0.999999692 0.000000278 0.000000030
JK:/cc/c: 0.009679206 0.990320794 0.000000000
JK:/cc/crr: 0.000000000 0.000000274 0.999999726
JK:/cc/r: 0.000000652 0.000000003 0.999999344
JK:/crc/c: 0.619695297 0.380304703 0.000000000
JK:/crc/crr: 0.000000000 0.000000061 0.999999939
JK:/crc/r: 0.013910353 0.000000084 0.986089562
JK:/crrc/c: 0.451417494 0.548582506 0.000000000
JK:/crrc/crr: 0.000000000 0.000000202 0.999999798
JK:/crrc/r: 0.212204880 0.000000053 0.787795067
JK:/rc/c: 0.448461259 0.551538741 0.000000000
JK:/rc/crr: 0.000000000 0.000000015 0.999999985
JK:/rc/r: 0.368336377 0.000000008 0.631663615
JK:/rrc/c: 0.999999211 0.000000789 0.000000000
JK:/rrc/crr: 0.000000000 0.000000083 0.999999917
JK:/rrc/r: 0.302495446 0.000000111 0.697504443
JQ:/cc/c: 0.089954176 0.910045824 0.000000000
JQ:/cc/crr: 0.000000000 0.000000000 1.000000000
JQ:/cc/r: 0.035690749 0.000000000 0.964309251
JQ:/crc/c: 0.453589302 0.546410698 0.000000000
JQ:/crc/crr: 0.000000000 0.000002494 0.999997506
JQ:/crc/r: 0.129520754 0.000000022 0.870479224
JQ:/crrc/c: 0.045899373 0.954100627 0.000000000
JQ:/crrc/crr: 0.000000000 0.000000540 0.999999460
JQ:/crrc/r: 0.152794032 0.000000010 0.847205958
JQ:/rc/c: 0.999983142 0.000016858 0.000000000
JQ:/rc/crr: 0.000000000 0.000000000 1.000000000
JQ:/rc/r: 0.000000032 0.000000025 0.999999943
JQ:/rrc/c: 0.000013193 0.999986807 0.000000000
JQ:/rrc/crr: 0.000000000 0.013410327 0.986589673
JQ:/rrc/r: 0.430612581 0.000000106 0.569387313
K:/c: 0.999997539 0.000002461 0.000000000
K:/crr: 0.000000000 0.999999999 0.000000001
K:/r: 0.533889731 0.466110269 0.000000001
KJ:/cc/c: 0.010413020 0.989586980 0.000000000
KJ:/cc/crr: 0.000000000 0.973675068 0.026324932
KJ:/cc/r: 0.010917058 0.007960032 0.981122910
KJ:/crc/c: 0.115389742 0.884610258 0.000000000
KJ:/crc/crr: 0.000000000 0.999999991 0.000000009
KJ:/crc/r: 0.000000138 0.790645998 0.209353864
KJ:/crrc/c: 0.279901168 0.720098832 0.000000000
KJ:/crrc/crr: 0.000000000 0.710987694 0.289012306
KJ:/crrc/r: 0.043606500 0.816974310 0.139419190
KJ:/rc/c: 0.357445555 0.642554445 0.000000000
KJ:/rc/crr: 0.000000000 0.775287965 0.224712035
KJ:/rc/r: 0.022294545 0.781643062 0.196062393
KJ:/rrc/c: 0.431304795 0.568695205 0.000000000
KJ:/rrc/crr: 0.000000000 0.999976954 0.000023046
KJ:/rrc/r: 0.035580049 0.907599077 0.056820874
KK:/cc/c: 0.993227222 0.006772778 0.000000000
KK:/cc/crr: 0.000000000 0.997932073 0.002067927
KK:/cc/r: 0.997576183 0.002029211 0.000394606
KK:/crc/c: 0.999999802 0.000000198 0.000000000
KK:/crc/crr: 0.000000000 0.999999962 0.000000038
KK:/crc/r: 0.711491416 0.288508565 0.000000020
KK:/crrc/c: 0.999999993 0.000000007 0.000000000
KK:/crrc/crr: 0.000000000 0.999999998 0.000000002
KK:/crrc/r: 0.999993128 0.000006868 0.000000004
KK:/rc/c: 0.999999971 0.000000029 0.000000000
KK:/rc/crr: 0.000000000 0.999999991 0.000000009
KK:/rc/r: 0.999999966 0.000000019 0.000000014
KK:/rrc/c: 0.999999909 0.000000091 0.000000000
KK:/rrc/crr: 0.000000000 0.999999982 0.000000018
KK:/rrc/r: 0.954462632 0.045537348 0.000000020
KQ:/cc/c: 0.003873480 0.996126520 0.000000000
KQ:/cc/crr: 0.000000000 0.806657302 0.193342698
KQ:/cc/r: 0.019963248 0.976312951 0.003723801
KQ:/crc/c: 0.305040018 0.694959982 0.000000000
KQ:/crc/crr: 0.000000000 0.069563920 0.930436080
KQ:/crc/r: 0.000000019 0.498092432 0.501907549
KQ:/crrc/c: 0.572986966 0.427013034 0.000000000
KQ:/crrc/crr: 0.000000000 0.467384204 0.532615796
KQ:/crrc/r: 0.000005445 0.810386977 0.189607577
KQ:/rc/c: 0.000023866 0.999976134 0.000000000
KQ:/rc/crr: 0.000000000 0.011484942 0.988515058
KQ:/rc/r: 0.000000189 0.368322415 0.631677396
KQ:/rrc/c: 0.466315419 0.533684581 0.000000000
KQ:/rrc/crr: 0.000000000 0.530928442 0.469071558
KQ:/rrc/r: 0.078798071 0.604157702 0.317044227
Q:/c: 0.849973953 0.150026047 0.000000000
Q:/crr: 0.000000000 0.999999968 0.000000032
Q:/r: 0.371616256 0.628383561 0.000000183
QJ:/cc/c: 0.000000503 0.999999497 0.000000000
QJ:/cc/crr: 0.000000000 0.093275500 0.906724500
QJ:/cc/r: 0.000000138 0.000000138 0.999999724
QJ:/crc/c: 0.532053338 0.467946662 0.000000000
QJ:/crc/crr: 0.000000000 0.001503860 0.998496140
QJ:/crc/r: 0.000000068 0.000000009 0.999999923
QJ:/crrc/c: 0.000000098 0.999999902 0.000000000
QJ:/crrc/crr: 0.000000000 0.206543635 0.793456365
QJ:/crrc/r: 0.018616729 0.000000000 0.981383271
QJ:/rc/c: 0.000000565 0.999999435 0.000000000
QJ:/rc/crr: 0.000000000 0.002541205 0.997458795
QJ:/rc/r: 0.018843311 0.000000011 0.981156678
QJ:/rrc/c: 0.000000345 0.999999655 0.000000000
QJ:/rrc/crr: 0.000000000 0.090895549 0.909104451
QJ:/rrc/r: 0.000000063 0.000000017 0.999999920
QK:/cc/c: 0.154425307 0.845574693 0.000000000
QK:/cc/crr: 0.000000000 0.999999960 0.000000040
QK:/cc/r: 0.000000178 0.726649837 0.273349985
QK:/crc/c: 0.262365122 0.737634878 0.000000000
QK:/crc/crr: 0.000000000 0.000015399 0.999984601
QK:/crc/r: 0.000000264 0.446812023 0.553187713
QK:/crrc/c: 0.168551952 0.831448048 0.000000000
QK:/crrc/crr: 0.000000000 0.000004520 0.999995480
QK:/crrc/r: 0.000000422 0.280192792 0.719806786
QK:/rc/c: 0.371131980 0.628868020 0.000000000
QK:/rc/crr: 0.000000000 0.000009193 0.999990807
QK:/rc/r: 0.000000022 0.301293069 0.698706909
QK:/rrc/c: 0.426041370 0.573958630 0.000000000
QK:/rrc/crr: 0.000000000 0.065956390 0.934043610
QK:/rrc/r: 0.000000057 0.512711020 0.487288923
QQ:/cc/c: 0.999999986 0.000000014 0.000000000
QQ:/cc/crr: 0.000000000 0.999999993 0.000000007
QQ:/cc/r: 0.999999743 0.000000130 0.000000127
QQ:/crc/c: 0.999999971 0.000000029 0.000000000
QQ:/crc/crr: 0.000000000 0.999999990 0.000000010
QQ:/crc/r: 0.999999965 0.000000022 0.000000013
QQ:/crrc/c: 0.999999994 0.000000006 0.000000000
QQ:/crrc/crr: 0.000000000 0.999999997 0.000000003
QQ:/crrc/r: 0.999999963 0.000000033 0.000000004
QQ:/rc/c: 0.999999989 0.000000011 0.000000000
QQ:/rc/crr: 0.000000000 0.999999997 0.000000003
QQ:/rc/r: 0.999999980 0.000000010 0.000000010
QQ:/rrc/c: 0.999999940 0.000000060 0.000000000
QQ:/rrc/crr: 0.000000000 0.999999970 0.000000030
QQ:/rrc/r: 0.999999805 0.000000157 0.000000038
