J:/c: 0.306882548 0.693117452 0.000000000
J:/crr: 0.000000000 0.999999995 0.000000005
J:/r: 0.035297650 0.077556897 0.887145453
JJ:/cc/c: 0.999999995 0.000000005 0.000000000
JJ:/cc/crr: 0.000000000 0.999999995 0.000000005
JJ:/cc/r: 0.999999984 0.000000010 0.000000007
JJ:/crc/c: 0.999999988 0.000000012 0.000000000
JJ:/crc/crr: 0.000000000 0.999999989 0.000000011
JJ:/crc/r: 0.645911467 0.354088520 0.000000014
JJ:/crrc/c: 0.999999994 0.000000006 0.000000000
JJ:/crrc/crr: 0.000000000 0.999999995 0.000000005
JJ:/crrc/r: 0.999999932 0.000000061 0.000000007
JJ:/rc/c: 0.999999981 0.000000019 0.000000000
JJ:/rc/crr: 0.000000000 0.999999982 0.000000018
JJ:/rc/r: 0.999999966 0.000000012 0.000000022
JJ:/rrc/c: 0.999999956 0.000000044 0.000000000
JJ:/rrc/crr: 0.000000000 0.999999960 0.000000040
JJ:/rrc/r: 0.999999606 0.000000343 0.000000050
JK:/cc/c: 0.007844459 0.992155541 0.000000000
JK:/cc/crr: 0.000000000 0.000000202 0.999999798
JK:/cc/r: 0.000000389 0.000000002 0.999999609
JK:/crc/c: 0.568622134 0.431377866 0.000000000
JK:/crc/crr: 0.000000000 0.000000045 0.999999955
JK:/crc/r: 0.008344321 0.000000062 0.991655616
JK:/crrc/c: 0.399639242 0.600360758 0.000000000
JK:/crrc/crr: 0.000000000 0.000000149 0.999999851
JK:/crrc/r: 0.138432963 0.000000042 0.861566995
JK:/rc/c: 0.396776839 0.603223161 0.000000000
JK:/rc/crr: 0.000000000 0.000000011 0.999999989
JK:/rc/r: 0.258066697 0.000000007 0.741933297
JK:/rrc/c: 0.999999024 0.000000976 0.000000000
JK:/rrc/crr: 0.000000000 0.000000061 0.999999939
JK:/rrc/r: 0.205523399 0.000000093 0.794476508
JQ:/cc/c: 0.074040518 0.925959482 0.000000000
JQ:/cc/crr: 0.000000000 0.000000000 1.000000000
JQ:/cc/r: 0.021600505 0.000000000 0.978399495
JQ:/crc/c: 0.401744371 0.598255629 0.000000000
JQ:/crc/crr: 0.000000000 0.000001839 0.999998161
JQ:/crc/r: 0.081519108 0.000000017 0.918480875
JQ:/crrc/c: 0.037458588 0.962541412 0.000000000
JQ:/crrc/crr: 0.000000000 0.000000398 0.999999602
JQ:/crrc/r: 0.097129509 0.000000008 0.902870483
JQ:/rc/c: 0.999979161 0.000020839 0.000000000
JQ:/rc/crr: 0.000000000 0.000000000 1.000000000
JQ:/rc/r: 0.000000019 0.000000018 0.999999963
JQ:/rrc/c: 0.000010673 0.999989327 0.000000000
JQ:/rrc/crr: 0.000000000 0.009923401 0.990076599
JQ:/rrc/r: 0.310874716 0.000000095 0.689125189
K:/c: 0.999998059 0.000001941 0.000000000
K:/crr: 0.000000000 0.999999998 0.000000002
K:/r: 0.592241755 0.407758243 0.000000002
KJ:/cc/c: 0.013167388 0.986832612 0.000000000
KJ:/cc/crr: 0.000000000 0.939559430 0.060440570
KJ:/cc/r: 0.005875259 0.003378336 0.990746406
KJ:/crc/c: 0.141929193 0.858070807 0.000000000
KJ:/crc/crr: 0.000000000 0.999999979 0.000000021
KJ:/crc/r: 0.000000136 0.613491691 0.386508174
KJ:/crrc/c: 0.330156234 0.669843766 0.000000000
KJ:/crrc/crr: 0.000000000 0.508343020 0.491656980
KJ:/crrc/r: 0.045926302 0.678555349 0.275518348
KJ:/rc/c: 0.413626123 0.586373877 0.000000000
KJ:/rc/crr: 0.000000000 0.591846532 0.408153468
KJ:/rc/r: 0.022148428 0.612377728 0.365473844
KJ:/rrc/c: 0.490237185 0.509762815 0.000000000
KJ:/rrc/crr: 0.000000000 0.999945167 0.000054833
KJ:/rrc/r: 0.041471212 0.834258924 0.124269863
KK:/cc/c: 0.994651208 0.005348792 0.000000000
KK:/cc/crr: 0.000000000 0.995093755 0.004906245
KK:/cc/r: 0.997659108 0.001600405 0.000740487
KK:/crc/c: 0.999999844 0.000000156 0.000000000
KK:/crc/crr: 0.000000000 0.999999911 0.000000089
KK:/crc/r: 0.757700164 0.242299797 0.000000039
KK:/crrc/c: 0.999999994 0.000000006 0.000000000
KK:/crrc/crr: 0.000000000 0.999999995 0.000000005
KK:/crrc/r: 0.999994577 0.000005416 0.000000007
KK:/rc/c: 0.999999977 0.000000023 0.000000000
KK:/rc/crr: 0.000000000 0.999999979 0.000000021
KK:/rc/r: 0.999999958 0.000000015 0.000000027
KK:/rrc/c: 0.999999928 0.000000072 0.000000000
KK:/rrc/crr: 0.000000000 0.999999958 0.000000042
KK:/rrc/r: 0.963739358 0.036260603 0.000000039
KQ:/cc/c: 0.004906638 0.995093362 0.000000000
KQ:/cc/crr: 0.000000000 0.636828219 0.363171781
KQ:/cc/r: 0.025051500 0.966180375 0.008768125
KQ:/crc/c: 0.357567427 0.642432573 0.000000000
KQ:/crc/crr: 0.000000000 0.030465593 0.969534407
KQ:/crc/r: 0.000000015 0.294331070 0.705668915
KQ:/crrc/c: 0.629837979 0.370162021 0.000000000
KQ:/crrc/crr: 0.000000000 0.269441231 0.730558769
KQ:/crrc/r: 0.000005473 0.642384661 0.357609865
KQ:/rc/c: 0.000030263 0.999969737 0.000000000
KQ:/rc/crr: 0.000000000 0.004859358 0.995140642
KQ:/rc/r: 0.000000128 0.196829213 0.803170659
KQ:/rrc/c: 0.525610232 0.474389768 0.000000000
KQ:/rrc/crr: 0.000000000 0.322361853 0.677638147
KQ:/rrc/r: 0.068511788 0.414253950 0.517234262
Q:/c: 0.855189428 0.144810572 0.000000000
Q:/crr: 0.000000000 0.999999944 0.000000056
Q:/r: 0.381357626 0.618642058 0.000000316
QJ:/cc/c: 0.000000524 0.999999476 0.000000000
QJ:/cc/crr: 0.000000000 0.055393020 0.944606980
QJ:/cc/r: 0.000000082 0.000000079 0.999999839
QJ:/crc/c: 0.542370429 0.457629571 0.000000000
QJ:/crc/crr: 0.000000000 0.000857828 0.999142172
QJ:/crc/r: 0.000000040 0.000000005 0.999999954
QJ:/crrc/c: 0.000000102 0.999999898 0.000000000
QJ:/crrc/crr: 0.000000000 0.129214595 0.870785405
QJ:/crrc/r: 0.011146320 0.000000000 0.988853680
QJ:/rc/c: 0.000000589 0.999999411 0.000000000
QJ:/rc/crr: 0.000000000 0.001450194 0.998549806
QJ:/rc/r: 0.011283026 0.000000006 0.988716967
QJ:/rrc/c: 0.000000360 0.999999640 0.000000000
QJ:/rrc/crr: 0.000000000 0.053922170 0.946077830
QJ:/rrc/r: 0.000000037 0.000000010 0.999999953
QK:/cc/c: 0.159922309 0.840077691 0.000000000
QK:/cc/crr: 0.000000000 0.999999930 0.000000070
QK:/cc/r: 0.000000154 0.602443586 0.397556260
QK:/crc/c: 0.270475369 0.729524631 0.000000000
QK:/crc/crr: 0.000000000 0.000008778 0.999991222
QK:/crc/r: 0.000000194 0.315270285 0.684729521
QK:/crrc/c: 0.174448070 0.825551930 0.000000000
QK:/crrc/crr: 0.000000000 0.000002577 0.999997423
QK:/crrc/r: 0.000000285 0.181600790 0.818398925
QK:/rc/c: 0.380868401 0.619131599 0.000000000
QK:/rc/crr: 0.000000000 0.000005240 0.999994760
QK:/rc/r: 0.000000015 0.197311646 0.802688339
QK:/rrc/c: 0.436219082 0.563780918 0.000000000
QK:/rrc/crr: 0.000000000 0.038695663 0.961304337
QK:/rrc/r: 0.000000043 0.374917161 0.625082795
QQ:/cc/c: 0.999999987 0.000000013 0.000000000
QQ:/cc/crr: 0.000000000 0.999999988 0.000000012
QQ:/cc/r: 0.999999662 0.000000125 0.000000214
QQ:/crc/c: 0.999999972 0.000000028 0.000000000
QQ:/crc/crr: 0.000000000 0.999999982 0.000000018
QQ:/crc/r: 0.999999957 0.000000021 0.000000022
QQ:/crrc/c: 0.999999994 0.000000006 0.000000000
QQ:/crrc/crr: 0.000000000 0.999999995 0.000000005
QQ:/crrc/r: 0.999999962 0.000000032 0.000000007
QQ:/rc/c: 0.999999989 0.000000011 0.000000000
QQ:/rc/crr: 0.000000000 0.999999995 0.000000005
QQ:/rc/r: 0.999999974 0.000000010 0.000000017
QQ:/rrc/c: 0.999999942 0.000000058 0.000000000
QQ:/rrc/crr: 0.000000000 0.999999947 0.000000053
QQ:/rrc/r: 0.999999785 0.000000151 0.000000064
