J:/c: 0.289728697 0.710271303 0.000000000
J:/crr: 0.000000000 0.999999997 0.000000003
J:/r: 0.052443628 0.125073550 0.822482821
JJ:/cc/c: 0.999999995 0.000000005 0.000000000
JJ:/cc/crr: 0.000000000 0.999999997 0.000000003
JJ:/cc/r: 0.999999985 0.000000010 0.000000004
JJ:/crc/c: 0.999999986 0.000000014 0.000000000
JJ:/crc/crr: 0.000000000 0.999999994 0.000000006
JJ:/crc/r: 0.626948473 0.373051518 0.000000008
JJ:/crrc/c: 0.999999994 0.000000006 0.000000000
JJ:/crrc/crr: 0.000000000 0.999999997 0.000000003
JJ:/crrc/r: 0.999999929 0.000000067 0.000000004
JJ:/rc/c: 0.999999979 0.000000021 0.000000000
JJ:/rc/crr: 0.000000000 0.999999990 0.000000010
JJ:/rc/r: 0.999999973 0.000000014 0.000000014
JJ:/rrc/c: 0.999999952 0.000000048 0.000000000
JJ:/rrc/crr: 0.000000000 0.999999977 0.000000023
JJ:/rrc/r: 0.999999596 0.000000373 0.000000032
JK:/cc/c: 0.007231578 0.992768422 0.000000000
JK:/cc/crr: 0.000000000 0.000000352 0.999999648
JK:/cc/r: 0.000000624 0.000000004 0.999999372
JK:/crc/c: 0.548413845 0.451586155 0.000000000
JK:/crc/crr: 0.000000000 0.000000078 0.999999922
JK:/crc/r: 0.013305396 0.000000108 0.986694496
JK:/crrc/c: 0.380144210 0.619855790 0.000000000
JK:/crrc/crr: 0.000000000 0.000000259 0.999999741
JK:/crrc/r: 0.204766919 0.000000068 0.795233013
JK:/rc/c: 0.377333679 0.622666321 0.000000000
JK:/rc/crr: 0.000000000 0.000000019 0.999999981
JK:/rc/r: 0.357912170 0.000000010 0.642087819
JK:/rrc/c: 0.999998941 0.000001059 0.000000000
JK:/rrc/crr: 0.000000000 0.000000106 0.999999894
JK:/rrc/r: 0.293070051 0.000000144 0.706929805
JQ:/cc/c: 0.068613459 0.931386541 0.000000000
JQ:/cc/crr: 0.000000000 0.000000000 1.000000000
JQ:/cc/r: 0.034171393 0.000000000 0.965828607
JQ:/crc/c: 0.382212025 0.617787975 0.000000000
JQ:/crc/crr: 0.000000000 0.000003199 0.999996801
JQ:/crc/r: 0.124522847 0.000000028 0.875477125
JQ:/crrc/c: 0.034612697 0.965387303 0.000000000
JQ:/crrc/crr: 0.000000000 0.000000693 0.999999307
JQ:/crrc/r: 0.147049773 0.000000013 0.852950214
JQ:/rc/c: 0.999977381 0.000022619 0.000000000
JQ:/rc/crr: 0.000000000 0.000000000 1.000000000
JQ:/rc/r: 0.000000030 0.000000032 0.999999938
JQ:/rrc/c: 0.000009833 0.999990167 0.000000000
JQ:/rrc/crr: 0.000000000 0.017135564 0.982864436
JQ:/rrc/r: 0.419596653 0.000000139 0.580403208
K:/c: 0.999997893 0.000002107 0.000000000
K:/crr: 0.000000000 0.999999999 0.000000001
K:/r: 0.572307702 0.427692297 0.000000001
KJ:/cc/c: 0.012143721 0.987856279 0.000000000
KJ:/cc/crr: 0.000000000 0.964336825 0.035663175
KJ:/cc/r: 0.009358956 0.005841190 0.984799855
KJ:/crc/c: 0.132236640 0.867763360 0.000000000
KJ:/crc/crr: 0.000000000 0.999999988 0.000000012
KJ:/crc/r: 0.000000149 0.734111648 0.265888202
KJ:/crrc/c: 0.312287593 0.687712407 0.000000000
KJ:/crrc/crr: 0.000000000 0.642664264 0.357335736
KJ:/crrc/r: 0.048122216 0.771733813 0.180143971
KJ:/rc/c: 0.393896447 0.606103553 0.000000000
KJ:/rc/crr: 0.000000000 0.716095497 0.283904503
KJ:/rc/r: 0.024208794 0.726520287 0.249270919
KJ:/rrc/c: 0.469780899 0.530219101 0.000000000
KJ:/rrc/crr: 0.000000000 0.999968476 0.000031524
KJ:/rrc/r: 0.040477979 0.883834727 0.075687293
KK:/cc/c: 0.994196962 0.005803038 0.000000000
KK:/cc/crr: 0.000000000 0.997173539 0.002826461
KK:/cc/r: 0.997800511 0.001737359 0.000462130
KK:/crc/c: 0.999999830 0.000000170 0.000000000
KK:/crc/crr: 0.000000000 0.999999949 0.000000051
KK:/crc/r: 0.742335737 0.257664239 0.000000024
KK:/crrc/c: 0.999999994 0.000000006 0.000000000
KK:/crrc/crr: 0.000000000 0.999999997 0.000000003
KK:/crrc/r: 0.999994117 0.000005879 0.000000004
KK:/rc/c: 0.999999975 0.000000025 0.000000000
KK:/rc/crr: 0.000000000 0.999999988 0.000000012
KK:/rc/r: 0.999999967 0.000000017 0.000000017
KK:/rrc/c: 0.999999922 0.000000078 0.000000000
KK:/rrc/crr: 0.000000000 0.999999976 0.000000024
KK:/rrc/r: 0.960763497 0.039236479 0.000000024
KQ:/cc/c: 0.004522240 0.995477760 0.000000000
KQ:/cc/crr: 0.000000000 0.753096442 0.246903558
KQ:/cc/r: 0.023212275 0.971718101 0.005069624
KQ:/crc/c: 0.338965972 0.661034028 0.000000000
KQ:/crc/crr: 0.000000000 0.051825978 0.948174022
KQ:/crc/r: 0.000000019 0.420463863 0.579536118
KQ:/crrc/c: 0.610533218 0.389466782 0.000000000
KQ:/crrc/crr: 0.000000000 0.390814955 0.609185045
KQ:/crrc/r: 0.000005947 0.757549556 0.242444497
KQ:/rc/c: 0.000027882 0.999972118 0.000000000
KQ:/rc/crr: 0.000000000 0.008422368 0.991577632
KQ:/rc/r: 0.000000179 0.298875250 0.701124570
KQ:/rrc/c: 0.505140563 0.494859437 0.000000000
KQ:/rrc/crr: 0.000000000 0.452799152 0.547200848
KQ:/rrc/r: 0.081473763 0.534708691 0.383817546
Q:/c: 0.844740141 0.155259859 0.000000000
Q:/crr: 0.000000000 0.999999968 0.000000032
Q:/r: 0.362216395 0.637783417 0.000000187
QJ:/cc/c: 0.000000483 0.999999517 0.000000000
QJ:/cc/crr: 0.000000000 0.092562227 0.907437773
QJ:/cc/r: 0.000000131 0.000000137 0.999999732
QJ:/crc/c: 0.521966220 0.478033780 0.000000000
QJ:/crc/crr: 0.000000000 0.001491206 0.998508794
QJ:/crc/r: 0.000000065 0.000000009 0.999999926
QJ:/crrc/c: 0.000000094 0.999999906 0.000000000
QJ:/crrc/crr: 0.000000000 0.205160187 0.794839813
QJ:/crrc/r: 0.017743502 0.000000000 0.982256498
QJ:/rc/c: 0.000000543 0.999999457 0.000000000
QJ:/rc/crr: 0.000000000 0.002519844 0.997480156
QJ:/rc/r: 0.017959650 0.000000011 0.982040339
QJ:/rrc/c: 0.000000331 0.999999669 0.000000000
QJ:/rrc/crr: 0.000000000 0.090198665 0.909801335
QJ:/rrc/r: 0.000000060 0.000000017 0.999999923
QK:/cc/c: 0.149214658 0.850785342 0.000000000
QK:/cc/crr: 0.000000000 0.999999960 0.000000040
QK:/cc/r: 0.000000171 0.724965683 0.275034146
QK:/crc/c: 0.254609019 0.745390981 0.000000000
QK:/crc/crr: 0.000000000 0.000015269 0.999984731
QK:/crc/r: 0.000000252 0.444721254 0.555278493
QK:/crrc/c: 0.162956500 0.837043500 0.000000000
QK:/crrc/crr: 0.000000000 0.000004482 0.999995518
QK:/crrc/r: 0.000000403 0.278489184 0.721510413
QK:/rc/c: 0.361737318 0.638262682 0.000000000
QK:/rc/crr: 0.000000000 0.000009116 0.999990884
QK:/rc/r: 0.000000021 0.299514546 0.700485433
QK:/rrc/c: 0.416176608 0.583823392 0.000000000
QK:/rrc/crr: 0.000000000 0.065436948 0.934563052
QK:/rrc/r: 0.000000055 0.510596505 0.489403440
QQ:/cc/c: 0.999999985 0.000000015 0.000000000
QQ:/cc/crr: 0.000000000 0.999999993 0.000000007
QQ:/cc/r: 0.999999731 0.000000135 0.000000133
QQ:/crc/c: 0.999999970 0.000000030 0.000000000
QQ:/crc/crr: 0.000000000 0.999999990 0.000000010
QQ:/crc/r: 0.999999963 0.000000023 0.000000014
QQ:/crrc/c: 0.999999994 0.000000006 0.000000000
QQ:/crrc/crr: 0.000000000 0.999999997 0.000000003
QQ:/crrc/r: 0.999999961 0.000000034 0.000000004
QQ:/rc/c: 0.999999989 0.000000011 0.000000000
QQ:/rc/crr: 0.000000000 0.999999997 0.000000003
QQ:/rc/r: 0.999999979 0.000000010 0.000000011
QQ:/rrc/c: 0.999999938 0.000000062 0.000000000
QQ:/rrc/crr: 0.000000000 0.999999970 0.000000030
QQ:/rrc/r: 0.999999797 0.000000163 0.000000040
