J:/c: 0.310883087 0.689116913 0.000000000
J:/crr: 0.000000000 0.999999997 0.000000003
J:/r: 0.056423592 0.121673650 0.821902758
JJ:/cc/c: 0.999999995 0.000000005 0.000000000
JJ:/cc/crr: 0.000000000 0.999999997 0.000000003
JJ:/cc/r: 0.999999987 0.000000009 0.000000004
JJ:/crc/c: 0.999999988 0.000000012 0.000000000
JJ:/crc/crr: 0.000000000 0.999999994 0.000000006
JJ:/crc/r: 0.650185760 0.349814232 0.000000008
JJ:/crrc/c: 0.999999994 0.000000006 0.000000000
JJ:/crrc/crr: 0.000000000 0.999999997 0.000000003
JJ:/crrc/r: 0.999999936 0.000000060 0.000000004
JJ:/rc/c: 0.999999981 0.000000019 0.000000000
JJ:/rc/crr: 0.000000000 0.999999990 0.000000010
JJ:/rc/r: 0.999999975 0.000000012 0.000000013
JJ:/rrc/c: 0.999999957 0.000000043 0.000000000
JJ:/rrc/crr: 0.000000000 0.999999976 0.000000024
JJ:/rrc/r: 0.999999634 0.000000337 0.000000029
JK:/cc/c: 0.007991667 0.992008333 0.000000000
JK:/cc/crr: 0.000000000 0.000000343 0.999999657
JK:/cc/r: 0.000000672 0.000000004 0.999999325
JK:/crc/c: 0.573212935 0.426787065 0.000000000
JK:/crc/crr: 0.000000000 0.000000076 0.999999924
JK:/crc/r: 0.014310655 0.000000105 0.985689240
JK:/crrc/c: 0.404143912 0.595856088 0.000000000
JK:/crrc/crr: 0.000000000 0.000000252 0.999999748
JK:/crrc/r: 0.217055476 0.000000065 0.782944458
JK:/rc/c: 0.401270810 0.598729190 0.000000000
JK:/rc/crr: 0.000000000 0.000000018 0.999999982
JK:/rc/r: 0.375056762 0.000000010 0.624943228
JK:/rrc/c: 0.999999042 0.000000958 0.000000000
JK:/rrc/crr: 0.000000000 0.000000103 0.999999897
JK:/rrc/r: 0.308601431 0.000000137 0.691398432
JQ:/cc/c: 0.075335629 0.924664371 0.000000000
JQ:/cc/crr: 0.000000000 0.000000000 1.000000000
JQ:/cc/r: 0.036694507 0.000000000 0.963305493
JQ:/crc/c: 0.406256712 0.593743288 0.000000000
JQ:/crc/crr: 0.000000000 0.000003114 0.999996886
JQ:/crc/r: 0.132799951 0.000000027 0.867200022
JQ:/crrc/c: 0.038140167 0.961859833 0.000000000
JQ:/crrc/crr: 0.000000000 0.000000675 0.999999325
JQ:/crrc/r: 0.156556487 0.000000013 0.843443500
JQ:/rc/c: 0.999979548 0.000020452 0.000000000
JQ:/rc/crr: 0.000000000 0.000000000 1.000000000
JQ:/rc/r: 0.000000033 0.000000031 0.999999936
JQ:/rrc/c: 0.000010875 0.999989125 0.000000000
JQ:/rrc/crr: 0.000000000 0.016689107 0.983310893
JQ:/rrc/r: 0.437681891 0.000000131 0.562317978
K:/c: 0.999998095 0.000001905 0.000000000
K:/crr: 0.000000000 0.999999999 0.000000001
K:/r: 0.596759448 0.403240551 0.000000001
KJ:/cc/c: 0.013413135 0.986586865 0.000000000
KJ:/cc/crr: 0.000000000 0.963401677 0.036598323
KJ:/cc/r: 0.010070651 0.005683221 0.984246129
KJ:/crc/c: 0.144226843 0.855773157 0.000000000
KJ:/crc/crr: 0.000000000 0.999999988 0.000000012
KJ:/crc/r: 0.000000164 0.728837118 0.271162717
KJ:/crrc/c: 0.334313832 0.665686168 0.000000000
KJ:/crrc/crr: 0.000000000 0.636473983 0.363526017
KJ:/crrc/r: 0.052693906 0.764091483 0.183214611
KJ:/rc/c: 0.418178635 0.581821365 0.000000000
KJ:/rc/crr: 0.000000000 0.710604471 0.289395529
KJ:/rc/r: 0.026525799 0.719790519 0.253683682
KJ:/rrc/c: 0.494921206 0.505078794 0.000000000
KJ:/rrc/crr: 0.000000000 0.999967618 0.000032382
KJ:/rrc/r: 0.044484347 0.878258808 0.077256845
KK:/cc/c: 0.994749992 0.005250008 0.000000000
KK:/cc/crr: 0.000000000 0.997096833 0.002903167
KK:/cc/r: 0.997999457 0.001571228 0.000429315
KK:/crc/c: 0.999999847 0.000000153 0.000000000
KK:/crc/crr: 0.000000000 0.999999947 0.000000053
KK:/crc/r: 0.761124093 0.238875884 0.000000023
KK:/crrc/c: 0.999999994 0.000000006 0.000000000
KK:/crrc/crr: 0.000000000 0.999999997 0.000000003
KK:/crrc/r: 0.999994680 0.000005316 0.000000004
KK:/rc/c: 0.999999977 0.000000023 0.000000000
KK:/rc/crr: 0.000000000 0.999999988 0.000000012
KK:/rc/r: 0.999999969 0.000000015 0.000000016
KK:/rrc/c: 0.999999929 0.000000071 0.000000000
KK:/rrc/crr: 0.000000000 0.999999975 0.000000025
KK:/rrc/r: 0.964388609 0.035611369 0.000000022
KQ:/cc/c: 0.004998993 0.995001007 0.000000000
KQ:/cc/crr: 0.000000000 0.748069285 0.251930715
KQ:/cc/r: 0.025605194 0.969200689 0.005194117
KQ:/crc/c: 0.361883724 0.638116276 0.000000000
KQ:/crc/crr: 0.000000000 0.050522142 0.949477858
KQ:/crc/r: 0.000000021 0.413934579 0.586065400
KQ:/crrc/c: 0.634196411 0.365803589 0.000000000
KQ:/crrc/crr: 0.000000000 0.384440665 0.615559335
KQ:/crrc/r: 0.000006534 0.752582930 0.247410536
KQ:/rc/c: 0.000030836 0.999969164 0.000000000
KQ:/rc/crr: 0.000000000 0.008201034 0.991798966
KQ:/rc/r: 0.000000195 0.293278586 0.706721219
KQ:/rrc/c: 0.530280650 0.469719350 0.000000000
KQ:/rrc/crr: 0.000000000 0.446154303 0.553845697
KQ:/rrc/r: 0.088419247 0.524697916 0.386882837
Q:/c: 0.857494829 0.142505171 0.000000000
Q:/crr: 0.000000000 0.999999967 0.000000033
Q:/r: 0.385788695 0.614211119 0.000000185
QJ:/cc/c: 0.000000534 0.999999466 0.000000000
QJ:/cc/crr: 0.000000000 0.090331185 0.909668815
QJ:/cc/r: 0.000000141 0.000000133 0.999999725
QJ:/crc/c: 0.547018046 0.452981954 0.000000000
QJ:/crc/crr: 0.000000000 0.001451751 0.998548249
QJ:/crc/r: 0.000000070 0.000000009 0.999999922
QJ:/crrc/c: 0.000000104 0.999999896 0.000000000
QJ:/crrc/crr: 0.000000000 0.200815778 0.799184222
QJ:/crrc/r: 0.019077589 0.000000000 0.980922411
QJ:/rc/c: 0.000000600 0.999999400 0.000000000
QJ:/rc/crr: 0.000000000 0.002453241 0.997546759
QJ:/rc/r: 0.019309669 0.000000011 0.980690320
QJ:/rrc/c: 0.000000366 0.999999634 0.000000000
QJ:/rrc/crr: 0.000000000 0.088019066 0.911980934
QJ:/rrc/r: 0.000000065 0.000000016 0.999999919
QK:/cc/c: 0.162456096 0.837543904 0.000000000
QK:/cc/crr: 0.000000000 0.999999959 0.000000041
QK:/cc/r: 0.000000187 0.719579025 0.280420788
QK:/crc/c: 0.274189050 0.725810950 0.000000000
QK:/crc/crr: 0.000000000 0.000014865 0.999985135
QK:/crc/r: 0.000000275 0.438100032 0.561899693
QK:/crrc/c: 0.177163466 0.822836534 0.000000000
QK:/crrc/crr: 0.000000000 0.000004363 0.999995637
QK:/crrc/r: 0.000000437 0.273125550 0.726874013
QK:/rc/c: 0.385297277 0.614702723 0.000000000
QK:/rc/crr: 0.000000000 0.000008874 0.999991126
QK:/rc/r: 0.000000023 0.293910932 0.706089045
QK:/rrc/c: 0.440833313 0.559166687 0.000000000
QK:/rrc/crr: 0.000000000 0.063813733 0.936186267
QK:/rrc/r: 0.000000059 0.503884512 0.496115428
QQ:/cc/c: 0.999999987 0.000000013 0.000000000
QQ:/cc/crr: 0.000000000 0.999999993 0.000000007
QQ:/cc/r: 0.999999754 0.000000122 0.000000124
QQ:/crc/c: 0.999999973 0.000000027 0.000000000
QQ:/crc/crr: 0.000000000 0.999999990 0.000000010
QQ:/crc/r: 0.999999967 0.000000021 0.000000013
QQ:/crrc/c: 0.999999994 0.000000006 0.000000000
QQ:/crrc/crr: 0.000000000 0.999999997 0.000000003
QQ:/crrc/r: 0.999999965 0.000000031 0.000000004
QQ:/rc/c: 0.999999990 0.000000010 0.000000000
QQ:/rc/crr: 0.000000000 0.999999997 0.000000003
QQ:/rc/r: 0.999999981 0.000000009 0.000000010
QQ:/rrc/c: 0.999999944 0.000000056 0.000000000
QQ:/rrc/crr: 0.000000000 0.999999969 0.000000031
QQ:/rrc/r: 0.999999815 0.000000148 0.000000037
