J:/c: 0.298126749 0.701873251 0.000000000
J:/crr: 0.000000000 0.999999997 0.000000003
J:/r: 0.054870914 0.125672407 0.819456679
JJ:/cc/c: 0.999999995 0.000000005 0.000000000
JJ:/cc/crr: 0.000000000 0.999999997 0.000000003
JJ:/cc/r: 0.999999986 0.000000010 0.000000004
JJ:/crc/c: 0.999999987 0.000000013 0.000000000
JJ:/crc/crr: 0.000000000 0.999999994 0.000000006
JJ:/crc/r: 0.636363629 0.363636363 0.000000008
JJ:/crrc/c: 0.999999994 0.000000006 0.000000000
JJ:/crrc/crr: 0.000000000 0.999999997 0.000000003
JJ:/crrc/r: 0.999999932 0.000000064 0.000000004
JJ:/rc/c: 0.999999980 0.000000020 0.000000000
JJ:/rc/crr: 0.000000000 0.999999990 0.000000010
JJ:/rc/r: 0.999999974 0.000000013 0.000000013
JJ:/rrc/c: 0.999999954 0.000000046 0.000000000
JJ:/rrc/crr: 0.000000000 0.999999977 0.000000023
JJ:/rrc/r: 0.999999612 0.000000358 0.000000030
JK:/cc/c: 0.007527979 0.992472021 0.000000000
JK:/cc/crr: 0.000000000 0.000000355 0.999999645
JK:/cc/r: 0.000000655 0.000000004 0.999999341
JK:/crc/c: 0.558415020 0.441584980 0.000000000
JK:/crc/crr: 0.000000000 0.000000079 0.999999921
JK:/crc/r: 0.013963311 0.000000109 0.986036580
JK:/crrc/c: 0.389725021 0.610274979 0.000000000
JK:/crrc/crr: 0.000000000 0.000000261 0.999999739
JK:/crrc/r: 0.212849808 0.000000068 0.787150124
JK:/rc/c: 0.386887868 0.613112132 0.000000000
JK:/rc/crr: 0.000000000 0.000000019 0.999999981
JK:/rc/r: 0.369233420 0.000000010 0.630766570
JK:/rrc/c: 0.999998983 0.000001017 0.000000000
JK:/rrc/crr: 0.000000000 0.000000107 0.999999893
JK:/rrc/r: 0.303309127 0.000000143 0.696690730
JQ:/cc/c: 0.071245173 0.928754827 0.000000000
JQ:/cc/crr: 0.000000000 0.000000000 1.000000000
JQ:/cc/r: 0.035823615 0.000000000 0.964176385
JQ:/crc/c: 0.391812009 0.608187991 0.000000000
JQ:/crc/crr: 0.000000000 0.000003226 0.999996774
JQ:/crc/r: 0.129955845 0.000000028 0.870044127
JQ:/crrc/c: 0.035990684 0.964009316 0.000000000
JQ:/crrc/crr: 0.000000000 0.000000699 0.999999301
JQ:/crrc/r: 0.153293536 0.000000013 0.846706451
JQ:/rc/c: 0.999978278 0.000021722 0.000000000
JQ:/rc/crr: 0.000000000 0.000000000 1.000000000
JQ:/rc/r: 0.000000032 0.000000032 0.999999936
JQ:/rrc/c: 0.000010239 0.999989761 0.000000000
JQ:/rrc/crr: 0.000000000 0.017278676 0.982721324
JQ:/rrc/r: 0.431557658 0.000000137 0.568442205
K:/c: 0.999997977 0.000002023 0.000000000
K:/crr: 0.000000000 0.999999999 0.000000001
K:/r: 0.582182863 0.417817136 0.000000001
KJ:/cc/c: 0.012638893 0.987361107 0.000000000
KJ:/cc/crr: 0.000000000 0.964626727 0.035373273
KJ:/cc/r: 0.009823186 0.005887776 0.984289038
KJ:/crc/c: 0.136949843 0.863050157 0.000000000
KJ:/crc/crr: 0.000000000 0.999999988 0.000000012
KJ:/crc/r: 0.000000156 0.735760211 0.264239633
KJ:/crrc/c: 0.321043975 0.678956025 0.000000000
KJ:/crrc/crr: 0.000000000 0.644605336 0.355394664
KJ:/crrc/r: 0.050086060 0.771371823 0.178542117
KJ:/rc/c: 0.403598181 0.596401819 0.000000000
KJ:/rc/crr: 0.000000000 0.717812831 0.282187169
KJ:/rc/r: 0.025236348 0.727320940 0.247442712
KJ:/rrc/c: 0.479871895 0.520128105 0.000000000
KJ:/rrc/crr: 0.000000000 0.999968742 0.000031258
KJ:/rrc/r: 0.042106105 0.882921925 0.074971970
KK:/cc/c: 0.994425828 0.005574172 0.000000000
KK:/cc/crr: 0.000000000 0.997197291 0.002802709
KK:/cc/r: 0.997891291 0.001668607 0.000440102
KK:/crc/c: 0.999999837 0.000000163 0.000000000
KK:/crc/crr: 0.000000000 0.999999949 0.000000051
KK:/crc/r: 0.749999971 0.250000006 0.000000023
KK:/crrc/c: 0.999999994 0.000000006 0.000000000
KK:/crrc/crr: 0.000000000 0.999999997 0.000000003
KK:/crrc/r: 0.999994350 0.000005646 0.000000004
KK:/rc/c: 0.999999976 0.000000024 0.000000000
KK:/rc/crr: 0.000000000 0.999999988 0.000000012
KK:/rc/r: 0.999999968 0.000000016 0.000000016
KK:/rrc/c: 0.999999925 0.000000075 0.000000000
KK:/rrc/crr: 0.000000000 0.999999976 0.000000024
KK:/rrc/r: 0.962260892 0.037739085 0.000000023
KQ:/cc/c: 0.004708120 0.995291880 0.000000000
KQ:/cc/crr: 0.000000000 0.754666638 0.245333362
KQ:/cc/r: 0.024148776 0.970828921 0.005022303
KQ:/crc/c: 0.348091771 0.651908229 0.000000000
KQ:/crc/crr: 0.000000000 0.052243415 0.947756585
KQ:/crc/r: 0.000000020 0.422527372 0.577472608
KQ:/crrc/c: 0.620111633 0.379888367 0.000000000
KQ:/crrc/crr: 0.000000000 0.392831588 0.607168412
KQ:/crrc/r: 0.000006205 0.759100266 0.240893529
KQ:/rc/c: 0.000029033 0.999970967 0.000000000
KQ:/rc/crr: 0.000000000 0.008493338 0.991506662
KQ:/rc/r: 0.000000188 0.300651604 0.699348208
KQ:/rrc/c: 0.515252997 0.484747003 0.000000000
KQ:/rrc/crr: 0.000000000 0.454896792 0.545103208
KQ:/rrc/r: 0.084827410 0.534639038 0.380533552
Q:/c: 0.882105600 0.117894400 0.000000000
Q:/crr: 0.000000000 0.999999959 0.000000041
Q:/r: 0.438521736 0.561478053 0.000000211
QJ:/cc/c: 0.000000664 0.999999336 0.000000000
QJ:/cc/crr: 0.000000000 0.073959141 0.926040859
QJ:/cc/r: 0.000000141 0.000000107 0.999999751
QJ:/crc/c: 0.600251974 0.399748026 0.000000000
QJ:/crc/crr: 0.000000000 0.001167947 0.998832053
QJ:/crc/r: 0.000000070 0.000000007 0.999999923
QJ:/crrc/c: 0.000000129 0.999999871 0.000000000
QJ:/crrc/crr: 0.000000000 0.168119854 0.831880146
QJ:/crrc/r: 0.019079046 0.000000000 0.980920954
QJ:/rc/c: 0.000000746 0.999999254 0.000000000
QJ:/rc/crr: 0.000000000 0.001974040 0.998025960
QJ:/rc/r: 0.019311145 0.000000009 0.980688847
QJ:/rrc/c: 0.000000456 0.999999544 0.000000000
QJ:/rrc/crr: 0.000000000 0.072032898 0.927967102
QJ:/rrc/r: 0.000000065 0.000000013 0.999999922
QK:/cc/c: 0.194320010 0.805679990 0.000000000
QK:/cc/crr: 0.000000000 0.999999948 0.000000052
QK:/cc/r: 0.000000218 0.673611838 0.326387944
QK:/crc/c: 0.319605329 0.680394671 0.000000000
QK:/crc/crr: 0.000000000 0.000011955 0.999988045
QK:/crc/r: 0.000000301 0.385401328 0.614598371
QK:/crrc/c: 0.211184698 0.788815302 0.000000000
QK:/crrc/crr: 0.000000000 0.000003509 0.999996491
QK:/crrc/r: 0.000000462 0.232075281 0.767924257
QK:/rc/c: 0.438011066 0.561988934 0.000000000
QK:/rc/crr: 0.000000000 0.000007137 0.999992863
QK:/rc/r: 0.000000024 0.250814625 0.749185351
QK:/rrc/c: 0.495026369 0.504973631 0.000000000
QK:/rrc/crr: 0.000000000 0.051973241 0.948026759
QK:/rrc/r: 0.000000066 0.449604365 0.550395569
QQ:/cc/c: 0.999999989 0.000000011 0.000000000
QQ:/cc/crr: 0.000000000 0.999999991 0.000000009
QQ:/cc/r: 0.999999778 0.000000098 0.000000124
QQ:/crc/c: 0.999999978 0.000000022 0.000000000
QQ:/crc/crr: 0.000000000 0.999999987 0.000000013
QQ:/crc/r: 0.999999971 0.000000017 0.000000013
QQ:/crrc/c: 0.999999995 0.000000005 0.000000000
QQ:/crrc/crr: 0.000000000 0.999999996 0.000000004
QQ:/crrc/r: 0.999999971 0.000000025 0.000000004
QQ:/rc/c: 0.999999992 0.000000008 0.000000000
QQ:/rc/crr: 0.000000000 0.999999996 0.000000004
QQ:/rc/r: 0.999999983 0.000000008 0.000000010
QQ:/rrc/c: 0.999999955 0.000000045 0.000000000
QQ:/rrc/crr: 0.000000000 0.999999961 0.000000039
QQ:/rrc/r: 0.999999844 0.000000119 0.000000037
