J:/c: 0.295685178 0.704314822 0.000000000
J:/crr: 0.000000000 0.999999997 0.000000003
J:/r: 0.058547249 0.135669978 0.805782773
JJ:/cc/c: 0.999999995 0.000000005 0.000000000
JJ:/cc/crr: 0.000000000 0.999999997 0.000000003
JJ:/cc/r: 0.999999986 0.000000010 0.000000004
JJ:/crc/c: 0.999999987 0.000000013 0.000000000
JJ:/crc/crr: 0.000000000 0.999999995 0.000000005
JJ:/crc/r: 0.633652815 0.366347177 0.000000007
JJ:/crrc/c: 0.999999994 0.000000006 0.000000000
JJ:/crrc/crr: 0.000000000 0.999999997 0.000000003
JJ:/crrc/r: 0.999999932 0.000000065 0.000000004
JJ:/rc/c: 0.999999980 0.000000020 0.000000000
JJ:/rc/crr: 0.000000000 0.999999991 0.000000009
JJ:/rc/r: 0.999999975 0.000000013 0.000000012
JJ:/rrc/c: 0.999999953 0.000000047 0.000000000
JJ:/rrc/crr: 0.000000000 0.999999979 0.000000021
JJ:/rrc/r: 0.999999610 0.000000362 0.000000028
JK:/cc/c: 0.007441096 0.992558904 0.000000000
JK:/cc/crr: 0.000000000 0.000000390 0.999999610
JK:/cc/r: 0.000000711 0.000000004 0.999999285
JK:/crc/c: 0.555528982 0.444471018 0.000000000
JK:/crc/crr: 0.000000000 0.000000087 0.999999913
JK:/crc/r: 0.015133693 0.000000120 0.984866187
JK:/crrc/c: 0.386946856 0.613053144 0.000000000
JK:/crrc/crr: 0.000000000 0.000000287 0.999999713
JK:/crrc/r: 0.226855229 0.000000073 0.773144698
JK:/rc/c: 0.384117198 0.615882802 0.000000000
JK:/rc/crr: 0.000000000 0.000000021 0.999999979
JK:/rc/r: 0.388450815 0.000000011 0.611549174
JK:/rrc/c: 0.999998971 0.000001029 0.000000000
JK:/rrc/crr: 0.000000000 0.000000117 0.999999883
JK:/rrc/r: 0.320840632 0.000000153 0.679159215
JQ:/cc/c: 0.070475125 0.929524875 0.000000000
JQ:/cc/crr: 0.000000000 0.000000000 1.000000000
JQ:/cc/r: 0.038754279 0.000000000 0.961245721
JQ:/crc/c: 0.389028451 0.610971549 0.000000000
JQ:/crc/crr: 0.000000000 0.000003542 0.999996458
JQ:/crc/r: 0.139473331 0.000000030 0.860526638
JQ:/crrc/c: 0.035587081 0.964412919 0.000000000
JQ:/crrc/crr: 0.000000000 0.000000767 0.999999233
JQ:/crrc/r: 0.164197630 0.000000014 0.835802356
JQ:/rc/c: 0.999978022 0.000021978 0.000000000
JQ:/rc/crr: 0.000000000 0.000000000 1.000000000
JQ:/rc/r: 0.000000035 0.000000035 0.999999930
JQ:/rrc/c: 0.000010120 0.999989880 0.000000000
JQ:/rrc/crr: 0.000000000 0.018937755 0.981062245
JQ:/rrc/r: 0.451695934 0.000000145 0.548303921
K:/c: 0.999997953 0.000002047 0.000000000
K:/crr: 0.000000000 0.999999999 0.000000001
K:/r: 0.579335144 0.420664855 0.000000001
KJ:/cc/c: 0.012493765 0.987506235 0.000000000
KJ:/cc/crr: 0.000000000 0.967678234 0.032321766
KJ:/cc/r: 0.010644169 0.006454910 0.982900920
KJ:/crc/c: 0.135573295 0.864426705 0.000000000
KJ:/crc/crr: 0.000000000 0.999999989 0.000000011
KJ:/crc/r: 0.000000158 0.753510081 0.246489761
KJ:/crrc/c: 0.318499888 0.681500112 0.000000000
KJ:/crrc/crr: 0.000000000 0.665696237 0.334303763
KJ:/crrc/r: 0.050334124 0.784312143 0.165353733
KJ:/rc/c: 0.400786069 0.599213931 0.000000000
KJ:/rc/crr: 0.000000000 0.736336269 0.263663731
KJ:/rc/r: 0.025513180 0.743949926 0.230536894
KJ:/rrc/c: 0.476953344 0.523046656 0.000000000
KJ:/rrc/crr: 0.000000000 0.999971528 0.000028472
KJ:/rrc/r: 0.041917177 0.889301018 0.068781805
KK:/cc/c: 0.994360619 0.005639381 0.000000000
KK:/cc/crr: 0.000000000 0.997446507 0.002553493
KK:/cc/r: 0.997906147 0.001688263 0.000405590
KK:/crc/c: 0.999999835 0.000000165 0.000000000
KK:/crc/crr: 0.000000000 0.999999954 0.000000046
KK:/crc/r: 0.747800559 0.252199420 0.000000021
KK:/crrc/c: 0.999999994 0.000000006 0.000000000
KK:/crrc/crr: 0.000000000 0.999999997 0.000000003
KK:/crrc/r: 0.999994284 0.000005712 0.000000004
KK:/rc/c: 0.999999976 0.000000024 0.000000000
KK:/rc/crr: 0.000000000 0.999999989 0.000000011
KK:/rc/r: 0.999999969 0.000000016 0.000000015
KK:/rrc/c: 0.999999924 0.000000076 0.000000000
KK:/rrc/crr: 0.000000000 0.999999978 0.000000022
KK:/rrc/r: 0.961833850 0.038166129 0.000000021
KQ:/cc/c: 0.004653629 0.995346371 0.000000000
KQ:/cc/crr: 0.000000000 0.771540857 0.228459143
KQ:/cc/r: 0.023885377 0.971536709 0.004577913
KQ:/crc/c: 0.345442398 0.654557602 0.000000000
KQ:/crc/crr: 0.000000000 0.057064817 0.942935183
KQ:/crc/r: 0.000000021 0.445459689 0.554540290
KQ:/crrc/c: 0.617352515 0.382647485 0.000000000
KQ:/crrc/crr: 0.000000000 0.415311317 0.584688683
KQ:/crrc/r: 0.000006267 0.775759766 0.224233966
KQ:/rc/c: 0.000028695 0.999971305 0.000000000
KQ:/rc/crr: 0.000000000 0.009316856 0.990683144
KQ:/rc/r: 0.000000198 0.320642031 0.679357771
KQ:/rrc/c: 0.512331220 0.487668780 0.000000000
KQ:/rrc/crr: 0.000000000 0.478131332 0.521868668
KQ:/rrc/r: 0.086873800 0.553978367 0.359147833
Q:/c: 0.848476382 0.151523618 0.000000000
Q:/crr: 0.000000000 0.999999971 0.000000029
Q:/r: 0.368889157 0.631110676 0.000000167
QJ:/cc/c: 0.000000497 0.999999503 0.000000000
QJ:/cc/crr: 0.000000000 0.101478188 0.898521812
QJ:/cc/r: 0.000000150 0.000000152 0.999999699
QJ:/crc/c: 0.529140286 0.470859714 0.000000000
QJ:/crc/crr: 0.000000000 0.001650803 0.998349197
QJ:/crc/r: 0.000000074 0.000000010 0.999999916
QJ:/crrc/c: 0.000000097 0.999999903 0.000000000
QJ:/crrc/crr: 0.000000000 0.222265468 0.777734532
QJ:/crrc/r: 0.020169175 0.000000000 0.979830825
QJ:/rc/c: 0.000000558 0.999999442 0.000000000
QJ:/rc/crr: 0.000000000 0.002789225 0.997210775
QJ:/rc/r: 0.020414259 0.000000012 0.979585729
QJ:/rrc/c: 0.000000341 0.999999659 0.000000000
QJ:/rrc/crr: 0.000000000 0.098911774 0.901088226
QJ:/rrc/r: 0.000000068 0.000000019 0.999999913
QK:/cc/c: 0.152904225 0.847095775 0.000000000
QK:/cc/crr: 0.000000000 0.999999964 0.000000036
QK:/cc/r: 0.000000180 0.744799416 0.255200404
QK:/crc/c: 0.260107891 0.739892109 0.000000000
QK:/crc/crr: 0.000000000 0.000016906 0.999983094
QK:/crc/r: 0.000000274 0.469989650 0.530010075
QK:/crrc/c: 0.166919192 0.833080808 0.000000000
QK:/crrc/crr: 0.000000000 0.000004962 0.999995038
QK:/crrc/r: 0.000000446 0.299405277 0.700594277
QK:/rc/c: 0.368406345 0.631593655 0.000000000
QK:/rc/crr: 0.000000000 0.000010093 0.999989907
QK:/rc/r: 0.000000023 0.321306555 0.678693421
QK:/rrc/c: 0.423183840 0.576816160 0.000000000
QK:/rrc/crr: 0.000000000 0.071947255 0.928052745
QK:/rrc/r: 0.000000059 0.535994899 0.464005042
QQ:/cc/c: 0.999999986 0.000000014 0.000000000
QQ:/cc/crr: 0.000000000 0.999999994 0.000000006
QQ:/cc/r: 0.999999751 0.000000132 0.000000117
QQ:/crc/c: 0.999999971 0.000000029 0.000000000
QQ:/crc/crr: 0.000000000 0.999999991 0.000000009
QQ:/crc/r: 0.999999966 0.000000022 0.000000012
QQ:/crrc/c: 0.999999994 0.000000006 0.000000000
QQ:/crrc/crr: 0.000000000 0.999999997 0.000000003
QQ:/crrc/r: 0.999999963 0.000000033 0.000000004
QQ:/rc/c: 0.999999989 0.000000011 0.000000000
QQ:/rc/crr: 0.000000000 0.999999997 0.000000003
QQ:/rc/r: 0.999999981 0.000000010 0.000000009
QQ:/rrc/c: 0.999999939 0.000000061 0.000000000
QQ:/rrc/crr: 0.000000000 0.999999973 0.000000027
QQ:/rrc/r: 0.999999806 0.000000159 0.000000035
