J:/c: 0.305339082 0.694660918 0.000000000
J:/crr: 0.000000000 0.999999997 0.000000003
J:/r: 0.051251298 0.113431933 0.835316768
JJ:/cc/c: 0.999999995 0.000000005 0.000000000
JJ:/cc/crr: 0.000000000 0.999999997 0.000000003
JJ:/cc/r: 0.999999986 0.000000010 0.000000004
JJ:/crc/c: 0.999999987 0.000000013 0.000000000
JJ:/crc/crr: 0.000000000 0.999999993 0.000000007
JJ:/crc/r: 0.644247780 0.355752211 0.000000009
JJ:/crrc/c: 0.999999994 0.000000006 0.000000000
JJ:/crrc/crr: 0.000000000 0.999999997 0.000000003
JJ:/crrc/r: 0.999999934 0.000000062 0.000000004
JJ:/rc/c: 0.999999981 0.000000019 0.000000000
JJ:/rc/crr: 0.000000000 0.999999989 0.000000011
JJ:/rc/r: 0.999999973 0.000000013 0.000000014
JJ:/rrc/c: 0.999999956 0.000000044 0.000000000
JJ:/rrc/crr: 0.000000000 0.999999974 0.000000026
JJ:/rrc/r: 0.999999621 0.000000346 0.000000033
JK:/cc/c: 0.007788106 0.992211894 0.000000000
JK:/cc/crr: 0.000000000 0.000000314 0.999999686
JK:/cc/r: 0.000000600 0.000000004 0.999999396
JK:/crc/c: 0.566838831 0.433161169 0.000000000
JK:/crc/crr: 0.000000000 0.000000070 0.999999930
JK:/crc/r: 0.012809547 0.000000097 0.987190357
JK:/crrc/c: 0.397897071 0.602102929 0.000000000
JK:/crrc/crr: 0.000000000 0.000000231 0.999999769
JK:/crrc/r: 0.198571868 0.000000061 0.801428070
JK:/rc/c: 0.395038936 0.604961064 0.000000000
JK:/rc/crr: 0.000000000 0.000000017 0.999999983
JK:/rc/r: 0.349117909 0.000000009 0.650882081
JK:/rrc/c: 0.999999017 0.000000983 0.000000000
JK:/rrc/crr: 0.000000000 0.000000095 0.999999905
JK:/rrc/r: 0.285161448 0.000000130 0.714838422
JQ:/cc/c: 0.073543873 0.926456127 0.000000000
JQ:/cc/crr: 0.000000000 0.000000000 1.000000000
JQ:/cc/r: 0.032923883 0.000000000 0.967076117
JQ:/crc/c: 0.399999137 0.600000863 0.000000000
JQ:/crc/crr: 0.000000000 0.000002857 0.999997143
JQ:/crc/r: 0.120387987 0.000000025 0.879611987
JQ:/crrc/c: 0.037197467 0.962802533 0.000000000
JQ:/crrc/crr: 0.000000000 0.000000619 0.999999381
JQ:/crrc/r: 0.142288466 0.000000012 0.857711523
JQ:/rc/c: 0.999979009 0.000020991 0.000000000
JQ:/rc/crr: 0.000000000 0.000000000 1.000000000
JQ:/rc/r: 0.000000029 0.000000028 0.999999942
JQ:/rrc/c: 0.000010596 0.999989404 0.000000000
JQ:/rrc/crr: 0.000000000 0.015329959 0.984670041
JQ:/rrc/r: 0.410255157 0.000000126 0.589744717
K:/c: 0.999998045 0.000001955 0.000000000
K:/crr: 0.000000000 0.999999999 0.000000001
K:/r: 0.590485774 0.409514225 0.000000001
KJ:/cc/c: 0.013073299 0.986926701 0.000000000
KJ:/cc/crr: 0.000000000 0.960233039 0.039766961
KJ:/cc/r: 0.009014472 0.005221219 0.985764309
KJ:/crc/c: 0.141046534 0.858953466 0.000000000
KJ:/crc/crr: 0.000000000 0.999999986 0.000000014
KJ:/crc/r: 0.000000156 0.711442910 0.288556934
KJ:/crrc/c: 0.328551200 0.671448800 0.000000000
KJ:/crrc/crr: 0.000000000 0.616274313 0.383725687
KJ:/crrc/r: 0.050574125 0.752675888 0.196749987
KJ:/rc/c: 0.411864808 0.588135192 0.000000000
KJ:/rc/crr: 0.000000000 0.692534075 0.307465925
KJ:/rc/r: 0.025283735 0.704163541 0.270552724
KJ:/rrc/c: 0.488421375 0.511578625 0.000000000
KJ:/rrc/crr: 0.000000000 0.999964699 0.000035301
KJ:/rrc/r: 0.043091404 0.873173598 0.083734998
KK:/cc/c: 0.994612410 0.005387590 0.000000000
KK:/cc/crr: 0.000000000 0.996835899 0.003164101
KK:/cc/r: 0.997907211 0.001612478 0.000480311
KK:/crc/c: 0.999999842 0.000000158 0.000000000
KK:/crc/crr: 0.000000000 0.999999942 0.000000058
KK:/crc/r: 0.756363606 0.243636369 0.000000025
KK:/crrc/c: 0.999999994 0.000000006 0.000000000
KK:/crrc/crr: 0.000000000 0.999999997 0.000000003
KK:/crrc/r: 0.999994540 0.000005456 0.000000004
KK:/rc/c: 0.999999977 0.000000023 0.000000000
KK:/rc/crr: 0.000000000 0.999999986 0.000000014
KK:/rc/r: 0.999999967 0.000000015 0.000000017
KK:/rrc/c: 0.999999928 0.000000072 0.000000000
KK:/rrc/crr: 0.000000000 0.999999973 0.000000027
KK:/rrc/r: 0.963484578 0.036515397 0.000000025
KQ:/cc/c: 0.004871286 0.995128714 0.000000000
KQ:/cc/crr: 0.000000000 0.731454185 0.268545815
KQ:/cc/r: 0.024952583 0.969383906 0.005663512
KQ:/crc/c: 0.355899938 0.644100062 0.000000000
KQ:/crc/crr: 0.000000000 0.046538063 0.953461937
KQ:/crc/r: 0.000000019 0.393159187 0.606840794
KQ:/crrc/c: 0.628142246 0.371857754 0.000000000
KQ:/crrc/crr: 0.000000000 0.364225602 0.635774398
KQ:/crrc/r: 0.000006227 0.736161065 0.263832708
KQ:/rc/c: 0.000030044 0.999969956 0.000000000
KQ:/rc/crr: 0.000000000 0.007527856 0.992472144
KQ:/rc/r: 0.000000178 0.275710057 0.724289765
KQ:/rrc/c: 0.523798029 0.476201971 0.000000000
KQ:/rrc/crr: 0.000000000 0.424934307 0.575065693
KQ:/rrc/r: 0.083428513 0.508126311 0.408445176
Q:/c: 0.854287209 0.145712791 0.000000000
Q:/crr: 0.000000000 0.999999964 0.000000036
Q:/r: 0.379644797 0.620354999 0.000000204
QJ:/cc/c: 0.000000521 0.999999479 0.000000000
QJ:/cc/crr: 0.000000000 0.083483866 0.916516134
QJ:/cc/r: 0.000000126 0.000000122 0.999999751
QJ:/crc/c: 0.540566287 0.459433713 0.000000000
QJ:/crc/crr: 0.000000000 0.001331841 0.998668159
QJ:/crc/r: 0.000000062 0.000000008 0.999999930
QJ:/crrc/c: 0.000000101 0.999999899 0.000000000
QJ:/crrc/crr: 0.000000000 0.187318034 0.812681966
QJ:/crrc/r: 0.017085123 0.000000000 0.982914877
QJ:/rc/c: 0.000000585 0.999999415 0.000000000
QJ:/rc/crr: 0.000000000 0.002250797 0.997749203
QJ:/rc/r: 0.017293393 0.000000010 0.982706598
QJ:/rrc/c: 0.000000357 0.999999643 0.000000000
QJ:/rrc/crr: 0.000000000 0.081331341 0.918668659
QJ:/rrc/r: 0.000000058 0.000000015 0.999999927
QK:/cc/c: 0.158948479 0.841051521 0.000000000
QK:/cc/crr: 0.000000000 0.999999955 0.000000045
QK:/cc/r: 0.000000178 0.701833895 0.298165927
QK:/crc/c: 0.269043936 0.730956064 0.000000000
QK:/crc/crr: 0.000000000 0.000013635 0.999986365
QK:/crc/r: 0.000000255 0.416974718 0.583025027
QK:/crrc/c: 0.173404044 0.826595956 0.000000000
QK:/crrc/crr: 0.000000000 0.000004002 0.999995998
QK:/crrc/r: 0.000000399 0.256326407 0.743673194
QK:/rc/c: 0.379156380 0.620843620 0.000000000
QK:/rc/crr: 0.000000000 0.000008140 0.999991860
QK:/rc/r: 0.000000021 0.276319328 0.723680651
QK:/rrc/c: 0.434432838 0.565567162 0.000000000
QK:/rrc/crr: 0.000000000 0.058846468 0.941153532
QK:/rrc/r: 0.000000055 0.482309871 0.517690073
QQ:/cc/c: 0.999999986 0.000000014 0.000000000
QQ:/cc/crr: 0.000000000 0.999999992 0.000000008
QQ:/cc/r: 0.999999736 0.000000126 0.000000139
QQ:/crc/c: 0.999999972 0.000000028 0.000000000
QQ:/crc/crr: 0.000000000 0.999999989 0.000000011
QQ:/crc/r: 0.999999965 0.000000021 0.000000014
QQ:/crrc/c: 0.999999994 0.000000006 0.000000000
QQ:/crrc/crr: 0.000000000 0.999999997 0.000000003
QQ:/crrc/r: 0.999999964 0.000000032 0.000000004
QQ:/rc/c: 0.999999989 0.000000011 0.000000000
QQ:/rc/crr: 0.000000000 0.999999997 0.000000003
QQ:/rc/r: 0.999999979 0.000000010 0.000000011
QQ:/rrc/c: 0.999999942 0.000000058 0.000000000
QQ:/rrc/crr: 0.000000000 0.999999966 0.000000034
QQ:/rrc/r: 0.999999807 0.000000152 0.000000041
