J:/c: 0.287182022 0.712817978 0.000000000
J:/crr: 0.000000000 0.999999997 0.000000003
J:/r: 0.048593329 0.117337826 0.834068845
JJ:/cc/c: 0.999999995 0.000000005 0.000000000
JJ:/cc/crr: 0.000000000 0.999999997 0.000000003
JJ:/cc/r: 0.999999985 0.000000011 0.000000005
JJ:/crc/c: 0.999999986 0.000000014 0.000000000
JJ:/crc/crr: 0.000000000 0.999999993 0.000000007
JJ:/crc/r: 0.624041944 0.375958047 0.000000009
JJ:/crrc/c: 0.999999994 0.000000006 0.000000000
JJ:/crrc/crr: 0.000000000 0.999999997 0.000000003
JJ:/crrc/r: 0.999999928 0.000000067 0.000000005
JJ:/rc/c: 0.999999979 0.000000021 0.000000000
JJ:/rc/crr: 0.000000000 0.999999989 0.000000011
JJ:/rc/r: 0.999999971 0.000000014 0.000000015
JJ:/rrc/c: 0.999999952 0.000000048 0.000000000
JJ:/rrc/crr: 0.000000000 0.999999975 0.000000025
JJ:/rrc/r: 0.999999588 0.000000377 0.000000034
JK:/cc/c: 0.007143041 0.992856959 0.000000000
JK:/cc/crr: 0.000000000 0.000000326 0.999999674
JK:/cc/r: 0.000000570 0.000000004 0.999999426
JK:/crc/c: 0.545339169 0.454660831 0.000000000
JK:/crc/crr: 0.000000000 0.000000072 0.999999928
JK:/crc/r: 0.012171260 0.000000100 0.987828639
JK:/crrc/c: 0.377224881 0.622775119 0.000000000
JK:/crrc/crr: 0.000000000 0.000000239 0.999999761
JK:/crrc/r: 0.190463106 0.000000064 0.809536829
JK:/rc/c: 0.374422897 0.625577103 0.000000000
JK:/rc/crr: 0.000000000 0.000000017 0.999999983
JK:/rc/r: 0.337450057 0.000000010 0.662549933
JK:/rrc/c: 0.999998928 0.000001072 0.000000000
JK:/rrc/crr: 0.000000000 0.000000098 0.999999902
JK:/rrc/r: 0.274728876 0.000000137 0.725270988
JQ:/cc/c: 0.067824762 0.932175238 0.000000000
JQ:/cc/crr: 0.000000000 0.000000000 1.000000000
JQ:/cc/r: 0.031315114 0.000000000 0.968684886
JQ:/crc/c: 0.379286533 0.620713467 0.000000000
JQ:/crc/crr: 0.000000000 0.000002959 0.999997041
JQ:/crc/r: 0.115013713 0.000000026 0.884986261
JQ:/crrc/c: 0.034200480 0.965799520 0.000000000
JQ:/crrc/crr: 0.000000000 0.000000641 0.999999359
JQ:/crrc/r: 0.136087783 0.000000012 0.863912204
JQ:/rc/c: 0.999977099 0.000022901 0.000000000
JQ:/rc/crr: 0.000000000 0.000000000 1.000000000
JQ:/rc/r: 0.000000028 0.000000029 0.999999943
JQ:/rrc/c: 0.000009712 0.999990288 0.000000000
JQ:/rrc/crr: 0.000000000 0.015872799 0.984127201
JQ:/rrc/r: 0.397792799 0.000000133 0.602207068
K:/c: 0.999997977 0.000002023 0.000000000
K:/crr: 0.000000000 0.999999999 0.000000001
K:/r: 0.582182863 0.417817136 0.000000001
KJ:/cc/c: 0.012638893 0.987361107 0.000000000
KJ:/cc/crr: 0.000000000 0.964626727 0.035373273
KJ:/cc/r: 0.009823186 0.005887776 0.984289038
KJ:/crc/c: 0.136949843 0.863050157 0.000000000
KJ:/crc/crr: 0.000000000 0.999999988 0.000000012
KJ:/crc/r: 0.000000156 0.735760211 0.264239633
KJ:/crrc/c: 0.321043975 0.678956025 0.000000000
KJ:/crrc/crr: 0.000000000 0.644605336 0.355394664
KJ:/crrc/r: 0.050086060 0.771371823 0.178542117
KJ:/rc/c: 0.403598181 0.596401819 0.000000000
KJ:/rc/crr: 0.000000000 0.717812831 0.282187169
KJ:/rc/r: 0.025236348 0.727320940 0.247442712
KJ:/rrc/c: 0.479871895 0.520128105 0.000000000
KJ:/rrc/crr: 0.000000000 0.999968742 0.000031258
KJ:/rrc/r: 0.042106105 0.882921925 0.074971970
KK:/cc/c: 0.994425828 0.005574172 0.000000000
KK:/cc/crr: 0.000000000 0.997197291 0.002802709
KK:/cc/r: 0.997891291 0.001668607 0.000440102
KK:/crc/c: 0.999999837 0.000000163 0.000000000
KK:/crc/crr: 0.000000000 0.999999949 0.000000051
KK:/crc/r: 0.749999971 0.250000006 0.000000023
KK:/crrc/c: 0.999999994 0.000000006 0.000000000
KK:/crrc/crr: 0.000000000 0.999999997 0.000000003
KK:/crrc/r: 0.999994350 0.000005646 0.000000004
KK:/rc/c: 0.999999976 0.000000024 0.000000000
KK:/rc/crr: 0.000000000 0.999999988 0.000000012
KK:/rc/r: 0.999999968 0.000000016 0.000000016
KK:/rrc/c: 0.999999925 0.000000075 0.000000000
KK:/rrc/crr: 0.000000000 0.999999976 0.000000024
KK:/rrc/r: 0.962260892 0.037739085 0.000000023
KQ:/cc/c: 0.004708120 0.995291880 0.000000000
KQ:/cc/crr: 0.000000000 0.754666638 0.245333362
KQ:/cc/r: 0.024148776 0.970828921 0.005022303
KQ:/crc/c: 0.348091771 0.651908229 0.000000000
KQ:/crc/crr: 0.000000000 0.052243415 0.947756585
KQ:/crc/r: 0.000000020 0.422527372 0.577472608
KQ:/crrc/c: 0.620111633 0.379888367 0.000000000
KQ:/crrc/crr: 0.000000000 0.392831588 0.607168412
KQ:/crrc/r: 0.000006205 0.759100266 0.240893529
KQ:/rc/c: 0.000029033 0.999970967 0.000000000
KQ:/rc/crr: 0.000000000 0.008493338 0.991506662
KQ:/rc/r: 0.000000188 0.300651604 0.699348208
KQ:/rrc/c: 0.515252997 0.484747003 0.000000000
KQ:/rrc/crr: 0.000000000 0.454896792 0.545103208
KQ:/rrc/r: 0.084827410 0.534639038 0.380533552
Q:/c: 0.851450714 0.148549286 0.000000000
Q:/crr: 0.000000000 0.999999971 0.000000029
Q:/r: 0.374335643 0.625664191 0.000000166
QJ:/cc/c: 0.000000509 0.999999491 0.000000000
QJ:/cc/crr: 0.000000000 0.101335441 0.898664559
QJ:/cc/r: 0.000000153 0.000000151 0.999999696
QJ:/crc/c: 0.534947289 0.465052711 0.000000000
QJ:/crc/crr: 0.000000000 0.001648224 0.998351776
QJ:/crc/r: 0.000000075 0.000000010 0.999999915
QJ:/crrc/c: 0.000000099 0.999999901 0.000000000
QJ:/crrc/crr: 0.000000000 0.221994791 0.778005209
QJ:/crrc/r: 0.020603675 0.000000000 0.979396325
QJ:/rc/c: 0.000000572 0.999999428 0.000000000
QJ:/rc/crr: 0.000000000 0.002784871 0.997215129
QJ:/rc/r: 0.020853926 0.000000012 0.979146061
QJ:/rrc/c: 0.000000349 0.999999651 0.000000000
QJ:/rrc/crr: 0.000000000 0.098772241 0.901227759
QJ:/rrc/r: 0.000000070 0.000000019 0.999999912
QK:/cc/c: 0.155949783 0.844050217 0.000000000
QK:/cc/crr: 0.000000000 0.999999964 0.000000036
QK:/cc/r: 0.000000185 0.744501545 0.255498271
QK:/crc/c: 0.264621702 0.735378298 0.000000000
QK:/crc/crr: 0.000000000 0.000016880 0.999983120
QK:/crc/r: 0.000000281 0.469599446 0.530400273
QK:/crrc/c: 0.170187817 0.829812183 0.000000000
QK:/crrc/crr: 0.000000000 0.000004955 0.999995045
QK:/crrc/r: 0.000000456 0.299076781 0.700922763
QK:/rc/c: 0.373849925 0.626150075 0.000000000
QK:/rc/crr: 0.000000000 0.000010077 0.999989923
QK:/rc/r: 0.000000024 0.320965042 0.679034935
QK:/rrc/c: 0.428887191 0.571112809 0.000000000
QK:/rrc/crr: 0.000000000 0.071842727 0.928157273
QK:/rrc/r: 0.000000060 0.535605276 0.464394664
QQ:/cc/c: 0.999999986 0.000000014 0.000000000
QQ:/cc/crr: 0.000000000 0.999999994 0.000000006
QQ:/cc/r: 0.999999757 0.000000128 0.000000115
QQ:/crc/c: 0.999999971 0.000000029 0.000000000
QQ:/crc/crr: 0.000000000 0.999999991 0.000000009
QQ:/crc/r: 0.999999967 0.000000022 0.000000012
QQ:/crrc/c: 0.999999994 0.000000006 0.000000000
QQ:/crrc/crr: 0.000000000 0.999999997 0.000000003
QQ:/crrc/r: 0.999999964 0.000000033 0.000000004
QQ:/rc/c: 0.999999989 0.000000011 0.000000000
QQ:/rc/crr: 0.000000000 0.999999997 0.000000003
QQ:/rc/r: 0.999999981 0.000000010 0.000000009
QQ:/rrc/c: 0.999999941 0.000000059 0.000000000
QQ:/rrc/crr: 0.000000000 0.999999973 0.000000027
QQ:/rrc/r: 0.999999811 0.000000155 0.000000034
