J:/c: 0.312641904 0.687358096 0.000000000
J:/crr: 0.000000000 0.999999997 0.000000003
J:/r: 0.052303797 0.111868825 0.835827379
JJ:/cc/c: 0.999999995 0.000000005 0.000000000
JJ:/cc/crr: 0.000000000 0.999999997 0.000000003
JJ:/cc/r: 0.999999986 0.000000009 0.000000004
JJ:/crc/c: 0.999999988 0.000000012 0.000000000
JJ:/crc/crr: 0.000000000 0.999999993 0.000000007
JJ:/crc/r: 0.652047835 0.347952156 0.000000009
JJ:/crrc/c: 0.999999994 0.000000006 0.000000000
JJ:/crrc/crr: 0.000000000 0.999999997 0.000000003
JJ:/crrc/r: 0.999999936 0.000000060 0.000000004
JJ:/rc/c: 0.999999981 0.000000019 0.000000000
JJ:/rc/crr: 0.000000000 0.999999989 0.000000011
JJ:/rc/r: 0.999999974 0.000000012 0.000000014
JJ:/rrc/c: 0.999999957 0.000000043 0.000000000
JJ:/rrc/crr: 0.000000000 0.999999974 0.000000026
JJ:/rrc/r: 0.999999634 0.000000334 0.000000032
JK:/cc/c: 0.008056915 0.991943085 0.000000000
JK:/cc/crr: 0.000000000 0.000000310 0.999999690
JK:/cc/r: 0.000000612 0.000000003 0.999999384
JK:/crc/c: 0.575217053 0.424782947 0.000000000
JK:/crc/crr: 0.000000000 0.000000069 0.999999931
JK:/crc/r: 0.013061287 0.000000095 0.986938618
JK:/crrc/c: 0.406119405 0.593880595 0.000000000
JK:/crrc/crr: 0.000000000 0.000000228 0.999999772
JK:/crrc/r: 0.201728298 0.000000060 0.798271641
JK:/rc/c: 0.403241763 0.596758237 0.000000000
JK:/rc/crr: 0.000000000 0.000000017 0.999999983
JK:/rc/r: 0.353611500 0.000000009 0.646388492
JK:/rrc/c: 0.999999050 0.000000950 0.000000000
JK:/rrc/crr: 0.000000000 0.000000093 0.999999907
JK:/rrc/r: 0.289197600 0.000000127 0.710802273
JQ:/cc/c: 0.075908631 0.924091369 0.000000000
JQ:/cc/crr: 0.000000000 0.000000000 1.000000000
JQ:/cc/r: 0.033557483 0.000000000 0.966442517
JQ:/crc/c: 0.408235458 0.591764542 0.000000000
JQ:/crc/crr: 0.000000000 0.000002815 0.999997185
JQ:/crc/r: 0.122491583 0.000000025 0.877508393
JQ:/crrc/c: 0.038442022 0.961557978 0.000000000
JQ:/crrc/crr: 0.000000000 0.000000610 0.999999390
JQ:/crrc/r: 0.144711781 0.000000011 0.855288208
JQ:/rc/c: 0.999979715 0.000020285 0.000000000
JQ:/rc/crr: 0.000000000 0.000000000 1.000000000
JQ:/rc/r: 0.000000030 0.000000028 0.999999942
JQ:/rrc/c: 0.000010964 0.999989036 0.000000000
JQ:/rrc/crr: 0.000000000 0.015112806 0.984887194
JQ:/rrc/r: 0.415033887 0.000000123 0.584965990
K:/c: 0.999998111 0.000001889 0.000000000
K:/crr: 0.000000000 0.999999999 0.000000001
K:/r: 0.598730400 0.401269599 0.000000001
KJ:/cc/c: 0.013522042 0.986477958 0.000000000
KJ:/cc/crr: 0.000000000 0.959676139 0.040323861
KJ:/cc/r: 0.009193013 0.005145587 0.985661399
KJ:/crc/c: 0.145241525 0.854758475 0.000000000
KJ:/crc/crr: 0.000000000 0.999999986 0.000000014
KJ:/crc/r: 0.000000161 0.708459745 0.291540094
KJ:/crrc/c: 0.336140547 0.663859453 0.000000000
KJ:/crrc/crr: 0.000000000 0.612842687 0.387157313
KJ:/crrc/r: 0.052092653 0.749206435 0.198700912
KJ:/rc/c: 0.420174355 0.579825645 0.000000000
KJ:/rc/crr: 0.000000000 0.689440761 0.310559239
KJ:/rc/r: 0.026037794 0.700780308 0.273181898
KJ:/rrc/c: 0.496970339 0.503029661 0.000000000
KJ:/rrc/crr: 0.000000000 0.999964184 0.000035816
KJ:/rrc/r: 0.044469782 0.870803881 0.084726337
KK:/cc/c: 0.994792627 0.005207373 0.000000000
KK:/cc/crr: 0.000000000 0.996789875 0.003210125
KK:/cc/r: 0.997970680 0.001558356 0.000470964
KK:/crc/c: 0.999999848 0.000000152 0.000000000
KK:/crc/crr: 0.000000000 0.999999942 0.000000058
KK:/crc/r: 0.762611246 0.237388729 0.000000025
KK:/crrc/c: 0.999999994 0.000000006 0.000000000
KK:/crrc/crr: 0.000000000 0.999999997 0.000000003
KK:/crrc/r: 0.999994723 0.000005273 0.000000004
KK:/rc/c: 0.999999978 0.000000022 0.000000000
KK:/rc/crr: 0.000000000 0.999999986 0.000000014
KK:/rc/r: 0.999999968 0.000000015 0.000000017
KK:/rrc/c: 0.999999930 0.000000070 0.000000000
KK:/rrc/crr: 0.000000000 0.999999973 0.000000027
KK:/rrc/r: 0.964669051 0.035330924 0.000000025
KQ:/cc/c: 0.005039931 0.994960069 0.000000000
KQ:/cc/crr: 0.000000000 0.728598982 0.271401018
KQ:/cc/r: 0.025796295 0.968463007 0.005740698
KQ:/crc/c: 0.363778760 0.636221240 0.000000000
KQ:/crc/crr: 0.000000000 0.045899446 0.954100554
KQ:/crc/r: 0.000000020 0.389708192 0.610291788
KQ:/crrc/c: 0.636095963 0.363904037 0.000000000
KQ:/crrc/crr: 0.000000000 0.360877544 0.639122456
KQ:/crrc/r: 0.000006419 0.733337570 0.266656011
KQ:/rc/c: 0.000031089 0.999968911 0.000000000
KQ:/rc/crr: 0.000000000 0.007420389 0.992579611
KQ:/rc/r: 0.000000183 0.272826495 0.727173322
KQ:/rrc/c: 0.532321886 0.467678114 0.000000000
KQ:/rrc/crr: 0.000000000 0.421398081 0.578601919
KQ:/rrc/r: 0.085573014 0.503662256 0.410764730
Q:/c: 0.887184702 0.112815298 0.000000000
Q:/crr: 0.000000000 0.999999957 0.000000043
Q:/r: 0.450813360 0.549186423 0.000000217
QJ:/cc/c: 0.000000698 0.999999302 0.000000000
QJ:/cc/crr: 0.000000000 0.070376279 0.929623721
QJ:/cc/r: 0.000000141 0.000000102 0.999999757
QJ:/crc/c: 0.612134615 0.387865385 0.000000000
QJ:/crc/crr: 0.000000000 0.001107151 0.998892849
QJ:/crc/r: 0.000000069 0.000000007 0.999999924
QJ:/crrc/c: 0.000000136 0.999999864 0.000000000
QJ:/crrc/crr: 0.000000000 0.160767397 0.839232603
QJ:/crrc/r: 0.019009191 0.000000000 0.980990809
QJ:/rc/c: 0.000000784 0.999999216 0.000000000
QJ:/rc/crr: 0.000000000 0.001871363 0.998128637
QJ:/rc/r: 0.019240456 0.000000008 0.980759536
QJ:/rrc/c: 0.000000479 0.999999521 0.000000000
QJ:/rrc/crr: 0.000000000 0.068536444 0.931463556
QJ:/rrc/r: 0.000000064 0.000000013 0.999999923
QK:/cc/c: 0.202232122 0.797767878 0.000000000
QK:/cc/crr: 0.000000000 0.999999946 0.000000054
QK:/cc/r: 0.000000225 0.661737918 0.338261857
QK:/crc/c: 0.330525919 0.669474081 0.000000000
QK:/crc/crr: 0.000000000 0.000011332 0.999988668
QK:/crc/r: 0.000000306 0.372804913 0.627194781
QK:/crrc/c: 0.219596326 0.780403674 0.000000000
QK:/crrc/crr: 0.000000000 0.000003326 0.999996674
QK:/crrc/r: 0.000000466 0.222674523 0.777325012
QK:/rc/c: 0.450299861 0.549700139 0.000000000
QK:/rc/crr: 0.000000000 0.000006765 0.999993235
QK:/rc/r: 0.000000024 0.240892904 0.759107072
QK:/rrc/c: 0.507470342 0.492529658 0.000000000
QK:/rrc/crr: 0.000000000 0.049398643 0.950601357
QK:/rrc/r: 0.000000067 0.436399530 0.563600403
QQ:/cc/c: 0.999999990 0.000000010 0.000000000
QQ:/cc/crr: 0.000000000 0.999999990 0.000000010
QQ:/cc/r: 0.999999782 0.000000094 0.000000124
QQ:/crc/c: 0.999999979 0.000000021 0.000000000
QQ:/crc/crr: 0.000000000 0.999999986 0.000000014
QQ:/crc/r: 0.999999971 0.000000016 0.000000013
QQ:/crrc/c: 0.999999996 0.000000004 0.000000000
QQ:/crrc/crr: 0.000000000 0.999999996 0.000000004
QQ:/crrc/r: 0.999999972 0.000000024 0.000000004
QQ:/rc/c: 0.999999992 0.000000008 0.000000000
QQ:/rc/crr: 0.000000000 0.999999996 0.000000004
QQ:/rc/r: 0.999999983 0.000000007 0.000000010
QQ:/rrc/c: 0.999999957 0.000000043 0.000000000
QQ:/rrc/crr: 0.000000000 0.999999959 0.000000041
QQ:/rrc/r: 0.999999850 0.000000113 0.000000037
