J:/c: 0.295932827 0.704067173 0.000000000
J:/crr: 0.000000000 0.999999995 0.000000005
J:/r: 0.035660531 0.082537014 0.881802455
JJ:/cc/c: 0.999999995 0.000000005 0.000000000
JJ:/cc/crr: 0.000000000 0.999999995 0.000000005
JJ:/cc/r: 0.999999983 0.000000010 0.000000007
JJ:/crc/c: 0.999999987 0.000000013 0.000000000
JJ:/crc/crr: 0.000000000 0.999999990 0.000000010
JJ:/crc/r: 0.633928748 0.366071238 0.000000013
JJ:/crrc/c: 0.999999994 0.000000006 0.000000000
JJ:/crrc/crr: 0.000000000 0.999999995 0.000000005
JJ:/crrc/r: 0.999999929 0.000000065 0.000000007
JJ:/rc/c: 0.999999980 0.000000020 0.000000000
JJ:/rc/crr: 0.000000000 0.999999984 0.000000016
JJ:/rc/r: 0.999999965 0.000000013 0.000000022
JJ:/rrc/c: 0.999999954 0.000000046 0.000000000
JJ:/rrc/crr: 0.000000000 0.999999962 0.000000038
JJ:/rrc/r: 0.999999589 0.000000362 0.000000050
JK:/cc/c: 0.007449882 0.992550118 0.000000000
JK:/cc/crr: 0.000000000 0.000000217 0.999999783
JK:/cc/r: 0.000000396 0.000000002 0.999999602
JK:/crc/c: 0.555822514 0.444177486 0.000000000
JK:/crc/crr: 0.000000000 0.000000048 0.999999952
JK:/crc/r: 0.008480025 0.000000067 0.991519908
JK:/crrc/c: 0.387228917 0.612771083 0.000000000
JK:/crrc/crr: 0.000000000 0.000000159 0.999999841
JK:/crrc/r: 0.140384794 0.000000045 0.859615160
JK:/rc/c: 0.384398490 0.615601510 0.000000000
JK:/rc/crr: 0.000000000 0.000000012 0.999999988
JK:/rc/r: 0.261193937 0.000000007 0.738806056
JK:/rrc/c: 0.999998972 0.000001028 0.000000000
JK:/rrc/crr: 0.000000000 0.000000065 0.999999935
JK:/rrc/r: 0.208192588 0.000000099 0.791807312
JQ:/cc/c: 0.070553045 0.929446955 0.000000000
JQ:/cc/crr: 0.000000000 0.000000000 1.000000000
JQ:/cc/r: 0.021947022 0.000000000 0.978052978
JQ:/crc/c: 0.389311065 0.610688935 0.000000000
JQ:/crc/crr: 0.000000000 0.000001969 0.999998031
JQ:/crc/r: 0.082745553 0.000000018 0.917254429
JQ:/crrc/c: 0.035627906 0.964372094 0.000000000
JQ:/crrc/crr: 0.000000000 0.000000427 0.999999573
JQ:/crrc/r: 0.098565607 0.000000008 0.901434384
JQ:/rc/c: 0.999978049 0.000021951 0.000000000
JQ:/rc/crr: 0.000000000 0.000000000 1.000000000
JQ:/rc/r: 0.000000019 0.000000020 0.999999961
JQ:/rrc/c: 0.000010132 0.999989868 0.000000000
JQ:/rrc/crr: 0.000000000 0.010617151 0.989382849
JQ:/rrc/r: 0.314370731 0.000000101 0.685629168
K:/c: 0.999998352 0.000001648 0.000000000
K:/crr: 0.000000000 0.999999999 0.000000001
K:/r: 0.631010329 0.368989670 0.000000001
KJ:/cc/c: 0.015467221 0.984532779 0.000000000
KJ:/cc/crr: 0.000000000 0.962531378 0.037468622
KJ:/cc/r: 0.011343498 0.005539835 0.983116667
KJ:/crc/c: 0.163003910 0.836996090 0.000000000
KJ:/crc/crr: 0.000000000 0.999999987 0.000000013
KJ:/crc/r: 0.000000188 0.723986972 0.276012839
KJ:/crrc/c: 0.367219136 0.632780864 0.000000000
KJ:/crrc/crr: 0.000000000 0.630808648 0.369191352
KJ:/crrc/r: 0.060125264 0.754492296 0.185382439
KJ:/rc/c: 0.453712414 0.546287586 0.000000000
KJ:/rc/crr: 0.000000000 0.705559971 0.294440029
KJ:/rc/r: 0.030336478 0.712386444 0.257277079
KJ:/rrc/c: 0.531024316 0.468975684 0.000000000
KJ:/rrc/crr: 0.000000000 0.999966818 0.000033182
KJ:/rrc/r: 0.050953877 0.870573372 0.078472750
KK:/cc/c: 0.995453472 0.004546528 0.000000000
KK:/cc/crr: 0.000000000 0.997025322 0.002974678
KK:/cc/r: 0.998259115 0.001360082 0.000380804
KK:/crc/c: 0.999999867 0.000000133 0.000000000
KK:/crc/crr: 0.000000000 0.999999946 0.000000054
KK:/crc/r: 0.786410837 0.213589142 0.000000021
KK:/crrc/c: 0.999999995 0.000000005 0.000000000
KK:/crrc/crr: 0.000000000 0.999999997 0.000000003
KK:/crrc/r: 0.999995396 0.000004600 0.000000003
KK:/rc/c: 0.999999980 0.000000020 0.000000000
KK:/rc/crr: 0.000000000 0.999999987 0.000000013
KK:/rc/r: 0.999999973 0.000000013 0.000000014
KK:/rrc/c: 0.999999939 0.000000061 0.000000000
KK:/rrc/crr: 0.000000000 0.999999975 0.000000025
KK:/rrc/r: 0.969033749 0.030966231 0.000000020
KQ:/cc/c: 0.005772077 0.994227923 0.000000000
KQ:/cc/crr: 0.000000000 0.743442060 0.256557940
KQ:/cc/r: 0.029466832 0.965232519 0.005300649
KQ:/crc/c: 0.395888830 0.604111170 0.000000000
KQ:/crc/crr: 0.000000000 0.049364193 0.950635807
KQ:/crc/r: 0.000000024 0.408026759 0.591973217
KQ:/crrc/c: 0.667041615 0.332958385 0.000000000
KQ:/crrc/crr: 0.000000000 0.378681801 0.621318199
KQ:/crrc/r: 0.000007504 0.748010046 0.251982450
KQ:/rc/c: 0.000035632 0.999964368 0.000000000
KQ:/rc/crr: 0.000000000 0.008004891 0.991995109
KQ:/rc/r: 0.000000221 0.288245848 0.711753931
KQ:/rrc/c: 0.566072274 0.433927726 0.000000000
KQ:/rrc/crr: 0.000000000 0.440131979 0.559868021
KQ:/rrc/r: 0.099844967 0.512745136 0.387409897
Q:/c: 0.859027258 0.140972742 0.000000000
Q:/crr: 0.000000000 0.999999962 0.000000038
Q:/r: 0.388777935 0.611221852 0.000000213
QJ:/cc/c: 0.000000541 0.999999459 0.000000000
QJ:/cc/crr: 0.000000000 0.079227309 0.920772691
QJ:/cc/r: 0.000000124 0.000000115 0.999999760
QJ:/crc/c: 0.550137619 0.449862381 0.000000000
QJ:/crc/crr: 0.000000000 0.001258185 0.998741815
QJ:/crc/r: 0.000000061 0.000000008 0.999999931
QJ:/crrc/c: 0.000000105 0.999999895 0.000000000
QJ:/crrc/crr: 0.000000000 0.178800146 0.821199854
QJ:/crrc/r: 0.016779489 0.000000000 0.983220511
QJ:/rc/c: 0.000000608 0.999999392 0.000000000
QJ:/rc/crr: 0.000000000 0.002126427 0.997873573
QJ:/rc/r: 0.016984098 0.000000009 0.983015893
QJ:/rrc/c: 0.000000371 0.999999629 0.000000000
QJ:/rrc/crr: 0.000000000 0.077175293 0.922824707
QJ:/rrc/r: 0.000000057 0.000000014 0.999999929
QK:/cc/c: 0.164177426 0.835822574 0.000000000
QK:/cc/crr: 0.000000000 0.999999952 0.000000048
QK:/cc/r: 0.000000182 0.689777687 0.310222131
QK:/crc/c: 0.276703139 0.723296861 0.000000000
QK:/crc/crr: 0.000000000 0.000012880 0.999987120
QK:/crc/r: 0.000000256 0.403194830 0.596804914
QK:/crrc/c: 0.179007324 0.820992676 0.000000000
QK:/crrc/crr: 0.000000000 0.000003781 0.999996219
QK:/crrc/r: 0.000000398 0.245618921 0.754380681
QK:/rc/c: 0.388285127 0.611714873 0.000000000
QK:/rc/crr: 0.000000000 0.000007689 0.999992311
QK:/rc/r: 0.000000021 0.265074363 0.734925616
QK:/rrc/c: 0.443940800 0.556059200 0.000000000
QK:/rrc/crr: 0.000000000 0.055769650 0.944230350
QK:/rrc/r: 0.000000056 0.468104388 0.531895556
QQ:/cc/c: 0.999999987 0.000000013 0.000000000
QQ:/cc/crr: 0.000000000 0.999999992 0.000000008
QQ:/cc/r: 0.999999738 0.000000121 0.000000141
QQ:/crc/c: 0.999999973 0.000000027 0.000000000
QQ:/crc/crr: 0.000000000 0.999999988 0.000000012
QQ:/crc/r: 0.999999965 0.000000020 0.000000014
QQ:/crrc/c: 0.999999994 0.000000006 0.000000000
QQ:/crrc/crr: 0.000000000 0.999999996 0.000000004
QQ:/crrc/r: 0.999999965 0.000000031 0.000000004
QQ:/rc/c: 0.999999990 0.000000010 0.000000000
QQ:/rc/crr: 0.000000000 0.999999996 0.000000004
QQ:/rc/r: 0.999999980 0.000000009 0.000000011
QQ:/rrc/c: 0.999999944 0.000000056 0.000000000
QQ:/rrc/crr: 0.000000000 0.999999964 0.000000036
QQ:/rrc/r: 0.999999812 0.000000146 0.000000042
