J:/c: 0.386737575 0.613262425 0.000000000
J:/crr: 0.000000000 0.999999996 0.000000004
J:/r: 0.064251431 0.099118057 0.836630512
JJ:/cc/c: 0.999999997 0.000000003 0.000000000
JJ:/cc/crr: 0.000000000 0.999999996 0.000000004
JJ:/cc/r: 0.999999990 0.000000007 0.000000003
JJ:/crc/c: 0.999999991 0.000000009 0.000000000
JJ:/crc/crr: 0.000000000 0.999999992 0.000000008
JJ:/crc/r: 0.722080129 0.277919863 0.000000008
JJ:/crrc/c: 0.999999996 0.000000004 0.000000000
JJ:/crrc/crr: 0.000000000 0.999999996 0.000000004
JJ:/crrc/r: 0.999999953 0.000000043 0.000000003
JJ:/rc/c: 0.999999987 0.000000013 0.000000000
JJ:/rc/crr: 0.000000000 0.999999987 0.000000013
JJ:/rc/r: 0.999999980 0.000000009 0.000000011
JJ:/rrc/c: 0.999999969 0.000000031 0.000000000
JJ:/rrc/crr: 0.000000000 0.999999970 0.000000030
JJ:/rrc/r: 0.999999733 0.000000241 0.000000026
JK:/cc/c: 0.011135879 0.988864121 0.000000000
JK:/cc/crr: 0.000000000 0.000000274 0.999999726
JK:/cc/r: 0.000000751 0.000000003 0.999999246
JK:/crc/c: 0.652471207 0.347528793 0.000000000
JK:/crc/crr: 0.000000000 0.000000061 0.999999939
JK:/crc/r: 0.015982006 0.000000084 0.984017910
JK:/crrc/c: 0.486682975 0.513317025 0.000000000
JK:/crrc/crr: 0.000000000 0.000000202 0.999999798
JK:/crrc/r: 0.236718963 0.000000051 0.763280986
JK:/rc/c: 0.483699425 0.516300575 0.000000000
JK:/rc/crr: 0.000000000 0.000000015 0.999999985
JK:/rc/r: 0.401690267 0.000000007 0.598309726
JK:/rrc/c: 0.999999315 0.000000685 0.000000000
JK:/rrc/crr: 0.000000000 0.000000083 0.999999917
JK:/rrc/r: 0.333030630 0.000000106 0.666969264
JQ:/cc/c: 0.102244551 0.897755449 0.000000000
JQ:/cc/crr: 0.000000000 0.000000000 1.000000000
JQ:/cc/r: 0.040871685 0.000000000 0.959128315
JQ:/crc/c: 0.488873250 0.511126750 0.000000000
JQ:/crc/crr: 0.000000000 0.000002492 0.999997508
JQ:/crc/r: 0.146256405 0.000000021 0.853743573
JQ:/crrc/c: 0.052517934 0.947482066 0.000000000
JQ:/crrc/crr: 0.000000000 0.000000540 0.999999460
JQ:/crrc/r: 0.171942873 0.000000010 0.828057117
JQ:/rc/c: 0.999985369 0.000014631 0.000000000
JQ:/rc/crr: 0.000000000 0.000000000 1.000000000
JQ:/rc/r: 0.000000037 0.000000025 0.999999939
JQ:/rrc/c: 0.000015201 0.999984799 0.000000000
JQ:/rrc/crr: 0.000000000 0.013400656 0.986599344
JQ:/rrc/r: 0.465450367 0.000000100 0.534549534
K:/c: 0.999998055 0.000001945 0.000000000
K:/crr: 0.000000000 0.999999999 0.000000001
K:/r: 0.591691277 0.408308722 0.000000001
KJ:/cc/c: 0.013137807 0.986862193 0.000000000
KJ:/cc/crr: 0.000000000 0.965993541 0.034006459
KJ:/cc/r: 0.010630475 0.006126582 0.983242943
KJ:/crc/c: 0.141651869 0.858348131 0.000000000
KJ:/crc/crr: 0.000000000 0.999999988 0.000000012
KJ:/crc/r: 0.000000164 0.743619961 0.256379875
KJ:/crrc/c: 0.329652417 0.670347583 0.000000000
KJ:/crrc/crr: 0.000000000 0.653901054 0.346098946
KJ:/crrc/r: 0.052358533 0.775355789 0.172285678
KJ:/rc/c: 0.413073480 0.586926520 0.000000000
KJ:/rc/crr: 0.000000000 0.726007633 0.273992367
KJ:/rc/r: 0.026481173 0.733843528 0.239675299
KJ:/rrc/c: 0.489667661 0.510332339 0.000000000
KJ:/rrc/crr: 0.000000000 0.999969992 0.000030008
KJ:/rrc/r: 0.043847993 0.884084173 0.072067834
KK:/cc/c: 0.994639070 0.005360930 0.000000000
KK:/cc/crr: 0.000000000 0.997309098 0.002690902
KK:/cc/r: 0.997989125 0.001604587 0.000406288
KK:/crc/c: 0.999999843 0.000000157 0.000000000
KK:/crc/crr: 0.000000000 0.999999951 0.000000049
KK:/crc/r: 0.757281526 0.242718453 0.000000021
KK:/crrc/c: 0.999999994 0.000000006 0.000000000
KK:/crrc/crr: 0.000000000 0.999999997 0.000000003
KK:/crrc/r: 0.999994567 0.000005429 0.000000004
KK:/rc/c: 0.999999977 0.000000023 0.000000000
KK:/rc/crr: 0.000000000 0.999999988 0.000000012
KK:/rc/r: 0.999999970 0.000000015 0.000000015
KK:/rrc/c: 0.999999928 0.000000072 0.000000000
KK:/rrc/crr: 0.000000000 0.999999977 0.000000023
KK:/rrc/r: 0.963659649 0.036340330 0.000000021
KQ:/cc/c: 0.004895523 0.995104477 0.000000000
KQ:/cc/crr: 0.000000000 0.762145830 0.237854170
KQ:/cc/r: 0.025095527 0.970086747 0.004817725
KQ:/crc/c: 0.357044078 0.642955922 0.000000000
KQ:/crc/crr: 0.000000000 0.054302019 0.945697981
KQ:/crc/r: 0.000000021 0.432518065 0.567481913
KQ:/crrc/c: 0.629306487 0.370693513 0.000000000
KQ:/crrc/crr: 0.000000000 0.402609663 0.597390337
KQ:/crrc/r: 0.000006516 0.766485734 0.233507750
KQ:/rc/c: 0.000030194 0.999969806 0.000000000
KQ:/rc/crr: 0.000000000 0.008844097 0.991155903
KQ:/rc/r: 0.000000201 0.309304051 0.690695748
KQ:/rrc/c: 0.525041940 0.474958060 0.000000000
KQ:/rrc/crr: 0.000000000 0.465036508 0.534963492
KQ:/rrc/r: 0.089276491 0.541038575 0.369684934
Q:/c: 0.849973953 0.150026047 0.000000000
Q:/crr: 0.000000000 0.999999968 0.000000032
Q:/r: 0.371616256 0.628383561 0.000000183
QJ:/cc/c: 0.000000503 0.999999497 0.000000000
QJ:/cc/crr: 0.000000000 0.093275500 0.906724500
QJ:/cc/r: 0.000000138 0.000000138 0.999999724
QJ:/crc/c: 0.532053338 0.467946662 0.000000000
QJ:/crc/crr: 0.000000000 0.001503860 0.998496140
QJ:/crc/r: 0.000000068 0.000000009 0.999999923
QJ:/crrc/c: 0.000000098 0.999999902 0.000000000
QJ:/crrc/crr: 0.000000000 0.206543635 0.793456365
QJ:/crrc/r: 0.018616729 0.000000000 0.981383271
QJ:/rc/c: 0.000000565 0.999999435 0.000000000
QJ:/rc/crr: 0.000000000 0.002541205 0.997458795
QJ:/rc/r: 0.018843311 0.000000011 0.981156678
QJ:/rrc/c: 0.000000345 0.999999655 0.000000000
QJ:/rrc/crr: 0.000000000 0.090895549 0.909104451
QJ:/rrc/r: 0.000000063 0.000000017 0.999999920
QK:/cc/c: 0.154425307 0.845574693 0.000000000
QK:/cc/crr: 0.000000000 0.999999960 0.000000040
QK:/cc/r: 0.000000178 0.726649837 0.273349985
QK:/crc/c: 0.262365122 0.737634878 0.000000000
QK:/crc/crr: 0.000000000 0.000015399 0.999984601
QK:/crc/r: 0.000000264 0.446812023 0.553187713
QK:/crrc/c: 0.168551952 0.831448048 0.000000000
QK:/crrc/crr: 0.000000000 0.000004520 0.999995480
QK:/crrc/r: 0.000000422 0.280192792 0.719806786
QK:/rc/c: 0.371131980 0.628868020 0.000000000
QK:/rc/crr: 0.000000000 0.000009193 0.999990807
QK:/rc/r: 0.000000022 0.301293069 0.698706909
QK:/rrc/c: 0.426041370 0.573958630 0.000000000
QK:/rrc/crr: 0.000000000 0.065956390 0.934043610
QK:/rrc/r: 0.000000057 0.512711020 0.487288923
QQ:/cc/c: 0.999999986 0.000000014 0.000000000
QQ:/cc/crr: 0.000000000 0.999999993 0.000000007
QQ:/cc/r: 0.999999743 0.000000130 0.000000127
QQ:/crc/c: 0.999999971 0.000000029 0.000000000
QQ:/crc/crr: 0.000000000 0.999999990 0.000000010
QQ:/crc/r: 0.999999965 0.000000022 0.000000013
QQ:/crrc/c: 0.999999994 0.000000006 0.000000000
QQ:/crrc/crr: 0.000000000 0.999999997 0.000000003
QQ:/crrc/r: 0.999999963 0.000000033 0.000000004
QQ:/rc/c: 0.999999989 0.000000011 0.000000000
QQ:/rc/crr: 0.000000000 0.999999997 0.000000003
QQ:/rc/r: 0.999999980 0.000000010 0.000000010
QQ:/rrc/c: 0.999999940 0.000000060 0.000000000
QQ:/rrc/crr: 0.000000000 0.999999970 0.000000030
QQ:/rrc/r: 0.999999805 0.000000157 0.000000038
