J:/c: 0.349495018 0.650504982 0.000000000
J:/crr: 0.000000000 0.999999997 0.000000003
J:/r: 0.069322585 0.125523309 0.805154106
JJ:/cc/c: 0.999999996 0.000000004 0.000000000
JJ:/cc/crr: 0.000000000 0.999999997 0.000000003
JJ:/cc/r: 0.999999989 0.000000008 0.000000003
JJ:/crc/c: 0.999999990 0.000000010 0.000000000
JJ:/crc/crr: 0.000000000 0.999999994 0.000000006
JJ:/crc/r: 0.688816088 0.311183906 0.000000007
JJ:/crrc/c: 0.999999995 0.000000005 0.000000000
JJ:/crrc/crr: 0.000000000 0.999999997 0.000000003
JJ:/crrc/r: 0.999999946 0.000000051 0.000000003
JJ:/rc/c: 0.999999984 0.000000016 0.000000000
JJ:/rc/crr: 0.000000000 0.999999990 0.000000010
JJ:/rc/r: 0.999999980 0.000000010 0.000000010
JJ:/rrc/c: 0.999999964 0.000000036 0.000000000
JJ:/rrc/crr: 0.000000000 0.999999977 0.000000023
JJ:/rrc/r: 0.999999694 0.000000283 0.000000023
JK:/cc/c: 0.009503015 0.990496985 0.000000000
JK:/cc/crr: 0.000000000 0.000000361 0.999999639
JK:/cc/r: 0.000000842 0.000000004 0.999999154
JK:/crc/c: 0.615314269 0.384685731 0.000000000
JK:/crc/crr: 0.000000000 0.000000080 0.999999920
JK:/crc/r: 0.017882908 0.000000110 0.982116981
JK:/crrc/c: 0.446828367 0.553171633 0.000000000
JK:/crrc/crr: 0.000000000 0.000000265 0.999999735
JK:/crrc/r: 0.257990919 0.000000065 0.742009016
JK:/rc/c: 0.443877868 0.556122132 0.000000000
JK:/rc/crr: 0.000000000 0.000000019 0.999999981
JK:/rc/r: 0.429446036 0.000000009 0.570553955
JK:/rrc/c: 0.999999196 0.000000804 0.000000000
JK:/rrc/crr: 0.000000000 0.000000109 0.999999891
JK:/rrc/r: 0.358887930 0.000000134 0.641111936
JQ:/cc/c: 0.088447239 0.911552761 0.000000000
JQ:/cc/crr: 0.000000000 0.000000000 1.000000000
JQ:/cc/r: 0.045595796 0.000000000 0.954404204
JQ:/crc/c: 0.448996166 0.551003834 0.000000000
JQ:/crc/crr: 0.000000000 0.000003279 0.999996721
JQ:/crc/r: 0.161115161 0.000000027 0.838884811
JQ:/crrc/c: 0.045093885 0.954906115 0.000000000
JQ:/crrc/crr: 0.000000000 0.000000711 0.999999289
JQ:/crrc/r: 0.188834020 0.000000013 0.811165968
JQ:/rc/c: 0.999982827 0.000017173 0.000000000
JQ:/rc/crr: 0.000000000 0.000000000 1.000000000
JQ:/rc/r: 0.000000041 0.000000033 0.999999926
JQ:/rrc/c: 0.000012951 0.999987049 0.000000000
JQ:/rrc/crr: 0.000000000 0.017559723 0.982440277
JQ:/rrc/r: 0.493974396 0.000000124 0.506025480
K:/c: 0.999997967 0.000002033 0.000000000
K:/crr: 0.000000000 0.999999999 0.000000001
K:/r: 0.581008371 0.418991627 0.000000001
KJ:/cc/c: 0.012578804 0.987421196 0.000000000
KJ:/cc/crr: 0.000000000 0.955090951 0.044909049
KJ:/cc/r: 0.007650744 0.004607854 0.987741402
KJ:/crc/c: 0.136380375 0.863619625 0.000000000
KJ:/crc/crr: 0.000000000 0.999999985 0.000000015
KJ:/crc/r: 0.000000144 0.684694339 0.315305516
KJ:/crrc/c: 0.319992829 0.680007171 0.000000000
KJ:/crrc/crr: 0.000000000 0.585839415 0.414160585
KJ:/crrc/r: 0.047464437 0.734533080 0.218002483
KJ:/rc/c: 0.402436951 0.597563049 0.000000000
KJ:/rc/crr: 0.000000000 0.664858380 0.335141620
KJ:/rc/r: 0.023477965 0.679917414 0.296604620
KJ:/rrc/c: 0.478667343 0.521332657 0.000000000
KJ:/rrc/crr: 0.000000000 0.999959920 0.000040080
KJ:/rrc/r: 0.041043178 0.864797325 0.094159497
KK:/cc/c: 0.994399010 0.005600990 0.000000000
KK:/cc/crr: 0.000000000 0.996409063 0.003590937
KK:/cc/r: 0.997756571 0.001676454 0.000566975
KK:/crc/c: 0.999999836 0.000000164 0.000000000
KK:/crc/crr: 0.000000000 0.999999935 0.000000065
KK:/crc/r: 0.749093905 0.250906066 0.000000030
KK:/crrc/c: 0.999999994 0.000000006 0.000000000
KK:/crrc/crr: 0.000000000 0.999999996 0.000000004
KK:/crrc/r: 0.999994322 0.000005673 0.000000005
KK:/rc/c: 0.999999976 0.000000024 0.000000000
KK:/rc/crr: 0.000000000 0.999999985 0.000000015
KK:/rc/r: 0.999999963 0.000000016 0.000000021
KK:/rrc/c: 0.999999925 0.000000075 0.000000000
KK:/rrc/crr: 0.000000000 0.999999969 0.000000031
KK:/rrc/r: 0.962085220 0.037914750 0.000000030
KQ:/cc/c: 0.004685557 0.995314443 0.000000000
KQ:/cc/crr: 0.000000000 0.705793490 0.294206510
KQ:/cc/r: 0.024001270 0.969567244 0.006431486
KQ:/crc/c: 0.346997326 0.653002674 0.000000000
KQ:/crc/crr: 0.000000000 0.041217502 0.958782498
KQ:/crc/r: 0.000000017 0.363310508 0.636689475
KQ:/crrc/c: 0.618973980 0.381026020 0.000000000
KQ:/crrc/crr: 0.000000000 0.335359628 0.664640372
KQ:/crrc/r: 0.000005782 0.710773032 0.289221186
KQ:/rc/c: 0.000028893 0.999971107 0.000000000
KQ:/rc/crr: 0.000000000 0.006636177 0.993363823
KQ:/rc/r: 0.000000156 0.251088705 0.748911139
KQ:/rrc/c: 0.514047407 0.485952593 0.000000000
KQ:/rrc/crr: 0.000000000 0.394240479 0.605759521
KQ:/rrc/r: 0.076259398 0.482963105 0.440777497
Q:/c: 0.883095796 0.116904204 0.000000000
Q:/crr: 0.000000000 0.999999957 0.000000043
Q:/r: 0.440876074 0.559123706 0.000000220
QJ:/cc/c: 0.000000671 0.999999329 0.000000000
QJ:/cc/crr: 0.000000000 0.070662165 0.929337835
QJ:/cc/r: 0.000000136 0.000000102 0.999999762
QJ:/crc/c: 0.602542812 0.397457188 0.000000000
QJ:/crc/crr: 0.000000000 0.001111985 0.998888015
QJ:/crc/r: 0.000000067 0.000000007 0.999999926
QJ:/crrc/c: 0.000000131 0.999999869 0.000000000
QJ:/crrc/crr: 0.000000000 0.161356741 0.838643259
QJ:/crrc/r: 0.018351873 0.000000000 0.981648127
QJ:/rc/c: 0.000000753 0.999999247 0.000000000
QJ:/rc/crr: 0.000000000 0.001879528 0.998120472
QJ:/rc/r: 0.018575292 0.000000008 0.981424700
QJ:/rrc/c: 0.000000460 0.999999540 0.000000000
QJ:/rrc/crr: 0.000000000 0.068815410 0.931184590
QJ:/rrc/r: 0.000000062 0.000000013 0.999999925
QK:/cc/c: 0.195820528 0.804179472 0.000000000
QK:/cc/crr: 0.000000000 0.999999946 0.000000054
QK:/cc/r: 0.000000216 0.662713538 0.337286246
QK:/crc/c: 0.321687012 0.678312988 0.000000000
QK:/crc/crr: 0.000000000 0.000011382 0.999988618
QK:/crc/r: 0.000000295 0.373825317 0.626174388
QK:/crrc/c: 0.212781049 0.787218951 0.000000000
QK:/crrc/crr: 0.000000000 0.000003341 0.999996659
QK:/crrc/r: 0.000000449 0.223430392 0.776569160
QK:/rc/c: 0.440364818 0.559635182 0.000000000
QK:/rc/crr: 0.000000000 0.000006795 0.999993205
QK:/rc/r: 0.000000024 0.241691383 0.758308594
QK:/rrc/c: 0.497415325 0.502584675 0.000000000
QK:/rrc/crr: 0.000000000 0.049603860 0.950396140
QK:/rrc/r: 0.000000065 0.437472584 0.562527351
QQ:/cc/c: 0.999999989 0.000000011 0.000000000
QQ:/cc/crr: 0.000000000 0.999999991 0.000000009
QQ:/cc/r: 0.999999774 0.000000098 0.000000129
QQ:/crc/c: 0.999999978 0.000000022 0.000000000
QQ:/crc/crr: 0.000000000 0.999999986 0.000000014
QQ:/crc/r: 0.999999970 0.000000017 0.000000013
QQ:/crrc/c: 0.999999996 0.000000005 0.000000000
QQ:/crrc/crr: 0.000000000 0.999999996 0.000000004
QQ:/crrc/r: 0.999999971 0.000000025 0.000000004
QQ:/rc/c: 0.999999992 0.000000008 0.000000000
QQ:/rc/crr: 0.000000000 0.999999996 0.000000004
QQ:/rc/r: 0.999999982 0.000000008 0.000000010
QQ:/rrc/c: 0.999999955 0.000000045 0.000000000
QQ:/rrc/crr: 0.000000000 0.999999959 0.000000041
QQ:/rrc/r: 0.999999844 0.000000118 0.000000039
