J:/c: 0.197125867 0.802874133 0.000000000
J:/crr: 0.000000000 0.999999997 0.000000003
J:/r: 0.030683642 0.121576812 0.847739546
JJ:/cc/c: 0.999999991 0.000000009 0.000000000
JJ:/cc/crr: 0.000000000 0.999999997 0.000000003
JJ:/cc/r: 0.999999975 0.000000017 0.000000007
JJ:/crc/c: 0.999999978 0.000000022 0.000000000
JJ:/crc/crr: 0.000000000 0.999999994 0.000000006
JJ:/crc/r: 0.502873555 0.497126433 0.000000012
JJ:/crrc/c: 0.999999990 0.000000010 0.000000000
JJ:/crrc/crr: 0.000000000 0.999999997 0.000000003
JJ:/crrc/r: 0.999999882 0.000000111 0.000000007
JJ:/rc/c: 0.999999965 0.000000035 0.000000000
JJ:/rc/crr: 0.000000000 0.999999989 0.000000011
JJ:/rc/r: 0.999999953 0.000000022 0.000000024
JJ:/rrc/c: 0.999999920 0.000000080 0.000000000
JJ:/rrc/crr: 0.000000000 0.999999975 0.000000025
JJ:/rrc/r: 0.999999325 0.000000619 0.000000055
JK:/cc/c: 0.004365300 0.995634700 0.000000000
JK:/cc/crr: 0.000000000 0.000000332 0.999999668
JK:/cc/r: 0.000000354 0.000000004 0.999999642
JK:/crc/c: 0.422287631 0.577712369 0.000000000
JK:/crc/crr: 0.000000000 0.000000074 0.999999926
JK:/crc/r: 0.007596471 0.000000103 0.992403426
JK:/crrc/c: 0.269612468 0.730387532 0.000000000
JK:/crrc/crr: 0.000000000 0.000000244 0.999999756
JK:/crrc/r: 0.127525407 0.000000070 0.872474522
JK:/rc/c: 0.267266779 0.732733221 0.000000000
JK:/rc/crr: 0.000000000 0.000000018 0.999999982
JK:/rc/r: 0.240362619 0.000000011 0.759637370
JK:/rrc/c: 0.999998241 0.000001759 0.000000000
JK:/rrc/crr: 0.000000000 0.000000100 0.999999900
JK:/rrc/r: 0.190498405 0.000000155 0.809501439
JQ:/cc/c: 0.042458614 0.957541386 0.000000000
JQ:/cc/crr: 0.000000000 0.000000000 1.000000000
JQ:/cc/r: 0.019688174 0.000000000 0.980311826
JQ:/crc/c: 0.271342234 0.728657766 0.000000000
JQ:/crc/crr: 0.000000000 0.000003017 0.999996983
JQ:/crc/r: 0.074707123 0.000000028 0.925292849
JQ:/crrc/c: 0.021124680 0.978875320 0.000000000
JQ:/crrc/crr: 0.000000000 0.000000654 0.999999346
JQ:/crrc/r: 0.089139671 0.000000013 0.910860316
JQ:/rc/c: 0.999962422 0.000037578 0.000000000
JQ:/rc/crr: 0.000000000 0.000000000 1.000000000
JQ:/rc/r: 0.000000017 0.000000030 0.999999953
JQ:/rrc/c: 0.000005919 0.999994081 0.000000000
JQ:/rrc/crr: 0.000000000 0.016176027 0.983823973
JQ:/rrc/r: 0.290968614 0.000000160 0.709031226
K:/c: 0.999996500 0.000003500 0.000000000
K:/crr: 0.000000000 0.999999999 0.000000001
K:/r: 0.446114911 0.553885088 0.000000001
KJ:/cc/c: 0.007344890 0.992655110 0.000000000
KJ:/cc/crr: 0.000000000 0.962265676 0.037734324
KJ:/cc/r: 0.005335951 0.005532951 0.989131097
KJ:/crc/c: 0.084016937 0.915983063 0.000000000
KJ:/crc/crr: 0.000000000 0.999999987 0.000000013
KJ:/crc/r: 0.000000089 0.722517410 0.277482502
KJ:/crrc/c: 0.214653544 0.785346456 0.000000000
KJ:/crrc/crr: 0.000000000 0.629097054 0.370902946
KJ:/crrc/r: 0.029207046 0.778181028 0.192611926
KJ:/rc/c: 0.281179936 0.718820064 0.000000000
KJ:/rc/crr: 0.000000000 0.704032330 0.295967670
KJ:/rc/r: 0.014493065 0.722613264 0.262893671
KJ:/rrc/c: 0.347810502 0.652189498 0.000000000
KJ:/rrc/crr: 0.000000000 0.999966574 0.000033426
KJ:/rrc/r: 0.024648546 0.894158772 0.081192682
KK:/cc/c: 0.990395763 0.009604237 0.000000000
KK:/cc/crr: 0.000000000 0.997003466 0.002996534
KK:/cc/r: 0.996305004 0.002882101 0.000812894
KK:/crc/c: 0.999999718 0.000000282 0.000000000
KK:/crc/crr: 0.000000000 0.999999945 0.000000055
KK:/crc/r: 0.634249434 0.365750530 0.000000036
KK:/crrc/c: 0.999999990 0.000000010 0.000000000
KK:/crrc/crr: 0.000000000 0.999999997 0.000000003
KK:/crrc/r: 0.999990225 0.000009768 0.000000007
KK:/rc/c: 0.999999958 0.000000042 0.000000000
KK:/rc/crr: 0.000000000 0.999999987 0.000000013
KK:/rc/r: 0.999999943 0.000000028 0.000000030
KK:/rrc/c: 0.999999870 0.000000130 0.000000000
KK:/rrc/crr: 0.000000000 0.999999974 0.000000026
KK:/rrc/r: 0.936461790 0.063538169 0.000000041
KQ:/cc/c: 0.002726874 0.997273126 0.000000000
KQ:/cc/crr: 0.000000000 0.742039104 0.257960896
KQ:/cc/r: 0.014097572 0.980478376 0.005424052
KQ:/crc/c: 0.235851630 0.764148370 0.000000000
KQ:/crc/crr: 0.000000000 0.049020773 0.950979227
KQ:/crc/r: 0.000000011 0.406254485 0.593745503
KQ:/crrc/c: 0.485479251 0.514520749 0.000000000
KQ:/crrc/crr: 0.000000000 0.376955819 0.623044181
KQ:/crrc/r: 0.000003528 0.746626556 0.253369916
KQ:/rc/c: 0.000016782 0.999983218 0.000000000
KQ:/rc/crr: 0.000000000 0.007946797 0.992053203
KQ:/rc/r: 0.000000104 0.286741864 0.713258032
KQ:/rrc/c: 0.380579214 0.619420786 0.000000000
KQ:/rrc/crr: 0.000000000 0.438323505 0.561676495
KQ:/rrc/r: 0.049498412 0.539711699 0.410789889
Q:/c: 0.766074256 0.233925744 0.000000000
Q:/crr: 0.000000000 0.999999966 0.000000034
Q:/r: 0.254755002 0.745244766 0.000000232
QJ:/cc/c: 0.000000291 0.999999709 0.000000000
QJ:/cc/crr: 0.000000000 0.087756149 0.912243851
QJ:/cc/r: 0.000000075 0.000000129 0.999999796
QJ:/crc/c: 0.396580886 0.603419114 0.000000000
QJ:/crc/crr: 0.000000000 0.001406450 0.998593550
QJ:/crc/r: 0.000000037 0.000000008 0.999999955
QJ:/crrc/c: 0.000000057 0.999999943 0.000000000
QJ:/crrc/crr: 0.000000000 0.195769011 0.804230989
QJ:/crrc/r: 0.010149915 0.000000000 0.989850085
QJ:/rc/c: 0.000000327 0.999999673 0.000000000
QJ:/rc/crr: 0.000000000 0.002376762 0.997623238
QJ:/rc/r: 0.010274528 0.000000010 0.989725462
QJ:/rrc/c: 0.000000199 0.999999801 0.000000000
QJ:/rrc/crr: 0.000000000 0.085503745 0.914496255
QJ:/rrc/r: 0.000000034 0.000000016 0.999999950
QK:/cc/c: 0.095485202 0.904514798 0.000000000
QK:/cc/crr: 0.000000000 0.999999957 0.000000043
QK:/cc/r: 0.000000101 0.713128481 0.286871418
QK:/crc/c: 0.170536008 0.829463992 0.000000000
QK:/crc/crr: 0.000000000 0.000014400 0.999985600
QK:/crc/r: 0.000000147 0.430300825 0.569699028
QK:/crrc/c: 0.104888895 0.895111105 0.000000000
QK:/crrc/crr: 0.000000000 0.000004227 0.999995773
QK:/crrc/r: 0.000000232 0.266868421 0.733131347
QK:/rc/c: 0.254361374 0.745638626 0.000000000
QK:/rc/crr: 0.000000000 0.000008597 0.999991403
QK:/rc/r: 0.000000012 0.287365824 0.712634164
QK:/rrc/c: 0.300242729 0.699757271 0.000000000
QK:/rrc/crr: 0.000000000 0.061943146 0.938056854
QK:/rrc/r: 0.000000032 0.495947804 0.504052164
QQ:/cc/c: 0.999999976 0.000000024 0.000000000
QQ:/cc/crr: 0.000000000 0.999999993 0.000000007
QQ:/cc/r: 0.999999540 0.000000225 0.000000235
QQ:/crc/c: 0.999999950 0.000000050 0.000000000
QQ:/crc/crr: 0.000000000 0.999999989 0.000000011
QQ:/crc/r: 0.999999938 0.000000038 0.000000024
QQ:/crrc/c: 0.999999990 0.000000010 0.000000000
QQ:/crrc/crr: 0.000000000 0.999999997 0.000000003
QQ:/crrc/r: 0.999999936 0.000000057 0.000000007
QQ:/rc/c: 0.999999981 0.000000019 0.000000000
QQ:/rc/crr: 0.000000000 0.999999997 0.000000003
QQ:/rc/r: 0.999999964 0.000000017 0.000000018
QQ:/rrc/c: 0.999999896 0.000000104 0.000000000
QQ:/rrc/crr: 0.000000000 0.999999968 0.000000032
QQ:/rrc/r: 0.999999658 0.000000272 0.000000070
