J:/c: 0.380361726 0.619638274 0.000000000
J:/crr: 0.000000000 0.999999996 0.000000004
J:/r: 0.056014743 0.088773587 0.855211670
JJ:/cc/c: 0.999999997 0.000000003 0.000000000
JJ:/cc/crr: 0.000000000 0.999999996 0.000000004
JJ:/cc/r: 0.999999989 0.000000007 0.000000004
JJ:/crc/c: 0.999999991 0.000000009 0.000000000
JJ:/crc/crr: 0.000000000 0.999999991 0.000000009
JJ:/crc/r: 0.716636189 0.283363802 0.000000009
JJ:/crrc/c: 0.999999996 0.000000004 0.000000000
JJ:/crrc/crr: 0.000000000 0.999999996 0.000000004
JJ:/crrc/r: 0.999999952 0.000000044 0.000000004
JJ:/rc/c: 0.999999986 0.000000014 0.000000000
JJ:/rc/crr: 0.000000000 0.999999985 0.000000015
JJ:/rc/r: 0.999999978 0.000000009 0.000000013
JJ:/rrc/c: 0.999999968 0.000000032 0.000000000
JJ:/rrc/crr: 0.000000000 0.999999966 0.000000034
JJ:/rrc/r: 0.999999722 0.000000248 0.000000031
JK:/cc/c: 0.010842808 0.989157192 0.000000000
JK:/cc/crr: 0.000000000 0.000000240 0.999999760
JK:/cc/r: 0.000000641 0.000000003 0.999999357
JK:/crc/c: 0.646331593 0.353668407 0.000000000
JK:/crc/crr: 0.000000000 0.000000053 0.999999947
JK:/crc/r: 0.013662601 0.000000074 0.986337325
JK:/crrc/c: 0.479948937 0.520051063 0.000000000
JK:/crrc/crr: 0.000000000 0.000000177 0.999999823
JK:/crrc/r: 0.209174550 0.000000046 0.790825404
JK:/rc/c: 0.476968310 0.523031690 0.000000000
JK:/rc/crr: 0.000000000 0.000000013 0.999999987
JK:/rc/r: 0.364106937 0.000000007 0.635893056
JK:/rrc/c: 0.999999296 0.000000704 0.000000000
JK:/rrc/crr: 0.000000000 0.000000072 0.999999928
JK:/rrc/r: 0.298664568 0.000000097 0.701335335
JQ:/cc/c: 0.099795687 0.900204313 0.000000000
JQ:/cc/crr: 0.000000000 0.000000000 1.000000000
JQ:/cc/r: 0.035068870 0.000000000 0.964931130
JQ:/crc/c: 0.482137370 0.517862630 0.000000000
JQ:/crc/crr: 0.000000000 0.000002184 0.999997816
JQ:/crc/r: 0.127480102 0.000000019 0.872519879
JQ:/crrc/c: 0.051192160 0.948807840 0.000000000
JQ:/crrc/crr: 0.000000000 0.000000473 0.999999527
JQ:/crrc/r: 0.150450076 0.000000009 0.849549915
JQ:/rc/c: 0.999984969 0.000015031 0.000000000
JQ:/rc/crr: 0.000000000 0.000000000 1.000000000
JQ:/rc/r: 0.000000031 0.000000022 0.999999947
JQ:/rrc/c: 0.000014797 0.999985203 0.000000000
JQ:/rrc/crr: 0.000000000 0.011760840 0.988239160
JQ:/rrc/r: 0.426150490 0.000000094 0.573849417
K:/c: 0.999998240 0.000001760 0.000000000
K:/crr: 0.000000000 0.999999999 0.000000001
K:/r: 0.615643191 0.384356807 0.000000001
KJ:/cc/c: 0.014501414 0.985498586 0.000000000
KJ:/cc/crr: 0.000000000 0.951106344 0.048893656
KJ:/cc/r: 0.008082947 0.004214512 0.987702541
KJ:/crc/c: 0.154269127 0.845730873 0.000000000
KJ:/crc/crr: 0.000000000 0.999999983 0.000000017
KJ:/crc/r: 0.000000162 0.665130182 0.334869656
KJ:/crrc/c: 0.352145262 0.647854738 0.000000000
KJ:/crrc/crr: 0.000000000 0.564046937 0.435953063
KJ:/crrc/r: 0.053348245 0.714736082 0.231915672
KJ:/rc/c: 0.437543091 0.562456909 0.000000000
KJ:/rc/crr: 0.000000000 0.644702115 0.355297885
KJ:/rc/r: 0.026295920 0.659275020 0.314429060
KJ:/rrc/c: 0.514695658 0.485304342 0.000000000
KJ:/rrc/crr: 0.000000000 0.999956181 0.000043819
KJ:/rrc/r: 0.046701245 0.851891634 0.101407122
KK:/cc/c: 0.995147405 0.004852595 0.000000000
KK:/cc/crr: 0.000000000 0.996075389 0.003924611
KK:/cc/r: 0.998011498 0.001451727 0.000536774
KK:/crc/c: 0.999999858 0.000000142 0.000000000
KK:/crc/crr: 0.000000000 0.999999929 0.000000071
KK:/crc/r: 0.775210051 0.224789920 0.000000029
KK:/crrc/c: 0.999999995 0.000000005 0.000000000
KK:/crrc/crr: 0.000000000 0.999999996 0.000000004
KK:/crrc/r: 0.999995084 0.000004912 0.000000005
KK:/rc/c: 0.999999979 0.000000021 0.000000000
KK:/rc/crr: 0.000000000 0.999999983 0.000000017
KK:/rc/r: 0.999999967 0.000000014 0.000000020
KK:/rrc/c: 0.999999935 0.000000065 0.000000000
KK:/rrc/crr: 0.000000000 0.999999966 0.000000034
KK:/rrc/r: 0.967008074 0.032991898 0.000000028
KQ:/cc/c: 0.005408330 0.994591670 0.000000000
KQ:/cc/crr: 0.000000000 0.686939918 0.313060082
KQ:/cc/r: 0.027604413 0.965394387 0.007001200
KQ:/crc/c: 0.380345474 0.619654526 0.000000000
KQ:/crc/crr: 0.000000000 0.037833582 0.962166418
KQ:/crc/r: 0.000000019 0.342941480 0.657058501
KQ:/crrc/c: 0.652348321 0.347651679 0.000000000
KQ:/crrc/crr: 0.000000000 0.315780446 0.684219554
KQ:/crrc/r: 0.000006503 0.692099114 0.307894382
KQ:/rc/c: 0.000033374 0.999966626 0.000000000
KQ:/rc/crr: 0.000000000 0.006073368 0.993926632
KQ:/rc/r: 0.000000169 0.234692186 0.765307646
KQ:/rrc/c: 0.549929647 0.450070353 0.000000000
KQ:/rrc/crr: 0.000000000 0.373153684 0.626846316
KQ:/rrc/r: 0.083657443 0.458677790 0.457664768
Q:/c: 0.892708599 0.107291401 0.000000000
Q:/crr: 0.000000000 0.999999956 0.000000044
Q:/r: 0.464814636 0.535185150 0.000000214
QJ:/cc/c: 0.000000739 0.999999261 0.000000000
QJ:/cc/crr: 0.000000000 0.069646820 0.930353180
QJ:/cc/r: 0.000000147 0.000000100 0.999999752
QJ:/crc/c: 0.625440223 0.374559777 0.000000000
QJ:/crc/crr: 0.000000000 0.001094830 0.998905170
QJ:/crc/r: 0.000000073 0.000000007 0.999999921
QJ:/crrc/c: 0.000000144 0.999999856 0.000000000
QJ:/crrc/crr: 0.000000000 0.159261535 0.840738465
QJ:/crrc/r: 0.019870790 0.000000000 0.980129210
QJ:/rc/c: 0.000000830 0.999999170 0.000000000
QJ:/rc/crr: 0.000000000 0.001850553 0.998149447
QJ:/rc/r: 0.020112322 0.000000008 0.979887670
QJ:/rrc/c: 0.000000507 0.999999493 0.000000000
QJ:/rrc/crr: 0.000000000 0.067824664 0.932175336
QJ:/rrc/r: 0.000000067 0.000000012 0.999999920
QK:/cc/c: 0.211486051 0.788513949 0.000000000
QK:/cc/crr: 0.000000000 0.999999945 0.000000055
QK:/cc/r: 0.000000237 0.659225566 0.340774197
QK:/crc/c: 0.343125457 0.656874543 0.000000000
QK:/crc/crr: 0.000000000 0.000011206 0.999988794
QK:/crc/r: 0.000000321 0.370189026 0.629810653
QK:/crrc/c: 0.229416327 0.770583673 0.000000000
QK:/crrc/crr: 0.000000000 0.000003289 0.999996711
QK:/crrc/r: 0.000000488 0.220741311 0.779258201
QK:/rc/c: 0.464298673 0.535701327 0.000000000
QK:/rc/crr: 0.000000000 0.000006690 0.999993310
QK:/rc/r: 0.000000026 0.238850129 0.761149846
QK:/rrc/c: 0.521560137 0.478439863 0.000000000
QK:/rrc/crr: 0.000000000 0.048875189 0.951124811
QK:/rrc/r: 0.000000071 0.433645943 0.566353986
QQ:/cc/c: 0.999999990 0.000000010 0.000000000
QQ:/cc/crr: 0.000000000 0.999999990 0.000000010
QQ:/cc/r: 0.999999793 0.000000089 0.000000119
QQ:/crc/c: 0.999999980 0.000000020 0.000000000
QQ:/crc/crr: 0.000000000 0.999999986 0.000000014
QQ:/crc/r: 0.999999973 0.000000015 0.000000012
QQ:/crrc/c: 0.999999996 0.000000004 0.000000000
QQ:/crrc/crr: 0.000000000 0.999999996 0.000000004
QQ:/crrc/r: 0.999999974 0.000000022 0.000000004
QQ:/rc/c: 0.999999993 0.000000007 0.000000000
QQ:/rc/crr: 0.000000000 0.999999996 0.000000004
QQ:/rc/r: 0.999999984 0.000000007 0.000000009
QQ:/rrc/c: 0.999999959 0.000000041 0.000000000
QQ:/rrc/crr: 0.000000000 0.999999959 0.000000041
QQ:/rrc/r: 0.999999858 0.000000107 0.000000036
