J:/c: 0.287657892 0.712342108 0.000000000
J:/crr: 0.000000000 0.999999996 0.000000004
J:/r: 0.040030744 0.096437507 0.863531749
JJ:/cc/c: 0.999999995 0.000000005 0.000000000
JJ:/cc/crr: 0.000000000 0.999999996 0.000000004
JJ:/cc/r: 0.999999984 0.000000011 0.000000006
JJ:/crc/c: 0.999999986 0.000000014 0.000000000
JJ:/crc/crr: 0.000000000 0.999999992 0.000000008
JJ:/crc/r: 0.624586904 0.375413085 0.000000011
JJ:/crrc/c: 0.999999994 0.000000006 0.000000000
JJ:/crrc/crr: 0.000000000 0.999999996 0.000000004
JJ:/crrc/r: 0.999999927 0.000000067 0.000000006
JJ:/rc/c: 0.999999979 0.000000021 0.000000000
JJ:/rc/crr: 0.000000000 0.999999986 0.000000014
JJ:/rc/r: 0.999999968 0.000000014 0.000000019
JJ:/rrc/c: 0.999999952 0.000000048 0.000000000
JJ:/rrc/crr: 0.000000000 0.999999968 0.000000032
JJ:/rrc/r: 0.999999580 0.000000377 0.000000043
JK:/cc/c: 0.007159538 0.992840462 0.000000000
JK:/cc/crr: 0.000000000 0.000000259 0.999999741
JK:/cc/r: 0.000000453 0.000000003 0.999999544
JK:/crc/c: 0.545915200 0.454084800 0.000000000
JK:/crc/crr: 0.000000000 0.000000058 0.999999942
JK:/crc/r: 0.009708620 0.000000080 0.990291300
JK:/crrc/c: 0.377770882 0.622229118 0.000000000
JK:/crrc/crr: 0.000000000 0.000000190 0.999999810
JK:/crrc/r: 0.157684687 0.000000053 0.842315260
JK:/rc/c: 0.374967283 0.625032717 0.000000000
JK:/rc/crr: 0.000000000 0.000000014 0.999999986
JK:/rc/r: 0.288386849 0.000000008 0.711613142
JK:/rrc/c: 0.999998930 0.000001070 0.000000000
JK:/rrc/crr: 0.000000000 0.000000078 0.999999922
JK:/rrc/r: 0.231597271 0.000000115 0.768402614
JQ:/cc/c: 0.067971810 0.932028190 0.000000000
JQ:/cc/crr: 0.000000000 0.000000000 1.000000000
JQ:/cc/r: 0.025077383 0.000000000 0.974922617
JQ:/crc/c: 0.379833697 0.620166303 0.000000000
JQ:/crc/crr: 0.000000000 0.000002349 0.999997651
JQ:/crc/r: 0.093716832 0.000000021 0.906283147
JQ:/crrc/c: 0.034277310 0.965722690 0.000000000
JQ:/crrc/crr: 0.000000000 0.000000509 0.999999491
JQ:/crrc/r: 0.111379771 0.000000010 0.888620219
JQ:/rc/c: 0.999977152 0.000022848 0.000000000
JQ:/rc/crr: 0.000000000 0.000000000 1.000000000
JQ:/rc/r: 0.000000022 0.000000023 0.999999955
JQ:/rrc/c: 0.000009734 0.999990266 0.000000000
JQ:/rrc/crr: 0.000000000 0.012641790 0.987358210
JQ:/rrc/r: 0.344518231 0.000000115 0.655481654
K:/c: 0.999997872 0.000002128 0.000000000
K:/crr: 0.000000000 0.999999999 0.000000001
K:/r: 0.569837564 0.430162434 0.000000001
KJ:/cc/c: 0.012023340 0.987976660 0.000000000
KJ:/cc/crr: 0.000000000 0.952057004 0.047942996
KJ:/cc/r: 0.006832251 0.004307421 0.988860328
KJ:/crc/c: 0.131083747 0.868916253 0.000000000
KJ:/crc/crr: 0.000000000 0.999999984 0.000000016
KJ:/crc/r: 0.000000135 0.669710274 0.330289591
KJ:/crrc/c: 0.310125951 0.689874049 0.000000000
KJ:/crrc/crr: 0.000000000 0.569113910 0.430886090
KJ:/crrc/r: 0.044745700 0.724857753 0.230396546
KJ:/rc/c: 0.391491487 0.608508513 0.000000000
KJ:/rc/crr: 0.000000000 0.649414320 0.350585680
KJ:/rc/r: 0.021988868 0.666587284 0.311423848
KJ:/rrc/c: 0.467269813 0.532730187 0.000000000
KJ:/rrc/crr: 0.000000000 0.999957076 0.000042924
KJ:/rrc/r: 0.039019578 0.860625827 0.100354595
KK:/cc/c: 0.994138491 0.005861509 0.000000000
KK:/cc/crr: 0.000000000 0.996155231 0.003844769
KK:/cc/r: 0.997609844 0.001754632 0.000635524
KK:/crc/c: 0.999999829 0.000000171 0.000000000
KK:/crc/crr: 0.000000000 0.999999930 0.000000070
KK:/crc/r: 0.740402157 0.259597810 0.000000033
KK:/crrc/c: 0.999999994 0.000000006 0.000000000
KK:/crrc/crr: 0.000000000 0.999999996 0.000000004
KK:/crrc/r: 0.999994055 0.000005939 0.000000006
KK:/rc/c: 0.999999975 0.000000025 0.000000000
KK:/rc/crr: 0.000000000 0.999999984 0.000000016
KK:/rc/r: 0.999999960 0.000000017 0.000000023
KK:/rrc/c: 0.999999921 0.000000079 0.000000000
KK:/rrc/crr: 0.000000000 0.999999967 0.000000033
KK:/rrc/r: 0.960381568 0.039618399 0.000000033
KQ:/cc/c: 0.004477069 0.995522931 0.000000000
KQ:/cc/crr: 0.000000000 0.691360116 0.308639884
KQ:/cc/r: 0.022942649 0.970165242 0.006892110
KQ:/crc/c: 0.336710078 0.663289922 0.000000000
KQ:/crc/crr: 0.000000000 0.038591908 0.961408092
KQ:/crc/r: 0.000000016 0.347605936 0.652394048
KQ:/crrc/c: 0.608132687 0.391867313 0.000000000
KQ:/crrc/crr: 0.000000000 0.320255536 0.679744464
KQ:/crrc/r: 0.000005412 0.696479349 0.303515239
KQ:/rc/c: 0.000027602 0.999972398 0.000000000
KQ:/rc/crr: 0.000000000 0.006199203 0.993800797
KQ:/rc/r: 0.000000142 0.238418561 0.761581297
KQ:/rrc/c: 0.502619637 0.497380363 0.000000000
KQ:/rrc/crr: 0.000000000 0.377992667 0.622007333
KQ:/rrc/r: 0.070875672 0.469868388 0.459255940
Q:/c: 0.843412936 0.156587064 0.000000000
Q:/crr: 0.000000000 0.999999956 0.000000044
Q:/r: 0.359889985 0.640109759 0.000000256
QJ:/cc/c: 0.000000478 0.999999522 0.000000000
QJ:/cc/crr: 0.000000000 0.069690477 0.930309523
QJ:/cc/r: 0.000000096 0.000000100 0.999999804
QJ:/crc/c: 0.519449468 0.480550532 0.000000000
QJ:/crc/crr: 0.000000000 0.001095566 0.998904434
QJ:/crc/r: 0.000000047 0.000000007 0.999999946
QJ:/crrc/c: 0.000000093 0.999999907 0.000000000
QJ:/crrc/crr: 0.000000000 0.159351743 0.840648257
QJ:/crrc/r: 0.012962758 0.000000000 0.987037242
QJ:/rc/c: 0.000000537 0.999999463 0.000000000
QJ:/rc/crr: 0.000000000 0.001851798 0.998148202
QJ:/rc/r: 0.013121447 0.000000008 0.986878545
QJ:/rrc/c: 0.000000328 0.999999672 0.000000000
QJ:/rrc/crr: 0.000000000 0.067867262 0.932132738
QJ:/rrc/r: 0.000000044 0.000000012 0.999999944
QK:/cc/c: 0.147938980 0.852061020 0.000000000
QK:/cc/crr: 0.000000000 0.999999945 0.000000055
QK:/cc/r: 0.000000154 0.659376917 0.340622930
QK:/crc/c: 0.252699922 0.747300078 0.000000000
QK:/crc/crr: 0.000000000 0.000011214 0.999988786
QK:/crc/r: 0.000000208 0.370346120 0.629653672
QK:/crrc/c: 0.161585652 0.838414348 0.000000000
QK:/crrc/crr: 0.000000000 0.000003291 0.999996709
QK:/crrc/r: 0.000000316 0.220857231 0.779142453
QK:/rc/c: 0.359412275 0.640587725 0.000000000
QK:/rc/crr: 0.000000000 0.000006694 0.999993306
QK:/rc/r: 0.000000017 0.238972605 0.761027379
QK:/rrc/c: 0.413728472 0.586271528 0.000000000
QK:/rrc/crr: 0.000000000 0.048906509 0.951093491
QK:/rrc/r: 0.000000046 0.433811384 0.566188571
QQ:/cc/c: 0.999999985 0.000000015 0.000000000
QQ:/cc/crr: 0.000000000 0.999999990 0.000000010
QQ:/cc/r: 0.999999680 0.000000137 0.000000183
QQ:/crc/c: 0.999999969 0.000000031 0.000000000
QQ:/crc/crr: 0.000000000 0.999999986 0.000000014
QQ:/crc/r: 0.999999958 0.000000023 0.000000019
QQ:/crrc/c: 0.999999994 0.000000006 0.000000000
QQ:/crrc/crr: 0.000000000 0.999999996 0.000000004
QQ:/crrc/r: 0.999999960 0.000000035 0.000000006
QQ:/rc/c: 0.999999988 0.000000012 0.000000000
QQ:/rc/crr: 0.000000000 0.999999996 0.000000004
QQ:/rc/r: 0.999999975 0.000000011 0.000000014
QQ:/rrc/c: 0.999999937 0.000000063 0.000000000
QQ:/rrc/crr: 0.000000000 0.999999959 0.000000041
QQ:/rrc/r: 0.999999780 0.000000165 0.000000055
