J:/c: 0.250094821 0.749905179 0.000000000
J:/crr: 0.000000000 0.999999997 0.000000003
J:/r: 0.047437671 0.138377349 0.814184980
JJ:/cc/c: 0.999999994 0.000000006 0.000000000
JJ:/cc/crr: 0.000000000 0.999999997 0.000000003
JJ:/cc/r: 0.999999983 0.000000013 0.000000005
JJ:/crc/c: 0.999999983 0.000000017 0.000000000
JJ:/crc/crr: 0.000000000 0.999999995 0.000000005
JJ:/crc/r: 0.578774160 0.421225832 0.000000008
JJ:/crrc/c: 0.999999992 0.000000008 0.000000000
JJ:/crrc/crr: 0.000000000 0.999999997 0.000000003
JJ:/crrc/r: 0.999999914 0.000000082 0.000000005
JJ:/rc/c: 0.999999975 0.000000025 0.000000000
JJ:/rc/crr: 0.000000000 0.999999991 0.000000009
JJ:/rc/r: 0.999999969 0.000000017 0.000000015
JJ:/rrc/c: 0.999999941 0.000000059 0.000000000
JJ:/rrc/crr: 0.000000000 0.999999979 0.000000021
JJ:/rrc/r: 0.999999510 0.000000456 0.000000034
JK:/cc/c: 0.005920215 0.994079785 0.000000000
JK:/cc/crr: 0.000000000 0.000000393 0.999999607
JK:/cc/r: 0.000000570 0.000000004 0.999999426
JK:/crc/c: 0.498214865 0.501785135 0.000000000
JK:/crc/crr: 0.000000000 0.000000088 0.999999912
JK:/crc/r: 0.012171967 0.000000121 0.987827912
JK:/crrc/c: 0.333957274 0.666042726 0.000000000
JK:/crrc/crr: 0.000000000 0.000000289 0.999999711
JK:/crrc/r: 0.190472164 0.000000078 0.809527758
JK:/rc/c: 0.331305704 0.668694296 0.000000000
JK:/rc/crr: 0.000000000 0.000000021 0.999999979
JK:/rc/r: 0.337463195 0.000000012 0.662536793
JK:/rrc/c: 0.999998705 0.000001295 0.000000000
JK:/rrc/crr: 0.000000000 0.000000119 0.999999881
JK:/rrc/r: 0.274740577 0.000000165 0.725259258
JQ:/cc/c: 0.056808131 0.943191869 0.000000000
JQ:/cc/crr: 0.000000000 0.000000000 1.000000000
JQ:/cc/r: 0.031316897 0.000000000 0.968683103
JQ:/crc/c: 0.335910001 0.664089999 0.000000000
JQ:/crc/crr: 0.000000000 0.000003575 0.999996425
JQ:/crc/r: 0.115019693 0.000000032 0.884980275
JQ:/crrc/c: 0.028478517 0.971521483 0.000000000
JQ:/crrc/crr: 0.000000000 0.000000775 0.999999225
JQ:/crrc/r: 0.136094692 0.000000015 0.863905293
JQ:/rc/c: 0.999972334 0.000027666 0.000000000
JQ:/rc/crr: 0.000000000 0.000000000 1.000000000
JQ:/rc/r: 0.000000028 0.000000035 0.999999937
JQ:/rrc/c: 0.000008039 0.999991961 0.000000000
JQ:/rrc/crr: 0.000000000 0.019112922 0.980887078
JQ:/rrc/r: 0.397806865 0.000000161 0.602192974
K:/c: 0.999997423 0.000002577 0.000000000
K:/crr: 0.000000000 0.999999999 0.000000001
K:/r: 0.522451940 0.477548059 0.000000001
KJ:/cc/c: 0.009950525 0.990049475 0.000000000
KJ:/cc/crr: 0.000000000 0.967970505 0.032029495
KJ:/cc/r: 0.008552909 0.006529150 0.984917941
KJ:/crc/c: 0.110786682 0.889213318 0.000000000
KJ:/crc/crr: 0.000000000 0.999999989 0.000000011
KJ:/crc/r: 0.000000126 0.755249178 0.244750696
KJ:/crrc/c: 0.270744063 0.729255937 0.000000000
KJ:/crrc/crr: 0.000000000 0.667781709 0.332218291
KJ:/crrc/r: 0.040466391 0.793752819 0.165780790
KJ:/rc/c: 0.346973934 0.653026066 0.000000000
KJ:/rc/crr: 0.000000000 0.738154403 0.261845597
KJ:/rc/r: 0.020418585 0.749495668 0.230085747
KJ:/rrc/c: 0.420084020 0.579915980 0.000000000
KJ:/rrc/crr: 0.000000000 0.999971794 0.000028206
KJ:/rrc/r: 0.033609990 0.897613812 0.068776198
KK:/cc/c: 0.992911369 0.007088631 0.000000000
KK:/cc/crr: 0.000000000 0.997470301 0.002529699
KK:/cc/r: 0.997370393 0.002124082 0.000505525
KK:/crc/c: 0.999999792 0.000000208 0.000000000
KK:/crc/crr: 0.000000000 0.999999954 0.000000046
KK:/crc/r: 0.701979015 0.298020960 0.000000025
KK:/crrc/c: 0.999999992 0.000000008 0.000000000
KK:/crrc/crr: 0.000000000 0.999999997 0.000000003
KK:/crrc/r: 0.999992804 0.000007191 0.000000005
KK:/rc/c: 0.999999969 0.000000031 0.000000000
KK:/rc/crr: 0.000000000 0.999999989 0.000000011
KK:/rc/r: 0.999999961 0.000000020 0.000000018
KK:/rrc/c: 0.999999904 0.000000096 0.000000000
KK:/rrc/crr: 0.000000000 0.999999978 0.000000022
KK:/rrc/r: 0.952425556 0.047574417 0.000000026
KQ:/cc/c: 0.003700353 0.996299647 0.000000000
KQ:/cc/crr: 0.000000000 0.773191008 0.226808992
KQ:/cc/r: 0.019068848 0.976373426 0.004557726
KQ:/crc/c: 0.295397859 0.704602141 0.000000000
KQ:/crc/crr: 0.000000000 0.057571950 0.942428050
KQ:/crc/r: 0.000000017 0.447779358 0.552220625
KQ:/crrc/c: 0.561720987 0.438279013 0.000000000
KQ:/crrc/crr: 0.000000000 0.417592213 0.582407787
KQ:/crrc/r: 0.000004989 0.777389196 0.222605815
KQ:/rc/c: 0.000022796 0.999977204 0.000000000
KQ:/rc/crr: 0.000000000 0.009403886 0.990596114
KQ:/rc/r: 0.000000158 0.322689961 0.677309880
KQ:/rrc/c: 0.454912408 0.545087592 0.000000000
KQ:/rrc/crr: 0.000000000 0.480473722 0.519526278
KQ:/rrc/r: 0.070507932 0.565986853 0.363505215
Q:/c: 0.816456845 0.183543155 0.000000000
Q:/crr: 0.000000000 0.999999971 0.000000029
Q:/r: 0.317093387 0.682906434 0.000000179
QJ:/cc/c: 0.000000395 0.999999605 0.000000000
QJ:/cc/crr: 0.000000000 0.102337183 0.897662817
QJ:/cc/r: 0.000000120 0.000000153 0.999999727
QJ:/crc/c: 0.471659630 0.528340370 0.000000000
QJ:/crc/crr: 0.000000000 0.001666344 0.998333656
QJ:/crc/r: 0.000000059 0.000000010 0.999999931
QJ:/crrc/c: 0.000000077 0.999999923 0.000000000
QJ:/crrc/crr: 0.000000000 0.223892135 0.776107865
QJ:/crrc/r: 0.016238232 0.000000000 0.983761768
QJ:/rc/c: 0.000000444 0.999999556 0.000000000
QJ:/rc/crr: 0.000000000 0.002815453 0.997184547
QJ:/rc/r: 0.016436350 0.000000012 0.983563637
QJ:/rrc/c: 0.000000271 0.999999729 0.000000000
QJ:/rrc/crr: 0.000000000 0.099751457 0.900248543
QJ:/rrc/r: 0.000000055 0.000000019 0.999999926
QK:/cc/c: 0.125408719 0.874591281 0.000000000
QK:/cc/crr: 0.000000000 0.999999964 0.000000036
QK:/cc/r: 0.000000144 0.746579303 0.253420553
QK:/crc/c: 0.218302800 0.781697200 0.000000000
QK:/crc/crr: 0.000000000 0.000017066 0.999982934
QK:/crc/r: 0.000000219 0.472328280 0.527671501
QK:/crrc/c: 0.137312007 0.862687993 0.000000000
QK:/crrc/crr: 0.000000000 0.000005009 0.999994991
QK:/crrc/r: 0.000000356 0.301377756 0.698621887
QK:/rc/c: 0.316644354 0.683355646 0.000000000
QK:/rc/crr: 0.000000000 0.000010188 0.999989812
QK:/rc/r: 0.000000019 0.323356699 0.676643282
QK:/rrc/c: 0.368212380 0.631787620 0.000000000
QK:/rrc/crr: 0.000000000 0.072576467 0.927423533
QK:/rrc/r: 0.000000047 0.538328355 0.461671598
QQ:/cc/c: 0.999999982 0.000000018 0.000000000
QQ:/cc/crr: 0.000000000 0.999999994 0.000000006
QQ:/cc/r: 0.999999688 0.000000166 0.000000146
QQ:/crc/c: 0.999999963 0.000000037 0.000000000
QQ:/crc/crr: 0.000000000 0.999999991 0.000000009
QQ:/crc/r: 0.999999957 0.000000028 0.000000015
QQ:/crrc/c: 0.999999992 0.000000008 0.000000000
QQ:/crrc/crr: 0.000000000 0.999999997 0.000000003
QQ:/crrc/r: 0.999999953 0.000000042 0.000000005
QQ:/rc/c: 0.999999986 0.000000014 0.000000000
QQ:/rc/crr: 0.000000000 0.999999997 0.000000003
QQ:/rc/r: 0.999999976 0.000000013 0.000000011
QQ:/rrc/c: 0.999999924 0.000000076 0.000000000
QQ:/rrc/crr: 0.000000000 0.999999973 0.000000027
QQ:/rrc/r: 0.999999756 0.000000200 0.000000044
