J:/c: 0.358448377 0.641551623 0.000000000
J:/crr: 0.000000000 0.999999997 0.000000003
J:/r: 0.063829462 0.111138918 0.825031620
JJ:/cc/c: 0.999999996 0.000000004 0.000000000
JJ:/cc/crr: 0.000000000 0.999999997 0.000000003
JJ:/cc/r: 0.999999989 0.000000008 0.000000003
JJ:/crc/c: 0.999999990 0.000000010 0.000000000
JJ:/crc/crr: 0.000000000 0.999999993 0.000000007
JJ:/crc/r: 0.697146178 0.302853815 0.000000008
JJ:/crrc/c: 0.999999995 0.000000005 0.000000000
JJ:/crrc/crr: 0.000000000 0.999999997 0.000000003
JJ:/crrc/r: 0.999999948 0.000000049 0.000000003
JJ:/rc/c: 0.999999985 0.000000015 0.000000000
JJ:/rc/crr: 0.000000000 0.999999989 0.000000011
JJ:/rc/r: 0.999999979 0.000000010 0.000000011
JJ:/rrc/c: 0.999999965 0.000000035 0.000000000
JJ:/rrc/crr: 0.000000000 0.999999974 0.000000026
JJ:/rrc/r: 0.999999702 0.000000272 0.000000026
JK:/cc/c: 0.009878734 0.990121266 0.000000000
JK:/cc/crr: 0.000000000 0.000000312 0.999999688
JK:/cc/r: 0.000000757 0.000000004 0.999999240
JK:/crc/c: 0.624539446 0.375460554 0.000000000
JK:/crc/crr: 0.000000000 0.000000069 0.999999931
JK:/crc/r: 0.016098352 0.000000096 0.983901552
JK:/crrc/c: 0.456525279 0.543474721 0.000000000
JK:/crrc/crr: 0.000000000 0.000000229 0.999999771
JK:/crrc/r: 0.238053485 0.000000058 0.761946457
JK:/rc/c: 0.453563250 0.546436750 0.000000000
JK:/rc/crr: 0.000000000 0.000000017 0.999999983
JK:/rc/r: 0.403463220 0.000000008 0.596536772
JK:/rrc/c: 0.999999227 0.000000773 0.000000000
JK:/rrc/crr: 0.000000000 0.000000094 0.999999906
JK:/rrc/r: 0.334670044 0.000000120 0.665329836
JQ:/cc/c: 0.091655343 0.908344657 0.000000000
JQ:/cc/crr: 0.000000000 0.000000000 1.000000000
JQ:/cc/r: 0.041161644 0.000000000 0.958838356
JQ:/crc/c: 0.458701113 0.541298887 0.000000000
JQ:/crc/crr: 0.000000000 0.000002834 0.999997166
JQ:/crc/r: 0.147179277 0.000000024 0.852820699
JQ:/crrc/c: 0.046810253 0.953189747 0.000000000
JQ:/crrc/crr: 0.000000000 0.000000614 0.999999386
JQ:/crrc/r: 0.172994983 0.000000011 0.827005006
JQ:/rc/c: 0.999983486 0.000016514 0.000000000
JQ:/rc/crr: 0.000000000 0.000000000 1.000000000
JQ:/rc/r: 0.000000037 0.000000028 0.999999935
JQ:/rrc/c: 0.000013468 0.999986532 0.000000000
JQ:/rrc/crr: 0.000000000 0.015209177 0.984790823
JQ:/rrc/r: 0.467284943 0.000000113 0.532714945
K:/c: 0.999998462 0.000001538 0.000000000
K:/crr: 0.000000000 0.999999999 0.000000001
K:/r: 0.646998081 0.353001918 0.000000001
KJ:/cc/c: 0.016558999 0.983441001 0.000000000
KJ:/cc/crr: 0.000000000 0.959925169 0.040074831
KJ:/cc/r: 0.011340571 0.005167507 0.983491922
KJ:/crc/c: 0.172683205 0.827316795 0.000000000
KJ:/crc/crr: 0.000000000 0.999999986 0.000000014
KJ:/crc/r: 0.000000198 0.709791033 0.290208769
KJ:/crrc/c: 0.383469159 0.616530841 0.000000000
KJ:/crrc/crr: 0.000000000 0.614372969 0.385627031
KJ:/crrc/r: 0.063316981 0.741334727 0.195348291
KJ:/rc/c: 0.470941347 0.529058653 0.000000000
KJ:/rc/crr: 0.000000000 0.690821024 0.309178976
KJ:/rc/r: 0.031850751 0.697857096 0.270292153
KJ:/rrc/c: 0.548242742 0.451757258 0.000000000
KJ:/rrc/crr: 0.000000000 0.999964414 0.000035586
KJ:/rrc/r: 0.054105566 0.862514528 0.083379906
KK:/cc/c: 0.995756654 0.004243346 0.000000000
KK:/cc/crr: 0.000000000 0.996810461 0.003189539
KK:/cc/r: 0.998349803 0.001269115 0.000381082
KK:/crc/c: 0.999999876 0.000000124 0.000000000
KK:/crc/crr: 0.000000000 0.999999942 0.000000058
KK:/crc/r: 0.797822679 0.202177300 0.000000021
KK:/crrc/c: 0.999999995 0.000000005 0.000000000
KK:/crrc/crr: 0.000000000 0.999999997 0.000000003
KK:/crrc/r: 0.999995704 0.000004292 0.000000003
KK:/rc/c: 0.999999982 0.000000018 0.000000000
KK:/rc/crr: 0.000000000 0.999999986 0.000000014
KK:/rc/r: 0.999999974 0.000000012 0.000000014
KK:/rrc/c: 0.999999943 0.000000057 0.000000000
KK:/rrc/crr: 0.000000000 0.999999973 0.000000027
KK:/rrc/r: 0.971047469 0.028952511 0.000000020
KQ:/cc/c: 0.006183806 0.993816194 0.000000000
KQ:/cc/crr: 0.000000000 0.729873397 0.270126603
KQ:/cc/r: 0.031503089 0.962826343 0.005670568
KQ:/crc/c: 0.412580340 0.587419660 0.000000000
KQ:/crc/crr: 0.000000000 0.046182929 0.953817071
KQ:/crc/r: 0.000000024 0.391244353 0.608755622
KQ:/crrc/c: 0.682254321 0.317745679 0.000000000
KQ:/crrc/crr: 0.000000000 0.362367540 0.637632460
KQ:/crrc/r: 0.000007898 0.734596730 0.265395371
KQ:/rc/c: 0.000038189 0.999961811 0.000000000
KQ:/rc/crr: 0.000000000 0.007468079 0.992531921
KQ:/rc/r: 0.000000225 0.274108852 0.725890922
KQ:/rrc/c: 0.583014360 0.416985640 0.000000000
KQ:/rrc/crr: 0.000000000 0.422972586 0.577027414
KQ:/rrc/r: 0.103368793 0.495291808 0.401339399
Q:/c: 0.881689339 0.118310661 0.000000000
Q:/crr: 0.000000000 0.999999964 0.000000036
Q:/r: 0.437537950 0.562461863 0.000000186
QJ:/cc/c: 0.000000662 0.999999338 0.000000000
QJ:/cc/crr: 0.000000000 0.082871301 0.917128699
QJ:/cc/r: 0.000000159 0.000000121 0.999999719
QJ:/crc/c: 0.599292613 0.400707387 0.000000000
QJ:/crc/crr: 0.000000000 0.001321200 0.998678800
QJ:/crc/r: 0.000000079 0.000000008 0.999999914
QJ:/crrc/c: 0.000000129 0.999999871 0.000000000
QJ:/crrc/crr: 0.000000000 0.186098284 0.813901716
QJ:/crrc/r: 0.021447818 0.000000000 0.978552182
QJ:/rc/c: 0.000000743 0.999999257 0.000000000
QJ:/rc/crr: 0.000000000 0.002232830 0.997767170
QJ:/rc/r: 0.021708094 0.000000010 0.978291896
QJ:/rrc/c: 0.000000454 0.999999546 0.000000000
QJ:/rrc/crr: 0.000000000 0.080733179 0.919266821
QJ:/rrc/r: 0.000000073 0.000000015 0.999999912
QK:/cc/c: 0.193695071 0.806304929 0.000000000
QK:/cc/crr: 0.000000000 0.999999954 0.000000046
QK:/cc/r: 0.000000226 0.700150192 0.299849583
QK:/crc/c: 0.318736869 0.681263131 0.000000000
QK:/crc/crr: 0.000000000 0.000013526 0.999986474
QK:/crc/r: 0.000000323 0.415023195 0.584976483
QK:/crrc/c: 0.210519693 0.789480307 0.000000000
QK:/crrc/crr: 0.000000000 0.000003970 0.999996030
QK:/crrc/r: 0.000000505 0.254798158 0.745201337
QK:/rc/c: 0.437027524 0.562972476 0.000000000
QK:/rc/crr: 0.000000000 0.000008075 0.999991925
QK:/rc/r: 0.000000026 0.274715939 0.725284035
QK:/rrc/c: 0.494027344 0.505972656 0.000000000
QK:/rrc/crr: 0.000000000 0.058403161 0.941596839
QK:/rrc/r: 0.000000070 0.480304495 0.519695434
QQ:/cc/c: 0.999999989 0.000000011 0.000000000
QQ:/cc/crr: 0.000000000 0.999999992 0.000000008
QQ:/cc/r: 0.999999791 0.000000099 0.000000110
QQ:/crc/c: 0.999999978 0.000000022 0.000000000
QQ:/crc/crr: 0.000000000 0.999999989 0.000000011
QQ:/crc/r: 0.999999972 0.000000017 0.000000011
QQ:/crrc/c: 0.999999995 0.000000005 0.000000000
QQ:/crrc/crr: 0.000000000 0.999999997 0.000000003
QQ:/crrc/r: 0.999999971 0.000000025 0.000000003
QQ:/rc/c: 0.999999992 0.000000008 0.000000000
QQ:/rc/crr: 0.000000000 0.999999997 0.000000003
QQ:/rc/r: 0.999999984 0.000000008 0.000000009
QQ:/rrc/c: 0.999999954 0.000000046 0.000000000
QQ:/rrc/crr: 0.000000000 0.999999966 0.000000034
QQ:/rrc/r: 0.999999848 0.000000119 0.000000033
