J:/c: 0.211161406 0.788838594 0.000000000
J:/crr: 0.000000000 0.999999998 0.000000002
J:/r: 0.043432249 0.157843215 0.798724535
JJ:/cc/c: 0.999999992 0.000000008 0.000000000
JJ:/cc/crr: 0.000000000 0.999999998 0.000000002
JJ:/cc/r: 0.999999979 0.000000016 0.000000005
JJ:/crc/c: 0.999999979 0.000000021 0.000000000
JJ:/crc/crr: 0.000000000 0.999999995 0.000000005
JJ:/crc/r: 0.524458198 0.475541794 0.000000008
JJ:/crrc/c: 0.999999990 0.000000010 0.000000000
JJ:/crrc/crr: 0.000000000 0.999999998 0.000000002
JJ:/crrc/r: 0.999999894 0.000000102 0.000000005
JJ:/rc/c: 0.999999968 0.000000032 0.000000000
JJ:/rc/crr: 0.000000000 0.999999992 0.000000008
JJ:/rc/r: 0.999999963 0.000000021 0.000000016
JJ:/rrc/c: 0.999999927 0.000000073 0.000000000
JJ:/rrc/crr: 0.000000000 0.999999982 0.000000018
JJ:/rrc/r: 0.999999395 0.000000568 0.000000037
JK:/cc/c: 0.004757439 0.995242561 0.000000000
JK:/cc/crr: 0.000000000 0.000000457 0.999999543
JK:/cc/r: 0.000000532 0.000000005 0.999999463
JK:/crc/c: 0.443499139 0.556500861 0.000000000
JK:/crc/crr: 0.000000000 0.000000102 0.999999898
JK:/crc/r: 0.011369165 0.000000141 0.988630694
JK:/crrc/c: 0.286964427 0.713035573 0.000000000
JK:/crrc/crr: 0.000000000 0.000000336 0.999999664
JK:/crrc/r: 0.180053057 0.000000091 0.819946852
JK:/rc/c: 0.284526582 0.715473418 0.000000000
JK:/rc/crr: 0.000000000 0.000000024 0.999999976
JK:/rc/r: 0.322203749 0.000000014 0.677796237
JK:/rrc/c: 0.999998386 0.000001614 0.000000000
JK:/rrc/crr: 0.000000000 0.000000138 0.999999862
JK:/rrc/r: 0.261199177 0.000000195 0.738800627
JQ:/cc/c: 0.046114221 0.953885779 0.000000000
JQ:/cc/crr: 0.000000000 0.000000000 1.000000000
JQ:/cc/r: 0.029288832 0.000000000 0.970711168
JQ:/crc/c: 0.288761506 0.711238494 0.000000000
JQ:/crc/crr: 0.000000000 0.000004157 0.999995843
JQ:/crc/r: 0.108176413 0.000000037 0.891823550
JQ:/crrc/c: 0.022987572 0.977012428 0.000000000
JQ:/crrc/crr: 0.000000000 0.000000901 0.999999099
JQ:/crrc/r: 0.128179132 0.000000017 0.871820850
JQ:/rc/c: 0.999965532 0.000034468 0.000000000
JQ:/rc/crr: 0.000000000 0.000000000 1.000000000
JQ:/rc/r: 0.000000026 0.000000041 0.999999933
JQ:/rrc/c: 0.000006453 0.999993547 0.000000000
JQ:/rrc/crr: 0.000000000 0.022154666 0.977845334
JQ:/rrc/r: 0.381389518 0.000000192 0.618610290
K:/c: 0.999996790 0.000003210 0.000000000
K:/crr: 0.000000000 0.999999999 0.000000001
K:/r: 0.467554632 0.532445367 0.000000001
KJ:/cc/c: 0.008002538 0.991997462 0.000000000
KJ:/cc/crr: 0.000000000 0.972329658 0.027670342
KJ:/cc/r: 0.007978389 0.007588047 0.984433564
KJ:/crc/c: 0.090910926 0.909089074 0.000000000
KJ:/crc/crr: 0.000000000 0.999999991 0.000000009
KJ:/crc/r: 0.000000104 0.782040363 0.217959533
KJ:/crrc/c: 0.229580210 0.770419790 0.000000000
KJ:/crrc/crr: 0.000000000 0.700348600 0.299651400
KJ:/crrc/r: 0.033526182 0.819307369 0.147166449
KJ:/rc/c: 0.298971629 0.701028371 0.000000000
KJ:/rc/crr: 0.000000000 0.766237647 0.233762353
KJ:/rc/r: 0.017005229 0.777674633 0.205320138
KJ:/rrc/c: 0.367661824 0.632338176 0.000000000
KJ:/rrc/crr: 0.000000000 0.999975742 0.000024258
KJ:/rrc/r: 0.027423058 0.912449789 0.060127152
KK:/cc/c: 0.991183869 0.008816131 0.000000000
KK:/cc/crr: 0.000000000 0.997823615 0.002176385
KK:/cc/r: 0.996813793 0.002644848 0.000541359
KK:/crc/c: 0.999999741 0.000000259 0.000000000
KK:/crc/crr: 0.000000000 0.999999960 0.000000040
KK:/crc/r: 0.654054024 0.345945952 0.000000025
KK:/crrc/c: 0.999999990 0.000000010 0.000000000
KK:/crrc/crr: 0.000000000 0.999999998 0.000000002
KK:/crrc/r: 0.999991036 0.000008959 0.000000005
KK:/rc/c: 0.999999962 0.000000038 0.000000000
KK:/rc/crr: 0.000000000 0.999999991 0.000000009
KK:/rc/r: 0.999999955 0.000000025 0.000000020
KK:/rrc/c: 0.999999881 0.000000119 0.000000000
KK:/rrc/crr: 0.000000000 0.999999981 0.000000019
KK:/rrc/r: 0.941413822 0.058586150 0.000000028
KQ:/cc/c: 0.002972271 0.997027729 0.000000000
KQ:/cc/crr: 0.000000000 0.798542095 0.201457905
KQ:/cc/r: 0.015373336 0.980689561 0.003937103
KQ:/crc/c: 0.251779791 0.748220209 0.000000000
KQ:/crc/crr: 0.000000000 0.066320463 0.933679537
KQ:/crc/r: 0.000000014 0.485289812 0.514710174
KQ:/crrc/c: 0.507078840 0.492921160 0.000000000
KQ:/crrc/crr: 0.000000000 0.454655889 0.545344111
KQ:/crrc/r: 0.000004133 0.802391203 0.197604663
KQ:/rc/c: 0.000018297 0.999981703 0.000000000
KQ:/rc/crr: 0.000000000 0.010917675 0.989082325
KQ:/rc/r: 0.000000140 0.356486235 0.643513624
KQ:/rrc/c: 0.401150439 0.598849561 0.000000000
KQ:/rrc/crr: 0.000000000 0.518153137 0.481846863
KQ:/rrc/r: 0.060514449 0.605200673 0.334284878
Q:/c: 0.781203218 0.218796782 0.000000000
Q:/crr: 0.000000000 0.999999975 0.000000025
Q:/r: 0.271506218 0.728493617 0.000000165
QJ:/cc/c: 0.000000317 0.999999683 0.000000000
QJ:/cc/crr: 0.000000000 0.117043310 0.882956690
QJ:/cc/r: 0.000000112 0.000000178 0.999999710
QJ:/crc/c: 0.417434154 0.582565846 0.000000000
QJ:/crc/crr: 0.000000000 0.001937019 0.998062981
QJ:/crc/r: 0.000000055 0.000000012 0.999999933
QJ:/crrc/c: 0.000000062 0.999999938 0.000000000
QJ:/crrc/crr: 0.000000000 0.251178314 0.748821686
QJ:/crrc/r: 0.015171359 0.000000000 0.984828641
QJ:/rc/c: 0.000000356 0.999999644 0.000000000
QJ:/rc/crr: 0.000000000 0.003272173 0.996727827
QJ:/rc/r: 0.015356664 0.000000014 0.984643321
QJ:/rrc/c: 0.000000217 0.999999783 0.000000000
QJ:/rrc/crr: 0.000000000 0.114133252 0.885866748
QJ:/rrc/r: 0.000000051 0.000000022 0.999999927
QK:/cc/c: 0.103214181 0.896785819 0.000000000
QK:/cc/crr: 0.000000000 0.999999969 0.000000031
QK:/cc/r: 0.000000119 0.774035577 0.225964303
QK:/crc/c: 0.183110109 0.816889891 0.000000000
QK:/crc/crr: 0.000000000 0.000019843 0.999980157
QK:/crc/r: 0.000000190 0.509995984 0.490003826
QK:/crrc/c: 0.113283718 0.886716282 0.000000000
QK:/crrc/crr: 0.000000000 0.000005824 0.999994176
QK:/crrc/r: 0.000000317 0.334042789 0.665956894
QK:/rc/c: 0.271096107 0.728903893 0.000000000
QK:/rc/crr: 0.000000000 0.000011846 0.999988154
QK:/rc/r: 0.000000016 0.357185974 0.642814010
QK:/rrc/c: 0.318705824 0.681294176 0.000000000
QK:/rrc/crr: 0.000000000 0.083403254 0.916596746
QK:/rrc/r: 0.000000040 0.575518787 0.424481172
QQ:/cc/c: 0.999999978 0.000000022 0.000000000
QQ:/cc/crr: 0.000000000 0.999999995 0.000000005
QQ:/cc/r: 0.999999637 0.000000206 0.000000156
QQ:/crc/c: 0.999999954 0.000000046 0.000000000
QQ:/crc/crr: 0.000000000 0.999999992 0.000000008
QQ:/crc/r: 0.999999949 0.000000035 0.000000016
QQ:/crrc/c: 0.999999990 0.000000010 0.000000000
QQ:/crrc/crr: 0.000000000 0.999999998 0.000000002
QQ:/crrc/r: 0.999999943 0.000000052 0.000000005
QQ:/rc/c: 0.999999983 0.000000017 0.000000000
QQ:/rc/crr: 0.000000000 0.999999998 0.000000002
QQ:/rc/r: 0.999999972 0.000000016 0.000000012
QQ:/rrc/c: 0.999999905 0.000000095 0.000000000
QQ:/rrc/crr: 0.000000000 0.999999977 0.000000023
QQ:/rrc/r: 0.999999704 0.000000249 0.000000047
