J:/c: 0.233977356 0.766022644 0.000000000
J:/crr: 0.000000000 0.999999998 0.000000002
J:/r: 0.060414110 0.192418202 0.747167688
JJ:/cc/c: 0.999999993 0.000000007 0.000000000
JJ:/cc/crr: 0.000000000 0.999999998 0.000000002
JJ:/cc/r: 0.999999983 0.000000014 0.000000003
JJ:/crc/c: 0.999999982 0.000000018 0.000000000
JJ:/crc/crr: 0.000000000 0.999999996 0.000000004
JJ:/crc/r: 0.557213925 0.442786070 0.000000006
JJ:/crrc/c: 0.999999992 0.000000008 0.000000000
JJ:/crrc/crr: 0.000000000 0.999999998 0.000000002
JJ:/crrc/r: 0.999999908 0.000000089 0.000000003
JJ:/rc/c: 0.999999972 0.000000028 0.000000000
JJ:/rc/crr: 0.000000000 0.999999994 0.000000006
JJ:/rc/r: 0.999999971 0.000000018 0.000000011
JJ:/rrc/c: 0.999999936 0.000000064 0.000000000
JJ:/rrc/crr: 0.000000000 0.999999986 0.000000014
JJ:/rrc/r: 0.999999477 0.000000498 0.000000025
JK:/cc/c: 0.005424850 0.994575150 0.000000000
JK:/cc/crr: 0.000000000 0.000000596 0.999999404
JK:/cc/r: 0.000000791 0.000000007 0.999999202
JK:/crc/c: 0.476262528 0.523737472 0.000000000
JK:/crc/crr: 0.000000000 0.000000133 0.999999867
JK:/crc/r: 0.016812632 0.000000183 0.983187186
JK:/crrc/c: 0.314703318 0.685296682 0.000000000
JK:/crrc/crr: 0.000000000 0.000000438 0.999999562
JK:/crrc/r: 0.246152066 0.000000109 0.753847825
JK:/rc/c: 0.312132979 0.687867021 0.000000000
JK:/rc/crr: 0.000000000 0.000000032 0.999999968
JK:/rc/r: 0.414130556 0.000000016 0.585869428
JK:/rrc/c: 0.999998586 0.000001414 0.000000000
JK:/rrc/crr: 0.000000000 0.000000180 0.999999820
JK:/rrc/r: 0.344569092 0.000000226 0.655430682
JQ:/cc/c: 0.052278722 0.947721278 0.000000000
JQ:/cc/crr: 0.000000000 0.000000000 1.000000000
JQ:/cc/r: 0.042939446 0.000000000 0.957060554
JQ:/crc/c: 0.316596978 0.683403022 0.000000000
JQ:/crc/crr: 0.000000000 0.000005417 0.999994583
JQ:/crc/r: 0.152806323 0.000000046 0.847193632
JQ:/crrc/c: 0.026145263 0.973854737 0.000000000
JQ:/crrc/crr: 0.000000000 0.000001174 0.999998826
JQ:/crrc/r: 0.179401404 0.000000021 0.820598575
JQ:/rc/c: 0.999969793 0.000030207 0.000000000
JQ:/rc/crr: 0.000000000 0.000000000 1.000000000
JQ:/rc/r: 0.000000039 0.000000054 0.999999908
JQ:/rrc/c: 0.000007363 0.999992637 0.000000000
JQ:/rrc/crr: 0.000000000 0.028678551 0.971321449
JQ:/rrc/r: 0.478286725 0.000000211 0.521713064
K:/c: 0.999997187 0.000002813 0.000000000
K:/crr: 0.000000000 0.999999999 0.000000001
K:/r: 0.500496861 0.499503138 0.000000001
KJ:/cc/c: 0.009121024 0.990878976 0.000000000
KJ:/cc/crr: 0.000000000 0.978629238 0.021370762
KJ:/cc/r: 0.011790768 0.009827680 0.978381552
KJ:/crc/c: 0.102420818 0.897579182 0.000000000
KJ:/crc/crr: 0.000000000 0.999999993 0.000000007
KJ:/crc/r: 0.000000126 0.823812127 0.176187747
KJ:/crrc/c: 0.253746136 0.746253864 0.000000000
KJ:/crrc/crr: 0.000000000 0.752828274 0.247171726
KJ:/crrc/r: 0.039418283 0.844218049 0.116363669
KJ:/rc/c: 0.327338344 0.672661656 0.000000000
KJ:/rc/crr: 0.000000000 0.810303392 0.189696608
KJ:/rc/r: 0.020325986 0.814631561 0.165042453
KJ:/rrc/c: 0.398837973 0.601162027 0.000000000
KJ:/rrc/crr: 0.000000000 0.999981385 0.000018615
KJ:/rrc/r: 0.031611058 0.921777904 0.046611038
KK:/cc/c: 0.992265259 0.007734741 0.000000000
KK:/cc/crr: 0.000000000 0.998329077 0.001670923
KK:/cc/r: 0.997316680 0.002319070 0.000364250
KK:/crc/c: 0.999999773 0.000000227 0.000000000
KK:/crc/crr: 0.000000000 0.999999970 0.000000030
KK:/crc/r: 0.683273996 0.316725987 0.000000017
KK:/crrc/c: 0.999999992 0.000000008 0.000000000
KK:/crrc/crr: 0.000000000 0.999999998 0.000000002
KK:/crrc/r: 0.999992145 0.000007851 0.000000003
KK:/rc/c: 0.999999967 0.000000033 0.000000000
KK:/rc/crr: 0.000000000 0.999999993 0.000000007
KK:/rc/r: 0.999999965 0.000000022 0.000000013
KK:/rrc/c: 0.999999896 0.000000104 0.000000000
KK:/rrc/crr: 0.000000000 0.999999986 0.000000014
KK:/rrc/r: 0.948281491 0.051718490 0.000000019
KQ:/cc/c: 0.003390098 0.996609902 0.000000000
KQ:/cc/crr: 0.000000000 0.837807250 0.162192750
KQ:/cc/r: 0.017519847 0.979462745 0.003017408
KQ:/crc/c: 0.277440970 0.722559030 0.000000000
KQ:/crc/crr: 0.000000000 0.084723019 0.915276981
KQ:/crc/r: 0.000000019 0.551303222 0.448696759
KQ:/crrc/c: 0.539981653 0.460018347 0.000000000
KQ:/crrc/crr: 0.000000000 0.520717942 0.479282058
KQ:/crrc/r: 0.000004944 0.841054111 0.158940945
KQ:/rc/c: 0.000020878 0.999979122 0.000000000
KQ:/rc/crr: 0.000000000 0.014180589 0.985819411
KQ:/rc/r: 0.000000189 0.419250113 0.580749698
KQ:/rrc/c: 0.433220780 0.566779220 0.000000000
KQ:/rrc/crr: 0.000000000 0.583568503 0.416431497
KQ:/rrc/r: 0.074186203 0.650215973 0.275597825
Q:/c: 0.802919707 0.197080293 0.000000000
Q:/crr: 0.000000000 0.999999981 0.000000019
Q:/r: 0.298376159 0.701623720 0.000000122
QJ:/cc/c: 0.000000362 0.999999638 0.000000000
QJ:/cc/crr: 0.000000000 0.147299968 0.852700032
QJ:/cc/r: 0.000000167 0.000000232 0.999999602
QJ:/crc/c: 0.449828447 0.550171553 0.000000000
QJ:/crc/crr: 0.000000000 0.002522773 0.997477227
QJ:/crc/r: 0.000000082 0.000000015 0.999999903
QJ:/crrc/c: 0.000000070 0.999999930 0.000000000
QJ:/crrc/crr: 0.000000000 0.304164969 0.695835031
QJ:/crrc/r: 0.022394051 0.000000000 0.977605949
QJ:/rc/c: 0.000000406 0.999999594 0.000000000
QJ:/rc/crr: 0.000000000 0.004259953 0.995740047
QJ:/rc/r: 0.022665545 0.000000018 0.977334437
QJ:/rrc/c: 0.000000248 0.999999752 0.000000000
QJ:/rrc/crr: 0.000000000 0.143760119 0.856239881
QJ:/rrc/r: 0.000000076 0.000000029 0.999999895
QK:/cc/c: 0.116082841 0.883917159 0.000000000
QK:/cc/crr: 0.000000000 0.999999976 0.000000024
QK:/cc/r: 0.000000144 0.816982426 0.183017430
QK:/crc/c: 0.203677708 0.796322292 0.000000000
QK:/crc/crr: 0.000000000 0.000025858 0.999974142
QK:/crc/r: 0.000000245 0.575611701 0.424388055
QK:/crrc/c: 0.127229723 0.872770277 0.000000000
QK:/crrc/crr: 0.000000000 0.000007590 0.999992410
QK:/crrc/r: 0.000000428 0.395282390 0.604717181
QK:/rc/c: 0.297942048 0.702057952 0.000000000
QK:/rc/crr: 0.000000000 0.000015437 0.999984563
QK:/rc/r: 0.000000022 0.419992667 0.580007311
QK:/rrc/c: 0.348015413 0.651984587 0.000000000
QK:/rrc/crr: 0.000000000 0.106007750 0.893992250
QK:/rrc/r: 0.000000051 0.638578436 0.361421513
QQ:/cc/c: 0.999999981 0.000000019 0.000000000
QQ:/cc/crr: 0.000000000 0.999999996 0.000000004
QQ:/cc/r: 0.999999714 0.000000181 0.000000105
QQ:/crc/c: 0.999999960 0.000000040 0.000000000
QQ:/crc/crr: 0.000000000 0.999999994 0.000000006
QQ:/crc/r: 0.999999959 0.000000031 0.000000011
QQ:/crrc/c: 0.999999992 0.000000008 0.000000000
QQ:/crrc/crr: 0.000000000 0.999999998 0.000000002
QQ:/crrc/r: 0.999999951 0.000000046 0.000000003
QQ:/rc/c: 0.999999985 0.000000015 0.000000000
QQ:/rc/crr: 0.000000000 0.999999998 0.000000002
QQ:/rc/r: 0.999999978 0.000000014 0.000000008
QQ:/rrc/c: 0.999999917 0.000000083 0.000000000
QQ:/rrc/crr: 0.000000000 0.999999982 0.000000018
QQ:/rrc/r: 0.999999750 0.000000218 0.000000031
