J:/c: 0.311410031 0.688589969 0.000000000
J:/crr: 0.000000000 0.999999998 0.000000002
J:/r: 0.086451863 0.185969807 0.727578331
JJ:/cc/c: 0.999999995 0.000000005 0.000000000
JJ:/cc/crr: 0.000000000 0.999999998 0.000000002
JJ:/cc/r: 0.999999988 0.000000009 0.000000002
JJ:/crc/c: 0.999999988 0.000000012 0.000000000
JJ:/crc/crr: 0.000000000 0.999999996 0.000000004
JJ:/crc/r: 0.650744730 0.349255265 0.000000005
JJ:/crrc/c: 0.999999994 0.000000006 0.000000000
JJ:/crrc/crr: 0.000000000 0.999999998 0.000000002
JJ:/crrc/r: 0.999999938 0.000000060 0.000000002
JJ:/rc/c: 0.999999981 0.000000019 0.000000000
JJ:/rc/crr: 0.000000000 0.999999994 0.000000006
JJ:/rc/r: 0.999999980 0.000000012 0.000000007
JJ:/rrc/c: 0.999999957 0.000000043 0.000000000
JJ:/rrc/crr: 0.000000000 0.999999986 0.000000014
JJ:/rrc/r: 0.999999647 0.000000336 0.000000017
JK:/cc/c: 0.008011181 0.991988819 0.000000000
JK:/cc/crr: 0.000000000 0.000000592 0.999999408
JK:/cc/r: 0.000001162 0.000000007 0.999998831
JK:/crc/c: 0.573814276 0.426185724 0.000000000
JK:/crc/crr: 0.000000000 0.000000132 0.999999868
JK:/crc/r: 0.024512930 0.000000180 0.975486890
JK:/crrc/c: 0.404736089 0.595263911 0.000000000
JK:/crrc/crr: 0.000000000 0.000000435 0.999999565
JK:/crrc/r: 0.324250053 0.000000097 0.675749850
JK:/rc/c: 0.401861617 0.598138383 0.000000000
JK:/rc/crr: 0.000000000 0.000000032 0.999999968
JK:/rc/r: 0.509503194 0.000000013 0.490496793
JK:/rrc/c: 0.999999045 0.000000955 0.000000000
JK:/rrc/crr: 0.000000000 0.000000178 0.999999822
JK:/rrc/r: 0.435839381 0.000000193 0.564160426
JQ:/cc/c: 0.075507069 0.924492931 0.000000000
JQ:/cc/crr: 0.000000000 0.000000000 1.000000000
JQ:/cc/r: 0.061853193 0.000000000 0.938146807
JQ:/crc/c: 0.406849872 0.593150128 0.000000000
JQ:/crc/crr: 0.000000000 0.000005377 0.999994623
JQ:/crc/r: 0.209519359 0.000000042 0.790480599
JQ:/crrc/c: 0.038230462 0.961769538 0.000000000
JQ:/crrc/crr: 0.000000000 0.000001165 0.999998835
JQ:/crrc/r: 0.243152079 0.000000019 0.756847901
JQ:/rc/c: 0.999979598 0.000020402 0.000000000
JQ:/rc/crr: 0.000000000 0.000000000 1.000000000
JQ:/rc/r: 0.000000057 0.000000053 0.999999890
JQ:/rrc/c: 0.000010902 0.999989098 0.000000000
JQ:/rrc/crr: 0.000000000 0.028469846 0.971530154
JQ:/rrc/r: 0.573959712 0.000000171 0.426040117
K:/c: 0.999998100 0.000001900 0.000000000
K:/crr: 0.000000000 0.999999999 0.000000001
K:/r: 0.597350918 0.402649081 0.000000001
KJ:/cc/c: 0.013445708 0.986554292 0.000000000
KJ:/cc/crr: 0.000000000 0.978471422 0.021528578
KJ:/cc/r: 0.017232591 0.009701074 0.973066335
KJ:/crc/c: 0.144530552 0.855469448 0.000000000
KJ:/crc/crr: 0.000000000 0.999999993 0.000000007
KJ:/crc/r: 0.000000186 0.822718094 0.177281721
KJ:/crrc/c: 0.334861192 0.665138808 0.000000000
KJ:/crrc/crr: 0.000000000 0.751426527 0.248573473
KJ:/crrc/r: 0.057228534 0.827808481 0.114962985
KJ:/rc/c: 0.418776924 0.581223076 0.000000000
KJ:/rc/crr: 0.000000000 0.809144961 0.190855039
KJ:/rc/r: 0.029766924 0.805756630 0.164476446
KJ:/rrc/c: 0.495535779 0.504464221 0.000000000
KJ:/rrc/crr: 0.000000000 0.999981245 0.000018755
KJ:/rrc/r: 0.046087150 0.907668859 0.046243991
KK:/cc/c: 0.994762816 0.005237184 0.000000000
KK:/cc/crr: 0.000000000 0.998316487 0.001683513
KK:/cc/r: 0.998184254 0.001567660 0.000248086
KK:/crc/c: 0.999999847 0.000000153 0.000000000
KK:/crc/crr: 0.000000000 0.999999969 0.000000031
KK:/crc/r: 0.761570806 0.238429181 0.000000013
KK:/crrc/c: 0.999999994 0.000000006 0.000000000
KK:/crrc/crr: 0.000000000 0.999999998 0.000000002
KK:/crrc/r: 0.999994695 0.000005303 0.000000002
KK:/rc/c: 0.999999977 0.000000023 0.000000000
KK:/rc/crr: 0.000000000 0.999999993 0.000000007
KK:/rc/r: 0.999999976 0.000000015 0.000000009
KK:/rrc/c: 0.999999930 0.000000070 0.000000000
KK:/rrc/crr: 0.000000000 0.999999986 0.000000014
KK:/rrc/r: 0.964472955 0.035527032 0.000000013
KQ:/cc/c: 0.005011236 0.994988764 0.000000000
KQ:/cc/crr: 0.000000000 0.836782948 0.163217052
KQ:/cc/r: 0.025722825 0.971262447 0.003014727
KQ:/crc/c: 0.362451646 0.637548354 0.000000000
KQ:/crc/crr: 0.000000000 0.084141789 0.915858211
KQ:/crc/r: 0.000000028 0.549442590 0.450557383
KQ:/crrc/c: 0.634766577 0.365233423 0.000000000
KQ:/crrc/crr: 0.000000000 0.518841178 0.481158822
KQ:/crrc/r: 0.000007311 0.840044436 0.159948253
KQ:/rc/c: 0.000030912 0.999969088 0.000000000
KQ:/rc/crr: 0.000000000 0.014075863 0.985924137
KQ:/rc/r: 0.000000278 0.417420514 0.582579208
KQ:/rrc/c: 0.530892978 0.469107022 0.000000000
KQ:/rrc/crr: 0.000000000 0.581740164 0.418259836
KQ:/rrc/r: 0.105846531 0.626572653 0.267580816
Q:/c: 0.857794989 0.142205011 0.000000000
Q:/crr: 0.000000000 0.999999981 0.000000019
Q:/r: 0.386371448 0.613628445 0.000000107
QJ:/cc/c: 0.000000536 0.999999464 0.000000000
QJ:/cc/crr: 0.000000000 0.146358084 0.853641916
QJ:/cc/r: 0.000000245 0.000000230 0.999999525
QJ:/crc/c: 0.547627169 0.452372831 0.000000000
QJ:/crc/crr: 0.000000000 0.002503923 0.997496077
QJ:/crc/r: 0.000000121 0.000000015 0.999999864
QJ:/crrc/c: 0.000000104 0.999999896 0.000000000
QJ:/crrc/crr: 0.000000000 0.302575965 0.697424035
QJ:/crrc/r: 0.032566004 0.000000000 0.967433996
QJ:/rc/c: 0.000000602 0.999999398 0.000000000
QJ:/rc/crr: 0.000000000 0.004228179 0.995771821
QJ:/rc/r: 0.032956660 0.000000018 0.967043322
QJ:/rrc/c: 0.000000367 0.999999633 0.000000000
QJ:/rrc/crr: 0.000000000 0.142837079 0.857162921
QJ:/rrc/r: 0.000000112 0.000000028 0.999999860
QK:/cc/c: 0.162790889 0.837209111 0.000000000
QK:/cc/crr: 0.000000000 0.999999976 0.000000024
QK:/cc/r: 0.000000213 0.815855459 0.184144329
QK:/crc/c: 0.274678589 0.725321411 0.000000000
QK:/crc/crr: 0.000000000 0.000025665 0.999974335
QK:/crc/r: 0.000000361 0.573773877 0.426225762
QK:/crrc/c: 0.177522145 0.822477855 0.000000000
QK:/crrc/crr: 0.000000000 0.000007533 0.999992467
QK:/crrc/r: 0.000000631 0.393486475 0.606512894
QK:/rc/c: 0.385879724 0.614120276 0.000000000
QK:/rc/crr: 0.000000000 0.000015322 0.999984678
QK:/rc/r: 0.000000033 0.418162194 0.581837774
QK:/rrc/c: 0.441439423 0.558560577 0.000000000
QK:/rrc/crr: 0.000000000 0.105297297 0.894702703
QK:/rrc/r: 0.000000075 0.636841303 0.363158622
QQ:/cc/c: 0.999999987 0.000000013 0.000000000
QQ:/cc/crr: 0.000000000 0.999999996 0.000000004
QQ:/cc/r: 0.999999806 0.000000122 0.000000072
QQ:/crc/c: 0.999999973 0.000000027 0.000000000
QQ:/crc/crr: 0.000000000 0.999999994 0.000000006
QQ:/crc/r: 0.999999972 0.000000021 0.000000007
QQ:/crrc/c: 0.999999994 0.000000006 0.000000000
QQ:/crrc/crr: 0.000000000 0.999999998 0.000000002
QQ:/crrc/r: 0.999999967 0.000000031 0.000000002
QQ:/rc/c: 0.999999990 0.000000010 0.000000000
QQ:/rc/crr: 0.000000000 0.999999998 0.000000002
QQ:/rc/r: 0.999999985 0.000000009 0.000000006
QQ:/rrc/c: 0.999999944 0.000000056 0.000000000
QQ:/rrc/crr: 0.000000000 0.999999982 0.000000018
QQ:/rrc/r: 0.999999831 0.000000147 0.000000021
