J:/c: 0.245335955 0.754664045 0.000000000
J:/crr: 0.000000000 0.999999998 0.000000002
J:/r: 0.061181823 0.183085884 0.755732294
JJ:/cc/c: 0.999999993 0.000000007 0.000000000
JJ:/cc/crr: 0.000000000 0.999999998 0.000000002
JJ:/cc/r: 0.999999984 0.000000013 0.000000003
JJ:/crc/c: 0.999999983 0.000000017 0.000000000
JJ:/crc/crr: 0.000000000 0.999999996 0.000000004
JJ:/crc/r: 0.572536041 0.427463953 0.000000006
JJ:/crrc/c: 0.999999992 0.000000008 0.000000000
JJ:/crrc/crr: 0.000000000 0.999999998 0.000000002
JJ:/crrc/r: 0.999999913 0.000000084 0.000000003
JJ:/rc/c: 0.999999974 0.000000026 0.000000000
JJ:/rc/crr: 0.000000000 0.999999994 0.000000006
JJ:/rc/r: 0.999999972 0.000000017 0.000000011
JJ:/rrc/c: 0.999999940 0.000000060 0.000000000
JJ:/rrc/crr: 0.000000000 0.999999985 0.000000015
JJ:/rrc/r: 0.999999507 0.000000468 0.000000025
JK:/cc/c: 0.005771803 0.994228197 0.000000000
JK:/cc/crr: 0.000000000 0.000000561 0.999999439
JK:/cc/r: 0.000000792 0.000000006 0.999999202
JK:/crc/c: 0.491831205 0.508168795 0.000000000
JK:/crc/crr: 0.000000000 0.000000125 0.999999875
JK:/crc/r: 0.016832974 0.000000172 0.983166855
JK:/crrc/c: 0.328301259 0.671698741 0.000000000
JK:/crrc/crr: 0.000000000 0.000000412 0.999999588
JK:/crrc/r: 0.246380357 0.000000103 0.753619540
JK:/rc/c: 0.325672638 0.674327362 0.000000000
JK:/rc/crr: 0.000000000 0.000000030 0.999999970
JK:/rc/r: 0.414428989 0.000000015 0.585570996
JK:/rrc/c: 0.999998671 0.000001329 0.000000000
JK:/rrc/crr: 0.000000000 0.000000169 0.999999831
JK:/rrc/r: 0.344846908 0.000000212 0.655152880
JQ:/cc/c: 0.055455192 0.944544808 0.000000000
JQ:/cc/crr: 0.000000000 0.000000000 1.000000000
JQ:/cc/r: 0.042990017 0.000000000 0.957009983
JQ:/crc/c: 0.330237312 0.669762688 0.000000000
JQ:/crc/crr: 0.000000000 0.000005096 0.999994904
JQ:/crc/r: 0.152965607 0.000000043 0.847034350
JQ:/crrc/c: 0.027780402 0.972219598 0.000000000
JQ:/crrc/crr: 0.000000000 0.000001104 0.999998896
JQ:/crrc/r: 0.179582534 0.000000020 0.820417446
JQ:/rc/c: 0.999971619 0.000028381 0.000000000
JQ:/rc/crr: 0.000000000 0.000000000 1.000000000
JQ:/rc/r: 0.000000039 0.000000051 0.999999911
JQ:/rrc/c: 0.000007837 0.999992163 0.000000000
JQ:/rrc/crr: 0.000000000 0.027024334 0.972975666
JQ:/rrc/r: 0.478593630 0.000000199 0.521406172
K:/c: 0.999997819 0.000002181 0.000000000
K:/crr: 0.000000000 0.999999999 0.000000001
K:/r: 0.563779977 0.436220022 0.000000001
KJ:/cc/c: 0.011733778 0.988266222 0.000000000
KJ:/cc/crr: 0.000000000 0.968931710 0.031068290
KJ:/cc/r: 0.010405163 0.006723833 0.982871004
KJ:/crc/c: 0.128299170 0.871700830 0.000000000
KJ:/crc/crr: 0.000000000 0.999999990 0.000000010
KJ:/crc/r: 0.000000150 0.761018042 0.238981808
KJ:/crrc/c: 0.304872490 0.695127510 0.000000000
KJ:/crrc/crr: 0.000000000 0.674724317 0.325275683
KJ:/crrc/r: 0.047699445 0.792007584 0.160292971
KJ:/rc/c: 0.385630170 0.614369830 0.000000000
KJ:/rc/crr: 0.000000000 0.744189743 0.255810257
KJ:/rc/r: 0.024204149 0.752070436 0.223725415
KJ:/rrc/c: 0.461133722 0.538866278 0.000000000
KJ:/rrc/crr: 0.000000000 0.999972668 0.000027332
KJ:/rrc/r: 0.039548020 0.894069122 0.066382858
KK:/cc/c: 0.993992962 0.006007038 0.000000000
KK:/cc/crr: 0.000000000 0.997548459 0.002451541
KK:/cc/r: 0.997786378 0.001798778 0.000414844
KK:/crc/c: 0.999999824 0.000000176 0.000000000
KK:/crc/crr: 0.000000000 0.999999955 0.000000045
KK:/crc/r: 0.735632156 0.264367823 0.000000021
KK:/crrc/c: 0.999999994 0.000000006 0.000000000
KK:/crrc/crr: 0.000000000 0.999999997 0.000000003
KK:/crrc/r: 0.999993909 0.000006087 0.000000004
KK:/rc/c: 0.999999974 0.000000026 0.000000000
KK:/rc/crr: 0.000000000 0.999999990 0.000000010
KK:/rc/r: 0.999999968 0.000000017 0.000000015
KK:/rrc/c: 0.999999919 0.000000081 0.000000000
KK:/rrc/crr: 0.000000000 0.999999979 0.000000021
KK:/rrc/r: 0.959432136 0.040567842 0.000000022
KQ:/cc/c: 0.004368442 0.995631558 0.000000000
KQ:/cc/crr: 0.000000000 0.778660933 0.221339067
KQ:/cc/r: 0.022452318 0.973145720 0.004401962
KQ:/crc/c: 0.331222500 0.668777500 0.000000000
KQ:/crc/crr: 0.000000000 0.059302950 0.940697050
KQ:/crc/r: 0.000000020 0.455571226 0.544428754
KQ:/crrc/c: 0.602237946 0.397762054 0.000000000
KQ:/crrc/crr: 0.000000000 0.425263316 0.574736684
KQ:/crrc/r: 0.000005935 0.782785482 0.217208583
KQ:/rc/c: 0.000026929 0.999973071 0.000000000
KQ:/rc/crr: 0.000000000 0.009701539 0.990298461
KQ:/rc/r: 0.000000191 0.329604329 0.670395480
KQ:/rrc/c: 0.496451935 0.503548065 0.000000000
KQ:/rrc/crr: 0.000000000 0.488331413 0.511668587
KQ:/rrc/r: 0.083166796 0.565123733 0.351709471
Q:/c: 0.851642155 0.148357845 0.000000000
Q:/crr: 0.000000000 0.999999969 0.000000031
Q:/r: 0.374690388 0.625309433 0.000000179
QJ:/cc/c: 0.000000510 0.999999490 0.000000000
QJ:/cc/crr: 0.000000000 0.094931261 0.905068739
QJ:/cc/r: 0.000000143 0.000000141 0.999999717
QJ:/crc/c: 0.535324017 0.464675983 0.000000000
QJ:/crc/crr: 0.000000000 0.001533310 0.998466690
QJ:/crc/r: 0.000000070 0.000000009 0.999999921
QJ:/crrc/c: 0.000000099 0.999999901 0.000000000
QJ:/crrc/crr: 0.000000000 0.209744944 0.790255056
QJ:/crrc/r: 0.019221132 0.000000000 0.980778868
QJ:/rc/c: 0.000000572 0.999999428 0.000000000
QJ:/rc/crr: 0.000000000 0.002590917 0.997409083
QJ:/rc/r: 0.019454924 0.000000011 0.980545065
QJ:/rrc/c: 0.000000350 0.999999650 0.000000000
QJ:/rrc/crr: 0.000000000 0.092513373 0.907486627
QJ:/rrc/r: 0.000000065 0.000000017 0.999999918
QK:/cc/c: 0.156149225 0.843850775 0.000000000
QK:/cc/crr: 0.000000000 0.999999961 0.000000039
QK:/cc/r: 0.000000181 0.730490859 0.269508960
QK:/crc/c: 0.264916503 0.735083497 0.000000000
QK:/crc/crr: 0.000000000 0.000015701 0.999984299
QK:/crc/r: 0.000000270 0.451617721 0.548382009
QK:/crrc/c: 0.170401792 0.829598208 0.000000000
QK:/crrc/crr: 0.000000000 0.000004609 0.999995391
QK:/crrc/r: 0.000000434 0.284126853 0.715872713
QK:/rc/c: 0.374204490 0.625795510 0.000000000
QK:/rc/crr: 0.000000000 0.000009373 0.999990627
QK:/rc/r: 0.000000023 0.305397697 0.694602280
QK:/rrc/c: 0.429258170 0.570741830 0.000000000
QK:/rrc/crr: 0.000000000 0.067163123 0.932836877
QK:/rrc/r: 0.000000058 0.517562367 0.482437575
QQ:/cc/c: 0.999999986 0.000000014 0.000000000
QQ:/cc/crr: 0.000000000 0.999999993 0.000000007
QQ:/cc/r: 0.999999749 0.000000128 0.000000123
QQ:/crc/c: 0.999999971 0.000000029 0.000000000
QQ:/crc/crr: 0.000000000 0.999999990 0.000000010
QQ:/crc/r: 0.999999966 0.000000022 0.000000013
QQ:/crrc/c: 0.999999994 0.000000006 0.000000000
QQ:/crrc/crr: 0.000000000 0.999999997 0.000000003
QQ:/crrc/r: 0.999999964 0.000000033 0.000000004
QQ:/rc/c: 0.999999989 0.000000011 0.000000000
QQ:/rc/crr: 0.000000000 0.999999997 0.000000003
QQ:/rc/r: 0.999999980 0.000000010 0.000000010
QQ:/rrc/c: 0.999999941 0.000000059 0.000000000
QQ:/rrc/crr: 0.000000000 0.999999971 0.000000029
QQ:/rrc/r: 0.999999808 0.000000155 0.000000037
