J:/c: 0.247762820 0.752237180 0.000000000
J:/crr: 0.000000000 0.999999997 0.000000003
J:/r: 0.042334897 0.125042360 0.832622742
JJ:/cc/c: 0.999999994 0.000000006 0.000000000
JJ:/cc/crr: 0.000000000 0.999999997 0.000000003
JJ:/cc/r: 0.999999982 0.000000013 0.000000005
JJ:/crc/c: 0.999999983 0.000000017 0.000000000
JJ:/crc/crr: 0.000000000 0.999999994 0.000000006
JJ:/crc/r: 0.575730329 0.424269661 0.000000010
JJ:/crrc/c: 0.999999992 0.000000008 0.000000000
JJ:/crrc/crr: 0.000000000 0.999999997 0.000000003
JJ:/crrc/r: 0.999999912 0.000000083 0.000000005
JJ:/rc/c: 0.999999974 0.000000026 0.000000000
JJ:/rc/crr: 0.000000000 0.999999990 0.000000010
JJ:/rc/r: 0.999999966 0.000000017 0.000000017
JJ:/rrc/c: 0.999999941 0.000000059 0.000000000
JJ:/rrc/crr: 0.000000000 0.999999977 0.000000023
JJ:/rrc/r: 0.999999499 0.000000462 0.000000040
JK:/cc/c: 0.005847259 0.994152741 0.000000000
JK:/cc/crr: 0.000000000 0.000000348 0.999999652
JK:/cc/r: 0.000000497 0.000000004 0.999999499
JK:/crc/c: 0.495096736 0.504903264 0.000000000
JK:/crc/crr: 0.000000000 0.000000077 0.999999923
JK:/crc/r: 0.010638597 0.000000107 0.989361296
JK:/crrc/c: 0.331188651 0.668811349 0.000000000
JK:/crrc/crr: 0.000000000 0.000000256 0.999999744
JK:/crrc/r: 0.170350809 0.000000070 0.829649121
JK:/rc/c: 0.328548220 0.671451780 0.000000000
JK:/rc/crr: 0.000000000 0.000000019 0.999999981
JK:/rc/r: 0.307716290 0.000000011 0.692283699
JK:/rrc/c: 0.999998688 0.000001312 0.000000000
JK:/rrc/crr: 0.000000000 0.000000105 0.999999895
JK:/rrc/r: 0.248449263 0.000000151 0.751550586
JQ:/cc/c: 0.056143492 0.943856508 0.000000000
JQ:/cc/crr: 0.000000000 0.000000000 1.000000000
JQ:/cc/r: 0.027438726 0.000000000 0.972561274
JQ:/crc/c: 0.333133287 0.666866713 0.000000000
JQ:/crc/crr: 0.000000000 0.000003159 0.999996841
JQ:/crc/r: 0.101866096 0.000000028 0.898133876
JQ:/crrc/c: 0.028135439 0.971864561 0.000000000
JQ:/crrc/crr: 0.000000000 0.000000684 0.999999316
JQ:/crrc/r: 0.120860114 0.000000013 0.879139873
JQ:/rc/c: 0.999971987 0.000028013 0.000000000
JQ:/rc/crr: 0.000000000 0.000000000 1.000000000
JQ:/rc/r: 0.000000024 0.000000031 0.999999944
JQ:/rrc/c: 0.000007940 0.999992060 0.000000000
JQ:/rrc/crr: 0.000000000 0.016926265 0.983073735
JQ:/rrc/r: 0.365676610 0.000000150 0.634323240
K:/c: 0.999997977 0.000002023 0.000000000
K:/crr: 0.000000000 0.999999999 0.000000001
K:/r: 0.582182863 0.417817136 0.000000001
KJ:/cc/c: 0.012638893 0.987361107 0.000000000
KJ:/cc/crr: 0.000000000 0.964626727 0.035373273
KJ:/cc/r: 0.009823186 0.005887776 0.984289038
KJ:/crc/c: 0.136949843 0.863050157 0.000000000
KJ:/crc/crr: 0.000000000 0.999999988 0.000000012
KJ:/crc/r: 0.000000156 0.735760211 0.264239633
KJ:/crrc/c: 0.321043975 0.678956025 0.000000000
KJ:/crrc/crr: 0.000000000 0.644605336 0.355394664
KJ:/crrc/r: 0.050086060 0.771371823 0.178542117
KJ:/rc/c: 0.403598181 0.596401819 0.000000000
KJ:/rc/crr: 0.000000000 0.717812831 0.282187169
KJ:/rc/r: 0.025236348 0.727320940 0.247442712
KJ:/rrc/c: 0.479871895 0.520128105 0.000000000
KJ:/rrc/crr: 0.000000000 0.999968742 0.000031258
KJ:/rrc/r: 0.042106105 0.882921925 0.074971970
KK:/cc/c: 0.994425828 0.005574172 0.000000000
KK:/cc/crr: 0.000000000 0.997197291 0.002802709
KK:/cc/r: 0.997891291 0.001668607 0.000440102
KK:/crc/c: 0.999999837 0.000000163 0.000000000
KK:/crc/crr: 0.000000000 0.999999949 0.000000051
KK:/crc/r: 0.749999971 0.250000006 0.000000023
KK:/crrc/c: 0.999999994 0.000000006 0.000000000
KK:/crrc/crr: 0.000000000 0.999999997 0.000000003
KK:/crrc/r: 0.999994350 0.000005646 0.000000004
KK:/rc/c: 0.999999976 0.000000024 0.000000000
KK:/rc/crr: 0.000000000 0.999999988 0.000000012
KK:/rc/r: 0.999999968 0.000000016 0.000000016
KK:/rrc/c: 0.999999925 0.000000075 0.000000000
KK:/rrc/crr: 0.000000000 0.999999976 0.000000024
KK:/rrc/r: 0.962260892 0.037739085 0.000000023
KQ:/cc/c: 0.004708120 0.995291880 0.000000000
KQ:/cc/crr: 0.000000000 0.754666638 0.245333362
KQ:/cc/r: 0.024148776 0.970828921 0.005022303
KQ:/crc/c: 0.348091771 0.651908229 0.000000000
KQ:/crc/crr: 0.000000000 0.052243415 0.947756585
KQ:/crc/r: 0.000000020 0.422527372 0.577472608
KQ:/crrc/c: 0.620111633 0.379888367 0.000000000
KQ:/crrc/crr: 0.000000000 0.392831588 0.607168412
KQ:/crrc/r: 0.000006205 0.759100266 0.240893529
KQ:/rc/c: 0.000029033 0.999970967 0.000000000
KQ:/rc/crr: 0.000000000 0.008493338 0.991506662
KQ:/rc/r: 0.000000188 0.300651604 0.699348208
KQ:/rrc/c: 0.515252997 0.484747003 0.000000000
KQ:/rrc/crr: 0.000000000 0.454896792 0.545103208
KQ:/rrc/r: 0.084827410 0.534639038 0.380533552
Q:/c: 0.864105140 0.135894860 0.000000000
Q:/crr: 0.000000000 0.999999971 0.000000029
Q:/r: 0.398942552 0.601057287 0.000000161
QJ:/cc/c: 0.000000565 0.999999435 0.000000000
QJ:/cc/crr: 0.000000000 0.100549778 0.899450222
QJ:/cc/r: 0.000000168 0.000000150 0.999999682
QJ:/crc/c: 0.560651264 0.439348736 0.000000000
QJ:/crc/crr: 0.000000000 0.001634039 0.998365961
QJ:/crc/r: 0.000000083 0.000000010 0.999999907
QJ:/crrc/c: 0.000000110 0.999999890 0.000000000
QJ:/crrc/crr: 0.000000000 0.220503182 0.779496818
QJ:/crrc/r: 0.022613481 0.000000000 0.977386519
QJ:/rc/c: 0.000000634 0.999999366 0.000000000
QJ:/rc/crr: 0.000000000 0.002760932 0.997239068
QJ:/rc/r: 0.022887573 0.000000012 0.977112415
QJ:/rrc/c: 0.000000387 0.999999613 0.000000000
QJ:/rrc/crr: 0.000000000 0.098004283 0.901995717
QJ:/rrc/r: 0.000000077 0.000000018 0.999999905
QK:/cc/c: 0.170104081 0.829895919 0.000000000
QK:/cc/crr: 0.000000000 0.999999963 0.000000037
QK:/cc/r: 0.000000204 0.742851288 0.257148508
QK:/crc/c: 0.285305293 0.714694707 0.000000000
QK:/crc/crr: 0.000000000 0.000016734 0.999983266
QK:/crc/r: 0.000000310 0.467443720 0.532555970
QK:/crrc/c: 0.185350607 0.814649393 0.000000000
QK:/crrc/crr: 0.000000000 0.000004912 0.999995088
QK:/crrc/r: 0.000000502 0.297265127 0.702734371
QK:/rc/c: 0.398445240 0.601554760 0.000000000
QK:/rc/crr: 0.000000000 0.000009990 0.999990010
QK:/rc/r: 0.000000026 0.319081170 0.680918803
QK:/rrc/c: 0.454475256 0.545524744 0.000000000
QK:/rrc/crr: 0.000000000 0.071267590 0.928732410
QK:/rrc/r: 0.000000067 0.533451302 0.466548632
QQ:/cc/c: 0.999999988 0.000000012 0.000000000
QQ:/cc/crr: 0.000000000 0.999999994 0.000000006
QQ:/cc/r: 0.999999780 0.000000116 0.000000104
QQ:/crc/c: 0.999999974 0.000000026 0.000000000
QQ:/crc/crr: 0.000000000 0.999999991 0.000000009
QQ:/crc/r: 0.999999970 0.000000020 0.000000011
QQ:/crrc/c: 0.999999995 0.000000005 0.000000000
QQ:/crrc/crr: 0.000000000 0.999999997 0.000000003
QQ:/crrc/r: 0.999999967 0.000000029 0.000000003
QQ:/rc/c: 0.999999990 0.000000010 0.000000000
QQ:/rc/crr: 0.000000000 0.999999997 0.000000003
QQ:/rc/r: 0.999999983 0.000000009 0.000000008
QQ:/rrc/c: 0.999999947 0.000000053 0.000000000
QQ:/rrc/crr: 0.000000000 0.999999972 0.000000028
QQ:/rrc/r: 0.999999829 0.000000140 0.000000031
