J:/c: 0.324959756 0.675040244 0.000000000
J:/crr: 0.000000000 0.999999995 0.000000005
J:/r: 0.041485954 0.083838048 0.874675997
JJ:/cc/c: 0.999999996 0.000000004 0.000000000
JJ:/cc/crr: 0.000000000 0.999999995 0.000000005
JJ:/cc/r: 0.999999986 0.000000009 0.000000006
JJ:/crc/c: 0.999999989 0.000000011 0.000000000
JJ:/crc/crr: 0.000000000 0.999999990 0.000000010
JJ:/crc/r: 0.664804459 0.335195529 0.000000012
JJ:/crrc/c: 0.999999995 0.000000005 0.000000000
JJ:/crrc/crr: 0.000000000 0.999999995 0.000000005
JJ:/crrc/r: 0.999999938 0.000000056 0.000000006
JJ:/rc/c: 0.999999982 0.000000018 0.000000000
JJ:/rc/crr: 0.000000000 0.999999984 0.000000016
JJ:/rc/r: 0.999999970 0.000000011 0.000000018
JJ:/rrc/c: 0.999999959 0.000000041 0.000000000
JJ:/rrc/crr: 0.000000000 0.999999963 0.000000037
JJ:/rrc/r: 0.999999642 0.000000316 0.000000042
JK:/cc/c: 0.008523155 0.991476845 0.000000000
JK:/cc/crr: 0.000000000 0.000000222 0.999999778
JK:/cc/r: 0.000000464 0.000000003 0.999999534
JK:/crc/c: 0.589015043 0.410984957 0.000000000
JK:/crc/crr: 0.000000000 0.000000049 0.999999951
JK:/crc/r: 0.009931125 0.000000068 0.990068807
JK:/crrc/c: 0.419870486 0.580129514 0.000000000
JK:/crrc/crr: 0.000000000 0.000000163 0.999999837
JK:/crrc/r: 0.160748049 0.000000045 0.839251906
JK:/rc/c: 0.416963818 0.583036182 0.000000000
JK:/rc/crr: 0.000000000 0.000000012 0.999999988
JK:/rc/r: 0.293105808 0.000000007 0.706894185
JK:/rrc/c: 0.999999103 0.000000897 0.000000000
JK:/rrc/crr: 0.000000000 0.000000067 0.999999933
JK:/rrc/r: 0.235694752 0.000000098 0.764305150
JQ:/cc/c: 0.079984726 0.920015274 0.000000000
JQ:/cc/crr: 0.000000000 0.000000000 1.000000000
JQ:/cc/r: 0.025642993 0.000000000 0.974357007
JQ:/crc/c: 0.422007274 0.577992726 0.000000000
JQ:/crc/crr: 0.000000000 0.000002016 0.999997984
JQ:/crc/r: 0.095678641 0.000000018 0.904321341
JQ:/crrc/c: 0.040594638 0.959405362 0.000000000
JQ:/crrc/crr: 0.000000000 0.000000437 0.999999563
JQ:/crrc/r: 0.113664952 0.000000009 0.886335040
JQ:/rc/c: 0.999980833 0.000019167 0.000000000
JQ:/rc/crr: 0.000000000 0.000000000 1.000000000
JQ:/rc/r: 0.000000023 0.000000020 0.999999957
JQ:/rrc/c: 0.000011604 0.999988396 0.000000000
JQ:/rrc/crr: 0.000000000 0.010869602 0.989130398
JQ:/rrc/r: 0.349704319 0.000000098 0.650295583
K:/c: 0.999998167 0.000001833 0.000000000
K:/crr: 0.000000000 0.999999999 0.000000001
K:/r: 0.606026064 0.393973935 0.000000001
KJ:/cc/c: 0.013934438 0.986065562 0.000000000
KJ:/cc/crr: 0.000000000 0.958668675 0.041331325
KJ:/cc/r: 0.009237429 0.005015328 0.985747243
KJ:/crc/c: 0.149064079 0.850935921 0.000000000
KJ:/crc/crr: 0.000000000 0.999999986 0.000000014
KJ:/crc/r: 0.000000165 0.703117476 0.296882360
KJ:/crrc/c: 0.342971342 0.657028658 0.000000000
KJ:/crrc/crr: 0.000000000 0.606720935 0.393279065
KJ:/crrc/r: 0.053341658 0.744153915 0.202504427
KJ:/rc/c: 0.427612856 0.572387144 0.000000000
KJ:/rc/crr: 0.000000000 0.683905478 0.316094522
KJ:/rc/r: 0.026632062 0.695270394 0.278097544
KJ:/rrc/c: 0.504585260 0.495414740 0.000000000
KJ:/rrc/crr: 0.000000000 0.999963250 0.000036750
KJ:/rrc/r: 0.045681489 0.867694497 0.086624014
KK:/cc/c: 0.994948065 0.005051935 0.000000000
KK:/cc/crr: 0.000000000 0.996706490 0.003293510
KK:/cc/r: 0.998019559 0.001511678 0.000468763
KK:/crc/c: 0.999999852 0.000000148 0.000000000
KK:/crc/crr: 0.000000000 0.999999940 0.000000060
KK:/crc/r: 0.768081464 0.231918511 0.000000025
KK:/crrc/c: 0.999999995 0.000000005 0.000000000
KK:/crrc/crr: 0.000000000 0.999999996 0.000000004
KK:/crrc/r: 0.999994881 0.000005114 0.000000004
KK:/rc/c: 0.999999978 0.000000022 0.000000000
KK:/rc/crr: 0.000000000 0.999999986 0.000000014
KK:/rc/r: 0.999999968 0.000000014 0.000000017
KK:/rrc/c: 0.999999932 0.000000068 0.000000000
KK:/rrc/crr: 0.000000000 0.999999972 0.000000028
KK:/rrc/r: 0.965692654 0.034307322 0.000000025
KQ:/cc/c: 0.005195001 0.994804999 0.000000000
KQ:/cc/crr: 0.000000000 0.723481713 0.276518287
KQ:/cc/r: 0.026568976 0.967546291 0.005884733
KQ:/crc/c: 0.370857443 0.629142557 0.000000000
KQ:/crc/crr: 0.000000000 0.044785833 0.955214167
KQ:/crc/r: 0.000000020 0.383606880 0.616393100
KQ:/crrc/c: 0.643117210 0.356882790 0.000000000
KQ:/crrc/crr: 0.000000000 0.354965073 0.645034927
KQ:/crrc/r: 0.000006572 0.728276303 0.271717125
KQ:/rc/c: 0.000032051 0.999967949 0.000000000
KQ:/rc/crr: 0.000000000 0.007233278 0.992766722
KQ:/rc/r: 0.000000185 0.267752261 0.732247554
KQ:/rrc/c: 0.539897107 0.460102893 0.000000000
KQ:/rrc/crr: 0.000000000 0.415138118 0.584861882
KQ:/rrc/r: 0.087057328 0.497026048 0.415916624
Q:/c: 0.866254882 0.133745118 0.000000000
Q:/crr: 0.000000000 0.999999948 0.000000052
Q:/r: 0.403369989 0.596629727 0.000000284
QJ:/cc/c: 0.000000575 0.999999425 0.000000000
QJ:/cc/crr: 0.000000000 0.059231497 0.940768503
QJ:/cc/r: 0.000000097 0.000000084 0.999999819
QJ:/crc/c: 0.565185857 0.434814143 0.000000000
QJ:/crc/crr: 0.000000000 0.000920955 0.999079045
QJ:/crc/r: 0.000000048 0.000000006 0.999999947
QJ:/crrc/c: 0.000000112 0.999999888 0.000000000
QJ:/crrc/crr: 0.000000000 0.137424343 0.862575657
QJ:/crrc/r: 0.013099199 0.000000000 0.986900801
QJ:/rc/c: 0.000000646 0.999999354 0.000000000
QJ:/rc/crr: 0.000000000 0.001556846 0.998443154
QJ:/rc/r: 0.013259535 0.000000007 0.986740458
QJ:/rrc/c: 0.000000394 0.999999606 0.000000000
QJ:/rrc/crr: 0.000000000 0.057664945 0.942335055
QJ:/rrc/r: 0.000000044 0.000000010 0.999999946
QK:/cc/c: 0.172721710 0.827278290 0.000000000
QK:/cc/crr: 0.000000000 0.999999935 0.000000065
QK:/cc/r: 0.000000173 0.619335519 0.380664307
QK:/crc/c: 0.289078178 0.710921822 0.000000000
QK:/crc/crr: 0.000000000 0.000009425 0.999990575
QK:/crc/r: 0.000000223 0.330810356 0.669189421
QK:/crrc/c: 0.188149665 0.811850335 0.000000000
QK:/crrc/crr: 0.000000000 0.000002766 0.999997234
QK:/crrc/r: 0.000000331 0.192403503 0.807596166
QK:/rc/c: 0.402870907 0.597129093 0.000000000
QK:/rc/crr: 0.000000000 0.000005626 0.999994374
QK:/rc/r: 0.000000017 0.208810492 0.791189491
QK:/rrc/c: 0.459048354 0.540951646 0.000000000
QK:/rrc/crr: 0.000000000 0.041427835 0.958572165
QK:/rrc/r: 0.000000050 0.391715376 0.608284574
QQ:/cc/c: 0.999999988 0.000000012 0.000000000
QQ:/cc/crr: 0.000000000 0.999999989 0.000000011
QQ:/cc/r: 0.999999705 0.000000114 0.000000182
QQ:/crc/c: 0.999999975 0.000000025 0.000000000
QQ:/crc/crr: 0.000000000 0.999999984 0.000000016
QQ:/crc/r: 0.999999962 0.000000019 0.000000019
QQ:/crrc/c: 0.999999995 0.000000005 0.000000000
QQ:/crrc/crr: 0.000000000 0.999999995 0.000000005
QQ:/crrc/r: 0.999999965 0.000000029 0.000000006
QQ:/rc/c: 0.999999990 0.000000010 0.000000000
QQ:/rc/crr: 0.000000000 0.999999995 0.000000005
QQ:/rc/r: 0.999999977 0.000000009 0.000000014
QQ:/rrc/c: 0.999999948 0.000000052 0.000000000
QQ:/rrc/crr: 0.000000000 0.999999951 0.000000049
QQ:/rrc/r: 0.999999808 0.000000137 0.000000054
