J:/c: 0.284248063 0.715751937 0.000000000
J:/crr: 0.000000000 0.999999996 0.000000004
J:/r: 0.039782306 0.097452945 0.862764749
JJ:/cc/c: 0.999999995 0.000000005 0.000000000
JJ:/cc/crr: 0.000000000 0.999999996 0.000000004
JJ:/cc/r: 0.999999983 0.000000011 0.000000006
JJ:/crc/c: 0.999999986 0.000000014 0.000000000
JJ:/crc/crr: 0.000000000 0.999999992 0.000000008
JJ:/crc/r: 0.620663059 0.379336929 0.000000011
JJ:/crrc/c: 0.999999994 0.000000006 0.000000000
JJ:/crrc/crr: 0.000000000 0.999999996 0.000000004
JJ:/crrc/r: 0.999999926 0.000000068 0.000000006
JJ:/rc/c: 0.999999979 0.000000021 0.000000000
JJ:/rc/crr: 0.000000000 0.999999986 0.000000014
JJ:/rc/r: 0.999999967 0.000000014 0.000000019
JJ:/rrc/c: 0.999999951 0.000000049 0.000000000
JJ:/rrc/crr: 0.000000000 0.999999969 0.000000031
JJ:/rrc/r: 0.999999574 0.000000383 0.000000044
JK:/cc/c: 0.007041802 0.992958198 0.000000000
JK:/cc/crr: 0.000000000 0.000000261 0.999999739
JK:/cc/r: 0.000000451 0.000000003 0.999999546
JK:/crc/c: 0.541772340 0.458227660 0.000000000
JK:/crc/crr: 0.000000000 0.000000058 0.999999942
JK:/crc/r: 0.009657443 0.000000081 0.990342476
JK:/crrc/c: 0.373853478 0.626146522 0.000000000
JK:/crrc/crr: 0.000000000 0.000000192 0.999999808
JK:/crrc/r: 0.156977132 0.000000054 0.843022814
JK:/rc/c: 0.371061616 0.628938384 0.000000000
JK:/rc/crr: 0.000000000 0.000000014 0.999999986
JK:/rc/r: 0.287292849 0.000000008 0.712707143
JK:/rrc/c: 0.999998912 0.000001088 0.000000000
JK:/rrc/crr: 0.000000000 0.000000079 0.999999921
JK:/rrc/r: 0.230648876 0.000000116 0.769351007
JQ:/cc/c: 0.066921443 0.933078557 0.000000000
JQ:/cc/crr: 0.000000000 0.000000000 1.000000000
JQ:/cc/r: 0.024947234 0.000000000 0.975052766
JQ:/crc/c: 0.375907826 0.624092174 0.000000000
JQ:/crc/crr: 0.000000000 0.000002376 0.999997624
JQ:/crc/r: 0.093264529 0.000000021 0.906735449
JQ:/crrc/c: 0.033728781 0.966271219 0.000000000
JQ:/crrc/crr: 0.000000000 0.000000515 0.999999485
JQ:/crrc/r: 0.110852649 0.000000010 0.889147341
JQ:/rc/c: 0.999976767 0.000023233 0.000000000
JQ:/rc/crr: 0.000000000 0.000000000 1.000000000
JQ:/rc/r: 0.000000022 0.000000024 0.999999954
JQ:/rrc/c: 0.000009573 0.999990427 0.000000000
JQ:/rrc/crr: 0.000000000 0.012784411 0.987215589
JQ:/rrc/r: 0.343314025 0.000000117 0.656685859
K:/c: 0.999997836 0.000002164 0.000000000
K:/crr: 0.000000000 0.999999999 0.000000001
K:/r: 0.565739343 0.434260655 0.000000001
KJ:/cc/c: 0.011826573 0.988173427 0.000000000
KJ:/cc/crr: 0.000000000 0.952573007 0.047426993
KJ:/cc/r: 0.006795798 0.004356589 0.988847613
KJ:/crc/c: 0.129193301 0.870806699 0.000000000
KJ:/crc/crr: 0.000000000 0.999999984 0.000000016
KJ:/crc/r: 0.000000133 0.672218897 0.327780970
KJ:/crrc/c: 0.306564410 0.693435590 0.000000000
KJ:/crrc/crr: 0.000000000 0.571898176 0.428101824
KJ:/crrc/r: 0.044152310 0.727289981 0.228557709
KJ:/rc/c: 0.387520415 0.612479585 0.000000000
KJ:/rc/crr: 0.000000000 0.651996992 0.348003008
KJ:/rc/r: 0.021708997 0.669185636 0.309105367
KJ:/rrc/c: 0.463115083 0.536884917 0.000000000
KJ:/rrc/crr: 0.000000000 0.999957561 0.000042439
KJ:/rrc/r: 0.038441794 0.862160553 0.099397653
KK:/cc/c: 0.994040370 0.005959630 0.000000000
KK:/cc/crr: 0.000000000 0.996198507 0.003801493
KK:/cc/r: 0.997576975 0.001784122 0.000638903
KK:/crc/c: 0.999999826 0.000000174 0.000000000
KK:/crc/crr: 0.000000000 0.999999931 0.000000069
KK:/crc/r: 0.737179451 0.262820516 0.000000033
KK:/crrc/c: 0.999999994 0.000000006 0.000000000
KK:/crrc/crr: 0.000000000 0.999999996 0.000000004
KK:/crrc/r: 0.999993955 0.000006039 0.000000006
KK:/rc/c: 0.999999974 0.000000026 0.000000000
KK:/rc/crr: 0.000000000 0.999999984 0.000000016
KK:/rc/r: 0.999999960 0.000000017 0.000000023
KK:/rrc/c: 0.999999920 0.000000080 0.000000000
KK:/rrc/crr: 0.000000000 0.999999967 0.000000033
KK:/rrc/r: 0.959741247 0.040258720 0.000000033
KQ:/cc/c: 0.004403249 0.995596751 0.000000000
KQ:/cc/crr: 0.000000000 0.693779490 0.306220510
KQ:/cc/r: 0.022573024 0.970609617 0.006817359
KQ:/crc/c: 0.332990601 0.667009399 0.000000000
KQ:/crc/crr: 0.000000000 0.039015724 0.960984276
KQ:/crc/r: 0.000000015 0.350187244 0.649812740
KQ:/crrc/c: 0.604145860 0.395854140 0.000000000
KQ:/crrc/crr: 0.000000000 0.322734215 0.677265785
KQ:/crrc/r: 0.000005341 0.698876092 0.301118566
KQ:/rc/c: 0.000027145 0.999972855 0.000000000
KQ:/rc/crr: 0.000000000 0.006269602 0.993730398
KQ:/rc/r: 0.000000141 0.240487936 0.759511923
KQ:/rrc/c: 0.498444679 0.501555321 0.000000000
KQ:/rrc/crr: 0.000000000 0.380667960 0.619332040
KQ:/rrc/r: 0.070148220 0.472877211 0.456974570
Q:/c: 0.841194744 0.158805256 0.000000000
Q:/crr: 0.000000000 0.999999957 0.000000043
Q:/r: 0.356051902 0.643947843 0.000000255
QJ:/cc/c: 0.000000470 0.999999530 0.000000000
QJ:/cc/crr: 0.000000000 0.070430797 0.929569203
QJ:/cc/r: 0.000000095 0.000000102 0.999999803
QJ:/crc/c: 0.515279540 0.484720460 0.000000000
QJ:/crc/crr: 0.000000000 0.001108072 0.998891928
QJ:/crc/r: 0.000000047 0.000000007 0.999999947
QJ:/crrc/c: 0.000000092 0.999999908 0.000000000
QJ:/crrc/crr: 0.000000000 0.160879821 0.839120179
QJ:/crrc/r: 0.012894651 0.000000000 0.987105349
QJ:/rc/c: 0.000000528 0.999999472 0.000000000
QJ:/rc/crr: 0.000000000 0.001872920 0.998127080
QJ:/rc/r: 0.013052517 0.000000008 0.986947475
QJ:/rrc/c: 0.000000323 0.999999677 0.000000000
QJ:/rrc/crr: 0.000000000 0.068589642 0.931410358
QJ:/rrc/r: 0.000000043 0.000000013 0.999999944
QK:/cc/c: 0.145846253 0.854153747 0.000000000
QK:/cc/crr: 0.000000000 0.999999946 0.000000054
QK:/cc/r: 0.000000152 0.661924404 0.338075444
QK:/crc/c: 0.249559303 0.750440697 0.000000000
QK:/crc/crr: 0.000000000 0.000011342 0.999988658
QK:/crc/r: 0.000000206 0.372999748 0.627000046
QK:/crrc/c: 0.159335981 0.840664019 0.000000000
QK:/crrc/crr: 0.000000000 0.000003329 0.999996671
QK:/crrc/r: 0.000000314 0.222818777 0.777180909
QK:/rc/c: 0.355576456 0.644423544 0.000000000
QK:/rc/crr: 0.000000000 0.000006771 0.999993229
QK:/rc/r: 0.000000016 0.241045267 0.758954717
QK:/rrc/c: 0.409683701 0.590316299 0.000000000
QK:/rrc/crr: 0.000000000 0.049437775 0.950562225
QK:/rrc/r: 0.000000045 0.436604435 0.563395520
QQ:/cc/c: 0.999999985 0.000000015 0.000000000
QQ:/cc/crr: 0.000000000 0.999999990 0.000000010
QQ:/cc/r: 0.999999677 0.000000139 0.000000184
QQ:/crc/c: 0.999999969 0.000000031 0.000000000
QQ:/crc/crr: 0.000000000 0.999999986 0.000000014
QQ:/crc/r: 0.999999958 0.000000024 0.000000019
QQ:/crrc/c: 0.999999994 0.000000006 0.000000000
QQ:/crrc/crr: 0.000000000 0.999999996 0.000000004
QQ:/crrc/r: 0.999999959 0.000000035 0.000000006
QQ:/rc/c: 0.999999988 0.000000012 0.000000000
QQ:/rc/crr: 0.000000000 0.999999996 0.000000004
QQ:/rc/r: 0.999999975 0.000000011 0.000000015
QQ:/rrc/c: 0.999999936 0.000000064 0.000000000
QQ:/rrc/crr: 0.000000000 0.999999959 0.000000041
QQ:/rrc/r: 0.999999777 0.000000168 0.000000055
