J:/c: 0.262562819 0.737437181 0.000000000
J:/crr: 0.000000000 0.999999996 0.000000004
J:/r: 0.036265072 0.099087835 0.864647093
JJ:/cc/c: 0.999999994 0.000000006 0.000000000
JJ:/cc/crr: 0.000000000 0.999999996 0.000000004
JJ:/cc/r: 0.999999982 0.000000012 0.000000006
JJ:/crc/c: 0.999999984 0.000000016 0.000000000
JJ:/crc/crr: 0.000000000 0.999999992 0.000000008
JJ:/crc/r: 0.594634864 0.405365124 0.000000012
JJ:/crrc/c: 0.999999993 0.000000007 0.000000000
JJ:/crrc/crr: 0.000000000 0.999999996 0.000000004
JJ:/crrc/r: 0.999999917 0.000000076 0.000000006
JJ:/rc/c: 0.999999976 0.000000024 0.000000000
JJ:/rc/crr: 0.000000000 0.999999987 0.000000013
JJ:/rc/r: 0.999999964 0.000000016 0.000000021
JJ:/rrc/c: 0.999999945 0.000000055 0.000000000
JJ:/rrc/crr: 0.000000000 0.999999969 0.000000031
JJ:/rrc/r: 0.999999525 0.000000427 0.000000048
JK:/cc/c: 0.006317911 0.993682089 0.000000000
JK:/cc/crr: 0.000000000 0.000000265 0.999999735
JK:/cc/r: 0.000000410 0.000000003 0.999999587
JK:/crc/c: 0.514564761 0.485435239 0.000000000
JK:/crc/crr: 0.000000000 0.000000059 0.999999941
JK:/crc/r: 0.008792119 0.000000082 0.991207799
JK:/crrc/c: 0.348662244 0.651337756 0.000000000
JK:/crrc/crr: 0.000000000 0.000000195 0.999999805
JK:/crrc/r: 0.144842279 0.000000055 0.855157665
JK:/rc/c: 0.345954564 0.654045436 0.000000000
JK:/rc/crr: 0.000000000 0.000000014 0.999999986
JK:/rc/r: 0.268290135 0.000000009 0.731709857
JK:/rrc/c: 0.999998787 0.000001213 0.000000000
JK:/rrc/crr: 0.000000000 0.000000080 0.999999920
JK:/rrc/r: 0.214266437 0.000000121 0.785733442
JQ:/cc/c: 0.060416516 0.939583484 0.000000000
JQ:/cc/crr: 0.000000000 0.000000000 1.000000000
JQ:/cc/r: 0.022743380 0.000000000 0.977256620
JQ:/crc/c: 0.350655687 0.649344313 0.000000000
JQ:/crc/crr: 0.000000000 0.000002411 0.999997589
JQ:/crc/r: 0.085555033 0.000000022 0.914444945
JQ:/crrc/c: 0.030345333 0.969654667 0.000000000
JQ:/crrc/crr: 0.000000000 0.000000522 0.999999478
JQ:/crrc/r: 0.101852585 0.000000010 0.898147405
JQ:/rc/c: 0.999974086 0.000025914 0.000000000
JQ:/rc/crr: 0.000000000 0.000000000 1.000000000
JQ:/rc/r: 0.000000020 0.000000024 0.999999956
JQ:/rrc/c: 0.000008583 0.999991417 0.000000000
JQ:/rrc/crr: 0.000000000 0.012968172 0.987031828
JQ:/rrc/r: 0.322281430 0.000000122 0.677718448
K:/c: 0.999997587 0.000002413 0.000000000
K:/crr: 0.000000000 0.999999999 0.000000001
K:/r: 0.538743252 0.461256746 0.000000001
KJ:/cc/c: 0.010616071 0.989383929 0.000000000
KJ:/cc/crr: 0.000000000 0.953221914 0.046778086
KJ:/cc/r: 0.006184888 0.004422469 0.989392642
KJ:/crc/c: 0.117396963 0.882603037 0.000000000
KJ:/crc/crr: 0.000000000 0.999999984 0.000000016
KJ:/crc/r: 0.000000120 0.675396547 0.324603333
KJ:/crrc/c: 0.283851834 0.716148166 0.000000000
KJ:/crrc/crr: 0.000000000 0.575434116 0.424565884
KJ:/crrc/r: 0.039897765 0.733043132 0.227059103
KJ:/rc/c: 0.361940596 0.638059404 0.000000000
KJ:/rc/crr: 0.000000000 0.655270140 0.344729860
KJ:/rc/r: 0.019594083 0.673687650 0.306718267
KJ:/rrc/c: 0.436098270 0.563901730 0.000000000
KJ:/rrc/crr: 0.000000000 0.999958170 0.000041830
KJ:/rrc/r: 0.034652134 0.866844657 0.098503209
KK:/cc/c: 0.993357256 0.006642744 0.000000000
KK:/cc/crr: 0.000000000 0.996252868 0.003747132
KK:/cc/r: 0.997308335 0.001989456 0.000702209
KK:/crc/c: 0.999999806 0.000000194 0.000000000
KK:/crc/crr: 0.000000000 0.999999932 0.000000068
KK:/crc/r: 0.715481134 0.284518831 0.000000035
KK:/crrc/c: 0.999999993 0.000000007 0.000000000
KK:/crrc/crr: 0.000000000 0.999999996 0.000000004
KK:/crrc/r: 0.999993258 0.000006736 0.000000006
KK:/rc/c: 0.999999971 0.000000029 0.000000000
KK:/rc/crr: 0.000000000 0.999999984 0.000000016
KK:/rc/r: 0.999999955 0.000000019 0.000000026
KK:/rrc/c: 0.999999911 0.000000089 0.000000000
KK:/rrc/crr: 0.000000000 0.999999968 0.000000032
KK:/rrc/r: 0.955303422 0.044696542 0.000000036
KQ:/cc/c: 0.003949520 0.996050480 0.000000000
KQ:/cc/crr: 0.000000000 0.696842377 0.303157623
KQ:/cc/r: 0.020287144 0.972976962 0.006735894
KQ:/crc/c: 0.309193154 0.690806846 0.000000000
KQ:/crc/crr: 0.000000000 0.039561419 0.960438581
KQ:/crc/r: 0.000000014 0.353484257 0.646515729
KQ:/crrc/c: 0.577755354 0.422244646 0.000000000
KQ:/crrc/crr: 0.000000000 0.325902388 0.674097612
KQ:/crrc/r: 0.000004809 0.701910241 0.298084950
KQ:/rc/c: 0.000024337 0.999975663 0.000000000
KQ:/rc/crr: 0.000000000 0.006360324 0.993639676
KQ:/rc/r: 0.000000127 0.243138579 0.756861293
KQ:/rrc/c: 0.471175617 0.528824383 0.000000000
KQ:/rrc/crr: 0.000000000 0.384082326 0.615917674
KQ:/rrc/r: 0.063772293 0.479502143 0.456725564
Q:/c: 0.826057607 0.173942393 0.000000000
Q:/crr: 0.000000000 0.999999957 0.000000043
Q:/r: 0.331425271 0.668574469 0.000000261
QJ:/cc/c: 0.000000422 0.999999578 0.000000000
QJ:/cc/crr: 0.000000000 0.071383243 0.928616757
QJ:/cc/r: 0.000000086 0.000000103 0.999999810
QJ:/crc/c: 0.487985560 0.512014440 0.000000000
QJ:/crc/crr: 0.000000000 0.001124191 0.998875809
QJ:/crc/r: 0.000000043 0.000000007 0.999999951
QJ:/crrc/c: 0.000000082 0.999999918 0.000000000
QJ:/crrc/crr: 0.000000000 0.162841150 0.837158850
QJ:/crrc/r: 0.011742707 0.000000000 0.988257293
QJ:/rc/c: 0.000000474 0.999999526 0.000000000
QJ:/rc/crr: 0.000000000 0.001900143 0.998099857
QJ:/rc/r: 0.011886639 0.000000008 0.988113352
QJ:/rrc/c: 0.000000289 0.999999711 0.000000000
QJ:/rrc/crr: 0.000000000 0.069519052 0.930480948
QJ:/rrc/r: 0.000000039 0.000000013 0.999999948
QK:/cc/c: 0.132761192 0.867238808 0.000000000
QK:/cc/crr: 0.000000000 0.999999946 0.000000054
QK:/cc/r: 0.000000137 0.665152142 0.334847721
QK:/crc/c: 0.229671280 0.770328720 0.000000000
QK:/crc/crr: 0.000000000 0.000011507 0.999988493
QK:/crc/r: 0.000000186 0.376387141 0.623612672
QK:/crrc/c: 0.145246449 0.854753551 0.000000000
QK:/crrc/crr: 0.000000000 0.000003378 0.999996622
QK:/crrc/r: 0.000000284 0.225332453 0.774667262
QK:/rc/c: 0.330965806 0.669034194 0.000000000
QK:/rc/crr: 0.000000000 0.000006870 0.999993130
QK:/rc/r: 0.000000015 0.243700079 0.756299906
QK:/rrc/c: 0.383557075 0.616442925 0.000000000
QK:/rrc/crr: 0.000000000 0.050121636 0.949878364
QK:/rrc/r: 0.000000041 0.440163945 0.559836014
QQ:/cc/c: 0.999999983 0.000000017 0.000000000
QQ:/cc/crr: 0.000000000 0.999999991 0.000000009
QQ:/cc/r: 0.999999642 0.000000155 0.000000203
QQ:/crc/c: 0.999999965 0.000000035 0.000000000
QQ:/crc/crr: 0.000000000 0.999999987 0.000000013
QQ:/crc/r: 0.999999953 0.000000026 0.000000021
QQ:/crrc/c: 0.999999993 0.000000007 0.000000000
QQ:/crrc/crr: 0.000000000 0.999999996 0.000000004
QQ:/crrc/r: 0.999999954 0.000000039 0.000000006
QQ:/rc/c: 0.999999987 0.000000013 0.000000000
QQ:/rc/crr: 0.000000000 0.999999996 0.000000004
QQ:/rc/r: 0.999999972 0.000000012 0.000000016
QQ:/rrc/c: 0.999999928 0.000000072 0.000000000
QQ:/rrc/crr: 0.000000000 0.999999960 0.000000040
QQ:/rrc/r: 0.999999752 0.000000187 0.000000061
