J:/c: 0.213684533 0.786315467 0.000000000
J:/crr: 0.000000000 0.999999997 0.000000003
J:/r: 0.033693355 0.120616848 0.845689798
JJ:/cc/c: 0.999999992 0.000000008 0.000000000
JJ:/cc/crr: 0.000000000 0.999999997 0.000000003
JJ:/cc/r: 0.999999978 0.000000016 0.000000007
JJ:/crc/c: 0.999999980 0.000000020 0.000000000
JJ:/crc/crr: 0.000000000 0.999999994 0.000000006
JJ:/crc/r: 0.528218127 0.471781861 0.000000011
JJ:/crrc/c: 0.999999991 0.000000009 0.000000000
JJ:/crrc/crr: 0.000000000 0.999999997 0.000000003
JJ:/crrc/r: 0.999999893 0.000000100 0.000000007
JJ:/rc/c: 0.999999969 0.000000031 0.000000000
JJ:/rc/crr: 0.000000000 0.999999989 0.000000011
JJ:/rc/r: 0.999999958 0.000000020 0.000000022
JJ:/rrc/c: 0.999999928 0.000000072 0.000000000
JJ:/rrc/crr: 0.000000000 0.999999975 0.000000025
JJ:/rrc/r: 0.999999390 0.000000560 0.000000050
JK:/cc/c: 0.004829383 0.995170617 0.000000000
JK:/cc/crr: 0.000000000 0.000000330 0.999999670
JK:/cc/r: 0.000000390 0.000000004 0.999999607
JK:/crc/c: 0.447224508 0.552775492 0.000000000
JK:/crc/crr: 0.000000000 0.000000073 0.999999927
JK:/crc/r: 0.008355421 0.000000102 0.991644477
JK:/crrc/c: 0.290060259 0.709939741 0.000000000
JK:/crrc/crr: 0.000000000 0.000000243 0.999999757
JK:/crrc/r: 0.138592925 0.000000069 0.861407006
JK:/rc/c: 0.287606722 0.712393278 0.000000000
JK:/rc/crr: 0.000000000 0.000000018 0.999999982
JK:/rc/r: 0.258323454 0.000000011 0.741676535
JK:/rrc/c: 0.999998410 0.000001590 0.000000000
JK:/rrc/crr: 0.000000000 0.000000100 0.999999900
JK:/rrc/r: 0.205742365 0.000000152 0.794257483
JQ:/cc/c: 0.046782188 0.953217812 0.000000000
JQ:/cc/crr: 0.000000000 0.000000000 1.000000000
JQ:/cc/r: 0.021628855 0.000000000 0.978371145
JQ:/crc/c: 0.291868789 0.708131211 0.000000000
JQ:/crc/crr: 0.000000000 0.000003000 0.999997000
JQ:/crc/r: 0.081619537 0.000000027 0.918380436
JQ:/crrc/c: 0.023328741 0.976671259 0.000000000
JQ:/crrc/crr: 0.000000000 0.000000650 0.999999350
JQ:/crrc/r: 0.097247134 0.000000013 0.902752853
JQ:/rc/c: 0.999966048 0.000033952 0.000000000
JQ:/rc/crr: 0.000000000 0.000000000 1.000000000
JQ:/rc/r: 0.000000019 0.000000030 0.999999951
JQ:/rrc/c: 0.000006551 0.999993449 0.000000000
JQ:/rrc/crr: 0.000000000 0.016088628 0.983911372
JQ:/rrc/r: 0.311161962 0.000000154 0.688837884
K:/c: 0.999996838 0.000003162 0.000000000
K:/crr: 0.000000000 0.999999999 0.000000001
K:/r: 0.471310934 0.528689065 0.000000001
KJ:/cc/c: 0.008123156 0.991876844 0.000000000
KJ:/cc/crr: 0.000000000 0.962065224 0.037934776
KJ:/cc/r: 0.005870571 0.005499779 0.988629651
KJ:/crc/c: 0.092165080 0.907834920 0.000000000
KJ:/crc/crr: 0.000000000 0.999999987 0.000000013
KJ:/crc/r: 0.000000098 0.721412083 0.278587819
KJ:/crrc/c: 0.232258621 0.767741379 0.000000000
KJ:/crrc/crr: 0.000000000 0.627811298 0.372188702
KJ:/crrc/r: 0.032192492 0.774938944 0.192868564
KJ:/rc/c: 0.302142107 0.697857893 0.000000000
KJ:/rc/crr: 0.000000000 0.702883656 0.297116344
KJ:/rc/r: 0.015993352 0.720452001 0.263554647
KJ:/rrc/c: 0.371175050 0.628824950 0.000000000
KJ:/rrc/crr: 0.000000000 0.999966389 0.000033611
KJ:/rrc/r: 0.027197890 0.891411912 0.081390198
KK:/cc/c: 0.991314687 0.008685313 0.000000000
KK:/cc/crr: 0.000000000 0.996986970 0.003013030
KK:/cc/r: 0.996656401 0.002604847 0.000738752
KK:/crc/c: 0.999999745 0.000000255 0.000000000
KK:/crc/crr: 0.000000000 0.999999945 0.000000055
KK:/crc/r: 0.657458527 0.342541439 0.000000034
KK:/crrc/c: 0.999999991 0.000000009 0.000000000
KK:/crrc/crr: 0.000000000 0.999999997 0.000000003
KK:/crrc/r: 0.999991168 0.000008825 0.000000007
KK:/rc/c: 0.999999962 0.000000038 0.000000000
KK:/rc/crr: 0.000000000 0.999999987 0.000000013
KK:/rc/r: 0.999999948 0.000000025 0.000000027
KK:/rrc/c: 0.999999883 0.000000117 0.000000000
KK:/rrc/crr: 0.000000000 0.999999974 0.000000026
KK:/rrc/r: 0.942240106 0.057759856 0.000000038
KQ:/cc/c: 0.003017301 0.996982699 0.000000000
KQ:/cc/crr: 0.000000000 0.740983669 0.259016331
KQ:/cc/r: 0.015579657 0.978974705 0.005445637
KQ:/crc/c: 0.254631595 0.745368405 0.000000000
KQ:/crc/crr: 0.000000000 0.048764710 0.951235290
KQ:/crc/r: 0.000000012 0.404926950 0.595073038
KQ:/crrc/c: 0.510848021 0.489151979 0.000000000
KQ:/crrc/crr: 0.000000000 0.375663450 0.624336550
KQ:/crrc/r: 0.000003899 0.745583189 0.254412912
KQ:/rc/c: 0.000018575 0.999981425 0.000000000
KQ:/rc/crr: 0.000000000 0.007903503 0.992096497
KQ:/rc/r: 0.000000114 0.285616998 0.714382888
KQ:/rrc/c: 0.404778824 0.595221176 0.000000000
KQ:/rrc/crr: 0.000000000 0.436968300 0.563031700
KQ:/rrc/r: 0.054375363 0.535664192 0.409960445
Q:/c: 0.783770109 0.216229891 0.000000000
Q:/crr: 0.000000000 0.999999966 0.000000034
Q:/r: 0.274499467 0.725500306 0.000000227
QJ:/cc/c: 0.000000322 0.999999678 0.000000000
QJ:/cc/crr: 0.000000000 0.087316328 0.912683672
QJ:/cc/r: 0.000000082 0.000000128 0.999999790
QJ:/crc/c: 0.421106255 0.578893745 0.000000000
QJ:/crc/crr: 0.000000000 0.001398737 0.998601263
QJ:/crc/r: 0.000000040 0.000000008 0.999999951
QJ:/crrc/c: 0.000000063 0.999999937 0.000000000
QJ:/crrc/crr: 0.000000000 0.194903506 0.805096494
QJ:/crrc/r: 0.011161106 0.000000000 0.988838894
QJ:/rc/c: 0.000000361 0.999999639 0.000000000
QJ:/rc/crr: 0.000000000 0.002363741 0.997636259
QJ:/rc/r: 0.011297991 0.000000010 0.988701999
QJ:/rrc/c: 0.000000221 0.999999779 0.000000000
QJ:/rrc/crr: 0.000000000 0.085074161 0.914925839
QJ:/rrc/r: 0.000000037 0.000000016 0.999999947
QK:/cc/c: 0.104618531 0.895381469 0.000000000
QK:/cc/crr: 0.000000000 0.999999957 0.000000043
QK:/cc/r: 0.000000112 0.712000661 0.287999227
QK:/crc/c: 0.185376824 0.814623176 0.000000000
QK:/crc/crr: 0.000000000 0.000014321 0.999985679
QK:/crc/r: 0.000000162 0.428951475 0.571048363
QK:/crrc/c: 0.114807535 0.885192465 0.000000000
QK:/crrc/crr: 0.000000000 0.000004204 0.999995796
QK:/crrc/r: 0.000000256 0.265792461 0.734207283
QK:/rc/c: 0.274086552 0.725913448 0.000000000
QK:/rc/crr: 0.000000000 0.000008549 0.999991451
QK:/rc/r: 0.000000013 0.286239495 0.713760492
QK:/rrc/c: 0.321989454 0.678010546 0.000000000
QK:/rrc/crr: 0.000000000 0.061623957 0.938376043
QK:/rrc/r: 0.000000035 0.494571311 0.505428654
QQ:/cc/c: 0.999999978 0.000000022 0.000000000
QQ:/cc/crr: 0.000000000 0.999999992 0.000000008
QQ:/cc/r: 0.999999583 0.000000203 0.000000213
QQ:/crc/c: 0.999999955 0.000000045 0.000000000
QQ:/crc/crr: 0.000000000 0.999999989 0.000000011
QQ:/crc/r: 0.999999944 0.000000034 0.000000022
QQ:/crrc/c: 0.999999991 0.000000009 0.000000000
QQ:/crrc/crr: 0.000000000 0.999999997 0.000000003
QQ:/crrc/r: 0.999999942 0.000000052 0.000000007
QQ:/rc/c: 0.999999983 0.000000017 0.000000000
QQ:/rc/crr: 0.000000000 0.999999997 0.000000003
QQ:/rc/r: 0.999999968 0.000000016 0.000000017
QQ:/rrc/c: 0.999999906 0.000000094 0.000000000
QQ:/rrc/crr: 0.000000000 0.999999968 0.000000032
QQ:/rrc/r: 0.999999691 0.000000245 0.000000064
