J:/c: 0.277471467 0.722528533 0.000000000
J:/crr: 0.000000000 0.999999997 0.000000003
J:/r: 0.045742189 0.115876030 0.838381781
JJ:/cc/c: 0.999999994 0.000000006 0.000000000
JJ:/cc/crr: 0.000000000 0.999999997 0.000000003
JJ:/cc/r: 0.999999984 0.000000011 0.000000005
JJ:/crc/c: 0.999999986 0.000000014 0.000000000
JJ:/crc/crr: 0.000000000 0.999999993 0.000000007
JJ:/crc/r: 0.612732087 0.387267903 0.000000009
JJ:/crrc/c: 0.999999993 0.000000007 0.000000000
JJ:/crrc/crr: 0.000000000 0.999999997 0.000000003
JJ:/crrc/r: 0.999999924 0.000000071 0.000000005
JJ:/rc/c: 0.999999978 0.000000022 0.000000000
JJ:/rc/crr: 0.000000000 0.999999989 0.000000011
JJ:/rc/r: 0.999999970 0.000000014 0.000000016
JJ:/rrc/c: 0.999999949 0.000000051 0.000000000
JJ:/rrc/crr: 0.000000000 0.999999974 0.000000026
JJ:/rrc/r: 0.999999567 0.000000396 0.000000037
JK:/cc/c: 0.006811035 0.993188965 0.000000000
JK:/cc/crr: 0.000000000 0.000000320 0.999999680
JK:/cc/r: 0.000000534 0.000000004 0.999999463
JK:/crc/c: 0.533431861 0.466568139 0.000000000
JK:/crc/crr: 0.000000000 0.000000071 0.999999929
JK:/crc/r: 0.011407009 0.000000098 0.988592892
JK:/crrc/c: 0.366033113 0.633966887 0.000000000
JK:/crrc/crr: 0.000000000 0.000000235 0.999999765
JK:/crrc/r: 0.180549845 0.000000064 0.819450091
JK:/rc/c: 0.363265769 0.636734231 0.000000000
JK:/rc/crr: 0.000000000 0.000000017 0.999999983
JK:/rc/r: 0.322938269 0.000000010 0.677061722
JK:/rrc/c: 0.999998875 0.000001125 0.000000000
JK:/rrc/crr: 0.000000000 0.000000096 0.999999904
JK:/rrc/r: 0.261848366 0.000000137 0.738151497
JQ:/cc/c: 0.064856526 0.935143474 0.000000000
JQ:/cc/crr: 0.000000000 0.000000000 1.000000000
JQ:/cc/r: 0.029384549 0.000000000 0.970615451
JQ:/crc/c: 0.368069748 0.631930252 0.000000000
JQ:/crc/crr: 0.000000000 0.000002907 0.999997093
JQ:/crc/r: 0.108501125 0.000000026 0.891498849
JQ:/crrc/c: 0.032652211 0.967347789 0.000000000
JQ:/crrc/crr: 0.000000000 0.000000630 0.999999370
JQ:/crrc/r: 0.128555231 0.000000012 0.871444757
JQ:/rc/c: 0.999975974 0.000024026 0.000000000
JQ:/rc/crr: 0.000000000 0.000000000 1.000000000
JQ:/rc/r: 0.000000026 0.000000029 0.999999945
JQ:/rrc/c: 0.000009257 0.999990743 0.000000000
JQ:/rrc/crr: 0.000000000 0.015598760 0.984401240
JQ:/rrc/r: 0.382182904 0.000000134 0.617816962
K:/c: 0.999997762 0.000002238 0.000000000
K:/crr: 0.000000000 0.999999999 0.000000001
K:/r: 0.557478782 0.442521217 0.000000001
KJ:/cc/c: 0.011440810 0.988559190 0.000000000
KJ:/cc/crr: 0.000000000 0.960901769 0.039098231
KJ:/cc/r: 0.008023338 0.005319036 0.986657625
KJ:/crc/c: 0.125465299 0.874534701 0.000000000
KJ:/crc/crr: 0.000000000 0.999999987 0.000000013
KJ:/crc/r: 0.000000137 0.715053858 0.284946005
KJ:/crrc/c: 0.299478390 0.700521610 0.000000000
KJ:/crrc/crr: 0.000000000 0.620440804 0.379559196
KJ:/crrc/r: 0.044624474 0.760149368 0.195226158
KJ:/rc/c: 0.379587475 0.620412525 0.000000000
KJ:/rc/crr: 0.000000000 0.696280617 0.303719383
KJ:/rc/r: 0.022266506 0.709791167 0.267942327
KJ:/rrc/c: 0.454783705 0.545216295 0.000000000
KJ:/rrc/crr: 0.000000000 0.999965317 0.000034683
KJ:/rrc/r: 0.037910125 0.879247957 0.082841918
KK:/cc/c: 0.993838271 0.006161729 0.000000000
KK:/cc/crr: 0.000000000 0.996891100 0.003108900
KK:/cc/r: 0.997614955 0.001845069 0.000539976
KK:/crc/c: 0.999999820 0.000000180 0.000000000
KK:/crc/crr: 0.000000000 0.999999943 0.000000057
KK:/crc/r: 0.730627274 0.269372699 0.000000027
KK:/crrc/c: 0.999999993 0.000000007 0.000000000
KK:/crrc/crr: 0.000000000 0.999999997 0.000000003
KK:/crrc/r: 0.999993750 0.000006245 0.000000005
KK:/rc/c: 0.999999973 0.000000027 0.000000000
KK:/rc/crr: 0.000000000 0.999999987 0.000000013
KK:/rc/r: 0.999999963 0.000000018 0.000000020
KK:/rrc/c: 0.999999917 0.000000083 0.000000000
KK:/rrc/crr: 0.000000000 0.999999973 0.000000027
KK:/rrc/r: 0.958424667 0.041575304 0.000000028
KQ:/cc/c: 0.004258579 0.995741421 0.000000000
KQ:/cc/crr: 0.000000000 0.734908013 0.265091987
KQ:/cc/r: 0.021871749 0.972545704 0.005582547
KQ:/crc/c: 0.325580552 0.674419448 0.000000000
KQ:/crc/crr: 0.000000000 0.047327775 0.952672225
KQ:/crc/r: 0.000000017 0.397379352 0.602620631
KQ:/crrc/c: 0.596094285 0.403905715 0.000000000
KQ:/crrc/crr: 0.000000000 0.368323696 0.631676304
KQ:/crrc/r: 0.000005466 0.739576413 0.260418121
KQ:/rc/c: 0.000026249 0.999973751 0.000000000
KQ:/rc/crr: 0.000000000 0.007660916 0.992339084
KQ:/rc/r: 0.000000158 0.279249664 0.720750179
KQ:/rrc/c: 0.490057867 0.509942133 0.000000000
KQ:/rrc/crr: 0.000000000 0.429254284 0.570745716
KQ:/rrc/r: 0.074202435 0.517275060 0.408522505
Q:/c: 0.836661124 0.163338876 0.000000000
Q:/crr: 0.000000000 0.999999964 0.000000036
Q:/r: 0.348396734 0.651603055 0.000000211
QJ:/cc/c: 0.000000455 0.999999545 0.000000000
QJ:/cc/crr: 0.000000000 0.084844728 0.915155272
QJ:/cc/r: 0.000000112 0.000000124 0.999999763
QJ:/crc/c: 0.506895744 0.493104256 0.000000000
QJ:/crc/crr: 0.000000000 0.001355532 0.998644468
QJ:/crc/r: 0.000000055 0.000000008 0.999999936
QJ:/crrc/c: 0.000000089 0.999999911 0.000000000
QJ:/crrc/crr: 0.000000000 0.190020564 0.809979436
QJ:/crrc/r: 0.015221664 0.000000000 0.984778336
QJ:/rc/c: 0.000000511 0.999999489 0.000000000
QJ:/rc/crr: 0.000000000 0.002290797 0.997709203
QJ:/rc/r: 0.015407574 0.000000010 0.984592416
QJ:/rrc/c: 0.000000312 0.999999688 0.000000000
QJ:/rrc/crr: 0.000000000 0.082660280 0.917339720
QJ:/rrc/r: 0.000000051 0.000000015 0.999999933
QK:/cc/c: 0.141715917 0.858284083 0.000000000
QK:/cc/crr: 0.000000000 0.999999956 0.000000044
QK:/cc/r: 0.000000156 0.705515317 0.294484526
QK:/crc/c: 0.243328555 0.756671445 0.000000000
QK:/crc/crr: 0.000000000 0.000013878 0.999986122
QK:/crc/r: 0.000000225 0.421273066 0.578726709
QK:/crrc/c: 0.154892895 0.845107105 0.000000000
QK:/crrc/crr: 0.000000000 0.000004074 0.999995926
QK:/crrc/r: 0.000000354 0.259706399 0.740293247
QK:/rc/c: 0.347925971 0.652074029 0.000000000
QK:/rc/crr: 0.000000000 0.000008285 0.999991715
QK:/rc/r: 0.000000018 0.279863730 0.720136252
QK:/rrc/c: 0.401594543 0.598405457 0.000000000
QK:/rrc/crr: 0.000000000 0.059831937 0.940168063
QK:/rrc/r: 0.000000049 0.486719461 0.513280490
QQ:/cc/c: 0.999999985 0.000000015 0.000000000
QQ:/cc/crr: 0.000000000 0.999999992 0.000000008
QQ:/cc/r: 0.999999700 0.000000144 0.000000156
QQ:/crc/c: 0.999999968 0.000000032 0.000000000
QQ:/crc/crr: 0.000000000 0.999999989 0.000000011
QQ:/crc/r: 0.999999960 0.000000024 0.000000016
QQ:/crrc/c: 0.999999993 0.000000007 0.000000000
QQ:/crrc/crr: 0.000000000 0.999999997 0.000000003
QQ:/crrc/r: 0.999999959 0.000000036 0.000000005
QQ:/rc/c: 0.999999988 0.000000012 0.000000000
QQ:/rc/crr: 0.000000000 0.999999997 0.000000003
QQ:/rc/r: 0.999999977 0.000000011 0.000000012
QQ:/rrc/c: 0.999999934 0.000000066 0.000000000
QQ:/rrc/crr: 0.000000000 0.999999967 0.000000033
QQ:/rrc/r: 0.999999780 0.000000174 0.000000047
