J:/c: 0.419840162 0.580159838 0.000000000
J:/crr: 0.000000000 0.999999996 0.000000004
J:/r: 0.065228853 0.087688656 0.847082491
JJ:/cc/c: 0.999999997 0.000000003 0.000000000
JJ:/cc/crr: 0.000000000 0.999999996 0.000000004
JJ:/cc/r: 0.999999991 0.000000006 0.000000003
JJ:/crc/c: 0.999999992 0.000000008 0.000000000
JJ:/crc/crr: 0.000000000 0.999999991 0.000000009
JJ:/crc/r: 0.748837201 0.251162790 0.000000008
JJ:/crrc/c: 0.999999996 0.000000004 0.000000000
JJ:/crrc/crr: 0.000000000 0.999999996 0.000000004
JJ:/crrc/r: 0.999999959 0.000000038 0.000000003
JJ:/rc/c: 0.999999988 0.000000012 0.000000000
JJ:/rc/crr: 0.000000000 0.999999985 0.000000015
JJ:/rc/r: 0.999999981 0.000000008 0.000000011
JJ:/rrc/c: 0.999999973 0.000000027 0.000000000
JJ:/rrc/crr: 0.000000000 0.999999966 0.000000034
JJ:/rrc/r: 0.999999764 0.000000210 0.000000026
JK:/cc/c: 0.012757861 0.987242139 0.000000000
JK:/cc/crr: 0.000000000 0.000000240 0.999999760
JK:/cc/r: 0.000000753 0.000000003 0.999999244
JK:/crc/c: 0.682987748 0.317012252 0.000000000
JK:/crc/crr: 0.000000000 0.000000053 0.999999947
JK:/crc/r: 0.016024245 0.000000073 0.983975681
JK:/crrc/c: 0.521071588 0.478928412 0.000000000
JK:/crrc/crr: 0.000000000 0.000000176 0.999999824
JK:/crrc/r: 0.237203962 0.000000044 0.762795994
JK:/rc/c: 0.518089999 0.481910001 0.000000000
JK:/rc/crr: 0.000000000 0.000000013 0.999999987
JK:/rc/r: 0.402335100 0.000000006 0.597664894
JK:/rrc/c: 0.999999403 0.000000597 0.000000000
JK:/rrc/crr: 0.000000000 0.000000072 0.999999928
JK:/rrc/r: 0.333626708 0.000000092 0.666373200
JQ:/cc/c: 0.115585718 0.884414282 0.000000000
JQ:/cc/crr: 0.000000000 0.000000000 1.000000000
JQ:/cc/r: 0.040976966 0.000000000 0.959023034
JQ:/crc/c: 0.523258866 0.476741134 0.000000000
JQ:/crc/crr: 0.000000000 0.000002178 0.999997822
JQ:/crc/r: 0.146591657 0.000000019 0.853408325
JQ:/crrc/c: 0.059802848 0.940197152 0.000000000
JQ:/crrc/crr: 0.000000000 0.000000472 0.999999528
JQ:/crrc/r: 0.172325118 0.000000009 0.827674873
JQ:/rc/c: 0.999987250 0.000012750 0.000000000
JQ:/rc/crr: 0.000000000 0.000000000 1.000000000
JQ:/rc/r: 0.000000037 0.000000022 0.999999942
JQ:/rrc/c: 0.000017444 0.999982556 0.000000000
JQ:/rrc/crr: 0.000000000 0.011728971 0.988271029
JQ:/rrc/r: 0.466117820 0.000000087 0.533882093
K:/c: 0.999998813 0.000001187 0.000000000
K:/crr: 0.000000000 0.999999999 0.000000001
K:/r: 0.703609414 0.296390585 0.000000001
KJ:/cc/c: 0.021343102 0.978656898 0.000000000
KJ:/cc/crr: 0.000000000 0.948472742 0.051527258
KJ:/cc/r: 0.011301637 0.003975998 0.984722364
KJ:/crc/c: 0.212812741 0.787187259 0.000000000
KJ:/crc/crr: 0.000000000 0.999999982 0.000000018
KJ:/crc/r: 0.000000236 0.652717219 0.347282546
KJ:/crrc/c: 0.446166049 0.553833951 0.000000000
KJ:/crrc/crr: 0.000000000 0.550419740 0.449580260
KJ:/crrc/r: 0.076106858 0.687981288 0.235911854
KJ:/rc/c: 0.535517498 0.464482502 0.000000000
KJ:/rc/crr: 0.000000000 0.631950981 0.368049019
KJ:/rc/r: 0.037818045 0.639741598 0.322440357
KJ:/rrc/c: 0.611173720 0.388826280 0.000000000
KJ:/rrc/crr: 0.000000000 0.999953693 0.000046307
KJ:/rrc/r: 0.067312051 0.828468483 0.104219465
KK:/cc/c: 0.996720653 0.003279347 0.000000000
KK:/cc/crr: 0.000000000 0.995853434 0.004146566
KK:/cc/r: 0.998636885 0.000980132 0.000382983
KK:/crc/c: 0.999999904 0.000000096 0.000000000
KK:/crc/crr: 0.000000000 0.999999924 0.000000076
KK:/crc/r: 0.836363609 0.163636369 0.000000022
KK:/crrc/c: 0.999999996 0.000000004 0.000000000
KK:/crrc/crr: 0.000000000 0.999999996 0.000000004
KK:/crrc/r: 0.999996683 0.000003314 0.000000003
KK:/rc/c: 0.999999986 0.000000014 0.000000000
KK:/rc/crr: 0.000000000 0.999999982 0.000000018
KK:/rc/r: 0.999999977 0.000000009 0.000000014
KK:/rrc/c: 0.999999956 0.000000044 0.000000000
KK:/rrc/crr: 0.000000000 0.999999964 0.000000036
KK:/rrc/r: 0.977498020 0.022501960 0.000000020
KQ:/cc/c: 0.007994754 0.992005246 0.000000000
KQ:/cc/crr: 0.000000000 0.674940342 0.325059658
KQ:/cc/r: 0.040358923 0.952342310 0.007298767
KQ:/crc/c: 0.476359362 0.523640638 0.000000000
KQ:/crc/crr: 0.000000000 0.035873404 0.964126596
KQ:/crc/r: 0.000000027 0.330605134 0.669394839
KQ:/crrc/c: 0.735522822 0.264477178 0.000000000
KQ:/crrc/crr: 0.000000000 0.303969143 0.696030857
KQ:/crrc/r: 0.000009473 0.680203381 0.319787146
KQ:/rc/c: 0.000049463 0.999950537 0.000000000
KQ:/rc/crr: 0.000000000 0.005748872 0.994251128
KQ:/rc/r: 0.000000240 0.224916850 0.775082910
KQ:/rrc/c: 0.644244693 0.355755307 0.000000000
KQ:/rrc/crr: 0.000000000 0.360326535 0.639673465
KQ:/rrc/r: 0.116275835 0.430149932 0.453574233
Q:/c: 0.906123992 0.093876008 0.000000000
Q:/crr: 0.000000000 0.999999953 0.000000047
Q:/r: 0.501878767 0.498121018 0.000000215
QJ:/cc/c: 0.000000857 0.999999143 0.000000000
QJ:/cc/crr: 0.000000000 0.064929263 0.935070737
QJ:/cc/r: 0.000000159 0.000000093 0.999999748
QJ:/crc/c: 0.659528543 0.340471457 0.000000000
QJ:/crc/crr: 0.000000000 0.001015602 0.998984398
QJ:/crc/r: 0.000000078 0.000000006 0.999999916
QJ:/crrc/c: 0.000000167 0.999999833 0.000000000
QJ:/crrc/crr: 0.000000000 0.149448967 0.850551033
QJ:/crrc/r: 0.021349619 0.000000000 0.978650381
QJ:/rc/c: 0.000000963 0.999999037 0.000000000
QJ:/rc/crr: 0.000000000 0.001716731 0.998283269
QJ:/rc/r: 0.021608731 0.000000007 0.978391262
QJ:/rrc/c: 0.000000588 0.999999412 0.000000000
QJ:/rrc/crr: 0.000000000 0.063222144 0.936777856
QJ:/rrc/r: 0.000000072 0.000000011 0.999999916
QK:/cc/c: 0.237306907 0.762693093 0.000000000
QK:/cc/crr: 0.000000000 0.999999941 0.000000059
QK:/cc/r: 0.000000268 0.642136300 0.357863432
QK:/crc/c: 0.377327474 0.622672526 0.000000000
QK:/crc/crr: 0.000000000 0.000010394 0.999989606
QK:/crc/r: 0.000000355 0.352834591 0.647165054
QK:/crrc/c: 0.256713620 0.743286380 0.000000000
QK:/crrc/crr: 0.000000000 0.000003051 0.999996949
QK:/crrc/r: 0.000000534 0.208078283 0.791921183
QK:/rc/c: 0.501360212 0.498639788 0.000000000
QK:/rc/crr: 0.000000000 0.000006205 0.999993795
QK:/rc/r: 0.000000028 0.225448825 0.774551147
QK:/rrc/c: 0.558427768 0.441572232 0.000000000
QK:/rrc/crr: 0.000000000 0.045495803 0.954504197
QK:/rrc/r: 0.000000079 0.415278189 0.584721733
QQ:/cc/c: 0.999999992 0.000000008 0.000000000
QQ:/cc/crr: 0.000000000 0.999999990 0.000000010
QQ:/cc/r: 0.999999813 0.000000076 0.000000110
QQ:/crc/c: 0.999999983 0.000000017 0.000000000
QQ:/crc/crr: 0.000000000 0.999999985 0.000000015
QQ:/crc/r: 0.999999976 0.000000013 0.000000011
QQ:/crrc/c: 0.999999996 0.000000004 0.000000000
QQ:/crrc/crr: 0.000000000 0.999999996 0.000000004
QQ:/crrc/r: 0.999999977 0.000000019 0.000000003
QQ:/rc/c: 0.999999994 0.000000006 0.000000000
QQ:/rc/crr: 0.000000000 0.999999996 0.000000004
QQ:/rc/r: 0.999999985 0.000000006 0.000000009
QQ:/rrc/c: 0.999999965 0.000000035 0.000000000
QQ:/rrc/crr: 0.000000000 0.999999956 0.000000044
QQ:/rrc/r: 0.999999875 0.000000092 0.000000033
