J:/c: 0.270958399 0.729041601 0.000000000
J:/crr: 0.000000000 0.999999998 0.000000002
J:/r: 0.081721236 0.213906810 0.704371954
JJ:/cc/c: 0.999999994 0.000000006 0.000000000
JJ:/cc/crr: 0.000000000 0.999999998 0.000000002
JJ:/cc/r: 0.999999986 0.000000011 0.000000002
JJ:/crc/c: 0.999999985 0.000000015 0.000000000
JJ:/crc/crr: 0.000000000 0.999999997 0.000000003
JJ:/crc/r: 0.604938267 0.395061729 0.000000004
JJ:/crrc/c: 0.999999993 0.000000007 0.000000000
JJ:/crrc/crr: 0.000000000 0.999999998 0.000000002
JJ:/crrc/r: 0.999999925 0.000000073 0.000000002
JJ:/rc/c: 0.999999977 0.000000023 0.000000000
JJ:/rc/crr: 0.000000000 0.999999995 0.000000005
JJ:/rc/r: 0.999999978 0.000000015 0.000000008
JJ:/rrc/c: 0.999999947 0.000000053 0.000000000
JJ:/rrc/crr: 0.000000000 0.999999988 0.000000012
JJ:/rrc/r: 0.999999574 0.000000409 0.000000017
JK:/cc/c: 0.006593186 0.993406814 0.000000000
JK:/cc/crr: 0.000000000 0.000000703 0.999999297
JK:/cc/r: 0.000001135 0.000000008 0.999998857
JK:/crc/c: 0.525278573 0.474721427 0.000000000
JK:/crc/crr: 0.000000000 0.000000156 0.999999844
JK:/crc/r: 0.023948843 0.000000214 0.976050943
JK:/crrc/c: 0.358472612 0.641527388 0.000000000
JK:/crrc/crr: 0.000000000 0.000000517 0.999999483
JK:/crrc/r: 0.319044382 0.000000116 0.680955501
JK:/rc/c: 0.355730354 0.644269646 0.000000000
JK:/rc/crr: 0.000000000 0.000000038 0.999999962
JK:/rc/r: 0.503539588 0.000000016 0.496460397
JK:/rrc/c: 0.999998838 0.000001162 0.000000000
JK:/rrc/crr: 0.000000000 0.000000212 0.999999788
JK:/rrc/r: 0.429982135 0.000000232 0.570017633
JQ:/cc/c: 0.062899689 0.937100311 0.000000000
JQ:/cc/crr: 0.000000000 0.000000000 1.000000000
JQ:/cc/r: 0.060483119 0.000000000 0.939516881
JQ:/crc/c: 0.360491101 0.639508899 0.000000000
JQ:/crc/crr: 0.000000000 0.000006388 0.999993612
JQ:/crc/r: 0.205595227 0.000000051 0.794404722
JQ:/crrc/c: 0.031634165 0.968365835 0.000000000
JQ:/crrc/crr: 0.000000000 0.000001384 0.999998616
JQ:/crrc/r: 0.238788320 0.000000023 0.761211657
JQ:/rc/c: 0.999975175 0.000024825 0.000000000
JQ:/rc/crr: 0.000000000 0.000000000 1.000000000
JQ:/rc/r: 0.000000055 0.000000063 0.999999881
JQ:/rrc/c: 0.000008959 0.999991041 0.000000000
JQ:/rrc/crr: 0.000000000 0.033645364 0.966354636
JQ:/rrc/r: 0.568115477 0.000000206 0.431884317
K:/c: 0.999997688 0.000002312 0.000000000
K:/crr: 0.000000000 0.999999999 0.000000001
K:/r: 0.549390740 0.450609260 0.000000001
KJ:/cc/c: 0.011076531 0.988923469 0.000000000
KJ:/cc/crr: 0.000000000 0.981818137 0.018181863
KJ:/cc/r: 0.016802471 0.011509700 0.971687829
KJ:/crc/c: 0.121918197 0.878081803 0.000000000
KJ:/crc/crr: 0.000000000 0.999999994 0.000000006
KJ:/crc/r: 0.000000157 0.846478438 0.153521405
KJ:/crrc/c: 0.292657989 0.707342011 0.000000000
KJ:/crrc/crr: 0.000000000 0.782212427 0.217787573
KJ:/crrc/r: 0.048406445 0.852004795 0.099588760
KJ:/rc/c: 0.371911246 0.628088754 0.000000000
KJ:/rc/crr: 0.000000000 0.834358193 0.165641807
KJ:/rc/r: 0.025254782 0.831831107 0.142914111
KJ:/rrc/c: 0.446681655 0.553318345 0.000000000
KJ:/rrc/crr: 0.000000000 0.999984214 0.000015786
KJ:/rrc/r: 0.038473117 0.921990718 0.039536166
KK:/cc/c: 0.993634587 0.006365413 0.000000000
KK:/cc/crr: 0.000000000 0.998582666 0.001417334
KK:/cc/r: 0.997839132 0.001906880 0.000253988
KK:/crc/c: 0.999999814 0.000000186 0.000000000
KK:/crc/crr: 0.000000000 0.999999974 0.000000026
KK:/crc/r: 0.724137909 0.275862078 0.000000013
KK:/crrc/c: 0.999999993 0.000000007 0.000000000
KK:/crrc/crr: 0.000000000 0.999999998 0.000000002
KK:/crrc/r: 0.999993545 0.000006453 0.000000002
KK:/rc/c: 0.999999973 0.000000027 0.000000000
KK:/rc/crr: 0.000000000 0.999999994 0.000000006
KK:/rc/r: 0.999999972 0.000000018 0.000000009
KK:/rrc/c: 0.999999914 0.000000086 0.000000000
KK:/rrc/crr: 0.000000000 0.999999988 0.000000012
KK:/rrc/r: 0.957100885 0.042899101 0.000000013
KQ:/cc/c: 0.004122031 0.995877969 0.000000000
KQ:/cc/crr: 0.000000000 0.858981345 0.141018655
KQ:/cc/r: 0.021247137 0.976202562 0.002550301
KQ:/crc/c: 0.318435915 0.681564085 0.000000000
KQ:/crc/crr: 0.000000000 0.098412702 0.901587298
KQ:/crc/r: 0.000000025 0.591649860 0.408350116
KQ:/crrc/c: 0.588190663 0.411809337 0.000000000
KQ:/crrc/crr: 0.000000000 0.561627949 0.438372051
KQ:/crrc/r: 0.000006164 0.861872603 0.138121232
KQ:/rc/c: 0.000025404 0.999974596 0.000000000
KQ:/rc/crr: 0.000000000 0.016679631 0.983320369
KQ:/rc/r: 0.000000252 0.459836656 0.540163093
KQ:/rrc/c: 0.481882818 0.518117182 0.000000000
KQ:/rrc/crr: 0.000000000 0.622997870 0.377002130
KQ:/rrc/r: 0.092660394 0.667437415 0.239902191
Q:/c: 0.832139300 0.167860700 0.000000000
Q:/crr: 0.000000000 0.999999984 0.000000016
Q:/r: 0.341004612 0.658995291 0.000000097
QJ:/cc/c: 0.000000440 0.999999560 0.000000000
QJ:/cc/crr: 0.000000000 0.169231395 0.830768605
QJ:/cc/r: 0.000000239 0.000000273 0.999999488
QJ:/crc/c: 0.498714511 0.501285489 0.000000000
QJ:/crc/crr: 0.000000000 0.002973557 0.997026443
QJ:/crc/r: 0.000000118 0.000000018 0.999999864
QJ:/crrc/c: 0.000000086 0.999999914 0.000000000
QJ:/crrc/crr: 0.000000000 0.340135599 0.659864401
QJ:/crrc/r: 0.031822648 0.000000000 0.968177352
QJ:/rc/c: 0.000000494 0.999999506 0.000000000
QJ:/rc/crr: 0.000000000 0.005019586 0.994980414
QJ:/rc/r: 0.032204683 0.000000021 0.967795295
QJ:/rrc/c: 0.000000302 0.999999698 0.000000000
QJ:/rrc/crr: 0.000000000 0.165266649 0.834733351
QJ:/rrc/r: 0.000000109 0.000000034 0.999999857
QK:/cc/c: 0.137781768 0.862218232 0.000000000
QK:/cc/crr: 0.000000000 0.999999980 0.000000020
QK:/cc/r: 0.000000180 0.840357098 0.159642722
QK:/crc/c: 0.237353647 0.762646353 0.000000000
QK:/crc/crr: 0.000000000 0.000030493 0.999969507
QK:/crc/r: 0.000000318 0.615297743 0.384701939
QK:/crrc/c: 0.150657153 0.849342847 0.000000000
QK:/crrc/crr: 0.000000000 0.000008950 0.999991050
QK:/crrc/r: 0.000000574 0.435287731 0.564711695
QK:/rc/c: 0.340538577 0.659461423 0.000000000
QK:/rc/crr: 0.000000000 0.000018204 0.999981796
QK:/rc/r: 0.000000029 0.460594113 0.539405857
QK:/rrc/c: 0.393755727 0.606244273 0.000000000
QK:/rrc/crr: 0.000000000 0.122675690 0.877324310
QK:/rrc/r: 0.000000066 0.675693782 0.324306152
QQ:/cc/c: 0.999999984 0.000000016 0.000000000
QQ:/cc/crr: 0.000000000 0.999999996 0.000000004
QQ:/cc/r: 0.999999778 0.000000149 0.000000073
QQ:/crc/c: 0.999999967 0.000000033 0.000000000
QQ:/crc/crr: 0.000000000 0.999999995 0.000000005
QQ:/crc/r: 0.999999967 0.000000025 0.000000008
QQ:/crrc/c: 0.999999993 0.000000007 0.000000000
QQ:/crrc/crr: 0.000000000 0.999999998 0.000000002
QQ:/crrc/r: 0.999999960 0.000000038 0.000000002
QQ:/rc/c: 0.999999987 0.000000013 0.000000000
QQ:/rc/crr: 0.000000000 0.999999998 0.000000002
QQ:/rc/r: 0.999999983 0.000000011 0.000000006
QQ:/rrc/c: 0.999999931 0.000000069 0.000000000
QQ:/rrc/crr: 0.000000000 0.999999985 0.000000015
QQ:/rrc/r: 0.999999799 0.000000179 0.000000022
