J:/c: 0.258879431 0.741120569 0.000000000
J:/crr: 0.000000000 0.999999997 0.000000003
J:/r: 0.044835961 0.124869908 0.830294131
JJ:/cc/c: 0.999999994 0.000000006 0.000000000
JJ:/cc/crr: 0.000000000 0.999999997 0.000000003
JJ:/cc/r: 0.999999983 0.000000012 0.000000005
JJ:/crc/c: 0.999999984 0.000000016 0.000000000
JJ:/crc/crr: 0.000000000 0.999999994 0.000000006
JJ:/crc/r: 0.590020221 0.409979769 0.000000009
JJ:/crrc/c: 0.999999993 0.000000007 0.000000000
JJ:/crrc/crr: 0.000000000 0.999999997 0.000000003
JJ:/crrc/r: 0.999999917 0.000000078 0.000000005
JJ:/rc/c: 0.999999976 0.000000024 0.000000000
JJ:/rc/crr: 0.000000000 0.999999990 0.000000010
JJ:/rc/r: 0.999999968 0.000000016 0.000000016
JJ:/rrc/c: 0.999999944 0.000000056 0.000000000
JJ:/rrc/crr: 0.000000000 0.999999977 0.000000023
JJ:/rrc/r: 0.999999527 0.000000435 0.000000037
JK:/cc/c: 0.006199062 0.993800938 0.000000000
JK:/cc/crr: 0.000000000 0.000000348 0.999999652
JK:/cc/r: 0.000000528 0.000000004 0.999999468
JK:/crc/c: 0.509790045 0.490209955 0.000000000
JK:/crc/crr: 0.000000000 0.000000077 0.999999923
JK:/crc/r: 0.011291250 0.000000107 0.988708643
JK:/crrc/c: 0.344334991 0.655665009 0.000000000
JK:/crrc/crr: 0.000000000 0.000000256 0.999999744
JK:/crrc/r: 0.179028460 0.000000070 0.820971471
JK:/rc/c: 0.341643289 0.658356711 0.000000000
JK:/rc/crr: 0.000000000 0.000000019 0.999999981
JK:/rc/r: 0.320686606 0.000000011 0.679313384
JK:/rrc/c: 0.999998763 0.000001237 0.000000000
JK:/rrc/crr: 0.000000000 0.000000105 0.999999895
JK:/rrc/r: 0.259859166 0.000000149 0.740140685
JQ:/cc/c: 0.059340761 0.940659239 0.000000000
JQ:/cc/crr: 0.000000000 0.000000000 1.000000000
JQ:/cc/r: 0.029091723 0.000000000 0.970908277
JQ:/crc/c: 0.346316847 0.653683153 0.000000000
JQ:/crc/crr: 0.000000000 0.000003164 0.999996836
JQ:/crc/r: 0.107507202 0.000000028 0.892492770
JQ:/crrc/c: 0.029788039 0.970211961 0.000000000
JQ:/crrc/crr: 0.000000000 0.000000685 0.999999315
JQ:/crrc/r: 0.127403856 0.000000013 0.872596131
JQ:/rc/c: 0.999973586 0.000026414 0.000000000
JQ:/rc/crr: 0.000000000 0.000000000 1.000000000
JQ:/rc/r: 0.000000026 0.000000031 0.999999943
JQ:/rrc/c: 0.000008420 0.999991580 0.000000000
JQ:/rrc/crr: 0.000000000 0.016949919 0.983050081
JQ:/rrc/r: 0.379749845 0.000000147 0.620250009
K:/c: 0.999997540 0.000002460 0.000000000
K:/crr: 0.000000000 0.999999999 0.000000001
K:/r: 0.533990977 0.466009021 0.000000001
KJ:/cc/c: 0.010417214 0.989582786 0.000000000
KJ:/cc/crr: 0.000000000 0.963953736 0.036046264
KJ:/cc/r: 0.007937921 0.005785478 0.986276601
KJ:/crc/c: 0.115431279 0.884568721 0.000000000
KJ:/crc/crr: 0.000000000 0.999999988 0.000000012
KJ:/crc/r: 0.000000128 0.731942961 0.268056911
KJ:/crrc/c: 0.279983181 0.720016819 0.000000000
KJ:/crrc/crr: 0.000000000 0.640115331 0.359884669
KJ:/crrc/r: 0.041411699 0.775538799 0.183049501
KJ:/rc/c: 0.357539007 0.642460993 0.000000000
KJ:/rc/crr: 0.000000000 0.713837127 0.286162873
KJ:/rc/r: 0.020745258 0.727029426 0.252225316
KJ:/rrc/c: 0.431404594 0.568595406 0.000000000
KJ:/rrc/crr: 0.000000000 0.999968125 0.000031875
KJ:/rrc/r: 0.034835734 0.888251133 0.076913133
KK:/cc/c: 0.993229958 0.006770042 0.000000000
KK:/cc/crr: 0.000000000 0.997142132 0.002857868
KK:/cc/r: 0.997426447 0.002028081 0.000545472
KK:/crc/c: 0.999999802 0.000000198 0.000000000
KK:/crc/crr: 0.000000000 0.999999948 0.000000052
KK:/crc/r: 0.711574920 0.288425052 0.000000027
KK:/crrc/c: 0.999999993 0.000000007 0.000000000
KK:/crrc/crr: 0.000000000 0.999999997 0.000000003
KK:/crrc/r: 0.999993130 0.000006866 0.000000005
KK:/rc/c: 0.999999971 0.000000029 0.000000000
KK:/rc/crr: 0.000000000 0.999999988 0.000000012
KK:/rc/r: 0.999999961 0.000000019 0.000000020
KK:/rrc/c: 0.999999909 0.000000091 0.000000000
KK:/rrc/crr: 0.000000000 0.999999976 0.000000024
KK:/rrc/r: 0.954480305 0.045519667 0.000000028
KQ:/cc/c: 0.003875050 0.996124950 0.000000000
KQ:/cc/crr: 0.000000000 0.751030071 0.248969929
KQ:/cc/r: 0.019942760 0.974914261 0.005142979
KQ:/crc/c: 0.305126276 0.694873724 0.000000000
KQ:/crc/crr: 0.000000000 0.051284109 0.948715891
KQ:/crc/r: 0.000000016 0.417765893 0.582234091
KQ:/crrc/c: 0.573086511 0.426913489 0.000000000
KQ:/crrc/crr: 0.000000000 0.388179802 0.611820198
KQ:/crrc/r: 0.000005079 0.755509048 0.244485873
KQ:/rc/c: 0.000023876 0.999976124 0.000000000
KQ:/rc/crr: 0.000000000 0.008330320 0.991669680
KQ:/rc/r: 0.000000153 0.296558243 0.703441605
KQ:/rrc/c: 0.466416675 0.533583325 0.000000000
KQ:/rrc/crr: 0.000000000 0.450054825 0.549945175
KQ:/rrc/r: 0.070290604 0.538710339 0.390999056
Q:/c: 0.823294577 0.176705423 0.000000000
Q:/crr: 0.000000000 0.999999967 0.000000033
Q:/r: 0.327204497 0.672795303 0.000000200
QJ:/cc/c: 0.000000414 0.999999586 0.000000000
QJ:/cc/crr: 0.000000000 0.091635600 0.908364400
QJ:/cc/r: 0.000000111 0.000000135 0.999999753
QJ:/crc/c: 0.483211973 0.516788027 0.000000000
QJ:/crc/crr: 0.000000000 0.001474796 0.998525204
QJ:/crc/r: 0.000000055 0.000000009 0.999999936
QJ:/crrc/c: 0.000000081 0.999999919 0.000000000
QJ:/crrc/crr: 0.000000000 0.203358968 0.796641032
QJ:/crrc/r: 0.015067784 0.000000000 0.984932216
QJ:/rc/c: 0.000000465 0.999999535 0.000000000
QJ:/rc/crr: 0.000000000 0.002492143 0.997507857
QJ:/rc/r: 0.015251843 0.000000011 0.984748146
QJ:/rrc/c: 0.000000284 0.999999716 0.000000000
QJ:/rrc/crr: 0.000000000 0.089293371 0.910706629
QJ:/rrc/r: 0.000000051 0.000000017 0.999999933
QK:/cc/c: 0.130576310 0.869423690 0.000000000
QK:/cc/crr: 0.000000000 0.999999959 0.000000041
QK:/cc/r: 0.000000146 0.722750573 0.277249281
QK:/crc/c: 0.226307711 0.773692289 0.000000000
QK:/crc/crr: 0.000000000 0.000015101 0.999984899
QK:/crc/r: 0.000000215 0.441986358 0.558013427
QK:/crrc/c: 0.142889949 0.857110051 0.000000000
QK:/crrc/crr: 0.000000000 0.000004433 0.999995567
QK:/crrc/r: 0.000000342 0.276267953 0.723731705
QK:/rc/c: 0.326748004 0.673251996 0.000000000
QK:/rc/crr: 0.000000000 0.000009015 0.999990985
QK:/rc/r: 0.000000018 0.297194676 0.702805307
QK:/rrc/c: 0.379048774 0.620951226 0.000000000
QK:/rrc/crr: 0.000000000 0.064762489 0.935237511
QK:/rrc/r: 0.000000046 0.507826977 0.492172977
QQ:/cc/c: 0.999999983 0.000000017 0.000000000
QQ:/cc/crr: 0.000000000 0.999999993 0.000000007
QQ:/cc/r: 0.999999684 0.000000158 0.000000157
QQ:/crc/c: 0.999999965 0.000000035 0.000000000
QQ:/crc/crr: 0.000000000 0.999999990 0.000000010
QQ:/crc/r: 0.999999957 0.000000027 0.000000016
QQ:/crrc/c: 0.999999993 0.000000007 0.000000000
QQ:/crrc/crr: 0.000000000 0.999999997 0.000000003
QQ:/crrc/r: 0.999999955 0.000000040 0.000000005
QQ:/rc/c: 0.999999987 0.000000013 0.000000000
QQ:/rc/crr: 0.000000000 0.999999997 0.000000003
QQ:/rc/r: 0.999999975 0.000000012 0.000000012
QQ:/rrc/c: 0.999999927 0.000000073 0.000000000
QQ:/rrc/crr: 0.000000000 0.999999969 0.000000031
QQ:/rrc/r: 0.999999762 0.000000191 0.000000047
