J:/c: 0.300469992 0.699530008 0.000000000
J:/crr: 0.000000000 0.999999997 0.000000003
J:/r: 0.050995426 0.115498532 0.833506042
JJ:/cc/c: 0.999999995 0.000000005 0.000000000
JJ:/cc/crr: 0.000000000 0.999999997 0.000000003
JJ:/cc/r: 0.999999986 0.000000010 0.000000004
JJ:/crc/c: 0.999999987 0.000000013 0.000000000
JJ:/crc/crr: 0.000000000 0.999999993 0.000000007
JJ:/crc/r: 0.638945225 0.361054766 0.000000009
JJ:/crrc/c: 0.999999994 0.000000006 0.000000000
JJ:/crrc/crr: 0.000000000 0.999999997 0.000000003
JJ:/crrc/r: 0.999999932 0.000000063 0.000000004
JJ:/rc/c: 0.999999980 0.000000020 0.000000000
JJ:/rc/crr: 0.000000000 0.999999989 0.000000011
JJ:/rc/r: 0.999999973 0.000000013 0.000000014
JJ:/rrc/c: 0.999999955 0.000000045 0.000000000
JJ:/rrc/crr: 0.000000000 0.999999975 0.000000025
JJ:/rrc/r: 0.999999613 0.000000354 0.000000033
JK:/cc/c: 0.007611919 0.992388081 0.000000000
JK:/cc/crr: 0.000000000 0.000000321 0.999999679
JK:/cc/r: 0.000000598 0.000000004 0.999999398
JK:/crc/c: 0.561168393 0.438831607 0.000000000
JK:/crc/crr: 0.000000000 0.000000071 0.999999929
JK:/crc/r: 0.012773747 0.000000099 0.987226154
JK:/crrc/c: 0.392385723 0.607614277 0.000000000
JK:/crrc/crr: 0.000000000 0.000000236 0.999999764
JK:/crrc/r: 0.198121098 0.000000063 0.801878839
JK:/rc/c: 0.389541564 0.610458436 0.000000000
JK:/rc/crr: 0.000000000 0.000000017 0.999999983
JK:/rc/r: 0.348473989 0.000000009 0.651526002
JK:/rrc/c: 0.999998994 0.000001006 0.000000000
JK:/rrc/crr: 0.000000000 0.000000097 0.999999903
JK:/rrc/r: 0.284583913 0.000000133 0.715415954
JQ:/cc/c: 0.071988054 0.928011946 0.000000000
JQ:/cc/crr: 0.000000000 0.000000000 1.000000000
JQ:/cc/r: 0.032833739 0.000000000 0.967166261
JQ:/crc/c: 0.394477749 0.605522251 0.000000000
JQ:/crc/crr: 0.000000000 0.000002915 0.999997085
JQ:/crc/r: 0.120088105 0.000000026 0.879911869
JQ:/crrc/c: 0.036380362 0.963619638 0.000000000
JQ:/crrc/crr: 0.000000000 0.000000632 0.999999368
JQ:/crrc/r: 0.141942833 0.000000012 0.858057155
JQ:/rc/c: 0.999978519 0.000021481 0.000000000
JQ:/rc/crr: 0.000000000 0.000000000 1.000000000
JQ:/rc/r: 0.000000029 0.000000029 0.999999942
JQ:/rrc/c: 0.000010354 0.999989646 0.000000000
JQ:/rrc/crr: 0.000000000 0.015638265 0.984361735
JQ:/rrc/r: 0.409569429 0.000000129 0.590430443
K:/c: 0.999997999 0.000002001 0.000000000
K:/crr: 0.000000000 0.999999999 0.000000001
K:/r: 0.584898202 0.415101797 0.000000001
KJ:/cc/c: 0.012779088 0.987220912 0.000000000
KJ:/cc/crr: 0.000000000 0.960998191 0.039001809
KJ:/cc/r: 0.008988223 0.005327461 0.985684316
KJ:/crc/c: 0.138275832 0.861724168 0.000000000
KJ:/crc/crr: 0.000000000 0.999999987 0.000000013
KJ:/crc/r: 0.000000153 0.715577104 0.284422742
KJ:/crrc/c: 0.323484326 0.676515674 0.000000000
KJ:/crrc/crr: 0.000000000 0.621045727 0.378954273
KJ:/crrc/r: 0.049674186 0.756528261 0.193797553
KJ:/rc/c: 0.406290541 0.593709459 0.000000000
KJ:/rc/crr: 0.000000000 0.696823732 0.303176268
KJ:/rc/r: 0.024856338 0.708409261 0.266734400
KJ:/rrc/c: 0.482661292 0.517338708 0.000000000
KJ:/rrc/crr: 0.000000000 0.999965406 0.000034594
KJ:/rrc/r: 0.042221351 0.875501413 0.082277237
KK:/cc/c: 0.994487422 0.005512578 0.000000000
KK:/cc/crr: 0.000000000 0.996899053 0.003100947
KK:/cc/r: 0.997868315 0.001650029 0.000481656
KK:/crc/c: 0.999999839 0.000000161 0.000000000
KK:/crc/crr: 0.000000000 0.999999944 0.000000056
KK:/crc/r: 0.752089106 0.247910869 0.000000025
KK:/crrc/c: 0.999999994 0.000000006 0.000000000
KK:/crrc/crr: 0.000000000 0.999999997 0.000000003
KK:/crrc/r: 0.999994412 0.000005583 0.000000004
KK:/rc/c: 0.999999976 0.000000024 0.000000000
KK:/rc/crr: 0.000000000 0.999999987 0.000000013
KK:/rc/r: 0.999999967 0.000000016 0.000000018
KK:/rrc/c: 0.999999926 0.000000074 0.000000000
KK:/rrc/crr: 0.000000000 0.999999973 0.000000027
KK:/rrc/r: 0.962664557 0.037335417 0.000000025
KQ:/cc/c: 0.004760768 0.995239232 0.000000000
KQ:/cc/crr: 0.000000000 0.735408303 0.264591697
KQ:/cc/r: 0.024400409 0.970045684 0.005553907
KQ:/crc/c: 0.350631544 0.649368456 0.000000000
KQ:/crc/crr: 0.000000000 0.047443765 0.952556235
KQ:/crc/r: 0.000000019 0.397994837 0.602005144
KQ:/crrc/c: 0.622740208 0.377259792 0.000000000
KQ:/crrc/crr: 0.000000000 0.368921730 0.631078270
KQ:/crrc/r: 0.000006117 0.740070519 0.259923364
KQ:/rc/c: 0.000029359 0.999970641 0.000000000
KQ:/rc/crr: 0.000000000 0.007680475 0.992319525
KQ:/rc/r: 0.000000177 0.279767120 0.720232703
KQ:/rrc/c: 0.518043218 0.481956782 0.000000000
KQ:/rrc/crr: 0.000000000 0.429883921 0.570116079
KQ:/rrc/r: 0.082356801 0.513300191 0.404343008
Q:/c: 0.851393188 0.148606812 0.000000000
Q:/crr: 0.000000000 0.999999965 0.000000035
Q:/r: 0.374229132 0.625770666 0.000000202
QJ:/cc/c: 0.000000509 0.999999491 0.000000000
QJ:/cc/crr: 0.000000000 0.085044455 0.914955545
QJ:/cc/r: 0.000000126 0.000000125 0.999999749
QJ:/crc/c: 0.534834159 0.465165841 0.000000000
QJ:/crc/crr: 0.000000000 0.001359015 0.998640985
QJ:/crc/r: 0.000000062 0.000000008 0.999999930
QJ:/crrc/c: 0.000000099 0.999999901 0.000000000
QJ:/crrc/crr: 0.000000000 0.190416363 0.809583637
QJ:/crrc/r: 0.017037580 0.000000000 0.982962420
QJ:/rc/c: 0.000000571 0.999999429 0.000000000
QJ:/rc/crr: 0.000000000 0.002296677 0.997703323
QJ:/rc/r: 0.017245281 0.000000010 0.982754709
QJ:/rrc/c: 0.000000349 0.999999651 0.000000000
QJ:/rrc/crr: 0.000000000 0.082855331 0.917144669
QJ:/rrc/r: 0.000000058 0.000000015 0.999999927
QK:/cc/c: 0.155889936 0.844110064 0.000000000
QK:/cc/crr: 0.000000000 0.999999956 0.000000044
QK:/cc/r: 0.000000175 0.706048877 0.293950948
QK:/crc/c: 0.264533221 0.735466779 0.000000000
QK:/crc/crr: 0.000000000 0.000013914 0.999986086
QK:/crc/r: 0.000000252 0.421899638 0.578100109
QK:/crrc/c: 0.170123607 0.829876393 0.000000000
QK:/crrc/crr: 0.000000000 0.000004084 0.999995916
QK:/crrc/r: 0.000000396 0.260200709 0.739798894
QK:/rc/c: 0.373743484 0.626256516 0.000000000
QK:/rc/crr: 0.000000000 0.000008306 0.999991694
QK:/rc/r: 0.000000021 0.280381886 0.719618093
QK:/rrc/c: 0.428775810 0.571224190 0.000000000
QK:/rrc/crr: 0.000000000 0.059976642 0.940023358
QK:/rrc/r: 0.000000055 0.487361410 0.512638535
QQ:/cc/c: 0.999999986 0.000000014 0.000000000
QQ:/cc/crr: 0.000000000 0.999999992 0.000000008
QQ:/cc/r: 0.999999732 0.000000129 0.000000139
QQ:/crc/c: 0.999999971 0.000000029 0.000000000
QQ:/crc/crr: 0.000000000 0.999999989 0.000000011
QQ:/crc/r: 0.999999964 0.000000022 0.000000014
QQ:/crrc/c: 0.999999994 0.000000006 0.000000000
QQ:/crrc/crr: 0.000000000 0.999999997 0.000000003
QQ:/crrc/r: 0.999999963 0.000000033 0.000000004
QQ:/rc/c: 0.999999989 0.000000011 0.000000000
QQ:/rc/crr: 0.000000000 0.999999997 0.000000003
QQ:/rc/r: 0.999999979 0.000000010 0.000000011
QQ:/rrc/c: 0.999999941 0.000000059 0.000000000
QQ:/rrc/crr: 0.000000000 0.999999967 0.000000033
QQ:/rrc/r: 0.999999803 0.000000155 0.000000042
