J:/c: 0.272979630 0.727020370 0.000000000
J:/crr: 0.000000000 0.999999998 0.000000002
J:/r: 0.057764107 0.149662983 0.792572909
JJ:/cc/c: 0.999999994 0.000000006 0.000000000
JJ:/cc/crr: 0.000000000 0.999999998 0.000000002
JJ:/cc/r: 0.999999985 0.000000011 0.000000004
JJ:/crc/c: 0.999999985 0.000000015 0.000000000
JJ:/crc/crr: 0.000000000 0.999999995 0.000000005
JJ:/crc/r: 0.607375265 0.392624728 0.000000007
JJ:/crrc/c: 0.999999993 0.000000007 0.000000000
JJ:/crrc/crr: 0.000000000 0.999999998 0.000000002
JJ:/crrc/r: 0.999999924 0.000000072 0.000000004
JJ:/rc/c: 0.999999977 0.000000023 0.000000000
JJ:/rc/crr: 0.000000000 0.999999992 0.000000008
JJ:/rc/r: 0.999999973 0.000000015 0.000000012
JJ:/rrc/c: 0.999999948 0.000000052 0.000000000
JJ:/rrc/crr: 0.000000000 0.999999981 0.000000019
JJ:/rrc/r: 0.999999567 0.000000405 0.000000028
JK:/cc/c: 0.006660384 0.993339616 0.000000000
JK:/cc/crr: 0.000000000 0.000000437 0.999999563
JK:/cc/r: 0.000000713 0.000000005 0.999999282
JK:/crc/c: 0.527823415 0.472176585 0.000000000
JK:/crc/crr: 0.000000000 0.000000097 0.999999903
JK:/crc/r: 0.015179417 0.000000134 0.984820449
JK:/crrc/c: 0.360823562 0.639176438 0.000000000
JK:/crrc/crr: 0.000000000 0.000000321 0.999999679
JK:/crrc/r: 0.227392937 0.000000082 0.772606981
JK:/rc/c: 0.358073358 0.641926642 0.000000000
JK:/rc/crr: 0.000000000 0.000000023 0.999999977
JK:/rc/r: 0.389178746 0.000000012 0.610821242
JK:/rrc/c: 0.999998850 0.000001150 0.000000000
JK:/rrc/crr: 0.000000000 0.000000132 0.999999868
JK:/rrc/r: 0.321508468 0.000000171 0.678491360
JQ:/cc/c: 0.063504084 0.936495916 0.000000000
JQ:/cc/crr: 0.000000000 0.000000000 1.000000000
JQ:/cc/r: 0.038868551 0.000000000 0.961131449
JQ:/crc/c: 0.362847802 0.637152198 0.000000000
JQ:/crc/crr: 0.000000000 0.000003972 0.999996028
JQ:/crc/r: 0.139841384 0.000000034 0.860158582
JQ:/crrc/c: 0.031948377 0.968051623 0.000000000
JQ:/crrc/crr: 0.000000000 0.000000861 0.999999139
JQ:/crrc/r: 0.164618445 0.000000016 0.835381539
JQ:/rc/c: 0.999975427 0.000024573 0.000000000
JQ:/rc/crr: 0.000000000 0.000000000 1.000000000
JQ:/rc/r: 0.000000035 0.000000039 0.999999926
JQ:/rrc/c: 0.000009051 0.999990949 0.000000000
JQ:/rrc/crr: 0.000000000 0.021190418 0.978809582
JQ:/rrc/r: 0.452454690 0.000000162 0.547545148
K:/c: 0.999997711 0.000002289 0.000000000
K:/crr: 0.000000000 0.999999999 0.000000001
K:/r: 0.551916586 0.448083413 0.000000001
KJ:/cc/c: 0.011188909 0.988811091 0.000000000
KJ:/cc/crr: 0.000000000 0.971079260 0.028920740
KJ:/cc/r: 0.010668108 0.007233440 0.982098452
KJ:/crc/c: 0.123015250 0.876984750 0.000000000
KJ:/crc/crr: 0.000000000 0.999999990 0.000000010
KJ:/crc/r: 0.000000145 0.774187953 0.225811902
KJ:/crrc/c: 0.294775640 0.705224360 0.000000000
KJ:/crrc/crr: 0.000000000 0.690717068 0.309282932
KJ:/crrc/r: 0.046088525 0.802968127 0.150943347
KJ:/rc/c: 0.374298909 0.625701091 0.000000000
KJ:/rc/crr: 0.000000000 0.757992125 0.242007875
KJ:/rc/r: 0.023467898 0.765124941 0.211407161
KJ:/rrc/c: 0.449206031 0.550793969 0.000000000
KJ:/rrc/crr: 0.000000000 0.999974614 0.000025386
KJ:/rrc/r: 0.037940536 0.899993333 0.062066131
KK:/cc/c: 0.993698828 0.006301172 0.000000000
KK:/cc/crr: 0.000000000 0.997722568 0.002277432
KK:/cc/r: 0.997708465 0.001887266 0.000404270
KK:/crc/c: 0.999999816 0.000000184 0.000000000
KK:/crc/crr: 0.000000000 0.999999959 0.000000041
KK:/crc/r: 0.726172439 0.273827541 0.000000020
KK:/crrc/c: 0.999999993 0.000000007 0.000000000
KK:/crrc/crr: 0.000000000 0.999999998 0.000000002
KK:/crrc/r: 0.999993609 0.000006387 0.000000004
KK:/rc/c: 0.999999973 0.000000027 0.000000000
KK:/rc/crr: 0.000000000 0.999999990 0.000000010
KK:/rc/r: 0.999999967 0.000000018 0.000000015
KK:/rrc/c: 0.999999915 0.000000085 0.000000000
KK:/rrc/crr: 0.000000000 0.999999981 0.000000019
KK:/rrc/r: 0.957518063 0.042481916 0.000000021
KQ:/cc/c: 0.004164149 0.995835851 0.000000000
KQ:/cc/crr: 0.000000000 0.791125432 0.208874568
KQ:/cc/r: 0.021427234 0.974478546 0.004094221
KQ:/crc/c: 0.320655536 0.679344464 0.000000000
KQ:/crc/crr: 0.000000000 0.063558911 0.936441089
KQ:/crc/r: 0.000000020 0.473938049 0.526061932
KQ:/crrc/c: 0.590661067 0.409338933 0.000000000
KQ:/crrc/crr: 0.000000000 0.443403402 0.556596598
KQ:/crrc/r: 0.000005745 0.795078722 0.204915533
KQ:/rc/c: 0.000025665 0.999974335 0.000000000
KQ:/rc/crr: 0.000000000 0.010437280 0.989562720
KQ:/rc/r: 0.000000191 0.346121319 0.653878490
KQ:/rrc/c: 0.484431961 0.515568039 0.000000000
KQ:/rrc/crr: 0.000000000 0.506789547 0.493210453
KQ:/rrc/r: 0.081623443 0.581966469 0.336410088
Q:/c: 0.833560383 0.166439617 0.000000000
Q:/crr: 0.000000000 0.999999974 0.000000026
Q:/r: 0.343302287 0.656697557 0.000000155
QJ:/cc/c: 0.000000445 0.999999555 0.000000000
QJ:/cc/crr: 0.000000000 0.112423998 0.887576002
QJ:/cc/r: 0.000000150 0.000000170 0.999999680
QJ:/crc/c: 0.501266549 0.498733451 0.000000000
QJ:/crc/crr: 0.000000000 0.001851048 0.998148952
QJ:/crc/r: 0.000000074 0.000000011 0.999999915
QJ:/crrc/c: 0.000000087 0.999999913 0.000000000
QJ:/crrc/crr: 0.000000000 0.242720394 0.757279606
QJ:/crrc/r: 0.020229801 0.000000000 0.979770199
QJ:/rc/c: 0.000000499 0.999999501 0.000000000
QJ:/rc/crr: 0.000000000 0.003127129 0.996872871
QJ:/rc/r: 0.020475605 0.000000014 0.979524381
QJ:/rrc/c: 0.000000305 0.999999695 0.000000000
QJ:/rrc/crr: 0.000000000 0.109614533 0.890385467
QJ:/rrc/r: 0.000000069 0.000000021 0.999999910
QK:/cc/c: 0.138998968 0.861001032 0.000000000
QK:/cc/crr: 0.000000000 0.999999968 0.000000032
QK:/cc/r: 0.000000166 0.765981074 0.234018760
QK:/crc/c: 0.239206451 0.760793549 0.000000000
QK:/crc/crr: 0.000000000 0.000018961 0.999981039
QK:/crc/r: 0.000000260 0.498626132 0.501373608
QK:/crrc/c: 0.151968050 0.848031950 0.000000000
QK:/crrc/crr: 0.000000000 0.000005565 0.999994435
QK:/crrc/r: 0.000000431 0.324001851 0.675997717
QK:/rc/c: 0.342834766 0.657165234 0.000000000
QK:/rc/crr: 0.000000000 0.000011319 0.999988681
QK:/rc/r: 0.000000022 0.346811692 0.653188286
QK:/rrc/c: 0.396195168 0.603804832 0.000000000
QK:/rrc/crr: 0.000000000 0.079991324 0.920008676
QK:/rrc/r: 0.000000055 0.564370655 0.435629289
QQ:/cc/c: 0.999999984 0.000000016 0.000000000
QQ:/cc/crr: 0.000000000 0.999999994 0.000000006
QQ:/cc/r: 0.999999736 0.000000147 0.000000117
QQ:/crc/c: 0.999999967 0.000000033 0.000000000
QQ:/crc/crr: 0.000000000 0.999999992 0.000000008
QQ:/crc/r: 0.999999963 0.000000025 0.000000012
QQ:/crrc/c: 0.999999993 0.000000007 0.000000000
QQ:/crrc/crr: 0.000000000 0.999999998 0.000000002
QQ:/crrc/r: 0.999999959 0.000000037 0.000000004
QQ:/rc/c: 0.999999988 0.000000012 0.000000000
QQ:/rc/crr: 0.000000000 0.999999998 0.000000002
QQ:/rc/r: 0.999999980 0.000000011 0.000000009
QQ:/rrc/c: 0.999999932 0.000000068 0.000000000
QQ:/rrc/crr: 0.000000000 0.999999976 0.000000024
QQ:/rrc/r: 0.999999787 0.000000178 0.000000035
