J:/c: 0.264612558 0.735387442 0.000000000
J:/crr: 0.000000000 0.999999998 0.000000002
J:/r: 0.056016540 0.151447473 0.792535986
JJ:/cc/c: 0.999999994 0.000000006 0.000000000
JJ:/cc/crr: 0.000000000 0.999999998 0.000000002
JJ:/cc/r: 0.999999984 0.000000012 0.000000004
JJ:/crc/c: 0.999999985 0.000000015 0.000000000
JJ:/crc/crr: 0.000000000 0.999999995 0.000000005
JJ:/crc/r: 0.597177671 0.402822321 0.000000007
JJ:/crrc/c: 0.999999993 0.000000007 0.000000000
JJ:/crrc/crr: 0.000000000 0.999999998 0.000000002
JJ:/crrc/r: 0.999999921 0.000000076 0.000000004
JJ:/rc/c: 0.999999976 0.000000024 0.000000000
JJ:/rc/crr: 0.000000000 0.999999992 0.000000008
JJ:/rc/r: 0.999999972 0.000000015 0.000000012
JJ:/rrc/c: 0.999999946 0.000000054 0.000000000
JJ:/rrc/crr: 0.000000000 0.999999982 0.000000018
JJ:/rrc/r: 0.999999549 0.000000423 0.000000028
JK:/cc/c: 0.006384552 0.993615448 0.000000000
JK:/cc/crr: 0.000000000 0.000000442 0.999999558
JK:/cc/r: 0.000000691 0.000000005 0.999999304
JK:/crc/c: 0.517202031 0.482797969 0.000000000
JK:/crc/crr: 0.000000000 0.000000098 0.999999902
JK:/crc/r: 0.014727625 0.000000136 0.985272239
JK:/crrc/c: 0.351064149 0.648935851 0.000000000
JK:/crrc/crr: 0.000000000 0.000000325 0.999999675
JK:/crrc/r: 0.222049066 0.000000084 0.777950850
JK:/rc/c: 0.348347792 0.651652208 0.000000000
JK:/rc/crr: 0.000000000 0.000000024 0.999999976
JK:/rc/r: 0.381912233 0.000000012 0.618087754
JK:/rrc/c: 0.999998799 0.000001201 0.000000000
JK:/rrc/crr: 0.000000000 0.000000133 0.999999867
JK:/rrc/r: 0.314854171 0.000000175 0.685145654
JQ:/cc/c: 0.061018745 0.938981255 0.000000000
JQ:/cc/crr: 0.000000000 0.000000000 1.000000000
JQ:/cc/r: 0.037738708 0.000000000 0.962261292
JQ:/crc/c: 0.353063880 0.646936120 0.000000000
JQ:/crc/crr: 0.000000000 0.000004020 0.999995980
JQ:/crc/r: 0.136192336 0.000000035 0.863807629
JQ:/crrc/c: 0.030657594 0.969342406 0.000000000
JQ:/crrc/crr: 0.000000000 0.000000871 0.999999129
JQ:/crrc/r: 0.160443457 0.000000016 0.839556527
JQ:/rc/c: 0.999974358 0.000025642 0.000000000
JQ:/rc/crr: 0.000000000 0.000000000 1.000000000
JQ:/rc/r: 0.000000034 0.000000040 0.999999926
JQ:/rrc/c: 0.000008674 0.999991326 0.000000000
JQ:/rrc/crr: 0.000000000 0.021438641 0.978561359
JQ:/rrc/r: 0.444867188 0.000000167 0.555132645
K:/c: 0.999997612 0.000002388 0.000000000
K:/crr: 0.000000000 0.999999999 0.000000001
K:/r: 0.541366245 0.458633755 0.000000001
KJ:/cc/c: 0.010727559 0.989272441 0.000000000
KJ:/cc/crr: 0.000000000 0.971411582 0.028588418
KJ:/cc/r: 0.010348281 0.007321754 0.982329965
KJ:/crc/c: 0.118495540 0.881504460 0.000000000
KJ:/crc/crr: 0.000000000 0.999999990 0.000000010
KJ:/crc/r: 0.000000139 0.776261441 0.223738420
KJ:/crrc/c: 0.286003312 0.713996688 0.000000000
KJ:/crrc/crr: 0.000000000 0.693253327 0.306746673
KJ:/crrc/r: 0.044331873 0.805955374 0.149712753
KJ:/rc/c: 0.364382801 0.635617199 0.000000000
KJ:/rc/crr: 0.000000000 0.760168255 0.239831745
KJ:/rc/r: 0.022568269 0.767795998 0.209635733
KJ:/rrc/c: 0.438696819 0.561303181 0.000000000
KJ:/rrc/crr: 0.000000000 0.999974914 0.000025086
KJ:/rrc/r: 0.036443564 0.902082136 0.061474301
KK:/cc/c: 0.993426574 0.006573426 0.000000000
KK:/cc/crr: 0.000000000 0.997749447 0.002250553
KK:/cc/r: 0.997614015 0.001969162 0.000416823
KK:/crc/c: 0.999999808 0.000000192 0.000000000
KK:/crc/crr: 0.000000000 0.999999959 0.000000041
KK:/crc/r: 0.717625872 0.282374108 0.000000021
KK:/crrc/c: 0.999999993 0.000000007 0.000000000
KK:/crrc/crr: 0.000000000 0.999999998 0.000000002
KK:/crrc/r: 0.999993331 0.000006665 0.000000004
KK:/rc/c: 0.999999972 0.000000028 0.000000000
KK:/rc/crr: 0.000000000 0.999999990 0.000000010
KK:/rc/r: 0.999999966 0.000000019 0.000000015
KK:/rrc/c: 0.999999911 0.000000089 0.000000000
KK:/rrc/crr: 0.000000000 0.999999981 0.000000019
KK:/rrc/r: 0.955752163 0.044247815 0.000000022
KQ:/cc/c: 0.003991280 0.996008720 0.000000000
KQ:/cc/crr: 0.000000000 0.793084958 0.206915042
KQ:/cc/r: 0.020553499 0.975396897 0.004049603
KQ:/crc/c: 0.311453175 0.688546825 0.000000000
KQ:/crc/crr: 0.000000000 0.064270846 0.935729154
KQ:/crc/r: 0.000000019 0.476905715 0.523094266
KQ:/crrc/c: 0.580329313 0.419670687 0.000000000
KQ:/crrc/crr: 0.000000000 0.446342094 0.553657906
KQ:/crrc/r: 0.000005519 0.797010813 0.202983668
KQ:/rc/c: 0.000024595 0.999975405 0.000000000
KQ:/rc/crr: 0.000000000 0.010560900 0.989439100
KQ:/rc/r: 0.000000185 0.348819330 0.651180485
KQ:/rrc/c: 0.473807560 0.526192440 0.000000000
KQ:/rrc/crr: 0.000000000 0.509763587 0.490236413
KQ:/rrc/r: 0.078803063 0.586294160 0.334902777
Q:/c: 0.827569681 0.172430319 0.000000000
Q:/crr: 0.000000000 0.999999974 0.000000026
Q:/r: 0.333769315 0.666230530 0.000000156
QJ:/cc/c: 0.000000426 0.999999574 0.000000000
QJ:/cc/crr: 0.000000000 0.113616871 0.886383129
QJ:/cc/r: 0.000000146 0.000000172 0.999999682
QJ:/crc/c: 0.490624286 0.509375714 0.000000000
QJ:/crc/crr: 0.000000000 0.001873164 0.998126836
QJ:/crc/r: 0.000000072 0.000000011 0.999999917
QJ:/crrc/c: 0.000000083 0.999999917 0.000000000
QJ:/crrc/crr: 0.000000000 0.244914290 0.755085710
QJ:/crrc/r: 0.019630688 0.000000000 0.980369312
QJ:/rc/c: 0.000000479 0.999999521 0.000000000
QJ:/rc/crr: 0.000000000 0.003164444 0.996835556
QJ:/rc/r: 0.019869361 0.000000014 0.980130625
QJ:/rrc/c: 0.000000292 0.999999708 0.000000000
QJ:/rrc/crr: 0.000000000 0.110781316 0.889218684
QJ:/rrc/r: 0.000000066 0.000000021 0.999999912
QK:/cc/c: 0.133981719 0.866018281 0.000000000
QK:/cc/crr: 0.000000000 0.999999968 0.000000032
QK:/cc/r: 0.000000159 0.768107349 0.231892492
QK:/crc/c: 0.231544869 0.768455131 0.000000000
QK:/crc/crr: 0.000000000 0.000019188 0.999980812
QK:/crc/r: 0.000000251 0.501600990 0.498398759
QK:/crrc/c: 0.146562360 0.853437640 0.000000000
QK:/crrc/crr: 0.000000000 0.000005632 0.999994368
QK:/crrc/r: 0.000000417 0.326613568 0.673386015
QK:/rc/c: 0.333308186 0.666691814 0.000000000
QK:/rc/crr: 0.000000000 0.000011455 0.999988545
QK:/rc/r: 0.000000022 0.349512206 0.650487772
QK:/rrc/c: 0.386056886 0.613943114 0.000000000
QK:/rrc/crr: 0.000000000 0.080871426 0.919128574
QK:/rrc/r: 0.000000053 0.567293940 0.432706007
QQ:/cc/c: 0.999999983 0.000000017 0.000000000
QQ:/cc/crr: 0.000000000 0.999999994 0.000000006
QQ:/cc/r: 0.999999726 0.000000153 0.000000120
QQ:/crc/c: 0.999999966 0.000000034 0.000000000
QQ:/crc/crr: 0.000000000 0.999999992 0.000000008
QQ:/crc/r: 0.999999962 0.000000026 0.000000012
QQ:/crrc/c: 0.999999993 0.000000007 0.000000000
QQ:/crrc/crr: 0.000000000 0.999999998 0.000000002
QQ:/crrc/r: 0.999999957 0.000000039 0.000000004
QQ:/rc/c: 0.999999987 0.000000013 0.000000000
QQ:/rc/crr: 0.000000000 0.999999998 0.000000002
QQ:/rc/r: 0.999999979 0.000000012 0.000000009
QQ:/rrc/c: 0.999999929 0.000000071 0.000000000
QQ:/rrc/crr: 0.000000000 0.999999976 0.000000024
QQ:/rrc/r: 0.999999779 0.000000185 0.000000036
