J:/c: 0.417435936 0.582564064 0.000000000
J:/crr: 0.000000000 0.999999995 0.000000005
J:/r: 0.056325917 0.076471942 0.867202141
JJ:/cc/c: 0.999999997 0.000000003 0.000000000
JJ:/cc/crr: 0.000000000 0.999999995 0.000000005
JJ:/cc/r: 0.999999990 0.000000006 0.000000004
JJ:/crc/c: 0.999999992 0.000000008 0.000000000
JJ:/crc/crr: 0.000000000 0.999999990 0.000000010
JJ:/crc/r: 0.746974688 0.253025302 0.000000010
JJ:/crrc/c: 0.999999996 0.000000004 0.000000000
JJ:/crrc/crr: 0.000000000 0.999999995 0.000000005
JJ:/crrc/r: 0.999999958 0.000000038 0.000000004
JJ:/rc/c: 0.999999988 0.000000012 0.000000000
JJ:/rc/crr: 0.000000000 0.999999983 0.000000017
JJ:/rc/r: 0.999999979 0.000000008 0.000000013
JJ:/rrc/c: 0.999999973 0.000000027 0.000000000
JJ:/rrc/crr: 0.000000000 0.999999960 0.000000040
JJ:/rrc/r: 0.999999757 0.000000212 0.000000031
JK:/cc/c: 0.012634038 0.987365962 0.000000000
JK:/cc/crr: 0.000000000 0.000000204 0.999999796
JK:/cc/r: 0.000000635 0.000000002 0.999999362
JK:/crc/c: 0.680845044 0.319154956 0.000000000
JK:/crc/crr: 0.000000000 0.000000045 0.999999955
JK:/crc/r: 0.013550088 0.000000063 0.986449849
JK:/crrc/c: 0.518605856 0.481394144 0.000000000
JK:/crrc/crr: 0.000000000 0.000000150 0.999999850
JK:/crrc/r: 0.207791169 0.000000039 0.792208792
JK:/rc/c: 0.515623186 0.484376814 0.000000000
JK:/rc/crr: 0.000000000 0.000000011 0.999999989
JK:/rc/r: 0.362168157 0.000000006 0.637831838
JK:/rrc/c: 0.999999397 0.000000603 0.000000000
JK:/rrc/crr: 0.000000000 0.000000062 0.999999938
JK:/rrc/r: 0.296911551 0.000000083 0.703088366
JQ:/cc/c: 0.114579711 0.885420289 0.000000000
JQ:/cc/crr: 0.000000000 0.000000000 1.000000000
JQ:/cc/r: 0.034786292 0.000000000 0.965213708
JQ:/crc/c: 0.520794038 0.479205962 0.000000000
JQ:/crc/crr: 0.000000000 0.000001855 0.999998145
JQ:/crc/r: 0.126550551 0.000000016 0.873449433
JQ:/crrc/c: 0.059249824 0.940750176 0.000000000
JQ:/crrc/crr: 0.000000000 0.000000402 0.999999598
JQ:/crrc/r: 0.149381708 0.000000008 0.850618284
JQ:/rc/c: 0.999987123 0.000012877 0.000000000
JQ:/rc/crr: 0.000000000 0.000000000 1.000000000
JQ:/rc/r: 0.000000031 0.000000018 0.999999951
JQ:/rrc/c: 0.000017273 0.999982727 0.000000000
JQ:/rrc/crr: 0.000000000 0.010008737 0.989991263
JQ:/rrc/r: 0.424101682 0.000000080 0.575898238
K:/c: 0.999998801 0.000001199 0.000000000
K:/crr: 0.000000000 0.999999998 0.000000002
K:/r: 0.701545185 0.298454814 0.000000001
KJ:/cc/c: 0.021137737 0.978862263 0.000000000
KJ:/cc/crr: 0.000000000 0.940048718 0.059951282
KJ:/cc/r: 0.009555216 0.003394967 0.987049817
KJ:/crc/c: 0.211162556 0.788837444 0.000000000
KJ:/crc/crr: 0.000000000 0.999999979 0.000000021
KJ:/crc/r: 0.000000220 0.615540446 0.384459334
KJ:/crrc/c: 0.443726370 0.556273630 0.000000000
KJ:/crrc/crr: 0.000000000 0.510504481 0.489495519
KJ:/crrc/r: 0.072440819 0.661342398 0.266216783
KJ:/rc/c: 0.533059492 0.466940508 0.000000000
KJ:/rc/crr: 0.000000000 0.593934133 0.406065867
KJ:/rc/r: 0.035470424 0.605985286 0.358544290
KJ:/rrc/c: 0.608823627 0.391176373 0.000000000
KJ:/rrc/crr: 0.000000000 0.999945640 0.000054360
KJ:/rrc/r: 0.065506415 0.814248884 0.120244701
KK:/cc/c: 0.996688205 0.003311795 0.000000000
KK:/cc/crr: 0.000000000 0.995135800 0.004864200
KK:/cc/r: 0.998556203 0.000989782 0.000454016
KK:/crc/c: 0.999999903 0.000000097 0.000000000
KK:/crc/crr: 0.000000000 0.999999911 0.000000089
KK:/crc/r: 0.835007143 0.164992831 0.000000026
KK:/crrc/c: 0.999999996 0.000000004 0.000000000
KK:/crrc/crr: 0.000000000 0.999999995 0.000000005
KK:/crrc/r: 0.999996649 0.000003347 0.000000004
KK:/rc/c: 0.999999986 0.000000014 0.000000000
KK:/rc/crr: 0.000000000 0.999999979 0.000000021
KK:/rc/r: 0.999999974 0.000000009 0.000000016
KK:/rrc/c: 0.999999956 0.000000044 0.000000000
KK:/rrc/crr: 0.000000000 0.999999958 0.000000042
KK:/rrc/r: 0.977279704 0.022720272 0.000000024
KQ:/cc/c: 0.007916789 0.992083211 0.000000000
KQ:/cc/crr: 0.000000000 0.638826149 0.361173851
KQ:/cc/r: 0.039927358 0.951511994 0.008560648
KQ:/crc/c: 0.473895853 0.526104147 0.000000000
KQ:/crc/crr: 0.000000000 0.030722100 0.969277900
KQ:/crc/r: 0.000000024 0.296130643 0.703869334
KQ:/crrc/c: 0.733596702 0.266403298 0.000000000
KQ:/crrc/crr: 0.000000000 0.271147100 0.728852900
KQ:/crrc/r: 0.000008885 0.644366877 0.355624238
KQ:/rc/c: 0.000048976 0.999951024 0.000000000
KQ:/rc/crr: 0.000000000 0.004901362 0.995098638
KQ:/rc/r: 0.000000209 0.198200070 0.801799721
KQ:/rrc/c: 0.641977393 0.358022607 0.000000000
KQ:/rrc/crr: 0.000000000 0.324254062 0.675745938
KQ:/rrc/r: 0.106828096 0.399122360 0.494049544
Q:/c: 0.905280317 0.094719683 0.000000000
Q:/crr: 0.000000000 0.999999944 0.000000056
Q:/r: 0.499409133 0.500590614 0.000000254
QJ:/cc/c: 0.000000849 0.999999151 0.000000000
QJ:/cc/crr: 0.000000000 0.055847317 0.944152683
QJ:/cc/r: 0.000000134 0.000000079 0.999999787
QJ:/crc/c: 0.657306836 0.342693164 0.000000000
QJ:/crc/crr: 0.000000000 0.000865273 0.999134727
QJ:/crc/r: 0.000000066 0.000000005 0.999999929
QJ:/crrc/c: 0.000000165 0.999999835 0.000000000
QJ:/crrc/crr: 0.000000000 0.130190882 0.869809118
QJ:/crrc/r: 0.018068318 0.000000000 0.981931682
QJ:/rc/c: 0.000000953 0.999999047 0.000000000
QJ:/rc/crr: 0.000000000 0.001462773 0.998537227
QJ:/rc/r: 0.018288350 0.000000006 0.981711644
QJ:/rrc/c: 0.000000582 0.999999418 0.000000000
QJ:/rrc/crr: 0.000000000 0.054365097 0.945634903
QJ:/rrc/r: 0.000000061 0.000000010 0.999999929
QK:/cc/c: 0.235523616 0.764476384 0.000000000
QK:/cc/crr: 0.000000000 0.999999930 0.000000070
QK:/cc/r: 0.000000250 0.604513145 0.395486605
QK:/crc/c: 0.375009334 0.624990666 0.000000000
QK:/crc/crr: 0.000000000 0.000008854 0.999991146
QK:/crc/r: 0.000000316 0.317140310 0.682859374
QK:/crrc/c: 0.254833221 0.745166779 0.000000000
QK:/crrc/crr: 0.000000000 0.000002599 0.999997401
QK:/crrc/r: 0.000000465 0.182889720 0.817109816
QK:/rc/c: 0.498890592 0.501109408 0.000000000
QK:/rc/crr: 0.000000000 0.000005286 0.999994714
QK:/rc/r: 0.000000024 0.198685046 0.801314929
QK:/rrc/c: 0.555990479 0.444009521 0.000000000
QK:/rrc/crr: 0.000000000 0.039018675 0.960981325
QK:/rrc/r: 0.000000071 0.376946248 0.623053682
QQ:/cc/c: 0.999999992 0.000000008 0.000000000
QQ:/cc/crr: 0.000000000 0.999999988 0.000000012
QQ:/cc/r: 0.999999792 0.000000077 0.000000131
QQ:/crc/c: 0.999999983 0.000000017 0.000000000
QQ:/crc/crr: 0.000000000 0.999999983 0.000000017
QQ:/crc/r: 0.999999974 0.000000013 0.000000013
QQ:/crrc/c: 0.999999996 0.000000004 0.000000000
QQ:/crrc/crr: 0.000000000 0.999999995 0.000000005
QQ:/crrc/r: 0.999999976 0.000000020 0.000000004
QQ:/rc/c: 0.999999993 0.000000007 0.000000000
QQ:/rc/crr: 0.000000000 0.999999995 0.000000005
QQ:/rc/r: 0.999999984 0.000000006 0.000000010
QQ:/rrc/c: 0.999999964 0.000000036 0.000000000
QQ:/rrc/crr: 0.000000000 0.999999948 0.000000052
QQ:/rrc/r: 0.999999868 0.000000093 0.000000039
