J:/c: 0.315716260 0.684283740 0.000000000
J:/crr: 0.000000000 0.999999996 0.000000004
J:/r: 0.051788058 0.109196542 0.839015400
JJ:/cc/c: 0.999999995 0.000000005 0.000000000
JJ:/cc/crr: 0.000000000 0.999999996 0.000000004
JJ:/cc/r: 0.999999986 0.000000009 0.000000004
JJ:/crc/c: 0.999999988 0.000000012 0.000000000
JJ:/crc/crr: 0.000000000 0.999999993 0.000000007
JJ:/crc/r: 0.655277960 0.344722031 0.000000009
JJ:/crrc/c: 0.999999994 0.000000006 0.000000000
JJ:/crrc/crr: 0.000000000 0.999999996 0.000000004
JJ:/crrc/r: 0.999999937 0.000000059 0.000000004
JJ:/rc/c: 0.999999982 0.000000018 0.000000000
JJ:/rc/crr: 0.000000000 0.999999988 0.000000012
JJ:/rc/r: 0.999999974 0.000000012 0.000000014
JJ:/rrc/c: 0.999999958 0.000000042 0.000000000
JJ:/rrc/crr: 0.000000000 0.999999973 0.000000027
JJ:/rrc/r: 0.999999638 0.000000330 0.000000033
JK:/cc/c: 0.008171750 0.991828250 0.000000000
JK:/cc/crr: 0.000000000 0.000000301 0.999999699
JK:/cc/r: 0.000000604 0.000000003 0.999999393
JK:/crc/c: 0.578699580 0.421300420 0.000000000
JK:/crc/crr: 0.000000000 0.000000067 0.999999933
JK:/crc/r: 0.012885649 0.000000093 0.987114258
JK:/crrc/c: 0.409565255 0.590434745 0.000000000
JK:/crrc/crr: 0.000000000 0.000000221 0.999999779
JK:/crrc/r: 0.199528535 0.000000059 0.800471406
JK:/rc/c: 0.406679917 0.593320083 0.000000000
JK:/rc/crr: 0.000000000 0.000000016 0.999999984
JK:/rc/r: 0.350482681 0.000000009 0.649517311
JK:/rrc/c: 0.999999064 0.000000936 0.000000000
JK:/rrc/crr: 0.000000000 0.000000091 0.999999909
JK:/rrc/r: 0.286386210 0.000000124 0.713613666
JQ:/cc/c: 0.076915570 0.923084430 0.000000000
JQ:/cc/crr: 0.000000000 0.000000000 1.000000000
JQ:/cc/r: 0.033115478 0.000000000 0.966884522
JQ:/crc/c: 0.411686816 0.588313184 0.000000000
JQ:/crc/crr: 0.000000000 0.000002738 0.999997262
JQ:/crc/r: 0.121024866 0.000000024 0.878975110
JQ:/crrc/c: 0.038972922 0.961027078 0.000000000
JQ:/crrc/crr: 0.000000000 0.000000593 0.999999407
JQ:/crrc/r: 0.143022364 0.000000011 0.856977624
JQ:/rc/c: 0.999980002 0.000019998 0.000000000
JQ:/rc/crr: 0.000000000 0.000000000 1.000000000
JQ:/rc/r: 0.000000029 0.000000027 0.999999943
JQ:/rrc/c: 0.000011122 0.999988878 0.000000000
JQ:/rrc/crr: 0.000000000 0.014701876 0.985298124
JQ:/rrc/r: 0.411707752 0.000000120 0.588292127
K:/c: 0.999998191 0.000001809 0.000000000
K:/crr: 0.000000000 0.999999999 0.000000001
K:/r: 0.609100345 0.390899653 0.000000001
KJ:/cc/c: 0.014112718 0.985887282 0.000000000
KJ:/cc/crr: 0.000000000 0.959033497 0.040966503
KJ:/cc/r: 0.009441837 0.005060635 0.985497528
KJ:/crc/c: 0.150707004 0.849292996 0.000000000
KJ:/crc/crr: 0.000000000 0.999999986 0.000000014
KJ:/crc/r: 0.000000167 0.705043976 0.294955856
KJ:/crrc/c: 0.345882733 0.654117267 0.000000000
KJ:/crrc/crr: 0.000000000 0.608925047 0.391074953
KJ:/crrc/r: 0.054097273 0.745026775 0.200875952
KJ:/rc/c: 0.430771672 0.569228328 0.000000000
KJ:/rc/crr: 0.000000000 0.685900958 0.314099042
KJ:/rc/r: 0.027037536 0.696813103 0.276149361
KJ:/rrc/c: 0.507808228 0.492191772 0.000000000
KJ:/rrc/crr: 0.000000000 0.999963589 0.000036411
KJ:/rrc/r: 0.046283778 0.867871931 0.085844292
KK:/cc/c: 0.995012463 0.004987537 0.000000000
KK:/cc/crr: 0.000000000 0.996736704 0.003263296
KK:/cc/r: 0.998049132 0.001492356 0.000458512
KK:/crc/c: 0.999999854 0.000000146 0.000000000
KK:/crc/crr: 0.000000000 0.999999941 0.000000059
KK:/crc/r: 0.770370340 0.229629635 0.000000025
KK:/crrc/c: 0.999999995 0.000000005 0.000000000
KK:/crrc/crr: 0.000000000 0.999999997 0.000000003
KK:/crrc/r: 0.999994947 0.000005049 0.000000004
KK:/rc/c: 0.999999979 0.000000021 0.000000000
KK:/rc/crr: 0.000000000 0.999999986 0.000000014
KK:/rc/r: 0.999999969 0.000000014 0.000000017
KK:/rrc/c: 0.999999933 0.000000067 0.000000000
KK:/rrc/crr: 0.000000000 0.999999972 0.000000028
KK:/rrc/r: 0.966117278 0.033882698 0.000000024
KQ:/cc/c: 0.005262064 0.994737936 0.000000000
KQ:/cc/crr: 0.000000000 0.725327693 0.274672307
KQ:/cc/r: 0.026905952 0.967265171 0.005828877
KQ:/crc/c: 0.373870851 0.626129149 0.000000000
KQ:/crc/crr: 0.000000000 0.045183066 0.954816934
KQ:/crc/r: 0.000000020 0.385795568 0.614204411
KQ:/crrc/c: 0.646071093 0.353928907 0.000000000
KQ:/crrc/crr: 0.000000000 0.357085014 0.642914986
KQ:/crrc/r: 0.000006674 0.730102109 0.269891217
KQ:/rc/c: 0.000032467 0.999967533 0.000000000
KQ:/rc/crr: 0.000000000 0.007299980 0.992700020
KQ:/rc/r: 0.000000189 0.269569017 0.730430794
KQ:/rrc/c: 0.543098366 0.456901634 0.000000000
KQ:/rrc/crr: 0.000000000 0.417384890 0.582615110
KQ:/rrc/r: 0.088425699 0.498370778 0.413203523
Q:/c: 0.863678931 0.136321069 0.000000000
Q:/crr: 0.000000000 0.999999963 0.000000037
Q:/r: 0.398073681 0.601926115 0.000000204
QJ:/cc/c: 0.000000562 0.999999438 0.000000000
QJ:/cc/crr: 0.000000000 0.081144707 0.918855293
QJ:/cc/r: 0.000000132 0.000000118 0.999999749
QJ:/crc/c: 0.559758212 0.440241788 0.000000000
QJ:/crc/crr: 0.000000000 0.001291281 0.998708719
QJ:/crc/r: 0.000000065 0.000000008 0.999999927
QJ:/crrc/c: 0.000000110 0.999999890 0.000000000
QJ:/crrc/crr: 0.000000000 0.182649313 0.817350687
QJ:/crrc/r: 0.017885379 0.000000000 0.982114621
QJ:/rc/c: 0.000000632 0.999999368 0.000000000
QJ:/rc/crr: 0.000000000 0.002182312 0.997817688
QJ:/rc/r: 0.018103224 0.000000009 0.981896767
QJ:/rrc/c: 0.000000386 0.999999614 0.000000000
QJ:/rrc/crr: 0.000000000 0.079047293 0.920952707
QJ:/rrc/r: 0.000000060 0.000000015 0.999999925
QK:/cc/c: 0.169592989 0.830407011 0.000000000
QK:/cc/crr: 0.000000000 0.999999953 0.000000047
QK:/cc/r: 0.000000190 0.695313133 0.304686677
QK:/crc/c: 0.284566757 0.715433243 0.000000000
QK:/crc/crr: 0.000000000 0.000013219 0.999986781
QK:/crc/r: 0.000000271 0.409466017 0.590533713
QK:/crrc/c: 0.184803907 0.815196093 0.000000000
QK:/crrc/crr: 0.000000000 0.000003880 0.999996120
QK:/crrc/r: 0.000000422 0.250467806 0.749531772
QK:/rc/c: 0.397576753 0.602423247 0.000000000
QK:/rc/crr: 0.000000000 0.000007892 0.999992108
QK:/rc/r: 0.000000022 0.270169782 0.729830196
QK:/rrc/c: 0.453576726 0.546423274 0.000000000
QK:/rrc/crr: 0.000000000 0.057154583 0.942845417
QK:/rrc/r: 0.000000059 0.474582339 0.525417602
QQ:/cc/c: 0.999999987 0.000000013 0.000000000
QQ:/cc/crr: 0.000000000 0.999999992 0.000000008
QQ:/cc/r: 0.999999751 0.000000116 0.000000132
QQ:/crc/c: 0.999999974 0.000000026 0.000000000
QQ:/crc/crr: 0.000000000 0.999999988 0.000000012
QQ:/crc/r: 0.999999967 0.000000020 0.000000014
QQ:/crrc/c: 0.999999995 0.000000005 0.000000000
QQ:/crrc/crr: 0.000000000 0.999999997 0.000000003
QQ:/crrc/r: 0.999999966 0.000000030 0.000000004
QQ:/rc/c: 0.999999990 0.000000010 0.000000000
QQ:/rc/crr: 0.000000000 0.999999997 0.000000003
QQ:/rc/r: 0.999999981 0.000000009 0.000000010
QQ:/rrc/c: 0.999999946 0.000000054 0.000000000
QQ:/rrc/crr: 0.000000000 0.999999965 0.000000035
QQ:/rrc/r: 0.999999820 0.000000140 0.000000040
