J:/c: 0.373950146 0.626049854 0.000000000
J:/crr: 0.000000000 0.999999996 0.000000004
J:/r: 0.056670358 0.092297760 0.851031882
JJ:/cc/c: 0.999999996 0.000000004 0.000000000
JJ:/cc/crr: 0.000000000 0.999999996 0.000000004
JJ:/cc/r: 0.999999989 0.000000007 0.000000004
JJ:/crc/c: 0.999999991 0.000000009 0.000000000
JJ:/crc/crr: 0.000000000 0.999999992 0.000000008
JJ:/crc/r: 0.711060940 0.288939051 0.000000009
JJ:/crrc/c: 0.999999996 0.000000004 0.000000000
JJ:/crrc/crr: 0.000000000 0.999999996 0.000000004
JJ:/crrc/r: 0.999999950 0.000000046 0.000000004
JJ:/rc/c: 0.999999986 0.000000014 0.000000000
JJ:/rc/crr: 0.000000000 0.999999986 0.000000014
JJ:/rc/r: 0.999999978 0.000000009 0.000000013
JJ:/rrc/c: 0.999999967 0.000000033 0.000000000
JJ:/rrc/crr: 0.000000000 0.999999967 0.000000033
JJ:/rrc/r: 0.999999715 0.000000255 0.000000030
JK:/cc/c: 0.010553944 0.989446056 0.000000000
JK:/cc/crr: 0.000000000 0.000000251 0.999999749
JK:/cc/r: 0.000000651 0.000000003 0.999999346
JK:/crc/c: 0.640067829 0.359932171 0.000000000
JK:/crc/crr: 0.000000000 0.000000056 0.999999944
JK:/crc/r: 0.013887237 0.000000077 0.986112685
JK:/crrc/c: 0.473140472 0.526859528 0.000000000
JK:/crrc/crr: 0.000000000 0.000000185 0.999999815
JK:/crrc/r: 0.211923061 0.000000048 0.788076891
JK:/rc/c: 0.470163901 0.529836099 0.000000000
JK:/rc/crr: 0.000000000 0.000000013 0.999999987
JK:/rc/r: 0.367944050 0.000000007 0.632055943
JK:/rrc/c: 0.999999277 0.000000723 0.000000000
JK:/rrc/crr: 0.000000000 0.000000076 0.999999924
JK:/rrc/r: 0.302139707 0.000000101 0.697860192
JQ:/cc/c: 0.097370302 0.902629698 0.000000000
JQ:/cc/crr: 0.000000000 0.000000000 1.000000000
JQ:/cc/r: 0.035632747 0.000000000 0.964367253
JQ:/crc/c: 0.475326236 0.524673764 0.000000000
JQ:/crc/crr: 0.000000000 0.000002281 0.999997719
JQ:/crc/r: 0.129330716 0.000000020 0.870669264
JQ:/crrc/c: 0.049882556 0.950117444 0.000000000
JQ:/crrc/crr: 0.000000000 0.000000494 0.999999506
JQ:/crrc/r: 0.152575831 0.000000009 0.847424159
JQ:/rc/c: 0.999984553 0.000015447 0.000000000
JQ:/rc/crr: 0.000000000 0.000000000 1.000000000
JQ:/rc/r: 0.000000032 0.000000023 0.999999946
JQ:/rrc/c: 0.000014399 0.999985601 0.000000000
JQ:/rrc/crr: 0.000000000 0.012281312 0.987718688
JQ:/rrc/r: 0.430199101 0.000000097 0.569800802
K:/c: 0.999998561 0.000001439 0.000000000
K:/crr: 0.000000000 0.999999999 0.000000001
K:/r: 0.662100158 0.337899840 0.000000001
KJ:/cc/c: 0.017682651 0.982317349 0.000000000
KJ:/cc/crr: 0.000000000 0.950702036 0.049297964
KJ:/cc/r: 0.009786317 0.004171149 0.986042534
KJ:/crc/c: 0.182435745 0.817564255 0.000000000
KJ:/crc/crr: 0.000000000 0.999999983 0.000000017
KJ:/crc/r: 0.000000198 0.663198481 0.336801322
KJ:/crrc/c: 0.399379387 0.600620613 0.000000000
KJ:/crrc/crr: 0.000000000 0.561916216 0.438083784
KJ:/crrc/r: 0.064365464 0.704915842 0.230718694
KJ:/rc/c: 0.487610471 0.512389529 0.000000000
KJ:/rc/crr: 0.000000000 0.642715897 0.357284103
KJ:/rc/r: 0.031893886 0.653648825 0.314457289
KJ:/rrc/c: 0.564727399 0.435272601 0.000000000
KJ:/rrc/crr: 0.000000000 0.999955800 0.000044200
KJ:/rrc/r: 0.056491709 0.842363241 0.101145050
KK:/cc/c: 0.996029751 0.003970249 0.000000000
KK:/cc/crr: 0.000000000 0.996041388 0.003958612
KK:/cc/r: 0.998370106 0.001187134 0.000442759
KK:/crc/c: 0.999999884 0.000000116 0.000000000
KK:/crc/crr: 0.000000000 0.999999928 0.000000072
KK:/crc/r: 0.808383204 0.191616771 0.000000025
KK:/crrc/c: 0.999999996 0.000000004 0.000000000
KK:/crrc/crr: 0.000000000 0.999999996 0.000000004
KK:/crrc/r: 0.999995981 0.000004015 0.000000004
KK:/rc/c: 0.999999983 0.000000017 0.000000000
KK:/rc/crr: 0.000000000 0.999999983 0.000000017
KK:/rc/r: 0.999999973 0.000000011 0.000000016
KK:/rrc/c: 0.999999947 0.000000053 0.000000000
KK:/rrc/crr: 0.000000000 0.999999966 0.000000034
KK:/rrc/r: 0.972867485 0.027132492 0.000000023
KQ:/cc/c: 0.006608155 0.993391845 0.000000000
KQ:/cc/crr: 0.000000000 0.685074481 0.314925519
KQ:/cc/r: 0.033560186 0.959421412 0.007018402
KQ:/crc/c: 0.428858232 0.571141768 0.000000000
KQ:/crc/crr: 0.000000000 0.037519586 0.962480414
KQ:/crc/r: 0.000000023 0.340992692 0.659007285
KQ:/crrc/c: 0.696555482 0.303444518 0.000000000
KQ:/crrc/crr: 0.000000000 0.313912265 0.686087735
KQ:/crrc/r: 0.000007934 0.690249596 0.309742470
KQ:/rc/c: 0.000040827 0.999959173 0.000000000
KQ:/rc/crr: 0.000000000 0.006021313 0.993978687
KQ:/rc/r: 0.000000205 0.233140260 0.766859535
KQ:/rrc/c: 0.599157882 0.400842118 0.000000000
KQ:/rrc/crr: 0.000000000 0.371130186 0.628869814
KQ:/rrc/r: 0.100072116 0.448512972 0.451414912
Q:/c: 0.888481504 0.111518496 0.000000000
Q:/crr: 0.000000000 0.999999955 0.000000045
Q:/r: 0.454039404 0.545960372 0.000000225
QJ:/cc/c: 0.000000707 0.999999293 0.000000000
QJ:/cc/crr: 0.000000000 0.067814996 0.932185004
QJ:/cc/r: 0.000000137 0.000000098 0.999999765
QJ:/crc/c: 0.615221853 0.384778147 0.000000000
QJ:/crc/crr: 0.000000000 0.001063972 0.998936028
QJ:/crc/r: 0.000000068 0.000000006 0.999999926
QJ:/crrc/c: 0.000000138 0.999999862 0.000000000
QJ:/crrc/crr: 0.000000000 0.155466567 0.844533433
QJ:/crrc/r: 0.018515779 0.000000000 0.981484221
QJ:/rc/c: 0.000000795 0.999999205 0.000000000
QJ:/rc/crr: 0.000000000 0.001798433 0.998201567
QJ:/rc/r: 0.018741155 0.000000008 0.981258837
QJ:/rrc/c: 0.000000485 0.999999515 0.000000000
QJ:/rrc/crr: 0.000000000 0.066037364 0.933962636
QJ:/rrc/r: 0.000000063 0.000000012 0.999999925
QK:/cc/c: 0.204341186 0.795658814 0.000000000
QK:/cc/crr: 0.000000000 0.999999943 0.000000057
QK:/cc/r: 0.000000225 0.652767021 0.347232754
QK:/crc/c: 0.333413769 0.666586231 0.000000000
QK:/crc/crr: 0.000000000 0.000010890 0.999989110
QK:/crc/r: 0.000000302 0.363541292 0.636458406
QK:/crrc/c: 0.221836125 0.778163875 0.000000000
QK:/crrc/crr: 0.000000000 0.000003196 0.999996804
QK:/crrc/r: 0.000000457 0.215857505 0.784142037
QK:/rc/c: 0.453525269 0.546474731 0.000000000
QK:/rc/crr: 0.000000000 0.000006501 0.999993499
QK:/rc/r: 0.000000024 0.233685814 0.766314162
QK:/rrc/c: 0.510724785 0.489275215 0.000000000
QK:/rrc/crr: 0.000000000 0.047561763 0.952438237
QK:/rrc/r: 0.000000067 0.426630581 0.573369352
QQ:/cc/c: 0.999999990 0.000000010 0.000000000
QQ:/cc/crr: 0.000000000 0.999999990 0.000000010
QQ:/cc/r: 0.999999780 0.000000092 0.000000128
QQ:/crc/c: 0.999999979 0.000000021 0.000000000
QQ:/crc/crr: 0.000000000 0.999999986 0.000000014
QQ:/crc/r: 0.999999971 0.000000016 0.000000013
QQ:/crrc/c: 0.999999996 0.000000004 0.000000000
QQ:/crrc/crr: 0.000000000 0.999999996 0.000000004
QQ:/crrc/r: 0.999999973 0.000000023 0.000000004
QQ:/rc/c: 0.999999992 0.000000008 0.000000000
QQ:/rc/crr: 0.000000000 0.999999996 0.000000004
QQ:/rc/r: 0.999999983 0.000000007 0.000000010
QQ:/rrc/c: 0.999999957 0.000000043 0.000000000
QQ:/rrc/crr: 0.000000000 0.999999958 0.000000042
QQ:/rrc/r: 0.999999850 0.000000112 0.000000038
