J:/c: 0.383206743 0.616793257 0.000000000
J:/crr: 0.000000000 0.999999997 0.000000003
J:/r: 0.082193349 0.128701362 0.789105289
JJ:/cc/c: 0.999999997 0.000000003 0.000000000
JJ:/cc/crr: 0.000000000 0.999999997 0.000000003
JJ:/cc/r: 0.999999991 0.000000007 0.000000003
JJ:/crc/c: 0.999999991 0.000000009 0.000000000
JJ:/crc/crr: 0.000000000 0.999999994 0.000000006
JJ:/crc/r: 0.719077562 0.280922432 0.000000006
JJ:/crrc/c: 0.999999996 0.000000004 0.000000000
JJ:/crrc/crr: 0.000000000 0.999999997 0.000000003
JJ:/crrc/r: 0.999999954 0.000000044 0.000000003
JJ:/rc/c: 0.999999986 0.000000014 0.000000000
JJ:/rc/crr: 0.000000000 0.999999991 0.000000009
JJ:/rc/r: 0.999999983 0.000000009 0.000000008
JJ:/rrc/c: 0.999999969 0.000000031 0.000000000
JJ:/rrc/crr: 0.000000000 0.999999978 0.000000022
JJ:/rrc/r: 0.999999736 0.000000245 0.000000019
JK:/cc/c: 0.010972854 0.989027146 0.000000000
JK:/cc/crr: 0.000000000 0.000000378 0.999999622
JK:/cc/r: 0.000001019 0.000000004 0.999998977
JK:/crc/c: 0.649082079 0.350917921 0.000000000
JK:/crc/crr: 0.000000000 0.000000084 0.999999916
JK:/crc/r: 0.021553507 0.000000115 0.978446378
JK:/crrc/c: 0.482958262 0.517041738 0.000000000
JK:/crrc/crr: 0.000000000 0.000000278 0.999999722
JK:/crrc/r: 0.296087397 0.000000065 0.703912538
JK:/rc/c: 0.479976195 0.520023805 0.000000000
JK:/rc/crr: 0.000000000 0.000000020 0.999999980
JK:/rc/r: 0.476598584 0.000000009 0.523401408
JK:/rrc/c: 0.999999305 0.000000695 0.000000000
JK:/rrc/crr: 0.000000000 0.000000114 0.999999886
JK:/rrc/r: 0.403775906 0.000000130 0.596223964
JQ:/cc/c: 0.100883805 0.899116195 0.000000000
JQ:/cc/crr: 0.000000000 0.000000000 1.000000000
JQ:/cc/r: 0.054638213 0.000000000 0.945361787
JQ:/crc/c: 0.485147617 0.514852383 0.000000000
JQ:/crc/crr: 0.000000000 0.000003431 0.999996569
JQ:/crc/r: 0.188541290 0.000000028 0.811458682
JQ:/crrc/c: 0.051780815 0.948219185 0.000000000
JQ:/crrc/crr: 0.000000000 0.000000743 0.999999257
JQ:/crrc/r: 0.219742652 0.000000013 0.780257336
JQ:/rc/c: 0.999985149 0.000014851 0.000000000
JQ:/rc/crr: 0.000000000 0.000000000 1.000000000
JQ:/rc/r: 0.000000050 0.000000034 0.999999916
JQ:/rrc/c: 0.000014976 0.999985024 0.000000000
JQ:/rrc/crr: 0.000000000 0.018355598 0.981644402
JQ:/rrc/r: 0.541487883 0.000000118 0.458511999
K:/c: 0.999998617 0.000001383 0.000000000
K:/crr: 0.000000000 0.999999999 0.000000001
K:/r: 0.670846378 0.329153621 0.000000001
KJ:/cc/c: 0.018379260 0.981620740 0.000000000
KJ:/cc/crr: 0.000000000 0.966668173 0.033331827
KJ:/cc/r: 0.015191925 0.006225302 0.978582773
KJ:/crc/c: 0.188378142 0.811621858 0.000000000
KJ:/crc/crr: 0.000000000 0.999999989 0.000000011
KJ:/crc/r: 0.000000232 0.747553183 0.252446586
KJ:/crrc/c: 0.408854364 0.591145636 0.000000000
KJ:/crrc/crr: 0.000000000 0.658578792 0.341421208
KJ:/crrc/r: 0.072354694 0.761837491 0.165807815
KJ:/rc/c: 0.497445024 0.502554976 0.000000000
KJ:/rc/crr: 0.000000000 0.730113042 0.269886958
KJ:/rc/r: 0.037027511 0.729579851 0.233392638
KJ:/rrc/c: 0.574373799 0.425626201 0.000000000
KJ:/rrc/crr: 0.000000000 0.999970608 0.000029392
KJ:/rrc/r: 0.060677508 0.869868684 0.069453808
KK:/cc/c: 0.996182355 0.003817645 0.000000000
KK:/cc/crr: 0.000000000 0.997364176 0.002635824
KK:/cc/r: 0.998575319 0.001141564 0.000283117
KK:/crc/c: 0.999999889 0.000000111 0.000000000
KK:/crc/crr: 0.000000000 0.999999952 0.000000048
KK:/crc/r: 0.814404410 0.185595574 0.000000016
KK:/crrc/c: 0.999999996 0.000000004 0.000000000
KK:/crrc/crr: 0.000000000 0.999999997 0.000000003
KK:/crrc/r: 0.999996137 0.000003860 0.000000003
KK:/rc/c: 0.999999984 0.000000016 0.000000000
KK:/rc/crr: 0.000000000 0.999999989 0.000000011
KK:/rc/r: 0.999999979 0.000000011 0.000000010
KK:/rrc/c: 0.999999949 0.000000051 0.000000000
KK:/rrc/crr: 0.000000000 0.999999977 0.000000023
KK:/rrc/r: 0.973887041 0.026112944 0.000000015
KQ:/cc/c: 0.006871535 0.993128465 0.000000000
KQ:/cc/crr: 0.000000000 0.765884369 0.234115631
KQ:/cc/r: 0.034942148 0.960386186 0.004671667
KQ:/crc/c: 0.438521957 0.561478043 0.000000000
KQ:/crc/crr: 0.000000000 0.055376770 0.944623230
KQ:/crc/r: 0.000000030 0.437614558 0.562385412
KQ:/crrc/c: 0.704807480 0.295192520 0.000000000
KQ:/crrc/crr: 0.000000000 0.407606873 0.592393127
KQ:/crrc/r: 0.000009208 0.770174476 0.229816316
KQ:/rc/c: 0.000042466 0.999957534 0.000000000
KQ:/rc/crr: 0.000000000 0.009027729 0.990972271
KQ:/rc/r: 0.000000287 0.313751365 0.686248348
KQ:/rrc/c: 0.608570129 0.391429871 0.000000000
KQ:/rrc/crr: 0.000000000 0.470198691 0.529801309
KQ:/rrc/r: 0.122058280 0.525945122 0.351996598
Q:/c: 0.892321027 0.107678973 0.000000000
Q:/crr: 0.000000000 0.999999970 0.000000030
Q:/r: 0.463809796 0.536190057 0.000000147
QJ:/cc/c: 0.000000736 0.999999264 0.000000000
QJ:/cc/crr: 0.000000000 0.098613738 0.901386262
QJ:/cc/r: 0.000000215 0.000000147 0.999999639
QJ:/crc/c: 0.624493299 0.375506701 0.000000000
QJ:/crc/crr: 0.000000000 0.001599190 0.998400810
QJ:/crc/r: 0.000000106 0.000000010 0.999999885
QJ:/crrc/c: 0.000000143 0.999999857 0.000000000
QJ:/crrc/crr: 0.000000000 0.216814240 0.783185760
QJ:/crrc/r: 0.028662906 0.000000000 0.971337094
QJ:/rc/c: 0.000000826 0.999999174 0.000000000
QJ:/rc/crr: 0.000000000 0.002702115 0.997297885
QJ:/rc/r: 0.029008145 0.000000012 0.970991843
QJ:/rrc/c: 0.000000505 0.999999495 0.000000000
QJ:/rrc/crr: 0.000000000 0.096112018 0.903887982
QJ:/rrc/r: 0.000000098 0.000000018 0.999999884
QK:/cc/c: 0.210813116 0.789186884 0.000000000
QK:/cc/crr: 0.000000000 0.999999962 0.000000038
QK:/cc/r: 0.000000265 0.738705000 0.261294735
QK:/crc/c: 0.342215443 0.657784557 0.000000000
QK:/crc/crr: 0.000000000 0.000016377 0.999983623
QK:/crc/r: 0.000000399 0.462072432 0.537927169
QK:/crrc/c: 0.228702887 0.771297113 0.000000000
QK:/crrc/crr: 0.000000000 0.000004807 0.999995193
QK:/crrc/r: 0.000000645 0.292774282 0.707225073
QK:/rc/c: 0.463293952 0.536706048 0.000000000
QK:/rc/crr: 0.000000000 0.000009777 0.999990223
QK:/rc/r: 0.000000034 0.314408242 0.685591724
QK:/rrc/c: 0.520551912 0.479448088 0.000000000
QK:/rrc/crr: 0.000000000 0.069851579 0.930148421
QK:/rrc/r: 0.000000086 0.528073659 0.471926255
QQ:/cc/c: 0.999999990 0.000000010 0.000000000
QQ:/cc/crr: 0.000000000 0.999999993 0.000000007
QQ:/cc/r: 0.999999829 0.000000089 0.000000082
QQ:/crc/c: 0.999999980 0.000000020 0.000000000
QQ:/crc/crr: 0.000000000 0.999999991 0.000000009
QQ:/crc/r: 0.999999977 0.000000015 0.000000008
QQ:/crrc/c: 0.999999996 0.000000004 0.000000000
QQ:/crrc/crr: 0.000000000 0.999999997 0.000000003
QQ:/crrc/r: 0.999999975 0.000000023 0.000000003
QQ:/rc/c: 0.999999992 0.000000008 0.000000000
QQ:/rc/crr: 0.000000000 0.999999997 0.000000003
QQ:/rc/r: 0.999999987 0.000000007 0.000000006
QQ:/rrc/c: 0.999999959 0.000000041 0.000000000
QQ:/rrc/crr: 0.000000000 0.999999972 0.000000028
QQ:/rrc/r: 0.999999868 0.000000107 0.000000024
