J:/c: 0.302436847 0.697563153 0.000000000
J:/crr: 0.000000000 0.999999997 0.000000003
J:/r: 0.055241663 0.123952579 0.820805758
JJ:/cc/c: 0.999999995 0.000000005 0.000000000
JJ:/cc/crr: 0.000000000 0.999999997 0.000000003
JJ:/cc/r: 0.999999986 0.000000010 0.000000004
JJ:/crc/c: 0.999999987 0.000000013 0.000000000
JJ:/crc/crr: 0.000000000 0.999999994 0.000000006
JJ:/crc/r: 0.641097157 0.358902835 0.000000008
JJ:/crrc/c: 0.999999994 0.000000006 0.000000000
JJ:/crrc/crr: 0.000000000 0.999999997 0.000000003
JJ:/crrc/r: 0.999999933 0.000000063 0.000000004
JJ:/rc/c: 0.999999980 0.000000020 0.000000000
JJ:/rc/crr: 0.000000000 0.999999990 0.000000010
JJ:/rc/r: 0.999999974 0.000000013 0.000000013
JJ:/rrc/c: 0.999999955 0.000000045 0.000000000
JJ:/rrc/crr: 0.000000000 0.999999977 0.000000023
JJ:/rrc/r: 0.999999619 0.000000351 0.000000030
JK:/cc/c: 0.007682801 0.992317199 0.000000000
JK:/cc/crr: 0.000000000 0.000000350 0.999999650
JK:/cc/r: 0.000000658 0.000000004 0.999999338
JK:/crc/c: 0.563467175 0.436532825 0.000000000
JK:/crc/crr: 0.000000000 0.000000078 0.999999922
JK:/crc/r: 0.014033553 0.000000107 0.985966340
JK:/crrc/c: 0.394614840 0.605385160 0.000000000
JK:/crrc/crr: 0.000000000 0.000000257 0.999999743
JK:/crrc/r: 0.213703701 0.000000067 0.786296232
JK:/rc/c: 0.391764941 0.608235059 0.000000000
JK:/rc/crr: 0.000000000 0.000000019 0.999999981
JK:/rc/r: 0.370419452 0.000000010 0.629580539
JK:/rrc/c: 0.999999004 0.000000996 0.000000000
JK:/rrc/crr: 0.000000000 0.000000105 0.999999895
JK:/rrc/r: 0.304385588 0.000000141 0.695614272
JQ:/cc/c: 0.072614535 0.927385465 0.000000000
JQ:/cc/crr: 0.000000000 0.000000000 1.000000000
JQ:/cc/r: 0.035999809 0.000000000 0.964000191
JQ:/crc/c: 0.396710991 0.603289009 0.000000000
JQ:/crc/crr: 0.000000000 0.000003177 0.999996823
JQ:/crc/r: 0.130532337 0.000000028 0.869467636
JQ:/crrc/c: 0.036709223 0.963290777 0.000000000
JQ:/crrc/crr: 0.000000000 0.000000688 0.999999312
JQ:/crrc/r: 0.153955236 0.000000013 0.846044751
JQ:/rc/c: 0.999978719 0.000021281 0.000000000
JQ:/rc/crr: 0.000000000 0.000000000 1.000000000
JQ:/rc/r: 0.000000032 0.000000032 0.999999936
JQ:/rrc/c: 0.000010451 0.999989549 0.000000000
JQ:/rrc/crr: 0.000000000 0.017018707 0.982981293
JQ:/rrc/r: 0.432806519 0.000000135 0.567193346
K:/c: 0.999998018 0.000001982 0.000000000
K:/crr: 0.000000000 0.999999999 0.000000001
K:/r: 0.587164127 0.412835872 0.000000001
KJ:/cc/c: 0.012897461 0.987102539 0.000000000
KJ:/cc/crr: 0.000000000 0.964096625 0.035903375
KJ:/cc/r: 0.009873699 0.005797889 0.984328412
KJ:/crc/c: 0.139392538 0.860607462 0.000000000
KJ:/crc/crr: 0.000000000 0.999999988 0.000000012
KJ:/crc/r: 0.000000159 0.732750544 0.267249297
KJ:/crrc/c: 0.325531726 0.674468274 0.000000000
KJ:/crrc/crr: 0.000000000 0.641063926 0.358936074
KJ:/crrc/r: 0.050929901 0.768441510 0.180628589
KJ:/rc/c: 0.408545537 0.591454463 0.000000000
KJ:/rc/crr: 0.000000000 0.714678018 0.285321982
KJ:/rc/r: 0.025647320 0.724156886 0.250195793
KJ:/rrc/c: 0.484993904 0.515006096 0.000000000
KJ:/rrc/crr: 0.000000000 0.999968256 0.000031744
KJ:/rrc/r: 0.042891356 0.881126161 0.075982483
KK:/cc/c: 0.994538391 0.005461609 0.000000000
KK:/cc/crr: 0.000000000 0.997153850 0.002846150
KK:/cc/r: 0.997927331 0.001634786 0.000437884
KK:/crc/c: 0.999999840 0.000000160 0.000000000
KK:/crc/crr: 0.000000000 0.999999948 0.000000052
KK:/crc/r: 0.753826502 0.246173475 0.000000023
KK:/crrc/c: 0.999999994 0.000000006 0.000000000
KK:/crrc/crr: 0.000000000 0.999999997 0.000000003
KK:/crrc/r: 0.999994465 0.000005531 0.000000004
KK:/rc/c: 0.999999976 0.000000024 0.000000000
KK:/rc/crr: 0.000000000 0.999999988 0.000000012
KK:/rc/r: 0.999999968 0.000000016 0.000000016
KK:/rrc/c: 0.999999927 0.000000073 0.000000000
KK:/rrc/crr: 0.000000000 0.999999976 0.000000024
KK:/rrc/r: 0.962998815 0.037001162 0.000000023
KQ:/cc/c: 0.004805229 0.995194771 0.000000000
KQ:/cc/crr: 0.000000000 0.751799671 0.248200329
KQ:/cc/r: 0.024635016 0.970267563 0.005097421
KQ:/crc/c: 0.352761170 0.647238830 0.000000000
KQ:/crc/crr: 0.000000000 0.051484941 0.948515059
KQ:/crc/r: 0.000000020 0.418768399 0.581231581
KQ:/crrc/c: 0.624932027 0.375067973 0.000000000
KQ:/crrc/crr: 0.000000000 0.389158766 0.610841234
KQ:/crrc/r: 0.000006310 0.756268353 0.243725337
KQ:/rc/c: 0.000029635 0.999970365 0.000000000
KQ:/rc/crr: 0.000000000 0.008364425 0.991635575
KQ:/rc/r: 0.000000190 0.297418457 0.702581353
KQ:/rrc/c: 0.520374827 0.479625173 0.000000000
KQ:/rrc/crr: 0.000000000 0.451074787 0.548925213
KQ:/rrc/r: 0.085926170 0.530567932 0.383505898
Q:/c: 0.852571067 0.147428933 0.000000000
Q:/crr: 0.000000000 0.999999968 0.000000032
Q:/r: 0.376419008 0.623580808 0.000000184
QJ:/cc/c: 0.000000513 0.999999487 0.000000000
QJ:/cc/crr: 0.000000000 0.091979131 0.908020869
QJ:/cc/r: 0.000000139 0.000000136 0.999999725
QJ:/crc/c: 0.537157112 0.462842888 0.000000000
QJ:/crc/crr: 0.000000000 0.001480876 0.998519124
QJ:/crc/r: 0.000000068 0.000000009 0.999999923
QJ:/crrc/c: 0.000000100 0.999999900 0.000000000
QJ:/crrc/crr: 0.000000000 0.204027261 0.795972739
QJ:/crrc/r: 0.018709935 0.000000000 0.981290065
QJ:/rc/c: 0.000000577 0.999999423 0.000000000
QJ:/rc/crr: 0.000000000 0.002502406 0.997497594
QJ:/rc/r: 0.018937630 0.000000011 0.981062359
QJ:/rrc/c: 0.000000352 0.999999648 0.000000000
QJ:/rrc/crr: 0.000000000 0.089628988 0.910371012
QJ:/rrc/r: 0.000000063 0.000000017 0.999999920
QK:/cc/c: 0.157122956 0.842877044 0.000000000
QK:/cc/crr: 0.000000000 0.999999959 0.000000041
QK:/cc/r: 0.000000181 0.723575389 0.276424430
QK:/crc/c: 0.266354407 0.733645593 0.000000000
QK:/crc/crr: 0.000000000 0.000015163 0.999984837
QK:/crc/r: 0.000000267 0.443002741 0.556996992
QK:/crrc/c: 0.171446342 0.828553658 0.000000000
QK:/crrc/crr: 0.000000000 0.000004451 0.999995549
QK:/crrc/r: 0.000000426 0.277092483 0.722907091
QK:/rc/c: 0.375932219 0.624067781 0.000000000
QK:/rc/crr: 0.000000000 0.000009052 0.999990948
QK:/rc/r: 0.000000022 0.298055963 0.701944014
QK:/rrc/c: 0.431064994 0.568935006 0.000000000
QK:/rrc/crr: 0.000000000 0.065012486 0.934987514
QK:/rrc/r: 0.000000058 0.508856715 0.491143227
QQ:/cc/c: 0.999999986 0.000000014 0.000000000
QQ:/cc/crr: 0.000000000 0.999999993 0.000000007
QQ:/cc/r: 0.999999746 0.000000127 0.000000126
QQ:/crc/c: 0.999999972 0.000000028 0.000000000
QQ:/crc/crr: 0.000000000 0.999999990 0.000000010
QQ:/crc/r: 0.999999966 0.000000022 0.000000013
QQ:/crrc/c: 0.999999994 0.000000006 0.000000000
QQ:/crrc/crr: 0.000000000 0.999999997 0.000000003
QQ:/crrc/r: 0.999999964 0.000000032 0.000000004
QQ:/rc/c: 0.999999989 0.000000011 0.000000000
QQ:/rc/crr: 0.000000000 0.999999997 0.000000003
QQ:/rc/r: 0.999999980 0.000000010 0.000000010
QQ:/rrc/c: 0.999999941 0.000000059 0.000000000
QQ:/rrc/crr: 0.000000000 0.999999970 0.000000030
QQ:/rrc/r: 0.999999808 0.000000154 0.000000038
