J:/c: 0.364217653 0.635782347 0.000000000
J:/crr: 0.000000000 0.999999996 0.000000004
J:/r: 0.055341696 0.093980971 0.850677333
JJ:/cc/c: 0.999999996 0.000000004 0.000000000
JJ:/cc/crr: 0.000000000 0.999999996 0.000000004
JJ:/cc/r: 0.999999988 0.000000007 0.000000004
JJ:/crc/c: 0.999999990 0.000000010 0.000000000
JJ:/crc/crr: 0.000000000 0.999999992 0.000000008
JJ:/crc/r: 0.702398425 0.297601566 0.000000009
JJ:/crrc/c: 0.999999996 0.000000004 0.000000000
JJ:/crrc/crr: 0.000000000 0.999999996 0.000000004
JJ:/crrc/r: 0.999999948 0.000000047 0.000000004
JJ:/rc/c: 0.999999985 0.000000015 0.000000000
JJ:/rc/crr: 0.000000000 0.999999986 0.000000014
JJ:/rc/r: 0.999999977 0.000000010 0.000000013
JJ:/rrc/c: 0.999999966 0.000000034 0.000000000
JJ:/rrc/crr: 0.000000000 0.999999968 0.000000032
JJ:/rrc/r: 0.999999704 0.000000265 0.000000031
JK:/cc/c: 0.010126286 0.989873714 0.000000000
JK:/cc/crr: 0.000000000 0.000000256 0.999999744
JK:/cc/r: 0.000000636 0.000000003 0.999999361
JK:/crc/c: 0.630383277 0.369616723 0.000000000
JK:/crc/crr: 0.000000000 0.000000057 0.999999943
JK:/crc/r: 0.013571639 0.000000079 0.986428282
JK:/crrc/c: 0.462734541 0.537265459 0.000000000
JK:/crrc/crr: 0.000000000 0.000000188 0.999999812
JK:/crrc/r: 0.208056494 0.000000049 0.791943457
JK:/rc/c: 0.459766307 0.540233693 0.000000000
JK:/rc/crr: 0.000000000 0.000000014 0.999999986
JK:/rc/r: 0.362540396 0.000000007 0.637459597
JK:/rrc/c: 0.999999246 0.000000754 0.000000000
JK:/rrc/crr: 0.000000000 0.000000077 0.999999923
JK:/rrc/r: 0.297247970 0.000000104 0.702751926
JQ:/cc/c: 0.093758095 0.906241905 0.000000000
JQ:/cc/crr: 0.000000000 0.000000000 1.000000000
JQ:/cc/r: 0.034840425 0.000000000 0.965159575
JQ:/crc/c: 0.464914653 0.535085347 0.000000000
JQ:/crc/crr: 0.000000000 0.000002324 0.999997676
JQ:/crc/r: 0.126728736 0.000000020 0.873271244
JQ:/crrc/c: 0.047938469 0.952061531 0.000000000
JQ:/crrc/crr: 0.000000000 0.000000504 0.999999496
JQ:/crrc/r: 0.149586535 0.000000009 0.850413455
JQ:/rc/c: 0.999983894 0.000016106 0.000000000
JQ:/rc/crr: 0.000000000 0.000000000 1.000000000
JQ:/rc/r: 0.000000031 0.000000023 0.999999946
JQ:/rrc/c: 0.000013809 0.999986191 0.000000000
JQ:/rrc/crr: 0.000000000 0.012507628 0.987492372
JQ:/rrc/r: 0.424495205 0.000000100 0.575504695
K:/c: 0.999998940 0.000001060 0.000000000
K:/crr: 0.000000000 0.999999999 0.000000001
K:/r: 0.726672722 0.273327277 0.000000001
KJ:/cc/c: 0.023841634 0.976158366 0.000000000
KJ:/cc/crr: 0.000000000 0.948219065 0.051780935
KJ:/cc/r: 0.012575638 0.003950447 0.983473915
KJ:/crc/c: 0.232402900 0.767597100 0.000000000
KJ:/crc/crr: 0.000000000 0.999999982 0.000000018
KJ:/crc/r: 0.000000264 0.651542412 0.348457324
KJ:/crrc/c: 0.474294514 0.525705486 0.000000000
KJ:/crrc/crr: 0.000000000 0.549137933 0.450862067
KJ:/crrc/r: 0.084360622 0.680932338 0.234707040
KJ:/rc/c: 0.563547168 0.436452832 0.000000000
KJ:/rc/crr: 0.000000000 0.630745684 0.369254316
KJ:/rc/r: 0.042091979 0.635793696 0.322114325
KJ:/rrc/c: 0.637726399 0.362273601 0.000000000
KJ:/rrc/crr: 0.000000000 0.999953452 0.000046548
KJ:/rrc/r: 0.074740624 0.821393449 0.103865927
KK:/cc/c: 0.997070785 0.002929215 0.000000000
KK:/cc/crr: 0.000000000 0.995831995 0.004168005
KK:/cc/r: 0.998780900 0.000875303 0.000343798
KK:/crc/c: 0.999999915 0.000000085 0.000000000
KK:/crc/crr: 0.000000000 0.999999924 0.000000076
KK:/crc/r: 0.851280242 0.148719738 0.000000020
KK:/crrc/c: 0.999999997 0.000000003 0.000000000
KK:/crrc/crr: 0.000000000 0.999999996 0.000000004
KK:/crrc/r: 0.999997038 0.000002959 0.000000003
KK:/rc/c: 0.999999987 0.000000013 0.000000000
KK:/rc/crr: 0.000000000 0.999999982 0.000000018
KK:/rc/r: 0.999999979 0.000000008 0.000000012
KK:/rrc/c: 0.999999961 0.000000039 0.000000000
KK:/rrc/crr: 0.000000000 0.999999964 0.000000036
KK:/rrc/r: 0.979859056 0.020140926 0.000000018
KQ:/cc/c: 0.008944943 0.991055057 0.000000000
KQ:/cc/crr: 0.000000000 0.673803160 0.326196840
KQ:/cc/r: 0.044979530 0.947719422 0.007301048
KQ:/crc/c: 0.504656848 0.495343152 0.000000000
KQ:/crc/crr: 0.000000000 0.035694725 0.964305275
KQ:/crc/r: 0.000000030 0.329460097 0.670539873
KQ:/crrc/c: 0.756960603 0.243039397 0.000000000
KQ:/crrc/crr: 0.000000000 0.302874619 0.697125381
KQ:/crrc/r: 0.000010591 0.679075119 0.320914289
KQ:/rc/c: 0.000055394 0.999944606 0.000000000
KQ:/rc/crr: 0.000000000 0.005719348 0.994280652
KQ:/rc/r: 0.000000267 0.224015356 0.775984377
KQ:/rrc/c: 0.669759275 0.330240725 0.000000000
KQ:/rrc/crr: 0.000000000 0.359133787 0.640866213
KQ:/rrc/r: 0.128131677 0.423251257 0.448617066
Q:/c: 0.884272424 0.115727576 0.000000000
Q:/crr: 0.000000000 0.999999956 0.000000044
Q:/r: 0.443699782 0.556299993 0.000000225
QJ:/cc/c: 0.000000678 0.999999322 0.000000000
QJ:/cc/crr: 0.000000000 0.068993190 0.931006810
QJ:/cc/r: 0.000000134 0.000000099 0.999999767
QJ:/crc/c: 0.605281045 0.394718955 0.000000000
QJ:/crc/crr: 0.000000000 0.001083805 0.998916195
QJ:/crc/r: 0.000000066 0.000000006 0.999999927
QJ:/crrc/c: 0.000000132 0.999999868 0.000000000
QJ:/crrc/crr: 0.000000000 0.157909625 0.842090375
QJ:/crrc/r: 0.018096924 0.000000000 0.981903076
QJ:/rc/c: 0.000000762 0.999999238 0.000000000
QJ:/rc/crr: 0.000000000 0.001831933 0.998168067
QJ:/rc/r: 0.018317297 0.000000008 0.981682695
QJ:/rrc/c: 0.000000465 0.999999535 0.000000000
QJ:/rrc/crr: 0.000000000 0.067186900 0.932813100
QJ:/rrc/r: 0.000000061 0.000000012 0.999999927
QK:/cc/c: 0.197629482 0.802370518 0.000000000
QK:/cc/crr: 0.000000000 0.999999944 0.000000056
QK:/cc/r: 0.000000217 0.656945896 0.343053887
QK:/crc/c: 0.324189965 0.675810035 0.000000000
QK:/crc/crr: 0.000000000 0.000011093 0.999988907
QK:/crc/r: 0.000000293 0.367829996 0.632169711
QK:/crrc/c: 0.214704851 0.785295149 0.000000000
QK:/crrc/crr: 0.000000000 0.000003256 0.999996744
QK:/crrc/r: 0.000000445 0.219003476 0.780996079
QK:/rc/c: 0.443187850 0.556812150 0.000000000
QK:/rc/crr: 0.000000000 0.000006622 0.999993378
QK:/rc/r: 0.000000023 0.237013080 0.762986896
QK:/rrc/c: 0.500277148 0.499722852 0.000000000
QK:/rrc/crr: 0.000000000 0.048406356 0.951593644
QK:/rrc/r: 0.000000065 0.431159357 0.568840579
QQ:/cc/c: 0.999999990 0.000000010 0.000000000
QQ:/cc/crr: 0.000000000 0.999999990 0.000000010
QQ:/cc/r: 0.999999773 0.000000096 0.000000131
QQ:/crc/c: 0.999999978 0.000000022 0.000000000
QQ:/crc/crr: 0.000000000 0.999999986 0.000000014
QQ:/crc/r: 0.999999970 0.000000016 0.000000013
QQ:/crrc/c: 0.999999996 0.000000004 0.000000000
QQ:/crrc/crr: 0.000000000 0.999999996 0.000000004
QQ:/crrc/r: 0.999999971 0.000000024 0.000000004
QQ:/rc/c: 0.999999992 0.000000008 0.000000000
QQ:/rc/crr: 0.000000000 0.999999996 0.000000004
QQ:/rc/r: 0.999999982 0.000000007 0.000000010
QQ:/rrc/c: 0.999999956 0.000000044 0.000000000
QQ:/rrc/crr: 0.000000000 0.999999958 0.000000042
QQ:/rrc/r: 0.999999844 0.000000116 0.000000039
