J:/c: 0.340974606 0.659025394 0.000000000
J:/crr: 0.000000000 0.999999997 0.000000003
J:/r: 0.064113995 0.120551591 0.815334414
JJ:/cc/c: 0.999999996 0.000000004 0.000000000
JJ:/cc/crr: 0.000000000 0.999999997 0.000000003
JJ:/cc/r: 0.999999988 0.000000008 0.000000003
JJ:/crc/c: 0.999999989 0.000000011 0.000000000
JJ:/crc/crr: 0.000000000 0.999999994 0.000000006
JJ:/crc/r: 0.680679398 0.319320594 0.000000007
JJ:/crrc/c: 0.999999995 0.000000005 0.000000000
JJ:/crrc/crr: 0.000000000 0.999999997 0.000000003
JJ:/crrc/r: 0.999999944 0.000000053 0.000000003
JJ:/rc/c: 0.999999984 0.000000016 0.000000000
JJ:/rc/crr: 0.000000000 0.999999990 0.000000010
JJ:/rc/r: 0.999999978 0.000000011 0.000000011
JJ:/rrc/c: 0.999999962 0.000000038 0.000000000
JJ:/rrc/crr: 0.000000000 0.999999976 0.000000024
JJ:/rrc/r: 0.999999681 0.000000294 0.000000026
JK:/cc/c: 0.009154689 0.990845311 0.000000000
JK:/cc/crr: 0.000000000 0.000000342 0.999999658
JK:/cc/r: 0.000000769 0.000000004 0.999999227
JK:/crc/c: 0.606354015 0.393645985 0.000000000
JK:/crc/crr: 0.000000000 0.000000076 0.999999924
JK:/crc/r: 0.016358114 0.000000105 0.983641781
JK:/crrc/c: 0.437531068 0.562468932 0.000000000
JK:/crrc/crr: 0.000000000 0.000000252 0.999999748
JK:/crrc/r: 0.241017380 0.000000063 0.758982557
JK:/rc/c: 0.434593729 0.565406271 0.000000000
JK:/rc/crr: 0.000000000 0.000000018 0.999999982
JK:/rc/r: 0.407385447 0.000000009 0.592614543
JK:/rrc/c: 0.999999165 0.000000835 0.000000000
JK:/rrc/crr: 0.000000000 0.000000103 0.999999897
JK:/rrc/r: 0.338302767 0.000000131 0.661697102
JQ:/cc/c: 0.085454927 0.914545073 0.000000000
JQ:/cc/crr: 0.000000000 0.000000000 1.000000000
JQ:/cc/r: 0.041808640 0.000000000 0.958191360
JQ:/crc/c: 0.439689615 0.560310385 0.000000000
JQ:/crc/crr: 0.000000000 0.000003110 0.999996890
JQ:/crc/r: 0.149233339 0.000000026 0.850766634
JQ:/crrc/c: 0.043498297 0.956501703 0.000000000
JQ:/crrc/crr: 0.000000000 0.000000674 0.999999326
JQ:/crrc/r: 0.175335261 0.000000012 0.824664727
JQ:/rc/c: 0.999982167 0.000017833 0.000000000
JQ:/rc/crr: 0.000000000 0.000000000 1.000000000
JQ:/rc/r: 0.000000038 0.000000031 0.999999932
JQ:/rrc/c: 0.000012472 0.999987528 0.000000000
JQ:/rrc/crr: 0.000000000 0.016668755 0.983331245
JQ:/rrc/r: 0.471337381 0.000000123 0.528662496
K:/c: 0.999998339 0.000001661 0.000000000
K:/crr: 0.000000000 0.999999999 0.000000001
K:/r: 0.629254693 0.370745306 0.000000001
KJ:/cc/c: 0.015352929 0.984647071 0.000000000
KJ:/cc/crr: 0.000000000 0.963357898 0.036642102
KJ:/cc/r: 0.011518652 0.005667910 0.982813437
KJ:/crc/c: 0.161978789 0.838021211 0.000000000
KJ:/crc/crr: 0.000000000 0.999999988 0.000000012
KJ:/crc/r: 0.000000188 0.728591783 0.271408029
KJ:/crrc/c: 0.365470500 0.634529500 0.000000000
KJ:/crrc/crr: 0.000000000 0.636186816 0.363813184
KJ:/crrc/r: 0.059955612 0.758052188 0.181992201
KJ:/rc/c: 0.451846011 0.548153989 0.000000000
KJ:/rc/crr: 0.000000000 0.710349214 0.289650786
KJ:/rc/r: 0.030294181 0.716772229 0.252933590
KJ:/rrc/c: 0.529147935 0.470852065 0.000000000
KJ:/rrc/crr: 0.000000000 0.999967578 0.000032422
KJ:/rrc/r: 0.050681942 0.872474717 0.076843340
KK:/cc/c: 0.995419252 0.004580748 0.000000000
KK:/cc/crr: 0.000000000 0.997093238 0.002906762
KK:/cc/r: 0.998254744 0.001370360 0.000374896
KK:/crc/c: 0.999999866 0.000000134 0.000000000
KK:/crc/crr: 0.000000000 0.999999947 0.000000053
KK:/crc/r: 0.785142830 0.214857149 0.000000021
KK:/crrc/c: 0.999999995 0.000000005 0.000000000
KK:/crrc/crr: 0.000000000 0.999999997 0.000000003
KK:/crrc/r: 0.999995361 0.000004635 0.000000003
KK:/rc/c: 0.999999980 0.000000020 0.000000000
KK:/rc/crr: 0.000000000 0.999999988 0.000000012
KK:/rc/r: 0.999999973 0.000000013 0.000000014
KK:/rrc/c: 0.999999938 0.000000062 0.000000000
KK:/rrc/crr: 0.000000000 0.999999975 0.000000025
KK:/rrc/r: 0.968806910 0.031193070 0.000000020
KQ:/cc/c: 0.005729008 0.994270992 0.000000000
KQ:/cc/crr: 0.000000000 0.747835347 0.252164653
KQ:/cc/r: 0.029255719 0.965563233 0.005181049
KQ:/crc/c: 0.394088698 0.605911302 0.000000000
KQ:/crc/crr: 0.000000000 0.050462648 0.949537352
KQ:/crc/r: 0.000000024 0.413633571 0.586366406
KQ:/crrc/c: 0.665366501 0.334633499 0.000000000
KQ:/crrc/crr: 0.000000000 0.384147047 0.615852953
KQ:/crrc/r: 0.000007491 0.752351080 0.247641429
KQ:/rc/c: 0.000035364 0.999964636 0.000000000
KQ:/rc/crr: 0.000000000 0.008190946 0.991809054
KQ:/rc/r: 0.000000223 0.293021442 0.706978335
KQ:/rrc/c: 0.564221044 0.435778956 0.000000000
KQ:/rrc/crr: 0.000000000 0.445847691 0.554152309
KQ:/rrc/r: 0.100058262 0.517725767 0.382215971
Q:/c: 0.873434902 0.126565098 0.000000000
Q:/crr: 0.000000000 0.999999967 0.000000033
Q:/r: 0.418725081 0.581274744 0.000000176
QJ:/cc/c: 0.000000613 0.999999387 0.000000000
QJ:/cc/crr: 0.000000000 0.090229268 0.909770732
QJ:/cc/r: 0.000000162 0.000000133 0.999999705
QJ:/crc/c: 0.580705319 0.419294681 0.000000000
QJ:/crc/crr: 0.000000000 0.001449954 0.998550046
QJ:/crc/r: 0.000000080 0.000000009 0.999999911
QJ:/crrc/c: 0.000000119 0.999999881 0.000000000
QJ:/crrc/crr: 0.000000000 0.200616698 0.799383302
QJ:/crrc/r: 0.021791986 0.000000000 0.978208014
QJ:/rc/c: 0.000000688 0.999999312 0.000000000
QJ:/rc/crr: 0.000000000 0.002450206 0.997549794
QJ:/rc/r: 0.022056345 0.000000011 0.977943644
QJ:/rrc/c: 0.000000420 0.999999580 0.000000000
QJ:/rrc/crr: 0.000000000 0.087919506 0.912080494
QJ:/rrc/r: 0.000000074 0.000000016 0.999999910
QK:/cc/c: 0.181974650 0.818025350 0.000000000
QK:/cc/crr: 0.000000000 0.999999959 0.000000041
QK:/cc/r: 0.000000215 0.719328537 0.280671248
QK:/crc/c: 0.302286823 0.697713177 0.000000000
QK:/crc/crr: 0.000000000 0.000014846 0.999985154
QK:/crc/r: 0.000000315 0.437794562 0.562205123
QK:/crrc/c: 0.198031257 0.801968743 0.000000000
QK:/crrc/crr: 0.000000000 0.000004358 0.999995642
QK:/crrc/r: 0.000000501 0.272879244 0.727120255
QK:/rc/c: 0.418220275 0.581779725 0.000000000
QK:/rc/crr: 0.000000000 0.000008863 0.999991137
QK:/rc/r: 0.000000026 0.293653472 0.706346502
QK:/rrc/c: 0.474836072 0.525163928 0.000000000
QK:/rrc/crr: 0.000000000 0.063739639 0.936260361
QK:/rrc/r: 0.000000068 0.503574294 0.496425637
QQ:/cc/c: 0.999999989 0.000000011 0.000000000
QQ:/cc/crr: 0.000000000 0.999999993 0.000000007
QQ:/cc/r: 0.999999785 0.000000107 0.000000108
QQ:/crc/c: 0.999999976 0.000000024 0.000000000
QQ:/crc/crr: 0.000000000 0.999999990 0.000000010
QQ:/crc/r: 0.999999971 0.000000018 0.000000011
QQ:/crrc/c: 0.999999995 0.000000005 0.000000000
QQ:/crrc/crr: 0.000000000 0.999999997 0.000000003
QQ:/crrc/r: 0.999999970 0.000000027 0.000000003
QQ:/rc/c: 0.999999991 0.000000009 0.000000000
QQ:/rc/crr: 0.000000000 0.999999997 0.000000003
QQ:/rc/r: 0.999999983 0.000000008 0.000000009
QQ:/rrc/c: 0.999999951 0.000000049 0.000000000
QQ:/rrc/crr: 0.000000000 0.999999969 0.000000031
QQ:/rrc/r: 0.999999839 0.000000129 0.000000032
