J:/c: 0.341736933 0.658263067 0.000000000
J:/crr: 0.000000000 0.999999996 0.000000004
J:/r: 0.049619867 0.092982916 0.857397217
JJ:/cc/c: 0.999999996 0.000000004 0.000000000
JJ:/cc/crr: 0.000000000 0.999999996 0.000000004
JJ:/cc/r: 0.999999987 0.000000008 0.000000005
JJ:/crc/c: 0.999999989 0.000000011 0.000000000
JJ:/crc/crr: 0.000000000 0.999999992 0.000000008
JJ:/crc/r: 0.681415920 0.318584070 0.000000010
JJ:/crrc/c: 0.999999995 0.000000005 0.000000000
JJ:/crrc/crr: 0.000000000 0.999999996 0.000000004
JJ:/crrc/r: 0.999999943 0.000000052 0.000000005
JJ:/rc/c: 0.999999984 0.000000016 0.000000000
JJ:/rc/crr: 0.000000000 0.999999986 0.000000014
JJ:/rc/r: 0.999999974 0.000000011 0.000000015
JJ:/rrc/c: 0.999999962 0.000000038 0.000000000
JJ:/rrc/crr: 0.000000000 0.999999967 0.000000033
JJ:/rrc/r: 0.999999672 0.000000293 0.000000035
JK:/cc/c: 0.009185497 0.990814503 0.000000000
JK:/cc/crr: 0.000000000 0.000000251 0.999999749
JK:/cc/r: 0.000000566 0.000000003 0.999999431
JK:/crc/c: 0.607163034 0.392836966 0.000000000
JK:/crc/crr: 0.000000000 0.000000056 0.999999944
JK:/crc/r: 0.012091204 0.000000077 0.987908719
JK:/crrc/c: 0.438365676 0.561634324 0.000000000
JK:/crrc/crr: 0.000000000 0.000000185 0.999999815
JK:/crrc/r: 0.189435222 0.000000050 0.810564729
JK:/rc/c: 0.435427072 0.564572928 0.000000000
JK:/rc/crr: 0.000000000 0.000000013 0.999999987
JK:/rc/r: 0.335958116 0.000000007 0.664041876
JK:/rrc/c: 0.999999168 0.000000832 0.000000000
JK:/rrc/crr: 0.000000000 0.000000076 0.999999924
JK:/rrc/r: 0.273399818 0.000000105 0.726600077
JQ:/cc/c: 0.085720288 0.914279712 0.000000000
JQ:/cc/crr: 0.000000000 0.000000000 1.000000000
JQ:/cc/r: 0.031113104 0.000000000 0.968886896
JQ:/crc/c: 0.440525115 0.559474885 0.000000000
JQ:/crc/crr: 0.000000000 0.000002281 0.999997719
JQ:/crc/r: 0.114335501 0.000000020 0.885664479
JQ:/crrc/c: 0.043639587 0.956360413 0.000000000
JQ:/crrc/crr: 0.000000000 0.000000494 0.999999506
JQ:/crrc/r: 0.135304301 0.000000009 0.864695689
JQ:/rc/c: 0.999982227 0.000017773 0.000000000
JQ:/rc/crr: 0.000000000 0.000000000 1.000000000
JQ:/rc/r: 0.000000028 0.000000023 0.999999950
JQ:/rrc/c: 0.000012514 0.999987486 0.000000000
JQ:/rrc/crr: 0.000000000 0.012280635 0.987719365
JQ:/rrc/r: 0.396193616 0.000000103 0.603806282
K:/c: 0.999998345 0.000001655 0.000000000
K:/crr: 0.000000000 0.999999999 0.000000001
K:/r: 0.630045363 0.369954636 0.000000001
KJ:/cc/c: 0.015404271 0.984595729 0.000000000
KJ:/cc/crr: 0.000000000 0.950699420 0.049300580
KJ:/cc/r: 0.008516077 0.004176267 0.987307656
KJ:/crc/c: 0.162439570 0.837560430 0.000000000
KJ:/crc/crr: 0.000000000 0.999999983 0.000000017
KJ:/crc/r: 0.000000172 0.663186033 0.336813796
KJ:/crrc/c: 0.366257158 0.633742842 0.000000000
KJ:/crrc/crr: 0.000000000 0.561902479 0.438097521
KJ:/crrc/r: 0.056416809 0.710894650 0.232688541
KJ:/rc/c: 0.452685949 0.547314051 0.000000000
KJ:/rc/crr: 0.000000000 0.642703083 0.357296917
KJ:/rc/r: 0.027835810 0.656376871 0.315787319
KJ:/rrc/c: 0.529992634 0.470007366 0.000000000
KJ:/rrc/crr: 0.000000000 0.999955797 0.000044203
KJ:/rrc/r: 0.049464365 0.848632170 0.101903465
KK:/cc/c: 0.995434687 0.004565313 0.000000000
KK:/cc/crr: 0.000000000 0.996041168 0.003958832
KK:/cc/r: 0.998125128 0.001365544 0.000509328
KK:/crc/c: 0.999999867 0.000000133 0.000000000
KK:/crc/crr: 0.000000000 0.999999928 0.000000072
KK:/crc/r: 0.785714253 0.214285719 0.000000028
KK:/crrc/c: 0.999999995 0.000000005 0.000000000
KK:/crrc/crr: 0.000000000 0.999999996 0.000000004
KK:/crrc/r: 0.999995376 0.000004619 0.000000005
KK:/rc/c: 0.999999980 0.000000020 0.000000000
KK:/rc/crr: 0.000000000 0.999999983 0.000000017
KK:/rc/r: 0.999999968 0.000000013 0.000000019
KK:/rrc/c: 0.999999939 0.000000061 0.000000000
KK:/rrc/crr: 0.000000000 0.999999966 0.000000034
KK:/rrc/r: 0.968909206 0.031090767 0.000000027
KQ:/cc/c: 0.005748355 0.994251645 0.000000000
KQ:/cc/crr: 0.000000000 0.685062441 0.314937559
KQ:/cc/r: 0.029297015 0.963653233 0.007049752
KQ:/crc/c: 0.394898618 0.605101382 0.000000000
KQ:/crc/crr: 0.000000000 0.037517571 0.962482429
KQ:/crc/r: 0.000000020 0.340980153 0.659019828
KQ:/crrc/c: 0.666121020 0.333878980 0.000000000
KQ:/crrc/crr: 0.000000000 0.313900246 0.686099754
KQ:/crrc/r: 0.000006896 0.690238381 0.309754723
KQ:/rc/c: 0.000035485 0.999964515 0.000000000
KQ:/rc/crr: 0.000000000 0.006020979 0.993979021
KQ:/rc/r: 0.000000178 0.233130289 0.766869533
KQ:/rrc/c: 0.565054542 0.434945458 0.000000000
KQ:/rrc/crr: 0.000000000 0.371117162 0.628882838
KQ:/rrc/r: 0.088128153 0.454452974 0.457418873
Q:/c: 0.873809253 0.126190747 0.000000000
Q:/crr: 0.000000000 0.999999955 0.000000045
Q:/r: 0.419550547 0.580449214 0.000000239
QJ:/cc/c: 0.000000615 0.999999385 0.000000000
QJ:/cc/crr: 0.000000000 0.067811469 0.932188531
QJ:/cc/r: 0.000000119 0.000000098 0.999999783
QJ:/crc/c: 0.581530672 0.418469328 0.000000000
QJ:/crc/crr: 0.000000000 0.001063912 0.998936088
QJ:/crc/r: 0.000000059 0.000000006 0.999999935
QJ:/crrc/c: 0.000000120 0.999999880 0.000000000
QJ:/crrc/crr: 0.000000000 0.155459240 0.844540760
QJ:/crrc/r: 0.016130929 0.000000000 0.983869071
QJ:/rc/c: 0.000000691 0.999999309 0.000000000
QJ:/rc/crr: 0.000000000 0.001798333 0.998201667
QJ:/rc/r: 0.016327760 0.000000008 0.983672233
QJ:/rrc/c: 0.000000422 0.999999578 0.000000000
QJ:/rrc/crr: 0.000000000 0.066033922 0.933966078
QJ:/rrc/r: 0.000000054 0.000000012 0.999999934
QK:/cc/c: 0.182479927 0.817520073 0.000000000
QK:/cc/crr: 0.000000000 0.999999943 0.000000057
QK:/cc/r: 0.000000195 0.652754392 0.347245413
QK:/crc/c: 0.303002423 0.696997577 0.000000000
QK:/crc/crr: 0.000000000 0.000010889 0.999989111
QK:/crc/r: 0.000000263 0.363528395 0.636471343
QK:/crrc/c: 0.198570295 0.801429705 0.000000000
QK:/crrc/crr: 0.000000000 0.000003196 0.999996804
QK:/crrc/r: 0.000000397 0.215848073 0.784151530
QK:/rc/c: 0.419045491 0.580954509 0.000000000
QK:/rc/crr: 0.000000000 0.000006501 0.999993499
QK:/rc/r: 0.000000021 0.233675822 0.766324158
QK:/rrc/c: 0.475681660 0.524318340 0.000000000
QK:/rrc/crr: 0.000000000 0.047559235 0.952440765
QK:/rrc/r: 0.000000058 0.426616934 0.573383008
QQ:/cc/c: 0.999999989 0.000000011 0.000000000
QQ:/cc/crr: 0.000000000 0.999999990 0.000000010
QQ:/cc/r: 0.999999747 0.000000106 0.000000147
QQ:/crc/c: 0.999999976 0.000000024 0.000000000
QQ:/crc/crr: 0.000000000 0.999999986 0.000000014
QQ:/crc/r: 0.999999967 0.000000018 0.000000015
QQ:/crrc/c: 0.999999995 0.000000005 0.000000000
QQ:/crrc/crr: 0.000000000 0.999999996 0.000000004
QQ:/crrc/r: 0.999999968 0.000000027 0.000000005
QQ:/rc/c: 0.999999991 0.000000009 0.000000000
QQ:/rc/crr: 0.000000000 0.999999996 0.000000004
QQ:/rc/r: 0.999999980 0.000000008 0.000000012
QQ:/rrc/c: 0.999999951 0.000000049 0.000000000
QQ:/rrc/crr: 0.000000000 0.999999958 0.000000042
QQ:/rrc/r: 0.999999828 0.000000128 0.000000044
