J:/c: 0.291792683 0.708207317 0.000000000
J:/crr: 0.000000000 0.999999998 0.000000002
J:/r: 0.065279103 0.154134615 0.780586282
JJ:/cc/c: 0.999999995 0.000000005 0.000000000
JJ:/cc/crr: 0.000000000 0.999999998 0.000000002
JJ:/cc/r: 0.999999986 0.000000010 0.000000003
JJ:/crc/c: 0.999999987 0.000000013 0.000000000
JJ:/crc/crr: 0.000000000 0.999999995 0.000000005
JJ:/crc/r: 0.629286370 0.370713624 0.000000006
JJ:/crrc/c: 0.999999994 0.000000006 0.000000000
JJ:/crrc/crr: 0.000000000 0.999999998 0.000000002
JJ:/crrc/r: 0.999999931 0.000000066 0.000000003
JJ:/rc/c: 0.999999979 0.000000021 0.000000000
JJ:/rc/crr: 0.000000000 0.999999992 0.000000008
JJ:/rc/r: 0.999999976 0.000000013 0.000000010
JJ:/rrc/c: 0.999999953 0.000000047 0.000000000
JJ:/rrc/crr: 0.000000000 0.999999982 0.000000018
JJ:/rrc/r: 0.999999607 0.000000369 0.000000024
JK:/cc/c: 0.007303789 0.992696211 0.000000000
JK:/cc/crr: 0.000000000 0.000000457 0.999999543
JK:/cc/r: 0.000000818 0.000000005 0.999999177
JK:/crc/c: 0.550891350 0.449108650 0.000000000
JK:/crc/crr: 0.000000000 0.000000102 0.999999898
JK:/crc/r: 0.017378750 0.000000140 0.982621110
JK:/crrc/c: 0.382505428 0.617494572 0.000000000
JK:/crrc/crr: 0.000000000 0.000000336 0.999999664
JK:/crrc/r: 0.252457641 0.000000083 0.747542275
JK:/rc/c: 0.379688134 0.620311866 0.000000000
JK:/rc/crr: 0.000000000 0.000000024 0.999999976
JK:/rc/r: 0.422328470 0.000000012 0.577671519
JK:/rrc/c: 0.999998952 0.000001048 0.000000000
JK:/rrc/crr: 0.000000000 0.000000138 0.999999862
JK:/rrc/r: 0.352217858 0.000000171 0.647781971
JQ:/cc/c: 0.069255842 0.930744158 0.000000000
JQ:/cc/crr: 0.000000000 0.000000000 1.000000000
JQ:/cc/r: 0.044345631 0.000000000 0.955654369
JQ:/crc/c: 0.384578118 0.615421882 0.000000000
JQ:/crc/crr: 0.000000000 0.000004154 0.999995846
JQ:/crc/r: 0.157219395 0.000000035 0.842780570
JQ:/crrc/c: 0.034948698 0.965051302 0.000000000
JQ:/crrc/crr: 0.000000000 0.000000900 0.999999100
JQ:/crrc/r: 0.184415353 0.000000016 0.815584631
JQ:/rc/c: 0.999977606 0.000022394 0.000000000
JQ:/rc/crr: 0.000000000 0.000000000 1.000000000
JQ:/rc/r: 0.000000040 0.000000041 0.999999919
JQ:/rrc/c: 0.000009932 0.999990068 0.000000000
JQ:/rrc/crr: 0.000000000 0.022137232 0.977862768
JQ:/rrc/r: 0.486699633 0.000000159 0.513300207
K:/c: 0.999997435 0.000002565 0.000000000
K:/crr: 0.000000000 0.999999999 0.000000001
K:/r: 0.523621282 0.476378717 0.000000001
KJ:/cc/c: 0.009996809 0.990003191 0.000000000
KJ:/cc/crr: 0.000000000 0.971391766 0.028608234
KJ:/cc/r: 0.009636355 0.007321835 0.983041809
KJ:/crc/c: 0.111249287 0.888750713 0.000000000
KJ:/crc/crr: 0.000000000 0.999999990 0.000000010
KJ:/crc/r: 0.000000130 0.776137540 0.223862330
KJ:/crrc/c: 0.271670530 0.728329470 0.000000000
KJ:/crrc/crr: 0.000000000 0.693101622 0.306898378
KJ:/crrc/r: 0.041403409 0.808334714 0.150261877
KJ:/rc/c: 0.348036762 0.651963238 0.000000000
KJ:/rc/crr: 0.000000000 0.760038189 0.239961811
KJ:/rc/r: 0.021044950 0.768874934 0.210080116
KJ:/rrc/c: 0.421226341 0.578773659 0.000000000
KJ:/rrc/crr: 0.000000000 0.999974896 0.000025104
KJ:/rrc/r: 0.034019812 0.904310086 0.061670102
KK:/cc/c: 0.992944284 0.007055716 0.000000000
KK:/cc/crr: 0.000000000 0.997747844 0.002252156
KK:/cc/r: 0.997437846 0.002114292 0.000447863
KK:/crc/c: 0.999999793 0.000000207 0.000000000
KK:/crc/crr: 0.000000000 0.999999959 0.000000041
KK:/crc/r: 0.702958696 0.297041282 0.000000022
KK:/crrc/c: 0.999999992 0.000000008 0.000000000
KK:/crrc/crr: 0.000000000 0.999999998 0.000000002
KK:/crrc/r: 0.999992839 0.000007157 0.000000004
KK:/rc/c: 0.999999970 0.000000030 0.000000000
KK:/rc/crr: 0.000000000 0.999999990 0.000000010
KK:/rc/r: 0.999999963 0.000000020 0.000000016
KK:/rrc/c: 0.999999905 0.000000095 0.000000000
KK:/rrc/crr: 0.000000000 0.999999981 0.000000019
KK:/rrc/r: 0.952637497 0.047362480 0.000000023
KQ:/cc/c: 0.003717674 0.996282326 0.000000000
KQ:/cc/crr: 0.000000000 0.792967881 0.207032119
KQ:/cc/r: 0.019166328 0.976775451 0.004058220
KQ:/crc/c: 0.296374404 0.703625596 0.000000000
KQ:/crc/crr: 0.000000000 0.064227962 0.935772038
KQ:/crc/r: 0.000000018 0.476727777 0.523272206
KQ:/crrc/c: 0.562874626 0.437125374 0.000000000
KQ:/crrc/crr: 0.000000000 0.446165832 0.553834168
KQ:/crrc/r: 0.000005138 0.796895695 0.203099167
KQ:/rc/c: 0.000022903 0.999977097 0.000000000
KQ:/rc/crr: 0.000000000 0.010553450 0.989446550
KQ:/rc/r: 0.000000172 0.348657332 0.651342496
KQ:/rrc/c: 0.456074953 0.543925047 0.000000000
KQ:/rrc/crr: 0.000000000 0.509585331 0.490414669
KQ:/rrc/r: 0.073763205 0.589348885 0.336887910
Q:/c: 0.846048305 0.153951695 0.000000000
Q:/crr: 0.000000000 0.999999975 0.000000025
Q:/r: 0.364531761 0.635468095 0.000000144
QJ:/cc/c: 0.000000488 0.999999512 0.000000000
QJ:/cc/crr: 0.000000000 0.116960139 0.883039861
QJ:/cc/r: 0.000000172 0.000000178 0.999999650
QJ:/crc/c: 0.524463007 0.475536993 0.000000000
QJ:/crc/crr: 0.000000000 0.001935463 0.998064537
QJ:/crc/r: 0.000000085 0.000000012 0.999999903
QJ:/crrc/c: 0.000000095 0.999999905 0.000000000
QJ:/crrc/crr: 0.000000000 0.251026925 0.748973075
QJ:/crrc/r: 0.023143684 0.000000000 0.976856316
QJ:/rc/c: 0.000000548 0.999999452 0.000000000
QJ:/rc/crr: 0.000000000 0.003269549 0.996730451
QJ:/rc/r: 0.023424047 0.000000014 0.976575938
QJ:/rrc/c: 0.000000335 0.999999665 0.000000000
QJ:/rrc/crr: 0.000000000 0.114051882 0.885948118
QJ:/rrc/r: 0.000000079 0.000000022 0.999999899
QK:/cc/c: 0.150489730 0.849510270 0.000000000
QK:/cc/crr: 0.000000000 0.999999969 0.000000031
QK:/cc/r: 0.000000184 0.773894691 0.226105126
QK:/crc/c: 0.256513172 0.743486828 0.000000000
QK:/crc/crr: 0.000000000 0.000019827 0.999980173
QK:/crc/r: 0.000000292 0.509794750 0.490204958
QK:/crrc/c: 0.164326319 0.835673681 0.000000000
QK:/crrc/crr: 0.000000000 0.000005820 0.999994180
QK:/crrc/r: 0.000000488 0.333863667 0.666135845
QK:/rc/c: 0.364051354 0.635948646 0.000000000
QK:/rc/crr: 0.000000000 0.000011836 0.999988164
QK:/rc/r: 0.000000025 0.357001150 0.642998824
QK:/rrc/c: 0.418610491 0.581389509 0.000000000
QK:/rrc/crr: 0.000000000 0.083341731 0.916658269
QK:/rrc/r: 0.000000062 0.575322093 0.424677845
QQ:/cc/c: 0.999999986 0.000000014 0.000000000
QQ:/cc/crr: 0.000000000 0.999999995 0.000000005
QQ:/cc/r: 0.999999764 0.000000134 0.000000102
QQ:/crc/c: 0.999999970 0.000000030 0.000000000
QQ:/crc/crr: 0.000000000 0.999999992 0.000000008
QQ:/crc/r: 0.999999967 0.000000023 0.000000010
QQ:/crrc/c: 0.999999994 0.000000006 0.000000000
QQ:/crrc/crr: 0.000000000 0.999999998 0.000000002
QQ:/crrc/r: 0.999999963 0.000000034 0.000000003
QQ:/rc/c: 0.999999989 0.000000011 0.000000000
QQ:/rc/crr: 0.000000000 0.999999998 0.000000002
QQ:/rc/r: 0.999999982 0.000000010 0.000000008
QQ:/rrc/c: 0.999999938 0.000000062 0.000000000
QQ:/rrc/crr: 0.000000000 0.999999977 0.000000023
QQ:/rrc/r: 0.999999808 0.000000162 0.000000030
