J:/c: 0.224887741 0.775112259 0.000000000
J:/crr: 0.000000000 0.999999998 0.000000002
J:/r: 0.053504738 0.179403562 0.767091700
JJ:/cc/c: 0.999999993 0.000000007 0.000000000
JJ:/cc/crr: 0.000000000 0.999999998 0.000000002
JJ:/cc/r: 0.999999982 0.000000015 0.000000004
JJ:/crc/c: 0.999999981 0.000000019 0.000000000
JJ:/crc/crr: 0.000000000 0.999999996 0.000000004
JJ:/crc/r: 0.544492838 0.455507156 0.000000007
JJ:/crrc/c: 0.999999991 0.000000009 0.000000000
JJ:/crrc/crr: 0.000000000 0.999999998 0.000000002
JJ:/crrc/r: 0.999999902 0.000000094 0.000000004
JJ:/rc/c: 0.999999971 0.000000029 0.000000000
JJ:/rc/crr: 0.000000000 0.999999993 0.000000007
JJ:/rc/r: 0.999999968 0.000000019 0.000000012
JJ:/rrc/c: 0.999999933 0.000000067 0.000000000
JJ:/rrc/crr: 0.000000000 0.999999985 0.000000015
JJ:/rrc/r: 0.999999447 0.000000524 0.000000029
JK:/cc/c: 0.005154360 0.994845640 0.000000000
JK:/cc/crr: 0.000000000 0.000000541 0.999999459
JK:/cc/r: 0.000000682 0.000000006 0.999999312
JK:/crc/c: 0.463455173 0.536544827 0.000000000
JK:/crc/crr: 0.000000000 0.000000120 0.999999880
JK:/crc/r: 0.014536657 0.000000166 0.985463177
JK:/crrc/c: 0.303721060 0.696278940 0.000000000
JK:/crrc/crr: 0.000000000 0.000000398 0.999999602
JK:/crrc/r: 0.219769463 0.000000103 0.780230434
JK:/rc/c: 0.301200995 0.698799005 0.000000000
JK:/rc/crr: 0.000000000 0.000000029 0.999999971
JK:/rc/r: 0.378790555 0.000000015 0.621209430
JK:/rrc/c: 0.999998511 0.000001489 0.000000000
JK:/rrc/crr: 0.000000000 0.000000163 0.999999837
JK:/rrc/r: 0.312003916 0.000000215 0.687995869
JQ:/cc/c: 0.049788993 0.950211007 0.000000000
JQ:/cc/crr: 0.000000000 0.000000000 1.000000000
JQ:/cc/r: 0.037260648 0.000000000 0.962739352
JQ:/crc/c: 0.305578104 0.694421896 0.000000000
JQ:/crc/crr: 0.000000000 0.000004920 0.999995080
JQ:/crc/r: 0.134641609 0.000000042 0.865358349
JQ:/crrc/c: 0.024867461 0.975132539 0.000000000
JQ:/crrc/crr: 0.000000000 0.000001066 0.999998934
JQ:/crrc/r: 0.158667321 0.000000020 0.841332659
JQ:/rc/c: 0.999968199 0.000031801 0.000000000
JQ:/rc/crr: 0.000000000 0.000000000 1.000000000
JQ:/rc/r: 0.000000033 0.000000049 0.999999918
JQ:/rrc/c: 0.000006994 0.999993006 0.000000000
JQ:/rrc/crr: 0.000000000 0.026113101 0.973886899
JQ:/rrc/r: 0.441598560 0.000000205 0.558401235
K:/c: 0.999997038 0.000002962 0.000000000
K:/crr: 0.000000000 0.999999999 0.000000001
K:/r: 0.487644595 0.512355405 0.000000001
KJ:/cc/c: 0.008667845 0.991332155 0.000000000
KJ:/cc/crr: 0.000000000 0.976518460 0.023481540
KJ:/cc/r: 0.010196793 0.008947539 0.980855669
KJ:/crc/c: 0.097789516 0.902210484 0.000000000
KJ:/crc/crr: 0.000000000 0.999999992 0.000000008
KJ:/crc/r: 0.000000117 0.809388495 0.190611388
KJ:/crrc/c: 0.244133297 0.755866703 0.000000000
KJ:/crrc/crr: 0.000000000 0.734466574 0.265533426
KJ:/crrc/r: 0.037079503 0.836030043 0.126890454
KJ:/rc/c: 0.316118553 0.683881447 0.000000000
KJ:/rc/crr: 0.000000000 0.795048979 0.204951021
KJ:/rc/r: 0.019009297 0.802059757 0.178930946
KJ:/rrc/c: 0.386575887 0.613424113 0.000000000
KJ:/rrc/crr: 0.000000000 0.999979503 0.000020497
KJ:/rrc/r: 0.029933032 0.918901635 0.051165333
KK:/cc/c: 0.991860464 0.008139536 0.000000000
KK:/cc/crr: 0.000000000 0.998160383 0.001839617
KK:/cc/r: 0.997136828 0.002440994 0.000422178
KK:/crc/c: 0.999999761 0.000000239 0.000000000
KK:/crc/crr: 0.000000000 0.999999967 0.000000033
KK:/crc/r: 0.672042984 0.327956997 0.000000020
KK:/crrc/c: 0.999999991 0.000000009 0.000000000
KK:/crrc/crr: 0.000000000 0.999999998 0.000000002
KK:/crrc/r: 0.999991730 0.000008266 0.000000004
KK:/rc/c: 0.999999965 0.000000035 0.000000000
KK:/rc/crr: 0.000000000 0.999999992 0.000000008
KK:/rc/r: 0.999999961 0.000000023 0.000000015
KK:/rrc/c: 0.999999890 0.000000110 0.000000000
KK:/rrc/crr: 0.000000000 0.999999984 0.000000016
KK:/rrc/r: 0.945700787 0.054299191 0.000000022
KQ:/cc/c: 0.003220735 0.996779265 0.000000000
KQ:/cc/crr: 0.000000000 0.824284942 0.175715058
KQ:/cc/r: 0.016651300 0.980024194 0.003324506
KQ:/crc/c: 0.267251952 0.732748048 0.000000000
KQ:/crc/crr: 0.000000000 0.077544338 0.922455662
KQ:/crc/r: 0.000000017 0.527369514 0.472630469
KQ:/crrc/c: 0.527185579 0.472814421 0.000000000
KQ:/crrc/crr: 0.000000000 0.496642350 0.503357650
KQ:/crrc/r: 0.000004622 0.827747453 0.172247925
KQ:/rc/c: 0.000019831 0.999980169 0.000000000
KQ:/rc/crr: 0.000000000 0.012894842 0.987105158
KQ:/rc/r: 0.000000169 0.395989830 0.604010001
KQ:/rrc/c: 0.420641266 0.579358734 0.000000000
KQ:/rrc/crr: 0.000000000 0.559982202 0.440017798
KQ:/rrc/r: 0.068805880 0.634879189 0.296314931
Q:/c: 0.794656272 0.205343728 0.000000000
Q:/crr: 0.000000000 0.999999979 0.000000021
Q:/r: 0.287724449 0.712275415 0.000000136
QJ:/cc/c: 0.000000344 0.999999656 0.000000000
QJ:/cc/crr: 0.000000000 0.135604628 0.864395372
QJ:/cc/r: 0.000000144 0.000000210 0.999999646
QJ:/crc/c: 0.437138629 0.562861371 0.000000000
QJ:/crc/crr: 0.000000000 0.002291577 0.997708423
QJ:/crc/r: 0.000000071 0.000000014 0.999999915
QJ:/crrc/c: 0.000000067 0.999999933 0.000000000
QJ:/crrc/crr: 0.000000000 0.284165447 0.715834553
QJ:/crrc/r: 0.019377395 0.000000000 0.980622605
QJ:/rc/c: 0.000000386 0.999999614 0.000000000
QJ:/rc/crr: 0.000000000 0.003870174 0.996129826
QJ:/rc/r: 0.019613050 0.000000017 0.980386933
QJ:/rrc/c: 0.000000236 0.999999764 0.000000000
QJ:/rrc/crr: 0.000000000 0.132302228 0.867697772
QJ:/rrc/r: 0.000000066 0.000000026 0.999999908
QK:/cc/c: 0.110910100 0.889089900 0.000000000
QK:/cc/crr: 0.000000000 0.999999974 0.000000026
QK:/cc/r: 0.000000134 0.802133972 0.197865893
QK:/crc/c: 0.195464826 0.804535174 0.000000000
QK:/crc/crr: 0.000000000 0.000023483 0.999976517
QK:/crc/r: 0.000000223 0.551920786 0.448078991
QK:/crrc/c: 0.121628617 0.878371383 0.000000000
QK:/crrc/crr: 0.000000000 0.000006893 0.999993107
QK:/crrc/r: 0.000000383 0.372498952 0.627500664
QK:/rc/c: 0.287299493 0.712700507 0.000000000
QK:/rc/crr: 0.000000000 0.000014019 0.999985981
QK:/rc/r: 0.000000020 0.396719319 0.603280661
QK:/rrc/c: 0.336441378 0.663558622 0.000000000
QK:/rrc/crr: 0.000000000 0.097217146 0.902782854
QK:/rrc/r: 0.000000047 0.616057959 0.383941994
QQ:/cc/c: 0.999999980 0.000000020 0.000000000
QQ:/cc/crr: 0.000000000 0.999999995 0.000000005
QQ:/cc/r: 0.999999688 0.000000190 0.000000122
QQ:/crc/c: 0.999999958 0.000000042 0.000000000
QQ:/crc/crr: 0.000000000 0.999999993 0.000000007
QQ:/crc/r: 0.999999955 0.000000032 0.000000012
QQ:/crrc/c: 0.999999991 0.000000009 0.000000000
QQ:/crrc/crr: 0.000000000 0.999999998 0.000000002
QQ:/crrc/r: 0.999999948 0.000000048 0.000000004
QQ:/rc/c: 0.999999984 0.000000016 0.000000000
QQ:/rc/crr: 0.000000000 0.999999998 0.000000002
QQ:/rc/r: 0.999999976 0.000000015 0.000000010
QQ:/rrc/c: 0.999999912 0.000000088 0.000000000
QQ:/rrc/crr: 0.000000000 0.999999980 0.000000020
QQ:/rrc/r: 0.999999734 0.000000230 0.000000036
