J:/c: 0.396297572 0.603702428 0.000000000
J:/crr: 0.000000000 0.999999996 0.000000004
J:/r: 0.066084346 0.097935490 0.835980164
JJ:/cc/c: 0.999999997 0.000000003 0.000000000
JJ:/cc/crr: 0.000000000 0.999999996 0.000000004
JJ:/cc/r: 0.999999990 0.000000006 0.000000003
JJ:/crc/c: 0.999999992 0.000000008 0.000000000
JJ:/crc/crr: 0.000000000 0.999999992 0.000000008
JJ:/crc/r: 0.730061342 0.269938650 0.000000008
JJ:/crrc/c: 0.999999996 0.000000004 0.000000000
JJ:/crrc/crr: 0.000000000 0.999999996 0.000000004
JJ:/crrc/r: 0.999999955 0.000000041 0.000000003
JJ:/rc/c: 0.999999987 0.000000013 0.000000000
JJ:/rc/crr: 0.000000000 0.999999987 0.000000013
JJ:/rc/r: 0.999999981 0.000000008 0.000000011
JJ:/rrc/c: 0.999999970 0.000000030 0.000000000
JJ:/rrc/crr: 0.000000000 0.999999970 0.000000030
JJ:/rrc/r: 0.999999743 0.000000232 0.000000025
JK:/cc/c: 0.011586573 0.988413427 0.000000000
JK:/cc/crr: 0.000000000 0.000000271 0.999999729
JK:/cc/r: 0.000000773 0.000000003 0.999999224
JK:/crc/c: 0.661514364 0.338485636 0.000000000
JK:/crc/crr: 0.000000000 0.000000060 0.999999940
JK:/crc/r: 0.016443009 0.000000083 0.983556907
JK:/crrc/c: 0.496712509 0.503287491 0.000000000
JK:/crrc/crr: 0.000000000 0.000000199 0.999999801
JK:/crrc/r: 0.241981388 0.000000050 0.758018562
JK:/rc/c: 0.493726612 0.506273388 0.000000000
JK:/rc/crr: 0.000000000 0.000000015 0.999999985
JK:/rc/r: 0.408656597 0.000000007 0.591343395
JK:/rrc/c: 0.999999342 0.000000658 0.000000000
JK:/rrc/crr: 0.000000000 0.000000082 0.999999918
JK:/rrc/r: 0.339481852 0.000000104 0.660518044
JQ:/cc/c: 0.105987400 0.894012600 0.000000000
JQ:/cc/crr: 0.000000000 0.000000000 1.000000000
JQ:/cc/r: 0.042019976 0.000000000 0.957980024
JQ:/crc/c: 0.498904051 0.501095949 0.000000000
JQ:/crc/crr: 0.000000000 0.000002464 0.999997536
JQ:/crc/r: 0.149902740 0.000000021 0.850097239
JQ:/crrc/c: 0.054551059 0.945448941 0.000000000
JQ:/crrc/crr: 0.000000000 0.000000534 0.999999466
JQ:/crrc/r: 0.176097509 0.000000010 0.823902481
JQ:/rc/c: 0.999985944 0.000014056 0.000000000
JQ:/rc/crr: 0.000000000 0.000000000 1.000000000
JQ:/rc/r: 0.000000038 0.000000024 0.999999938
JQ:/rrc/c: 0.000015824 0.999984176 0.000000000
JQ:/rrc/crr: 0.000000000 0.013253057 0.986746943
JQ:/rrc/r: 0.472648938 0.000000097 0.527350965
K:/c: 0.999998691 0.000001309 0.000000000
K:/crr: 0.000000000 0.999999999 0.000000001
K:/r: 0.682884310 0.317115689 0.000000001
KJ:/cc/c: 0.019399098 0.980600902 0.000000000
KJ:/cc/crr: 0.000000000 0.954193992 0.045806008
KJ:/cc/r: 0.011592372 0.004495883 0.983911746
KJ:/crc/c: 0.196938470 0.803061530 0.000000000
KJ:/crc/crr: 0.000000000 0.999999984 0.000000016
KJ:/crc/r: 0.000000223 0.680205040 0.319794737
KJ:/crrc/c: 0.422221582 0.577778418 0.000000000
KJ:/crrc/crr: 0.000000000 0.580804402 0.419195598
KJ:/crrc/r: 0.071506090 0.712580106 0.215913804
KJ:/rc/c: 0.511203929 0.488796071 0.000000000
KJ:/rc/crr: 0.000000000 0.660226861 0.339773139
KJ:/rc/r: 0.035773186 0.667115394 0.297111420
KJ:/rrc/c: 0.587771902 0.412228098 0.000000000
KJ:/rrc/crr: 0.000000000 0.999959081 0.000040919
KJ:/rrc/r: 0.062203017 0.843980560 0.093816423
KK:/cc/c: 0.996386073 0.003613927 0.000000000
KK:/cc/crr: 0.000000000 0.996334175 0.003665825
KK:/cc/r: 0.998546567 0.001080396 0.000373037
KK:/crc/c: 0.999999895 0.000000105 0.000000000
KK:/crc/crr: 0.000000000 0.999999933 0.000000067
KK:/crc/r: 0.822580618 0.177419360 0.000000021
KK:/crrc/c: 0.999999996 0.000000004 0.000000000
KK:/crrc/crr: 0.000000000 0.999999996 0.000000004
KK:/crrc/r: 0.999996343 0.000003653 0.000000003
KK:/rc/c: 0.999999984 0.000000016 0.000000000
KK:/rc/crr: 0.000000000 0.999999984 0.000000016
KK:/rc/r: 0.999999976 0.000000010 0.000000014
KK:/rrc/c: 0.999999951 0.000000049 0.000000000
KK:/rrc/crr: 0.000000000 0.999999969 0.000000031
KK:/rrc/r: 0.975250923 0.024749057 0.000000020
KQ:/cc/c: 0.007257548 0.992742452 0.000000000
KQ:/cc/crr: 0.000000000 0.701473671 0.298526329
KQ:/cc/r: 0.036779282 0.956741469 0.006479248
KQ:/crc/c: 0.452117295 0.547882705 0.000000000
KQ:/crc/crr: 0.000000000 0.040406590 0.959593410
KQ:/crc/r: 0.000000026 0.358532375 0.641467599
KQ:/crrc/c: 0.716128947 0.283871053 0.000000000
KQ:/crrc/crr: 0.000000000 0.330758131 0.669241869
KQ:/crrc/r: 0.000008925 0.706493762 0.293497313
KQ:/rc/c: 0.000044868 0.999955132 0.000000000
KQ:/rc/crr: 0.000000000 0.006501003 0.993498997
KQ:/rc/r: 0.000000239 0.247213394 0.752786367
KQ:/rrc/c: 0.621600949 0.378399051 0.000000000
KQ:/rrc/crr: 0.000000000 0.389304295 0.610695705
KQ:/rrc/r: 0.112636953 0.459355709 0.428007337
Q:/c: 0.897496737 0.102503263 0.000000000
Q:/crr: 0.000000000 0.999999958 0.000000042
Q:/r: 0.477522335 0.522477466 0.000000199
QJ:/cc/c: 0.000000777 0.999999223 0.000000000
QJ:/cc/crr: 0.000000000 0.072856668 0.927143332
QJ:/cc/r: 0.000000163 0.000000105 0.999999732
QJ:/crc/c: 0.637309948 0.362690052 0.000000000
QJ:/crc/crr: 0.000000000 0.001149190 0.998850810
QJ:/crc/r: 0.000000080 0.000000007 0.999999913
QJ:/crrc/c: 0.000000151 0.999999849 0.000000000
QJ:/crrc/crr: 0.000000000 0.165865176 0.834134824
QJ:/crrc/r: 0.021904454 0.000000000 0.978095546
QJ:/rc/c: 0.000000873 0.999999127 0.000000000
QJ:/rc/crr: 0.000000000 0.001942364 0.998057636
QJ:/rc/r: 0.022170147 0.000000008 0.977829845
QJ:/rrc/c: 0.000000533 0.999999467 0.000000000
QJ:/rrc/crr: 0.000000000 0.070956939 0.929043061
QJ:/rrc/r: 0.000000074 0.000000013 0.999999913
QK:/cc/c: 0.220116447 0.779883553 0.000000000
QK:/cc/crr: 0.000000000 0.999999948 0.000000052
QK:/cc/r: 0.000000254 0.670038244 0.329961503
QK:/crc/c: 0.354711263 0.645288737 0.000000000
QK:/crc/crr: 0.000000000 0.000011763 0.999988237
QK:/crc/r: 0.000000348 0.381569240 0.618430412
QK:/crrc/c: 0.238557058 0.761442942 0.000000000
QK:/crrc/crr: 0.000000000 0.000003453 0.999996547
QK:/crrc/r: 0.000000533 0.229199189 0.770800277
QK:/rc/c: 0.477004834 0.522995166 0.000000000
QK:/rc/crr: 0.000000000 0.000007022 0.999992978
QK:/rc/r: 0.000000028 0.247781248 0.752218724
QK:/rrc/c: 0.534270483 0.465729517 0.000000000
QK:/rrc/crr: 0.000000000 0.051180388 0.948819612
QK:/rrc/r: 0.000000077 0.445596749 0.554403174
QQ:/cc/c: 0.999999991 0.000000009 0.000000000
QQ:/cc/crr: 0.000000000 0.999999991 0.000000009
QQ:/cc/r: 0.999999808 0.000000084 0.000000108
QQ:/crc/c: 0.999999981 0.000000019 0.000000000
QQ:/crc/crr: 0.000000000 0.999999987 0.000000013
QQ:/crc/r: 0.999999975 0.000000014 0.000000011
QQ:/crrc/c: 0.999999996 0.000000004 0.000000000
QQ:/crrc/crr: 0.000000000 0.999999996 0.000000004
QQ:/crrc/r: 0.999999975 0.000000021 0.000000003
QQ:/rc/c: 0.999999993 0.000000007 0.000000000
QQ:/rc/crr: 0.000000000 0.999999996 0.000000004
QQ:/rc/r: 0.999999985 0.000000006 0.000000008
QQ:/rrc/c: 0.999999961 0.000000039 0.000000000
QQ:/rrc/crr: 0.000000000 0.999999961 0.000000039
QQ:/rrc/r: 0.999999866 0.000000102 0.000000032
