J:/c: 0.372709005 0.627290995 0.000000000
J:/crr: 0.000000000 0.999999995 0.000000005
J:/r: 0.052018565 0.085172134 0.862809301
JJ:/cc/c: 0.999999996 0.000000004 0.000000000
JJ:/cc/crr: 0.000000000 0.999999995 0.000000005
JJ:/cc/r: 0.999999988 0.000000007 0.000000004
JJ:/crc/c: 0.999999991 0.000000009 0.000000000
JJ:/crc/crr: 0.000000000 0.999999991 0.000000009
JJ:/crc/r: 0.709969779 0.290030211 0.000000010
JJ:/crrc/c: 0.999999996 0.000000004 0.000000000
JJ:/crrc/crr: 0.000000000 0.999999995 0.000000005
JJ:/crrc/r: 0.999999950 0.000000046 0.000000004
JJ:/rc/c: 0.999999986 0.000000014 0.000000000
JJ:/rc/crr: 0.000000000 0.999999984 0.000000016
JJ:/rc/r: 0.999999976 0.000000009 0.000000014
JJ:/rrc/c: 0.999999967 0.000000033 0.000000000
JJ:/rrc/crr: 0.000000000 0.999999964 0.000000036
JJ:/rrc/r: 0.999999711 0.000000256 0.000000033
JK:/cc/c: 0.010498689 0.989501311 0.000000000
JK:/cc/crr: 0.000000000 0.000000229 0.999999771
JK:/cc/r: 0.000000590 0.000000003 0.999999408
JK:/crc/c: 0.638844740 0.361155260 0.000000000
JK:/crc/crr: 0.000000000 0.000000051 0.999999949
JK:/crc/r: 0.012589843 0.000000070 0.987410087
JK:/crrc/c: 0.471818228 0.528181772 0.000000000
JK:/crrc/crr: 0.000000000 0.000000168 0.999999832
JK:/crrc/r: 0.195797972 0.000000045 0.804201983
JK:/rc/c: 0.468842573 0.531157427 0.000000000
JK:/rc/crr: 0.000000000 0.000000012 0.999999988
JK:/rc/r: 0.345146690 0.000000007 0.654853304
JK:/rrc/c: 0.999999273 0.000000727 0.000000000
JK:/rrc/crr: 0.000000000 0.000000069 0.999999931
JK:/rrc/r: 0.281602990 0.000000095 0.718396916
JQ:/cc/c: 0.096905039 0.903094961 0.000000000
JQ:/cc/crr: 0.000000000 0.000000000 1.000000000
JQ:/cc/r: 0.032370498 0.000000000 0.967629502
JQ:/crc/c: 0.474003379 0.525996621 0.000000000
JQ:/crc/crr: 0.000000000 0.000002077 0.999997923
JQ:/crc/r: 0.118544708 0.000000018 0.881455273
JQ:/crrc/c: 0.049631726 0.950368274 0.000000000
JQ:/crrc/crr: 0.000000000 0.000000450 0.999999550
JQ:/crrc/r: 0.140163297 0.000000008 0.859836695
JQ:/rc/c: 0.999984471 0.000015529 0.000000000
JQ:/rc/crr: 0.000000000 0.000000000 1.000000000
JQ:/rc/r: 0.000000029 0.000000021 0.999999951
JQ:/rrc/c: 0.000014322 0.999985678 0.000000000
JQ:/rrc/crr: 0.000000000 0.011190806 0.988809194
JQ:/rrc/r: 0.406022329 0.000000092 0.593977579
K:/c: 0.999998554 0.000001446 0.000000000
K:/crr: 0.000000000 0.999999998 0.000000002
K:/r: 0.660912275 0.339087724 0.000000001
KJ:/cc/c: 0.017590738 0.982409262 0.000000000
KJ:/cc/crr: 0.000000000 0.946100533 0.053899467
KJ:/cc/r: 0.008871926 0.003801528 0.987326546
KJ:/crc/c: 0.181645813 0.818354187 0.000000000
KJ:/crc/crr: 0.000000000 0.999999981 0.000000019
KJ:/crc/r: 0.000000190 0.641870269 0.358129540
KJ:/crrc/c: 0.398107517 0.601892483 0.000000000
KJ:/crrc/crr: 0.000000000 0.538636054 0.461363946
KJ:/crrc/r: 0.062620838 0.689457013 0.247922149
KJ:/rc/c: 0.486285112 0.513714888 0.000000000
KJ:/rc/crr: 0.000000000 0.620832170 0.379167830
KJ:/rc/r: 0.030775554 0.634084125 0.335140321
KJ:/rrc/c: 0.563422918 0.436577082 0.000000000
KJ:/rrc/crr: 0.000000000 0.999951439 0.000048561
KJ:/rrc/r: 0.055654085 0.834287426 0.110058489
KK:/cc/c: 0.996008717 0.003991283 0.000000000
KK:/cc/crr: 0.000000000 0.995652536 0.004347464
KK:/cc/r: 0.998317611 0.001193386 0.000489003
KK:/crc/c: 0.999999883 0.000000117 0.000000000
KK:/crc/crr: 0.000000000 0.999999921 0.000000079
KK:/crc/r: 0.807560106 0.192439867 0.000000028
KK:/crrc/c: 0.999999996 0.000000004 0.000000000
KK:/crrc/crr: 0.000000000 0.999999995 0.000000005
KK:/crrc/r: 0.999995959 0.000004036 0.000000004
KK:/rc/c: 0.999999983 0.000000017 0.000000000
KK:/rc/crr: 0.000000000 0.999999981 0.000000019
KK:/rc/r: 0.999999971 0.000000011 0.000000018
KK:/rrc/c: 0.999999946 0.000000054 0.000000000
KK:/rrc/crr: 0.000000000 0.999999963 0.000000037
KK:/rrc/r: 0.972727097 0.027272878 0.000000026
KQ:/cc/c: 0.006573421 0.993426579 0.000000000
KQ:/cc/crr: 0.000000000 0.664430621 0.335569379
KQ:/cc/r: 0.033365441 0.958927703 0.007706857
KQ:/crc/c: 0.427559312 0.572440688 0.000000000
KQ:/crc/crr: 0.000000000 0.034265820 0.965734180
KQ:/crc/r: 0.000000021 0.320175970 0.679824009
KQ:/crrc/c: 0.695433007 0.304566993 0.000000000
KQ:/crrc/crr: 0.000000000 0.294011173 0.705988827
KQ:/crrc/r: 0.000007658 0.669781991 0.330210350
KQ:/rc/c: 0.000040611 0.999959389 0.000000000
KQ:/rc/crr: 0.000000000 0.005483571 0.994516429
KQ:/rc/r: 0.000000190 0.216742192 0.783257619
KQ:/rrc/c: 0.597883113 0.402116887 0.000000000
KQ:/rrc/crr: 0.000000000 0.349449239 0.650550761
KQ:/rrc/r: 0.095346773 0.429607525 0.475045702
Q:/c: 0.887954784 0.112045216 0.000000000
Q:/crr: 0.000000000 0.999999950 0.000000050
Q:/r: 0.452724660 0.547275092 0.000000248
QJ:/cc/c: 0.000000704 0.999999296 0.000000000
QJ:/cc/crr: 0.000000000 0.062103480 0.937896520
QJ:/cc/r: 0.000000124 0.000000089 0.999999787
QJ:/crc/c: 0.613965255 0.386034745 0.000000000
QJ:/crc/crr: 0.000000000 0.000968521 0.999031479
QJ:/crc/r: 0.000000061 0.000000006 0.999999933
QJ:/crrc/c: 0.000000137 0.999999863 0.000000000
QJ:/crrc/crr: 0.000000000 0.143509342 0.856490658
QJ:/crrc/r: 0.016793333 0.000000000 0.983206667
QJ:/rc/c: 0.000000790 0.999999210 0.000000000
QJ:/rc/crr: 0.000000000 0.001637201 0.998362799
QJ:/rc/r: 0.016998107 0.000000007 0.983001886
QJ:/rrc/c: 0.000000483 0.999999517 0.000000000
QJ:/rrc/crr: 0.000000000 0.060465852 0.939534148
QJ:/rrc/r: 0.000000057 0.000000011 0.999999932
QK:/cc/c: 0.203480012 0.796519988 0.000000000
QK:/cc/crr: 0.000000000 0.999999938 0.000000062
QK:/cc/r: 0.000000216 0.631145630 0.368854154
QK:/crc/c: 0.332235770 0.667764230 0.000000000
QK:/crc/crr: 0.000000000 0.000009912 0.999990088
QK:/crc/r: 0.000000283 0.342062546 0.657937172
QK:/crrc/c: 0.220921692 0.779078308 0.000000000
QK:/crrc/crr: 0.000000000 0.000002909 0.999997091
QK:/crrc/r: 0.000000422 0.200357438 0.799642140
QK:/rc/c: 0.452210791 0.547789209 0.000000000
QK:/rc/crr: 0.000000000 0.000005917 0.999994083
QK:/rc/r: 0.000000022 0.217260242 0.782739736
QK:/rrc/c: 0.509399060 0.490600940 0.000000000
QK:/rrc/crr: 0.000000000 0.043476459 0.956523541
QK:/rrc/r: 0.000000063 0.403789190 0.596210747
QQ:/cc/c: 0.999999990 0.000000010 0.000000000
QQ:/cc/crr: 0.000000000 0.999999989 0.000000011
QQ:/cc/r: 0.999999766 0.000000093 0.000000141
QQ:/crc/c: 0.999999979 0.000000021 0.000000000
QQ:/crc/crr: 0.000000000 0.999999984 0.000000016
QQ:/crc/r: 0.999999970 0.000000016 0.000000014
QQ:/crrc/c: 0.999999996 0.000000004 0.000000000
QQ:/crrc/crr: 0.000000000 0.999999995 0.000000005
QQ:/crrc/r: 0.999999972 0.000000024 0.000000004
QQ:/rc/c: 0.999999992 0.000000008 0.000000000
QQ:/rc/crr: 0.000000000 0.999999995 0.000000005
QQ:/rc/r: 0.999999982 0.000000007 0.000000011
QQ:/rrc/c: 0.999999957 0.000000043 0.000000000
QQ:/rrc/crr: 0.000000000 0.999999953 0.000000047
QQ:/rrc/r: 0.999999846 0.000000112 0.000000042
