J:/c: 0.301251483 0.698748517 0.000000000
J:/crr: 0.000000000 0.999999996 0.000000004
J:/r: 0.046350236 0.104588431 0.849061334
JJ:/cc/c: 0.999999995 0.000000005 0.000000000
JJ:/cc/crr: 0.000000000 0.999999996 0.000000004
JJ:/cc/r: 0.999999985 0.000000010 0.000000005
JJ:/crc/c: 0.999999987 0.000000013 0.000000000
JJ:/crc/crr: 0.000000000 0.999999993 0.000000007
JJ:/crc/r: 0.639801882 0.360198108 0.000000010
JJ:/crrc/c: 0.999999994 0.000000006 0.000000000
JJ:/crrc/crr: 0.000000000 0.999999996 0.000000004
JJ:/crrc/r: 0.999999932 0.000000063 0.000000005
JJ:/rc/c: 0.999999980 0.000000020 0.000000000
JJ:/rc/crr: 0.000000000 0.999999988 0.000000012
JJ:/rc/r: 0.999999971 0.000000013 0.000000016
JJ:/rrc/c: 0.999999955 0.000000045 0.000000000
JJ:/rrc/crr: 0.000000000 0.999999971 0.000000029
JJ:/rrc/r: 0.999999610 0.000000353 0.000000037
JK:/cc/c: 0.007640036 0.992359964 0.000000000
JK:/cc/crr: 0.000000000 0.000000285 0.999999715
JK:/cc/r: 0.000000534 0.000000003 0.999999463
JK:/crc/c: 0.562083111 0.437916889 0.000000000
JK:/crc/crr: 0.000000000 0.000000063 0.999999937
JK:/crc/r: 0.011413185 0.000000088 0.988586727
JK:/crrc/c: 0.393271878 0.606728122 0.000000000
JK:/crrc/crr: 0.000000000 0.000000210 0.999999790
JK:/crrc/r: 0.180630863 0.000000057 0.819369080
JK:/rc/c: 0.390425423 0.609574577 0.000000000
JK:/rc/crr: 0.000000000 0.000000015 0.999999985
JK:/rc/r: 0.323057990 0.000000009 0.676942001
JK:/rrc/c: 0.999998998 0.000001002 0.000000000
JK:/rrc/crr: 0.000000000 0.000000086 0.999999914
JK:/rrc/r: 0.261954206 0.000000122 0.738045672
JQ:/cc/c: 0.072236653 0.927763347 0.000000000
JQ:/cc/crr: 0.000000000 0.000000000 1.000000000
JQ:/cc/r: 0.029400169 0.000000000 0.970599831
JQ:/crc/c: 0.395365555 0.604634445 0.000000000
JQ:/crc/crr: 0.000000000 0.000002591 0.999997409
JQ:/crc/r: 0.108554095 0.000000023 0.891445882
JQ:/crrc/c: 0.036510834 0.963489166 0.000000000
JQ:/crrc/crr: 0.000000000 0.000000561 0.999999439
JQ:/crrc/r: 0.128616579 0.000000011 0.871383411
JQ:/rc/c: 0.999978599 0.000021401 0.000000000
JQ:/rc/crr: 0.000000000 0.000000000 1.000000000
JQ:/rc/r: 0.000000026 0.000000026 0.999999948
JQ:/rrc/c: 0.000010393 0.999989607 0.000000000
JQ:/rrc/crr: 0.000000000 0.013925805 0.986074195
JQ:/rrc/r: 0.382312192 0.000000120 0.617687689
K:/c: 0.999997795 0.000002205 0.000000000
K:/crr: 0.000000000 0.999999999 0.000000001
K:/r: 0.561118714 0.438881285 0.000000001
KJ:/cc/c: 0.011609040 0.988390960 0.000000000
KJ:/cc/crr: 0.000000000 0.969336117 0.030663883
KJ:/cc/r: 0.010432106 0.006814537 0.982753357
KJ:/crc/c: 0.127094627 0.872905373 0.000000000
KJ:/crc/crr: 0.000000000 0.999999990 0.000000010
KJ:/crc/r: 0.000000149 0.763468138 0.236531714
KJ:/crrc/c: 0.302585626 0.697414374 0.000000000
KJ:/crrc/crr: 0.000000000 0.677684414 0.322315586
KJ:/crrc/r: 0.047312525 0.794124341 0.158563133
KJ:/rc/c: 0.383071366 0.616928634 0.000000000
KJ:/rc/crr: 0.000000000 0.746754953 0.253245047
KJ:/rc/r: 0.024022244 0.754533703 0.221444053
KJ:/rrc/c: 0.458447770 0.541552230 0.000000000
KJ:/rrc/crr: 0.000000000 0.999973035 0.000026965
KJ:/rrc/r: 0.039174245 0.895247967 0.065577788
KK:/cc/c: 0.993928047 0.006071953 0.000000000
KK:/cc/crr: 0.000000000 0.997581300 0.002418700
KK:/cc/r: 0.997767983 0.001818301 0.000413716
KK:/crc/c: 0.999999822 0.000000178 0.000000000
KK:/crc/crr: 0.000000000 0.999999956 0.000000044
KK:/crc/r: 0.733523769 0.266476209 0.000000021
KK:/crrc/c: 0.999999993 0.000000007 0.000000000
KK:/crrc/crr: 0.000000000 0.999999997 0.000000003
KK:/crrc/r: 0.999993843 0.000006153 0.000000004
KK:/rc/c: 0.999999974 0.000000026 0.000000000
KK:/rc/crr: 0.000000000 0.999999990 0.000000010
KK:/rc/r: 0.999999968 0.000000017 0.000000015
KK:/rrc/c: 0.999999918 0.000000082 0.000000000
KK:/rrc/crr: 0.000000000 0.999999979 0.000000021
KK:/rrc/r: 0.959009144 0.040990834 0.000000022
KQ:/cc/c: 0.004321660 0.995678340 0.000000000
KQ:/cc/crr: 0.000000000 0.780982206 0.219017794
KQ:/cc/r: 0.022217510 0.973438334 0.004344156
KQ:/crc/c: 0.328831483 0.671168517 0.000000000
KQ:/crc/crr: 0.000000000 0.060061657 0.939938343
KQ:/crc/r: 0.000000020 0.458926369 0.541073611
KQ:/crrc/c: 0.599644694 0.400355306 0.000000000
KQ:/crrc/crr: 0.000000000 0.428570959 0.571429041
KQ:/crrc/r: 0.000005888 0.785075426 0.214918686
KQ:/rc/c: 0.000026640 0.999973360 0.000000000
KQ:/rc/crr: 0.000000000 0.009832291 0.990167709
KQ:/rc/r: 0.000000191 0.332598513 0.667401297
KQ:/rrc/c: 0.493748759 0.506251241 0.000000000
KQ:/rrc/crr: 0.000000000 0.491709919 0.508290081
KQ:/rrc/r: 0.082737064 0.568316207 0.348946729
Q:/c: 0.851862646 0.148137354 0.000000000
Q:/crr: 0.000000000 0.999999960 0.000000040
Q:/r: 0.375099586 0.624900187 0.000000227
QJ:/cc/c: 0.000000511 0.999999489 0.000000000
QJ:/cc/crr: 0.000000000 0.076320984 0.923679016
QJ:/cc/r: 0.000000113 0.000000111 0.999999777
QJ:/crc/c: 0.535758358 0.464241642 0.000000000
QJ:/crc/crr: 0.000000000 0.001208277 0.998791723
QJ:/crc/r: 0.000000055 0.000000007 0.999999937
QJ:/crrc/c: 0.000000099 0.999999901 0.000000000
QJ:/crrc/crr: 0.000000000 0.172927149 0.827072851
QJ:/crrc/r: 0.015229873 0.000000000 0.984770127
QJ:/rc/c: 0.000000573 0.999999427 0.000000000
QJ:/rc/crr: 0.000000000 0.002042150 0.997957850
QJ:/rc/r: 0.015415882 0.000000009 0.984584110
QJ:/rrc/c: 0.000000350 0.999999650 0.000000000
QJ:/rrc/crr: 0.000000000 0.074338166 0.925661834
QJ:/rrc/r: 0.000000051 0.000000014 0.999999935
QK:/cc/c: 0.156379452 0.843620548 0.000000000
QK:/cc/crr: 0.000000000 0.999999950 0.000000050
QK:/cc/r: 0.000000169 0.681040073 0.318959757
QK:/crc/c: 0.265256687 0.734743313 0.000000000
QK:/crc/crr: 0.000000000 0.000012369 0.999987631
QK:/crc/r: 0.000000236 0.393482895 0.606516869
QK:/crrc/c: 0.170648783 0.829351217 0.000000000
QK:/crrc/crr: 0.000000000 0.000003631 0.999996369
QK:/crrc/r: 0.000000364 0.238187747 0.761811889
QK:/rc/c: 0.374613494 0.625386506 0.000000000
QK:/rc/crr: 0.000000000 0.000007384 0.999992616
QK:/rc/r: 0.000000019 0.257255287 0.742744694
QK:/rrc/c: 0.429686030 0.570313970 0.000000000
QK:/rrc/crr: 0.000000000 0.053673671 0.946326329
QK:/rrc/r: 0.000000052 0.458028882 0.541971067
QQ:/cc/c: 0.999999986 0.000000014 0.000000000
QQ:/cc/crr: 0.000000000 0.999999991 0.000000009
QQ:/cc/r: 0.999999716 0.000000128 0.000000156
QQ:/crc/c: 0.999999971 0.000000029 0.000000000
QQ:/crc/crr: 0.000000000 0.999999988 0.000000012
QQ:/crc/r: 0.999999962 0.000000022 0.000000016
QQ:/crrc/c: 0.999999994 0.000000006 0.000000000
QQ:/crrc/crr: 0.000000000 0.999999996 0.000000004
QQ:/crrc/r: 0.999999963 0.000000033 0.000000005
QQ:/rc/c: 0.999999989 0.000000011 0.000000000
QQ:/rc/crr: 0.000000000 0.999999996 0.000000004
QQ:/rc/r: 0.999999978 0.000000010 0.000000012
QQ:/rrc/c: 0.999999941 0.000000059 0.000000000
QQ:/rrc/crr: 0.000000000 0.999999963 0.000000037
QQ:/rrc/r: 0.999999799 0.000000155 0.000000047
