J:/c: 0.349738888 0.650261112 0.000000000
J:/crr: 0.000000000 0.999999997 0.000000003
J:/r: 0.065392453 0.118280044 0.816327502
JJ:/cc/c: 0.999999996 0.000000004 0.000000000
JJ:/cc/crr: 0.000000000 0.999999997 0.000000003
JJ:/cc/r: 0.999999989 0.000000008 0.000000003
JJ:/crc/c: 0.999999990 0.000000010 0.000000000
JJ:/crc/crr: 0.000000000 0.999999994 0.000000006
JJ:/crc/r: 0.689045929 0.310954063 0.000000007
JJ:/crrc/c: 0.999999995 0.000000005 0.000000000
JJ:/crrc/crr: 0.000000000 0.999999997 0.000000003
JJ:/crrc/r: 0.999999946 0.000000051 0.000000003
JJ:/rc/c: 0.999999984 0.000000016 0.000000000
JJ:/rc/crr: 0.000000000 0.999999989 0.000000011
JJ:/rc/r: 0.999999979 0.000000010 0.000000011
JJ:/rrc/c: 0.999999964 0.000000036 0.000000000
JJ:/rrc/crr: 0.000000000 0.999999976 0.000000024
JJ:/rrc/r: 0.999999692 0.000000283 0.000000025
JK:/cc/c: 0.009513115 0.990486885 0.000000000
JK:/cc/crr: 0.000000000 0.000000335 0.999999665
JK:/cc/r: 0.000000784 0.000000004 0.999999213
JK:/crc/c: 0.615568101 0.384431899 0.000000000
JK:/crc/crr: 0.000000000 0.000000075 0.999999925
JK:/crc/r: 0.016658908 0.000000103 0.983340989
JK:/crrc/c: 0.447093474 0.552906526 0.000000000
JK:/crrc/crr: 0.000000000 0.000000247 0.999999753
JK:/crrc/r: 0.244422713 0.000000062 0.755577225
JK:/rc/c: 0.444142630 0.555857370 0.000000000
JK:/rc/crr: 0.000000000 0.000000018 0.999999982
JK:/rc/r: 0.411865822 0.000000009 0.588134170
JK:/rrc/c: 0.999999197 0.000000803 0.000000000
JK:/rrc/crr: 0.000000000 0.000000101 0.999999899
JK:/rrc/r: 0.342462434 0.000000128 0.657537438
JQ:/cc/c: 0.088533747 0.911466253 0.000000000
JQ:/cc/crr: 0.000000000 0.000000000 1.000000000
JQ:/cc/r: 0.042557173 0.000000000 0.957442827
JQ:/crc/c: 0.449261516 0.550738484 0.000000000
JQ:/crc/crr: 0.000000000 0.000003048 0.999996952
JQ:/crc/r: 0.151600885 0.000000026 0.848399089
JQ:/crrc/c: 0.045140090 0.954859910 0.000000000
JQ:/crrc/crr: 0.000000000 0.000000660 0.999999340
JQ:/crrc/r: 0.178030253 0.000000012 0.821969735
JQ:/rc/c: 0.999982845 0.000017155 0.000000000
JQ:/rc/crr: 0.000000000 0.000000000 1.000000000
JQ:/rc/r: 0.000000038 0.000000030 0.999999931
JQ:/rrc/c: 0.000012965 0.999987035 0.000000000
JQ:/rrc/crr: 0.000000000 0.016340228 0.983659772
JQ:/rrc/r: 0.475956210 0.000000119 0.524043670
K:/c: 0.999998402 0.000001598 0.000000000
K:/crr: 0.000000000 0.999999999 0.000000001
K:/r: 0.638252539 0.361747460 0.000000001
KJ:/cc/c: 0.015950123 0.984049877 0.000000000
KJ:/cc/crr: 0.000000000 0.962636698 0.037363302
KJ:/cc/r: 0.011732852 0.005553779 0.982713369
KJ:/crc/c: 0.167310271 0.832689729 0.000000000
KJ:/crc/crr: 0.000000000 0.999999987 0.000000013
KJ:/crc/r: 0.000000195 0.724570939 0.275428866
KJ:/crrc/c: 0.374506613 0.625493387 0.000000000
KJ:/crrc/crr: 0.000000000 0.631489416 0.368510584
KJ:/crrc/r: 0.061948221 0.753462855 0.184588925
KJ:/rc/c: 0.461464598 0.538535402 0.000000000
KJ:/rc/crr: 0.000000000 0.706167106 0.293832894
KJ:/rc/r: 0.031292353 0.712235991 0.256471656
KJ:/rrc/c: 0.538794619 0.461205381 0.000000000
KJ:/rrc/crr: 0.000000000 0.999966915 0.000033085
KJ:/rrc/r: 0.052497652 0.869367147 0.078135200
KK:/cc/c: 0.995592668 0.004407332 0.000000000
KK:/cc/crr: 0.000000000 0.997033982 0.002966018
KK:/cc/r: 0.998313635 0.001318329 0.000368036
KK:/crc/c: 0.999999871 0.000000129 0.000000000
KK:/crc/crr: 0.000000000 0.999999946 0.000000054
KK:/crc/r: 0.791610258 0.208389722 0.000000020
KK:/crrc/c: 0.999999995 0.000000005 0.000000000
KK:/crrc/crr: 0.000000000 0.999999997 0.000000003
KK:/crrc/r: 0.999995538 0.000004459 0.000000003
KK:/rc/c: 0.999999981 0.000000019 0.000000000
KK:/rc/crr: 0.000000000 0.999999987 0.000000013
KK:/rc/r: 0.999999974 0.000000013 0.000000013
KK:/rrc/c: 0.999999941 0.000000059 0.000000000
KK:/rrc/crr: 0.000000000 0.999999975 0.000000025
KK:/rrc/r: 0.969957396 0.030042585 0.000000019
KQ:/cc/c: 0.005954117 0.994045883 0.000000000
KQ:/cc/crr: 0.000000000 0.743999424 0.256000576
KQ:/cc/r: 0.030373801 0.964345883 0.005280316
KQ:/crc/c: 0.403382566 0.596617434 0.000000000
KQ:/crc/crr: 0.000000000 0.049501602 0.950498398
KQ:/crc/r: 0.000000024 0.408733276 0.591266699
KQ:/crrc/c: 0.673942057 0.326057943 0.000000000
KQ:/crrc/crr: 0.000000000 0.379370070 0.620629930
KQ:/crrc/r: 0.000007748 0.748560648 0.251431604
KQ:/rc/c: 0.000036762 0.999963238 0.000000000
KQ:/rc/crr: 0.000000000 0.008028146 0.991971854
KQ:/rc/r: 0.000000229 0.288846158 0.711153613
KQ:/rrc/c: 0.573728026 0.426271974 0.000000000
KQ:/rrc/crr: 0.000000000 0.440852689 0.559147311
KQ:/rrc/r: 0.102803386 0.511703027 0.385493587
Q:/c: 0.877658767 0.122341233 0.000000000
Q:/crr: 0.000000000 0.999999966 0.000000034
Q:/r: 0.428189363 0.571810460 0.000000176
QJ:/cc/c: 0.000000637 0.999999363 0.000000000
QJ:/cc/crr: 0.000000000 0.088581530 0.911418470
QJ:/cc/r: 0.000000165 0.000000130 0.999999705
QJ:/crc/c: 0.590113931 0.409886069 0.000000000
QJ:/crc/crr: 0.000000000 0.001420943 0.998579057
QJ:/crc/r: 0.000000081 0.000000009 0.999999910
QJ:/crrc/c: 0.000000124 0.999999876 0.000000000
QJ:/crrc/crr: 0.000000000 0.197390476 0.802609524
QJ:/crrc/r: 0.022190445 0.000000000 0.977809555
QJ:/rc/c: 0.000000715 0.999999285 0.000000000
QJ:/rc/crr: 0.000000000 0.002401230 0.997598770
QJ:/rc/r: 0.022459527 0.000000010 0.977540463
QJ:/rrc/c: 0.000000437 0.999999563 0.000000000
QJ:/rrc/crr: 0.000000000 0.086309946 0.913690054
QJ:/rrc/r: 0.000000075 0.000000016 0.999999909
QK:/cc/c: 0.187816783 0.812183217 0.000000000
QK:/cc/crr: 0.000000000 0.999999958 0.000000042
QK:/cc/r: 0.000000222 0.715224099 0.284775679
QK:/crc/c: 0.310525247 0.689474753 0.000000000
QK:/crc/crr: 0.000000000 0.000014549 0.999985451
QK:/crc/r: 0.000000324 0.432819311 0.567180365
QK:/crrc/c: 0.204260158 0.795739842 0.000000000
QK:/crrc/crr: 0.000000000 0.000004270 0.999995730
QK:/crrc/r: 0.000000513 0.268881810 0.731117677
QK:/rc/c: 0.427681545 0.572318455 0.000000000
QK:/rc/crr: 0.000000000 0.000008685 0.999991315
QK:/rc/r: 0.000000027 0.289472871 0.710527103
QK:/rrc/c: 0.484511479 0.515488521 0.000000000
QK:/rrc/crr: 0.000000000 0.062542391 0.937457609
QK:/rrc/r: 0.000000070 0.498514358 0.501485571
QQ:/cc/c: 0.999999989 0.000000011 0.000000000
QQ:/cc/crr: 0.000000000 0.999999993 0.000000007
QQ:/cc/r: 0.999999791 0.000000103 0.000000106
QQ:/crc/c: 0.999999977 0.000000023 0.000000000
QQ:/crc/crr: 0.000000000 0.999999989 0.000000011
QQ:/crc/r: 0.999999972 0.000000017 0.000000011
QQ:/crrc/c: 0.999999995 0.000000005 0.000000000
QQ:/crrc/crr: 0.000000000 0.999999997 0.000000003
QQ:/crrc/r: 0.999999971 0.000000026 0.000000003
QQ:/rc/c: 0.999999991 0.000000009 0.000000000
QQ:/rc/crr: 0.000000000 0.999999997 0.000000003
QQ:/rc/r: 0.999999984 0.000000008 0.000000008
QQ:/rrc/c: 0.999999953 0.000000047 0.000000000
QQ:/rrc/crr: 0.000000000 0.999999968 0.000000032
QQ:/rrc/r: 0.999999844 0.000000124 0.000000032
