J:/c: 0.433797795 0.566202205 0.000000000
J:/crr: 0.000000000 0.999999995 0.000000005
J:/r: 0.060863403 0.077282371 0.861854226
JJ:/cc/c: 0.999999997 0.000000003 0.000000000
JJ:/cc/crr: 0.000000000 0.999999995 0.000000005
JJ:/cc/r: 0.999999991 0.000000006 0.000000004
JJ:/crc/c: 0.999999993 0.000000007 0.000000000
JJ:/crc/crr: 0.000000000 0.999999990 0.000000010
JJ:/crc/r: 0.759415393 0.240584598 0.000000009
JJ:/crrc/c: 0.999999997 0.000000003 0.000000000
JJ:/crrc/crr: 0.000000000 0.999999995 0.000000005
JJ:/crrc/r: 0.999999961 0.000000035 0.000000004
JJ:/rc/c: 0.999999989 0.000000011 0.000000000
JJ:/rc/crr: 0.000000000 0.999999983 0.000000017
JJ:/rc/r: 0.999999980 0.000000007 0.000000012
JJ:/rrc/c: 0.999999974 0.000000026 0.000000000
JJ:/rrc/crr: 0.000000000 0.999999961 0.000000039
JJ:/rrc/r: 0.999999773 0.000000198 0.000000028
JK:/cc/c: 0.013496841 0.986503159 0.000000000
JK:/cc/crr: 0.000000000 0.000000208 0.999999792
JK:/cc/r: 0.000000691 0.000000002 0.999999307
JK:/crc/c: 0.695210504 0.304789496 0.000000000
JK:/crc/crr: 0.000000000 0.000000046 0.999999954
JK:/crc/r: 0.014715106 0.000000064 0.985284830
JK:/crrc/c: 0.535289510 0.464710490 0.000000000
JK:/crrc/crr: 0.000000000 0.000000153 0.999999847
JK:/crrc/r: 0.221900002 0.000000039 0.778099959
JK:/rc/c: 0.532316989 0.467683011 0.000000000
JK:/rc/crr: 0.000000000 0.000000011 0.999999989
JK:/rc/r: 0.381708497 0.000000006 0.618291497
JK:/rrc/c: 0.999999436 0.000000564 0.000000000
JK:/rrc/crr: 0.000000000 0.000000063 0.999999937
JK:/rrc/r: 0.314668022 0.000000082 0.685331895
JQ:/cc/c: 0.121547536 0.878452464 0.000000000
JQ:/cc/crr: 0.000000000 0.000000000 1.000000000
JQ:/cc/r: 0.037707375 0.000000000 0.962292625
JQ:/crc/c: 0.537469492 0.462530508 0.000000000
JQ:/crc/crr: 0.000000000 0.000001886 0.999998114
JQ:/crc/r: 0.136090822 0.000000016 0.863909162
JQ:/crrc/c: 0.063092688 0.936907312 0.000000000
JQ:/crrc/crr: 0.000000000 0.000000409 0.999999591
JQ:/crrc/r: 0.160327221 0.000000008 0.839672772
JQ:/rc/c: 0.999987957 0.000012043 0.000000000
JQ:/rc/crr: 0.000000000 0.000000000 1.000000000
JQ:/rc/r: 0.000000034 0.000000019 0.999999948
JQ:/rrc/c: 0.000018468 0.999981532 0.000000000
JQ:/rrc/crr: 0.000000000 0.010175853 0.989824147
JQ:/rrc/r: 0.444654065 0.000000078 0.555345857
K:/c: 0.999998878 0.000001122 0.000000000
K:/crr: 0.000000000 0.999999998 0.000000002
K:/r: 0.715368429 0.284631570 0.000000001
KJ:/cc/c: 0.022568002 0.977431998 0.000000000
KJ:/cc/crr: 0.000000000 0.940984545 0.059015455
KJ:/cc/r: 0.010379781 0.003449162 0.986171057
KJ:/crc/c: 0.222527652 0.777472348 0.000000000
KJ:/crc/crr: 0.000000000 0.999999979 0.000000021
KJ:/crc/r: 0.000000237 0.619491375 0.380508388
KJ:/crrc/c: 0.460304491 0.539695509 0.000000000
KJ:/crrc/crr: 0.000000000 0.514683783 0.485316217
KJ:/crrc/r: 0.077409294 0.660946756 0.261643950
KJ:/rc/c: 0.549677191 0.450322809 0.000000000
KJ:/rc/crr: 0.000000000 0.597962089 0.402037911
KJ:/rc/r: 0.038058825 0.608109002 0.353832173
KJ:/rrc/c: 0.624643630 0.375356370 0.000000000
KJ:/rrc/crr: 0.000000000 0.999946541 0.000053459
KJ:/rrc/r: 0.069863725 0.812185887 0.117950388
KK:/cc/c: 0.996901961 0.003098039 0.000000000
KK:/cc/crr: 0.000000000 0.995216105 0.004783895
KK:/cc/r: 0.998656589 0.000925792 0.000417619
KK:/crc/c: 0.999999910 0.000000090 0.000000000
KK:/crc/crr: 0.000000000 0.999999913 0.000000087
KK:/crc/r: 0.844023295 0.155976681 0.000000025
KK:/crrc/c: 0.999999997 0.000000003 0.000000000
KK:/crrc/crr: 0.000000000 0.999999995 0.000000005
KK:/crrc/r: 0.999996866 0.000003130 0.000000004
KK:/rc/c: 0.999999987 0.000000013 0.000000000
KK:/rc/crr: 0.000000000 0.999999979 0.000000021
KK:/rc/r: 0.999999976 0.000000009 0.000000015
KK:/rrc/c: 0.999999958 0.000000042 0.000000000
KK:/rrc/crr: 0.000000000 0.999999959 0.000000041
KK:/rrc/r: 0.978719411 0.021280567 0.000000022
KQ:/cc/c: 0.008460202 0.991539798 0.000000000
KQ:/cc/crr: 0.000000000 0.642676705 0.357323295
KQ:/cc/r: 0.042579738 0.949023641 0.008396621
KQ:/crc/c: 0.490607033 0.509392967 0.000000000
KQ:/crc/crr: 0.000000000 0.031224158 0.968775842
KQ:/crc/r: 0.000000026 0.299629214 0.700370760
KQ:/crrc/c: 0.746471923 0.253528077 0.000000000
KQ:/crrc/crr: 0.000000000 0.274465604 0.725534396
KQ:/crrc/r: 0.000009557 0.648190395 0.351800048
KQ:/rc/c: 0.000052367 0.999947633 0.000000000
KQ:/rc/crr: 0.000000000 0.004983629 0.995016371
KQ:/rc/r: 0.000000227 0.200871840 0.799127933
KQ:/rrc/c: 0.657211508 0.342788492 0.000000000
KQ:/rrc/crr: 0.000000000 0.327930094 0.672069906
KQ:/rrc/r: 0.114314906 0.399442060 0.486243034
Q:/c: 0.910866259 0.089133741 0.000000000
Q:/crr: 0.000000000 0.999999945 0.000000055
Q:/r: 0.516137359 0.483862400 0.000000241
QJ:/cc/c: 0.000000907 0.999999093 0.000000000
QJ:/cc/crr: 0.000000000 0.056735935 0.943264065
QJ:/cc/r: 0.000000146 0.000000081 0.999999774
QJ:/crc/c: 0.672221710 0.327778290 0.000000000
QJ:/crc/crr: 0.000000000 0.000879856 0.999120144
QJ:/crc/r: 0.000000072 0.000000005 0.999999923
QJ:/crrc/c: 0.000000177 0.999999823 0.000000000
QJ:/crrc/crr: 0.000000000 0.132096918 0.867903082
QJ:/crrc/r: 0.019614083 0.000000000 0.980385917
QJ:/rc/c: 0.000001019 0.999998981 0.000000000
QJ:/rc/crr: 0.000000000 0.001487411 0.998512589
QJ:/rc/r: 0.019852558 0.000000006 0.980147435
QJ:/rrc/c: 0.000000622 0.999999378 0.000000000
QJ:/rrc/crr: 0.000000000 0.055231511 0.944768489
QJ:/rrc/r: 0.000000066 0.000000010 0.999999924
QK:/cc/c: 0.247788007 0.752211993 0.000000000
QK:/cc/crr: 0.000000000 0.999999932 0.000000068
QK:/cc/r: 0.000000269 0.608505321 0.391494411
QK:/crc/c: 0.390823862 0.609176138 0.000000000
QK:/crc/crr: 0.000000000 0.000009004 0.999990996
QK:/crc/r: 0.000000342 0.320773968 0.679225690
QK:/crrc/c: 0.267750948 0.732249052 0.000000000
QK:/crrc/crr: 0.000000000 0.000002643 0.999997357
QK:/crrc/r: 0.000000504 0.185402823 0.814596673
QK:/rc/c: 0.515619338 0.484380662 0.000000000
QK:/rc/crr: 0.000000000 0.000005375 0.999994625
QK:/rc/r: 0.000000027 0.201361715 0.798638258
QK:/rrc/c: 0.572446655 0.427553345 0.000000000
QK:/rrc/crr: 0.000000000 0.039650768 0.960349232
QK:/rrc/r: 0.000000076 0.380882939 0.619116985
QQ:/cc/c: 0.999999992 0.000000008 0.000000000
QQ:/cc/crr: 0.000000000 0.999999988 0.000000012
QQ:/cc/r: 0.999999808 0.000000072 0.000000120
QQ:/crc/c: 0.999999984 0.000000016 0.000000000
QQ:/crc/crr: 0.000000000 0.999999983 0.000000017
QQ:/crc/r: 0.999999975 0.000000012 0.000000012
QQ:/crrc/c: 0.999999997 0.000000003 0.000000000
QQ:/crrc/crr: 0.000000000 0.999999995 0.000000005
QQ:/crrc/r: 0.999999978 0.000000018 0.000000004
QQ:/rc/c: 0.999999994 0.000000006 0.000000000
QQ:/rc/crr: 0.000000000 0.999999995 0.000000005
QQ:/rc/r: 0.999999985 0.000000006 0.000000009
QQ:/rrc/c: 0.999999967 0.000000033 0.000000000
QQ:/rrc/crr: 0.000000000 0.999999949 0.000000051
QQ:/rrc/r: 0.999999877 0.000000087 0.000000036
