J:/c: 0.258417186 0.741582814 0.000000000
J:/crr: 0.000000000 0.999999998 0.000000002
J:/r: 0.065827205 0.183773831 0.750398964
JJ:/cc/c: 0.999999994 0.000000006 0.000000000
JJ:/cc/crr: 0.000000000 0.999999998 0.000000002
JJ:/cc/r: 0.999999985 0.000000012 0.000000003
JJ:/crc/c: 0.999999984 0.000000016 0.000000000
JJ:/crc/crr: 0.000000000 0.999999996 0.000000004
JJ:/crc/r: 0.589436965 0.410563029 0.000000006
JJ:/crrc/c: 0.999999993 0.000000007 0.000000000
JJ:/crrc/crr: 0.000000000 0.999999998 0.000000002
JJ:/crrc/r: 0.999999919 0.000000078 0.000000003
JJ:/rc/c: 0.999999976 0.000000024 0.000000000
JJ:/rc/crr: 0.000000000 0.999999994 0.000000006
JJ:/rc/r: 0.999999974 0.000000016 0.000000010
JJ:/rrc/c: 0.999999944 0.000000056 0.000000000
JJ:/rrc/crr: 0.000000000 0.999999986 0.000000014
JJ:/rrc/r: 0.999999541 0.000000436 0.000000023
JK:/cc/c: 0.006184228 0.993815772 0.000000000
JK:/cc/crr: 0.000000000 0.000000567 0.999999433
JK:/cc/r: 0.000000858 0.000000006 0.999999136
JK:/crc/c: 0.509187594 0.490812406 0.000000000
JK:/crc/crr: 0.000000000 0.000000126 0.999999874
JK:/crc/r: 0.018214157 0.000000173 0.981785670
JK:/crrc/c: 0.343790942 0.656209058 0.000000000
JK:/crrc/crr: 0.000000000 0.000000417 0.999999583
JK:/crrc/r: 0.261585135 0.000000102 0.738414764
JK:/rc/c: 0.341101280 0.658898720 0.000000000
JK:/rc/crr: 0.000000000 0.000000030 0.999999970
JK:/rc/r: 0.434031686 0.000000014 0.565968300
JK:/rrc/c: 0.999998760 0.000001240 0.000000000
JK:/rrc/crr: 0.000000000 0.000000171 0.999999829
JK:/rrc/r: 0.363199741 0.000000209 0.636800050
JQ:/cc/c: 0.059206342 0.940793658 0.000000000
JQ:/cc/crr: 0.000000000 0.000000000 1.000000000
JQ:/cc/r: 0.046416118 0.000000000 0.953583882
JQ:/crc/c: 0.345771319 0.654228681 0.000000000
JQ:/crc/crr: 0.000000000 0.000005152 0.999994848
JQ:/crc/r: 0.163657425 0.000000043 0.836342532
JQ:/crrc/c: 0.029718448 0.970281552 0.000000000
JQ:/crrc/crr: 0.000000000 0.000001116 0.999998884
JQ:/crrc/r: 0.191713709 0.000000020 0.808286271
JQ:/rc/c: 0.999973522 0.000026478 0.000000000
JQ:/rc/crr: 0.000000000 0.000000000 1.000000000
JQ:/rc/r: 0.000000042 0.000000051 0.999999907
JQ:/rrc/c: 0.000008400 0.999991600 0.000000000
JQ:/rrc/crr: 0.000000000 0.027310633 0.972689367
JQ:/rrc/r: 0.498646854 0.000000193 0.501352953
K:/c: 0.999997534 0.000002466 0.000000000
K:/crr: 0.000000000 0.999999999 0.000000001
K:/r: 0.533391046 0.466608953 0.000000001
KJ:/cc/c: 0.010392392 0.989607608 0.000000000
KJ:/cc/crr: 0.000000000 0.977551967 0.022448033
KJ:/cc/r: 0.012785259 0.009340905 0.977873836
KJ:/crc/c: 0.115185361 0.884814639 0.000000000
KJ:/crc/crr: 0.000000000 0.999999992 0.000000008
KJ:/crc/r: 0.000000142 0.816394890 0.183604968
KJ:/crrc/c: 0.279497466 0.720502534 0.000000000
KJ:/crrc/crr: 0.000000000 0.743353702 0.256646298
KJ:/crrc/r: 0.044456856 0.834576520 0.120966624
KJ:/rc/c: 0.356985455 0.643014545 0.000000000
KJ:/rc/crr: 0.000000000 0.802453839 0.197546161
KJ:/rc/r: 0.022928177 0.805470476 0.171601347
KJ:/rrc/c: 0.430813367 0.569186633 0.000000000
KJ:/rrc/crr: 0.000000000 0.999980426 0.000019574
KJ:/rrc/r: 0.035817986 0.915501179 0.048680835
KK:/cc/c: 0.993213729 0.006786271 0.000000000
KK:/cc/crr: 0.000000000 0.998243065 0.001756935
KK:/cc/r: 0.997630760 0.002033392 0.000335848
KK:/crc/c: 0.999999801 0.000000199 0.000000000
KK:/crc/crr: 0.000000000 0.999999968 0.000000032
KK:/crc/r: 0.711079919 0.288920064 0.000000017
KK:/crrc/c: 0.999999993 0.000000007 0.000000000
KK:/crrc/crr: 0.000000000 0.999999998 0.000000002
KK:/crrc/r: 0.999993115 0.000006882 0.000000003
KK:/rc/c: 0.999999971 0.000000029 0.000000000
KK:/rc/crr: 0.000000000 0.999999992 0.000000008
KK:/rc/r: 0.999999968 0.000000020 0.000000012
KK:/rrc/c: 0.999999909 0.000000091 0.000000000
KK:/rrc/crr: 0.000000000 0.999999985 0.000000015
KK:/rrc/r: 0.954375462 0.045624520 0.000000017
KQ:/cc/c: 0.003865756 0.996134244 0.000000000
KQ:/cc/crr: 0.000000000 0.830858229 0.169141771
KQ:/cc/r: 0.019935266 0.976900032 0.003164702
KQ:/crc/c: 0.304615395 0.695384605 0.000000000
KQ:/crc/crr: 0.000000000 0.080904537 0.919095463
KQ:/crc/r: 0.000000021 0.538835854 0.461164125
KQ:/crrc/c: 0.572496617 0.427503383 0.000000000
KQ:/crrc/crr: 0.000000000 0.508158914 0.491841086
KQ:/crrc/r: 0.000005594 0.834216307 0.165778099
KQ:/rc/c: 0.000023818 0.999976182 0.000000000
KQ:/rc/crr: 0.000000000 0.013494592 0.986505408
KQ:/rc/r: 0.000000209 0.407059854 0.592939938
KQ:/rrc/c: 0.465816775 0.534183225 0.000000000
KQ:/rrc/crr: 0.000000000 0.571300511 0.428699489
KQ:/rrc/r: 0.082598567 0.634567008 0.282834424
Q:/c: 0.822943598 0.177056402 0.000000000
Q:/crr: 0.000000000 0.999999980 0.000000020
Q:/r: 0.326674055 0.673325823 0.000000123
QJ:/cc/c: 0.000000413 0.999999587 0.000000000
QJ:/cc/crr: 0.000000000 0.141095908 0.858904092
QJ:/cc/r: 0.000000181 0.000000220 0.999999599
QJ:/crc/c: 0.482610010 0.517389990 0.000000000
QJ:/crc/crr: 0.000000000 0.002399359 0.997600641
QJ:/crc/r: 0.000000089 0.000000014 0.999999897
QJ:/crrc/c: 0.000000080 0.999999920 0.000000000
QJ:/crrc/crr: 0.000000000 0.293629092 0.706370908
QJ:/crrc/r: 0.024249375 0.000000000 0.975750625
QJ:/rc/c: 0.000000464 0.999999536 0.000000000
QJ:/rc/crr: 0.000000000 0.004051902 0.995948098
QJ:/rc/r: 0.024542797 0.000000017 0.975457185
QJ:/rrc/c: 0.000000283 0.999999717 0.000000000
QJ:/rrc/crr: 0.000000000 0.137681078 0.862318922
QJ:/rrc/r: 0.000000083 0.000000027 0.999999890
QK:/cc/c: 0.130302880 0.869697120 0.000000000
QK:/cc/crr: 0.000000000 0.999999975 0.000000025
QK:/cc/r: 0.000000163 0.809344210 0.190655627
QK:/crc/c: 0.225885899 0.774114101 0.000000000
QK:/crc/crr: 0.000000000 0.000024590 0.999975410
QK:/crc/r: 0.000000273 0.563284709 0.436715018
QK:/crrc/c: 0.142594963 0.857405037 0.000000000
QK:/crrc/crr: 0.000000000 0.000007218 0.999992782
QK:/crrc/r: 0.000000474 0.383329026 0.616670500
QK:/rc/c: 0.326217917 0.673782083 0.000000000
QK:/rc/crr: 0.000000000 0.000014680 0.999985320
QK:/rc/r: 0.000000024 0.407795983 0.592203992
QK:/rrc/c: 0.378481538 0.621518462 0.000000000
QK:/rrc/crr: 0.000000000 0.101336172 0.898663828
QK:/rrc/r: 0.000000057 0.626894903 0.373105040
QQ:/cc/c: 0.999999983 0.000000017 0.000000000
QQ:/cc/crr: 0.000000000 0.999999996 0.000000004
QQ:/cc/r: 0.999999745 0.000000158 0.000000097
QQ:/crc/c: 0.999999965 0.000000035 0.000000000
QQ:/crc/crr: 0.000000000 0.999999994 0.000000006
QQ:/crc/r: 0.999999963 0.000000027 0.000000010
QQ:/crrc/c: 0.999999993 0.000000007 0.000000000
QQ:/crrc/crr: 0.000000000 0.999999998 0.000000002
QQ:/crrc/r: 0.999999957 0.000000040 0.000000003
QQ:/rc/c: 0.999999987 0.000000013 0.000000000
QQ:/rc/crr: 0.000000000 0.999999998 0.000000002
QQ:/rc/r: 0.999999980 0.000000012 0.000000008
QQ:/rrc/c: 0.999999927 0.000000073 0.000000000
QQ:/rrc/crr: 0.000000000 0.999999981 0.000000019
QQ:/rrc/r: 0.999999780 0.000000191 0.000000029
