J:/c: 0.230845484 0.769154516 0.000000000
J:/crr: 0.000000000 0.999999998 0.000000002
J:/r: 0.057879626 0.187610835 0.754509540
JJ:/cc/c: 0.999999993 0.000000007 0.000000000
JJ:/cc/crr: 0.000000000 0.999999998 0.000000002
JJ:/cc/r: 0.999999982 0.000000014 0.000000003
JJ:/crc/c: 0.999999982 0.000000018 0.000000000
JJ:/crc/crr: 0.000000000 0.999999996 0.000000004
JJ:/crc/r: 0.552878174 0.447121820 0.000000006
JJ:/crrc/c: 0.999999992 0.000000008 0.000000000
JJ:/crrc/crr: 0.000000000 0.999999998 0.000000002
JJ:/crrc/r: 0.999999906 0.000000091 0.000000003
JJ:/rc/c: 0.999999972 0.000000028 0.000000000
JJ:/rc/crr: 0.000000000 0.999999994 0.000000006
JJ:/rc/r: 0.999999970 0.000000018 0.000000011
JJ:/rrc/c: 0.999999935 0.000000065 0.000000000
JJ:/rrc/crr: 0.000000000 0.999999986 0.000000014
JJ:/rrc/r: 0.999999467 0.000000507 0.000000026
JK:/cc/c: 0.005330946 0.994669054 0.000000000
JK:/cc/crr: 0.000000000 0.000000576 0.999999424
JK:/cc/r: 0.000000750 0.000000006 0.999999243
JK:/crc/c: 0.471885382 0.528114618 0.000000000
JK:/crc/crr: 0.000000000 0.000000128 0.999999872
JK:/crc/r: 0.015964338 0.000000176 0.984035485
JK:/crrc/c: 0.310929495 0.689070505 0.000000000
JK:/crrc/crr: 0.000000000 0.000000423 0.999999577
JK:/crrc/r: 0.236515930 0.000000107 0.763483963
JK:/rc/c: 0.308376109 0.691623891 0.000000000
JK:/rc/crr: 0.000000000 0.000000031 0.999999969
JK:/rc/r: 0.401420167 0.000000015 0.598579818
JK:/rrc/c: 0.999998561 0.000001439 0.000000000
JK:/rrc/crr: 0.000000000 0.000000173 0.999999827
JK:/rrc/r: 0.332780983 0.000000222 0.667218794
JQ:/cc/c: 0.051415709 0.948584291 0.000000000
JQ:/cc/crr: 0.000000000 0.000000000 1.000000000
JQ:/cc/r: 0.040827647 0.000000000 0.959172353
JQ:/crc/c: 0.312810812 0.687189188 0.000000000
JQ:/crc/crr: 0.000000000 0.000005230 0.999994770
JQ:/crc/r: 0.146116114 0.000000045 0.853883841
JQ:/crrc/c: 0.025701959 0.974298041 0.000000000
JQ:/crrc/crr: 0.000000000 0.000001133 0.999998867
JQ:/crrc/r: 0.171782903 0.000000021 0.828217077
JQ:/rc/c: 0.999969258 0.000030742 0.000000000
JQ:/rc/crr: 0.000000000 0.000000000 1.000000000
JQ:/rc/r: 0.000000037 0.000000052 0.999999911
JQ:/rrc/c: 0.000007235 0.999992765 0.000000000
JQ:/rrc/crr: 0.000000000 0.027717360 0.972282640
JQ:/rrc/r: 0.465170679 0.000000209 0.534829112
K:/c: 0.999997137 0.000002863 0.000000000
K:/crr: 0.000000000 0.999999999 0.000000001
K:/r: 0.496107964 0.503892035 0.000000001
KJ:/cc/c: 0.008963716 0.991036284 0.000000000
KJ:/cc/crr: 0.000000000 0.977883130 0.022116870
KJ:/cc/r: 0.011196767 0.009497865 0.979305368
KJ:/crc/c: 0.100818118 0.899181882 0.000000000
KJ:/crc/crr: 0.000000000 0.999999993 0.000000007
KJ:/crc/r: 0.000000123 0.818662507 0.181337371
KJ:/crrc/c: 0.250436162 0.749563838 0.000000000
KJ:/crrc/crr: 0.000000000 0.746243000 0.253757000
KJ:/crrc/r: 0.038598421 0.841300040 0.120101539
KJ:/rc/c: 0.323484526 0.676515474 0.000000000
KJ:/rc/crr: 0.000000000 0.804852462 0.195147538
KJ:/rc/r: 0.019862249 0.810144456 0.169993296
KJ:/rrc/c: 0.394636231 0.605363769 0.000000000
KJ:/rrc/crr: 0.000000000 0.999980721 0.000019279
KJ:/rrc/r: 0.031026377 0.920752188 0.048221435
KK:/cc/c: 0.992129348 0.007870652 0.000000000
KK:/cc/crr: 0.000000000 0.998269524 0.001730476
KK:/cc/r: 0.997256088 0.002360000 0.000383912
KK:/crc/c: 0.999999769 0.000000231 0.000000000
KK:/crc/crr: 0.000000000 0.999999969 0.000000031
KK:/crc/r: 0.679462546 0.320537436 0.000000018
KK:/crrc/c: 0.999999992 0.000000008 0.000000000
KK:/crrc/crr: 0.000000000 0.999999998 0.000000002
KK:/crrc/r: 0.999992006 0.000007991 0.000000003
KK:/rc/c: 0.999999966 0.000000034 0.000000000
KK:/rc/crr: 0.000000000 0.999999993 0.000000007
KK:/rc/r: 0.999999963 0.000000023 0.000000014
KK:/rrc/c: 0.999999894 0.000000106 0.000000000
KK:/rrc/crr: 0.000000000 0.999999985 0.000000015
KK:/rrc/r: 0.947413677 0.052586304 0.000000020
KQ:/cc/c: 0.003331298 0.996668702 0.000000000
KQ:/cc/crr: 0.000000000 0.832983746 0.167016254
KQ:/cc/r: 0.017218349 0.979655899 0.003125752
KQ:/crc/c: 0.273935370 0.726064630 0.000000000
KQ:/crc/crr: 0.000000000 0.082042098 0.917957902
KQ:/crc/r: 0.000000018 0.542610893 0.457389089
KQ:/crrc/c: 0.535617790 0.464382210 0.000000000
KQ:/crrc/crr: 0.000000000 0.511957623 0.488042377
KQ:/crrc/r: 0.000004830 0.836308518 0.163686651
KQ:/rc/c: 0.000020515 0.999979485 0.000000000
KQ:/rc/crr: 0.000000000 0.013698459 0.986301541
KQ:/rc/r: 0.000000181 0.410733944 0.589265874
KQ:/rrc/c: 0.428915253 0.571084747 0.000000000
KQ:/rrc/crr: 0.000000000 0.575019395 0.424980605
KQ:/rrc/r: 0.072277307 0.644704776 0.283017917
Q:/c: 0.800126887 0.199873113 0.000000000
Q:/crr: 0.000000000 0.999999980 0.000000020
Q:/r: 0.294713925 0.705285949 0.000000127
QJ:/cc/c: 0.000000355 0.999999645 0.000000000
QJ:/cc/crr: 0.000000000 0.142948161 0.857051839
QJ:/cc/r: 0.000000158 0.000000224 0.999999618
QJ:/crc/c: 0.445487598 0.554512402 0.000000000
QJ:/crc/crr: 0.000000000 0.002436021 0.997563979
QJ:/crc/r: 0.000000078 0.000000015 0.999999908
QJ:/crrc/c: 0.000000069 0.999999931 0.000000000
QJ:/crrc/crr: 0.000000000 0.296791821 0.703208179
QJ:/crrc/r: 0.021270236 0.000000000 0.978729764
QJ:/rc/c: 0.000000399 0.999999601 0.000000000
QJ:/rc/crr: 0.000000000 0.004113711 0.995886289
QJ:/rc/r: 0.021528405 0.000000018 0.978471577
QJ:/rrc/c: 0.000000244 0.999999756 0.000000000
QJ:/rrc/crr: 0.000000000 0.139495784 0.860504216
QJ:/rrc/r: 0.000000072 0.000000028 0.999999900
QK:/cc/c: 0.114293578 0.885706422 0.000000000
QK:/cc/crr: 0.000000000 0.999999975 0.000000025
QK:/cc/r: 0.000000140 0.811678821 0.188321039
QK:/crc/c: 0.200845070 0.799154930 0.000000000
QK:/crc/crr: 0.000000000 0.000024967 0.999975033
QK:/crc/r: 0.000000237 0.567020448 0.432979315
QK:/crrc/c: 0.125293000 0.874707000 0.000000000
QK:/crrc/crr: 0.000000000 0.000007329 0.999992671
QK:/crrc/r: 0.000000412 0.386928710 0.613070878
QK:/rc/c: 0.294282909 0.705717091 0.000000000
QK:/rc/crr: 0.000000000 0.000014905 0.999985095
QK:/rc/r: 0.000000021 0.411472098 0.588527881
QK:/rrc/c: 0.344042669 0.655957331 0.000000000
QK:/rrc/crr: 0.000000000 0.102728903 0.897271097
QK:/rrc/r: 0.000000050 0.630443487 0.369556464
QQ:/cc/c: 0.999999980 0.000000020 0.000000000
QQ:/cc/crr: 0.000000000 0.999999996 0.000000004
QQ:/cc/r: 0.999999705 0.000000184 0.000000111
QQ:/crc/c: 0.999999959 0.000000041 0.000000000
QQ:/crc/crr: 0.000000000 0.999999994 0.000000006
QQ:/crc/r: 0.999999958 0.000000031 0.000000011
QQ:/crrc/c: 0.999999992 0.000000008 0.000000000
QQ:/crrc/crr: 0.000000000 0.999999998 0.000000002
QQ:/crrc/r: 0.999999950 0.000000047 0.000000003
QQ:/rc/c: 0.999999984 0.000000016 0.000000000
QQ:/rc/crr: 0.000000000 0.999999998 0.000000002
QQ:/rc/r: 0.999999977 0.000000014 0.000000009
QQ:/rrc/c: 0.999999915 0.000000085 0.000000000
QQ:/rrc/crr: 0.000000000 0.999999981 0.000000019
QQ:/rrc/r: 0.999999745 0.000000222 0.000000033
