J:/c: 0.229314819 0.770685181 0.000000000
J:/crr: 0.000000000 0.999999997 0.000000003
J:/r: 0.038429604 0.125646613 0.835923784
JJ:/cc/c: 0.999999993 0.000000007 0.000000000
JJ:/cc/crr: 0.000000000 0.999999997 0.000000003
JJ:/cc/r: 0.999999980 0.000000014 0.000000006
JJ:/crc/c: 0.999999981 0.000000019 0.000000000
JJ:/crc/crr: 0.000000000 0.999999994 0.000000006
JJ:/crc/r: 0.550741155 0.449258835 0.000000010
JJ:/crrc/c: 0.999999991 0.000000009 0.000000000
JJ:/crrc/crr: 0.000000000 0.999999997 0.000000003
JJ:/crrc/r: 0.999999903 0.000000091 0.000000006
JJ:/rc/c: 0.999999971 0.000000029 0.000000000
JJ:/rc/crr: 0.000000000 0.999999990 0.000000010
JJ:/rc/r: 0.999999963 0.000000019 0.000000019
JJ:/rrc/c: 0.999999934 0.000000066 0.000000000
JJ:/rrc/crr: 0.000000000 0.999999977 0.000000023
JJ:/rrc/r: 0.999999445 0.000000511 0.000000044
JK:/cc/c: 0.005285323 0.994714677 0.000000000
JK:/cc/crr: 0.000000000 0.000000348 0.999999652
JK:/cc/r: 0.000000450 0.000000004 0.999999546
JK:/crc/c: 0.469732534 0.530267466 0.000000000
JK:/crc/crr: 0.000000000 0.000000077 0.999999923
JK:/crc/r: 0.009628892 0.000000107 0.990371000
JK:/crrc/c: 0.309081203 0.690918797 0.000000000
JK:/crrc/crr: 0.000000000 0.000000256 0.999999744
JK:/crrc/r: 0.156581914 0.000000071 0.843418015
JK:/rc/c: 0.306536243 0.693463757 0.000000000
JK:/rc/crr: 0.000000000 0.000000019 0.999999981
JK:/rc/r: 0.286681112 0.000000011 0.713318877
JK:/rrc/c: 0.999998548 0.000001452 0.000000000
JK:/rrc/crr: 0.000000000 0.000000105 0.999999895
JK:/rrc/r: 0.230118801 0.000000155 0.769881044
JQ:/cc/c: 0.050995906 0.949004094 0.000000000
JQ:/cc/crr: 0.000000000 0.000000000 1.000000000
JQ:/cc/r: 0.024874617 0.000000000 0.975125383
JQ:/crc/c: 0.310956383 0.689043617 0.000000000
JQ:/crc/crr: 0.000000000 0.000003162 0.999996838
JQ:/crc/r: 0.093012021 0.000000029 0.906987950
JQ:/crrc/c: 0.025486465 0.974513535 0.000000000
JQ:/crrc/crr: 0.000000000 0.000000685 0.999999315
JQ:/crrc/r: 0.110558330 0.000000013 0.889441657
JQ:/rc/c: 0.999968991 0.000031009 0.000000000
JQ:/rc/crr: 0.000000000 0.000000000 1.000000000
JQ:/rc/r: 0.000000022 0.000000031 0.999999947
JQ:/rrc/c: 0.000007173 0.999992827 0.000000000
JQ:/rrc/crr: 0.000000000 0.016940647 0.983059353
JQ:/rrc/r: 0.342640337 0.000000155 0.657359507
K:/c: 0.999997112 0.000002888 0.000000000
K:/crr: 0.000000000 0.999999999 0.000000001
K:/r: 0.493947967 0.506052031 0.000000001
KJ:/cc/c: 0.008887281 0.991112719 0.000000000
KJ:/cc/crr: 0.000000000 0.963934392 0.036065608
KJ:/cc/r: 0.006765901 0.005789109 0.987444990
KJ:/crc/c: 0.100037489 0.899962511 0.000000000
KJ:/crc/crr: 0.000000000 0.999999988 0.000000012
KJ:/crc/r: 0.000000109 0.731833758 0.268166133
KJ:/crrc/c: 0.248817619 0.751182381 0.000000000
KJ:/crrc/crr: 0.000000000 0.639987102 0.360012898
KJ:/crrc/r: 0.035489364 0.780247271 0.184263365
KJ:/rc/c: 0.321596433 0.678403567 0.000000000
KJ:/rc/crr: 0.000000000 0.713723418 0.286276582
KJ:/rc/r: 0.017723162 0.729168563 0.253108275
KJ:/rrc/c: 0.392573834 0.607426166 0.000000000
KJ:/rrc/crr: 0.000000000 0.999968107 0.000031893
KJ:/rrc/r: 0.029826367 0.892821697 0.077351936
KK:/cc/c: 0.992061586 0.007938414 0.000000000
KK:/cc/crr: 0.000000000 0.997140546 0.002859454
KK:/cc/r: 0.996979746 0.002379821 0.000640433
KK:/crc/c: 0.999999767 0.000000233 0.000000000
KK:/crc/crr: 0.000000000 0.999999948 0.000000052
KK:/crc/r: 0.677577707 0.322422263 0.000000030
KK:/crrc/c: 0.999999991 0.000000009 0.000000000
KK:/crrc/crr: 0.000000000 0.999999997 0.000000003
KK:/crrc/r: 0.999991934 0.000008060 0.000000006
KK:/rc/c: 0.999999966 0.000000034 0.000000000
KK:/rc/crr: 0.000000000 0.999999988 0.000000012
KK:/rc/r: 0.999999954 0.000000023 0.000000023
KK:/rrc/c: 0.999999893 0.000000107 0.000000000
KK:/rrc/crr: 0.000000000 0.999999976 0.000000024
KK:/rrc/r: 0.946981500 0.053018467 0.000000033
KQ:/cc/c: 0.003302731 0.996697269 0.000000000
KQ:/cc/crr: 0.000000000 0.750925984 0.249074016
KQ:/cc/r: 0.017037888 0.977801032 0.005161079
KQ:/crc/c: 0.272220110 0.727779890 0.000000000
KQ:/crc/crr: 0.000000000 0.051257035 0.948742965
KQ:/crc/r: 0.000000014 0.417630518 0.582369468
KQ:/crrc/c: 0.533467890 0.466532110 0.000000000
KQ:/crrc/crr: 0.000000000 0.388047623 0.611952377
KQ:/crrc/r: 0.000004326 0.755406795 0.244588880
KQ:/rc/c: 0.000020338 0.999979662 0.000000000
KQ:/rc/crr: 0.000000000 0.008325724 0.991674276
KQ:/rc/r: 0.000000130 0.296442153 0.703557717
KQ:/rrc/c: 0.426800014 0.573199986 0.000000000
KQ:/rrc/crr: 0.000000000 0.449917071 0.550082929
KQ:/rrc/r: 0.060491654 0.544260804 0.395247542
Q:/c: 0.798741423 0.201258577 0.000000000
Q:/crr: 0.000000000 0.999999967 0.000000033
Q:/r: 0.292921024 0.707078766 0.000000210
QJ:/cc/c: 0.000000352 0.999999648 0.000000000
QJ:/cc/crr: 0.000000000 0.091589282 0.908410718
QJ:/cc/r: 0.000000095 0.000000135 0.999999770
QJ:/crc/c: 0.443354080 0.556645920 0.000000000
QJ:/crc/crr: 0.000000000 0.001473977 0.998526023
QJ:/crc/r: 0.000000047 0.000000009 0.999999944
QJ:/crrc/c: 0.000000069 0.999999931 0.000000000
QJ:/crrc/crr: 0.000000000 0.203268814 0.796731186
QJ:/crrc/r: 0.012856655 0.000000000 0.987143345
QJ:/rc/c: 0.000000396 0.999999604 0.000000000
QJ:/rc/crr: 0.000000000 0.002490760 0.997509240
QJ:/rc/r: 0.013014061 0.000000011 0.986985928
QJ:/rrc/c: 0.000000242 0.999999758 0.000000000
QJ:/rrc/crr: 0.000000000 0.089248120 0.910751880
QJ:/rrc/r: 0.000000043 0.000000017 0.999999940
QK:/cc/c: 0.113421770 0.886578230 0.000000000
QK:/cc/crr: 0.000000000 0.999999959 0.000000041
QK:/cc/r: 0.000000124 0.722639046 0.277360830
QK:/crc/c: 0.199461743 0.800538257 0.000000000
QK:/crc/crr: 0.000000000 0.000015093 0.999984907
QK:/crc/r: 0.000000183 0.441849104 0.558150713
QK:/crrc/c: 0.124349070 0.875650930 0.000000000
QK:/crrc/crr: 0.000000000 0.000004430 0.999995570
QK:/crrc/r: 0.000000291 0.276156696 0.723843013
QK:/rc/c: 0.292491567 0.707508433 0.000000000
QK:/rc/crr: 0.000000000 0.000009010 0.999990990
QK:/rc/r: 0.000000015 0.297078436 0.702921549
QK:/rrc/c: 0.342095261 0.657904739 0.000000000
QK:/rrc/crr: 0.000000000 0.064728786 0.935271214
QK:/rrc/r: 0.000000040 0.507687868 0.492312093
QQ:/cc/c: 0.999999980 0.000000020 0.000000000
QQ:/cc/crr: 0.000000000 0.999999993 0.000000007
QQ:/cc/r: 0.999999629 0.000000186 0.000000185
QQ:/crc/c: 0.999999959 0.000000041 0.000000000
QQ:/crc/crr: 0.000000000 0.999999990 0.000000010
QQ:/crc/r: 0.999999950 0.000000031 0.000000019
QQ:/crrc/c: 0.999999991 0.000000009 0.000000000
QQ:/crrc/crr: 0.000000000 0.999999997 0.000000003
QQ:/crrc/r: 0.999999947 0.000000047 0.000000006
QQ:/rc/c: 0.999999984 0.000000016 0.000000000
QQ:/rc/crr: 0.000000000 0.999999997 0.000000003
QQ:/rc/r: 0.999999971 0.000000014 0.000000015
QQ:/rrc/c: 0.999999914 0.000000086 0.000000000
QQ:/rrc/crr: 0.000000000 0.999999969 0.000000031
QQ:/rrc/r: 0.999999721 0.000000224 0.000000055
