J:/c: 0.293859464 0.706140536 0.000000000
J:/crr: 0.000000000 0.999999996 0.000000004
J:/r: 0.046812479 0.109434206 0.843753315
JJ:/cc/c: 0.999999995 0.000000005 0.000000000
JJ:/cc/crr: 0.000000000 0.999999996 0.000000004
JJ:/cc/r: 0.999999985 0.000000010 0.000000005
JJ:/crc/c: 0.999999987 0.000000013 0.000000000
JJ:/crc/crr: 0.000000000 0.999999993 0.000000007
JJ:/crc/r: 0.631611690 0.368388300 0.000000010
JJ:/crrc/c: 0.999999994 0.000000006 0.000000000
JJ:/crrc/crr: 0.000000000 0.999999996 0.000000004
JJ:/crrc/r: 0.999999930 0.000000065 0.000000005
JJ:/rc/c: 0.999999980 0.000000020 0.000000000
JJ:/rc/crr: 0.000000000 0.999999988 0.000000012
JJ:/rc/r: 0.999999971 0.000000013 0.000000016
JJ:/rrc/c: 0.999999953 0.000000047 0.000000000
JJ:/rrc/crr: 0.000000000 0.999999973 0.000000027
JJ:/rrc/r: 0.999999598 0.000000365 0.000000036
JK:/cc/c: 0.007376510 0.992623490 0.000000000
JK:/cc/crr: 0.000000000 0.000000300 0.999999700
JK:/cc/r: 0.000000543 0.000000003 0.999999454
JK:/crc/c: 0.553359395 0.446640605 0.000000000
JK:/crc/crr: 0.000000000 0.000000067 0.999999933
JK:/crc/r: 0.011597361 0.000000092 0.988402546
JK:/crrc/c: 0.384865563 0.615134437 0.000000000
JK:/crrc/crr: 0.000000000 0.000000221 0.999999779
JK:/crrc/r: 0.183040139 0.000000060 0.816959802
JK:/rc/c: 0.382041640 0.617958360 0.000000000
JK:/rc/crr: 0.000000000 0.000000016 0.999999984
JK:/rc/r: 0.326609730 0.000000009 0.673390261
JK:/rrc/c: 0.999998962 0.000001038 0.000000000
JK:/rrc/crr: 0.000000000 0.000000090 0.999999910
JK:/rrc/r: 0.265097239 0.000000128 0.734902634
JQ:/cc/c: 0.069901964 0.930098036 0.000000000
JQ:/cc/crr: 0.000000000 0.000000000 1.000000000
JQ:/cc/r: 0.029865836 0.000000000 0.970134164
JQ:/crc/c: 0.386943028 0.613056972 0.000000000
JQ:/crc/crr: 0.000000000 0.000002728 0.999997272
JQ:/crc/r: 0.110131220 0.000000024 0.889868756
JQ:/crrc/c: 0.035286886 0.964713114 0.000000000
JQ:/crrc/crr: 0.000000000 0.000000591 0.999999409
JQ:/crrc/r: 0.130442530 0.000000011 0.869557459
JQ:/rc/c: 0.999977829 0.000022171 0.000000000
JQ:/rc/crr: 0.000000000 0.000000000 1.000000000
JQ:/rc/r: 0.000000027 0.000000027 0.999999946
JQ:/rrc/c: 0.000010031 0.999989969 0.000000000
JQ:/rrc/crr: 0.000000000 0.014651883 0.985348117
JQ:/rrc/r: 0.386143776 0.000000125 0.613856098
K:/c: 0.999997776 0.000002224 0.000000000
K:/crr: 0.000000000 0.999999998 0.000000002
K:/r: 0.559031935 0.440968064 0.000000002
KJ:/cc/c: 0.011512261 0.988487739 0.000000000
KJ:/cc/crr: 0.000000000 0.940682326 0.059317674
KJ:/cc/r: 0.005234479 0.003448388 0.991317133
KJ:/crc/c: 0.126157983 0.873842017 0.000000000
KJ:/crc/crr: 0.000000000 0.999999979 0.000000021
KJ:/crc/r: 0.000000119 0.618210843 0.381789038
KJ:/crrc/c: 0.300801344 0.699198656 0.000000000
KJ:/crrc/crr: 0.000000000 0.513327553 0.486672447
KJ:/crrc/r: 0.040543579 0.686297899 0.273158523
KJ:/rc/c: 0.381071806 0.618928194 0.000000000
KJ:/rc/crr: 0.000000000 0.596656203 0.403343797
KJ:/rc/r: 0.019527925 0.618584966 0.361887109
KJ:/rrc/c: 0.456345796 0.543654204 0.000000000
KJ:/rrc/crr: 0.000000000 0.999946250 0.000053750
KJ:/rrc/r: 0.036479525 0.840756231 0.122764244
KK:/cc/c: 0.993876719 0.006123281 0.000000000
KK:/cc/crr: 0.000000000 0.995190187 0.004809813
KK:/cc/r: 0.997335685 0.001832972 0.000831343
KK:/crc/c: 0.999999821 0.000000179 0.000000000
KK:/crc/crr: 0.000000000 0.999999912 0.000000088
KK:/crc/r: 0.731864999 0.268134959 0.000000042
KK:/crrc/c: 0.999999993 0.000000007 0.000000000
KK:/crrc/crr: 0.000000000 0.999999995 0.000000005
KK:/crrc/r: 0.999993787 0.000006206 0.000000008
KK:/rc/c: 0.999999974 0.000000026 0.000000000
KK:/rc/crr: 0.000000000 0.999999979 0.000000021
KK:/rc/r: 0.999999952 0.000000018 0.000000030
KK:/rrc/c: 0.999999918 0.000000082 0.000000000
KK:/rrc/crr: 0.000000000 0.999999959 0.000000041
KK:/rrc/r: 0.958674889 0.041325068 0.000000043
KQ:/cc/c: 0.004285369 0.995714631 0.000000000
KQ:/cc/crr: 0.000000000 0.641428966 0.358571034
KQ:/cc/r: 0.021939569 0.969436510 0.008623921
KQ:/crc/c: 0.326964994 0.673035006 0.000000000
KQ:/crc/crr: 0.000000000 0.031060347 0.968939653
KQ:/crc/r: 0.000000013 0.298491136 0.701508851
KQ:/crrc/c: 0.597609733 0.402390267 0.000000000
KQ:/crrc/crr: 0.000000000 0.273385793 0.726614207
KQ:/crrc/r: 0.000004811 0.646954425 0.353040764
KQ:/rc/c: 0.000026415 0.999973585 0.000000000
KQ:/rc/crr: 0.000000000 0.004956779 0.995043221
KQ:/rc/r: 0.000000114 0.200001773 0.799998113
KQ:/rrc/c: 0.491631866 0.508368134 0.000000000
KQ:/rrc/crr: 0.000000000 0.326734665 0.673265335
KQ:/rrc/r: 0.060953329 0.422246032 0.516800639
Q:/c: 0.847343809 0.152656191 0.000000000
Q:/crr: 0.000000000 0.999999962 0.000000038
Q:/r: 0.366846852 0.633152930 0.000000218
QJ:/cc/c: 0.000000493 0.999999507 0.000000000
QJ:/cc/crr: 0.000000000 0.080036230 0.919963770
QJ:/cc/r: 0.000000114 0.000000117 0.999999769
QJ:/crc/c: 0.526951575 0.473048425 0.000000000
QJ:/crc/crr: 0.000000000 0.001272131 0.998727869
QJ:/crc/r: 0.000000056 0.000000008 0.999999936
QJ:/crrc/c: 0.000000096 0.999999904 0.000000000
QJ:/crrc/crr: 0.000000000 0.180426506 0.819573494
QJ:/crrc/r: 0.015474676 0.000000000 0.984525324
QJ:/rc/c: 0.000000554 0.999999446 0.000000000
QJ:/rc/crr: 0.000000000 0.002149976 0.997850024
QJ:/rc/r: 0.015663627 0.000000009 0.984336364
QJ:/rrc/c: 0.000000338 0.999999662 0.000000000
QJ:/rrc/crr: 0.000000000 0.077965037 0.922034963
QJ:/rrc/r: 0.000000052 0.000000014 0.999999933
QK:/cc/c: 0.151770142 0.848229858 0.000000000
QK:/cc/crr: 0.000000000 0.999999953 0.000000047
QK:/cc/r: 0.000000166 0.692134542 0.307865292
QK:/crc/c: 0.258421249 0.741578751 0.000000000
QK:/crc/crr: 0.000000000 0.000013023 0.999986977
QK:/crc/r: 0.000000235 0.405853538 0.594146227
QK:/crrc/c: 0.165701493 0.834298507 0.000000000
QK:/crrc/crr: 0.000000000 0.000003823 0.999996177
QK:/crrc/r: 0.000000365 0.247669766 0.752329869
QK:/rc/c: 0.366365180 0.633634820 0.000000000
QK:/rc/crr: 0.000000000 0.000007775 0.999992225
QK:/rc/r: 0.000000019 0.267230103 0.732769878
QK:/rrc/c: 0.421041500 0.578958500 0.000000000
QK:/rrc/crr: 0.000000000 0.056353724 0.943646276
QK:/rrc/r: 0.000000051 0.470853421 0.529146528
QQ:/cc/c: 0.999999986 0.000000014 0.000000000
QQ:/cc/crr: 0.000000000 0.999999992 0.000000008
QQ:/cc/r: 0.999999714 0.000000133 0.000000153
QQ:/crc/c: 0.999999970 0.000000030 0.000000000
QQ:/crc/crr: 0.000000000 0.999999988 0.000000012
QQ:/crc/r: 0.999999962 0.000000022 0.000000016
QQ:/crrc/c: 0.999999994 0.000000006 0.000000000
QQ:/crrc/crr: 0.000000000 0.999999996 0.000000004
QQ:/crrc/r: 0.999999961 0.000000034 0.000000005
QQ:/rc/c: 0.999999989 0.000000011 0.000000000
QQ:/rc/crr: 0.000000000 0.999999996 0.000000004
QQ:/rc/r: 0.999999978 0.000000010 0.000000012
QQ:/rrc/c: 0.999999939 0.000000061 0.000000000
QQ:/rrc/crr: 0.000000000 0.999999965 0.000000035
QQ:/rrc/r: 0.999999794 0.000000160 0.000000046
