J:/c: 0.298126749 0.701873251 0.000000000
J:/crr: 0.000000000 0.999999997 0.000000003
J:/r: 0.054870914 0.125672407 0.819456679
JJ:/cc/c: 0.999999995 0.000000005 0.000000000
JJ:/cc/crr: 0.000000000 0.999999997 0.000000003
JJ:/cc/r: 0.999999986 0.000000010 0.000000004
JJ:/crc/c: 0.999999987 0.000000013 0.000000000
JJ:/crc/crr: 0.000000000 0.999999994 0.000000006
JJ:/crc/r: 0.636363629 0.363636363 0.000000008
JJ:/crrc/c: 0.999999994 0.000000006 0.000000000
JJ:/crrc/crr: 0.000000000 0.999999997 0.000000003
JJ:/crrc/r: 0.999999932 0.000000064 0.000000004
JJ:/rc/c: 0.999999980 0.000000020 0.000000000
JJ:/rc/crr: 0.000000000 0.999999990 0.000000010
JJ:/rc/r: 0.999999974 0.000000013 0.000000013
JJ:/rrc/c: 0.999999954 0.000000046 0.000000000
JJ:/rrc/crr: 0.000000000 0.999999977 0.000000023
JJ:/rrc/r: 0.999999612 0.000000358 0.000000030
JK:/cc/c: 0.007527979 0.992472021 0.000000000
JK:/cc/crr: 0.000000000 0.000000355 0.999999645
JK:/cc/r: 0.000000655 0.000000004 0.999999341
JK:/crc/c: 0.558415020 0.441584980 0.000000000
JK:/crc/crr: 0.000000000 0.000000079 0.999999921
JK:/crc/r: 0.013963311 0.000000109 0.986036580
JK:/crrc/c: 0.389725021 0.610274979 0.000000000
JK:/crrc/crr: 0.000000000 0.000000261 0.999999739
JK:/crrc/r: 0.212849808 0.000000068 0.787150124
JK:/rc/c: 0.386887868 0.613112132 0.000000000
JK:/rc/crr: 0.000000000 0.000000019 0.999999981
JK:/rc/r: 0.369233420 0.000000010 0.630766570
JK:/rrc/c: 0.999998983 0.000001017 0.000000000
JK:/rrc/crr: 0.000000000 0.000000107 0.999999893
JK:/rrc/r: 0.303309127 0.000000143 0.696690730
JQ:/cc/c: 0.071245173 0.928754827 0.000000000
JQ:/cc/crr: 0.000000000 0.000000000 1.000000000
JQ:/cc/r: 0.035823615 0.000000000 0.964176385
JQ:/crc/c: 0.391812009 0.608187991 0.000000000
JQ:/crc/crr: 0.000000000 0.000003226 0.999996774
JQ:/crc/r: 0.129955845 0.000000028 0.870044127
JQ:/crrc/c: 0.035990684 0.964009316 0.000000000
JQ:/crrc/crr: 0.000000000 0.000000699 0.999999301
JQ:/crrc/r: 0.153293536 0.000000013 0.846706451
JQ:/rc/c: 0.999978278 0.000021722 0.000000000
JQ:/rc/crr: 0.000000000 0.000000000 1.000000000
JQ:/rc/r: 0.000000032 0.000000032 0.999999936
JQ:/rrc/c: 0.000010239 0.999989761 0.000000000
JQ:/rrc/crr: 0.000000000 0.017278676 0.982721324
JQ:/rrc/r: 0.431557658 0.000000137 0.568442205
K:/c: 0.999997339 0.000002661 0.000000000
K:/crr: 0.000000000 0.999999999 0.000000001
K:/r: 0.514430682 0.485569317 0.000000001
KJ:/cc/c: 0.009638935 0.990361065 0.000000000
KJ:/cc/crr: 0.000000000 0.970870887 0.029129113
KJ:/cc/r: 0.009123017 0.007191756 0.983685226
KJ:/crc/c: 0.107660873 0.892339127 0.000000000
KJ:/crc/crr: 0.000000000 0.999999990 0.000000010
KJ:/crc/r: 0.000000125 0.772892767 0.227107108
KJ:/crrc/c: 0.264447296 0.735552704 0.000000000
KJ:/crrc/crr: 0.000000000 0.689135340 0.310864660
KJ:/crrc/r: 0.039854129 0.807268046 0.152877825
KJ:/rc/c: 0.339730188 0.660269812 0.000000000
KJ:/rc/crr: 0.000000000 0.756633229 0.243366771
KJ:/rc/r: 0.020219952 0.766438396 0.213341652
KJ:/rrc/c: 0.412277575 0.587722425 0.000000000
KJ:/rrc/crr: 0.000000000 0.999974425 0.000025575
KJ:/rrc/r: 0.032792489 0.904376274 0.062831236
KK:/cc/c: 0.992681611 0.007318389 0.000000000
KK:/cc/crr: 0.000000000 0.997705705 0.002294295
KK:/cc/r: 0.997333323 0.002193354 0.000473323
KK:/crc/c: 0.999999786 0.000000214 0.000000000
KK:/crc/crr: 0.000000000 0.999999958 0.000000042
KK:/crc/r: 0.695214077 0.304785900 0.000000023
KK:/crrc/c: 0.999999992 0.000000008 0.000000000
KK:/crrc/crr: 0.000000000 0.999999998 0.000000002
KK:/crrc/r: 0.999992570 0.000007426 0.000000004
KK:/rc/c: 0.999999968 0.000000032 0.000000000
KK:/rc/crr: 0.000000000 0.999999990 0.000000010
KK:/rc/r: 0.999999962 0.000000021 0.000000017
KK:/rrc/c: 0.999999901 0.000000099 0.000000000
KK:/rrc/crr: 0.000000000 0.999999980 0.000000020
KK:/rrc/r: 0.950948393 0.049051582 0.000000024
KQ:/cc/c: 0.003583772 0.996416228 0.000000000
KQ:/cc/crr: 0.000000000 0.789901015 0.210098985
KQ:/cc/r: 0.018484918 0.977378204 0.004136878
KQ:/crc/c: 0.288754746 0.711245254 0.000000000
KQ:/crc/crr: 0.000000000 0.063120259 0.936879741
KQ:/crc/r: 0.000000017 0.472094998 0.527904985
KQ:/crrc/c: 0.553795992 0.446204008 0.000000000
KQ:/crrc/crr: 0.000000000 0.441579420 0.558420580
KQ:/crrc/r: 0.000004934 0.793872111 0.206122955
KQ:/rc/c: 0.000022075 0.999977925 0.000000000
KQ:/rc/crr: 0.000000000 0.010361191 0.989638809
KQ:/rc/r: 0.000000164 0.344449875 0.655549962
KQ:/rrc/c: 0.446957573 0.553042427 0.000000000
KQ:/rrc/crr: 0.000000000 0.504941366 0.495058634
KQ:/rrc/r: 0.070838200 0.587204695 0.341957105
Q:/c: 0.886621298 0.113378702 0.000000000
Q:/crr: 0.000000000 0.999999950 0.000000050
Q:/r: 0.449423107 0.550576642 0.000000251
QJ:/cc/c: 0.000000694 0.999999306 0.000000000
QJ:/cc/crr: 0.000000000 0.061737890 0.938262110
QJ:/cc/r: 0.000000122 0.000000088 0.999999790
QJ:/crc/c: 0.610800191 0.389199809 0.000000000
QJ:/crc/crr: 0.000000000 0.000962450 0.999037550
QJ:/crc/r: 0.000000060 0.000000006 0.999999934
QJ:/crrc/c: 0.000000135 0.999999865 0.000000000
QJ:/crrc/crr: 0.000000000 0.142737466 0.857262534
QJ:/crrc/r: 0.016472307 0.000000000 0.983527693
QJ:/rc/c: 0.000000780 0.999999220 0.000000000
QJ:/rc/crr: 0.000000000 0.001626945 0.998373055
QJ:/rc/r: 0.016673233 0.000000007 0.983326760
QJ:/rrc/c: 0.000000476 0.999999524 0.000000000
QJ:/rrc/crr: 0.000000000 0.060109285 0.939890715
QJ:/rrc/r: 0.000000056 0.000000011 0.999999934
QK:/cc/c: 0.201327446 0.798672554 0.000000000
QK:/cc/crr: 0.000000000 0.999999937 0.000000063
QK:/cc/r: 0.000000213 0.629679203 0.370320585
QK:/crc/c: 0.329284215 0.670715785 0.000000000
QK:/crc/crr: 0.000000000 0.000009850 0.999990150
QK:/crc/r: 0.000000278 0.340647481 0.659352241
QK:/crrc/c: 0.218635261 0.781364739 0.000000000
QK:/crrc/crr: 0.000000000 0.000002891 0.999997109
QK:/crrc/r: 0.000000414 0.199350969 0.800648617
QK:/rc/c: 0.448909912 0.551090088 0.000000000
QK:/rc/crr: 0.000000000 0.000005880 0.999994120
QK:/rc/r: 0.000000022 0.216191818 0.783808160
QK:/rrc/c: 0.506066386 0.493933614 0.000000000
QK:/rrc/crr: 0.000000000 0.043215470 0.956784530
QK:/rrc/r: 0.000000062 0.402274898 0.597725041
QQ:/cc/c: 0.999999990 0.000000010 0.000000000
QQ:/cc/crr: 0.000000000 0.999999989 0.000000011
QQ:/cc/r: 0.999999762 0.000000094 0.000000144
QQ:/crc/c: 0.999999979 0.000000021 0.000000000
QQ:/crc/crr: 0.000000000 0.999999984 0.000000016
QQ:/crc/r: 0.999999969 0.000000016 0.000000015
QQ:/crrc/c: 0.999999996 0.000000004 0.000000000
QQ:/crrc/crr: 0.000000000 0.999999995 0.000000005
QQ:/crrc/r: 0.999999972 0.000000024 0.000000005
QQ:/rc/c: 0.999999992 0.000000008 0.000000000
QQ:/rc/crr: 0.000000000 0.999999995 0.000000005
QQ:/rc/r: 0.999999981 0.000000007 0.000000011
QQ:/rrc/c: 0.999999957 0.000000043 0.000000000
QQ:/rrc/crr: 0.000000000 0.999999953 0.000000047
QQ:/rrc/r: 0.999999843 0.000000114 0.000000043
