J:/c: 0.423684018 0.576315982 0.000000000
J:/crr: 0.000000000 0.999999997 0.000000003
J:/r: 0.091307638 0.120827470 0.787864892
JJ:/cc/c: 0.999999997 0.000000003 0.000000000
JJ:/cc/crr: 0.000000000 0.999999997 0.000000003
JJ:/cc/r: 0.999999992 0.000000006 0.000000002
JJ:/crc/c: 0.999999992 0.000000008 0.000000000
JJ:/crc/crr: 0.000000000 0.999999994 0.000000006
JJ:/crc/r: 0.751789970 0.248210024 0.000000005
JJ:/crrc/c: 0.999999997 0.000000003 0.000000000
JJ:/crrc/crr: 0.000000000 0.999999997 0.000000003
JJ:/crrc/r: 0.999999961 0.000000037 0.000000002
JJ:/rc/c: 0.999999988 0.000000012 0.000000000
JJ:/rc/crr: 0.000000000 0.999999990 0.000000010
JJ:/rc/r: 0.999999985 0.000000008 0.000000008
JJ:/rrc/c: 0.999999973 0.000000027 0.000000000
JJ:/rrc/crr: 0.000000000 0.999999977 0.000000023
JJ:/rrc/r: 0.999999776 0.000000207 0.000000017
JK:/cc/c: 0.012957910 0.987042090 0.000000000
JK:/cc/crr: 0.000000000 0.000000355 0.999999645
JK:/cc/r: 0.000001134 0.000000004 0.999998862
JK:/crc/c: 0.686390455 0.313609545 0.000000000
JK:/crc/crr: 0.000000000 0.000000079 0.999999921
JK:/crc/r: 0.023923158 0.000000108 0.976076734
JK:/crrc/c: 0.525003558 0.474996442 0.000000000
JK:/crrc/crr: 0.000000000 0.000000261 0.999999739
JK:/crrc/r: 0.318805575 0.000000059 0.681194366
JK:/rc/c: 0.522023993 0.477976007 0.000000000
JK:/rc/crr: 0.000000000 0.000000019 0.999999981
JK:/rc/r: 0.503264728 0.000000008 0.496735264
JK:/rrc/c: 0.999999412 0.000000588 0.000000000
JK:/rrc/crr: 0.000000000 0.000000107 0.999999893
JK:/rrc/r: 0.429712720 0.000000117 0.570287163
JQ:/cc/c: 0.117206728 0.882793272 0.000000000
JQ:/cc/crr: 0.000000000 0.000000000 1.000000000
JQ:/cc/r: 0.060420670 0.000000000 0.939579330
JQ:/crc/c: 0.527189172 0.472810828 0.000000000
JQ:/crc/crr: 0.000000000 0.000003226 0.999996774
JQ:/crc/r: 0.205415713 0.000000026 0.794584261
JQ:/crrc/c: 0.060695230 0.939304770 0.000000000
JQ:/crrc/crr: 0.000000000 0.000000699 0.999999301
JQ:/crrc/r: 0.238588524 0.000000012 0.761411464
JQ:/rc/c: 0.999987449 0.000012551 0.000000000
JQ:/rc/crr: 0.000000000 0.000000000 1.000000000
JQ:/rc/r: 0.000000055 0.000000032 0.999999913
JQ:/rrc/c: 0.000017721 0.999982279 0.000000000
JQ:/rrc/crr: 0.000000000 0.017278676 0.982721324
JQ:/rrc/r: 0.567845739 0.000000104 0.432154156
K:/c: 0.999998831 0.000001169 0.000000000
K:/crr: 0.000000000 0.999999999 0.000000001
K:/r: 0.706885769 0.293114230 0.000000001
KJ:/cc/c: 0.021674816 0.978325184 0.000000000
KJ:/cc/crr: 0.000000000 0.964626727 0.035373273
KJ:/cc/r: 0.016880492 0.005845812 0.977273696
KJ:/crc/c: 0.215465100 0.784534900 0.000000000
KJ:/crc/crr: 0.000000000 0.999999988 0.000000012
KJ:/crc/r: 0.000000270 0.735760127 0.264239603
KJ:/crrc/c: 0.450063953 0.549936047 0.000000000
KJ:/crrc/crr: 0.000000000 0.644605336 0.355394664
KJ:/crrc/r: 0.083626566 0.744135459 0.172237974
KJ:/rc/c: 0.539435696 0.460564304 0.000000000
KJ:/rc/crr: 0.000000000 0.717812831 0.282187169
KJ:/rc/r: 0.042887368 0.714150613 0.242962019
KJ:/rrc/c: 0.614912641 0.385087359 0.000000000
KJ:/rrc/crr: 0.000000000 0.999968742 0.000031258
KJ:/rrc/r: 0.070700507 0.856565535 0.072733957
KK:/cc/c: 0.996771770 0.003228230 0.000000000
KK:/cc/crr: 0.000000000 0.997197291 0.002802709
KK:/cc/r: 0.998780549 0.000964943 0.000254508
KK:/crc/c: 0.999999906 0.000000094 0.000000000
KK:/crc/crr: 0.000000000 0.999999949 0.000000051
KK:/crc/r: 0.838509296 0.161490689 0.000000015
KK:/crrc/c: 0.999999997 0.000000003 0.000000000
KK:/crrc/crr: 0.000000000 0.999999997 0.000000003
KK:/crrc/r: 0.999996736 0.000003262 0.000000002
KK:/rc/c: 0.999999986 0.000000014 0.000000000
KK:/rc/crr: 0.000000000 0.999999988 0.000000012
KK:/rc/r: 0.999999982 0.000000009 0.000000009
KK:/rrc/c: 0.999999957 0.000000043 0.000000000
KK:/rrc/crr: 0.000000000 0.999999976 0.000000024
KK:/rrc/r: 0.977842112 0.022157875 0.000000014
KQ:/cc/c: 0.008120729 0.991879271 0.000000000
KQ:/cc/crr: 0.000000000 0.754666638 0.245333362
KQ:/cc/r: 0.041071168 0.953993621 0.004935210
KQ:/crc/c: 0.480292292 0.519707708 0.000000000
KQ:/crc/crr: 0.000000000 0.052243415 0.947756585
KQ:/crc/r: 0.000000035 0.422527366 0.577472599
KQ:/crrc/c: 0.738577473 0.261422527 0.000000000
KQ:/crrc/crr: 0.000000000 0.392831588 0.607168412
KQ:/crrc/r: 0.000010739 0.759096824 0.240892437
KQ:/rc/c: 0.000050248 0.999949752 0.000000000
KQ:/rc/crr: 0.000000000 0.008493338 0.991506662
KQ:/rc/r: 0.000000325 0.300651563 0.699348112
KQ:/rrc/c: 0.647848839 0.352151161 0.000000000
KQ:/rrc/crr: 0.000000000 0.454896792 0.545103208
KQ:/rrc/r: 0.138246851 0.503431680 0.358321469
Q:/c: 0.907456156 0.092543844 0.000000000
Q:/crr: 0.000000000 0.999999968 0.000000032
Q:/r: 0.505818904 0.494180952 0.000000144
QJ:/cc/c: 0.000000871 0.999999129 0.000000000
QJ:/cc/crr: 0.000000000 0.093275500 0.906724500
QJ:/cc/r: 0.000000239 0.000000138 0.999999623
QJ:/crc/c: 0.663058830 0.336941170 0.000000000
QJ:/crc/crr: 0.000000000 0.001503860 0.998496140
QJ:/crc/r: 0.000000118 0.000000009 0.999999873
QJ:/crrc/c: 0.000000170 0.999999830 0.000000000
QJ:/crrc/crr: 0.000000000 0.206543635 0.793456365
QJ:/crrc/r: 0.031788790 0.000000000 0.968211210
QJ:/rc/c: 0.000000978 0.999999022 0.000000000
QJ:/rc/crr: 0.000000000 0.002541205 0.997458795
QJ:/rc/r: 0.032170432 0.000000011 0.967829557
QJ:/rrc/c: 0.000000597 0.999999403 0.000000000
QJ:/rrc/crr: 0.000000000 0.090895549 0.909104451
QJ:/rrc/r: 0.000000109 0.000000017 0.999999874
QK:/cc/c: 0.240171404 0.759828596 0.000000000
QK:/cc/crr: 0.000000000 0.999999960 0.000000040
QK:/cc/r: 0.000000308 0.726649742 0.273349949
QK:/crc/c: 0.381037740 0.618962260 0.000000000
QK:/crc/crr: 0.000000000 0.000015399 0.999984601
QK:/crc/r: 0.000000457 0.446811937 0.553187606
QK:/crrc/c: 0.259732598 0.740267402 0.000000000
QK:/crrc/crr: 0.000000000 0.000004520 0.999995480
QK:/crrc/r: 0.000000730 0.280192706 0.719806564
QK:/rc/c: 0.505300372 0.494699628 0.000000000
QK:/rc/crr: 0.000000000 0.000009193 0.999990807
QK:/rc/r: 0.000000038 0.301293064 0.698706898
QK:/rrc/c: 0.562310660 0.437689340 0.000000000
QK:/rrc/crr: 0.000000000 0.065956390 0.934043610
QK:/rrc/r: 0.000000099 0.512710999 0.487288903
QQ:/cc/c: 0.999999992 0.000000008 0.000000000
QQ:/cc/crr: 0.000000000 0.999999993 0.000000007
QQ:/cc/r: 0.999999852 0.000000075 0.000000073
QQ:/crc/c: 0.999999983 0.000000017 0.000000000
QQ:/crc/crr: 0.000000000 0.999999990 0.000000010
QQ:/crc/r: 0.999999980 0.000000013 0.000000008
QQ:/crrc/c: 0.999999997 0.000000003 0.000000000
QQ:/crrc/crr: 0.000000000 0.999999997 0.000000003
QQ:/crrc/r: 0.999999979 0.000000019 0.000000002
QQ:/rc/c: 0.999999994 0.000000006 0.000000000
QQ:/rc/crr: 0.000000000 0.999999997 0.000000003
QQ:/rc/r: 0.999999988 0.000000006 0.000000006
QQ:/rrc/c: 0.999999965 0.000000035 0.000000000
QQ:/rrc/crr: 0.000000000 0.999999970 0.000000030
QQ:/rrc/r: 0.999999887 0.000000091 0.000000022
