J:/c: 0.227824242 0.772175758 0.000000000
J:/crr: 0.000000000 0.999999998 0.000000002
J:/r: 0.051652119 0.170311653 0.778036228
JJ:/cc/c: 0.999999993 0.000000007 0.000000000
JJ:/cc/crr: 0.000000000 0.999999998 0.000000002
JJ:/cc/r: 0.999999982 0.000000014 0.000000004
JJ:/crc/c: 0.999999981 0.000000019 0.000000000
JJ:/crc/crr: 0.000000000 0.999999996 0.000000004
JJ:/crc/r: 0.548648642 0.451351351 0.000000007
JJ:/crrc/c: 0.999999991 0.000000009 0.000000000
JJ:/crrc/crr: 0.000000000 0.999999998 0.000000002
JJ:/crrc/r: 0.999999904 0.000000092 0.000000004
JJ:/rc/c: 0.999999971 0.000000029 0.000000000
JJ:/rc/crr: 0.000000000 0.999999993 0.000000007
JJ:/rc/r: 0.999999968 0.000000019 0.000000013
JJ:/rrc/c: 0.999999934 0.000000066 0.000000000
JJ:/rrc/crr: 0.000000000 0.999999984 0.000000016
JJ:/rrc/r: 0.999999454 0.000000515 0.000000030
JK:/cc/c: 0.005241064 0.994758936 0.000000000
JK:/cc/crr: 0.000000000 0.000000507 0.999999493
JK:/cc/r: 0.000000649 0.000000006 0.999999345
JK:/crc/c: 0.467627435 0.532372565 0.000000000
JK:/crc/crr: 0.000000000 0.000000113 0.999999887
JK:/crc/r: 0.013845618 0.000000156 0.986154226
JK:/crrc/c: 0.307278861 0.692721139 0.000000000
JK:/crrc/crr: 0.000000000 0.000000373 0.999999627
JK:/crrc/r: 0.211415185 0.000000097 0.788584717
JK:/rc/c: 0.304742196 0.695257804 0.000000000
JK:/rc/crr: 0.000000000 0.000000027 0.999999973
JK:/rc/r: 0.367236517 0.000000014 0.632763468
JK:/rrc/c: 0.999998536 0.000001464 0.000000000
JK:/rrc/crr: 0.000000000 0.000000153 0.999999847
JK:/rrc/r: 0.301498323 0.000000205 0.698501473
JQ:/cc/c: 0.050588341 0.949411659 0.000000000
JQ:/cc/crr: 0.000000000 0.000000000 1.000000000
JQ:/cc/r: 0.035528308 0.000000000 0.964471692
JQ:/crc/c: 0.309147999 0.690852001 0.000000000
JQ:/crc/crr: 0.000000000 0.000004605 0.999995395
JQ:/crc/r: 0.128988381 0.000000040 0.871011579
JQ:/crrc/c: 0.025277345 0.974722655 0.000000000
JQ:/crrc/crr: 0.000000000 0.000000998 0.999999002
JQ:/crrc/r: 0.152182724 0.000000019 0.847817257
JQ:/rc/c: 0.999968728 0.000031272 0.000000000
JQ:/rc/crr: 0.000000000 0.000000000 1.000000000
JQ:/rc/r: 0.000000032 0.000000046 0.999999923
JQ:/rrc/c: 0.000007112 0.999992888 0.000000000
JQ:/rrc/crr: 0.000000000 0.024481950 0.975518050
JQ:/rrc/r: 0.429453155 0.000000196 0.570546649
K:/c: 0.999997088 0.000002912 0.000000000
K:/crr: 0.000000000 0.999999999 0.000000001
K:/r: 0.491835003 0.508164996 0.000000001
KJ:/cc/c: 0.008813128 0.991186872 0.000000000
KJ:/cc/crr: 0.000000000 0.974952252 0.025047748
KJ:/cc/r: 0.009715597 0.008383529 0.981900874
KJ:/crc/c: 0.099278983 0.900721017 0.000000000
KJ:/crc/crr: 0.000000000 0.999999992 0.000000008
KJ:/crc/r: 0.000000118 0.798969666 0.201030217
KJ:/crrc/c: 0.247240940 0.752759060 0.000000000
KJ:/crrc/crr: 0.000000000 0.721362318 0.278637682
KJ:/crrc/r: 0.037358789 0.828320041 0.134321171
KJ:/rc/c: 0.319754886 0.680245114 0.000000000
KJ:/rc/crr: 0.000000000 0.784055463 0.215944537
KJ:/rc/r: 0.019090915 0.792108744 0.188800341
KJ:/rrc/c: 0.390559838 0.609440162 0.000000000
KJ:/rrc/crr: 0.000000000 0.999978100 0.000021900
KJ:/rrc/r: 0.030317736 0.915234696 0.054447568
KK:/cc/c: 0.991994733 0.008005267 0.000000000
KK:/cc/crr: 0.000000000 0.998034776 0.001965224
KK:/cc/r: 0.997155983 0.002400449 0.000443569
KK:/crc/c: 0.999999765 0.000000235 0.000000000
KK:/crc/crr: 0.000000000 0.999999964 0.000000036
KK:/crc/r: 0.675728127 0.324271852 0.000000021
KK:/crrc/c: 0.999999991 0.000000009 0.000000000
KK:/crrc/crr: 0.000000000 0.999999998 0.000000002
KK:/crrc/r: 0.999991868 0.000008128 0.000000004
KK:/rc/c: 0.999999965 0.000000035 0.000000000
KK:/rc/crr: 0.000000000 0.999999992 0.000000008
KK:/rc/r: 0.999999961 0.000000023 0.000000016
KK:/rrc/c: 0.999999892 0.000000108 0.000000000
KK:/rrc/crr: 0.000000000 0.999999983 0.000000017
KK:/rrc/r: 0.946555469 0.053444508 0.000000023
KQ:/cc/c: 0.003275020 0.996724980 0.000000000
KQ:/cc/crr: 0.000000000 0.814493729 0.185506271
KQ:/cc/r: 0.016924261 0.979525599 0.003550139
KQ:/crc/c: 0.270548547 0.729451453 0.000000000
KQ:/crc/crr: 0.000000000 0.072941158 0.927058842
KQ:/crc/r: 0.000000017 0.510851562 0.489148421
KQ:/crrc/c: 0.531363382 0.468636618 0.000000000
KQ:/crrc/crr: 0.000000000 0.480109169 0.519890831
KQ:/crrc/r: 0.000004645 0.818106796 0.181888559
KQ:/rc/c: 0.000020167 0.999979833 0.000000000
KQ:/rc/crr: 0.000000000 0.012079127 0.987920873
KQ:/rc/r: 0.000000165 0.380275973 0.619723862
KQ:/rrc/c: 0.424733207 0.575266793 0.000000000
KQ:/rrc/crr: 0.000000000 0.543617671 0.456382329
KQ:/rrc/r: 0.068501055 0.621555911 0.309943034
Q:/c: 0.797379048 0.202620952 0.000000000
Q:/crr: 0.000000000 0.999999978 0.000000022
Q:/r: 0.291173223 0.708826633 0.000000145
QJ:/cc/c: 0.000000349 0.999999651 0.000000000
QJ:/cc/crr: 0.000000000 0.128033250 0.871966750
QJ:/cc/r: 0.000000137 0.000000197 0.999999666
QJ:/crc/c: 0.441268822 0.558731178 0.000000000
QJ:/crc/crr: 0.000000000 0.002145157 0.997854843
QJ:/crc/r: 0.000000067 0.000000013 0.999999920
QJ:/crrc/c: 0.000000068 0.999999932 0.000000000
QJ:/crrc/crr: 0.000000000 0.270898849 0.729101151
QJ:/crrc/r: 0.018460549 0.000000000 0.981539451
QJ:/rc/c: 0.000000392 0.999999608 0.000000000
QJ:/rc/crr: 0.000000000 0.003623255 0.996376745
QJ:/rc/r: 0.018685266 0.000000016 0.981314718
QJ:/rrc/c: 0.000000240 0.999999760 0.000000000
QJ:/rrc/crr: 0.000000000 0.124888597 0.875111403
QJ:/rrc/r: 0.000000062 0.000000024 0.999999913
QK:/cc/c: 0.112574475 0.887425525 0.000000000
QK:/cc/crr: 0.000000000 0.999999972 0.000000028
QK:/cc/r: 0.000000135 0.791420797 0.208579068
QK:/crc/c: 0.198115332 0.801884668 0.000000000
QK:/crc/crr: 0.000000000 0.000021980 0.999978020
QK:/crc/r: 0.000000220 0.535505139 0.464494641
QK:/crrc/c: 0.123431510 0.876568490 0.000000000
QK:/crrc/crr: 0.000000000 0.000006452 0.999993548
QK:/crrc/r: 0.000000374 0.357166057 0.642833569
QK:/rc/c: 0.290745255 0.709254745 0.000000000
QK:/rc/crr: 0.000000000 0.000013122 0.999986878
QK:/rc/r: 0.000000019 0.380994772 0.619005209
QK:/rrc/c: 0.340195195 0.659804805 0.000000000
QK:/rrc/crr: 0.000000000 0.091562068 0.908437932
QK:/rrc/r: 0.000000046 0.600290319 0.399709635
QQ:/cc/c: 0.999999980 0.000000020 0.000000000
QQ:/cc/crr: 0.000000000 0.999999995 0.000000005
QQ:/cc/r: 0.999999685 0.000000187 0.000000128
QQ:/crc/c: 0.999999958 0.000000042 0.000000000
QQ:/crc/crr: 0.000000000 0.999999993 0.000000007
QQ:/crc/r: 0.999999955 0.000000032 0.000000013
QQ:/crrc/c: 0.999999991 0.000000009 0.000000000
QQ:/crrc/crr: 0.000000000 0.999999998 0.000000002
QQ:/crrc/r: 0.999999948 0.000000048 0.000000004
QQ:/rc/c: 0.999999984 0.000000016 0.000000000
QQ:/rc/crr: 0.000000000 0.999999998 0.000000002
QQ:/rc/r: 0.999999976 0.000000014 0.000000010
QQ:/rrc/c: 0.999999914 0.000000086 0.000000000
QQ:/rrc/crr: 0.000000000 0.999999979 0.000000021
QQ:/rrc/r: 0.999999736 0.000000226 0.000000038
