J:/c: 0.285529817 0.714470183 0.000000000
J:/crr: 0.000000000 0.999999997 0.000000003
J:/r: 0.053447612 0.130107084 0.816445304
JJ:/cc/c: 0.999999995 0.000000005 0.000000000
JJ:/cc/crr: 0.000000000 0.999999997 0.000000003
JJ:/cc/r: 0.999999985 0.000000011 0.000000004
JJ:/crc/c: 0.999999986 0.000000014 0.000000000
JJ:/crc/crr: 0.000000000 0.999999994 0.000000006
JJ:/crc/r: 0.622143213 0.377856779 0.000000008
JJ:/crrc/c: 0.999999994 0.000000006 0.000000000
JJ:/crrc/crr: 0.000000000 0.999999997 0.000000003
JJ:/crrc/r: 0.999999928 0.000000068 0.000000004
JJ:/rc/c: 0.999999979 0.000000021 0.000000000
JJ:/rc/crr: 0.000000000 0.999999990 0.000000010
JJ:/rc/r: 0.999999973 0.000000014 0.000000013
JJ:/rrc/c: 0.999999951 0.000000049 0.000000000
JJ:/rrc/crr: 0.000000000 0.999999978 0.000000022
JJ:/rrc/r: 0.999999589 0.000000381 0.000000031
JK:/cc/c: 0.007085931 0.992914069 0.000000000
JK:/cc/crr: 0.000000000 0.000000369 0.999999631
JK:/cc/r: 0.000000640 0.000000004 0.999999355
JK:/crc/c: 0.543333828 0.456666172 0.000000000
JK:/crc/crr: 0.000000000 0.000000082 0.999999918
JK:/crc/r: 0.013655543 0.000000113 0.986344344
JK:/crrc/c: 0.375327408 0.624672592 0.000000000
JK:/crrc/crr: 0.000000000 0.000000271 0.999999729
JK:/crrc/r: 0.209087897 0.000000071 0.790912032
JK:/rc/c: 0.372531087 0.627468913 0.000000000
JK:/rc/crr: 0.000000000 0.000000020 0.999999980
JK:/rc/r: 0.363985649 0.000000010 0.636014341
JK:/rrc/c: 0.999998919 0.000001081 0.000000000
JK:/rrc/crr: 0.000000000 0.000000111 0.999999889
JK:/rrc/r: 0.298554830 0.000000150 0.701445021
JQ:/cc/c: 0.067315377 0.932684623 0.000000000
JQ:/cc/crr: 0.000000000 0.000000000 1.000000000
JQ:/cc/r: 0.035051147 0.000000000 0.964948853
JQ:/crc/c: 0.377384974 0.622615026 0.000000000
JQ:/crc/crr: 0.000000000 0.000003352 0.999996648
JQ:/crc/r: 0.127421842 0.000000029 0.872578129
JQ:/crrc/c: 0.033934431 0.966065569 0.000000000
JQ:/crrc/crr: 0.000000000 0.000000726 0.999999274
JQ:/crrc/r: 0.150383128 0.000000014 0.849616859
JQ:/rc/c: 0.999976913 0.000023087 0.000000000
JQ:/rc/crr: 0.000000000 0.000000000 1.000000000
JQ:/rc/r: 0.000000031 0.000000033 0.999999935
JQ:/rrc/c: 0.000009633 0.999990367 0.000000000
JQ:/rrc/crr: 0.000000000 0.017942255 0.982057745
JQ:/rrc/r: 0.426022360 0.000000144 0.573977496
K:/c: 0.999997850 0.000002150 0.000000000
K:/crr: 0.000000000 0.999999999 0.000000001
K:/r: 0.567284391 0.432715608 0.000000001
KJ:/cc/c: 0.011900327 0.988099673 0.000000000
KJ:/cc/crr: 0.000000000 0.965912600 0.034087400
KJ:/cc/r: 0.009603570 0.006117959 0.984278471
KJ:/crc/c: 0.129902765 0.870097235 0.000000000
KJ:/crc/crr: 0.000000000 0.999999988 0.000000012
KJ:/crc/r: 0.000000148 0.743150480 0.256849372
KJ:/crrc/c: 0.307903505 0.692096495 0.000000000
KJ:/crrc/crr: 0.000000000 0.653343854 0.346656146
KJ:/crrc/r: 0.047584668 0.778912794 0.173502538
KJ:/rc/c: 0.389014752 0.610985248 0.000000000
KJ:/rc/crr: 0.000000000 0.725517792 0.274482208
KJ:/rc/r: 0.024003227 0.735265359 0.240731414
KJ:/rrc/c: 0.464679763 0.535320237 0.000000000
KJ:/rrc/crr: 0.000000000 0.999969918 0.000030082
KJ:/rrc/r: 0.039827510 0.887636760 0.072535730
KK:/cc/c: 0.994077527 0.005922473 0.000000000
KK:/cc/crr: 0.000000000 0.997302485 0.002697515
KK:/cc/r: 0.997776603 0.001773287 0.000450110
KK:/crc/c: 0.999999827 0.000000173 0.000000000
KK:/crc/crr: 0.000000000 0.999999951 0.000000049
KK:/crc/r: 0.738396595 0.261603382 0.000000023
KK:/crrc/c: 0.999999994 0.000000006 0.000000000
KK:/crrc/crr: 0.000000000 0.999999997 0.000000003
KK:/crrc/r: 0.999993995 0.000006001 0.000000004
KK:/rc/c: 0.999999974 0.000000026 0.000000000
KK:/rc/crr: 0.000000000 0.999999988 0.000000012
KK:/rc/r: 0.999999967 0.000000017 0.000000016
KK:/rrc/c: 0.999999920 0.000000080 0.000000000
KK:/rrc/crr: 0.000000000 0.999999977 0.000000023
KK:/rrc/r: 0.959983646 0.040016330 0.000000023
KQ:/cc/c: 0.004430917 0.995569083 0.000000000
KQ:/cc/crr: 0.000000000 0.761699390 0.238300610
KQ:/cc/r: 0.022757425 0.972401454 0.004841120
KQ:/crc/c: 0.334389464 0.665610536 0.000000000
KQ:/crc/crr: 0.000000000 0.054175770 0.945824230
KQ:/crc/r: 0.000000019 0.431914093 0.568085888
KQ:/crrc/c: 0.605649512 0.394350488 0.000000000
KQ:/crrc/crr: 0.000000000 0.402017867 0.597982133
KQ:/crrc/r: 0.000005891 0.766045427 0.233948681
KQ:/rc/c: 0.000027316 0.999972684 0.000000000
KQ:/rc/crr: 0.000000000 0.008822549 0.991177451
KQ:/rc/r: 0.000000182 0.308778521 0.691221297
KQ:/rrc/c: 0.500017556 0.499982444 0.000000000
KQ:/rrc/crr: 0.000000000 0.464424288 0.535575712
KQ:/rrc/r: 0.081384536 0.545181668 0.373433796
Q:/c: 0.842033402 0.157966598 0.000000000
Q:/crr: 0.000000000 0.999999969 0.000000031
Q:/r: 0.357495746 0.642504074 0.000000180
QJ:/cc/c: 0.000000473 0.999999527 0.000000000
QJ:/cc/crr: 0.000000000 0.096570889 0.903429111
QJ:/cc/r: 0.000000135 0.000000143 0.999999722
QJ:/crc/c: 0.516850797 0.483149203 0.000000000
QJ:/crc/crr: 0.000000000 0.001562578 0.998437422
QJ:/crc/r: 0.000000066 0.000000009 0.999999924
QJ:/crrc/c: 0.000000092 0.999999908 0.000000000
QJ:/crrc/crr: 0.000000000 0.212901131 0.787098869
QJ:/crrc/r: 0.018208288 0.000000000 0.981791712
QJ:/rc/c: 0.000000532 0.999999468 0.000000000
QJ:/rc/crr: 0.000000000 0.002640319 0.997359681
QJ:/rc/r: 0.018429992 0.000000011 0.981569997
QJ:/rrc/c: 0.000000325 0.999999675 0.000000000
QJ:/rrc/crr: 0.000000000 0.094115583 0.905884417
QJ:/rrc/r: 0.000000062 0.000000018 0.999999921
QK:/cc/c: 0.146631768 0.853368232 0.000000000
QK:/cc/crr: 0.000000000 0.999999962 0.000000038
QK:/cc/r: 0.000000169 0.734202858 0.265796973
QK:/crc/c: 0.250739433 0.749260567 0.000000000
QK:/crc/crr: 0.000000000 0.000016001 0.999983999
QK:/crc/r: 0.000000254 0.456311939 0.543687807
QK:/crrc/c: 0.160180525 0.839819475 0.000000000
QK:/crrc/crr: 0.000000000 0.000004697 0.999995303
QK:/crrc/r: 0.000000408 0.287994425 0.712005167
QK:/rc/c: 0.357019414 0.642980586 0.000000000
QK:/rc/crr: 0.000000000 0.000009552 0.999990448
QK:/rc/r: 0.000000021 0.309429652 0.690570327
QK:/rrc/c: 0.411206122 0.588793878 0.000000000
QK:/rrc/crr: 0.000000000 0.068359371 0.931640629
QK:/rrc/r: 0.000000055 0.522289195 0.477710751
QQ:/cc/c: 0.999999985 0.000000015 0.000000000
QQ:/cc/crr: 0.000000000 0.999999993 0.000000007
QQ:/cc/r: 0.999999732 0.000000138 0.000000130
QQ:/crc/c: 0.999999969 0.000000031 0.000000000
QQ:/crc/crr: 0.000000000 0.999999990 0.000000010
QQ:/crc/r: 0.999999963 0.000000023 0.000000013
QQ:/crrc/c: 0.999999994 0.000000006 0.000000000
QQ:/crrc/crr: 0.000000000 0.999999997 0.000000003
QQ:/crrc/r: 0.999999961 0.000000035 0.000000004
QQ:/rc/c: 0.999999988 0.000000012 0.000000000
QQ:/rc/crr: 0.000000000 0.999999997 0.000000003
QQ:/rc/r: 0.999999979 0.000000011 0.000000010
QQ:/rrc/c: 0.999999936 0.000000064 0.000000000
QQ:/rrc/crr: 0.000000000 0.999999971 0.000000029
QQ:/rrc/r: 0.999999794 0.000000167 0.000000039
