J:/c: 0.207730466 0.792269534 0.000000000
J:/crr: 0.000000000 0.999999997 0.000000003
J:/r: 0.039966540 0.148289126 0.811744334
JJ:/cc/c: 0.999999992 0.000000008 0.000000000
JJ:/cc/crr: 0.000000000 0.999999997 0.000000003
JJ:/cc/r: 0.999999978 0.000000016 0.000000005
JJ:/crc/c: 0.999999979 0.000000021 0.000000000
JJ:/crc/crr: 0.000000000 0.999999995 0.000000005
JJ:/crc/r: 0.519287827 0.480712164 0.000000009
JJ:/crrc/c: 0.999999990 0.000000010 0.000000000
JJ:/crrc/crr: 0.000000000 0.999999997 0.000000003
JJ:/crrc/r: 0.999999891 0.000000104 0.000000005
JJ:/rc/c: 0.999999968 0.000000032 0.000000000
JJ:/rc/crr: 0.000000000 0.999999992 0.000000008
JJ:/rc/r: 0.999999961 0.000000021 0.000000018
JJ:/rrc/c: 0.999999925 0.000000075 0.000000000
JJ:/rrc/crr: 0.000000000 0.999999981 0.000000019
JJ:/rrc/r: 0.999999379 0.000000580 0.000000041
JK:/cc/c: 0.004660327 0.995339673 0.000000000
JK:/cc/crr: 0.000000000 0.000000423 0.999999577
JK:/cc/r: 0.000000482 0.000000005 0.999999514
JK:/crc/c: 0.438391121 0.561608879 0.000000000
JK:/crc/crr: 0.000000000 0.000000094 0.999999906
JK:/crc/r: 0.010305230 0.000000130 0.989694640
JK:/crrc/c: 0.282743301 0.717256699 0.000000000
JK:/crrc/crr: 0.000000000 0.000000311 0.999999689
JK:/crrc/r: 0.165851726 0.000000086 0.834148188
JK:/rc/c: 0.280327217 0.719672783 0.000000000
JK:/rc/crr: 0.000000000 0.000000023 0.999999977
JK:/rc/r: 0.300905102 0.000000013 0.699094885
JK:/rrc/c: 0.999998352 0.000001648 0.000000000
JK:/rrc/crr: 0.000000000 0.000000127 0.999999873
JK:/rrc/r: 0.242490410 0.000000185 0.757509405
JQ:/cc/c: 0.045211262 0.954788738 0.000000000
JQ:/cc/crr: 0.000000000 0.000000000 1.000000000
JQ:/cc/r: 0.026593068 0.000000000 0.973406932
JQ:/crc/c: 0.284524493 0.715475507 0.000000000
JQ:/crc/crr: 0.000000000 0.000003843 0.999996157
JQ:/crc/r: 0.098959999 0.000000035 0.901039966
JQ:/crrc/c: 0.022526760 0.977473240 0.000000000
JQ:/crrc/crr: 0.000000000 0.000000833 0.999999167
JQ:/crrc/r: 0.117483026 0.000000016 0.882516958
JQ:/rc/c: 0.999964811 0.000035189 0.000000000
JQ:/rc/crr: 0.000000000 0.000000000 1.000000000
JQ:/rc/r: 0.000000024 0.000000038 0.999999938
JQ:/rrc/c: 0.000006320 0.999993680 0.000000000
JQ:/rrc/crr: 0.000000000 0.020514188 0.979485812
JQ:/rrc/r: 0.358246377 0.000000184 0.641753439
K:/c: 0.999996723 0.000003277 0.000000000
K:/crr: 0.000000000 0.999999999 0.000000001
K:/r: 0.462399765 0.537600234 0.000000001
KJ:/cc/c: 0.007839707 0.992160293 0.000000000
KJ:/cc/crr: 0.000000000 0.970134366 0.029865634
KJ:/cc/r: 0.007233598 0.007023738 0.985742664
KJ:/crc/c: 0.089212844 0.910787156 0.000000000
KJ:/crc/crr: 0.000000000 0.999999990 0.000000010
KJ:/crc/r: 0.000000101 0.768344864 0.231655036
KJ:/crrc/c: 0.225935717 0.774064283 0.000000000
KJ:/crrc/crr: 0.000000000 0.683596773 0.316403227
KJ:/crrc/r: 0.032470163 0.810114450 0.157415387
KJ:/rc/c: 0.294646866 0.705353134 0.000000000
KJ:/rc/crr: 0.000000000 0.751864235 0.248135765
KJ:/rc/r: 0.016387044 0.765094725 0.218518232
KJ:/rrc/c: 0.362857740 0.637142260 0.000000000
KJ:/rrc/crr: 0.000000000 0.999973759 0.000026241
KJ:/rrc/r: 0.026744198 0.908493492 0.064762311
KK:/cc/c: 0.991000942 0.008999058 0.000000000
KK:/cc/crr: 0.000000000 0.997646050 0.002353950
KK:/cc/r: 0.996702252 0.002699922 0.000597826
KK:/crc/c: 0.999999736 0.000000264 0.000000000
KK:/crc/crr: 0.000000000 0.999999957 0.000000043
KK:/crc/r: 0.649350617 0.350649355 0.000000027
KK:/crrc/c: 0.999999990 0.000000010 0.000000000
KK:/crrc/crr: 0.000000000 0.999999997 0.000000003
KK:/crrc/r: 0.999990848 0.000009146 0.000000005
KK:/rc/c: 0.999999961 0.000000039 0.000000000
KK:/rc/crr: 0.000000000 0.999999990 0.000000010
KK:/rc/r: 0.999999952 0.000000026 0.000000022
KK:/rrc/c: 0.999999879 0.000000121 0.000000000
KK:/rrc/crr: 0.000000000 0.999999980 0.000000020
KK:/rrc/r: 0.940260451 0.059739518 0.000000031
KQ:/cc/c: 0.002911493 0.997088507 0.000000000
KQ:/cc/crr: 0.000000000 0.785599206 0.214400794
KQ:/cc/r: 0.015057957 0.980682993 0.004259050
KQ:/crc/c: 0.247896283 0.752103717 0.000000000
KQ:/crc/crr: 0.000000000 0.061615727 0.938384273
KQ:/crc/r: 0.000000014 0.465687677 0.534312309
KQ:/crrc/c: 0.501898973 0.498101027 0.000000000
KQ:/crrc/crr: 0.000000000 0.435244792 0.564755208
KQ:/crrc/r: 0.000003984 0.789630787 0.210365229
KQ:/rc/c: 0.000017922 0.999982078 0.000000000
KQ:/rc/crr: 0.000000000 0.010100664 0.989899336
KQ:/rc/r: 0.000000131 0.338663593 0.661336277
KQ:/rrc/c: 0.396182933 0.603817067 0.000000000
KQ:/rrc/crr: 0.000000000 0.498509220 0.501490780
KQ:/rrc/r: 0.057765912 0.589808614 0.352425474
Q:/c: 0.777640800 0.222359200 0.000000000
Q:/crr: 0.000000000 0.999999973 0.000000027
Q:/r: 0.267427191 0.732572630 0.000000179
QJ:/cc/c: 0.000000310 0.999999690 0.000000000
QJ:/cc/crr: 0.000000000 0.109161013 0.890838987
QJ:/cc/r: 0.000000101 0.000000164 0.999999734
QJ:/crc/c: 0.412403869 0.587596131 0.000000000
QJ:/crc/crr: 0.000000000 0.001790848 0.998209152
QJ:/crc/r: 0.000000050 0.000000011 0.999999939
QJ:/crrc/c: 0.000000060 0.999999940 0.000000000
QJ:/crrc/crr: 0.000000000 0.236684141 0.763315859
QJ:/crrc/r: 0.013756563 0.000000000 0.986243437
QJ:/rc/c: 0.000000349 0.999999651 0.000000000
QJ:/rc/crr: 0.000000000 0.003025554 0.996974446
QJ:/rc/r: 0.013924832 0.000000013 0.986075155
QJ:/rrc/c: 0.000000213 0.999999787 0.000000000
QJ:/rrc/crr: 0.000000000 0.106423312 0.893576688
QJ:/rrc/r: 0.000000046 0.000000020 0.999999933
QK:/cc/c: 0.101311903 0.898688097 0.000000000
QK:/cc/crr: 0.000000000 0.999999966 0.000000034
QK:/cc/r: 0.000000115 0.759991463 0.240008422
QK:/crc/c: 0.180030926 0.819969074 0.000000000
QK:/crc/crr: 0.000000000 0.000018343 0.999981657
QK:/crc/r: 0.000000179 0.490346621 0.509653200
QK:/crrc/c: 0.111218870 0.888781130 0.000000000
QK:/crrc/crr: 0.000000000 0.000005384 0.999994616
QK:/crrc/r: 0.000000295 0.316789846 0.683209859
QK:/rc/c: 0.267020986 0.732979014 0.000000000
QK:/rc/crr: 0.000000000 0.000010950 0.999989050
QK:/rc/r: 0.000000015 0.339346792 0.660653193
QK:/rrc/c: 0.314223552 0.685776448 0.000000000
QK:/rrc/crr: 0.000000000 0.077587377 0.922412623
QK:/rrc/r: 0.000000038 0.556210512 0.443789450
QQ:/cc/c: 0.999999977 0.000000023 0.000000000
QQ:/cc/crr: 0.000000000 0.999999994 0.000000006
QQ:/cc/r: 0.999999617 0.000000211 0.000000173
QQ:/crc/c: 0.999999953 0.000000047 0.000000000
QQ:/crc/crr: 0.000000000 0.999999992 0.000000008
QQ:/crc/r: 0.999999947 0.000000036 0.000000018
QQ:/crrc/c: 0.999999990 0.000000010 0.000000000
QQ:/crrc/crr: 0.000000000 0.999999997 0.000000003
QQ:/crrc/r: 0.999999941 0.000000053 0.000000005
QQ:/rc/c: 0.999999982 0.000000018 0.000000000
QQ:/rc/crr: 0.000000000 0.999999997 0.000000003
QQ:/rc/r: 0.999999970 0.000000016 0.000000014
QQ:/rrc/c: 0.999999903 0.000000097 0.000000000
QQ:/rrc/crr: 0.000000000 0.999999975 0.000000025
QQ:/rrc/r: 0.999999694 0.000000254 0.000000052
