J:/c: 0.363148175 0.636851825 0.000000000
J:/crr: 0.000000000 0.999999996 0.000000004
J:/r: 0.054341103 0.092709230 0.852949667
JJ:/cc/c: 0.999999996 0.000000004 0.000000000
JJ:/cc/crr: 0.000000000 0.999999996 0.000000004
JJ:/cc/r: 0.999999988 0.000000007 0.000000004
JJ:/crc/c: 0.999999990 0.000000010 0.000000000
JJ:/crc/crr: 0.000000000 0.999999992 0.000000008
JJ:/crc/r: 0.701431484 0.298568506 0.000000009
JJ:/crrc/c: 0.999999996 0.000000004 0.000000000
JJ:/crrc/crr: 0.000000000 0.999999996 0.000000004
JJ:/crrc/r: 0.999999948 0.000000048 0.000000004
JJ:/rc/c: 0.999999985 0.000000015 0.000000000
JJ:/rc/crr: 0.000000000 0.999999986 0.000000014
JJ:/rc/r: 0.999999977 0.000000010 0.000000014
JJ:/rrc/c: 0.999999966 0.000000034 0.000000000
JJ:/rrc/crr: 0.000000000 0.999999968 0.000000032
JJ:/rrc/r: 0.999999702 0.000000267 0.000000032
JK:/cc/c: 0.010080067 0.989919933 0.000000000
JK:/cc/crr: 0.000000000 0.000000252 0.999999748
JK:/cc/r: 0.000000623 0.000000003 0.999999374
JK:/crc/c: 0.629305838 0.370694162 0.000000000
JK:/crc/crr: 0.000000000 0.000000056 0.999999944
JK:/crc/r: 0.013294492 0.000000077 0.986705430
JK:/crrc/c: 0.461585803 0.538414197 0.000000000
JK:/crrc/crr: 0.000000000 0.000000185 0.999999815
JK:/crrc/r: 0.204631657 0.000000049 0.795368295
JK:/rc/c: 0.458618648 0.541381352 0.000000000
JK:/rc/crr: 0.000000000 0.000000013 0.999999987
JK:/rc/r: 0.357721247 0.000000007 0.642278746
JK:/rrc/c: 0.999999242 0.000000758 0.000000000
JK:/rrc/crr: 0.000000000 0.000000076 0.999999924
JK:/rrc/r: 0.292897950 0.000000103 0.707101948
JQ:/cc/c: 0.093366161 0.906633839 0.000000000
JQ:/cc/crr: 0.000000000 0.000000000 1.000000000
JQ:/cc/r: 0.034143981 0.000000000 0.965856019
JQ:/crc/c: 0.463765175 0.536234825 0.000000000
JQ:/crc/crr: 0.000000000 0.000002286 0.999997714
JQ:/crc/r: 0.124432295 0.000000020 0.875567685
JQ:/crrc/c: 0.047727986 0.952272014 0.000000000
JQ:/crrc/crr: 0.000000000 0.000000495 0.999999505
JQ:/crrc/r: 0.146945589 0.000000009 0.853054402
JQ:/rc/c: 0.999983819 0.000016181 0.000000000
JQ:/rc/crr: 0.000000000 0.000000000 1.000000000
JQ:/rc/r: 0.000000030 0.000000023 0.999999947
JQ:/rrc/c: 0.000013745 0.999986255 0.000000000
JQ:/rrc/crr: 0.000000000 0.012307993 0.987692007
JQ:/rrc/r: 0.419394333 0.000000099 0.580605567
K:/c: 0.999998493 0.000001507 0.000000000
K:/crr: 0.000000000 0.999999999 0.000000001
K:/r: 0.651638396 0.348361603 0.000000001
KJ:/cc/c: 0.016894157 0.983105843 0.000000000
KJ:/cc/crr: 0.000000000 0.950804913 0.049195087
KJ:/cc/r: 0.009366862 0.004182056 0.986451082
KJ:/crc/c: 0.175614064 0.824385936 0.000000000
KJ:/crc/crr: 0.000000000 0.999999983 0.000000017
KJ:/crc/r: 0.000000189 0.663689095 0.336310716
KJ:/crrc/c: 0.388298459 0.611701541 0.000000000
KJ:/crrc/crr: 0.000000000 0.562457024 0.437542976
KJ:/crrc/r: 0.061657224 0.707339081 0.231003695
KJ:/rc/c: 0.476021704 0.523978296 0.000000000
KJ:/rc/crr: 0.000000000 0.643220291 0.356779709
KJ:/rc/r: 0.030512452 0.655048537 0.314439011
KJ:/rrc/c: 0.553284914 0.446715086 0.000000000
KJ:/rrc/crr: 0.000000000 0.999955897 0.000044103
KJ:/rrc/r: 0.054079952 0.844715205 0.101204843
KK:/cc/c: 0.995841898 0.004158102 0.000000000
KK:/cc/crr: 0.000000000 0.996050042 0.003949958
KK:/cc/r: 0.998293814 0.001243443 0.000462743
KK:/crc/c: 0.999999879 0.000000121 0.000000000
KK:/crc/crr: 0.000000000 0.999999928 0.000000072
KK:/crc/r: 0.801089888 0.198910087 0.000000026
KK:/crrc/c: 0.999999996 0.000000004 0.000000000
KK:/crrc/crr: 0.000000000 0.999999996 0.000000004
KK:/crrc/r: 0.999995790 0.000004206 0.000000004
KK:/rc/c: 0.999999982 0.000000018 0.000000000
KK:/rc/crr: 0.000000000 0.999999983 0.000000017
KK:/rc/r: 0.999999971 0.000000012 0.000000017
KK:/rrc/c: 0.999999944 0.000000056 0.000000000
KK:/rrc/crr: 0.000000000 0.999999966 0.000000034
KK:/rrc/r: 0.971614936 0.028385039 0.000000024
KQ:/cc/c: 0.006310315 0.993689685 0.000000000
KQ:/cc/crr: 0.000000000 0.685548332 0.314451668
KQ:/cc/r: 0.032087312 0.960898906 0.007013782
KQ:/crc/c: 0.417527976 0.582472024 0.000000000
KQ:/crc/crr: 0.000000000 0.037599013 0.962400987
KQ:/crc/r: 0.000000022 0.341486617 0.658513362
KQ:/crrc/c: 0.686655635 0.313344365 0.000000000
KQ:/crrc/crr: 0.000000000 0.314385676 0.685614324
KQ:/crrc/r: 0.000007580 0.690719413 0.309273007
KQ:/rc/c: 0.000038975 0.999961025 0.000000000
KQ:/rc/crr: 0.000000000 0.006034478 0.993965522
KQ:/rc/r: 0.000000196 0.233533324 0.766466480
KQ:/rrc/c: 0.587960115 0.412039885 0.000000000
KQ:/rrc/crr: 0.000000000 0.371643146 0.628356854
KQ:/rrc/r: 0.096064294 0.451006954 0.452928752
Q:/c: 0.883798651 0.116201349 0.000000000
Q:/crr: 0.000000000 0.999999955 0.000000045
Q:/r: 0.442559373 0.557440398 0.000000229
QJ:/cc/c: 0.000000675 0.999999325 0.000000000
QJ:/cc/crr: 0.000000000 0.067954028 0.932045972
QJ:/cc/r: 0.000000131 0.000000098 0.999999771
QJ:/crc/c: 0.604176379 0.395823621 0.000000000
QJ:/crc/crr: 0.000000000 0.001066310 0.998933690
QJ:/crc/r: 0.000000065 0.000000006 0.999999929
QJ:/crrc/c: 0.000000132 0.999999868 0.000000000
QJ:/crrc/crr: 0.000000000 0.155755273 0.844244727
QJ:/crrc/r: 0.017729026 0.000000000 0.982270974
QJ:/rc/c: 0.000000758 0.999999242 0.000000000
QJ:/rc/crr: 0.000000000 0.001802382 0.998197618
QJ:/rc/r: 0.017945002 0.000000008 0.982054990
QJ:/rrc/c: 0.000000463 0.999999537 0.000000000
QJ:/rrc/crr: 0.000000000 0.066173010 0.933826990
QJ:/rrc/r: 0.000000060 0.000000012 0.999999928
QK:/cc/c: 0.196897678 0.803102322 0.000000000
QK:/cc/crr: 0.000000000 0.999999944 0.000000056
QK:/cc/r: 0.000000215 0.653264887 0.346734898
QK:/crc/c: 0.323178277 0.676821723 0.000000000
QK:/crc/crr: 0.000000000 0.000010914 0.999989086
QK:/crc/r: 0.000000289 0.364049840 0.635949871
QK:/crrc/c: 0.213926676 0.786073324 0.000000000
QK:/crrc/crr: 0.000000000 0.000003203 0.999996797
QK:/crrc/r: 0.000000437 0.216229650 0.783769913
QK:/rc/c: 0.442047712 0.557952288 0.000000000
QK:/rc/crr: 0.000000000 0.000006515 0.999993485
QK:/rc/r: 0.000000023 0.234079516 0.765920461
QK:/rrc/c: 0.499121794 0.500878206 0.000000000
QK:/rrc/crr: 0.000000000 0.047661395 0.952338605
QK:/rrc/r: 0.000000064 0.427168146 0.572831790
QQ:/cc/c: 0.999999990 0.000000010 0.000000000
QQ:/cc/crr: 0.000000000 0.999999990 0.000000010
QQ:/cc/r: 0.999999770 0.000000097 0.000000133
QQ:/crc/c: 0.999999978 0.000000022 0.000000000
QQ:/crc/crr: 0.000000000 0.999999986 0.000000014
QQ:/crc/r: 0.999999970 0.000000016 0.000000014
QQ:/crrc/c: 0.999999996 0.000000004 0.000000000
QQ:/crrc/crr: 0.000000000 0.999999996 0.000000004
QQ:/crrc/r: 0.999999971 0.000000025 0.000000004
QQ:/rc/c: 0.999999992 0.000000008 0.000000000
QQ:/rc/crr: 0.000000000 0.999999996 0.000000004
QQ:/rc/r: 0.999999982 0.000000007 0.000000011
QQ:/rrc/c: 0.999999955 0.000000045 0.000000000
QQ:/rrc/crr: 0.000000000 0.999999958 0.000000042
QQ:/rrc/r: 0.999999843 0.000000117 0.000000040
