J:/c: 0.268573111 0.731426889 0.000000000
J:/crr: 0.000000000 0.999999997 0.000000003
J:/r: 0.050540778 0.133903000 0.815556222
JJ:/cc/c: 0.999999994 0.000000006 0.000000000
JJ:/cc/crr: 0.000000000 0.999999997 0.000000003
JJ:/cc/r: 0.999999984 0.000000012 0.000000004
JJ:/crc/c: 0.999999985 0.000000015 0.000000000
JJ:/crc/crr: 0.000000000 0.999999994 0.000000006
JJ:/crc/r: 0.602040809 0.397959183 0.000000008
JJ:/crrc/c: 0.999999993 0.000000007 0.000000000
JJ:/crrc/crr: 0.000000000 0.999999997 0.000000003
JJ:/crrc/r: 0.999999922 0.000000074 0.000000004
JJ:/rc/c: 0.999999977 0.000000023 0.000000000
JJ:/rc/crr: 0.000000000 0.999999991 0.000000009
JJ:/rc/r: 0.999999971 0.000000015 0.000000014
JJ:/rrc/c: 0.999999947 0.000000053 0.000000000
JJ:/rrc/crr: 0.000000000 0.999999979 0.000000021
JJ:/rrc/r: 0.999999553 0.000000414 0.000000032
JK:/cc/c: 0.006514350 0.993485650 0.000000000
JK:/cc/crr: 0.000000000 0.000000380 0.999999620
JK:/cc/r: 0.000000606 0.000000004 0.999999390
JK:/crc/c: 0.522258274 0.477741726 0.000000000
JK:/crc/crr: 0.000000000 0.000000085 0.999999915
JK:/crc/r: 0.012936366 0.000000117 0.987063517
JK:/crrc/c: 0.355692795 0.644307205 0.000000000
JK:/crrc/crr: 0.000000000 0.000000279 0.999999721
JK:/crrc/r: 0.200164904 0.000000074 0.799835022
JK:/rc/c: 0.352960103 0.647039897 0.000000000
JK:/rc/crr: 0.000000000 0.000000020 0.999999980
JK:/rc/r: 0.351389156 0.000000011 0.648610833
JK:/rrc/c: 0.999998824 0.000001176 0.000000000
JK:/rrc/crr: 0.000000000 0.000000115 0.999999885
JK:/rrc/r: 0.287200203 0.000000157 0.712799641
JQ:/cc/c: 0.062189734 0.937810266 0.000000000
JQ:/cc/crr: 0.000000000 0.000000000 1.000000000
JQ:/cc/r: 0.033243137 0.000000000 0.966756863
JQ:/crc/c: 0.357704359 0.642295641 0.000000000
JQ:/crc/crr: 0.000000000 0.000003454 0.999996546
JQ:/crc/r: 0.121448847 0.000000030 0.878551122
JQ:/crrc/c: 0.031265334 0.968734666 0.000000000
JQ:/crrc/crr: 0.000000000 0.000000748 0.999999252
JQ:/crrc/r: 0.143510827 0.000000014 0.856489159
JQ:/rc/c: 0.999974873 0.000025127 0.000000000
JQ:/rc/crr: 0.000000000 0.000000000 1.000000000
JQ:/rc/r: 0.000000030 0.000000034 0.999999936
JQ:/rrc/c: 0.000008851 0.999991149 0.000000000
JQ:/rrc/crr: 0.000000000 0.018475813 0.981524187
JQ:/rrc/r: 0.412671958 0.000000152 0.587327890
K:/c: 0.999997660 0.000002340 0.000000000
K:/crr: 0.000000000 0.999999999 0.000000001
K:/r: 0.546391371 0.453608628 0.000000001
KJ:/cc/c: 0.010944677 0.989055323 0.000000000
KJ:/cc/crr: 0.000000000 0.966881789 0.033118211
KJ:/cc/r: 0.009094139 0.006305378 0.984600483
KJ:/crc/c: 0.120627845 0.879372155 0.000000000
KJ:/crc/crr: 0.000000000 0.999999989 0.000000011
KJ:/crc/r: 0.000000137 0.748806223 0.251193639
KJ:/crrc/c: 0.290157704 0.709842296 0.000000000
KJ:/crrc/crr: 0.000000000 0.660072562 0.339927438
KJ:/crrc/r: 0.044116655 0.785959409 0.169923936
KJ:/rc/c: 0.369087174 0.630912826 0.000000000
KJ:/rc/crr: 0.000000000 0.731421474 0.268578526
KJ:/rc/r: 0.022255249 0.741963754 0.235780997
KJ:/rrc/c: 0.443690896 0.556309104 0.000000000
KJ:/rrc/crr: 0.000000000 0.999970803 0.000029197
KJ:/rrc/r: 0.036791240 0.892426170 0.070782590
KK:/cc/c: 0.993557541 0.006442459 0.000000000
KK:/cc/crr: 0.000000000 0.997381601 0.002618399
KK:/cc/r: 0.997594970 0.001929637 0.000475393
KK:/crc/c: 0.999999811 0.000000189 0.000000000
KK:/crc/crr: 0.000000000 0.999999952 0.000000048
KK:/crc/r: 0.721712508 0.278287468 0.000000024
KK:/crrc/c: 0.999999993 0.000000007 0.000000000
KK:/crrc/crr: 0.000000000 0.999999997 0.000000003
KK:/crrc/r: 0.999993465 0.000006531 0.000000004
KK:/rc/c: 0.999999972 0.000000028 0.000000000
KK:/rc/crr: 0.000000000 0.999999989 0.000000011
KK:/rc/r: 0.999999964 0.000000019 0.000000017
KK:/rrc/c: 0.999999913 0.000000087 0.000000000
KK:/rrc/crr: 0.000000000 0.999999978 0.000000022
KK:/rrc/r: 0.956600949 0.043399026 0.000000025
KQ:/cc/c: 0.004072622 0.995927378 0.000000000
KQ:/cc/crr: 0.000000000 0.767074705 0.232925295
KQ:/cc/r: 0.020951375 0.974340495 0.004708130
KQ:/crc/c: 0.315813728 0.684186272 0.000000000
KQ:/crc/crr: 0.000000000 0.055725682 0.944274318
KQ:/crc/r: 0.000000018 0.439251943 0.560748039
KQ:/crrc/c: 0.585254590 0.414745410 0.000000000
KQ:/crrc/crr: 0.000000000 0.409213673 0.590786327
KQ:/crrc/r: 0.000005451 0.771352374 0.228642176
KQ:/rc/c: 0.000025098 0.999974902 0.000000000
KQ:/rc/crr: 0.000000000 0.009087420 0.990912580
KQ:/rc/r: 0.000000170 0.315185070 0.684814760
KQ:/rrc/c: 0.478860343 0.521139657 0.000000000
KQ:/rrc/crr: 0.000000000 0.471855697 0.528144303
KQ:/rrc/r: 0.076115483 0.554942658 0.368941859
Q:/c: 0.830441120 0.169558880 0.000000000
Q:/crr: 0.000000000 0.999999970 0.000000030
Q:/r: 0.338288796 0.661711024 0.000000180
QJ:/cc/c: 0.000000435 0.999999565 0.000000000
QJ:/cc/crr: 0.000000000 0.099206462 0.900793538
QJ:/cc/r: 0.000000128 0.000000148 0.999999725
QJ:/crc/c: 0.495687465 0.504312535 0.000000000
QJ:/crc/crr: 0.000000000 0.001609844 0.998390156
QJ:/crc/r: 0.000000063 0.000000010 0.999999927
QJ:/crrc/c: 0.000000085 0.999999915 0.000000000
QJ:/crrc/crr: 0.000000000 0.217945636 0.782054364
QJ:/crrc/r: 0.017253533 0.000000000 0.982746467
QJ:/rc/c: 0.000000488 0.999999512 0.000000000
QJ:/rc/crr: 0.000000000 0.002720096 0.997279904
QJ:/rc/r: 0.017463819 0.000000012 0.982536169
QJ:/rrc/c: 0.000000298 0.999999702 0.000000000
QJ:/rrc/crr: 0.000000000 0.096691319 0.903308681
QJ:/rrc/r: 0.000000058 0.000000018 0.999999923
QK:/cc/c: 0.136349590 0.863650410 0.000000000
QK:/cc/crr: 0.000000000 0.999999963 0.000000037
QK:/cc/r: 0.000000157 0.739986691 0.260013152
QK:/crc/c: 0.235168761 0.764831239 0.000000000
QK:/crc/crr: 0.000000000 0.000016486 0.999983514
QK:/crc/r: 0.000000237 0.463725940 0.536273823
QK:/crrc/c: 0.149114287 0.850885713 0.000000000
QK:/crrc/crr: 0.000000000 0.000004839 0.999995161
QK:/crrc/r: 0.000000383 0.294153260 0.705846357
QK:/rc/c: 0.337824598 0.662175402 0.000000000
QK:/rc/crr: 0.000000000 0.000009842 0.999990158
QK:/rc/r: 0.000000020 0.315843535 0.684156445
QK:/rrc/c: 0.390869007 0.609130993 0.000000000
QK:/rrc/crr: 0.000000000 0.070284907 0.929715093
QK:/rrc/r: 0.000000051 0.529730710 0.470269239
QQ:/cc/c: 0.999999984 0.000000016 0.000000000
QQ:/cc/crr: 0.000000000 0.999999993 0.000000007
QQ:/cc/r: 0.999999712 0.000000150 0.000000137
QQ:/crc/c: 0.999999966 0.000000034 0.000000000
QQ:/crc/crr: 0.000000000 0.999999991 0.000000009
QQ:/crc/r: 0.999999961 0.000000025 0.000000014
QQ:/crrc/c: 0.999999993 0.000000007 0.000000000
QQ:/crrc/crr: 0.000000000 0.999999997 0.000000003
QQ:/crrc/r: 0.999999958 0.000000038 0.000000004
QQ:/rc/c: 0.999999987 0.000000013 0.000000000
QQ:/rc/crr: 0.000000000 0.999999997 0.000000003
QQ:/rc/r: 0.999999978 0.000000012 0.000000011
QQ:/rrc/c: 0.999999931 0.000000069 0.000000000
QQ:/rrc/crr: 0.000000000 0.999999972 0.000000028
QQ:/rrc/r: 0.999999777 0.000000182 0.000000041
