J:/c: 0.323342945 0.676657055 0.000000000
J:/crr: 0.000000000 0.999999998 0.000000002
J:/r: 0.075591077 0.153891895 0.770517029
JJ:/cc/c: 0.999999996 0.000000004 0.000000000
JJ:/cc/crr: 0.000000000 0.999999998 0.000000002
JJ:/cc/r: 0.999999988 0.000000009 0.000000003
JJ:/crc/c: 0.999999988 0.000000012 0.000000000
JJ:/crc/crr: 0.000000000 0.999999995 0.000000005
JJ:/crc/r: 0.663157889 0.336842106 0.000000006
JJ:/crrc/c: 0.999999995 0.000000005 0.000000000
JJ:/crrc/crr: 0.000000000 0.999999998 0.000000002
JJ:/crrc/r: 0.999999940 0.000000057 0.000000003
JJ:/rc/c: 0.999999982 0.000000018 0.000000000
JJ:/rc/crr: 0.000000000 0.999999992 0.000000008
JJ:/rc/r: 0.999999980 0.000000012 0.000000009
JJ:/rrc/c: 0.999999959 0.000000041 0.000000000
JJ:/rrc/crr: 0.000000000 0.999999982 0.000000018
JJ:/rrc/r: 0.999999661 0.000000318 0.000000020
JK:/cc/c: 0.008461015 0.991538985 0.000000000
JK:/cc/crr: 0.000000000 0.000000462 0.999999538
JK:/cc/r: 0.000000960 0.000000005 0.999999035
JK:/crc/c: 0.587227328 0.412772672 0.000000000
JK:/crc/crr: 0.000000000 0.000000103 0.999999897
JK:/crc/r: 0.020325866 0.000000141 0.979673993
JK:/crrc/c: 0.418073915 0.581926085 0.000000000
JK:/crrc/crr: 0.000000000 0.000000340 0.999999660
JK:/crrc/r: 0.283757724 0.000000081 0.716242196
JK:/rc/c: 0.415170784 0.584829216 0.000000000
JK:/rc/crr: 0.000000000 0.000000025 0.999999975
JK:/rc/r: 0.461682217 0.000000011 0.538317772
JK:/rrc/c: 0.999999096 0.000000904 0.000000000
JK:/rrc/crr: 0.000000000 0.000000139 0.999999861
JK:/rrc/r: 0.389442856 0.000000163 0.610556980
JQ:/cc/c: 0.079443325 0.920556675 0.000000000
JQ:/cc/crr: 0.000000000 0.000000000 1.000000000
JQ:/cc/r: 0.051625569 0.000000000 0.948374431
JQ:/crc/c: 0.420208184 0.579791816 0.000000000
JQ:/crc/crr: 0.000000000 0.000004201 0.999995799
JQ:/crc/r: 0.179547735 0.000000034 0.820452231
JQ:/crrc/c: 0.040308180 0.959691820 0.000000000
JQ:/crrc/crr: 0.000000000 0.000000910 0.999999090
JQ:/crrc/r: 0.209645288 0.000000016 0.790354696
JQ:/rc/c: 0.999980692 0.000019308 0.000000000
JQ:/rc/crr: 0.000000000 0.000000000 1.000000000
JQ:/rc/r: 0.000000047 0.000000042 0.999999911
JQ:/rrc/c: 0.000011519 0.999988481 0.000000000
JQ:/rrc/crr: 0.000000000 0.022385525 0.977614475
JQ:/rrc/r: 0.526583852 0.000000149 0.473416000
K:/c: 0.999998332 0.000001668 0.000000000
K:/crr: 0.000000000 0.999999999 0.000000001
K:/r: 0.628191763 0.371808237 0.000000001
KJ:/cc/c: 0.015284244 0.984715756 0.000000000
KJ:/cc/crr: 0.000000000 0.976356007 0.023643993
KJ:/cc/r: 0.017836142 0.008816572 0.973347285
KJ:/crc/c: 0.161361636 0.838638364 0.000000000
KJ:/crc/crr: 0.000000000 0.999999992 0.000000008
KJ:/crc/r: 0.000000208 0.808296693 0.191703099
KJ:/crrc/c: 0.364415177 0.635584823 0.000000000
KJ:/crrc/crr: 0.000000000 0.733087239 0.266912761
KJ:/crrc/r: 0.063927644 0.811961687 0.124110670
KJ:/rc/c: 0.450718437 0.549281563 0.000000000
KJ:/rc/crr: 0.000000000 0.793896034 0.206103966
KJ:/rc/r: 0.033213301 0.789426240 0.177360460
KJ:/rrc/c: 0.528013273 0.471986727 0.000000000
KJ:/rrc/crr: 0.000000000 0.999979357 0.000020643
KJ:/rrc/r: 0.051912991 0.897745467 0.050341542
KK:/cc/c: 0.995398442 0.004601558 0.000000000
KK:/cc/crr: 0.000000000 0.998147372 0.001852628
KK:/cc/r: 0.998383400 0.001376791 0.000239808
KK:/crc/c: 0.999999866 0.000000134 0.000000000
KK:/crc/crr: 0.000000000 0.999999966 0.000000034
KK:/crc/r: 0.784373688 0.215626299 0.000000013
KK:/crrc/c: 0.999999995 0.000000005 0.000000000
KK:/crrc/crr: 0.000000000 0.999999998 0.000000002
KK:/crrc/r: 0.999995342 0.000004656 0.000000002
KK:/rc/c: 0.999999980 0.000000020 0.000000000
KK:/rc/crr: 0.000000000 0.999999992 0.000000008
KK:/rc/r: 0.999999978 0.000000013 0.000000009
KK:/rrc/c: 0.999999938 0.000000062 0.000000000
KK:/rrc/crr: 0.000000000 0.999999984 0.000000016
KK:/rrc/r: 0.968669015 0.031330973 0.000000013
KQ:/cc/c: 0.005703129 0.994296871 0.000000000
KQ:/cc/crr: 0.000000000 0.823259901 0.176740099
KQ:/cc/r: 0.029181615 0.967513064 0.003305322
KQ:/crc/c: 0.393001920 0.606998080 0.000000000
KQ:/crc/crr: 0.000000000 0.077040766 0.922959234
KQ:/crc/r: 0.000000030 0.525609235 0.474390735
KQ:/crrc/c: 0.664351878 0.335648122 0.000000000
KQ:/crrc/crr: 0.000000000 0.494877250 0.505122750
KQ:/crrc/r: 0.000008194 0.826735434 0.173256371
KQ:/rc/c: 0.000035204 0.999964796 0.000000000
KQ:/rc/crr: 0.000000000 0.012805275 0.987194725
KQ:/rc/r: 0.000000299 0.394302183 0.605697518
KQ:/rrc/c: 0.563101117 0.436898883 0.000000000
KQ:/rrc/crr: 0.000000000 0.558241647 0.441758353
KQ:/rrc/r: 0.115726998 0.601532486 0.282740516
Q:/c: 0.864382835 0.135617165 0.000000000
Q:/crr: 0.000000000 0.999999975 0.000000025
Q:/r: 0.399510242 0.600489623 0.000000134
QJ:/cc/c: 0.000000566 0.999999434 0.000000000
QJ:/cc/crr: 0.000000000 0.118143475 0.881856525
QJ:/cc/r: 0.000000202 0.000000180 0.999999618
QJ:/crc/c: 0.561234190 0.438765810 0.000000000
QJ:/crc/crr: 0.000000000 0.001957625 0.998042375
QJ:/crc/r: 0.000000100 0.000000012 0.999999889
QJ:/crrc/c: 0.000000110 0.999999890 0.000000000
QJ:/crrc/crr: 0.000000000 0.253177772 0.746822228
QJ:/crrc/r: 0.027041522 0.000000000 0.972958478
QJ:/rc/c: 0.000000636 0.999999364 0.000000000
QJ:/rc/crr: 0.000000000 0.003306936 0.996693064
QJ:/rc/r: 0.027367781 0.000000014 0.972632204
QJ:/rrc/c: 0.000000388 0.999999612 0.000000000
QJ:/rrc/crr: 0.000000000 0.115209632 0.884790368
QJ:/rrc/r: 0.000000092 0.000000022 0.999999886
QK:/cc/c: 0.170438469 0.829561531 0.000000000
QK:/cc/crr: 0.000000000 0.999999969 0.000000031
QK:/cc/r: 0.000000214 0.775884540 0.224115246
QK:/crc/c: 0.285788157 0.714211843 0.000000000
QK:/crc/crr: 0.000000000 0.000020054 0.999979946
QK:/crc/r: 0.000000341 0.512645169 0.487354490
QK:/crrc/c: 0.185708260 0.814291740 0.000000000
QK:/crrc/crr: 0.000000000 0.000005887 0.999994113
QK:/crrc/r: 0.000000570 0.336405454 0.663593976
QK:/rc/c: 0.399012682 0.600987318 0.000000000
QK:/rc/crr: 0.000000000 0.000011972 0.999988028
QK:/rc/r: 0.000000030 0.359624018 0.640375952
QK:/rrc/c: 0.455062130 0.544937870 0.000000000
QK:/rrc/crr: 0.000000000 0.084217374 0.915782626
QK:/rrc/r: 0.000000072 0.578106832 0.421893095
QQ:/cc/c: 0.999999988 0.000000012 0.000000000
QQ:/cc/crr: 0.000000000 0.999999995 0.000000005
QQ:/cc/r: 0.999999798 0.000000116 0.000000087
QQ:/crc/c: 0.999999974 0.000000026 0.000000000
QQ:/crc/crr: 0.000000000 0.999999992 0.000000008
QQ:/crc/r: 0.999999972 0.000000020 0.000000009
QQ:/crrc/c: 0.999999995 0.000000005 0.000000000
QQ:/crrc/crr: 0.000000000 0.999999998 0.000000002
QQ:/crrc/r: 0.999999968 0.000000029 0.000000003
QQ:/rc/c: 0.999999990 0.000000010 0.000000000
QQ:/rc/crr: 0.000000000 0.999999998 0.000000002
QQ:/rc/r: 0.999999984 0.000000009 0.000000007
QQ:/rrc/c: 0.999999947 0.000000053 0.000000000
QQ:/rrc/crr: 0.000000000 0.999999977 0.000000023
QQ:/rrc/r: 0.999999835 0.000000140 0.000000026
