J:/c: 0.291671011 0.708328989 0.000000000
J:/crr: 0.000000000 0.999999998 0.000000002
J:/r: 0.062895788 0.148594695 0.788509517
JJ:/cc/c: 0.999999995 0.000000005 0.000000000
JJ:/cc/crr: 0.000000000 0.999999998 0.000000002
JJ:/cc/r: 0.999999986 0.000000010 0.000000003
JJ:/crc/c: 0.999999987 0.000000013 0.000000000
JJ:/crc/crr: 0.000000000 0.999999995 0.000000005
JJ:/crc/r: 0.629148989 0.370851005 0.000000007
JJ:/crrc/c: 0.999999994 0.000000006 0.000000000
JJ:/crrc/crr: 0.000000000 0.999999998 0.000000002
JJ:/crrc/r: 0.999999931 0.000000066 0.000000003
JJ:/rc/c: 0.999999979 0.000000021 0.000000000
JJ:/rc/crr: 0.000000000 0.999999992 0.000000008
JJ:/rc/r: 0.999999976 0.000000013 0.000000011
JJ:/rrc/c: 0.999999953 0.000000047 0.000000000
JJ:/rrc/crr: 0.000000000 0.999999981 0.000000019
JJ:/rrc/r: 0.999999606 0.000000369 0.000000025
JK:/cc/c: 0.007299521 0.992700479 0.000000000
JK:/cc/crr: 0.000000000 0.000000436 0.999999564
JK:/cc/r: 0.000000780 0.000000005 0.999999215
JK:/crc/c: 0.550745657 0.449254343 0.000000000
JK:/crc/crr: 0.000000000 0.000000097 0.999999903
JK:/crc/r: 0.016589323 0.000000134 0.983410543
JK:/crrc/c: 0.382366354 0.617633646 0.000000000
JK:/crrc/crr: 0.000000000 0.000000321 0.999999679
JK:/crrc/r: 0.243637472 0.000000080 0.756362448
JK:/rc/c: 0.379549454 0.620450546 0.000000000
JK:/rc/crr: 0.000000000 0.000000023 0.999999977
JK:/rc/r: 0.410835145 0.000000011 0.589164843
JK:/rrc/c: 0.999998951 0.000001049 0.000000000
JK:/rrc/crr: 0.000000000 0.000000131 0.999999869
JK:/rrc/r: 0.341504577 0.000000166 0.658495257
JQ:/cc/c: 0.069217895 0.930782105 0.000000000
JQ:/cc/crr: 0.000000000 0.000000000 1.000000000
JQ:/cc/r: 0.042384075 0.000000000 0.957615925
JQ:/crc/c: 0.384438760 0.615561240 0.000000000
JQ:/crc/crr: 0.000000000 0.000003964 0.999996036
JQ:/crc/r: 0.151054232 0.000000034 0.848945734
JQ:/crrc/c: 0.034928843 0.965071157 0.000000000
JQ:/crrc/crr: 0.000000000 0.000000859 0.999999141
JQ:/crrc/r: 0.177408228 0.000000016 0.822591757
JQ:/rc/c: 0.999977593 0.000022407 0.000000000
JQ:/rc/crr: 0.000000000 0.000000000 1.000000000
JQ:/rc/r: 0.000000038 0.000000039 0.999999923
JQ:/rrc/c: 0.000009926 0.999990074 0.000000000
JQ:/rrc/crr: 0.000000000 0.021148488 0.978851512
JQ:/rrc/r: 0.474894638 0.000000156 0.525105206
K:/c: 0.999998361 0.000001639 0.000000000
K:/crr: 0.000000000 0.999999999 0.000000001
K:/r: 0.632336259 0.367663740 0.000000001
KJ:/cc/c: 0.015554245 0.984445755 0.000000000
KJ:/cc/crr: 0.000000000 0.961921706 0.038078294
KJ:/cc/r: 0.011220995 0.005448867 0.983330138
KJ:/crc/c: 0.163782933 0.836217067 0.000000000
KJ:/crc/crr: 0.000000000 0.999999987 0.000000013
KJ:/crc/r: 0.000000189 0.720622431 0.279377380
KJ:/crrc/c: 0.368544397 0.631455603 0.000000000
KJ:/crrc/crr: 0.000000000 0.626893627 0.373106373
KJ:/crrc/r: 0.060259222 0.751876148 0.187864630
KJ:/rc/c: 0.455125312 0.544874688 0.000000000
KJ:/rc/crr: 0.000000000 0.702063243 0.297936757
KJ:/rc/r: 0.030372410 0.709177141 0.260450448
KJ:/rrc/c: 0.532443315 0.467556685 0.000000000
KJ:/rrc/crr: 0.000000000 0.999966257 0.000033743
KJ:/rrc/r: 0.051162277 0.869166513 0.079671210
KK:/cc/c: 0.995479192 0.004520808 0.000000000
KK:/cc/crr: 0.000000000 0.996975155 0.003024845
KK:/cc/r: 0.998262597 0.001352357 0.000385046
KK:/crc/c: 0.999999868 0.000000132 0.000000000
KK:/crc/crr: 0.000000000 0.999999945 0.000000055
KK:/crc/r: 0.787366521 0.212633458 0.000000021
KK:/crrc/c: 0.999999995 0.000000005 0.000000000
KK:/crrc/crr: 0.000000000 0.999999997 0.000000003
KK:/crrc/r: 0.999995422 0.000004574 0.000000003
KK:/rc/c: 0.999999981 0.000000019 0.000000000
KK:/rc/crr: 0.000000000 0.999999987 0.000000013
KK:/rc/r: 0.999999973 0.000000013 0.000000014
KK:/rrc/c: 0.999999939 0.000000061 0.000000000
KK:/rrc/crr: 0.000000000 0.999999974 0.000000026
KK:/rrc/r: 0.969204303 0.030795677 0.000000020
KQ:/cc/c: 0.005804874 0.994195126 0.000000000
KQ:/cc/crr: 0.000000000 0.740229579 0.259770421
KQ:/cc/r: 0.029627596 0.964983482 0.005388922
KQ:/crc/c: 0.397252603 0.602747397 0.000000000
KQ:/crc/crr: 0.000000000 0.048582949 0.951417051
KQ:/crc/r: 0.000000024 0.403981445 0.596018531
KQ:/crrc/c: 0.668306130 0.331693870 0.000000000
KQ:/crrc/crr: 0.000000000 0.374743249 0.625256751
KQ:/crrc/r: 0.000007515 0.744835193 0.255157292
KQ:/rc/c: 0.000035835 0.999964165 0.000000000
KQ:/rc/crr: 0.000000000 0.007872784 0.992127216
KQ:/rc/r: 0.000000220 0.284816716 0.715183064
KQ:/rrc/c: 0.567471603 0.432528397 0.000000000
KQ:/rrc/crr: 0.000000000 0.436002800 0.563997200
KQ:/rrc/r: 0.099705311 0.509118215 0.391176475
Q:/c: 0.874890413 0.125109587 0.000000000
Q:/crr: 0.000000000 0.999999965 0.000000035
Q:/r: 0.421949035 0.578050784 0.000000182
QJ:/cc/c: 0.000000621 0.999999379 0.000000000
QJ:/cc/crr: 0.000000000 0.087004016 0.912995984
QJ:/cc/r: 0.000000158 0.000000128 0.999999714
QJ:/crc/c: 0.583923594 0.416076406 0.000000000
QJ:/crc/crr: 0.000000000 0.001393265 0.998606735
QJ:/crc/r: 0.000000078 0.000000008 0.999999914
QJ:/crrc/c: 0.000000121 0.999999879 0.000000000
QJ:/crrc/crr: 0.000000000 0.194288294 0.805711706
QJ:/crrc/r: 0.021229890 0.000000000 0.978770110
QJ:/rc/c: 0.000000697 0.999999303 0.000000000
QJ:/rc/crr: 0.000000000 0.002354503 0.997645497
QJ:/rc/r: 0.021487580 0.000000010 0.978512410
QJ:/rrc/c: 0.000000426 0.999999574 0.000000000
QJ:/rrc/crr: 0.000000000 0.084769123 0.915230877
QJ:/rrc/r: 0.000000072 0.000000016 0.999999912
QK:/cc/c: 0.183952623 0.816047377 0.000000000
QK:/cc/crr: 0.000000000 0.999999957 0.000000043
QK:/cc/r: 0.000000215 0.711195005 0.288804780
QK:/crc/c: 0.305084806 0.694915194 0.000000000
QK:/crc/crr: 0.000000000 0.000014265 0.999985735
QK:/crc/r: 0.000000312 0.427990159 0.572009528
QK:/crrc/c: 0.200141057 0.799858943 0.000000000
QK:/crrc/crr: 0.000000000 0.000004187 0.999995813
QK:/crrc/r: 0.000000493 0.265027085 0.734972422
QK:/rc/c: 0.421443164 0.578556836 0.000000000
QK:/rc/crr: 0.000000000 0.000008516 0.999991484
QK:/rc/r: 0.000000026 0.285438192 0.714561782
QK:/rrc/c: 0.478136685 0.521863315 0.000000000
QK:/rrc/crr: 0.000000000 0.061397359 0.938602641
QK:/rrc/r: 0.000000068 0.493590098 0.506409834
QQ:/cc/c: 0.999999989 0.000000011 0.000000000
QQ:/cc/crr: 0.000000000 0.999999992 0.000000008
QQ:/cc/r: 0.999999784 0.000000105 0.000000111
QQ:/crc/c: 0.999999977 0.000000023 0.000000000
QQ:/crc/crr: 0.000000000 0.999999989 0.000000011
QQ:/crc/r: 0.999999971 0.000000018 0.000000011
QQ:/crrc/c: 0.999999995 0.000000005 0.000000000
QQ:/crrc/crr: 0.000000000 0.999999997 0.000000003
QQ:/crrc/r: 0.999999970 0.000000027 0.000000003
QQ:/rc/c: 0.999999991 0.000000009 0.000000000
QQ:/rc/crr: 0.000000000 0.999999997 0.000000003
QQ:/rc/r: 0.999999983 0.000000008 0.000000009
QQ:/rrc/c: 0.999999951 0.000000049 0.000000000
QQ:/rrc/crr: 0.000000000 0.999999968 0.000000032
QQ:/rrc/r: 0.999999840 0.000000127 0.000000033
