J:/c: 0.224570678 0.775429322 0.000000000
J:/crr: 0.000000000 0.999999998 0.000000002
J:/r: 0.044882771 0.150767879 0.804349350
JJ:/cc/c: 0.999999993 0.000000007 0.000000000
JJ:/cc/crr: 0.000000000 0.999999998 0.000000002
JJ:/cc/r: 0.999999981 0.000000015 0.000000005
JJ:/crc/c: 0.999999981 0.000000019 0.000000000
JJ:/crc/crr: 0.000000000 0.999999995 0.000000005
JJ:/crc/r: 0.544041444 0.455958548 0.000000008
JJ:/crrc/c: 0.999999991 0.000000009 0.000000000
JJ:/crrc/crr: 0.000000000 0.999999998 0.000000002
JJ:/crrc/r: 0.999999901 0.000000094 0.000000005
JJ:/rc/c: 0.999999971 0.000000029 0.000000000
JJ:/rc/crr: 0.000000000 0.999999992 0.000000008
JJ:/rc/r: 0.999999965 0.000000019 0.000000016
JJ:/rrc/c: 0.999999933 0.000000067 0.000000000
JJ:/rrc/crr: 0.000000000 0.999999981 0.000000019
JJ:/rrc/r: 0.999999439 0.000000525 0.000000036
JK:/cc/c: 0.005145037 0.994854963 0.000000000
JK:/cc/crr: 0.000000000 0.000000434 0.999999566
JK:/cc/r: 0.000000546 0.000000005 0.999999449
JK:/crc/c: 0.463002674 0.536997326 0.000000000
JK:/crc/crr: 0.000000000 0.000000097 0.999999903
JK:/crc/r: 0.011663235 0.000000134 0.988336631
JK:/crrc/c: 0.303336349 0.696663651 0.000000000
JK:/crrc/crr: 0.000000000 0.000000319 0.999999681
JK:/crrc/r: 0.183898635 0.000000086 0.816101278
JK:/rc/c: 0.300818097 0.699181903 0.000000000
JK:/rc/crr: 0.000000000 0.000000023 0.999999977
JK:/rc/r: 0.327871360 0.000000013 0.672128627
JK:/rrc/c: 0.999998508 0.000001492 0.000000000
JK:/rrc/crr: 0.000000000 0.000000131 0.999999869
JK:/rrc/r: 0.266215180 0.000000184 0.733784636
JQ:/cc/c: 0.049702967 0.950297033 0.000000000
JQ:/cc/crr: 0.000000000 0.000000000 1.000000000
JQ:/cc/r: 0.030032324 0.000000000 0.969967676
JQ:/crc/c: 0.305192071 0.694807929 0.000000000
JQ:/crc/crr: 0.000000000 0.000003943 0.999996057
JQ:/crc/r: 0.110694094 0.000000035 0.889305871
JQ:/crrc/c: 0.024823370 0.975176630 0.000000000
JQ:/crrc/crr: 0.000000000 0.000000854 0.999999146
JQ:/crrc/r: 0.131093922 0.000000016 0.868906062
JQ:/rc/c: 0.999968141 0.000031859 0.000000000
JQ:/rc/crr: 0.000000000 0.000000000 1.000000000
JQ:/rc/r: 0.000000027 0.000000039 0.999999934
JQ:/rrc/c: 0.000006981 0.999993019 0.000000000
JQ:/rrc/crr: 0.000000000 0.021037604 0.978962396
JQ:/rrc/r: 0.387503019 0.000000180 0.612496801
K:/c: 0.999997033 0.000002967 0.000000000
K:/crr: 0.000000000 0.999999999 0.000000001
K:/r: 0.487189924 0.512810075 0.000000001
KJ:/cc/c: 0.008652222 0.991347778 0.000000000
KJ:/cc/crr: 0.000000000 0.970870887 0.029129113
KJ:/cc/r: 0.008188681 0.007198538 0.984612782
KJ:/crc/c: 0.097629075 0.902370925 0.000000000
KJ:/crc/crr: 0.000000000 0.999999990 0.000000010
KJ:/crc/r: 0.000000112 0.772892777 0.227107111
KJ:/crrc/c: 0.243797634 0.756202366 0.000000000
KJ:/crrc/crr: 0.000000000 0.689135340 0.310864660
KJ:/crrc/r: 0.035886443 0.810603983 0.153509574
KJ:/rc/c: 0.315725259 0.684274741 0.000000000
KJ:/rc/crr: 0.000000000 0.756633229 0.243366771
KJ:/rc/r: 0.018169960 0.768042014 0.213788026
KJ:/rrc/c: 0.386144429 0.613855571 0.000000000
KJ:/rrc/crr: 0.000000000 0.999974425 0.000025575
KJ:/rrc/r: 0.029506222 0.907449061 0.063044717
KK:/cc/c: 0.991845759 0.008154241 0.000000000
KK:/cc/crr: 0.000000000 0.997705705 0.002294295
KK:/cc/r: 0.997027164 0.002445171 0.000527665
KK:/crc/c: 0.999999761 0.000000239 0.000000000
KK:/crc/crr: 0.000000000 0.999999958 0.000000042
KK:/crc/r: 0.671641761 0.328358215 0.000000025
KK:/crrc/c: 0.999999991 0.000000009 0.000000000
KK:/crrc/crr: 0.000000000 0.999999998 0.000000002
KK:/crrc/r: 0.999991714 0.000008281 0.000000005
KK:/rc/c: 0.999999965 0.000000035 0.000000000
KK:/rc/crr: 0.000000000 0.999999990 0.000000010
KK:/rc/r: 0.999999957 0.000000023 0.000000019
KK:/rrc/c: 0.999999890 0.000000110 0.000000000
KK:/rrc/crr: 0.000000000 0.999999980 0.000000020
KK:/rrc/r: 0.945607256 0.054392716 0.000000027
KQ:/cc/c: 0.003214898 0.996785102 0.000000000
KQ:/cc/crr: 0.000000000 0.789901015 0.210098985
KQ:/cc/r: 0.016607850 0.979247361 0.004144789
KQ:/crc/c: 0.266895728 0.733104272 0.000000000
KQ:/crc/crr: 0.000000000 0.063120259 0.936879741
KQ:/crc/r: 0.000000015 0.472094999 0.527904986
KQ:/crrc/c: 0.526731942 0.473268058 0.000000000
KQ:/crrc/crr: 0.000000000 0.441579420 0.558420580
KQ:/crrc/r: 0.000004424 0.793872516 0.206123060
KQ:/rc/c: 0.000019795 0.999980205 0.000000000
KQ:/rc/crr: 0.000000000 0.010361191 0.989638809
KQ:/rc/r: 0.000000147 0.344449880 0.655549973
KQ:/rrc/c: 0.420197832 0.579802168 0.000000000
KQ:/rrc/crr: 0.000000000 0.504941366 0.495058634
KQ:/rrc/r: 0.063991472 0.591531639 0.344476890
Q:/c: 0.794359156 0.205640844 0.000000000
Q:/crr: 0.000000000 0.999999974 0.000000026
Q:/r: 0.287351627 0.712648203 0.000000170
QJ:/cc/c: 0.000000343 0.999999657 0.000000000
QJ:/cc/crr: 0.000000000 0.111688326 0.888311674
QJ:/cc/r: 0.000000115 0.000000169 0.999999716
QJ:/crc/c: 0.436690912 0.563309088 0.000000000
QJ:/crc/crr: 0.000000000 0.001837437 0.998162563
QJ:/crc/r: 0.000000057 0.000000011 0.999999932
QJ:/crrc/c: 0.000000067 0.999999933 0.000000000
QJ:/crrc/crr: 0.000000000 0.241363956 0.758636044
QJ:/crrc/r: 0.015562227 0.000000000 0.984437773
QJ:/rc/c: 0.000000385 0.999999615 0.000000000
QJ:/rc/crr: 0.000000000 0.003104164 0.996895836
QJ:/rc/r: 0.015752230 0.000000013 0.984247757
QJ:/rrc/c: 0.000000235 0.999999765 0.000000000
QJ:/rrc/crr: 0.000000000 0.108894989 0.891105011
QJ:/rrc/r: 0.000000053 0.000000021 0.999999927
QK:/cc/c: 0.110730775 0.889269225 0.000000000
QK:/cc/crr: 0.000000000 0.999999967 0.000000033
QK:/cc/r: 0.000000128 0.764653139 0.235346733
QK:/crc/c: 0.195178800 0.804821200 0.000000000
QK:/crc/crr: 0.000000000 0.000018821 0.999981179
QK:/crc/r: 0.000000200 0.496777766 0.503222034
QK:/crrc/c: 0.121434329 0.878565671 0.000000000
QK:/crrc/crr: 0.000000000 0.000005524 0.999994476
QK:/crrc/r: 0.000000331 0.322384583 0.677615086
QK:/rc/c: 0.286927010 0.713072990 0.000000000
QK:/rc/crr: 0.000000000 0.000011236 0.999988764
QK:/rc/r: 0.000000017 0.345138666 0.654861317
QK:/rrc/c: 0.336035223 0.663964777 0.000000000
QK:/rrc/crr: 0.000000000 0.079448885 0.920551115
QK:/rrc/r: 0.000000043 0.562552005 0.437447953
QQ:/cc/c: 0.999999979 0.000000021 0.000000000
QQ:/cc/crr: 0.000000000 0.999999994 0.000000006
QQ:/cc/r: 0.999999657 0.000000191 0.000000152
QQ:/crc/c: 0.999999957 0.000000043 0.000000000
QQ:/crc/crr: 0.000000000 0.999999992 0.000000008
QQ:/crc/r: 0.999999952 0.000000032 0.000000016
QQ:/crrc/c: 0.999999991 0.000000009 0.000000000
QQ:/crrc/crr: 0.000000000 0.999999998 0.000000002
QQ:/crrc/r: 0.999999947 0.000000048 0.000000005
QQ:/rc/c: 0.999999984 0.000000016 0.000000000
QQ:/rc/crr: 0.000000000 0.999999998 0.000000002
QQ:/rc/r: 0.999999973 0.000000015 0.000000012
QQ:/rrc/c: 0.999999912 0.000000088 0.000000000
QQ:/rrc/crr: 0.000000000 0.999999975 0.000000025
QQ:/rrc/r: 0.999999724 0.000000230 0.000000046
