J:/c: 0.336732436 0.663267564 0.000000000
J:/crr: 0.000000000 0.999999996 0.000000004
J:/r: 0.048001217 0.091980560 0.860018223
JJ:/cc/c: 0.999999996 0.000000004 0.000000000
JJ:/cc/crr: 0.000000000 0.999999996 0.000000004
JJ:/cc/r: 0.999999987 0.000000008 0.000000005
JJ:/crc/c: 0.999999989 0.000000011 0.000000000
JJ:/crc/crr: 0.000000000 0.999999991 0.000000009
JJ:/crc/r: 0.676549611 0.323450379 0.000000010
JJ:/crrc/c: 0.999999995 0.000000005 0.000000000
JJ:/crrc/crr: 0.000000000 0.999999996 0.000000004
JJ:/crrc/r: 0.999999942 0.000000054 0.000000005
JJ:/rc/c: 0.999999983 0.000000017 0.000000000
JJ:/rc/crr: 0.000000000 0.999999986 0.000000014
JJ:/rc/r: 0.999999974 0.000000011 0.000000016
JJ:/rrc/c: 0.999999962 0.000000038 0.000000000
JJ:/rrc/crr: 0.000000000 0.999999967 0.000000033
JJ:/rrc/r: 0.999999664 0.000000300 0.000000036
JK:/cc/c: 0.008984512 0.991015488 0.000000000
JK:/cc/crr: 0.000000000 0.000000248 0.999999752
JK:/cc/r: 0.000000546 0.000000003 0.999999451
JK:/crc/c: 0.601825277 0.398174723 0.000000000
JK:/crc/crr: 0.000000000 0.000000055 0.999999945
JK:/crc/r: 0.011666146 0.000000076 0.988333777
JK:/crrc/c: 0.432876669 0.567123331 0.000000000
JK:/crrc/crr: 0.000000000 0.000000182 0.999999818
JK:/crrc/r: 0.183936536 0.000000049 0.816063415
JK:/rc/c: 0.429946692 0.570053308 0.000000000
JK:/rc/crr: 0.000000000 0.000000013 0.999999987
JK:/rc/r: 0.327927002 0.000000007 0.672072991
JK:/rrc/c: 0.999999149 0.000000851 0.000000000
JK:/rrc/crr: 0.000000000 0.000000075 0.999999925
JK:/rrc/r: 0.266264523 0.000000105 0.733735372
JQ:/cc/c: 0.083986623 0.916013377 0.000000000
JQ:/cc/crr: 0.000000000 0.000000000 1.000000000
JQ:/cc/r: 0.030039679 0.000000000 0.969960321
JQ:/crc/c: 0.435030012 0.564969988 0.000000000
JQ:/crc/crr: 0.000000000 0.000002250 0.999997750
JQ:/crc/r: 0.110718952 0.000000020 0.889281028
JQ:/crrc/c: 0.042717227 0.957282773 0.000000000
JQ:/crrc/crr: 0.000000000 0.000000487 0.999999513
JQ:/crrc/r: 0.131122684 0.000000009 0.868877307
JQ:/rc/c: 0.999981826 0.000018174 0.000000000
JQ:/rc/crr: 0.000000000 0.000000000 1.000000000
JQ:/rc/r: 0.000000027 0.000000022 0.999999951
JQ:/rrc/c: 0.000012238 0.999987762 0.000000000
JQ:/rrc/crr: 0.000000000 0.012113278 0.987886722
JQ:/rrc/r: 0.387562973 0.000000103 0.612436924
K:/c: 0.999998490 0.000001510 0.000000000
K:/crr: 0.000000000 0.999999999 0.000000001
K:/r: 0.651156972 0.348843027 0.000000001
KJ:/cc/c: 0.016858981 0.983141019 0.000000000
KJ:/cc/crr: 0.000000000 0.953804721 0.046195279
KJ:/cc/r: 0.009976382 0.004463644 0.985559974
KJ:/crc/c: 0.175307344 0.824692656 0.000000000
KJ:/crc/crr: 0.000000000 0.999999984 0.000000016
KJ:/crc/r: 0.000000193 0.678272442 0.321727365
KJ:/crrc/c: 0.387795013 0.612204987 0.000000000
KJ:/crrc/crr: 0.000000000 0.578643187 0.421356813
KJ:/crrc/r: 0.062457188 0.718037046 0.219505765
KJ:/rc/c: 0.475492932 0.524507068 0.000000000
KJ:/rc/crr: 0.000000000 0.658234170 0.341765830
KJ:/rc/r: 0.031074514 0.668530838 0.300394648
KJ:/rrc/c: 0.552760856 0.447239144 0.000000000
KJ:/rrc/crr: 0.000000000 0.999958716 0.000041284
KJ:/rrc/r: 0.054323120 0.850314245 0.095362636
KK:/cc/c: 0.995833110 0.004166890 0.000000000
KK:/cc/crr: 0.000000000 0.996301634 0.003698366
KK:/cc/r: 0.998319796 0.001246115 0.000434090
KK:/crc/c: 0.999999878 0.000000122 0.000000000
KK:/crc/crr: 0.000000000 0.999999933 0.000000067
KK:/crc/r: 0.800751850 0.199248125 0.000000024
KK:/crrc/c: 0.999999996 0.000000004 0.000000000
KK:/crrc/crr: 0.000000000 0.999999996 0.000000004
KK:/crrc/r: 0.999995781 0.000004215 0.000000004
KK:/rc/c: 0.999999982 0.000000018 0.000000000
KK:/rc/crr: 0.000000000 0.999999984 0.000000016
KK:/rc/r: 0.999999972 0.000000012 0.000000016
KK:/rrc/c: 0.999999944 0.000000056 0.000000000
KK:/rrc/crr: 0.000000000 0.999999968 0.000000032
KK:/rrc/r: 0.971556409 0.028443568 0.000000023
KQ:/cc/c: 0.006297035 0.993702965 0.000000000
KQ:/cc/crr: 0.000000000 0.699612823 0.300387177
KQ:/cc/r: 0.032035898 0.961395327 0.006568775
KQ:/crc/c: 0.417012468 0.582987532 0.000000000
KQ:/crc/crr: 0.000000000 0.040064049 0.959935951
KQ:/crc/r: 0.000000023 0.356494872 0.643505105
KQ:/crrc/c: 0.686199300 0.313800700 0.000000000
KQ:/crrc/crr: 0.000000000 0.328797562 0.671202438
KQ:/crrc/r: 0.000007716 0.704651923 0.295340361
KQ:/rc/c: 0.000038893 0.999961107 0.000000000
KQ:/rc/crr: 0.000000000 0.006443962 0.993556038
KQ:/rc/r: 0.000000206 0.245566335 0.754433459
KQ:/rrc/c: 0.587446404 0.412553596 0.000000000
KQ:/rrc/crr: 0.000000000 0.387197472 0.612802528
KQ:/rrc/r: 0.098740076 0.464553181 0.436706742
Q:/c: 0.883580746 0.116419254 0.000000000
Q:/crr: 0.000000000 0.999999958 0.000000042
Q:/r: 0.442036420 0.557963366 0.000000215
QJ:/cc/c: 0.000000674 0.999999326 0.000000000
QJ:/cc/crr: 0.000000000 0.072259751 0.927740249
QJ:/cc/r: 0.000000140 0.000000104 0.999999756
QJ:/crc/c: 0.603669257 0.396330743 0.000000000
QJ:/crc/crr: 0.000000000 0.001139053 0.998860947
QJ:/crc/r: 0.000000069 0.000000007 0.999999924
QJ:/crrc/c: 0.000000131 0.999999869 0.000000000
QJ:/crrc/crr: 0.000000000 0.164641557 0.835358443
QJ:/crrc/r: 0.018877662 0.000000000 0.981122338
QJ:/rc/c: 0.000000757 0.999999243 0.000000000
QJ:/rc/crr: 0.000000000 0.001925243 0.998074757
QJ:/rc/r: 0.019107358 0.000000008 0.980892634
QJ:/rrc/c: 0.000000462 0.999999538 0.000000000
QJ:/rrc/crr: 0.000000000 0.070374405 0.929625595
QJ:/rrc/r: 0.000000064 0.000000013 0.999999923
QK:/cc/c: 0.196562648 0.803437352 0.000000000
QK:/cc/crr: 0.000000000 0.999999947 0.000000053
QK:/cc/r: 0.000000219 0.668074189 0.331925591
QK:/crc/c: 0.322714719 0.677285281 0.000000000
QK:/crc/crr: 0.000000000 0.000011659 0.999988341
QK:/crc/r: 0.000000300 0.379478285 0.620521415
QK:/crrc/c: 0.213570376 0.786429624 0.000000000
QK:/crrc/crr: 0.000000000 0.000003422 0.999996578
QK:/crrc/r: 0.000000459 0.227635867 0.772363674
QK:/rc/c: 0.441524878 0.558475122 0.000000000
QK:/rc/crr: 0.000000000 0.000006960 0.999993040
QK:/rc/r: 0.000000024 0.246131635 0.753868340
QK:/rrc/c: 0.498591778 0.501408222 0.000000000
QK:/rrc/crr: 0.000000000 0.050751344 0.949248656
QK:/rrc/r: 0.000000066 0.443406481 0.556593453
QQ:/cc/c: 0.999999990 0.000000010 0.000000000
QQ:/cc/crr: 0.000000000 0.999999991 0.000000009
QQ:/cc/r: 0.999999778 0.000000097 0.000000125
QQ:/crc/c: 0.999999978 0.000000022 0.000000000
QQ:/crc/crr: 0.000000000 0.999999987 0.000000013
QQ:/crc/r: 0.999999971 0.000000016 0.000000013
QQ:/crrc/c: 0.999999996 0.000000004 0.000000000
QQ:/crrc/crr: 0.000000000 0.999999996 0.000000004
QQ:/crrc/r: 0.999999971 0.000000025 0.000000004
QQ:/rc/c: 0.999999992 0.000000008 0.000000000
QQ:/rc/crr: 0.000000000 0.999999996 0.000000004
QQ:/rc/r: 0.999999983 0.000000007 0.000000010
QQ:/rrc/c: 0.999999955 0.000000045 0.000000000
QQ:/rrc/crr: 0.000000000 0.999999960 0.000000040
QQ:/rrc/r: 0.999999845 0.000000117 0.000000037
