J:/c: 0.355062034 0.644937966 0.000000000
J:/crr: 0.000000000 0.999999996 0.000000004
J:/r: 0.059501157 0.105142695 0.835356148
JJ:/cc/c: 0.999999996 0.000000004 0.000000000
JJ:/cc/crr: 0.000000000 0.999999996 0.000000004
JJ:/cc/r: 0.999999989 0.000000008 0.000000004
JJ:/crc/c: 0.999999990 0.000000010 0.000000000
JJ:/crc/crr: 0.000000000 0.999999993 0.000000007
JJ:/crc/r: 0.694021530 0.305978462 0.000000008
JJ:/crrc/c: 0.999999995 0.000000005 0.000000000
JJ:/crrc/crr: 0.000000000 0.999999996 0.000000004
JJ:/crrc/r: 0.999999947 0.000000049 0.000000004
JJ:/rc/c: 0.999999985 0.000000015 0.000000000
JJ:/rc/crr: 0.000000000 0.999999988 0.000000012
JJ:/rc/r: 0.999999978 0.000000010 0.000000012
JJ:/rrc/c: 0.999999965 0.000000035 0.000000000
JJ:/rrc/crr: 0.000000000 0.999999972 0.000000028
JJ:/rrc/r: 0.999999696 0.000000276 0.000000028
JK:/cc/c: 0.009735436 0.990264564 0.000000000
JK:/cc/crr: 0.000000000 0.000000291 0.999999709
JK:/cc/r: 0.000000697 0.000000003 0.999999300
JK:/crc/c: 0.621072860 0.378927140 0.000000000
JK:/crc/crr: 0.000000000 0.000000065 0.999999935
JK:/crc/r: 0.014840194 0.000000089 0.985159717
JK:/crrc/c: 0.452866430 0.547133570 0.000000000
JK:/crrc/crr: 0.000000000 0.000000214 0.999999786
JK:/crrc/r: 0.223386986 0.000000055 0.776612959
JK:/rc/c: 0.449908488 0.550091512 0.000000000
JK:/rc/crr: 0.000000000 0.000000016 0.999999984
JK:/rc/r: 0.383738245 0.000000008 0.616261747
JK:/rrc/c: 0.999999215 0.000000785 0.000000000
JK:/rrc/crr: 0.000000000 0.000000088 0.999999912
JK:/rrc/r: 0.316523770 0.000000115 0.683476115
JQ:/cc/c: 0.090434167 0.909565833 0.000000000
JQ:/cc/crr: 0.000000000 0.000000000 1.000000000
JQ:/cc/r: 0.038020370 0.000000000 0.961979630
JQ:/crc/c: 0.455039426 0.544960574 0.000000000
JQ:/crc/crr: 0.000000000 0.000002648 0.999997352
JQ:/crc/r: 0.137104108 0.000000023 0.862895869
JQ:/crrc/c: 0.046156213 0.953843787 0.000000000
JQ:/crrc/crr: 0.000000000 0.000000574 0.999999426
JQ:/crrc/r: 0.161487231 0.000000011 0.838512758
JQ:/rc/c: 0.999983241 0.000016759 0.000000000
JQ:/rc/crr: 0.000000000 0.000000000 1.000000000
JQ:/rc/r: 0.000000034 0.000000026 0.999999940
JQ:/rrc/c: 0.000013271 0.999986729 0.000000000
JQ:/rrc/crr: 0.000000000 0.014224971 0.985775029
JQ:/rrc/r: 0.446776650 0.000000109 0.553223240
K:/c: 0.999998439 0.000001561 0.000000000
K:/crr: 0.000000000 0.999999999 0.000000001
K:/r: 0.643620529 0.356379470 0.000000001
KJ:/cc/c: 0.016320397 0.983679603 0.000000000
KJ:/cc/crr: 0.000000000 0.957230046 0.042769954
KJ:/cc/r: 0.010453854 0.004834274 0.984711872
KJ:/crc/c: 0.170585192 0.829414808 0.000000000
KJ:/crc/crr: 0.000000000 0.999999985 0.000000015
KJ:/crc/r: 0.000000191 0.695608113 0.304391695
KJ:/crrc/c: 0.379986444 0.620013556 0.000000000
KJ:/crrc/crr: 0.000000000 0.598166802 0.401833198
KJ:/crrc/r: 0.061601179 0.731967642 0.206431179
KJ:/rc/c: 0.467266296 0.532733704 0.000000000
KJ:/rc/crr: 0.000000000 0.676134018 0.323865982
KJ:/rc/r: 0.030813423 0.685165503 0.284021074
KJ:/rrc/c: 0.544585394 0.455414606 0.000000000
KJ:/rrc/crr: 0.000000000 0.999961914 0.000038086
KJ:/rrc/r: 0.053044318 0.858167496 0.088788186
KK:/cc/c: 0.995693844 0.004306156 0.000000000
KK:/cc/crr: 0.000000000 0.996587138 0.003412862
KK:/cc/r: 0.998298188 0.001287915 0.000413898
KK:/crc/c: 0.999999874 0.000000126 0.000000000
KK:/crc/crr: 0.000000000 0.999999938 0.000000062
KK:/crc/r: 0.795431948 0.204568029 0.000000023
KK:/crrc/c: 0.999999995 0.000000005 0.000000000
KK:/crrc/crr: 0.000000000 0.999999996 0.000000004
KK:/crrc/r: 0.999995640 0.000004356 0.000000004
KK:/rc/c: 0.999999981 0.000000019 0.000000000
KK:/rc/crr: 0.000000000 0.999999985 0.000000015
KK:/rc/r: 0.999999973 0.000000012 0.000000015
KK:/rrc/c: 0.999999942 0.000000058 0.000000000
KK:/rrc/crr: 0.000000000 0.999999971 0.000000029
KK:/rrc/r: 0.970629700 0.029370279 0.000000022
KQ:/cc/c: 0.006093776 0.993906224 0.000000000
KQ:/cc/crr: 0.000000000 0.716279610 0.283720390
KQ:/cc/r: 0.031043581 0.962887071 0.006069348
KQ:/crc/c: 0.409008631 0.590991369 0.000000000
KQ:/crc/crr: 0.000000000 0.043282464 0.956717536
KQ:/crc/r: 0.000000023 0.375197374 0.624802603
KQ:/crrc/c: 0.679046764 0.320953236 0.000000000
KQ:/crrc/crr: 0.000000000 0.346830159 0.653169841
KQ:/crrc/r: 0.000007640 0.721150301 0.278842059
KQ:/rc/c: 0.000037630 0.999962370 0.000000000
KQ:/rc/crr: 0.000000000 0.006981258 0.993018742
KQ:/rc/r: 0.000000211 0.260807904 0.739191885
KQ:/rrc/c: 0.579422564 0.420577436 0.000000000
KQ:/rrc/crr: 0.000000000 0.406493227 0.593506773
KQ:/rrc/r: 0.099207486 0.482419510 0.418373004
Q:/c: 0.880141338 0.119858662 0.000000000
Q:/crr: 0.000000000 0.999999961 0.000000039
Q:/r: 0.433909773 0.566090026 0.000000201
QJ:/cc/c: 0.000000652 0.999999348 0.000000000
QJ:/cc/crr: 0.000000000 0.077854742 0.922145258
QJ:/cc/r: 0.000000147 0.000000113 0.999999740
QJ:/crc/c: 0.595743810 0.404256190 0.000000000
QJ:/crc/crr: 0.000000000 0.001234577 0.998765423
QJ:/crc/r: 0.000000072 0.000000007 0.999999920
QJ:/crrc/c: 0.000000127 0.999999873 0.000000000
QJ:/crrc/crr: 0.000000000 0.176032330 0.823967670
QJ:/crrc/r: 0.019779979 0.000000000 0.980220021
QJ:/rc/c: 0.000000732 0.999999268 0.000000000
QJ:/rc/crr: 0.000000000 0.002086561 0.997913439
QJ:/rc/r: 0.020020430 0.000000009 0.979979561
QJ:/rrc/c: 0.000000447 0.999999553 0.000000000
QJ:/rrc/crr: 0.000000000 0.075835348 0.924164652
QJ:/rrc/r: 0.000000067 0.000000014 0.999999919
QK:/cc/c: 0.191400834 0.808599166 0.000000000
QK:/cc/crr: 0.000000000 0.999999951 0.000000049
QK:/cc/r: 0.000000218 0.685704742 0.314295040
QK:/crc/c: 0.315541169 0.684458831 0.000000000
QK:/crc/crr: 0.000000000 0.000012638 0.999987362
QK:/crc/r: 0.000000305 0.398639595 0.601360099
QK:/crrc/c: 0.208077603 0.791922397 0.000000000
QK:/crrc/crr: 0.000000000 0.000003710 0.999996290
QK:/crrc/r: 0.000000473 0.242121703 0.757877824
QK:/rc/c: 0.433400324 0.566599676 0.000000000
QK:/rc/crr: 0.000000000 0.000007545 0.999992455
QK:/rc/r: 0.000000025 0.261396136 0.738603840
QK:/rrc/c: 0.490339108 0.509660892 0.000000000
QK:/rrc/crr: 0.000000000 0.054779296 0.945220704
QK:/rrc/r: 0.000000067 0.463385226 0.536614707
QQ:/cc/c: 0.999999989 0.000000011 0.000000000
QQ:/cc/crr: 0.000000000 0.999999991 0.000000009
QQ:/cc/r: 0.999999780 0.000000100 0.000000119
QQ:/crc/c: 0.999999978 0.000000022 0.000000000
QQ:/crc/crr: 0.000000000 0.999999988 0.000000012
QQ:/crc/r: 0.999999971 0.000000017 0.000000012
QQ:/crrc/c: 0.999999995 0.000000005 0.000000000
QQ:/crrc/crr: 0.000000000 0.999999996 0.000000004
QQ:/crrc/r: 0.999999971 0.000000025 0.000000004
QQ:/rc/c: 0.999999992 0.000000008 0.000000000
QQ:/rc/crr: 0.000000000 0.999999996 0.000000004
QQ:/rc/r: 0.999999983 0.000000008 0.000000009
QQ:/rrc/c: 0.999999954 0.000000046 0.000000000
QQ:/rrc/crr: 0.000000000 0.999999963 0.000000037
QQ:/rrc/r: 0.999999843 0.000000121 0.000000036
