J:/c: 0.302771719 0.697228281 0.000000000
J:/crr: 0.000000000 0.999999996 0.000000004
J:/r: 0.046117647 0.103315818 0.850566536
JJ:/cc/c: 0.999999995 0.000000005 0.000000000
JJ:/cc/crr: 0.000000000 0.999999996 0.000000004
JJ:/cc/r: 0.999999985 0.000000010 0.000000005
JJ:/crc/c: 0.999999987 0.000000013 0.000000000
JJ:/crc/crr: 0.000000000 0.999999992 0.000000008
JJ:/crc/r: 0.641462185 0.358537805 0.000000010
JJ:/crrc/c: 0.999999994 0.000000006 0.000000000
JJ:/crrc/crr: 0.000000000 0.999999996 0.000000004
JJ:/crrc/r: 0.999999932 0.000000063 0.000000005
JJ:/rc/c: 0.999999980 0.000000020 0.000000000
JJ:/rc/crr: 0.000000000 0.999999987 0.000000013
JJ:/rc/r: 0.999999971 0.000000013 0.000000016
JJ:/rrc/c: 0.999999955 0.000000045 0.000000000
JJ:/rrc/crr: 0.000000000 0.999999971 0.000000029
JJ:/rrc/r: 0.999999613 0.000000350 0.000000037
JK:/cc/c: 0.007694908 0.992305092 0.000000000
JK:/cc/crr: 0.000000000 0.000000281 0.999999719
JK:/cc/r: 0.000000530 0.000000003 0.999999466
JK:/crc/c: 0.563857446 0.436142554 0.000000000
JK:/crc/crr: 0.000000000 0.000000063 0.999999937
JK:/crc/r: 0.011336694 0.000000087 0.988663220
JK:/crrc/c: 0.394993982 0.605006018 0.000000000
JK:/crrc/crr: 0.000000000 0.000000207 0.999999793
JK:/crrc/r: 0.179626341 0.000000056 0.820373603
JK:/rc/c: 0.392143118 0.607856882 0.000000000
JK:/rc/crr: 0.000000000 0.000000015 0.999999985
JK:/rc/r: 0.321572260 0.000000009 0.678427732
JK:/rrc/c: 0.999999005 0.000000995 0.000000000
JK:/rrc/crr: 0.000000000 0.000000085 0.999999915
JK:/rrc/r: 0.260641292 0.000000120 0.739358588
JQ:/cc/c: 0.072721466 0.927278534 0.000000000
JQ:/cc/crr: 0.000000000 0.000000000 1.000000000
JQ:/cc/r: 0.029206690 0.000000000 0.970793310
JQ:/crc/c: 0.397090826 0.602909174 0.000000000
JQ:/crc/crr: 0.000000000 0.000002555 0.999997445
JQ:/crc/r: 0.107897622 0.000000023 0.892102355
JQ:/crrc/c: 0.036765376 0.963234624 0.000000000
JQ:/crrc/crr: 0.000000000 0.000000554 0.999999446
JQ:/crrc/r: 0.127856181 0.000000011 0.872143809
JQ:/rc/c: 0.999978753 0.000021247 0.000000000
JQ:/rc/crr: 0.000000000 0.000000000 1.000000000
JQ:/rc/r: 0.000000026 0.000000025 0.999999949
JQ:/rrc/c: 0.000010468 0.999989532 0.000000000
JQ:/rrc/crr: 0.000000000 0.013734677 0.986265323
JQ:/rrc/r: 0.380707211 0.000000118 0.619292671
K:/c: 0.999998021 0.000001979 0.000000000
K:/crr: 0.000000000 0.999999999 0.000000001
K:/r: 0.587548719 0.412451280 0.000000001
KJ:/cc/c: 0.012917678 0.987082322 0.000000000
KJ:/cc/crr: 0.000000000 0.955749767 0.044250233
KJ:/cc/r: 0.007978855 0.004677798 0.987343347
KJ:/crc/c: 0.139583004 0.860416996 0.000000000
KJ:/crc/crr: 0.000000000 0.999999985 0.000000015
KJ:/crc/r: 0.000000149 0.688024159 0.311975692
KJ:/crrc/c: 0.325880223 0.674119777 0.000000000
KJ:/crrc/crr: 0.000000000 0.589587443 0.410412557
KJ:/crrc/r: 0.048860066 0.736042507 0.215097426
KJ:/rc/c: 0.408929023 0.591070977 0.000000000
KJ:/rc/crr: 0.000000000 0.668296201 0.331703799
KJ:/rc/r: 0.024213461 0.682587607 0.293198931
KJ:/rrc/c: 0.485390258 0.514609742 0.000000000
KJ:/rrc/crr: 0.000000000 0.999960535 0.000039465
KJ:/rrc/r: 0.042177067 0.865078558 0.092744375
KK:/cc/c: 0.994547003 0.005452997 0.000000000
KK:/cc/crr: 0.000000000 0.996463986 0.003536014
KK:/cc/r: 0.997824497 0.001632025 0.000543478
KK:/crc/c: 0.999999841 0.000000159 0.000000000
KK:/crc/crr: 0.000000000 0.999999936 0.000000064
KK:/crc/r: 0.754120846 0.245879125 0.000000029
KK:/crrc/c: 0.999999994 0.000000006 0.000000000
KK:/crrc/crr: 0.000000000 0.999999996 0.000000004
KK:/crrc/r: 0.999994472 0.000005523 0.000000005
KK:/rc/c: 0.999999977 0.000000023 0.000000000
KK:/rc/crr: 0.000000000 0.999999985 0.000000015
KK:/rc/r: 0.999999965 0.000000016 0.000000020
KK:/rrc/c: 0.999999927 0.000000073 0.000000000
KK:/rrc/crr: 0.000000000 0.999999970 0.000000030
KK:/rrc/r: 0.963055309 0.036944662 0.000000028
KQ:/cc/c: 0.004812823 0.995187177 0.000000000
KQ:/cc/crr: 0.000000000 0.708995195 0.291004805
KQ:/cc/r: 0.024642619 0.969028135 0.006329246
KQ:/crc/c: 0.353123556 0.646876444 0.000000000
KQ:/crc/crr: 0.000000000 0.041833142 0.958166858
KQ:/crc/r: 0.000000018 0.366896065 0.633103918
KQ:/crrc/c: 0.625303888 0.374696112 0.000000000
KQ:/crrc/crr: 0.000000000 0.338816129 0.661183871
KQ:/crrc/r: 0.000005966 0.713942334 0.286051700
KQ:/rc/c: 0.000029682 0.999970318 0.000000000
KQ:/rc/crr: 0.000000000 0.006738927 0.993261073
KQ:/rc/r: 0.000000162 0.254008581 0.745991257
KQ:/rrc/c: 0.520770857 0.479229143 0.000000000
KQ:/rrc/crr: 0.000000000 0.397940500 0.602059500
KQ:/rrc/r: 0.078709415 0.485236078 0.436054507
Q:/c: 0.871169626 0.128830374 0.000000000
Q:/crr: 0.000000000 0.999999940 0.000000060
Q:/r: 0.413783514 0.586216165 0.000000321
QJ:/cc/c: 0.000000600 0.999999400 0.000000000
QJ:/cc/crr: 0.000000000 0.051948110 0.948051890
QJ:/cc/r: 0.000000088 0.000000074 0.999999839
QJ:/crc/c: 0.575745629 0.424254371 0.000000000
QJ:/crc/crr: 0.000000000 0.000801601 0.999198399
QJ:/crc/r: 0.000000043 0.000000005 0.999999952
QJ:/crrc/c: 0.000000117 0.999999883 0.000000000
QJ:/crrc/crr: 0.000000000 0.121770527 0.878229473
QJ:/crrc/r: 0.011916515 0.000000000 0.988083485
QJ:/rc/c: 0.000000674 0.999999326 0.000000000
QJ:/rc/crr: 0.000000000 0.001355193 0.998644807
QJ:/rc/r: 0.012062552 0.000000006 0.987937442
QJ:/rrc/c: 0.000000412 0.999999588 0.000000000
QJ:/rrc/crr: 0.000000000 0.050563836 0.949436164
QJ:/rrc/r: 0.000000040 0.000000009 0.999999951
QK:/cc/c: 0.178966884 0.821033116 0.000000000
QK:/cc/crr: 0.000000000 0.999999925 0.000000075
QK:/cc/r: 0.000000171 0.586086069 0.413913759
QK:/crc/c: 0.298014938 0.701985062 0.000000000
QK:/crc/crr: 0.000000000 0.000008202 0.999991798
QK:/crc/r: 0.000000212 0.300810262 0.699189526
QK:/crrc/c: 0.194821305 0.805178695 0.000000000
QK:/crrc/crr: 0.000000000 0.000002408 0.999997592
QK:/crrc/r: 0.000000309 0.171733940 0.828265751
QK:/rc/c: 0.413280490 0.586719510 0.000000000
QK:/rc/crr: 0.000000000 0.000004897 0.999995103
QK:/rc/r: 0.000000016 0.186786010 0.813213974
QK:/rrc/c: 0.469767536 0.530232464 0.000000000
QK:/rrc/crr: 0.000000000 0.036249317 0.963750683
QK:/rrc/r: 0.000000048 0.359156364 0.640843589
QQ:/cc/c: 0.999999988 0.000000012 0.000000000
QQ:/cc/crr: 0.000000000 0.999999987 0.000000013
QQ:/cc/r: 0.999999691 0.000000109 0.000000200
QQ:/crc/c: 0.999999976 0.000000024 0.000000000
QQ:/crc/crr: 0.000000000 0.999999981 0.000000019
QQ:/crc/r: 0.999999961 0.000000018 0.000000020
QQ:/crrc/c: 0.999999995 0.000000005 0.000000000
QQ:/crrc/crr: 0.000000000 0.999999994 0.000000006
QQ:/crrc/r: 0.999999966 0.000000028 0.000000006
QQ:/rc/c: 0.999999991 0.000000009 0.000000000
QQ:/rc/crr: 0.000000000 0.999999994 0.000000006
QQ:/rc/r: 0.999999976 0.000000008 0.000000016
QQ:/rrc/c: 0.999999950 0.000000050 0.000000000
QQ:/rrc/crr: 0.000000000 0.999999944 0.000000056
QQ:/rrc/r: 0.999999809 0.000000132 0.000000060
