J:/c: 0.378847221 0.621152779 0.000000000
J:/crr: 0.000000000 0.999999997 0.000000003
J:/r: 0.071111461 0.113426340 0.815462199
JJ:/cc/c: 0.999999997 0.000000003 0.000000000
JJ:/cc/crr: 0.000000000 0.999999997 0.000000003
JJ:/cc/r: 0.999999990 0.000000007 0.000000003
JJ:/crc/c: 0.999999991 0.000000009 0.000000000
JJ:/crc/crr: 0.000000000 0.999999993 0.000000007
JJ:/crc/r: 0.715328460 0.284671533 0.000000007
JJ:/crrc/c: 0.999999996 0.000000004 0.000000000
JJ:/crrc/crr: 0.000000000 0.999999997 0.000000003
JJ:/crrc/r: 0.999999952 0.000000045 0.000000003
JJ:/rc/c: 0.999999986 0.000000014 0.000000000
JJ:/rc/crr: 0.000000000 0.999999989 0.000000011
JJ:/rc/r: 0.999999981 0.000000009 0.000000010
JJ:/rrc/c: 0.999999968 0.000000032 0.000000000
JJ:/rrc/crr: 0.000000000 0.999999975 0.000000025
JJ:/rrc/r: 0.999999728 0.000000249 0.000000023
JK:/cc/c: 0.010774051 0.989225949 0.000000000
JK:/cc/crr: 0.000000000 0.000000322 0.999999678
JK:/cc/r: 0.000000853 0.000000004 0.999999143
JK:/crc/c: 0.644860195 0.355139805 0.000000000
JK:/crc/crr: 0.000000000 0.000000072 0.999999928
JK:/crc/r: 0.018108334 0.000000098 0.981891568
JK:/crrc/c: 0.478344012 0.521655988 0.000000000
JK:/crrc/crr: 0.000000000 0.000000237 0.999999763
JK:/crrc/r: 0.260440425 0.000000058 0.739559517
JK:/rc/c: 0.475364242 0.524635758 0.000000000
JK:/rc/crr: 0.000000000 0.000000017 0.999999983
JK:/rc/r: 0.432574407 0.000000008 0.567425585
JK:/rrc/c: 0.999999292 0.000000708 0.000000000
JK:/rrc/crr: 0.000000000 0.000000097 0.999999903
JK:/rrc/r: 0.361828272 0.000000119 0.638171609
JQ:/cc/c: 0.099219443 0.900780557 0.000000000
JQ:/cc/crr: 0.000000000 0.000000000 1.000000000
JQ:/cc/r: 0.046154143 0.000000000 0.953845857
JQ:/crc/c: 0.480531890 0.519468110 0.000000000
JQ:/crc/crr: 0.000000000 0.000002926 0.999997074
JQ:/crc/r: 0.162846740 0.000000024 0.837153236
JQ:/crrc/c: 0.050880702 0.949119298 0.000000000
JQ:/crrc/crr: 0.000000000 0.000000634 0.999999366
JQ:/crrc/r: 0.190795749 0.000000011 0.809204239
JQ:/rc/c: 0.999984872 0.000015128 0.000000000
JQ:/rc/crr: 0.000000000 0.000000000 1.000000000
JQ:/rc/r: 0.000000042 0.000000029 0.999999929
JQ:/rrc/c: 0.000014702 0.999985298 0.000000000
JQ:/rrc/crr: 0.000000000 0.015696587 0.984303413
JQ:/rrc/r: 0.497163239 0.000000110 0.502836651
K:/c: 0.999998591 0.000001409 0.000000000
K:/crr: 0.000000000 0.999999999 0.000000001
K:/r: 0.666751904 0.333248095 0.000000001
KJ:/cc/c: 0.018048719 0.981951281 0.000000000
KJ:/cc/crr: 0.000000000 0.961139685 0.038860315
KJ:/cc/r: 0.012762075 0.005327173 0.981910752
KJ:/crc/c: 0.185568231 0.814431769 0.000000000
KJ:/crc/crr: 0.000000000 0.999999987 0.000000013
KJ:/crc/r: 0.000000218 0.716346108 0.283653674
KJ:/crrc/c: 0.404394365 0.595605635 0.000000000
KJ:/crrc/crr: 0.000000000 0.621935336 0.378064664
KJ:/crrc/r: 0.069142751 0.741600710 0.189256539
KJ:/rc/c: 0.492824291 0.507175709 0.000000000
KJ:/rc/crr: 0.000000000 0.697622062 0.302377938
KJ:/rc/r: 0.034964815 0.701790368 0.263244816
KJ:/rrc/c: 0.569848752 0.430151248 0.000000000
KJ:/rrc/crr: 0.000000000 0.999965536 0.000034464
KJ:/rrc/r: 0.058925431 0.860511305 0.080563263
KK:/cc/c: 0.996111407 0.003888593 0.000000000
KK:/cc/crr: 0.000000000 0.996910722 0.003089278
KK:/cc/r: 0.998499085 0.001162773 0.000338141
KK:/crc/c: 0.999999886 0.000000114 0.000000000
KK:/crc/crr: 0.000000000 0.999999944 0.000000056
KK:/crc/r: 0.811594178 0.188405803 0.000000019
KK:/crrc/c: 0.999999996 0.000000004 0.000000000
KK:/crrc/crr: 0.000000000 0.999999997 0.000000003
KK:/crrc/r: 0.999996065 0.000003932 0.000000003
KK:/rc/c: 0.999999983 0.000000017 0.000000000
KK:/rc/crr: 0.000000000 0.999999987 0.000000013
KK:/rc/r: 0.999999977 0.000000011 0.000000012
KK:/rrc/c: 0.999999948 0.000000052 0.000000000
KK:/rrc/crr: 0.000000000 0.999999974 0.000000026
KK:/rrc/r: 0.973412809 0.026587173 0.000000018
KQ:/cc/c: 0.006746532 0.993253468 0.000000000
KQ:/cc/crr: 0.000000000 0.736143504 0.263856496
KQ:/cc/r: 0.034296481 0.960226582 0.005476937
KQ:/crc/c: 0.433975913 0.566024087 0.000000000
KQ:/crc/crr: 0.000000000 0.047614964 0.952385036
KQ:/crc/r: 0.000000027 0.398901261 0.601098712
KQ:/crrc/c: 0.700947138 0.299052862 0.000000000
KQ:/crrc/crr: 0.000000000 0.369802617 0.630197383
KQ:/crrc/r: 0.000008695 0.740795409 0.259195896
KQ:/rc/c: 0.000041688 0.999958312 0.000000000
KQ:/rc/crr: 0.000000000 0.007709351 0.992290649
KQ:/rc/r: 0.000000252 0.280529738 0.719470010
KQ:/rrc/c: 0.604158086 0.395841914 0.000000000
KQ:/rrc/crr: 0.000000000 0.430811001 0.569188999
KQ:/rrc/r: 0.113199702 0.496874059 0.389926239
Q:/c: 0.890532006 0.109467994 0.000000000
Q:/crr: 0.000000000 0.999999965 0.000000035
Q:/r: 0.459215995 0.540783831 0.000000174
QJ:/cc/c: 0.000000722 0.999999278 0.000000000
QJ:/cc/crr: 0.000000000 0.085339180 0.914660820
QJ:/cc/r: 0.000000180 0.000000125 0.999999695
QJ:/crc/c: 0.620148710 0.379851290 0.000000000
QJ:/crc/crr: 0.000000000 0.001364157 0.998635843
QJ:/crc/r: 0.000000089 0.000000008 0.999999903
QJ:/crrc/c: 0.000000141 0.999999859 0.000000000
QJ:/crrc/crr: 0.000000000 0.191000026 0.808999974
QJ:/crrc/r: 0.024109347 0.000000000 0.975890653
QJ:/rc/c: 0.000000811 0.999999189 0.000000000
QJ:/rc/crr: 0.000000000 0.002305359 0.997694641
QJ:/rc/r: 0.024401117 0.000000010 0.975598873
QJ:/rrc/c: 0.000000495 0.999999505 0.000000000
QJ:/rrc/crr: 0.000000000 0.083143158 0.916856842
QJ:/rrc/r: 0.000000082 0.000000015 0.999999903
QK:/cc/c: 0.207754219 0.792245781 0.000000000
QK:/cc/crr: 0.000000000 0.999999956 0.000000044
QK:/cc/r: 0.000000249 0.706833083 0.293166668
QK:/crc/c: 0.338066655 0.661933345 0.000000000
QK:/crc/crr: 0.000000000 0.000013967 0.999986033
QK:/crc/r: 0.000000359 0.422822225 0.577177417
QK:/crrc/c: 0.225458567 0.774541433 0.000000000
QK:/crrc/crr: 0.000000000 0.000004100 0.999995900
QK:/crrc/r: 0.000000564 0.260929290 0.739070145
QK:/rc/c: 0.458700901 0.541299099 0.000000000
QK:/rc/crr: 0.000000000 0.000008338 0.999991662
QK:/rc/r: 0.000000029 0.281145545 0.718854426
QK:/rrc/c: 0.515936894 0.484063106 0.000000000
QK:/rrc/crr: 0.000000000 0.060190208 0.939809792
QK:/rrc/r: 0.000000078 0.488306266 0.511693656
QQ:/cc/c: 0.999999990 0.000000010 0.000000000
QQ:/cc/crr: 0.000000000 0.999999992 0.000000008
QQ:/cc/r: 0.999999812 0.000000091 0.000000098
QQ:/crc/c: 0.999999980 0.000000020 0.000000000
QQ:/crc/crr: 0.000000000 0.999999989 0.000000011
QQ:/crc/r: 0.999999975 0.000000015 0.000000010
QQ:/crrc/c: 0.999999996 0.000000004 0.000000000
QQ:/crrc/crr: 0.000000000 0.999999997 0.000000003
QQ:/crrc/r: 0.999999974 0.000000023 0.000000003
QQ:/rc/c: 0.999999992 0.000000008 0.000000000
QQ:/rc/crr: 0.000000000 0.999999997 0.000000003
QQ:/rc/r: 0.999999985 0.000000007 0.000000008
QQ:/rrc/c: 0.999999958 0.000000042 0.000000000
QQ:/rrc/crr: 0.000000000 0.999999967 0.000000033
QQ:/rrc/r: 0.999999861 0.000000109 0.000000029
