J:/c: 0.349464357 0.650535643 0.000000000
J:/crr: 0.000000000 0.999999997 0.000000003
J:/r: 0.074928929 0.135693087 0.789377984
JJ:/cc/c: 0.999999996 0.000000004 0.000000000
JJ:/cc/crr: 0.000000000 0.999999997 0.000000003
JJ:/cc/r: 0.999999989 0.000000008 0.000000003
JJ:/crc/c: 0.999999990 0.000000010 0.000000000
JJ:/crc/crr: 0.000000000 0.999999995 0.000000005
JJ:/crc/r: 0.688787179 0.311212815 0.000000006
JJ:/crrc/c: 0.999999995 0.000000005 0.000000000
JJ:/crrc/crr: 0.000000000 0.999999997 0.000000003
JJ:/crrc/r: 0.999999947 0.000000051 0.000000003
JJ:/rc/c: 0.999999984 0.000000016 0.000000000
JJ:/rc/crr: 0.000000000 0.999999991 0.000000009
JJ:/rc/r: 0.999999981 0.000000010 0.000000009
JJ:/rrc/c: 0.999999964 0.000000036 0.000000000
JJ:/rrc/crr: 0.000000000 0.999999979 0.000000021
JJ:/rrc/r: 0.999999696 0.000000283 0.000000021
JK:/cc/c: 0.009501745 0.990498255 0.000000000
JK:/cc/crr: 0.000000000 0.000000398 0.999999602
JK:/cc/r: 0.000000929 0.000000004 0.999999067
JK:/crc/c: 0.615282345 0.384717655 0.000000000
JK:/crc/crr: 0.000000000 0.000000089 0.999999911
JK:/crc/r: 0.019679397 0.000000121 0.980320482
JK:/crrc/c: 0.446795032 0.553204968 0.000000000
JK:/crrc/crr: 0.000000000 0.000000293 0.999999707
JK:/crrc/r: 0.277102615 0.000000070 0.722897315
JK:/rc/c: 0.443844576 0.556155424 0.000000000
JK:/rc/crr: 0.000000000 0.000000021 0.999999979
JK:/rc/r: 0.453496302 0.000000010 0.546503688
JK:/rrc/c: 0.999999196 0.000000804 0.000000000
JK:/rrc/crr: 0.000000000 0.000000120 0.999999880
JK:/rrc/r: 0.381629766 0.000000142 0.618370092
JQ:/cc/c: 0.088436366 0.911563634 0.000000000
JQ:/cc/crr: 0.000000000 0.000000000 1.000000000
JQ:/cc/r: 0.050034446 0.000000000 0.949965554
JQ:/crc/c: 0.448962801 0.551037199 0.000000000
JQ:/crc/crr: 0.000000000 0.000003616 0.999996384
JQ:/crc/r: 0.174740433 0.000000030 0.825259537
JQ:/crrc/c: 0.045088078 0.954911922 0.000000000
JQ:/crrc/crr: 0.000000000 0.000000783 0.999999217
JQ:/crrc/r: 0.204232735 0.000000014 0.795767251
JQ:/rc/c: 0.999982824 0.000017176 0.000000000
JQ:/rc/crr: 0.000000000 0.000000000 1.000000000
JQ:/rc/r: 0.000000045 0.000000036 0.999999919
JQ:/rrc/c: 0.000012949 0.999987051 0.000000000
JQ:/rrc/crr: 0.000000000 0.019326940 0.980673060
JQ:/rrc/r: 0.518355274 0.000000130 0.481644596
K:/c: 0.999998400 0.000001600 0.000000000
K:/crr: 0.000000000 0.999999999 0.000000001
K:/r: 0.637973728 0.362026271 0.000000001
KJ:/cc/c: 0.015931183 0.984068817 0.000000000
KJ:/cc/crr: 0.000000000 0.968320642 0.031679358
KJ:/cc/r: 0.013858465 0.006567869 0.979573665
KJ:/crc/c: 0.167142131 0.832857869 0.000000000
KJ:/crc/crr: 0.000000000 0.999999989 0.000000011
KJ:/crc/r: 0.000000203 0.757341716 0.242658081
KJ:/crrc/c: 0.374223829 0.625776171 0.000000000
KJ:/crrc/crr: 0.000000000 0.670295675 0.329704325
KJ:/crrc/r: 0.063726267 0.776025233 0.160248500
KJ:/rc/c: 0.461164564 0.538835436 0.000000000
KJ:/rc/crr: 0.000000000 0.740342909 0.259657091
KJ:/rc/r: 0.032568075 0.742167851 0.225264074
KJ:/rrc/c: 0.538494581 0.461505419 0.000000000
KJ:/rrc/crr: 0.000000000 0.999972113 0.000027887
KJ:/rrc/r: 0.053089358 0.880227969 0.066682674
KK:/cc/c: 0.995587367 0.004412633 0.000000000
KK:/cc/crr: 0.000000000 0.997498788 0.002501212
KK:/cc/r: 0.998369396 0.001319996 0.000310608
KK:/crc/c: 0.999999871 0.000000129 0.000000000
KK:/crc/crr: 0.000000000 0.999999954 0.000000046
KK:/crc/r: 0.791411019 0.208588964 0.000000017
KK:/crrc/c: 0.999999995 0.000000005 0.000000000
KK:/crrc/crr: 0.000000000 0.999999997 0.000000003
KK:/crrc/r: 0.999995533 0.000004464 0.000000003
KK:/rc/c: 0.999999981 0.000000019 0.000000000
KK:/rc/crr: 0.000000000 0.999999989 0.000000011
KK:/rc/r: 0.999999976 0.000000013 0.000000011
KK:/rrc/c: 0.999999941 0.000000059 0.000000000
KK:/rrc/crr: 0.000000000 0.999999979 0.000000021
KK:/rrc/r: 0.969922196 0.030077788 0.000000016
KQ:/cc/c: 0.005946976 0.994053024 0.000000000
KQ:/cc/crr: 0.000000000 0.775175869 0.224824131
KQ:/cc/r: 0.030363452 0.965181929 0.004454619
KQ:/crc/c: 0.403092029 0.596907971 0.000000000
KQ:/crc/crr: 0.000000000 0.058191068 0.941808932
KQ:/crc/r: 0.000000027 0.450588421 0.549411552
KQ:/crrc/c: 0.673676690 0.326323310 0.000000000
KQ:/crrc/crr: 0.000000000 0.420356060 0.579643940
KQ:/crrc/r: 0.000008057 0.779345376 0.220646567
KQ:/rc/c: 0.000036718 0.999963282 0.000000000
KQ:/rc/crr: 0.000000000 0.009510241 0.990489759
KQ:/rc/r: 0.000000257 0.325176358 0.674823385
KQ:/rrc/c: 0.573432721 0.426567279 0.000000000
KQ:/rrc/crr: 0.000000000 0.483308385 0.516691615
KQ:/rrc/r: 0.109313158 0.544762700 0.345924142
Q:/c: 0.877529068 0.122470932 0.000000000
Q:/crr: 0.000000000 0.999999971 0.000000029
Q:/r: 0.427893786 0.572106066 0.000000149
QJ:/cc/c: 0.000000636 0.999999364 0.000000000
QJ:/cc/crr: 0.000000000 0.103384890 0.896615110
QJ:/cc/r: 0.000000196 0.000000155 0.999999650
QJ:/crc/c: 0.589821862 0.410178138 0.000000000
QJ:/crc/crr: 0.000000000 0.001685339 0.998314661
QJ:/crc/r: 0.000000096 0.000000010 0.999999894
QJ:/crrc/c: 0.000000124 0.999999876 0.000000000
QJ:/crrc/crr: 0.000000000 0.225871165 0.774128835
QJ:/crrc/r: 0.026187168 0.000000000 0.973812832
QJ:/rc/c: 0.000000715 0.999999285 0.000000000
QJ:/rc/crr: 0.000000000 0.002847509 0.997152491
QJ:/rc/r: 0.026503401 0.000000012 0.973496587
QJ:/rrc/c: 0.000000436 0.999999564 0.000000000
QJ:/rrc/crr: 0.000000000 0.100775663 0.899224337
QJ:/rrc/r: 0.000000089 0.000000019 0.999999892
QK:/cc/c: 0.187632679 0.812367321 0.000000000
QK:/cc/crr: 0.000000000 0.999999964 0.000000036
QK:/cc/r: 0.000000232 0.748721297 0.251278471
QK:/crc/c: 0.310266810 0.689733190 0.000000000
QK:/crc/crr: 0.000000000 0.000017260 0.999982740
QK:/crc/r: 0.000000355 0.475158774 0.524840871
QK:/crrc/c: 0.204063985 0.795936015 0.000000000
QK:/crrc/crr: 0.000000000 0.000005066 0.999994934
QK:/crrc/r: 0.000000579 0.303773551 0.696225870
QK:/rc/c: 0.427386044 0.572613956 0.000000000
QK:/rc/crr: 0.000000000 0.000010304 0.999989696
QK:/rc/r: 0.000000030 0.325845790 0.674154180
QK:/rrc/c: 0.484209934 0.515790066 0.000000000
QK:/rrc/crr: 0.000000000 0.073344384 0.926655616
QK:/rrc/r: 0.000000076 0.541148796 0.458851128
QQ:/cc/c: 0.999999989 0.000000011 0.000000000
QQ:/cc/crr: 0.000000000 0.999999994 0.000000006
QQ:/cc/r: 0.999999808 0.000000103 0.000000090
QQ:/crc/c: 0.999999977 0.000000023 0.000000000
QQ:/crc/crr: 0.000000000 0.999999991 0.000000009
QQ:/crc/r: 0.999999973 0.000000017 0.000000009
QQ:/crrc/c: 0.999999995 0.000000005 0.000000000
QQ:/crrc/crr: 0.000000000 0.999999997 0.000000003
QQ:/crrc/r: 0.999999971 0.000000026 0.000000003
QQ:/rc/c: 0.999999991 0.000000009 0.000000000
QQ:/rc/crr: 0.000000000 0.999999997 0.000000003
QQ:/rc/r: 0.999999985 0.000000008 0.000000007
QQ:/rrc/c: 0.999999953 0.000000047 0.000000000
QQ:/rrc/crr: 0.000000000 0.999999973 0.000000027
QQ:/rrc/r: 0.999999849 0.000000124 0.000000027
