J:/c: 0.265815904 0.734184096 0.000000000
J:/crr: 0.000000000 0.999999996 0.000000004
J:/r: 0.040603665 0.109101127 0.850295208
JJ:/cc/c: 0.999999994 0.000000006 0.000000000
JJ:/cc/crr: 0.000000000 0.999999996 0.000000004
JJ:/cc/r: 0.999999983 0.000000012 0.000000006
JJ:/crc/c: 0.999999985 0.000000015 0.000000000
JJ:/crc/crr: 0.000000000 0.999999993 0.000000007
JJ:/crc/r: 0.598662199 0.401337791 0.000000011
JJ:/crrc/c: 0.999999993 0.000000007 0.000000000
JJ:/crrc/crr: 0.000000000 0.999999996 0.000000004
JJ:/crrc/r: 0.999999919 0.000000075 0.000000006
JJ:/rc/c: 0.999999977 0.000000023 0.000000000
JJ:/rc/crr: 0.000000000 0.999999988 0.000000012
JJ:/rc/r: 0.999999967 0.000000015 0.000000018
JJ:/rrc/c: 0.999999946 0.000000054 0.000000000
JJ:/rrc/crr: 0.000000000 0.999999973 0.000000027
JJ:/rrc/r: 0.999999538 0.000000420 0.000000042
JK:/cc/c: 0.006423845 0.993576155 0.000000000
JK:/cc/crr: 0.000000000 0.000000297 0.999999703
JK:/cc/r: 0.000000467 0.000000003 0.999999530
JK:/crc/c: 0.518743773 0.481256227 0.000000000
JK:/crc/crr: 0.000000000 0.000000066 0.999999934
JK:/crc/r: 0.009997945 0.000000092 0.990001963
JK:/crrc/c: 0.352472205 0.647527795 0.000000000
JK:/crrc/crr: 0.000000000 0.000000218 0.999999782
JK:/crrc/r: 0.161663928 0.000000061 0.838336012
JK:/rc/c: 0.349750825 0.650249175 0.000000000
JK:/rc/crr: 0.000000000 0.000000016 0.999999984
JK:/rc/r: 0.294511175 0.000000009 0.705488816
JK:/rrc/c: 0.999998807 0.000001193 0.000000000
JK:/rrc/crr: 0.000000000 0.000000090 0.999999910
JK:/rrc/r: 0.236917098 0.000000131 0.763082771
JQ:/cc/c: 0.061373502 0.938626498 0.000000000
JQ:/cc/crr: 0.000000000 0.000000000 1.000000000
JQ:/cc/r: 0.025812773 0.000000000 0.974187227
JQ:/crc/c: 0.354475576 0.645524424 0.000000000
JQ:/crc/crr: 0.000000000 0.000002699 0.999997301
JQ:/crc/r: 0.096266306 0.000000024 0.903733669
JQ:/crrc/c: 0.030841632 0.969158368 0.000000000
JQ:/crrc/crr: 0.000000000 0.000000585 0.999999415
JQ:/crrc/r: 0.114349122 0.000000011 0.885650866
JQ:/rc/c: 0.999974516 0.000025484 0.000000000
JQ:/rc/crr: 0.000000000 0.000000000 1.000000000
JQ:/rc/r: 0.000000023 0.000000027 0.999999950
JQ:/rrc/c: 0.000008728 0.999991272 0.000000000
JQ:/rrc/crr: 0.000000000 0.014497180 0.985502820
JQ:/rrc/r: 0.351246207 0.000000131 0.648753662
K:/c: 0.999997977 0.000002023 0.000000000
K:/crr: 0.000000000 0.999999999 0.000000001
K:/r: 0.582182863 0.417817136 0.000000001
KJ:/cc/c: 0.012638893 0.987361107 0.000000000
KJ:/cc/crr: 0.000000000 0.964626727 0.035373273
KJ:/cc/r: 0.009823186 0.005887776 0.984289038
KJ:/crc/c: 0.136949843 0.863050157 0.000000000
KJ:/crc/crr: 0.000000000 0.999999988 0.000000012
KJ:/crc/r: 0.000000156 0.735760211 0.264239633
KJ:/crrc/c: 0.321043975 0.678956025 0.000000000
KJ:/crrc/crr: 0.000000000 0.644605336 0.355394664
KJ:/crrc/r: 0.050086060 0.771371823 0.178542117
KJ:/rc/c: 0.403598181 0.596401819 0.000000000
KJ:/rc/crr: 0.000000000 0.717812831 0.282187169
KJ:/rc/r: 0.025236348 0.727320940 0.247442712
KJ:/rrc/c: 0.479871895 0.520128105 0.000000000
KJ:/rrc/crr: 0.000000000 0.999968742 0.000031258
KJ:/rrc/r: 0.042106105 0.882921925 0.074971970
KK:/cc/c: 0.994425828 0.005574172 0.000000000
KK:/cc/crr: 0.000000000 0.997197291 0.002802709
KK:/cc/r: 0.997891291 0.001668607 0.000440102
KK:/crc/c: 0.999999837 0.000000163 0.000000000
KK:/crc/crr: 0.000000000 0.999999949 0.000000051
KK:/crc/r: 0.749999971 0.250000006 0.000000023
KK:/crrc/c: 0.999999994 0.000000006 0.000000000
KK:/crrc/crr: 0.000000000 0.999999997 0.000000003
KK:/crrc/r: 0.999994350 0.000005646 0.000000004
KK:/rc/c: 0.999999976 0.000000024 0.000000000
KK:/rc/crr: 0.000000000 0.999999988 0.000000012
KK:/rc/r: 0.999999968 0.000000016 0.000000016
KK:/rrc/c: 0.999999925 0.000000075 0.000000000
KK:/rrc/crr: 0.000000000 0.999999976 0.000000024
KK:/rrc/r: 0.962260892 0.037739085 0.000000023
KQ:/cc/c: 0.004708120 0.995291880 0.000000000
KQ:/cc/crr: 0.000000000 0.754666638 0.245333362
KQ:/cc/r: 0.024148776 0.970828921 0.005022303
KQ:/crc/c: 0.348091771 0.651908229 0.000000000
KQ:/crc/crr: 0.000000000 0.052243415 0.947756585
KQ:/crc/r: 0.000000020 0.422527372 0.577472608
KQ:/crrc/c: 0.620111633 0.379888367 0.000000000
KQ:/crrc/crr: 0.000000000 0.392831588 0.607168412
KQ:/crrc/r: 0.000006205 0.759100266 0.240893529
KQ:/rc/c: 0.000029033 0.999970967 0.000000000
KQ:/rc/crr: 0.000000000 0.008493338 0.991506662
KQ:/rc/r: 0.000000188 0.300651604 0.699348208
KQ:/rrc/c: 0.515252997 0.484747003 0.000000000
KQ:/rrc/crr: 0.000000000 0.454896792 0.545103208
KQ:/rrc/r: 0.084827410 0.534639038 0.380533552
Q:/c: 0.803604126 0.196395874 0.000000000
Q:/crr: 0.000000000 0.999999970 0.000000030
Q:/r: 0.299283591 0.700716219 0.000000190
QJ:/cc/c: 0.000000363 0.999999637 0.000000000
QJ:/cc/crr: 0.000000000 0.099543450 0.900456550
QJ:/cc/r: 0.000000107 0.000000148 0.999999745
QJ:/crc/c: 0.450900498 0.549099502 0.000000000
QJ:/crc/crr: 0.000000000 0.001615907 0.998384093
QJ:/crc/r: 0.000000053 0.000000010 0.999999938
QJ:/crrc/c: 0.000000071 0.999999929 0.000000000
QJ:/crrc/crr: 0.000000000 0.218588087 0.781411913
QJ:/crrc/r: 0.014509278 0.000000000 0.985490722
QJ:/rc/c: 0.000000408 0.999999592 0.000000000
QJ:/rc/crr: 0.000000000 0.002730329 0.997269671
QJ:/rc/r: 0.014686617 0.000000012 0.985313371
QJ:/rrc/c: 0.000000249 0.999999751 0.000000000
QJ:/rrc/crr: 0.000000000 0.097020683 0.902979317
QJ:/rrc/r: 0.000000049 0.000000018 0.999999933
QK:/cc/c: 0.116527962 0.883472038 0.000000000
QK:/cc/crr: 0.000000000 0.999999963 0.000000037
QK:/cc/r: 0.000000131 0.740710513 0.259289356
QK:/crc/c: 0.204381049 0.795618951 0.000000000
QK:/crc/crr: 0.000000000 0.000016548 0.999983452
QK:/crc/r: 0.000000198 0.464662443 0.535337359
QK:/crrc/c: 0.127711412 0.872288588 0.000000000
QK:/crrc/crr: 0.000000000 0.000004857 0.999995143
QK:/crrc/r: 0.000000321 0.294935652 0.705064027
QK:/rc/c: 0.298848743 0.701151257 0.000000000
QK:/rc/crr: 0.000000000 0.000009879 0.999990121
QK:/rc/r: 0.000000017 0.316657719 0.683342264
QK:/rrc/c: 0.348998740 0.651001260 0.000000000
QK:/rrc/crr: 0.000000000 0.070531345 0.929468655
QK:/rrc/r: 0.000000043 0.530668593 0.469331365
QQ:/cc/c: 0.999999981 0.000000019 0.000000000
QQ:/cc/crr: 0.000000000 0.999999993 0.000000007
QQ:/cc/r: 0.999999656 0.000000180 0.000000164
QQ:/crc/c: 0.999999960 0.000000040 0.000000000
QQ:/crc/crr: 0.000000000 0.999999991 0.000000009
QQ:/crc/r: 0.999999953 0.000000030 0.000000017
QQ:/crrc/c: 0.999999992 0.000000008 0.000000000
QQ:/crrc/crr: 0.000000000 0.999999997 0.000000003
QQ:/crrc/r: 0.999999949 0.000000046 0.000000005
QQ:/rc/c: 0.999999985 0.000000015 0.000000000
QQ:/rc/crr: 0.000000000 0.999999997 0.000000003
QQ:/rc/r: 0.999999973 0.000000014 0.000000013
QQ:/rrc/c: 0.999999917 0.000000083 0.000000000
QQ:/rrc/crr: 0.000000000 0.999999972 0.000000028
QQ:/rrc/r: 0.999999734 0.000000217 0.000000049
