J:/c: 0.313074977 0.686925023 0.000000000
J:/crr: 0.000000000 0.999999997 0.000000003
J:/r: 0.060441650 0.129014131 0.810544219
JJ:/cc/c: 0.999999995 0.000000005 0.000000000
JJ:/cc/crr: 0.000000000 0.999999997 0.000000003
JJ:/cc/r: 0.999999987 0.000000009 0.000000004
JJ:/crc/c: 0.999999988 0.000000012 0.000000000
JJ:/crc/crr: 0.000000000 0.999999994 0.000000006
JJ:/crc/r: 0.652504749 0.347495244 0.000000007
JJ:/crrc/c: 0.999999994 0.000000006 0.000000000
JJ:/crrc/crr: 0.000000000 0.999999997 0.000000003
JJ:/crrc/r: 0.999999937 0.000000060 0.000000004
JJ:/rc/c: 0.999999981 0.000000019 0.000000000
JJ:/rc/crr: 0.000000000 0.999999990 0.000000010
JJ:/rc/r: 0.999999976 0.000000012 0.000000012
JJ:/rrc/c: 0.999999957 0.000000043 0.000000000
JJ:/rrc/crr: 0.000000000 0.999999978 0.000000022
JJ:/rrc/r: 0.999999639 0.000000334 0.000000027
JK:/cc/c: 0.008073030 0.991926970 0.000000000
JK:/cc/crr: 0.000000000 0.000000368 0.999999632
JK:/cc/r: 0.000000729 0.000000004 0.999999266
JK:/crc/c: 0.575709206 0.424290794 0.000000000
JK:/crc/crr: 0.000000000 0.000000082 0.999999918
JK:/crc/r: 0.015525416 0.000000113 0.984474471
JK:/crrc/c: 0.406605367 0.593394633 0.000000000
JK:/crrc/crr: 0.000000000 0.000000271 0.999999729
JK:/crrc/r: 0.231439351 0.000000069 0.768560580
JK:/rc/c: 0.403726622 0.596273378 0.000000000
JK:/rc/crr: 0.000000000 0.000000020 0.999999980
JK:/rc/r: 0.394633591 0.000000010 0.605366399
JK:/rrc/c: 0.999999052 0.000000948 0.000000000
JK:/rrc/crr: 0.000000000 0.000000111 0.999999889
JK:/rrc/r: 0.326521860 0.000000143 0.673477996
JQ:/cc/c: 0.076050062 0.923949938 0.000000000
JQ:/cc/crr: 0.000000000 0.000000000 1.000000000
JQ:/cc/r: 0.039732734 0.000000000 0.960267266
JQ:/crc/c: 0.408722209 0.591277791 0.000000000
JQ:/crc/crr: 0.000000000 0.000003348 0.999996652
JQ:/crc/r: 0.142617422 0.000000029 0.857382550
JQ:/crrc/c: 0.038516556 0.961483444 0.000000000
JQ:/crrc/crr: 0.000000000 0.000000725 0.999999275
JQ:/crrc/r: 0.167790394 0.000000013 0.832209592
JQ:/rc/c: 0.999979756 0.000020244 0.000000000
JQ:/rc/crr: 0.000000000 0.000000000 1.000000000
JQ:/rc/r: 0.000000036 0.000000033 0.999999931
JQ:/rrc/c: 0.000010986 0.999989014 0.000000000
JQ:/rrc/crr: 0.000000000 0.017921442 0.982078558
JQ:/rrc/r: 0.458131247 0.000000136 0.541868617
K:/c: 0.999998115 0.000001885 0.000000000
K:/crr: 0.000000000 0.999999999 0.000000001
K:/r: 0.599214292 0.400785708 0.000000001
KJ:/cc/c: 0.013548940 0.986451060 0.000000000
KJ:/cc/crr: 0.000000000 0.965873665 0.034126335
KJ:/cc/r: 0.010924826 0.006102625 0.982972550
KJ:/crc/c: 0.145491797 0.854508203 0.000000000
KJ:/crc/crr: 0.000000000 0.999999988 0.000000012
KJ:/crc/r: 0.000000169 0.742924808 0.257075023
KJ:/crrc/c: 0.336590231 0.663409769 0.000000000
KJ:/crrc/crr: 0.000000000 0.653076131 0.346923869
KJ:/crrc/r: 0.053896132 0.773584444 0.172519425
KJ:/rc/c: 0.420665222 0.579334778 0.000000000
KJ:/rc/crr: 0.000000000 0.725282370 0.274717630
KJ:/rc/r: 0.027274485 0.732587280 0.240138235
KJ:/rrc/c: 0.497473948 0.502526052 0.000000000
KJ:/rrc/crr: 0.000000000 0.999969883 0.000030117
KJ:/rrc/r: 0.045164312 0.882624273 0.072211414
KK:/cc/c: 0.994803053 0.005196947 0.000000000
KK:/cc/crr: 0.000000000 0.997299303 0.002700697
KK:/cc/r: 0.998049401 0.001555343 0.000395256
KK:/crc/c: 0.999999848 0.000000152 0.000000000
KK:/crc/crr: 0.000000000 0.999999951 0.000000049
KK:/crc/r: 0.762975751 0.237024228 0.000000021
KK:/crrc/c: 0.999999994 0.000000006 0.000000000
KK:/crrc/crr: 0.000000000 0.999999997 0.000000003
KK:/crrc/r: 0.999994734 0.000005262 0.000000004
KK:/rc/c: 0.999999978 0.000000022 0.000000000
KK:/rc/crr: 0.000000000 0.999999988 0.000000012
KK:/rc/r: 0.999999971 0.000000015 0.000000014
KK:/rrc/c: 0.999999930 0.000000070 0.000000000
KK:/rrc/crr: 0.000000000 0.999999977 0.000000023
KK:/rrc/r: 0.964737650 0.035262329 0.000000021
KQ:/cc/c: 0.005050043 0.994949957 0.000000000
KQ:/cc/crr: 0.000000000 0.761484800 0.238515200
KQ:/cc/r: 0.025870601 0.969298023 0.004831377
KQ:/crc/c: 0.364245131 0.635754869 0.000000000
KQ:/crc/crr: 0.000000000 0.054115243 0.945884757
KQ:/crc/r: 0.000000022 0.431624128 0.568375850
KQ:/crrc/c: 0.636562147 0.363437853 0.000000000
KQ:/crrc/crr: 0.000000000 0.401733780 0.598266220
KQ:/crrc/r: 0.000006717 0.765832919 0.234160364
KQ:/rc/c: 0.000031152 0.999968848 0.000000000
KQ:/rc/crr: 0.000000000 0.008812220 0.991187780
KQ:/rc/r: 0.000000207 0.308526320 0.691473473
KQ:/rrc/c: 0.532823373 0.467176627 0.000000000
KQ:/rrc/crr: 0.000000000 0.464130330 0.535869670
KQ:/rrc/r: 0.091725136 0.538785697 0.369489167
Q:/c: 0.858738108 0.141261892 0.000000000
Q:/crr: 0.000000000 0.999999969 0.000000031
Q:/r: 0.388211198 0.611788631 0.000000172
QJ:/cc/c: 0.000000540 0.999999460 0.000000000
QJ:/cc/crr: 0.000000000 0.096467826 0.903532174
QJ:/cc/r: 0.000000154 0.000000143 0.999999703
QJ:/crc/c: 0.549547130 0.450452870 0.000000000
QJ:/crc/crr: 0.000000000 0.001560735 0.998439265
QJ:/crc/r: 0.000000076 0.000000009 0.999999915
QJ:/crrc/c: 0.000000105 0.999999895 0.000000000
QJ:/crrc/crr: 0.000000000 0.212703148 0.787296852
QJ:/crrc/r: 0.020688499 0.000000000 0.979311501
QJ:/rc/c: 0.000000606 0.999999394 0.000000000
QJ:/rc/crr: 0.000000000 0.002637209 0.997362791
QJ:/rc/r: 0.020939758 0.000000011 0.979060230
QJ:/rrc/c: 0.000000370 0.999999630 0.000000000
QJ:/rrc/crr: 0.000000000 0.094014868 0.905985132
QJ:/rrc/r: 0.000000070 0.000000018 0.999999912
QK:/cc/c: 0.163850319 0.836149681 0.000000000
QK:/cc/crr: 0.000000000 0.999999961 0.000000039
QK:/cc/r: 0.000000193 0.733972137 0.266027670
QK:/crc/c: 0.276225930 0.723774070 0.000000000
QK:/crc/crr: 0.000000000 0.000015982 0.999984018
QK:/crc/r: 0.000000289 0.456018728 0.543980983
QK:/crrc/c: 0.178656986 0.821343014 0.000000000
QK:/crrc/crr: 0.000000000 0.000004691 0.999995309
QK:/crrc/r: 0.000000465 0.287752124 0.712247411
QK:/rc/c: 0.387718637 0.612281363 0.000000000
QK:/rc/crr: 0.000000000 0.000009541 0.999990459
QK:/rc/r: 0.000000024 0.309177164 0.690822812
QK:/rrc/c: 0.443351961 0.556648039 0.000000000
QK:/rrc/crr: 0.000000000 0.068284141 0.931715859
QK:/rrc/r: 0.000000062 0.521994304 0.478005634
QQ:/cc/c: 0.999999987 0.000000013 0.000000000
QQ:/cc/crr: 0.000000000 0.999999993 0.000000007
QQ:/cc/r: 0.999999765 0.000000121 0.000000114
QQ:/crc/c: 0.999999973 0.000000027 0.000000000
QQ:/crc/crr: 0.000000000 0.999999990 0.000000010
QQ:/crc/r: 0.999999968 0.000000021 0.000000012
QQ:/crrc/c: 0.999999994 0.000000006 0.000000000
QQ:/crrc/crr: 0.000000000 0.999999997 0.000000003
QQ:/crrc/r: 0.999999966 0.000000031 0.000000004
QQ:/rc/c: 0.999999990 0.000000010 0.000000000
QQ:/rc/crr: 0.000000000 0.999999997 0.000000003
QQ:/rc/r: 0.999999982 0.000000009 0.000000009
QQ:/rrc/c: 0.999999944 0.000000056 0.000000000
QQ:/rrc/crr: 0.000000000 0.999999971 0.000000029
QQ:/rrc/r: 0.999999820 0.000000146 0.000000034
