J:/c: 0.348123407 0.651876593 0.000000000
J:/crr: 0.000000000 0.999999996 0.000000004
J:/r: 0.058093008 0.105826886 0.836080107
JJ:/cc/c: 0.999999996 0.000000004 0.000000000
JJ:/cc/crr: 0.000000000 0.999999996 0.000000004
JJ:/cc/r: 0.999999988 0.000000008 0.000000004
JJ:/crc/c: 0.999999990 0.000000010 0.000000000
JJ:/crc/crr: 0.000000000 0.999999993 0.000000007
JJ:/crc/r: 0.687520251 0.312479740 0.000000008
JJ:/crrc/c: 0.999999995 0.000000005 0.000000000
JJ:/crrc/crr: 0.000000000 0.999999996 0.000000004
JJ:/crrc/r: 0.999999945 0.000000051 0.000000004
JJ:/rc/c: 0.999999984 0.000000016 0.000000000
JJ:/rc/crr: 0.000000000 0.999999988 0.000000012
JJ:/rc/r: 0.999999977 0.000000010 0.000000013
JJ:/rrc/c: 0.999999963 0.000000037 0.000000000
JJ:/rrc/crr: 0.000000000 0.999999972 0.000000028
JJ:/rrc/r: 0.999999686 0.000000285 0.000000029
JK:/cc/c: 0.009446343 0.990553657 0.000000000
JK:/cc/crr: 0.000000000 0.000000293 0.999999707
JK:/cc/r: 0.000000680 0.000000003 0.999999317
JK:/crc/c: 0.613883928 0.386116072 0.000000000
JK:/crc/crr: 0.000000000 0.000000065 0.999999935
JK:/crc/r: 0.014481709 0.000000090 0.985518201
JK:/crrc/c: 0.445336276 0.554663724 0.000000000
JK:/crrc/crr: 0.000000000 0.000000215 0.999999785
JK:/crrc/r: 0.219111223 0.000000056 0.780888722
JK:/rc/c: 0.442387751 0.557612249 0.000000000
JK:/rc/crr: 0.000000000 0.000000016 0.999999984
JK:/rc/r: 0.377886692 0.000000008 0.622113300
JK:/rrc/c: 0.999999191 0.000000809 0.000000000
JK:/rrc/crr: 0.000000000 0.000000088 0.999999912
JK:/rrc/r: 0.311179616 0.000000117 0.688820267
JQ:/cc/c: 0.087961591 0.912038409 0.000000000
JQ:/cc/crr: 0.000000000 0.000000000 1.000000000
JQ:/cc/r: 0.037123036 0.000000000 0.962876964
JQ:/crc/c: 0.447502693 0.552497307 0.000000000
JQ:/crc/crr: 0.000000000 0.000002663 0.999997337
JQ:/crc/r: 0.134194480 0.000000023 0.865805497
JQ:/crrc/c: 0.044834574 0.955165426 0.000000000
JQ:/crrc/crr: 0.000000000 0.000000577 0.999999423
JQ:/crrc/r: 0.158154986 0.000000011 0.841845003
JQ:/rc/c: 0.999982723 0.000017277 0.000000000
JQ:/rc/crr: 0.000000000 0.000000000 1.000000000
JQ:/rc/r: 0.000000033 0.000000026 0.999999940
JQ:/rrc/c: 0.000012873 0.999987127 0.000000000
JQ:/rrc/crr: 0.000000000 0.014303992 0.985696008
JQ:/rrc/r: 0.440651175 0.000000111 0.559348714
K:/c: 0.999998391 0.000001609 0.000000000
K:/crr: 0.000000000 0.999999999 0.000000001
K:/r: 0.636609078 0.363390920 0.000000001
KJ:/cc/c: 0.015838892 0.984161108 0.000000000
KJ:/cc/crr: 0.000000000 0.957459539 0.042540461
KJ:/cc/r: 0.010199952 0.004862633 0.984937415
KJ:/crc/c: 0.166321914 0.833678086 0.000000000
KJ:/crc/crr: 0.000000000 0.999999985 0.000000015
KJ:/crc/r: 0.000000186 0.696796751 0.303203064
KJ:/crrc/c: 0.372842324 0.627157676 0.000000000
KJ:/crrc/crr: 0.000000000 0.599516871 0.400483129
KJ:/crrc/r: 0.059934510 0.734172770 0.205892720
KJ:/rc/c: 0.459697879 0.540302121 0.000000000
KJ:/rc/crr: 0.000000000 0.677363426 0.322636574
KJ:/rc/r: 0.029965070 0.686893329 0.283141601
KJ:/rrc/c: 0.537027070 0.462972930 0.000000000
KJ:/rrc/crr: 0.000000000 0.999962127 0.000037873
KJ:/rrc/r: 0.051561799 0.859962882 0.088475319
KK:/cc/c: 0.995561355 0.004438645 0.000000000
KK:/cc/crr: 0.000000000 0.996606199 0.003393801
KK:/cc/r: 0.998248073 0.001327650 0.000424276
KK:/crc/c: 0.999999870 0.000000130 0.000000000
KK:/crc/crr: 0.000000000 0.999999938 0.000000062
KK:/crc/r: 0.790434754 0.209565223 0.000000023
KK:/crrc/c: 0.999999995 0.000000005 0.000000000
KK:/crrc/crr: 0.000000000 0.999999996 0.000000004
KK:/crrc/r: 0.999995505 0.000004491 0.000000004
KK:/rc/c: 0.999999981 0.000000019 0.000000000
KK:/rc/crr: 0.000000000 0.999999985 0.000000015
KK:/rc/r: 0.999999972 0.000000013 0.000000015
KK:/rrc/c: 0.999999940 0.000000060 0.000000000
KK:/rrc/crr: 0.000000000 0.999999971 0.000000029
KK:/rrc/r: 0.969749482 0.030250496 0.000000022
KQ:/cc/c: 0.005912177 0.994087823 0.000000000
KQ:/cc/crr: 0.000000000 0.717420314 0.282579686
KQ:/cc/r: 0.030142030 0.963816808 0.006041162
KQ:/crc/c: 0.401672358 0.598327642 0.000000000
KQ:/crc/crr: 0.000000000 0.043515778 0.956484222
KQ:/crc/r: 0.000000022 0.376515737 0.623484241
KQ:/crrc/c: 0.672377509 0.327622491 0.000000000
KQ:/crrc/crr: 0.000000000 0.348104380 0.651895620
KQ:/crrc/r: 0.000007423 0.722279150 0.277713427
KQ:/rc/c: 0.000036502 0.999963498 0.000000000
KQ:/rc/crr: 0.000000000 0.007020327 0.992979673
KQ:/rc/r: 0.000000206 0.261892805 0.738106989
KQ:/rrc/c: 0.571988004 0.428011996 0.000000000
KQ:/rrc/crr: 0.000000000 0.407849774 0.592150226
KQ:/rrc/r: 0.096748006 0.484999061 0.418252933
Q:/c: 0.876893169 0.123106831 0.000000000
Q:/crr: 0.000000000 0.999999961 0.000000039
Q:/r: 0.426449148 0.573550650 0.000000202
QJ:/cc/c: 0.000000632 0.999999368 0.000000000
QJ:/cc/crr: 0.000000000 0.078259172 0.921740828
QJ:/cc/r: 0.000000143 0.000000114 0.999999743
QJ:/crc/c: 0.588392810 0.411607190 0.000000000
QJ:/crc/crr: 0.000000000 0.001241526 0.998758474
QJ:/crc/r: 0.000000071 0.000000007 0.999999922
QJ:/crrc/c: 0.000000123 0.999999877 0.000000000
QJ:/crrc/crr: 0.000000000 0.176848953 0.823151047
QJ:/crrc/r: 0.019304506 0.000000000 0.980695494
QJ:/rc/c: 0.000000710 0.999999290 0.000000000
QJ:/rc/crr: 0.000000000 0.002098296 0.997901704
QJ:/rc/r: 0.019539292 0.000000009 0.980460699
QJ:/rrc/c: 0.000000434 0.999999566 0.000000000
QJ:/rrc/crr: 0.000000000 0.076230155 0.923769845
QJ:/rrc/r: 0.000000065 0.000000014 0.999999921
QK:/cc/c: 0.186734454 0.813265546 0.000000000
QK:/cc/crr: 0.000000000 0.999999952 0.000000048
QK:/cc/r: 0.000000212 0.686914646 0.313085143
QK:/crc/c: 0.309004824 0.690995176 0.000000000
QK:/crc/crr: 0.000000000 0.000012709 0.999987291
QK:/crc/r: 0.000000297 0.399987600 0.600012103
QK:/crrc/c: 0.203106767 0.796893233 0.000000000
QK:/crrc/crr: 0.000000000 0.000003731 0.999996269
QK:/crrc/r: 0.000000460 0.243154445 0.756845094
QK:/rc/c: 0.425941866 0.574058134 0.000000000
QK:/rc/crr: 0.000000000 0.000007587 0.999992413
QK:/rc/r: 0.000000024 0.262482614 0.737517362
QK:/rrc/c: 0.482735617 0.517264383 0.000000000
QK:/rrc/crr: 0.000000000 0.055071016 0.944928984
QK:/rrc/r: 0.000000065 0.464782952 0.535216983
QQ:/cc/c: 0.999999989 0.000000011 0.000000000
QQ:/cc/crr: 0.000000000 0.999999992 0.000000008
QQ:/cc/r: 0.999999774 0.000000103 0.000000122
QQ:/crc/c: 0.999999977 0.000000023 0.000000000
QQ:/crc/crr: 0.000000000 0.999999988 0.000000012
QQ:/crc/r: 0.999999970 0.000000017 0.000000013
QQ:/crrc/c: 0.999999995 0.000000005 0.000000000
QQ:/crrc/crr: 0.000000000 0.999999996 0.000000004
QQ:/crrc/r: 0.999999970 0.000000026 0.000000004
QQ:/rc/c: 0.999999991 0.000000009 0.000000000
QQ:/rc/crr: 0.000000000 0.999999996 0.000000004
QQ:/rc/r: 0.999999982 0.000000008 0.000000010
QQ:/rrc/c: 0.999999952 0.000000048 0.000000000
QQ:/rrc/crr: 0.000000000 0.999999964 0.000000036
QQ:/rrc/r: 0.999999839 0.000000125 0.000000037
