J:/c: 0.313808236 0.686191764 0.000000000
J:/crr: 0.000000000 0.999999997 0.000000003
J:/r: 0.052687555 0.112080278 0.835232167
JJ:/cc/c: 0.999999995 0.000000005 0.000000000
JJ:/cc/crr: 0.000000000 0.999999997 0.000000003
JJ:/cc/r: 0.999999986 0.000000009 0.000000004
JJ:/crc/c: 0.999999988 0.000000012 0.000000000
JJ:/crc/crr: 0.000000000 0.999999993 0.000000007
JJ:/crc/r: 0.653276948 0.346723044 0.000000009
JJ:/crrc/c: 0.999999994 0.000000006 0.000000000
JJ:/crrc/crr: 0.000000000 0.999999997 0.000000003
JJ:/crrc/r: 0.999999936 0.000000059 0.000000004
JJ:/rc/c: 0.999999981 0.000000019 0.000000000
JJ:/rc/crr: 0.000000000 0.999999989 0.000000011
JJ:/rc/r: 0.999999974 0.000000012 0.000000014
JJ:/rrc/c: 0.999999957 0.000000043 0.000000000
JJ:/rrc/crr: 0.000000000 0.999999974 0.000000026
JJ:/rrc/r: 0.999999636 0.000000333 0.000000032
JK:/cc/c: 0.008100362 0.991899638 0.000000000
JK:/cc/crr: 0.000000000 0.000000311 0.999999689
JK:/cc/r: 0.000000617 0.000000004 0.999999379
JK:/crc/c: 0.576541310 0.423458690 0.000000000
JK:/crc/crr: 0.000000000 0.000000069 0.999999931
JK:/crc/r: 0.013165109 0.000000095 0.986834795
JK:/crrc/c: 0.407427756 0.592572244 0.000000000
JK:/crrc/crr: 0.000000000 0.000000228 0.999999772
JK:/crrc/r: 0.203023315 0.000000060 0.796976625
JK:/rc/c: 0.404547159 0.595452841 0.000000000
JK:/rc/crr: 0.000000000 0.000000017 0.999999983
JK:/rc/r: 0.355447393 0.000000009 0.644552598
JK:/rrc/c: 0.999999055 0.000000945 0.000000000
JK:/rrc/crr: 0.000000000 0.000000094 0.999999906
JK:/rrc/r: 0.290849546 0.000000127 0.709150327
JQ:/cc/c: 0.076289834 0.923710166 0.000000000
JQ:/cc/crr: 0.000000000 0.000000000 1.000000000
JQ:/cc/r: 0.033818645 0.000000000 0.966181355
JQ:/crc/c: 0.409545925 0.590454075 0.000000000
JQ:/crc/crr: 0.000000000 0.000002823 0.999997177
JQ:/crc/r: 0.123356535 0.000000025 0.876643441
JQ:/crrc/c: 0.038642941 0.961357059 0.000000000
JQ:/crrc/crr: 0.000000000 0.000000612 0.999999388
JQ:/crrc/r: 0.145707583 0.000000011 0.854292405
JQ:/rc/c: 0.999979825 0.000020175 0.000000000
JQ:/rc/crr: 0.000000000 0.000000000 1.000000000
JQ:/rc/r: 0.000000030 0.000000028 0.999999942
JQ:/rrc/c: 0.000011024 0.999988976 0.000000000
JQ:/rrc/crr: 0.000000000 0.015151566 0.984848434
JQ:/rrc/r: 0.416982958 0.000000123 0.583016919
K:/c: 0.999998121 0.000001879 0.000000000
K:/crr: 0.000000000 0.999999999 0.000000001
K:/r: 0.600032324 0.399967675 0.000000001
KJ:/cc/c: 0.013594557 0.986405443 0.000000000
KJ:/cc/crr: 0.000000000 0.959776664 0.040223336
KJ:/cc/r: 0.009266252 0.005158536 0.985575212
KJ:/crc/c: 0.145915930 0.854084070 0.000000000
KJ:/crc/crr: 0.000000000 0.999999986 0.000000014
KJ:/crc/r: 0.000000162 0.708996630 0.291003208
KJ:/crrc/c: 0.337351517 0.662648483 0.000000000
KJ:/crrc/crr: 0.000000000 0.613459584 0.386540416
KJ:/crrc/r: 0.052388063 0.749380964 0.198230973
KJ:/rc/c: 0.421495850 0.578504150 0.000000000
KJ:/rc/crr: 0.000000000 0.689997346 0.310002654
KJ:/rc/r: 0.026194230 0.701178582 0.272627188
KJ:/rrc/c: 0.498325783 0.501674217 0.000000000
KJ:/rrc/crr: 0.000000000 0.999964277 0.000035723
KJ:/rrc/r: 0.044710578 0.870784987 0.084504435
KK:/cc/c: 0.994820639 0.005179361 0.000000000
KK:/cc/crr: 0.000000000 0.996798186 0.003201814
KK:/cc/r: 0.997982845 0.001549949 0.000467206
KK:/crc/c: 0.999999849 0.000000151 0.000000000
KK:/crc/crr: 0.000000000 0.999999942 0.000000058
KK:/crc/r: 0.763591403 0.236408572 0.000000025
KK:/crrc/c: 0.999999994 0.000000006 0.000000000
KK:/crrc/crr: 0.000000000 0.999999997 0.000000003
KK:/crrc/r: 0.999994752 0.000005244 0.000000004
KK:/rc/c: 0.999999978 0.000000022 0.000000000
KK:/rc/crr: 0.000000000 0.999999986 0.000000014
KK:/rc/r: 0.999999968 0.000000015 0.000000017
KK:/rrc/c: 0.999999930 0.000000070 0.000000000
KK:/rrc/crr: 0.000000000 0.999999973 0.000000027
KK:/rrc/r: 0.964853379 0.035146596 0.000000024
KQ:/cc/c: 0.005067192 0.994932808 0.000000000
KQ:/cc/crr: 0.000000000 0.729112962 0.270887038
KQ:/cc/r: 0.025933290 0.968341641 0.005725069
KQ:/crc/c: 0.365034550 0.634965450 0.000000000
KQ:/crc/crr: 0.000000000 0.046013476 0.953986524
KQ:/crc/r: 0.000000020 0.390326928 0.609673052
KQ:/crrc/c: 0.637350084 0.362649916 0.000000000
KQ:/crrc/crr: 0.000000000 0.361477618 0.638522382
KQ:/crrc/r: 0.000006458 0.733845816 0.266147726
KQ:/rc/c: 0.000031258 0.999968742 0.000000000
KQ:/rc/crr: 0.000000000 0.007439569 0.992560431
KQ:/rc/r: 0.000000184 0.273342774 0.726657042
KQ:/rrc/c: 0.533671457 0.466328543 0.000000000
KQ:/rrc/crr: 0.000000000 0.422032338 0.577967662
KQ:/rrc/r: 0.086090042 0.503965488 0.409944470
Q:/c: 0.859150945 0.140849055 0.000000000
Q:/crr: 0.000000000 0.999999963 0.000000037
Q:/r: 0.389020761 0.610979035 0.000000203
QJ:/cc/c: 0.000000542 0.999999458 0.000000000
QJ:/cc/crr: 0.000000000 0.082578886 0.917421114
QJ:/cc/r: 0.000000130 0.000000121 0.999999749
QJ:/crc/c: 0.550390472 0.449609528 0.000000000
QJ:/crc/crr: 0.000000000 0.001316125 0.998683875
QJ:/crc/r: 0.000000064 0.000000008 0.999999928
QJ:/crrc/c: 0.000000106 0.999999894 0.000000000
QJ:/crrc/crr: 0.000000000 0.185515306 0.814484694
QJ:/crrc/r: 0.017557255 0.000000000 0.982442745
QJ:/rc/c: 0.000000608 0.999999392 0.000000000
QJ:/rc/crr: 0.000000000 0.002224261 0.997775739
QJ:/rc/r: 0.017771176 0.000000010 0.982228815
QJ:/rrc/c: 0.000000371 0.999999629 0.000000000
QJ:/rrc/crr: 0.000000000 0.080447647 0.919552353
QJ:/rrc/r: 0.000000059 0.000000015 0.999999926
QK:/cc/c: 0.164317680 0.835682320 0.000000000
QK:/cc/crr: 0.000000000 0.999999954 0.000000046
QK:/cc/r: 0.000000184 0.699340579 0.300659236
QK:/crc/c: 0.276907674 0.723092326 0.000000000
QK:/crc/crr: 0.000000000 0.000013474 0.999986526
QK:/crc/r: 0.000000263 0.414087961 0.585911775
QK:/crrc/c: 0.179157531 0.820842469 0.000000000
QK:/crrc/crr: 0.000000000 0.000003955 0.999996045
QK:/crrc/r: 0.000000412 0.254067173 0.745932415
QK:/rc/c: 0.388527838 0.611472162 0.000000000
QK:/rc/crr: 0.000000000 0.000008044 0.999991956
QK:/rc/r: 0.000000022 0.273948795 0.726051184
QK:/rrc/c: 0.444193038 0.555806962 0.000000000
QK:/rrc/crr: 0.000000000 0.058191605 0.941808395
QK:/rrc/r: 0.000000057 0.479342678 0.520657264
QQ:/cc/c: 0.999999987 0.000000013 0.000000000
QQ:/cc/crr: 0.000000000 0.999999992 0.000000008
QQ:/cc/r: 0.999999744 0.000000121 0.000000135
QQ:/crc/c: 0.999999973 0.000000027 0.000000000
QQ:/crc/crr: 0.000000000 0.999999989 0.000000011
QQ:/crc/r: 0.999999966 0.000000020 0.000000014
QQ:/crrc/c: 0.999999994 0.000000006 0.000000000
QQ:/crrc/crr: 0.000000000 0.999999997 0.000000003
QQ:/crrc/r: 0.999999965 0.000000031 0.000000004
QQ:/rc/c: 0.999999990 0.000000010 0.000000000
QQ:/rc/crr: 0.000000000 0.999999997 0.000000003
QQ:/rc/r: 0.999999980 0.000000009 0.000000011
QQ:/rrc/c: 0.999999944 0.000000056 0.000000000
QQ:/rrc/crr: 0.000000000 0.999999966 0.000000034
QQ:/rrc/r: 0.999999814 0.000000146 0.000000040
