J:/c: 0.208776401 0.791223599 0.000000000
J:/crr: 0.000000000 0.999999998 0.000000002
J:/r: 0.041680322 0.153669926 0.804649752
JJ:/cc/c: 0.999999992 0.000000008 0.000000000
JJ:/cc/crr: 0.000000000 0.999999998 0.000000002
JJ:/cc/r: 0.999999979 0.000000016 0.000000005
JJ:/crc/c: 0.999999979 0.000000021 0.000000000
JJ:/crc/crr: 0.000000000 0.999999995 0.000000005
JJ:/crc/r: 0.520871137 0.479128855 0.000000008
JJ:/crrc/c: 0.999999990 0.000000010 0.000000000
JJ:/crrc/crr: 0.000000000 0.999999998 0.000000002
JJ:/crrc/r: 0.999999892 0.000000103 0.000000005
JJ:/rc/c: 0.999999968 0.000000032 0.000000000
JJ:/rc/crr: 0.000000000 0.999999992 0.000000008
JJ:/rc/r: 0.999999962 0.000000021 0.000000017
JJ:/rrc/c: 0.999999926 0.000000074 0.000000000
JJ:/rrc/crr: 0.000000000 0.999999982 0.000000018
JJ:/rrc/r: 0.999999385 0.000000576 0.000000039
JK:/cc/c: 0.004689845 0.995310155 0.000000000
JK:/cc/crr: 0.000000000 0.000000442 0.999999558
JK:/cc/r: 0.000000507 0.000000005 0.999999488
JK:/crc/c: 0.439953517 0.560046483 0.000000000
JK:/crc/crr: 0.000000000 0.000000098 0.999999902
JK:/crc/r: 0.010836065 0.000000136 0.989163799
JK:/crrc/c: 0.284031525 0.715968475 0.000000000
JK:/crrc/crr: 0.000000000 0.000000325 0.999999675
JK:/crrc/r: 0.172994413 0.000000089 0.827005498
JK:/rc/c: 0.281608756 0.718391244 0.000000000
JK:/rc/crr: 0.000000000 0.000000024 0.999999976
JK:/rc/r: 0.311690753 0.000000014 0.688309234
JK:/rrc/c: 0.999998363 0.000001637 0.000000000
JK:/rrc/crr: 0.000000000 0.000000133 0.999999867
JK:/rrc/r: 0.251936802 0.000000191 0.748063007
JQ:/cc/c: 0.045485884 0.954514116 0.000000000
JQ:/cc/crr: 0.000000000 0.000000000 1.000000000
JQ:/cc/r: 0.027939223 0.000000000 0.972060777
JQ:/crc/c: 0.285817599 0.714182401 0.000000000
JQ:/crc/crr: 0.000000000 0.000004017 0.999995983
JQ:/crc/r: 0.103579602 0.000000036 0.896420362
JQ:/crrc/c: 0.022666863 0.977333137 0.000000000
JQ:/crrc/crr: 0.000000000 0.000000870 0.999999130
JQ:/crrc/r: 0.122849419 0.000000017 0.877150564
JQ:/rc/c: 0.999965033 0.000034967 0.000000000
JQ:/rc/crr: 0.000000000 0.000000000 1.000000000
JQ:/rc/r: 0.000000025 0.000000040 0.999999935
JQ:/rrc/c: 0.000006361 0.999993639 0.000000000
JQ:/rrc/crr: 0.000000000 0.021426035 0.978573965
JQ:/rrc/r: 0.369999567 0.000000189 0.630000244
K:/c: 0.999996987 0.000003013 0.000000000
K:/crr: 0.000000000 0.999999999 0.000000001
K:/r: 0.483354426 0.516645573 0.000000001
KJ:/cc/c: 0.008521502 0.991478498 0.000000000
KJ:/cc/crr: 0.000000000 0.974641257 0.025358743
KJ:/cc/r: 0.009278295 0.008282612 0.982439093
KJ:/crc/c: 0.096284635 0.903715365 0.000000000
KJ:/crc/crr: 0.000000000 0.999999991 0.000000009
KJ:/crc/r: 0.000000113 0.796928777 0.203071110
KJ:/crrc/c: 0.240977858 0.759022142 0.000000000
KJ:/crrc/crr: 0.000000000 0.718810829 0.281189171
KJ:/crrc/r: 0.036095203 0.827935625 0.135969172
KJ:/rc/c: 0.312417263 0.687582737 0.000000000
KJ:/rc/crr: 0.000000000 0.781904489 0.218095511
KJ:/rc/r: 0.018421199 0.790710767 0.190868035
KJ:/rrc/c: 0.382511059 0.617488941 0.000000000
KJ:/rrc/crr: 0.000000000 0.999977822 0.000022178
KJ:/rrc/r: 0.029315229 0.915526037 0.055158735
KK:/cc/c: 0.991720626 0.008279374 0.000000000
KK:/cc/crr: 0.000000000 0.998009791 0.001990209
KK:/cc/r: 0.997052249 0.002483070 0.000464681
KK:/crc/c: 0.999999757 0.000000243 0.000000000
KK:/crc/crr: 0.000000000 0.999999964 0.000000036
KK:/crc/r: 0.668246417 0.331753561 0.000000022
KK:/crrc/c: 0.999999991 0.000000009 0.000000000
KK:/crrc/crr: 0.000000000 0.999999998 0.000000002
KK:/crrc/r: 0.999991587 0.000008409 0.000000004
KK:/rc/c: 0.999999964 0.000000036 0.000000000
KK:/rc/crr: 0.000000000 0.999999991 0.000000009
KK:/rc/r: 0.999999959 0.000000024 0.000000017
KK:/rrc/c: 0.999999888 0.000000112 0.000000000
KK:/rrc/crr: 0.000000000 0.999999983 0.000000017
KK:/rrc/r: 0.944812043 0.055187934 0.000000024
KQ:/cc/c: 0.003166064 0.996833936 0.000000000
KQ:/cc/crr: 0.000000000 0.812573468 0.187426532
KQ:/cc/r: 0.016367930 0.980034836 0.003597234
KQ:/crc/c: 0.263902030 0.736097970 0.000000000
KQ:/crc/crr: 0.000000000 0.072089785 0.927910215
KQ:/crc/r: 0.000000016 0.507687998 0.492311986
KQ:/crrc/c: 0.522902571 0.477097429 0.000000000
KQ:/crrc/crr: 0.000000000 0.476950352 0.523049648
KQ:/crrc/r: 0.000004480 0.816215670 0.183779850
KQ:/rc/c: 0.000019494 0.999980506 0.000000000
KQ:/rc/crr: 0.000000000 0.011928998 0.988071002
KQ:/rc/r: 0.000000158 0.377297314 0.622702527
KQ:/rrc/c: 0.416461426 0.583538574 0.000000000
KQ:/rrc/crr: 0.000000000 0.540475398 0.459524602
KQ:/rrc/r: 0.066104993 0.620524464 0.313370543
Q:/c: 0.778735754 0.221264246 0.000000000
Q:/crr: 0.000000000 0.999999974 0.000000026
Q:/r: 0.268671774 0.731328055 0.000000171
QJ:/cc/c: 0.000000312 0.999999688 0.000000000
QJ:/cc/crr: 0.000000000 0.113556352 0.886443648
QJ:/cc/r: 0.000000107 0.000000172 0.999999721
QJ:/crc/c: 0.413941913 0.586058087 0.000000000
QJ:/crc/crr: 0.000000000 0.001872041 0.998127959
QJ:/crc/r: 0.000000053 0.000000011 0.999999936
QJ:/crrc/c: 0.000000061 0.999999939 0.000000000
QJ:/crrc/crr: 0.000000000 0.244803151 0.755196849
QJ:/crrc/r: 0.014462582 0.000000000 0.985537418
QJ:/rc/c: 0.000000351 0.999999649 0.000000000
QJ:/rc/crr: 0.000000000 0.003162548 0.996837452
QJ:/rc/r: 0.014639358 0.000000014 0.985360628
QJ:/rrc/c: 0.000000214 0.999999786 0.000000000
QJ:/rrc/crr: 0.000000000 0.110722119 0.889277881
QJ:/rrc/r: 0.000000049 0.000000021 0.999999930
QK:/cc/c: 0.101890925 0.898109075 0.000000000
QK:/cc/crr: 0.000000000 0.999999968 0.000000032
QK:/cc/r: 0.000000117 0.768000303 0.231999580
QK:/crc/c: 0.180969250 0.819030750 0.000000000
QK:/crc/crr: 0.000000000 0.000019176 0.999980824
QK:/crc/r: 0.000000184 0.501450758 0.498549058
QK:/crrc/c: 0.111847466 0.888152534 0.000000000
QK:/crrc/crr: 0.000000000 0.000005629 0.999994371
QK:/crrc/r: 0.000000305 0.326481421 0.673518274
QK:/rc/c: 0.268264369 0.731735631 0.000000000
QK:/rc/crr: 0.000000000 0.000011448 0.999988552
QK:/rc/r: 0.000000016 0.349375565 0.650624419
QK:/rrc/c: 0.315592097 0.684407903 0.000000000
QK:/rrc/crr: 0.000000000 0.080826759 0.919173241
QK:/rrc/r: 0.000000039 0.567146396 0.432853564
QQ:/cc/c: 0.999999977 0.000000023 0.000000000
QQ:/cc/crr: 0.000000000 0.999999994 0.000000006
QQ:/cc/r: 0.999999627 0.000000209 0.000000164
QQ:/crc/c: 0.999999953 0.000000047 0.000000000
QQ:/crc/crr: 0.000000000 0.999999992 0.000000008
QQ:/crc/r: 0.999999948 0.000000035 0.000000017
QQ:/crrc/c: 0.999999990 0.000000010 0.000000000
QQ:/crrc/crr: 0.000000000 0.999999998 0.000000002
QQ:/crrc/r: 0.999999942 0.000000053 0.000000005
QQ:/rc/c: 0.999999982 0.000000018 0.000000000
QQ:/rc/crr: 0.000000000 0.999999998 0.000000002
QQ:/rc/r: 0.999999971 0.000000016 0.000000013
QQ:/rrc/c: 0.999999903 0.000000097 0.000000000
QQ:/rrc/crr: 0.000000000 0.999999976 0.000000024
QQ:/rrc/r: 0.999999698 0.000000253 0.000000049
