J:/c: 0.285772429 0.714227571 0.000000000
J:/crr: 0.000000000 0.999999997 0.000000003
J:/r: 0.055932554 0.135994370 0.808073076
JJ:/cc/c: 0.999999995 0.000000005 0.000000000
JJ:/cc/crr: 0.000000000 0.999999997 0.000000003
JJ:/cc/r: 0.999999986 0.000000011 0.000000004
JJ:/crc/c: 0.999999986 0.000000014 0.000000000
JJ:/crc/crr: 0.000000000 0.999999995 0.000000005
JJ:/crc/r: 0.622422673 0.377577319 0.000000008
JJ:/crrc/c: 0.999999994 0.000000006 0.000000000
JJ:/crrc/crr: 0.000000000 0.999999997 0.000000003
JJ:/crrc/r: 0.999999928 0.000000068 0.000000004
JJ:/rc/c: 0.999999979 0.000000021 0.000000000
JJ:/rc/crr: 0.000000000 0.999999991 0.000000009
JJ:/rc/r: 0.999999974 0.000000014 0.000000013
JJ:/rrc/c: 0.999999951 0.000000049 0.000000000
JJ:/rrc/crr: 0.000000000 0.999999979 0.000000021
JJ:/rrc/r: 0.999999591 0.000000380 0.000000029
JK:/cc/c: 0.007094301 0.992905699 0.000000000
JK:/cc/crr: 0.000000000 0.000000390 0.999999610
JK:/cc/r: 0.000000677 0.000000004 0.999999319
JK:/crc/c: 0.543628819 0.456371181 0.000000000
JK:/crc/crr: 0.000000000 0.000000087 0.999999913
JK:/crc/r: 0.014427194 0.000000120 0.985572687
JK:/crrc/c: 0.375606209 0.624393791 0.000000000
JK:/crrc/crr: 0.000000000 0.000000286 0.999999714
JK:/crrc/r: 0.218457152 0.000000074 0.781542774
JK:/rc/c: 0.372809050 0.627190950 0.000000000
JK:/rc/crr: 0.000000000 0.000000021 0.999999979
JK:/rc/r: 0.376987477 0.000000011 0.623012512
JK:/rrc/c: 0.999998920 0.000001080 0.000000000
JK:/rrc/crr: 0.000000000 0.000000117 0.999999883
JK:/rrc/r: 0.310359936 0.000000155 0.689639909
JQ:/cc/c: 0.067390063 0.932609937 0.000000000
JQ:/cc/crr: 0.000000000 0.000000000 1.000000000
JQ:/cc/r: 0.036986490 0.000000000 0.963013510
JQ:/crc/c: 0.377664379 0.622335621 0.000000000
JQ:/crc/crr: 0.000000000 0.000003540 0.999996460
JQ:/crc/r: 0.133750480 0.000000031 0.866249489
JQ:/crrc/c: 0.033973431 0.966026569 0.000000000
JQ:/crrc/crr: 0.000000000 0.000000767 0.999999233
JQ:/crrc/r: 0.157646145 0.000000014 0.842353841
JQ:/rc/c: 0.999976940 0.000023060 0.000000000
JQ:/rc/crr: 0.000000000 0.000000000 1.000000000
JQ:/rc/r: 0.000000033 0.000000035 0.999999932
JQ:/rrc/c: 0.000009645 0.999990355 0.000000000
JQ:/rrc/crr: 0.000000000 0.018929394 0.981070606
JQ:/rrc/r: 0.439708154 0.000000148 0.560291698
K:/c: 0.999997852 0.000002148 0.000000000
K:/crr: 0.000000000 0.999999999 0.000000001
K:/r: 0.567576224 0.432423775 0.000000001
KJ:/cc/c: 0.011914315 0.988085685 0.000000000
KJ:/cc/crr: 0.000000000 0.967664152 0.032335848
KJ:/cc/r: 0.010145129 0.006455279 0.983399592
KJ:/crc/c: 0.130037210 0.869962790 0.000000000
KJ:/crc/crr: 0.000000000 0.999999989 0.000000011
KJ:/crc/r: 0.000000150 0.753426476 0.246573374
KJ:/crrc/c: 0.308156928 0.691843072 0.000000000
KJ:/crrc/crr: 0.000000000 0.665596058 0.334403942
KJ:/crrc/r: 0.048081540 0.786110887 0.165807573
KJ:/rc/c: 0.389297383 0.610702617 0.000000000
KJ:/rc/crr: 0.000000000 0.736248871 0.263751129
KJ:/rc/r: 0.024342258 0.744764516 0.230893227
KJ:/rrc/c: 0.464975532 0.535024468 0.000000000
KJ:/rrc/crr: 0.000000000 0.999971516 0.000028484
KJ:/rrc/r: 0.040027169 0.891026541 0.068946290
KK:/cc/c: 0.994084522 0.005915478 0.000000000
KK:/cc/crr: 0.000000000 0.997445360 0.002554640
KK:/cc/r: 0.997803060 0.001771227 0.000425713
KK:/crc/c: 0.999999827 0.000000173 0.000000000
KK:/crc/crr: 0.000000000 0.999999954 0.000000046
KK:/crc/r: 0.738626198 0.261373780 0.000000022
KK:/crrc/c: 0.999999994 0.000000006 0.000000000
KK:/crrc/crr: 0.000000000 0.999999997 0.000000003
KK:/crrc/r: 0.999994002 0.000005994 0.000000004
KK:/rc/c: 0.999999975 0.000000025 0.000000000
KK:/rc/crr: 0.000000000 0.999999989 0.000000011
KK:/rc/r: 0.999999968 0.000000017 0.000000015
KK:/rrc/c: 0.999999920 0.000000080 0.000000000
KK:/rrc/crr: 0.000000000 0.999999978 0.000000022
KK:/rrc/r: 0.960029296 0.039970682 0.000000022
KQ:/cc/c: 0.004436164 0.995563836 0.000000000
KQ:/cc/crr: 0.000000000 0.771461506 0.228538494
KQ:/cc/r: 0.022789740 0.972625154 0.004585106
KQ:/crc/c: 0.334654146 0.665345854 0.000000000
KQ:/crc/crr: 0.000000000 0.057040602 0.942959398
KQ:/crc/r: 0.000000020 0.445348501 0.554651479
KQ:/crrc/c: 0.605933444 0.394066556 0.000000000
KQ:/crrc/crr: 0.000000000 0.415202019 0.584797981
KQ:/crrc/r: 0.000005973 0.775681686 0.224312342
KQ:/rc/c: 0.000027349 0.999972651 0.000000000
KQ:/rc/crr: 0.000000000 0.009312702 0.990687298
KQ:/rc/r: 0.000000189 0.320543992 0.679455820
KQ:/rrc/c: 0.500314795 0.499685205 0.000000000
KQ:/rrc/crr: 0.000000000 0.478019018 0.521980982
KQ:/rrc/r: 0.083121592 0.556156285 0.360722123
Q:/c: 0.844097099 0.155902901 0.000000000
Q:/crr: 0.000000000 0.999999971 0.000000029
Q:/r: 0.361086419 0.638913413 0.000000167
QJ:/cc/c: 0.000000481 0.999999519 0.000000000
QJ:/cc/crr: 0.000000000 0.102620445 0.897379555
QJ:/cc/r: 0.000000147 0.000000153 0.999999700
QJ:/crc/c: 0.520744783 0.479255217 0.000000000
QJ:/crc/crr: 0.000000000 0.001671475 0.998328525
QJ:/crc/r: 0.000000072 0.000000010 0.999999918
QJ:/crrc/c: 0.000000094 0.999999906 0.000000000
QJ:/crrc/crr: 0.000000000 0.224427735 0.775572265
QJ:/crrc/r: 0.019754424 0.000000000 0.980245576
QJ:/rc/c: 0.000000540 0.999999460 0.000000000
QJ:/rc/crr: 0.000000000 0.002824113 0.997175887
QJ:/rc/r: 0.019994570 0.000000012 0.980005417
QJ:/rrc/c: 0.000000330 0.999999670 0.000000000
QJ:/rrc/crr: 0.000000000 0.100028359 0.899971641
QJ:/rrc/r: 0.000000067 0.000000019 0.999999914
QK:/cc/c: 0.148594347 0.851405653 0.000000000
QK:/cc/crr: 0.000000000 0.999999964 0.000000036
QK:/cc/r: 0.000000175 0.747161514 0.252838311
QK:/crc/c: 0.253681207 0.746318793 0.000000000
QK:/crc/crr: 0.000000000 0.000017118 0.999982882
QK:/crc/r: 0.000000267 0.473095892 0.526903841
QK:/crrc/c: 0.162289959 0.837710041 0.000000000
QK:/crrc/crr: 0.000000000 0.000005025 0.999994975
QK:/crrc/r: 0.000000435 0.302026560 0.697973005
QK:/rc/c: 0.360607984 0.639392016 0.000000000
QK:/rc/crr: 0.000000000 0.000010219 0.999989781
QK:/rc/r: 0.000000023 0.324030896 0.675969081
QK:/rrc/c: 0.414987820 0.585012180 0.000000000
QK:/rrc/crr: 0.000000000 0.072784032 0.927215968
QK:/rrc/r: 0.000000057 0.539093663 0.460906280
QQ:/cc/c: 0.999999985 0.000000015 0.000000000
QQ:/cc/crr: 0.000000000 0.999999994 0.000000006
QQ:/cc/r: 0.999999744 0.000000136 0.000000120
QQ:/crc/c: 0.999999970 0.000000030 0.000000000
QQ:/crc/crr: 0.000000000 0.999999991 0.000000009
QQ:/crc/r: 0.999999965 0.000000023 0.000000012
QQ:/crrc/c: 0.999999994 0.000000006 0.000000000
QQ:/crrc/crr: 0.000000000 0.999999997 0.000000003
QQ:/crrc/r: 0.999999962 0.000000035 0.000000004
QQ:/rc/c: 0.999999988 0.000000012 0.000000000
QQ:/rc/crr: 0.000000000 0.999999997 0.000000003
QQ:/rc/r: 0.999999980 0.000000010 0.000000009
QQ:/rrc/c: 0.999999937 0.000000063 0.000000000
QQ:/rrc/crr: 0.000000000 0.999999973 0.000000027
QQ:/rrc/r: 0.999999800 0.000000164 0.000000036
