J:/c: 0.232395089 0.767604911 0.000000000
J:/crr: 0.000000000 0.999999997 0.000000003
J:/r: 0.038213310 0.122790692 0.838995998
JJ:/cc/c: 0.999999993 0.000000007 0.000000000
JJ:/cc/crr: 0.000000000 0.999999997 0.000000003
JJ:/cc/r: 0.999999980 0.000000014 0.000000006
JJ:/crc/c: 0.999999982 0.000000018 0.000000000
JJ:/crc/crr: 0.000000000 0.999999994 0.000000006
JJ:/crc/r: 0.555029578 0.444970412 0.000000010
JJ:/crrc/c: 0.999999992 0.000000008 0.000000000
JJ:/crrc/crr: 0.000000000 0.999999997 0.000000003
JJ:/crrc/r: 0.999999904 0.000000090 0.000000006
JJ:/rc/c: 0.999999972 0.000000028 0.000000000
JJ:/rc/crr: 0.000000000 0.999999990 0.000000010
JJ:/rc/r: 0.999999963 0.000000018 0.000000019
JJ:/rrc/c: 0.999999935 0.000000065 0.000000000
JJ:/rrc/crr: 0.000000000 0.999999976 0.000000024
JJ:/rrc/r: 0.999999454 0.000000502 0.000000044
JK:/cc/c: 0.005377314 0.994622686 0.000000000
JK:/cc/crr: 0.000000000 0.000000339 0.999999661
JK:/cc/r: 0.000000446 0.000000004 0.999999551
JK:/crc/c: 0.474055773 0.525944227 0.000000000
JK:/crc/crr: 0.000000000 0.000000075 0.999999925
JK:/crc/r: 0.009540489 0.000000104 0.990459406
JK:/crrc/c: 0.312798060 0.687201940 0.000000000
JK:/crrc/crr: 0.000000000 0.000000249 0.999999751
JK:/crrc/r: 0.155355970 0.000000070 0.844643960
JK:/rc/c: 0.310236238 0.689763762 0.000000000
JK:/rc/crr: 0.000000000 0.000000018 0.999999982
JK:/rc/r: 0.284780500 0.000000011 0.715219490
JK:/rrc/c: 0.999998573 0.000001427 0.000000000
JK:/rrc/crr: 0.000000000 0.000000102 0.999999898
JK:/rrc/r: 0.228473073 0.000000151 0.771526776
JQ:/cc/c: 0.051842031 0.948157969 0.000000000
JQ:/cc/crr: 0.000000000 0.000000000 1.000000000
JQ:/cc/r: 0.024649726 0.000000000 0.975350274
JQ:/crc/c: 0.314685520 0.685314480 0.000000000
JQ:/crc/crr: 0.000000000 0.000003079 0.999996921
JQ:/crc/r: 0.092229366 0.000000028 0.907770606
JQ:/crrc/c: 0.025920898 0.974079102 0.000000000
JQ:/crrc/crr: 0.000000000 0.000000667 0.999999333
JQ:/crrc/r: 0.109645879 0.000000013 0.890354108
JQ:/rc/c: 0.999969525 0.000030475 0.000000000
JQ:/rc/crr: 0.000000000 0.000000000 1.000000000
JQ:/rc/r: 0.000000022 0.000000031 0.999999948
JQ:/rrc/c: 0.000007298 0.999992702 0.000000000
JQ:/rrc/crr: 0.000000000 0.016502321 0.983497679
JQ:/rrc/r: 0.340545849 0.000000152 0.659454000
K:/c: 0.999997162 0.000002838 0.000000000
K:/crr: 0.000000000 0.999999999 0.000000001
K:/r: 0.498284649 0.501715350 0.000000001
KJ:/cc/c: 0.009041396 0.990958604 0.000000000
KJ:/cc/crr: 0.000000000 0.962995988 0.037004012
KJ:/cc/r: 0.006704627 0.005638019 0.987657354
KJ:/crc/c: 0.101610191 0.898389809 0.000000000
KJ:/crc/crr: 0.000000000 0.999999987 0.000000013
KJ:/crc/r: 0.000000110 0.726569309 0.273430581
KJ:/crrc/c: 0.252074176 0.747925824 0.000000000
KJ:/crrc/crr: 0.000000000 0.633821762 0.366178238
KJ:/crrc/r: 0.035909320 0.775902467 0.188188213
KJ:/rc/c: 0.325392913 0.674607087 0.000000000
KJ:/rc/crr: 0.000000000 0.708245175 0.291754825
KJ:/rc/r: 0.017905300 0.723992800 0.258101899
KJ:/rrc/c: 0.396718223 0.603281777 0.000000000
KJ:/rrc/crr: 0.000000000 0.999967246 0.000032754
KJ:/rrc/r: 0.030269245 0.890495790 0.079234965
KK:/cc/c: 0.992197048 0.007802952 0.000000000
KK:/cc/crr: 0.000000000 0.997063513 0.002936487
KK:/cc/r: 0.997014579 0.002338974 0.000646447
KK:/crc/c: 0.999999771 0.000000229 0.000000000
KK:/crc/crr: 0.000000000 0.999999947 0.000000053
KK:/crc/r: 0.681355898 0.318644072 0.000000031
KK:/crrc/c: 0.999999992 0.000000008 0.000000000
KK:/crrc/crr: 0.000000000 0.999999997 0.000000003
KK:/crrc/r: 0.999992073 0.000007921 0.000000006
KK:/rc/c: 0.999999966 0.000000034 0.000000000
KK:/rc/crr: 0.000000000 0.999999987 0.000000013
KK:/rc/r: 0.999999954 0.000000022 0.000000024
KK:/rrc/c: 0.999999895 0.000000105 0.000000000
KK:/rrc/crr: 0.000000000 0.999999975 0.000000025
KK:/rrc/r: 0.947845770 0.052154196 0.000000033
KQ:/cc/c: 0.003360332 0.996639668 0.000000000
KQ:/cc/crr: 0.000000000 0.745906207 0.254093793
KQ:/cc/r: 0.017328455 0.977373336 0.005298209
KQ:/crc/c: 0.275670556 0.724329444 0.000000000
KQ:/crc/crr: 0.000000000 0.049975940 0.950024060
KQ:/crc/r: 0.000000014 0.411160847 0.588839139
KQ:/crrc/c: 0.537782816 0.462217184 0.000000000
KQ:/crrc/crr: 0.000000000 0.381735836 0.618264164
KQ:/crrc/r: 0.000004372 0.750447342 0.249548286
KQ:/rc/c: 0.000020694 0.999979306 0.000000000
KQ:/rc/crr: 0.000000000 0.008108464 0.991891536
KQ:/rc/r: 0.000000130 0.290912049 0.709087822
KQ:/rrc/c: 0.431049320 0.568950680 0.000000000
KQ:/rrc/crr: 0.000000000 0.443327986 0.556672014
KQ:/rrc/r: 0.060836128 0.537946488 0.401217384
Q:/c: 0.801515710 0.198484290 0.000000000
Q:/crr: 0.000000000 0.999999966 0.000000034
Q:/r: 0.296526949 0.703472836 0.000000215
QJ:/cc/c: 0.000000359 0.999999641 0.000000000
QJ:/cc/crr: 0.000000000 0.089395124 0.910604876
QJ:/cc/r: 0.000000094 0.000000132 0.999999774
QJ:/crc/c: 0.447639488 0.552360512 0.000000000
QJ:/crc/crr: 0.000000000 0.001435254 0.998564746
QJ:/crc/r: 0.000000046 0.000000009 0.999999945
QJ:/crrc/c: 0.000000070 0.999999930 0.000000000
QJ:/crrc/crr: 0.000000000 0.198985257 0.801014743
QJ:/crrc/r: 0.012738998 0.000000000 0.987261002
QJ:/rc/c: 0.000000403 0.999999597 0.000000000
QJ:/rc/crr: 0.000000000 0.002425391 0.997574609
QJ:/rc/r: 0.012894983 0.000000011 0.987105006
QJ:/rrc/c: 0.000000246 0.999999754 0.000000000
QJ:/rrc/crr: 0.000000000 0.087104670 0.912895330
QJ:/rrc/r: 0.000000043 0.000000016 0.999999941
QK:/cc/c: 0.115177959 0.884822041 0.000000000
QK:/cc/crr: 0.000000000 0.999999958 0.000000042
QK:/cc/r: 0.000000125 0.717263828 0.282736046
QK:/crc/c: 0.202246244 0.797753756 0.000000000
QK:/crc/crr: 0.000000000 0.000014696 0.999985304
QK:/crc/r: 0.000000183 0.435284677 0.564715139
QK:/crrc/c: 0.126250361 0.873749639 0.000000000
QK:/crrc/crr: 0.000000000 0.000004314 0.999995686
QK:/crrc/r: 0.000000291 0.270859328 0.729140381
QK:/rc/c: 0.296094421 0.703905579 0.000000000
QK:/rc/crr: 0.000000000 0.000008773 0.999991227
QK:/rc/r: 0.000000015 0.291541380 0.708458605
QK:/rrc/c: 0.346010307 0.653989693 0.000000000
QK:/rrc/crr: 0.000000000 0.063133390 0.936866610
QK:/rrc/r: 0.000000040 0.501023326 0.498976634
QQ:/cc/c: 0.999999980 0.000000020 0.000000000
QQ:/cc/crr: 0.000000000 0.999999993 0.000000007
QQ:/cc/r: 0.999999631 0.000000182 0.000000187
QQ:/crc/c: 0.999999959 0.000000041 0.000000000
QQ:/crc/crr: 0.000000000 0.999999990 0.000000010
QQ:/crc/r: 0.999999950 0.000000031 0.000000019
QQ:/crrc/c: 0.999999992 0.000000008 0.000000000
QQ:/crrc/crr: 0.000000000 0.999999997 0.000000003
QQ:/crrc/r: 0.999999948 0.000000046 0.000000006
QQ:/rc/c: 0.999999985 0.000000015 0.000000000
QQ:/rc/crr: 0.000000000 0.999999997 0.000000003
QQ:/rc/r: 0.999999971 0.000000014 0.000000015
QQ:/rrc/c: 0.999999916 0.000000084 0.000000000
QQ:/rrc/crr: 0.000000000 0.999999969 0.000000031
QQ:/rrc/r: 0.999999724 0.000000220 0.000000056
