J:/c: 0.220681521 0.779318479 0.000000000
J:/crr: 0.000000000 0.999999997 0.000000003
J:/r: 0.041002684 0.140864410 0.818132906
JJ:/cc/c: 0.999999992 0.000000007 0.000000000
JJ:/cc/crr: 0.000000000 0.999999997 0.000000003
JJ:/cc/r: 0.999999980 0.000000015 0.000000005
JJ:/crc/c: 0.999999981 0.000000019 0.000000000
JJ:/crc/crr: 0.000000000 0.999999995 0.000000005
JJ:/crc/r: 0.538461531 0.461538460 0.000000009
JJ:/crrc/c: 0.999999991 0.000000009 0.000000000
JJ:/crrc/crr: 0.000000000 0.999999997 0.000000003
JJ:/crrc/r: 0.999999899 0.000000096 0.000000005
JJ:/rc/c: 0.999999970 0.000000030 0.000000000
JJ:/rc/crr: 0.000000000 0.999999991 0.000000009
JJ:/rc/r: 0.999999963 0.000000019 0.000000017
JJ:/rrc/c: 0.999999931 0.000000069 0.000000000
JJ:/rrc/crr: 0.000000000 0.999999980 0.000000020
JJ:/rrc/r: 0.999999423 0.000000537 0.000000040
JK:/cc/c: 0.005031278 0.994968722 0.000000000
JK:/cc/crr: 0.000000000 0.000000399 0.999999601
JK:/cc/r: 0.000000490 0.000000004 0.999999505
JK:/crc/c: 0.457420098 0.542579902 0.000000000
JK:/crc/crr: 0.000000000 0.000000089 0.999999911
JK:/crc/r: 0.010487903 0.000000123 0.989511974
JK:/crrc/c: 0.298608403 0.701391597 0.000000000
JK:/crrc/crr: 0.000000000 0.000000293 0.999999707
JK:/crrc/r: 0.168322712 0.000000081 0.831677207
JK:/rc/c: 0.296112718 0.703887282 0.000000000
JK:/rc/crr: 0.000000000 0.000000021 0.999999979
JK:/rc/r: 0.304653331 0.000000012 0.695346656
JK:/rrc/c: 0.999998475 0.000001525 0.000000000
JK:/rrc/crr: 0.000000000 0.000000120 0.999999880
JK:/rrc/r: 0.245766802 0.000000174 0.754233025
JQ:/cc/c: 0.048652193 0.951347807 0.000000000
JQ:/cc/crr: 0.000000000 0.000000000 1.000000000
JQ:/cc/r: 0.027056570 0.000000000 0.972943430
JQ:/crc/c: 0.300447675 0.699552325 0.000000000
JQ:/crc/crr: 0.000000000 0.000003622 0.999996378
JQ:/crc/r: 0.100554519 0.000000032 0.899445449
JQ:/crrc/c: 0.024285136 0.975714864 0.000000000
JQ:/crrc/crr: 0.000000000 0.000000785 0.999999215
JQ:/crrc/r: 0.119336474 0.000000015 0.880663511
JQ:/rc/c: 0.999967417 0.000032583 0.000000000
JQ:/rc/crr: 0.000000000 0.000000000 1.000000000
JQ:/rc/r: 0.000000024 0.000000036 0.999999940
JQ:/rrc/c: 0.000006826 0.999993174 0.000000000
JQ:/rrc/crr: 0.000000000 0.019357719 0.980642281
JQ:/rrc/r: 0.362338678 0.000000173 0.637661150
K:/c: 0.999996966 0.000003034 0.000000000
K:/crr: 0.000000000 0.999999999 0.000000001
K:/r: 0.481577249 0.518422750 0.000000001
KJ:/cc/c: 0.008461577 0.991538423 0.000000000
KJ:/cc/crr: 0.000000000 0.968370381 0.031629619
KJ:/cc/r: 0.007365201 0.006621780 0.986013019
KJ:/crc/c: 0.095667093 0.904332907 0.000000000
KJ:/crc/crr: 0.000000000 0.999999989 0.000000011
KJ:/crc/r: 0.000000107 0.757639866 0.242360027
KJ:/crrc/c: 0.239678421 0.760321579 0.000000000
KJ:/crrc/crr: 0.000000000 0.670654179 0.329345821
KJ:/crrc/r: 0.034645143 0.800351057 0.165003800
KJ:/rc/c: 0.310890385 0.689109615 0.000000000
KJ:/rc/crr: 0.000000000 0.740654717 0.259345283
KJ:/rc/r: 0.017442662 0.754056023 0.228501315
KJ:/rrc/c: 0.380831351 0.619168649 0.000000000
KJ:/rrc/crr: 0.000000000 0.999972158 0.000027842
KJ:/rrc/r: 0.028708908 0.902994616 0.068296476
KK:/cc/c: 0.991661981 0.008338019 0.000000000
KK:/cc/crr: 0.000000000 0.997502833 0.002497167
KK:/cc/r: 0.996912117 0.002500455 0.000587428
KK:/crc/c: 0.999999756 0.000000244 0.000000000
KK:/crc/crr: 0.000000000 0.999999955 0.000000045
KK:/crc/r: 0.666666635 0.333333338 0.000000027
KK:/crrc/c: 0.999999991 0.000000009 0.000000000
KK:/crrc/crr: 0.000000000 0.999999997 0.000000003
KK:/crrc/r: 0.999991526 0.000008469 0.000000005
KK:/rc/c: 0.999999964 0.000000036 0.000000000
KK:/rc/crr: 0.000000000 0.999999989 0.000000011
KK:/rc/r: 0.999999955 0.000000024 0.000000021
KK:/rrc/c: 0.999999888 0.000000112 0.000000000
KK:/rrc/crr: 0.000000000 0.999999979 0.000000021
KK:/rrc/r: 0.944439739 0.055560231 0.000000030
KQ:/cc/c: 0.003143680 0.996856320 0.000000000
KQ:/cc/crr: 0.000000000 0.775458534 0.224541466
KQ:/cc/r: 0.016238813 0.979248971 0.004512216
KQ:/crc/c: 0.262521732 0.737478268 0.000000000
KQ:/crc/crr: 0.000000000 0.058280061 0.941719939
KQ:/crc/r: 0.000000014 0.450990158 0.549009828
KQ:/crrc/c: 0.521126656 0.478873344 0.000000000
KQ:/crrc/crr: 0.000000000 0.420751480 0.579248520
KQ:/crrc/r: 0.000004249 0.779627251 0.220368500
KQ:/rc/c: 0.000019356 0.999980644 0.000000000
KQ:/rc/crr: 0.000000000 0.009525539 0.990474461
KQ:/rc/r: 0.000000136 0.325532566 0.674467298
KQ:/rrc/c: 0.414732765 0.585267235 0.000000000
KQ:/rrc/crr: 0.000000000 0.483713605 0.516286395
KQ:/rrc/r: 0.060799299 0.574796735 0.364403966
Q:/c: 0.790663866 0.209336134 0.000000000
Q:/crr: 0.000000000 0.999999971 0.000000029
Q:/r: 0.282771696 0.717228118 0.000000186
QJ:/cc/c: 0.000000335 0.999999665 0.000000000
QJ:/cc/crr: 0.000000000 0.103535400 0.896464600
QJ:/cc/r: 0.000000103 0.000000155 0.999999742
QJ:/crc/c: 0.431170856 0.568829144 0.000000000
QJ:/crc/crr: 0.000000000 0.001688071 0.998311929
QJ:/crc/r: 0.000000051 0.000000010 0.999999939
QJ:/crrc/c: 0.000000065 0.999999935 0.000000000
QJ:/crrc/crr: 0.000000000 0.226155016 0.773844984
QJ:/crrc/r: 0.013999550 0.000000000 0.986000450
QJ:/rc/c: 0.000000377 0.999999623 0.000000000
QJ:/rc/crr: 0.000000000 0.002852120 0.997147880
QJ:/rc/r: 0.014170748 0.000000012 0.985829240
QJ:/rrc/c: 0.000000230 0.999999770 0.000000000
QJ:/rrc/crr: 0.000000000 0.100922802 0.899077198
QJ:/rrc/r: 0.000000047 0.000000019 0.999999934
QK:/cc/c: 0.108537166 0.891462834 0.000000000
QK:/cc/crr: 0.000000000 0.999999964 0.000000036
QK:/cc/r: 0.000000122 0.749026536 0.250973341
QK:/crc/c: 0.191672837 0.808327163 0.000000000
QK:/crc/crr: 0.000000000 0.000017288 0.999982712
QK:/crc/r: 0.000000187 0.475563529 0.524436283
QK:/crrc/c: 0.119057068 0.880942932 0.000000000
QK:/crrc/crr: 0.000000000 0.000005075 0.999994925
QK:/crrc/r: 0.000000305 0.304116925 0.695882770
QK:/rc/c: 0.282351170 0.717648830 0.000000000
QK:/rc/crr: 0.000000000 0.000010321 0.999989679
QK:/rc/r: 0.000000016 0.326202342 0.673797642
QK:/rrc/c: 0.331039796 0.668960204 0.000000000
QK:/rrc/crr: 0.000000000 0.073454743 0.926545257
QK:/rrc/r: 0.000000040 0.541551702 0.458448258
QQ:/cc/c: 0.999999979 0.000000021 0.000000000
QQ:/cc/crr: 0.000000000 0.999999994 0.000000006
QQ:/cc/r: 0.999999635 0.000000195 0.000000170
QQ:/crc/c: 0.999999957 0.000000043 0.000000000
QQ:/crc/crr: 0.000000000 0.999999991 0.000000009
QQ:/crc/r: 0.999999950 0.000000033 0.000000017
QQ:/crrc/c: 0.999999991 0.000000009 0.000000000
QQ:/crrc/crr: 0.000000000 0.999999997 0.000000003
QQ:/crrc/r: 0.999999945 0.000000049 0.000000005
QQ:/rc/c: 0.999999984 0.000000016 0.000000000
QQ:/rc/crr: 0.000000000 0.999999997 0.000000003
QQ:/rc/r: 0.999999972 0.000000015 0.000000013
QQ:/rrc/c: 0.999999910 0.000000090 0.000000000
QQ:/rrc/crr: 0.000000000 0.999999973 0.000000027
QQ:/rrc/r: 0.999999714 0.000000235 0.000000051
