J:/c: 0.286524598 0.713475402 0.000000000
J:/crr: 0.000000000 0.999999995 0.000000005
J:/r: 0.034332846 0.083170035 0.882497119
JJ:/cc/c: 0.999999995 0.000000005 0.000000000
JJ:/cc/crr: 0.000000000 0.999999995 0.000000005
JJ:/cc/r: 0.999999983 0.000000011 0.000000007
JJ:/crc/c: 0.999999986 0.000000014 0.000000000
JJ:/crc/crr: 0.000000000 0.999999990 0.000000010
JJ:/crc/r: 0.623287661 0.376712326 0.000000013
JJ:/crrc/c: 0.999999994 0.000000006 0.000000000
JJ:/crrc/crr: 0.000000000 0.999999995 0.000000005
JJ:/crrc/r: 0.999999925 0.000000068 0.000000007
JJ:/rc/c: 0.999999979 0.000000021 0.000000000
JJ:/rc/crr: 0.000000000 0.999999984 0.000000016
JJ:/rc/r: 0.999999964 0.000000014 0.000000022
JJ:/rrc/c: 0.999999951 0.000000049 0.000000000
JJ:/rrc/crr: 0.000000000 0.999999963 0.000000037
JJ:/rrc/r: 0.999999570 0.000000379 0.000000052
JK:/cc/c: 0.007120286 0.992879714 0.000000000
JK:/cc/crr: 0.000000000 0.000000218 0.999999782
JK:/cc/r: 0.000000381 0.000000002 0.999999617
JK:/crc/c: 0.544542231 0.455457769 0.000000000
JK:/crc/crr: 0.000000000 0.000000049 0.999999951
JK:/crc/r: 0.008160505 0.000000067 0.991839427
JK:/crrc/c: 0.376470194 0.623529806 0.000000000
JK:/crrc/crr: 0.000000000 0.000000160 0.999999840
JK:/crrc/r: 0.135775809 0.000000046 0.864224145
JK:/rc/c: 0.373670451 0.626329549 0.000000000
JK:/rc/crr: 0.000000000 0.000000012 0.999999988
JK:/rc/r: 0.253789650 0.000000007 0.746210342
JK:/rrc/c: 0.999998924 0.000001076 0.000000000
JK:/rrc/crr: 0.000000000 0.000000066 0.999999934
JK:/rrc/r: 0.201880222 0.000000101 0.798119677
JQ:/cc/c: 0.067621858 0.932378142 0.000000000
JQ:/cc/crr: 0.000000000 0.000000000 1.000000000
JQ:/cc/r: 0.021130893 0.000000000 0.978869107
JQ:/crc/c: 0.378530228 0.621469772 0.000000000
JQ:/crc/crr: 0.000000000 0.000001982 0.999998018
JQ:/crc/r: 0.079853138 0.000000018 0.920146844
JQ:/crrc/c: 0.034094488 0.965905512 0.000000000
JQ:/crrc/crr: 0.000000000 0.000000430 0.999999570
JQ:/crrc/r: 0.095177575 0.000000009 0.904822417
JQ:/rc/c: 0.999977025 0.000022975 0.000000000
JQ:/rc/crr: 0.000000000 0.000000000 1.000000000
JQ:/rc/r: 0.000000019 0.000000020 0.999999962
JQ:/rrc/c: 0.000009681 0.999990319 0.000000000
JQ:/rrc/crr: 0.000000000 0.010689377 0.989310623
JQ:/rrc/r: 0.306083525 0.000000103 0.693916372
K:/c: 0.999997860 0.000002140 0.000000000
K:/crr: 0.000000000 0.999999998 0.000000002
K:/r: 0.568479752 0.431520246 0.000000002
KJ:/cc/c: 0.011957742 0.988042258 0.000000000
KJ:/cc/crr: 0.000000000 0.943687537 0.056312463
KJ:/cc/r: 0.005744004 0.003641439 0.990614557
KJ:/crc/c: 0.130454344 0.869545656 0.000000000
KJ:/crc/crr: 0.000000000 0.999999980 0.000000020
KJ:/crc/r: 0.000000127 0.631147345 0.368852529
KJ:/crrc/c: 0.308942529 0.691057471 0.000000000
KJ:/crrc/crr: 0.000000000 0.527099395 0.472900605
KJ:/crrc/r: 0.042689704 0.695391515 0.261918782
KJ:/rc/c: 0.390173181 0.609826819 0.000000000
KJ:/rc/crr: 0.000000000 0.609862158 0.390137842
KJ:/rc/r: 0.020678665 0.630349522 0.348971813
KJ:/rrc/c: 0.465891701 0.534108299 0.000000000
KJ:/rrc/crr: 0.000000000 0.999949136 0.000050864
KJ:/rrc/r: 0.038104930 0.845118769 0.116776301
KK:/cc/c: 0.994106137 0.005893863 0.000000000
KK:/cc/crr: 0.000000000 0.995447232 0.004552768
KK:/cc/r: 0.997478687 0.001764143 0.000757170
KK:/crc/c: 0.999999828 0.000000172 0.000000000
KK:/crc/crr: 0.000000000 0.999999917 0.000000083
KK:/crc/r: 0.739336452 0.260663509 0.000000039
KK:/crrc/c: 0.999999994 0.000000006 0.000000000
KK:/crrc/crr: 0.000000000 0.999999995 0.000000005
KK:/crrc/r: 0.999994021 0.000005972 0.000000007
KK:/rc/c: 0.999999975 0.000000025 0.000000000
KK:/rc/crr: 0.000000000 0.999999980 0.000000020
KK:/rc/r: 0.999999956 0.000000017 0.000000028
KK:/rrc/c: 0.999999921 0.000000079 0.000000000
KK:/rrc/crr: 0.000000000 0.999999961 0.000000039
KK:/rrc/r: 0.960170340 0.039829620 0.000000040
KQ:/cc/c: 0.004452457 0.995547543 0.000000000
KQ:/cc/crr: 0.000000000 0.654019041 0.345980959
KQ:/cc/r: 0.022789793 0.969052505 0.008157702
KQ:/crc/c: 0.335474543 0.664525457 0.000000000
KQ:/crc/crr: 0.000000000 0.032764725 0.967235275
KQ:/crc/r: 0.000000014 0.310172657 0.689827329
KQ:/crrc/c: 0.606812347 0.393187653 0.000000000
KQ:/crrc/crr: 0.000000000 0.284483246 0.715516754
KQ:/crrc/r: 0.000005096 0.659453194 0.340541710
KQ:/rc/c: 0.000027449 0.999972551 0.000000000
KQ:/rc/crr: 0.000000000 0.005236514 0.994763486
KQ:/rc/r: 0.000000124 0.208977101 0.791022775
KQ:/rrc/c: 0.501235362 0.498764638 0.000000000
KQ:/rrc/crr: 0.000000000 0.338987386 0.661012614
KQ:/rrc/r: 0.064988511 0.433231863 0.501779627
Q:/c: 0.842680261 0.157319739 0.000000000
Q:/crr: 0.000000000 0.999999948 0.000000052
Q:/r: 0.358615363 0.641384333 0.000000304
QJ:/cc/c: 0.000000476 0.999999524 0.000000000
QJ:/cc/crr: 0.000000000 0.059457972 0.940542028
QJ:/cc/r: 0.000000080 0.000000085 0.999999835
QJ:/crc/c: 0.518067120 0.481932880 0.000000000
QJ:/crc/crr: 0.000000000 0.000924696 0.999075304
QJ:/crc/r: 0.000000040 0.000000006 0.999999955
QJ:/crrc/c: 0.000000093 0.999999907 0.000000000
QJ:/crrc/crr: 0.000000000 0.137905968 0.862094032
QJ:/crrc/r: 0.010901458 0.000000000 0.989098542
QJ:/rc/c: 0.000000534 0.999999466 0.000000000
QJ:/rc/crr: 0.000000000 0.001563166 0.998436834
QJ:/rc/r: 0.011035195 0.000000007 0.988964799
QJ:/rrc/c: 0.000000326 0.999999674 0.000000000
QJ:/rrc/crr: 0.000000000 0.057885800 0.942114200
QJ:/rrc/r: 0.000000037 0.000000010 0.999999953
QK:/cc/c: 0.147242360 0.852757640 0.000000000
QK:/cc/crr: 0.000000000 0.999999935 0.000000065
QK:/cc/r: 0.000000144 0.620291557 0.379708299
QK:/crc/c: 0.251655698 0.748344302 0.000000000
QK:/crc/crr: 0.000000000 0.000009463 0.999990537
QK:/crc/r: 0.000000185 0.331709111 0.668290704
QK:/crrc/c: 0.160836902 0.839163098 0.000000000
QK:/crrc/crr: 0.000000000 0.000002778 0.999997222
QK:/crrc/r: 0.000000275 0.193034701 0.806965024
QK:/rc/c: 0.358138415 0.641861585 0.000000000
QK:/rc/crr: 0.000000000 0.000005649 0.999994351
QK:/rc/r: 0.000000014 0.209481543 0.790518443
QK:/rrc/c: 0.412386032 0.587613968 0.000000000
QK:/rrc/crr: 0.000000000 0.041589247 0.958410753
QK:/rrc/r: 0.000000041 0.392682492 0.607317466
QQ:/cc/c: 0.999999985 0.000000015 0.000000000
QQ:/cc/crr: 0.000000000 0.999999989 0.000000011
QQ:/cc/r: 0.999999644 0.000000137 0.000000219
QQ:/crc/c: 0.999999969 0.000000031 0.000000000
QQ:/crc/crr: 0.000000000 0.999999984 0.000000016
QQ:/crc/r: 0.999999954 0.000000023 0.000000022
QQ:/crrc/c: 0.999999994 0.000000006 0.000000000
QQ:/crrc/crr: 0.000000000 0.999999995 0.000000005
QQ:/crrc/r: 0.999999958 0.000000035 0.000000007
QQ:/rc/c: 0.999999988 0.000000012 0.000000000
QQ:/rc/crr: 0.000000000 0.999999995 0.000000005
QQ:/rc/r: 0.999999972 0.000000011 0.000000017
QQ:/rrc/c: 0.999999937 0.000000063 0.000000000
QQ:/rrc/crr: 0.000000000 0.999999951 0.000000049
QQ:/rrc/r: 0.999999769 0.000000166 0.000000065
