J:/c: 0.249532868 0.750467132 0.000000000
J:/crr: 0.000000000 0.999999996 0.000000004
J:/r: 0.037674712 0.110228488 0.852096800
JJ:/cc/c: 0.999999994 0.000000006 0.000000000
JJ:/cc/crr: 0.000000000 0.999999996 0.000000004
JJ:/cc/r: 0.999999981 0.000000013 0.000000006
JJ:/crc/c: 0.999999983 0.000000017 0.000000000
JJ:/crc/crr: 0.000000000 0.999999993 0.000000007
JJ:/crc/r: 0.578042951 0.421957038 0.000000011
JJ:/crrc/c: 0.999999992 0.000000008 0.000000000
JJ:/crrc/crr: 0.000000000 0.999999996 0.000000004
JJ:/crrc/r: 0.999999912 0.000000082 0.000000006
JJ:/rc/c: 0.999999974 0.000000026 0.000000000
JJ:/rc/crr: 0.000000000 0.999999988 0.000000012
JJ:/rc/r: 0.999999964 0.000000017 0.000000020
JJ:/rrc/c: 0.999999941 0.000000059 0.000000000
JJ:/rrc/crr: 0.000000000 0.999999973 0.000000027
JJ:/rrc/r: 0.999999497 0.000000457 0.000000045
JK:/cc/c: 0.005902594 0.994097406 0.000000000
JK:/cc/crr: 0.000000000 0.000000299 0.999999701
JK:/cc/r: 0.000000433 0.000000003 0.999999564
JK:/crc/c: 0.497465237 0.502534763 0.000000000
JK:/crc/crr: 0.000000000 0.000000067 0.999999933
JK:/crc/r: 0.009263991 0.000000092 0.990735917
JK:/crrc/c: 0.333290634 0.666709366 0.000000000
JK:/crrc/crr: 0.000000000 0.000000220 0.999999780
JK:/crrc/r: 0.151499908 0.000000062 0.848500030
JK:/rc/c: 0.330641730 0.669358270 0.000000000
JK:/rc/crr: 0.000000000 0.000000016 0.999999984
JK:/rc/r: 0.278772263 0.000000010 0.721227727
JK:/rrc/c: 0.999998701 0.000001299 0.000000000
JK:/rrc/crr: 0.000000000 0.000000090 0.999999910
JK:/rrc/r: 0.223281936 0.000000134 0.776717929
JQ:/cc/c: 0.056647678 0.943352322 0.000000000
JQ:/cc/crr: 0.000000000 0.000000000 1.000000000
JQ:/cc/r: 0.023945925 0.000000000 0.976054075
JQ:/crc/c: 0.335241426 0.664758574 0.000000000
JQ:/crc/crr: 0.000000000 0.000002721 0.999997279
JQ:/crc/r: 0.089773623 0.000000025 0.910226352
JQ:/crrc/c: 0.028395671 0.971604329 0.000000000
JQ:/crrc/crr: 0.000000000 0.000000590 0.999999410
JQ:/crrc/r: 0.106780945 0.000000012 0.893219044
JQ:/rc/c: 0.999972251 0.000027749 0.000000000
JQ:/rc/crr: 0.000000000 0.000000000 1.000000000
JQ:/rc/r: 0.000000021 0.000000027 0.999999952
JQ:/rrc/c: 0.000008015 0.999991985 0.000000000
JQ:/rrc/crr: 0.000000000 0.014614277 0.985385723
JQ:/rrc/r: 0.333910370 0.000000135 0.666089494
K:/c: 0.999997416 0.000002584 0.000000000
K:/crr: 0.000000000 0.999999999 0.000000001
K:/r: 0.521703759 0.478296240 0.000000001
KJ:/cc/c: 0.009921028 0.990078972 0.000000000
KJ:/cc/crr: 0.000000000 0.958337672 0.041662328
KJ:/cc/r: 0.006514041 0.004987645 0.988498314
KJ:/crc/c: 0.110491628 0.889508372 0.000000000
KJ:/crc/crr: 0.000000000 0.999999986 0.000000014
KJ:/crc/r: 0.000000116 0.701377428 0.298622456
KJ:/crrc/c: 0.270152428 0.729847572 0.000000000
KJ:/crrc/crr: 0.000000000 0.604733476 0.395266524
KJ:/crrc/r: 0.038354453 0.754586220 0.207059326
KJ:/rc/c: 0.346294821 0.653705179 0.000000000
KJ:/rc/crr: 0.000000000 0.682103702 0.317896298
KJ:/rc/r: 0.018987587 0.699061744 0.281950669
KJ:/rrc/c: 0.419353704 0.580646296 0.000000000
KJ:/rrc/crr: 0.000000000 0.999962943 0.000037057
KJ:/rrc/r: 0.032804619 0.878735970 0.088459411
KK:/cc/c: 0.992890233 0.007109767 0.000000000
KK:/cc/crr: 0.000000000 0.996679058 0.003320942
KK:/cc/r: 0.997203842 0.002130105 0.000666054
KK:/crc/c: 0.999999792 0.000000208 0.000000000
KK:/crc/crr: 0.000000000 0.999999940 0.000000060
KK:/crc/r: 0.701351315 0.298648652 0.000000033
KK:/crrc/c: 0.999999992 0.000000008 0.000000000
KK:/crrc/crr: 0.000000000 0.999999996 0.000000004
KK:/crrc/r: 0.999992781 0.000007213 0.000000006
KK:/rc/c: 0.999999969 0.000000031 0.000000000
KK:/rc/crr: 0.000000000 0.999999986 0.000000014
KK:/rc/r: 0.999999955 0.000000020 0.000000024
KK:/rrc/c: 0.999999904 0.000000096 0.000000000
KK:/rrc/crr: 0.000000000 0.999999972 0.000000028
KK:/rrc/r: 0.952289496 0.047710470 0.000000034
KQ:/cc/c: 0.003689315 0.996310685 0.000000000
KQ:/cc/crr: 0.000000000 0.721813765 0.278186235
KQ:/cc/r: 0.018985683 0.975034482 0.005979835
KQ:/crc/c: 0.294774126 0.705225874 0.000000000
KQ:/crc/crr: 0.000000000 0.044431166 0.955568834
KQ:/crc/r: 0.000000014 0.381641051 0.618358935
KQ:/crrc/c: 0.560982632 0.439017368 0.000000000
KQ:/crrc/crr: 0.000000000 0.353061948 0.646938052
KQ:/crrc/r: 0.000004650 0.726627774 0.273367576
KQ:/rc/c: 0.000022727 0.999977273 0.000000000
KQ:/rc/crr: 0.000000000 0.007173763 0.992826237
KQ:/rc/r: 0.000000130 0.266123823 0.733876047
KQ:/rrc/c: 0.454168962 0.545831038 0.000000000
KQ:/rrc/crr: 0.000000000 0.413118999 0.586881001
KQ:/rrc/r: 0.063110703 0.508128612 0.428760685
Q:/c: 0.816007068 0.183992932 0.000000000
Q:/crr: 0.000000000 0.999999962 0.000000038
Q:/r: 0.316444400 0.683555364 0.000000236
QJ:/cc/c: 0.000000394 0.999999606 0.000000000
QJ:/cc/crr: 0.000000000 0.079844405 0.920155595
QJ:/cc/r: 0.000000091 0.000000116 0.999999792
QJ:/crc/c: 0.470912460 0.529087540 0.000000000
QJ:/crc/crr: 0.000000000 0.001268822 0.998731178
QJ:/crc/r: 0.000000045 0.000000008 0.999999948
QJ:/crrc/c: 0.000000077 0.999999923 0.000000000
QJ:/crrc/crr: 0.000000000 0.180041160 0.819958840
QJ:/crrc/r: 0.012370960 0.000000000 0.987629040
QJ:/rc/c: 0.000000442 0.999999558 0.000000000
QJ:/rc/crr: 0.000000000 0.002144388 0.997855612
QJ:/rc/r: 0.012522495 0.000000009 0.987477496
QJ:/rrc/c: 0.000000270 0.999999730 0.000000000
QJ:/rrc/crr: 0.000000000 0.077777756 0.922222244
QJ:/rrc/r: 0.000000042 0.000000014 0.999999944
QK:/cc/c: 0.125080201 0.874919799 0.000000000
QK:/cc/crr: 0.000000000 0.999999953 0.000000047
QK:/cc/r: 0.000000133 0.691578541 0.308421326
QK:/crc/c: 0.217791536 0.782208464 0.000000000
QK:/crc/crr: 0.000000000 0.000012989 0.999987011
QK:/crc/r: 0.000000187 0.405224803 0.594775009
QK:/crrc/c: 0.136957190 0.863042810 0.000000000
QK:/crrc/crr: 0.000000000 0.000003813 0.999996187
QK:/crrc/r: 0.000000291 0.247184138 0.752815571
QK:/rc/c: 0.315995878 0.684004122 0.000000000
QK:/rc/crr: 0.000000000 0.000007754 0.999992246
QK:/rc/r: 0.000000015 0.266719700 0.733280285
QK:/rrc/c: 0.367515092 0.632484908 0.000000000
QK:/rrc/crr: 0.000000000 0.056215191 0.943784809
QK:/rrc/r: 0.000000041 0.470203666 0.529796293
QQ:/cc/c: 0.999999982 0.000000018 0.000000000
QQ:/cc/crr: 0.000000000 0.999999992 0.000000008
QQ:/cc/r: 0.999999642 0.000000166 0.000000192
QQ:/crc/c: 0.999999963 0.000000037 0.000000000
QQ:/crc/crr: 0.000000000 0.999999988 0.000000012
QQ:/crc/r: 0.999999952 0.000000028 0.000000020
QQ:/crrc/c: 0.999999992 0.000000008 0.000000000
QQ:/crrc/crr: 0.000000000 0.999999996 0.000000004
QQ:/crrc/r: 0.999999952 0.000000042 0.000000006
QQ:/rc/c: 0.999999986 0.000000014 0.000000000
QQ:/rc/crr: 0.000000000 0.999999996 0.000000004
QQ:/rc/r: 0.999999972 0.000000013 0.000000015
QQ:/rrc/c: 0.999999923 0.000000077 0.000000000
QQ:/rrc/crr: 0.000000000 0.999999964 0.000000036
QQ:/rrc/r: 0.999999742 0.000000201 0.000000058
