J:/c: 0.235376500 0.764623500 0.000000000
J:/crr: 0.000000000 0.999999998 0.000000002
J:/r: 0.048649207 0.153744750 0.797606043
JJ:/cc/c: 0.999999993 0.000000007 0.000000000
JJ:/cc/crr: 0.000000000 0.999999998 0.000000002
JJ:/cc/r: 0.999999982 0.000000014 0.000000004
JJ:/crc/c: 0.999999982 0.000000018 0.000000000
JJ:/crc/crr: 0.000000000 0.999999995 0.000000005
JJ:/crc/r: 0.559135106 0.440864886 0.000000008
JJ:/crrc/c: 0.999999992 0.000000008 0.000000000
JJ:/crrc/crr: 0.000000000 0.999999998 0.000000002
JJ:/crrc/r: 0.999999907 0.000000088 0.000000004
JJ:/rc/c: 0.999999972 0.000000028 0.000000000
JJ:/rc/crr: 0.000000000 0.999999992 0.000000008
JJ:/rc/r: 0.999999968 0.000000018 0.000000014
JJ:/rrc/c: 0.999999937 0.000000063 0.000000000
JJ:/rrc/crr: 0.000000000 0.999999982 0.000000018
JJ:/rrc/r: 0.999999473 0.000000494 0.000000033
JK:/cc/c: 0.005467043 0.994532957 0.000000000
JK:/cc/crr: 0.000000000 0.000000446 0.999999554
JK:/cc/r: 0.000000597 0.000000005 0.999999398
JK:/crc/c: 0.478206038 0.521793962 0.000000000
JK:/crc/crr: 0.000000000 0.000000099 0.999999901
JK:/crc/r: 0.012735036 0.000000137 0.987264827
JK:/crrc/c: 0.316385812 0.683614188 0.000000000
JK:/crrc/crr: 0.000000000 0.000000328 0.999999672
JK:/crrc/r: 0.197633137 0.000000087 0.802366776
JK:/rc/c: 0.313808024 0.686191976 0.000000000
JK:/rc/crr: 0.000000000 0.000000024 0.999999976
JK:/rc/r: 0.347776327 0.000000013 0.652223660
JK:/rrc/c: 0.999998597 0.000001403 0.000000000
JK:/rrc/crr: 0.000000000 0.000000134 0.999999866
JK:/rrc/r: 0.283958400 0.000000185 0.716041415
JQ:/cc/c: 0.052666041 0.947333959 0.000000000
JQ:/cc/crr: 0.000000000 0.000000000 1.000000000
JQ:/cc/r: 0.032736252 0.000000000 0.967263748
JQ:/crc/c: 0.318284894 0.681715106 0.000000000
JQ:/crc/crr: 0.000000000 0.000004055 0.999995945
JQ:/crc/r: 0.119763632 0.000000036 0.880236332
JQ:/crrc/c: 0.026344349 0.973655651 0.000000000
JQ:/crrc/crr: 0.000000000 0.000000879 0.999999121
JQ:/crrc/r: 0.141568811 0.000000017 0.858431172
JQ:/rc/c: 0.999970027 0.000029973 0.000000000
JQ:/rc/crr: 0.000000000 0.000000000 1.000000000
JQ:/rc/r: 0.000000029 0.000000040 0.999999931
JQ:/rrc/c: 0.000007420 0.999992580 0.000000000
JQ:/rrc/crr: 0.000000000 0.021621455 0.978378545
JQ:/rrc/r: 0.408826183 0.000000179 0.591173638
K:/c: 0.999998098 0.000001902 0.000000000
K:/crr: 0.000000000 0.999999999 0.000000001
K:/r: 0.597076523 0.402923476 0.000000001
KJ:/cc/c: 0.013430585 0.986569415 0.000000000
KJ:/cc/crr: 0.000000000 0.964446221 0.035553779
KJ:/cc/r: 0.010386312 0.005853640 0.983760048
KJ:/crc/c: 0.144389571 0.855610429 0.000000000
KJ:/crc/crr: 0.000000000 0.999999988 0.000000012
KJ:/crc/r: 0.000000166 0.734732978 0.265266856
KJ:/crrc/c: 0.334607172 0.665392828 0.000000000
KJ:/crrc/crr: 0.000000000 0.643395498 0.356604502
KJ:/crrc/r: 0.053047321 0.768203189 0.178749490
KJ:/rc/c: 0.418499300 0.581500700 0.000000000
KJ:/rc/crr: 0.000000000 0.716742696 0.283257304
KJ:/rc/r: 0.026760741 0.725209472 0.248029787
KJ:/rrc/c: 0.495250628 0.504749372 0.000000000
KJ:/rrc/crr: 0.000000000 0.999968577 0.000031423
KJ:/rrc/r: 0.044642453 0.880219580 0.075137967
KK:/cc/c: 0.994756870 0.005243130 0.000000000
KK:/cc/crr: 0.000000000 0.997182504 0.002817496
KK:/cc/r: 0.998014749 0.001569183 0.000416068
KK:/crc/c: 0.999999847 0.000000153 0.000000000
KK:/crc/crr: 0.000000000 0.999999949 0.000000051
KK:/crc/r: 0.761363608 0.238636370 0.000000022
KK:/crrc/c: 0.999999994 0.000000006 0.000000000
KK:/crrc/crr: 0.000000000 0.999999997 0.000000003
KK:/crrc/r: 0.999994687 0.000005309 0.000000004
KK:/rc/c: 0.999999977 0.000000023 0.000000000
KK:/rc/crr: 0.000000000 0.999999988 0.000000012
KK:/rc/r: 0.999999970 0.000000015 0.000000015
KK:/rrc/c: 0.999999929 0.000000071 0.000000000
KK:/rrc/crr: 0.000000000 0.999999976 0.000000024
KK:/rrc/r: 0.964433840 0.035566139 0.000000022
KQ:/cc/c: 0.005005552 0.994994448 0.000000000
KQ:/cc/crr: 0.000000000 0.753688305 0.246311695
KQ:/cc/r: 0.025642034 0.969316953 0.005041013
KQ:/crc/c: 0.362188093 0.637811907 0.000000000
KQ:/crc/crr: 0.000000000 0.051982743 0.948017257
KQ:/crc/r: 0.000000021 0.421240310 0.578759669
KQ:/crrc/c: 0.634502078 0.365497922 0.000000000
KQ:/crrc/crr: 0.000000000 0.391573645 0.608426355
KQ:/crrc/r: 0.000006591 0.758133674 0.241859736
KQ:/rc/c: 0.000030876 0.999969124 0.000000000
KQ:/rc/crr: 0.000000000 0.008449014 0.991550986
KQ:/rc/r: 0.000000199 0.299543214 0.700456587
KQ:/rrc/c: 0.530608881 0.469391119 0.000000000
KQ:/rrc/crr: 0.000000000 0.453588577 0.546411423
KQ:/rrc/r: 0.089550668 0.530712154 0.379737178
Q:/c: 0.857655786 0.142344214 0.000000000
Q:/crr: 0.000000000 0.999999968 0.000000032
Q:/r: 0.386101008 0.613898813 0.000000180
QJ:/cc/c: 0.000000535 0.999999465 0.000000000
QJ:/cc/crr: 0.000000000 0.092830149 0.907169851
QJ:/cc/r: 0.000000146 0.000000137 0.999999717
QJ:/crc/c: 0.547344566 0.452655434 0.000000000
QJ:/crc/crr: 0.000000000 0.001495957 0.998504043
QJ:/crc/r: 0.000000072 0.000000009 0.999999919
QJ:/crrc/c: 0.000000104 0.999999896 0.000000000
QJ:/crrc/crr: 0.000000000 0.205680152 0.794319848
QJ:/crrc/r: 0.019673335 0.000000000 0.980326665
QJ:/rc/c: 0.000000601 0.999999399 0.000000000
QJ:/rc/crr: 0.000000000 0.002527864 0.997472136
QJ:/rc/r: 0.019912516 0.000000011 0.980087473
QJ:/rrc/c: 0.000000367 0.999999633 0.000000000
QJ:/rrc/crr: 0.000000000 0.090460427 0.909539573
QJ:/rrc/r: 0.000000067 0.000000017 0.999999916
QK:/cc/c: 0.162635483 0.837364517 0.000000000
QK:/cc/crr: 0.000000000 0.999999960 0.000000040
QK:/cc/r: 0.000000189 0.725600396 0.274399415
QK:/crc/c: 0.274451386 0.725548614 0.000000000
QK:/crc/crr: 0.000000000 0.000015318 0.999984682
QK:/crc/r: 0.000000280 0.445508050 0.554491671
QK:/crrc/c: 0.177355654 0.822644346 0.000000000
QK:/crrc/crr: 0.000000000 0.000004496 0.999995504
QK:/crrc/r: 0.000000447 0.279129719 0.720869834
QK:/rc/c: 0.385609439 0.614390561 0.000000000
QK:/rc/crr: 0.000000000 0.000009145 0.999990855
QK:/rc/r: 0.000000023 0.300183332 0.699816645
QK:/rrc/c: 0.441158179 0.558841821 0.000000000
QK:/rrc/crr: 0.000000000 0.065632035 0.934367965
QK:/rrc/r: 0.000000060 0.511392521 0.488607418
QQ:/cc/c: 0.999999987 0.000000013 0.000000000
QQ:/cc/crr: 0.000000000 0.999999993 0.000000007
QQ:/cc/r: 0.999999758 0.000000122 0.000000120
QQ:/crc/c: 0.999999973 0.000000027 0.000000000
QQ:/crc/crr: 0.000000000 0.999999990 0.000000010
QQ:/crc/r: 0.999999967 0.000000021 0.000000012
QQ:/crrc/c: 0.999999994 0.000000006 0.000000000
QQ:/crrc/crr: 0.000000000 0.999999997 0.000000003
QQ:/crrc/r: 0.999999965 0.000000031 0.000000004
QQ:/rc/c: 0.999999990 0.000000010 0.000000000
QQ:/rc/crr: 0.000000000 0.999999997 0.000000003
QQ:/rc/r: 0.999999981 0.000000009 0.000000009
QQ:/rrc/c: 0.999999944 0.000000056 0.000000000
QQ:/rrc/crr: 0.000000000 0.999999970 0.000000030
QQ:/rrc/r: 0.999999816 0.000000148 0.000000036
