J:/c: 0.298126749 0.701873251 0.000000000
J:/crr: 0.000000000 0.999999997 0.000000003
J:/r: 0.054870914 0.125672407 0.819456679
JJ:/cc/c: 0.999999995 0.000000005 0.000000000
JJ:/cc/crr: 0.000000000 0.999999997 0.000000003
JJ:/cc/r: 0.999999986 0.000000010 0.000000004
JJ:/crc/c: 0.999999987 0.000000013 0.000000000
JJ:/crc/crr: 0.000000000 0.999999994 0.000000006
JJ:/crc/r: 0.636363629 0.363636363 0.000000008
JJ:/crrc/c: 0.999999994 0.000000006 0.000000000
JJ:/crrc/crr: 0.000000000 0.999999997 0.000000003
JJ:/crrc/r: 0.999999932 0.000000064 0.000000004
JJ:/rc/c: 0.999999980 0.000000020 0.000000000
JJ:/rc/crr: 0.000000000 0.999999990 0.000000010
JJ:/rc/r: 0.999999974 0.000000013 0.000000013
JJ:/rrc/c: 0.999999954 0.000000046 0.000000000
JJ:/rrc/crr: 0.000000000 0.999999977 0.000000023
JJ:/rrc/r: 0.999999612 0.000000358 0.000000030
JK:/cc/c: 0.007527979 0.992472021 0.000000000
JK:/cc/crr: 0.000000000 0.000000355 0.999999645
JK:/cc/r: 0.000000655 0.000000004 0.999999341
JK:/crc/c: 0.558415020 0.441584980 0.000000000
JK:/crc/crr: 0.000000000 0.000000079 0.999999921
JK:/crc/r: 0.013963311 0.000000109 0.986036580
JK:/crrc/c: 0.389725021 0.610274979 0.000000000
JK:/crrc/crr: 0.000000000 0.000000261 0.999999739
JK:/crrc/r: 0.212849808 0.000000068 0.787150124
JK:/rc/c: 0.386887868 0.613112132 0.000000000
JK:/rc/crr: 0.000000000 0.000000019 0.999999981
JK:/rc/r: 0.369233420 0.000000010 0.630766570
JK:/rrc/c: 0.999998983 0.000001017 0.000000000
JK:/rrc/crr: 0.000000000 0.000000107 0.999999893
JK:/rrc/r: 0.303309127 0.000000143 0.696690730
JQ:/cc/c: 0.071245173 0.928754827 0.000000000
JQ:/cc/crr: 0.000000000 0.000000000 1.000000000
JQ:/cc/r: 0.035823615 0.000000000 0.964176385
JQ:/crc/c: 0.391812009 0.608187991 0.000000000
JQ:/crc/crr: 0.000000000 0.000003226 0.999996774
JQ:/crc/r: 0.129955845 0.000000028 0.870044127
JQ:/crrc/c: 0.035990684 0.964009316 0.000000000
JQ:/crrc/crr: 0.000000000 0.000000699 0.999999301
JQ:/crrc/r: 0.153293536 0.000000013 0.846706451
JQ:/rc/c: 0.999978278 0.000021722 0.000000000
JQ:/rc/crr: 0.000000000 0.000000000 1.000000000
JQ:/rc/r: 0.000000032 0.000000032 0.999999936
JQ:/rrc/c: 0.000010239 0.999989761 0.000000000
JQ:/rrc/crr: 0.000000000 0.017278676 0.982721324
JQ:/rrc/r: 0.431557658 0.000000137 0.568442205
K:/c: 0.999998382 0.000001618 0.000000000
K:/crr: 0.000000000 0.999999999 0.000000001
K:/r: 0.635268037 0.364731962 0.000000001
KJ:/cc/c: 0.015748854 0.984251146 0.000000000
KJ:/cc/crr: 0.000000000 0.956171003 0.043828997
KJ:/cc/r: 0.009834767 0.004715774 0.985449459
KJ:/crc/c: 0.165520309 0.834479691 0.000000000
KJ:/crc/crr: 0.000000000 0.999999985 0.000000015
KJ:/crc/r: 0.000000183 0.690167765 0.309832052
KJ:/crrc/c: 0.371488900 0.628511100 0.000000000
KJ:/crrc/crr: 0.000000000 0.592006361 0.407993639
KJ:/crrc/r: 0.059222587 0.729666256 0.211111157
KJ:/rc/c: 0.458259546 0.541740454 0.000000000
KJ:/rc/crr: 0.000000000 0.670510468 0.329489532
KJ:/rc/r: 0.029532230 0.680903882 0.289563888
KJ:/rrc/c: 0.535586626 0.464413374 0.000000000
KJ:/rrc/crr: 0.000000000 0.999960928 0.000039072
KJ:/rrc/r: 0.051135908 0.857814119 0.091049974
KK:/cc/c: 0.995535685 0.004464315 0.000000000
KK:/cc/crr: 0.000000000 0.996499067 0.003500933
KK:/cc/r: 0.998224420 0.001335331 0.000440249
KK:/crc/c: 0.999999870 0.000000130 0.000000000
KK:/crc/crr: 0.000000000 0.999999936 0.000000064
KK:/crc/r: 0.789473655 0.210526321 0.000000024
KK:/crrc/c: 0.999999995 0.000000005 0.000000000
KK:/crrc/crr: 0.000000000 0.999999996 0.000000004
KK:/crrc/r: 0.999995479 0.000004517 0.000000004
KK:/rc/c: 0.999999981 0.000000019 0.000000000
KK:/rc/crr: 0.000000000 0.999999985 0.000000015
KK:/rc/r: 0.999999971 0.000000013 0.000000016
KK:/rrc/c: 0.999999940 0.000000060 0.000000000
KK:/rrc/crr: 0.000000000 0.999999970 0.000000030
KK:/rrc/r: 0.969579098 0.030420879 0.000000023
KQ:/cc/c: 0.005878231 0.994121769 0.000000000
KQ:/cc/crr: 0.000000000 0.711055245 0.288944755
KQ:/cc/r: 0.029967424 0.963800148 0.006232427
KQ:/crc/c: 0.400281077 0.599718923 0.000000000
KQ:/crc/crr: 0.000000000 0.042236043 0.957763957
KQ:/crc/r: 0.000000022 0.369223287 0.630776691
KQ:/crrc/c: 0.671100270 0.328899730 0.000000000
KQ:/crrc/crr: 0.000000000 0.341061192 0.658938808
KQ:/crrc/r: 0.000007316 0.715980394 0.284012290
KQ:/rc/c: 0.000036291 0.999963709 0.000000000
KQ:/rc/crr: 0.000000000 0.006806232 0.993193768
KQ:/rc/r: 0.000000200 0.255909185 0.744090615
KQ:/rrc/c: 0.570569354 0.429430646 0.000000000
KQ:/rrc/crr: 0.000000000 0.400340121 0.599659879
KQ:/rrc/r: 0.094983822 0.478921227 0.426094951
Q:/c: 0.831800401 0.168199599 0.000000000
Q:/crr: 0.000000000 0.999999978 0.000000022
Q:/r: 0.340460033 0.659539835 0.000000132
QJ:/cc/c: 0.000000439 0.999999561 0.000000000
QJ:/cc/crr: 0.000000000 0.130329822 0.869670178
QJ:/cc/r: 0.000000175 0.000000201 0.999999623
QJ:/crc/c: 0.498108456 0.501891544 0.000000000
QJ:/crc/crr: 0.000000000 0.002189304 0.997810696
QJ:/crc/r: 0.000000086 0.000000013 0.999999900
QJ:/crrc/c: 0.000000086 0.999999914 0.000000000
QJ:/crrc/crr: 0.000000000 0.274949995 0.725050005
QJ:/crrc/r: 0.023554026 0.000000000 0.976445974
QJ:/rc/c: 0.000000493 0.999999507 0.000000000
QJ:/rc/crr: 0.000000000 0.003697710 0.996302290
QJ:/rc/r: 0.023839239 0.000000016 0.976160745
QJ:/rrc/c: 0.000000301 0.999999699 0.000000000
QJ:/rrc/crr: 0.000000000 0.127136986 0.872863014
QJ:/rrc/r: 0.000000080 0.000000025 0.999999895
QK:/cc/c: 0.137494025 0.862505975 0.000000000
QK:/cc/crr: 0.000000000 0.999999973 0.000000027
QK:/cc/r: 0.000000170 0.794770802 0.205229028
QK:/crc/c: 0.236915097 0.763084903 0.000000000
QK:/crc/crr: 0.000000000 0.000022433 0.999977567
QK:/crc/r: 0.000000279 0.540579413 0.459420308
QK:/crrc/c: 0.150347210 0.849652790 0.000000000
QK:/crrc/crr: 0.000000000 0.000006585 0.999993415
QK:/crrc/r: 0.000000476 0.361866953 0.638132572
QK:/rc/c: 0.339994370 0.660005630 0.000000000
QK:/rc/crr: 0.000000000 0.000013392 0.999986608
QK:/rc/r: 0.000000025 0.385821095 0.614178880
QK:/rrc/c: 0.393177180 0.606822820 0.000000000
QK:/rrc/crr: 0.000000000 0.093274424 0.906725576
QK:/rrc/r: 0.000000059 0.605178687 0.394821254
QQ:/cc/c: 0.999999984 0.000000016 0.000000000
QQ:/cc/crr: 0.000000000 0.999999995 0.000000005
QQ:/cc/r: 0.999999751 0.000000149 0.000000100
QQ:/crc/c: 0.999999967 0.000000033 0.000000000
QQ:/crc/crr: 0.000000000 0.999999993 0.000000007
QQ:/crc/r: 0.999999965 0.000000025 0.000000010
QQ:/crrc/c: 0.999999993 0.000000007 0.000000000
QQ:/crrc/crr: 0.000000000 0.999999998 0.000000002
QQ:/crrc/r: 0.999999959 0.000000038 0.000000003
QQ:/rc/c: 0.999999987 0.000000013 0.000000000
QQ:/rc/crr: 0.000000000 0.999999998 0.000000002
QQ:/rc/r: 0.999999981 0.000000011 0.000000008
QQ:/rrc/c: 0.999999931 0.000000069 0.000000000
QQ:/rrc/crr: 0.000000000 0.999999979 0.000000021
QQ:/rrc/r: 0.999999790 0.000000180 0.000000030
