J:/c: 0.285175414 0.714824586 0.000000000
J:/crr: 0.000000000 0.999999997 0.000000003
J:/r: 0.045873906 0.111864713 0.842261382
JJ:/cc/c: 0.999999995 0.000000005 0.000000000
JJ:/cc/crr: 0.000000000 0.999999997 0.000000003
JJ:/cc/r: 0.999999984 0.000000011 0.000000005
JJ:/crc/c: 0.999999986 0.000000014 0.000000000
JJ:/crc/crr: 0.000000000 0.999999993 0.000000007
JJ:/crc/r: 0.621734579 0.378265411 0.000000010
JJ:/crrc/c: 0.999999994 0.000000006 0.000000000
JJ:/crrc/crr: 0.000000000 0.999999997 0.000000003
JJ:/crrc/r: 0.999999927 0.000000068 0.000000005
JJ:/rc/c: 0.999999979 0.000000021 0.000000000
JJ:/rc/crr: 0.000000000 0.999999988 0.000000012
JJ:/rc/r: 0.999999970 0.000000014 0.000000016
JJ:/rrc/c: 0.999999951 0.000000049 0.000000000
JJ:/rrc/crr: 0.000000000 0.999999973 0.000000027
JJ:/rrc/r: 0.999999582 0.000000381 0.000000037
JK:/cc/c: 0.007073714 0.992926286 0.000000000
JK:/cc/crr: 0.000000000 0.000000307 0.999999693
JK:/cc/r: 0.000000533 0.000000003 0.999999464
JK:/crc/c: 0.542902585 0.457097415 0.000000000
JK:/crc/crr: 0.000000000 0.000000068 0.999999932
JK:/crc/r: 0.011387388 0.000000095 0.988612517
JK:/crrc/c: 0.374920036 0.625079964 0.000000000
JK:/crrc/crr: 0.000000000 0.000000226 0.999999774
JK:/crrc/r: 0.180292345 0.000000061 0.819707593
JK:/rc/c: 0.372124942 0.627875058 0.000000000
JK:/rc/crr: 0.000000000 0.000000016 0.999999984
JK:/rc/r: 0.322557630 0.000000009 0.677442361
JK:/rrc/c: 0.999998917 0.000001083 0.000000000
JK:/rrc/crr: 0.000000000 0.000000093 0.999999907
JK:/rrc/r: 0.261511922 0.000000131 0.738487946
JQ:/cc/c: 0.067206347 0.932793653 0.000000000
JQ:/cc/crr: 0.000000000 0.000000000 1.000000000
JQ:/cc/r: 0.029334923 0.000000000 0.970665077
JQ:/crc/c: 0.376976716 0.623023284 0.000000000
JQ:/crc/crr: 0.000000000 0.000002794 0.999997206
JQ:/crc/r: 0.108332796 0.000000025 0.891667179
JQ:/crrc/c: 0.033877504 0.966122496 0.000000000
JQ:/crrc/crr: 0.000000000 0.000000605 0.999999395
JQ:/crrc/r: 0.128360270 0.000000012 0.871639719
JQ:/rc/c: 0.999976872 0.000023128 0.000000000
JQ:/rc/crr: 0.000000000 0.000000000 1.000000000
JQ:/rc/r: 0.000000026 0.000000028 0.999999946
JQ:/rrc/c: 0.000009617 0.999990383 0.000000000
JQ:/rrc/crr: 0.000000000 0.014998549 0.985001451
JQ:/rrc/r: 0.381771812 0.000000129 0.618228059
K:/c: 0.999997846 0.000002154 0.000000000
K:/crr: 0.000000000 0.999999999 0.000000001
K:/r: 0.566857736 0.433142263 0.000000001
KJ:/cc/c: 0.011879909 0.988120091 0.000000000
KJ:/cc/crr: 0.000000000 0.959376912 0.040623088
KJ:/cc/r: 0.008011155 0.005112387 0.986876458
KJ:/crc/c: 0.129706461 0.870293539 0.000000000
KJ:/crc/crr: 0.000000000 0.999999986 0.000000014
KJ:/crc/r: 0.000000141 0.706865772 0.293134087
KJ:/crrc/c: 0.307533285 0.692466715 0.000000000
KJ:/crrc/crr: 0.000000000 0.611012956 0.388987044
KJ:/crrc/r: 0.045913785 0.752869402 0.201216814
KJ:/rc/c: 0.388601765 0.611398235 0.000000000
KJ:/rc/crr: 0.000000000 0.687788613 0.312211387
KJ:/rc/r: 0.022862568 0.701542934 0.275594497
KJ:/rrc/c: 0.464247484 0.535752516 0.000000000
KJ:/rrc/crr: 0.000000000 0.999963907 0.000036093
KJ:/rrc/r: 0.039192908 0.875012738 0.085794354
KK:/cc/c: 0.994067286 0.005932714 0.000000000
KK:/cc/crr: 0.000000000 0.996765125 0.003234875
KK:/cc/r: 0.997682842 0.001776205 0.000540954
KK:/crc/c: 0.999999826 0.000000174 0.000000000
KK:/crc/crr: 0.000000000 0.999999941 0.000000059
KK:/crc/r: 0.738060749 0.261939223 0.000000028
KK:/crrc/c: 0.999999994 0.000000006 0.000000000
KK:/crrc/crr: 0.000000000 0.999999997 0.000000003
KK:/crrc/r: 0.999993984 0.000006011 0.000000005
KK:/rc/c: 0.999999974 0.000000026 0.000000000
KK:/rc/crr: 0.000000000 0.999999986 0.000000014
KK:/rc/r: 0.999999963 0.000000017 0.000000020
KK:/rrc/c: 0.999999920 0.000000080 0.000000000
KK:/rrc/crr: 0.000000000 0.999999972 0.000000028
KK:/rrc/r: 0.959916827 0.040083145 0.000000028
KQ:/cc/c: 0.004423257 0.995576743 0.000000000
KQ:/cc/crr: 0.000000000 0.727072686 0.272927314
KQ:/cc/r: 0.022696847 0.971499911 0.005803242
KQ:/crc/c: 0.334002767 0.665997233 0.000000000
KQ:/crc/crr: 0.000000000 0.045563199 0.954436801
KQ:/crc/r: 0.000000017 0.387877223 0.612122760
KQ:/crrc/c: 0.605234360 0.394765640 0.000000000
KQ:/crrc/crr: 0.000000000 0.359102326 0.640897674
KQ:/crrc/r: 0.000005619 0.731828727 0.268165655
KQ:/rc/c: 0.000027269 0.999972731 0.000000000
KQ:/rc/crr: 0.000000000 0.007363854 0.992636146
KQ:/rc/r: 0.000000159 0.271300559 0.728699282
KQ:/rrc/c: 0.499583083 0.500416917 0.000000000
KQ:/rrc/crr: 0.000000000 0.419520570 0.580479430
KQ:/rrc/r: 0.075610952 0.507386395 0.417002653
Q:/c: 0.851503404 0.148496596 0.000000000
Q:/crr: 0.000000000 0.999999965 0.000000035
Q:/r: 0.374433217 0.625566583 0.000000200
QJ:/cc/c: 0.000000509 0.999999491 0.000000000
QJ:/cc/crr: 0.000000000 0.085515515 0.914484485
QJ:/cc/r: 0.000000127 0.000000125 0.999999748
QJ:/crc/c: 0.535050941 0.464949059 0.000000000
QJ:/crc/crr: 0.000000000 0.001367235 0.998632765
QJ:/crc/r: 0.000000063 0.000000008 0.999999929
QJ:/crrc/c: 0.000000099 0.999999901 0.000000000
QJ:/crrc/crr: 0.000000000 0.191349014 0.808650986
QJ:/crrc/r: 0.017153692 0.000000000 0.982846308
QJ:/rc/c: 0.000000572 0.999999428 0.000000000
QJ:/rc/crr: 0.000000000 0.002310556 0.997689444
QJ:/rc/r: 0.017362783 0.000000010 0.982637207
QJ:/rrc/c: 0.000000349 0.999999651 0.000000000
QJ:/rrc/crr: 0.000000000 0.083315369 0.916684631
QJ:/rrc/r: 0.000000058 0.000000015 0.999999927
QK:/cc/c: 0.156004634 0.843995366 0.000000000
QK:/cc/crr: 0.000000000 0.999999956 0.000000044
QK:/cc/r: 0.000000175 0.707300605 0.292699219
QK:/crc/c: 0.264702788 0.735297212 0.000000000
QK:/crc/crr: 0.000000000 0.000013998 0.999986002
QK:/crc/r: 0.000000253 0.423373163 0.576626584
QK:/crrc/c: 0.170246666 0.829753334 0.000000000
QK:/crrc/crr: 0.000000000 0.000004109 0.999995891
QK:/crrc/r: 0.000000398 0.261364813 0.738634788
QK:/rc/c: 0.373947462 0.626052538 0.000000000
QK:/rc/crr: 0.000000000 0.000008357 0.999991643
QK:/rc/r: 0.000000021 0.281601911 0.718398068
QK:/rrc/c: 0.428989248 0.571010752 0.000000000
QK:/rrc/crr: 0.000000000 0.060318005 0.939681995
QK:/rrc/r: 0.000000055 0.488870225 0.511129720
QQ:/cc/c: 0.999999986 0.000000014 0.000000000
QQ:/cc/crr: 0.000000000 0.999999992 0.000000008
QQ:/cc/r: 0.999999734 0.000000128 0.000000138
QQ:/crc/c: 0.999999971 0.000000029 0.000000000
QQ:/crc/crr: 0.000000000 0.999999989 0.000000011
QQ:/crc/r: 0.999999964 0.000000022 0.000000014
QQ:/crrc/c: 0.999999994 0.000000006 0.000000000
QQ:/crrc/crr: 0.000000000 0.999999997 0.000000003
QQ:/crrc/r: 0.999999963 0.000000033 0.000000004
QQ:/rc/c: 0.999999989 0.000000011 0.000000000
QQ:/rc/crr: 0.000000000 0.999999997 0.000000003
QQ:/rc/r: 0.999999979 0.000000010 0.000000011
QQ:/rrc/c: 0.999999941 0.000000059 0.000000000
QQ:/rrc/crr: 0.000000000 0.999999967 0.000000033
QQ:/rrc/r: 0.999999804 0.000000155 0.000000041
