J:/c: 0.260124789 0.739875211 0.000000000
J:/crr: 0.000000000 0.999999998 0.000000002
J:/r: 0.056107827 0.155253061 0.788639112
JJ:/cc/c: 0.999999994 0.000000006 0.000000000
JJ:/cc/crr: 0.000000000 0.999999998 0.000000002
JJ:/cc/r: 0.999999984 0.000000012 0.000000004
JJ:/crc/c: 0.999999984 0.000000016 0.000000000
JJ:/crc/crr: 0.000000000 0.999999995 0.000000005
JJ:/crc/r: 0.591586992 0.408413001 0.000000007
JJ:/crrc/c: 0.999999993 0.000000007 0.000000000
JJ:/crrc/crr: 0.000000000 0.999999998 0.000000002
JJ:/crrc/r: 0.999999919 0.000000077 0.000000004
JJ:/rc/c: 0.999999976 0.000000024 0.000000000
JJ:/rc/crr: 0.000000000 0.999999992 0.000000008
JJ:/rc/r: 0.999999972 0.000000016 0.000000012
JJ:/rrc/c: 0.999999944 0.000000056 0.000000000
JJ:/rrc/crr: 0.000000000 0.999999982 0.000000018
JJ:/rrc/r: 0.999999539 0.000000433 0.000000028
JK:/cc/c: 0.006239116 0.993760884 0.000000000
JK:/cc/crr: 0.000000000 0.000000456 0.999999544
JK:/cc/r: 0.000000696 0.000000005 0.999999299
JK:/crc/c: 0.511409522 0.488590478 0.000000000
JK:/crc/crr: 0.000000000 0.000000101 0.999999899
JK:/crc/r: 0.014823081 0.000000140 0.985176779
JK:/crrc/c: 0.345799629 0.654200371 0.000000000
JK:/crrc/crr: 0.000000000 0.000000335 0.999999665
JK:/crrc/r: 0.223183876 0.000000086 0.776816037
JK:/rc/c: 0.343102469 0.656897531 0.000000000
JK:/rc/crr: 0.000000000 0.000000024 0.999999976
JK:/rc/r: 0.383461336 0.000000013 0.616538651
JK:/rrc/c: 0.999998771 0.000001229 0.000000000
JK:/rrc/crr: 0.000000000 0.000000137 0.999999863
JK:/rrc/r: 0.316270452 0.000000180 0.683729367
JQ:/cc/c: 0.059703552 0.940296448 0.000000000
JQ:/cc/crr: 0.000000000 0.000000000 1.000000000
JQ:/cc/r: 0.037977560 0.000000000 0.962022440
JQ:/crc/c: 0.347785444 0.652214556 0.000000000
JQ:/crc/crr: 0.000000000 0.000004141 0.999995859
JQ:/crc/r: 0.136965616 0.000000036 0.863034348
JQ:/crrc/c: 0.029975912 0.970024088 0.000000000
JQ:/crrc/crr: 0.000000000 0.000000897 0.999999103
JQ:/crrc/r: 0.161328716 0.000000017 0.838671267
JQ:/rc/c: 0.999973757 0.000026243 0.000000000
JQ:/rc/crr: 0.000000000 0.000000000 1.000000000
JQ:/rc/r: 0.000000034 0.000000041 0.999999925
JQ:/rrc/c: 0.000008475 0.999991525 0.000000000
JQ:/rrc/crr: 0.000000000 0.022071662 0.977928338
JQ:/rrc/r: 0.446487184 0.000000171 0.553512645
K:/c: 0.999997556 0.000002444 0.000000000
K:/crr: 0.000000000 0.999999999 0.000000001
K:/r: 0.535603336 0.464396664 0.000000001
KJ:/cc/c: 0.010484235 0.989515765 0.000000000
KJ:/cc/crr: 0.000000000 0.972226197 0.027773803
KJ:/cc/r: 0.010413351 0.007540643 0.982046006
KJ:/crc/c: 0.116094667 0.883905333 0.000000000
KJ:/crc/crr: 0.000000000 0.999999991 0.000000009
KJ:/crc/r: 0.000000137 0.781385347 0.218614516
KJ:/crrc/c: 0.281291529 0.718708471 0.000000000
KJ:/crrc/crr: 0.000000000 0.699542434 0.300457566
KJ:/crrc/r: 0.043551030 0.810334476 0.146114494
KJ:/rc/c: 0.359029055 0.640970945 0.000000000
KJ:/rc/crr: 0.000000000 0.765549404 0.234450596
KJ:/rc/r: 0.022198825 0.772944932 0.204856243
KJ:/rrc/c: 0.432995007 0.567004993 0.000000000
KJ:/rrc/crr: 0.000000000 0.999975649 0.000024351
KJ:/rrc/r: 0.035702338 0.904467309 0.059830354
KK:/cc/c: 0.993273398 0.006726602 0.000000000
KK:/cc/crr: 0.000000000 0.997815263 0.002184737
KK:/cc/r: 0.997570648 0.002015271 0.000414081
KK:/crc/c: 0.999999803 0.000000197 0.000000000
KK:/crc/crr: 0.000000000 0.999999960 0.000000040
KK:/crc/r: 0.712903198 0.287096781 0.000000021
KK:/crrc/c: 0.999999993 0.000000007 0.000000000
KK:/crrc/crr: 0.000000000 0.999999998 0.000000002
KK:/crrc/r: 0.999993175 0.000006821 0.000000004
KK:/rc/c: 0.999999971 0.000000029 0.000000000
KK:/rc/crr: 0.000000000 0.999999991 0.000000009
KK:/rc/r: 0.999999966 0.000000019 0.000000015
KK:/rrc/c: 0.999999909 0.000000091 0.000000000
KK:/rrc/crr: 0.000000000 0.999999981 0.000000019
KK:/rrc/r: 0.954761060 0.045238919 0.000000021
KQ:/cc/c: 0.003900147 0.996099853 0.000000000
KQ:/cc/crr: 0.000000000 0.797923880 0.202076120
KQ:/cc/r: 0.020094214 0.975972551 0.003933235
KQ:/crc/c: 0.306502101 0.693497899 0.000000000
KQ:/crc/crr: 0.000000000 0.066083171 0.933916829
KQ:/crc/r: 0.000000019 0.484331074 0.515668907
KQ:/crrc/c: 0.574671343 0.425328657 0.000000000
KQ:/crrc/crr: 0.000000000 0.453704327 0.546295673
KQ:/crrc/r: 0.000005425 0.801780843 0.198213732
KQ:/rc/c: 0.000024031 0.999975969 0.000000000
KQ:/rc/crr: 0.000000000 0.010876303 0.989123697
KQ:/rc/r: 0.000000184 0.355606142 0.644393674
KQ:/rrc/c: 0.468029917 0.531970083 0.000000000
KQ:/rrc/crr: 0.000000000 0.517194715 0.482805285
KQ:/rrc/r: 0.077902071 0.593188129 0.328909800
Q:/c: 0.824235437 0.175764563 0.000000000
Q:/crr: 0.000000000 0.999999975 0.000000025
Q:/r: 0.328632808 0.671367040 0.000000152
QJ:/cc/c: 0.000000416 0.999999584 0.000000000
QJ:/cc/crr: 0.000000000 0.116647208 0.883352792
QJ:/cc/r: 0.000000147 0.000000177 0.999999676
QJ:/crc/c: 0.484830524 0.515169476 0.000000000
QJ:/crc/crr: 0.000000000 0.001929613 0.998070387
QJ:/crc/r: 0.000000072 0.000000012 0.999999916
QJ:/crrc/c: 0.000000081 0.999999919 0.000000000
QJ:/crrc/crr: 0.000000000 0.250457031 0.749542969
QJ:/crrc/r: 0.019757286 0.000000000 0.980242714
QJ:/rc/c: 0.000000468 0.999999532 0.000000000
QJ:/rc/crr: 0.000000000 0.003259678 0.996740322
QJ:/rc/r: 0.019997467 0.000000014 0.980002519
QJ:/rrc/c: 0.000000286 0.999999714 0.000000000
QJ:/rrc/crr: 0.000000000 0.113745729 0.886254271
QJ:/rrc/r: 0.000000067 0.000000022 0.999999911
QK:/cc/c: 0.131313816 0.868686184 0.000000000
QK:/cc/crr: 0.000000000 0.999999969 0.000000031
QK:/cc/r: 0.000000157 0.773363474 0.226636369
QK:/crc/c: 0.227444467 0.772555533 0.000000000
QK:/crc/crr: 0.000000000 0.000019767 0.999980233
QK:/crc/r: 0.000000249 0.509036681 0.490963070
QK:/crrc/c: 0.143685510 0.856314490 0.000000000
QK:/crrc/crr: 0.000000000 0.000005802 0.999994198
QK:/crrc/r: 0.000000415 0.333189398 0.666810186
QK:/rc/c: 0.328175278 0.671824722 0.000000000
QK:/rc/crr: 0.000000000 0.000011801 0.999988199
QK:/rc/r: 0.000000022 0.356305123 0.643694855
QK:/rrc/c: 0.380575363 0.619424637 0.000000000
QK:/rrc/crr: 0.000000000 0.083110281 0.916889719
QK:/rrc/r: 0.000000053 0.574580779 0.425419168
QQ:/cc/c: 0.999999983 0.000000017 0.000000000
QQ:/cc/crr: 0.000000000 0.999999995 0.000000005
QQ:/cc/r: 0.999999723 0.000000157 0.000000120
QQ:/crc/c: 0.999999965 0.000000035 0.000000000
QQ:/crc/crr: 0.000000000 0.999999992 0.000000008
QQ:/crc/r: 0.999999961 0.000000027 0.000000012
QQ:/crrc/c: 0.999999993 0.000000007 0.000000000
QQ:/crrc/crr: 0.000000000 0.999999998 0.000000002
QQ:/crrc/r: 0.999999956 0.000000040 0.000000004
QQ:/rc/c: 0.999999987 0.000000013 0.000000000
QQ:/rc/crr: 0.000000000 0.999999998 0.000000002
QQ:/rc/r: 0.999999979 0.000000012 0.000000009
QQ:/rrc/c: 0.999999928 0.000000072 0.000000000
QQ:/rrc/crr: 0.000000000 0.999999977 0.000000023
QQ:/rrc/r: 0.999999775 0.000000190 0.000000036
