J:/c: 0.298126749 0.701873251 0.000000000
J:/crr: 0.000000000 0.999999997 0.000000003
J:/r: 0.054870914 0.125672407 0.819456679
JJ:/cc/c: 0.999999995 0.000000005 0.000000000
JJ:/cc/crr: 0.000000000 0.999999997 0.000000003
JJ:/cc/r: 0.999999986 0.000000010 0.000000004
JJ:/crc/c: 0.999999987 0.000000013 0.000000000
JJ:/crc/crr: 0.000000000 0.999999994 0.000000006
JJ:/crc/r: 0.636363629 0.363636363 0.000000008
JJ:/crrc/c: 0.999999994 0.000000006 0.000000000
JJ:/crrc/crr: 0.000000000 0.999999997 0.000000003
JJ:/crrc/r: 0.999999932 0.000000064 0.000000004
JJ:/rc/c: 0.999999980 0.000000020 0.000000000
JJ:/rc/crr: 0.000000000 0.999999990 0.000000010
JJ:/rc/r: 0.999999974 0.000000013 0.000000013
JJ:/rrc/c: 0.999999954 0.000000046 0.000000000
JJ:/rrc/crr: 0.000000000 0.999999977 0.000000023
JJ:/rrc/r: 0.999999612 0.000000358 0.000000030
JK:/cc/c: 0.007527979 0.992472021 0.000000000
JK:/cc/crr: 0.000000000 0.000000355 0.999999645
JK:/cc/r: 0.000000655 0.000000004 0.999999341
JK:/crc/c: 0.558415020 0.441584980 0.000000000
JK:/crc/crr: 0.000000000 0.000000079 0.999999921
JK:/crc/r: 0.013963311 0.000000109 0.986036580
JK:/crrc/c: 0.389725021 0.610274979 0.000000000
JK:/crrc/crr: 0.000000000 0.000000261 0.999999739
JK:/crrc/r: 0.212849808 0.000000068 0.787150124
JK:/rc/c: 0.386887868 0.613112132 0.000000000
JK:/rc/crr: 0.000000000 0.000000019 0.999999981
JK:/rc/r: 0.369233420 0.000000010 0.630766570
JK:/rrc/c: 0.999998983 0.000001017 0.000000000
JK:/rrc/crr: 0.000000000 0.000000107 0.999999893
JK:/rrc/r: 0.303309127 0.000000143 0.696690730
JQ:/cc/c: 0.071245173 0.928754827 0.000000000
JQ:/cc/crr: 0.000000000 0.000000000 1.000000000
JQ:/cc/r: 0.035823615 0.000000000 0.964176385
JQ:/crc/c: 0.391812009 0.608187991 0.000000000
JQ:/crc/crr: 0.000000000 0.000003226 0.999996774
JQ:/crc/r: 0.129955845 0.000000028 0.870044127
JQ:/crrc/c: 0.035990684 0.964009316 0.000000000
JQ:/crrc/crr: 0.000000000 0.000000699 0.999999301
JQ:/crrc/r: 0.153293536 0.000000013 0.846706451
JQ:/rc/c: 0.999978278 0.000021722 0.000000000
JQ:/rc/crr: 0.000000000 0.000000000 1.000000000
JQ:/rc/r: 0.000000032 0.000000032 0.999999936
JQ:/rrc/c: 0.000010239 0.999989761 0.000000000
JQ:/rrc/crr: 0.000000000 0.017278676 0.982721324
JQ:/rrc/r: 0.431557658 0.000000137 0.568442205
K:/c: 0.999997239 0.000002761 0.000000000
K:/crr: 0.000000000 0.999999999 0.000000001
K:/r: 0.505200262 0.494799737 0.000000001
KJ:/cc/c: 0.009292645 0.990707355 0.000000000
KJ:/cc/crr: 0.000000000 0.971440083 0.028559917
KJ:/cc/r: 0.008972697 0.007339407 0.983687895
KJ:/crc/c: 0.104163420 0.895836580 0.000000000
KJ:/crc/crr: 0.000000000 0.999999990 0.000000010
KJ:/crc/r: 0.000000121 0.776439739 0.223560140
KJ:/crrc/c: 0.257325280 0.742674720 0.000000000
KJ:/crrc/crr: 0.000000000 0.693471635 0.306528365
KJ:/crrc/r: 0.038583304 0.810933762 0.150482934
KJ:/rc/c: 0.331494416 0.668505584 0.000000000
KJ:/rc/crr: 0.000000000 0.760355403 0.239644597
KJ:/rc/r: 0.019585121 0.770308885 0.210105994
KJ:/rrc/c: 0.403357489 0.596642511 0.000000000
KJ:/rrc/crr: 0.000000000 0.999974940 0.000025060
KJ:/rrc/r: 0.031681045 0.906600169 0.061718786
KK:/cc/c: 0.992408328 0.007591672 0.000000000
KK:/cc/crr: 0.000000000 0.997751751 0.002248249
KK:/cc/r: 0.997243111 0.002275679 0.000481211
KK:/crc/c: 0.999999778 0.000000222 0.000000000
KK:/crc/crr: 0.000000000 0.999999959 0.000000041
KK:/crc/r: 0.687331507 0.312668470 0.000000023
KK:/crrc/c: 0.999999992 0.000000008 0.000000000
KK:/crrc/crr: 0.000000000 0.999999998 0.000000002
KK:/crrc/r: 0.999992291 0.000007705 0.000000004
KK:/rc/c: 0.999999967 0.000000033 0.000000000
KK:/rc/crr: 0.000000000 0.999999990 0.000000010
KK:/rc/r: 0.999999961 0.000000022 0.000000018
KK:/rrc/c: 0.999999898 0.000000102 0.000000000
KK:/rrc/crr: 0.000000000 0.999999981 0.000000019
KK:/rrc/r: 0.949196467 0.050803509 0.000000025
KQ:/cc/c: 0.003454262 0.996545738 0.000000000
KQ:/cc/crr: 0.000000000 0.793253406 0.206746594
KQ:/cc/r: 0.017828031 0.978115247 0.004056721
KQ:/crc/c: 0.281228383 0.718771617 0.000000000
KQ:/crc/crr: 0.000000000 0.064332625 0.935667375
KQ:/crc/r: 0.000000017 0.477161875 0.522838109
KQ:/crrc/c: 0.544651515 0.455348485 0.000000000
KQ:/crrc/crr: 0.000000000 0.446595851 0.553404149
KQ:/crrc/r: 0.000004775 0.797177472 0.202817753
KQ:/rc/c: 0.000021274 0.999978726 0.000000000
KQ:/rc/crr: 0.000000000 0.010571635 0.989428365
KQ:/rc/r: 0.000000160 0.349052606 0.650947234
KQ:/rrc/c: 0.437846141 0.562153859 0.000000000
KQ:/rrc/crr: 0.000000000 0.510020186 0.489979814
KQ:/rrc/r: 0.068920496 0.592805080 0.338274425
Q:/c: 0.849973953 0.150026047 0.000000000
Q:/crr: 0.000000000 0.999999968 0.000000032
Q:/r: 0.371616256 0.628383561 0.000000183
QJ:/cc/c: 0.000000503 0.999999497 0.000000000
QJ:/cc/crr: 0.000000000 0.093275500 0.906724500
QJ:/cc/r: 0.000000138 0.000000138 0.999999724
QJ:/crc/c: 0.532053338 0.467946662 0.000000000
QJ:/crc/crr: 0.000000000 0.001503860 0.998496140
QJ:/crc/r: 0.000000068 0.000000009 0.999999923
QJ:/crrc/c: 0.000000098 0.999999902 0.000000000
QJ:/crrc/crr: 0.000000000 0.206543635 0.793456365
QJ:/crrc/r: 0.018616729 0.000000000 0.981383271
QJ:/rc/c: 0.000000565 0.999999435 0.000000000
QJ:/rc/crr: 0.000000000 0.002541205 0.997458795
QJ:/rc/r: 0.018843311 0.000000011 0.981156678
QJ:/rrc/c: 0.000000345 0.999999655 0.000000000
QJ:/rrc/crr: 0.000000000 0.090895549 0.909104451
QJ:/rrc/r: 0.000000063 0.000000017 0.999999920
QK:/cc/c: 0.154425307 0.845574693 0.000000000
QK:/cc/crr: 0.000000000 0.999999960 0.000000040
QK:/cc/r: 0.000000178 0.726649837 0.273349985
QK:/crc/c: 0.262365122 0.737634878 0.000000000
QK:/crc/crr: 0.000000000 0.000015399 0.999984601
QK:/crc/r: 0.000000264 0.446812023 0.553187713
QK:/crrc/c: 0.168551952 0.831448048 0.000000000
QK:/crrc/crr: 0.000000000 0.000004520 0.999995480
QK:/crrc/r: 0.000000422 0.280192792 0.719806786
QK:/rc/c: 0.371131980 0.628868020 0.000000000
QK:/rc/crr: 0.000000000 0.000009193 0.999990807
QK:/rc/r: 0.000000022 0.301293069 0.698706909
QK:/rrc/c: 0.426041370 0.573958630 0.000000000
QK:/rrc/crr: 0.000000000 0.065956390 0.934043610
QK:/rrc/r: 0.000000057 0.512711020 0.487288923
QQ:/cc/c: 0.999999986 0.000000014 0.000000000
QQ:/cc/crr: 0.000000000 0.999999993 0.000000007
QQ:/cc/r: 0.999999743 0.000000130 0.000000127
QQ:/crc/c: 0.999999971 0.000000029 0.000000000
QQ:/crc/crr: 0.000000000 0.999999990 0.000000010
QQ:/crc/r: 0.999999965 0.000000022 0.000000013
QQ:/crrc/c: 0.999999994 0.000000006 0.000000000
QQ:/crrc/crr: 0.000000000 0.999999997 0.000000003
QQ:/crrc/r: 0.999999963 0.000000033 0.000000004
QQ:/rc/c: 0.999999989 0.000000011 0.000000000
QQ:/rc/crr: 0.000000000 0.999999997 0.000000003
QQ:/rc/r: 0.999999980 0.000000010 0.000000010
QQ:/rrc/c: 0.999999940 0.000000060 0.000000000
QQ:/rrc/crr: 0.000000000 0.999999970 0.000000030
QQ:/rrc/r: 0.999999805 0.000000157 0.000000038
