J:/c: 0.345461577 0.654538423 0.000000000
J:/crr: 0.000000000 0.999999997 0.000000003
J:/r: 0.076819364 0.141594405 0.781586231
JJ:/cc/c: 0.999999996 0.000000004 0.000000000
JJ:/cc/crr: 0.000000000 0.999999997 0.000000003
JJ:/cc/r: 0.999999989 0.000000008 0.000000003
JJ:/crc/c: 0.999999990 0.000000010 0.000000000
JJ:/crc/crr: 0.000000000 0.999999995 0.000000005
JJ:/crc/r: 0.684990247 0.315009747 0.000000006
JJ:/crrc/c: 0.999999995 0.000000005 0.000000000
JJ:/crrc/crr: 0.000000000 0.999999997 0.000000003
JJ:/crrc/r: 0.999999946 0.000000052 0.000000003
JJ:/rc/c: 0.999999984 0.000000016 0.000000000
JJ:/rc/crr: 0.000000000 0.999999992 0.000000008
JJ:/rc/r: 0.999999981 0.000000010 0.000000009
JJ:/rrc/c: 0.999999963 0.000000037 0.000000000
JJ:/rrc/crr: 0.000000000 0.999999981 0.000000019
JJ:/rrc/r: 0.999999691 0.000000288 0.000000020
JK:/cc/c: 0.009337023 0.990662977 0.000000000
JK:/cc/crr: 0.000000000 0.000000419 0.999999581
JK:/cc/r: 0.000000961 0.000000005 0.999999034
JK:/crc/c: 0.611094971 0.388905029 0.000000000
JK:/crc/crr: 0.000000000 0.000000093 0.999999907
JK:/crc/r: 0.020362833 0.000000128 0.979637039
JK:/crrc/c: 0.442435628 0.557564372 0.000000000
JK:/crrc/crr: 0.000000000 0.000000308 0.999999692
JK:/crrc/r: 0.284134839 0.000000073 0.715865088
JK:/rc/c: 0.439491090 0.560508910 0.000000000
JK:/rc/crr: 0.000000000 0.000000022 0.999999978
JK:/rc/r: 0.462143220 0.000000010 0.537856770
JK:/rrc/c: 0.999999182 0.000000818 0.000000000
JK:/rrc/crr: 0.000000000 0.000000126 0.999999874
JK:/rrc/r: 0.389883975 0.000000148 0.610115877
JQ:/cc/c: 0.087023457 0.912976543 0.000000000
JQ:/cc/crr: 0.000000000 0.000000000 1.000000000
JQ:/cc/r: 0.051716455 0.000000000 0.948283545
JQ:/crc/c: 0.444599245 0.555400755 0.000000000
JQ:/crc/crr: 0.000000000 0.000003811 0.999996189
JQ:/crc/r: 0.179821125 0.000000031 0.820178844
JQ:/crrc/c: 0.044334043 0.955665957 0.000000000
JQ:/crrc/crr: 0.000000000 0.000000826 0.999999174
JQ:/crrc/r: 0.209952779 0.000000014 0.790047207
JQ:/rc/c: 0.999982518 0.000017482 0.000000000
JQ:/rc/crr: 0.000000000 0.000000000 1.000000000
JQ:/rc/r: 0.000000047 0.000000038 0.999999915
JQ:/rrc/c: 0.000012723 0.999987277 0.000000000
JQ:/rrc/crr: 0.000000000 0.020347332 0.979652668
JQ:/rrc/r: 0.527046218 0.000000135 0.472953647
K:/c: 0.999996087 0.000003913 0.000000000
K:/crr: 0.000000000 0.999999999 0.000000001
K:/r: 0.418755627 0.581244373 0.000000001
KJ:/cc/c: 0.006575016 0.993424984 0.000000000
KJ:/cc/crr: 0.000000000 0.980189964 0.019810036
KJ:/cc/r: 0.009177136 0.010638426 0.980184438
KJ:/crc/c: 0.075824359 0.924175641 0.000000000
KJ:/crc/crr: 0.000000000 0.999999993 0.000000007
KJ:/crc/r: 0.000000092 0.834770350 0.165229558
KJ:/crrc/c: 0.196454534 0.803545466 0.000000000
KJ:/crrc/crr: 0.000000000 0.766952462 0.233047538
KJ:/crrc/r: 0.028913305 0.861223585 0.109863110
KJ:/rc/c: 0.259202185 0.740797815 0.000000000
KJ:/rc/crr: 0.000000000 0.821920164 0.178079836
KJ:/rc/r: 0.014882725 0.829570521 0.155546754
KJ:/rrc/c: 0.322964687 0.677035313 0.000000000
KJ:/rrc/crr: 0.000000000 0.999982772 0.000017228
KJ:/rrc/r: 0.023013196 0.933308967 0.043677837
KK:/cc/c: 0.989275025 0.010724975 0.000000000
KK:/cc/crr: 0.000000000 0.998453379 0.001546621
KK:/cc/r: 0.996309543 0.003222081 0.000468376
KK:/crc/c: 0.999999685 0.000000315 0.000000000
KK:/crc/crr: 0.000000000 0.999999972 0.000000028
KK:/crc/r: 0.608017790 0.391982190 0.000000020
KK:/crrc/c: 0.999999988 0.000000012 0.000000000
KK:/crrc/crr: 0.000000000 0.999999998 0.000000002
KK:/crrc/r: 0.999989076 0.000010920 0.000000004
KK:/rc/c: 0.999999954 0.000000046 0.000000000
KK:/rc/crr: 0.000000000 0.999999993 0.000000007
KK:/rc/r: 0.999999952 0.000000031 0.000000017
KK:/rrc/c: 0.999999855 0.000000145 0.000000000
KK:/rrc/crr: 0.000000000 0.999999987 0.000000013
KK:/rrc/r: 0.929495439 0.070504538 0.000000024
KQ:/cc/c: 0.002439860 0.997560140 0.000000000
KQ:/cc/crr: 0.000000000 0.848055555 0.151944445
KQ:/cc/r: 0.012662236 0.984530724 0.002807040
KQ:/crc/c: 0.216350490 0.783649510 0.000000000
KQ:/crc/crr: 0.000000000 0.090923494 0.909076506
KQ:/crc/r: 0.000000014 0.570371301 0.429628686
KQ:/crrc/c: 0.457700743 0.542299257 0.000000000
KQ:/crrc/crr: 0.000000000 0.540001280 0.459998720
KQ:/crrc/r: 0.000003597 0.851134592 0.148861811
KQ:/rc/c: 0.000015012 0.999984988 0.000000000
KQ:/rc/crr: 0.000000000 0.015304726 0.984695274
KQ:/rc/r: 0.000000142 0.438211476 0.561788383
KQ:/rrc/c: 0.354665530 0.645334470 0.000000000
KQ:/rrc/crr: 0.000000000 0.602254660 0.397745340
KQ:/rrc/r: 0.055643569 0.678282658 0.266073773
Q:/c: 0.849973953 0.150026047 0.000000000
Q:/crr: 0.000000000 0.999999968 0.000000032
Q:/r: 0.371616256 0.628383561 0.000000183
QJ:/cc/c: 0.000000503 0.999999497 0.000000000
QJ:/cc/crr: 0.000000000 0.093275500 0.906724500
QJ:/cc/r: 0.000000138 0.000000138 0.999999724
QJ:/crc/c: 0.532053338 0.467946662 0.000000000
QJ:/crc/crr: 0.000000000 0.001503860 0.998496140
QJ:/crc/r: 0.000000068 0.000000009 0.999999923
QJ:/crrc/c: 0.000000098 0.999999902 0.000000000
QJ:/crrc/crr: 0.000000000 0.206543635 0.793456365
QJ:/crrc/r: 0.018616729 0.000000000 0.981383271
QJ:/rc/c: 0.000000565 0.999999435 0.000000000
QJ:/rc/crr: 0.000000000 0.002541205 0.997458795
QJ:/rc/r: 0.018843311 0.000000011 0.981156678
QJ:/rrc/c: 0.000000345 0.999999655 0.000000000
QJ:/rrc/crr: 0.000000000 0.090895549 0.909104451
QJ:/rrc/r: 0.000000063 0.000000017 0.999999920
QK:/cc/c: 0.154425307 0.845574693 0.000000000
QK:/cc/crr: 0.000000000 0.999999960 0.000000040
QK:/cc/r: 0.000000178 0.726649837 0.273349985
QK:/crc/c: 0.262365122 0.737634878 0.000000000
QK:/crc/crr: 0.000000000 0.000015399 0.999984601
QK:/crc/r: 0.000000264 0.446812023 0.553187713
QK:/crrc/c: 0.168551952 0.831448048 0.000000000
QK:/crrc/crr: 0.000000000 0.000004520 0.999995480
QK:/crrc/r: 0.000000422 0.280192792 0.719806786
QK:/rc/c: 0.371131980 0.628868020 0.000000000
QK:/rc/crr: 0.000000000 0.000009193 0.999990807
QK:/rc/r: 0.000000022 0.301293069 0.698706909
QK:/rrc/c: 0.426041370 0.573958630 0.000000000
QK:/rrc/crr: 0.000000000 0.065956390 0.934043610
QK:/rrc/r: 0.000000057 0.512711020 0.487288923
QQ:/cc/c: 0.999999986 0.000000014 0.000000000
QQ:/cc/crr: 0.000000000 0.999999993 0.000000007
QQ:/cc/r: 0.999999743 0.000000130 0.000000127
QQ:/crc/c: 0.999999971 0.000000029 0.000000000
QQ:/crc/crr: 0.000000000 0.999999990 0.000000010
QQ:/crc/r: 0.999999965 0.000000022 0.000000013
QQ:/crrc/c: 0.999999994 0.000000006 0.000000000
QQ:/crrc/crr: 0.000000000 0.999999997 0.000000003
QQ:/crrc/r: 0.999999963 0.000000033 0.000000004
QQ:/rc/c: 0.999999989 0.000000011 0.000000000
QQ:/rc/crr: 0.000000000 0.999999997 0.000000003
QQ:/rc/r: 0.999999980 0.000000010 0.000000010
QQ:/rrc/c: 0.999999940 0.000000060 0.000000000
QQ:/rrc/crr: 0.000000000 0.999999970 0.000000030
QQ:/rrc/r: 0.999999805 0.000000157 0.000000038
