J:/c: 0.291799287 0.708200713 0.000000000
J:/crr: 0.000000000 0.999999997 0.000000003
J:/r: 0.054422061 0.128495259 0.817082680
JJ:/cc/c: 0.999999995 0.000000005 0.000000000
JJ:/cc/crr: 0.000000000 0.999999997 0.000000003
JJ:/cc/r: 0.999999986 0.000000010 0.000000004
JJ:/crc/c: 0.999999987 0.000000013 0.000000000
JJ:/crc/crr: 0.000000000 0.999999994 0.000000006
JJ:/crc/r: 0.629293825 0.370706167 0.000000008
JJ:/crrc/c: 0.999999994 0.000000006 0.000000000
JJ:/crrc/crr: 0.000000000 0.999999997 0.000000003
JJ:/crrc/r: 0.999999930 0.000000066 0.000000004
JJ:/rc/c: 0.999999979 0.000000021 0.000000000
JJ:/rc/crr: 0.000000000 0.999999990 0.000000010
JJ:/rc/r: 0.999999974 0.000000013 0.000000013
JJ:/rrc/c: 0.999999953 0.000000047 0.000000000
JJ:/rrc/crr: 0.000000000 0.999999978 0.000000022
JJ:/rrc/r: 0.999999601 0.000000369 0.000000030
JK:/cc/c: 0.007304021 0.992695979 0.000000000
JK:/cc/crr: 0.000000000 0.000000364 0.999999636
JK:/cc/r: 0.000000652 0.000000004 0.999999344
JK:/crc/c: 0.550899257 0.449100743 0.000000000
JK:/crc/crr: 0.000000000 0.000000081 0.999999919
JK:/crc/r: 0.013890354 0.000000112 0.986109534
JK:/crrc/c: 0.382512977 0.617487023 0.000000000
JK:/crrc/crr: 0.000000000 0.000000268 0.999999732
JK:/crrc/r: 0.211961073 0.000000070 0.788038858
JK:/rc/c: 0.379695662 0.620304338 0.000000000
JK:/rc/crr: 0.000000000 0.000000019 0.999999981
JK:/rc/r: 0.367996984 0.000000010 0.632003006
JK:/rrc/c: 0.999998952 0.000001048 0.000000000
JK:/rrc/crr: 0.000000000 0.000000110 0.999999890
JK:/rrc/r: 0.302187687 0.000000147 0.697812166
JQ:/cc/c: 0.069257902 0.930742098 0.000000000
JQ:/cc/crr: 0.000000000 0.000000000 1.000000000
JQ:/cc/r: 0.035640569 0.000000000 0.964359431
JQ:/crc/c: 0.384585683 0.615414317 0.000000000
JQ:/crc/crr: 0.000000000 0.000003308 0.999996692
JQ:/crc/r: 0.129356347 0.000000029 0.870643624
JQ:/crrc/c: 0.034949776 0.965050224 0.000000000
JQ:/crrc/crr: 0.000000000 0.000000717 0.999999283
JQ:/crrc/r: 0.152605263 0.000000013 0.847394724
JQ:/rc/c: 0.999977607 0.000022393 0.000000000
JQ:/rc/crr: 0.000000000 0.000000000 1.000000000
JQ:/rc/r: 0.000000032 0.000000033 0.999999935
JQ:/rrc/c: 0.000009932 0.999990068 0.000000000
JQ:/rrc/crr: 0.000000000 0.017710337 0.982289663
JQ:/rrc/r: 0.430254877 0.000000141 0.569744982
K:/c: 0.999998356 0.000001644 0.000000000
K:/crr: 0.000000000 0.999999999 0.000000001
K:/r: 0.631668200 0.368331799 0.000000001
KJ:/cc/c: 0.015510322 0.984489678 0.000000000
KJ:/cc/crr: 0.000000000 0.969904991 0.030095009
KJ:/cc/r: 0.014209612 0.006919975 0.978870413
KJ:/crc/c: 0.163389909 0.836610091 0.000000000
KJ:/crc/crr: 0.000000000 0.999999990 0.000000010
KJ:/crc/r: 0.000000200 0.766937937 0.233061863
KJ:/crrc/c: 0.367876178 0.632123822 0.000000000
KJ:/crrc/crr: 0.000000000 0.681888332 0.318111668
KJ:/crrc/r: 0.062640981 0.783842520 0.153516500
KJ:/rc/c: 0.454413078 0.545586922 0.000000000
KJ:/rc/crr: 0.000000000 0.750389812 0.249610188
KJ:/rc/r: 0.032095003 0.751554310 0.216350687
KJ:/rrc/c: 0.531728163 0.468271837 0.000000000
KJ:/rrc/crr: 0.000000000 0.999973551 0.000026449
KJ:/rrc/r: 0.051917251 0.884529430 0.063553320
KK:/cc/c: 0.995466247 0.004533753 0.000000000
KK:/cc/crr: 0.000000000 0.997627454 0.002372546
KK:/cc/r: 0.998340939 0.001356354 0.000302706
KK:/crc/c: 0.999999868 0.000000132 0.000000000
KK:/crc/crr: 0.000000000 0.999999957 0.000000043
KK:/crc/r: 0.786885222 0.213114761 0.000000017
KK:/crrc/c: 0.999999995 0.000000005 0.000000000
KK:/crrc/crr: 0.000000000 0.999999997 0.000000003
KK:/crrc/r: 0.999995410 0.000004587 0.000000003
KK:/rc/c: 0.999999980 0.000000020 0.000000000
KK:/rc/crr: 0.000000000 0.999999990 0.000000010
KK:/rc/r: 0.999999976 0.000000013 0.000000011
KK:/rrc/c: 0.999999939 0.000000061 0.000000000
KK:/rrc/crr: 0.000000000 0.999999980 0.000000020
KK:/rrc/r: 0.969118457 0.030881527 0.000000016
KQ:/cc/c: 0.005788320 0.994211680 0.000000000
KQ:/cc/crr: 0.000000000 0.784267721 0.215732279
KQ:/cc/r: 0.029579585 0.966191076 0.004229340
KQ:/crc/c: 0.396565021 0.603434979 0.000000000
KQ:/crc/crr: 0.000000000 0.061161259 0.938838741
KQ:/crc/r: 0.000000027 0.463725657 0.536274316
KQ:/crrc/c: 0.667669080 0.332330920 0.000000000
KQ:/crrc/crr: 0.000000000 0.433307025 0.566692975
KQ:/crrc/r: 0.000007931 0.788314501 0.211677569
KQ:/rc/c: 0.000035733 0.999964267 0.000000000
KQ:/rc/crr: 0.000000000 0.010022105 0.989977895
KQ:/rc/r: 0.000000259 0.336899266 0.663100475
KQ:/rrc/c: 0.566766434 0.433233566 0.000000000
KQ:/rrc/crr: 0.000000000 0.496537430 0.503462570
KQ:/rrc/r: 0.108636313 0.556317662 0.335046025
Q:/c: 0.874575665 0.125424335 0.000000000
Q:/crr: 0.000000000 0.999999973 0.000000027
Q:/r: 0.421248598 0.578751260 0.000000143
QJ:/cc/c: 0.000000619 0.999999381 0.000000000
QJ:/cc/crr: 0.000000000 0.108396368 0.891603632
QJ:/cc/r: 0.000000201 0.000000163 0.999999636
QJ:/crc/c: 0.583225547 0.416774453 0.000000000
QJ:/crc/crr: 0.000000000 0.001776803 0.998223197
QJ:/crc/r: 0.000000099 0.000000011 0.999999890
QJ:/crrc/c: 0.000000121 0.999999879 0.000000000
QJ:/crrc/crr: 0.000000000 0.235262133 0.764737867
QJ:/crrc/r: 0.026851656 0.000000000 0.973148344
QJ:/rc/c: 0.000000695 0.999999305 0.000000000
QJ:/rc/crr: 0.000000000 0.003001855 0.996998145
QJ:/rc/r: 0.027175689 0.000000013 0.972824298
QJ:/rrc/c: 0.000000425 0.999999575 0.000000000
QJ:/rrc/crr: 0.000000000 0.105675569 0.894324431
QJ:/rrc/r: 0.000000092 0.000000020 0.999999888
QK:/cc/c: 0.183521821 0.816478179 0.000000000
QK:/cc/crr: 0.000000000 0.999999966 0.000000034
QK:/cc/r: 0.000000229 0.758549738 0.241450033
QK:/crc/c: 0.304476167 0.695523833 0.000000000
QK:/crc/crr: 0.000000000 0.000018199 0.999981801
QK:/crc/r: 0.000000355 0.488375589 0.511624055
QK:/crrc/c: 0.199681619 0.800318381 0.000000000
QK:/crrc/crr: 0.000000000 0.000005342 0.999994658
QK:/crrc/r: 0.000000584 0.315085133 0.684914283
QK:/rc/c: 0.420742938 0.579257062 0.000000000
QK:/rc/crr: 0.000000000 0.000010864 0.999989136
QK:/rc/r: 0.000000030 0.337580761 0.662419209
QK:/rrc/c: 0.477419994 0.522580006 0.000000000
QK:/rrc/crr: 0.000000000 0.077024774 0.922975226
QK:/rrc/r: 0.000000076 0.554262718 0.445737206
QQ:/cc/c: 0.999999989 0.000000011 0.000000000
QQ:/cc/crr: 0.000000000 0.999999994 0.000000006
QQ:/cc/r: 0.999999807 0.000000106 0.000000087
QQ:/crc/c: 0.999999976 0.000000024 0.000000000
QQ:/crc/crr: 0.000000000 0.999999992 0.000000008
QQ:/crc/r: 0.999999973 0.000000018 0.000000009
QQ:/crrc/c: 0.999999995 0.000000005 0.000000000
QQ:/crrc/crr: 0.000000000 0.999999997 0.000000003
QQ:/crrc/r: 0.999999970 0.000000027 0.000000003
QQ:/rc/c: 0.999999991 0.000000009 0.000000000
QQ:/rc/crr: 0.000000000 0.999999997 0.000000003
QQ:/rc/r: 0.999999985 0.000000008 0.000000007
QQ:/rrc/c: 0.999999951 0.000000049 0.000000000
QQ:/rrc/crr: 0.000000000 0.999999975 0.000000025
QQ:/rrc/r: 0.999999846 0.000000128 0.000000026
