J:/c: 0.219680346 0.780319654 0.000000000
J:/crr: 0.000000000 0.999999997 0.000000003
J:/r: 0.037912340 0.131009239 0.831078421
JJ:/cc/c: 0.999999992 0.000000008 0.000000000
JJ:/cc/crr: 0.000000000 0.999999997 0.000000003
JJ:/cc/r: 0.999999979 0.000000015 0.000000006
JJ:/crc/c: 0.999999980 0.000000020 0.000000000
JJ:/crc/crr: 0.000000000 0.999999994 0.000000006
JJ:/crc/r: 0.537012105 0.462987885 0.000000010
JJ:/crrc/c: 0.999999991 0.000000009 0.000000000
JJ:/crrc/crr: 0.000000000 0.999999997 0.000000003
JJ:/crrc/r: 0.999999898 0.000000097 0.000000006
JJ:/rc/c: 0.999999970 0.000000030 0.000000000
JJ:/rc/crr: 0.000000000 0.999999990 0.000000010
JJ:/rc/r: 0.999999961 0.000000020 0.000000019
JJ:/rrc/c: 0.999999931 0.000000069 0.000000000
JJ:/rrc/crr: 0.000000000 0.999999978 0.000000022
JJ:/rrc/r: 0.999999416 0.000000540 0.000000044
JK:/cc/c: 0.005002172 0.994997828 0.000000000
JK:/cc/crr: 0.000000000 0.000000365 0.999999635
JK:/cc/r: 0.000000446 0.000000004 0.999999550
JK:/crc/c: 0.455973303 0.544026697 0.000000000
JK:/crc/crr: 0.000000000 0.000000081 0.999999919
JK:/crc/r: 0.009555379 0.000000113 0.990444508
JK:/crrc/c: 0.297388602 0.702611398 0.000000000
JK:/crrc/crr: 0.000000000 0.000000268 0.999999732
JK:/crrc/r: 0.155562694 0.000000075 0.844437231
JK:/rc/c: 0.294898826 0.705101174 0.000000000
JK:/rc/crr: 0.000000000 0.000000020 0.999999980
JK:/rc/r: 0.285101312 0.000000012 0.714898676
JK:/rrc/c: 0.999998466 0.000001534 0.000000000
JK:/rrc/crr: 0.000000000 0.000000110 0.999999890
JK:/rrc/r: 0.228750739 0.000000163 0.771249098
JQ:/cc/c: 0.048383017 0.951616983 0.000000000
JQ:/cc/crr: 0.000000000 0.000000000 1.000000000
JQ:/cc/r: 0.024687610 0.000000000 0.975312390
JQ:/crc/c: 0.299223567 0.700776433 0.000000000
JQ:/crc/crr: 0.000000000 0.000003316 0.999996684
JQ:/crc/r: 0.092361277 0.000000030 0.907638693
JQ:/crrc/c: 0.024147352 0.975852648 0.000000000
JQ:/crrc/crr: 0.000000000 0.000000718 0.999999282
JQ:/crrc/r: 0.109799686 0.000000014 0.890200300
JQ:/rc/c: 0.999967227 0.000032773 0.000000000
JQ:/rc/crr: 0.000000000 0.000000000 1.000000000
JQ:/rc/r: 0.000000022 0.000000033 0.999999945
JQ:/rrc/c: 0.000006786 0.999993214 0.000000000
JQ:/rrc/crr: 0.000000000 0.017751997 0.982248003
JQ:/rrc/r: 0.340899536 0.000000163 0.659100301
K:/c: 0.999996948 0.000003052 0.000000000
K:/crr: 0.000000000 0.999999999 0.000000001
K:/r: 0.480121659 0.519878340 0.000000001
KJ:/cc/c: 0.008412796 0.991587204 0.000000000
KJ:/cc/crr: 0.000000000 0.965553407 0.034446593
KJ:/cc/r: 0.006712203 0.006069985 0.987217812
KJ:/crc/c: 0.095163820 0.904836180 0.000000000
KJ:/crc/crr: 0.000000000 0.999999988 0.000000012
KJ:/crc/r: 0.000000104 0.741073221 0.258926675
KJ:/crrc/c: 0.238617450 0.761382550 0.000000000
KJ:/crrc/crr: 0.000000000 0.650881454 0.349118546
KJ:/crrc/r: 0.033934086 0.788509003 0.177556911
KJ:/rc/c: 0.309642563 0.690357437 0.000000000
KJ:/rc/crr: 0.000000000 0.723350980 0.276649020
KJ:/rc/r: 0.016984988 0.738564471 0.244450541
KJ:/rrc/c: 0.379457385 0.620542615 0.000000000
KJ:/rrc/crr: 0.000000000 0.999969590 0.000030410
KJ:/rrc/r: 0.028368024 0.897490615 0.074141361
KK:/cc/c: 0.991613629 0.008386371 0.000000000
KK:/cc/crr: 0.000000000 0.997273126 0.002726874
KK:/cc/r: 0.996839788 0.002514895 0.000645317
KK:/crc/c: 0.999999754 0.000000246 0.000000000
KK:/crc/crr: 0.000000000 0.999999950 0.000000050
KK:/crc/r: 0.665369616 0.334630354 0.000000030
KK:/crrc/c: 0.999999991 0.000000009 0.000000000
KK:/crrc/crr: 0.000000000 0.999999997 0.000000003
KK:/crrc/r: 0.999991476 0.000008519 0.000000006
KK:/rc/c: 0.999999964 0.000000036 0.000000000
KK:/rc/crr: 0.000000000 0.999999988 0.000000012
KK:/rc/r: 0.999999952 0.000000024 0.000000023
KK:/rrc/c: 0.999999887 0.000000113 0.000000000
KK:/rrc/crr: 0.000000000 0.999999977 0.000000023
KK:/rrc/r: 0.944132974 0.055866992 0.000000033
KQ:/cc/c: 0.003125460 0.996874540 0.000000000
KQ:/cc/crr: 0.000000000 0.759723610 0.240276390
KQ:/cc/r: 0.016139208 0.978933962 0.004926830
KQ:/crc/c: 0.261394407 0.738605593 0.000000000
KQ:/crc/crr: 0.000000000 0.053622276 0.946377724
KQ:/crc/r: 0.000000013 0.429252849 0.570747137
KQ:/crrc/c: 0.519671353 0.480328647 0.000000000
KQ:/crrc/crr: 0.000000000 0.399411315 0.600588685
KQ:/crrc/r: 0.000004140 0.764095897 0.235899963
KQ:/rc/c: 0.000019243 0.999980757 0.000000000
KQ:/rc/crr: 0.000000000 0.008728137 0.991271863
KQ:/rc/r: 0.000000127 0.306466695 0.693533178
KQ:/rrc/c: 0.413318136 0.586681864 0.000000000
KQ:/rrc/crr: 0.000000000 0.461725538 0.538274462
KQ:/rrc/r: 0.058500180 0.556295132 0.385204688
Q:/c: 0.789697128 0.210302872 0.000000000
Q:/crr: 0.000000000 0.999999969 0.000000031
Q:/r: 0.281590611 0.718409186 0.000000204
QJ:/cc/c: 0.000000333 0.999999667 0.000000000
QJ:/cc/crr: 0.000000000 0.095628051 0.904371949
QJ:/cc/r: 0.000000094 0.000000142 0.999999764
QJ:/crc/c: 0.429741328 0.570258672 0.000000000
QJ:/crc/crr: 0.000000000 0.001545735 0.998454265
QJ:/crc/r: 0.000000046 0.000000009 0.999999944
QJ:/crrc/c: 0.000000065 0.999999935 0.000000000
QJ:/crrc/crr: 0.000000000 0.211087911 0.788912089
QJ:/crrc/r: 0.012758816 0.000000000 0.987241184
QJ:/rc/c: 0.000000374 0.999999626 0.000000000
QJ:/rc/crr: 0.000000000 0.002611890 0.997388110
QJ:/rc/r: 0.012915040 0.000000011 0.987084948
QJ:/rrc/c: 0.000000229 0.999999771 0.000000000
QJ:/rrc/crr: 0.000000000 0.093194243 0.906805757
QJ:/rrc/r: 0.000000043 0.000000017 0.999999940
QK:/cc/c: 0.107974271 0.892025729 0.000000000
QK:/cc/crr: 0.000000000 0.999999961 0.000000039
QK:/cc/r: 0.000000119 0.732079327 0.267920554
QK:/crc/c: 0.190771051 0.809228949 0.000000000
QK:/crc/crr: 0.000000000 0.000015828 0.999984172
QK:/crc/r: 0.000000178 0.453620438 0.546379384
QK:/crrc/c: 0.118446864 0.881553136 0.000000000
QK:/crrc/crr: 0.000000000 0.000004646 0.999995354
QK:/crrc/r: 0.000000285 0.285773894 0.714225820
QK:/rc/c: 0.281171157 0.718828843 0.000000000
QK:/rc/crr: 0.000000000 0.000009449 0.999990551
QK:/rc/r: 0.000000015 0.307115102 0.692884883
QK:/rrc/c: 0.329749799 0.670250201 0.000000000
QK:/rrc/crr: 0.000000000 0.067671335 0.932328665
QK:/rrc/r: 0.000000038 0.519580412 0.480419550
QQ:/cc/c: 0.999999979 0.000000021 0.000000000
QQ:/cc/crr: 0.000000000 0.999999993 0.000000007
QQ:/cc/r: 0.999999617 0.000000196 0.000000186
QQ:/crc/c: 0.999999956 0.000000044 0.000000000
QQ:/crc/crr: 0.000000000 0.999999990 0.000000010
QQ:/crc/r: 0.999999948 0.000000033 0.000000019
QQ:/crrc/c: 0.999999991 0.000000009 0.000000000
QQ:/crrc/crr: 0.000000000 0.999999997 0.000000003
QQ:/crrc/r: 0.999999944 0.000000050 0.000000006
QQ:/rc/c: 0.999999983 0.000000017 0.000000000
QQ:/rc/crr: 0.000000000 0.999999997 0.000000003
QQ:/rc/r: 0.999999970 0.000000015 0.000000015
QQ:/rrc/c: 0.999999909 0.000000091 0.000000000
QQ:/rrc/crr: 0.000000000 0.999999971 0.000000029
QQ:/rrc/r: 0.999999707 0.000000237 0.000000056
