J:/c: 0.365765893 0.634234107 0.000000000
J:/crr: 0.000000000 0.999999996 0.000000004
J:/r: 0.053237650 0.089805979 0.856956371
JJ:/cc/c: 0.999999996 0.000000004 0.000000000
JJ:/cc/crr: 0.000000000 0.999999996 0.000000004
JJ:/cc/r: 0.999999988 0.000000007 0.000000004
JJ:/crc/c: 0.999999990 0.000000010 0.000000000
JJ:/crc/crr: 0.000000000 0.999999991 0.000000009
JJ:/crc/r: 0.703792887 0.296207103 0.000000010
JJ:/crrc/c: 0.999999996 0.000000004 0.000000000
JJ:/crrc/crr: 0.000000000 0.999999996 0.000000004
JJ:/crrc/r: 0.999999949 0.000000047 0.000000004
JJ:/rc/c: 0.999999985 0.000000015 0.000000000
JJ:/rc/crr: 0.000000000 0.999999985 0.000000015
JJ:/rc/r: 0.999999976 0.000000010 0.000000014
JJ:/rrc/c: 0.999999966 0.000000034 0.000000000
JJ:/rrc/crr: 0.000000000 0.999999966 0.000000034
JJ:/rrc/r: 0.999999704 0.000000264 0.000000032
JK:/cc/c: 0.010193464 0.989806536 0.000000000
JK:/cc/crr: 0.000000000 0.000000243 0.999999757
JK:/cc/r: 0.000000608 0.000000003 0.999999390
JK:/crc/c: 0.631938358 0.368061642 0.000000000
JK:/crc/crr: 0.000000000 0.000000054 0.999999946
JK:/crc/r: 0.012967928 0.000000075 0.987031998
JK:/crrc/c: 0.464395671 0.535604329 0.000000000
JK:/crrc/crr: 0.000000000 0.000000178 0.999999822
JK:/crrc/r: 0.200560439 0.000000047 0.799439514
JK:/rc/c: 0.461425933 0.538574067 0.000000000
JK:/rc/crr: 0.000000000 0.000000013 0.999999987
JK:/rc/r: 0.351952018 0.000000007 0.648047975
JK:/rrc/c: 0.999999251 0.000000749 0.000000000
JK:/rrc/crr: 0.000000000 0.000000073 0.999999927
JK:/rrc/r: 0.287705868 0.000000100 0.712294033
JQ:/cc/c: 0.094327220 0.905672780 0.000000000
JQ:/cc/crr: 0.000000000 0.000000000 1.000000000
JQ:/cc/r: 0.033322568 0.000000000 0.966677432
JQ:/crc/c: 0.466576813 0.533423187 0.000000000
JQ:/crc/crr: 0.000000000 0.000002204 0.999997796
JQ:/crc/r: 0.121712503 0.000000019 0.878287478
JQ:/crrc/c: 0.048244269 0.951755731 0.000000000
JQ:/crrc/crr: 0.000000000 0.000000478 0.999999522
JQ:/crrc/r: 0.143814536 0.000000009 0.856185455
JQ:/rc/c: 0.999984001 0.000015999 0.000000000
JQ:/rc/crr: 0.000000000 0.000000000 1.000000000
JQ:/rc/r: 0.000000030 0.000000022 0.999999948
JQ:/rrc/c: 0.000013902 0.999986098 0.000000000
JQ:/rrc/crr: 0.000000000 0.011872054 0.988127946
JQ:/rrc/r: 0.413270458 0.000000097 0.586729445
K:/c: 0.999998510 0.000001490 0.000000000
K:/crr: 0.000000000 0.999999999 0.000000001
K:/r: 0.654199467 0.345800532 0.000000001
KJ:/cc/c: 0.017082887 0.982917113 0.000000000
KJ:/cc/crr: 0.000000000 0.949069119 0.050930881
KJ:/cc/r: 0.009137252 0.004033696 0.986829052
KJ:/crc/c: 0.177256215 0.822743785 0.000000000
KJ:/crc/crr: 0.000000000 0.999999982 0.000000018
KJ:/crc/r: 0.000000189 0.655493365 0.344506447
KJ:/crrc/c: 0.390986168 0.609013832 0.000000000
KJ:/crrc/crr: 0.000000000 0.553454155 0.446545845
KJ:/crrc/r: 0.061784086 0.700829166 0.237386748
KJ:/rc/c: 0.478841295 0.521158705 0.000000000
KJ:/rc/crr: 0.000000000 0.634800220 0.365199780
KJ:/rc/r: 0.030492213 0.647257625 0.322250162
KJ:/rrc/c: 0.556076470 0.443923530 0.000000000
KJ:/rrc/crr: 0.000000000 0.999954257 0.000045743
KJ:/rrc/r: 0.054456234 0.841033852 0.104509914
KK:/cc/c: 0.995888434 0.004111566 0.000000000
KK:/cc/crr: 0.000000000 0.995903795 0.004096205
KK:/cc/r: 0.998295974 0.001229472 0.000474554
KK:/crc/c: 0.999999880 0.000000120 0.000000000
KK:/crc/crr: 0.000000000 0.999999925 0.000000075
KK:/crc/r: 0.802884584 0.197115389 0.000000027
KK:/crrc/c: 0.999999996 0.000000004 0.000000000
KK:/crrc/crr: 0.000000000 0.999999996 0.000000004
KK:/crrc/r: 0.999995837 0.000004158 0.000000004
KK:/rc/c: 0.999999982 0.000000018 0.000000000
KK:/rc/crr: 0.000000000 0.999999982 0.000000018
KK:/rc/r: 0.999999971 0.000000012 0.000000017
KK:/rrc/c: 0.999999945 0.000000055 0.000000000
KK:/rrc/crr: 0.000000000 0.999999965 0.000000035
KK:/rrc/r: 0.971924966 0.028075009 0.000000025
KQ:/cc/c: 0.006381578 0.993618422 0.000000000
KQ:/cc/crr: 0.000000000 0.677626550 0.322373450
KQ:/cc/r: 0.032431716 0.960298294 0.007269989
KQ:/crc/c: 0.420278998 0.579721002 0.000000000
KQ:/crc/crr: 0.000000000 0.036300208 0.963699792
KQ:/crc/r: 0.000000021 0.333326195 0.666673784
KQ:/crrc/c: 0.689082100 0.310917900 0.000000000
KQ:/crrc/crr: 0.000000000 0.306571377 0.693428623
KQ:/crrc/r: 0.000007579 0.682867772 0.317124650
KQ:/rc/c: 0.000039418 0.999960582 0.000000000
KQ:/rc/crr: 0.000000000 0.005819433 0.994180567
KQ:/rc/r: 0.000000193 0.227063114 0.772936693
KQ:/rrc/c: 0.590695283 0.409304717 0.000000000
KQ:/rrc/crr: 0.000000000 0.363159504 0.636840496
KQ:/rrc/r: 0.095444741 0.443062612 0.461492647
Q:/c: 0.884954267 0.115045733 0.000000000
Q:/crr: 0.000000000 0.999999953 0.000000047
Q:/r: 0.445349217 0.554650546 0.000000236
QJ:/cc/c: 0.000000683 0.999999317 0.000000000
QJ:/cc/crr: 0.000000000 0.065678212 0.934321788
QJ:/cc/r: 0.000000128 0.000000094 0.999999778
QJ:/crc/c: 0.606875876 0.393124124 0.000000000
QJ:/crc/crr: 0.000000000 0.001028127 0.998971873
QJ:/crc/r: 0.000000063 0.000000006 0.999999931
QJ:/crrc/c: 0.000000133 0.999999867 0.000000000
QJ:/crrc/crr: 0.000000000 0.151015385 0.848984615
QJ:/crrc/r: 0.017295442 0.000000000 0.982704558
QJ:/rc/c: 0.000000767 0.999999233 0.000000000
QJ:/rc/crr: 0.000000000 0.001737889 0.998262111
QJ:/rc/r: 0.017506230 0.000000008 0.982493763
QJ:/rrc/c: 0.000000468 0.999999532 0.000000000
QJ:/rrc/crr: 0.000000000 0.063952748 0.936047252
QJ:/rrc/r: 0.000000058 0.000000012 0.999999930
QK:/cc/c: 0.198690883 0.801309117 0.000000000
QK:/cc/crr: 0.000000000 0.999999941 0.000000059
QK:/cc/r: 0.000000215 0.644951023 0.355048763
QK:/crc/c: 0.325655206 0.674344794 0.000000000
QK:/crc/crr: 0.000000000 0.000010523 0.999989477
QK:/crc/r: 0.000000285 0.355641430 0.644358284
QK:/crrc/c: 0.215833289 0.784166711 0.000000000
QK:/crrc/crr: 0.000000000 0.000003089 0.999996911
QK:/crrc/r: 0.000000430 0.210107434 0.789892136
QK:/rc/c: 0.444836908 0.555163092 0.000000000
QK:/rc/crr: 0.000000000 0.000006282 0.999993718
QK:/rc/r: 0.000000023 0.227598666 0.772401312
QK:/rrc/c: 0.501947138 0.498052862 0.000000000
QK:/rrc/crr: 0.000000000 0.046031625 0.953968375
QK:/rrc/r: 0.000000063 0.418260709 0.581739228
QQ:/cc/c: 0.999999990 0.000000010 0.000000000
QQ:/cc/crr: 0.000000000 0.999999990 0.000000010
QQ:/cc/r: 0.999999767 0.000000096 0.000000137
QQ:/crc/c: 0.999999979 0.000000021 0.000000000
QQ:/crc/crr: 0.000000000 0.999999985 0.000000015
QQ:/crc/r: 0.999999970 0.000000016 0.000000014
QQ:/crrc/c: 0.999999996 0.000000004 0.000000000
QQ:/crrc/crr: 0.000000000 0.999999996 0.000000004
QQ:/crrc/r: 0.999999971 0.000000024 0.000000004
QQ:/rc/c: 0.999999992 0.000000008 0.000000000
QQ:/rc/crr: 0.000000000 0.999999996 0.000000004
QQ:/rc/r: 0.999999982 0.000000007 0.000000011
QQ:/rrc/c: 0.999999956 0.000000044 0.000000000
QQ:/rrc/crr: 0.000000000 0.999999956 0.000000044
QQ:/rrc/r: 0.999999843 0.000000116 0.000000041
