J:/c: 0.279249255 0.720750745 0.000000000
J:/crr: 0.000000000 0.999999998 0.000000002
J:/r: 0.066008454 0.165742022 0.768249524
JJ:/cc/c: 0.999999995 0.000000005 0.000000000
JJ:/cc/crr: 0.000000000 0.999999998 0.000000002
JJ:/cc/r: 0.999999986 0.000000011 0.000000003
JJ:/crc/c: 0.999999986 0.000000014 0.000000000
JJ:/crc/crr: 0.000000000 0.999999996 0.000000004
JJ:/crc/r: 0.614830061 0.385169933 0.000000006
JJ:/crrc/c: 0.999999993 0.000000007 0.000000000
JJ:/crrc/crr: 0.000000000 0.999999998 0.000000002
JJ:/crrc/r: 0.999999927 0.000000070 0.000000003
JJ:/rc/c: 0.999999978 0.000000022 0.000000000
JJ:/rc/crr: 0.000000000 0.999999993 0.000000007
JJ:/rc/r: 0.999999976 0.000000014 0.000000010
JJ:/rrc/c: 0.999999950 0.000000050 0.000000000
JJ:/rrc/crr: 0.000000000 0.999999984 0.000000016
JJ:/rrc/r: 0.999999584 0.000000392 0.000000023
JK:/cc/c: 0.006871165 0.993128835 0.000000000
JK:/cc/crr: 0.000000000 0.000000499 0.999999501
JK:/cc/r: 0.000000840 0.000000006 0.999999154
JK:/crc/c: 0.535633854 0.464366146 0.000000000
JK:/crc/crr: 0.000000000 0.000000111 0.999999889
JK:/crc/r: 0.017846609 0.000000153 0.982153238
JK:/crrc/c: 0.368089252 0.631910748 0.000000000
JK:/crrc/crr: 0.000000000 0.000000367 0.999999633
JK:/crrc/r: 0.257595074 0.000000090 0.742404835
JK:/rc/c: 0.365315321 0.634684679 0.000000000
JK:/rc/crr: 0.000000000 0.000000027 0.999999973
JK:/rc/r: 0.428939203 0.000000013 0.571060784
JK:/rrc/c: 0.999998885 0.000001115 0.000000000
JK:/rrc/crr: 0.000000000 0.000000151 0.999999849
JK:/rrc/r: 0.358412043 0.000000185 0.641587772
JQ:/cc/c: 0.065395364 0.934604636 0.000000000
JQ:/cc/crr: 0.000000000 0.000000000 1.000000000
JQ:/cc/r: 0.045505853 0.000000000 0.954494147
JQ:/crc/c: 0.370130649 0.629869351 0.000000000
JQ:/crc/crr: 0.000000000 0.000004538 0.999995462
JQ:/crc/r: 0.160835741 0.000000038 0.839164221
JQ:/crrc/c: 0.032932913 0.967067087 0.000000000
JQ:/crrc/crr: 0.000000000 0.000000983 0.999999017
JQ:/crrc/r: 0.188517331 0.000000018 0.811482652
JQ:/rc/c: 0.999976186 0.000023814 0.000000000
JQ:/rc/crr: 0.000000000 0.000000000 1.000000000
JQ:/rc/r: 0.000000041 0.000000045 0.999999914
JQ:/rrc/c: 0.000009339 0.999990661 0.000000000
JQ:/rrc/crr: 0.000000000 0.024137111 0.975862889
JQ:/rrc/r: 0.493457251 0.000000172 0.506542577
K:/c: 0.999997572 0.000002428 0.000000000
K:/crr: 0.000000000 0.999999999 0.000000001
K:/r: 0.537285450 0.462714550 0.000000001
KJ:/cc/c: 0.010554644 0.989445356 0.000000000
KJ:/cc/crr: 0.000000000 0.974367276 0.025632724
KJ:/cc/r: 0.011366363 0.008175262 0.980458375
KJ:/crc/c: 0.116790612 0.883209388 0.000000000
KJ:/crc/crr: 0.000000000 0.999999991 0.000000009
KJ:/crc/r: 0.000000140 0.795138313 0.204861547
KJ:/crrc/c: 0.282661086 0.717338914 0.000000000
KJ:/crrc/crr: 0.000000000 0.716576584 0.283423416
KJ:/crrc/r: 0.044346170 0.819566628 0.136087202
KJ:/rc/c: 0.360587208 0.639412792 0.000000000
KJ:/rc/crr: 0.000000000 0.780018145 0.219981855
KJ:/rc/r: 0.022714221 0.785558746 0.191727033
KJ:/rrc/c: 0.434656484 0.565343516 0.000000000
KJ:/rrc/crr: 0.000000000 0.999977576 0.000022424
KJ:/rrc/r: 0.036106829 0.908547895 0.055345276
KK:/cc/c: 0.993318442 0.006681558 0.000000000
KK:/cc/crr: 0.000000000 0.997987767 0.002012233
KK:/cc/r: 0.997619450 0.002001783 0.000378767
KK:/crc/c: 0.999999804 0.000000196 0.000000000
KK:/crc/crr: 0.000000000 0.999999963 0.000000037
KK:/crc/r: 0.714285688 0.285714293 0.000000019
KK:/crrc/c: 0.999999993 0.000000007 0.000000000
KK:/crrc/crr: 0.000000000 0.999999998 0.000000002
KK:/crrc/r: 0.999993221 0.000006775 0.000000003
KK:/rc/c: 0.999999971 0.000000029 0.000000000
KK:/rc/crr: 0.000000000 0.999999991 0.000000009
KK:/rc/r: 0.999999967 0.000000019 0.000000014
KK:/rrc/c: 0.999999910 0.000000090 0.000000000
KK:/rrc/crr: 0.000000000 0.999999983 0.000000017
KK:/rrc/r: 0.955052335 0.044947646 0.000000020
KQ:/cc/c: 0.003926514 0.996073486 0.000000000
KQ:/cc/crr: 0.000000000 0.810888228 0.189111772
KQ:/cc/r: 0.020234138 0.976143184 0.003622679
KQ:/crc/c: 0.307941811 0.692058189 0.000000000
KQ:/crc/crr: 0.000000000 0.071355603 0.928644397
KQ:/crc/r: 0.000000020 0.504931595 0.495068386
KQ:/crrc/c: 0.576323885 0.423676115 0.000000000
KQ:/crrc/crr: 0.000000000 0.474200090 0.525799910
KQ:/crrc/r: 0.000005549 0.814554868 0.185439583
KQ:/rc/c: 0.000024194 0.999975806 0.000000000
KQ:/rc/crr: 0.000000000 0.011799718 0.988200282
KQ:/rc/r: 0.000000195 0.374710008 0.625289797
KQ:/rrc/c: 0.469714462 0.530285538 0.000000000
KQ:/rrc/crr: 0.000000000 0.537735421 0.462264579
KQ:/rrc/r: 0.080482635 0.608706432 0.310810933
Q:/c: 0.825213256 0.174786744 0.000000000
Q:/crr: 0.000000000 0.999999977 0.000000023
Q:/r: 0.330126990 0.669872870 0.000000140
QJ:/cc/c: 0.000000419 0.999999581 0.000000000
QJ:/cc/crr: 0.000000000 0.125412138 0.874587862
QJ:/cc/r: 0.000000160 0.000000192 0.999999647
QJ:/crc/c: 0.486520234 0.513479766 0.000000000
QJ:/crc/crr: 0.000000000 0.002095049 0.997904951
QJ:/crc/r: 0.000000079 0.000000013 0.999999908
QJ:/crrc/c: 0.000000082 0.999999918 0.000000000
QJ:/crrc/crr: 0.000000000 0.266246022 0.733753978
QJ:/crrc/r: 0.021560622 0.000000000 0.978439378
QJ:/rc/c: 0.000000471 0.999999529 0.000000000
QJ:/rc/crr: 0.000000000 0.003538743 0.996461257
QJ:/rc/r: 0.021822237 0.000000015 0.978177747
QJ:/rrc/c: 0.000000288 0.999999712 0.000000000
QJ:/rrc/crr: 0.000000000 0.122322832 0.877677168
QJ:/rrc/r: 0.000000073 0.000000024 0.999999903
QK:/cc/c: 0.132087361 0.867912639 0.000000000
QK:/cc/crr: 0.000000000 0.999999971 0.000000029
QK:/cc/r: 0.000000161 0.787483840 0.212516000
QK:/crc/c: 0.228635254 0.771364746 0.000000000
QK:/crc/crr: 0.000000000 0.000021465 0.999978535
QK:/crc/r: 0.000000261 0.529608784 0.470390955
QK:/crrc/c: 0.144519809 0.855480191 0.000000000
QK:/crrc/crr: 0.000000000 0.000006301 0.999993699
QK:/crrc/r: 0.000000441 0.351746344 0.648253214
QK:/rc/c: 0.329668398 0.670331602 0.000000000
QK:/rc/crr: 0.000000000 0.000012814 0.999987186
QK:/rc/r: 0.000000023 0.375424668 0.624575309
QK:/rrc/c: 0.382171270 0.617828730 0.000000000
QK:/rrc/crr: 0.000000000 0.089610867 0.910389133
QK:/rrc/r: 0.000000055 0.594593775 0.405406170
QQ:/cc/c: 0.999999983 0.000000017 0.000000000
QQ:/cc/crr: 0.000000000 0.999999995 0.000000005
QQ:/cc/r: 0.999999735 0.000000156 0.000000109
QQ:/crc/c: 0.999999965 0.000000035 0.000000000
QQ:/crc/crr: 0.000000000 0.999999993 0.000000007
QQ:/crc/r: 0.999999962 0.000000026 0.000000011
QQ:/crrc/c: 0.999999993 0.000000007 0.000000000
QQ:/crrc/crr: 0.000000000 0.999999998 0.000000002
QQ:/crrc/r: 0.999999957 0.000000040 0.000000003
QQ:/rc/c: 0.999999987 0.000000013 0.000000000
QQ:/rc/crr: 0.000000000 0.999999998 0.000000002
QQ:/rc/r: 0.999999979 0.000000012 0.000000009
QQ:/rrc/c: 0.999999928 0.000000072 0.000000000
QQ:/rrc/crr: 0.000000000 0.999999978 0.000000022
QQ:/rrc/r: 0.999999779 0.000000188 0.000000033
