J:/c: 0.271142796 0.728857204 0.000000000
J:/crr: 0.000000000 0.999999997 0.000000003
J:/r: 0.052955755 0.138483342 0.808560903
JJ:/cc/c: 0.999999994 0.000000006 0.000000000
JJ:/cc/crr: 0.000000000 0.999999997 0.000000003
JJ:/cc/r: 0.999999984 0.000000011 0.000000004
JJ:/crc/c: 0.999999985 0.000000015 0.000000000
JJ:/crc/crr: 0.000000000 0.999999995 0.000000005
JJ:/crc/r: 0.605161283 0.394838709 0.000000008
JJ:/crrc/c: 0.999999993 0.000000007 0.000000000
JJ:/crrc/crr: 0.000000000 0.999999997 0.000000003
JJ:/crrc/r: 0.999999923 0.000000073 0.000000004
JJ:/rc/c: 0.999999977 0.000000023 0.000000000
JJ:/rc/crr: 0.000000000 0.999999991 0.000000009
JJ:/rc/r: 0.999999972 0.000000015 0.000000013
JJ:/rrc/c: 0.999999947 0.000000053 0.000000000
JJ:/rrc/crr: 0.000000000 0.999999979 0.000000021
JJ:/rrc/r: 0.999999561 0.000000409 0.000000031
JK:/cc/c: 0.006599301 0.993400699 0.000000000
JK:/cc/crr: 0.000000000 0.000000396 0.999999604
JK:/cc/r: 0.000000641 0.000000004 0.999999355
JK:/crc/c: 0.525511289 0.474488711 0.000000000
JK:/crc/crr: 0.000000000 0.000000088 0.999999912
JK:/crc/r: 0.013661722 0.000000122 0.986338156
JK:/crrc/c: 0.358687264 0.641312736 0.000000000
JK:/crrc/crr: 0.000000000 0.000000291 0.999999709
JK:/crrc/r: 0.209163762 0.000000076 0.790836161
JK:/rc/c: 0.355944276 0.644055724 0.000000000
JK:/rc/crr: 0.000000000 0.000000021 0.999999979
JK:/rc/r: 0.364091846 0.000000011 0.635908143
JK:/rrc/c: 0.999998839 0.000001161 0.000000000
JK:/rrc/crr: 0.000000000 0.000000119 0.999999881
JK:/rrc/r: 0.298650898 0.000000161 0.701348942
JQ:/cc/c: 0.062954721 0.937045279 0.000000000
JQ:/cc/crr: 0.000000000 0.000000000 1.000000000
JQ:/cc/r: 0.035066665 0.000000000 0.964933335
JQ:/crc/c: 0.360706282 0.639293718 0.000000000
JQ:/crc/crr: 0.000000000 0.000003603 0.999996397
JQ:/crc/r: 0.127472852 0.000000031 0.872527117
JQ:/crrc/c: 0.031662767 0.968337233 0.000000000
JQ:/crrc/crr: 0.000000000 0.000000781 0.999999219
JQ:/crrc/r: 0.150441745 0.000000015 0.849558241
JQ:/rc/c: 0.999975198 0.000024802 0.000000000
JQ:/rc/crr: 0.000000000 0.000000000 1.000000000
JQ:/rc/r: 0.000000031 0.000000036 0.999999933
JQ:/rrc/c: 0.000008968 0.999991032 0.000000000
JQ:/rrc/crr: 0.000000000 0.019257762 0.980742238
JQ:/rrc/r: 0.426134526 0.000000154 0.573865320
K:/c: 0.999997326 0.000002674 0.000000000
K:/crr: 0.000000000 0.999999999 0.000000001
K:/r: 0.513158629 0.486841370 0.000000001
KJ:/cc/c: 0.009590447 0.990409553 0.000000000
KJ:/cc/crr: 0.000000000 0.971405483 0.028594517
KJ:/cc/r: 0.009248998 0.007328289 0.983422713
KJ:/crc/c: 0.107172652 0.892827348 0.000000000
KJ:/crc/crr: 0.000000000 0.999999990 0.000000010
KJ:/crc/r: 0.000000124 0.776223309 0.223776566
KJ:/crrc/c: 0.263457997 0.736542003 0.000000000
KJ:/crrc/crr: 0.000000000 0.693206625 0.306793375
KJ:/crrc/r: 0.039774636 0.809770823 0.150454541
KJ:/rc/c: 0.338588897 0.661411103 0.000000000
KJ:/rc/crr: 0.000000000 0.760128216 0.239871784
KJ:/rc/r: 0.020200749 0.769619488 0.210179763
KJ:/rrc/c: 0.411044290 0.588955710 0.000000000
KJ:/rrc/crr: 0.000000000 0.999974908 0.000025092
KJ:/rrc/r: 0.032670154 0.905602114 0.061727731
KK:/cc/c: 0.992644525 0.007355475 0.000000000
KK:/cc/crr: 0.000000000 0.997748954 0.002251046
KK:/cc/r: 0.997328710 0.002204541 0.000466749
KK:/crc/c: 0.999999785 0.000000215 0.000000000
KK:/crc/crr: 0.000000000 0.999999959 0.000000041
KK:/crc/r: 0.694134035 0.305865942 0.000000023
KK:/crrc/c: 0.999999992 0.000000008 0.000000000
KK:/crrc/crr: 0.000000000 0.999999998 0.000000002
KK:/crrc/r: 0.999992532 0.000007464 0.000000004
KK:/rc/c: 0.999999968 0.000000032 0.000000000
KK:/rc/crr: 0.000000000 0.999999990 0.000000010
KK:/rc/r: 0.999999962 0.000000021 0.000000017
KK:/rrc/c: 0.999999901 0.000000099 0.000000000
KK:/rrc/crr: 0.000000000 0.999999981 0.000000019
KK:/rrc/r: 0.950710324 0.049289652 0.000000024
KQ:/cc/c: 0.003565634 0.996434366 0.000000000
KQ:/cc/crr: 0.000000000 0.793048918 0.206951082
KQ:/cc/r: 0.018394195 0.977546386 0.004059419
KQ:/crc/c: 0.287710082 0.712289918 0.000000000
KQ:/crc/crr: 0.000000000 0.064257640 0.935742360
KQ:/crc/r: 0.000000017 0.476850932 0.523149051
KQ:/crrc/c: 0.552537364 0.447462636 0.000000000
KQ:/crrc/crr: 0.000000000 0.446287826 0.553712174
KQ:/crrc/r: 0.000004928 0.796975754 0.203019318
KQ:/rc/c: 0.000021963 0.999978037 0.000000000
KQ:/rc/crr: 0.000000000 0.010558606 0.989441394
KQ:/rc/r: 0.000000165 0.348769456 0.651230379
KQ:/rrc/c: 0.445699220 0.554300780 0.000000000
KQ:/rrc/crr: 0.000000000 0.509708706 0.490291294
KQ:/rrc/r: 0.070962390 0.591237134 0.337800476
Q:/c: 0.853584602 0.146415398 0.000000000
Q:/crr: 0.000000000 0.999999967 0.000000033
Q:/r: 0.378319036 0.621680776 0.000000188
QJ:/cc/c: 0.000000518 0.999999482 0.000000000
QJ:/cc/crr: 0.000000000 0.090264743 0.909735257
QJ:/cc/r: 0.000000137 0.000000133 0.999999730
QJ:/crc/c: 0.539166974 0.460833026 0.000000000
QJ:/crc/crr: 0.000000000 0.001450579 0.998549421
QJ:/crc/r: 0.000000067 0.000000009 0.999999924
QJ:/crrc/c: 0.000000101 0.999999899 0.000000000
QJ:/crrc/crr: 0.000000000 0.200685999 0.799314001
QJ:/crrc/r: 0.018479736 0.000000000 0.981520264
QJ:/rc/c: 0.000000581 0.999999419 0.000000000
QJ:/rc/crr: 0.000000000 0.002451262 0.997548738
QJ:/rc/r: 0.018704682 0.000000011 0.981295307
QJ:/rrc/c: 0.000000355 0.999999645 0.000000000
QJ:/rrc/crr: 0.000000000 0.087954160 0.912045840
QJ:/rrc/r: 0.000000063 0.000000016 0.999999921
QK:/cc/c: 0.158196874 0.841803126 0.000000000
QK:/cc/crr: 0.000000000 0.999999959 0.000000041
QK:/cc/r: 0.000000181 0.719415787 0.280584031
QK:/crc/c: 0.267937584 0.732062416 0.000000000
QK:/crc/crr: 0.000000000 0.000014853 0.999985147
QK:/crc/r: 0.000000266 0.437900934 0.562098800
QK:/crrc/c: 0.172598113 0.827401887 0.000000000
QK:/crrc/crr: 0.000000000 0.000004360 0.999995640
QK:/crrc/r: 0.000000423 0.272965005 0.727034572
QK:/rc/c: 0.377831280 0.622168720 0.000000000
QK:/rc/crr: 0.000000000 0.000008867 0.999991133
QK:/rc/r: 0.000000022 0.293743103 0.706256875
QK:/rrc/c: 0.433049303 0.566950697 0.000000000
QK:/rrc/crr: 0.000000000 0.063765429 0.936234571
QK:/rrc/r: 0.000000058 0.503682314 0.496317629
QQ:/cc/c: 0.999999986 0.000000014 0.000000000
QQ:/cc/crr: 0.000000000 0.999999993 0.000000007
QQ:/cc/r: 0.999999746 0.000000126 0.000000128
QQ:/crc/c: 0.999999972 0.000000028 0.000000000
QQ:/crc/crr: 0.000000000 0.999999990 0.000000010
QQ:/crc/r: 0.999999966 0.000000021 0.000000013
QQ:/crrc/c: 0.999999994 0.000000006 0.000000000
QQ:/crrc/crr: 0.000000000 0.999999997 0.000000003
QQ:/crrc/r: 0.999999964 0.000000032 0.000000004
QQ:/rc/c: 0.999999989 0.000000011 0.000000000
QQ:/rc/crr: 0.000000000 0.999999997 0.000000003
QQ:/rc/r: 0.999999980 0.000000010 0.000000010
QQ:/rrc/c: 0.999999942 0.000000058 0.000000000
QQ:/rrc/crr: 0.000000000 0.999999969 0.000000031
QQ:/rrc/r: 0.999999809 0.000000153 0.000000038
