J:/c: 0.252631397 0.747368603 0.000000000
J:/crr: 0.000000000 0.999999997 0.000000003
J:/r: 0.047017813 0.135316247 0.817665940
JJ:/cc/c: 0.999999994 0.000000006 0.000000000
JJ:/cc/crr: 0.000000000 0.999999997 0.000000003
JJ:/cc/r: 0.999999983 0.000000013 0.000000005
JJ:/crc/c: 0.999999984 0.000000016 0.000000000
JJ:/crc/crr: 0.000000000 0.999999994 0.000000006
JJ:/crc/r: 0.582056885 0.417943106 0.000000009
JJ:/crrc/c: 0.999999992 0.000000008 0.000000000
JJ:/crrc/crr: 0.000000000 0.999999997 0.000000003
JJ:/crrc/r: 0.999999915 0.000000080 0.000000005
JJ:/rc/c: 0.999999975 0.000000025 0.000000000
JJ:/rc/crr: 0.000000000 0.999999991 0.000000009
JJ:/rc/r: 0.999999969 0.000000016 0.000000015
JJ:/rrc/c: 0.999999942 0.000000058 0.000000000
JJ:/rrc/crr: 0.000000000 0.999999979 0.000000021
JJ:/rrc/r: 0.999999515 0.000000450 0.000000035
JK:/cc/c: 0.006000075 0.993999925 0.000000000
JK:/cc/crr: 0.000000000 0.000000383 0.999999617
JK:/cc/r: 0.000000562 0.000000004 0.999999433
JK:/crc/c: 0.501584760 0.498415240 0.000000000
JK:/crc/crr: 0.000000000 0.000000085 0.999999915
JK:/crc/r: 0.012014788 0.000000118 0.987985095
JK:/crrc/c: 0.336962225 0.663037775 0.000000000
JK:/crrc/crr: 0.000000000 0.000000282 0.999999718
JK:/crrc/r: 0.188451802 0.000000076 0.811548123
JK:/rc/c: 0.334298771 0.665701229 0.000000000
JK:/rc/crr: 0.000000000 0.000000021 0.999999979
JK:/rc/r: 0.334527981 0.000000011 0.665472008
JK:/rrc/c: 0.999998722 0.000001278 0.000000000
JK:/rrc/crr: 0.000000000 0.000000115 0.999999885
JK:/rrc/r: 0.272126840 0.000000161 0.727872999
JQ:/cc/c: 0.057534712 0.942465288 0.000000000
JQ:/cc/crr: 0.000000000 0.000000000 1.000000000
JQ:/cc/r: 0.030920234 0.000000000 0.969079766
JQ:/crc/c: 0.338923582 0.661076418 0.000000000
JQ:/crc/crr: 0.000000000 0.000003481 0.999996519
JQ:/crc/r: 0.113687268 0.000000031 0.886312701
JQ:/crrc/c: 0.028853844 0.971146156 0.000000000
JQ:/crrc/crr: 0.000000000 0.000000754 0.999999246
JQ:/crrc/r: 0.134555247 0.000000014 0.865444739
JQ:/rc/c: 0.999972705 0.000027295 0.000000000
JQ:/rc/crr: 0.000000000 0.000000000 1.000000000
JQ:/rc/r: 0.000000027 0.000000035 0.999999938
JQ:/rrc/c: 0.000008148 0.999991852 0.000000000
JQ:/rrc/crr: 0.000000000 0.018619904 0.981380096
JQ:/rrc/r: 0.394659439 0.000000157 0.605340403
K:/c: 0.999997458 0.000002542 0.000000000
K:/crr: 0.000000000 0.999999999 0.000000001
K:/r: 0.525813984 0.474186015 0.000000001
KJ:/cc/c: 0.010084201 0.989915799 0.000000000
KJ:/cc/crr: 0.000000000 0.967134318 0.032865682
KJ:/cc/r: 0.008443513 0.006359338 0.985197149
KJ:/crc/c: 0.112121583 0.887878417 0.000000000
KJ:/crc/crr: 0.000000000 0.999999989 0.000000011
KJ:/crc/r: 0.000000127 0.750292156 0.249707717
KJ:/crrc/c: 0.273413714 0.726586286 0.000000000
KJ:/crrc/crr: 0.000000000 0.661846348 0.338153652
KJ:/crrc/r: 0.040810514 0.789784749 0.169404737
KJ:/rc/c: 0.350034456 0.649965544 0.000000000
KJ:/rc/crr: 0.000000000 0.732973566 0.267026434
KJ:/rc/r: 0.020562275 0.744664270 0.234773455
KJ:/rrc/c: 0.423371331 0.576628669 0.000000000
KJ:/rrc/crr: 0.000000000 0.999971033 0.000028967
KJ:/rrc/r: 0.033987506 0.895542727 0.070469766
KK:/cc/c: 0.993005616 0.006994384 0.000000000
KK:/cc/crr: 0.000000000 0.997402191 0.002597809
KK:/cc/r: 0.997392082 0.002095688 0.000512231
KK:/crc/c: 0.999999795 0.000000205 0.000000000
KK:/crc/crr: 0.000000000 0.999999953 0.000000047
KK:/crc/r: 0.704791314 0.295208661 0.000000025
KK:/crrc/c: 0.999999992 0.000000008 0.000000000
KK:/crrc/crr: 0.000000000 0.999999997 0.000000003
KK:/crrc/r: 0.999992901 0.000007095 0.000000005
KK:/rc/c: 0.999999970 0.000000030 0.000000000
KK:/rc/crr: 0.000000000 0.999999989 0.000000011
KK:/rc/r: 0.999999961 0.000000020 0.000000019
KK:/rrc/c: 0.999999906 0.000000094 0.000000000
KK:/rrc/crr: 0.000000000 0.999999978 0.000000022
KK:/rrc/r: 0.953032621 0.046967352 0.000000027
KQ:/cc/c: 0.003750382 0.996249618 0.000000000
KQ:/cc/crr: 0.000000000 0.768485976 0.231514024
KQ:/cc/r: 0.019320253 0.976000777 0.004678970
KQ:/crc/c: 0.298211198 0.701788802 0.000000000
KQ:/crc/crr: 0.000000000 0.056143663 0.943856337
KQ:/crc/r: 0.000000017 0.441202522 0.558797462
KQ:/crrc/c: 0.565036735 0.434963265 0.000000000
KQ:/crrc/crr: 0.000000000 0.411128660 0.588871340
KQ:/crrc/r: 0.000005027 0.772745707 0.227249267
KQ:/rc/c: 0.000023105 0.999976895 0.000000000
KQ:/rc/crr: 0.000000000 0.009158975 0.990841025
KQ:/rc/r: 0.000000158 0.316896065 0.683103777
KQ:/rrc/c: 0.458256894 0.541743106 0.000000000
KQ:/rrc/crr: 0.000000000 0.473828717 0.526171283
KQ:/rrc/r: 0.070703362 0.559956515 0.369340123
Q:/c: 0.818468226 0.181531774 0.000000000
Q:/crr: 0.000000000 0.999999970 0.000000030
Q:/r: 0.320019504 0.679980312 0.000000184
QJ:/cc/c: 0.000000400 0.999999600 0.000000000
QJ:/cc/crr: 0.000000000 0.099916070 0.900083930
QJ:/cc/r: 0.000000119 0.000000149 0.999999733
QJ:/crc/c: 0.475019944 0.524980056 0.000000000
QJ:/crc/crr: 0.000000000 0.001622616 0.998377384
QJ:/crc/r: 0.000000058 0.000000010 0.999999932
QJ:/crrc/c: 0.000000078 0.999999922 0.000000000
QJ:/crrc/crr: 0.000000000 0.219297799 0.780702201
QJ:/crrc/r: 0.016029397 0.000000000 0.983970603
QJ:/rc/c: 0.000000450 0.999999550 0.000000000
QJ:/rc/crr: 0.000000000 0.002741653 0.997258347
QJ:/rc/r: 0.016225009 0.000000012 0.983774979
QJ:/rrc/c: 0.000000275 0.999999725 0.000000000
QJ:/rrc/crr: 0.000000000 0.097384881 0.902615119
QJ:/rrc/r: 0.000000054 0.000000018 0.999999928
QK:/cc/c: 0.126894664 0.873105336 0.000000000
QK:/cc/crr: 0.000000000 0.999999963 0.000000037
QK:/cc/r: 0.000000145 0.741506786 0.258493069
QK:/crc/c: 0.220611787 0.779388213 0.000000000
QK:/crc/crr: 0.000000000 0.000016617 0.999983383
QK:/crc/r: 0.000000219 0.465694949 0.534304832
QK:/crrc/c: 0.138916589 0.861083411 0.000000000
QK:/crrc/crr: 0.000000000 0.000004878 0.999995122
QK:/crrc/r: 0.000000355 0.295799403 0.704200242
QK:/rc/c: 0.319568268 0.680431732 0.000000000
QK:/rc/crr: 0.000000000 0.000009920 0.999990080
QK:/rc/r: 0.000000018 0.317556444 0.682443538
QK:/rrc/c: 0.371353706 0.628646294 0.000000000
QK:/rrc/crr: 0.000000000 0.070803903 0.929196097
QK:/rrc/r: 0.000000047 0.531702103 0.468297850
QQ:/cc/c: 0.999999982 0.000000018 0.000000000
QQ:/cc/crr: 0.000000000 0.999999994 0.000000006
QQ:/cc/r: 0.999999689 0.000000163 0.000000148
QQ:/crc/c: 0.999999964 0.000000036 0.000000000
QQ:/crc/crr: 0.000000000 0.999999991 0.000000009
QQ:/crc/r: 0.999999957 0.000000028 0.000000015
QQ:/crrc/c: 0.999999992 0.000000008 0.000000000
QQ:/crrc/crr: 0.000000000 0.999999997 0.000000003
QQ:/crrc/r: 0.999999954 0.000000041 0.000000005
QQ:/rc/c: 0.999999986 0.000000014 0.000000000
QQ:/rc/crr: 0.000000000 0.999999997 0.000000003
QQ:/rc/r: 0.999999976 0.000000013 0.000000012
QQ:/rrc/c: 0.999999925 0.000000075 0.000000000
QQ:/rrc/crr: 0.000000000 0.999999972 0.000000028
QQ:/rrc/r: 0.999999758 0.000000197 0.000000044
