J:/c: 0.247497216 0.752502784 0.000000000
J:/crr: 0.000000000 0.999999997 0.000000003
J:/r: 0.047464281 0.140392755 0.812142964
JJ:/cc/c: 0.999999994 0.000000006 0.000000000
JJ:/cc/crr: 0.000000000 0.999999997 0.000000003
JJ:/cc/r: 0.999999983 0.000000013 0.000000005
JJ:/crc/c: 0.999999983 0.000000017 0.000000000
JJ:/crc/crr: 0.000000000 0.999999995 0.000000005
JJ:/crc/r: 0.575382066 0.424617925 0.000000008
JJ:/crrc/c: 0.999999992 0.000000008 0.000000000
JJ:/crrc/crr: 0.000000000 0.999999997 0.000000003
JJ:/crrc/r: 0.999999913 0.000000083 0.000000005
JJ:/rc/c: 0.999999974 0.000000026 0.000000000
JJ:/rc/crr: 0.000000000 0.999999991 0.000000009
JJ:/rc/r: 0.999999968 0.000000017 0.000000015
JJ:/rrc/c: 0.999999941 0.000000059 0.000000000
JJ:/rrc/crr: 0.000000000 0.999999980 0.000000020
JJ:/rrc/r: 0.999999503 0.000000462 0.000000034
JK:/cc/c: 0.005838978 0.994161022 0.000000000
JK:/cc/crr: 0.000000000 0.000000400 0.999999600
JK:/cc/r: 0.000000572 0.000000005 0.999999424
JK:/crc/c: 0.494740371 0.505259629 0.000000000
JK:/crc/crr: 0.000000000 0.000000089 0.999999911
JK:/crc/r: 0.012208959 0.000000123 0.987790918
JK:/crrc/c: 0.330872951 0.669127049 0.000000000
JK:/crrc/crr: 0.000000000 0.000000294 0.999999706
JK:/crrc/r: 0.190946294 0.000000079 0.809053627
JK:/rc/c: 0.328233801 0.671766199 0.000000000
JK:/rc/crr: 0.000000000 0.000000021 0.999999979
JK:/rc/r: 0.338150380 0.000000012 0.661849608
JK:/rrc/c: 0.999998687 0.000001313 0.000000000
JK:/rrc/crr: 0.000000000 0.000000121 0.999999879
JK:/rrc/r: 0.275353120 0.000000168 0.724646712
JQ:/cc/c: 0.056067995 0.943932005 0.000000000
JQ:/cc/crr: 0.000000000 0.000000000 1.000000000
JQ:/cc/r: 0.031410224 0.000000000 0.968589776
JQ:/crc/c: 0.332816655 0.667183345 0.000000000
JQ:/crc/crr: 0.000000000 0.000003636 0.999996364
JQ:/crc/r: 0.115332763 0.000000032 0.884667205
JQ:/crrc/c: 0.028096484 0.971903516 0.000000000
JQ:/crrc/crr: 0.000000000 0.000000788 0.999999212
JQ:/crrc/r: 0.136456280 0.000000015 0.863543705
JQ:/rc/c: 0.999971947 0.000028053 0.000000000
JQ:/rc/crr: 0.000000000 0.000000000 1.000000000
JQ:/rc/r: 0.000000028 0.000000036 0.999999936
JQ:/rrc/c: 0.000007928 0.999992072 0.000000000
JQ:/rrc/crr: 0.000000000 0.019433692 0.980566308
JQ:/rrc/r: 0.398543012 0.000000163 0.601456825
K:/c: 0.999997387 0.000002613 0.000000000
K:/crr: 0.000000000 0.999999999 0.000000001
K:/r: 0.518983239 0.481016760 0.000000001
KJ:/cc/c: 0.009814530 0.990185470 0.000000000
KJ:/cc/crr: 0.000000000 0.968492500 0.031507500
KJ:/cc/r: 0.008578039 0.006639983 0.984781977
KJ:/crc/c: 0.109424865 0.890575135 0.000000000
KJ:/crc/crr: 0.000000000 0.999999989 0.000000011
KJ:/crc/r: 0.000000125 0.758372575 0.241627301
KJ:/crrc/c: 0.268008636 0.731991364 0.000000000
KJ:/crrc/crr: 0.000000000 0.671535872 0.328464128
KJ:/crrc/r: 0.040041919 0.796419408 0.163538672
KJ:/rc/c: 0.343831453 0.656168547 0.000000000
KJ:/rc/crr: 0.000000000 0.741421265 0.258578735
KJ:/rc/r: 0.020220744 0.752621761 0.227157495
KJ:/rrc/c: 0.416701916 0.583298084 0.000000000
KJ:/rrc/crr: 0.000000000 0.999972269 0.000027731
KJ:/rrc/r: 0.033199911 0.899071421 0.067728668
KK:/cc/c: 0.992812871 0.007187129 0.000000000
KK:/cc/crr: 0.000000000 0.997512763 0.002487237
KK:/cc/r: 0.997342291 0.002153749 0.000503960
KK:/crc/c: 0.999999789 0.000000211 0.000000000
KK:/crc/crr: 0.000000000 0.999999955 0.000000045
KK:/crc/r: 0.699063201 0.300936774 0.000000025
KK:/crrc/c: 0.999999992 0.000000008 0.000000000
KK:/crrc/crr: 0.000000000 0.999999997 0.000000003
KK:/crrc/r: 0.999992704 0.000007292 0.000000005
KK:/rc/c: 0.999999969 0.000000031 0.000000000
KK:/rc/crr: 0.000000000 0.999999989 0.000000011
KK:/rc/r: 0.999999961 0.000000021 0.000000018
KK:/rrc/c: 0.999999903 0.000000097 0.000000000
KK:/rrc/crr: 0.000000000 0.999999979 0.000000021
KK:/rrc/r: 0.951791815 0.048208159 0.000000026
KQ:/cc/c: 0.003649465 0.996350535 0.000000000
KQ:/cc/crr: 0.000000000 0.776153302 0.223846698
KQ:/cc/r: 0.018812043 0.976705403 0.004482554
KQ:/crc/c: 0.292513257 0.707486743 0.000000000
KQ:/crc/crr: 0.000000000 0.058499681 0.941500319
KQ:/crc/r: 0.000000017 0.451979381 0.548020603
KQ:/crrc/c: 0.558296371 0.441703629 0.000000000
KQ:/crrc/crr: 0.000000000 0.421725326 0.578274674
KQ:/crrc/r: 0.000004939 0.780312226 0.219682835
KQ:/rc/c: 0.000022481 0.999977519 0.000000000
KQ:/rc/crr: 0.000000000 0.009563300 0.990436700
KQ:/rc/r: 0.000000158 0.326410207 0.673589635
KQ:/rrc/c: 0.451468195 0.548531805 0.000000000
KQ:/rrc/crr: 0.000000000 0.484711235 0.515288765
KQ:/rrc/r: 0.070031268 0.570028404 0.359940328
Q:/c: 0.814364884 0.185635116 0.000000000
Q:/crr: 0.000000000 0.999999972 0.000000028
Q:/r: 0.314091366 0.685908456 0.000000177
QJ:/cc/c: 0.000000389 0.999999611 0.000000000
QJ:/cc/crr: 0.000000000 0.103906741 0.896093259
QJ:/cc/r: 0.000000120 0.000000156 0.999999724
QJ:/crc/c: 0.468197532 0.531802468 0.000000000
QJ:/crc/crr: 0.000000000 0.001694816 0.998305184
QJ:/crc/r: 0.000000059 0.000000010 0.999999931
QJ:/crrc/c: 0.000000076 0.999999924 0.000000000
QJ:/crrc/crr: 0.000000000 0.226854855 0.773145145
QJ:/crrc/r: 0.016287379 0.000000000 0.983712621
QJ:/rc/c: 0.000000437 0.999999563 0.000000000
QJ:/rc/crr: 0.000000000 0.002863503 0.997136497
QJ:/rc/r: 0.016486087 0.000000012 0.983513901
QJ:/rrc/c: 0.000000267 0.999999733 0.000000000
QJ:/rrc/crr: 0.000000000 0.101285832 0.898714168
QJ:/rrc/r: 0.000000055 0.000000019 0.999999926
QK:/cc/c: 0.123892208 0.876107792 0.000000000
QK:/cc/crr: 0.000000000 0.999999965 0.000000035
QK:/cc/r: 0.000000142 0.749776684 0.250223174
QK:/crc/c: 0.215940316 0.784059684 0.000000000
QK:/crc/crr: 0.000000000 0.000017358 0.999982642
QK:/crc/r: 0.000000218 0.476559851 0.523439931
QK:/crrc/c: 0.135673884 0.864326116 0.000000000
QK:/crrc/crr: 0.000000000 0.000005095 0.999994905
QK:/crrc/r: 0.000000356 0.304962927 0.695036718
QK:/rc/c: 0.313644631 0.686355369 0.000000000
QK:/rc/crr: 0.000000000 0.000010362 0.999989638
QK:/rc/r: 0.000000018 0.327080920 0.672919062
QK:/rrc/c: 0.364985055 0.635014945 0.000000000
QK:/rrc/crr: 0.000000000 0.073727070 0.926272930
QK:/rrc/r: 0.000000047 0.542543262 0.457456692
QQ:/cc/c: 0.999999982 0.000000018 0.000000000
QQ:/cc/crr: 0.000000000 0.999999994 0.000000006
QQ:/cc/r: 0.999999687 0.000000168 0.000000146
QQ:/crc/c: 0.999999963 0.000000037 0.000000000
QQ:/crc/crr: 0.000000000 0.999999991 0.000000009
QQ:/crc/r: 0.999999957 0.000000028 0.000000015
QQ:/crrc/c: 0.999999992 0.000000008 0.000000000
QQ:/crrc/crr: 0.000000000 0.999999997 0.000000003
QQ:/crrc/r: 0.999999953 0.000000043 0.000000005
QQ:/rc/c: 0.999999986 0.000000014 0.000000000
QQ:/rc/crr: 0.000000000 0.999999997 0.000000003
QQ:/rc/r: 0.999999976 0.000000013 0.000000011
QQ:/rrc/c: 0.999999923 0.000000077 0.000000000
QQ:/rrc/crr: 0.000000000 0.999999973 0.000000027
QQ:/rrc/r: 0.999999754 0.000000203 0.000000044
