J:/c: 0.282474539 0.717525461 0.000000000
J:/crr: 0.000000000 0.999999997 0.000000003
J:/r: 0.053195977 0.131454903 0.815349119
JJ:/cc/c: 0.999999995 0.000000005 0.000000000
JJ:/cc/crr: 0.000000000 0.999999997 0.000000003
JJ:/cc/r: 0.999999985 0.000000011 0.000000004
JJ:/crc/c: 0.999999986 0.000000014 0.000000000
JJ:/crc/crr: 0.000000000 0.999999994 0.000000006
JJ:/crc/r: 0.618604644 0.381395348 0.000000008
JJ:/crrc/c: 0.999999994 0.000000006 0.000000000
JJ:/crrc/crr: 0.000000000 0.999999997 0.000000003
JJ:/crrc/r: 0.999999927 0.000000069 0.000000004
JJ:/rc/c: 0.999999978 0.000000022 0.000000000
JJ:/rc/crr: 0.000000000 0.999999990 0.000000010
JJ:/rc/r: 0.999999973 0.000000014 0.000000013
JJ:/rrc/c: 0.999999950 0.000000050 0.000000000
JJ:/rrc/crr: 0.000000000 0.999999978 0.000000022
JJ:/rrc/r: 0.999999583 0.000000386 0.000000031
JK:/cc/c: 0.006980997 0.993019003 0.000000000
JK:/cc/crr: 0.000000000 0.000000373 0.999999627
JK:/cc/r: 0.000000638 0.000000004 0.999999358
JK:/crc/c: 0.539603382 0.460396618 0.000000000
JK:/crc/crr: 0.000000000 0.000000083 0.999999917
JK:/crc/r: 0.013610150 0.000000115 0.986389735
JK:/crrc/c: 0.371811300 0.628188700 0.000000000
JK:/crrc/crr: 0.000000000 0.000000274 0.999999726
JK:/crrc/r: 0.208530213 0.000000072 0.791469716
JK:/rc/c: 0.369025700 0.630974300 0.000000000
JK:/rc/crr: 0.000000000 0.000000020 0.999999980
JK:/rc/r: 0.363204544 0.000000011 0.636795446
JK:/rrc/c: 0.999998903 0.000001097 0.000000000
JK:/rrc/crr: 0.000000000 0.000000112 0.999999888
JK:/rrc/r: 0.297848381 0.000000152 0.702151467
JQ:/cc/c: 0.066378145 0.933621855 0.000000000
JQ:/cc/crr: 0.000000000 0.000000000 1.000000000
JQ:/cc/r: 0.034937152 0.000000000 0.965062848
JQ:/crc/c: 0.373861126 0.626138874 0.000000000
JQ:/crc/crr: 0.000000000 0.000003391 0.999996609
JQ:/crc/r: 0.127046990 0.000000030 0.872952981
JQ:/crrc/c: 0.033445296 0.966554704 0.000000000
JQ:/crrc/crr: 0.000000000 0.000000735 0.999999265
JQ:/crrc/r: 0.149952336 0.000000014 0.850047651
JQ:/rc/c: 0.999976563 0.000023437 0.000000000
JQ:/rc/crr: 0.000000000 0.000000000 1.000000000
JQ:/rc/r: 0.000000031 0.000000034 0.999999935
JQ:/rrc/c: 0.000009490 0.999990510 0.000000000
JQ:/rrc/crr: 0.000000000 0.018148681 0.981851319
JQ:/rrc/r: 0.425197127 0.000000146 0.574802728
K:/c: 0.999997817 0.000002183 0.000000000
K:/crr: 0.000000000 0.999999999 0.000000001
K:/r: 0.563592449 0.436407550 0.000000001
KJ:/cc/c: 0.011724939 0.988275061 0.000000000
KJ:/cc/crr: 0.000000000 0.966294092 0.033705908
KJ:/cc/r: 0.009570830 0.006189403 0.984239766
KJ:/crc/c: 0.128213919 0.871786081 0.000000000
KJ:/crc/crr: 0.000000000 0.999999989 0.000000011
KJ:/crc/r: 0.000000146 0.745367816 0.254632038
KJ:/crrc/c: 0.304710924 0.695289076 0.000000000
KJ:/crrc/crr: 0.000000000 0.655977577 0.344022423
KJ:/crrc/r: 0.047002849 0.781036529 0.171960621
KJ:/rc/c: 0.385449538 0.614550462 0.000000000
KJ:/rc/crr: 0.000000000 0.727831599 0.272168401
KJ:/rc/r: 0.023719894 0.737585877 0.238694229
KJ:/rrc/c: 0.460944258 0.539055742 0.000000000
KJ:/rrc/crr: 0.000000000 0.999970267 0.000029733
KJ:/rrc/r: 0.039289910 0.888911503 0.071798587
KK:/cc/c: 0.993988407 0.006011593 0.000000000
KK:/cc/crr: 0.000000000 0.997333644 0.002666356
KK:/cc/r: 0.997748300 0.001800081 0.000451619
KK:/crc/c: 0.999999824 0.000000176 0.000000000
KK:/crc/crr: 0.000000000 0.999999951 0.000000049
KK:/crc/r: 0.735483842 0.264516135 0.000000023
KK:/crrc/c: 0.999999994 0.000000006 0.000000000
KK:/crrc/crr: 0.000000000 0.999999997 0.000000003
KK:/crrc/r: 0.999993904 0.000006092 0.000000004
KK:/rc/c: 0.999999974 0.000000026 0.000000000
KK:/rc/crr: 0.000000000 0.999999989 0.000000011
KK:/rc/r: 0.999999966 0.000000017 0.000000016
KK:/rrc/c: 0.999999919 0.000000081 0.000000000
KK:/rrc/crr: 0.000000000 0.999999977 0.000000023
KK:/rrc/r: 0.959402446 0.040597530 0.000000024
KQ:/cc/c: 0.004365127 0.995634873 0.000000000
KQ:/cc/crr: 0.000000000 0.763807490 0.236192510
KQ:/cc/r: 0.022426915 0.972786141 0.004786944
KQ:/crc/c: 0.331053620 0.668946380 0.000000000
KQ:/crc/crr: 0.000000000 0.054775812 0.945224188
KQ:/crc/r: 0.000000019 0.434774714 0.565225267
KQ:/crrc/c: 0.602055281 0.397944719 0.000000000
KQ:/crrc/crr: 0.000000000 0.404821582 0.595178418
KQ:/crrc/r: 0.000005819 0.768126799 0.231867382
KQ:/rc/c: 0.000026909 0.999973091 0.000000000
KQ:/rc/crr: 0.000000000 0.008925006 0.991074994
KQ:/rc/r: 0.000000180 0.311270459 0.688729361
KQ:/rrc/c: 0.496261324 0.503738676 0.000000000
KQ:/rrc/crr: 0.000000000 0.467323100 0.532676900
KQ:/rrc/r: 0.080617378 0.548218125 0.371164497
Q:/c: 0.840024566 0.159975434 0.000000000
Q:/crr: 0.000000000 0.999999970 0.000000030
Q:/r: 0.354052007 0.645947814 0.000000179
QJ:/cc/c: 0.000000466 0.999999534 0.000000000
QJ:/cc/crr: 0.000000000 0.097592041 0.902407959
QJ:/cc/r: 0.000000134 0.000000145 0.999999720
QJ:/crc/c: 0.513097882 0.486902118 0.000000000
QJ:/crc/crr: 0.000000000 0.001580859 0.998419141
QJ:/crc/r: 0.000000066 0.000000009 0.999999924
QJ:/crrc/c: 0.000000091 0.999999909 0.000000000
QJ:/crrc/crr: 0.000000000 0.214859825 0.785140175
QJ:/crrc/r: 0.018148040 0.000000000 0.981851960
QJ:/rc/c: 0.000000524 0.999999476 0.000000000
QJ:/rc/crr: 0.000000000 0.002671175 0.997328825
QJ:/rc/r: 0.018369024 0.000000012 0.981630964
QJ:/rrc/c: 0.000000320 0.999999680 0.000000000
QJ:/rrc/crr: 0.000000000 0.095113506 0.904886494
QJ:/rrc/r: 0.000000061 0.000000018 0.999999921
QK:/cc/c: 0.144761616 0.855238384 0.000000000
QK:/cc/crr: 0.000000000 0.999999962 0.000000038
QK:/cc/r: 0.000000167 0.736470045 0.263529787
QK:/crc/c: 0.247927244 0.752072756 0.000000000
QK:/crc/crr: 0.000000000 0.000016189 0.999983811
QK:/crc/r: 0.000000251 0.459203532 0.540796217
QK:/crrc/c: 0.158169599 0.841830401 0.000000000
QK:/crrc/crr: 0.000000000 0.000004752 0.999995248
QK:/crrc/r: 0.000000405 0.290389096 0.709610499
QK:/rc/c: 0.353577738 0.646422262 0.000000000
QK:/rc/crr: 0.000000000 0.000009664 0.999990336
QK:/rc/r: 0.000000021 0.311924473 0.688075506
QK:/rrc/c: 0.407573200 0.592426800 0.000000000
QK:/rrc/crr: 0.000000000 0.069105030 0.930894970
QK:/rrc/r: 0.000000054 0.525195008 0.474804938
QQ:/cc/c: 0.999999985 0.000000015 0.000000000
QQ:/cc/crr: 0.000000000 0.999999993 0.000000007
QQ:/cc/r: 0.999999729 0.000000140 0.000000130
QQ:/crc/c: 0.999999969 0.000000031 0.000000000
QQ:/crc/crr: 0.000000000 0.999999990 0.000000010
QQ:/crc/r: 0.999999963 0.000000024 0.000000013
QQ:/crrc/c: 0.999999994 0.000000006 0.000000000
QQ:/crrc/crr: 0.000000000 0.999999997 0.000000003
QQ:/crrc/r: 0.999999960 0.000000036 0.000000004
QQ:/rc/c: 0.999999988 0.000000012 0.000000000
QQ:/rc/crr: 0.000000000 0.999999997 0.000000003
QQ:/rc/r: 0.999999979 0.000000011 0.000000010
QQ:/rrc/c: 0.999999935 0.000000065 0.000000000
QQ:/rrc/crr: 0.000000000 0.999999971 0.000000029
QQ:/rrc/r: 0.999999792 0.000000169 0.000000039
