J:/c: 0.364320325 0.635679675 0.000000000
J:/crr: 0.000000000 0.999999996 0.000000004
J:/r: 0.054902076 0.093193084 0.851904840
JJ:/cc/c: 0.999999996 0.000000004 0.000000000
JJ:/cc/crr: 0.000000000 0.999999996 0.000000004
JJ:/cc/r: 0.999999988 0.000000007 0.000000004
JJ:/crc/c: 0.999999990 0.000000010 0.000000000
JJ:/crc/crr: 0.000000000 0.999999992 0.000000008
JJ:/crc/r: 0.702491095 0.297508896 0.000000009
JJ:/crrc/c: 0.999999996 0.000000004 0.000000000
JJ:/crrc/crr: 0.000000000 0.999999996 0.000000004
JJ:/crrc/r: 0.999999948 0.000000047 0.000000004
JJ:/rc/c: 0.999999985 0.000000015 0.000000000
JJ:/rc/crr: 0.000000000 0.999999986 0.000000014
JJ:/rc/r: 0.999999977 0.000000010 0.000000014
JJ:/rrc/c: 0.999999966 0.000000034 0.000000000
JJ:/rrc/crr: 0.000000000 0.999999968 0.000000032
JJ:/rrc/r: 0.999999704 0.000000265 0.000000031
JK:/cc/c: 0.010130731 0.989869269 0.000000000
JK:/cc/crr: 0.000000000 0.000000253 0.999999747
JK:/cc/r: 0.000000630 0.000000003 0.999999367
JK:/crc/c: 0.630486574 0.369513426 0.000000000
JK:/crc/crr: 0.000000000 0.000000056 0.999999944
JK:/crc/r: 0.013446140 0.000000078 0.986553782
JK:/crrc/c: 0.462844767 0.537155233 0.000000000
JK:/crrc/crr: 0.000000000 0.000000186 0.999999814
JK:/crrc/r: 0.206509067 0.000000049 0.793490884
JK:/rc/c: 0.459876431 0.540123569 0.000000000
JK:/rc/crr: 0.000000000 0.000000014 0.999999986
JK:/rc/r: 0.360366822 0.000000007 0.639633170
JK:/rrc/c: 0.999999246 0.000000754 0.000000000
JK:/rrc/crr: 0.000000000 0.000000076 0.999999924
JK:/rrc/r: 0.295284521 0.000000103 0.704715375
JQ:/cc/c: 0.093795773 0.906204227 0.000000000
JQ:/cc/crr: 0.000000000 0.000000000 1.000000000
JQ:/cc/r: 0.034525134 0.000000000 0.965474866
JQ:/crc/c: 0.465024949 0.534975051 0.000000000
JQ:/crc/crr: 0.000000000 0.000002301 0.999997699
JQ:/crc/r: 0.125690186 0.000000020 0.874309794
JQ:/crrc/c: 0.047958708 0.952041292 0.000000000
JQ:/crrc/crr: 0.000000000 0.000000499 0.999999501
JQ:/crrc/r: 0.148392495 0.000000009 0.851607496
JQ:/rc/c: 0.999983901 0.000016099 0.000000000
JQ:/rc/crr: 0.000000000 0.000000000 1.000000000
JQ:/rc/r: 0.000000031 0.000000023 0.999999946
JQ:/rrc/c: 0.000013815 0.999986185 0.000000000
JQ:/rrc/crr: 0.000000000 0.012386420 0.987613580
JQ:/rrc/r: 0.422196199 0.000000099 0.577803702
K:/c: 0.999998501 0.000001499 0.000000000
K:/crr: 0.000000000 0.999999999 0.000000001
K:/r: 0.652787246 0.347212753 0.000000001
KJ:/cc/c: 0.016978482 0.983021518 0.000000000
KJ:/cc/crr: 0.000000000 0.951104860 0.048895140
KJ:/cc/r: 0.009473883 0.004208469 0.986317648
KJ:/crc/c: 0.176348516 0.823651484 0.000000000
KJ:/crc/crr: 0.000000000 0.999999983 0.000000017
KJ:/crc/r: 0.000000190 0.665123058 0.334876751
KJ:/crrc/c: 0.389502139 0.610497861 0.000000000
KJ:/crrc/crr: 0.000000000 0.564039094 0.435960906
KJ:/crrc/r: 0.062042749 0.708166069 0.229791181
KJ:/rc/c: 0.477285138 0.522714862 0.000000000
KJ:/rc/crr: 0.000000000 0.644694809 0.355305191
KJ:/rc/r: 0.030724555 0.656269722 0.313005723
KJ:/rrc/c: 0.554536388 0.445463612 0.000000000
KJ:/rrc/crr: 0.000000000 0.999956180 0.000043820
KJ:/rrc/r: 0.054374896 0.845031400 0.100593705
KK:/cc/c: 0.995862818 0.004137182 0.000000000
KK:/cc/crr: 0.000000000 0.996075264 0.003924736
KK:/cc/r: 0.998305365 0.001237176 0.000457459
KK:/crc/c: 0.999999879 0.000000121 0.000000000
KK:/crc/crr: 0.000000000 0.999999929 0.000000071
KK:/crc/r: 0.801895704 0.198104270 0.000000026
KK:/crrc/c: 0.999999996 0.000000004 0.000000000
KK:/crrc/crr: 0.000000000 0.999999996 0.000000004
KK:/crrc/r: 0.999995811 0.000004184 0.000000004
KK:/rc/c: 0.999999982 0.000000018 0.000000000
KK:/rc/crr: 0.000000000 0.999999983 0.000000017
KK:/rc/r: 0.999999972 0.000000012 0.000000017
KK:/rrc/c: 0.999999944 0.000000056 0.000000000
KK:/rrc/crr: 0.000000000 0.999999966 0.000000034
KK:/rrc/r: 0.971754287 0.028245689 0.000000024
KQ:/cc/c: 0.006342154 0.993657846 0.000000000
KQ:/cc/crr: 0.000000000 0.686933058 0.313066942
KQ:/cc/r: 0.032246435 0.960785567 0.006967998
KQ:/crc/c: 0.418760235 0.581239765 0.000000000
KQ:/crc/crr: 0.000000000 0.037832421 0.962167579
KQ:/crc/r: 0.000000022 0.342934292 0.657065687
KQ:/crrc/c: 0.687744340 0.312255660 0.000000000
KQ:/crrc/crr: 0.000000000 0.315773554 0.684226446
KQ:/crrc/r: 0.000007633 0.692091535 0.307900832
KQ:/rc/c: 0.000039173 0.999960827 0.000000000
KQ:/rc/crr: 0.000000000 0.006073176 0.993926824
KQ:/rc/r: 0.000000198 0.234686450 0.765313352
KQ:/rrc/c: 0.589186576 0.410813424 0.000000000
KQ:/rrc/crr: 0.000000000 0.373146222 0.626853778
KQ:/rrc/r: 0.096785883 0.452099110 0.451115007
Q:/c: 0.884317787 0.115682213 0.000000000
Q:/crr: 0.000000000 0.999999955 0.000000045
Q:/r: 0.443809219 0.556190554 0.000000227
QJ:/cc/c: 0.000000679 0.999999321 0.000000000
QJ:/cc/crr: 0.000000000 0.068362489 0.931637511
QJ:/cc/r: 0.000000133 0.000000098 0.999999769
QJ:/crc/c: 0.605386966 0.394613034 0.000000000
QJ:/crc/crr: 0.000000000 0.001073182 0.998926818
QJ:/crc/r: 0.000000065 0.000000006 0.999999928
QJ:/crrc/c: 0.000000132 0.999999868 0.000000000
QJ:/crrc/crr: 0.000000000 0.156602820 0.843397180
QJ:/crrc/r: 0.017930339 0.000000000 0.982069661
QJ:/rc/c: 0.000000762 0.999999238 0.000000000
QJ:/rc/crr: 0.000000000 0.001813990 0.998186010
QJ:/rc/r: 0.018148722 0.000000008 0.981851270
QJ:/rrc/c: 0.000000466 0.999999534 0.000000000
QJ:/rrc/crr: 0.000000000 0.066571530 0.933428470
QJ:/rrc/r: 0.000000061 0.000000012 0.999999927
QK:/cc/c: 0.197699796 0.802300204 0.000000000
QK:/cc/crr: 0.000000000 0.999999944 0.000000056
QK:/cc/r: 0.000000216 0.654720174 0.345279609
QK:/crc/c: 0.324287108 0.675712892 0.000000000
QK:/crc/crr: 0.000000000 0.000010984 0.999989016
QK:/crc/r: 0.000000291 0.365540070 0.634459639
QK:/crrc/c: 0.214779614 0.785220386 0.000000000
QK:/crrc/crr: 0.000000000 0.000003224 0.999996776
QK:/crrc/r: 0.000000442 0.217321560 0.782677998
QK:/rc/c: 0.443297262 0.556702738 0.000000000
QK:/rc/crr: 0.000000000 0.000006557 0.999993443
QK:/rc/r: 0.000000023 0.235234511 0.764765466
QK:/rrc/c: 0.500387988 0.499612012 0.000000000
QK:/rrc/crr: 0.000000000 0.047954156 0.952045844
QK:/rrc/r: 0.000000064 0.428742561 0.571257374
QQ:/cc/c: 0.999999990 0.000000010 0.000000000
QQ:/cc/crr: 0.000000000 0.999999990 0.000000010
QQ:/cc/r: 0.999999772 0.000000096 0.000000132
QQ:/crc/c: 0.999999979 0.000000021 0.000000000
QQ:/crc/crr: 0.000000000 0.999999986 0.000000014
QQ:/crc/r: 0.999999970 0.000000016 0.000000014
QQ:/crrc/c: 0.999999996 0.000000004 0.000000000
QQ:/crrc/crr: 0.000000000 0.999999996 0.000000004
QQ:/crrc/r: 0.999999971 0.000000024 0.000000004
QQ:/rc/c: 0.999999992 0.000000008 0.000000000
QQ:/rc/crr: 0.000000000 0.999999996 0.000000004
QQ:/rc/r: 0.999999982 0.000000007 0.000000010
QQ:/rrc/c: 0.999999956 0.000000044 0.000000000
QQ:/rrc/crr: 0.000000000 0.999999958 0.000000042
QQ:/rrc/r: 0.999999844 0.000000116 0.000000039
