J:/c: 0.261588977 0.738411023 0.000000000
J:/crr: 0.000000000 0.999999998 0.000000002
J:/r: 0.054178580 0.148780613 0.797040807
JJ:/cc/c: 0.999999994 0.000000006 0.000000000
JJ:/cc/crr: 0.000000000 0.999999998 0.000000002
JJ:/cc/r: 0.999999984 0.000000012 0.000000004
JJ:/crc/c: 0.999999984 0.000000016 0.000000000
JJ:/crc/crr: 0.000000000 0.999999995 0.000000005
JJ:/crc/r: 0.593420491 0.406579502 0.000000007
JJ:/crrc/c: 0.999999993 0.000000007 0.000000000
JJ:/crrc/crr: 0.000000000 0.999999998 0.000000002
JJ:/crrc/r: 0.999999919 0.000000077 0.000000004
JJ:/rc/c: 0.999999976 0.000000024 0.000000000
JJ:/rc/crr: 0.000000000 0.999999992 0.000000008
JJ:/rc/r: 0.999999972 0.000000016 0.000000013
JJ:/rrc/c: 0.999999945 0.000000055 0.000000000
JJ:/rrc/crr: 0.000000000 0.999999981 0.000000019
JJ:/rrc/r: 0.999999541 0.000000429 0.000000030
JK:/cc/c: 0.006286376 0.993713624 0.000000000
JK:/cc/crr: 0.000000000 0.000000432 0.999999568
JK:/cc/r: 0.000000665 0.000000005 0.999999330
JK:/crc/c: 0.513306843 0.486693157 0.000000000
JK:/crc/crr: 0.000000000 0.000000096 0.999999904
JK:/crc/r: 0.014171878 0.000000133 0.985827990
JK:/crrc/c: 0.347519551 0.652480449 0.000000000
JK:/crrc/crr: 0.000000000 0.000000318 0.999999682
JK:/crrc/r: 0.215380201 0.000000083 0.784619716
JK:/rc/c: 0.344816047 0.655183953 0.000000000
JK:/rc/crr: 0.000000000 0.000000023 0.999999977
JK:/rc/r: 0.372742577 0.000000012 0.627257411
JK:/rrc/c: 0.999998781 0.000001219 0.000000000
JK:/rrc/crr: 0.000000000 0.000000130 0.999999870
JK:/rrc/r: 0.306496179 0.000000173 0.693503648
JQ:/cc/c: 0.060131296 0.939868704 0.000000000
JQ:/cc/crr: 0.000000000 0.000000000 1.000000000
JQ:/cc/r: 0.036346669 0.000000000 0.963653331
JQ:/crc/c: 0.349509966 0.650490034 0.000000000
JQ:/crc/crr: 0.000000000 0.000003927 0.999996073
JQ:/crc/r: 0.131665619 0.000000034 0.868334347
JQ:/crrc/c: 0.030197513 0.969802487 0.000000000
JQ:/crrc/crr: 0.000000000 0.000000851 0.999999149
JQ:/crrc/r: 0.155255564 0.000000016 0.844744420
JQ:/rc/c: 0.999973955 0.000026045 0.000000000
JQ:/rc/crr: 0.000000000 0.000000000 1.000000000
JQ:/rc/r: 0.000000032 0.000000039 0.999999929
JQ:/rrc/c: 0.000008540 0.999991460 0.000000000
JQ:/rrc/crr: 0.000000000 0.020952493 0.979047507
JQ:/rrc/r: 0.435250402 0.000000166 0.564749432
K:/c: 0.999997574 0.000002426 0.000000000
K:/crr: 0.000000000 0.999999999 0.000000001
K:/r: 0.537491673 0.462508326 0.000000001
KJ:/cc/c: 0.010563311 0.989436689 0.000000000
KJ:/cc/crr: 0.000000000 0.970753554 0.029246446
KJ:/cc/r: 0.009957807 0.007156219 0.982885974
KJ:/crc/c: 0.116876206 0.883123794 0.000000000
KJ:/crc/crr: 0.000000000 0.999999990 0.000000010
KJ:/crc/r: 0.000000137 0.772165106 0.227834758
KJ:/crrc/c: 0.282829315 0.717170685 0.000000000
KJ:/crrc/crr: 0.000000000 0.688247573 0.311752427
KJ:/crrc/r: 0.043521230 0.803653877 0.152824893
KJ:/rc/c: 0.360778490 0.639221510 0.000000000
KJ:/rc/crr: 0.000000000 0.755869936 0.244130064
KJ:/rc/r: 0.022116829 0.764264038 0.213619133
KJ:/rrc/c: 0.434860336 0.565139664 0.000000000
KJ:/rrc/crr: 0.000000000 0.999974319 0.000025681
KJ:/rrc/r: 0.035847587 0.901276701 0.062875712
KK:/cc/c: 0.993323946 0.006676054 0.000000000
KK:/cc/crr: 0.000000000 0.997696207 0.002303793
KK:/cc/r: 0.997566591 0.002000017 0.000433392
KK:/crc/c: 0.999999805 0.000000195 0.000000000
KK:/crc/crr: 0.000000000 0.999999958 0.000000042
KK:/crc/r: 0.714454948 0.285545030 0.000000022
KK:/crrc/c: 0.999999993 0.000000007 0.000000000
KK:/crrc/crr: 0.000000000 0.999999998 0.000000002
KK:/crrc/r: 0.999993226 0.000006770 0.000000004
KK:/rc/c: 0.999999971 0.000000029 0.000000000
KK:/rc/crr: 0.000000000 0.999999990 0.000000010
KK:/rc/r: 0.999999965 0.000000019 0.000000016
KK:/rrc/c: 0.999999910 0.000000090 0.000000000
KK:/rrc/crr: 0.000000000 0.999999980 0.000000020
KK:/rrc/r: 0.955087928 0.044912049 0.000000022
KQ:/cc/c: 0.003929760 0.996070240 0.000000000
KQ:/cc/crr: 0.000000000 0.789212995 0.210787005
KQ:/cc/r: 0.020239941 0.975613516 0.004146543
KQ:/crc/c: 0.308118624 0.691881376 0.000000000
KQ:/crc/crr: 0.000000000 0.062875831 0.937124169
KQ:/crc/r: 0.000000019 0.471063144 0.528936837
KQ:/crrc/c: 0.576526423 0.423473577 0.000000000
KQ:/crrc/crr: 0.000000000 0.440558602 0.559441398
KQ:/crrc/r: 0.000005408 0.793193328 0.206801265
KQ:/rc/c: 0.000024214 0.999975786 0.000000000
KQ:/rc/crr: 0.000000000 0.010318818 0.989681182
KQ:/rc/r: 0.000000179 0.343515464 0.656484357
KQ:/rrc/c: 0.469921089 0.530078911 0.000000000
KQ:/rrc/crr: 0.000000000 0.503906250 0.496093750
KQ:/rrc/r: 0.077065649 0.582379775 0.340554576
Q:/c: 0.825332873 0.174667127 0.000000000
Q:/crr: 0.000000000 0.999999974 0.000000026
Q:/r: 0.330310454 0.669689386 0.000000160
QJ:/cc/c: 0.000000420 0.999999580 0.000000000
QJ:/cc/crr: 0.000000000 0.111278161 0.888721839
QJ:/cc/r: 0.000000140 0.000000168 0.999999692
QJ:/crc/c: 0.486727469 0.513272531 0.000000000
QJ:/crc/crr: 0.000000000 0.001829858 0.998170142
QJ:/crc/r: 0.000000069 0.000000011 0.999999920
QJ:/crrc/c: 0.000000082 0.999999918 0.000000000
QJ:/crrc/crr: 0.000000000 0.240606559 0.759393441
QJ:/crrc/r: 0.018893471 0.000000000 0.981106529
QJ:/rc/c: 0.000000471 0.999999529 0.000000000
QJ:/rc/crr: 0.000000000 0.003091377 0.996908623
QJ:/rc/r: 0.019123356 0.000000013 0.980876631
QJ:/rrc/c: 0.000000288 0.999999712 0.000000000
QJ:/rrc/crr: 0.000000000 0.108493830 0.891506170
QJ:/rrc/r: 0.000000064 0.000000021 0.999999915
QK:/cc/c: 0.132182488 0.867817512 0.000000000
QK:/cc/crr: 0.000000000 0.999999967 0.000000033
QK:/cc/r: 0.000000156 0.763907130 0.236092714
QK:/crc/c: 0.228781584 0.771218416 0.000000000
QK:/crc/crr: 0.000000000 0.000018743 0.999981257
QK:/crc/r: 0.000000244 0.495742604 0.504257151
QK:/crrc/c: 0.144622398 0.855377602 0.000000000
QK:/crrc/crr: 0.000000000 0.000005502 0.999994498
QK:/crrc/r: 0.000000404 0.321480658 0.678518938
QK:/rc/c: 0.329851739 0.670148261 0.000000000
QK:/rc/crr: 0.000000000 0.000011189 0.999988811
QK:/rc/r: 0.000000021 0.344203372 0.655796607
QK:/rrc/c: 0.382367155 0.617632845 0.000000000
QK:/rrc/crr: 0.000000000 0.079146568 0.920853432
QK:/rrc/r: 0.000000052 0.561532741 0.438467207
QQ:/cc/c: 0.999999983 0.000000017 0.000000000
QQ:/cc/crr: 0.000000000 0.999999994 0.000000006
QQ:/cc/r: 0.999999719 0.000000156 0.000000125
QQ:/crc/c: 0.999999965 0.000000035 0.000000000
QQ:/crc/crr: 0.000000000 0.999999992 0.000000008
QQ:/crc/r: 0.999999961 0.000000026 0.000000013
QQ:/crrc/c: 0.999999993 0.000000007 0.000000000
QQ:/crrc/crr: 0.000000000 0.999999998 0.000000002
QQ:/crrc/r: 0.999999956 0.000000040 0.000000004
QQ:/rc/c: 0.999999987 0.000000013 0.000000000
QQ:/rc/crr: 0.000000000 0.999999998 0.000000002
QQ:/rc/r: 0.999999978 0.000000012 0.000000010
QQ:/rrc/c: 0.999999928 0.000000072 0.000000000
QQ:/rrc/crr: 0.000000000 0.999999975 0.000000025
QQ:/rrc/r: 0.999999774 0.000000188 0.000000037
