J:/c: 0.298126749 0.701873251 0.000000000
J:/crr: 0.000000000 0.999999997 0.000000003
J:/r: 0.054870914 0.125672407 0.819456679
JJ:/cc/c: 0.999999995 0.000000005 0.000000000
JJ:/cc/crr: 0.000000000 0.999999997 0.000000003
JJ:/cc/r: 0.999999986 0.000000010 0.000000004
JJ:/crc/c: 0.999999987 0.000000013 0.000000000
JJ:/crc/crr: 0.000000000 0.999999994 0.000000006
JJ:/crc/r: 0.636363629 0.363636363 0.000000008
JJ:/crrc/c: 0.999999994 0.000000006 0.000000000
JJ:/crrc/crr: 0.000000000 0.999999997 0.000000003
JJ:/crrc/r: 0.999999932 0.000000064 0.000000004
JJ:/rc/c: 0.999999980 0.000000020 0.000000000
JJ:/rc/crr: 0.000000000 0.999999990 0.000000010
JJ:/rc/r: 0.999999974 0.000000013 0.000000013
JJ:/rrc/c: 0.999999954 0.000000046 0.000000000
JJ:/rrc/crr: 0.000000000 0.999999977 0.000000023
JJ:/rrc/r: 0.999999612 0.000000358 0.000000030
JK:/cc/c: 0.007527979 0.992472021 0.000000000
JK:/cc/crr: 0.000000000 0.000000355 0.999999645
JK:/cc/r: 0.000000655 0.000000004 0.999999341
JK:/crc/c: 0.558415020 0.441584980 0.000000000
JK:/crc/crr: 0.000000000 0.000000079 0.999999921
JK:/crc/r: 0.013963311 0.000000109 0.986036580
JK:/crrc/c: 0.389725021 0.610274979 0.000000000
JK:/crrc/crr: 0.000000000 0.000000261 0.999999739
JK:/crrc/r: 0.212849808 0.000000068 0.787150124
JK:/rc/c: 0.386887868 0.613112132 0.000000000
JK:/rc/crr: 0.000000000 0.000000019 0.999999981
JK:/rc/r: 0.369233420 0.000000010 0.630766570
JK:/rrc/c: 0.999998983 0.000001017 0.000000000
JK:/rrc/crr: 0.000000000 0.000000107 0.999999893
JK:/rrc/r: 0.303309127 0.000000143 0.696690730
JQ:/cc/c: 0.071245173 0.928754827 0.000000000
JQ:/cc/crr: 0.000000000 0.000000000 1.000000000
JQ:/cc/r: 0.035823615 0.000000000 0.964176385
JQ:/crc/c: 0.391812009 0.608187991 0.000000000
JQ:/crc/crr: 0.000000000 0.000003226 0.999996774
JQ:/crc/r: 0.129955845 0.000000028 0.870044127
JQ:/crrc/c: 0.035990684 0.964009316 0.000000000
JQ:/crrc/crr: 0.000000000 0.000000699 0.999999301
JQ:/crrc/r: 0.153293536 0.000000013 0.846706451
JQ:/rc/c: 0.999978278 0.000021722 0.000000000
JQ:/rc/crr: 0.000000000 0.000000000 1.000000000
JQ:/rc/r: 0.000000032 0.000000032 0.999999936
JQ:/rrc/c: 0.000010239 0.999989761 0.000000000
JQ:/rrc/crr: 0.000000000 0.017278676 0.982721324
JQ:/rrc/r: 0.431557658 0.000000137 0.568442205
K:/c: 0.999998203 0.000001797 0.000000000
K:/crr: 0.000000000 0.999999999 0.000000001
K:/r: 0.610640340 0.389359659 0.000000001
KJ:/cc/c: 0.014203058 0.985796942 0.000000000
KJ:/cc/crr: 0.000000000 0.959630453 0.040369547
KJ:/cc/r: 0.009646918 0.005137196 0.985215886
KJ:/crc/c: 0.151537324 0.848462676 0.000000000
KJ:/crc/crr: 0.000000000 0.999999986 0.000000014
KJ:/crc/r: 0.000000169 0.708215969 0.291783862
KJ:/crrc/c: 0.347348583 0.652651417 0.000000000
KJ:/crrc/crr: 0.000000000 0.612562689 0.387437311
KJ:/crrc/r: 0.054595907 0.747043032 0.198361061
KJ:/rc/c: 0.432359487 0.567640513 0.000000000
KJ:/rc/crr: 0.000000000 0.689188065 0.310811935
KJ:/rc/r: 0.027322880 0.699623988 0.273053132
KJ:/rrc/c: 0.509425875 0.490574125 0.000000000
KJ:/rrc/crr: 0.000000000 0.999964141 0.000035859
KJ:/rrc/r: 0.046631092 0.868743268 0.084625640
KK:/cc/c: 0.995044482 0.004955518 0.000000000
KK:/cc/crr: 0.000000000 0.996786097 0.003213903
KK:/cc/r: 0.998068598 0.001482757 0.000448645
KK:/crc/c: 0.999999855 0.000000145 0.000000000
KK:/crc/crr: 0.000000000 0.999999941 0.000000059
KK:/crc/r: 0.771513323 0.228486652 0.000000024
KK:/crrc/c: 0.999999995 0.000000005 0.000000000
KK:/crrc/crr: 0.000000000 0.999999997 0.000000003
KK:/crrc/r: 0.999994980 0.000005016 0.000000004
KK:/rc/c: 0.999999979 0.000000021 0.000000000
KK:/rc/crr: 0.000000000 0.999999986 0.000000014
KK:/rc/r: 0.999999969 0.000000014 0.000000016
KK:/rrc/c: 0.999999933 0.000000067 0.000000000
KK:/rrc/crr: 0.000000000 0.999999972 0.000000028
KK:/rrc/r: 0.966328516 0.033671461 0.000000024
KQ:/cc/c: 0.005296052 0.994703948 0.000000000
KQ:/cc/crr: 0.000000000 0.728365595 0.271634405
KQ:/cc/r: 0.027078331 0.967181796 0.005739872
KQ:/crc/c: 0.375387244 0.624612756 0.000000000
KQ:/crc/crr: 0.000000000 0.045847801 0.954152199
KQ:/crc/r: 0.000000021 0.389427596 0.610572383
KQ:/crrc/c: 0.647549716 0.352450284 0.000000000
KQ:/crrc/crr: 0.000000000 0.360605441 0.639394559
KQ:/crrc/r: 0.000006745 0.733106530 0.266886725
KQ:/rc/c: 0.000032678 0.999967322 0.000000000
KQ:/rc/crr: 0.000000000 0.007411703 0.992588297
KQ:/rc/r: 0.000000192 0.272592464 0.727407344
KQ:/rrc/c: 0.544704018 0.455295982 0.000000000
KQ:/rrc/crr: 0.000000000 0.421110413 0.578889587
KQ:/rrc/r: 0.089510120 0.501227891 0.409261990
Q:/c: 0.874263261 0.125736739 0.000000000
Q:/crr: 0.000000000 0.999999957 0.000000043
Q:/r: 0.420555124 0.579444649 0.000000228
QJ:/cc/c: 0.000000617 0.999999383 0.000000000
QJ:/cc/crr: 0.000000000 0.070879130 0.929120870
QJ:/cc/r: 0.000000126 0.000000102 0.999999772
QJ:/crc/c: 0.582533851 0.417466149 0.000000000
QJ:/crc/crr: 0.000000000 0.001115656 0.998884344
QJ:/crc/r: 0.000000062 0.000000007 0.999999931
QJ:/crrc/c: 0.000000120 0.999999880 0.000000000
QJ:/crrc/crr: 0.000000000 0.161803696 0.838196304
QJ:/crrc/r: 0.016971716 0.000000000 0.983028284
QJ:/rc/c: 0.000000693 0.999999307 0.000000000
QJ:/rc/crr: 0.000000000 0.001885727 0.998114273
QJ:/rc/r: 0.017178627 0.000000008 0.982821365
QJ:/rrc/c: 0.000000423 0.999999577 0.000000000
QJ:/rrc/crr: 0.000000000 0.069027126 0.930972874
QJ:/rrc/r: 0.000000057 0.000000013 0.999999930
QK:/cc/c: 0.183095913 0.816904087 0.000000000
QK:/cc/crr: 0.000000000 0.999999946 0.000000054
QK:/cc/r: 0.000000199 0.663450614 0.336549187
QK:/crc/c: 0.303874026 0.696125974 0.000000000
QK:/crc/crr: 0.000000000 0.000011420 0.999988580
QK:/crc/r: 0.000000272 0.374597934 0.625401795
QK:/crrc/c: 0.199227359 0.800772641 0.000000000
QK:/crrc/crr: 0.000000000 0.000003352 0.999996648
QK:/crrc/r: 0.000000414 0.224003371 0.775996215
QK:/rc/c: 0.420049728 0.579950272 0.000000000
QK:/rc/crr: 0.000000000 0.000006817 0.999993183
QK:/rc/r: 0.000000022 0.242296573 0.757703406
QK:/rrc/c: 0.476710252 0.523289748 0.000000000
QK:/rrc/crr: 0.000000000 0.049759629 0.950240371
QK:/rrc/r: 0.000000060 0.438284665 0.561715275
QQ:/cc/c: 0.999999989 0.000000011 0.000000000
QQ:/cc/crr: 0.000000000 0.999999991 0.000000009
QQ:/cc/r: 0.999999755 0.000000106 0.000000140
QQ:/crc/c: 0.999999976 0.000000024 0.000000000
QQ:/crc/crr: 0.000000000 0.999999987 0.000000013
QQ:/crc/r: 0.999999968 0.000000018 0.000000014
QQ:/crrc/c: 0.999999995 0.000000005 0.000000000
QQ:/crrc/crr: 0.000000000 0.999999996 0.000000004
QQ:/crrc/r: 0.999999969 0.000000027 0.000000004
QQ:/rc/c: 0.999999991 0.000000009 0.000000000
QQ:/rc/crr: 0.000000000 0.999999996 0.000000004
QQ:/rc/r: 0.999999981 0.000000008 0.000000011
QQ:/rrc/c: 0.999999951 0.000000049 0.000000000
QQ:/rrc/crr: 0.000000000 0.999999960 0.000000040
QQ:/rrc/r: 0.999999830 0.000000128 0.000000042
