J:/c: 0.210590195 0.789409805 0.000000000
J:/crr: 0.000000000 0.999999997 0.000000003
J:/r: 0.031485751 0.114820230 0.853694019
JJ:/cc/c: 0.999999992 0.000000008 0.000000000
JJ:/cc/crr: 0.000000000 0.999999997 0.000000003
JJ:/cc/r: 0.999999977 0.000000016 0.000000007
JJ:/crc/c: 0.999999979 0.000000021 0.000000000
JJ:/crc/crr: 0.000000000 0.999999993 0.000000007
JJ:/crc/r: 0.523602025 0.476397963 0.000000012
JJ:/crrc/c: 0.999999990 0.000000010 0.000000000
JJ:/crrc/crr: 0.000000000 0.999999997 0.000000003
JJ:/crrc/r: 0.999999891 0.000000102 0.000000007
JJ:/rc/c: 0.999999968 0.000000032 0.000000000
JJ:/rc/crr: 0.000000000 0.999999989 0.000000011
JJ:/rc/r: 0.999999956 0.000000021 0.000000024
JJ:/rrc/c: 0.999999927 0.000000073 0.000000000
JJ:/rrc/crr: 0.000000000 0.999999974 0.000000026
JJ:/rrc/r: 0.999999376 0.000000570 0.000000054
JK:/cc/c: 0.004741214 0.995258786 0.000000000
JK:/cc/crr: 0.000000000 0.000000311 0.999999689
JK:/cc/r: 0.000000361 0.000000004 0.999999636
JK:/crc/c: 0.442652109 0.557347891 0.000000000
JK:/crc/crr: 0.000000000 0.000000069 0.999999931
JK:/crc/r: 0.007739566 0.000000096 0.992260337
JK:/crrc/c: 0.286262574 0.713737426 0.000000000
JK:/crrc/crr: 0.000000000 0.000000229 0.999999771
JK:/crrc/r: 0.129632513 0.000000066 0.870367421
JK:/rc/c: 0.283828318 0.716171682 0.000000000
JK:/rc/crr: 0.000000000 0.000000017 0.999999983
JK:/rc/r: 0.243813125 0.000000011 0.756186864
JK:/rrc/c: 0.999998381 0.000001619 0.000000000
JK:/rrc/crr: 0.000000000 0.000000094 0.999999906
JK:/rrc/r: 0.193415351 0.000000145 0.806584504
JQ:/cc/c: 0.045963463 0.954036537 0.000000000
JQ:/cc/crr: 0.000000000 0.000000000 1.000000000
JQ:/cc/r: 0.020054438 0.000000000 0.979945562
JQ:/crc/c: 0.288057033 0.711942967 0.000000000
JQ:/crc/crr: 0.000000000 0.000002829 0.999997171
JQ:/crc/r: 0.076017550 0.000000026 0.923982424
JQ:/crrc/c: 0.022910604 0.977089396 0.000000000
JQ:/crrc/crr: 0.000000000 0.000000613 0.999999387
JQ:/crrc/r: 0.090678447 0.000000012 0.909321541
JQ:/rc/c: 0.999965414 0.000034586 0.000000000
JQ:/rc/crr: 0.000000000 0.000000000 1.000000000
JQ:/rc/r: 0.000000018 0.000000028 0.999999954
JQ:/rrc/c: 0.000006431 0.999993569 0.000000000
JQ:/rrc/crr: 0.000000000 0.015185764 0.984814236
JQ:/rrc/r: 0.294863604 0.000000149 0.705136247
K:/c: 0.999996779 0.000003221 0.000000000
K:/crr: 0.000000000 0.999999999 0.000000001
K:/r: 0.466700188 0.533299811 0.000000001
KJ:/cc/c: 0.007975334 0.992024666 0.000000000
KJ:/cc/crr: 0.000000000 0.959864947 0.040135053
KJ:/cc/r: 0.005438568 0.005190272 0.989371160
KJ:/crc/c: 0.090627632 0.909372368 0.000000000
KJ:/crc/crr: 0.000000000 0.999999986 0.000000014
KJ:/crc/r: 0.000000094 0.709468761 0.290531145
KJ:/crrc/c: 0.228973637 0.771026363 0.000000000
KJ:/crrc/crr: 0.000000000 0.614002275 0.385997725
KJ:/crrc/r: 0.031256141 0.766458919 0.202284940
KJ:/rc/c: 0.298252692 0.701747308 0.000000000
KJ:/rc/crr: 0.000000000 0.690486795 0.309513205
KJ:/rc/r: 0.015458320 0.709362962 0.275178718
KJ:/rrc/c: 0.366864151 0.633135849 0.000000000
KJ:/rrc/crr: 0.000000000 0.999964358 0.000035642
KJ:/rrc/r: 0.026581504 0.887489885 0.085928611
KK:/cc/c: 0.991153822 0.008846178 0.000000000
KK:/cc/crr: 0.000000000 0.996805484 0.003194516
KK:/cc/r: 0.996548818 0.002653237 0.000797945
KK:/crc/c: 0.999999740 0.000000260 0.000000000
KK:/crc/crr: 0.000000000 0.999999942 0.000000058
KK:/crc/r: 0.653276918 0.346723046 0.000000036
KK:/crrc/c: 0.999999990 0.000000010 0.000000000
KK:/crrc/crr: 0.000000000 0.999999997 0.000000003
KK:/crrc/r: 0.999991003 0.000008990 0.000000007
KK:/rc/c: 0.999999962 0.000000038 0.000000000
KK:/rc/crr: 0.000000000 0.999999986 0.000000014
KK:/rc/r: 0.999999945 0.000000025 0.000000029
KK:/rrc/c: 0.999999881 0.000000119 0.000000000
KK:/rrc/crr: 0.000000000 0.999999973 0.000000027
KK:/rrc/r: 0.941224201 0.058775758 0.000000041
KQ:/cc/c: 0.002962116 0.997037884 0.000000000
KQ:/cc/crr: 0.000000000 0.729564859 0.270435141
KQ:/cc/r: 0.015293204 0.978932346 0.005774450
KQ:/crc/c: 0.251133684 0.748866316 0.000000000
KQ:/crc/crr: 0.000000000 0.046114068 0.953885932
KQ:/crc/r: 0.000000012 0.390871833 0.609128155
KQ:/crrc/c: 0.506220838 0.493779162 0.000000000
KQ:/crrc/crr: 0.000000000 0.362006160 0.637993840
KQ:/crrc/r: 0.000003770 0.734294661 0.265701569
KQ:/rc/c: 0.000018234 0.999981766 0.000000000
KQ:/rc/crr: 0.000000000 0.007456492 0.992543508
KQ:/rc/r: 0.000000108 0.273797728 0.726202165
KQ:/rrc/c: 0.400326107 0.599673893 0.000000000
KQ:/rrc/crr: 0.000000000 0.422590822 0.577409178
KQ:/rrc/r: 0.052138310 0.523224451 0.424637239
Q:/c: 0.780615933 0.219384067 0.000000000
Q:/crr: 0.000000000 0.999999964 0.000000036
Q:/r: 0.270827792 0.729171966 0.000000242
QJ:/cc/c: 0.000000316 0.999999684 0.000000000
QJ:/cc/crr: 0.000000000 0.082752481 0.917247519
QJ:/cc/r: 0.000000076 0.000000121 0.999999803
QJ:/crc/c: 0.416599639 0.583400361 0.000000000
QJ:/crc/crr: 0.000000000 0.001319137 0.998680863
QJ:/crc/r: 0.000000037 0.000000008 0.999999955
QJ:/crrc/c: 0.000000062 0.999999938 0.000000000
QJ:/crrc/crr: 0.000000000 0.185861453 0.814138547
QJ:/crrc/r: 0.010340608 0.000000000 0.989659392
QJ:/rc/c: 0.000000355 0.999999645 0.000000000
QJ:/rc/crr: 0.000000000 0.002229347 0.997770653
QJ:/rc/r: 0.010467537 0.000000010 0.989532453
QJ:/rrc/c: 0.000000217 0.999999783 0.000000000
QJ:/rrc/crr: 0.000000000 0.080617155 0.919382845
QJ:/rrc/r: 0.000000035 0.000000015 0.999999950
QK:/cc/c: 0.102896887 0.897103113 0.000000000
QK:/cc/crr: 0.000000000 0.999999954 0.000000046
QK:/cc/r: 0.000000108 0.699821749 0.300178144
QK:/crc/c: 0.182597214 0.817402786 0.000000000
QK:/crc/crr: 0.000000000 0.000013505 0.999986495
QK:/crc/r: 0.000000154 0.414643520 0.585356326
QK:/crrc/c: 0.112939367 0.887060633 0.000000000
QK:/crrc/crr: 0.000000000 0.000003964 0.999996036
QK:/crrc/r: 0.000000241 0.254501304 0.745498455
QK:/rc/c: 0.270418345 0.729581655 0.000000000
QK:/rc/crr: 0.000000000 0.000008062 0.999991938
QK:/rc/r: 0.000000013 0.274404357 0.725595630
QK:/rrc/c: 0.317960957 0.682039043 0.000000000
QK:/rrc/crr: 0.000000000 0.058317192 0.941682808
QK:/rrc/r: 0.000000034 0.479914041 0.520085926
QQ:/cc/c: 0.999999978 0.000000022 0.000000000
QQ:/cc/crr: 0.000000000 0.999999992 0.000000008
QQ:/cc/r: 0.999999562 0.000000207 0.000000231
QQ:/crc/c: 0.999999954 0.000000046 0.000000000
QQ:/crc/crr: 0.000000000 0.999999989 0.000000011
QQ:/crc/r: 0.999999941 0.000000035 0.000000024
QQ:/crrc/c: 0.999999990 0.000000010 0.000000000
QQ:/crrc/crr: 0.000000000 0.999999997 0.000000003
QQ:/crrc/r: 0.999999940 0.000000053 0.000000007
QQ:/rc/c: 0.999999982 0.000000018 0.000000000
QQ:/rc/crr: 0.000000000 0.999999997 0.000000003
QQ:/rc/r: 0.999999966 0.000000016 0.000000018
QQ:/rrc/c: 0.999999904 0.000000096 0.000000000
QQ:/rrc/crr: 0.000000000 0.999999966 0.000000034
QQ:/rrc/r: 0.999999681 0.000000250 0.000000069
