J:/c: 0.280930997 0.719069003 0.000000000
J:/crr: 0.000000000 0.999999998 0.000000002
J:/r: 0.071007729 0.176813949 0.752178322
JJ:/cc/c: 0.999999995 0.000000005 0.000000000
JJ:/cc/crr: 0.000000000 0.999999998 0.000000002
JJ:/cc/r: 0.999999986 0.000000011 0.000000003
JJ:/crc/c: 0.999999986 0.000000014 0.000000000
JJ:/crc/crr: 0.000000000 0.999999996 0.000000004
JJ:/crc/r: 0.616803273 0.383196722 0.000000006
JJ:/crrc/c: 0.999999993 0.000000007 0.000000000
JJ:/crrc/crr: 0.000000000 0.999999998 0.000000002
JJ:/crrc/r: 0.999999928 0.000000070 0.000000003
JJ:/rc/c: 0.999999978 0.000000022 0.000000000
JJ:/rc/crr: 0.000000000 0.999999993 0.000000007
JJ:/rc/r: 0.999999977 0.000000014 0.000000009
JJ:/rrc/c: 0.999999950 0.000000050 0.000000000
JJ:/rrc/crr: 0.000000000 0.999999985 0.000000015
JJ:/rrc/r: 0.999999590 0.000000389 0.000000021
JK:/cc/c: 0.006928314 0.993071686 0.000000000
JK:/cc/crr: 0.000000000 0.000000544 0.999999456
JK:/cc/r: 0.000000923 0.000000006 0.999999070
JK:/crc/c: 0.537707725 0.462292275 0.000000000
JK:/crc/crr: 0.000000000 0.000000121 0.999999879
JK:/crc/r: 0.019573963 0.000000166 0.980425871
JK:/crrc/c: 0.370031341 0.629968659 0.000000000
JK:/crrc/crr: 0.000000000 0.000000400 0.999999600
JK:/crrc/r: 0.276006321 0.000000096 0.723993583
JK:/rc/c: 0.367251279 0.632748721 0.000000000
JK:/rc/crr: 0.000000000 0.000000029 0.999999971
JK:/rc/r: 0.452138633 0.000000013 0.547861353
JK:/rrc/c: 0.999998894 0.000001106 0.000000000
JK:/rrc/crr: 0.000000000 0.000000164 0.999999836
JK:/rrc/r: 0.380337497 0.000000195 0.619662308
JQ:/cc/c: 0.065906968 0.934093032 0.000000000
JQ:/cc/crr: 0.000000000 0.000000000 1.000000000
JQ:/cc/r: 0.049774643 0.000000000 0.950225357
JQ:/crc/c: 0.372077166 0.627922834 0.000000000
JQ:/crc/crr: 0.000000000 0.000004945 0.999995055
JQ:/crc/r: 0.173951666 0.000000041 0.826048294
JQ:/crrc/c: 0.033199576 0.966800424 0.000000000
JQ:/crrc/crr: 0.000000000 0.000001071 0.999998929
JQ:/crrc/r: 0.203343645 0.000000019 0.796656336
JQ:/rc/c: 0.999976384 0.000023616 0.000000000
JQ:/rc/crr: 0.000000000 0.000000000 1.000000000
JQ:/rc/r: 0.000000045 0.000000049 0.999999906
JQ:/rrc/c: 0.000009418 0.999990582 0.000000000
JQ:/rrc/crr: 0.000000000 0.026242939 0.973757061
JQ:/rrc/r: 0.516987094 0.000000178 0.483012727
K:/c: 0.999997801 0.000002199 0.000000000
K:/crr: 0.000000000 0.999999999 0.000000001
K:/r: 0.561715338 0.438284662 0.000000001
KJ:/cc/c: 0.011636876 0.988363124 0.000000000
KJ:/cc/crr: 0.000000000 0.976634964 0.023365036
KJ:/cc/r: 0.013750589 0.008960523 0.977288888
KJ:/crc/c: 0.127363687 0.872636313 0.000000000
KJ:/crc/crr: 0.000000000 0.999999992 0.000000008
KJ:/crc/r: 0.000000158 0.810172991 0.189826851
KJ:/crrc/c: 0.303097201 0.696902799 0.000000000
KJ:/crrc/crr: 0.000000000 0.735458683 0.264541317
KJ:/crrc/r: 0.049327938 0.825948601 0.124723461
KJ:/rc/c: 0.383644163 0.616355837 0.000000000
KJ:/rc/crr: 0.000000000 0.795877643 0.204122357
KJ:/rc/r: 0.025452744 0.797530593 0.177016664
KJ:/rrc/c: 0.459049410 0.540950590 0.000000000
KJ:/rrc/crr: 0.000000000 0.999979607 0.000020393
KJ:/rrc/r: 0.039903253 0.909701041 0.050395706
KK:/cc/c: 0.993942653 0.006057347 0.000000000
KK:/cc/crr: 0.000000000 0.998169712 0.001830288
KK:/cc/r: 0.997873747 0.001814093 0.000312160
KK:/crc/c: 0.999999823 0.000000177 0.000000000
KK:/crc/crr: 0.000000000 0.999999967 0.000000033
KK:/crc/r: 0.733997131 0.266002853 0.000000016
KK:/crrc/c: 0.999999993 0.000000007 0.000000000
KK:/crrc/crr: 0.000000000 0.999999998 0.000000002
KK:/crrc/r: 0.999993859 0.000006138 0.000000003
KK:/rc/c: 0.999999974 0.000000026 0.000000000
KK:/rc/crr: 0.000000000 0.999999992 0.000000008
KK:/rc/r: 0.999999971 0.000000017 0.000000011
KK:/rrc/c: 0.999999918 0.000000082 0.000000000
KK:/rrc/crr: 0.000000000 0.999999984 0.000000016
KK:/rrc/r: 0.959104295 0.040895689 0.000000016
KQ:/cc/c: 0.004332099 0.995667901 0.000000000
KQ:/cc/crr: 0.000000000 0.825021413 0.174978587
KQ:/cc/r: 0.022293812 0.974417494 0.003288694
KQ:/crc/c: 0.329366476 0.670633524 0.000000000
KQ:/crc/crr: 0.000000000 0.077909443 0.922090557
KQ:/crc/r: 0.000000023 0.528638806 0.471361171
KQ:/crrc/c: 0.600226257 0.399773743 0.000000000
KQ:/crrc/crr: 0.000000000 0.497915602 0.502084398
KQ:/crrc/r: 0.000006229 0.828471085 0.171522686
KQ:/rc/c: 0.000026704 0.999973296 0.000000000
KQ:/rc/crr: 0.000000000 0.012959832 0.987040168
KQ:/rc/r: 0.000000228 0.397208641 0.602791130
KQ:/rrc/c: 0.494354436 0.505645564 0.000000000
KQ:/rrc/crr: 0.000000000 0.561236782 0.438763218
KQ:/rrc/r: 0.090627064 0.621005617 0.288367320
Q:/c: 0.838996798 0.161003202 0.000000000
Q:/crr: 0.000000000 0.999999979 0.000000021
Q:/r: 0.352309405 0.647690472 0.000000123
QJ:/cc/c: 0.000000463 0.999999537 0.000000000
QJ:/cc/crr: 0.000000000 0.136202737 0.863797263
QJ:/cc/r: 0.000000195 0.000000212 0.999999594
QJ:/crc/c: 0.511191951 0.488808049 0.000000000
QJ:/crc/crr: 0.000000000 0.002303251 0.997696749
QJ:/crc/r: 0.000000096 0.000000014 0.999999890
QJ:/crrc/c: 0.000000090 0.999999910 0.000000000
QJ:/crrc/crr: 0.000000000 0.285202613 0.714797387
QJ:/crrc/r: 0.026047796 0.000000000 0.973952204
QJ:/rc/c: 0.000000520 0.999999480 0.000000000
QJ:/rc/crr: 0.000000000 0.003889859 0.996110141
QJ:/rc/r: 0.026362391 0.000000017 0.973637592
QJ:/rrc/c: 0.000000317 0.999999683 0.000000000
QJ:/rrc/crr: 0.000000000 0.132888011 0.867111989
QJ:/rrc/r: 0.000000089 0.000000026 0.999999885
QK:/cc/c: 0.143819754 0.856180246 0.000000000
QK:/cc/crr: 0.000000000 0.999999974 0.000000026
QK:/cc/r: 0.000000181 0.802941052 0.197058767
QK:/crc/c: 0.246507626 0.753492374 0.000000000
QK:/crc/crr: 0.000000000 0.000023603 0.999976397
QK:/crc/r: 0.000000301 0.553179968 0.446819732
QK:/crrc/c: 0.157156531 0.842843469 0.000000000
QK:/crrc/crr: 0.000000000 0.000006928 0.999993072
QK:/crrc/r: 0.000000518 0.373690166 0.626309316
QK:/rc/c: 0.351836179 0.648163821 0.000000000
QK:/rc/crr: 0.000000000 0.000014091 0.999985909
QK:/rc/r: 0.000000027 0.397938918 0.602061056
QK:/rrc/c: 0.405732614 0.594267386 0.000000000
QK:/rrc/crr: 0.000000000 0.097665071 0.902334929
QK:/rrc/r: 0.000000063 0.617261923 0.382738014
QQ:/cc/c: 0.999999985 0.000000015 0.000000000
QQ:/cc/crr: 0.000000000 0.999999995 0.000000005
QQ:/cc/r: 0.999999769 0.000000141 0.000000090
QQ:/crc/c: 0.999999968 0.000000032 0.000000000
QQ:/crc/crr: 0.000000000 0.999999993 0.000000007
QQ:/crc/r: 0.999999967 0.000000024 0.000000009
QQ:/crrc/c: 0.999999993 0.000000007 0.000000000
QQ:/crrc/crr: 0.000000000 0.999999998 0.000000002
QQ:/crrc/r: 0.999999961 0.000000036 0.000000003
QQ:/rc/c: 0.999999988 0.000000012 0.000000000
QQ:/rc/crr: 0.000000000 0.999999998 0.000000002
QQ:/rc/r: 0.999999982 0.000000011 0.000000007
QQ:/rrc/c: 0.999999935 0.000000065 0.000000000
QQ:/rrc/crr: 0.000000000 0.999999980 0.000000020
QQ:/rrc/r: 0.999999802 0.000000171 0.000000027
