J:/c: 0.366622713 0.633377287 0.000000000
J:/crr: 0.000000000 0.999999996 0.000000004
J:/r: 0.056425841 0.094833362 0.848740797
JJ:/cc/c: 0.999999996 0.000000004 0.000000000
JJ:/cc/crr: 0.000000000 0.999999996 0.000000004
JJ:/cc/r: 0.999999989 0.000000007 0.000000004
JJ:/crc/c: 0.999999990 0.000000010 0.000000000
JJ:/crc/crr: 0.000000000 0.999999992 0.000000008
JJ:/crc/r: 0.704561903 0.295438088 0.000000009
JJ:/crrc/c: 0.999999996 0.000000004 0.000000000
JJ:/crrc/crr: 0.000000000 0.999999996 0.000000004
JJ:/crrc/r: 0.999999949 0.000000047 0.000000004
JJ:/rc/c: 0.999999985 0.000000015 0.000000000
JJ:/rc/crr: 0.000000000 0.999999986 0.000000014
JJ:/rc/r: 0.999999977 0.000000010 0.000000013
JJ:/rrc/c: 0.999999966 0.000000034 0.000000000
JJ:/rrc/crr: 0.000000000 0.999999968 0.000000032
JJ:/rrc/r: 0.999999707 0.000000263 0.000000030
JK:/cc/c: 0.010230779 0.989769221 0.000000000
JK:/cc/crr: 0.000000000 0.000000259 0.999999741
JK:/cc/r: 0.000000650 0.000000003 0.999999347
JK:/crc/c: 0.632796591 0.367203409 0.000000000
JK:/crc/crr: 0.000000000 0.000000058 0.999999942
JK:/crc/r: 0.013864956 0.000000079 0.986134964
JK:/crrc/c: 0.465314027 0.534685973 0.000000000
JK:/crrc/crr: 0.000000000 0.000000190 0.999999810
JK:/crrc/r: 0.211651241 0.000000050 0.788348709
JK:/rc/c: 0.462343485 0.537656515 0.000000000
JK:/rc/crr: 0.000000000 0.000000014 0.999999986
JK:/rc/r: 0.367565450 0.000000007 0.632434543
JK:/rrc/c: 0.999999254 0.000000746 0.000000000
JK:/rrc/crr: 0.000000000 0.000000078 0.999999922
JK:/rrc/r: 0.301796485 0.000000104 0.698203410
JQ:/cc/c: 0.094643070 0.905356930 0.000000000
JQ:/cc/crr: 0.000000000 0.000000000 1.000000000
JQ:/cc/r: 0.035576836 0.000000000 0.964423164
JQ:/crc/c: 0.467495717 0.532504283 0.000000000
JQ:/crc/crr: 0.000000000 0.000002350 0.999997650
JQ:/crc/r: 0.129147472 0.000000020 0.870852508
JQ:/crrc/c: 0.048414061 0.951585939 0.000000000
JQ:/crrc/crr: 0.000000000 0.000000509 0.999999491
JQ:/crrc/r: 0.152365416 0.000000009 0.847634575
JQ:/rc/c: 0.999984060 0.000015940 0.000000000
JQ:/rc/crr: 0.000000000 0.000000000 1.000000000
JQ:/rc/r: 0.000000032 0.000000023 0.999999945
JQ:/rrc/c: 0.000013953 0.999986047 0.000000000
JQ:/rrc/crr: 0.000000000 0.012648068 0.987351932
JQ:/rrc/r: 0.429800001 0.000000100 0.570199899
K:/c: 0.999998515 0.000001485 0.000000000
K:/crr: 0.000000000 0.999999999 0.000000001
K:/r: 0.655034128 0.344965870 0.000000001
KJ:/cc/c: 0.017144985 0.982855015 0.000000000
KJ:/cc/crr: 0.000000000 0.952079953 0.047920047
KJ:/cc/r: 0.009769318 0.004296834 0.985933848
KJ:/crc/c: 0.177795236 0.822204764 0.000000000
KJ:/crc/crr: 0.000000000 0.999999984 0.000000016
KJ:/crc/r: 0.000000194 0.669821464 0.330178343
KJ:/crrc/c: 0.391865565 0.608134435 0.000000000
KJ:/crrc/crr: 0.000000000 0.569237227 0.430762773
KJ:/crrc/r: 0.062925721 0.711148783 0.225925496
KJ:/rc/c: 0.479762629 0.520237371 0.000000000
KJ:/rc/crr: 0.000000000 0.649528807 0.350471193
KJ:/rc/r: 0.031226273 0.660397031 0.308376696
KJ:/rrc/c: 0.556987587 0.443012413 0.000000000
KJ:/rrc/crr: 0.000000000 0.999957097 0.000042903
KJ:/rrc/r: 0.055003489 0.846355542 0.098640969
KK:/cc/c: 0.995903522 0.004096478 0.000000000
KK:/cc/crr: 0.000000000 0.996157157 0.003842843
KK:/cc/r: 0.998331551 0.001224986 0.000443464
KK:/crc/c: 0.999999880 0.000000120 0.000000000
KK:/crc/crr: 0.000000000 0.999999930 0.000000070
KK:/crc/r: 0.803468178 0.196531797 0.000000025
KK:/crrc/c: 0.999999996 0.000000004 0.000000000
KK:/crrc/crr: 0.000000000 0.999999996 0.000000004
KK:/crrc/r: 0.999995853 0.000004143 0.000000004
KK:/rc/c: 0.999999982 0.000000018 0.000000000
KK:/rc/crr: 0.000000000 0.999999984 0.000000016
KK:/rc/r: 0.999999972 0.000000012 0.000000016
KK:/rrc/c: 0.999999945 0.000000055 0.000000000
KK:/rrc/crr: 0.000000000 0.999999967 0.000000033
KK:/rrc/r: 0.972025526 0.027974451 0.000000023
KQ:/cc/c: 0.006405029 0.993594971 0.000000000
KQ:/cc/crr: 0.000000000 0.691467413 0.308532587
KQ:/cc/r: 0.032562458 0.960616697 0.006820845
KQ:/crc/c: 0.421178715 0.578821285 0.000000000
KQ:/crc/crr: 0.000000000 0.038610571 0.961389429
KQ:/crc/r: 0.000000022 0.347719986 0.652279991
KQ:/crrc/c: 0.689872479 0.310127521 0.000000000
KQ:/crrc/crr: 0.000000000 0.320365021 0.679634979
KQ:/crrc/r: 0.000007759 0.696584011 0.303408229
KQ:/rc/c: 0.000039564 0.999960436 0.000000000
KQ:/rc/crr: 0.000000000 0.006202302 0.993797698
KQ:/rc/r: 0.000000203 0.238509871 0.761489926
KQ:/rrc/c: 0.591587533 0.408412467 0.000000000
KQ:/rrc/crr: 0.000000000 0.378110911 0.621889089
KQ:/rrc/r: 0.098587956 0.455967294 0.445444750
Q:/c: 0.885329582 0.114670418 0.000000000
Q:/crr: 0.000000000 0.999999956 0.000000044
Q:/r: 0.446261297 0.553738482 0.000000221
QJ:/cc/c: 0.000000685 0.999999315 0.000000000
QJ:/cc/crr: 0.000000000 0.069723088 0.930276912
QJ:/cc/r: 0.000000137 0.000000101 0.999999762
QJ:/crc/c: 0.607756275 0.392243725 0.000000000
QJ:/crc/crr: 0.000000000 0.001096117 0.998903883
QJ:/crc/r: 0.000000068 0.000000007 0.999999926
QJ:/crrc/c: 0.000000134 0.999999866 0.000000000
QJ:/crrc/crr: 0.000000000 0.159419121 0.840580879
QJ:/crrc/r: 0.018486211 0.000000000 0.981513789
QJ:/rc/c: 0.000000770 0.999999230 0.000000000
QJ:/rc/crr: 0.000000000 0.001852727 0.998147273
QJ:/rc/r: 0.018711234 0.000000008 0.981288758
QJ:/rrc/c: 0.000000470 0.999999530 0.000000000
QJ:/rrc/crr: 0.000000000 0.067899082 0.932100918
QJ:/rrc/r: 0.000000063 0.000000012 0.999999925
QK:/cc/c: 0.199279297 0.800720703 0.000000000
QK:/cc/crr: 0.000000000 0.999999945 0.000000055
QK:/cc/r: 0.000000220 0.659489813 0.340509967
QK:/crc/c: 0.326466431 0.673533569 0.000000000
QK:/crc/crr: 0.000000000 0.000011219 0.999988781
QK:/crc/r: 0.000000298 0.370463363 0.629536338
QK:/crrc/c: 0.216458756 0.783541244 0.000000000
QK:/crrc/crr: 0.000000000 0.000003293 0.999996707
QK:/crrc/r: 0.000000453 0.220943750 0.779055796
QK:/rc/c: 0.445748775 0.554251225 0.000000000
QK:/rc/crr: 0.000000000 0.000006698 0.999993302
QK:/rc/r: 0.000000024 0.239064073 0.760935903
QK:/rrc/c: 0.502870032 0.497129968 0.000000000
QK:/rrc/crr: 0.000000000 0.048929906 0.951070094
QK:/rrc/r: 0.000000066 0.433934899 0.566065035
QQ:/cc/c: 0.999999990 0.000000010 0.000000000
QQ:/cc/crr: 0.000000000 0.999999990 0.000000010
QQ:/cc/r: 0.999999777 0.000000095 0.000000128
QQ:/crc/c: 0.999999979 0.000000021 0.000000000
QQ:/crc/crr: 0.000000000 0.999999986 0.000000014
QQ:/crc/r: 0.999999971 0.000000016 0.000000013
QQ:/crrc/c: 0.999999996 0.000000004 0.000000000
QQ:/crrc/crr: 0.000000000 0.999999996 0.000000004
QQ:/crrc/r: 0.999999972 0.000000024 0.000000004
QQ:/rc/c: 0.999999992 0.000000008 0.000000000
QQ:/rc/crr: 0.000000000 0.999999996 0.000000004
QQ:/rc/r: 0.999999983 0.000000007 0.000000010
QQ:/rrc/c: 0.999999956 0.000000044 0.000000000
QQ:/rrc/crr: 0.000000000 0.999999959 0.000000041
QQ:/rrc/r: 0.999999847 0.000000115 0.000000038
