J:/c: 0.313045910 0.686954090 0.000000000
J:/crr: 0.000000000 0.999999997 0.000000003
J:/r: 0.051900858 0.110798585 0.837300557
JJ:/cc/c: 0.999999995 0.000000005 0.000000000
JJ:/cc/crr: 0.000000000 0.999999997 0.000000003
JJ:/cc/r: 0.999999986 0.000000009 0.000000004
JJ:/crc/c: 0.999999988 0.000000012 0.000000000
JJ:/crc/crr: 0.000000000 0.999999993 0.000000007
JJ:/crc/r: 0.652474100 0.347525891 0.000000009
JJ:/crrc/c: 0.999999994 0.000000006 0.000000000
JJ:/crrc/crr: 0.000000000 0.999999997 0.000000003
JJ:/crrc/r: 0.999999936 0.000000060 0.000000004
JJ:/rc/c: 0.999999981 0.000000019 0.000000000
JJ:/rc/crr: 0.000000000 0.999999988 0.000000012
JJ:/rc/r: 0.999999974 0.000000012 0.000000014
JJ:/rrc/c: 0.999999957 0.000000043 0.000000000
JJ:/rrc/crr: 0.000000000 0.999999973 0.000000027
JJ:/rrc/r: 0.999999634 0.000000334 0.000000032
JK:/cc/c: 0.008071948 0.991928052 0.000000000
JK:/cc/crr: 0.000000000 0.000000306 0.999999694
JK:/cc/r: 0.000000606 0.000000003 0.999999390
JK:/crc/c: 0.575676190 0.424323810 0.000000000
JK:/crc/crr: 0.000000000 0.000000068 0.999999932
JK:/crc/r: 0.012939458 0.000000094 0.987060447
JK:/crrc/c: 0.406572755 0.593427245 0.000000000
JK:/crrc/crr: 0.000000000 0.000000225 0.999999775
JK:/crrc/r: 0.200203670 0.000000060 0.799796270
JK:/rc/c: 0.403694085 0.596305915 0.000000000
JK:/rc/crr: 0.000000000 0.000000016 0.999999984
JK:/rc/r: 0.351444337 0.000000009 0.648555654
JK:/rrc/c: 0.999999052 0.000000948 0.000000000
JK:/rrc/crr: 0.000000000 0.000000092 0.999999908
JK:/rrc/r: 0.287249776 0.000000126 0.712750098
JQ:/cc/c: 0.076040565 0.923959435 0.000000000
JQ:/cc/crr: 0.000000000 0.000000000 1.000000000
JQ:/cc/r: 0.033250919 0.000000000 0.966749081
JQ:/crc/c: 0.408689545 0.591310455 0.000000000
JQ:/crc/crr: 0.000000000 0.000002784 0.999997216
JQ:/crc/r: 0.121474682 0.000000024 0.878525293
JQ:/crrc/c: 0.038511551 0.961488449 0.000000000
JQ:/crrc/crr: 0.000000000 0.000000603 0.999999397
JQ:/crrc/r: 0.143540588 0.000000011 0.856459401
JQ:/rc/c: 0.999979753 0.000020247 0.000000000
JQ:/rc/crr: 0.000000000 0.000000000 1.000000000
JQ:/rc/r: 0.000000030 0.000000028 0.999999943
JQ:/rrc/c: 0.000010985 0.999989015 0.000000000
JQ:/rrc/crr: 0.000000000 0.014944442 0.985055558
JQ:/rrc/r: 0.412730650 0.000000122 0.587269227
K:/c: 0.999998114 0.000001886 0.000000000
K:/crr: 0.000000000 0.999999999 0.000000001
K:/r: 0.599181831 0.400818168 0.000000001
KJ:/cc/c: 0.013547134 0.986452866 0.000000000
KJ:/cc/crr: 0.000000000 0.959233683 0.040766317
KJ:/cc/r: 0.009107463 0.005088131 0.985804406
KJ:/crc/c: 0.145474993 0.854525007 0.000000000
KJ:/crc/crr: 0.000000000 0.999999986 0.000000014
KJ:/crc/r: 0.000000161 0.706104958 0.293894881
KJ:/crrc/c: 0.336560050 0.663439950 0.000000000
KJ:/crrc/crr: 0.000000000 0.610140588 0.389859412
KJ:/crrc/r: 0.052067198 0.747434335 0.200498466
KJ:/rc/c: 0.420632282 0.579367718 0.000000000
KJ:/rc/crr: 0.000000000 0.687000225 0.312999775
KJ:/rc/r: 0.026004240 0.698563154 0.275432606
KJ:/rrc/c: 0.497440158 0.502559842 0.000000000
KJ:/rrc/crr: 0.000000000 0.999963774 0.000036226
KJ:/rrc/r: 0.044506577 0.869888039 0.085605384
KK:/cc/c: 0.994802354 0.005197646 0.000000000
KK:/cc/crr: 0.000000000 0.996753274 0.003246726
KK:/cc/r: 0.997969116 0.001555428 0.000475456
KK:/crc/c: 0.999999848 0.000000152 0.000000000
KK:/crc/crr: 0.000000000 0.999999941 0.000000059
KK:/crc/r: 0.762951304 0.237048671 0.000000025
KK:/crrc/c: 0.999999994 0.000000006 0.000000000
KK:/crrc/crr: 0.000000000 0.999999997 0.000000003
KK:/crrc/r: 0.999994733 0.000005263 0.000000004
KK:/rc/c: 0.999999978 0.000000022 0.000000000
KK:/rc/crr: 0.000000000 0.999999986 0.000000014
KK:/rc/r: 0.999999968 0.000000015 0.000000017
KK:/rrc/c: 0.999999930 0.000000070 0.000000000
KK:/rrc/crr: 0.000000000 0.999999972 0.000000028
KK:/rrc/r: 0.964733048 0.035266927 0.000000025
KQ:/cc/c: 0.005049364 0.994950636 0.000000000
KQ:/cc/crr: 0.000000000 0.726344028 0.273655972
KQ:/cc/r: 0.025841870 0.968352428 0.005805702
KQ:/crc/c: 0.364213832 0.635786168 0.000000000
KQ:/crc/crr: 0.000000000 0.045403914 0.954596086
KQ:/crc/r: 0.000000020 0.387006476 0.612993505
KQ:/crrc/c: 0.636530876 0.363469124 0.000000000
KQ:/crrc/crr: 0.000000000 0.358258370 0.641741630
KQ:/crrc/r: 0.000006412 0.731107501 0.268886087
KQ:/rc/c: 0.000031148 0.999968852 0.000000000
KQ:/rc/crr: 0.000000000 0.007337084 0.992662916
KQ:/rc/r: 0.000000182 0.270575830 0.729423989
KQ:/rrc/c: 0.532789728 0.467210272 0.000000000
KQ:/rrc/crr: 0.000000000 0.418627369 0.581372631
KQ:/rrc/r: 0.085319362 0.501226463 0.413454175
Q:/c: 0.858721711 0.141278289 0.000000000
Q:/crr: 0.000000000 0.999999963 0.000000037
Q:/r: 0.388179083 0.611820710 0.000000206
QJ:/cc/c: 0.000000540 0.999999460 0.000000000
QJ:/cc/crr: 0.000000000 0.081526322 0.918473678
QJ:/cc/r: 0.000000128 0.000000119 0.999999753
QJ:/crc/c: 0.549513671 0.450486329 0.000000000
QJ:/crc/crr: 0.000000000 0.001297884 0.998702116
QJ:/crc/r: 0.000000063 0.000000008 0.999999929
QJ:/crrc/c: 0.000000105 0.999999895 0.000000000
QJ:/crrc/crr: 0.000000000 0.183413005 0.816586995
QJ:/crrc/r: 0.017257639 0.000000000 0.982742361
QJ:/rc/c: 0.000000606 0.999999394 0.000000000
QJ:/rc/crr: 0.000000000 0.002193461 0.997806539
QJ:/rc/r: 0.017467974 0.000000010 0.982532017
QJ:/rrc/c: 0.000000370 0.999999630 0.000000000
QJ:/rrc/crr: 0.000000000 0.079419896 0.920580104
QJ:/rrc/r: 0.000000058 0.000000015 0.999999927
QK:/cc/c: 0.163831803 0.836168197 0.000000000
QK:/cc/crr: 0.000000000 0.999999954 0.000000046
QK:/cc/r: 0.000000183 0.696394045 0.303605772
QK:/crc/c: 0.276198909 0.723801091 0.000000000
QK:/crc/crr: 0.000000000 0.000013287 0.999986713
QK:/crc/r: 0.000000260 0.410701544 0.589298196
QK:/crrc/c: 0.178637153 0.821362847 0.000000000
QK:/crrc/crr: 0.000000000 0.000003900 0.999996100
QK:/crrc/r: 0.000000406 0.251427837 0.748571757
QK:/rc/c: 0.387686550 0.612313450 0.000000000
QK:/rc/crr: 0.000000000 0.000007932 0.999992068
QK:/rc/r: 0.000000021 0.271178004 0.728821975
QK:/rrc/c: 0.443318604 0.556681396 0.000000000
QK:/rrc/crr: 0.000000000 0.057430426 0.942569574
QK:/rrc/r: 0.000000057 0.475856019 0.524143924
QQ:/cc/c: 0.999999987 0.000000013 0.000000000
QQ:/cc/crr: 0.000000000 0.999999992 0.000000008
QQ:/cc/r: 0.999999742 0.000000121 0.000000137
QQ:/crc/c: 0.999999973 0.000000027 0.000000000
QQ:/crc/crr: 0.000000000 0.999999988 0.000000012
QQ:/crc/r: 0.999999965 0.000000021 0.000000014
QQ:/crrc/c: 0.999999994 0.000000006 0.000000000
QQ:/crrc/crr: 0.000000000 0.999999997 0.000000003
QQ:/crrc/r: 0.999999965 0.000000031 0.000000004
QQ:/rc/c: 0.999999990 0.000000010 0.000000000
QQ:/rc/crr: 0.000000000 0.999999997 0.000000003
QQ:/rc/r: 0.999999980 0.000000009 0.000000011
QQ:/rrc/c: 0.999999944 0.000000056 0.000000000
QQ:/rrc/crr: 0.000000000 0.999999965 0.000000035
QQ:/rrc/r: 0.999999813 0.000000146 0.000000041
