J:/c: 0.345954134 0.654045866 0.000000000
J:/crr: 0.000000000 0.999999996 0.000000004
J:/r: 0.057986184 0.106648365 0.835365451
JJ:/cc/c: 0.999999996 0.000000004 0.000000000
JJ:/cc/crr: 0.000000000 0.999999996 0.000000004
JJ:/cc/r: 0.999999988 0.000000008 0.000000004
JJ:/crc/c: 0.999999990 0.000000010 0.000000000
JJ:/crc/crr: 0.000000000 0.999999993 0.000000007
JJ:/crc/r: 0.685459933 0.314540059 0.000000008
JJ:/crrc/c: 0.999999995 0.000000005 0.000000000
JJ:/crrc/crr: 0.000000000 0.999999996 0.000000004
JJ:/crrc/r: 0.999999945 0.000000051 0.000000004
JJ:/rc/c: 0.999999984 0.000000016 0.000000000
JJ:/rc/crr: 0.000000000 0.999999988 0.000000012
JJ:/rc/r: 0.999999977 0.000000010 0.000000013
JJ:/rrc/c: 0.999999963 0.000000037 0.000000000
JJ:/rrc/crr: 0.000000000 0.999999972 0.000000028
JJ:/rrc/r: 0.999999684 0.000000287 0.000000029
JK:/cc/c: 0.009357187 0.990642813 0.000000000
JK:/cc/crr: 0.000000000 0.000000296 0.999999704
JK:/cc/r: 0.000000679 0.000000003 0.999999318
JK:/crc/c: 0.611612366 0.388387634 0.000000000
JK:/crc/crr: 0.000000000 0.000000066 0.999999934
JK:/crc/r: 0.014467652 0.000000091 0.985532257
JK:/crrc/c: 0.442972876 0.557027124 0.000000000
JK:/crrc/crr: 0.000000000 0.000000217 0.999999783
JK:/crrc/r: 0.218942666 0.000000056 0.781057278
JK:/rc/c: 0.440027584 0.559972416 0.000000000
JK:/rc/crr: 0.000000000 0.000000016 0.999999984
JK:/rc/r: 0.377655064 0.000000008 0.622344928
JK:/rrc/c: 0.999999183 0.000000817 0.000000000
JK:/rrc/crr: 0.000000000 0.000000089 0.999999911
JK:/rrc/r: 0.310968438 0.000000118 0.689031445
JQ:/cc/c: 0.087196623 0.912803377 0.000000000
JQ:/cc/crr: 0.000000000 0.000000000 1.000000000
JQ:/cc/r: 0.037087829 0.000000000 0.962912171
JQ:/crc/c: 0.445137022 0.554862978 0.000000000
JQ:/crc/crr: 0.000000000 0.000002686 0.999997314
JQ:/crc/r: 0.134080032 0.000000023 0.865919945
JQ:/crrc/c: 0.044426396 0.955573604 0.000000000
JQ:/crrc/crr: 0.000000000 0.000000582 0.999999418
JQ:/crrc/r: 0.158023832 0.000000011 0.841976157
JQ:/rc/c: 0.999982557 0.000017443 0.000000000
JQ:/rc/crr: 0.000000000 0.000000000 1.000000000
JQ:/rc/r: 0.000000033 0.000000027 0.999999940
JQ:/rrc/c: 0.000012750 0.999987250 0.000000000
JQ:/rrc/crr: 0.000000000 0.014425579 0.985574421
JQ:/rrc/r: 0.440408309 0.000000112 0.559591578
K:/c: 0.999998375 0.000001625 0.000000000
K:/crr: 0.000000000 0.999999999 0.000000001
K:/r: 0.634391587 0.365608412 0.000000001
KJ:/cc/c: 0.015690357 0.984309643 0.000000000
KJ:/cc/crr: 0.000000000 0.957807949 0.042192051
KJ:/cc/r: 0.010189581 0.004904415 0.984906004
KJ:/crc/c: 0.164998763 0.835001237 0.000000000
KJ:/crc/crr: 0.000000000 0.999999986 0.000000014
KJ:/crc/r: 0.000000184 0.698607999 0.301391817
KJ:/crrc/c: 0.370606588 0.629393412 0.000000000
KJ:/crrc/crr: 0.000000000 0.601576960 0.398423040
KJ:/crrc/r: 0.059502226 0.735888554 0.204609220
KJ:/rc/c: 0.457321102 0.542678898 0.000000000
KJ:/rc/crr: 0.000000000 0.679237323 0.320762677
KJ:/rc/r: 0.029760131 0.688757518 0.281482352
KJ:/rrc/c: 0.534646108 0.465353892 0.000000000
KJ:/rrc/crr: 0.000000000 0.999962451 0.000037549
KJ:/rrc/r: 0.051134356 0.861037276 0.087828369
KK:/cc/c: 0.995518851 0.004481149 0.000000000
KK:/cc/crr: 0.000000000 0.996635122 0.003364878
KK:/cc/r: 0.998234908 0.001340403 0.000424689
KK:/crc/c: 0.999999869 0.000000131 0.000000000
KK:/crc/crr: 0.000000000 0.999999939 0.000000061
KK:/crc/r: 0.788844593 0.211155384 0.000000023
KK:/crrc/c: 0.999999995 0.000000005 0.000000000
KK:/crrc/crr: 0.000000000 0.999999996 0.000000004
KK:/crrc/r: 0.999995462 0.000004534 0.000000004
KK:/rc/c: 0.999999981 0.000000019 0.000000000
KK:/rc/crr: 0.000000000 0.999999986 0.000000014
KK:/rc/r: 0.999999972 0.000000013 0.000000015
KK:/rrc/c: 0.999999940 0.000000060 0.000000000
KK:/rrc/crr: 0.000000000 0.999999971 0.000000029
KK:/rrc/r: 0.969467386 0.030532592 0.000000022
KQ:/cc/c: 0.005856179 0.994143821 0.000000000
KQ:/cc/crr: 0.000000000 0.719158018 0.280841982
KQ:/cc/r: 0.029864975 0.964143490 0.005991535
KQ:/crc/c: 0.399373834 0.600626166 0.000000000
KQ:/crc/crr: 0.000000000 0.043874618 0.956125382
KQ:/crc/r: 0.000000022 0.378533828 0.621466150
KQ:/crrc/c: 0.670265232 0.329734768 0.000000000
KQ:/crrc/crr: 0.000000000 0.350055687 0.649944313
KQ:/crrc/r: 0.000007370 0.723998475 0.275994155
KQ:/rc/c: 0.000036154 0.999963846 0.000000000
KQ:/rc/crr: 0.000000000 0.007080446 0.992919554
KQ:/rc/r: 0.000000205 0.263556230 0.736443564
KQ:/rrc/c: 0.569642755 0.430357245 0.000000000
KQ:/rrc/crr: 0.000000000 0.409925392 0.590074608
KQ:/rrc/r: 0.096259244 0.487190533 0.416550223
Q:/c: 0.875856010 0.124143990 0.000000000
Q:/crr: 0.000000000 0.999999962 0.000000038
Q:/r: 0.424109340 0.575890458 0.000000201
QJ:/cc/c: 0.000000626 0.999999374 0.000000000
QJ:/cc/crr: 0.000000000 0.078880887 0.921119113
QJ:/cc/r: 0.000000143 0.000000115 0.999999742
QJ:/crc/c: 0.586072400 0.413927600 0.000000000
QJ:/crc/crr: 0.000000000 0.001252220 0.998747780
QJ:/crc/r: 0.000000070 0.000000007 0.999999922
QJ:/crrc/c: 0.000000122 0.999999878 0.000000000
QJ:/crrc/crr: 0.000000000 0.178102557 0.821897443
QJ:/crrc/r: 0.019285859 0.000000000 0.980714141
QJ:/rc/c: 0.000000704 0.999999296 0.000000000
QJ:/rc/crr: 0.000000000 0.002116354 0.997883646
QJ:/rc/r: 0.019520423 0.000000009 0.980479568
QJ:/rrc/c: 0.000000430 0.999999570 0.000000000
QJ:/rrc/crr: 0.000000000 0.076837095 0.923162905
QJ:/rrc/r: 0.000000065 0.000000014 0.999999921
QK:/cc/c: 0.185285005 0.814714995 0.000000000
QK:/cc/crr: 0.000000000 0.999999952 0.000000048
QK:/cc/r: 0.000000210 0.688758558 0.311241232
QK:/crc/c: 0.306964525 0.693035475 0.000000000
QK:/crc/crr: 0.000000000 0.000012819 0.999987181
QK:/crc/r: 0.000000296 0.402050372 0.597949332
QK:/crrc/c: 0.201561731 0.798438269 0.000000000
QK:/crrc/crr: 0.000000000 0.000003763 0.999996237
QK:/crrc/r: 0.000000459 0.244738316 0.755261225
QK:/rc/c: 0.423602786 0.576397214 0.000000000
QK:/rc/crr: 0.000000000 0.000007653 0.999992347
QK:/rc/r: 0.000000024 0.264148445 0.735851531
QK:/rrc/c: 0.480345623 0.519654377 0.000000000
QK:/rrc/crr: 0.000000000 0.055519612 0.944480388
QK:/rrc/r: 0.000000065 0.466919845 0.533080090
QQ:/cc/c: 0.999999989 0.000000011 0.000000000
QQ:/cc/crr: 0.000000000 0.999999992 0.000000008
QQ:/cc/r: 0.999999773 0.000000104 0.000000123
QQ:/crc/c: 0.999999977 0.000000023 0.000000000
QQ:/crc/crr: 0.000000000 0.999999988 0.000000012
QQ:/crc/r: 0.999999970 0.000000018 0.000000013
QQ:/crrc/c: 0.999999995 0.000000005 0.000000000
QQ:/crrc/crr: 0.000000000 0.999999996 0.000000004
QQ:/crrc/r: 0.999999970 0.000000027 0.000000004
QQ:/rc/c: 0.999999991 0.000000009 0.000000000
QQ:/rc/crr: 0.000000000 0.999999996 0.000000004
QQ:/rc/r: 0.999999982 0.000000008 0.000000010
QQ:/rrc/c: 0.999999952 0.000000048 0.000000000
QQ:/rrc/crr: 0.000000000 0.999999964 0.000000036
QQ:/rrc/r: 0.999999837 0.000000126 0.000000037
