J:/c: 0.295878937 0.704121063 0.000000000
J:/crr: 0.000000000 0.999999997 0.000000003
J:/r: 0.058463335 0.135349566 0.806187099
JJ:/cc/c: 0.999999995 0.000000005 0.000000000
JJ:/cc/crr: 0.000000000 0.999999997 0.000000003
JJ:/cc/r: 0.999999986 0.000000010 0.000000004
JJ:/crc/c: 0.999999987 0.000000013 0.000000000
JJ:/crc/crr: 0.000000000 0.999999995 0.000000005
JJ:/crc/r: 0.633868725 0.366131268 0.000000007
JJ:/crrc/c: 0.999999994 0.000000006 0.000000000
JJ:/crrc/crr: 0.000000000 0.999999997 0.000000003
JJ:/crrc/r: 0.999999932 0.000000065 0.000000004
JJ:/rc/c: 0.999999980 0.000000020 0.000000000
JJ:/rc/crr: 0.000000000 0.999999991 0.000000009
JJ:/rc/r: 0.999999975 0.000000013 0.000000012
JJ:/rrc/c: 0.999999954 0.000000046 0.000000000
JJ:/rrc/crr: 0.000000000 0.999999979 0.000000021
JJ:/rrc/r: 0.999999610 0.000000362 0.000000028
JK:/cc/c: 0.007447969 0.992552031 0.000000000
JK:/cc/crr: 0.000000000 0.000000389 0.999999611
JK:/cc/r: 0.000000709 0.000000004 0.999999286
JK:/crc/c: 0.555758654 0.444241346 0.000000000
JK:/crc/crr: 0.000000000 0.000000086 0.999999914
JK:/crc/r: 0.015104866 0.000000119 0.984895015
JK:/crrc/c: 0.387167544 0.612832456 0.000000000
JK:/crrc/crr: 0.000000000 0.000000286 0.999999714
JK:/crrc/r: 0.226515860 0.000000073 0.773484067
JK:/rc/c: 0.384337283 0.615662717 0.000000000
JK:/rc/crr: 0.000000000 0.000000021 0.999999979
JK:/rc/r: 0.387991018 0.000000011 0.612008972
JK:/rrc/c: 0.999998972 0.000001028 0.000000000
JK:/rrc/crr: 0.000000000 0.000000117 0.999999883
JK:/rrc/r: 0.320418932 0.000000153 0.679580915
JQ:/cc/c: 0.070536086 0.929463914 0.000000000
JQ:/cc/crr: 0.000000000 0.000000000 1.000000000
JQ:/cc/r: 0.038682224 0.000000000 0.961317776
JQ:/crc/c: 0.389249571 0.610750429 0.000000000
JQ:/crc/crr: 0.000000000 0.000003532 0.999996468
JQ:/crc/r: 0.139241140 0.000000030 0.860758829
JQ:/crrc/c: 0.035619020 0.964380980 0.000000000
JQ:/crrc/crr: 0.000000000 0.000000765 0.999999235
JQ:/crrc/r: 0.163932120 0.000000014 0.836067866
JQ:/rc/c: 0.999978043 0.000021957 0.000000000
JQ:/rc/crr: 0.000000000 0.000000000 1.000000000
JQ:/rc/r: 0.000000035 0.000000035 0.999999930
JQ:/rrc/c: 0.000010129 0.999989871 0.000000000
JQ:/rrc/crr: 0.000000000 0.018884577 0.981115423
JQ:/rrc/r: 0.451216510 0.000000145 0.548783345
K:/c: 0.999997932 0.000002068 0.000000000
K:/crr: 0.000000000 0.999999999 0.000000001
K:/r: 0.576873881 0.423126118 0.000000001
KJ:/cc/c: 0.012369872 0.987630128 0.000000000
KJ:/cc/crr: 0.000000000 0.962132872 0.037867128
KJ:/cc/r: 0.008966661 0.005492775 0.985540565
KJ:/crc/c: 0.134395005 0.865604995 0.000000000
KJ:/crc/crr: 0.000000000 0.999999987 0.000000013
KJ:/crc/r: 0.000000150 0.721784738 0.278215112
KJ:/crrc/c: 0.316313513 0.683686487 0.000000000
KJ:/crrc/crr: 0.000000000 0.628244682 0.371755318
KJ:/crrc/r: 0.048425351 0.762222571 0.189352078
KJ:/rc/c: 0.398365018 0.601634982 0.000000000
KJ:/rc/crr: 0.000000000 0.703270940 0.296729060
KJ:/rc/r: 0.024265684 0.714750135 0.260984181
KJ:/rrc/c: 0.474436482 0.525563518 0.000000000
KJ:/rrc/crr: 0.000000000 0.999966452 0.000033548
KJ:/rrc/r: 0.041010564 0.878891175 0.080098261
KK:/cc/c: 0.994303748 0.005696252 0.000000000
KK:/cc/crr: 0.000000000 0.996992538 0.003007462
KK:/cc/r: 0.997812058 0.001705225 0.000482717
KK:/crc/c: 0.999999833 0.000000167 0.000000000
KK:/crc/crr: 0.000000000 0.999999945 0.000000055
KK:/crc/r: 0.745892631 0.254107344 0.000000025
KK:/crrc/c: 0.999999994 0.000000006 0.000000000
KK:/crrc/crr: 0.000000000 0.999999997 0.000000003
KK:/crrc/r: 0.999994225 0.000005770 0.000000004
KK:/rc/c: 0.999999975 0.000000025 0.000000000
KK:/rc/crr: 0.000000000 0.999999987 0.000000013
KK:/rc/r: 0.999999966 0.000000016 0.000000018
KK:/rrc/c: 0.999999923 0.000000077 0.000000000
KK:/rrc/crr: 0.000000000 0.999999974 0.000000026
KK:/rrc/r: 0.961461668 0.038538307 0.000000025
KQ:/cc/c: 0.004607119 0.995392881 0.000000000
KQ:/cc/crr: 0.000000000 0.741339567 0.258660433
KQ:/cc/r: 0.023631931 0.970976931 0.005391138
KQ:/crc/c: 0.343164203 0.656835797 0.000000000
KQ:/crc/crr: 0.000000000 0.048850838 0.951149162
KQ:/crc/r: 0.000000019 0.405374049 0.594625932
KQ:/crrc/c: 0.614965854 0.385034146 0.000000000
KQ:/crrc/crr: 0.000000000 0.376098662 0.623901338
KQ:/crrc/r: 0.000005966 0.745933388 0.254060646
KQ:/rc/c: 0.000028407 0.999971593 0.000000000
KQ:/rc/crr: 0.000000000 0.007918063 0.992081937
KQ:/rc/r: 0.000000175 0.285995660 0.714004165
KQ:/rrc/c: 0.509809634 0.490190366 0.000000000
KQ:/rrc/crr: 0.000000000 0.437424775 0.562575225
KQ:/rrc/r: 0.080891543 0.521062369 0.398046088
Q:/c: 0.838456907 0.161543093 0.000000000
Q:/crr: 0.000000000 0.999999962 0.000000038
Q:/r: 0.351399121 0.648600653 0.000000226
QJ:/cc/c: 0.000000461 0.999999539 0.000000000
QJ:/cc/crr: 0.000000000 0.079196860 0.920803140
QJ:/cc/r: 0.000000106 0.000000115 0.999999779
QJ:/crc/c: 0.510194560 0.489805440 0.000000000
QJ:/crc/crr: 0.000000000 0.001257660 0.998742340
QJ:/crc/r: 0.000000052 0.000000008 0.999999940
QJ:/crrc/c: 0.000000090 0.999999910 0.000000000
QJ:/crrc/crr: 0.000000000 0.178738857 0.821261143
QJ:/crrc/r: 0.014321950 0.000000000 0.985678050
QJ:/rc/c: 0.000000518 0.999999482 0.000000000
QJ:/rc/crr: 0.000000000 0.002125541 0.997874459
QJ:/rc/r: 0.014497033 0.000000009 0.985502958
QJ:/rrc/c: 0.000000316 0.999999684 0.000000000
QJ:/rrc/crr: 0.000000000 0.077145566 0.922854434
QJ:/rrc/r: 0.000000048 0.000000014 0.999999938
QK:/cc/c: 0.143328969 0.856671031 0.000000000
QK:/cc/crr: 0.000000000 0.999999952 0.000000048
QK:/cc/r: 0.000000155 0.689688367 0.310311479
QK:/crc/c: 0.245767008 0.754232992 0.000000000
QK:/crc/crr: 0.000000000 0.000012875 0.999987125
QK:/crc/r: 0.000000218 0.403094394 0.596905388
QK:/crrc/c: 0.156628561 0.843371439 0.000000000
QK:/crrc/crr: 0.000000000 0.000003779 0.999996221
QK:/crrc/r: 0.000000339 0.245541590 0.754458071
QK:/rc/c: 0.350926491 0.649073509 0.000000000
QK:/rc/crr: 0.000000000 0.000007686 0.999992314
QK:/rc/r: 0.000000018 0.264993045 0.735006938
QK:/rrc/c: 0.404770598 0.595229402 0.000000000
QK:/rrc/crr: 0.000000000 0.055747670 0.944252330
QK:/rrc/r: 0.000000048 0.468000451 0.531999501
QQ:/cc/c: 0.999999985 0.000000015 0.000000000
QQ:/cc/crr: 0.000000000 0.999999992 0.000000008
QQ:/cc/r: 0.999999692 0.000000142 0.000000166
QQ:/crc/c: 0.999999968 0.000000032 0.000000000
QQ:/crc/crr: 0.000000000 0.999999988 0.000000012
QQ:/crc/r: 0.999999959 0.000000024 0.000000017
QQ:/crrc/c: 0.999999993 0.000000007 0.000000000
QQ:/crrc/crr: 0.000000000 0.999999996 0.000000004
QQ:/crrc/r: 0.999999959 0.000000036 0.000000005
QQ:/rc/c: 0.999999988 0.000000012 0.000000000
QQ:/rc/crr: 0.000000000 0.999999996 0.000000004
QQ:/rc/r: 0.999999976 0.000000011 0.000000013
QQ:/rrc/c: 0.999999935 0.000000065 0.000000000
QQ:/rrc/crr: 0.000000000 0.999999964 0.000000036
QQ:/rrc/r: 0.999999779 0.000000171 0.000000050
