J:/c: 0.287260958 0.712739042 0.000000000
J:/crr: 0.000000000 0.999999997 0.000000003
J:/r: 0.050105965 0.120943733 0.828950302
JJ:/cc/c: 0.999999995 0.000000005 0.000000000
JJ:/cc/crr: 0.000000000 0.999999997 0.000000003
JJ:/cc/r: 0.999999985 0.000000011 0.000000004
JJ:/crc/c: 0.999999986 0.000000014 0.000000000
JJ:/crc/crr: 0.000000000 0.999999994 0.000000006
JJ:/crc/r: 0.624132400 0.375867591 0.000000009
JJ:/crrc/c: 0.999999994 0.000000006 0.000000000
JJ:/crrc/crr: 0.000000000 0.999999997 0.000000003
JJ:/crrc/r: 0.999999928 0.000000067 0.000000004
JJ:/rc/c: 0.999999979 0.000000021 0.000000000
JJ:/rc/crr: 0.000000000 0.999999989 0.000000011
JJ:/rc/r: 0.999999972 0.000000014 0.000000014
JJ:/rrc/c: 0.999999952 0.000000048 0.000000000
JJ:/rrc/crr: 0.000000000 0.999999976 0.000000024
JJ:/rrc/r: 0.999999589 0.000000377 0.000000033
JK:/cc/c: 0.007145776 0.992854224 0.000000000
JK:/cc/crr: 0.000000000 0.000000338 0.999999662
JK:/cc/r: 0.000000591 0.000000004 0.999999405
JK:/crc/c: 0.545434767 0.454565233 0.000000000
JK:/crc/crr: 0.000000000 0.000000075 0.999999925
JK:/crc/r: 0.012621867 0.000000104 0.987378030
JK:/crrc/c: 0.377315466 0.622684534 0.000000000
JK:/crrc/crr: 0.000000000 0.000000248 0.999999752
JK:/crrc/r: 0.196203414 0.000000066 0.803796520
JK:/rc/c: 0.374513213 0.625486787 0.000000000
JK:/rc/crr: 0.000000000 0.000000018 0.999999982
JK:/rc/r: 0.345728444 0.000000010 0.654271546
JK:/rrc/c: 0.999998928 0.000001072 0.000000000
JK:/rrc/crr: 0.000000000 0.000000102 0.999999898
JK:/rrc/r: 0.282123770 0.000000140 0.717876090
JQ:/cc/c: 0.067849143 0.932150857 0.000000000
JQ:/cc/crr: 0.000000000 0.000000000 1.000000000
JQ:/cc/r: 0.032451184 0.000000000 0.967548816
JQ:/crc/c: 0.379377311 0.620622689 0.000000000
JQ:/crc/crr: 0.000000000 0.000003069 0.999996931
JQ:/crc/r: 0.118813816 0.000000027 0.881186157
JQ:/crrc/c: 0.034213218 0.965786782 0.000000000
JQ:/crrc/crr: 0.000000000 0.000000665 0.999999335
JQ:/crrc/r: 0.140473661 0.000000013 0.859526327
JQ:/rc/c: 0.999977107 0.000022893 0.000000000
JQ:/rc/crr: 0.000000000 0.000000000 1.000000000
JQ:/rc/r: 0.000000029 0.000000030 0.999999941
JQ:/rrc/c: 0.000009715 0.999990285 0.000000000
JQ:/rrc/crr: 0.000000000 0.016451921 0.983548079
JQ:/rrc/r: 0.406642958 0.000000136 0.593356906
K:/c: 0.999997868 0.000002132 0.000000000
K:/crr: 0.000000000 0.999999999 0.000000001
K:/r: 0.569362476 0.430637523 0.000000001
KJ:/cc/c: 0.012000342 0.987999658 0.000000000
KJ:/cc/crr: 0.000000000 0.962885002 0.037114998
KJ:/cc/r: 0.008878445 0.005608310 0.985513244
KJ:/crc/c: 0.130863176 0.869136824 0.000000000
KJ:/crc/crr: 0.000000000 0.999999987 0.000000013
KJ:/crc/r: 0.000000146 0.725950983 0.274048871
KJ:/crrc/c: 0.309711494 0.690288506 0.000000000
KJ:/crrc/crr: 0.000000000 0.633099642 0.366900358
KJ:/crrc/r: 0.047214698 0.766337921 0.186447381
KJ:/rc/c: 0.391029926 0.608970074 0.000000000
KJ:/rc/crr: 0.000000000 0.707602114 0.292397886
KJ:/rc/r: 0.023676817 0.719149371 0.257173811
KJ:/rrc/c: 0.466787443 0.533212557 0.000000000
KJ:/rrc/crr: 0.000000000 0.999967144 0.000032856
KJ:/rrc/r: 0.039885918 0.881440540 0.078673542
KK:/cc/c: 0.994127188 0.005872812 0.000000000
KK:/cc/crr: 0.000000000 0.997054393 0.002945607
KK:/cc/r: 0.997754238 0.001758290 0.000487471
KK:/crc/c: 0.999999828 0.000000172 0.000000000
KK:/crc/crr: 0.000000000 0.999999946 0.000000054
KK:/crc/r: 0.740029511 0.259970463 0.000000025
KK:/crrc/c: 0.999999994 0.000000006 0.000000000
KK:/crrc/crr: 0.000000000 0.999999997 0.000000003
KK:/crrc/r: 0.999994045 0.000005950 0.000000004
KK:/rc/c: 0.999999975 0.000000025 0.000000000
KK:/rc/crr: 0.000000000 0.999999987 0.000000013
KK:/rc/r: 0.999999965 0.000000017 0.000000018
KK:/rrc/c: 0.999999921 0.000000079 0.000000000
KK:/rrc/crr: 0.000000000 0.999999975 0.000000025
KK:/rrc/r: 0.960307774 0.039692200 0.000000025
KQ:/cc/c: 0.004468440 0.995531560 0.000000000
KQ:/cc/crr: 0.000000000 0.745316305 0.254683695
KQ:/cc/r: 0.022936328 0.971779378 0.005284294
KQ:/crc/c: 0.336277411 0.663722589 0.000000000
KQ:/crc/crr: 0.000000000 0.049828486 0.950171514
KQ:/crc/r: 0.000000018 0.410408084 0.589591898
KQ:/crrc/c: 0.607670774 0.392329226 0.000000000
KQ:/crrc/crr: 0.000000000 0.381002089 0.618997911
KQ:/crrc/r: 0.000005816 0.749863373 0.250130811
KQ:/rc/c: 0.000027548 0.999972452 0.000000000
KQ:/rc/crr: 0.000000000 0.008083489 0.991916511
KQ:/rc/r: 0.000000172 0.290270903 0.709728925
KQ:/rrc/c: 0.502135173 0.497864827 0.000000000
KQ:/rrc/crr: 0.000000000 0.442560594 0.557439406
KQ:/rrc/r: 0.079290664 0.526675008 0.394034328
Q:/c: 0.843156831 0.156843169 0.000000000
Q:/crr: 0.000000000 0.999999966 0.000000034
Q:/r: 0.359443695 0.640556109 0.000000196
QJ:/cc/c: 0.000000477 0.999999523 0.000000000
QJ:/cc/crr: 0.000000000 0.089142276 0.910857724
QJ:/cc/r: 0.000000125 0.000000131 0.999999744
QJ:/crc/c: 0.518965707 0.481034293 0.000000000
QJ:/crc/crr: 0.000000000 0.001430804 0.998569196
QJ:/crc/r: 0.000000061 0.000000009 0.999999930
QJ:/crrc/c: 0.000000093 0.999999907 0.000000000
QJ:/crrc/crr: 0.000000000 0.198490008 0.801509992
QJ:/crrc/r: 0.016835867 0.000000000 0.983164133
QJ:/rc/c: 0.000000536 0.999999464 0.000000000
QJ:/rc/crr: 0.000000000 0.002417878 0.997582122
QJ:/rc/r: 0.017041151 0.000000010 0.982958838
QJ:/rrc/c: 0.000000327 0.999999673 0.000000000
QJ:/rrc/crr: 0.000000000 0.086857683 0.913142317
QJ:/rrc/r: 0.000000057 0.000000016 0.999999927
QK:/cc/c: 0.147694868 0.852305132 0.000000000
QK:/cc/crr: 0.000000000 0.999999958 0.000000042
QK:/cc/r: 0.000000167 0.716632663 0.283367170
QK:/crc/c: 0.252334139 0.747665861 0.000000000
QK:/crc/crr: 0.000000000 0.000014650 0.999985350
QK:/crc/r: 0.000000244 0.434520315 0.565479442
QK:/crrc/c: 0.161323285 0.838676715 0.000000000
QK:/crrc/crr: 0.000000000 0.000004300 0.999995700
QK:/crrc/r: 0.000000386 0.270245519 0.729754095
QK:/rc/c: 0.358966223 0.641033777 0.000000000
QK:/rc/crr: 0.000000000 0.000008746 0.999991254
QK:/rc/r: 0.000000020 0.290899427 0.709100553
QK:/rrc/c: 0.413258499 0.586741501 0.000000000
QK:/rrc/crr: 0.000000000 0.062949687 0.937050313
QK:/rrc/r: 0.000000053 0.500245805 0.499754143
QQ:/cc/c: 0.999999985 0.000000015 0.000000000
QQ:/cc/crr: 0.000000000 0.999999993 0.000000007
QQ:/cc/r: 0.999999722 0.000000137 0.000000141
QQ:/crc/c: 0.999999969 0.000000031 0.000000000
QQ:/crc/crr: 0.000000000 0.999999989 0.000000011
QQ:/crc/r: 0.999999962 0.000000023 0.000000014
QQ:/crrc/c: 0.999999994 0.000000006 0.000000000
QQ:/crrc/crr: 0.000000000 0.999999997 0.000000003
QQ:/crrc/r: 0.999999961 0.000000035 0.000000004
QQ:/rc/c: 0.999999988 0.000000012 0.000000000
QQ:/rc/crr: 0.000000000 0.999999997 0.000000003
QQ:/rc/r: 0.999999978 0.000000011 0.000000011
QQ:/rrc/c: 0.999999937 0.000000063 0.000000000
QQ:/rrc/crr: 0.000000000 0.999999968 0.000000032
QQ:/rrc/r: 0.999999792 0.000000165 0.000000042
