J:/c: 0.291420511 0.708579489 0.000000000
J:/crr: 0.000000000 0.999999996 0.000000004
J:/r: 0.042884265 0.101439342 0.855676393
JJ:/cc/c: 0.999999995 0.000000005 0.000000000
JJ:/cc/crr: 0.000000000 0.999999996 0.000000004
JJ:/cc/r: 0.999999984 0.000000010 0.000000005
JJ:/crc/c: 0.999999987 0.000000013 0.000000000
JJ:/crc/crr: 0.000000000 0.999999992 0.000000008
JJ:/crc/r: 0.628865970 0.371134019 0.000000011
JJ:/crrc/c: 0.999999994 0.000000006 0.000000000
JJ:/crrc/crr: 0.000000000 0.999999996 0.000000004
JJ:/crrc/r: 0.999999929 0.000000066 0.000000005
JJ:/rc/c: 0.999999979 0.000000021 0.000000000
JJ:/rc/crr: 0.000000000 0.999999987 0.000000013
JJ:/rc/r: 0.999999969 0.000000013 0.000000017
JJ:/rrc/c: 0.999999952 0.000000048 0.000000000
JJ:/rrc/crr: 0.000000000 0.999999970 0.000000030
JJ:/rrc/r: 0.999999590 0.000000370 0.000000040
JK:/cc/c: 0.007290738 0.992709262 0.000000000
JK:/cc/crr: 0.000000000 0.000000274 0.999999726
JK:/cc/r: 0.000000490 0.000000003 0.999999507
JK:/crc/c: 0.550445561 0.449554439 0.000000000
JK:/crc/crr: 0.000000000 0.000000061 0.999999939
JK:/crc/r: 0.010487903 0.000000085 0.989512012
JK:/crrc/c: 0.382079977 0.617920023 0.000000000
JK:/crrc/crr: 0.000000000 0.000000202 0.999999798
JK:/crrc/r: 0.168322716 0.000000056 0.831677228
JK:/rc/c: 0.379263891 0.620736109 0.000000000
JK:/rc/crr: 0.000000000 0.000000015 0.999999985
JK:/rc/r: 0.304653333 0.000000009 0.695346659
JK:/rrc/c: 0.999998950 0.000001050 0.000000000
JK:/rrc/crr: 0.000000000 0.000000083 0.999999917
JK:/rrc/r: 0.245766815 0.000000120 0.754233065
JQ:/cc/c: 0.069139799 0.930860201 0.000000000
JQ:/cc/crr: 0.000000000 0.000000000 1.000000000
JQ:/cc/r: 0.027056570 0.000000000 0.972943430
JQ:/crc/c: 0.384151796 0.615848204 0.000000000
JQ:/crc/crr: 0.000000000 0.000002494 0.999997506
JQ:/crc/r: 0.100554520 0.000000022 0.899445458
JQ:/crrc/c: 0.034887984 0.965112016 0.000000000
JQ:/crrc/crr: 0.000000000 0.000000540 0.999999460
JQ:/crrc/r: 0.119336475 0.000000010 0.880663515
JQ:/rc/c: 0.999977566 0.000022434 0.000000000
JQ:/rc/crr: 0.000000000 0.000000000 1.000000000
JQ:/rc/r: 0.000000024 0.000000025 0.999999951
JQ:/rrc/c: 0.000009914 0.999990086 0.000000000
JQ:/rrc/crr: 0.000000000 0.013409115 0.986590885
JQ:/rrc/r: 0.362338697 0.000000119 0.637661184
K:/c: 0.999997911 0.000002089 0.000000000
K:/crr: 0.000000000 0.999999999 0.000000001
K:/r: 0.574315361 0.425684637 0.000000001
KJ:/cc/c: 0.012242570 0.987757430 0.000000000
KJ:/cc/crr: 0.000000000 0.954709784 0.045290216
KJ:/cc/r: 0.007380423 0.004568682 0.988050895
KJ:/crc/c: 0.133181250 0.866818750 0.000000000
KJ:/crc/crr: 0.000000000 0.999999984 0.000000016
KJ:/crc/r: 0.000000140 0.682780428 0.317219432
KJ:/crrc/c: 0.314052890 0.685947110 0.000000000
KJ:/crrc/crr: 0.000000000 0.583690293 0.416309707
KJ:/crrc/r: 0.046149816 0.734053287 0.219796897
KJ:/rc/c: 0.395857520 0.604142480 0.000000000
KJ:/rc/crr: 0.000000000 0.662883343 0.337116657
KJ:/rc/r: 0.022796989 0.678559267 0.298643744
KJ:/rrc/c: 0.471825672 0.528174328 0.000000000
KJ:/rrc/crr: 0.000000000 0.999959563 0.000040437
KJ:/rrc/r: 0.039943418 0.865033994 0.095022588
KK:/cc/c: 0.994244120 0.005755880 0.000000000
KK:/cc/crr: 0.000000000 0.996377255 0.003622745
KK:/cc/r: 0.997689148 0.001722966 0.000587886
KK:/crc/c: 0.999999832 0.000000168 0.000000000
KK:/crc/crr: 0.000000000 0.999999934 0.000000066
KK:/crc/r: 0.743902404 0.256097565 0.000000030
KK:/crrc/c: 0.999999994 0.000000006 0.000000000
KK:/crrc/crr: 0.000000000 0.999999996 0.000000004
KK:/crrc/r: 0.999994164 0.000005831 0.000000005
KK:/rc/c: 0.999999975 0.000000025 0.000000000
KK:/rc/crr: 0.000000000 0.999999984 0.000000016
KK:/rc/r: 0.999999962 0.000000017 0.000000021
KK:/rrc/c: 0.999999923 0.000000077 0.000000000
KK:/rrc/crr: 0.000000000 0.999999969 0.000000031
KK:/rrc/r: 0.961071705 0.038928264 0.000000031
KQ:/cc/c: 0.004559337 0.995440663 0.000000000
KQ:/cc/crr: 0.000000000 0.703952272 0.296047728
KQ:/cc/r: 0.023365601 0.970141890 0.006492508
KQ:/crc/c: 0.340807341 0.659192659 0.000000000
KQ:/crc/crr: 0.000000000 0.040869145 0.959130855
KQ:/crc/r: 0.000000017 0.361265646 0.638734337
KQ:/crrc/c: 0.612482940 0.387517060 0.000000000
KQ:/crrc/crr: 0.000000000 0.333389708 0.666610292
KQ:/crrc/r: 0.000005611 0.708950273 0.291044116
KQ:/rc/c: 0.000028111 0.999971889 0.000000000
KQ:/rc/crr: 0.000000000 0.006578085 0.993421915
KQ:/rc/r: 0.000000151 0.249428029 0.750571820
KQ:/rrc/c: 0.507192020 0.492807980 0.000000000
KQ:/rrc/crr: 0.000000000 0.392128747 0.607871253
KQ:/rrc/r: 0.074058337 0.482068918 0.443872745
Q:/c: 0.845813492 0.154186508 0.000000000
Q:/crr: 0.000000000 0.999999959 0.000000041
Q:/r: 0.364114478 0.635885283 0.000000240
QJ:/cc/c: 0.000000487 0.999999513 0.000000000
QJ:/cc/crr: 0.000000000 0.073662181 0.926337819
QJ:/cc/r: 0.000000103 0.000000107 0.999999790
QJ:/crc/c: 0.524013651 0.475986349 0.000000000
QJ:/crc/crr: 0.000000000 0.001162890 0.998837110
QJ:/crc/r: 0.000000051 0.000000007 0.999999942
QJ:/crrc/c: 0.000000095 0.999999905 0.000000000
QJ:/crrc/crr: 0.000000000 0.167513209 0.832486791
QJ:/crrc/r: 0.013999550 0.000000000 0.986000450
QJ:/rc/c: 0.000000547 0.999999453 0.000000000
QJ:/rc/crr: 0.000000000 0.001965501 0.998034499
QJ:/rc/r: 0.014170748 0.000000009 0.985829243
QJ:/rrc/c: 0.000000334 0.999999666 0.000000000
QJ:/rrc/crr: 0.000000000 0.071743073 0.928256927
QJ:/rrc/r: 0.000000047 0.000000013 0.999999940
QK:/cc/c: 0.150259547 0.849740453 0.000000000
QK:/cc/crr: 0.000000000 0.999999948 0.000000052
QK:/cc/r: 0.000000160 0.672656111 0.327343729
QK:/crc/c: 0.256169721 0.743830279 0.000000000
QK:/crc/crr: 0.000000000 0.000011904 0.999988096
QK:/crc/r: 0.000000220 0.384372944 0.615626837
QK:/crrc/c: 0.164079060 0.835920940 0.000000000
QK:/crrc/crr: 0.000000000 0.000003494 0.999996506
QK:/crrc/r: 0.000000337 0.231302055 0.768697607
QK:/rc/c: 0.363634340 0.636365660 0.000000000
QK:/rc/crr: 0.000000000 0.000007106 0.999992894
QK:/rc/r: 0.000000018 0.249999261 0.750000721
QK:/rrc/c: 0.418172076 0.581827924 0.000000000
QK:/rrc/crr: 0.000000000 0.051759623 0.948240377
QK:/rrc/r: 0.000000048 0.448529665 0.551470287
QQ:/cc/c: 0.999999986 0.000000014 0.000000000
QQ:/cc/crr: 0.000000000 0.999999991 0.000000009
QQ:/cc/r: 0.999999696 0.000000134 0.000000170
QQ:/crc/c: 0.999999970 0.000000030 0.000000000
QQ:/crc/crr: 0.000000000 0.999999987 0.000000013
QQ:/crc/r: 0.999999960 0.000000023 0.000000017
QQ:/crrc/c: 0.999999994 0.000000006 0.000000000
QQ:/crrc/crr: 0.000000000 0.999999996 0.000000004
QQ:/crrc/r: 0.999999961 0.000000034 0.000000005
QQ:/rc/c: 0.999999989 0.000000011 0.000000000
QQ:/rc/crr: 0.000000000 0.999999996 0.000000004
QQ:/rc/r: 0.999999976 0.000000010 0.000000013
QQ:/rrc/c: 0.999999938 0.000000062 0.000000000
QQ:/rrc/crr: 0.000000000 0.999999961 0.000000039
QQ:/rrc/r: 0.999999787 0.000000162 0.000000051
