J:/c: 0.236538633 0.763461367 0.000000000
J:/crr: 0.000000000 0.999999997 0.000000003
J:/r: 0.042498177 0.133442840 0.824058983
JJ:/cc/c: 0.999999993 0.000000007 0.000000000
JJ:/cc/crr: 0.000000000 0.999999997 0.000000003
JJ:/cc/r: 0.999999981 0.000000014 0.000000005
JJ:/crc/c: 0.999999982 0.000000018 0.000000000
JJ:/crc/crr: 0.000000000 0.999999994 0.000000006
JJ:/crc/r: 0.560723507 0.439276484 0.000000009
JJ:/crrc/c: 0.999999992 0.000000008 0.000000000
JJ:/crrc/crr: 0.000000000 0.999999997 0.000000003
JJ:/crrc/r: 0.999999907 0.000000088 0.000000005
JJ:/rc/c: 0.999999973 0.000000027 0.000000000
JJ:/rc/crr: 0.000000000 0.999999991 0.000000009
JJ:/rc/r: 0.999999965 0.000000018 0.000000017
JJ:/rrc/c: 0.999999937 0.000000063 0.000000000
JJ:/rrc/crr: 0.000000000 0.999999978 0.000000022
JJ:/rrc/r: 0.999999470 0.000000491 0.000000039
JK:/cc/c: 0.005502204 0.994497796 0.000000000
JK:/cc/crr: 0.000000000 0.000000375 0.999999625
JK:/cc/r: 0.000000504 0.000000004 0.999999491
JK:/crc/c: 0.479814751 0.520185249 0.000000000
JK:/crc/crr: 0.000000000 0.000000083 0.999999917
JK:/crc/r: 0.010788973 0.000000115 0.989210912
JK:/crrc/c: 0.317781685 0.682218315 0.000000000
JK:/crrc/crr: 0.000000000 0.000000276 0.999999724
JK:/crrc/r: 0.172365404 0.000000075 0.827634521
JK:/rc/c: 0.315197768 0.684802232 0.000000000
JK:/rc/crr: 0.000000000 0.000000020 0.999999980
JK:/rc/r: 0.310746930 0.000000012 0.689253059
JK:/rrc/c: 0.999998606 0.000001394 0.000000000
JK:/rrc/crr: 0.000000000 0.000000113 0.999999887
JK:/rrc/r: 0.251107915 0.000000162 0.748891922
JQ:/cc/c: 0.052988587 0.947011413 0.000000000
JQ:/cc/crr: 0.000000000 0.000000000 1.000000000
JQ:/cc/r: 0.027819893 0.000000000 0.972180107
JQ:/crc/c: 0.319685227 0.680314773 0.000000000
JQ:/crc/crr: 0.000000000 0.000003406 0.999996594
JQ:/crc/r: 0.103171497 0.000000030 0.896828472
JQ:/crrc/c: 0.026510202 0.973489798 0.000000000
JQ:/crrc/crr: 0.000000000 0.000000738 0.999999262
JQ:/crrc/r: 0.122375756 0.000000014 0.877624230
JQ:/rc/c: 0.999970220 0.000029780 0.000000000
JQ:/rc/crr: 0.000000000 0.000000000 1.000000000
JQ:/rc/r: 0.000000025 0.000000034 0.999999942
JQ:/rrc/c: 0.000007468 0.999992532 0.000000000
JQ:/rrc/crr: 0.000000000 0.018226960 0.981773040
JQ:/rrc/r: 0.368973839 0.000000161 0.631026001
K:/c: 0.999997227 0.000002773 0.000000000
K:/crr: 0.000000000 0.999999999 0.000000001
K:/r: 0.504055876 0.495944123 0.000000001
KJ:/cc/c: 0.009250594 0.990749406 0.000000000
KJ:/cc/crr: 0.000000000 0.966436575 0.033563425
KJ:/cc/r: 0.007580301 0.006228918 0.986190781
KJ:/crc/c: 0.103737011 0.896262989 0.000000000
KJ:/crc/crr: 0.000000000 0.999999989 0.000000011
KJ:/crc/r: 0.000000115 0.746198937 0.253800948
KJ:/crrc/c: 0.256451368 0.743548632 0.000000000
KJ:/crrc/crr: 0.000000000 0.656966162 0.343033838
KJ:/crrc/r: 0.037393598 0.789535020 0.173071382
KJ:/rc/c: 0.330480702 0.669519298 0.000000000
KJ:/rc/crr: 0.000000000 0.728699101 0.271300899
KJ:/rc/r: 0.018781987 0.742110132 0.239107881
KJ:/rrc/c: 0.402256250 0.597743750 0.000000000
KJ:/rrc/crr: 0.000000000 0.999970397 0.000029603
KJ:/rrc/r: 0.031191874 0.896697458 0.072110667
KK:/cc/c: 0.992373760 0.007626240 0.000000000
KK:/cc/crr: 0.000000000 0.997345276 0.002654724
KK:/cc/r: 0.997143114 0.002285891 0.000570994
KK:/crc/c: 0.999999777 0.000000223 0.000000000
KK:/crc/crr: 0.000000000 0.999999952 0.000000048
KK:/crc/r: 0.686346831 0.313653141 0.000000027
KK:/crrc/c: 0.999999992 0.000000008 0.000000000
KK:/crrc/crr: 0.000000000 0.999999997 0.000000003
KK:/crrc/r: 0.999992254 0.000007740 0.000000005
KK:/rc/c: 0.999999967 0.000000033 0.000000000
KK:/rc/crr: 0.000000000 0.999999989 0.000000011
KK:/rc/r: 0.999999957 0.000000022 0.000000021
KK:/rrc/c: 0.999999897 0.000000103 0.000000000
KK:/rrc/crr: 0.000000000 0.999999977 0.000000023
KK:/rrc/r: 0.948975248 0.051024723 0.000000029
KQ:/cc/c: 0.003438539 0.996561461 0.000000000
KQ:/cc/crr: 0.000000000 0.764597410 0.235402590
KQ:/cc/r: 0.017735004 0.977476013 0.004788983
KQ:/crc/c: 0.280303931 0.719696069 0.000000000
KQ:/crc/crr: 0.000000000 0.055003221 0.944996779
KQ:/crc/r: 0.000000015 0.435852285 0.564147700
KQ:/crrc/c: 0.543515928 0.456484072 0.000000000
KQ:/crrc/crr: 0.000000000 0.405878223 0.594121777
KQ:/crrc/r: 0.000004584 0.768907579 0.231087837
KQ:/rc/c: 0.000021177 0.999978823 0.000000000
KQ:/rc/crr: 0.000000000 0.008963865 0.991036135
KQ:/rc/r: 0.000000142 0.312211020 0.687788838
KQ:/rrc/c: 0.436719664 0.563280336 0.000000000
KQ:/rrc/crr: 0.000000000 0.468414487 0.531585513
KQ:/rrc/r: 0.064660945 0.558719393 0.376619662
Q:/c: 0.805162761 0.194837239 0.000000000
Q:/crr: 0.000000000 0.999999970 0.000000030
Q:/r: 0.301365029 0.698634779 0.000000193
QJ:/cc/c: 0.000000367 0.999999633 0.000000000
QJ:/cc/crr: 0.000000000 0.097978781 0.902021219
QJ:/cc/r: 0.000000106 0.000000146 0.999999748
QJ:/crc/c: 0.453354174 0.546645826 0.000000000
QJ:/crc/crr: 0.000000000 0.001587793 0.998412207
QJ:/crc/r: 0.000000052 0.000000010 0.999999938
QJ:/crrc/c: 0.000000071 0.999999929 0.000000000
QJ:/crrc/crr: 0.000000000 0.215600250 0.784399750
QJ:/crrc/r: 0.014399959 0.000000000 0.985600041
QJ:/rc/c: 0.000000412 0.999999588 0.000000000
QJ:/rc/crr: 0.000000000 0.002682879 0.997317121
QJ:/rc/r: 0.014575981 0.000000012 0.985424007
QJ:/rrc/c: 0.000000252 0.999999748 0.000000000
QJ:/rrc/crr: 0.000000000 0.095491463 0.904508537
QJ:/rrc/r: 0.000000049 0.000000018 0.999999934
QK:/cc/c: 0.117551609 0.882448391 0.000000000
QK:/cc/crr: 0.000000000 0.999999962 0.000000038
QK:/cc/r: 0.000000132 0.737319976 0.262679892
QK:/crc/c: 0.205996499 0.794003501 0.000000000
QK:/crc/crr: 0.000000000 0.000016260 0.999983740
QK:/crc/r: 0.000000198 0.460292366 0.539707436
QK:/crrc/c: 0.128818975 0.871181025 0.000000000
QK:/crrc/crr: 0.000000000 0.000004773 0.999995227
QK:/crrc/r: 0.000000320 0.291293259 0.708706421
QK:/rc/c: 0.300928456 0.699071544 0.000000000
QK:/rc/crr: 0.000000000 0.000009707 0.999990293
QK:/rc/r: 0.000000017 0.312866102 0.687133881
QK:/rrc/c: 0.351252615 0.648747385 0.000000000
QK:/rrc/crr: 0.000000000 0.069387561 0.930612439
QK:/rrc/r: 0.000000043 0.526288022 0.473711936
QQ:/cc/c: 0.999999981 0.000000019 0.000000000
QQ:/cc/crr: 0.000000000 0.999999993 0.000000007
QQ:/cc/r: 0.999999657 0.000000178 0.000000165
QQ:/crc/c: 0.999999960 0.000000040 0.000000000
QQ:/crc/crr: 0.000000000 0.999999991 0.000000009
QQ:/crc/r: 0.999999953 0.000000030 0.000000017
QQ:/crrc/c: 0.999999992 0.000000008 0.000000000
QQ:/crrc/crr: 0.000000000 0.999999997 0.000000003
QQ:/crrc/r: 0.999999950 0.000000045 0.000000005
QQ:/rc/c: 0.999999985 0.000000015 0.000000000
QQ:/rc/crr: 0.000000000 0.999999997 0.000000003
QQ:/rc/r: 0.999999973 0.000000014 0.000000013
QQ:/rrc/c: 0.999999918 0.000000082 0.000000000
QQ:/rrc/crr: 0.000000000 0.999999972 0.000000028
QQ:/rrc/r: 0.999999735 0.000000215 0.000000049
