J:/c: 0.233546172 0.766453828 0.000000000
J:/crr: 0.000000000 0.999999997 0.000000003
J:/r: 0.038068838 0.121541014 0.840390148
JJ:/cc/c: 0.999999993 0.000000007 0.000000000
JJ:/cc/crr: 0.000000000 0.999999997 0.000000003
JJ:/cc/r: 0.999999980 0.000000014 0.000000006
JJ:/crc/c: 0.999999982 0.000000018 0.000000000
JJ:/crc/crr: 0.000000000 0.999999994 0.000000006
JJ:/crc/r: 0.556619903 0.443380087 0.000000010
JJ:/crrc/c: 0.999999992 0.000000008 0.000000000
JJ:/crrc/crr: 0.000000000 0.999999997 0.000000003
JJ:/crrc/r: 0.999999905 0.000000089 0.000000006
JJ:/rc/c: 0.999999972 0.000000028 0.000000000
JJ:/rc/crr: 0.000000000 0.999999989 0.000000011
JJ:/rc/r: 0.999999963 0.000000018 0.000000019
JJ:/rrc/c: 0.999999936 0.000000064 0.000000000
JJ:/rrc/crr: 0.000000000 0.999999976 0.000000024
JJ:/rrc/r: 0.999999457 0.000000499 0.000000044
JK:/cc/c: 0.005411877 0.994588123 0.000000000
JK:/cc/crr: 0.000000000 0.000000335 0.999999665
JK:/cc/r: 0.000000443 0.000000004 0.999999553
JK:/crc/c: 0.475662101 0.524337899 0.000000000
JK:/crc/crr: 0.000000000 0.000000074 0.999999926
JK:/crc/r: 0.009489144 0.000000103 0.990510752
JK:/crrc/c: 0.314184385 0.685815615 0.000000000
JK:/crrc/crr: 0.000000000 0.000000246 0.999999754
JK:/crrc/r: 0.154642404 0.000000069 0.845357528
JK:/rc/c: 0.311616357 0.688383643 0.000000000
JK:/rc/crr: 0.000000000 0.000000018 0.999999982
JK:/rc/r: 0.283672120 0.000000011 0.716327869
JK:/rrc/c: 0.999998582 0.000001418 0.000000000
JK:/rrc/crr: 0.000000000 0.000000101 0.999999899
JK:/rrc/r: 0.227514132 0.000000150 0.772485718
JQ:/cc/c: 0.052159580 0.947840420 0.000000000
JQ:/cc/crr: 0.000000000 0.000000000 1.000000000
JQ:/cc/r: 0.024519080 0.000000000 0.975480920
JQ:/crc/c: 0.316076363 0.683923637 0.000000000
JQ:/crc/crr: 0.000000000 0.000003042 0.999996958
JQ:/crc/r: 0.091774243 0.000000028 0.908225730
JQ:/crrc/c: 0.026084040 0.973915960 0.000000000
JQ:/crrc/crr: 0.000000000 0.000000659 0.999999341
JQ:/crrc/r: 0.109115141 0.000000013 0.890884846
JQ:/rc/c: 0.999969720 0.000030280 0.000000000
JQ:/rc/crr: 0.000000000 0.000000000 1.000000000
JQ:/rc/r: 0.000000022 0.000000030 0.999999948
JQ:/rrc/c: 0.000007345 0.999992655 0.000000000
JQ:/rrc/crr: 0.000000000 0.016310456 0.983689544
JQ:/rrc/r: 0.339323400 0.000000150 0.660676450
K:/c: 0.999997509 0.000002491 0.000000000
K:/crr: 0.000000000 0.999999999 0.000000001
K:/r: 0.530821792 0.469178206 0.000000001
KJ:/cc/c: 0.010286796 0.989713204 0.000000000
KJ:/cc/crr: 0.000000000 0.955669802 0.044330198
KJ:/cc/r: 0.006335524 0.004676745 0.988987732
KJ:/crc/c: 0.114137781 0.885862219 0.000000000
KJ:/crc/crr: 0.000000000 0.999999985 0.000000015
KJ:/crc/r: 0.000000118 0.687618537 0.312381344
KJ:/crrc/c: 0.277424057 0.722575943 0.000000000
KJ:/crrc/crr: 0.000000000 0.589130241 0.410869759
KJ:/crrc/r: 0.039183576 0.743212870 0.217603554
KJ:/rc/c: 0.354620138 0.645379862 0.000000000
KJ:/rc/crr: 0.000000000 0.667877289 0.332122711
KJ:/rc/r: 0.019316303 0.685623739 0.295059958
KJ:/rrc/c: 0.428284695 0.571715305 0.000000000
KJ:/rrc/crr: 0.000000000 0.999960460 0.000039540
KJ:/rrc/r: 0.033785088 0.872498206 0.093716706
KK:/cc/c: 0.993143817 0.006856183 0.000000000
KK:/cc/crr: 0.000000000 0.996457324 0.003542676
KK:/cc/r: 0.997261077 0.002053723 0.000685200
KK:/crc/c: 0.999999799 0.000000201 0.000000000
KK:/crc/crr: 0.000000000 0.999999935 0.000000065
KK:/crc/r: 0.708955187 0.291044779 0.000000034
KK:/crrc/c: 0.999999993 0.000000007 0.000000000
KK:/crrc/crr: 0.000000000 0.999999996 0.000000004
KK:/crrc/r: 0.999993040 0.000006953 0.000000006
KK:/rc/c: 0.999999970 0.000000030 0.000000000
KK:/rc/crr: 0.000000000 0.999999985 0.000000015
KK:/rc/r: 0.999999955 0.000000020 0.000000025
KK:/rrc/c: 0.999999908 0.000000092 0.000000000
KK:/rrc/crr: 0.000000000 0.999999970 0.000000030
KK:/rrc/r: 0.953923987 0.046075977 0.000000036
KQ:/cc/c: 0.003826220 0.996173780 0.000000000
KQ:/cc/crr: 0.000000000 0.708605271 0.291394729
KQ:/cc/r: 0.019671127 0.973955415 0.006373458
KQ:/crc/c: 0.302433868 0.697566132 0.000000000
KQ:/crc/crr: 0.000000000 0.041757485 0.958242515
KQ:/crc/r: 0.000000014 0.366457359 0.633542627
KQ:/crrc/c: 0.569969088 0.430030912 0.000000000
KQ:/crrc/crr: 0.000000000 0.338393052 0.661606948
KQ:/crrc/r: 0.000004736 0.713557244 0.286438020
KQ:/rc/c: 0.000023574 0.999976426 0.000000000
KQ:/rc/crr: 0.000000000 0.006726294 0.993273706
KQ:/rc/r: 0.000000129 0.253650785 0.746349086
KQ:/rrc/c: 0.463249864 0.536750136 0.000000000
KQ:/rrc/crr: 0.000000000 0.397487979 0.602512021
KQ:/rrc/r: 0.063488400 0.492811796 0.443699804
Q:/c: 0.821434942 0.178565058 0.000000000
Q:/crr: 0.000000000 0.999999960 0.000000040
Q:/r: 0.324408209 0.675591542 0.000000249
QJ:/cc/c: 0.000000408 0.999999592 0.000000000
QJ:/cc/crr: 0.000000000 0.075207424 0.924792576
QJ:/cc/r: 0.000000089 0.000000109 0.999999802
QJ:/crc/c: 0.480033718 0.519966282 0.000000000
QJ:/crc/crr: 0.000000000 0.001189237 0.998810763
QJ:/crc/r: 0.000000044 0.000000007 0.999999949
QJ:/crrc/c: 0.000000080 0.999999920 0.000000000
QJ:/crrc/crr: 0.000000000 0.170664493 0.829335507
QJ:/crrc/r: 0.012030130 0.000000000 0.987969870
QJ:/rc/c: 0.000000459 0.999999541 0.000000000
QJ:/rc/crr: 0.000000000 0.002009995 0.997990005
QJ:/rc/r: 0.012177542 0.000000009 0.987822449
QJ:/rrc/c: 0.000000280 0.999999720 0.000000000
QJ:/rrc/crr: 0.000000000 0.073251242 0.926748758
QJ:/rrc/r: 0.000000040 0.000000013 0.999999946
QK:/cc/c: 0.129137877 0.870862123 0.000000000
QK:/cc/crr: 0.000000000 0.999999949 0.000000051
QK:/cc/r: 0.000000135 0.677575717 0.322424148
QK:/crc/c: 0.224086506 0.775913494 0.000000000
QK:/crc/crr: 0.000000000 0.000012174 0.999987826
QK:/crc/r: 0.000000187 0.389694142 0.610305671
QK:/crrc/c: 0.141337920 0.858662080 0.000000000
QK:/crrc/crr: 0.000000000 0.000003573 0.999996427
QK:/crrc/r: 0.000000288 0.235314157 0.764685556
QK:/rc/c: 0.323953754 0.676046246 0.000000000
QK:/rc/crr: 0.000000000 0.000007267 0.999992733
QK:/rc/r: 0.000000015 0.254228407 0.745771577
QK:/rrc/c: 0.376057089 0.623942911 0.000000000
QK:/rrc/crr: 0.000000000 0.052871632 0.947128368
QK:/rrc/r: 0.000000041 0.454083915 0.545916044
QQ:/cc/c: 0.999999983 0.000000017 0.000000000
QQ:/cc/crr: 0.000000000 0.999999991 0.000000009
QQ:/cc/r: 0.999999642 0.000000160 0.000000198
QQ:/crc/c: 0.999999964 0.000000036 0.000000000
QQ:/crc/crr: 0.000000000 0.999999987 0.000000013
QQ:/crc/r: 0.999999953 0.000000027 0.000000020
QQ:/crrc/c: 0.999999993 0.000000007 0.000000000
QQ:/crrc/crr: 0.000000000 0.999999996 0.000000004
QQ:/crrc/r: 0.999999953 0.000000041 0.000000006
QQ:/rc/c: 0.999999986 0.000000014 0.000000000
QQ:/rc/crr: 0.000000000 0.999999996 0.000000004
QQ:/rc/r: 0.999999972 0.000000012 0.000000016
QQ:/rrc/c: 0.999999926 0.000000074 0.000000000
QQ:/rrc/crr: 0.000000000 0.999999962 0.000000038
QQ:/rrc/r: 0.999999747 0.000000193 0.000000059
