J:/c: 0.327267865 0.672732135 0.000000000
J:/crr: 0.000000000 0.999999997 0.000000003
J:/r: 0.056819220 0.113625045 0.829555735
JJ:/cc/c: 0.999999996 0.000000004 0.000000000
JJ:/cc/crr: 0.000000000 0.999999997 0.000000003
JJ:/cc/r: 0.999999987 0.000000009 0.000000004
JJ:/crc/c: 0.999999989 0.000000011 0.000000000
JJ:/crc/crr: 0.000000000 0.999999993 0.000000007
JJ:/crc/r: 0.667140817 0.332859174 0.000000008
JJ:/crrc/c: 0.999999995 0.000000005 0.000000000
JJ:/crrc/crr: 0.000000000 0.999999997 0.000000003
JJ:/crrc/r: 0.999999940 0.000000056 0.000000004
JJ:/rc/c: 0.999999983 0.000000017 0.000000000
JJ:/rc/crr: 0.000000000 0.999999989 0.000000011
JJ:/rc/r: 0.999999976 0.000000011 0.000000013
JJ:/rrc/c: 0.999999960 0.000000040 0.000000000
JJ:/rrc/crr: 0.000000000 0.999999974 0.000000026
JJ:/rrc/r: 0.999999658 0.000000313 0.000000029
JK:/cc/c: 0.008612368 0.991387632 0.000000000
JK:/cc/crr: 0.000000000 0.000000317 0.999999683
JK:/cc/r: 0.000000670 0.000000004 0.999999326
JK:/crc/c: 0.591555105 0.408444895 0.000000000
JK:/crc/crr: 0.000000000 0.000000071 0.999999929
JK:/crc/r: 0.014278516 0.000000097 0.985721387
JK:/crrc/c: 0.422430862 0.577569138 0.000000000
JK:/crrc/crr: 0.000000000 0.000000233 0.999999767
JK:/crrc/r: 0.216668101 0.000000060 0.783331839
JK:/rc/c: 0.419519287 0.580480713 0.000000000
JK:/rc/crr: 0.000000000 0.000000017 0.999999983
JK:/rc/r: 0.374522289 0.000000009 0.625477702
JK:/rrc/c: 0.999999112 0.000000888 0.000000000
JK:/rrc/crr: 0.000000000 0.000000096 0.999999904
JK:/rrc/r: 0.308114972 0.000000127 0.691884901
JQ:/cc/c: 0.080761009 0.919238991 0.000000000
JQ:/cc/crr: 0.000000000 0.000000000 1.000000000
JQ:/cc/r: 0.036613965 0.000000000 0.963386035
JQ:/crc/c: 0.424571145 0.575428855 0.000000000
JQ:/crc/crr: 0.000000000 0.000002881 0.999997119
JQ:/crc/r: 0.132537490 0.000000025 0.867462485
JQ:/crrc/c: 0.041005664 0.958994336 0.000000000
JQ:/crrc/crr: 0.000000000 0.000000624 0.999999376
JQ:/crrc/r: 0.156255534 0.000000012 0.843744454
JQ:/rc/c: 0.999981034 0.000018966 0.000000000
JQ:/rc/crr: 0.000000000 0.000000000 1.000000000
JQ:/rc/r: 0.000000033 0.000000029 0.999999939
JQ:/rrc/c: 0.000011727 0.999988273 0.000000000
JQ:/rrc/crr: 0.000000000 0.015460649 0.984539351
JQ:/rrc/r: 0.437120601 0.000000121 0.562879278
K:/c: 0.999998234 0.000001766 0.000000000
K:/crr: 0.000000000 0.999999999 0.000000001
K:/r: 0.614769749 0.385230250 0.000000001
KJ:/cc/c: 0.014448779 0.985551221 0.000000000
KJ:/cc/crr: 0.000000000 0.960560961 0.039439039
KJ:/cc/r: 0.010052208 0.005260675 0.984687117
KJ:/crc/c: 0.153788351 0.846211649 0.000000000
KJ:/crc/crr: 0.000000000 0.999999987 0.000000013
KJ:/crc/r: 0.000000173 0.713209635 0.286790192
KJ:/crrc/c: 0.351303968 0.648696032 0.000000000
KJ:/crrc/crr: 0.000000000 0.618311125 0.381688875
KJ:/crrc/r: 0.055766293 0.749893759 0.194339948
KJ:/rc/c: 0.436635280 0.563364720 0.000000000
KJ:/rc/crr: 0.000000000 0.694366850 0.305633150
KJ:/rc/r: 0.027972377 0.703898472 0.268129150
KJ:/rrc/c: 0.513773992 0.486226008 0.000000000
KJ:/rrc/crr: 0.000000000 0.999965002 0.000034998
KJ:/rrc/r: 0.047507250 0.869797562 0.082695188
KK:/cc/c: 0.995129555 0.004870445 0.000000000
KK:/cc/crr: 0.000000000 0.996862976 0.003137024
KK:/cc/r: 0.998112415 0.001457241 0.000430344
KK:/crc/c: 0.999999858 0.000000142 0.000000000
KK:/crc/crr: 0.000000000 0.999999943 0.000000057
KK:/crc/r: 0.774566445 0.225433532 0.000000023
KK:/crrc/c: 0.999999995 0.000000005 0.000000000
KK:/crrc/crr: 0.000000000 0.999999997 0.000000003
KK:/crrc/r: 0.999995066 0.000004930 0.000000004
KK:/rc/c: 0.999999979 0.000000021 0.000000000
KK:/rc/crr: 0.000000000 0.999999987 0.000000013
KK:/rc/r: 0.999999970 0.000000014 0.000000016
KK:/rrc/c: 0.999999935 0.000000065 0.000000000
KK:/rrc/crr: 0.000000000 0.999999973 0.000000027
KK:/rrc/r: 0.966890164 0.033109814 0.000000023
KQ:/cc/c: 0.005388520 0.994611480 0.000000000
KQ:/cc/crr: 0.000000000 0.733144358 0.266855642
KQ:/cc/r: 0.027544372 0.966855381 0.005600247
KQ:/crc/c: 0.379476271 0.620523729 0.000000000
KQ:/crc/crr: 0.000000000 0.046922128 0.953077872
KQ:/crc/r: 0.000000021 0.395218084 0.604781895
KQ:/crrc/c: 0.651511074 0.348488926 0.000000000
KQ:/crrc/crr: 0.000000000 0.366224420 0.633775580
KQ:/crrc/r: 0.000006907 0.737831700 0.262161392
KQ:/rc/c: 0.000033251 0.999966749 0.000000000
KQ:/rc/crr: 0.000000000 0.007592545 0.992407455
KQ:/rc/r: 0.000000199 0.277435082 0.722564719
KQ:/rrc/c: 0.549016264 0.450983736 0.000000000
KQ:/rrc/crr: 0.000000000 0.427042507 0.572957493
KQ:/rrc/r: 0.091839021 0.505397125 0.402763855
Q:/c: 0.866465526 0.133534474 0.000000000
Q:/crr: 0.000000000 0.999999964 0.000000036
Q:/r: 0.403807950 0.596191856 0.000000194
QJ:/cc/c: 0.000000576 0.999999424 0.000000000
QJ:/cc/crr: 0.000000000 0.084145924 0.915854076
QJ:/cc/r: 0.000000141 0.000000123 0.999999736
QJ:/crc/c: 0.565632909 0.434367091 0.000000000
QJ:/crc/crr: 0.000000000 0.001343358 0.998656642
QJ:/crc/r: 0.000000070 0.000000008 0.999999922
QJ:/crrc/c: 0.000000112 0.999999888 0.000000000
QJ:/crrc/crr: 0.000000000 0.188634058 0.811365942
QJ:/crrc/r: 0.019034951 0.000000000 0.980965049
QJ:/rc/c: 0.000000647 0.999999353 0.000000000
QJ:/rc/crr: 0.000000000 0.002270242 0.997729758
QJ:/rc/r: 0.019266523 0.000000010 0.980733467
QJ:/rrc/c: 0.000000395 0.999999605 0.000000000
QJ:/rrc/crr: 0.000000000 0.081977856 0.918022144
QJ:/rrc/r: 0.000000064 0.000000015 0.999999920
QK:/cc/c: 0.172981829 0.827018171 0.000000000
QK:/cc/crr: 0.000000000 0.999999955 0.000000045
QK:/cc/r: 0.000000197 0.703634943 0.296364859
QK:/crc/c: 0.289452218 0.710547782 0.000000000
QK:/crc/crr: 0.000000000 0.000013753 0.999986247
QK:/crc/r: 0.000000284 0.419072193 0.580927523
QK:/crrc/c: 0.188427726 0.811572274 0.000000000
QK:/crrc/crr: 0.000000000 0.000004037 0.999995963
QK:/crrc/r: 0.000000445 0.257973345 0.742026210
QK:/rc/c: 0.403308656 0.596691344 0.000000000
QK:/rc/crr: 0.000000000 0.000008211 0.999991789
QK:/rc/r: 0.000000023 0.278046707 0.721953269
QK:/rrc/c: 0.459500172 0.540499828 0.000000000
QK:/rrc/crr: 0.000000000 0.059325790 0.940674210
QK:/rrc/r: 0.000000062 0.484462915 0.515537023
QQ:/cc/c: 0.999999988 0.000000012 0.000000000
QQ:/cc/crr: 0.000000000 0.999999992 0.000000008
QQ:/cc/r: 0.999999762 0.000000114 0.000000124
QQ:/crc/c: 0.999999975 0.000000025 0.000000000
QQ:/crc/crr: 0.000000000 0.999999989 0.000000011
QQ:/crc/r: 0.999999968 0.000000019 0.000000013
QQ:/crrc/c: 0.999999995 0.000000005 0.000000000
QQ:/crrc/crr: 0.000000000 0.999999997 0.000000003
QQ:/crrc/r: 0.999999967 0.000000029 0.000000004
QQ:/rc/c: 0.999999990 0.000000010 0.000000000
QQ:/rc/crr: 0.000000000 0.999999997 0.000000003
QQ:/rc/r: 0.999999981 0.000000009 0.000000010
QQ:/rrc/c: 0.999999948 0.000000052 0.000000000
QQ:/rrc/crr: 0.000000000 0.999999966 0.000000034
QQ:/rrc/r: 0.999999826 0.000000137 0.000000037
