J:/c: 0.377644273 0.622355727 0.000000000
J:/crr: 0.000000000 0.999999996 0.000000004
J:/r: 0.061510400 0.098615306 0.839874294
JJ:/cc/c: 0.999999997 0.000000004 0.000000000
JJ:/cc/crr: 0.000000000 0.999999996 0.000000004
JJ:/cc/r: 0.999999989 0.000000007 0.000000004
JJ:/crc/c: 0.999999991 0.000000009 0.000000000
JJ:/crc/crr: 0.000000000 0.999999992 0.000000008
JJ:/crc/r: 0.714285706 0.285714285 0.000000008
JJ:/crrc/c: 0.999999996 0.000000004 0.000000000
JJ:/crrc/crr: 0.000000000 0.999999996 0.000000004
JJ:/crrc/r: 0.999999952 0.000000045 0.000000004
JJ:/rc/c: 0.999999986 0.000000014 0.000000000
JJ:/rc/crr: 0.000000000 0.999999987 0.000000013
JJ:/rc/r: 0.999999979 0.000000009 0.000000012
JJ:/rrc/c: 0.999999968 0.000000032 0.000000000
JJ:/rrc/crr: 0.000000000 0.999999970 0.000000030
JJ:/rrc/r: 0.999999722 0.000000251 0.000000027
JK:/cc/c: 0.010719671 0.989280329 0.000000000
JK:/cc/crr: 0.000000000 0.000000272 0.999999728
JK:/cc/r: 0.000000716 0.000000003 0.999999281
JK:/crc/c: 0.643687891 0.356312109 0.000000000
JK:/crc/crr: 0.000000000 0.000000060 0.999999940
JK:/crc/r: 0.015252405 0.000000083 0.984747511
JK:/crrc/c: 0.477067780 0.522932220 0.000000000
JK:/crrc/crr: 0.000000000 0.000000200 0.999999800
JK:/crrc/r: 0.228249831 0.000000051 0.771750118
JK:/rc/c: 0.474088734 0.525911266 0.000000000
JK:/rc/crr: 0.000000000 0.000000015 0.999999985
JK:/rc/r: 0.390337282 0.000000007 0.609662711
JK:/rrc/c: 0.999999288 0.000000712 0.000000000
JK:/rrc/crr: 0.000000000 0.000000082 0.999999918
JK:/rrc/r: 0.322571960 0.000000106 0.677427933
JQ:/cc/c: 0.098763217 0.901236783 0.000000000
JQ:/cc/crr: 0.000000000 0.000000000 1.000000000
JQ:/cc/r: 0.039050928 0.000000000 0.960949072
JQ:/crc/c: 0.479255183 0.520744817 0.000000000
JQ:/crc/crr: 0.000000000 0.000002470 0.999997530
JQ:/crc/r: 0.140428317 0.000000021 0.859571661
JQ:/crrc/c: 0.050634251 0.949365749 0.000000000
JQ:/crrc/crr: 0.000000000 0.000000535 0.999999465
JQ:/crrc/r: 0.165289387 0.000000010 0.834710603
JQ:/rc/c: 0.999984795 0.000015205 0.000000000
JQ:/rc/crr: 0.000000000 0.000000000 1.000000000
JQ:/rc/r: 0.000000035 0.000000025 0.999999940
JQ:/rrc/c: 0.000014627 0.999985373 0.000000000
JQ:/rrc/crr: 0.000000000 0.013282777 0.986717223
JQ:/rrc/r: 0.453661716 0.000000101 0.546338183
K:/c: 0.999998584 0.000001416 0.000000000
K:/crr: 0.000000000 0.999999999 0.000000001
K:/r: 0.665614393 0.334385606 0.000000001
KJ:/cc/c: 0.017958287 0.982041713 0.000000000
KJ:/cc/crr: 0.000000000 0.954293113 0.045706887
KJ:/cc/r: 0.010749044 0.004509899 0.984741058
KJ:/crc/c: 0.184796416 0.815203584 0.000000000
KJ:/crc/crr: 0.000000000 0.999999984 0.000000016
KJ:/crc/r: 0.000000206 0.680698666 0.319301128
KJ:/crrc/c: 0.403162949 0.596837051 0.000000000
KJ:/crrc/crr: 0.000000000 0.581357015 0.418642985
KJ:/crrc/r: 0.066490200 0.716807568 0.216702232
KJ:/rc/c: 0.491545829 0.508454171 0.000000000
KJ:/rc/crr: 0.000000000 0.660735932 0.339264068
KJ:/rc/r: 0.033179773 0.669377393 0.297442834
KJ:/rrc/c: 0.568594487 0.431405513 0.000000000
KJ:/rrc/crr: 0.000000000 0.999959174 0.000040826
KJ:/rrc/r: 0.057782714 0.848151059 0.094066227
KK:/cc/c: 0.996091544 0.003908456 0.000000000
KK:/cc/crr: 0.000000000 0.996342457 0.003657543
KK:/cc/r: 0.998428750 0.001168654 0.000402596
KK:/crc/c: 0.999999886 0.000000114 0.000000000
KK:/crc/crr: 0.000000000 0.999999933 0.000000067
KK:/crc/r: 0.810810783 0.189189195 0.000000023
KK:/crrc/c: 0.999999996 0.000000004 0.000000000
KK:/crrc/crr: 0.000000000 0.999999996 0.000000004
KK:/crrc/r: 0.999996044 0.000003952 0.000000004
KK:/rc/c: 0.999999983 0.000000017 0.000000000
KK:/rc/crr: 0.000000000 0.999999984 0.000000016
KK:/rc/r: 0.999999974 0.000000011 0.000000015
KK:/rrc/c: 0.999999947 0.000000053 0.000000000
KK:/rrc/crr: 0.000000000 0.999999969 0.000000031
KK:/rrc/r: 0.973280104 0.026719875 0.000000021
KQ:/cc/c: 0.006712342 0.993287658 0.000000000
KQ:/cc/crr: 0.000000000 0.701948841 0.298051159
KQ:/cc/r: 0.034092991 0.959424325 0.006482684
KQ:/crc/c: 0.432719863 0.567280137 0.000000000
KQ:/crc/crr: 0.000000000 0.040494704 0.959505296
KQ:/crc/r: 0.000000024 0.359054648 0.640945328
KQ:/crrc/c: 0.699873808 0.300126192 0.000000000
KQ:/crrc/crr: 0.000000000 0.331260838 0.668739162
KQ:/crrc/r: 0.000008255 0.706964744 0.293027001
KQ:/rc/c: 0.000041475 0.999958525 0.000000000
KQ:/rc/crr: 0.000000000 0.006515682 0.993484318
KQ:/rc/r: 0.000000221 0.247636113 0.752363666
KQ:/rrc/c: 0.602934154 0.397065846 0.000000000
KQ:/rrc/crr: 0.000000000 0.389844150 0.610155850
KQ:/rrc/r: 0.105115666 0.463756433 0.431127901
Q:/c: 0.890032364 0.109967636 0.000000000
Q:/crr: 0.000000000 0.999999958 0.000000042
Q:/r: 0.457945981 0.542053813 0.000000206
QJ:/cc/c: 0.000000719 0.999999281 0.000000000
QJ:/cc/crr: 0.000000000 0.073010162 0.926989838
QJ:/cc/r: 0.000000151 0.000000106 0.999999743
QJ:/crc/c: 0.618943036 0.381056964 0.000000000
QJ:/crc/crr: 0.000000000 0.001151799 0.998848201
QJ:/crc/r: 0.000000074 0.000000007 0.999999919
QJ:/crrc/c: 0.000000140 0.999999860 0.000000000
QJ:/crrc/crr: 0.000000000 0.166179498 0.833820502
QJ:/crrc/r: 0.020326571 0.000000000 0.979673429
QJ:/rc/c: 0.000000807 0.999999193 0.000000000
QJ:/rc/crr: 0.000000000 0.001946770 0.998053230
QJ:/rc/r: 0.020573527 0.000000008 0.979426465
QJ:/rrc/c: 0.000000493 0.999999507 0.000000000
QJ:/rrc/crr: 0.000000000 0.071106737 0.928893263
QJ:/rrc/r: 0.000000069 0.000000013 0.999999918
QK:/cc/c: 0.206913571 0.793086429 0.000000000
QK:/cc/crr: 0.000000000 0.999999948 0.000000052
QK:/cc/r: 0.000000235 0.670539963 0.329459803
QK:/crc/c: 0.336922960 0.663077040 0.000000000
QK:/crc/crr: 0.000000000 0.000011790 0.999988210
QK:/crc/r: 0.000000323 0.382105090 0.617894588
QK:/crrc/c: 0.224566587 0.775433413 0.000000000
QK:/crrc/crr: 0.000000000 0.000003461 0.999996539
QK:/crrc/r: 0.000000494 0.229600505 0.770399001
QK:/rc/c: 0.457431121 0.542568879 0.000000000
QK:/rc/crr: 0.000000000 0.000007038 0.999992962
QK:/rc/r: 0.000000026 0.248204614 0.751795360
QK:/rrc/c: 0.514659317 0.485340683 0.000000000
QK:/rrc/crr: 0.000000000 0.051290740 0.948709260
QK:/rrc/r: 0.000000071 0.446157639 0.553842290
QQ:/cc/c: 0.999999990 0.000000010 0.000000000
QQ:/cc/crr: 0.000000000 0.999999991 0.000000009
QQ:/cc/r: 0.999999793 0.000000091 0.000000116
QQ:/crc/c: 0.999999980 0.000000020 0.000000000
QQ:/crc/crr: 0.000000000 0.999999987 0.000000013
QQ:/crc/r: 0.999999973 0.000000015 0.000000012
QQ:/crrc/c: 0.999999996 0.000000004 0.000000000
QQ:/crrc/crr: 0.000000000 0.999999996 0.000000004
QQ:/crrc/r: 0.999999973 0.000000023 0.000000004
QQ:/rc/c: 0.999999992 0.000000008 0.000000000
QQ:/rc/crr: 0.000000000 0.999999996 0.000000004
QQ:/rc/r: 0.999999984 0.000000007 0.000000009
QQ:/rrc/c: 0.999999958 0.000000042 0.000000000
QQ:/rrc/crr: 0.000000000 0.999999961 0.000000039
QQ:/rrc/r: 0.999999855 0.000000110 0.000000035
