J:/c: 0.362241337 0.637758663 0.000000000
J:/crr: 0.000000000 0.999999995 0.000000005
J:/r: 0.046985418 0.080475085 0.872539497
JJ:/cc/c: 0.999999996 0.000000004 0.000000000
JJ:/cc/crr: 0.000000000 0.999999995 0.000000005
JJ:/cc/r: 0.999999988 0.000000007 0.000000005
JJ:/crc/c: 0.999999990 0.000000010 0.000000000
JJ:/crc/crr: 0.000000000 0.999999990 0.000000010
JJ:/crc/r: 0.700609216 0.299390773 0.000000011
JJ:/crrc/c: 0.999999996 0.000000004 0.000000000
JJ:/crrc/crr: 0.000000000 0.999999995 0.000000005
JJ:/crrc/r: 0.999999947 0.000000048 0.000000005
JJ:/rc/c: 0.999999985 0.000000015 0.000000000
JJ:/rc/crr: 0.000000000 0.999999983 0.000000017
JJ:/rc/r: 0.999999974 0.000000010 0.000000016
JJ:/rrc/c: 0.999999966 0.000000034 0.000000000
JJ:/rrc/crr: 0.000000000 0.999999962 0.000000038
JJ:/rrc/r: 0.999999695 0.000000268 0.000000037
JK:/cc/c: 0.010040994 0.989959006 0.000000000
JK:/cc/crr: 0.000000000 0.000000213 0.999999787
JK:/cc/r: 0.000000527 0.000000002 0.999999471
JK:/crc/c: 0.628390169 0.371609831 0.000000000
JK:/crc/crr: 0.000000000 0.000000048 0.999999952
JK:/crc/r: 0.011260022 0.000000066 0.988739912
JK:/crrc/c: 0.460610939 0.539389061 0.000000000
JK:/crrc/crr: 0.000000000 0.000000157 0.999999843
JK:/crrc/r: 0.178617133 0.000000043 0.821382824
JK:/rc/c: 0.457644724 0.542355276 0.000000000
JK:/rc/crr: 0.000000000 0.000000011 0.999999989
JK:/rc/r: 0.320076698 0.000000006 0.679923295
JK:/rrc/c: 0.999999239 0.000000761 0.000000000
JK:/rrc/crr: 0.000000000 0.000000064 0.999999936
JK:/rrc/r: 0.259320797 0.000000091 0.740679112
JQ:/cc/c: 0.093034595 0.906965405 0.000000000
JQ:/cc/crr: 0.000000000 0.000000000 1.000000000
JQ:/cc/r: 0.029012708 0.000000000 0.970987292
JQ:/crc/c: 0.462789664 0.537210336 0.000000000
JQ:/crc/crr: 0.000000000 0.000001940 0.999998060
JQ:/crc/r: 0.107238732 0.000000017 0.892761250
JQ:/crrc/c: 0.047549992 0.952450008 0.000000000
JQ:/crrc/crr: 0.000000000 0.000000420 0.999999580
JQ:/crrc/r: 0.127092775 0.000000008 0.872907217
JQ:/rc/c: 0.999983756 0.000016244 0.000000000
JQ:/rc/crr: 0.000000000 0.000000000 1.000000000
JQ:/rc/r: 0.000000026 0.000000019 0.999999955
JQ:/rrc/c: 0.000013692 0.999986308 0.000000000
JQ:/rrc/crr: 0.000000000 0.010463436 0.989536564
JQ:/rrc/r: 0.379090313 0.000000090 0.620909597
K:/c: 0.999998487 0.000001513 0.000000000
K:/crr: 0.000000000 0.999999998 0.000000002
K:/r: 0.650747276 0.349252722 0.000000001
KJ:/cc/c: 0.016829120 0.983170880 0.000000000
KJ:/cc/crr: 0.000000000 0.942529061 0.057470939
KJ:/cc/r: 0.007933644 0.003556086 0.988510270
KJ:/crc/c: 0.175046809 0.824953191 0.000000000
KJ:/crc/crr: 0.000000000 0.999999980 0.000000020
KJ:/crc/r: 0.000000178 0.626106635 0.373893187
KJ:/crrc/c: 0.387367018 0.612632982 0.000000000
KJ:/crrc/crr: 0.000000000 0.521714336 0.478285664
KJ:/crrc/r: 0.058997567 0.679487728 0.261514704
KJ:/rc/c: 0.475043252 0.524956748 0.000000000
KJ:/rc/crr: 0.000000000 0.604712777 0.395287223
KJ:/rc/r: 0.028781164 0.620309669 0.350909166
KJ:/rrc/c: 0.552315050 0.447684950 0.000000000
KJ:/rrc/crr: 0.000000000 0.999948026 0.000051974
KJ:/rrc/r: 0.052923434 0.829900187 0.117176378
KK:/cc/c: 0.995825621 0.004174379 0.000000000
KK:/cc/crr: 0.000000000 0.995348323 0.004651677
KK:/cc/r: 0.998204352 0.001248219 0.000547429
KK:/crc/c: 0.999999878 0.000000122 0.000000000
KK:/crc/crr: 0.000000000 0.999999915 0.000000085
KK:/crc/r: 0.800464003 0.199535967 0.000000031
KK:/crrc/c: 0.999999996 0.000000004 0.000000000
KK:/crrc/crr: 0.000000000 0.999999995 0.000000005
KK:/crrc/r: 0.999995773 0.000004222 0.000000005
KK:/rc/c: 0.999999982 0.000000018 0.000000000
KK:/rc/crr: 0.000000000 0.999999980 0.000000020
KK:/rc/r: 0.999999968 0.000000012 0.000000020
KK:/rrc/c: 0.999999944 0.000000056 0.000000000
KK:/rrc/crr: 0.000000000 0.999999960 0.000000040
KK:/rrc/r: 0.971506532 0.028493439 0.000000029
KQ:/cc/c: 0.006285762 0.993714238 0.000000000
KQ:/cc/crr: 0.000000000 0.649117157 0.350882843
KQ:/cc/r: 0.031925718 0.959817959 0.008256323
KQ:/crc/c: 0.416574169 0.583425831 0.000000000
KQ:/crc/crr: 0.000000000 0.032087312 0.967912688
KQ:/crc/r: 0.000000019 0.305571770 0.694428211
KQ:/crrc/c: 0.685810902 0.314189098 0.000000000
KQ:/crrc/crr: 0.000000000 0.280108688 0.719891312
KQ:/crrc/r: 0.000007155 0.654586339 0.345406506
KQ:/rc/c: 0.000038823 0.999961177 0.000000000
KQ:/rc/crr: 0.000000000 0.005125233 0.994874767
KQ:/rc/r: 0.000000172 0.205430254 0.794569574
KQ:/rrc/c: 0.587009341 0.412990659 0.000000000
KQ:/rrc/crr: 0.000000000 0.334166132 0.665833868
KQ:/rrc/r: 0.088562107 0.417419766 0.494018127
Q:/c: 0.883395137 0.116604863 0.000000000
Q:/crr: 0.000000000 0.999999947 0.000000053
Q:/r: 0.441591717 0.558408012 0.000000270
QJ:/cc/c: 0.000000673 0.999999327 0.000000000
QJ:/cc/crr: 0.000000000 0.058261919 0.941738081
QJ:/cc/r: 0.000000111 0.000000083 0.999999806
QJ:/crc/c: 0.603237772 0.396762228 0.000000000
QJ:/crc/crr: 0.000000000 0.000904962 0.999095038
QJ:/crc/r: 0.000000055 0.000000005 0.999999940
QJ:/crrc/c: 0.000000131 0.999999869 0.000000000
QJ:/crrc/crr: 0.000000000 0.135358965 0.864641035
QJ:/crrc/r: 0.015026270 0.000000000 0.984973730
QJ:/rc/c: 0.000000756 0.999999244 0.000000000
QJ:/rc/crr: 0.000000000 0.001529827 0.998470173
QJ:/rc/r: 0.015209830 0.000000007 0.984790163
QJ:/rrc/c: 0.000000461 0.999999539 0.000000000
QJ:/rrc/crr: 0.000000000 0.056719464 0.943280536
QJ:/rrc/r: 0.000000051 0.000000010 0.999999939
QK:/cc/c: 0.196278043 0.803721957 0.000000000
QK:/cc/crr: 0.000000000 0.999999933 0.000000067
QK:/cc/r: 0.000000202 0.615192941 0.384806858
QK:/crc/c: 0.322320735 0.677679265 0.000000000
QK:/crc/crr: 0.000000000 0.000009261 0.999990739
QK:/crc/r: 0.000000258 0.326940150 0.673059592
QK:/crrc/c: 0.213267682 0.786732318 0.000000000
QK:/crrc/crr: 0.000000000 0.000002718 0.999997282
QK:/crrc/r: 0.000000382 0.189693537 0.810306081
QK:/rc/c: 0.441080308 0.558919692 0.000000000
QK:/rc/crr: 0.000000000 0.000005529 0.999994471
QK:/rc/r: 0.000000020 0.205928371 0.794071608
QK:/rrc/c: 0.498141000 0.501859000 0.000000000
QK:/rrc/crr: 0.000000000 0.040737071 0.959262929
QK:/rrc/r: 0.000000058 0.387545291 0.612454651
QQ:/cc/c: 0.999999990 0.000000010 0.000000000
QQ:/cc/crr: 0.000000000 0.999999988 0.000000012
QQ:/cc/r: 0.999999745 0.000000097 0.000000158
QQ:/crc/c: 0.999999978 0.000000022 0.000000000
QQ:/crc/crr: 0.000000000 0.999999983 0.000000017
QQ:/crc/r: 0.999999967 0.000000016 0.000000016
QQ:/crrc/c: 0.999999996 0.000000004 0.000000000
QQ:/crrc/crr: 0.000000000 0.999999995 0.000000005
QQ:/crrc/r: 0.999999970 0.000000025 0.000000005
QQ:/rc/c: 0.999999992 0.000000008 0.000000000
QQ:/rc/crr: 0.000000000 0.999999995 0.000000005
QQ:/rc/r: 0.999999980 0.000000007 0.000000012
QQ:/rrc/c: 0.999999955 0.000000045 0.000000000
QQ:/rrc/crr: 0.000000000 0.999999950 0.000000050
QQ:/rrc/r: 0.999999835 0.000000117 0.000000047
