J:/c: 0.263538718 0.736461282 0.000000000
J:/crr: 0.000000000 0.999999997 0.000000003
J:/r: 0.053962325 0.146702034 0.799335641
JJ:/cc/c: 0.999999994 0.000000006 0.000000000
JJ:/cc/crr: 0.000000000 0.999999997 0.000000003
JJ:/cc/r: 0.999999984 0.000000012 0.000000004
JJ:/crc/c: 0.999999985 0.000000015 0.000000000
JJ:/crc/crr: 0.000000000 0.999999995 0.000000005
JJ:/crc/r: 0.595847744 0.404152248 0.000000007
JJ:/crrc/c: 0.999999993 0.000000007 0.000000000
JJ:/crrc/crr: 0.000000000 0.999999997 0.000000003
JJ:/crrc/r: 0.999999920 0.000000076 0.000000004
JJ:/rc/c: 0.999999976 0.000000024 0.000000000
JJ:/rc/crr: 0.000000000 0.999999992 0.000000008
JJ:/rc/r: 0.999999972 0.000000015 0.000000013
JJ:/rrc/c: 0.999999945 0.000000055 0.000000000
JJ:/rrc/crr: 0.000000000 0.999999981 0.000000019
JJ:/rrc/r: 0.999999545 0.000000425 0.000000030
JK:/cc/c: 0.006349595 0.993650405 0.000000000
JK:/cc/crr: 0.000000000 0.000000425 0.999999575
JK:/cc/r: 0.000000660 0.000000005 0.999999335
JK:/crc/c: 0.515822141 0.484177859 0.000000000
JK:/crc/crr: 0.000000000 0.000000095 0.999999905
JK:/crc/r: 0.014076153 0.000000130 0.985923717
JK:/crrc/c: 0.349806358 0.650193642 0.000000000
JK:/crrc/crr: 0.000000000 0.000000312 0.999999688
JK:/crrc/r: 0.214220731 0.000000081 0.785779188
JK:/rc/c: 0.347094527 0.652905473 0.000000000
JK:/rc/crr: 0.000000000 0.000000023 0.999999977
JK:/rc/r: 0.371136676 0.000000012 0.628863312
JK:/rrc/c: 0.999998793 0.000001207 0.000000000
JK:/rrc/crr: 0.000000000 0.000000128 0.999999872
JK:/rrc/r: 0.305036894 0.000000171 0.694962935
JQ:/cc/c: 0.060702921 0.939297079 0.000000000
JQ:/cc/crr: 0.000000000 0.000000000 1.000000000
JQ:/cc/r: 0.036106649 0.000000000 0.963893351
JQ:/crc/c: 0.351802809 0.648197191 0.000000000
JQ:/crc/crr: 0.000000000 0.000003861 0.999996139
JQ:/crc/r: 0.130881639 0.000000033 0.869118327
JQ:/crrc/c: 0.030493811 0.969506189 0.000000000
JQ:/crrc/crr: 0.000000000 0.000000837 0.999999163
JQ:/crrc/r: 0.154356091 0.000000016 0.845643893
JQ:/rc/c: 0.999974216 0.000025784 0.000000000
JQ:/rc/crr: 0.000000000 0.000000000 1.000000000
JQ:/rc/r: 0.000000032 0.000000038 0.999999929
JQ:/rrc/c: 0.000008626 0.999991374 0.000000000
JQ:/rrc/crr: 0.000000000 0.020607712 0.979392288
JQ:/rrc/r: 0.433561342 0.000000163 0.566438495
K:/c: 0.999997599 0.000002401 0.000000000
K:/crr: 0.000000000 0.999999999 0.000000001
K:/r: 0.539993992 0.460006007 0.000000001
KJ:/cc/c: 0.010669077 0.989330923 0.000000000
KJ:/cc/crr: 0.000000000 0.970268630 0.029731370
KJ:/cc/r: 0.009891451 0.007037309 0.983071240
KJ:/crc/c: 0.117919584 0.882080416 0.000000000
KJ:/crc/crr: 0.000000000 0.999999990 0.000000010
KJ:/crc/r: 0.000000137 0.769170418 0.230829445
KJ:/crrc/c: 0.284876293 0.715123707 0.000000000
KJ:/crrc/crr: 0.000000000 0.684600404 0.315399596
KJ:/crrc/r: 0.043827927 0.801208556 0.154963516
KJ:/rc/c: 0.363103992 0.636896008 0.000000000
KJ:/rc/crr: 0.000000000 0.752729650 0.247270350
KJ:/rc/r: 0.022254444 0.761314471 0.216431084
KJ:/rrc/c: 0.437336652 0.562663348 0.000000000
KJ:/rrc/crr: 0.000000000 0.999973880 0.000026120
KJ:/rrc/r: 0.036158418 0.899983188 0.063858394
KK:/cc/c: 0.993390393 0.006609607 0.000000000
KK:/cc/crr: 0.000000000 0.997656931 0.002343069
KK:/cc/r: 0.997583598 0.001980012 0.000436389
KK:/crc/c: 0.999999807 0.000000193 0.000000000
KK:/crc/crr: 0.000000000 0.999999957 0.000000043
KK:/crc/r: 0.716504826 0.283495152 0.000000022
KK:/crrc/c: 0.999999993 0.000000007 0.000000000
KK:/crrc/crr: 0.000000000 0.999999997 0.000000003
KK:/crrc/r: 0.999993294 0.000006702 0.000000004
KK:/rc/c: 0.999999972 0.000000028 0.000000000
KK:/rc/crr: 0.000000000 0.999999990 0.000000010
KK:/rc/r: 0.999999965 0.000000019 0.000000016
KK:/rrc/c: 0.999999911 0.000000089 0.000000000
KK:/rrc/crr: 0.000000000 0.999999980 0.000000020
KK:/rrc/r: 0.955517896 0.044482081 0.000000023
KQ:/cc/c: 0.003969374 0.996030626 0.000000000
KQ:/cc/crr: 0.000000000 0.786380393 0.213619607
KQ:/cc/r: 0.020439147 0.975344614 0.004216239
KQ:/crc/c: 0.310269448 0.689730552 0.000000000
KQ:/crc/crr: 0.000000000 0.061884794 0.938115206
KQ:/crc/r: 0.000000019 0.466843421 0.533156560
KQ:/crrc/c: 0.578982977 0.421017023 0.000000000
KQ:/crrc/crr: 0.000000000 0.436386692 0.563613308
KQ:/crrc/r: 0.000005443 0.790400039 0.209594518
KQ:/rc/c: 0.000024459 0.999975541 0.000000000
KQ:/rc/crr: 0.000000000 0.010147204 0.989852796
KQ:/rc/r: 0.000000179 0.339704502 0.660295319
KQ:/rrc/c: 0.472430157 0.527569843 0.000000000
KQ:/rrc/crr: 0.000000000 0.499670248 0.500329752
KQ:/rrc/r: 0.077335221 0.578561508 0.344103270
Q:/c: 0.826779762 0.173220238 0.000000000
Q:/crr: 0.000000000 0.999999973 0.000000027
Q:/r: 0.332541733 0.667458105 0.000000162
QJ:/cc/c: 0.000000424 0.999999576 0.000000000
QJ:/cc/crr: 0.000000000 0.109613451 0.890386549
QJ:/cc/r: 0.000000139 0.000000165 0.999999696
QJ:/crc/c: 0.489243449 0.510756551 0.000000000
QJ:/crc/crr: 0.000000000 0.001799169 0.998200831
QJ:/crc/r: 0.000000069 0.000000011 0.999999921
QJ:/crrc/c: 0.000000083 0.999999917 0.000000000
QJ:/crrc/crr: 0.000000000 0.237524197 0.762475803
QJ:/crrc/r: 0.018766461 0.000000000 0.981233539
QJ:/rc/c: 0.000000476 0.999999524 0.000000000
QJ:/rc/crr: 0.000000000 0.003039595 0.996960405
QJ:/rc/r: 0.018994831 0.000000013 0.981005156
QJ:/rrc/c: 0.000000291 0.999999709 0.000000000
QJ:/rrc/crr: 0.000000000 0.106865764 0.893134236
QJ:/rrc/r: 0.000000064 0.000000020 0.999999916
QK:/cc/c: 0.133341877 0.866658123 0.000000000
QK:/cc/crr: 0.000000000 0.999999967 0.000000033
QK:/cc/r: 0.000000157 0.760837517 0.239162326
QK:/crc/c: 0.230563149 0.769436851 0.000000000
QK:/crc/crr: 0.000000000 0.000018428 0.999981572
QK:/crc/r: 0.000000245 0.491507238 0.508492518
QK:/crrc/c: 0.145872558 0.854127442 0.000000000
QK:/crrc/crr: 0.000000000 0.000005409 0.999994591
QK:/crrc/r: 0.000000403 0.317795813 0.682203784
QK:/rc/c: 0.332081457 0.667918543 0.000000000
QK:/rc/crr: 0.000000000 0.000011001 0.999988999
QK:/rc/r: 0.000000021 0.340388735 0.659611244
QK:/rrc/c: 0.384748055 0.615251945 0.000000000
QK:/rrc/crr: 0.000000000 0.077920398 0.922079602
QK:/rrc/r: 0.000000052 0.557356561 0.442643387
QQ:/cc/c: 0.999999983 0.000000017 0.000000000
QQ:/cc/crr: 0.000000000 0.999999994 0.000000006
QQ:/cc/r: 0.999999720 0.000000154 0.000000126
QQ:/crc/c: 0.999999966 0.000000034 0.000000000
QQ:/crc/crr: 0.000000000 0.999999992 0.000000008
QQ:/crc/r: 0.999999961 0.000000026 0.000000013
QQ:/crrc/c: 0.999999993 0.000000007 0.000000000
QQ:/crrc/crr: 0.000000000 0.999999997 0.000000003
QQ:/crrc/r: 0.999999957 0.000000039 0.000000004
QQ:/rc/c: 0.999999987 0.000000013 0.000000000
QQ:/rc/crr: 0.000000000 0.999999997 0.000000003
QQ:/rc/r: 0.999999978 0.000000012 0.000000010
QQ:/rrc/c: 0.999999929 0.000000071 0.000000000
QQ:/rrc/crr: 0.000000000 0.999999975 0.000000025
QQ:/rrc/r: 0.999999776 0.000000186 0.000000038
