J:/c: 0.336287480 0.663712520 0.000000000
J:/crr: 0.000000000 0.999999997 0.000000003
J:/r: 0.059590571 0.114416024 0.825993405
JJ:/cc/c: 0.999999996 0.000000004 0.000000000
JJ:/cc/crr: 0.000000000 0.999999997 0.000000003
JJ:/cc/r: 0.999999988 0.000000008 0.000000004
JJ:/crc/c: 0.999999989 0.000000011 0.000000000
JJ:/crc/crr: 0.000000000 0.999999993 0.000000007
JJ:/crc/r: 0.676113353 0.323886639 0.000000008
JJ:/crrc/c: 0.999999995 0.000000005 0.000000000
JJ:/crrc/crr: 0.000000000 0.999999997 0.000000003
JJ:/crrc/r: 0.999999943 0.000000054 0.000000004
JJ:/rc/c: 0.999999983 0.000000017 0.000000000
JJ:/rc/crr: 0.000000000 0.999999989 0.000000011
JJ:/rc/r: 0.999999977 0.000000011 0.000000012
JJ:/rrc/c: 0.999999961 0.000000039 0.000000000
JJ:/rrc/crr: 0.000000000 0.999999975 0.000000025
JJ:/rrc/r: 0.999999672 0.000000300 0.000000028
JK:/cc/c: 0.008966785 0.991033215 0.000000000
JK:/cc/crr: 0.000000000 0.000000321 0.999999679
JK:/cc/r: 0.000000706 0.000000004 0.999999291
JK:/crc/c: 0.601347619 0.398652381 0.000000000
JK:/crc/crr: 0.000000000 0.000000071 0.999999929
JK:/crc/r: 0.015028096 0.000000098 0.984971806
JK:/crrc/c: 0.432387489 0.567612511 0.000000000
JK:/crrc/crr: 0.000000000 0.000000236 0.999999764
JK:/crrc/r: 0.225610734 0.000000060 0.774389206
JK:/rc/c: 0.429458316 0.570541684 0.000000000
JK:/rc/crr: 0.000000000 0.000000017 0.999999983
JK:/rc/r: 0.386763290 0.000000009 0.613236701
JK:/rrc/c: 0.999999147 0.000000853 0.000000000
JK:/rrc/crr: 0.000000000 0.000000097 0.999999903
JK:/rrc/r: 0.319293480 0.000000126 0.680706394
JQ:/cc/c: 0.083833430 0.916166570 0.000000000
JQ:/cc/crr: 0.000000000 0.000000000 1.000000000
JQ:/cc/r: 0.038490306 0.000000000 0.961509694
JQ:/crc/c: 0.434540264 0.565459736 0.000000000
JQ:/crc/crr: 0.000000000 0.000002914 0.999997086
JQ:/crc/r: 0.138622251 0.000000025 0.861377724
JQ:/crrc/c: 0.042635807 0.957364193 0.000000000
JQ:/crrc/crr: 0.000000000 0.000000631 0.999999369
JQ:/crrc/r: 0.163224296 0.000000012 0.836775693
JQ:/rc/c: 0.999981790 0.000018210 0.000000000
JQ:/rc/crr: 0.000000000 0.000000000 1.000000000
JQ:/rc/r: 0.000000034 0.000000029 0.999999937
JQ:/rrc/c: 0.000012214 0.999987786 0.000000000
JQ:/rrc/crr: 0.000000000 0.015632686 0.984367314
JQ:/rrc/r: 0.449935812 0.000000120 0.550064069
K:/c: 0.999998304 0.000001696 0.000000000
K:/crr: 0.000000000 0.999999999 0.000000001
K:/r: 0.624359116 0.375640883 0.000000001
KJ:/cc/c: 0.015039734 0.984960266 0.000000000
KJ:/cc/crr: 0.000000000 0.960984602 0.039015398
KJ:/cc/r: 0.010581673 0.005316977 0.984101350
KJ:/crc/c: 0.159157957 0.840842043 0.000000000
KJ:/crc/crr: 0.000000000 0.999999987 0.000000013
KJ:/crc/r: 0.000000181 0.715503297 0.284496522
KJ:/crrc/c: 0.360630911 0.639369089 0.000000000
KJ:/crrc/crr: 0.000000000 0.620960406 0.379039594
KJ:/crrc/r: 0.058073634 0.749786251 0.192140114
KJ:/rc/c: 0.446667786 0.553332214 0.000000000
KJ:/rc/crr: 0.000000000 0.696747141 0.303252859
KJ:/rc/r: 0.029187492 0.705192884 0.265619625
KJ:/rrc/c: 0.523930561 0.476069439 0.000000000
KJ:/rrc/crr: 0.000000000 0.999965393 0.000034607
KJ:/rrc/r: 0.049428147 0.868886648 0.081685206
KK:/cc/c: 0.995322826 0.004677174 0.000000000
KK:/cc/crr: 0.000000000 0.996897932 0.003102068
KK:/cc/r: 0.998192145 0.001399254 0.000408601
KK:/crc/c: 0.999999863 0.000000137 0.000000000
KK:/crc/crr: 0.000000000 0.999999944 0.000000056
KK:/crc/r: 0.781591236 0.218408742 0.000000022
KK:/crrc/c: 0.999999995 0.000000005 0.000000000
KK:/crrc/crr: 0.000000000 0.999999997 0.000000003
KK:/crrc/r: 0.999995263 0.000004733 0.000000004
KK:/rc/c: 0.999999980 0.000000020 0.000000000
KK:/rc/crr: 0.000000000 0.999999987 0.000000013
KK:/rc/r: 0.999999972 0.000000013 0.000000015
KK:/rrc/c: 0.999999937 0.000000063 0.000000000
KK:/rrc/crr: 0.000000000 0.999999973 0.000000027
KK:/rrc/r: 0.968168200 0.031831779 0.000000021
KQ:/cc/c: 0.005611020 0.994388980 0.000000000
KQ:/cc/crr: 0.000000000 0.735337758 0.264662242
KQ:/cc/r: 0.028657155 0.965811177 0.005531668
KQ:/crc/c: 0.389102530 0.610897470 0.000000000
KQ:/crc/crr: 0.000000000 0.047427385 0.952572615
KQ:/crc/r: 0.000000022 0.397907982 0.602091995
KQ:/crrc/c: 0.660690643 0.339309357 0.000000000
KQ:/crrc/crr: 0.000000000 0.368837333 0.631162667
KQ:/crrc/r: 0.000007215 0.739999966 0.259992819
KQ:/rc/c: 0.000034632 0.999965368 0.000000000
KQ:/rc/crr: 0.000000000 0.007677713 0.992322287
KQ:/rc/r: 0.000000209 0.279694071 0.720305720
KQ:/rrc/c: 0.559068461 0.440931539 0.000000000
KQ:/rrc/crr: 0.000000000 0.429795077 0.570204923
KQ:/rrc/r: 0.095718487 0.505745292 0.398536222
Q:/c: 0.871103177 0.128896823 0.000000000
Q:/crr: 0.000000000 0.999999965 0.000000035
Q:/r: 0.413639995 0.586359816 0.000000189
QJ:/cc/c: 0.000000600 0.999999400 0.000000000
QJ:/cc/crr: 0.000000000 0.085016252 0.914983748
QJ:/cc/r: 0.000000149 0.000000125 0.999999727
QJ:/crc/c: 0.575601037 0.424398963 0.000000000
QJ:/crc/crr: 0.000000000 0.001358523 0.998641477
QJ:/crc/r: 0.000000073 0.000000008 0.999999919
QJ:/crrc/c: 0.000000117 0.999999883 0.000000000
QJ:/crrc/crr: 0.000000000 0.190360484 0.809639516
QJ:/crrc/r: 0.020029156 0.000000000 0.979970844
QJ:/rc/c: 0.000000674 0.999999326 0.000000000
QJ:/rc/crr: 0.000000000 0.002295847 0.997704153
QJ:/rc/r: 0.020272574 0.000000010 0.979727416
QJ:/rrc/c: 0.000000412 0.999999588 0.000000000
QJ:/rrc/crr: 0.000000000 0.082827787 0.917172213
QJ:/rrc/r: 0.000000068 0.000000015 0.999999917
QK:/cc/c: 0.178879924 0.821120076 0.000000000
QK:/cc/crr: 0.000000000 0.999999956 0.000000044
QK:/cc/r: 0.000000206 0.705973612 0.294026182
QK:/crc/c: 0.297891121 0.702108879 0.000000000
QK:/crc/crr: 0.000000000 0.000013909 0.999986091
QK:/crc/r: 0.000000297 0.421811204 0.578188499
QK:/crrc/c: 0.194728469 0.805271531 0.000000000
QK:/crrc/crr: 0.000000000 0.000004083 0.999995917
QK:/crrc/r: 0.000000467 0.260130914 0.739868619
QK:/rc/c: 0.413136968 0.586863032 0.000000000
QK:/rc/crr: 0.000000000 0.000008303 0.999991697
QK:/rc/r: 0.000000024 0.280308747 0.719691229
QK:/rrc/c: 0.469620099 0.530379901 0.000000000
QK:/rrc/crr: 0.000000000 0.059956207 0.940043793
QK:/rrc/r: 0.000000065 0.487270835 0.512729101
QQ:/cc/c: 0.999999988 0.000000012 0.000000000
QQ:/cc/crr: 0.000000000 0.999999992 0.000000008
QQ:/cc/r: 0.999999773 0.000000109 0.000000118
QQ:/crc/c: 0.999999976 0.000000024 0.000000000
QQ:/crc/crr: 0.000000000 0.999999989 0.000000011
QQ:/crc/r: 0.999999969 0.000000018 0.000000012
QQ:/crrc/c: 0.999999995 0.000000005 0.000000000
QQ:/crrc/crr: 0.000000000 0.999999997 0.000000003
QQ:/crrc/r: 0.999999969 0.000000028 0.000000004
QQ:/rc/c: 0.999999991 0.000000009 0.000000000
QQ:/rc/crr: 0.000000000 0.999999997 0.000000003
QQ:/rc/r: 0.999999982 0.000000008 0.000000009
QQ:/rrc/c: 0.999999950 0.000000050 0.000000000
QQ:/rrc/crr: 0.000000000 0.999999967 0.000000033
QQ:/rrc/r: 0.999999833 0.000000132 0.000000035
