J:/c: 0.331947124 0.668052876 0.000000000
J:/crr: 0.000000000 0.999999995 0.000000005
J:/r: 0.039811483 0.077945361 0.882243156
JJ:/cc/c: 0.999999996 0.000000004 0.000000000
JJ:/cc/crr: 0.000000000 0.999999995 0.000000005
JJ:/cc/r: 0.999999986 0.000000009 0.000000006
JJ:/crc/c: 0.999999989 0.000000011 0.000000000
JJ:/crc/crr: 0.000000000 0.999999990 0.000000010
JJ:/crc/r: 0.671826615 0.328173373 0.000000013
JJ:/crrc/c: 0.999999995 0.000000005 0.000000000
JJ:/crrc/crr: 0.000000000 0.999999995 0.000000005
JJ:/crrc/r: 0.999999939 0.000000055 0.000000006
JJ:/rc/c: 0.999999983 0.000000017 0.000000000
JJ:/rc/crr: 0.000000000 0.999999983 0.000000017
JJ:/rc/r: 0.999999970 0.000000011 0.000000019
JJ:/rrc/c: 0.999999961 0.000000039 0.000000000
JJ:/rrc/crr: 0.000000000 0.999999960 0.000000040
JJ:/rrc/r: 0.999999649 0.000000306 0.000000045
JK:/cc/c: 0.008795072 0.991204928 0.000000000
JK:/cc/crr: 0.000000000 0.000000205 0.999999795
JK:/cc/r: 0.000000441 0.000000002 0.999999556
JK:/crc/c: 0.596661656 0.403338344 0.000000000
JK:/crc/crr: 0.000000000 0.000000046 0.999999954
JK:/crc/r: 0.009453100 0.000000063 0.990546837
JK:/crrc/c: 0.427605902 0.572394098 0.000000000
JK:/crrc/crr: 0.000000000 0.000000150 0.999999850
JK:/crrc/r: 0.154140801 0.000000042 0.845859157
JK:/rc/c: 0.424684886 0.575315114 0.000000000
JK:/rc/crr: 0.000000000 0.000000011 0.999999989
JK:/rc/r: 0.282892044 0.000000007 0.717107949
JK:/rrc/c: 0.999999131 0.000000869 0.000000000
JK:/rrc/crr: 0.000000000 0.000000062 0.999999938
JK:/rrc/r: 0.226839595 0.000000091 0.773160314
JQ:/cc/c: 0.082347155 0.917652845 0.000000000
JQ:/cc/crr: 0.000000000 0.000000000 1.000000000
JQ:/cc/r: 0.024427352 0.000000000 0.975572648
JQ:/crc/c: 0.429752895 0.570247105 0.000000000
JQ:/crc/crr: 0.000000000 0.000001858 0.999998142
JQ:/crc/r: 0.091454499 0.000000017 0.908545484
JQ:/crrc/c: 0.041846559 0.958153441 0.000000000
JQ:/crrc/crr: 0.000000000 0.000000403 0.999999597
JQ:/crrc/r: 0.108742214 0.000000008 0.891257779
JQ:/rc/c: 0.999981431 0.000018569 0.000000000
JQ:/rc/crr: 0.000000000 0.000000000 1.000000000
JQ:/rc/r: 0.000000022 0.000000018 0.999999960
JQ:/rrc/c: 0.000011978 0.999988022 0.000000000
JQ:/rrc/crr: 0.000000000 0.010027468 0.989972532
JQ:/rrc/r: 0.338462615 0.000000092 0.661537293
K:/c: 0.999998271 0.000001729 0.000000000
K:/crr: 0.000000000 0.999999998 0.000000002
K:/r: 0.619772614 0.380227385 0.000000002
KJ:/cc/c: 0.014753456 0.985246544 0.000000000
KJ:/cc/crr: 0.000000000 0.940155065 0.059844935
KJ:/cc/r: 0.006657917 0.003411312 0.989930770
KJ:/crc/c: 0.156564471 0.843435529 0.000000000
KJ:/crc/crr: 0.000000000 0.999999979 0.000000021
KJ:/crc/r: 0.000000153 0.615987321 0.384012526
KJ:/crrc/c: 0.356144957 0.643855043 0.000000000
KJ:/crrc/crr: 0.000000000 0.510976407 0.489023593
KJ:/crrc/r: 0.051400999 0.676710079 0.271888921
KJ:/rc/c: 0.441851210 0.558148790 0.000000000
KJ:/rc/crr: 0.000000000 0.594389532 0.405610468
KJ:/rc/r: 0.024884199 0.613066287 0.362049513
KJ:/rrc/c: 0.519062386 0.480937614 0.000000000
KJ:/rrc/crr: 0.000000000 0.999945742 0.000054258
KJ:/rrc/r: 0.046366711 0.831127594 0.122505695
KK:/cc/c: 0.995231123 0.004768877 0.000000000
KK:/cc/crr: 0.000000000 0.995144933 0.004855067
KK:/cc/r: 0.997920495 0.001426432 0.000653074
KK:/crc/c: 0.999999861 0.000000139 0.000000000
KK:/crc/crr: 0.000000000 0.999999911 0.000000089
KK:/crc/r: 0.778242639 0.221757325 0.000000035
KK:/crrc/c: 0.999999995 0.000000005 0.000000000
KK:/crrc/crr: 0.000000000 0.999999995 0.000000005
KK:/crrc/r: 0.999995168 0.000004826 0.000000006
KK:/rc/c: 0.999999979 0.000000021 0.000000000
KK:/rc/crr: 0.000000000 0.999999979 0.000000021
KK:/rc/r: 0.999999963 0.000000014 0.000000024
KK:/rrc/c: 0.999999936 0.000000064 0.000000000
KK:/rrc/crr: 0.000000000 0.999999958 0.000000042
KK:/rrc/r: 0.967561429 0.032438537 0.000000034
KQ:/cc/c: 0.005503212 0.994496788 0.000000000
KQ:/cc/crr: 0.000000000 0.639261781 0.360738219
KQ:/cc/r: 0.028030971 0.963318512 0.008650517
KQ:/crc/c: 0.384475384 0.615524616 0.000000000
KQ:/crc/crr: 0.000000000 0.030778389 0.969221611
KQ:/crc/r: 0.000000016 0.296524446 0.703475538
KQ:/crrc/c: 0.656303548 0.343696452 0.000000000
KQ:/crrc/crr: 0.000000000 0.271520494 0.728479506
KQ:/crrc/r: 0.000006166 0.644801288 0.355192547
KQ:/rc/c: 0.000033963 0.999966037 0.000000000
KQ:/rc/crr: 0.000000000 0.004910581 0.995089419
KQ:/rc/r: 0.000000145 0.198500380 0.801499475
KQ:/rrc/c: 0.554253905 0.445746095 0.000000000
KQ:/rrc/crr: 0.000000000 0.324668011 0.675331989
KQ:/rrc/r: 0.076661417 0.413033695 0.510304888
Q:/c: 0.868896765 0.131103235 0.000000000
Q:/crr: 0.000000000 0.999999944 0.000000056
Q:/r: 0.408916328 0.591083374 0.000000299
QJ:/cc/c: 0.000000588 0.999999412 0.000000000
QJ:/cc/crr: 0.000000000 0.055946982 0.944053018
QJ:/cc/r: 0.000000093 0.000000080 0.999999827
QJ:/crc/c: 0.570828423 0.429171577 0.000000000
QJ:/crc/crr: 0.000000000 0.000866907 0.999133093
QJ:/crc/r: 0.000000046 0.000000005 0.999999949
QJ:/crrc/c: 0.000000115 0.999999885 0.000000000
QJ:/crrc/crr: 0.000000000 0.130404896 0.869595104
QJ:/crrc/r: 0.012622685 0.000000000 0.987377315
QJ:/rc/c: 0.000000661 0.999999339 0.000000000
QJ:/rc/crr: 0.000000000 0.001465534 0.998534466
QJ:/rc/r: 0.012777264 0.000000006 0.987222730
QJ:/rrc/c: 0.000000404 0.999999596 0.000000000
QJ:/rrc/crr: 0.000000000 0.054462270 0.945537730
QJ:/rrc/r: 0.000000042 0.000000010 0.999999948
QK:/cc/c: 0.176032347 0.823967653 0.000000000
QK:/cc/crr: 0.000000000 0.999999931 0.000000069
QK:/cc/r: 0.000000173 0.604964617 0.395035210
QK:/crc/c: 0.293826945 0.706173055 0.000000000
QK:/crc/crr: 0.000000000 0.000008871 0.999991129
QK:/crc/r: 0.000000219 0.317549476 0.682450305
QK:/crrc/c: 0.191687496 0.808312504 0.000000000
QK:/crrc/crr: 0.000000000 0.000002604 0.999997396
QK:/crrc/r: 0.000000323 0.183172145 0.816827532
QK:/rc/c: 0.408415088 0.591584912 0.000000000
QK:/rc/crr: 0.000000000 0.000005296 0.999994704
QK:/rc/r: 0.000000017 0.198985897 0.801014086
QK:/rrc/c: 0.464763907 0.535236093 0.000000000
QK:/rrc/crr: 0.000000000 0.039089551 0.960910449
QK:/rrc/r: 0.000000049 0.377389905 0.622610046
QQ:/cc/c: 0.999999988 0.000000012 0.000000000
QQ:/cc/crr: 0.000000000 0.999999988 0.000000012
QQ:/cc/r: 0.999999700 0.000000111 0.000000188
QQ:/crc/c: 0.999999975 0.000000025 0.000000000
QQ:/crc/crr: 0.000000000 0.999999983 0.000000017
QQ:/crc/r: 0.999999962 0.000000019 0.000000019
QQ:/crrc/c: 0.999999995 0.000000005 0.000000000
QQ:/crrc/crr: 0.000000000 0.999999995 0.000000005
QQ:/crrc/r: 0.999999966 0.000000028 0.000000006
QQ:/rc/c: 0.999999991 0.000000009 0.000000000
QQ:/rc/crr: 0.000000000 0.999999995 0.000000005
QQ:/rc/r: 0.999999977 0.000000009 0.000000015
QQ:/rrc/c: 0.999999949 0.000000051 0.000000000
QQ:/rrc/crr: 0.000000000 0.999999948 0.000000052
QQ:/rrc/r: 0.999999809 0.000000134 0.000000056
