J:/c: 0.297011964 0.702988036 0.000000000
J:/crr: 0.000000000 0.999999997 0.000000003
J:/r: 0.057875425 0.133262566 0.808862009
JJ:/cc/c: 0.999999995 0.000000005 0.000000000
JJ:/cc/crr: 0.000000000 0.999999997 0.000000003
JJ:/cc/r: 0.999999986 0.000000010 0.000000004
JJ:/crc/c: 0.999999987 0.000000013 0.000000000
JJ:/crc/crr: 0.000000000 0.999999994 0.000000006
JJ:/crc/r: 0.635128571 0.364871421 0.000000007
JJ:/crrc/c: 0.999999994 0.000000006 0.000000000
JJ:/crrc/crr: 0.000000000 0.999999997 0.000000003
JJ:/crrc/r: 0.999999932 0.000000064 0.000000004
JJ:/rc/c: 0.999999980 0.000000020 0.000000000
JJ:/rc/crr: 0.000000000 0.999999991 0.000000009
JJ:/rc/r: 0.999999975 0.000000013 0.000000012
JJ:/rrc/c: 0.999999954 0.000000046 0.000000000
JJ:/rrc/crr: 0.000000000 0.999999979 0.000000021
JJ:/rrc/r: 0.999999612 0.000000360 0.000000028
JK:/cc/c: 0.007488236 0.992511764 0.000000000
JK:/cc/crr: 0.000000000 0.000000381 0.999999619
JK:/cc/r: 0.000000700 0.000000004 0.999999296
JK:/crc/c: 0.557099476 0.442900524 0.000000000
JK:/crc/crr: 0.000000000 0.000000085 0.999999915
JK:/crc/r: 0.014906522 0.000000117 0.985093361
JK:/crrc/c: 0.388457290 0.611542710 0.000000000
JK:/crrc/crr: 0.000000000 0.000000280 0.999999720
JK:/crrc/r: 0.224173320 0.000000072 0.775826608
JK:/rc/c: 0.385623534 0.614376466 0.000000000
JK:/rc/crr: 0.000000000 0.000000020 0.999999980
JK:/rc/r: 0.384809348 0.000000010 0.615190642
JK:/rrc/c: 0.999998978 0.000001022 0.000000000
JK:/rrc/crr: 0.000000000 0.000000115 0.999999885
JK:/rrc/r: 0.317503909 0.000000150 0.682495940
JQ:/cc/c: 0.070893075 0.929106925 0.000000000
JQ:/cc/crr: 0.000000000 0.000000000 1.000000000
JQ:/cc/r: 0.038186288 0.000000000 0.961813712
JQ:/crc/c: 0.390541833 0.609458167 0.000000000
JQ:/crc/crr: 0.000000000 0.000003466 0.999996534
JQ:/crc/r: 0.137640552 0.000000030 0.862359418
JQ:/crrc/c: 0.035806099 0.964193901 0.000000000
JQ:/crrc/crr: 0.000000000 0.000000751 0.999999249
JQ:/crrc/r: 0.162101157 0.000000014 0.837898829
JQ:/rc/c: 0.999978162 0.000021838 0.000000000
JQ:/rc/crr: 0.000000000 0.000000000 1.000000000
JQ:/rc/r: 0.000000034 0.000000034 0.999999931
JQ:/rrc/c: 0.000010185 0.999989815 0.000000000
JQ:/rrc/crr: 0.000000000 0.018538440 0.981461560
JQ:/rrc/r: 0.447895810 0.000000143 0.552104047
K:/c: 0.999997966 0.000002034 0.000000000
K:/crr: 0.000000000 0.999999999 0.000000001
K:/r: 0.580884982 0.419115017 0.000000001
KJ:/cc/c: 0.012572510 0.987427490 0.000000000
KJ:/cc/crr: 0.000000000 0.966992013 0.033007987
KJ:/cc/r: 0.010485127 0.006318134 0.983196738
KJ:/crc/c: 0.136320690 0.863679310 0.000000000
KJ:/crc/crr: 0.000000000 0.999999989 0.000000011
KJ:/crc/r: 0.000000158 0.749454155 0.250545687
KJ:/crrc/c: 0.319882552 0.680117448 0.000000000
KJ:/crrc/crr: 0.000000000 0.660845727 0.339154273
KJ:/crrc/r: 0.050456017 0.781224955 0.168319029
KJ:/rc/c: 0.402315072 0.597684928 0.000000000
KJ:/rc/crr: 0.000000000 0.732098222 0.267901778
KJ:/rc/r: 0.025542585 0.740083409 0.234374006
KJ:/rrc/c: 0.478540865 0.521459135 0.000000000
KJ:/rrc/crr: 0.000000000 0.999970903 0.000029097
KJ:/rrc/r: 0.042109875 0.887722909 0.070167216
KK:/cc/c: 0.994396187 0.005603813 0.000000000
KK:/cc/crr: 0.000000000 0.997390590 0.002609410
KK:/cc/r: 0.997910569 0.001677562 0.000411868
KK:/crc/c: 0.999999836 0.000000164 0.000000000
KK:/crc/crr: 0.000000000 0.999999953 0.000000047
KK:/crc/r: 0.748998637 0.251001341 0.000000021
KK:/crrc/c: 0.999999994 0.000000006 0.000000000
KK:/crrc/crr: 0.000000000 0.999999997 0.000000003
KK:/crrc/r: 0.999994320 0.000005676 0.000000004
KK:/rc/c: 0.999999976 0.000000024 0.000000000
KK:/rc/crr: 0.000000000 0.999999989 0.000000011
KK:/rc/r: 0.999999969 0.000000016 0.000000015
KK:/rrc/c: 0.999999925 0.000000075 0.000000000
KK:/rrc/crr: 0.000000000 0.999999978 0.000000022
KK:/rrc/r: 0.962066736 0.037933243 0.000000022
KQ:/cc/c: 0.004683194 0.995316806 0.000000000
KQ:/cc/crr: 0.000000000 0.767690149 0.232309851
KQ:/cc/r: 0.024031758 0.971291001 0.004677241
KQ:/crc/c: 0.346882490 0.653117510 0.000000000
KQ:/crc/crr: 0.000000000 0.055907381 0.944092619
KQ:/crc/r: 0.000000021 0.440101330 0.559898649
KQ:/crrc/c: 0.618854437 0.381145563 0.000000000
KQ:/crrc/crr: 0.000000000 0.410047451 0.589952549
KQ:/crrc/r: 0.000006277 0.771959226 0.228034497
KQ:/rc/c: 0.000028879 0.999971121 0.000000000
KQ:/rc/crr: 0.000000000 0.009118518 0.990881482
KQ:/rc/r: 0.000000197 0.315929707 0.684070096
KQ:/rrc/c: 0.513920796 0.486079204 0.000000000
KQ:/rrc/crr: 0.000000000 0.472714983 0.527285017
KQ:/rrc/r: 0.086696609 0.549342012 0.363961379
Q:/c: 0.849292584 0.150707416 0.000000000
Q:/crr: 0.000000000 0.999999970 0.000000030
Q:/r: 0.370371686 0.629628144 0.000000171
QJ:/cc/c: 0.000000500 0.999999500 0.000000000
QJ:/cc/crr: 0.000000000 0.099514994 0.900485006
QJ:/cc/r: 0.000000147 0.000000148 0.999999704
QJ:/crc/c: 0.530725257 0.469274743 0.000000000
QJ:/crc/crr: 0.000000000 0.001615395 0.998384605
QJ:/crc/r: 0.000000073 0.000000010 0.999999918
QJ:/crrc/c: 0.000000097 0.999999903 0.000000000
QJ:/crrc/crr: 0.000000000 0.218533859 0.781466141
QJ:/crrc/r: 0.019867942 0.000000000 0.980132058
QJ:/rc/c: 0.000000562 0.999999438 0.000000000
QJ:/rc/crr: 0.000000000 0.002729465 0.997270535
QJ:/rc/r: 0.020109440 0.000000012 0.979890548
QJ:/rrc/c: 0.000000343 0.999999657 0.000000000
QJ:/rrc/crr: 0.000000000 0.096992871 0.903007129
QJ:/rrc/r: 0.000000067 0.000000018 0.999999914
QK:/cc/c: 0.153730171 0.846269829 0.000000000
QK:/cc/crr: 0.000000000 0.999999963 0.000000037
QK:/cc/r: 0.000000180 0.740649491 0.259350328
QK:/crc/c: 0.261334270 0.738665730 0.000000000
QK:/crc/crr: 0.000000000 0.000016543 0.999983457
QK:/crc/r: 0.000000273 0.464583428 0.535416299
QK:/crrc/c: 0.167805846 0.832194154 0.000000000
QK:/crrc/crr: 0.000000000 0.000004856 0.999995144
QK:/crrc/r: 0.000000442 0.294869595 0.705129964
QK:/rc/c: 0.369888072 0.630111928 0.000000000
QK:/rc/crr: 0.000000000 0.000009876 0.999990124
QK:/rc/r: 0.000000023 0.316589016 0.683410961
QK:/rrc/c: 0.424737724 0.575262276 0.000000000
QK:/rrc/crr: 0.000000000 0.070510533 0.929489467
QK:/rrc/r: 0.000000059 0.530589504 0.469410437
QQ:/cc/c: 0.999999986 0.000000014 0.000000000
QQ:/cc/crr: 0.000000000 0.999999993 0.000000007
QQ:/cc/r: 0.999999750 0.000000131 0.000000119
QQ:/crc/c: 0.999999971 0.000000029 0.000000000
QQ:/crc/crr: 0.000000000 0.999999991 0.000000009
QQ:/crc/r: 0.999999966 0.000000022 0.000000012
QQ:/crrc/c: 0.999999994 0.000000006 0.000000000
QQ:/crrc/crr: 0.000000000 0.999999997 0.000000003
QQ:/crrc/r: 0.999999963 0.000000033 0.000000004
QQ:/rc/c: 0.999999989 0.000000011 0.000000000
QQ:/rc/crr: 0.000000000 0.999999997 0.000000003
QQ:/rc/r: 0.999999981 0.000000010 0.000000009
QQ:/rrc/c: 0.999999940 0.000000060 0.000000000
QQ:/rrc/crr: 0.000000000 0.999999972 0.000000028
QQ:/rrc/r: 0.999999807 0.000000158 0.000000036
