J:/c: 0.343306279 0.656693721 0.000000000
J:/crr: 0.000000000 0.999999998 0.000000002
J:/r: 0.079245110 0.147466571 0.773288319
JJ:/cc/c: 0.999999996 0.000000004 0.000000000
JJ:/cc/crr: 0.000000000 0.999999998 0.000000002
JJ:/cc/r: 0.999999989 0.000000008 0.000000003
JJ:/crc/c: 0.999999989 0.000000011 0.000000000
JJ:/crc/crr: 0.000000000 0.999999995 0.000000005
JJ:/crc/r: 0.682926823 0.317073171 0.000000006
JJ:/crrc/c: 0.999999995 0.000000005 0.000000000
JJ:/crrc/crr: 0.000000000 0.999999998 0.000000002
JJ:/crrc/r: 0.999999945 0.000000052 0.000000003
JJ:/rc/c: 0.999999984 0.000000016 0.000000000
JJ:/rc/crr: 0.000000000 0.999999992 0.000000008
JJ:/rc/r: 0.999999981 0.000000011 0.000000008
JJ:/rrc/c: 0.999999963 0.000000037 0.000000000
JJ:/rrc/crr: 0.000000000 0.999999982 0.000000018
JJ:/rrc/r: 0.999999690 0.000000291 0.000000020
JK:/cc/c: 0.009249137 0.990750863 0.000000000
JK:/cc/crr: 0.000000000 0.000000441 0.999999559
JK:/cc/r: 0.000001002 0.000000005 0.999998993
JK:/crc/c: 0.608823927 0.391176073 0.000000000
JK:/crc/crr: 0.000000000 0.000000098 0.999999902
JK:/crc/r: 0.021212821 0.000000135 0.978787045
JK:/crrc/c: 0.440082101 0.559917899 0.000000000
JK:/crrc/crr: 0.000000000 0.000000325 0.999999675
JK:/crrc/r: 0.292705440 0.000000076 0.707294484
JK:/rc/c: 0.437140946 0.562859054 0.000000000
JK:/rc/crr: 0.000000000 0.000000024 0.999999976
JK:/rc/r: 0.472538914 0.000000010 0.527461076
JK:/rrc/c: 0.999999174 0.000000826 0.000000000
JK:/rrc/crr: 0.000000000 0.000000133 0.999999867
JK:/rrc/r: 0.399862639 0.000000153 0.600137208
JQ:/cc/c: 0.086268018 0.913731982 0.000000000
JQ:/cc/crr: 0.000000000 0.000000000 1.000000000
JQ:/cc/r: 0.053803331 0.000000000 0.946196669
JQ:/crc/c: 0.442243338 0.557756662 0.000000000
JQ:/crc/crr: 0.000000000 0.000004011 0.999995989
JQ:/crc/r: 0.186063042 0.000000033 0.813936926
JQ:/crrc/c: 0.043931353 0.956068647 0.000000000
JQ:/crrc/crr: 0.000000000 0.000000869 0.999999131
JQ:/crrc/r: 0.216963939 0.000000015 0.783036046
JQ:/rc/c: 0.999982351 0.000017649 0.000000000
JQ:/rc/crr: 0.000000000 0.000000000 1.000000000
JQ:/rc/r: 0.000000049 0.000000040 0.999999911
JQ:/rrc/c: 0.000012602 0.999987398 0.000000000
JQ:/rrc/crr: 0.000000000 0.021395647 0.978604353
JQ:/rrc/r: 0.537443032 0.000000139 0.462556830
K:/c: 0.999998356 0.000001644 0.000000000
K:/crr: 0.000000000 0.999999999 0.000000001
K:/r: 0.631668200 0.368331799 0.000000001
KJ:/cc/c: 0.015510322 0.984489678 0.000000000
KJ:/cc/crr: 0.000000000 0.971354557 0.028645443
KJ:/cc/r: 0.014934519 0.007272999 0.977792482
KJ:/crc/c: 0.163389909 0.836610091 0.000000000
KJ:/crc/crr: 0.000000000 0.999999990 0.000000010
KJ:/crc/r: 0.000000202 0.775904904 0.224094893
KJ:/crrc/c: 0.367876178 0.632123822 0.000000000
KJ:/crrc/crr: 0.000000000 0.692816918 0.307183082
KJ:/crrc/r: 0.063121486 0.789855204 0.147023310
KJ:/rc/c: 0.454413078 0.545586922 0.000000000
KJ:/rc/crr: 0.000000000 0.759794060 0.240205940
KJ:/rc/r: 0.032443056 0.759704522 0.207852422
KJ:/rrc/c: 0.531728163 0.468271837 0.000000000
KJ:/rrc/crr: 0.000000000 0.999974862 0.000025138
KJ:/rrc/r: 0.052081380 0.887325752 0.060592868
KK:/cc/c: 0.995466247 0.004533753 0.000000000
KK:/cc/crr: 0.000000000 0.997744836 0.002255164
KK:/cc/r: 0.998355925 0.001356374 0.000287701
KK:/crc/c: 0.999999868 0.000000132 0.000000000
KK:/crc/crr: 0.000000000 0.999999959 0.000000041
KK:/crc/r: 0.786885223 0.213114761 0.000000016
KK:/crrc/c: 0.999999995 0.000000005 0.000000000
KK:/crrc/crr: 0.000000000 0.999999998 0.000000002
KK:/crrc/r: 0.999995410 0.000004587 0.000000003
KK:/rc/c: 0.999999980 0.000000020 0.000000000
KK:/rc/crr: 0.000000000 0.999999990 0.000000010
KK:/rc/r: 0.999999977 0.000000013 0.000000010
KK:/rrc/c: 0.999999939 0.000000061 0.000000000
KK:/rrc/crr: 0.000000000 0.999999981 0.000000019
KK:/rrc/r: 0.969118458 0.030881527 0.000000015
KQ:/cc/c: 0.005788320 0.994211680 0.000000000
KQ:/cc/crr: 0.000000000 0.792748119 0.207251881
KQ:/cc/r: 0.029585789 0.966393747 0.004020463
KQ:/crc/c: 0.396565021 0.603434979 0.000000000
KQ:/crc/crr: 0.000000000 0.064147585 0.935852415
KQ:/crc/r: 0.000000028 0.476393981 0.523605992
KQ:/crrc/c: 0.667669080 0.332330920 0.000000000
KQ:/crrc/crr: 0.000000000 0.445835207 0.554164793
KQ:/crrc/r: 0.000008015 0.796676745 0.203315240
KQ:/rc/c: 0.000035733 0.999964267 0.000000000
KQ:/rc/crr: 0.000000000 0.010539486 0.989460514
KQ:/rc/r: 0.000000268 0.348353482 0.651646250
KQ:/rrc/c: 0.566766434 0.433233566 0.000000000
KQ:/rrc/crr: 0.000000000 0.509250923 0.490749077
KQ:/rrc/r: 0.110471673 0.565716391 0.323811936
Q:/c: 0.874575665 0.125424335 0.000000000
Q:/crr: 0.000000000 0.999999974 0.000000026
Q:/r: 0.421248601 0.578751264 0.000000136
QJ:/cc/c: 0.000000619 0.999999381 0.000000000
QJ:/cc/crr: 0.000000000 0.113410442 0.886589558
QJ:/cc/r: 0.000000211 0.000000172 0.999999617
QJ:/crc/c: 0.583225547 0.416774453 0.000000000
QJ:/crc/crr: 0.000000000 0.001869333 0.998130667
QJ:/crc/r: 0.000000104 0.000000011 0.999999885
QJ:/crrc/c: 0.000000121 0.999999879 0.000000000
QJ:/crrc/crr: 0.000000000 0.244535121 0.755464879
QJ:/crrc/r: 0.028213086 0.000000000 0.971786914
QJ:/rc/c: 0.000000695 0.999999305 0.000000000
QJ:/rc/crr: 0.000000000 0.003157979 0.996842021
QJ:/rc/r: 0.028553066 0.000000014 0.971446920
QJ:/rrc/c: 0.000000425 0.999999575 0.000000000
QJ:/rrc/crr: 0.000000000 0.110579397 0.889420603
QJ:/rrc/r: 0.000000096 0.000000021 0.999999882
QK:/cc/c: 0.183521821 0.816478179 0.000000000
QK:/cc/crr: 0.000000000 0.999999968 0.000000032
QK:/cc/r: 0.000000231 0.767741701 0.232258067
QK:/crc/c: 0.304476167 0.695523833 0.000000000
QK:/crc/crr: 0.000000000 0.000019148 0.999980852
QK:/crc/r: 0.000000364 0.501088088 0.498911548
QK:/crrc/c: 0.199681619 0.800318381 0.000000000
QK:/crrc/crr: 0.000000000 0.000005621 0.999994379
QK:/crrc/r: 0.000000605 0.326162489 0.673836906
QK:/rc/c: 0.420742938 0.579257062 0.000000000
QK:/rc/crr: 0.000000000 0.000011431 0.999988569
QK:/rc/r: 0.000000031 0.349045955 0.650954014
QK:/rrc/c: 0.477419994 0.522580006 0.000000000
QK:/rrc/crr: 0.000000000 0.080719074 0.919280926
QK:/rrc/r: 0.000000078 0.566790297 0.433209625
QQ:/cc/c: 0.999999989 0.000000011 0.000000000
QQ:/cc/crr: 0.000000000 0.999999994 0.000000006
QQ:/cc/r: 0.999999811 0.000000106 0.000000083
QQ:/crc/c: 0.999999976 0.000000024 0.000000000
QQ:/crc/crr: 0.000000000 0.999999992 0.000000008
QQ:/crc/r: 0.999999974 0.000000018 0.000000008
QQ:/crrc/c: 0.999999995 0.000000005 0.000000000
QQ:/crrc/crr: 0.000000000 0.999999998 0.000000002
QQ:/crrc/r: 0.999999971 0.000000027 0.000000003
QQ:/rc/c: 0.999999991 0.000000009 0.000000000
QQ:/rc/crr: 0.000000000 0.999999998 0.000000002
QQ:/rc/r: 0.999999985 0.000000008 0.000000007
QQ:/rrc/c: 0.999999951 0.000000049 0.000000000
QQ:/rrc/crr: 0.000000000 0.999999976 0.000000024
QQ:/rrc/r: 0.999999848 0.000000128 0.000000025
