J:/c: 0.285154559 0.714845441 0.000000000
J:/crr: 0.000000000 0.999999996 0.000000004
J:/r: 0.043079594 0.105061459 0.851858947
JJ:/cc/c: 0.999999995 0.000000005 0.000000000
JJ:/cc/crr: 0.000000000 0.999999996 0.000000004
JJ:/cc/r: 0.999999984 0.000000011 0.000000005
JJ:/crc/c: 0.999999986 0.000000014 0.000000000
JJ:/crc/crr: 0.000000000 0.999999993 0.000000007
JJ:/crc/r: 0.621710518 0.378289472 0.000000010
JJ:/crrc/c: 0.999999994 0.000000006 0.000000000
JJ:/crrc/crr: 0.000000000 0.999999996 0.000000004
JJ:/crrc/r: 0.999999927 0.000000068 0.000000005
JJ:/rc/c: 0.999999979 0.000000021 0.000000000
JJ:/rc/crr: 0.000000000 0.999999988 0.000000012
JJ:/rc/r: 0.999999969 0.000000014 0.000000017
JJ:/rrc/c: 0.999999951 0.000000049 0.000000000
JJ:/rrc/crr: 0.000000000 0.999999971 0.000000029
JJ:/rrc/r: 0.999999579 0.000000381 0.000000040
JK:/cc/c: 0.007072995 0.992927005 0.000000000
JK:/cc/crr: 0.000000000 0.000000285 0.999999715
JK:/cc/r: 0.000000495 0.000000003 0.999999502
JK:/crc/c: 0.542877197 0.457122803 0.000000000
JK:/crc/crr: 0.000000000 0.000000064 0.999999936
JK:/crc/r: 0.010581882 0.000000088 0.989418030
JK:/crrc/c: 0.374896060 0.625103940 0.000000000
JK:/crrc/crr: 0.000000000 0.000000210 0.999999790
JK:/crrc/r: 0.169588610 0.000000058 0.830411333
JK:/rc/c: 0.372101038 0.627898962 0.000000000
JK:/rc/crr: 0.000000000 0.000000015 0.999999985
JK:/rc/r: 0.306566583 0.000000009 0.693433408
JK:/rrc/c: 0.999998917 0.000001083 0.000000000
JK:/rrc/crr: 0.000000000 0.000000086 0.999999914
JK:/rrc/r: 0.247441851 0.000000124 0.752558025
JQ:/cc/c: 0.067199934 0.932800066 0.000000000
JQ:/cc/crr: 0.000000000 0.000000000 1.000000000
JQ:/cc/r: 0.027294920 0.000000000 0.972705080
JQ:/crc/c: 0.376952688 0.623047312 0.000000000
JQ:/crc/crr: 0.000000000 0.000002594 0.999997406
JQ:/crc/r: 0.101372876 0.000000023 0.898627101
JQ:/crrc/c: 0.033874156 0.966125844 0.000000000
JQ:/crrc/crr: 0.000000000 0.000000562 0.999999438
JQ:/crrc/r: 0.120287244 0.000000011 0.879712745
JQ:/rc/c: 0.999976870 0.000023130 0.000000000
JQ:/rc/crr: 0.000000000 0.000000000 1.000000000
JQ:/rc/r: 0.000000024 0.000000026 0.999999950
JQ:/rrc/c: 0.000009616 0.999990384 0.000000000
JQ:/rrc/crr: 0.000000000 0.013942610 0.986057390
JQ:/rrc/r: 0.364424354 0.000000123 0.635575523
K:/c: 0.999997846 0.000002154 0.000000000
K:/crr: 0.000000000 0.999999999 0.000000001
K:/r: 0.566832616 0.433167383 0.000000001
KJ:/cc/c: 0.011878708 0.988121292 0.000000000
KJ:/cc/crr: 0.000000000 0.956389703 0.043610297
KJ:/cc/r: 0.007445394 0.004751828 0.987802778
KJ:/crc/c: 0.129694912 0.870305088 0.000000000
KJ:/crc/crr: 0.000000000 0.999999985 0.000000015
KJ:/crc/r: 0.000000138 0.691285269 0.308714593
KJ:/crrc/c: 0.307511498 0.692488502 0.000000000
KJ:/crrc/crr: 0.000000000 0.593269231 0.406730769
KJ:/crrc/r: 0.045209852 0.741402547 0.213387601
KJ:/rc/c: 0.388577458 0.611422542 0.000000000
KJ:/rc/crr: 0.000000000 0.671665112 0.328334888
KJ:/rc/r: 0.022385927 0.686987365 0.290626708
KJ:/rrc/c: 0.464222038 0.535777962 0.000000000
KJ:/rrc/crr: 0.000000000 0.999961132 0.000038868
KJ:/rrc/r: 0.038932236 0.869281966 0.091785798
KK:/cc/c: 0.994066683 0.005933317 0.000000000
KK:/cc/crr: 0.000000000 0.996517269 0.003482731
KK:/cc/r: 0.997641106 0.001776312 0.000582582
KK:/crc/c: 0.999999826 0.000000174 0.000000000
KK:/crc/crr: 0.000000000 0.999999937 0.000000063
KK:/crc/r: 0.738040968 0.261959002 0.000000030
KK:/crrc/c: 0.999999994 0.000000006 0.000000000
KK:/crrc/crr: 0.000000000 0.999999996 0.000000004
KK:/crrc/r: 0.999993983 0.000006012 0.000000005
KK:/rc/c: 0.999999974 0.000000026 0.000000000
KK:/rc/crr: 0.000000000 0.999999985 0.000000015
KK:/rc/r: 0.999999962 0.000000017 0.000000021
KK:/rrc/c: 0.999999920 0.000000080 0.000000000
KK:/rrc/crr: 0.000000000 0.999999970 0.000000030
KK:/rrc/r: 0.959912888 0.040087081 0.000000030
KQ:/cc/c: 0.004422806 0.995577194 0.000000000
KQ:/cc/crr: 0.000000000 0.712128806 0.287871194
KQ:/cc/r: 0.022684456 0.971068876 0.006246668
KQ:/crc/c: 0.333980010 0.666019990 0.000000000
KQ:/crc/crr: 0.000000000 0.042448158 0.957551842
KQ:/crc/r: 0.000000016 0.370442418 0.629557565
KQ:/crrc/c: 0.605209916 0.394790084 0.000000000
KQ:/crrc/crr: 0.000000000 0.342237786 0.657762214
KQ:/crrc/r: 0.000005504 0.717044217 0.282950278
KQ:/rc/c: 0.000027266 0.999972734 0.000000000
KQ:/rc/crr: 0.000000000 0.006841685 0.993158315
KQ:/rc/r: 0.000000151 0.256906563 0.743093286
KQ:/rrc/c: 0.499557506 0.500442494 0.000000000
KQ:/rrc/crr: 0.000000000 0.401596580 0.598403420
KQ:/rrc/r: 0.073255047 0.491627420 0.435117532
Q:/c: 0.841788477 0.158211523 0.000000000
Q:/crr: 0.000000000 0.999999960 0.000000040
Q:/r: 0.357073158 0.642926609 0.000000233
QJ:/cc/c: 0.000000472 0.999999528 0.000000000
QJ:/cc/crr: 0.000000000 0.076407247 0.923592753
QJ:/cc/r: 0.000000104 0.000000111 0.999999785
QJ:/crc/c: 0.516391255 0.483608745 0.000000000
QJ:/crc/crr: 0.000000000 0.001209754 0.998790246
QJ:/crc/r: 0.000000051 0.000000007 0.999999941
QJ:/crrc/c: 0.000000092 0.999999908 0.000000000
QJ:/crrc/crr: 0.000000000 0.173102141 0.826897859
QJ:/crrc/r: 0.014124546 0.000000000 0.985875454
QJ:/rc/c: 0.000000531 0.999999469 0.000000000
QJ:/rc/crr: 0.000000000 0.002044644 0.997955356
QJ:/rc/r: 0.014297251 0.000000009 0.985702740
QJ:/rrc/c: 0.000000324 0.999999676 0.000000000
QJ:/rrc/crr: 0.000000000 0.074422368 0.925577632
QJ:/rrc/r: 0.000000048 0.000000014 0.999999939
QK:/cc/c: 0.146401652 0.853598348 0.000000000
QK:/cc/crr: 0.000000000 0.999999950 0.000000050
QK:/cc/r: 0.000000157 0.681305694 0.318694149
QK:/crc/c: 0.250393874 0.749606126 0.000000000
QK:/crc/crr: 0.000000000 0.000012384 0.999987616
QK:/crc/r: 0.000000219 0.393774821 0.606224961
QK:/crrc/c: 0.159933131 0.840066869 0.000000000
QK:/crrc/crr: 0.000000000 0.000003635 0.999996365
QK:/crrc/r: 0.000000337 0.238409748 0.761589914
QK:/rc/c: 0.356597095 0.643402905 0.000000000
QK:/rc/crr: 0.000000000 0.000007393 0.999992607
QK:/rc/r: 0.000000018 0.257489047 0.742510935
QK:/rrc/c: 0.410760654 0.589239346 0.000000000
QK:/rrc/crr: 0.000000000 0.053735825 0.946264175
QK:/rrc/r: 0.000000048 0.458332501 0.541667451
QQ:/cc/c: 0.999999985 0.000000015 0.000000000
QQ:/cc/crr: 0.000000000 0.999999991 0.000000009
QQ:/cc/r: 0.999999693 0.000000138 0.000000168
QQ:/crc/c: 0.999999969 0.000000031 0.000000000
QQ:/crc/crr: 0.000000000 0.999999988 0.000000012
QQ:/crc/r: 0.999999959 0.000000023 0.000000017
QQ:/crrc/c: 0.999999994 0.000000006 0.000000000
QQ:/crrc/crr: 0.000000000 0.999999996 0.000000004
QQ:/crrc/r: 0.999999960 0.000000035 0.000000005
QQ:/rc/c: 0.999999988 0.000000012 0.000000000
QQ:/rc/crr: 0.000000000 0.999999996 0.000000004
QQ:/rc/r: 0.999999976 0.000000011 0.000000013
QQ:/rrc/c: 0.999999936 0.000000064 0.000000000
QQ:/rrc/crr: 0.000000000 0.999999963 0.000000037
QQ:/rrc/r: 0.999999783 0.000000167 0.000000050
