J:/c: 0.336912853 0.663087147 0.000000000
J:/crr: 0.000000000 0.999999997 0.000000003
J:/r: 0.058082833 0.111209224 0.830707944
JJ:/cc/c: 0.999999996 0.000000004 0.000000000
JJ:/cc/crr: 0.000000000 0.999999997 0.000000003
JJ:/cc/r: 0.999999988 0.000000008 0.000000004
JJ:/crc/c: 0.999999989 0.000000011 0.000000000
JJ:/crc/crr: 0.000000000 0.999999993 0.000000007
JJ:/crc/r: 0.676726335 0.323273657 0.000000008
JJ:/crrc/c: 0.999999995 0.000000005 0.000000000
JJ:/crrc/crr: 0.000000000 0.999999997 0.000000003
JJ:/crrc/r: 0.999999943 0.000000054 0.000000004
JJ:/rc/c: 0.999999983 0.000000017 0.000000000
JJ:/rc/crr: 0.000000000 0.999999989 0.000000011
JJ:/rc/r: 0.999999977 0.000000011 0.000000012
JJ:/rrc/c: 0.999999962 0.000000038 0.000000000
JJ:/rrc/crr: 0.000000000 0.999999974 0.000000026
JJ:/rrc/r: 0.999999672 0.000000299 0.000000029
JK:/cc/c: 0.008991707 0.991008293 0.000000000
JK:/cc/crr: 0.000000000 0.000000310 0.999999690
JK:/cc/r: 0.000000684 0.000000003 0.999999313
JK:/crc/c: 0.602018810 0.397981190 0.000000000
JK:/crc/crr: 0.000000000 0.000000069 0.999999931
JK:/crc/r: 0.014571481 0.000000095 0.985428424
JK:/crrc/c: 0.433074964 0.566925036 0.000000000
JK:/crrc/crr: 0.000000000 0.000000228 0.999999772
JK:/crrc/r: 0.220186086 0.000000059 0.779813855
JK:/rc/c: 0.430144663 0.569855337 0.000000000
JK:/rc/crr: 0.000000000 0.000000017 0.999999983
JK:/rc/r: 0.379362051 0.000000009 0.620637940
JK:/rrc/c: 0.999999150 0.000000850 0.000000000
JK:/rrc/crr: 0.000000000 0.000000093 0.999999907
JK:/rrc/r: 0.312525368 0.000000123 0.687474509
JQ:/cc/c: 0.084048782 0.915951218 0.000000000
JQ:/cc/crr: 0.000000000 0.000000000 1.000000000
JQ:/cc/r: 0.037347844 0.000000000 0.962652156
JQ:/crc/c: 0.435228537 0.564771463 0.000000000
JQ:/crc/crr: 0.000000000 0.000002816 0.999997184
JQ:/crc/r: 0.134924755 0.000000024 0.865075221
JQ:/crrc/c: 0.042750268 0.957249732 0.000000000
JQ:/crrc/crr: 0.000000000 0.000000610 0.999999390
JQ:/crrc/r: 0.158991708 0.000000011 0.841008281
JQ:/rc/c: 0.999981841 0.000018159 0.000000000
JQ:/rc/crr: 0.000000000 0.000000000 1.000000000
JQ:/rc/r: 0.000000033 0.000000028 0.999999939
JQ:/rrc/c: 0.000012248 0.999987752 0.000000000
JQ:/rrc/crr: 0.000000000 0.015116233 0.984883767
JQ:/rrc/r: 0.442197399 0.000000117 0.557802483
K:/c: 0.999998309 0.000001691 0.000000000
K:/crr: 0.000000000 0.999999999 0.000000001
K:/r: 0.625015724 0.374984275 0.000000001
KJ:/cc/c: 0.015081278 0.984918722 0.000000000
KJ:/cc/crr: 0.000000000 0.959685046 0.040314954
KJ:/cc/r: 0.010260582 0.005141220 0.984598198
KJ:/crc/c: 0.159533109 0.840466891 0.000000000
KJ:/crc/crr: 0.000000000 0.999999986 0.000000014
KJ:/crc/r: 0.000000180 0.708507271 0.291492550
KJ:/crrc/c: 0.361276913 0.638723087 0.000000000
KJ:/crrc/crr: 0.000000000 0.612897299 0.387102701
KJ:/crrc/r: 0.057841350 0.744698711 0.197459939
KJ:/rc/c: 0.447360071 0.552639929 0.000000000
KJ:/rc/crr: 0.000000000 0.689490042 0.310509958
KJ:/rc/r: 0.028999623 0.698694331 0.272306046
KJ:/rrc/c: 0.524629058 0.475370942 0.000000000
KJ:/rrc/crr: 0.000000000 0.999964192 0.000035808
KJ:/rrc/r: 0.049419806 0.866310452 0.084269742
KK:/cc/c: 0.995335846 0.004664154 0.000000000
KK:/cc/crr: 0.000000000 0.996790611 0.003209389
KK:/cc/r: 0.998183075 0.001395328 0.000421597
KK:/crc/c: 0.999999864 0.000000136 0.000000000
KK:/crc/crr: 0.000000000 0.999999942 0.000000058
KK:/crc/r: 0.782068937 0.217931040 0.000000023
KK:/crrc/c: 0.999999995 0.000000005 0.000000000
KK:/crrc/crr: 0.000000000 0.999999997 0.000000003
KK:/crrc/r: 0.999995276 0.000004720 0.000000004
KK:/rc/c: 0.999999980 0.000000020 0.000000000
KK:/rc/crr: 0.000000000 0.999999986 0.000000014
KK:/rc/r: 0.999999971 0.000000013 0.000000015
KK:/rrc/c: 0.999999937 0.000000063 0.000000000
KK:/rrc/crr: 0.000000000 0.999999973 0.000000027
KK:/rrc/r: 0.968254396 0.031745582 0.000000022
KQ:/cc/c: 0.005626667 0.994373333 0.000000000
KQ:/cc/crr: 0.000000000 0.728644496 0.271355504
KQ:/cc/r: 0.028729700 0.965548197 0.005722103
KQ:/crc/c: 0.389768442 0.610231558 0.000000000
KQ:/crc/crr: 0.000000000 0.045909527 0.954090473
KQ:/crc/r: 0.000000022 0.389762936 0.610237041
KQ:/crrc/c: 0.661318192 0.338681808 0.000000000
KQ:/crrc/crr: 0.000000000 0.360930635 0.639069365
KQ:/crrc/r: 0.000007171 0.733382027 0.266610802
KQ:/rc/c: 0.000034729 0.999965271 0.000000000
KQ:/rc/crr: 0.000000000 0.007422084 0.992577916
KQ:/rc/r: 0.000000204 0.272872157 0.727127639
KQ:/rrc/c: 0.559758723 0.440241277 0.000000000
KQ:/rrc/crr: 0.000000000 0.421454204 0.578545796
KQ:/rrc/r: 0.094652253 0.498713011 0.406634736
Q:/c: 0.813491000 0.186509000 0.000000000
Q:/crr: 0.000000000 0.999999973 0.000000027
Q:/r: 0.312849596 0.687150238 0.000000166
QJ:/cc/c: 0.000000387 0.999999613 0.000000000
QJ:/cc/crr: 0.000000000 0.110443730 0.889556270
QJ:/cc/r: 0.000000128 0.000000167 0.999999705
QJ:/crc/c: 0.466761098 0.533238902 0.000000000
QJ:/crc/crr: 0.000000000 0.001814461 0.998185539
QJ:/crc/r: 0.000000063 0.000000011 0.999999926
QJ:/crrc/c: 0.000000075 0.999999925 0.000000000
QJ:/crrc/crr: 0.000000000 0.239063214 0.760936786
QJ:/crrc/r: 0.017320720 0.000000000 0.982679280
QJ:/rc/c: 0.000000435 0.999999565 0.000000000
QJ:/rc/crr: 0.000000000 0.003065398 0.996934602
QJ:/rc/r: 0.017531810 0.000000013 0.982468177
QJ:/rrc/c: 0.000000266 0.999999734 0.000000000
QJ:/rrc/crr: 0.000000000 0.107677748 0.892322252
QJ:/rrc/r: 0.000000059 0.000000021 0.999999921
QK:/cc/c: 0.123267257 0.876732743 0.000000000
QK:/cc/crr: 0.000000000 0.999999967 0.000000033
QK:/cc/r: 0.000000144 0.762376983 0.237622873
QK:/crc/c: 0.214964973 0.785035027 0.000000000
QK:/crc/crr: 0.000000000 0.000018585 0.999981415
QK:/crc/r: 0.000000225 0.493626524 0.506373251
QK:/crrc/c: 0.134998660 0.865001340 0.000000000
QK:/crrc/crr: 0.000000000 0.000005455 0.999994545
QK:/crrc/r: 0.000000371 0.319636917 0.680362713
QK:/rc/c: 0.312403818 0.687596182 0.000000000
QK:/rc/crr: 0.000000000 0.000011095 0.999988905
QK:/rc/r: 0.000000019 0.342295044 0.657704937
QK:/rrc/c: 0.363648746 0.636351254 0.000000000
QK:/rrc/crr: 0.000000000 0.078531788 0.921468212
QK:/rrc/r: 0.000000048 0.559447389 0.440552563
QQ:/cc/c: 0.999999982 0.000000018 0.000000000
QQ:/cc/crr: 0.000000000 0.999999994 0.000000006
QQ:/cc/r: 0.999999694 0.000000169 0.000000137
QQ:/crc/c: 0.999999962 0.000000038 0.000000000
QQ:/crc/crr: 0.000000000 0.999999992 0.000000008
QQ:/crc/r: 0.999999957 0.000000029 0.000000014
QQ:/crrc/c: 0.999999992 0.000000008 0.000000000
QQ:/crrc/crr: 0.000000000 0.999999998 0.000000002
QQ:/crrc/r: 0.999999953 0.000000043 0.000000004
QQ:/rc/c: 0.999999986 0.000000014 0.000000000
QQ:/rc/crr: 0.000000000 0.999999998 0.000000002
QQ:/rc/r: 0.999999976 0.000000013 0.000000011
QQ:/rrc/c: 0.999999922 0.000000078 0.000000000
QQ:/rrc/crr: 0.000000000 0.999999975 0.000000025
QQ:/rrc/r: 0.999999755 0.000000204 0.000000041
