J:/c: 0.384429784 0.615570216 0.000000000
J:/crr: 0.000000000 0.999999996 0.000000004
J:/r: 0.064680859 0.100757259 0.834561882
JJ:/cc/c: 0.999999997 0.000000003 0.000000000
JJ:/cc/crr: 0.000000000 0.999999996 0.000000004
JJ:/cc/r: 0.999999990 0.000000007 0.000000003
JJ:/crc/c: 0.999999991 0.000000009 0.000000000
JJ:/crc/crr: 0.000000000 0.999999992 0.000000008
JJ:/crc/r: 0.720121021 0.279878971 0.000000008
JJ:/crrc/c: 0.999999996 0.000000004 0.000000000
JJ:/crrc/crr: 0.000000000 0.999999996 0.000000004
JJ:/crrc/r: 0.999999953 0.000000044 0.000000003
JJ:/rc/c: 0.999999986 0.000000014 0.000000000
JJ:/rc/crr: 0.000000000 0.999999987 0.000000013
JJ:/rc/r: 0.999999980 0.000000009 0.000000011
JJ:/rrc/c: 0.999999969 0.000000031 0.000000000
JJ:/rrc/crr: 0.000000000 0.999999971 0.000000029
JJ:/rrc/r: 0.999999731 0.000000243 0.000000026
JK:/cc/c: 0.011029119 0.988970881 0.000000000
JK:/cc/crr: 0.000000000 0.000000279 0.999999721
JK:/cc/r: 0.000000758 0.000000003 0.999999239
JK:/crc/c: 0.650259078 0.349740922 0.000000000
JK:/crc/crr: 0.000000000 0.000000062 0.999999938
JK:/crc/r: 0.016126337 0.000000086 0.983873578
JK:/crrc/c: 0.484249717 0.515750283 0.000000000
JK:/crrc/crr: 0.000000000 0.000000205 0.999999795
JK:/crrc/r: 0.238373826 0.000000052 0.761626122
JK:/rc/c: 0.481267098 0.518732902 0.000000000
JK:/rc/crr: 0.000000000 0.000000015 0.999999985
JK:/rc/r: 0.403888158 0.000000007 0.596111834
JK:/rrc/c: 0.999999308 0.000000692 0.000000000
JK:/rrc/crr: 0.000000000 0.000000084 0.999999916
JK:/rrc/r: 0.335063229 0.000000107 0.664936664
JQ:/cc/c: 0.101353851 0.898646149 0.000000000
JQ:/cc/crr: 0.000000000 0.000000000 1.000000000
JQ:/cc/r: 0.041231371 0.000000000 0.958768629
JQ:/crc/c: 0.486439418 0.513560582 0.000000000
JQ:/crc/crr: 0.000000000 0.000002540 0.999997460
JQ:/crc/r: 0.147400988 0.000000022 0.852598991
JQ:/crrc/c: 0.052035317 0.947964683 0.000000000
JQ:/crrc/crr: 0.000000000 0.000000550 0.999999450
JQ:/crrc/r: 0.173247682 0.000000010 0.826752308
JQ:/rc/c: 0.999985226 0.000014774 0.000000000
JQ:/rc/crr: 0.000000000 0.000000000 1.000000000
JQ:/rc/r: 0.000000037 0.000000025 0.999999938
JQ:/rrc/c: 0.000015054 0.999984946 0.000000000
JQ:/rrc/crr: 0.000000000 0.013652553 0.986347447
JQ:/rrc/r: 0.467724401 0.000000101 0.532275498
K:/c: 0.999998624 0.000001376 0.000000000
K:/crr: 0.000000000 0.999999999 0.000000001
K:/r: 0.671987268 0.328012731 0.000000001
KJ:/cc/c: 0.018472792 0.981527208 0.000000000
KJ:/cc/crr: 0.000000000 0.955491896 0.044508104
KJ:/cc/r: 0.011366475 0.004633696 0.983999830
KJ:/crc/c: 0.189170079 0.810829921 0.000000000
KJ:/crc/crr: 0.000000000 0.999999985 0.000000015
KJ:/crc/r: 0.000000214 0.686717466 0.313282320
KJ:/crrc/c: 0.410104835 0.589895165 0.000000000
KJ:/crrc/crr: 0.000000000 0.588115323 0.411884677
KJ:/crrc/r: 0.068706338 0.719691757 0.211601904
KJ:/rc/c: 0.498737850 0.501262150 0.000000000
KJ:/rc/crr: 0.000000000 0.666946922 0.333053078
KJ:/rc/r: 0.034395780 0.674229223 0.291374997
KJ:/rrc/c: 0.575637551 0.424362449 0.000000000
KJ:/rrc/crr: 0.000000000 0.999960294 0.000039706
KJ:/rrc/r: 0.059522643 0.848911194 0.091566163
KK:/cc/c: 0.996201972 0.003798028 0.000000000
KK:/cc/crr: 0.000000000 0.996442497 0.003557503
KK:/cc/r: 0.998483967 0.001135572 0.000380461
KK:/crc/c: 0.999999889 0.000000111 0.000000000
KK:/crc/crr: 0.000000000 0.999999935 0.000000065
KK:/crc/r: 0.815184788 0.184815190 0.000000022
KK:/crrc/c: 0.999999996 0.000000004 0.000000000
KK:/crrc/crr: 0.000000000 0.999999996 0.000000004
KK:/crrc/r: 0.999996156 0.000003840 0.000000003
KK:/rc/c: 0.999999984 0.000000016 0.000000000
KK:/rc/crr: 0.000000000 0.999999985 0.000000015
KK:/rc/r: 0.999999975 0.000000011 0.000000014
KK:/rrc/c: 0.999999949 0.000000051 0.000000000
KK:/rrc/crr: 0.000000000 0.999999970 0.000000030
KK:/rrc/r: 0.974018228 0.025981752 0.000000020
KQ:/cc/c: 0.006906916 0.993093084 0.000000000
KQ:/cc/crr: 0.000000000 0.707739069 0.292260931
KQ:/cc/r: 0.035059487 0.958640923 0.006299590
KQ:/crc/c: 0.439795659 0.560204341 0.000000000
KQ:/crc/crr: 0.000000000 0.041590094 0.958409906
KQ:/crc/r: 0.000000025 0.365484810 0.634515164
KQ:/crrc/c: 0.705882266 0.294117734 0.000000000
KQ:/crrc/crr: 0.000000000 0.337455316 0.662544684
KQ:/crrc/r: 0.000008565 0.712697075 0.287294360
KQ:/rc/c: 0.000042686 0.999957314 0.000000000
KQ:/rc/crr: 0.000000000 0.006698349 0.993301651
KQ:/rc/r: 0.000000232 0.252858105 0.747141662
KQ:/rrc/c: 0.609801323 0.390198677 0.000000000
KQ:/rrc/crr: 0.000000000 0.396484620 0.603515380
KQ:/rrc/r: 0.109140626 0.467857640 0.423001734
Q:/c: 0.916968874 0.083031126 0.000000000
Q:/crr: 0.000000000 0.999999948 0.000000052
Q:/r: 0.535483184 0.464516596 0.000000221
QJ:/cc/c: 0.000000980 0.999999020 0.000000000
QJ:/cc/crr: 0.000000000 0.059323063 0.940676937
QJ:/cc/r: 0.000000165 0.000000085 0.999999750
QJ:/crc/c: 0.689086189 0.310913811 0.000000000
QJ:/crc/crr: 0.000000000 0.000922467 0.999077533
QJ:/crc/r: 0.000000081 0.000000006 0.999999913
QJ:/crrc/c: 0.000000191 0.999999809 0.000000000
QJ:/crrc/crr: 0.000000000 0.137619104 0.862380896
QJ:/crrc/r: 0.022166403 0.000000000 0.977833597
QJ:/rc/c: 0.000001101 0.999998899 0.000000000
QJ:/rc/crr: 0.000000000 0.001559401 0.998440599
QJ:/rc/r: 0.022435200 0.000000007 0.977564793
QJ:/rrc/c: 0.000000673 0.999999327 0.000000000
QJ:/rrc/crr: 0.000000000 0.057754238 0.942245762
QJ:/rrc/r: 0.000000075 0.000000010 0.999999914
QK:/cc/c: 0.262532956 0.737467044 0.000000000
QK:/cc/crr: 0.000000000 0.999999935 0.000000065
QK:/cc/r: 0.000000296 0.619722493 0.380277212
QK:/crc/c: 0.409447310 0.590552690 0.000000000
QK:/crc/crr: 0.000000000 0.000009440 0.999990560
QK:/crc/r: 0.000000381 0.331173910 0.668825708
QK:/crrc/c: 0.283236521 0.716763479 0.000000000
QK:/crrc/crr: 0.000000000 0.000002771 0.999997229
QK:/crrc/r: 0.000000566 0.192658734 0.807340701
QK:/rc/c: 0.534967207 0.465032793 0.000000000
QK:/rc/crr: 0.000000000 0.000005636 0.999994364
QK:/rc/r: 0.000000030 0.209081898 0.790918072
QK:/rrc/c: 0.591323735 0.408676265 0.000000000
QK:/rrc/crr: 0.000000000 0.041493092 0.958506908
QK:/rrc/r: 0.000000085 0.392106688 0.607893227
QQ:/cc/c: 0.999999993 0.000000007 0.000000000
QQ:/cc/crr: 0.000000000 0.999999989 0.000000011
QQ:/cc/r: 0.999999827 0.000000067 0.000000106
QQ:/crc/c: 0.999999985 0.000000015 0.000000000
QQ:/crc/crr: 0.000000000 0.999999984 0.000000016
QQ:/crc/r: 0.999999978 0.000000011 0.000000011
QQ:/crrc/c: 0.999999997 0.000000003 0.000000000
QQ:/crrc/crr: 0.000000000 0.999999995 0.000000005
QQ:/crrc/r: 0.999999980 0.000000017 0.000000003
QQ:/rc/c: 0.999999994 0.000000006 0.000000000
QQ:/rc/crr: 0.000000000 0.999999995 0.000000005
QQ:/rc/r: 0.999999987 0.000000005 0.000000008
QQ:/rrc/c: 0.999999969 0.000000031 0.000000000
QQ:/rrc/crr: 0.000000000 0.999999951 0.000000049
QQ:/rrc/r: 0.999999888 0.000000081 0.000000032
