J:/c: 0.409046416 0.590953584 0.000000000
J:/crr: 0.000000000 0.999999997 0.000000003
J:/r: 0.091028224 0.127937199 0.781034577
JJ:/cc/c: 0.999999997 0.000000003 0.000000000
JJ:/cc/crr: 0.000000000 0.999999997 0.000000003
JJ:/cc/r: 0.999999992 0.000000006 0.000000002
JJ:/crc/c: 0.999999992 0.000000008 0.000000000
JJ:/crc/crr: 0.000000000 0.999999994 0.000000006
JJ:/crc/r: 0.740379323 0.259620672 0.000000005
JJ:/crrc/c: 0.999999996 0.000000004 0.000000000
JJ:/crrc/crr: 0.000000000 0.999999997 0.000000003
JJ:/crrc/r: 0.999999958 0.000000039 0.000000002
JJ:/rc/c: 0.999999988 0.000000012 0.000000000
JJ:/rc/crr: 0.000000000 0.999999991 0.000000009
JJ:/rc/r: 0.999999985 0.000000008 0.000000007
JJ:/rrc/c: 0.999999972 0.000000028 0.000000000
JJ:/rrc/crr: 0.000000000 0.999999978 0.000000022
JJ:/rrc/r: 0.999999763 0.000000220 0.000000017
JK:/cc/c: 0.012209613 0.987790387 0.000000000
JK:/cc/crr: 0.000000000 0.000000379 0.999999621
JK:/cc/r: 0.000001140 0.000000004 0.999998856
JK:/crc/c: 0.673279885 0.326720115 0.000000000
JK:/crc/crr: 0.000000000 0.000000084 0.999999916
JK:/crc/r: 0.024055266 0.000000115 0.975944618
JK:/crrc/c: 0.509962941 0.490037059 0.000000000
JK:/crrc/crr: 0.000000000 0.000000279 0.999999721
JK:/crrc/r: 0.320032169 0.000000063 0.679967768
JK:/rc/c: 0.506977629 0.493022371 0.000000000
JK:/rc/crr: 0.000000000 0.000000020 0.999999980
JK:/rc/r: 0.504675229 0.000000008 0.495324763
JK:/rrc/c: 0.999999376 0.000000624 0.000000000
JK:/rrc/crr: 0.000000000 0.000000114 0.999999886
JK:/rrc/r: 0.431095977 0.000000125 0.568903898
JQ:/cc/c: 0.111115959 0.888884041 0.000000000
JQ:/cc/crr: 0.000000000 0.000000000 1.000000000
JQ:/cc/r: 0.060741783 0.000000000 0.939258217
JQ:/crc/c: 0.512153453 0.487846547 0.000000000
JQ:/crc/crr: 0.000000000 0.000003446 0.999996554
JQ:/crc/r: 0.206338191 0.000000027 0.793661782
JQ:/crrc/c: 0.057350359 0.942649641 0.000000000
JQ:/crrc/crr: 0.000000000 0.000000747 0.999999253
JQ:/crrc/r: 0.239615050 0.000000012 0.760384937
JQ:/rc/c: 0.999986670 0.000013330 0.000000000
JQ:/rc/crr: 0.000000000 0.000000000 1.000000000
JQ:/rc/r: 0.000000056 0.000000034 0.999999910
JQ:/rrc/c: 0.000016685 0.999983315 0.000000000
JQ:/rrc/crr: 0.000000000 0.018433694 0.981566306
JQ:/rrc/r: 0.569229821 0.000000111 0.430770068
K:/c: 0.999998555 0.000001445 0.000000000
K:/crr: 0.000000000 0.999999999 0.000000001
K:/r: 0.661148262 0.338851737 0.000000001
KJ:/cc/c: 0.017608947 0.982391053 0.000000000
KJ:/cc/crr: 0.000000000 0.954321893 0.045678107
KJ:/cc/r: 0.010545292 0.004513792 0.984940916
KJ:/crc/c: 0.181802423 0.818197577 0.000000000
KJ:/crc/crr: 0.000000000 0.999999984 0.000000016
KJ:/crc/r: 0.000000202 0.680842105 0.319157693
KJ:/crrc/c: 0.398359906 0.601640094 0.000000000
KJ:/crrc/crr: 0.000000000 0.581517642 0.418482358
KJ:/crrc/r: 0.065268857 0.717855341 0.216875802
KJ:/rc/c: 0.486548215 0.513451785 0.000000000
KJ:/rc/crr: 0.000000000 0.660883869 0.339116131
KJ:/rc/r: 0.032550537 0.669949036 0.297500428
KJ:/rrc/c: 0.563681961 0.436318039 0.000000000
KJ:/rrc/crr: 0.000000000 0.999959201 0.000040799
KJ:/rrc/r: 0.056706930 0.849175378 0.094117692
KK:/cc/c: 0.996012902 0.003987098 0.000000000
KK:/cc/crr: 0.000000000 0.996344861 0.003655139
KK:/cc/r: 0.998397330 0.001192225 0.000410445
KK:/crc/c: 0.999999884 0.000000116 0.000000000
KK:/crc/crr: 0.000000000 0.999999933 0.000000067
KK:/crc/r: 0.807723729 0.192276248 0.000000023
KK:/crrc/c: 0.999999996 0.000000004 0.000000000
KK:/crrc/crr: 0.000000000 0.999999996 0.000000004
KK:/crrc/r: 0.999995964 0.000004032 0.000000004
KK:/rc/c: 0.999999983 0.000000017 0.000000000
KK:/rc/crr: 0.000000000 0.999999984 0.000000016
KK:/rc/r: 0.999999974 0.000000011 0.000000015
KK:/rrc/c: 0.999999946 0.000000054 0.000000000
KK:/rrc/crr: 0.000000000 0.999999969 0.000000031
KK:/rrc/r: 0.972755027 0.027244952 0.000000022
KQ:/cc/c: 0.006580302 0.993419698 0.000000000
KQ:/cc/crr: 0.000000000 0.702086909 0.297913091
KQ:/cc/r: 0.033440616 0.960076574 0.006482811
KQ:/crc/c: 0.427817102 0.572182898 0.000000000
KQ:/crc/crr: 0.000000000 0.040520357 0.959479643
KQ:/crc/r: 0.000000024 0.359206555 0.640793422
KQ:/crrc/c: 0.695656033 0.304343967 0.000000000
KQ:/crrc/crr: 0.000000000 0.331407066 0.668592934
KQ:/crrc/r: 0.000008094 0.707101569 0.292890337
KQ:/rc/c: 0.000040654 0.999959346 0.000000000
KQ:/rc/crr: 0.000000000 0.006519956 0.993480044
KQ:/rc/r: 0.000000217 0.247759104 0.752240679
KQ:/rrc/c: 0.598136293 0.401863707 0.000000000
KQ:/rrc/crr: 0.000000000 0.390001157 0.609998843
KQ:/rrc/r: 0.103278562 0.464856241 0.431865197
Q:/c: 0.868340406 0.131659594 0.000000000
Q:/crr: 0.000000000 0.999999966 0.000000034
Q:/r: 0.407738547 0.592261271 0.000000182
QJ:/cc/c: 0.000000586 0.999999414 0.000000000
QJ:/cc/crr: 0.000000000 0.088672366 0.911327634
QJ:/cc/r: 0.000000152 0.000000131 0.999999718
QJ:/crc/c: 0.569633671 0.430366329 0.000000000
QJ:/crc/crr: 0.000000000 0.001422539 0.998577461
QJ:/crc/r: 0.000000075 0.000000009 0.999999917
QJ:/crrc/c: 0.000000114 0.999999886 0.000000000
QJ:/crrc/crr: 0.000000000 0.197568703 0.802431297
QJ:/crrc/r: 0.020460062 0.000000000 0.979539938
QJ:/rc/c: 0.000000658 0.999999342 0.000000000
QJ:/rc/crr: 0.000000000 0.002403925 0.997596075
QJ:/rc/r: 0.020708606 0.000000010 0.979291384
QJ:/rrc/c: 0.000000402 0.999999598 0.000000000
QJ:/rrc/crr: 0.000000000 0.086398674 0.913601326
QJ:/rrc/r: 0.000000069 0.000000016 0.999999915
QK:/cc/c: 0.175326340 0.824673660 0.000000000
QK:/cc/crr: 0.000000000 0.999999958 0.000000042
QK:/cc/r: 0.000000204 0.715453112 0.284546684
QK:/crc/c: 0.292816395 0.707183605 0.000000000
QK:/crc/crr: 0.000000000 0.000014565 0.999985435
QK:/crc/r: 0.000000298 0.433095417 0.566904285
QK:/crrc/c: 0.190933252 0.809066748 0.000000000
QK:/crrc/crr: 0.000000000 0.000004275 0.999995725
QK:/crrc/r: 0.000000472 0.269102957 0.730896572
QK:/rc/c: 0.407237708 0.592762292 0.000000000
QK:/rc/crr: 0.000000000 0.000008695 0.999991305
QK:/rc/r: 0.000000025 0.289704231 0.710295744
QK:/rrc/c: 0.463551371 0.536448629 0.000000000
QK:/rrc/crr: 0.000000000 0.062608359 0.937391641
QK:/rrc/r: 0.000000065 0.498795508 0.501204427
QQ:/cc/c: 0.999999988 0.000000012 0.000000000
QQ:/cc/crr: 0.000000000 0.999999993 0.000000007
QQ:/cc/r: 0.999999773 0.000000112 0.000000115
QQ:/crc/c: 0.999999975 0.000000025 0.000000000
QQ:/crc/crr: 0.000000000 0.999999989 0.000000011
QQ:/crc/r: 0.999999969 0.000000019 0.000000012
QQ:/crrc/c: 0.999999995 0.000000005 0.000000000
QQ:/crrc/crr: 0.000000000 0.999999997 0.000000003
QQ:/crrc/r: 0.999999968 0.000000028 0.000000004
QQ:/rc/c: 0.999999991 0.000000009 0.000000000
QQ:/rc/crr: 0.000000000 0.999999997 0.000000003
QQ:/rc/r: 0.999999982 0.000000009 0.000000009
QQ:/rrc/c: 0.999999948 0.000000052 0.000000000
QQ:/rrc/crr: 0.000000000 0.999999968 0.000000032
QQ:/rrc/r: 0.999999831 0.000000135 0.000000035
