J:/c: 0.408729721 0.591270279 0.000000000
J:/crr: 0.000000000 0.999999996 0.000000004
J:/r: 0.062181099 0.087508092 0.850310808
JJ:/cc/c: 0.999999997 0.000000003 0.000000000
JJ:/cc/crr: 0.000000000 0.999999996 0.000000004
JJ:/cc/r: 0.999999990 0.000000006 0.000000004
JJ:/crc/c: 0.999999992 0.000000008 0.000000000
JJ:/crc/crr: 0.000000000 0.999999991 0.000000009
JJ:/crc/r: 0.740127380 0.259872611 0.000000009
JJ:/crrc/c: 0.999999996 0.000000004 0.000000000
JJ:/crrc/crr: 0.000000000 0.999999996 0.000000004
JJ:/crrc/r: 0.999999957 0.000000039 0.000000004
JJ:/rc/c: 0.999999988 0.000000012 0.000000000
JJ:/rc/crr: 0.000000000 0.999999985 0.000000015
JJ:/rc/r: 0.999999980 0.000000008 0.000000012
JJ:/rrc/c: 0.999999972 0.000000028 0.000000000
JJ:/rrc/crr: 0.000000000 0.999999966 0.000000034
JJ:/rrc/r: 0.999999753 0.000000220 0.000000027
JK:/cc/c: 0.012193820 0.987806180 0.000000000
JK:/cc/crr: 0.000000000 0.000000238 0.999999762
JK:/cc/r: 0.000000715 0.000000003 0.999999282
JK:/crc/c: 0.672991590 0.327008410 0.000000000
JK:/crc/crr: 0.000000000 0.000000053 0.999999947
JK:/crc/r: 0.015229819 0.000000073 0.984770108
JK:/crrc/c: 0.509635495 0.490364505 0.000000000
JK:/crrc/crr: 0.000000000 0.000000175 0.999999825
JK:/crrc/r: 0.227984852 0.000000045 0.772015104
JK:/rc/c: 0.506650117 0.493349883 0.000000000
JK:/rc/crr: 0.000000000 0.000000013 0.999999987
JK:/rc/r: 0.389979216 0.000000006 0.610020777
JK:/rrc/c: 0.999999375 0.000000625 0.000000000
JK:/rrc/crr: 0.000000000 0.000000072 0.999999928
JK:/rrc/r: 0.322243205 0.000000093 0.677756702
JQ:/cc/c: 0.110986609 0.889013391 0.000000000
JQ:/cc/crr: 0.000000000 0.000000000 1.000000000
JQ:/cc/r: 0.038994494 0.000000000 0.961005506
JQ:/crc/c: 0.511826069 0.488173931 0.000000000
JQ:/crc/crr: 0.000000000 0.000002165 0.999997835
JQ:/crc/r: 0.140246763 0.000000019 0.859753218
JQ:/crrc/c: 0.057279564 0.942720436 0.000000000
JQ:/crrc/crr: 0.000000000 0.000000469 0.999999531
JQ:/crrc/r: 0.165081864 0.000000009 0.834918127
JQ:/rc/c: 0.999986653 0.000013347 0.000000000
JQ:/rc/crr: 0.000000000 0.000000000 1.000000000
JQ:/rc/r: 0.000000035 0.000000021 0.999999944
JQ:/rrc/c: 0.000016663 0.999983337 0.000000000
JQ:/rrc/crr: 0.000000000 0.011661181 0.988338819
JQ:/rrc/r: 0.453288756 0.000000088 0.546711155
K:/c: 0.999998757 0.000001243 0.000000000
K:/crr: 0.000000000 0.999999999 0.000000001
K:/r: 0.693972147 0.306027852 0.000000001
KJ:/cc/c: 0.020407343 0.979592657 0.000000000
KJ:/cc/crr: 0.000000000 0.948185345 0.051814655
KJ:/cc/r: 0.010739036 0.003955089 0.985305875
KJ:/crc/c: 0.205242785 0.794757215 0.000000000
KJ:/crc/crr: 0.000000000 0.999999982 0.000000018
KJ:/crc/r: 0.000000225 0.651386548 0.348613227
KJ:/crrc/c: 0.434881152 0.565118848 0.000000000
KJ:/crrc/crr: 0.000000000 0.548967945 0.451032055
KJ:/crrc/r: 0.072847591 0.689372857 0.237779552
KJ:/rc/c: 0.524111315 0.475888685 0.000000000
KJ:/rc/crr: 0.000000000 0.630585766 0.369414234
KJ:/rc/r: 0.036118050 0.639611063 0.324270886
KJ:/rrc/c: 0.600238515 0.399761485 0.000000000
KJ:/rrc/crr: 0.000000000 0.999953420 0.000046580
KJ:/rrc/r: 0.064454030 0.830461285 0.105084685
KK:/cc/c: 0.996567530 0.003432470 0.000000000
KK:/cc/crr: 0.000000000 0.995829144 0.004170856
KK:/cc/r: 0.998570754 0.001025987 0.000403259
KK:/crc/c: 0.999999900 0.000000100 0.000000000
KK:/crc/crr: 0.000000000 0.999999924 0.000000076
KK:/crc/r: 0.829999972 0.170000005 0.000000023
KK:/crrc/c: 0.999999996 0.000000004 0.000000000
KK:/crrc/crr: 0.000000000 0.999999996 0.000000004
KK:/crrc/r: 0.999996527 0.000003469 0.000000004
KK:/rc/c: 0.999999985 0.000000015 0.000000000
KK:/rc/crr: 0.000000000 0.999999982 0.000000018
KK:/rc/r: 0.999999976 0.000000010 0.000000015
KK:/rrc/c: 0.999999954 0.000000046 0.000000000
KK:/rrc/crr: 0.000000000 0.999999964 0.000000036
KK:/rrc/r: 0.976468519 0.023531459 0.000000021
KQ:/cc/c: 0.007639666 0.992360334 0.000000000
KQ:/cc/crr: 0.000000000 0.673652241 0.326347759
KQ:/cc/r: 0.038620681 0.954024648 0.007354670
KQ:/crc/c: 0.464951905 0.535048095 0.000000000
KQ:/crc/crr: 0.000000000 0.035671101 0.964328899
KQ:/crc/r: 0.000000025 0.329308444 0.670691531
KQ:/crrc/c: 0.726519907 0.273480093 0.000000000
KQ:/crrc/crr: 0.000000000 0.302729677 0.697270323
KQ:/crrc/r: 0.000009032 0.678926539 0.321064429
KQ:/rc/c: 0.000047249 0.999952751 0.000000000
KQ:/rc/crr: 0.000000000 0.005715445 0.994284555
KQ:/rc/r: 0.000000228 0.223896041 0.776103731
KQ:/rrc/c: 0.633682106 0.366317894 0.000000000
KQ:/rrc/crr: 0.000000000 0.358975786 0.641024214
KQ:/rrc/r: 0.111354076 0.431243600 0.457402324
Q:/c: 0.902155883 0.097844117 0.000000000
Q:/crr: 0.000000000 0.999999952 0.000000048
Q:/r: 0.490432555 0.509567224 0.000000221
QJ:/cc/c: 0.000000819 0.999999181 0.000000000
QJ:/cc/crr: 0.000000000 0.064574079 0.935425921
QJ:/cc/r: 0.000000151 0.000000093 0.999999757
QJ:/crc/c: 0.649172631 0.350827369 0.000000000
QJ:/crc/crr: 0.000000000 0.001009669 0.998990331
QJ:/crc/r: 0.000000074 0.000000006 0.999999920
QJ:/crrc/c: 0.000000159 0.999999841 0.000000000
QJ:/crrc/crr: 0.000000000 0.148704960 0.851295040
QJ:/crrc/r: 0.020296625 0.000000000 0.979703375
QJ:/rc/c: 0.000000920 0.999999080 0.000000000
QJ:/rc/crr: 0.000000000 0.001706709 0.998293291
QJ:/rc/r: 0.020543225 0.000000007 0.979456768
QJ:/rrc/c: 0.000000561 0.999999439 0.000000000
QJ:/rrc/crr: 0.000000000 0.062875671 0.937124329
QJ:/rrc/r: 0.000000069 0.000000011 0.999999920
QK:/cc/c: 0.229119264 0.770880736 0.000000000
QK:/cc/crr: 0.000000000 0.999999940 0.000000060
QK:/cc/r: 0.000000255 0.640787400 0.359212345
QK:/crc/c: 0.366631103 0.633368897 0.000000000
QK:/crc/crr: 0.000000000 0.000010334 0.999989666
QK:/crc/r: 0.000000338 0.351496501 0.648503161
QK:/crrc/c: 0.248074188 0.751925812 0.000000000
QK:/crrc/crr: 0.000000000 0.000003033 0.999996967
QK:/crrc/r: 0.000000508 0.207113479 0.792886014
QK:/rc/c: 0.489914195 0.510085805 0.000000000
QK:/rc/crr: 0.000000000 0.000006169 0.999993831
QK:/rc/r: 0.000000027 0.224426298 0.775573675
QK:/rrc/c: 0.547108389 0.452891611 0.000000000
QK:/rrc/crr: 0.000000000 0.045241783 0.954758217
QK:/rrc/r: 0.000000075 0.413854720 0.586145205
QQ:/cc/c: 0.999999991 0.000000009 0.000000000
QQ:/cc/crr: 0.000000000 0.999999990 0.000000010
QQ:/cc/r: 0.999999804 0.000000080 0.000000116
QQ:/crc/c: 0.999999982 0.000000018 0.000000000
QQ:/crc/crr: 0.000000000 0.999999985 0.000000015
QQ:/crc/r: 0.999999975 0.000000014 0.000000012
QQ:/crrc/c: 0.999999996 0.000000004 0.000000000
QQ:/crrc/crr: 0.000000000 0.999999996 0.000000004
QQ:/crrc/r: 0.999999976 0.000000020 0.000000004
QQ:/rc/c: 0.999999993 0.000000007 0.000000000
QQ:/rc/crr: 0.000000000 0.999999996 0.000000004
QQ:/rc/r: 0.999999985 0.000000006 0.000000009
QQ:/rrc/c: 0.999999963 0.000000037 0.000000000
QQ:/rrc/crr: 0.000000000 0.999999955 0.000000045
QQ:/rrc/r: 0.999999869 0.000000096 0.000000035
