J:/c: 0.380244795 0.619755205 0.000000000
J:/crr: 0.000000000 0.999999996 0.000000004
J:/r: 0.057617751 0.091359392 0.851022857
JJ:/cc/c: 0.999999997 0.000000003 0.000000000
JJ:/cc/crr: 0.000000000 0.999999996 0.000000004
JJ:/cc/r: 0.999999989 0.000000007 0.000000004
JJ:/crc/c: 0.999999991 0.000000009 0.000000000
JJ:/crc/crr: 0.000000000 0.999999991 0.000000009
JJ:/crc/r: 0.716535425 0.283464566 0.000000009
JJ:/crrc/c: 0.999999996 0.000000004 0.000000000
JJ:/crrc/crr: 0.000000000 0.999999996 0.000000004
JJ:/crrc/r: 0.999999952 0.000000044 0.000000004
JJ:/rc/c: 0.999999986 0.000000014 0.000000000
JJ:/rc/crr: 0.000000000 0.999999986 0.000000014
JJ:/rc/r: 0.999999978 0.000000009 0.000000013
JJ:/rrc/c: 0.999999968 0.000000032 0.000000000
JJ:/rrc/crr: 0.000000000 0.999999967 0.000000033
JJ:/rrc/r: 0.999999722 0.000000248 0.000000030
JK:/cc/c: 0.010837488 0.989162512 0.000000000
JK:/cc/crr: 0.000000000 0.000000249 0.999999751
JK:/cc/r: 0.000000662 0.000000003 0.999999335
JK:/crc/c: 0.646218170 0.353781830 0.000000000
JK:/crc/crr: 0.000000000 0.000000055 0.999999945
JK:/crc/r: 0.014116269 0.000000076 0.985883654
JK:/crrc/c: 0.479825099 0.520174901 0.000000000
JK:/crrc/crr: 0.000000000 0.000000183 0.999999817
JK:/crrc/r: 0.214707029 0.000000047 0.785292924
JK:/rc/c: 0.476844536 0.523155464 0.000000000
JK:/rc/crr: 0.000000000 0.000000013 0.999999987
JK:/rc/r: 0.371810627 0.000000007 0.628189366
JK:/rrc/c: 0.999999296 0.000000704 0.000000000
JK:/rrc/crr: 0.000000000 0.000000075 0.999999925
JK:/rrc/r: 0.305649173 0.000000100 0.694350727
JQ:/cc/c: 0.099751123 0.900248877 0.000000000
JQ:/cc/crr: 0.000000000 0.000000000 1.000000000
JQ:/cc/r: 0.036207243 0.000000000 0.963792757
JQ:/crc/c: 0.482013491 0.517986509 0.000000000
JQ:/crc/crr: 0.000000000 0.000002258 0.999997742
JQ:/crc/r: 0.131210338 0.000000020 0.868789642
JQ:/crrc/c: 0.051168066 0.948831934 0.000000000
JQ:/crrc/crr: 0.000000000 0.000000489 0.999999511
JQ:/crrc/r: 0.154733247 0.000000009 0.845266744
JQ:/rc/c: 0.999984962 0.000015038 0.000000000
JQ:/rc/crr: 0.000000000 0.000000000 1.000000000
JQ:/rc/r: 0.000000032 0.000000022 0.999999945
JQ:/rrc/c: 0.000014790 0.999985210 0.000000000
JQ:/rrc/crr: 0.000000000 0.012158096 0.987841904
JQ:/rrc/r: 0.434270397 0.000000095 0.565729508
K:/c: 0.999998599 0.000001401 0.000000000
K:/crr: 0.000000000 0.999999999 0.000000001
K:/r: 0.668069258 0.331930741 0.000000001
KJ:/cc/c: 0.018154201 0.981845799 0.000000000
KJ:/cc/crr: 0.000000000 0.950221395 0.049778605
KJ:/cc/r: 0.009948820 0.004128285 0.985922896
KJ:/crc/c: 0.186466838 0.813533162 0.000000000
KJ:/crc/crr: 0.000000000 0.999999983 0.000000017
KJ:/crc/r: 0.000000202 0.660914531 0.339085267
KJ:/crrc/c: 0.405824610 0.594175390 0.000000000
KJ:/crrc/crr: 0.000000000 0.559401739 0.440598261
KJ:/crrc/r: 0.065842688 0.702026667 0.232130645
KJ:/rc/c: 0.494307728 0.505692272 0.000000000
KJ:/rc/crr: 0.000000000 0.640368372 0.359631628
KJ:/rc/r: 0.032626608 0.650984522 0.316388871
KJ:/rrc/c: 0.571302874 0.428697126 0.000000000
KJ:/rrc/crr: 0.000000000 0.999955346 0.000044654
KJ:/rrc/r: 0.057877183 0.840202126 0.101920691
KK:/cc/c: 0.996134328 0.003865672 0.000000000
KK:/cc/crr: 0.000000000 0.996000934 0.003999066
KK:/cc/r: 0.998408720 0.001155788 0.000435491
KK:/crc/c: 0.999999887 0.000000113 0.000000000
KK:/crc/crr: 0.000000000 0.999999927 0.000000073
KK:/crc/r: 0.812499970 0.187500005 0.000000025
KK:/crrc/c: 0.999999996 0.000000004 0.000000000
KK:/crrc/crr: 0.000000000 0.999999996 0.000000004
KK:/crrc/r: 0.999996087 0.000003909 0.000000004
KK:/rc/c: 0.999999983 0.000000017 0.000000000
KK:/rc/crr: 0.000000000 0.999999983 0.000000017
KK:/rc/r: 0.999999973 0.000000011 0.000000016
KK:/rrc/c: 0.999999948 0.000000052 0.000000000
KK:/rrc/crr: 0.000000000 0.999999966 0.000000034
KK:/rrc/r: 0.973565966 0.026434011 0.000000023
KQ:/cc/c: 0.006786417 0.993213583 0.000000000
KQ:/cc/crr: 0.000000000 0.682867943 0.317132057
KQ:/cc/r: 0.034437827 0.958478726 0.007083447
KQ:/crc/c: 0.435434294 0.564565706 0.000000000
KQ:/crc/crr: 0.000000000 0.037152685 0.962847315
KQ:/crc/r: 0.000000023 0.338702481 0.661297495
KQ:/crrc/c: 0.702189693 0.297810307 0.000000000
KQ:/crrc/crr: 0.000000000 0.311717903 0.688282097
KQ:/crrc/r: 0.000008124 0.688062716 0.311929160
KQ:/rc/c: 0.000041936 0.999958064 0.000000000
KQ:/rc/crr: 0.000000000 0.005960524 0.994039476
KQ:/rc/r: 0.000000209 0.231320155 0.768679636
KQ:/rrc/c: 0.605576503 0.394423497 0.000000000
KQ:/rrc/crr: 0.000000000 0.368750825 0.631249175
KQ:/rrc/r: 0.102040157 0.445240573 0.452719271
Q:/c: 0.891109212 0.108890788 0.000000000
Q:/crr: 0.000000000 0.999999954 0.000000046
Q:/r: 0.460690136 0.539309639 0.000000224
QJ:/cc/c: 0.000000727 0.999999273 0.000000000
QJ:/cc/crr: 0.000000000 0.067172515 0.932827485
QJ:/cc/r: 0.000000140 0.000000097 0.999999764
QJ:/crc/c: 0.621545721 0.378454279 0.000000000
QJ:/crc/crr: 0.000000000 0.001053177 0.998946823
QJ:/crc/r: 0.000000069 0.000000006 0.999999925
QJ:/crrc/c: 0.000000142 0.999999858 0.000000000
QJ:/crrc/crr: 0.000000000 0.154130976 0.845869024
QJ:/crrc/r: 0.018819689 0.000000000 0.981180311
QJ:/rc/c: 0.000000816 0.999999184 0.000000000
QJ:/rc/crr: 0.000000000 0.001780201 0.998219799
QJ:/rc/r: 0.019048693 0.000000008 0.980951299
QJ:/rrc/c: 0.000000498 0.999999502 0.000000000
QJ:/rrc/crr: 0.000000000 0.065410542 0.934589458
QJ:/rrc/r: 0.000000064 0.000000012 0.999999924
QK:/cc/c: 0.208732726 0.791267274 0.000000000
QK:/cc/crr: 0.000000000 0.999999943 0.000000057
QK:/cc/r: 0.000000230 0.650449617 0.349550153
QK:/crc/c: 0.339395989 0.660604011 0.000000000
QK:/crc/crr: 0.000000000 0.000010779 0.999989221
QK:/crc/r: 0.000000308 0.361182639 0.638817053
QK:/crrc/c: 0.226496621 0.773503379 0.000000000
QK:/crrc/crr: 0.000000000 0.000003164 0.999996836
QK:/crrc/r: 0.000000466 0.214134649 0.785864885
QK:/rc/c: 0.460174819 0.539825181 0.000000000
QK:/rc/crr: 0.000000000 0.000006435 0.999993565
QK:/rc/r: 0.000000024 0.231862739 0.768137237
QK:/rrc/c: 0.517418926 0.482581074 0.000000000
QK:/rrc/crr: 0.000000000 0.047101466 0.952898534
QK:/rrc/r: 0.000000068 0.424135378 0.575864553
QQ:/cc/c: 0.999999990 0.000000010 0.000000000
QQ:/cc/crr: 0.000000000 0.999999990 0.000000010
QQ:/cc/r: 0.999999784 0.000000090 0.000000126
QQ:/crc/c: 0.999999980 0.000000020 0.000000000
QQ:/crc/crr: 0.000000000 0.999999986 0.000000014
QQ:/crc/r: 0.999999972 0.000000015 0.000000013
QQ:/crrc/c: 0.999999996 0.000000004 0.000000000
QQ:/crrc/crr: 0.000000000 0.999999996 0.000000004
QQ:/crrc/r: 0.999999973 0.000000023 0.000000004
QQ:/rc/c: 0.999999992 0.000000008 0.000000000
QQ:/rc/crr: 0.000000000 0.999999996 0.000000004
QQ:/rc/r: 0.999999983 0.000000007 0.000000010
QQ:/rrc/c: 0.999999958 0.000000042 0.000000000
QQ:/rrc/crr: 0.000000000 0.999999957 0.000000043
QQ:/rrc/r: 0.999999854 0.000000109 0.000000038
