J:/c: 0.298126749 0.701873251 0.000000000
J:/crr: 0.000000000 0.999999997 0.000000003
J:/r: 0.054870914 0.125672407 0.819456679
JJ:/cc/c: 0.999999995 0.000000005 0.000000000
JJ:/cc/crr: 0.000000000 0.999999997 0.000000003
JJ:/cc/r: 0.999999986 0.000000010 0.000000004
JJ:/crc/c: 0.999999987 0.000000013 0.000000000
JJ:/crc/crr: 0.000000000 0.999999994 0.000000006
JJ:/crc/r: 0.636363629 0.363636363 0.000000008
JJ:/crrc/c: 0.999999994 0.000000006 0.000000000
JJ:/crrc/crr: 0.000000000 0.999999997 0.000000003
JJ:/crrc/r: 0.999999932 0.000000064 0.000000004
JJ:/rc/c: 0.999999980 0.000000020 0.000000000
JJ:/rc/crr: 0.000000000 0.999999990 0.000000010
JJ:/rc/r: 0.999999974 0.000000013 0.000000013
JJ:/rrc/c: 0.999999954 0.000000046 0.000000000
JJ:/rrc/crr: 0.000000000 0.999999977 0.000000023
JJ:/rrc/r: 0.999999612 0.000000358 0.000000030
JK:/cc/c: 0.007527979 0.992472021 0.000000000
JK:/cc/crr: 0.000000000 0.000000355 0.999999645
JK:/cc/r: 0.000000655 0.000000004 0.999999341
JK:/crc/c: 0.558415020 0.441584980 0.000000000
JK:/crc/crr: 0.000000000 0.000000079 0.999999921
JK:/crc/r: 0.013963311 0.000000109 0.986036580
JK:/crrc/c: 0.389725021 0.610274979 0.000000000
JK:/crrc/crr: 0.000000000 0.000000261 0.999999739
JK:/crrc/r: 0.212849808 0.000000068 0.787150124
JK:/rc/c: 0.386887868 0.613112132 0.000000000
JK:/rc/crr: 0.000000000 0.000000019 0.999999981
JK:/rc/r: 0.369233420 0.000000010 0.630766570
JK:/rrc/c: 0.999998983 0.000001017 0.000000000
JK:/rrc/crr: 0.000000000 0.000000107 0.999999893
JK:/rrc/r: 0.303309127 0.000000143 0.696690730
JQ:/cc/c: 0.071245173 0.928754827 0.000000000
JQ:/cc/crr: 0.000000000 0.000000000 1.000000000
JQ:/cc/r: 0.035823615 0.000000000 0.964176385
JQ:/crc/c: 0.391812009 0.608187991 0.000000000
JQ:/crc/crr: 0.000000000 0.000003226 0.999996774
JQ:/crc/r: 0.129955845 0.000000028 0.870044127
JQ:/crrc/c: 0.035990684 0.964009316 0.000000000
JQ:/crrc/crr: 0.000000000 0.000000699 0.999999301
JQ:/crrc/r: 0.153293536 0.000000013 0.846706451
JQ:/rc/c: 0.999978278 0.000021722 0.000000000
JQ:/rc/crr: 0.000000000 0.000000000 1.000000000
JQ:/rc/r: 0.000000032 0.000000032 0.999999936
JQ:/rrc/c: 0.000010239 0.999989761 0.000000000
JQ:/rrc/crr: 0.000000000 0.017278676 0.982721324
JQ:/rrc/r: 0.431557658 0.000000137 0.568442205
K:/c: 0.999998071 0.000001929 0.000000000
K:/crr: 0.000000000 0.999999999 0.000000001
K:/r: 0.593696028 0.406303971 0.000000001
KJ:/cc/c: 0.013245912 0.986754088 0.000000000
KJ:/cc/crr: 0.000000000 0.965382230 0.034617770
KJ:/cc/r: 0.010525479 0.006015904 0.983458617
KJ:/crc/c: 0.142664584 0.857335416 0.000000000
KJ:/crc/crr: 0.000000000 0.999999988 0.000000012
KJ:/crc/r: 0.000000165 0.740086760 0.259913076
KJ:/crrc/c: 0.331490133 0.668509867 0.000000000
KJ:/crrc/crr: 0.000000000 0.649713850 0.350286150
KJ:/crrc/r: 0.052603426 0.772540081 0.174856493
KJ:/rc/c: 0.415088280 0.584911720 0.000000000
KJ:/rc/crr: 0.000000000 0.722322346 0.277677654
KJ:/rc/r: 0.026577516 0.730422371 0.243000113
KJ:/rrc/c: 0.491743048 0.508256952 0.000000000
KJ:/rrc/crr: 0.000000000 0.999969434 0.000030566
KJ:/rrc/r: 0.044138271 0.882577067 0.073284663
KK:/cc/c: 0.994683169 0.005316831 0.000000000
KK:/cc/crr: 0.000000000 0.997259128 0.002740872
KK:/cc/r: 0.997998234 0.001591332 0.000410434
KK:/crc/c: 0.999999845 0.000000155 0.000000000
KK:/crc/crr: 0.000000000 0.999999950 0.000000050
KK:/crc/r: 0.758804668 0.241195310 0.000000022
KK:/crrc/c: 0.999999994 0.000000006 0.000000000
KK:/crrc/crr: 0.000000000 0.999999997 0.000000003
KK:/crrc/r: 0.999994612 0.000005384 0.000000004
KK:/rc/c: 0.999999977 0.000000023 0.000000000
KK:/rc/crr: 0.000000000 0.999999988 0.000000012
KK:/rc/r: 0.999999970 0.000000015 0.000000015
KK:/rrc/c: 0.999999928 0.000000072 0.000000000
KK:/rrc/crr: 0.000000000 0.999999977 0.000000023
KK:/rrc/r: 0.963949350 0.036050628 0.000000021
KQ:/cc/c: 0.004936145 0.995063855 0.000000000
KQ:/cc/crr: 0.000000000 0.758785118 0.241214882
KQ:/cc/r: 0.025297236 0.969796795 0.004905969
KQ:/crc/c: 0.358952727 0.641047273 0.000000000
KQ:/crc/crr: 0.000000000 0.053362320 0.946637680
KQ:/crc/r: 0.000000021 0.427995417 0.572004562
KQ:/crrc/c: 0.631241654 0.368758346 0.000000000
KQ:/crrc/crr: 0.000000000 0.398180316 0.601819684
KQ:/crrc/r: 0.000006542 0.763167338 0.236826120
KQ:/rc/c: 0.000030446 0.999969554 0.000000000
KQ:/rc/crr: 0.000000000 0.008683826 0.991316174
KQ:/rc/r: 0.000000200 0.305376479 0.694623320
KQ:/rrc/c: 0.527112397 0.472887603 0.000000000
KQ:/rrc/crr: 0.000000000 0.460449726 0.539550274
KQ:/rrc/r: 0.089339454 0.536942584 0.373717962
Q:/c: 0.803246406 0.196753594 0.000000000
Q:/crr: 0.000000000 0.999999971 0.000000029
Q:/r: 0.298808807 0.701191008 0.000000185
QJ:/cc/c: 0.000000362 0.999999638 0.000000000
QJ:/cc/crr: 0.000000000 0.101879179 0.898120821
QJ:/cc/r: 0.000000110 0.000000152 0.999999738
QJ:/crc/c: 0.450339770 0.549660230 0.000000000
QJ:/crc/crr: 0.000000000 0.001658054 0.998341946
QJ:/crc/r: 0.000000054 0.000000010 0.999999936
QJ:/crrc/c: 0.000000071 0.999999929 0.000000000
QJ:/crrc/crr: 0.000000000 0.223025281 0.776974719
QJ:/crrc/r: 0.014849537 0.000000000 0.985150463
QJ:/rc/c: 0.000000407 0.999999593 0.000000000
QJ:/rc/crr: 0.000000000 0.002801462 0.997198538
QJ:/rc/r: 0.015030971 0.000000012 0.984969017
QJ:/rrc/c: 0.000000249 0.999999751 0.000000000
QJ:/rrc/crr: 0.000000000 0.099303745 0.900696255
QJ:/rrc/r: 0.000000050 0.000000019 0.999999931
QK:/cc/c: 0.116294984 0.883705016 0.000000000
QK:/cc/crr: 0.000000000 0.999999964 0.000000036
QK:/cc/r: 0.000000132 0.745632995 0.254366874
QK:/crc/c: 0.204012984 0.795987016 0.000000000
QK:/crc/crr: 0.000000000 0.000016980 0.999983020
QK:/crc/r: 0.000000201 0.471083398 0.528916401
QK:/crrc/c: 0.127459300 0.872540700 0.000000000
QK:/crrc/crr: 0.000000000 0.000004984 0.999995016
QK:/crrc/r: 0.000000326 0.300326998 0.699672676
QK:/rc/c: 0.298374354 0.701625646 0.000000000
QK:/rc/crr: 0.000000000 0.000010137 0.999989863
QK:/rc/r: 0.000000017 0.322264650 0.677735333
QK:/rrc/c: 0.348484310 0.651515690 0.000000000
QK:/rrc/crr: 0.000000000 0.072240937 0.927759063
QK:/rrc/r: 0.000000043 0.537086570 0.462913387
QQ:/cc/c: 0.999999981 0.000000019 0.000000000
QQ:/cc/crr: 0.000000000 0.999999994 0.000000006
QQ:/cc/r: 0.999999660 0.000000180 0.000000160
QQ:/crc/c: 0.999999960 0.000000040 0.000000000
QQ:/crc/crr: 0.000000000 0.999999991 0.000000009
QQ:/crc/r: 0.999999953 0.000000031 0.000000016
QQ:/crrc/c: 0.999999992 0.000000008 0.000000000
QQ:/crrc/crr: 0.000000000 0.999999997 0.000000003
QQ:/crrc/r: 0.999999949 0.000000046 0.000000005
QQ:/rc/c: 0.999999985 0.000000015 0.000000000
QQ:/rc/crr: 0.000000000 0.999999997 0.000000003
QQ:/rc/r: 0.999999974 0.000000014 0.000000013
QQ:/rrc/c: 0.999999917 0.000000083 0.000000000
QQ:/rrc/crr: 0.000000000 0.999999973 0.000000027
QQ:/rrc/r: 0.999999734 0.000000218 0.000000048
