J:/c: 0.373086514 0.626913486 0.000000000
J:/crr: 0.000000000 0.999999996 0.000000004
J:/r: 0.055303701 0.090404959 0.854291340
JJ:/cc/c: 0.999999996 0.000000004 0.000000000
JJ:/cc/crr: 0.000000000 0.999999996 0.000000004
JJ:/cc/r: 0.999999989 0.000000007 0.000000004
JJ:/crc/c: 0.999999991 0.000000009 0.000000000
JJ:/crc/crr: 0.000000000 0.999999991 0.000000009
JJ:/crc/r: 0.710302083 0.289697908 0.000000009
JJ:/crrc/c: 0.999999996 0.000000004 0.000000000
JJ:/crrc/crr: 0.000000000 0.999999996 0.000000004
JJ:/crrc/r: 0.999999950 0.000000046 0.000000004
JJ:/rc/c: 0.999999986 0.000000014 0.000000000
JJ:/rc/crr: 0.000000000 0.999999986 0.000000014
JJ:/rc/r: 0.999999977 0.000000009 0.000000013
JJ:/rrc/c: 0.999999967 0.000000033 0.000000000
JJ:/rrc/crr: 0.000000000 0.999999967 0.000000033
JJ:/rrc/r: 0.999999713 0.000000256 0.000000031
JK:/cc/c: 0.010515473 0.989484527 0.000000000
JK:/cc/crr: 0.000000000 0.000000245 0.999999755
JK:/cc/r: 0.000000633 0.000000003 0.999999364
JK:/crc/c: 0.639217123 0.360782877 0.000000000
JK:/crc/crr: 0.000000000 0.000000055 0.999999945
JK:/crc/r: 0.013505848 0.000000075 0.986494076
JK:/crrc/c: 0.472220552 0.527779448 0.000000000
JK:/crrc/crr: 0.000000000 0.000000180 0.999999820
JK:/crrc/r: 0.207245983 0.000000047 0.792753970
JK:/rc/c: 0.469244614 0.530755386 0.000000000
JK:/rc/crr: 0.000000000 0.000000013 0.999999987
JK:/rc/r: 0.361402708 0.000000007 0.638597285
JK:/rrc/c: 0.999999274 0.000000726 0.000000000
JK:/rrc/crr: 0.000000000 0.000000074 0.999999926
JK:/rrc/r: 0.296219966 0.000000100 0.703779934
JQ:/cc/c: 0.097046410 0.902953590 0.000000000
JQ:/cc/crr: 0.000000000 0.000000000 1.000000000
JQ:/cc/r: 0.034675154 0.000000000 0.965324846
JQ:/crc/c: 0.474405893 0.525594107 0.000000000
JQ:/crc/crr: 0.000000000 0.000002226 0.999997774
JQ:/crc/r: 0.126184566 0.000000019 0.873815414
JQ:/crrc/c: 0.049707928 0.950292072 0.000000000
JQ:/crrc/crr: 0.000000000 0.000000482 0.999999518
JQ:/crrc/r: 0.148960957 0.000000009 0.851039034
JQ:/rc/c: 0.999984496 0.000015504 0.000000000
JQ:/rc/crr: 0.000000000 0.000000000 1.000000000
JQ:/rc/r: 0.000000031 0.000000022 0.999999947
JQ:/rrc/c: 0.000014345 0.999985655 0.000000000
JQ:/rrc/crr: 0.000000000 0.011987124 0.988012876
JQ:/rrc/r: 0.423292200 0.000000096 0.576707705
K:/c: 0.999998556 0.000001444 0.000000000
K:/crr: 0.000000000 0.999999999 0.000000001
K:/r: 0.661273969 0.338726030 0.000000001
KJ:/cc/c: 0.017618657 0.982381343 0.000000000
KJ:/cc/crr: 0.000000000 0.949538935 0.050461065
KJ:/cc/r: 0.009517429 0.004071541 0.986411030
KJ:/crc/c: 0.181885911 0.818114089 0.000000000
KJ:/crc/crr: 0.000000000 0.999999983 0.000000017
KJ:/crc/r: 0.000000195 0.657694539 0.342305266
KJ:/crrc/c: 0.398494408 0.601505592 0.000000000
KJ:/crrc/crr: 0.000000000 0.555865556 0.444134444
KJ:/crrc/r: 0.063777852 0.701063096 0.235159052
KJ:/rc/c: 0.486688405 0.513311595 0.000000000
KJ:/rc/crr: 0.000000000 0.637060409 0.362939591
KJ:/rc/r: 0.031533713 0.648656853 0.319809434
KJ:/rrc/c: 0.563819971 0.436180029 0.000000000
KJ:/rrc/crr: 0.000000000 0.999954702 0.000045298
KJ:/rrc/r: 0.056154161 0.840426016 0.103419824
KK:/cc/c: 0.996015129 0.003984871 0.000000000
KK:/cc/crr: 0.000000000 0.995943427 0.004056573
KK:/cc/r: 0.998353066 0.001191503 0.000455431
KK:/crc/c: 0.999999884 0.000000116 0.000000000
KK:/crc/crr: 0.000000000 0.999999926 0.000000074
KK:/crc/r: 0.807810864 0.192189111 0.000000026
KK:/crrc/c: 0.999999996 0.000000004 0.000000000
KK:/crrc/crr: 0.000000000 0.999999996 0.000000004
KK:/crrc/r: 0.999995966 0.000004030 0.000000004
KK:/rc/c: 0.999999983 0.000000017 0.000000000
KK:/rc/crr: 0.000000000 0.999999983 0.000000017
KK:/rc/r: 0.999999972 0.000000011 0.000000017
KK:/rrc/c: 0.999999946 0.000000054 0.000000000
KK:/rrc/crr: 0.000000000 0.999999965 0.000000035
KK:/rrc/r: 0.972769893 0.027230083 0.000000024
KQ:/cc/c: 0.006583971 0.993416029 0.000000000
KQ:/cc/crr: 0.000000000 0.679755403 0.320244597
KQ:/cc/r: 0.033434857 0.959372720 0.007192424
KQ:/crc/c: 0.427954474 0.572045526 0.000000000
KQ:/crc/crr: 0.000000000 0.036643268 0.963356732
KQ:/crc/r: 0.000000022 0.335499088 0.664500890
KQ:/crrc/c: 0.695774829 0.304225171 0.000000000
KQ:/crrc/crr: 0.000000000 0.308650607 0.691349393
KQ:/crrc/r: 0.000007845 0.684977887 0.315014269
KQ:/rc/c: 0.000040677 0.999959323 0.000000000
KQ:/rc/crr: 0.000000000 0.005876186 0.994123814
KQ:/rc/r: 0.000000200 0.228781011 0.771218788
KQ:/rrc/c: 0.598271172 0.401728828 0.000000000
KQ:/rrc/crr: 0.000000000 0.365420277 0.634579723
KQ:/rrc/r: 0.098633514 0.443699849 0.457666637
Q:/c: 0.888115297 0.111884703 0.000000000
Q:/crr: 0.000000000 0.999999954 0.000000046
Q:/r: 0.453124678 0.546875091 0.000000231
QJ:/cc/c: 0.000000705 0.999999295 0.000000000
QJ:/cc/crr: 0.000000000 0.066279817 0.933720183
QJ:/cc/r: 0.000000133 0.000000095 0.999999771
QJ:/crc/c: 0.614347805 0.385652195 0.000000000
QJ:/crc/crr: 0.000000000 0.001038203 0.998961797
QJ:/crc/r: 0.000000066 0.000000006 0.999999928
QJ:/crrc/c: 0.000000137 0.999999863 0.000000000
QJ:/crrc/crr: 0.000000000 0.152271275 0.847728725
QJ:/crrc/r: 0.018009596 0.000000000 0.981990404
QJ:/rc/c: 0.000000792 0.999999208 0.000000000
QJ:/rc/crr: 0.000000000 0.001754908 0.998245092
QJ:/rc/r: 0.018228926 0.000000008 0.981771066
QJ:/rrc/c: 0.000000483 0.999999517 0.000000000
QJ:/rrc/crr: 0.000000000 0.064539640 0.935460360
QJ:/rrc/r: 0.000000061 0.000000012 0.999999927
QK:/cc/c: 0.203741785 0.796258215 0.000000000
QK:/cc/crr: 0.000000000 0.999999942 0.000000058
QK:/cc/r: 0.000000222 0.647183300 0.352816478
QK:/crc/c: 0.332594020 0.667405980 0.000000000
QK:/crc/crr: 0.000000000 0.000010626 0.999989374
QK:/crc/r: 0.000000296 0.357881698 0.642118006
QK:/crrc/c: 0.221199672 0.778800328 0.000000000
QK:/crrc/crr: 0.000000000 0.000003119 0.999996881
QK:/crrc/r: 0.000000447 0.211732188 0.788267366
QK:/rc/c: 0.452610723 0.547389277 0.000000000
QK:/rc/crr: 0.000000000 0.000006344 0.999993656
QK:/rc/r: 0.000000023 0.229319414 0.770680562
QK:/rrc/c: 0.509802499 0.490197501 0.000000000
QK:/rrc/crr: 0.000000000 0.046462219 0.953537781
QK:/rrc/r: 0.000000066 0.420637934 0.579362001
QQ:/cc/c: 0.999999990 0.000000010 0.000000000
QQ:/cc/crr: 0.000000000 0.999999990 0.000000010
QQ:/cc/r: 0.999999776 0.000000093 0.000000131
QQ:/crc/c: 0.999999979 0.000000021 0.000000000
QQ:/crc/crr: 0.000000000 0.999999986 0.000000014
QQ:/crc/r: 0.999999971 0.000000016 0.000000013
QQ:/crrc/c: 0.999999996 0.000000004 0.000000000
QQ:/crrc/crr: 0.000000000 0.999999996 0.000000004
QQ:/crrc/r: 0.999999972 0.000000024 0.000000004
QQ:/rc/c: 0.999999992 0.000000008 0.000000000
QQ:/rc/crr: 0.000000000 0.999999996 0.000000004
QQ:/rc/r: 0.999999983 0.000000007 0.000000010
QQ:/rrc/c: 0.999999957 0.000000043 0.000000000
QQ:/rrc/crr: 0.000000000 0.999999957 0.000000043
QQ:/rrc/r: 0.999999849 0.000000112 0.000000039
