J:/c: 0.297426227 0.702573773 0.000000000
J:/crr: 0.000000000 0.999999997 0.000000003
J:/r: 0.062984693 0.144739705 0.792275602
JJ:/cc/c: 0.999999995 0.000000005 0.000000000
JJ:/cc/crr: 0.000000000 0.999999997 0.000000003
JJ:/cc/r: 0.999999987 0.000000010 0.000000003
JJ:/crc/c: 0.999999987 0.000000013 0.000000000
JJ:/crc/crr: 0.000000000 0.999999995 0.000000005
JJ:/crc/r: 0.635588050 0.364411944 0.000000007
JJ:/crrc/c: 0.999999994 0.000000006 0.000000000
JJ:/crrc/crr: 0.000000000 0.999999997 0.000000003
JJ:/crrc/r: 0.999999932 0.000000064 0.000000003
JJ:/rc/c: 0.999999980 0.000000020 0.000000000
JJ:/rc/crr: 0.000000000 0.999999992 0.000000008
JJ:/rc/r: 0.999999976 0.000000013 0.000000011
JJ:/rrc/c: 0.999999954 0.000000046 0.000000000
JJ:/rrc/crr: 0.000000000 0.999999981 0.000000019
JJ:/rrc/r: 0.999999616 0.000000359 0.000000025
JK:/cc/c: 0.007502991 0.992497009 0.000000000
JK:/cc/crr: 0.000000000 0.000000423 0.999999577
JK:/cc/r: 0.000000778 0.000000005 0.999999218
JK:/crc/c: 0.557588769 0.442411231 0.000000000
JK:/crc/crr: 0.000000000 0.000000094 0.999999906
JK:/crc/r: 0.016534722 0.000000130 0.983465148
JK:/crrc/c: 0.388928533 0.611071467 0.000000000
JK:/crrc/crr: 0.000000000 0.000000311 0.999999689
JK:/crrc/r: 0.243020246 0.000000078 0.756979676
JK:/rc/c: 0.386093510 0.613906490 0.000000000
JK:/rc/crr: 0.000000000 0.000000023 0.999999977
JK:/rc/r: 0.410023964 0.000000011 0.589976024
JK:/rrc/c: 0.999998980 0.000001020 0.000000000
JK:/rrc/crr: 0.000000000 0.000000127 0.999999873
JK:/rrc/r: 0.340751116 0.000000161 0.659248723
JQ:/cc/c: 0.071023818 0.928976182 0.000000000
JQ:/cc/crr: 0.000000000 0.000000000 1.000000000
JQ:/cc/r: 0.042248221 0.000000000 0.957751779
JQ:/crc/c: 0.391013989 0.608986011 0.000000000
JQ:/crc/crr: 0.000000000 0.000003843 0.999996157
JQ:/crc/r: 0.150624846 0.000000033 0.849375121
JQ:/crrc/c: 0.035874632 0.964125368 0.000000000
JQ:/crrc/crr: 0.000000000 0.000000833 0.999999167
JQ:/crrc/r: 0.176919540 0.000000015 0.823080445
JQ:/rc/c: 0.999978205 0.000021795 0.000000000
JQ:/rc/crr: 0.000000000 0.000000000 1.000000000
JQ:/rc/r: 0.000000038 0.000000038 0.999999924
JQ:/rrc/c: 0.000010205 0.999989795 0.000000000
JQ:/rrc/crr: 0.000000000 0.020515177 0.979484823
JQ:/rrc/r: 0.474058748 0.000000151 0.525941101
K:/c: 0.999998356 0.000001644 0.000000000
K:/crr: 0.000000000 0.999999999 0.000000001
K:/r: 0.631677193 0.368322806 0.000000001
KJ:/cc/c: 0.015510912 0.984489088 0.000000000
KJ:/cc/crr: 0.000000000 0.955128374 0.044871626
KJ:/cc/r: 0.009453246 0.004603482 0.985943272
KJ:/crc/c: 0.163395193 0.836604807 0.000000000
KJ:/crc/crr: 0.000000000 0.999999985 0.000000015
KJ:/crc/r: 0.000000179 0.684882721 0.315117100
KJ:/crrc/c: 0.367885166 0.632114834 0.000000000
KJ:/crrc/crr: 0.000000000 0.586051177 0.413948823
KJ:/crrc/r: 0.058061210 0.726506608 0.215432182
KJ:/rc/c: 0.454422661 0.545577339 0.000000000
KJ:/rc/crr: 0.000000000 0.665052840 0.334947160
KJ:/rc/r: 0.028883795 0.676332754 0.294783451
KJ:/rrc/c: 0.531737787 0.468262213 0.000000000
KJ:/rrc/crr: 0.000000000 0.999959955 0.000040045
KJ:/rrc/r: 0.050276590 0.856543914 0.093179496
KK:/cc/c: 0.995466421 0.004533579 0.000000000
KK:/cc/crr: 0.000000000 0.996412185 0.003587815
KK:/cc/r: 0.998185681 0.001356091 0.000458229
KK:/crc/c: 0.999999868 0.000000132 0.000000000
KK:/crc/crr: 0.000000000 0.999999935 0.000000065
KK:/crc/r: 0.786891698 0.213108277 0.000000025
KK:/crrc/c: 0.999999995 0.000000005 0.000000000
KK:/crrc/crr: 0.000000000 0.999999996 0.000000004
KK:/crrc/r: 0.999995409 0.000004587 0.000000004
KK:/rc/c: 0.999999981 0.000000019 0.000000000
KK:/rc/crr: 0.000000000 0.999999985 0.000000015
KK:/rc/r: 0.999999970 0.000000013 0.000000017
KK:/rrc/c: 0.999999939 0.000000061 0.000000000
KK:/rrc/crr: 0.000000000 0.999999969 0.000000031
KK:/rrc/r: 0.969119606 0.030880370 0.000000024
KQ:/cc/c: 0.005788543 0.994211457 0.000000000
KQ:/cc/crr: 0.000000000 0.705974701 0.294025299
KQ:/cc/r: 0.029516521 0.964093880 0.006389599
KQ:/crc/c: 0.396574271 0.603425729 0.000000000
KQ:/crc/crr: 0.000000000 0.041252010 0.958747990
KQ:/crc/r: 0.000000021 0.363512432 0.636487546
KQ:/crrc/c: 0.667677656 0.332322344 0.000000000
KQ:/crrc/crr: 0.000000000 0.335554206 0.664445794
KQ:/crrc/r: 0.000007153 0.710951455 0.289041392
KQ:/rc/c: 0.000035734 0.999964266 0.000000000
KQ:/rc/crr: 0.000000000 0.006641933 0.993358067
KQ:/rc/r: 0.000000193 0.251252863 0.748746944
KQ:/rrc/c: 0.566775925 0.433224075 0.000000000
KQ:/rrc/crr: 0.000000000 0.394448945 0.605551055
KQ:/rrc/r: 0.092677711 0.474576620 0.432745669
Q:/c: 0.876338319 0.123661681 0.000000000
Q:/crr: 0.000000000 0.999999976 0.000000024
Q:/r: 0.425194938 0.574804938 0.000000124
QJ:/cc/c: 0.000000629 0.999999371 0.000000000
QJ:/cc/crr: 0.000000000 0.121910775 0.878089225
QJ:/cc/r: 0.000000233 0.000000186 0.999999581
QJ:/crc/c: 0.587149860 0.412850140 0.000000000
QJ:/crc/crr: 0.000000000 0.002028572 0.997971428
QJ:/crc/r: 0.000000115 0.000000012 0.999999873
QJ:/crrc/c: 0.000000123 0.999999877 0.000000000
QJ:/crrc/crr: 0.000000000 0.259981548 0.740018452
QJ:/crrc/r: 0.031030152 0.000000000 0.968969848
QJ:/rc/c: 0.000000707 0.999999293 0.000000000
QJ:/rc/crr: 0.000000000 0.003426614 0.996573386
QJ:/rc/r: 0.031402982 0.000000015 0.968597003
QJ:/rrc/c: 0.000000432 0.999999568 0.000000000
QJ:/rrc/crr: 0.000000000 0.118895993 0.881104007
QJ:/rrc/r: 0.000000106 0.000000023 0.999999871
QK:/cc/c: 0.185956658 0.814043342 0.000000000
QK:/cc/crr: 0.000000000 0.999999970 0.000000030
QK:/cc/r: 0.000000240 0.782026141 0.217973619
QK:/crc/c: 0.307910561 0.692089439 0.000000000
QK:/crc/crr: 0.000000000 0.000020783 0.999979217
QK:/crc/r: 0.000000385 0.521552180 0.478447435
QK:/crrc/c: 0.202277737 0.797722263 0.000000000
QK:/crrc/crr: 0.000000000 0.000006100 0.999993900
QK:/crrc/r: 0.000000649 0.344414351 0.655585000
QK:/rc/c: 0.424688010 0.575311990 0.000000000
QK:/rc/crr: 0.000000000 0.000012407 0.999987593
QK:/rc/r: 0.000000034 0.367879273 0.632120693
QK:/rrc/c: 0.481454792 0.518545208 0.000000000
QK:/rrc/crr: 0.000000000 0.087009595 0.912990405
QK:/rrc/r: 0.000000082 0.586781824 0.413218094
QQ:/cc/c: 0.999999989 0.000000011 0.000000000
QQ:/cc/crr: 0.000000000 0.999999995 0.000000005
QQ:/cc/r: 0.999999821 0.000000104 0.000000075
QQ:/crc/c: 0.999999977 0.000000023 0.000000000
QQ:/crc/crr: 0.000000000 0.999999993 0.000000007
QQ:/crc/r: 0.999999975 0.000000018 0.000000008
QQ:/crrc/c: 0.999999995 0.000000005 0.000000000
QQ:/crrc/crr: 0.000000000 0.999999998 0.000000002
QQ:/crrc/r: 0.999999971 0.000000026 0.000000002
QQ:/rc/c: 0.999999991 0.000000009 0.000000000
QQ:/rc/crr: 0.000000000 0.999999998 0.000000002
QQ:/rc/r: 0.999999986 0.000000008 0.000000006
QQ:/rrc/c: 0.999999952 0.000000048 0.000000000
QQ:/rrc/crr: 0.000000000 0.999999978 0.000000022
QQ:/rrc/r: 0.999999852 0.000000126 0.000000023
