J:/c: 0.288056522 0.711943478 0.000000000
J:/crr: 0.000000000 0.999999997 0.000000003
J:/r: 0.047426630 0.114032871 0.838540499
JJ:/cc/c: 0.999999995 0.000000005 0.000000000
JJ:/cc/crr: 0.000000000 0.999999997 0.000000003
JJ:/cc/r: 0.999999985 0.000000010 0.000000005
JJ:/crc/c: 0.999999986 0.000000014 0.000000000
JJ:/crc/crr: 0.000000000 0.999999993 0.000000007
JJ:/crc/r: 0.625042756 0.374957235 0.000000009
JJ:/crrc/c: 0.999999994 0.000000006 0.000000000
JJ:/crrc/crr: 0.000000000 0.999999997 0.000000003
JJ:/crrc/r: 0.999999928 0.000000067 0.000000005
JJ:/rc/c: 0.999999979 0.000000021 0.000000000
JJ:/rc/crr: 0.000000000 0.999999989 0.000000011
JJ:/rc/r: 0.999999971 0.000000014 0.000000015
JJ:/rrc/c: 0.999999952 0.000000048 0.000000000
JJ:/rrc/crr: 0.000000000 0.999999974 0.000000026
JJ:/rrc/r: 0.999999589 0.000000376 0.000000036
JK:/cc/c: 0.007173374 0.992826626 0.000000000
JK:/cc/crr: 0.000000000 0.000000315 0.999999685
JK:/cc/r: 0.000000553 0.000000004 0.999999443
JK:/crc/c: 0.546397202 0.453602798 0.000000000
JK:/crc/crr: 0.000000000 0.000000070 0.999999930
JK:/crc/r: 0.011819891 0.000000097 0.988180012
JK:/crrc/c: 0.378228083 0.621771917 0.000000000
JK:/crrc/crr: 0.000000000 0.000000231 0.999999769
JK:/crrc/r: 0.185933475 0.000000062 0.814066463
JK:/rc/c: 0.375423139 0.624576861 0.000000000
JK:/rc/crr: 0.000000000 0.000000017 0.999999983
JK:/rc/r: 0.330853415 0.000000009 0.669146575
JK:/rrc/c: 0.999998932 0.000001068 0.000000000
JK:/rrc/crr: 0.000000000 0.000000095 0.999999905
JK:/rrc/r: 0.268860790 0.000000133 0.731139077
JQ:/cc/c: 0.068095106 0.931904894 0.000000000
JQ:/cc/crr: 0.000000000 0.000000000 1.000000000
JQ:/cc/r: 0.030428109 0.000000000 0.969571891
JQ:/crc/c: 0.380291870 0.619708130 0.000000000
JQ:/crc/crr: 0.000000000 0.000002861 0.999997139
JQ:/crc/r: 0.112030117 0.000000025 0.887969858
JQ:/crrc/c: 0.034341738 0.965658262 0.000000000
JQ:/crrc/crr: 0.000000000 0.000000620 0.999999380
JQ:/crrc/r: 0.132639436 0.000000012 0.867360552
JQ:/rc/c: 0.999977196 0.000022804 0.000000000
JQ:/rc/crr: 0.000000000 0.000000000 1.000000000
JQ:/rc/r: 0.000000027 0.000000028 0.999999945
JQ:/rrc/c: 0.000009753 0.999990247 0.000000000
JQ:/rrc/crr: 0.000000000 0.015351589 0.984648411
JQ:/rrc/r: 0.390712176 0.000000130 0.609287694
K:/c: 0.999997876 0.000002124 0.000000000
K:/crr: 0.000000000 0.999999999 0.000000001
K:/r: 0.570314160 0.429685839 0.000000001
KJ:/cc/c: 0.012046461 0.987953539 0.000000000
KJ:/cc/crr: 0.000000000 0.960287683 0.039712317
KJ:/cc/r: 0.008315489 0.005232349 0.986452162
KJ:/crc/c: 0.131305395 0.868694605 0.000000000
KJ:/crc/crr: 0.000000000 0.999999986 0.000000014
KJ:/crc/r: 0.000000144 0.711736795 0.288263061
KJ:/crrc/c: 0.310542144 0.689457856 0.000000000
KJ:/crrc/crr: 0.000000000 0.616612882 0.383387118
KJ:/crrc/r: 0.046754513 0.755928114 0.197317372
KJ:/rc/c: 0.391954834 0.608045166 0.000000000
KJ:/rc/crr: 0.000000000 0.692838894 0.307161106
KJ:/rc/r: 0.023329545 0.705855657 0.270814798
KJ:/rrc/c: 0.467753905 0.532246095 0.000000000
KJ:/rrc/crr: 0.000000000 0.999964749 0.000035251
KJ:/rrc/r: 0.039806676 0.876280615 0.083912709
KK:/cc/c: 0.994149811 0.005850189 0.000000000
KK:/cc/crr: 0.000000000 0.996840412 0.003159588
KK:/cc/r: 0.997727615 0.001751430 0.000520955
KK:/crc/c: 0.999999829 0.000000171 0.000000000
KK:/crc/crr: 0.000000000 0.999999942 0.000000058
KK:/crc/r: 0.740775749 0.259224225 0.000000027
KK:/crrc/c: 0.999999994 0.000000006 0.000000000
KK:/crrc/crr: 0.000000000 0.999999997 0.000000003
KK:/crrc/r: 0.999994068 0.000005927 0.000000005
KK:/rc/c: 0.999999975 0.000000025 0.000000000
KK:/rc/crr: 0.000000000 0.999999986 0.000000014
KK:/rc/r: 0.999999964 0.000000017 0.000000019
KK:/rrc/c: 0.999999921 0.000000079 0.000000000
KK:/rrc/crr: 0.000000000 0.999999973 0.000000027
KK:/rrc/r: 0.960455496 0.039544477 0.000000027
KQ:/cc/c: 0.004485744 0.995514256 0.000000000
KQ:/cc/crr: 0.000000000 0.731735366 0.268264634
KQ:/cc/r: 0.023014635 0.971318669 0.005666695
KQ:/crc/c: 0.337144512 0.662855488 0.000000000
KQ:/crc/crr: 0.000000000 0.046601643 0.953398357
KQ:/crc/r: 0.000000018 0.393500879 0.606499103
KQ:/crrc/c: 0.608595997 0.391404003 0.000000000
KQ:/crrc/crr: 0.000000000 0.364557253 0.635442747
KQ:/crrc/r: 0.000005734 0.736439452 0.263554814
KQ:/rc/c: 0.000027656 0.999972344 0.000000000
KQ:/rc/crr: 0.000000000 0.007538562 0.992461438
KQ:/rc/r: 0.000000164 0.275996102 0.724003734
KQ:/rrc/c: 0.503105766 0.496894234 0.000000000
KQ:/rrc/crr: 0.000000000 0.425284261 0.574715739
KQ:/rrc/r: 0.077354028 0.511820228 0.410825744
Q:/c: 0.843669580 0.156330420 0.000000000
Q:/crr: 0.000000000 0.999999964 0.000000036
Q:/r: 0.360338095 0.639661695 0.000000210
QJ:/cc/c: 0.000000479 0.999999521 0.000000000
QJ:/cc/crr: 0.000000000 0.083593495 0.916406505
QJ:/cc/r: 0.000000117 0.000000122 0.999999761
QJ:/crc/c: 0.519934858 0.480065142 0.000000000
QJ:/crc/crr: 0.000000000 0.001333747 0.998666253
QJ:/crc/r: 0.000000057 0.000000008 0.999999935
QJ:/crrc/c: 0.000000093 0.999999907 0.000000000
QJ:/crrc/crr: 0.000000000 0.187536115 0.812463885
QJ:/crrc/r: 0.015770417 0.000000000 0.984229583
QJ:/rc/c: 0.000000538 0.999999462 0.000000000
QJ:/rc/crr: 0.000000000 0.002254015 0.997745985
QJ:/rc/r: 0.015962920 0.000000010 0.984037070
QJ:/rrc/c: 0.000000329 0.999999671 0.000000000
QJ:/rrc/crr: 0.000000000 0.081438395 0.918561605
QJ:/rrc/r: 0.000000053 0.000000015 0.999999932
QK:/cc/c: 0.148184268 0.851815732 0.000000000
QK:/cc/crr: 0.000000000 0.999999955 0.000000045
QK:/cc/r: 0.000000164 0.702133470 0.297866366
QK:/crc/c: 0.253067319 0.746932681 0.000000000
QK:/crc/crr: 0.000000000 0.000013655 0.999986345
QK:/crc/r: 0.000000235 0.417322882 0.582676883
QK:/crrc/c: 0.161849269 0.838150731 0.000000000
QK:/crrc/crr: 0.000000000 0.000004008 0.999995992
QK:/crrc/r: 0.000000368 0.256599471 0.743400161
QK:/rc/c: 0.359860108 0.640139892 0.000000000
QK:/rc/crr: 0.000000000 0.000008152 0.999991848
QK:/rc/r: 0.000000019 0.276605761 0.723394220
QK:/rrc/c: 0.414200223 0.585799777 0.000000000
QK:/rrc/crr: 0.000000000 0.058925824 0.941074176
QK:/rrc/r: 0.000000051 0.482667419 0.517332530
QQ:/cc/c: 0.999999985 0.000000015 0.000000000
QQ:/cc/crr: 0.000000000 0.999999992 0.000000008
QQ:/cc/r: 0.999999713 0.000000136 0.000000150
QQ:/crc/c: 0.999999970 0.000000030 0.000000000
QQ:/crc/crr: 0.000000000 0.999999989 0.000000011
QQ:/crc/r: 0.999999962 0.000000023 0.000000015
QQ:/crrc/c: 0.999999994 0.000000006 0.000000000
QQ:/crrc/crr: 0.000000000 0.999999997 0.000000003
QQ:/crrc/r: 0.999999961 0.000000035 0.000000005
QQ:/rc/c: 0.999999988 0.000000012 0.000000000
QQ:/rc/crr: 0.000000000 0.999999997 0.000000003
QQ:/rc/r: 0.999999978 0.000000010 0.000000012
QQ:/rrc/c: 0.999999937 0.000000063 0.000000000
QQ:/rrc/crr: 0.000000000 0.999999966 0.000000034
QQ:/rrc/r: 0.999999790 0.000000165 0.000000045
