J:/c: 0.270536961 0.729463039 0.000000000
J:/crr: 0.000000000 0.999999996 0.000000004
J:/r: 0.034914746 0.091585257 0.873499997
JJ:/cc/c: 0.999999994 0.000000006 0.000000000
JJ:/cc/crr: 0.000000000 0.999999996 0.000000004
JJ:/cc/r: 0.999999982 0.000000011 0.000000007
JJ:/crc/c: 0.999999985 0.000000015 0.000000000
JJ:/crc/crr: 0.000000000 0.999999991 0.000000009
JJ:/crc/r: 0.604428034 0.395571953 0.000000013
JJ:/crrc/c: 0.999999993 0.000000007 0.000000000
JJ:/crrc/crr: 0.000000000 0.999999996 0.000000004
JJ:/crrc/r: 0.999999920 0.000000073 0.000000007
JJ:/rc/c: 0.999999977 0.000000023 0.000000000
JJ:/rc/crr: 0.000000000 0.999999985 0.000000015
JJ:/rc/r: 0.999999963 0.000000015 0.000000022
JJ:/rrc/c: 0.999999947 0.000000053 0.000000000
JJ:/rrc/crr: 0.000000000 0.999999966 0.000000034
JJ:/rrc/r: 0.999999540 0.000000410 0.000000050
JK:/cc/c: 0.006579220 0.993420780 0.000000000
JK:/cc/crr: 0.000000000 0.000000243 0.999999757
JK:/cc/r: 0.000000391 0.000000003 0.999999606
JK:/crc/c: 0.524746290 0.475253710 0.000000000
JK:/crc/crr: 0.000000000 0.000000054 0.999999946
JK:/crc/r: 0.008382419 0.000000075 0.991617506
JK:/crrc/c: 0.357981895 0.642018105 0.000000000
JK:/crrc/crr: 0.000000000 0.000000178 0.999999822
JK:/crrc/r: 0.138981761 0.000000051 0.861018188
JK:/rc/c: 0.355241313 0.644758687 0.000000000
JK:/rc/crr: 0.000000000 0.000000013 0.999999987
JK:/rc/r: 0.258947224 0.000000008 0.741052768
JK:/rrc/c: 0.999998835 0.000001165 0.000000000
JK:/rrc/crr: 0.000000000 0.000000073 0.999999927
JK:/rrc/r: 0.206274487 0.000000111 0.793725401
JQ:/cc/c: 0.062773993 0.937226007 0.000000000
JQ:/cc/crr: 0.000000000 0.000000000 1.000000000
JQ:/cc/r: 0.021697802 0.000000000 0.978302198
JQ:/crc/c: 0.359999172 0.640000828 0.000000000
JQ:/crc/crr: 0.000000000 0.000002206 0.999997794
JQ:/crc/r: 0.081863718 0.000000020 0.918136261
JQ:/crrc/c: 0.031568844 0.968431156 0.000000000
JQ:/crrc/crr: 0.000000000 0.000000478 0.999999522
JQ:/crrc/r: 0.097533103 0.000000009 0.902466888
JQ:/rc/c: 0.999975122 0.000024878 0.000000000
JQ:/rc/crr: 0.000000000 0.000000000 1.000000000
JQ:/rc/r: 0.000000019 0.000000022 0.999999959
JQ:/rrc/c: 0.000008940 0.999991060 0.000000000
JQ:/rrc/crr: 0.000000000 0.011877893 0.988122107
JQ:/rrc/r: 0.311859683 0.000000113 0.688140203
K:/c: 0.999997683 0.000002317 0.000000000
K:/crr: 0.000000000 0.999999999 0.000000001
K:/r: 0.548862272 0.451137726 0.000000002
KJ:/cc/c: 0.011053174 0.988946826 0.000000000
KJ:/cc/crr: 0.000000000 0.949093168 0.050906832
KJ:/cc/r: 0.005898179 0.004048888 0.990052933
KJ:/crc/c: 0.121689878 0.878310122 0.000000000
KJ:/crc/crr: 0.000000000 0.999999982 0.000000018
KJ:/crc/r: 0.000000121 0.655605777 0.344394101
KJ:/crrc/c: 0.292216329 0.707783671 0.000000000
KJ:/crrc/crr: 0.000000000 0.553577139 0.446422861
KJ:/crrc/r: 0.040633368 0.716718565 0.242648067
KJ:/rc/c: 0.371412784 0.628587216 0.000000000
KJ:/rc/crr: 0.000000000 0.634915578 0.365084422
KJ:/rc/r: 0.019828114 0.654485363 0.325686522
KJ:/rrc/c: 0.446154165 0.553845835 0.000000000
KJ:/rrc/crr: 0.000000000 0.999954280 0.000045720
KJ:/rrc/r: 0.035716135 0.857749796 0.106534070
KK:/cc/c: 0.993621072 0.006378928 0.000000000
KK:/cc/crr: 0.000000000 0.995905824 0.004094176
KK:/cc/r: 0.997353109 0.001910024 0.000736867
KK:/crc/c: 0.999999813 0.000000187 0.000000000
KK:/crc/crr: 0.000000000 0.999999925 0.000000075
KK:/crc/r: 0.723711301 0.276288662 0.000000037
KK:/crrc/c: 0.999999993 0.000000007 0.000000000
KK:/crrc/crr: 0.000000000 0.999999996 0.000000004
KK:/crrc/r: 0.999993527 0.000006466 0.000000007
KK:/rc/c: 0.999999973 0.000000027 0.000000000
KK:/rc/crr: 0.000000000 0.999999982 0.000000018
KK:/rc/r: 0.999999955 0.000000018 0.000000027
KK:/rrc/c: 0.999999914 0.000000086 0.000000000
KK:/rrc/crr: 0.000000000 0.999999965 0.000000035
KK:/rrc/r: 0.957013137 0.042986825 0.000000038
KQ:/cc/c: 0.004113278 0.995886722 0.000000000
KQ:/cc/crr: 0.000000000 0.677735249 0.322264751
KQ:/cc/r: 0.021100738 0.971547768 0.007351494
KQ:/crc/c: 0.317972840 0.682027160 0.000000000
KQ:/crc/crr: 0.000000000 0.036317621 0.963682379
KQ:/crc/r: 0.000000014 0.333436791 0.666563195
KQ:/crrc/c: 0.587673549 0.412326451 0.000000000
KQ:/crrc/crr: 0.000000000 0.306677177 0.693322823
KQ:/crrc/r: 0.000004874 0.682977375 0.317017751
KQ:/rc/c: 0.000025350 0.999974650 0.000000000
KQ:/rc/crr: 0.000000000 0.005822312 0.994177688
KQ:/rc/r: 0.000000124 0.227150480 0.772849396
KQ:/rrc/c: 0.481349921 0.518650079 0.000000000
KQ:/rrc/crr: 0.000000000 0.363274603 0.636725397
KQ:/rrc/r: 0.063559030 0.458797091 0.477643879
Q:/c: 0.831840938 0.168159062 0.000000000
Q:/crr: 0.000000000 0.999999953 0.000000047
Q:/r: 0.340525053 0.659474666 0.000000281
QJ:/cc/c: 0.000000439 0.999999561 0.000000000
QJ:/cc/crr: 0.000000000 0.065708755 0.934291245
QJ:/cc/r: 0.000000082 0.000000094 0.999999823
QJ:/crc/c: 0.498180898 0.501819102 0.000000000
QJ:/crc/crr: 0.000000000 0.001028639 0.998971361
QJ:/crc/r: 0.000000041 0.000000006 0.999999953
QJ:/crrc/c: 0.000000086 0.999999914 0.000000000
QJ:/crrc/crr: 0.000000000 0.151079198 0.848920802
QJ:/crrc/r: 0.011197067 0.000000000 0.988802933
QJ:/rc/c: 0.000000493 0.999999507 0.000000000
QJ:/rc/crr: 0.000000000 0.001738752 0.998261248
QJ:/rc/r: 0.011334388 0.000000008 0.988665605
QJ:/rrc/c: 0.000000301 0.999999699 0.000000000
QJ:/rrc/crr: 0.000000000 0.063982545 0.936017455
QJ:/rrc/r: 0.000000038 0.000000012 0.999999951
QK:/cc/c: 0.137528393 0.862471607 0.000000000
QK:/cc/crr: 0.000000000 0.999999941 0.000000059
QK:/cc/r: 0.000000138 0.645065017 0.354934845
QK:/crc/c: 0.236967488 0.763032512 0.000000000
QK:/crc/crr: 0.000000000 0.000010528 0.999989472
QK:/crc/r: 0.000000184 0.355755513 0.644244303
QK:/crrc/c: 0.150384230 0.849615770 0.000000000
QK:/crrc/crr: 0.000000000 0.000003090 0.999996910
QK:/crrc/r: 0.000000276 0.210190067 0.789809657
QK:/rc/c: 0.340059397 0.659940603 0.000000000
QK:/rc/crr: 0.000000000 0.000006285 0.999993715
QK:/rc/r: 0.000000015 0.227686163 0.772313823
QK:/rrc/c: 0.393246319 0.606753681 0.000000000
QK:/rrc/crr: 0.000000000 0.046053483 0.953946517
QK:/rrc/r: 0.000000041 0.418381808 0.581618152
QQ:/cc/c: 0.999999984 0.000000016 0.000000000
QQ:/cc/crr: 0.000000000 0.999999990 0.000000010
QQ:/cc/r: 0.999999638 0.000000149 0.000000213
QQ:/crc/c: 0.999999967 0.000000033 0.000000000
QQ:/crc/crr: 0.000000000 0.999999985 0.000000015
QQ:/crc/r: 0.999999953 0.000000025 0.000000022
QQ:/crrc/c: 0.999999993 0.000000007 0.000000000
QQ:/crrc/crr: 0.000000000 0.999999996 0.000000004
QQ:/crrc/r: 0.999999956 0.000000038 0.000000007
QQ:/rc/c: 0.999999987 0.000000013 0.000000000
QQ:/rc/crr: 0.000000000 0.999999996 0.000000004
QQ:/rc/r: 0.999999972 0.000000011 0.000000017
QQ:/rrc/c: 0.999999931 0.000000069 0.000000000
QQ:/rrc/crr: 0.000000000 0.999999956 0.000000044
QQ:/rrc/r: 0.999999757 0.000000180 0.000000064
