J:/c: 0.404096299 0.595903701 0.000000000
J:/crr: 0.000000000 0.999999996 0.000000004
J:/r: 0.063251935 0.090741304 0.846006762
JJ:/cc/c: 0.999999997 0.000000003 0.000000000
JJ:/cc/crr: 0.000000000 0.999999996 0.000000004
JJ:/cc/r: 0.999999990 0.000000006 0.000000004
JJ:/crc/c: 0.999999992 0.000000008 0.000000000
JJ:/crc/crr: 0.000000000 0.999999991 0.000000009
JJ:/crc/r: 0.736416177 0.263583815 0.000000008
JJ:/crrc/c: 0.999999996 0.000000004 0.000000000
JJ:/crrc/crr: 0.000000000 0.999999996 0.000000004
JJ:/crrc/r: 0.999999956 0.000000040 0.000000004
JJ:/rc/c: 0.999999987 0.000000013 0.000000000
JJ:/rc/crr: 0.000000000 0.999999986 0.000000014
JJ:/rc/r: 0.999999980 0.000000008 0.000000012
JJ:/rrc/c: 0.999999971 0.000000029 0.000000000
JJ:/rrc/crr: 0.000000000 0.999999967 0.000000033
JJ:/rrc/r: 0.999999749 0.000000224 0.000000027
JK:/cc/c: 0.011964627 0.988035373 0.000000000
JK:/cc/crr: 0.000000000 0.000000248 0.999999752
JK:/cc/r: 0.000000731 0.000000003 0.999999266
JK:/crc/c: 0.668750728 0.331249272 0.000000000
JK:/crc/crr: 0.000000000 0.000000055 0.999999945
JK:/crc/r: 0.015565602 0.000000076 0.984434322
JK:/crrc/c: 0.504834853 0.495165147 0.000000000
JK:/crrc/crr: 0.000000000 0.000000183 0.999999817
JK:/crrc/r: 0.231906754 0.000000046 0.768093199
JK:/rc/c: 0.501848817 0.498151183 0.000000000
JK:/rc/crr: 0.000000000 0.000000013 0.999999987
JK:/rc/r: 0.395261069 0.000000007 0.604738924
JK:/rrc/c: 0.999999363 0.000000637 0.000000000
JK:/rrc/crr: 0.000000000 0.000000075 0.999999925
JK:/rrc/r: 0.327099570 0.000000097 0.672900333
JQ:/cc/c: 0.109105619 0.890894381 0.000000000
JQ:/cc/crr: 0.000000000 0.000000000 1.000000000
JQ:/cc/r: 0.039833041 0.000000000 0.960166959
JQ:/crc/c: 0.507026129 0.492973871 0.000000000
JQ:/crc/crr: 0.000000000 0.000002256 0.999997744
JQ:/crc/r: 0.142938804 0.000000019 0.857061177
JQ:/crrc/c: 0.056251203 0.943748797 0.000000000
JQ:/crrc/crr: 0.000000000 0.000000489 0.999999511
JQ:/crrc/r: 0.168157376 0.000000009 0.831842615
JQ:/rc/c: 0.999986394 0.000013606 0.000000000
JQ:/rc/crr: 0.000000000 0.000000000 1.000000000
JQ:/rc/r: 0.000000036 0.000000022 0.999999942
JQ:/rrc/c: 0.000016346 0.999983654 0.000000000
JQ:/rrc/crr: 0.000000000 0.012147570 0.987852430
JQ:/rrc/r: 0.458783191 0.000000091 0.541216718
K:/c: 0.999998733 0.000001267 0.000000000
K:/crr: 0.000000000 0.999999999 0.000000001
K:/r: 0.689877993 0.310122006 0.000000001
KJ:/cc/c: 0.020026899 0.979973101 0.000000000
KJ:/cc/crr: 0.000000000 0.950179905 0.049820095
KJ:/cc/r: 0.010975078 0.004120406 0.984904516
KJ:/crc/c: 0.202127549 0.797872451 0.000000000
KJ:/crc/crr: 0.000000000 0.999999983 0.000000017
KJ:/crc/r: 0.000000224 0.660717991 0.339281786
KJ:/crrc/c: 0.430166955 0.569833045 0.000000000
KJ:/crrc/crr: 0.000000000 0.559185619 0.440814381
KJ:/crrc/r: 0.072257977 0.697053585 0.230688438
KJ:/rc/c: 0.519318725 0.480681275 0.000000000
KJ:/rc/crr: 0.000000000 0.640166421 0.359833579
KJ:/rc/r: 0.035927627 0.648577060 0.315495313
KJ:/rrc/c: 0.595621068 0.404378932 0.000000000
KJ:/rrc/crr: 0.000000000 0.999955307 0.000044693
KJ:/rrc/r: 0.063576505 0.835040126 0.101383369
KK:/cc/c: 0.996501199 0.003498801 0.000000000
KK:/cc/crr: 0.000000000 0.995997440 0.004002560
KK:/cc/r: 0.998559707 0.001045872 0.000394421
KK:/crc/c: 0.999999898 0.000000102 0.000000000
KK:/crc/crr: 0.000000000 0.999999927 0.000000073
KK:/crc/r: 0.827272700 0.172727278 0.000000023
KK:/crrc/c: 0.999999996 0.000000004 0.000000000
KK:/crrc/crr: 0.000000000 0.999999996 0.000000004
KK:/crrc/r: 0.999996460 0.000003537 0.000000004
KK:/rc/c: 0.999999985 0.000000015 0.000000000
KK:/rc/crr: 0.000000000 0.999999983 0.000000017
KK:/rc/r: 0.999999976 0.000000010 0.000000014
KK:/rrc/c: 0.999999953 0.000000047 0.000000000
KK:/rrc/crr: 0.000000000 0.999999966 0.000000034
KK:/rrc/r: 0.976023130 0.023976849 0.000000021
KQ:/cc/c: 0.007495422 0.992504578 0.000000000
KQ:/cc/crr: 0.000000000 0.682678032 0.317321968
KQ:/cc/r: 0.037925146 0.955010845 0.007064009
KQ:/crc/c: 0.460177175 0.539822825 0.000000000
KQ:/crc/crr: 0.000000000 0.037121333 0.962878667
KQ:/crc/r: 0.000000026 0.338506118 0.661493856
KQ:/crrc/c: 0.722687188 0.277312812 0.000000000
KQ:/crrc/crr: 0.000000000 0.311529815 0.688470185
KQ:/crrc/r: 0.000008977 0.687873910 0.312117113
KQ:/rc/c: 0.000046350 0.999953650 0.000000000
KQ:/rc/crr: 0.000000000 0.005955331 0.994044669
KQ:/rc/r: 0.000000231 0.231164280 0.768835489
KQ:/rrc/c: 0.629212325 0.370787675 0.000000000
KQ:/rrc/crr: 0.000000000 0.368546750 0.631453250
KQ:/rrc/r: 0.111538884 0.440336026 0.448125090
Q:/c: 0.900447348 0.099552652 0.000000000
Q:/crr: 0.000000000 0.999999954 0.000000046
Q:/r: 0.485633662 0.514366123 0.000000214
QJ:/cc/c: 0.000000803 0.999999197 0.000000000
QJ:/cc/crr: 0.000000000 0.067117595 0.932882405
QJ:/cc/r: 0.000000154 0.000000097 0.999999749
QJ:/crc/c: 0.644785910 0.355214090 0.000000000
QJ:/crc/crr: 0.000000000 0.001052255 0.998947745
QJ:/crc/r: 0.000000076 0.000000006 0.999999918
QJ:/crrc/c: 0.000000156 0.999999844 0.000000000
QJ:/crrc/crr: 0.000000000 0.154016697 0.845983303
QJ:/crrc/r: 0.020741767 0.000000000 0.979258233
QJ:/rc/c: 0.000000902 0.999999098 0.000000000
QJ:/rc/crr: 0.000000000 0.001778643 0.998221357
QJ:/rc/r: 0.020993659 0.000000008 0.979006333
QJ:/rrc/c: 0.000000551 0.999999449 0.000000000
QJ:/rrc/crr: 0.000000000 0.065356962 0.934643038
QJ:/rrc/r: 0.000000070 0.000000012 0.999999918
QK:/cc/c: 0.225744562 0.774255438 0.000000000
QK:/cc/crr: 0.000000000 0.999999943 0.000000057
QK:/cc/r: 0.000000254 0.650250220 0.349749526
QK:/crc/c: 0.362182587 0.637817413 0.000000000
QK:/crc/crr: 0.000000000 0.000010770 0.999989230
QK:/crc/r: 0.000000341 0.360980346 0.639019314
QK:/crrc/c: 0.244508851 0.755491149 0.000000000
QK:/crrc/crr: 0.000000000 0.000003161 0.999996839
QK:/crrc/r: 0.000000515 0.213987125 0.786012360
QK:/rc/c: 0.485115542 0.514884458 0.000000000
QK:/rc/crr: 0.000000000 0.000006429 0.999993571
QK:/rc/r: 0.000000027 0.231706613 0.768293360
QK:/rrc/c: 0.542345166 0.457654834 0.000000000
QK:/rrc/crr: 0.000000000 0.047062128 0.952937872
QK:/rrc/r: 0.000000075 0.423921234 0.576078691
QQ:/cc/c: 0.999999991 0.000000009 0.000000000
QQ:/cc/crr: 0.000000000 0.999999990 0.000000010
QQ:/cc/r: 0.999999805 0.000000081 0.000000114
QQ:/crc/c: 0.999999982 0.000000018 0.000000000
QQ:/crc/crr: 0.000000000 0.999999986 0.000000014
QQ:/crc/r: 0.999999975 0.000000014 0.000000012
QQ:/crrc/c: 0.999999996 0.000000004 0.000000000
QQ:/crrc/crr: 0.000000000 0.999999996 0.000000004
QQ:/crrc/r: 0.999999976 0.000000021 0.000000004
QQ:/rc/c: 0.999999993 0.000000007 0.000000000
QQ:/rc/crr: 0.000000000 0.999999996 0.000000004
QQ:/rc/r: 0.999999985 0.000000006 0.000000009
QQ:/rrc/c: 0.999999962 0.000000038 0.000000000
QQ:/rrc/crr: 0.000000000 0.999999957 0.000000043
QQ:/rrc/r: 0.999999868 0.000000098 0.000000034
