J:/c: 0.389177946 0.610822054 0.000000000
J:/crr: 0.000000000 0.999999997 0.000000003
J:/r: 0.072383908 0.110521941 0.817094151
JJ:/cc/c: 0.999999997 0.000000003 0.000000000
JJ:/cc/crr: 0.000000000 0.999999997 0.000000003
JJ:/cc/r: 0.999999990 0.000000007 0.000000003
JJ:/crc/c: 0.999999991 0.000000009 0.000000000
JJ:/crc/crr: 0.000000000 0.999999993 0.000000007
JJ:/crc/r: 0.724137924 0.275862069 0.000000007
JJ:/crrc/c: 0.999999996 0.000000004 0.000000000
JJ:/crrc/crr: 0.000000000 0.999999997 0.000000003
JJ:/crrc/r: 0.999999954 0.000000043 0.000000003
JJ:/rc/c: 0.999999987 0.000000013 0.000000000
JJ:/rc/crr: 0.000000000 0.999999989 0.000000011
JJ:/rc/r: 0.999999982 0.000000009 0.000000010
JJ:/rrc/c: 0.999999969 0.000000031 0.000000000
JJ:/rrc/crr: 0.000000000 0.999999974 0.000000026
JJ:/rrc/r: 0.999999739 0.000000239 0.000000023
JK:/cc/c: 0.011249625 0.988750375 0.000000000
JK:/cc/crr: 0.000000000 0.000000313 0.999999687
JK:/cc/r: 0.000000867 0.000000004 0.999999130
JK:/crc/c: 0.654798008 0.345201992 0.000000000
JK:/crc/crr: 0.000000000 0.000000070 0.999999930
JK:/crc/r: 0.018390262 0.000000096 0.981609642
JK:/crrc/c: 0.489250877 0.510749123 0.000000000
JK:/crrc/crr: 0.000000000 0.000000230 0.999999770
JK:/crrc/r: 0.263482806 0.000000056 0.736517138
JK:/rc/c: 0.486266498 0.513733502 0.000000000
JK:/rc/crr: 0.000000000 0.000000017 0.999999983
JK:/rc/r: 0.436440946 0.000000008 0.563559047
JK:/rrc/c: 0.999999322 0.000000678 0.000000000
JK:/rrc/crr: 0.000000000 0.000000094 0.999999906
JK:/rrc/r: 0.365469745 0.000000115 0.634530140
JQ:/cc/c: 0.103191801 0.896808199 0.000000000
JQ:/cc/crr: 0.000000000 0.000000000 1.000000000
JQ:/cc/r: 0.046851882 0.000000000 0.953148118
JQ:/crc/c: 0.491441644 0.508558356 0.000000000
JQ:/crc/crr: 0.000000000 0.000002845 0.999997155
JQ:/crc/r: 0.165003421 0.000000024 0.834996555
JQ:/crrc/c: 0.053031702 0.946968298 0.000000000
JQ:/crrc/crr: 0.000000000 0.000000617 0.999999383
JQ:/crrc/r: 0.193237137 0.000000011 0.806762852
JQ:/rc/c: 0.999985519 0.000014481 0.000000000
JQ:/rc/crr: 0.000000000 0.000000000 1.000000000
JQ:/rc/r: 0.000000042 0.000000028 0.999999929
JQ:/rrc/c: 0.000015358 0.999984642 0.000000000
JQ:/rrc/crr: 0.000000000 0.015270716 0.984729284
JQ:/rrc/r: 0.501097264 0.000000106 0.498902630
K:/c: 0.999998749 0.000001251 0.000000000
K:/crr: 0.000000000 0.999999999 0.000000001
K:/r: 0.692639620 0.307360379 0.000000001
KJ:/cc/c: 0.020282440 0.979717560 0.000000000
KJ:/cc/crr: 0.000000000 0.951742119 0.048257881
KJ:/cc/r: 0.011489197 0.004257967 0.984252836
KJ:/crc/c: 0.204222443 0.795777557 0.000000000
KJ:/crc/crr: 0.000000000 0.999999983 0.000000017
KJ:/crc/r: 0.000000229 0.668187210 0.331812561
KJ:/crrc/c: 0.433341658 0.566658342 0.000000000
KJ:/crrc/crr: 0.000000000 0.567426661 0.432573339
KJ:/crrc/r: 0.073689797 0.701726675 0.224583528
KJ:/rc/c: 0.522548026 0.477451974 0.000000000
KJ:/rc/crr: 0.000000000 0.647846943 0.352153057
KJ:/rc/r: 0.036760460 0.655079854 0.308159686
KJ:/rrc/c: 0.598733841 0.401266159 0.000000000
KJ:/rrc/crr: 0.000000000 0.999956780 0.000043220
KJ:/rrc/r: 0.064566735 0.837143250 0.098290016
KK:/cc/c: 0.996546026 0.003453974 0.000000000
KK:/cc/crr: 0.000000000 0.996128802 0.003871198
KK:/cc/r: 0.998591008 0.001032458 0.000376534
KK:/crc/c: 0.999999899 0.000000101 0.000000000
KK:/crc/crr: 0.000000000 0.999999929 0.000000071
KK:/crc/r: 0.829113897 0.170886081 0.000000022
KK:/crrc/c: 0.999999996 0.000000004 0.000000000
KK:/crrc/crr: 0.000000000 0.999999996 0.000000004
KK:/crrc/r: 0.999996506 0.000003491 0.000000003
KK:/rc/c: 0.999999985 0.000000015 0.000000000
KK:/rc/crr: 0.000000000 0.999999983 0.000000017
KK:/rc/r: 0.999999976 0.000000010 0.000000014
KK:/rrc/c: 0.999999954 0.000000046 0.000000000
KK:/rrc/crr: 0.000000000 0.999999967 0.000000033
KK:/rrc/r: 0.976324093 0.023675887 0.000000020
KQ:/cc/c: 0.007592302 0.992407698 0.000000000
KQ:/cc/crr: 0.000000000 0.689890718 0.310109282
KQ:/cc/r: 0.038409051 0.954761462 0.006829487
KQ:/crc/c: 0.463393249 0.536606751 0.000000000
KQ:/crc/crr: 0.000000000 0.038337554 0.961662446
KQ:/crc/r: 0.000000026 0.346047983 0.653951990
KQ:/crrc/c: 0.725272997 0.274727003 0.000000000
KQ:/crrc/crr: 0.000000000 0.318760276 0.681239724
KQ:/crrc/r: 0.000009188 0.695020966 0.304969846
KQ:/rc/c: 0.000046954 0.999953046 0.000000000
KQ:/rc/crr: 0.000000000 0.006156977 0.993843023
KQ:/rc/r: 0.000000240 0.237172053 0.762827707
KQ:/rrc/c: 0.632226183 0.367773817 0.000000000
KQ:/rrc/crr: 0.000000000 0.376377097 0.623622903
KQ:/rrc/r: 0.114515973 0.446276737 0.439207291
Q:/c: 0.849973953 0.150026047 0.000000000
Q:/crr: 0.000000000 0.999999968 0.000000032
Q:/r: 0.371616256 0.628383561 0.000000183
QJ:/cc/c: 0.000000503 0.999999497 0.000000000
QJ:/cc/crr: 0.000000000 0.093275500 0.906724500
QJ:/cc/r: 0.000000138 0.000000138 0.999999724
QJ:/crc/c: 0.532053338 0.467946662 0.000000000
QJ:/crc/crr: 0.000000000 0.001503860 0.998496140
QJ:/crc/r: 0.000000068 0.000000009 0.999999923
QJ:/crrc/c: 0.000000098 0.999999902 0.000000000
QJ:/crrc/crr: 0.000000000 0.206543635 0.793456365
QJ:/crrc/r: 0.018616729 0.000000000 0.981383271
QJ:/rc/c: 0.000000565 0.999999435 0.000000000
QJ:/rc/crr: 0.000000000 0.002541205 0.997458795
QJ:/rc/r: 0.018843311 0.000000011 0.981156678
QJ:/rrc/c: 0.000000345 0.999999655 0.000000000
QJ:/rrc/crr: 0.000000000 0.090895549 0.909104451
QJ:/rrc/r: 0.000000063 0.000000017 0.999999920
QK:/cc/c: 0.154425307 0.845574693 0.000000000
QK:/cc/crr: 0.000000000 0.999999960 0.000000040
QK:/cc/r: 0.000000178 0.726649837 0.273349985
QK:/crc/c: 0.262365122 0.737634878 0.000000000
QK:/crc/crr: 0.000000000 0.000015399 0.999984601
QK:/crc/r: 0.000000264 0.446812023 0.553187713
QK:/crrc/c: 0.168551952 0.831448048 0.000000000
QK:/crrc/crr: 0.000000000 0.000004520 0.999995480
QK:/crrc/r: 0.000000422 0.280192792 0.719806786
QK:/rc/c: 0.371131980 0.628868020 0.000000000
QK:/rc/crr: 0.000000000 0.000009193 0.999990807
QK:/rc/r: 0.000000022 0.301293069 0.698706909
QK:/rrc/c: 0.426041370 0.573958630 0.000000000
QK:/rrc/crr: 0.000000000 0.065956390 0.934043610
QK:/rrc/r: 0.000000057 0.512711020 0.487288923
QQ:/cc/c: 0.999999986 0.000000014 0.000000000
QQ:/cc/crr: 0.000000000 0.999999993 0.000000007
QQ:/cc/r: 0.999999743 0.000000130 0.000000127
QQ:/crc/c: 0.999999971 0.000000029 0.000000000
QQ:/crc/crr: 0.000000000 0.999999990 0.000000010
QQ:/crc/r: 0.999999965 0.000000022 0.000000013
QQ:/crrc/c: 0.999999994 0.000000006 0.000000000
QQ:/crrc/crr: 0.000000000 0.999999997 0.000000003
QQ:/crrc/r: 0.999999963 0.000000033 0.000000004
QQ:/rc/c: 0.999999989 0.000000011 0.000000000
QQ:/rc/crr: 0.000000000 0.999999997 0.000000003
QQ:/rc/r: 0.999999980 0.000000010 0.000000010
QQ:/rrc/c: 0.999999940 0.000000060 0.000000000
QQ:/rrc/crr: 0.000000000 0.999999970 0.000000030
QQ:/rrc/r: 0.999999805 0.000000157 0.000000038
