J:/c: 0.357700388 0.642299612 0.000000000
J:/crr: 0.000000000 0.999999996 0.000000004
J:/r: 0.061232735 0.106965050 0.831802215
JJ:/cc/c: 0.999999996 0.000000004 0.000000000
JJ:/cc/crr: 0.000000000 0.999999996 0.000000004
JJ:/cc/r: 0.999999989 0.000000008 0.000000004
JJ:/crc/c: 0.999999990 0.000000010 0.000000000
JJ:/crc/crr: 0.000000000 0.999999993 0.000000007
JJ:/crc/r: 0.696458677 0.303541315 0.000000008
JJ:/crrc/c: 0.999999995 0.000000005 0.000000000
JJ:/crrc/crr: 0.000000000 0.999999996 0.000000004
JJ:/crrc/r: 0.999999948 0.000000049 0.000000004
JJ:/rc/c: 0.999999985 0.000000015 0.000000000
JJ:/rc/crr: 0.000000000 0.999999988 0.000000012
JJ:/rc/r: 0.999999978 0.000000010 0.000000012
JJ:/rrc/c: 0.999999965 0.000000035 0.000000000
JJ:/rrc/crr: 0.000000000 0.999999973 0.000000027
JJ:/rrc/r: 0.999999700 0.000000273 0.000000027
JK:/cc/c: 0.009846955 0.990153045 0.000000000
JK:/cc/crr: 0.000000000 0.000000298 0.999999702
JK:/cc/r: 0.000000720 0.000000003 0.999999277
JK:/crc/c: 0.623776071 0.376223929 0.000000000
JK:/crc/crr: 0.000000000 0.000000066 0.999999934
JK:/crc/r: 0.015329697 0.000000091 0.984670212
JK:/crrc/c: 0.455718007 0.544281993 0.000000000
JK:/crrc/crr: 0.000000000 0.000000219 0.999999781
JK:/crrc/r: 0.229155315 0.000000056 0.770844629
JK:/rc/c: 0.452756852 0.547243148 0.000000000
JK:/rc/crr: 0.000000000 0.000000016 0.999999984
JK:/rc/r: 0.391559538 0.000000008 0.608440454
JK:/rrc/c: 0.999999224 0.000000776 0.000000000
JK:/rrc/crr: 0.000000000 0.000000090 0.999999910
JK:/rrc/r: 0.323694682 0.000000116 0.676305201
JQ:/cc/c: 0.091384779 0.908615221 0.000000000
JQ:/cc/crr: 0.000000000 0.000000000 1.000000000
JQ:/cc/r: 0.039244013 0.000000000 0.960755987
JQ:/crc/c: 0.457893235 0.542106765 0.000000000
JQ:/crc/crr: 0.000000000 0.000002705 0.999997295
JQ:/crc/r: 0.141049082 0.000000023 0.858950895
JQ:/crrc/c: 0.046665270 0.953334730 0.000000000
JQ:/crrc/crr: 0.000000000 0.000000586 0.999999414
JQ:/crrc/r: 0.165998827 0.000000011 0.834001162
JQ:/rc/c: 0.999983432 0.000016568 0.000000000
JQ:/rc/crr: 0.000000000 0.000000000 1.000000000
JQ:/rc/r: 0.000000035 0.000000027 0.999999938
JQ:/rrc/c: 0.000013424 0.999986576 0.000000000
JQ:/rrc/crr: 0.000000000 0.014528871 0.985471129
JQ:/rrc/r: 0.454934292 0.000000110 0.545065598
K:/c: 0.999998457 0.000001543 0.000000000
K:/crr: 0.000000000 0.999999999 0.000000001
K:/r: 0.646254505 0.353745494 0.000000001
KJ:/cc/c: 0.016506089 0.983493911 0.000000000
KJ:/cc/crr: 0.000000000 0.958099549 0.041900451
KJ:/cc/r: 0.010799129 0.004936830 0.984264041
KJ:/crc/c: 0.172218800 0.827781200 0.000000000
KJ:/crc/crr: 0.000000000 0.999999986 0.000000014
KJ:/crc/r: 0.000000195 0.700130137 0.299869668
KJ:/crrc/c: 0.382700103 0.617299897 0.000000000
KJ:/crrc/crr: 0.000000000 0.603310890 0.396689110
KJ:/crrc/r: 0.062543217 0.734662068 0.202794715
KJ:/rc/c: 0.470130634 0.529869366 0.000000000
KJ:/rc/crr: 0.000000000 0.680812601 0.319187399
KJ:/rc/r: 0.031347644 0.689072626 0.279579730
KJ:/rrc/c: 0.547436652 0.452563348 0.000000000
KJ:/rrc/crr: 0.000000000 0.999962722 0.000037278
KJ:/rrc/r: 0.053726230 0.859259028 0.087014741
KK:/cc/c: 0.995742882 0.004257118 0.000000000
KK:/cc/crr: 0.000000000 0.996659313 0.003340687
KK:/cc/r: 0.998326286 0.001273221 0.000400493
KK:/crc/c: 0.999999876 0.000000124 0.000000000
KK:/crc/crr: 0.000000000 0.999999939 0.000000061
KK:/crc/r: 0.797297269 0.202702708 0.000000022
KK:/crrc/c: 0.999999995 0.000000005 0.000000000
KK:/crrc/crr: 0.000000000 0.999999996 0.000000004
KK:/crrc/r: 0.999995690 0.000004306 0.000000004
KK:/rc/c: 0.999999982 0.000000018 0.000000000
KK:/rc/crr: 0.000000000 0.999999986 0.000000014
KK:/rc/r: 0.999999973 0.000000012 0.000000015
KK:/rrc/c: 0.999999943 0.000000057 0.000000000
KK:/rrc/crr: 0.000000000 0.999999971 0.000000029
KK:/rrc/r: 0.970955840 0.029044139 0.000000021
KQ:/cc/c: 0.006163840 0.993836160 0.000000000
KQ:/cc/crr: 0.000000000 0.720617884 0.279382116
KQ:/cc/r: 0.031395488 0.962665316 0.005939196
KQ:/crc/c: 0.411791896 0.588208104 0.000000000
KQ:/crc/crr: 0.000000000 0.044179323 0.955820677
KQ:/crc/r: 0.000000024 0.380238415 0.619761562
KQ:/crrc/c: 0.681548457 0.318451543 0.000000000
KQ:/crrc/crr: 0.000000000 0.351704609 0.648295391
KQ:/crrc/r: 0.000007775 0.725442464 0.274549762
KQ:/rc/c: 0.000038065 0.999961935 0.000000000
KQ:/rc/crr: 0.000000000 0.007131525 0.992868475
KQ:/rc/r: 0.000000217 0.264963803 0.735035979
KQ:/rrc/c: 0.582223034 0.417776966 0.000000000
KQ:/rrc/crr: 0.000000000 0.411677698 0.588322302
KQ:/rrc/r: 0.101136960 0.486177500 0.412685540
Q:/c: 0.881349466 0.118650534 0.000000000
Q:/crr: 0.000000000 0.999999962 0.000000038
Q:/r: 0.436737268 0.563262536 0.000000196
QJ:/cc/c: 0.000000659 0.999999341 0.000000000
QJ:/cc/crr: 0.000000000 0.079408516 0.920591484
QJ:/cc/r: 0.000000152 0.000000116 0.999999733
QJ:/crc/c: 0.598510906 0.401489094 0.000000000
QJ:/crc/crr: 0.000000000 0.001261307 0.998738693
QJ:/crc/r: 0.000000075 0.000000008 0.999999918
QJ:/crrc/c: 0.000000128 0.999999872 0.000000000
QJ:/crrc/crr: 0.000000000 0.179164781 0.820835219
QJ:/crrc/r: 0.020429043 0.000000000 0.979570957
QJ:/rc/c: 0.000000741 0.999999259 0.000000000
QJ:/rc/crr: 0.000000000 0.002131699 0.997868301
QJ:/rc/r: 0.020677217 0.000000009 0.979322773
QJ:/rrc/c: 0.000000452 0.999999548 0.000000000
QJ:/rrc/crr: 0.000000000 0.077352201 0.922647799
QJ:/rrc/r: 0.000000069 0.000000014 0.999999916
QK:/cc/c: 0.193187353 0.806812647 0.000000000
QK:/cc/crr: 0.000000000 0.999999952 0.000000048
QK:/cc/r: 0.000000222 0.690308388 0.309691390
QK:/crc/c: 0.318030667 0.681969333 0.000000000
QK:/crc/crr: 0.000000000 0.000012912 0.999987088
QK:/crc/r: 0.000000313 0.403792044 0.596207643
QK:/crrc/c: 0.209979359 0.790020641 0.000000000
QK:/crrc/crr: 0.000000000 0.000003790 0.999996210
QK:/crrc/r: 0.000000486 0.246078967 0.753920547
QK:/rc/c: 0.436227055 0.563772945 0.000000000
QK:/rc/crr: 0.000000000 0.000007708 0.999992292
QK:/rc/r: 0.000000025 0.265558043 0.734441932
QK:/rrc/c: 0.493213939 0.506786061 0.000000000
QK:/rrc/crr: 0.000000000 0.055900462 0.944099538
QK:/rrc/r: 0.000000068 0.468722254 0.531277677
QQ:/cc/c: 0.999999989 0.000000011 0.000000000
QQ:/cc/crr: 0.000000000 0.999999992 0.000000008
QQ:/cc/r: 0.999999785 0.000000099 0.000000116
QQ:/crc/c: 0.999999978 0.000000022 0.000000000
QQ:/crc/crr: 0.000000000 0.999999988 0.000000012
QQ:/crc/r: 0.999999971 0.000000017 0.000000012
QQ:/crrc/c: 0.999999995 0.000000005 0.000000000
QQ:/crrc/crr: 0.000000000 0.999999996 0.000000004
QQ:/crrc/r: 0.999999971 0.000000025 0.000000004
QQ:/rc/c: 0.999999992 0.000000008 0.000000000
QQ:/rc/crr: 0.000000000 0.999999996 0.000000004
QQ:/rc/r: 0.999999983 0.000000008 0.000000009
QQ:/rrc/c: 0.999999954 0.000000046 0.000000000
QQ:/rrc/crr: 0.000000000 0.999999964 0.000000036
QQ:/rrc/r: 0.999999846 0.000000120 0.000000035
