J:/c: 0.300234011 0.699765989 0.000000000
J:/crr: 0.000000000 0.999999996 0.000000004
J:/r: 0.041110415 0.093214783 0.865674802
JJ:/cc/c: 0.999999995 0.000000005 0.000000000
JJ:/cc/crr: 0.000000000 0.999999996 0.000000004
JJ:/cc/r: 0.999999984 0.000000010 0.000000006
JJ:/crc/c: 0.999999987 0.000000013 0.000000000
JJ:/crc/crr: 0.000000000 0.999999991 0.000000009
JJ:/crc/r: 0.638686122 0.361313867 0.000000011
JJ:/crrc/c: 0.999999994 0.000000006 0.000000000
JJ:/crrc/crr: 0.000000000 0.999999996 0.000000004
JJ:/crrc/r: 0.999999931 0.000000063 0.000000006
JJ:/rc/c: 0.999999980 0.000000020 0.000000000
JJ:/rc/crr: 0.000000000 0.999999986 0.000000014
JJ:/rc/r: 0.999999969 0.000000013 0.000000018
JJ:/rrc/c: 0.999999954 0.000000046 0.000000000
JJ:/rrc/crr: 0.000000000 0.999999967 0.000000033
JJ:/rrc/r: 0.999999603 0.000000354 0.000000042
JK:/cc/c: 0.007603441 0.992396559 0.000000000
JK:/cc/crr: 0.000000000 0.000000249 0.999999751
JK:/cc/r: 0.000000465 0.000000003 0.999999533
JK:/crc/c: 0.560891834 0.439108166 0.000000000
JK:/crc/crr: 0.000000000 0.000000055 0.999999945
JK:/crc/r: 0.009943431 0.000000077 0.990056493
JK:/crrc/c: 0.392118019 0.607881981 0.000000000
JK:/crrc/crr: 0.000000000 0.000000183 0.999999817
JK:/crrc/r: 0.160916860 0.000000051 0.839083089
JK:/rc/c: 0.389274558 0.610725442 0.000000000
JK:/rc/crr: 0.000000000 0.000000013 0.999999987
JK:/rc/r: 0.293365030 0.000000008 0.706634962
JK:/rrc/c: 0.999998993 0.000001007 0.000000000
JK:/rrc/crr: 0.000000000 0.000000075 0.999999925
JK:/rrc/r: 0.235920143 0.000000110 0.764079747
JQ:/cc/c: 0.071913069 0.928086931 0.000000000
JQ:/cc/crr: 0.000000000 0.000000000 1.000000000
JQ:/cc/r: 0.025674263 0.000000000 0.974325737
JQ:/crc/c: 0.394209544 0.605790456 0.000000000
JQ:/crc/crr: 0.000000000 0.000002265 0.999997735
JQ:/crc/r: 0.095786918 0.000000020 0.904213061
JQ:/crrc/c: 0.036341015 0.963658985 0.000000000
JQ:/crrc/crr: 0.000000000 0.000000491 0.999999509
JQ:/crrc/r: 0.113791023 0.000000010 0.886208967
JQ:/rc/c: 0.999978495 0.000021505 0.000000000
JQ:/rc/crr: 0.000000000 0.000000000 1.000000000
JQ:/rc/r: 0.000000023 0.000000022 0.999999955
JQ:/rrc/c: 0.000010342 0.999989658 0.000000000
JQ:/rrc/crr: 0.000000000 0.012194600 0.987805400
JQ:/rrc/r: 0.349988810 0.000000110 0.650011080
K:/c: 0.999997997 0.000002003 0.000000000
K:/crr: 0.000000000 0.999999999 0.000000001
K:/r: 0.584625528 0.415374470 0.000000001
KJ:/cc/c: 0.012764929 0.987235071 0.000000000
KJ:/cc/crr: 0.000000000 0.950364752 0.049635248
KJ:/cc/r: 0.006999066 0.004153117 0.988847817
KJ:/crc/c: 0.138142078 0.861857922 0.000000000
KJ:/crc/crr: 0.000000000 0.999999983 0.000000017
KJ:/crc/r: 0.000000142 0.661594380 0.338405478
KJ:/crrc/c: 0.323238623 0.676761377 0.000000000
KJ:/crrc/crr: 0.000000000 0.560149621 0.439850379
KJ:/crrc/r: 0.047007600 0.716721081 0.236271319
KJ:/rc/c: 0.406019690 0.593980310 0.000000000
KJ:/rc/crr: 0.000000000 0.641067002 0.358932998
KJ:/rc/r: 0.023064201 0.658071659 0.318864140
KJ:/rrc/c: 0.482380894 0.517619106 0.000000000
KJ:/rrc/crr: 0.000000000 0.999955482 0.000044518
KJ:/rrc/r: 0.041203369 0.855352540 0.103444091
KK:/cc/c: 0.994481262 0.005518738 0.000000000
KK:/cc/crr: 0.000000000 0.996013004 0.003986996
KK:/cc/r: 0.997727907 0.001651650 0.000620442
KK:/crc/c: 0.999999839 0.000000161 0.000000000
KK:/crc/crr: 0.000000000 0.999999927 0.000000073
KK:/crc/r: 0.751879663 0.248120304 0.000000033
KK:/crrc/c: 0.999999994 0.000000006 0.000000000
KK:/crrc/crr: 0.000000000 0.999999996 0.000000004
KK:/crrc/r: 0.999994405 0.000005590 0.000000006
KK:/rc/c: 0.999999976 0.000000024 0.000000000
KK:/rc/crr: 0.000000000 0.999999983 0.000000017
KK:/rc/r: 0.999999962 0.000000016 0.000000023
KK:/rrc/c: 0.999999926 0.000000074 0.000000000
KK:/rrc/crr: 0.000000000 0.999999966 0.000000034
KK:/rrc/r: 0.962624168 0.037375799 0.000000032
KQ:/cc/c: 0.004755451 0.995244549 0.000000000
KQ:/cc/crr: 0.000000000 0.683524815 0.316475185
KQ:/cc/r: 0.024334917 0.968529051 0.007136032
KQ:/crc/c: 0.350375900 0.649624100 0.000000000
KQ:/crc/crr: 0.000000000 0.037261404 0.962738596
KQ:/crc/r: 0.000000016 0.339382583 0.660617400
KQ:/crrc/c: 0.622476348 0.377523652 0.000000000
KQ:/crrc/crr: 0.000000000 0.312369413 0.687630587
KQ:/crrc/r: 0.000005687 0.688715400 0.311278914
KQ:/rc/c: 0.000029326 0.999970674 0.000000000
KQ:/rc/crr: 0.000000000 0.005978533 0.994021467
KQ:/rc/r: 0.000000146 0.231860249 0.768139604
KQ:/rrc/c: 0.517762837 0.482237163 0.000000000
KQ:/rrc/crr: 0.000000000 0.369457551 0.630542449
KQ:/rrc/r: 0.073719864 0.459985538 0.466294598
Q:/c: 0.851251051 0.148748949 0.000000000
Q:/crr: 0.000000000 0.999999954 0.000000046
Q:/r: 0.373966170 0.626033570 0.000000260
QJ:/cc/c: 0.000000508 0.999999492 0.000000000
QJ:/cc/crr: 0.000000000 0.067362933 0.932637067
QJ:/cc/r: 0.000000098 0.000000097 0.999999805
QJ:/crc/c: 0.534554769 0.465445231 0.000000000
QJ:/crc/crr: 0.000000000 0.001056375 0.998943625
QJ:/crc/r: 0.000000048 0.000000006 0.999999945
QJ:/crrc/c: 0.000000099 0.999999901 0.000000000
QJ:/crrc/crr: 0.000000000 0.154527066 0.845472934
QJ:/crrc/r: 0.013275218 0.000000000 0.986724782
QJ:/rc/c: 0.000000571 0.999999429 0.000000000
QJ:/rc/crr: 0.000000000 0.001785602 0.998214398
QJ:/rc/r: 0.013437679 0.000000008 0.986562313
QJ:/rrc/c: 0.000000348 0.999999652 0.000000000
QJ:/rrc/crr: 0.000000000 0.065596317 0.934403683
QJ:/rrc/r: 0.000000045 0.000000012 0.999999943
QK:/cc/c: 0.155742224 0.844257776 0.000000000
QK:/cc/crr: 0.000000000 0.999999943 0.000000057
QK:/cc/r: 0.000000161 0.651139377 0.348860462
QK:/crc/c: 0.264314800 0.735685200 0.000000000
QK:/crc/crr: 0.000000000 0.000010812 0.999989188
QK:/crc/r: 0.000000216 0.361883209 0.638116575
QK:/crrc/c: 0.169965124 0.830034876 0.000000000
QK:/crrc/crr: 0.000000000 0.000003174 0.999996826
QK:/crrc/r: 0.000000327 0.214645838 0.785353835
QK:/rc/c: 0.373480681 0.626519319 0.000000000
QK:/rc/crr: 0.000000000 0.000006455 0.999993545
QK:/rc/r: 0.000000017 0.232403704 0.767596279
QK:/rrc/c: 0.428500787 0.571499213 0.000000000
QK:/rrc/crr: 0.000000000 0.047237869 0.952762131
QK:/rrc/r: 0.000000048 0.424876816 0.575123136
QQ:/cc/c: 0.999999986 0.000000014 0.000000000
QQ:/cc/crr: 0.000000000 0.999999990 0.000000010
QQ:/cc/r: 0.999999692 0.000000129 0.000000179
QQ:/crc/c: 0.999999971 0.000000029 0.000000000
QQ:/crc/crr: 0.000000000 0.999999986 0.000000014
QQ:/crc/r: 0.999999960 0.000000022 0.000000018
QQ:/crrc/c: 0.999999994 0.000000006 0.000000000
QQ:/crrc/crr: 0.000000000 0.999999996 0.000000004
QQ:/crrc/r: 0.999999962 0.000000033 0.000000006
QQ:/rc/c: 0.999999989 0.000000011 0.000000000
QQ:/rc/crr: 0.000000000 0.999999996 0.000000004
QQ:/rc/r: 0.999999976 0.000000010 0.000000014
QQ:/rrc/c: 0.999999941 0.000000059 0.000000000
QQ:/rrc/crr: 0.000000000 0.999999957 0.000000043
QQ:/rrc/r: 0.999999791 0.000000155 0.000000054
