J:/c: 0.335399694 0.664600306 0.000000000
J:/crr: 0.000000000 0.999999997 0.000000003
J:/r: 0.064013041 0.123397490 0.812589469
JJ:/cc/c: 0.999999996 0.000000004 0.000000000
JJ:/cc/crr: 0.000000000 0.999999997 0.000000003
JJ:/cc/r: 0.999999988 0.000000008 0.000000003
JJ:/crc/c: 0.999999989 0.000000011 0.000000000
JJ:/crc/crr: 0.000000000 0.999999994 0.000000006
JJ:/crc/r: 0.675241151 0.324758842 0.000000007
JJ:/crrc/c: 0.999999995 0.000000005 0.000000000
JJ:/crrc/crr: 0.000000000 0.999999997 0.000000003
JJ:/crrc/r: 0.999999943 0.000000054 0.000000003
JJ:/rc/c: 0.999999983 0.000000017 0.000000000
JJ:/rc/crr: 0.000000000 0.999999990 0.000000010
JJ:/rc/r: 0.999999978 0.000000011 0.000000011
JJ:/rrc/c: 0.999999961 0.000000039 0.000000000
JJ:/rrc/crr: 0.000000000 0.999999977 0.000000023
JJ:/rrc/r: 0.999999673 0.000000301 0.000000026
JK:/cc/c: 0.008931485 0.991068515 0.000000000
JK:/cc/crr: 0.000000000 0.000000352 0.999999648
JK:/cc/r: 0.000000771 0.000000004 0.999999225
JK:/crc/c: 0.600393076 0.399606924 0.000000000
JK:/crc/crr: 0.000000000 0.000000078 0.999999922
JK:/crc/r: 0.016387045 0.000000108 0.983612847
JK:/crrc/c: 0.431410907 0.568589093 0.000000000
JK:/crrc/crr: 0.000000000 0.000000258 0.999999742
JK:/crrc/r: 0.241346160 0.000000065 0.758653776
JK:/rc/c: 0.428483356 0.571516644 0.000000000
JK:/rc/crr: 0.000000000 0.000000019 0.999999981
JK:/rc/r: 0.407819231 0.000000009 0.592180759
JK:/rrc/c: 0.999999144 0.000000856 0.000000000
JK:/rrc/crr: 0.000000000 0.000000106 0.999999894
JK:/rrc/r: 0.338705033 0.000000134 0.661294832
JQ:/cc/c: 0.083528238 0.916471762 0.000000000
JQ:/cc/crr: 0.000000000 0.000000000 1.000000000
JQ:/cc/r: 0.041880668 0.000000000 0.958119332
JQ:/crc/c: 0.433562534 0.566437466 0.000000000
JQ:/crc/crr: 0.000000000 0.000003194 0.999996806
JQ:/crc/r: 0.149461570 0.000000027 0.850538403
JQ:/crrc/c: 0.042473640 0.957526360 0.000000000
JQ:/crrc/crr: 0.000000000 0.000000692 0.999999308
JQ:/crrc/r: 0.175595171 0.000000013 0.824404816
JQ:/rc/c: 0.999981717 0.000018283 0.000000000
JQ:/rc/crr: 0.000000000 0.000000000 1.000000000
JQ:/rc/r: 0.000000038 0.000000032 0.999999931
JQ:/rrc/c: 0.000012165 0.999987835 0.000000000
JQ:/rrc/crr: 0.000000000 0.017112176 0.982887824
JQ:/rrc/r: 0.471785048 0.000000126 0.528214826
K:/c: 0.999998297 0.000001703 0.000000000
K:/crr: 0.000000000 0.999999999 0.000000001
K:/r: 0.623425169 0.376574831 0.000000001
KJ:/cc/c: 0.014980888 0.985019112 0.000000000
KJ:/cc/crr: 0.000000000 0.964289004 0.035710996
KJ:/cc/r: 0.011537355 0.005820299 0.982642346
KJ:/crc/c: 0.158626028 0.841373972 0.000000000
KJ:/crc/crr: 0.000000000 0.999999988 0.000000012
KJ:/crc/r: 0.000000185 0.733840292 0.266159524
KJ:/crrc/c: 0.359713690 0.640286310 0.000000000
KJ:/crrc/crr: 0.000000000 0.642345078 0.357654922
KJ:/crrc/r: 0.058849670 0.762835787 0.178314543
KJ:/rc/c: 0.445684275 0.554315725 0.000000000
KJ:/rc/crr: 0.000000000 0.715812898 0.284187102
KJ:/rc/r: 0.029769518 0.722123557 0.248106925
KJ:/rrc/c: 0.522937706 0.477062294 0.000000000
KJ:/rrc/crr: 0.000000000 0.999968433 0.000031567
KJ:/rrc/r: 0.049597381 0.875338650 0.075063969
KK:/cc/c: 0.995304261 0.004695739 0.000000000
KK:/cc/crr: 0.000000000 0.997169620 0.002830380
KK:/cc/r: 0.998220915 0.001404875 0.000374210
KK:/crc/c: 0.999999863 0.000000137 0.000000000
KK:/crc/crr: 0.000000000 0.999999948 0.000000052
KK:/crc/r: 0.780911036 0.219088943 0.000000020
KK:/crrc/c: 0.999999995 0.000000005 0.000000000
KK:/crrc/crr: 0.000000000 0.999999997 0.000000003
KK:/crrc/r: 0.999995245 0.000004752 0.000000003
KK:/rc/c: 0.999999980 0.000000020 0.000000000
KK:/rc/crr: 0.000000000 0.999999988 0.000000012
KK:/rc/r: 0.999999973 0.000000013 0.000000014
KK:/rrc/c: 0.999999937 0.000000063 0.000000000
KK:/rrc/crr: 0.000000000 0.999999976 0.000000024
KK:/rrc/r: 0.968045310 0.031954670 0.000000020
KQ:/cc/c: 0.005588856 0.994411144 0.000000000
KQ:/cc/crr: 0.000000000 0.752837962 0.247162038
KQ:/cc/r: 0.028560449 0.966390709 0.005048842
KQ:/crc/c: 0.388156857 0.611843143 0.000000000
KQ:/crc/crr: 0.000000000 0.051757734 0.948242266
KQ:/crc/r: 0.000000024 0.420125283 0.579874693
KQ:/crrc/c: 0.659797806 0.340202194 0.000000000
KQ:/crrc/crr: 0.000000000 0.390484166 0.609515834
KQ:/crrc/r: 0.000007355 0.757293174 0.242699471
KQ:/rc/c: 0.000034494 0.999965506 0.000000000
KQ:/rc/crr: 0.000000000 0.008410770 0.991589230
KQ:/rc/r: 0.000000222 0.298584125 0.701415653
KQ:/rrc/c: 0.558087078 0.441912922 0.000000000
KQ:/rrc/crr: 0.000000000 0.452454865 0.547545135
KQ:/rrc/r: 0.098835483 0.524297125 0.376867392
Q:/c: 0.870655615 0.129344385 0.000000000
Q:/crr: 0.000000000 0.999999968 0.000000032
Q:/r: 0.412674978 0.587324849 0.000000173
QJ:/cc/c: 0.000000598 0.999999402 0.000000000
QJ:/cc/crr: 0.000000000 0.092445573 0.907554427
QJ:/cc/r: 0.000000162 0.000000137 0.999999701
QJ:/crc/c: 0.574628454 0.425371546 0.000000000
QJ:/crc/crr: 0.000000000 0.001489138 0.998510862
QJ:/crc/r: 0.000000080 0.000000009 0.999999911
QJ:/crrc/c: 0.000000116 0.999999884 0.000000000
QJ:/crrc/crr: 0.000000000 0.204933675 0.795066325
QJ:/crrc/r: 0.021830315 0.000000000 0.978169685
QJ:/rc/c: 0.000000671 0.999999329 0.000000000
QJ:/rc/crr: 0.000000000 0.002516354 0.997483646
QJ:/rc/r: 0.022095128 0.000000011 0.977904861
QJ:/rrc/c: 0.000000410 0.999999590 0.000000000
QJ:/rrc/crr: 0.000000000 0.090084694 0.909915306
QJ:/rrc/r: 0.000000074 0.000000017 0.999999909
QK:/cc/c: 0.178296057 0.821703943 0.000000000
QK:/cc/crr: 0.000000000 0.999999960 0.000000040
QK:/cc/r: 0.000000211 0.724688490 0.275311299
QK:/crc/c: 0.297059332 0.702940668 0.000000000
QK:/crc/crr: 0.000000000 0.000015248 0.999984752
QK:/crc/r: 0.000000312 0.444378095 0.555621593
QK:/crrc/c: 0.194105101 0.805894899 0.000000000
QK:/crrc/crr: 0.000000000 0.000004476 0.999995524
QK:/crrc/r: 0.000000498 0.278210023 0.721789479
QK:/rc/c: 0.412172292 0.587827708 0.000000000
QK:/rc/crr: 0.000000000 0.000009103 0.999990897
QK:/rc/r: 0.000000026 0.299223075 0.700776899
QK:/rrc/c: 0.468628853 0.531371147 0.000000000
QK:/rrc/crr: 0.000000000 0.065352017 0.934647983
QK:/rrc/r: 0.000000067 0.510249244 0.489750688
QQ:/cc/c: 0.999999988 0.000000012 0.000000000
QQ:/cc/crr: 0.000000000 0.999999993 0.000000007
QQ:/cc/r: 0.999999783 0.000000109 0.000000108
QQ:/crc/c: 0.999999976 0.000000024 0.000000000
QQ:/crc/crr: 0.000000000 0.999999990 0.000000010
QQ:/crc/r: 0.999999970 0.000000019 0.000000011
QQ:/crrc/c: 0.999999995 0.000000005 0.000000000
QQ:/crrc/crr: 0.000000000 0.999999997 0.000000003
QQ:/crrc/r: 0.999999969 0.000000028 0.000000003
QQ:/rc/c: 0.999999991 0.000000009 0.000000000
QQ:/rc/crr: 0.000000000 0.999999997 0.000000003
QQ:/rc/r: 0.999999983 0.000000008 0.000000009
QQ:/rrc/c: 0.999999949 0.000000051 0.000000000
QQ:/rrc/crr: 0.000000000 0.999999970 0.000000030
QQ:/rrc/r: 0.999999836 0.000000132 0.000000032
