J:/c: 0.265270365 0.734729635 0.000000000
J:/crr: 0.000000000 0.999999996 0.000000004
J:/r: 0.037547754 0.101172569 0.861279677
JJ:/cc/c: 0.999999994 0.000000006 0.000000000
JJ:/cc/crr: 0.000000000 0.999999996 0.000000004
JJ:/cc/r: 0.999999982 0.000000012 0.000000006
JJ:/crc/c: 0.999999985 0.000000015 0.000000000
JJ:/crc/crr: 0.000000000 0.999999992 0.000000008
JJ:/crc/r: 0.597989940 0.402010048 0.000000012
JJ:/crrc/c: 0.999999993 0.000000007 0.000000000
JJ:/crrc/crr: 0.000000000 0.999999996 0.000000004
JJ:/crrc/r: 0.999999919 0.000000075 0.000000006
JJ:/rc/c: 0.999999976 0.000000024 0.000000000
JJ:/rc/crr: 0.000000000 0.999999987 0.000000013
JJ:/rc/r: 0.999999965 0.000000015 0.000000020
JJ:/rrc/c: 0.999999946 0.000000054 0.000000000
JJ:/rrc/crr: 0.000000000 0.999999970 0.000000030
JJ:/rrc/r: 0.999999533 0.000000421 0.000000046
JK:/cc/c: 0.006406016 0.993593984 0.000000000
JK:/cc/crr: 0.000000000 0.000000272 0.999999728
JK:/cc/r: 0.000000426 0.000000003 0.999999570
JK:/crc/c: 0.518045418 0.481954582 0.000000000
JK:/crc/crr: 0.000000000 0.000000061 0.999999939
JK:/crc/r: 0.009135518 0.000000084 0.990864398
JK:/crrc/c: 0.351834048 0.648165952 0.000000000
JK:/crrc/crr: 0.000000000 0.000000200 0.999999800
JK:/crrc/r: 0.149696956 0.000000056 0.850302988
JK:/rc/c: 0.349114938 0.650885062 0.000000000
JK:/rc/crr: 0.000000000 0.000000015 0.999999985
JK:/rc/r: 0.275947266 0.000000009 0.724052725
JK:/rrc/c: 0.999998804 0.000001196 0.000000000
JK:/rrc/crr: 0.000000000 0.000000082 0.999999918
JK:/rrc/r: 0.220847075 0.000000122 0.779152802
JQ:/cc/c: 0.061212562 0.938787438 0.000000000
JQ:/cc/crr: 0.000000000 0.000000000 1.000000000
JQ:/cc/r: 0.023618697 0.000000000 0.976381303
JQ:/crc/c: 0.353835773 0.646164227 0.000000000
JQ:/crc/crr: 0.000000000 0.000002471 0.999997529
JQ:/crc/r: 0.088628526 0.000000022 0.911371452
JQ:/crrc/c: 0.030758132 0.969241868 0.000000000
JQ:/crrc/crr: 0.000000000 0.000000535 0.999999465
JQ:/crrc/r: 0.105444043 0.000000011 0.894555946
JQ:/rc/c: 0.999974445 0.000025555 0.000000000
JQ:/rc/crr: 0.000000000 0.000000000 1.000000000
JQ:/rc/r: 0.000000021 0.000000025 0.999999955
JQ:/rrc/c: 0.000008703 0.999991297 0.000000000
JQ:/rrc/crr: 0.000000000 0.013288468 0.986711532
JQ:/rrc/r: 0.330782889 0.000000124 0.669216987
K:/c: 0.999998144 0.000001856 0.000000000
K:/crr: 0.000000000 0.999999999 0.000000001
K:/r: 0.603028100 0.396971899 0.000000001
KJ:/cc/c: 0.013763182 0.986236818 0.000000000
KJ:/cc/crr: 0.000000000 0.972178854 0.027821146
KJ:/cc/r: 0.013647013 0.007502947 0.978850040
KJ:/crc/c: 0.147480453 0.852519547 0.000000000
KJ:/crc/crr: 0.000000000 0.999999991 0.000000009
KJ:/crc/r: 0.000000181 0.781085909 0.218913910
KJ:/crrc/c: 0.340151157 0.659848843 0.000000000
KJ:/crrc/crr: 0.000000000 0.699174095 0.300825905
KJ:/crrc/r: 0.056565996 0.799093729 0.144340275
KJ:/rc/c: 0.424546403 0.575453597 0.000000000
KJ:/rc/crr: 0.000000000 0.765234828 0.234765172
KJ:/rc/r: 0.029023660 0.767268094 0.203708247
KJ:/rrc/c: 0.501450400 0.498549600 0.000000000
KJ:/rrc/crr: 0.000000000 0.999975606 0.000024394
KJ:/rrc/r: 0.046492818 0.894249044 0.059258138
KK:/cc/c: 0.994884641 0.005115359 0.000000000
KK:/cc/crr: 0.000000000 0.997811441 0.002188559
KK:/cc/r: 0.998153920 0.001530960 0.000315120
KK:/crc/c: 0.999999850 0.000000150 0.000000000
KK:/crc/crr: 0.000000000 0.999999960 0.000000040
KK:/crc/r: 0.765840196 0.234159787 0.000000017
KK:/crrc/c: 0.999999994 0.000000006 0.000000000
KK:/crrc/crr: 0.000000000 0.999999998 0.000000002
KK:/crrc/r: 0.999994818 0.000005179 0.000000003
KK:/rc/c: 0.999999978 0.000000022 0.000000000
KK:/rc/crr: 0.000000000 0.999999991 0.000000009
KK:/rc/r: 0.999999974 0.000000015 0.000000011
KK:/rrc/c: 0.999999931 0.000000069 0.000000000
KK:/rrc/crr: 0.000000000 0.999999981 0.000000019
KK:/rrc/r: 0.965274774 0.034725209 0.000000017
KQ:/cc/c: 0.005130595 0.994869405 0.000000000
KQ:/cc/crr: 0.000000000 0.797641260 0.202358740
KQ:/cc/r: 0.026298625 0.969786219 0.003915156
KQ:/crc/c: 0.367936365 0.632063635 0.000000000
KQ:/crc/crr: 0.000000000 0.065975135 0.934024865
KQ:/crc/r: 0.000000025 0.483893548 0.516106427
KQ:/crrc/c: 0.640233938 0.359766062 0.000000000
KQ:/crrc/crr: 0.000000000 0.453270152 0.546729848
KQ:/crrc/r: 0.000007143 0.801500905 0.198491952
KQ:/rc/c: 0.000031652 0.999968348 0.000000000
KQ:/rc/crr: 0.000000000 0.010857473 0.989142527
KQ:/rc/r: 0.000000242 0.355204784 0.644794974
KQ:/rrc/c: 0.536780564 0.463219436 0.000000000
KQ:/rrc/crr: 0.000000000 0.516757255 0.483242745
KQ:/rrc/r: 0.100075983 0.578561740 0.321362276
Q:/c: 0.849973953 0.150026047 0.000000000
Q:/crr: 0.000000000 0.999999968 0.000000032
Q:/r: 0.371616256 0.628383561 0.000000183
QJ:/cc/c: 0.000000503 0.999999497 0.000000000
QJ:/cc/crr: 0.000000000 0.093275500 0.906724500
QJ:/cc/r: 0.000000138 0.000000138 0.999999724
QJ:/crc/c: 0.532053338 0.467946662 0.000000000
QJ:/crc/crr: 0.000000000 0.001503860 0.998496140
QJ:/crc/r: 0.000000068 0.000000009 0.999999923
QJ:/crrc/c: 0.000000098 0.999999902 0.000000000
QJ:/crrc/crr: 0.000000000 0.206543635 0.793456365
QJ:/crrc/r: 0.018616729 0.000000000 0.981383271
QJ:/rc/c: 0.000000565 0.999999435 0.000000000
QJ:/rc/crr: 0.000000000 0.002541205 0.997458795
QJ:/rc/r: 0.018843311 0.000000011 0.981156678
QJ:/rrc/c: 0.000000345 0.999999655 0.000000000
QJ:/rrc/crr: 0.000000000 0.090895549 0.909104451
QJ:/rrc/r: 0.000000063 0.000000017 0.999999920
QK:/cc/c: 0.154425307 0.845574693 0.000000000
QK:/cc/crr: 0.000000000 0.999999960 0.000000040
QK:/cc/r: 0.000000178 0.726649837 0.273349985
QK:/crc/c: 0.262365122 0.737634878 0.000000000
QK:/crc/crr: 0.000000000 0.000015399 0.999984601
QK:/crc/r: 0.000000264 0.446812023 0.553187713
QK:/crrc/c: 0.168551952 0.831448048 0.000000000
QK:/crrc/crr: 0.000000000 0.000004520 0.999995480
QK:/crrc/r: 0.000000422 0.280192792 0.719806786
QK:/rc/c: 0.371131980 0.628868020 0.000000000
QK:/rc/crr: 0.000000000 0.000009193 0.999990807
QK:/rc/r: 0.000000022 0.301293069 0.698706909
QK:/rrc/c: 0.426041370 0.573958630 0.000000000
QK:/rrc/crr: 0.000000000 0.065956390 0.934043610
QK:/rrc/r: 0.000000057 0.512711020 0.487288923
QQ:/cc/c: 0.999999986 0.000000014 0.000000000
QQ:/cc/crr: 0.000000000 0.999999993 0.000000007
QQ:/cc/r: 0.999999743 0.000000130 0.000000127
QQ:/crc/c: 0.999999971 0.000000029 0.000000000
QQ:/crc/crr: 0.000000000 0.999999990 0.000000010
QQ:/crc/r: 0.999999965 0.000000022 0.000000013
QQ:/crrc/c: 0.999999994 0.000000006 0.000000000
QQ:/crrc/crr: 0.000000000 0.999999997 0.000000003
QQ:/crrc/r: 0.999999963 0.000000033 0.000000004
QQ:/rc/c: 0.999999989 0.000000011 0.000000000
QQ:/rc/crr: 0.000000000 0.999999997 0.000000003
QQ:/rc/r: 0.999999980 0.000000010 0.000000010
QQ:/rrc/c: 0.999999940 0.000000060 0.000000000
QQ:/rrc/crr: 0.000000000 0.999999970 0.000000030
QQ:/rrc/r: 0.999999805 0.000000157 0.000000038
