J:/c: 0.338280339 0.661719661 0.000000000
J:/crr: 0.000000000 0.999999996 0.000000004
J:/r: 0.051908153 0.098780870 0.849310978
JJ:/cc/c: 0.999999996 0.000000004 0.000000000
JJ:/cc/crr: 0.000000000 0.999999996 0.000000004
JJ:/cc/r: 0.999999987 0.000000008 0.000000004
JJ:/crc/c: 0.999999989 0.000000011 0.000000000
JJ:/crc/crr: 0.000000000 0.999999992 0.000000008
JJ:/crc/r: 0.678062670 0.321937321 0.000000009
JJ:/crrc/c: 0.999999995 0.000000005 0.000000000
JJ:/crrc/crr: 0.000000000 0.999999996 0.000000004
JJ:/crrc/r: 0.999999942 0.000000053 0.000000004
JJ:/rc/c: 0.999999983 0.000000017 0.000000000
JJ:/rc/crr: 0.000000000 0.999999987 0.000000013
JJ:/rc/r: 0.999999975 0.000000011 0.000000014
JJ:/rrc/c: 0.999999962 0.000000038 0.000000000
JJ:/rrc/crr: 0.000000000 0.999999970 0.000000030
JJ:/rrc/r: 0.999999670 0.000000297 0.000000033
JK:/cc/c: 0.009046361 0.990953639 0.000000000
JK:/cc/crr: 0.000000000 0.000000269 0.999999731
JK:/cc/r: 0.000000598 0.000000003 0.999999399
JK:/crc/c: 0.603483019 0.396516981 0.000000000
JK:/crc/crr: 0.000000000 0.000000060 0.999999940
JK:/crc/r: 0.012760582 0.000000083 0.987239335
JK:/crrc/c: 0.434576956 0.565423044 0.000000000
JK:/crrc/crr: 0.000000000 0.000000198 0.999999802
JK:/crrc/r: 0.197955207 0.000000053 0.802044741
JK:/rc/c: 0.431644230 0.568355770 0.000000000
JK:/rc/crr: 0.000000000 0.000000014 0.999999986
JK:/rc/r: 0.348236874 0.000000008 0.651763118
JK:/rrc/c: 0.999999155 0.000000845 0.000000000
JK:/rrc/crr: 0.000000000 0.000000081 0.999999919
JK:/rrc/r: 0.284371303 0.000000111 0.715628586
JQ:/cc/c: 0.084520748 0.915479252 0.000000000
JQ:/cc/crr: 0.000000000 0.000000000 1.000000000
JQ:/cc/r: 0.032800585 0.000000000 0.967199415
JQ:/crc/c: 0.436732245 0.563267755 0.000000000
JQ:/crc/crr: 0.000000000 0.000002447 0.999997553
JQ:/crc/r: 0.119977776 0.000000021 0.880022203
JQ:/crrc/c: 0.043001214 0.956998786 0.000000000
JQ:/crrc/crr: 0.000000000 0.000000530 0.999999470
JQ:/crrc/r: 0.141815661 0.000000010 0.858184329
JQ:/rc/c: 0.999981952 0.000018048 0.000000000
JQ:/rc/crr: 0.000000000 0.000000000 1.000000000
JQ:/rc/r: 0.000000029 0.000000024 0.999999947
JQ:/rrc/c: 0.000012323 0.999987677 0.000000000
JQ:/rrc/crr: 0.000000000 0.013158897 0.986841103
JQ:/rrc/r: 0.409316867 0.000000108 0.590683025
K:/c: 0.999998319 0.000001681 0.000000000
K:/crr: 0.000000000 0.999999999 0.000000001
K:/r: 0.626447823 0.373552175 0.000000001
KJ:/cc/c: 0.015172380 0.984827620 0.000000000
KJ:/cc/crr: 0.000000000 0.953877141 0.046122859
KJ:/cc/r: 0.008986615 0.004475428 0.986537956
KJ:/crc/c: 0.160354742 0.839645258 0.000000000
KJ:/crc/crr: 0.000000000 0.999999984 0.000000016
KJ:/crc/r: 0.000000173 0.678631286 0.321368541
KJ:/crrc/c: 0.362689198 0.637310802 0.000000000
KJ:/crrc/crr: 0.000000000 0.579044172 0.420955828
KJ:/crrc/r: 0.056491397 0.722884231 0.220624372
KJ:/rc/c: 0.448872379 0.551127621 0.000000000
KJ:/rc/crr: 0.000000000 0.658604100 0.341395900
KJ:/rc/r: 0.028020156 0.670980141 0.300999703
KJ:/rrc/c: 0.526153886 0.473846114 0.000000000
KJ:/rrc/crr: 0.000000000 0.999958784 0.000041216
KJ:/rrc/r: 0.049083366 0.855167345 0.095749288
KK:/cc/c: 0.995364149 0.004635851 0.000000000
KK:/cc/crr: 0.000000000 0.996307689 0.003692311
KK:/cc/r: 0.998130965 0.001386749 0.000482286
KK:/crc/c: 0.999999865 0.000000135 0.000000000
KK:/crc/crr: 0.000000000 0.999999933 0.000000067
KK:/crc/r: 0.783109374 0.216890600 0.000000026
KK:/crrc/c: 0.999999995 0.000000005 0.000000000
KK:/crrc/crr: 0.000000000 0.999999996 0.000000004
KK:/crrc/r: 0.999995304 0.000004691 0.000000004
KK:/rc/c: 0.999999980 0.000000020 0.000000000
KK:/rc/crr: 0.000000000 0.999999984 0.000000016
KK:/rc/r: 0.999999969 0.000000013 0.000000018
KK:/rrc/c: 0.999999938 0.000000062 0.000000000
KK:/rrc/crr: 0.000000000 0.999999968 0.000000032
KK:/rrc/r: 0.968441820 0.031558155 0.000000025
KQ:/cc/c: 0.005660985 0.994339015 0.000000000
KQ:/cc/crr: 0.000000000 0.699958380 0.300041620
KQ:/cc/r: 0.028875880 0.964544659 0.006579462
KQ:/crc/c: 0.391223886 0.608776114 0.000000000
KQ:/crc/crr: 0.000000000 0.040127355 0.959872645
KQ:/crc/r: 0.000000020 0.356872299 0.643127681
KQ:/crrc/c: 0.662686473 0.337313527 0.000000000
KQ:/crrc/crr: 0.000000000 0.329160664 0.670839336
KQ:/crrc/r: 0.000006936 0.704994672 0.294998393
KQ:/rc/c: 0.000034942 0.999965058 0.000000000
KQ:/rc/crr: 0.000000000 0.006454501 0.993545499
KQ:/rc/r: 0.000000185 0.245871197 0.754128618
KQ:/rrc/c: 0.561265102 0.438734898 0.000000000
KQ:/rrc/crr: 0.000000000 0.387587826 0.612412174
KQ:/rrc/r: 0.089673583 0.469600462 0.440725956
Q:/c: 0.872100944 0.127899056 0.000000000
Q:/crr: 0.000000000 0.999999958 0.000000042
Q:/r: 0.415804057 0.584195718 0.000000224
QJ:/cc/c: 0.000000605 0.999999395 0.000000000
QJ:/cc/crr: 0.000000000 0.072370096 0.927629904
QJ:/cc/r: 0.000000126 0.000000105 0.999999769
QJ:/crc/c: 0.577777517 0.422222483 0.000000000
QJ:/crc/crr: 0.000000000 0.001140926 0.998859074
QJ:/crc/r: 0.000000062 0.000000007 0.999999931
QJ:/crrc/c: 0.000000118 0.999999882 0.000000000
QJ:/crrc/crr: 0.000000000 0.164867904 0.835132096
QJ:/crrc/r: 0.017020096 0.000000000 0.982979904
QJ:/rc/c: 0.000000680 0.999999320 0.000000000
QJ:/rc/crr: 0.000000000 0.001928407 0.998071593
QJ:/rc/r: 0.017227587 0.000000008 0.982772405
QJ:/rrc/c: 0.000000415 0.999999585 0.000000000
QJ:/rrc/crr: 0.000000000 0.070482089 0.929517911
QJ:/rrc/r: 0.000000058 0.000000013 0.999999930
QK:/cc/c: 0.180193227 0.819806773 0.000000000
QK:/cc/crr: 0.000000000 0.999999947 0.000000053
QK:/cc/r: 0.000000197 0.668438848 0.331560954
QK:/crc/c: 0.299759206 0.700240794 0.000000000
QK:/crc/crr: 0.000000000 0.000011678 0.999988322
QK:/crc/r: 0.000000270 0.379865691 0.620134039
QK:/crrc/c: 0.196130336 0.803869664 0.000000000
QK:/crrc/crr: 0.000000000 0.000003428 0.999996572
QK:/crrc/r: 0.000000413 0.227925199 0.772074388
QK:/rc/c: 0.415300277 0.584699723 0.000000000
QK:/rc/crr: 0.000000000 0.000006972 0.999993028
QK:/rc/r: 0.000000022 0.246436965 0.753563013
QK:/rrc/c: 0.471841377 0.528158623 0.000000000
QK:/rrc/crr: 0.000000000 0.050830643 0.949169357
QK:/rrc/r: 0.000000059 0.443812463 0.556187477
QQ:/cc/c: 0.999999988 0.000000012 0.000000000
QQ:/cc/crr: 0.000000000 0.999999991 0.000000009
QQ:/cc/r: 0.999999753 0.000000108 0.000000139
QQ:/crc/c: 0.999999976 0.000000024 0.000000000
QQ:/crc/crr: 0.000000000 0.999999987 0.000000013
QQ:/crc/r: 0.999999967 0.000000018 0.000000014
QQ:/crrc/c: 0.999999995 0.000000005 0.000000000
QQ:/crrc/crr: 0.000000000 0.999999996 0.000000004
QQ:/crrc/r: 0.999999968 0.000000027 0.000000004
QQ:/rc/c: 0.999999991 0.000000009 0.000000000
QQ:/rc/crr: 0.000000000 0.999999996 0.000000004
QQ:/rc/r: 0.999999981 0.000000008 0.000000011
QQ:/rrc/c: 0.999999950 0.000000050 0.000000000
QQ:/rrc/crr: 0.000000000 0.999999960 0.000000040
QQ:/rrc/r: 0.999999828 0.000000130 0.000000042
