J:/c: 0.298126749 0.701873251 0.000000000
J:/crr: 0.000000000 0.999999997 0.000000003
J:/r: 0.054870914 0.125672407 0.819456679
JJ:/cc/c: 0.999999995 0.000000005 0.000000000
JJ:/cc/crr: 0.000000000 0.999999997 0.000000003
JJ:/cc/r: 0.999999986 0.000000010 0.000000004
JJ:/crc/c: 0.999999987 0.000000013 0.000000000
JJ:/crc/crr: 0.000000000 0.999999994 0.000000006
JJ:/crc/r: 0.636363629 0.363636363 0.000000008
JJ:/crrc/c: 0.999999994 0.000000006 0.000000000
JJ:/crrc/crr: 0.000000000 0.999999997 0.000000003
JJ:/crrc/r: 0.999999932 0.000000064 0.000000004
JJ:/rc/c: 0.999999980 0.000000020 0.000000000
JJ:/rc/crr: 0.000000000 0.999999990 0.000000010
JJ:/rc/r: 0.999999974 0.000000013 0.000000013
JJ:/rrc/c: 0.999999954 0.000000046 0.000000000
JJ:/rrc/crr: 0.000000000 0.999999977 0.000000023
JJ:/rrc/r: 0.999999612 0.000000358 0.000000030
JK:/cc/c: 0.007527979 0.992472021 0.000000000
JK:/cc/crr: 0.000000000 0.000000355 0.999999645
JK:/cc/r: 0.000000655 0.000000004 0.999999341
JK:/crc/c: 0.558415020 0.441584980 0.000000000
JK:/crc/crr: 0.000000000 0.000000079 0.999999921
JK:/crc/r: 0.013963311 0.000000109 0.986036580
JK:/crrc/c: 0.389725021 0.610274979 0.000000000
JK:/crrc/crr: 0.000000000 0.000000261 0.999999739
JK:/crrc/r: 0.212849808 0.000000068 0.787150124
JK:/rc/c: 0.386887868 0.613112132 0.000000000
JK:/rc/crr: 0.000000000 0.000000019 0.999999981
JK:/rc/r: 0.369233420 0.000000010 0.630766570
JK:/rrc/c: 0.999998983 0.000001017 0.000000000
JK:/rrc/crr: 0.000000000 0.000000107 0.999999893
JK:/rrc/r: 0.303309127 0.000000143 0.696690730
JQ:/cc/c: 0.071245173 0.928754827 0.000000000
JQ:/cc/crr: 0.000000000 0.000000000 1.000000000
JQ:/cc/r: 0.035823615 0.000000000 0.964176385
JQ:/crc/c: 0.391812009 0.608187991 0.000000000
JQ:/crc/crr: 0.000000000 0.000003226 0.999996774
JQ:/crc/r: 0.129955845 0.000000028 0.870044127
JQ:/crrc/c: 0.035990684 0.964009316 0.000000000
JQ:/crrc/crr: 0.000000000 0.000000699 0.999999301
JQ:/crrc/r: 0.153293536 0.000000013 0.846706451
JQ:/rc/c: 0.999978278 0.000021722 0.000000000
JQ:/rc/crr: 0.000000000 0.000000000 1.000000000
JQ:/rc/r: 0.000000032 0.000000032 0.999999936
JQ:/rrc/c: 0.000010239 0.999989761 0.000000000
JQ:/rrc/crr: 0.000000000 0.017278676 0.982721324
JQ:/rrc/r: 0.431557658 0.000000137 0.568442205
K:/c: 0.999998454 0.000001546 0.000000000
K:/crr: 0.000000000 0.999999999 0.000000001
K:/r: 0.645855185 0.354144814 0.000000001
KJ:/cc/c: 0.016477765 0.983522235 0.000000000
KJ:/cc/crr: 0.000000000 0.964125194 0.035874806
KJ:/cc/r: 0.012635587 0.005786464 0.981577949
KJ:/crc/c: 0.171969993 0.828030007 0.000000000
KJ:/crc/crr: 0.000000000 0.999999988 0.000000012
KJ:/crc/r: 0.000000203 0.732912169 0.267087627
KJ:/crrc/c: 0.382287643 0.617712357 0.000000000
KJ:/crrc/crr: 0.000000000 0.641253892 0.358746108
KJ:/crrc/r: 0.064388803 0.757663141 0.177948056
KJ:/rc/c: 0.469695642 0.530304358 0.000000000
KJ:/rc/crr: 0.000000000 0.714846354 0.285153646
KJ:/rc/r: 0.032656582 0.719099873 0.248243546
KJ:/rrc/c: 0.547003973 0.452996027 0.000000000
KJ:/rrc/crr: 0.000000000 0.999968282 0.000031718
KJ:/rrc/r: 0.054342906 0.870640767 0.075016327
KK:/cc/c: 0.995735473 0.004264527 0.000000000
KK:/cc/crr: 0.000000000 0.997156192 0.002843808
KK:/cc/r: 0.998383110 0.001275519 0.000341371
KK:/crc/c: 0.999999875 0.000000125 0.000000000
KK:/crc/crr: 0.000000000 0.999999948 0.000000052
KK:/crc/r: 0.797014900 0.202985081 0.000000019
KK:/crrc/c: 0.999999995 0.000000005 0.000000000
KK:/crrc/crr: 0.000000000 0.999999997 0.000000003
KK:/crrc/r: 0.999995683 0.000004314 0.000000003
KK:/rc/c: 0.999999982 0.000000018 0.000000000
KK:/rc/crr: 0.000000000 0.999999988 0.000000012
KK:/rc/r: 0.999999975 0.000000012 0.000000012
KK:/rrc/c: 0.999999943 0.000000057 0.000000000
KK:/rrc/crr: 0.000000000 0.999999976 0.000000024
KK:/rrc/r: 0.970906556 0.029093426 0.000000018
KQ:/cc/c: 0.006153152 0.993846848 0.000000000
KQ:/cc/crr: 0.000000000 0.751953707 0.248046293
KQ:/cc/r: 0.031370219 0.963571715 0.005058065
KQ:/crc/c: 0.411368976 0.588631024 0.000000000
KQ:/crc/crr: 0.000000000 0.051525276 0.948474724
KQ:/crc/r: 0.000000026 0.418969380 0.581030595
KQ:/crrc/c: 0.681169322 0.318830678 0.000000000
KQ:/crrc/crr: 0.000000000 0.389355057 0.610644943
KQ:/crrc/r: 0.000008093 0.756419162 0.243572745
KQ:/rc/c: 0.000037999 0.999962001 0.000000000
KQ:/rc/crr: 0.000000000 0.008371277 0.991628723
KQ:/rc/r: 0.000000244 0.297591002 0.702408754
KQ:/rrc/c: 0.581798207 0.418201793 0.000000000
KQ:/rrc/crr: 0.000000000 0.451279237 0.548720763
KQ:/rrc/r: 0.107603108 0.518165127 0.374231765
Q:/c: 0.818852167 0.181147833 0.000000000
Q:/crr: 0.000000000 0.999999962 0.000000038
Q:/r: 0.320582533 0.679417233 0.000000234
QJ:/cc/c: 0.000000401 0.999999599 0.000000000
QJ:/cc/crr: 0.000000000 0.080134824 0.919865176
QJ:/cc/r: 0.000000093 0.000000117 0.999999790
QJ:/crc/c: 0.475664931 0.524335069 0.000000000
QJ:/crc/crr: 0.000000000 0.001273832 0.998726168
QJ:/crc/r: 0.000000046 0.000000008 0.999999946
QJ:/crrc/c: 0.000000078 0.999999922 0.000000000
QJ:/crrc/crr: 0.000000000 0.180624486 0.819375514
QJ:/crrc/r: 0.012655282 0.000000000 0.987344718
QJ:/rc/c: 0.000000451 0.999999549 0.000000000
QJ:/rc/crr: 0.000000000 0.002152849 0.997847151
QJ:/rc/r: 0.012810255 0.000000009 0.987189736
QJ:/rrc/c: 0.000000275 0.999999725 0.000000000
QJ:/rrc/crr: 0.000000000 0.078061296 0.921938704
QJ:/rrc/r: 0.000000043 0.000000014 0.999999943
QK:/cc/c: 0.127181476 0.872818524 0.000000000
QK:/cc/crr: 0.000000000 0.999999953 0.000000047
QK:/cc/r: 0.000000135 0.692419656 0.307580209
QK:/crc/c: 0.221056791 0.778943209 0.000000000
QK:/crc/crr: 0.000000000 0.000013041 0.999986959
QK:/crc/r: 0.000000191 0.406176304 0.593823504
QK:/crrc/c: 0.139226241 0.860773759 0.000000000
QK:/crrc/crr: 0.000000000 0.000003828 0.999996172
QK:/crrc/r: 0.000000298 0.247919228 0.752080474
QK:/rc/c: 0.320130893 0.679869107 0.000000000
QK:/rc/crr: 0.000000000 0.000007785 0.999992215
QK:/rc/r: 0.000000016 0.267492245 0.732507740
QK:/rrc/c: 0.371957664 0.628042336 0.000000000
QK:/rrc/crr: 0.000000000 0.056424933 0.943575067
QK:/rrc/r: 0.000000042 0.471186872 0.528813086
QQ:/cc/c: 0.999999982 0.000000018 0.000000000
QQ:/cc/crr: 0.000000000 0.999999992 0.000000008
QQ:/cc/r: 0.999999649 0.000000163 0.000000188
QQ:/crc/c: 0.999999964 0.000000036 0.000000000
QQ:/crc/crr: 0.000000000 0.999999988 0.000000012
QQ:/crc/r: 0.999999953 0.000000028 0.000000019
QQ:/crrc/c: 0.999999992 0.000000008 0.000000000
QQ:/crrc/crr: 0.000000000 0.999999996 0.000000004
QQ:/crrc/r: 0.999999953 0.000000041 0.000000006
QQ:/rc/c: 0.999999986 0.000000014 0.000000000
QQ:/rc/crr: 0.000000000 0.999999996 0.000000004
QQ:/rc/r: 0.999999973 0.000000013 0.000000015
QQ:/rrc/c: 0.999999925 0.000000075 0.000000000
QQ:/rrc/crr: 0.000000000 0.999999965 0.000000035
QQ:/rrc/r: 0.999999747 0.000000197 0.000000056
