J:/c: 0.259905295 0.740094705 0.000000000
J:/crr: 0.000000000 0.999999997 0.000000003
J:/r: 0.046101384 0.127710359 0.826188256
JJ:/cc/c: 0.999999994 0.000000006 0.000000000
JJ:/cc/crr: 0.000000000 0.999999997 0.000000003
JJ:/cc/r: 0.999999983 0.000000012 0.000000005
JJ:/crc/c: 0.999999984 0.000000016 0.000000000
JJ:/crc/crr: 0.000000000 0.999999994 0.000000006
JJ:/crc/r: 0.591311336 0.408688655 0.000000009
JJ:/crrc/c: 0.999999993 0.000000007 0.000000000
JJ:/crrc/crr: 0.000000000 0.999999997 0.000000003
JJ:/crrc/r: 0.999999918 0.000000077 0.000000005
JJ:/rc/c: 0.999999976 0.000000024 0.000000000
JJ:/rc/crr: 0.000000000 0.999999990 0.000000010
JJ:/rc/r: 0.999999969 0.000000016 0.000000016
JJ:/rrc/c: 0.999999944 0.000000056 0.000000000
JJ:/rrc/crr: 0.000000000 0.999999977 0.000000023
JJ:/rrc/r: 0.999999531 0.000000433 0.000000036
JK:/cc/c: 0.006232047 0.993767953 0.000000000
JK:/cc/crr: 0.000000000 0.000000358 0.999999642
JK:/cc/r: 0.000000546 0.000000004 0.999999450
JK:/crc/c: 0.511124472 0.488875528 0.000000000
JK:/crc/crr: 0.000000000 0.000000080 0.999999920
JK:/crc/r: 0.011663235 0.000000110 0.988336654
JK:/crrc/c: 0.345541605 0.654458395 0.000000000
JK:/crrc/crr: 0.000000000 0.000000263 0.999999737
JK:/crrc/r: 0.183898638 0.000000071 0.816101291
JK:/rc/c: 0.342845403 0.657154597 0.000000000
JK:/rc/crr: 0.000000000 0.000000019 0.999999981
JK:/rc/r: 0.327871361 0.000000011 0.672128629
JK:/rrc/c: 0.999998770 0.000001230 0.000000000
JK:/rrc/crr: 0.000000000 0.000000108 0.999999892
JK:/rrc/r: 0.266215188 0.000000152 0.733784660
JQ:/cc/c: 0.059639542 0.940360458 0.000000000
JQ:/cc/crr: 0.000000000 0.000000000 1.000000000
JQ:/cc/r: 0.030032324 0.000000000 0.969967676
JQ:/crc/c: 0.347526725 0.652473275 0.000000000
JQ:/crc/crr: 0.000000000 0.000003252 0.999996748
JQ:/crc/r: 0.110694095 0.000000029 0.889305876
JQ:/crrc/c: 0.029942759 0.970057241 0.000000000
JQ:/crrc/crr: 0.000000000 0.000000705 0.999999295
JQ:/crrc/r: 0.131093922 0.000000013 0.868906065
JQ:/rc/c: 0.999973727 0.000026273 0.000000000
JQ:/rc/crr: 0.000000000 0.000000000 1.000000000
JQ:/rc/r: 0.000000027 0.000000032 0.999999941
JQ:/rrc/c: 0.000008465 0.999991535 0.000000000
JQ:/rrc/crr: 0.000000000 0.017413420 0.982586580
JQ:/rrc/r: 0.387503031 0.000000149 0.612496820
K:/c: 0.999997553 0.000002447 0.000000000
K:/crr: 0.000000000 0.999999999 0.000000001
K:/r: 0.535319575 0.464680424 0.000000001
KJ:/cc/c: 0.010472407 0.989527593 0.000000000
KJ:/cc/crr: 0.000000000 0.964895479 0.035104521
KJ:/cc/r: 0.008199029 0.005943958 0.985857013
KJ:/crc/c: 0.115977655 0.884022345 0.000000000
KJ:/crc/crr: 0.000000000 0.999999988 0.000000012
KJ:/crc/r: 0.000000129 0.737294265 0.262705605
KJ:/crrc/c: 0.281060959 0.718939041 0.000000000
KJ:/crrc/crr: 0.000000000 0.646414251 0.353585749
KJ:/crrc/r: 0.041831487 0.779228133 0.178940381
KJ:/rc/c: 0.358766573 0.641233427 0.000000000
KJ:/rc/crr: 0.000000000 0.719411324 0.280588676
KJ:/rc/r: 0.020997401 0.731946858 0.247055741
KJ:/rrc/c: 0.432714956 0.567285044 0.000000000
KJ:/rrc/crr: 0.000000000 0.999968988 0.000031012
KJ:/rrc/r: 0.035088785 0.889938468 0.074972747
KK:/cc/c: 0.993265771 0.006734229 0.000000000
KK:/cc/crr: 0.000000000 0.997219298 0.002780702
KK:/cc/r: 0.997454772 0.002017337 0.000527891
KK:/crc/c: 0.999999803 0.000000197 0.000000000
KK:/crc/crr: 0.000000000 0.999999949 0.000000051
KK:/crc/r: 0.712669652 0.287330322 0.000000026
KK:/crrc/c: 0.999999993 0.000000007 0.000000000
KK:/crrc/crr: 0.000000000 0.999999997 0.000000003
KK:/crrc/r: 0.999993166 0.000006829 0.000000005
KK:/rc/c: 0.999999971 0.000000029 0.000000000
KK:/rc/crr: 0.000000000 0.999999988 0.000000012
KK:/rc/r: 0.999999961 0.000000019 0.000000019
KK:/rrc/c: 0.999999909 0.000000091 0.000000000
KK:/rrc/crr: 0.000000000 0.999999976 0.000000024
KK:/rrc/r: 0.954711756 0.045288217 0.000000027
KQ:/cc/c: 0.003895717 0.996104283 0.000000000
KQ:/cc/crr: 0.000000000 0.756127294 0.243872706
KQ:/cc/r: 0.020050191 0.974945921 0.005003888
KQ:/crc/c: 0.306259672 0.693740328 0.000000000
KQ:/crc/crr: 0.000000000 0.052636221 0.947363779
KQ:/crc/r: 0.000000017 0.424457394 0.575542590
KQ:/crrc/c: 0.574392485 0.425607515 0.000000000
KQ:/crrc/crr: 0.000000000 0.394718680 0.605281320
KQ:/crrc/r: 0.000005140 0.760543682 0.239451178
KQ:/rc/c: 0.000024004 0.999975996 0.000000000
KQ:/rc/crr: 0.000000000 0.008560168 0.991439832
KQ:/rc/r: 0.000000156 0.302316373 0.697683471
KQ:/rrc/c: 0.467745899 0.532254101 0.000000000
KQ:/rrc/crr: 0.000000000 0.456857694 0.543142306
KQ:/rrc/r: 0.071395952 0.544267588 0.384336459
Q:/c: 0.824070109 0.175929891 0.000000000
Q:/crr: 0.000000000 0.999999968 0.000000032
Q:/r: 0.328381149 0.671618657 0.000000194
QJ:/cc/c: 0.000000416 0.999999584 0.000000000
QJ:/cc/crr: 0.000000000 0.093946235 0.906053765
QJ:/cc/r: 0.000000115 0.000000139 0.999999746
QJ:/crc/c: 0.484545596 0.515454404 0.000000000
QJ:/crc/crr: 0.000000000 0.001515777 0.998484223
QJ:/crc/r: 0.000000057 0.000000009 0.999999934
QJ:/crrc/c: 0.000000081 0.999999919 0.000000000
QJ:/crrc/crr: 0.000000000 0.207842168 0.792157832
QJ:/crrc/r: 0.015562227 0.000000000 0.984437773
QJ:/rc/c: 0.000000467 0.999999533 0.000000000
QJ:/rc/crr: 0.000000000 0.002561322 0.997438678
QJ:/rc/r: 0.015752230 0.000000011 0.984247759
QJ:/rrc/c: 0.000000285 0.999999715 0.000000000
QJ:/rrc/crr: 0.000000000 0.091550898 0.908449102
QJ:/rrc/r: 0.000000053 0.000000017 0.999999930
QK:/cc/c: 0.131183742 0.868816258 0.000000000
QK:/cc/crr: 0.000000000 0.999999960 0.000000040
QK:/cc/r: 0.000000147 0.728217247 0.271782606
QK:/crc/c: 0.227244079 0.772755921 0.000000000
QK:/crc/crr: 0.000000000 0.000015521 0.999984479
QK:/crc/r: 0.000000219 0.448766786 0.551232995
QK:/crrc/c: 0.143545206 0.856454794 0.000000000
QK:/crrc/crr: 0.000000000 0.000004556 0.999995444
QK:/crrc/r: 0.000000351 0.281789933 0.718209716
QK:/rc/c: 0.327923813 0.672076187 0.000000000
QK:/rc/crr: 0.000000000 0.000009266 0.999990734
QK:/rc/r: 0.000000018 0.302959843 0.697040139
QK:/rrc/c: 0.380306474 0.619693526 0.000000000
QK:/rrc/crr: 0.000000000 0.066445072 0.933554928
QK:/rrc/r: 0.000000047 0.514685834 0.485314119
QQ:/cc/c: 0.999999983 0.000000017 0.000000000
QQ:/cc/crr: 0.000000000 0.999999993 0.000000007
QQ:/cc/r: 0.999999690 0.000000157 0.000000152
QQ:/crc/c: 0.999999965 0.000000035 0.000000000
QQ:/crc/crr: 0.000000000 0.999999990 0.000000010
QQ:/crc/r: 0.999999958 0.000000027 0.000000016
QQ:/crrc/c: 0.999999993 0.000000007 0.000000000
QQ:/crrc/crr: 0.000000000 0.999999997 0.000000003
QQ:/crrc/r: 0.999999955 0.000000040 0.000000005
QQ:/rc/c: 0.999999987 0.000000013 0.000000000
QQ:/rc/crr: 0.000000000 0.999999997 0.000000003
QQ:/rc/r: 0.999999976 0.000000012 0.000000012
QQ:/rrc/c: 0.999999927 0.000000073 0.000000000
QQ:/rrc/crr: 0.000000000 0.999999970 0.000000030
QQ:/rrc/r: 0.999999765 0.000000190 0.000000046
