J:/c: 0.284279374 0.715720626 0.000000000
J:/crr: 0.000000000 0.999999997 0.000000003
J:/r: 0.051368718 0.125816299 0.822814982
JJ:/cc/c: 0.999999995 0.000000005 0.000000000
JJ:/cc/crr: 0.000000000 0.999999997 0.000000003
JJ:/cc/r: 0.999999985 0.000000011 0.000000004
JJ:/crc/c: 0.999999986 0.000000014 0.000000000
JJ:/crc/crr: 0.000000000 0.999999994 0.000000006
JJ:/crc/r: 0.620699293 0.379300698 0.000000008
JJ:/crrc/c: 0.999999994 0.000000006 0.000000000
JJ:/crrc/crr: 0.000000000 0.999999997 0.000000003
JJ:/crrc/r: 0.999999927 0.000000068 0.000000004
JJ:/rc/c: 0.999999979 0.000000021 0.000000000
JJ:/rc/crr: 0.000000000 0.999999990 0.000000010
JJ:/rc/r: 0.999999972 0.000000014 0.000000014
JJ:/rrc/c: 0.999999951 0.000000049 0.000000000
JJ:/rrc/crr: 0.000000000 0.999999977 0.000000023
JJ:/rrc/r: 0.999999585 0.000000383 0.000000032
JK:/cc/c: 0.007042878 0.992957122 0.000000000
JK:/cc/crr: 0.000000000 0.000000354 0.999999646
JK:/cc/r: 0.000000611 0.000000004 0.999999385
JK:/crc/c: 0.541810544 0.458189456 0.000000000
JK:/crc/crr: 0.000000000 0.000000079 0.999999921
JK:/crc/r: 0.013031043 0.000000109 0.986968848
JK:/crrc/c: 0.373889504 0.626110496 0.000000000
JK:/crrc/crr: 0.000000000 0.000000260 0.999999740
JK:/crrc/r: 0.201350320 0.000000069 0.798649611
JK:/rc/c: 0.371097531 0.628902469 0.000000000
JK:/rc/crr: 0.000000000 0.000000019 0.999999981
JK:/rc/r: 0.353074811 0.000000010 0.646925179
JK:/rrc/c: 0.999998912 0.000001088 0.000000000
JK:/rrc/crr: 0.000000000 0.000000107 0.999999893
JK:/rrc/r: 0.288715003 0.000000146 0.711284852
JQ:/cc/c: 0.066931054 0.933068946 0.000000000
JQ:/cc/crr: 0.000000000 0.000000000 1.000000000
JQ:/cc/r: 0.033481390 0.000000000 0.966518610
JQ:/crc/c: 0.375943931 0.624056069 0.000000000
JQ:/crc/crr: 0.000000000 0.000003217 0.999996783
JQ:/crc/r: 0.122239336 0.000000028 0.877760636
JQ:/crrc/c: 0.033733797 0.966266203 0.000000000
JQ:/crrc/crr: 0.000000000 0.000000697 0.999999303
JQ:/crrc/r: 0.144421308 0.000000013 0.855578679
JQ:/rc/c: 0.999976771 0.000023229 0.000000000
JQ:/rc/crr: 0.000000000 0.000000000 1.000000000
JQ:/rc/r: 0.000000030 0.000000032 0.999999938
JQ:/rrc/c: 0.000009575 0.999990425 0.000000000
JQ:/rrc/crr: 0.000000000 0.017228732 0.982771268
JQ:/rrc/r: 0.414463743 0.000000141 0.585536116
K:/c: 0.999997837 0.000002163 0.000000000
K:/crr: 0.000000000 0.999999999 0.000000001
K:/r: 0.565777151 0.434222848 0.000000001
KJ:/cc/c: 0.011828372 0.988171628 0.000000000
KJ:/cc/crr: 0.000000000 0.964526083 0.035473917
KJ:/cc/r: 0.009164925 0.005874464 0.984960610
KJ:/crc/c: 0.129210615 0.870789385 0.000000000
KJ:/crc/crr: 0.000000000 0.999999988 0.000000012
KJ:/crc/r: 0.000000146 0.735187164 0.264812691
KJ:/crrc/c: 0.306597126 0.693402874 0.000000000
KJ:/crrc/crr: 0.000000000 0.643930264 0.356069736
KJ:/crrc/r: 0.046963554 0.773478585 0.179557861
KJ:/rc/c: 0.387556942 0.612443058 0.000000000
KJ:/rc/crr: 0.000000000 0.717215813 0.282784187
KJ:/rc/r: 0.023620034 0.727981829 0.248398137
KJ:/rrc/c: 0.463153347 0.536846653 0.000000000
KJ:/rrc/crr: 0.000000000 0.999968650 0.000031350
KJ:/rrc/r: 0.039472687 0.885144872 0.075382441
KK:/cc/c: 0.994041282 0.005958718 0.000000000
KK:/cc/crr: 0.000000000 0.997189047 0.002810953
KK:/cc/r: 0.997743890 0.001784146 0.000471964
KK:/crc/c: 0.999999826 0.000000174 0.000000000
KK:/crc/crr: 0.000000000 0.999999949 0.000000051
KK:/crc/r: 0.737209272 0.262790703 0.000000024
KK:/crrc/c: 0.999999994 0.000000006 0.000000000
KK:/crrc/crr: 0.000000000 0.999999997 0.000000003
KK:/crrc/r: 0.999993958 0.000006038 0.000000004
KK:/rc/c: 0.999999974 0.000000026 0.000000000
KK:/rc/crr: 0.000000000 0.999999988 0.000000012
KK:/rc/r: 0.999999966 0.000000017 0.000000017
KK:/rrc/c: 0.999999920 0.000000080 0.000000000
KK:/rrc/crr: 0.000000000 0.999999976 0.000000024
KK:/rrc/r: 0.959747201 0.040252775 0.000000025
KQ:/cc/c: 0.004403924 0.995596076 0.000000000
KQ:/cc/crr: 0.000000000 0.754120883 0.245879117
KQ:/cc/r: 0.022616708 0.972338342 0.005044950
KQ:/crc/c: 0.333024783 0.666975217 0.000000000
KQ:/crc/crr: 0.000000000 0.052097763 0.947902237
KQ:/crc/r: 0.000000019 0.421808839 0.578191142
KQ:/crrc/c: 0.604182664 0.395817336 0.000000000
KQ:/crrc/crr: 0.000000000 0.392129262 0.607870738
KQ:/crrc/r: 0.000005798 0.758561537 0.241432664
KQ:/rc/c: 0.000027149 0.999972851 0.000000000
KQ:/rc/crr: 0.000000000 0.008468569 0.991531431
KQ:/rc/r: 0.000000175 0.300032648 0.699967176
KQ:/rrc/c: 0.498483152 0.501516848 0.000000000
KQ:/rrc/crr: 0.000000000 0.454166504 0.545833496
KQ:/rrc/r: 0.079671547 0.536992410 0.383336042
Q:/c: 0.841215301 0.158784699 0.000000000
Q:/crr: 0.000000000 0.999999968 0.000000032
Q:/r: 0.356087211 0.643912601 0.000000188
QJ:/cc/c: 0.000000470 0.999999530 0.000000000
QJ:/cc/crr: 0.000000000 0.093026681 0.906973319
QJ:/cc/r: 0.000000129 0.000000138 0.999999734
QJ:/crc/c: 0.515317978 0.484682022 0.000000000
QJ:/crc/crr: 0.000000000 0.001499444 0.998500556
QJ:/crc/r: 0.000000063 0.000000009 0.999999928
QJ:/crrc/c: 0.000000092 0.999999908 0.000000000
QJ:/crrc/crr: 0.000000000 0.206061332 0.793938668
QJ:/crrc/r: 0.017379249 0.000000000 0.982620751
QJ:/rc/c: 0.000000528 0.999999472 0.000000000
QJ:/rc/crr: 0.000000000 0.002533750 0.997466250
QJ:/rc/r: 0.017591040 0.000000011 0.982408949
QJ:/rrc/c: 0.000000323 0.999999677 0.000000000
QJ:/rrc/crr: 0.000000000 0.090652444 0.909347556
QJ:/rrc/r: 0.000000059 0.000000017 0.999999924
QK:/cc/c: 0.145865425 0.854134575 0.000000000
QK:/cc/crr: 0.000000000 0.999999960 0.000000040
QK:/cc/r: 0.000000166 0.726064389 0.273935445
QK:/crc/c: 0.249588125 0.750411875 0.000000000
QK:/crc/crr: 0.000000000 0.000015354 0.999984646
QK:/crc/r: 0.000000246 0.446084101 0.553915653
QK:/crrc/c: 0.159356595 0.840643405 0.000000000
QK:/crrc/crr: 0.000000000 0.000004507 0.999995493
QK:/crrc/r: 0.000000394 0.279599120 0.720400486
QK:/rc/c: 0.355611720 0.644388280 0.000000000
QK:/rc/crr: 0.000000000 0.000009166 0.999990834
QK:/rc/r: 0.000000021 0.300673357 0.699326623
QK:/rrc/c: 0.409720919 0.590279081 0.000000000
QK:/rrc/crr: 0.000000000 0.065775160 0.934224840
QK:/rrc/r: 0.000000053 0.511975093 0.488024853
QQ:/cc/c: 0.999999985 0.000000015 0.000000000
QQ:/cc/crr: 0.000000000 0.999999993 0.000000007
QQ:/cc/r: 0.999999725 0.000000139 0.000000136
QQ:/crc/c: 0.999999969 0.000000031 0.000000000
QQ:/crc/crr: 0.000000000 0.999999990 0.000000010
QQ:/crc/r: 0.999999963 0.000000024 0.000000014
QQ:/crrc/c: 0.999999994 0.000000006 0.000000000
QQ:/crrc/crr: 0.000000000 0.999999997 0.000000003
QQ:/crrc/r: 0.999999960 0.000000035 0.000000004
QQ:/rc/c: 0.999999988 0.000000012 0.000000000
QQ:/rc/crr: 0.000000000 0.999999997 0.000000003
QQ:/rc/r: 0.999999979 0.000000011 0.000000011
QQ:/rrc/c: 0.999999936 0.000000064 0.000000000
QQ:/rrc/crr: 0.000000000 0.999999970 0.000000030
QQ:/rrc/r: 0.999999791 0.000000168 0.000000041
