J:/c: 0.275000471 0.724999529 0.000000000
J:/crr: 0.000000000 0.999999997 0.000000003
J:/r: 0.052684931 0.135123441 0.812191627
JJ:/cc/c: 0.999999994 0.000000006 0.000000000
JJ:/cc/crr: 0.000000000 0.999999997 0.000000003
JJ:/cc/r: 0.999999985 0.000000011 0.000000004
JJ:/crc/c: 0.999999985 0.000000015 0.000000000
JJ:/crc/crr: 0.000000000 0.999999994 0.000000006
JJ:/crc/r: 0.609795256 0.390204736 0.000000008
JJ:/crrc/c: 0.999999993 0.000000007 0.000000000
JJ:/crrc/crr: 0.000000000 0.999999997 0.000000003
JJ:/crrc/r: 0.999999924 0.000000072 0.000000004
JJ:/rc/c: 0.999999978 0.000000022 0.000000000
JJ:/rc/crr: 0.000000000 0.999999991 0.000000009
JJ:/rc/r: 0.999999972 0.000000015 0.000000013
JJ:/rrc/c: 0.999999948 0.000000052 0.000000000
JJ:/rrc/crr: 0.000000000 0.999999979 0.000000021
JJ:/rrc/r: 0.999999568 0.000000401 0.000000031
JK:/cc/c: 0.006727935 0.993272065 0.000000000
JK:/cc/crr: 0.000000000 0.000000385 0.999999615
JK:/cc/r: 0.000000635 0.000000004 0.999999361
JK:/crc/c: 0.530354595 0.469645405 0.000000000
JK:/crc/crr: 0.000000000 0.000000086 0.999999914
JK:/crc/r: 0.013532863 0.000000118 0.986467019
JK:/crrc/c: 0.363169858 0.636830142 0.000000000
JK:/crrc/crr: 0.000000000 0.000000283 0.999999717
JK:/crrc/r: 0.207578974 0.000000074 0.792420952
JK:/rc/c: 0.360411855 0.639588145 0.000000000
JK:/rc/crr: 0.000000000 0.000000021 0.999999979
JK:/rc/r: 0.361870332 0.000000011 0.638129657
JK:/rrc/c: 0.999998861 0.000001139 0.000000000
JK:/rrc/crr: 0.000000000 0.000000116 0.999999884
JK:/rrc/r: 0.296642412 0.000000157 0.703357432
JQ:/cc/c: 0.064110947 0.935889053 0.000000000
JQ:/cc/crr: 0.000000000 0.000000000 1.000000000
JQ:/cc/r: 0.034743021 0.000000000 0.965256979
JQ:/crc/c: 0.365199739 0.634800261 0.000000000
JQ:/crc/crr: 0.000000000 0.000003500 0.999996500
JQ:/crc/r: 0.126408083 0.000000030 0.873591887
JQ:/crrc/c: 0.032264073 0.967735927 0.000000000
JQ:/crrc/crr: 0.000000000 0.000000758 0.999999242
JQ:/crrc/r: 0.149217930 0.000000014 0.850782056
JQ:/rc/c: 0.999975675 0.000024325 0.000000000
JQ:/rc/crr: 0.000000000 0.000000000 1.000000000
JQ:/rc/r: 0.000000031 0.000000035 0.999999934
JQ:/rrc/c: 0.000009143 0.999990857 0.000000000
JQ:/rrc/crr: 0.000000000 0.018716847 0.981283153
JQ:/rrc/r: 0.423786739 0.000000151 0.576213111
K:/c: 0.999998681 0.000001319 0.000000000
K:/crr: 0.000000000 0.999999999 0.000000001
K:/r: 0.681256707 0.318743292 0.000000001
KJ:/cc/c: 0.019256834 0.980743166 0.000000000
KJ:/cc/crr: 0.000000000 0.961456317 0.038543683
KJ:/cc/r: 0.013735427 0.005367160 0.980897413
KJ:/crc/c: 0.195754121 0.804245879 0.000000000
KJ:/crc/crr: 0.000000000 0.999999987 0.000000013
KJ:/crc/r: 0.000000234 0.718072231 0.281927535
KJ:/crrc/c: 0.420391648 0.579608352 0.000000000
KJ:/crrc/crr: 0.000000000 0.623934383 0.376065617
KJ:/crrc/r: 0.073632409 0.739297675 0.187069917
KJ:/rc/c: 0.509328306 0.490671694 0.000000000
KJ:/rc/crr: 0.000000000 0.699414329 0.300585671
KJ:/rc/r: 0.037345379 0.701681270 0.260973351
KJ:/rrc/c: 0.585952118 0.414047882 0.000000000
KJ:/rrc/crr: 0.000000000 0.999965828 0.000034172
KJ:/rrc/r: 0.062737649 0.857647657 0.079614694
KK:/cc/c: 0.996358945 0.003641055 0.000000000
KK:/cc/crr: 0.000000000 0.996936822 0.003063178
KK:/cc/r: 0.998597523 0.001088591 0.000313886
KK:/crc/c: 0.999999894 0.000000106 0.000000000
KK:/crc/crr: 0.000000000 0.999999944 0.000000056
KK:/crc/r: 0.821482578 0.178517404 0.000000018
KK:/crrc/c: 0.999999996 0.000000004 0.000000000
KK:/crrc/crr: 0.000000000 0.999999997 0.000000003
KK:/crrc/r: 0.999996316 0.000003681 0.000000003
KK:/rc/c: 0.999999984 0.000000016 0.000000000
KK:/rc/crr: 0.000000000 0.999999987 0.000000013
KK:/rc/r: 0.999999978 0.000000010 0.000000011
KK:/rrc/c: 0.999999951 0.000000049 0.000000000
KK:/rrc/crr: 0.000000000 0.999999974 0.000000026
KK:/rrc/r: 0.975069117 0.024930866 0.000000017
KQ:/cc/c: 0.007203670 0.992796330 0.000000000
KQ:/cc/crr: 0.000000000 0.737793262 0.262206738
KQ:/cc/r: 0.036553371 0.958028538 0.005418092
KQ:/crc/c: 0.450258764 0.549741236 0.000000000
KQ:/crc/crr: 0.000000000 0.048002394 0.951997606
KQ:/crc/r: 0.000000029 0.400943690 0.599056281
KQ:/crrc/c: 0.714600661 0.285399339 0.000000000
KQ:/crrc/crr: 0.000000000 0.371788210 0.628211790
KQ:/crrc/r: 0.000009309 0.742425763 0.257564929
KQ:/rc/c: 0.000044533 0.999955467 0.000000000
KQ:/rc/crr: 0.000000000 0.007774731 0.992225269
KQ:/rc/r: 0.000000271 0.282250673 0.717749056
KQ:/rrc/c: 0.619833913 0.380166087 0.000000000
KQ:/rrc/crr: 0.000000000 0.432899149 0.567100851
KQ:/rrc/r: 0.120393333 0.494686807 0.384919860
Q:/c: 0.849973953 0.150026047 0.000000000
Q:/crr: 0.000000000 0.999999968 0.000000032
Q:/r: 0.371616256 0.628383561 0.000000183
QJ:/cc/c: 0.000000503 0.999999497 0.000000000
QJ:/cc/crr: 0.000000000 0.093275500 0.906724500
QJ:/cc/r: 0.000000138 0.000000138 0.999999724
QJ:/crc/c: 0.532053338 0.467946662 0.000000000
QJ:/crc/crr: 0.000000000 0.001503860 0.998496140
QJ:/crc/r: 0.000000068 0.000000009 0.999999923
QJ:/crrc/c: 0.000000098 0.999999902 0.000000000
QJ:/crrc/crr: 0.000000000 0.206543635 0.793456365
QJ:/crrc/r: 0.018616729 0.000000000 0.981383271
QJ:/rc/c: 0.000000565 0.999999435 0.000000000
QJ:/rc/crr: 0.000000000 0.002541205 0.997458795
QJ:/rc/r: 0.018843311 0.000000011 0.981156678
QJ:/rrc/c: 0.000000345 0.999999655 0.000000000
QJ:/rrc/crr: 0.000000000 0.090895549 0.909104451
QJ:/rrc/r: 0.000000063 0.000000017 0.999999920
QK:/cc/c: 0.154425307 0.845574693 0.000000000
QK:/cc/crr: 0.000000000 0.999999960 0.000000040
QK:/cc/r: 0.000000178 0.726649837 0.273349985
QK:/crc/c: 0.262365122 0.737634878 0.000000000
QK:/crc/crr: 0.000000000 0.000015399 0.999984601
QK:/crc/r: 0.000000264 0.446812023 0.553187713
QK:/crrc/c: 0.168551952 0.831448048 0.000000000
QK:/crrc/crr: 0.000000000 0.000004520 0.999995480
QK:/crrc/r: 0.000000422 0.280192792 0.719806786
QK:/rc/c: 0.371131980 0.628868020 0.000000000
QK:/rc/crr: 0.000000000 0.000009193 0.999990807
QK:/rc/r: 0.000000022 0.301293069 0.698706909
QK:/rrc/c: 0.426041370 0.573958630 0.000000000
QK:/rrc/crr: 0.000000000 0.065956390 0.934043610
QK:/rrc/r: 0.000000057 0.512711020 0.487288923
QQ:/cc/c: 0.999999986 0.000000014 0.000000000
QQ:/cc/crr: 0.000000000 0.999999993 0.000000007
QQ:/cc/r: 0.999999743 0.000000130 0.000000127
QQ:/crc/c: 0.999999971 0.000000029 0.000000000
QQ:/crc/crr: 0.000000000 0.999999990 0.000000010
QQ:/crc/r: 0.999999965 0.000000022 0.000000013
QQ:/crrc/c: 0.999999994 0.000000006 0.000000000
QQ:/crrc/crr: 0.000000000 0.999999997 0.000000003
QQ:/crrc/r: 0.999999963 0.000000033 0.000000004
QQ:/rc/c: 0.999999989 0.000000011 0.000000000
QQ:/rc/crr: 0.000000000 0.999999997 0.000000003
QQ:/rc/r: 0.999999980 0.000000010 0.000000010
QQ:/rrc/c: 0.999999940 0.000000060 0.000000000
QQ:/rrc/crr: 0.000000000 0.999999970 0.000000030
QQ:/rrc/r: 0.999999805 0.000000157 0.000000038
