J:/c: 0.297057535 0.702942465 0.000000000
J:/crr: 0.000000000 0.999999998 0.000000002
J:/r: 0.074139938 0.170675591 0.755184471
JJ:/cc/c: 0.999999995 0.000000005 0.000000000
JJ:/cc/crr: 0.000000000 0.999999998 0.000000002
JJ:/cc/r: 0.999999987 0.000000010 0.000000003
JJ:/crc/c: 0.999999987 0.000000013 0.000000000
JJ:/crc/crr: 0.000000000 0.999999996 0.000000004
JJ:/crc/r: 0.635179147 0.364820847 0.000000005
JJ:/crrc/c: 0.999999994 0.000000006 0.000000000
JJ:/crrc/crr: 0.000000000 0.999999998 0.000000002
JJ:/crrc/r: 0.999999933 0.000000064 0.000000003
JJ:/rc/c: 0.999999980 0.000000020 0.000000000
JJ:/rc/crr: 0.000000000 0.999999993 0.000000007
JJ:/rc/r: 0.999999978 0.000000013 0.000000009
JJ:/rrc/c: 0.999999954 0.000000046 0.000000000
JJ:/rrc/crr: 0.000000000 0.999999984 0.000000016
JJ:/rrc/r: 0.999999620 0.000000360 0.000000020
JK:/cc/c: 0.007489859 0.992510141 0.000000000
JK:/cc/crr: 0.000000000 0.000000523 0.999999477
JK:/cc/r: 0.000000960 0.000000006 0.999999034
JK:/crc/c: 0.557153325 0.442846675 0.000000000
JK:/crc/crr: 0.000000000 0.000000116 0.999999884
JK:/crc/r: 0.020340124 0.000000160 0.979659716
JK:/crrc/c: 0.388509137 0.611490863 0.000000000
JK:/crrc/crr: 0.000000000 0.000000385 0.999999615
JK:/crrc/r: 0.283903226 0.000000091 0.716096683
JK:/rc/c: 0.385675241 0.614324759 0.000000000
JK:/rc/crr: 0.000000000 0.000000028 0.999999972
JK:/rc/r: 0.461860125 0.000000013 0.538139863
JK:/rrc/c: 0.999998978 0.000001022 0.000000000
JK:/rrc/crr: 0.000000000 0.000000158 0.999999842
JK:/rrc/r: 0.389613067 0.000000185 0.610386748
JQ:/cc/c: 0.070907452 0.929092548 0.000000000
JQ:/cc/crr: 0.000000000 0.000000000 1.000000000
JQ:/cc/r: 0.051660627 0.000000000 0.948339373
JQ:/crc/c: 0.390593781 0.609406219 0.000000000
JQ:/crc/crr: 0.000000000 0.000004754 0.999995246
JQ:/crc/r: 0.179653206 0.000000039 0.820346755
JQ:/crrc/c: 0.035813634 0.964186366 0.000000000
JQ:/crrc/crr: 0.000000000 0.000001030 0.999998970
JQ:/crrc/r: 0.209763919 0.000000018 0.790236063
JQ:/rc/c: 0.999978167 0.000021833 0.000000000
JQ:/rc/crr: 0.000000000 0.000000000 1.000000000
JQ:/rc/r: 0.000000047 0.000000047 0.999999906
JQ:/rrc/c: 0.000010187 0.999989813 0.000000000
JQ:/rrc/crr: 0.000000000 0.025256596 0.974743404
JQ:/rrc/r: 0.526762287 0.000000168 0.473237545
K:/c: 0.999997967 0.000002033 0.000000000
K:/crr: 0.000000000 0.999999999 0.000000001
K:/r: 0.580938115 0.419061884 0.000000001
KJ:/cc/c: 0.012575220 0.987424780 0.000000000
KJ:/cc/crr: 0.000000000 0.975720652 0.024279348
KJ:/cc/r: 0.014297072 0.008613259 0.977089669
KJ:/crc/c: 0.136346388 0.863653612 0.000000000
KJ:/crc/crr: 0.000000000 0.999999992 0.000000008
KJ:/crc/r: 0.000000170 0.804051671 0.195948159
KJ:/crrc/c: 0.319930034 0.680069966 0.000000000
KJ:/crrc/crr: 0.000000000 0.727737727 0.272262273
KJ:/crrc/r: 0.052878661 0.818556774 0.128564565
KJ:/rc/c: 0.402367552 0.597632448 0.000000000
KJ:/rc/crr: 0.000000000 0.789415170 0.210584830
KJ:/rc/r: 0.027280894 0.790277542 0.182441564
KJ:/rrc/c: 0.478595326 0.521404674 0.000000000
KJ:/rrc/crr: 0.000000000 0.999978789 0.000021211
KJ:/rrc/r: 0.042935159 0.904923289 0.052141552
KK:/cc/c: 0.994397403 0.005602597 0.000000000
KK:/cc/crr: 0.000000000 0.998096447 0.001903553
KK:/cc/r: 0.998022404 0.001677384 0.000300212
KK:/crc/c: 0.999999836 0.000000164 0.000000000
KK:/crc/crr: 0.000000000 0.999999965 0.000000035
KK:/crc/r: 0.749039669 0.250960315 0.000000016
KK:/crrc/c: 0.999999994 0.000000006 0.000000000
KK:/crrc/crr: 0.000000000 0.999999998 0.000000002
KK:/crrc/r: 0.999994322 0.000005675 0.000000003
KK:/rc/c: 0.999999976 0.000000024 0.000000000
KK:/rc/crr: 0.000000000 0.999999992 0.000000008
KK:/rc/r: 0.999999973 0.000000016 0.000000011
KK:/rrc/c: 0.999999925 0.000000075 0.000000000
KK:/rrc/crr: 0.000000000 0.999999984 0.000000016
KK:/rrc/r: 0.962074705 0.037925279 0.000000016
KQ:/cc/c: 0.004684211 0.995315789 0.000000000
KQ:/cc/crr: 0.000000000 0.819272103 0.180727897
KQ:/cc/r: 0.024067386 0.972518691 0.003413923
KQ:/crc/c: 0.346931936 0.653068064 0.000000000
KQ:/crc/crr: 0.000000000 0.075131037 0.924868963
KQ:/crc/r: 0.000000024 0.518830765 0.481169210
KQ:/crrc/c: 0.618905914 0.381094086 0.000000000
KQ:/crrc/crr: 0.000000000 0.488087335 0.511912665
KQ:/crrc/r: 0.000006691 0.822810566 0.177182743
KQ:/rc/c: 0.000028885 0.999971115 0.000000000
KQ:/rc/crr: 0.000000000 0.012466344 0.987533656
KQ:/rc/r: 0.000000241 0.387832712 0.612167047
KQ:/rrc/c: 0.513975315 0.486024685 0.000000000
KQ:/rrc/crr: 0.000000000 0.551531608 0.448468392
KQ:/rrc/r: 0.096203298 0.609446908 0.294349794
Q:/c: 0.849320516 0.150679484 0.000000000
Q:/crr: 0.000000000 0.999999978 0.000000022
Q:/r: 0.370422598 0.629577277 0.000000124
QJ:/cc/c: 0.000000500 0.999999500 0.000000000
QJ:/cc/crr: 0.000000000 0.131642264 0.868357736
QJ:/cc/r: 0.000000202 0.000000203 0.999999594
QJ:/crc/c: 0.530779612 0.469220388 0.000000000
QJ:/crc/crr: 0.000000000 0.002214637 0.997785363
QJ:/crc/r: 0.000000100 0.000000013 0.999999887
QJ:/crrc/c: 0.000000098 0.999999902 0.000000000
QJ:/crrc/crr: 0.000000000 0.277254496 0.722745504
QJ:/crrc/r: 0.027060361 0.000000000 0.972939639
QJ:/rc/c: 0.000000562 0.999999438 0.000000000
QJ:/rc/crr: 0.000000000 0.003740431 0.996259569
QJ:/rc/r: 0.027386842 0.000000016 0.972613142
QJ:/rrc/c: 0.000000343 0.999999657 0.000000000
QJ:/rrc/crr: 0.000000000 0.128422024 0.871577976
QJ:/rrc/r: 0.000000092 0.000000025 0.999999883
QK:/cc/c: 0.153758567 0.846241433 0.000000000
QK:/cc/crr: 0.000000000 0.999999973 0.000000027
QK:/cc/r: 0.000000194 0.796645061 0.203354745
QK:/crc/c: 0.261376402 0.738623598 0.000000000
QK:/crc/crr: 0.000000000 0.000022693 0.999977307
QK:/crc/r: 0.000000319 0.543441548 0.456558132
QK:/crrc/c: 0.167836325 0.832163675 0.000000000
QK:/crrc/crr: 0.000000000 0.000006661 0.999993339
QK:/crrc/r: 0.000000546 0.364533657 0.635465797
QK:/rc/c: 0.369938940 0.630061060 0.000000000
QK:/rc/crr: 0.000000000 0.000013548 0.999986452
QK:/rc/r: 0.000000028 0.388556865 0.611443107
QK:/rrc/c: 0.424791050 0.575208950 0.000000000
QK:/rrc/crr: 0.000000000 0.094254155 0.905745845
QK:/rrc/r: 0.000000067 0.607930278 0.392069655
QQ:/cc/c: 0.999999986 0.000000014 0.000000000
QQ:/cc/crr: 0.000000000 0.999999995 0.000000005
QQ:/cc/r: 0.999999783 0.000000131 0.000000087
QQ:/crc/c: 0.999999971 0.000000029 0.000000000
QQ:/crc/crr: 0.000000000 0.999999993 0.000000007
QQ:/crc/r: 0.999999969 0.000000022 0.000000009
QQ:/crrc/c: 0.999999994 0.000000006 0.000000000
QQ:/crrc/crr: 0.000000000 0.999999998 0.000000002
QQ:/crrc/r: 0.999999964 0.000000033 0.000000003
QQ:/rc/c: 0.999999989 0.000000011 0.000000000
QQ:/rc/crr: 0.000000000 0.999999998 0.000000002
QQ:/rc/r: 0.999999983 0.000000010 0.000000007
QQ:/rrc/c: 0.999999940 0.000000060 0.000000000
QQ:/rrc/crr: 0.000000000 0.999999980 0.000000020
QQ:/rrc/r: 0.999999816 0.000000158 0.000000026
