J:/c: 0.241317887 0.758682113 0.000000000
J:/crr: 0.000000000 0.999999997 0.000000003
J:/r: 0.048180686 0.147361250 0.804458064
JJ:/cc/c: 0.999999993 0.000000007 0.000000000
JJ:/cc/crr: 0.000000000 0.999999997 0.000000003
JJ:/cc/r: 0.999999982 0.000000013 0.000000004
JJ:/crc/c: 0.999999983 0.000000017 0.000000000
JJ:/crc/crr: 0.000000000 0.999999995 0.000000005
JJ:/crc/r: 0.567186707 0.432813285 0.000000008
JJ:/crrc/c: 0.999999992 0.000000008 0.000000000
JJ:/crrc/crr: 0.000000000 0.999999997 0.000000003
JJ:/crrc/r: 0.999999910 0.000000085 0.000000004
JJ:/rc/c: 0.999999973 0.000000027 0.000000000
JJ:/rc/crr: 0.000000000 0.999999992 0.000000008
JJ:/rc/r: 0.999999968 0.000000017 0.000000015
JJ:/rrc/c: 0.999999939 0.000000061 0.000000000
JJ:/rrc/crr: 0.000000000 0.999999981 0.000000019
JJ:/rrc/r: 0.999999488 0.000000478 0.000000034
JK:/cc/c: 0.005647910 0.994352090 0.000000000
JK:/cc/crr: 0.000000000 0.000000424 0.999999576
JK:/cc/r: 0.000000586 0.000000005 0.999999409
JK:/crc/c: 0.486377948 0.513622052 0.000000000
JK:/crc/crr: 0.000000000 0.000000094 0.999999906
JK:/crc/r: 0.012507841 0.000000130 0.987492029
JK:/crrc/c: 0.323506882 0.676493118 0.000000000
JK:/crrc/crr: 0.000000000 0.000000312 0.999999688
JK:/crrc/r: 0.194758048 0.000000083 0.805241869
JK:/rc/c: 0.320898309 0.679101691 0.000000000
JK:/rc/crr: 0.000000000 0.000000023 0.999999977
JK:/rc/r: 0.343652513 0.000000012 0.656347474
JK:/rrc/c: 0.999998642 0.000001358 0.000000000
JK:/rrc/crr: 0.000000000 0.000000128 0.999999872
JK:/rrc/r: 0.280266146 0.000000176 0.719733677
JQ:/cc/c: 0.054323102 0.945676898 0.000000000
JQ:/cc/crr: 0.000000000 0.000000000 1.000000000
JQ:/cc/r: 0.032163857 0.000000000 0.967836143
JQ:/crc/c: 0.325428360 0.674571640 0.000000000
JQ:/crc/crr: 0.000000000 0.000003853 0.999996147
JQ:/crc/r: 0.117854966 0.000000034 0.882145001
JQ:/crrc/c: 0.027197011 0.972802989 0.000000000
JQ:/crrc/crr: 0.000000000 0.000000835 0.999999165
JQ:/crrc/r: 0.139367657 0.000000016 0.860632327
JQ:/rc/c: 0.999970993 0.000029007 0.000000000
JQ:/rc/crr: 0.000000000 0.000000000 1.000000000
JQ:/rc/r: 0.000000029 0.000000038 0.999999933
JQ:/rrc/c: 0.000007667 0.999992333 0.000000000
JQ:/rrc/crr: 0.000000000 0.020569311 0.979430689
JQ:/rrc/r: 0.404427342 0.000000171 0.595572487
K:/c: 0.999998072 0.000001928 0.000000000
K:/crr: 0.000000000 0.999999999 0.000000001
K:/r: 0.593860179 0.406139820 0.000000001
KJ:/cc/c: 0.013254810 0.986745190 0.000000000
KJ:/cc/crr: 0.000000000 0.963978862 0.036021138
KJ:/cc/r: 0.010114265 0.005776939 0.984108796
KJ:/crc/c: 0.142747842 0.857252158 0.000000000
KJ:/crc/crr: 0.000000000 0.999999988 0.000000012
KJ:/crc/r: 0.000000163 0.732084835 0.267915002
KJ:/crrc/c: 0.331640961 0.668359039 0.000000000
KJ:/crrc/crr: 0.000000000 0.640281951 0.359718049
KJ:/crrc/r: 0.052253129 0.766873510 0.180873361
KJ:/rc/c: 0.415253518 0.584746482 0.000000000
KJ:/rc/crr: 0.000000000 0.713984865 0.286015135
KJ:/rc/r: 0.026326105 0.723020689 0.250653206
KJ:/rrc/c: 0.491913138 0.508086862 0.000000000
KJ:/rrc/crr: 0.000000000 0.999968148 0.000031852
KJ:/rrc/r: 0.044031296 0.879839056 0.076129648
KK:/cc/c: 0.994686767 0.005313233 0.000000000
KK:/cc/crr: 0.000000000 0.997144193 0.002855807
KK:/cc/r: 0.997982379 0.001590224 0.000427397
KK:/crc/c: 0.999999845 0.000000155 0.000000000
KK:/crc/crr: 0.000000000 0.999999948 0.000000052
KK:/crc/r: 0.758929198 0.241070779 0.000000023
KK:/crrc/c: 0.999999994 0.000000006 0.000000000
KK:/crrc/crr: 0.000000000 0.999999997 0.000000003
KK:/crrc/r: 0.999994616 0.000005380 0.000000004
KK:/rc/c: 0.999999977 0.000000023 0.000000000
KK:/rc/crr: 0.000000000 0.999999988 0.000000012
KK:/rc/r: 0.999999969 0.000000015 0.000000016
KK:/rrc/c: 0.999999929 0.000000071 0.000000000
KK:/rrc/crr: 0.000000000 0.999999976 0.000000024
KK:/rrc/r: 0.963972991 0.036026986 0.000000022
KQ:/cc/c: 0.004939489 0.995060511 0.000000000
KQ:/cc/crr: 0.000000000 0.751165301 0.248834699
KQ:/cc/r: 0.025308800 0.969580059 0.005111141
KQ:/crc/c: 0.359109339 0.640890661 0.000000000
KQ:/crc/crr: 0.000000000 0.051319314 0.948680686
KQ:/crc/r: 0.000000021 0.417941848 0.582058132
KQ:/crrc/c: 0.631400053 0.368599947 0.000000000
KQ:/crrc/crr: 0.000000000 0.388351608 0.611648392
KQ:/crrc/r: 0.000006482 0.755641575 0.244351944
KQ:/rc/c: 0.000030467 0.999969533 0.000000000
KQ:/rc/crr: 0.000000000 0.008336298 0.991663702
KQ:/rc/r: 0.000000195 0.296709151 0.703290654
KQ:/rrc/c: 0.527282029 0.472717971 0.000000000
KQ:/rrc/crr: 0.000000000 0.450233864 0.549766136
KQ:/rrc/r: 0.088011708 0.528602782 0.383385511
Q:/c: 0.802938869 0.197061131 0.000000000
Q:/crr: 0.000000000 0.999999968 0.000000032
Q:/r: 0.298401486 0.701598310 0.000000204
QJ:/cc/c: 0.000000362 0.999999638 0.000000000
QJ:/cc/crr: 0.000000000 0.093358269 0.906641731
QJ:/cc/r: 0.000000099 0.000000138 0.999999763
QJ:/crc/c: 0.449858417 0.550141583 0.000000000
QJ:/crc/crr: 0.000000000 0.001505330 0.998494670
QJ:/crc/r: 0.000000049 0.000000009 0.999999942
QJ:/crrc/c: 0.000000070 0.999999930 0.000000000
QJ:/crrc/crr: 0.000000000 0.206704000 0.793296000
QJ:/crrc/r: 0.013472290 0.000000000 0.986527710
QJ:/rc/c: 0.000000406 0.999999594 0.000000000
QJ:/rc/crr: 0.000000000 0.002543686 0.997456314
QJ:/rc/r: 0.013637130 0.000000011 0.986362859
QJ:/rrc/c: 0.000000248 0.999999752 0.000000000
QJ:/rrc/crr: 0.000000000 0.090976418 0.909023582
QJ:/rrc/r: 0.000000045 0.000000017 0.999999938
QK:/cc/c: 0.116095267 0.883904733 0.000000000
QK:/cc/crr: 0.000000000 0.999999960 0.000000040
QK:/cc/r: 0.000000128 0.726844140 0.273155732
QK:/crc/c: 0.203697349 0.796302651 0.000000000
QK:/crc/crr: 0.000000000 0.000015414 0.999984586
QK:/crc/r: 0.000000190 0.447053864 0.552945946
QK:/crrc/c: 0.127243171 0.872756829 0.000000000
QK:/crrc/crr: 0.000000000 0.000004524 0.999995476
QK:/crrc/r: 0.000000304 0.280390166 0.719609530
QK:/rc/c: 0.297967379 0.702032621 0.000000000
QK:/rc/crr: 0.000000000 0.000009202 0.999990798
QK:/rc/r: 0.000000016 0.301499048 0.698500936
QK:/rrc/c: 0.348042890 0.651957110 0.000000000
QK:/rrc/crr: 0.000000000 0.066016682 0.933983318
QK:/rrc/r: 0.000000041 0.512955430 0.487044529
QQ:/cc/c: 0.999999981 0.000000019 0.000000000
QQ:/cc/crr: 0.000000000 0.999999993 0.000000007
QQ:/cc/r: 0.999999643 0.000000181 0.000000176
QQ:/crc/c: 0.999999960 0.000000040 0.000000000
QQ:/crc/crr: 0.000000000 0.999999990 0.000000010
QQ:/crc/r: 0.999999951 0.000000031 0.000000018
QQ:/crrc/c: 0.999999992 0.000000008 0.000000000
QQ:/crrc/crr: 0.000000000 0.999999997 0.000000003
QQ:/crrc/r: 0.999999949 0.000000046 0.000000006
QQ:/rc/c: 0.999999985 0.000000015 0.000000000
QQ:/rc/crr: 0.000000000 0.999999997 0.000000003
QQ:/rc/r: 0.999999972 0.000000014 0.000000014
QQ:/rrc/c: 0.999999917 0.000000083 0.000000000
QQ:/rrc/crr: 0.000000000 0.999999970 0.000000030
QQ:/rrc/r: 0.999999729 0.000000218 0.000000053
