J:/c: 0.248328200 0.751671800 0.000000000
J:/crr: 0.000000000 0.999999997 0.000000003
J:/r: 0.045967475 0.135360781 0.818671744
JJ:/cc/c: 0.999999994 0.000000006 0.000000000
JJ:/cc/crr: 0.000000000 0.999999997 0.000000003
JJ:/cc/r: 0.999999982 0.000000013 0.000000005
JJ:/crc/c: 0.999999983 0.000000017 0.000000000
JJ:/crc/crr: 0.000000000 0.999999994 0.000000006
JJ:/crc/r: 0.576470581 0.423529411 0.000000009
JJ:/crrc/c: 0.999999992 0.000000008 0.000000000
JJ:/crrc/crr: 0.000000000 0.999999997 0.000000003
JJ:/crrc/r: 0.999999913 0.000000082 0.000000005
JJ:/rc/c: 0.999999974 0.000000026 0.000000000
JJ:/rc/crr: 0.000000000 0.999999991 0.000000009
JJ:/rc/r: 0.999999968 0.000000017 0.000000016
JJ:/rrc/c: 0.999999941 0.000000059 0.000000000
JJ:/rrc/crr: 0.000000000 0.999999979 0.000000021
JJ:/rrc/r: 0.999999504 0.000000460 0.000000036
JK:/cc/c: 0.005864906 0.994135094 0.000000000
JK:/cc/crr: 0.000000000 0.000000383 0.999999617
JK:/cc/r: 0.000000549 0.000000004 0.999999446
JK:/crc/c: 0.495854480 0.504145520 0.000000000
JK:/crc/crr: 0.000000000 0.000000085 0.999999915
JK:/crc/r: 0.011735275 0.000000118 0.988264607
JK:/crrc/c: 0.331860418 0.668139582 0.000000000
JK:/crrc/crr: 0.000000000 0.000000281 0.999999719
JK:/crrc/r: 0.184835560 0.000000076 0.815164364
JK:/rc/c: 0.329217268 0.670782732 0.000000000
JK:/rc/crr: 0.000000000 0.000000020 0.999999980
JK:/rc/r: 0.329245867 0.000000011 0.670754121
JK:/rrc/c: 0.999998692 0.000001308 0.000000000
JK:/rrc/crr: 0.000000000 0.000000115 0.999999885
JK:/rrc/r: 0.267434062 0.000000162 0.732565776
JQ:/cc/c: 0.056304337 0.943695663 0.000000000
JQ:/cc/crr: 0.000000000 0.000000000 1.000000000
JQ:/cc/r: 0.030214354 0.000000000 0.969785646
JQ:/crc/c: 0.333807030 0.666192970 0.000000000
JQ:/crc/crr: 0.000000000 0.000003478 0.999996522
JQ:/crc/r: 0.111308925 0.000000031 0.888691044
JQ:/crrc/c: 0.028218443 0.971781557 0.000000000
JQ:/crrc/crr: 0.000000000 0.000000754 0.999999246
JQ:/crrc/r: 0.131805266 0.000000014 0.868194720
JQ:/rc/c: 0.999972072 0.000027928 0.000000000
JQ:/rc/crr: 0.000000000 0.000000000 1.000000000
JQ:/rc/r: 0.000000027 0.000000035 0.999999939
JQ:/rrc/c: 0.000007964 0.999992036 0.000000000
JQ:/rrc/crr: 0.000000000 0.018603460 0.981396540
JQ:/rrc/r: 0.388982846 0.000000159 0.611016996
K:/c: 0.999997399 0.000002601 0.000000000
K:/crr: 0.000000000 0.999999999 0.000000001
K:/r: 0.520095744 0.479904254 0.000000001
KJ:/cc/c: 0.009857938 0.990142062 0.000000000
KJ:/cc/crr: 0.000000000 0.967105690 0.032894310
KJ:/cc/r: 0.008246437 0.006354914 0.985398649
KJ:/crc/c: 0.109859945 0.890140055 0.000000000
KJ:/crc/crr: 0.000000000 0.999999989 0.000000011
KJ:/crc/r: 0.000000124 0.750123450 0.249876426
KJ:/crrc/c: 0.268883881 0.731116119 0.000000000
KJ:/crrc/crr: 0.000000000 0.661644832 0.338355168
KJ:/crrc/r: 0.039916538 0.790395108 0.169688354
KJ:/rc/c: 0.344837664 0.655162336 0.000000000
KJ:/rc/crr: 0.000000000 0.732797324 0.267202676
KJ:/rc/r: 0.020101432 0.744853837 0.235044730
KJ:/rrc/c: 0.417785600 0.582214400 0.000000000
KJ:/rrc/crr: 0.000000000 0.999971007 0.000028993
KJ:/rrc/r: 0.033240813 0.896176068 0.070583119
KK:/cc/c: 0.992844603 0.007155397 0.000000000
KK:/cc/crr: 0.000000000 0.997399858 0.002600142
KK:/cc/r: 0.997331304 0.002144148 0.000524548
KK:/crc/c: 0.999999790 0.000000210 0.000000000
KK:/crc/crr: 0.000000000 0.999999953 0.000000047
KK:/crc/r: 0.699999969 0.300000005 0.000000026
KK:/crrc/c: 0.999999992 0.000000008 0.000000000
KK:/crrc/crr: 0.000000000 0.999999997 0.000000003
KK:/crrc/r: 0.999992736 0.000007259 0.000000005
KK:/rc/c: 0.999999969 0.000000031 0.000000000
KK:/rc/crr: 0.000000000 0.999999989 0.000000011
KK:/rc/r: 0.999999960 0.000000021 0.000000019
KK:/rrc/c: 0.999999904 0.000000096 0.000000000
KK:/rrc/crr: 0.000000000 0.999999978 0.000000022
KK:/rrc/r: 0.951995901 0.048004072 0.000000027
KQ:/cc/c: 0.003665706 0.996334294 0.000000000
KQ:/cc/crr: 0.000000000 0.768325764 0.231674236
KQ:/cc/r: 0.018890631 0.976424153 0.004685216
KQ:/crc/c: 0.293436447 0.706563553 0.000000000
KQ:/crc/crr: 0.000000000 0.056095975 0.943904025
KQ:/crc/r: 0.000000016 0.440980578 0.559019406
KQ:/crrc/c: 0.559395145 0.440604855 0.000000000
KQ:/crrc/crr: 0.000000000 0.410910719 0.589089281
KQ:/crrc/r: 0.000004912 0.772587662 0.227407426
KQ:/rc/c: 0.000022581 0.999977419 0.000000000
KQ:/rc/crr: 0.000000000 0.009150808 0.990849192
KQ:/rc/r: 0.000000154 0.316701213 0.683298633
KQ:/rrc/c: 0.452572143 0.547427857 0.000000000
KQ:/rrc/crr: 0.000000000 0.473604271 0.526395729
KQ:/rrc/r: 0.069189004 0.560668306 0.370142691
Q:/c: 0.815037700 0.184962300 0.000000000
Q:/crr: 0.000000000 0.999999970 0.000000030
Q:/r: 0.315052329 0.684947486 0.000000185
QJ:/cc/c: 0.000000391 0.999999609 0.000000000
QJ:/cc/crr: 0.000000000 0.099835135 0.900164865
QJ:/cc/r: 0.000000116 0.000000149 0.999999735
QJ:/crc/c: 0.469307388 0.530692612 0.000000000
QJ:/crc/crr: 0.000000000 0.001621159 0.998378841
QJ:/crc/r: 0.000000057 0.000000010 0.999999933
QJ:/crrc/c: 0.000000076 0.999999924 0.000000000
QJ:/crrc/crr: 0.000000000 0.219143705 0.780856295
QJ:/crrc/r: 0.015657968 0.000000000 0.984342032
QJ:/rc/c: 0.000000439 0.999999561 0.000000000
QJ:/rc/crr: 0.000000000 0.002739193 0.997260807
QJ:/rc/r: 0.015849121 0.000000012 0.984150867
QJ:/rrc/c: 0.000000268 0.999999732 0.000000000
QJ:/rrc/crr: 0.000000000 0.097305775 0.902694225
QJ:/rrc/r: 0.000000053 0.000000018 0.999999929
QK:/cc/c: 0.124376777 0.875623223 0.000000000
QK:/cc/crr: 0.000000000 0.999999963 0.000000037
QK:/cc/r: 0.000000141 0.741334192 0.258665667
QK:/crc/c: 0.216695858 0.783304142 0.000000000
QK:/crc/crr: 0.000000000 0.000016602 0.999983398
QK:/crc/r: 0.000000214 0.465470950 0.534528837
QK:/crrc/c: 0.136197370 0.863802630 0.000000000
QK:/crrc/crr: 0.000000000 0.000004873 0.999995127
QK:/crrc/r: 0.000000346 0.295611911 0.704387743
QK:/rc/c: 0.314604856 0.685395144 0.000000000
QK:/rc/crr: 0.000000000 0.000009911 0.999990089
QK:/rc/r: 0.000000018 0.317361373 0.682638609
QK:/rrc/c: 0.366018639 0.633981361 0.000000000
QK:/rrc/crr: 0.000000000 0.070744697 0.929255303
QK:/rrc/r: 0.000000046 0.531477933 0.468522021
QQ:/cc/c: 0.999999982 0.000000018 0.000000000
QQ:/cc/crr: 0.000000000 0.999999994 0.000000006
QQ:/cc/r: 0.999999681 0.000000167 0.000000151
QQ:/crc/c: 0.999999963 0.000000037 0.000000000
QQ:/crc/crr: 0.000000000 0.999999991 0.000000009
QQ:/crc/r: 0.999999956 0.000000028 0.000000016
QQ:/crrc/c: 0.999999992 0.000000008 0.000000000
QQ:/crrc/crr: 0.000000000 0.999999997 0.000000003
QQ:/crrc/r: 0.999999953 0.000000042 0.000000005
QQ:/rc/c: 0.999999986 0.000000014 0.000000000
QQ:/rc/crr: 0.000000000 0.999999997 0.000000003
QQ:/rc/r: 0.999999975 0.000000013 0.000000012
QQ:/rrc/c: 0.999999923 0.000000077 0.000000000
QQ:/rrc/crr: 0.000000000 0.999999972 0.000000028
QQ:/rrc/r: 0.999999753 0.000000202 0.000000045
