J:/c: 0.208687841 0.791312159 0.000000000
J:/crr: 0.000000000 0.999999997 0.000000003
J:/r: 0.035610691 0.131362403 0.833026906
JJ:/cc/c: 0.999999992 0.000000008 0.000000000
JJ:/cc/crr: 0.000000000 0.999999997 0.000000003
JJ:/cc/r: 0.999999978 0.000000016 0.000000006
JJ:/crc/c: 0.999999979 0.000000021 0.000000000
JJ:/crc/crr: 0.000000000 0.999999994 0.000000006
JJ:/crc/r: 0.520737319 0.479262670 0.000000010
JJ:/crrc/c: 0.999999990 0.000000010 0.000000000
JJ:/crrc/crr: 0.000000000 0.999999997 0.000000003
JJ:/crrc/r: 0.999999891 0.000000103 0.000000006
JJ:/rc/c: 0.999999968 0.000000032 0.000000000
JJ:/rc/crr: 0.000000000 0.999999990 0.000000010
JJ:/rc/r: 0.999999959 0.000000021 0.000000020
JJ:/rrc/c: 0.999999926 0.000000074 0.000000000
JJ:/rrc/crr: 0.000000000 0.999999978 0.000000022
JJ:/rrc/r: 0.999999376 0.000000577 0.000000047
JK:/cc/c: 0.004687343 0.995312657 0.000000000
JK:/cc/crr: 0.000000000 0.000000365 0.999999635
JK:/cc/r: 0.000000418 0.000000004 0.999999578
JK:/crc/c: 0.439821406 0.560178594 0.000000000
JK:/crc/crr: 0.000000000 0.000000081 0.999999919
JK:/crc/r: 0.008959666 0.000000113 0.991040221
JK:/crrc/c: 0.283922499 0.716077501 0.000000000
JK:/crrc/crr: 0.000000000 0.000000268 0.999999732
JK:/crrc/r: 0.147217406 0.000000076 0.852782518
JK:/rc/c: 0.281500294 0.718499706 0.000000000
JK:/rc/crr: 0.000000000 0.000000020 0.999999980
JK:/rc/r: 0.272045588 0.000000012 0.727954400
JK:/rrc/c: 0.999998362 0.000001638 0.000000000
JK:/rrc/crr: 0.000000000 0.000000110 0.999999890
JK:/rrc/r: 0.217490445 0.000000165 0.782509390
JQ:/cc/c: 0.045462610 0.954537390 0.000000000
JQ:/cc/crr: 0.000000000 0.000000000 1.000000000
JQ:/cc/r: 0.023170576 0.000000000 0.976829424
JQ:/crc/c: 0.285708161 0.714291839 0.000000000
JQ:/crc/crr: 0.000000000 0.000003317 0.999996683
JQ:/crc/r: 0.087056939 0.000000030 0.912943031
JQ:/crrc/c: 0.022654987 0.977345013 0.000000000
JQ:/crrc/crr: 0.000000000 0.000000719 0.999999281
JQ:/crrc/r: 0.103608177 0.000000014 0.896391809
JQ:/rc/c: 0.999965015 0.000034985 0.000000000
JQ:/rc/crr: 0.000000000 0.000000000 1.000000000
JQ:/rc/r: 0.000000020 0.000000033 0.999999947
JQ:/rrc/c: 0.000006357 0.999993643 0.000000000
JQ:/rrc/crr: 0.000000000 0.017758106 0.982241894
JQ:/rrc/r: 0.326455442 0.000000167 0.673544391
K:/c: 0.999996742 0.000003258 0.000000000
K:/crr: 0.000000000 0.999999999 0.000000001
K:/r: 0.463843686 0.536156313 0.000000001
KJ:/cc/c: 0.007885007 0.992114993 0.000000000
KJ:/cc/crr: 0.000000000 0.965565057 0.034434943
KJ:/cc/r: 0.006292604 0.006074664 0.987632733
KJ:/crc/c: 0.089685836 0.910314164 0.000000000
KJ:/crc/crr: 0.000000000 0.999999988 0.000000012
KJ:/crc/r: 0.000000098 0.741140438 0.258859464
KJ:/crrc/c: 0.226952961 0.773047039 0.000000000
KJ:/crrc/crr: 0.000000000 0.650961053 0.349038947
KJ:/crrc/r: 0.031858608 0.790253892 0.177887500
KJ:/rc/c: 0.295855232 0.704144768 0.000000000
KJ:/rc/crr: 0.000000000 0.723421077 0.276578923
KJ:/rc/r: 0.015929414 0.739421952 0.244648633
KJ:/rrc/c: 0.364201403 0.635798597 0.000000000
KJ:/rrc/crr: 0.000000000 0.999969601 0.000030399
KJ:/rrc/r: 0.026622620 0.899126864 0.074250516
KK:/cc/c: 0.991052584 0.008947416 0.000000000
KK:/cc/crr: 0.000000000 0.997274079 0.002725921
KK:/cc/r: 0.996627423 0.002684087 0.000688490
KK:/crc/c: 0.999999737 0.000000263 0.000000000
KK:/crc/crr: 0.000000000 0.999999950 0.000000050
KK:/crc/r: 0.650671750 0.349328218 0.000000031
KK:/crrc/c: 0.999999990 0.000000010 0.000000000
KK:/crrc/crr: 0.000000000 0.999999997 0.000000003
KK:/crrc/r: 0.999990900 0.000009094 0.000000006
KK:/rc/c: 0.999999961 0.000000039 0.000000000
KK:/rc/crr: 0.000000000 0.999999988 0.000000012
KK:/rc/r: 0.999999949 0.000000026 0.000000025
KK:/rrc/c: 0.999999879 0.000000121 0.000000000
KK:/rrc/crr: 0.000000000 0.999999977 0.000000023
KK:/rrc/r: 0.940585813 0.059414151 0.000000035
KQ:/cc/c: 0.002928400 0.997071600 0.000000000
KQ:/cc/crr: 0.000000000 0.759787551 0.240212449
KQ:/cc/r: 0.015134116 0.979935739 0.004930145
KQ:/crc/c: 0.248980598 0.751019402 0.000000000
KQ:/crc/crr: 0.000000000 0.053640056 0.946359944
KQ:/crc/r: 0.000000013 0.429338676 0.570661312
KQ:/crrc/c: 0.503350752 0.496649248 0.000000000
KQ:/crrc/crr: 0.000000000 0.399495351 0.600504649
KQ:/crrc/r: 0.000003878 0.764159234 0.235836887
KQ:/rc/c: 0.000018026 0.999981974 0.000000000
KQ:/rc/crr: 0.000000000 0.008731168 0.991268832
KQ:/rc/r: 0.000000119 0.306541159 0.693458722
KQ:/rrc/c: 0.397572997 0.602427003 0.000000000
KQ:/rrc/crr: 0.000000000 0.461812603 0.538187397
KQ:/rrc/r: 0.055011846 0.558436275 0.386551879
Q:/c: 0.778643350 0.221356650 0.000000000
Q:/crr: 0.000000000 0.999999969 0.000000031
Q:/r: 0.268566423 0.731433370 0.000000207
QJ:/cc/c: 0.000000312 0.999999688 0.000000000
QJ:/cc/crr: 0.000000000 0.095658351 0.904341649
QJ:/cc/r: 0.000000088 0.000000142 0.999999770
QJ:/crc/c: 0.413811842 0.586188158 0.000000000
QJ:/crc/crr: 0.000000000 0.001546276 0.998453724
QJ:/crc/r: 0.000000043 0.000000009 0.999999947
QJ:/crrc/c: 0.000000061 0.999999939 0.000000000
QJ:/crrc/crr: 0.000000000 0.211146254 0.788853746
QJ:/crrc/r: 0.011965804 0.000000000 0.988034196
QJ:/rc/c: 0.000000351 0.999999649 0.000000000
QJ:/rc/crr: 0.000000000 0.002612803 0.997387197
QJ:/rc/r: 0.012112437 0.000000011 0.987887551
QJ:/rrc/c: 0.000000214 0.999999786 0.000000000
QJ:/rrc/crr: 0.000000000 0.093223852 0.906776148
QJ:/rrc/r: 0.000000040 0.000000017 0.999999942
QK:/cc/c: 0.101841868 0.898158132 0.000000000
QK:/cc/crr: 0.000000000 0.999999961 0.000000039
QK:/cc/r: 0.000000111 0.732148036 0.267851852
QK:/crc/c: 0.180889789 0.819110211 0.000000000
QK:/crc/crr: 0.000000000 0.000015834 0.999984166
QK:/crc/r: 0.000000166 0.453707269 0.546292565
QK:/crrc/c: 0.111794213 0.888205787 0.000000000
QK:/crrc/crr: 0.000000000 0.000004648 0.999995352
QK:/crrc/r: 0.000000267 0.285845405 0.714154327
QK:/rc/c: 0.268159128 0.731840872 0.000000000
QK:/rc/crr: 0.000000000 0.000009453 0.999990547
QK:/rc/r: 0.000000014 0.307189652 0.692810334
QK:/rrc/c: 0.315476294 0.684523706 0.000000000
QK:/rrc/crr: 0.000000000 0.067693440 0.932306560
QK:/rrc/r: 0.000000036 0.519667855 0.480332109
QQ:/cc/c: 0.999999977 0.000000023 0.000000000
QQ:/cc/crr: 0.000000000 0.999999993 0.000000007
QQ:/cc/r: 0.999999592 0.000000209 0.000000199
QQ:/crc/c: 0.999999953 0.000000047 0.000000000
QQ:/crc/crr: 0.000000000 0.999999990 0.000000010
QQ:/crc/r: 0.999999944 0.000000035 0.000000020
QQ:/crrc/c: 0.999999990 0.000000010 0.000000000
QQ:/crrc/crr: 0.000000000 0.999999997 0.000000003
QQ:/crrc/r: 0.999999941 0.000000053 0.000000006
QQ:/rc/c: 0.999999982 0.000000018 0.000000000
QQ:/rc/crr: 0.000000000 0.999999997 0.000000003
QQ:/rc/r: 0.999999968 0.000000016 0.000000016
QQ:/rrc/c: 0.999999903 0.000000097 0.000000000
QQ:/rrc/crr: 0.000000000 0.999999971 0.000000029
QQ:/rrc/r: 0.999999688 0.000000253 0.000000060
