J:/c: 0.263488610 0.736511390 0.000000000
J:/crr: 0.000000000 0.999999997 0.000000003
J:/r: 0.042430897 0.115382469 0.842186634
JJ:/cc/c: 0.999999994 0.000000006 0.000000000
JJ:/cc/crr: 0.000000000 0.999999997 0.000000003
JJ:/cc/r: 0.999999983 0.000000012 0.000000005
JJ:/crc/c: 0.999999985 0.000000015 0.000000000
JJ:/crc/crr: 0.000000000 0.999999993 0.000000007
JJ:/crc/r: 0.595785566 0.404214424 0.000000010
JJ:/crrc/c: 0.999999993 0.000000007 0.000000000
JJ:/crrc/crr: 0.000000000 0.999999997 0.000000003
JJ:/crrc/r: 0.999999919 0.000000076 0.000000005
JJ:/rc/c: 0.999999976 0.000000024 0.000000000
JJ:/rc/crr: 0.000000000 0.999999989 0.000000011
JJ:/rc/r: 0.999999967 0.000000015 0.000000017
JJ:/rrc/c: 0.999999945 0.000000055 0.000000000
JJ:/rrc/crr: 0.000000000 0.999999974 0.000000026
JJ:/rrc/r: 0.999999535 0.000000425 0.000000040
JK:/cc/c: 0.006347966 0.993652034 0.000000000
JK:/cc/crr: 0.000000000 0.000000317 0.999999683
JK:/cc/r: 0.000000493 0.000000004 0.999999504
JK:/crc/c: 0.515757659 0.484242341 0.000000000
JK:/crc/crr: 0.000000000 0.000000071 0.999999929
JK:/crc/r: 0.010542657 0.000000098 0.989457245
JK:/crrc/c: 0.349747638 0.650252362 0.000000000
JK:/crrc/crr: 0.000000000 0.000000233 0.999999767
JK:/crrc/r: 0.169060692 0.000000064 0.830939244
JK:/rc/c: 0.347036019 0.652963981 0.000000000
JK:/rc/crr: 0.000000000 0.000000017 0.999999983
JK:/rc/r: 0.305769271 0.000000010 0.694230719
JK:/rrc/c: 0.999998793 0.000001207 0.000000000
JK:/rrc/crr: 0.000000000 0.000000096 0.999999904
JK:/rrc/r: 0.246743590 0.000000138 0.753256271
JQ:/cc/c: 0.060688201 0.939311799 0.000000000
JQ:/cc/crr: 0.000000000 0.000000000 1.000000000
JQ:/cc/r: 0.027195446 0.000000000 0.972804554
JQ:/crc/c: 0.351743935 0.648256065 0.000000000
JQ:/crc/crr: 0.000000000 0.000002882 0.999997118
JQ:/crc/r: 0.101031474 0.000000026 0.898968500
JQ:/crrc/c: 0.030486179 0.969513821 0.000000000
JQ:/crrc/crr: 0.000000000 0.000000624 0.999999376
JQ:/crrc/r: 0.119890641 0.000000012 0.880109346
JQ:/rc/c: 0.999974210 0.000025790 0.000000000
JQ:/rc/crr: 0.000000000 0.000000000 1.000000000
JQ:/rc/r: 0.000000024 0.000000029 0.999999947
JQ:/rrc/c: 0.000008624 0.999991376 0.000000000
JQ:/rrc/crr: 0.000000000 0.015464259 0.984535741
JQ:/rrc/r: 0.363555454 0.000000137 0.636444409
K:/c: 0.999997745 0.000002255 0.000000000
K:/crr: 0.000000000 0.999999999 0.000000001
K:/r: 0.555601945 0.444398054 0.000000001
KJ:/cc/c: 0.011355121 0.988644879 0.000000000
KJ:/cc/crr: 0.000000000 0.968145199 0.031854801
KJ:/cc/r: 0.009816568 0.006557528 0.983625904
KJ:/crc/c: 0.124633267 0.875366733 0.000000000
KJ:/crc/crr: 0.000000000 0.999999989 0.000000011
KJ:/crc/r: 0.000000144 0.756291967 0.243707889
KJ:/crrc/c: 0.297885450 0.702114550 0.000000000
KJ:/crrc/crr: 0.000000000 0.669033870 0.330966130
KJ:/crrc/r: 0.046021234 0.789926563 0.164052203
KJ:/rc/c: 0.377798232 0.622201768 0.000000000
KJ:/rc/crr: 0.000000000 0.739244895 0.260755105
KJ:/rc/r: 0.023296215 0.748284098 0.228419687
KJ:/rrc/c: 0.452898761 0.547101239 0.000000000
KJ:/rrc/crr: 0.000000000 0.999971953 0.000028047
KJ:/rrc/r: 0.038240109 0.893671515 0.068088376
KK:/cc/c: 0.993791527 0.006208473 0.000000000
KK:/cc/crr: 0.000000000 0.997484516 0.002515484
KK:/cc/r: 0.997700668 0.001859314 0.000440018
KK:/crc/c: 0.999999818 0.000000182 0.000000000
KK:/crc/crr: 0.000000000 0.999999954 0.000000046
KK:/crc/r: 0.729127986 0.270871991 0.000000022
KK:/crrc/c: 0.999999993 0.000000007 0.000000000
KK:/crrc/crr: 0.000000000 0.999999997 0.000000003
KK:/crrc/r: 0.999993704 0.000006292 0.000000004
KK:/rc/c: 0.999999973 0.000000027 0.000000000
KK:/rc/crr: 0.000000000 0.999999989 0.000000011
KK:/rc/r: 0.999999966 0.000000018 0.000000016
KK:/rrc/c: 0.999999916 0.000000084 0.000000000
KK:/rrc/crr: 0.000000000 0.999999978 0.000000022
KK:/rrc/r: 0.958120595 0.041879382 0.000000023
KQ:/cc/c: 0.004226453 0.995773547 0.000000000
KQ:/cc/crr: 0.000000000 0.774180224 0.225819776
KQ:/cc/r: 0.021732871 0.973747269 0.004519859
KQ:/crc/c: 0.323912970 0.676087030 0.000000000
KQ:/crc/crr: 0.000000000 0.057879248 0.942120752
KQ:/crc/r: 0.000000019 0.449176750 0.550823231
KQ:/crrc/c: 0.594262026 0.405737974 0.000000000
KQ:/crrc/crr: 0.000000000 0.418966874 0.581033126
KQ:/crrc/r: 0.000005709 0.778364773 0.221629518
KQ:/rc/c: 0.000026050 0.999973950 0.000000000
KQ:/rc/crr: 0.000000000 0.009456661 0.990543339
KQ:/rc/r: 0.000000182 0.323925964 0.676073854
KQ:/rrc/c: 0.488157622 0.511842378 0.000000000
KQ:/rrc/crr: 0.000000000 0.481884111 0.518115889
KQ:/rrc/r: 0.079933994 0.561484191 0.358581815
Q:/c: 0.835619222 0.164380778 0.000000000
Q:/crr: 0.000000000 0.999999971 0.000000029
Q:/r: 0.346672376 0.653327454 0.000000171
QJ:/cc/c: 0.000000451 0.999999549 0.000000000
QJ:/cc/crr: 0.000000000 0.102857343 0.897142657
QJ:/cc/r: 0.000000138 0.000000154 0.999999708
QJ:/crc/c: 0.504994865 0.495005135 0.000000000
QJ:/crc/crr: 0.000000000 0.001675769 0.998324231
QJ:/crc/r: 0.000000068 0.000000010 0.999999922
QJ:/crrc/c: 0.000000088 0.999999912 0.000000000
QJ:/crrc/crr: 0.000000000 0.224875360 0.775124640
QJ:/crrc/r: 0.018616729 0.000000000 0.981383271
QJ:/rc/c: 0.000000507 0.999999493 0.000000000
QJ:/rc/crr: 0.000000000 0.002831359 0.997168641
QJ:/rc/r: 0.018843311 0.000000012 0.981156677
QJ:/rrc/c: 0.000000310 0.999999690 0.000000000
QJ:/rrc/crr: 0.000000000 0.100259942 0.899740058
QJ:/rrc/r: 0.000000063 0.000000019 0.999999918
QK:/cc/c: 0.140793468 0.859206532 0.000000000
QK:/cc/crr: 0.000000000 0.999999964 0.000000036
QK:/cc/r: 0.000000164 0.747646687 0.252353148
QK:/crc/c: 0.241931133 0.758068867 0.000000000
QK:/crc/crr: 0.000000000 0.000017162 0.999982838
QK:/crc/r: 0.000000251 0.473736546 0.526263202
QK:/crrc/c: 0.153900055 0.846099945 0.000000000
QK:/crrc/crr: 0.000000000 0.000005038 0.999994962
QK:/crrc/r: 0.000000409 0.302568585 0.697431007
QK:/rc/c: 0.346202690 0.653797310 0.000000000
QK:/rc/crr: 0.000000000 0.000010246 0.999989754
QK:/rc/r: 0.000000021 0.324594038 0.675405940
QK:/rrc/c: 0.399768409 0.600231591 0.000000000
QK:/rrc/crr: 0.000000000 0.072957653 0.927042347
QK:/rrc/r: 0.000000054 0.539732135 0.460267811
QQ:/cc/c: 0.999999984 0.000000016 0.000000000
QQ:/cc/crr: 0.000000000 0.999999994 0.000000006
QQ:/cc/r: 0.999999728 0.000000145 0.000000127
QQ:/crc/c: 0.999999968 0.000000032 0.000000000
QQ:/crc/crr: 0.000000000 0.999999991 0.000000009
QQ:/crc/r: 0.999999962 0.000000025 0.000000013
QQ:/crrc/c: 0.999999993 0.000000007 0.000000000
QQ:/crrc/crr: 0.000000000 0.999999997 0.000000003
QQ:/crrc/r: 0.999999959 0.000000037 0.000000004
QQ:/rc/c: 0.999999988 0.000000012 0.000000000
QQ:/rc/crr: 0.000000000 0.999999997 0.000000003
QQ:/rc/r: 0.999999979 0.000000011 0.000000010
QQ:/rrc/c: 0.999999933 0.000000067 0.000000000
QQ:/rrc/crr: 0.000000000 0.999999973 0.000000027
QQ:/rrc/r: 0.999999787 0.000000175 0.000000038
