J:/c: 0.354818189 0.645181811 0.000000000
J:/crr: 0.000000000 0.999999996 0.000000004
J:/r: 0.051217786 0.090601843 0.858180372
JJ:/cc/c: 0.999999996 0.000000004 0.000000000
JJ:/cc/crr: 0.000000000 0.999999996 0.000000004
JJ:/cc/r: 0.999999988 0.000000008 0.000000004
JJ:/crc/c: 0.999999990 0.000000010 0.000000000
JJ:/crc/crr: 0.000000000 0.999999991 0.000000009
JJ:/crc/r: 0.693795317 0.306204673 0.000000010
JJ:/crrc/c: 0.999999995 0.000000005 0.000000000
JJ:/crrc/crr: 0.000000000 0.999999996 0.000000004
JJ:/crrc/r: 0.999999946 0.000000049 0.000000004
JJ:/rc/c: 0.999999985 0.000000015 0.000000000
JJ:/rc/crr: 0.000000000 0.999999985 0.000000015
JJ:/rc/r: 0.999999975 0.000000010 0.000000015
JJ:/rrc/c: 0.999999964 0.000000036 0.000000000
JJ:/rrc/crr: 0.000000000 0.999999967 0.000000033
JJ:/rrc/r: 0.999999690 0.000000277 0.000000034
JK:/cc/c: 0.009725174 0.990274826 0.000000000
JK:/cc/crr: 0.000000000 0.000000244 0.999999756
JK:/cc/r: 0.000000584 0.000000003 0.999999413
JK:/crc/c: 0.620822183 0.379177817 0.000000000
JK:/crc/crr: 0.000000000 0.000000054 0.999999946
JK:/crc/r: 0.012464478 0.000000075 0.987535447
JK:/crrc/c: 0.452602552 0.547397448 0.000000000
JK:/crrc/crr: 0.000000000 0.000000180 0.999999820
JK:/crrc/r: 0.194207110 0.000000048 0.805792842
JK:/rc/c: 0.449644918 0.550355082 0.000000000
JK:/rc/crr: 0.000000000 0.000000013 0.999999987
JK:/rc/r: 0.342859708 0.000000007 0.657140285
JK:/rrc/c: 0.999999215 0.000000785 0.000000000
JK:/rrc/crr: 0.000000000 0.000000074 0.999999926
JK:/rrc/r: 0.279557309 0.000000102 0.720442590
JQ:/cc/c: 0.090346600 0.909653400 0.000000000
JQ:/cc/crr: 0.000000000 0.000000000 1.000000000
JQ:/cc/r: 0.032054560 0.000000000 0.967945440
JQ:/crc/c: 0.454775335 0.545224665 0.000000000
JQ:/crc/crr: 0.000000000 0.000002221 0.999997779
JQ:/crc/r: 0.117489829 0.000000020 0.882510151
JQ:/crrc/c: 0.046109347 0.953890653 0.000000000
JQ:/crrc/crr: 0.000000000 0.000000481 0.999999519
JQ:/crrc/r: 0.138946368 0.000000009 0.861053623
JQ:/rc/c: 0.999983223 0.000016777 0.000000000
JQ:/rc/crr: 0.000000000 0.000000000 1.000000000
JQ:/rc/r: 0.000000029 0.000000022 0.999999949
JQ:/rrc/c: 0.000013257 0.999986743 0.000000000
JQ:/rrc/crr: 0.000000000 0.011959128 0.988040872
JQ:/rrc/r: 0.403580569 0.000000099 0.596419332
K:/c: 0.999998438 0.000001562 0.000000000
K:/crr: 0.000000000 0.999999999 0.000000001
K:/r: 0.643376203 0.356623795 0.000000001
KJ:/cc/c: 0.016303308 0.983696692 0.000000000
KJ:/cc/crr: 0.000000000 0.949425419 0.050574581
KJ:/cc/r: 0.008780934 0.004064977 0.987154089
KJ:/crc/c: 0.170434559 0.829565441 0.000000000
KJ:/crc/crr: 0.000000000 0.999999983 0.000000017
KJ:/crc/r: 0.000000180 0.657161554 0.342838265
KJ:/crrc/c: 0.379735559 0.620264441 0.000000000
KJ:/crrc/crr: 0.000000000 0.555281218 0.444718782
KJ:/crrc/r: 0.059191025 0.704078784 0.236730191
KJ:/rc/c: 0.467001190 0.532998810 0.000000000
KJ:/rc/crr: 0.000000000 0.636513042 0.363486958
KJ:/rc/r: 0.029188232 0.649719445 0.321092323
KJ:/rrc/c: 0.544321242 0.455678758 0.000000000
KJ:/rrc/crr: 0.000000000 0.999954594 0.000045406
KJ:/rrc/r: 0.052101678 0.843815384 0.104082938
KK:/cc/c: 0.995689275 0.004310725 0.000000000
KK:/cc/crr: 0.000000000 0.995933855 0.004066145
KK:/cc/r: 0.998216884 0.001289182 0.000493934
KK:/crc/c: 0.999999874 0.000000126 0.000000000
KK:/crc/crr: 0.000000000 0.999999926 0.000000074
KK:/crc/r: 0.795258589 0.204741384 0.000000027
KK:/crrc/c: 0.999999995 0.000000005 0.000000000
KK:/crrc/crr: 0.000000000 0.999999996 0.000000004
KK:/crrc/r: 0.999995635 0.000004361 0.000000004
KK:/rc/c: 0.999999981 0.000000019 0.000000000
KK:/rc/crr: 0.000000000 0.999999983 0.000000017
KK:/rc/r: 0.999999970 0.000000012 0.000000018
KK:/rrc/c: 0.999999942 0.000000058 0.000000000
KK:/rrc/crr: 0.000000000 0.999999965 0.000000035
KK:/rrc/r: 0.970599319 0.029400655 0.000000026
KQ:/cc/c: 0.006087329 0.993912671 0.000000000
KQ:/cc/crr: 0.000000000 0.679240006 0.320759994
KQ:/cc/r: 0.030975426 0.961796891 0.007227682
KQ:/crc/c: 0.408751217 0.591248783 0.000000000
KQ:/crc/crr: 0.000000000 0.036559818 0.963440182
KQ:/crc/r: 0.000000021 0.334971688 0.665028292
KQ:/crrc/c: 0.678814605 0.321185395 0.000000000
KQ:/crrc/crr: 0.000000000 0.308145840 0.691854160
KQ:/crrc/r: 0.000007244 0.684467413 0.315525343
KQ:/rc/c: 0.000037590 0.999962410 0.000000000
KQ:/rc/crr: 0.000000000 0.005862378 0.994137622
KQ:/rc/r: 0.000000185 0.228363721 0.771636094
KQ:/rrc/c: 0.579163004 0.420836996 0.000000000
KQ:/rrc/crr: 0.000000000 0.364871668 0.635128332
KQ:/rrc/r: 0.091735052 0.446558401 0.461706547
Q:/c: 0.880028940 0.119971060 0.000000000
Q:/crr: 0.000000000 0.999999954 0.000000046
Q:/r: 0.433648171 0.566351590 0.000000240
QJ:/cc/c: 0.000000651 0.999999349 0.000000000
QJ:/cc/crr: 0.000000000 0.066133506 0.933866494
QJ:/cc/r: 0.000000123 0.000000095 0.999999782
QJ:/crc/c: 0.595487290 0.404512710 0.000000000
QJ:/crc/crr: 0.000000000 0.001035751 0.998964249
QJ:/crc/r: 0.000000061 0.000000006 0.999999933
QJ:/crrc/c: 0.000000127 0.999999873 0.000000000
QJ:/crrc/crr: 0.000000000 0.151966035 0.848033965
QJ:/crrc/r: 0.016626817 0.000000000 0.983373183
QJ:/rc/c: 0.000000732 0.999999268 0.000000000
QJ:/rc/crr: 0.000000000 0.001750767 0.998249233
QJ:/rc/r: 0.016829595 0.000000008 0.983170397
QJ:/rrc/c: 0.000000447 0.999999553 0.000000000
QJ:/rrc/crr: 0.000000000 0.064396906 0.935603094
QJ:/rrc/r: 0.000000056 0.000000012 0.999999932
QK:/cc/c: 0.191236058 0.808763942 0.000000000
QK:/cc/crr: 0.000000000 0.999999942 0.000000058
QK:/cc/r: 0.000000205 0.646642743 0.353357052
QK:/crc/c: 0.315311195 0.684688805 0.000000000
QK:/crc/crr: 0.000000000 0.000010601 0.999989399
QK:/crc/r: 0.000000273 0.357338042 0.642661685
QK:/crrc/c: 0.207902161 0.792097839 0.000000000
QK:/crrc/crr: 0.000000000 0.000003112 0.999996888
QK:/crrc/r: 0.000000412 0.211337477 0.788662111
QK:/rc/c: 0.433138810 0.566861190 0.000000000
QK:/rc/crr: 0.000000000 0.000006329 0.999993671
QK:/rc/r: 0.000000022 0.228901431 0.771098548
QK:/rrc/c: 0.490072954 0.509927046 0.000000000
QK:/rrc/crr: 0.000000000 0.046357483 0.953642517
QK:/rrc/r: 0.000000060 0.420061303 0.579938637
QQ:/cc/c: 0.999999989 0.000000011 0.000000000
QQ:/cc/crr: 0.000000000 0.999999990 0.000000010
QQ:/cc/r: 0.999999757 0.000000100 0.000000142
QQ:/crc/c: 0.999999978 0.000000022 0.000000000
QQ:/crc/crr: 0.000000000 0.999999985 0.000000015
QQ:/crc/r: 0.999999968 0.000000017 0.000000015
QQ:/crrc/c: 0.999999995 0.000000005 0.000000000
QQ:/crrc/crr: 0.000000000 0.999999996 0.000000004
QQ:/crrc/r: 0.999999970 0.000000025 0.000000004
QQ:/rc/c: 0.999999992 0.000000008 0.000000000
QQ:/rc/crr: 0.000000000 0.999999996 0.000000004
QQ:/rc/r: 0.999999981 0.000000008 0.000000011
QQ:/rrc/c: 0.999999954 0.000000046 0.000000000
QQ:/rrc/crr: 0.000000000 0.999999956 0.000000044
QQ:/rrc/r: 0.999999836 0.000000121 0.000000043
