J:/c: 0.306430826 0.693569174 0.000000000
J:/crr: 0.000000000 0.999999997 0.000000003
J:/r: 0.062042367 0.136611002 0.801346631
JJ:/cc/c: 0.999999995 0.000000005 0.000000000
JJ:/cc/crr: 0.000000000 0.999999997 0.000000003
JJ:/cc/r: 0.999999987 0.000000010 0.000000003
JJ:/crc/c: 0.999999988 0.000000012 0.000000000
JJ:/crc/crr: 0.000000000 0.999999995 0.000000005
JJ:/crc/r: 0.645425412 0.354574581 0.000000007
JJ:/crrc/c: 0.999999994 0.000000006 0.000000000
JJ:/crrc/crr: 0.000000000 0.999999997 0.000000003
JJ:/crrc/r: 0.999999935 0.000000062 0.000000003
JJ:/rc/c: 0.999999981 0.000000019 0.000000000
JJ:/rc/crr: 0.000000000 0.999999991 0.000000009
JJ:/rc/r: 0.999999976 0.000000012 0.000000011
JJ:/rrc/c: 0.999999956 0.000000044 0.000000000
JJ:/rrc/crr: 0.000000000 0.999999979 0.000000021
JJ:/rrc/r: 0.999999630 0.000000344 0.000000026
JK:/cc/c: 0.007827941 0.992172059 0.000000000
JK:/cc/crr: 0.000000000 0.000000395 0.999999605
JK:/cc/r: 0.000000757 0.000000004 0.999999238
JK:/crc/c: 0.568100921 0.431899079 0.000000000
JK:/crc/crr: 0.000000000 0.000000088 0.999999912
JK:/crc/r: 0.016109930 0.000000121 0.983889949
JK:/crrc/c: 0.399129608 0.600870392 0.000000000
JK:/crrc/crr: 0.000000000 0.000000290 0.999999710
JK:/crrc/r: 0.238186049 0.000000073 0.761813878
JK:/rc/c: 0.396268447 0.603731553 0.000000000
JK:/rc/crr: 0.000000000 0.000000021 0.999999979
JK:/rc/r: 0.403639103 0.000000011 0.596360887
JK:/rrc/c: 0.999999022 0.000000978 0.000000000
JK:/rrc/crr: 0.000000000 0.000000119 0.999999881
JK:/rrc/r: 0.334832761 0.000000152 0.665167087
JQ:/cc/c: 0.073894993 0.926105007 0.000000000
JQ:/cc/crr: 0.000000000 0.000000000 1.000000000
JQ:/cc/r: 0.041190494 0.000000000 0.958809506
JQ:/crc/c: 0.401233847 0.598766153 0.000000000
JQ:/crc/crr: 0.000000000 0.000003586 0.999996414
JQ:/crc/r: 0.147271019 0.000000031 0.852728951
JQ:/crrc/c: 0.037382061 0.962617939 0.000000000
JQ:/crrc/crr: 0.000000000 0.000000777 0.999999223
JQ:/crrc/r: 0.173099551 0.000000014 0.826900435
JQ:/rc/c: 0.999979117 0.000020883 0.000000000
JQ:/rc/crr: 0.000000000 0.000000000 1.000000000
JQ:/rc/r: 0.000000037 0.000000036 0.999999927
JQ:/rrc/c: 0.000010650 0.999989350 0.000000000
JQ:/rrc/crr: 0.000000000 0.019170132 0.980829868
JQ:/rrc/r: 0.467466833 0.000000143 0.532533025
K:/c: 0.999998055 0.000001945 0.000000000
K:/crr: 0.000000000 0.999999999 0.000000001
K:/r: 0.591728591 0.408271408 0.000000001
KJ:/cc/c: 0.013139809 0.986860191 0.000000000
KJ:/cc/crr: 0.000000000 0.968064842 0.031935158
KJ:/cc/r: 0.011333216 0.006530579 0.982136205
KJ:/crc/c: 0.141670649 0.858329351 0.000000000
KJ:/crc/crr: 0.000000000 0.999999989 0.000000011
KJ:/crc/r: 0.000000167 0.755811961 0.244187873
KJ:/crrc/c: 0.329686549 0.670313451 0.000000000
KJ:/crrc/crr: 0.000000000 0.668457362 0.331542638
KJ:/crrc/r: 0.052940059 0.783846288 0.163213653
KJ:/rc/c: 0.413110926 0.586889074 0.000000000
KJ:/rc/crr: 0.000000000 0.738742929 0.261257071
KJ:/rc/r: 0.026890664 0.745076209 0.228033127
KJ:/rrc/c: 0.489706257 0.510293743 0.000000000
KJ:/rrc/crr: 0.000000000 0.999971880 0.000028120
KJ:/rrc/r: 0.044054227 0.888105171 0.067840602
KK:/cc/c: 0.994639893 0.005360107 0.000000000
KK:/cc/crr: 0.000000000 0.997477978 0.002522022
KK:/cc/r: 0.998014943 0.001604381 0.000380676
KK:/crc/c: 0.999999843 0.000000157 0.000000000
KK:/crc/crr: 0.000000000 0.999999954 0.000000046
KK:/crc/r: 0.757309915 0.242690065 0.000000020
KK:/crrc/c: 0.999999994 0.000000006 0.000000000
KK:/crrc/crr: 0.000000000 0.999999997 0.000000003
KK:/crrc/r: 0.999994569 0.000005428 0.000000003
KK:/rc/c: 0.999999977 0.000000023 0.000000000
KK:/rc/crr: 0.000000000 0.999999989 0.000000011
KK:/rc/r: 0.999999971 0.000000015 0.000000014
KK:/rrc/c: 0.999999928 0.000000072 0.000000000
KK:/rrc/crr: 0.000000000 0.999999978 0.000000022
KK:/rrc/r: 0.963665059 0.036334921 0.000000020
KQ:/cc/c: 0.004896275 0.995103725 0.000000000
KQ:/cc/crr: 0.000000000 0.773724925 0.226275075
KQ:/cc/r: 0.025106917 0.970377130 0.004515953
KQ:/crc/c: 0.357079535 0.642920465 0.000000000
KQ:/crc/crr: 0.000000000 0.057737501 0.942262499
KQ:/crc/r: 0.000000022 0.448532943 0.551467035
KQ:/crrc/c: 0.629342517 0.370657483 0.000000000
KQ:/crrc/crr: 0.000000000 0.418333483 0.581666517
KQ:/crrc/r: 0.000006614 0.777914795 0.222078591
KQ:/rc/c: 0.000030199 0.999969801 0.000000000
KQ:/rc/crr: 0.000000000 0.009432314 0.990567686
KQ:/rc/r: 0.000000210 0.323356284 0.676643506
KQ:/rrc/c: 0.525080456 0.474919544 0.000000000
KQ:/rrc/crr: 0.000000000 0.481234383 0.518765617
KQ:/rrc/r: 0.091415337 0.553914978 0.354669684
Q:/c: 0.854926122 0.145073878 0.000000000
Q:/crr: 0.000000000 0.999999971 0.000000029
Q:/r: 0.380856575 0.619143263 0.000000162
QJ:/cc/c: 0.000000523 0.999999477 0.000000000
QJ:/cc/crr: 0.000000000 0.102617443 0.897382557
QJ:/cc/r: 0.000000160 0.000000153 0.999999687
QJ:/crc/c: 0.541843054 0.458156946 0.000000000
QJ:/crc/crr: 0.000000000 0.001671421 0.998328579
QJ:/crc/r: 0.000000079 0.000000010 0.999999911
QJ:/crrc/c: 0.000000102 0.999999898 0.000000000
QJ:/crrc/crr: 0.000000000 0.224422060 0.775577940
QJ:/crrc/r: 0.021463159 0.000000000 0.978536841
QJ:/rc/c: 0.000000588 0.999999412 0.000000000
QJ:/rc/crr: 0.000000000 0.002824021 0.997175979
QJ:/rc/r: 0.021723618 0.000000012 0.978276370
QJ:/rrc/c: 0.000000359 0.999999641 0.000000000
QJ:/rrc/crr: 0.000000000 0.100025424 0.899974576
QJ:/rrc/r: 0.000000073 0.000000019 0.999999908
QK:/cc/c: 0.159637086 0.840362914 0.000000000
QK:/cc/crr: 0.000000000 0.999999964 0.000000036
QK:/cc/r: 0.000000190 0.747155344 0.252844466
QK:/crc/c: 0.270056357 0.729943643 0.000000000
QK:/crc/crr: 0.000000000 0.000017118 0.999982882
QK:/crc/r: 0.000000291 0.473087754 0.526911955
QK:/crrc/c: 0.174142310 0.825857690 0.000000000
QK:/crrc/crr: 0.000000000 0.000005024 0.999994976
QK:/crrc/r: 0.000000473 0.302019676 0.697979851
QK:/rc/c: 0.380367539 0.619632461 0.000000000
QK:/rc/crr: 0.000000000 0.000010219 0.999989781
QK:/rc/r: 0.000000025 0.324023755 0.675976221
QK:/rrc/c: 0.435696654 0.564303346 0.000000000
QK:/rrc/crr: 0.000000000 0.072781832 0.927218168
QK:/rrc/r: 0.000000062 0.539085559 0.460914379
QQ:/cc/c: 0.999999987 0.000000013 0.000000000
QQ:/cc/crr: 0.000000000 0.999999994 0.000000006
QQ:/cc/r: 0.999999765 0.000000125 0.000000110
QQ:/crc/c: 0.999999972 0.000000028 0.000000000
QQ:/crc/crr: 0.000000000 0.999999991 0.000000009
QQ:/crc/r: 0.999999968 0.000000021 0.000000011
QQ:/crrc/c: 0.999999994 0.000000006 0.000000000
QQ:/crrc/crr: 0.000000000 0.999999997 0.000000003
QQ:/crrc/r: 0.999999965 0.000000032 0.000000003
QQ:/rc/c: 0.999999989 0.000000011 0.000000000
QQ:/rc/crr: 0.000000000 0.999999997 0.000000003
QQ:/rc/r: 0.999999982 0.000000010 0.000000009
QQ:/rrc/c: 0.999999942 0.000000058 0.000000000
QQ:/rrc/crr: 0.000000000 0.999999973 0.000000027
QQ:/rrc/r: 0.999999816 0.000000151 0.000000033
