J:/c: 0.311183970 0.688816030 0.000000000
J:/crr: 0.000000000 0.999999998 0.000000002
J:/r: 0.081673806 0.175876904 0.742449291
JJ:/cc/c: 0.999999995 0.000000005 0.000000000
JJ:/cc/crr: 0.000000000 0.999999998 0.000000002
JJ:/cc/r: 0.999999988 0.000000009 0.000000002
JJ:/crc/c: 0.999999988 0.000000012 0.000000000
JJ:/crc/crr: 0.000000000 0.999999996 0.000000004
JJ:/crc/r: 0.650505045 0.349494950 0.000000005
JJ:/crrc/c: 0.999999994 0.000000006 0.000000000
JJ:/crrc/crr: 0.000000000 0.999999998 0.000000002
JJ:/crrc/r: 0.999999937 0.000000060 0.000000002
JJ:/rc/c: 0.999999981 0.000000019 0.000000000
JJ:/rc/crr: 0.000000000 0.999999994 0.000000006
JJ:/rc/r: 0.999999980 0.000000012 0.000000008
JJ:/rrc/c: 0.999999957 0.000000043 0.000000000
JJ:/rrc/crr: 0.000000000 0.999999985 0.000000015
JJ:/rrc/r: 0.999999645 0.000000337 0.000000018
JK:/cc/c: 0.008002806 0.991997194 0.000000000
JK:/cc/crr: 0.000000000 0.000000548 0.999999452
JK:/cc/r: 0.000001076 0.000000006 0.999998918
JK:/crc/c: 0.573556394 0.426443606 0.000000000
JK:/crc/crr: 0.000000000 0.000000122 0.999999878
JK:/crc/r: 0.022735639 0.000000167 0.977264194
JK:/crrc/c: 0.404482076 0.595517924 0.000000000
JK:/crrc/crr: 0.000000000 0.000000403 0.999999597
JK:/crrc/r: 0.307593215 0.000000092 0.692406692
JK:/rc/c: 0.401608191 0.598391809 0.000000000
JK:/rc/crr: 0.000000000 0.000000029 0.999999971
JK:/rc/r: 0.490233748 0.000000012 0.509766240
JK:/rrc/c: 0.999999044 0.000000956 0.000000000
JK:/rrc/crr: 0.000000000 0.000000165 0.999999835
JK:/rrc/r: 0.416987466 0.000000185 0.583012349
JQ:/cc/c: 0.075433496 0.924566504 0.000000000
JQ:/cc/crr: 0.000000000 0.000000000 1.000000000
JQ:/cc/r: 0.057528237 0.000000000 0.942471763
JQ:/crc/c: 0.406595439 0.593404561 0.000000000
JQ:/crc/crr: 0.000000000 0.000004983 0.999995017
JQ:/crc/r: 0.197037752 0.000000040 0.802962208
JQ:/crrc/c: 0.038191710 0.961808290 0.000000000
JQ:/crrc/crr: 0.000000000 0.000001080 0.999998920
JQ:/crrc/r: 0.229247947 0.000000018 0.770752035
JQ:/rc/c: 0.999979577 0.000020423 0.000000000
JQ:/rc/crr: 0.000000000 0.000000000 1.000000000
JQ:/rc/r: 0.000000053 0.000000049 0.999999898
JQ:/rrc/c: 0.000010890 0.999989110 0.000000000
JQ:/rrc/crr: 0.000000000 0.026440559 0.973559441
JQ:/rrc/r: 0.555010906 0.000000166 0.444988928
K:/c: 0.999998098 0.000001902 0.000000000
K:/crr: 0.000000000 0.999999999 0.000000001
K:/r: 0.597097277 0.402902722 0.000000001
KJ:/cc/c: 0.013431728 0.986568272 0.000000000
KJ:/cc/crr: 0.000000000 0.976810145 0.023189855
KJ:/cc/r: 0.015985879 0.009008733 0.975005387
KJ:/crc/c: 0.144400229 0.855599771 0.000000000
KJ:/crc/crr: 0.000000000 0.999999992 0.000000008
KJ:/crc/r: 0.000000183 0.811355135 0.188644683
KJ:/crrc/c: 0.334626380 0.665373620 0.000000000
KJ:/crrc/crr: 0.000000000 0.736955069 0.263044931
KJ:/crrc/r: 0.056657088 0.820407143 0.122935769
KJ:/rc/c: 0.418520295 0.581479705 0.000000000
KJ:/rc/crr: 0.000000000 0.797126541 0.202873459
KJ:/rc/r: 0.029355054 0.795446096 0.175198849
KJ:/rrc/c: 0.495272193 0.504727807 0.000000000
KJ:/rrc/crr: 0.000000000 0.999979763 0.000020237
KJ:/rrc/r: 0.045873225 0.904408812 0.049717963
KK:/cc/c: 0.994757319 0.005242681 0.000000000
KK:/cc/crr: 0.000000000 0.998183735 0.001816265
KK:/cc/r: 0.998162759 0.001569280 0.000267961
KK:/crc/c: 0.999999847 0.000000153 0.000000000
KK:/crc/crr: 0.000000000 0.999999967 0.000000033
KK:/crc/r: 0.761379288 0.238620698 0.000000014
KK:/crrc/c: 0.999999994 0.000000006 0.000000000
KK:/crrc/crr: 0.000000000 0.999999998 0.000000002
KK:/crrc/r: 0.999994689 0.000005308 0.000000002
KK:/rc/c: 0.999999977 0.000000023 0.000000000
KK:/rc/crr: 0.000000000 0.999999992 0.000000008
KK:/rc/r: 0.999999975 0.000000015 0.000000010
KK:/rrc/c: 0.999999929 0.000000071 0.000000000
KK:/rrc/crr: 0.000000000 0.999999984 0.000000016
KK:/rrc/r: 0.964436806 0.035563180 0.000000014
KQ:/cc/c: 0.005005982 0.994994018 0.000000000
KQ:/cc/crr: 0.000000000 0.826130953 0.173869047
KQ:/cc/r: 0.025690295 0.971057507 0.003252199
KQ:/crc/c: 0.362208023 0.637791977 0.000000000
KQ:/crc/crr: 0.000000000 0.078464781 0.921535219
KQ:/crc/r: 0.000000027 0.530558339 0.469441634
KQ:/crrc/c: 0.634522085 0.365477915 0.000000000
KQ:/crrc/crr: 0.000000000 0.499841878 0.500158122
KQ:/crrc/r: 0.000007212 0.829562421 0.170430367
KQ:/rc/c: 0.000030879 0.999969121 0.000000000
KQ:/rc/crr: 0.000000000 0.013058766 0.986941234
KQ:/rc/r: 0.000000265 0.399054954 0.600944781
KQ:/rrc/c: 0.530630368 0.469369632 0.000000000
KQ:/rrc/crr: 0.000000000 0.563133271 0.436866729
KQ:/rrc/r: 0.103557497 0.613669142 0.282773361
Q:/c: 0.857666318 0.142333682 0.000000000
Q:/crr: 0.000000000 0.999999979 0.000000021
Q:/r: 0.386121481 0.613878403 0.000000116
QJ:/cc/c: 0.000000535 0.999999465 0.000000000
QJ:/cc/crr: 0.000000000 0.137111804 0.862888196
QJ:/cc/r: 0.000000227 0.000000213 0.999999560
QJ:/crc/c: 0.547365940 0.452634060 0.000000000
QJ:/crc/crr: 0.000000000 0.002321026 0.997678974
QJ:/crc/r: 0.000000112 0.000000014 0.999999874
QJ:/crrc/c: 0.000000104 0.999999896 0.000000000
QJ:/crrc/crr: 0.000000000 0.286775997 0.713224003
QJ:/crrc/r: 0.030222921 0.000000000 0.969777079
QJ:/rc/c: 0.000000601 0.999999399 0.000000000
QJ:/rc/crr: 0.000000000 0.003919829 0.996080171
QJ:/rc/r: 0.030586358 0.000000017 0.969413625
QJ:/rrc/c: 0.000000367 0.999999633 0.000000000
QJ:/rrc/crr: 0.000000000 0.133778380 0.866221620
QJ:/rrc/r: 0.000000103 0.000000026 0.999999870
QK:/cc/c: 0.162647232 0.837352768 0.000000000
QK:/cc/crr: 0.000000000 0.999999974 0.000000026
QK:/cc/r: 0.000000210 0.804157344 0.195842447
QK:/crc/c: 0.274468565 0.725531435 0.000000000
QK:/crc/crr: 0.000000000 0.000023786 0.999976214
QK:/crc/r: 0.000000349 0.555083648 0.444916004
QK:/crrc/c: 0.177368241 0.822631759 0.000000000
QK:/crrc/crr: 0.000000000 0.000006982 0.999993018
QK:/crrc/r: 0.000000601 0.375495241 0.624504158
QK:/rc/c: 0.385629878 0.614370122 0.000000000
QK:/rc/crr: 0.000000000 0.000014200 0.999985800
QK:/rc/r: 0.000000031 0.399786387 0.600213582
QK:/rrc/c: 0.441179448 0.558820552 0.000000000
QK:/rrc/crr: 0.000000000 0.098346208 0.901653792
QK:/rrc/r: 0.000000073 0.619080604 0.380919323
QQ:/cc/c: 0.999999987 0.000000013 0.000000000
QQ:/cc/crr: 0.000000000 0.999999995 0.000000005
QQ:/cc/r: 0.999999800 0.000000122 0.000000077
QQ:/crc/c: 0.999999973 0.000000027 0.000000000
QQ:/crc/crr: 0.000000000 0.999999994 0.000000006
QQ:/crc/r: 0.999999971 0.000000021 0.000000008
QQ:/crrc/c: 0.999999994 0.000000006 0.000000000
QQ:/crrc/crr: 0.000000000 0.999999998 0.000000002
QQ:/crrc/r: 0.999999967 0.000000031 0.000000002
QQ:/rc/c: 0.999999990 0.000000010 0.000000000
QQ:/rc/crr: 0.000000000 0.999999998 0.000000002
QQ:/rc/r: 0.999999985 0.000000009 0.000000006
QQ:/rrc/c: 0.999999944 0.000000056 0.000000000
QQ:/rrc/crr: 0.000000000 0.999999981 0.000000019
QQ:/rrc/r: 0.999999829 0.000000148 0.000000023
