J:/c: 0.244665460 0.755334540 0.000000000
J:/crr: 0.000000000 0.999999997 0.000000003
J:/r: 0.046568755 0.139862505 0.813568740
JJ:/cc/c: 0.999999993 0.000000007 0.000000000
JJ:/cc/crr: 0.000000000 0.999999997 0.000000003
JJ:/cc/r: 0.999999982 0.000000013 0.000000005
JJ:/crc/c: 0.999999983 0.000000017 0.000000000
JJ:/crc/crr: 0.000000000 0.999999995 0.000000005
JJ:/crc/r: 0.571648683 0.428351309 0.000000008
JJ:/crrc/c: 0.999999992 0.000000008 0.000000000
JJ:/crrc/crr: 0.000000000 0.999999997 0.000000003
JJ:/crrc/r: 0.999999911 0.000000084 0.000000005
JJ:/rc/c: 0.999999974 0.000000026 0.000000000
JJ:/rc/crr: 0.000000000 0.999999991 0.000000009
JJ:/rc/r: 0.999999968 0.000000017 0.000000015
JJ:/rrc/c: 0.999999940 0.000000060 0.000000000
JJ:/rrc/crr: 0.000000000 0.999999979 0.000000021
JJ:/rrc/r: 0.999999495 0.000000469 0.000000035
JK:/cc/c: 0.005751039 0.994248961 0.000000000
JK:/cc/crr: 0.000000000 0.000000398 0.999999602
JK:/cc/r: 0.000000560 0.000000004 0.999999436
JK:/crc/c: 0.490925279 0.509074721 0.000000000
JK:/crc/crr: 0.000000000 0.000000089 0.999999911
JK:/crc/r: 0.011960622 0.000000122 0.988039256
JK:/crrc/c: 0.327502421 0.672497579 0.000000000
JK:/crrc/crr: 0.000000000 0.000000293 0.999999707
JK:/crrc/r: 0.187753373 0.000000079 0.812246548
JK:/rc/c: 0.324877103 0.675122897 0.000000000
JK:/rc/crr: 0.000000000 0.000000021 0.999999979
JK:/rc/r: 0.333510657 0.000000012 0.666489331
JK:/rrc/c: 0.999998666 0.000001334 0.000000000
JK:/rrc/crr: 0.000000000 0.000000120 0.999999880
JK:/rrc/r: 0.271221939 0.000000168 0.728777893
JQ:/cc/c: 0.055265632 0.944734368 0.000000000
JQ:/cc/crr: 0.000000000 0.000000000 1.000000000
JQ:/cc/r: 0.030783493 0.000000000 0.969216507
JQ:/crc/c: 0.329436074 0.670563926 0.000000000
JQ:/crc/crr: 0.000000000 0.000003616 0.999996384
JQ:/crc/r: 0.113227269 0.000000032 0.886772699
JQ:/crrc/c: 0.027682669 0.972317331 0.000000000
JQ:/crrc/crr: 0.000000000 0.000000784 0.999999216
JQ:/crrc/r: 0.134023580 0.000000015 0.865976405
JQ:/rc/c: 0.999971516 0.000028484 0.000000000
JQ:/rc/crr: 0.000000000 0.000000000 1.000000000
JQ:/rc/r: 0.000000027 0.000000036 0.999999937
JQ:/rrc/c: 0.000007808 0.999992192 0.000000000
JQ:/rrc/crr: 0.000000000 0.019328439 0.980671561
JQ:/rrc/r: 0.393567398 0.000000164 0.606432438
K:/c: 0.999997347 0.000002653 0.000000000
K:/crr: 0.000000000 0.999999999 0.000000001
K:/r: 0.515171814 0.484828185 0.000000001
KJ:/cc/c: 0.009667300 0.990332700 0.000000000
KJ:/cc/crr: 0.000000000 0.968323068 0.031676932
KJ:/cc/r: 0.008403237 0.006604721 0.984992042
KJ:/crc/c: 0.107946257 0.892053743 0.000000000
KJ:/crc/crr: 0.000000000 0.999999989 0.000000011
KJ:/crc/r: 0.000000122 0.757356306 0.242643572
KJ:/crrc/c: 0.265024850 0.734975150 0.000000000
KJ:/crrc/crr: 0.000000000 0.670313147 0.329686853
KJ:/crrc/r: 0.039423485 0.796179231 0.164397284
KJ:/rc/c: 0.340396072 0.659603928 0.000000000
KJ:/rc/crr: 0.000000000 0.740358107 0.259641893
KJ:/rc/r: 0.019895443 0.751903534 0.228201023
KJ:/rrc/c: 0.412996711 0.587003289 0.000000000
KJ:/rrc/crr: 0.000000000 0.999972115 0.000027885
KJ:/rrc/r: 0.032701155 0.899185414 0.068113431
KK:/cc/c: 0.992703135 0.007296865 0.000000000
KK:/cc/crr: 0.000000000 0.997498985 0.002501015
KK:/cc/r: 0.997298690 0.002186780 0.000514531
KK:/crc/c: 0.999999786 0.000000214 0.000000000
KK:/crc/crr: 0.000000000 0.999999955 0.000000045
KK:/crc/r: 0.695842420 0.304157555 0.000000025
KK:/crrc/c: 0.999999992 0.000000008 0.000000000
KK:/crrc/crr: 0.000000000 0.999999997 0.000000003
KK:/crrc/r: 0.999992592 0.000007404 0.000000005
KK:/rc/c: 0.999999969 0.000000031 0.000000000
KK:/rc/crr: 0.000000000 0.999999989 0.000000011
KK:/rc/r: 0.999999960 0.000000021 0.000000019
KK:/rrc/c: 0.999999902 0.000000098 0.000000000
KK:/rrc/crr: 0.000000000 0.999999979 0.000000021
KK:/rrc/r: 0.951086609 0.048913364 0.000000027
KQ:/cc/c: 0.003594383 0.996405617 0.000000000
KQ:/cc/crr: 0.000000000 0.775189647 0.224810353
KQ:/cc/r: 0.018531904 0.976959476 0.004508620
KQ:/crc/c: 0.289364504 0.710635496 0.000000000
KQ:/crc/crr: 0.000000000 0.058195402 0.941804598
KQ:/crc/r: 0.000000016 0.450607998 0.549391986
KQ:/crrc/c: 0.554529070 0.445470930 0.000000000
KQ:/crrc/crr: 0.000000000 0.420375324 0.579624676
KQ:/crrc/r: 0.000004858 0.779361464 0.220633677
KQ:/rc/c: 0.000022140 0.999977860 0.000000000
KQ:/rc/crr: 0.000000000 0.009510986 0.990489014
KQ:/rc/r: 0.000000155 0.325193740 0.674806105
KQ:/rrc/c: 0.447691123 0.552308877 0.000000000
KQ:/rrc/crr: 0.000000000 0.483328128 0.516671872
KQ:/rrc/r: 0.068905816 0.569494161 0.361600023
Q:/c: 0.812046336 0.187953664 0.000000000
Q:/crr: 0.000000000 0.999999971 0.000000029
Q:/r: 0.310812380 0.689187441 0.000000179
QJ:/cc/c: 0.000000384 0.999999616 0.000000000
QJ:/cc/crr: 0.000000000 0.103392218 0.896607782
QJ:/cc/r: 0.000000118 0.000000155 0.999999727
QJ:/crc/c: 0.464398992 0.535601008 0.000000000
QJ:/crc/crr: 0.000000000 0.001685472 0.998314528
QJ:/crc/r: 0.000000058 0.000000010 0.999999932
QJ:/crrc/c: 0.000000075 0.999999925 0.000000000
QJ:/crrc/crr: 0.000000000 0.225884989 0.774115011
QJ:/crrc/r: 0.015957424 0.000000000 0.984042576
QJ:/rc/c: 0.000000431 0.999999569 0.000000000
QJ:/rc/crr: 0.000000000 0.002847733 0.997152267
QJ:/rc/r: 0.016152173 0.000000012 0.983847815
QJ:/rrc/c: 0.000000263 0.999999737 0.000000000
QJ:/rrc/crr: 0.000000000 0.100782828 0.899217172
QJ:/rrc/r: 0.000000054 0.000000019 0.999999927
QK:/cc/c: 0.122244943 0.877755057 0.000000000
QK:/cc/crr: 0.000000000 0.999999964 0.000000036
QK:/cc/r: 0.000000140 0.748736240 0.251263620
QK:/crc/c: 0.213367245 0.786632755 0.000000000
QK:/crc/crr: 0.000000000 0.000017262 0.999982738
QK:/crc/r: 0.000000214 0.475178557 0.524821229
QK:/crrc/c: 0.133893910 0.866106090 0.000000000
QK:/crrc/crr: 0.000000000 0.000005067 0.999994933
QK:/crrc/r: 0.000000349 0.303790342 0.696209309
QK:/rc/c: 0.310368198 0.689631802 0.000000000
QK:/rc/crr: 0.000000000 0.000010305 0.999989695
QK:/rc/r: 0.000000018 0.325863161 0.674136821
QK:/rrc/c: 0.361454744 0.638545256 0.000000000
QK:/rrc/crr: 0.000000000 0.073349758 0.926650242
QK:/rrc/r: 0.000000046 0.541168443 0.458831511
QQ:/cc/c: 0.999999982 0.000000018 0.000000000
QQ:/cc/crr: 0.000000000 0.999999994 0.000000006
QQ:/cc/r: 0.999999681 0.000000170 0.000000149
QQ:/crc/c: 0.999999962 0.000000038 0.000000000
QQ:/crc/crr: 0.000000000 0.999999991 0.000000009
QQ:/crc/r: 0.999999956 0.000000029 0.000000015
QQ:/crrc/c: 0.999999992 0.000000008 0.000000000
QQ:/crrc/crr: 0.000000000 0.999999997 0.000000003
QQ:/crrc/r: 0.999999952 0.000000043 0.000000005
QQ:/rc/c: 0.999999986 0.000000014 0.000000000
QQ:/rc/crr: 0.000000000 0.999999997 0.000000003
QQ:/rc/r: 0.999999975 0.000000013 0.000000012
QQ:/rrc/c: 0.999999921 0.000000079 0.000000000
QQ:/rrc/crr: 0.000000000 0.999999973 0.000000027
QQ:/rrc/r: 0.999999750 0.000000206 0.000000044
