J:/c: 0.297317914 0.702682086 0.000000000
J:/crr: 0.000000000 0.999999997 0.000000003
J:/r: 0.051416397 0.118216865 0.830366738
JJ:/cc/c: 0.999999995 0.000000005 0.000000000
JJ:/cc/crr: 0.000000000 0.999999997 0.000000003
JJ:/cc/r: 0.999999986 0.000000010 0.000000004
JJ:/crc/c: 0.999999987 0.000000013 0.000000000
JJ:/crc/crr: 0.000000000 0.999999994 0.000000006
JJ:/crc/r: 0.635467973 0.364532019 0.000000009
JJ:/crrc/c: 0.999999994 0.000000006 0.000000000
JJ:/crrc/crr: 0.000000000 0.999999997 0.000000003
JJ:/crrc/r: 0.999999931 0.000000064 0.000000004
JJ:/rc/c: 0.999999980 0.000000020 0.000000000
JJ:/rc/crr: 0.000000000 0.999999989 0.000000011
JJ:/rc/r: 0.999999973 0.000000013 0.000000014
JJ:/rrc/c: 0.999999954 0.000000046 0.000000000
JJ:/rrc/crr: 0.000000000 0.999999975 0.000000025
JJ:/rrc/r: 0.999999608 0.000000359 0.000000032
JK:/cc/c: 0.007499131 0.992500869 0.000000000
JK:/cc/crr: 0.000000000 0.000000330 0.999999670
JK:/cc/r: 0.000000606 0.000000004 0.999999391
JK:/crc/c: 0.557460887 0.442539113 0.000000000
JK:/crc/crr: 0.000000000 0.000000073 0.999999927
JK:/crc/r: 0.012925894 0.000000101 0.987074004
JK:/crrc/c: 0.388805338 0.611194662 0.000000000
JK:/crrc/crr: 0.000000000 0.000000242 0.999999758
JK:/crrc/r: 0.200033584 0.000000064 0.799966351
JK:/rc/c: 0.385970646 0.614029354 0.000000000
JK:/rc/crr: 0.000000000 0.000000018 0.999999982
JK:/rc/r: 0.351202185 0.000000010 0.648797805
JK:/rrc/c: 0.999998979 0.000001021 0.000000000
JK:/rrc/crr: 0.000000000 0.000000099 0.999999901
JK:/rrc/r: 0.287032277 0.000000136 0.712967587
JQ:/cc/c: 0.070989623 0.929010377 0.000000000
JQ:/cc/crr: 0.000000000 0.000000000 1.000000000
JQ:/cc/r: 0.033216780 0.000000000 0.966783220
JQ:/crc/c: 0.390890556 0.609109444 0.000000000
JQ:/crc/crr: 0.000000000 0.000002995 0.999997005
JQ:/crc/r: 0.121361333 0.000000026 0.878638641
JQ:/crrc/c: 0.035856706 0.964143294 0.000000000
JQ:/crrc/crr: 0.000000000 0.000000649 0.999999351
JQ:/crrc/r: 0.143410010 0.000000012 0.856589978
JQ:/rc/c: 0.999978194 0.000021806 0.000000000
JQ:/rc/crr: 0.000000000 0.000000000 1.000000000
JQ:/rc/r: 0.000000030 0.000000030 0.999999941
JQ:/rrc/c: 0.000010199 0.999989801 0.000000000
JQ:/rrc/crr: 0.000000000 0.016059953 0.983940047
JQ:/rrc/r: 0.412473123 0.000000131 0.587526745
K:/c: 0.999997969 0.000002031 0.000000000
K:/crr: 0.000000000 0.999999999 0.000000001
K:/r: 0.581241573 0.418758425 0.000000001
KJ:/cc/c: 0.012590709 0.987409291 0.000000000
KJ:/cc/crr: 0.000000000 0.961999001 0.038000999
KJ:/cc/r: 0.009094369 0.005472069 0.985433562
KJ:/crc/c: 0.136493252 0.863506748 0.000000000
KJ:/crc/crr: 0.000000000 0.999999987 0.000000013
KJ:/crc/r: 0.000000152 0.721047522 0.278952326
KJ:/crrc/c: 0.320201329 0.679798671 0.000000000
KJ:/crrc/crr: 0.000000000 0.627387561 0.372612439
KJ:/crrc/r: 0.049223550 0.761026690 0.189749761
KJ:/rc/c: 0.402667361 0.597332639 0.000000000
KJ:/rc/crr: 0.000000000 0.702504888 0.297495112
KJ:/rc/r: 0.024669932 0.713752429 0.261577638
KJ:/rrc/c: 0.478906419 0.521093581 0.000000000
KJ:/rrc/crr: 0.000000000 0.999966328 0.000033672
KJ:/rrc/r: 0.041708847 0.877981724 0.080309429
KK:/cc/c: 0.994404344 0.005595656 0.000000000
KK:/cc/crr: 0.000000000 0.996981519 0.003018481
KK:/cc/r: 0.997849092 0.001675004 0.000475904
KK:/crc/c: 0.999999836 0.000000164 0.000000000
KK:/crc/crr: 0.000000000 0.999999945 0.000000055
KK:/crc/r: 0.749273929 0.250726046 0.000000025
KK:/crrc/c: 0.999999994 0.000000006 0.000000000
KK:/crrc/crr: 0.000000000 0.999999997 0.000000003
KK:/crrc/r: 0.999994328 0.000005668 0.000000004
KK:/rc/c: 0.999999976 0.000000024 0.000000000
KK:/rc/crr: 0.000000000 0.999999987 0.000000013
KK:/rc/r: 0.999999967 0.000000016 0.000000017
KK:/rrc/c: 0.999999925 0.000000075 0.000000000
KK:/rrc/crr: 0.000000000 0.999999974 0.000000026
KK:/rrc/r: 0.962120156 0.037879820 0.000000025
KQ:/cc/c: 0.004690027 0.995309973 0.000000000
KQ:/cc/crr: 0.000000000 0.740635548 0.259364452
KQ:/cc/r: 0.024048453 0.970543014 0.005408532
KQ:/crc/c: 0.347214438 0.652785562 0.000000000
KQ:/crc/crr: 0.000000000 0.048680679 0.951319321
KQ:/crc/r: 0.000000019 0.404490154 0.595509827
KQ:/crrc/c: 0.619199901 0.380800099 0.000000000
KQ:/crrc/crr: 0.000000000 0.375238317 0.624761683
KQ:/crrc/r: 0.000006068 0.745237512 0.254756420
KQ:/rc/c: 0.000028921 0.999971079 0.000000000
KQ:/rc/crr: 0.000000000 0.007889300 0.992110700
KQ:/rc/r: 0.000000178 0.285247194 0.714752628
KQ:/rrc/c: 0.514286722 0.485713278 0.000000000
KQ:/rrc/crr: 0.000000000 0.436522297 0.563477703
KQ:/rrc/r: 0.082113882 0.519542529 0.398343589
Q:/c: 0.849479984 0.150520016 0.000000000
Q:/crr: 0.000000000 0.999999966 0.000000034
Q:/r: 0.370713343 0.629286460 0.000000197
QJ:/cc/c: 0.000000501 0.999999499 0.000000000
QJ:/cc/crr: 0.000000000 0.087171952 0.912828048
QJ:/cc/r: 0.000000128 0.000000128 0.999999744
QJ:/crc/c: 0.531090075 0.468909925 0.000000000
QJ:/crc/crr: 0.000000000 0.001396207 0.998603793
QJ:/crc/r: 0.000000063 0.000000008 0.999999929
QJ:/crrc/c: 0.000000098 0.999999902 0.000000000
QJ:/crrc/crr: 0.000000000 0.194619170 0.805380830
QJ:/crrc/r: 0.017239627 0.000000000 0.982760373
QJ:/rc/c: 0.000000563 0.999999437 0.000000000
QJ:/rc/crr: 0.000000000 0.002359470 0.997640530
QJ:/rc/r: 0.017449746 0.000000010 0.982550243
QJ:/rrc/c: 0.000000344 0.999999656 0.000000000
QJ:/rrc/crr: 0.000000000 0.084933147 0.915066853
QJ:/rrc/r: 0.000000058 0.000000016 0.999999926
QK:/cc/c: 0.153920844 0.846079156 0.000000000
QK:/cc/crr: 0.000000000 0.999999957 0.000000043
QK:/cc/r: 0.000000174 0.711628703 0.288371124
QK:/crc/c: 0.261617146 0.738382854 0.000000000
QK:/crc/crr: 0.000000000 0.000014295 0.999985705
QK:/crc/r: 0.000000252 0.428507389 0.571492359
QK:/crrc/c: 0.168010510 0.831989490 0.000000000
QK:/crrc/crr: 0.000000000 0.000004196 0.999995804
QK:/crrc/r: 0.000000398 0.265438767 0.734560835
QK:/rc/c: 0.370229555 0.629770445 0.000000000
QK:/rc/crr: 0.000000000 0.000008534 0.999991466
QK:/rc/r: 0.000000021 0.285869223 0.714130756
QK:/rrc/c: 0.425095683 0.574904317 0.000000000
QK:/rrc/crr: 0.000000000 0.061519200 0.938480800
QK:/rrc/r: 0.000000055 0.494118103 0.505881842
QQ:/cc/c: 0.999999986 0.000000014 0.000000000
QQ:/cc/crr: 0.000000000 0.999999992 0.000000008
QQ:/cc/r: 0.999999732 0.000000131 0.000000137
QQ:/crc/c: 0.999999971 0.000000029 0.000000000
QQ:/crc/crr: 0.000000000 0.999999989 0.000000011
QQ:/crc/r: 0.999999964 0.000000022 0.000000014
QQ:/crrc/c: 0.999999994 0.000000006 0.000000000
QQ:/crrc/crr: 0.000000000 0.999999997 0.000000003
QQ:/crrc/r: 0.999999963 0.000000033 0.000000004
QQ:/rc/c: 0.999999989 0.000000011 0.000000000
QQ:/rc/crr: 0.000000000 0.999999997 0.000000003
QQ:/rc/r: 0.999999979 0.000000010 0.000000011
QQ:/rrc/c: 0.999999940 0.000000060 0.000000000
QQ:/rrc/crr: 0.000000000 0.999999968 0.000000032
QQ:/rrc/r: 0.999999801 0.000000158 0.000000041
