J:/c: 0.230995095 0.769004905 0.000000000
J:/crr: 0.000000000 0.999999997 0.000000003
J:/r: 0.044796592 0.145081259 0.810122149
JJ:/cc/c: 0.999999993 0.000000007 0.000000000
JJ:/cc/crr: 0.000000000 0.999999997 0.000000003
JJ:/cc/r: 0.999999981 0.000000014 0.000000005
JJ:/crc/c: 0.999999982 0.000000018 0.000000000
JJ:/crc/crr: 0.000000000 0.999999995 0.000000005
JJ:/crc/r: 0.553086413 0.446913579 0.000000008
JJ:/crrc/c: 0.999999992 0.000000008 0.000000000
JJ:/crrc/crr: 0.000000000 0.999999997 0.000000003
JJ:/crrc/r: 0.999999905 0.000000090 0.000000005
JJ:/rc/c: 0.999999972 0.000000028 0.000000000
JJ:/rc/crr: 0.000000000 0.999999991 0.000000009
JJ:/rc/r: 0.999999966 0.000000018 0.000000016
JJ:/rrc/c: 0.999999935 0.000000065 0.000000000
JJ:/rrc/crr: 0.000000000 0.999999980 0.000000020
JJ:/rrc/r: 0.999999457 0.000000506 0.000000036
JK:/cc/c: 0.005335415 0.994664585 0.000000000
JK:/cc/crr: 0.000000000 0.000000415 0.999999585
JK:/cc/r: 0.000000541 0.000000005 0.999999454
JK:/crc/c: 0.472095326 0.527904674 0.000000000
JK:/crc/crr: 0.000000000 0.000000092 0.999999908
JK:/crc/r: 0.011559108 0.000000128 0.988440765
JK:/crrc/c: 0.311110014 0.688889986 0.000000000
JK:/crrc/crr: 0.000000000 0.000000305 0.999999695
JK:/crrc/r: 0.182540820 0.000000082 0.817459097
JK:/rc/c: 0.308555810 0.691444190 0.000000000
JK:/rc/crr: 0.000000000 0.000000022 0.999999978
JK:/rc/r: 0.325874994 0.000000012 0.674124994
JK:/rrc/c: 0.999998562 0.000001438 0.000000000
JK:/rrc/crr: 0.000000000 0.000000125 0.999999875
JK:/rrc/r: 0.264446526 0.000000176 0.735553298
JQ:/cc/c: 0.051456811 0.948543189 0.000000000
JQ:/cc/crr: 0.000000000 0.000000000 1.000000000
JQ:/cc/r: 0.029769139 0.000000000 0.970230861
JQ:/crc/c: 0.312991928 0.687008072 0.000000000
JQ:/crc/crr: 0.000000000 0.000003767 0.999996233
JQ:/crc/r: 0.109804061 0.000000033 0.890195906
JQ:/crrc/c: 0.025723063 0.974276937 0.000000000
JQ:/crrc/crr: 0.000000000 0.000000816 0.999999184
JQ:/crrc/r: 0.130063853 0.000000016 0.869936132
JQ:/rc/c: 0.999969284 0.000030716 0.000000000
JQ:/rc/crr: 0.000000000 0.000000000 1.000000000
JQ:/rc/r: 0.000000026 0.000000037 0.999999936
JQ:/rrc/c: 0.000007241 0.999992759 0.000000000
JQ:/rrc/crr: 0.000000000 0.020118723 0.979881277
JQ:/rrc/r: 0.385351736 0.000000173 0.614648091
K:/c: 0.999997139 0.000002861 0.000000000
K:/crr: 0.000000000 0.999999999 0.000000001
K:/r: 0.496318557 0.503681442 0.000000001
KJ:/cc/c: 0.008971203 0.991028797 0.000000000
KJ:/cc/crr: 0.000000000 0.969553263 0.030446737
KJ:/cc/r: 0.008117924 0.006880381 0.985001695
KJ:/crc/c: 0.100894512 0.899105488 0.000000000
KJ:/crc/crr: 0.000000000 0.999999990 0.000000010
KJ:/crc/r: 0.000000115 0.764789415 0.235210471
KJ:/crrc/c: 0.250594333 0.749405667 0.000000000
KJ:/crrc/crr: 0.000000000 0.679283554 0.320716446
KJ:/crrc/r: 0.036907843 0.803774394 0.159317763
KJ:/rc/c: 0.323668911 0.676331089 0.000000000
KJ:/rc/crr: 0.000000000 0.748138766 0.251861234
KJ:/rc/r: 0.018647301 0.759948497 0.221404202
KJ:/rrc/c: 0.394837502 0.605162498 0.000000000
KJ:/rrc/crr: 0.000000000 0.999973232 0.000026768
KJ:/rrc/r: 0.030480764 0.903798649 0.065720587
KK:/cc/c: 0.992135923 0.007864077 0.000000000
KK:/cc/crr: 0.000000000 0.997598923 0.002401077
KK:/cc/r: 0.997109815 0.002357667 0.000532519
KK:/crc/c: 0.999999770 0.000000230 0.000000000
KK:/crc/crr: 0.000000000 0.999999956 0.000000044
KK:/crc/r: 0.679645987 0.320353988 0.000000025
KK:/crrc/c: 0.999999992 0.000000008 0.000000000
KK:/crrc/crr: 0.000000000 0.999999997 0.000000003
KK:/crrc/r: 0.999992011 0.000007984 0.000000005
KK:/rc/c: 0.999999966 0.000000034 0.000000000
KK:/rc/crr: 0.000000000 0.999999990 0.000000010
KK:/rc/r: 0.999999958 0.000000023 0.000000019
KK:/rrc/c: 0.999999894 0.000000106 0.000000000
KK:/rrc/crr: 0.000000000 0.999999979 0.000000021
KK:/rrc/r: 0.947455624 0.052544349 0.000000027
KQ:/cc/c: 0.003334096 0.996665904 0.000000000
KQ:/cc/crr: 0.000000000 0.782233530 0.217766470
KQ:/cc/r: 0.017211712 0.978453643 0.004334645
KQ:/crc/c: 0.274102955 0.725897045 0.000000000
KQ:/crc/crr: 0.000000000 0.060476843 0.939523157
KQ:/crc/r: 0.000000015 0.460747217 0.539252768
KQ:/crrc/c: 0.535827321 0.464172679 0.000000000
KQ:/crrc/crr: 0.000000000 0.430367163 0.569632837
KQ:/crrc/r: 0.000004545 0.786310793 0.213684662
KQ:/rc/c: 0.000020532 0.999979468 0.000000000
KQ:/rc/crr: 0.000000000 0.009903917 0.990096083
KQ:/rc/r: 0.000000148 0.334227762 0.665772090
KQ:/rrc/c: 0.429121614 0.570878386 0.000000000
KQ:/rrc/crr: 0.000000000 0.493542191 0.506457809
KQ:/rrc/r: 0.065169501 0.580814514 0.354015985
Q:/c: 0.800261576 0.199738424 0.000000000
Q:/crr: 0.000000000 0.999999973 0.000000027
Q:/r: 0.294889044 0.705110780 0.000000176
QJ:/cc/c: 0.000000356 0.999999644 0.000000000
QJ:/cc/crr: 0.000000000 0.107243754 0.892756246
QJ:/cc/r: 0.000000114 0.000000161 0.999999725
QJ:/crc/c: 0.445695710 0.554304290 0.000000000
QJ:/crc/crr: 0.000000000 0.001755677 0.998244323
QJ:/crc/r: 0.000000056 0.000000011 0.999999933
QJ:/crrc/c: 0.000000069 0.999999931 0.000000000
QJ:/crrc/crr: 0.000000000 0.233113217 0.766886783
QJ:/crrc/r: 0.015423833 0.000000000 0.984576167
QJ:/rc/c: 0.000000400 0.999999600 0.000000000
QJ:/rc/crr: 0.000000000 0.002966207 0.997033793
QJ:/rc/r: 0.015612173 0.000000013 0.984387814
QJ:/rrc/c: 0.000000244 0.999999756 0.000000000
QJ:/rrc/crr: 0.000000000 0.104548494 0.895451506
QJ:/rrc/r: 0.000000052 0.000000020 0.999999928
QK:/cc/c: 0.114378884 0.885621116 0.000000000
QK:/cc/crr: 0.000000000 0.999999966 0.000000034
QK:/cc/r: 0.000000131 0.756348461 0.243651408
QK:/crc/c: 0.200980318 0.799019682 0.000000000
QK:/crc/crr: 0.000000000 0.000017982 0.999982018
QK:/crc/r: 0.000000203 0.485382194 0.514617603
QK:/crrc/c: 0.125385354 0.874614646 0.000000000
QK:/crrc/crr: 0.000000000 0.000005278 0.999994722
QK:/crrc/r: 0.000000333 0.312505130 0.687494537
QK:/rc/c: 0.294457893 0.705542107 0.000000000
QK:/rc/crr: 0.000000000 0.000010735 0.999989265
QK:/rc/r: 0.000000017 0.334906549 0.665093434
QK:/rrc/c: 0.344232809 0.655767191 0.000000000
QK:/rrc/crr: 0.000000000 0.076177244 0.923822756
QK:/rrc/r: 0.000000043 0.551300584 0.448699373
QQ:/cc/c: 0.999999980 0.000000020 0.000000000
QQ:/cc/crr: 0.000000000 0.999999994 0.000000006
QQ:/cc/r: 0.999999662 0.000000184 0.000000154
QQ:/crc/c: 0.999999959 0.000000041 0.000000000
QQ:/crc/crr: 0.000000000 0.999999991 0.000000009
QQ:/crc/r: 0.999999953 0.000000031 0.000000016
QQ:/crrc/c: 0.999999992 0.000000008 0.000000000
QQ:/crrc/crr: 0.000000000 0.999999997 0.000000003
QQ:/crrc/r: 0.999999948 0.000000047 0.000000005
QQ:/rc/c: 0.999999984 0.000000016 0.000000000
QQ:/rc/crr: 0.000000000 0.999999997 0.000000003
QQ:/rc/r: 0.999999974 0.000000014 0.000000012
QQ:/rrc/c: 0.999999915 0.000000085 0.000000000
QQ:/rrc/crr: 0.000000000 0.999999974 0.000000026
QQ:/rrc/r: 0.999999732 0.000000222 0.000000046
