J:/c: 0.225181210 0.774818790 0.000000000
J:/crr: 0.000000000 0.999999998 0.000000002
J:/r: 0.044561617 0.149165686 0.806272697
JJ:/cc/c: 0.999999993 0.000000007 0.000000000
JJ:/cc/crr: 0.000000000 0.999999998 0.000000002
JJ:/cc/r: 0.999999981 0.000000015 0.000000005
JJ:/crc/c: 0.999999981 0.000000019 0.000000000
JJ:/crc/crr: 0.000000000 0.999999995 0.000000005
JJ:/crc/r: 0.544910173 0.455089819 0.000000008
JJ:/crrc/c: 0.999999991 0.000000009 0.000000000
JJ:/crrc/crr: 0.000000000 0.999999998 0.000000002
JJ:/crrc/r: 0.999999902 0.000000094 0.000000005
JJ:/rc/c: 0.999999971 0.000000029 0.000000000
JJ:/rc/crr: 0.000000000 0.999999992 0.000000008
JJ:/rc/r: 0.999999965 0.000000019 0.000000016
JJ:/rrc/c: 0.999999933 0.000000067 0.000000000
JJ:/rrc/crr: 0.000000000 0.999999981 0.000000019
JJ:/rrc/r: 0.999999440 0.000000523 0.000000036
JK:/cc/c: 0.005162996 0.994837004 0.000000000
JK:/cc/crr: 0.000000000 0.000000428 0.999999572
JK:/cc/r: 0.000000541 0.000000005 0.999999455
JK:/crc/c: 0.463873649 0.536126351 0.000000000
JK:/crc/crr: 0.000000000 0.000000095 0.999999905
JK:/crc/r: 0.011553440 0.000000132 0.988446428
JK:/crrc/c: 0.304077046 0.695922954 0.000000000
JK:/crrc/crr: 0.000000000 0.000000315 0.999999685
JK:/crrc/r: 0.182466795 0.000000085 0.817533120
JK:/rc/c: 0.301555306 0.698444694 0.000000000
JK:/rc/crr: 0.000000000 0.000000023 0.999999977
JK:/rc/r: 0.325766007 0.000000013 0.674233980
JK:/rrc/c: 0.999998514 0.000001486 0.000000000
JK:/rrc/crr: 0.000000000 0.000000129 0.999999871
JK:/rrc/r: 0.264350026 0.000000182 0.735649792
JQ:/cc/c: 0.049868666 0.950131334 0.000000000
JQ:/cc/crr: 0.000000000 0.000000000 1.000000000
JQ:/cc/r: 0.029754812 0.000000000 0.970245188
JQ:/crc/c: 0.305935310 0.694064690 0.000000000
JQ:/crc/crr: 0.000000000 0.000003892 0.999996108
JQ:/crc/r: 0.109755572 0.000000035 0.890244393
JQ:/crrc/c: 0.024908300 0.975091700 0.000000000
JQ:/crrc/crr: 0.000000000 0.000000843 0.999999157
JQ:/crrc/r: 0.130007724 0.000000016 0.869992259
JQ:/rc/c: 0.999968253 0.000031747 0.000000000
JQ:/rc/crr: 0.000000000 0.000000000 1.000000000
JQ:/rc/r: 0.000000026 0.000000039 0.999999935
JQ:/rrc/c: 0.000007006 0.999992994 0.000000000
JQ:/rrc/crr: 0.000000000 0.020770063 0.979229937
JQ:/rrc/r: 0.385234223 0.000000179 0.614765598
K:/c: 0.999997043 0.000002957 0.000000000
K:/crr: 0.000000000 0.999999999 0.000000001
K:/r: 0.488065045 0.511934954 0.000000001
KJ:/cc/c: 0.008682317 0.991317683 0.000000000
KJ:/cc/crr: 0.000000000 0.970498916 0.029501084
KJ:/cc/r: 0.008112084 0.007106269 0.984781647
KJ:/crc/c: 0.097938084 0.902061916 0.000000000
KJ:/crc/crr: 0.000000000 0.999999990 0.000000010
KJ:/crc/r: 0.000000112 0.770590060 0.229409828
KJ:/crrc/c: 0.244443960 0.755556040 0.000000000
KJ:/crrc/crr: 0.000000000 0.686328036 0.313671964
KJ:/crrc/r: 0.035935251 0.808868330 0.155196420
KJ:/rc/c: 0.316482465 0.683517535 0.000000000
KJ:/rc/crr: 0.000000000 0.754218076 0.245781924
KJ:/rc/r: 0.018181411 0.765838883 0.215979706
KJ:/rrc/c: 0.386975012 0.613024988 0.000000000
KJ:/rrc/crr: 0.000000000 0.999974089 0.000025911
KJ:/rrc/r: 0.029582150 0.906603140 0.063814710
KK:/cc/c: 0.991874039 0.008125961 0.000000000
KK:/cc/crr: 0.000000000 0.997675587 0.002324413
KK:/cc/r: 0.997030629 0.002436630 0.000532741
KK:/crc/c: 0.999999762 0.000000238 0.000000000
KK:/crc/crr: 0.000000000 0.999999958 0.000000042
KK:/crc/r: 0.672413763 0.327586213 0.000000025
KK:/crrc/c: 0.999999991 0.000000009 0.000000000
KK:/crrc/crr: 0.000000000 0.999999998 0.000000002
KK:/crrc/r: 0.999991743 0.000008252 0.000000005
KK:/rc/c: 0.999999965 0.000000035 0.000000000
KK:/rc/crr: 0.000000000 0.999999990 0.000000010
KK:/rc/r: 0.999999957 0.000000023 0.000000019
KK:/rrc/c: 0.999999890 0.000000110 0.000000000
KK:/rrc/crr: 0.000000000 0.999999980 0.000000020
KK:/rrc/r: 0.945787130 0.054212843 0.000000027
KQ:/cc/c: 0.003226142 0.996773858 0.000000000
KQ:/cc/crr: 0.000000000 0.787723385 0.212276615
KQ:/cc/r: 0.016664243 0.979136905 0.004198852
KQ:/crc/c: 0.267581620 0.732418380 0.000000000
KQ:/crc/crr: 0.000000000 0.062351628 0.937648372
KQ:/crc/r: 0.000000015 0.468838392 0.531161593
KQ:/crrc/c: 0.527605014 0.472394986 0.000000000
KQ:/crrc/crr: 0.000000000 0.438358520 0.561641480
KQ:/crrc/r: 0.000004428 0.791725229 0.208270343
KQ:/rc/c: 0.000019865 0.999980135 0.000000000
KQ:/rc/crr: 0.000000000 0.010228006 0.989771994
KQ:/rc/r: 0.000000146 0.341504182 0.658495672
KQ:/rrc/c: 0.421051421 0.578948579 0.000000000
KQ:/rrc/crr: 0.000000000 0.501673501 0.498326499
KQ:/rrc/r: 0.063911966 0.588730974 0.347357060
Q:/c: 0.794930731 0.205069269 0.000000000
Q:/crr: 0.000000000 0.999999973 0.000000027
Q:/r: 0.288069432 0.711930396 0.000000172
QJ:/cc/c: 0.000000344 0.999999656 0.000000000
QJ:/cc/crr: 0.000000000 0.110397960 0.889602040
QJ:/cc/r: 0.000000114 0.000000166 0.999999720
QJ:/crc/c: 0.437552722 0.562447278 0.000000000
QJ:/crc/crr: 0.000000000 0.001813618 0.998186382
QJ:/crc/r: 0.000000056 0.000000011 0.999999933
QJ:/crrc/c: 0.000000067 0.999999933 0.000000000
QJ:/crrc/crr: 0.000000000 0.238978461 0.761021539
QJ:/crrc/r: 0.015416300 0.000000000 0.984583700
QJ:/rc/c: 0.000000387 0.999999613 0.000000000
QJ:/rc/crr: 0.000000000 0.003063974 0.996936026
QJ:/rc/r: 0.015604550 0.000000013 0.984395437
QJ:/rrc/c: 0.000000236 0.999999764 0.000000000
QJ:/rrc/crr: 0.000000000 0.107632985 0.892367015
QJ:/rrc/r: 0.000000052 0.000000021 0.999999927
QK:/cc/c: 0.111076147 0.888923853 0.000000000
QK:/cc/crr: 0.000000000 0.999999967 0.000000033
QK:/cc/r: 0.000000128 0.762292572 0.237707300
QK:/crc/c: 0.195729595 0.804270405 0.000000000
QK:/crc/crr: 0.000000000 0.000018577 0.999981423
QK:/crc/r: 0.000000200 0.493510066 0.506489734
QK:/crrc/c: 0.121808513 0.878191487 0.000000000
QK:/crrc/crr: 0.000000000 0.000005453 0.999994547
QK:/crrc/r: 0.000000329 0.319535607 0.680464064
QK:/rc/c: 0.287644183 0.712355817 0.000000000
QK:/rc/crr: 0.000000000 0.000011090 0.999988910
QK:/rc/r: 0.000000017 0.342190151 0.657809832
QK:/rrc/c: 0.336817162 0.663182838 0.000000000
QK:/rrc/crr: 0.000000000 0.078498076 0.921501924
QK:/rrc/r: 0.000000043 0.559332546 0.440667412
QQ:/cc/c: 0.999999980 0.000000020 0.000000000
QQ:/cc/crr: 0.000000000 0.999999994 0.000000006
QQ:/cc/r: 0.999999656 0.000000190 0.000000154
QQ:/crc/c: 0.999999958 0.000000042 0.000000000
QQ:/crc/crr: 0.000000000 0.999999992 0.000000008
QQ:/crc/r: 0.999999952 0.000000032 0.000000016
QQ:/crrc/c: 0.999999991 0.000000009 0.000000000
QQ:/crrc/crr: 0.000000000 0.999999998 0.000000002
QQ:/crrc/r: 0.999999947 0.000000048 0.000000005
QQ:/rc/c: 0.999999984 0.000000016 0.000000000
QQ:/rc/crr: 0.000000000 0.999999998 0.000000002
QQ:/rc/r: 0.999999973 0.000000015 0.000000012
QQ:/rrc/c: 0.999999912 0.000000088 0.000000000
QQ:/rrc/crr: 0.000000000 0.999999975 0.000000025
QQ:/rrc/r: 0.999999725 0.000000229 0.000000046
