J:/c: 0.258966688 0.741033312 0.000000000
J:/crr: 0.000000000 0.999999997 0.000000003
J:/r: 0.045588034 0.126906738 0.827505229
JJ:/cc/c: 0.999999994 0.000000006 0.000000000
JJ:/cc/crr: 0.000000000 0.999999997 0.000000003
JJ:/cc/r: 0.999999983 0.000000012 0.000000005
JJ:/crc/c: 0.999999984 0.000000016 0.000000000
JJ:/crc/crr: 0.000000000 0.999999994 0.000000006
JJ:/crc/r: 0.590130218 0.409869772 0.000000009
JJ:/crrc/c: 0.999999993 0.000000007 0.000000000
JJ:/crrc/crr: 0.000000000 0.999999997 0.000000003
JJ:/crrc/r: 0.999999917 0.000000078 0.000000005
JJ:/rc/c: 0.999999976 0.000000024 0.000000000
JJ:/rc/crr: 0.000000000 0.999999990 0.000000010
JJ:/rc/r: 0.999999968 0.000000016 0.000000016
JJ:/rrc/c: 0.999999944 0.000000056 0.000000000
JJ:/rrc/crr: 0.000000000 0.999999977 0.000000023
JJ:/rrc/r: 0.999999528 0.000000435 0.000000036
JK:/cc/c: 0.006201864 0.993798136 0.000000000
JK:/cc/crr: 0.000000000 0.000000355 0.999999645
JK:/cc/r: 0.000000539 0.000000004 0.999999457
JK:/crc/c: 0.509903687 0.490096313 0.000000000
JK:/crc/crr: 0.000000000 0.000000079 0.999999921
JK:/crc/r: 0.011516714 0.000000109 0.988483177
JK:/crrc/c: 0.344437665 0.655562335 0.000000000
JK:/crrc/crr: 0.000000000 0.000000261 0.999999739
JK:/crrc/r: 0.181986800 0.000000071 0.818013130
JK:/rc/c: 0.341745579 0.658254421 0.000000000
JK:/rc/crr: 0.000000000 0.000000019 0.999999981
JK:/rc/r: 0.325058930 0.000000011 0.674941059
JK:/rrc/c: 0.999998764 0.000001236 0.000000000
JK:/rrc/crr: 0.000000000 0.000000107 0.999999893
JK:/rrc/r: 0.263724119 0.000000151 0.736275730
JQ:/cc/c: 0.059366150 0.940633850 0.000000000
JQ:/cc/crr: 0.000000000 0.000000000 1.000000000
JQ:/cc/r: 0.029661963 0.000000000 0.970338037
JQ:/crc/c: 0.346419801 0.653580199 0.000000000
JQ:/crc/crr: 0.000000000 0.000003226 0.999996774
JQ:/crc/r: 0.109441244 0.000000029 0.890558728
JQ:/crrc/c: 0.029801185 0.970198815 0.000000000
JQ:/crrc/crr: 0.000000000 0.000000699 0.999999301
JQ:/crrc/r: 0.129643842 0.000000013 0.870356145
JQ:/rc/c: 0.999973598 0.000026402 0.000000000
JQ:/rc/crr: 0.000000000 0.000000000 1.000000000
JQ:/rc/r: 0.000000026 0.000000032 0.999999942
JQ:/rrc/c: 0.000008424 0.999991576 0.000000000
JQ:/rrc/crr: 0.000000000 0.017278676 0.982721324
JQ:/rrc/r: 0.384471685 0.000000148 0.615528167
K:/c: 0.999997541 0.000002459 0.000000000
K:/crr: 0.000000000 0.999999999 0.000000001
K:/r: 0.534104137 0.465895862 0.000000001
KJ:/cc/c: 0.010421903 0.989578097 0.000000000
KJ:/cc/crr: 0.000000000 0.964626727 0.035373273
KJ:/cc/r: 0.008096049 0.005898046 0.986005905
KJ:/crc/c: 0.115477719 0.884522281 0.000000000
KJ:/crc/crr: 0.000000000 0.999999988 0.000000012
KJ:/crc/r: 0.000000128 0.735760231 0.264239640
KJ:/crrc/c: 0.280074864 0.719925136 0.000000000
KJ:/crrc/crr: 0.000000000 0.644605336 0.355394664
KJ:/crrc/r: 0.041577056 0.778281508 0.180141436
KJ:/rc/c: 0.357643472 0.642356528 0.000000000
KJ:/rc/crr: 0.000000000 0.717812831 0.282187169
KJ:/rc/r: 0.020856313 0.730589108 0.248554579
KJ:/rrc/c: 0.431516144 0.568483856 0.000000000
KJ:/rrc/crr: 0.000000000 0.999968742 0.000031258
KJ:/rrc/r: 0.034902984 0.889561276 0.075535740
KK:/cc/c: 0.993233015 0.006766985 0.000000000
KK:/cc/crr: 0.000000000 0.997197291 0.002802709
KK:/cc/r: 0.997438140 0.002027183 0.000534678
KK:/crc/c: 0.999999802 0.000000198 0.000000000
KK:/crc/crr: 0.000000000 0.999999949 0.000000051
KK:/crc/r: 0.711668242 0.288331731 0.000000027
KK:/crrc/c: 0.999999993 0.000000007 0.000000000
KK:/crrc/crr: 0.000000000 0.999999997 0.000000003
KK:/crrc/r: 0.999993133 0.000006862 0.000000005
KK:/rc/c: 0.999999971 0.000000029 0.000000000
KK:/rc/crr: 0.000000000 0.999999988 0.000000012
KK:/rc/r: 0.999999961 0.000000019 0.000000019
KK:/rrc/c: 0.999999909 0.000000091 0.000000000
KK:/rrc/crr: 0.000000000 0.999999976 0.000000024
KK:/rrc/r: 0.954500059 0.045499914 0.000000028
KQ:/cc/c: 0.003876806 0.996123194 0.000000000
KQ:/cc/crr: 0.000000000 0.754666638 0.245333362
KQ:/cc/r: 0.019953636 0.975002470 0.005043894
KQ:/crc/c: 0.305222701 0.694777299 0.000000000
KQ:/crc/crr: 0.000000000 0.052243415 0.947756585
KQ:/crc/r: 0.000000016 0.422527374 0.577472610
KQ:/crrc/c: 0.573197765 0.426802235 0.000000000
KQ:/crrc/crr: 0.000000000 0.392831588 0.607168412
KQ:/crrc/r: 0.000005105 0.759101101 0.240893794
KQ:/rc/c: 0.000023887 0.999976113 0.000000000
KQ:/rc/crr: 0.000000000 0.008493338 0.991506662
KQ:/rc/r: 0.000000155 0.300651614 0.699348231
KQ:/rrc/c: 0.466529850 0.533470150 0.000000000
KQ:/rrc/crr: 0.000000000 0.454896792 0.545103208
KQ:/rrc/r: 0.070856533 0.542800751 0.386342716
Q:/c: 0.823360724 0.176639276 0.000000000
Q:/crr: 0.000000000 0.999999968 0.000000032
Q:/r: 0.327304615 0.672695189 0.000000196
QJ:/cc/c: 0.000000414 0.999999586 0.000000000
QJ:/cc/crr: 0.000000000 0.093275500 0.906724500
QJ:/cc/r: 0.000000114 0.000000138 0.999999748
QJ:/crc/c: 0.483325532 0.516674468 0.000000000
QJ:/crc/crr: 0.000000000 0.001503860 0.998496140
QJ:/crc/r: 0.000000056 0.000000009 0.999999935
QJ:/crrc/c: 0.000000081 0.999999919 0.000000000
QJ:/crrc/crr: 0.000000000 0.206543635 0.793456365
QJ:/crrc/r: 0.015367486 0.000000000 0.984632514
QJ:/rc/c: 0.000000465 0.999999535 0.000000000
QJ:/rc/crr: 0.000000000 0.002541205 0.997458795
QJ:/rc/r: 0.015555148 0.000000011 0.984444841
QJ:/rrc/c: 0.000000284 0.999999716 0.000000000
QJ:/rrc/crr: 0.000000000 0.090895549 0.909104451
QJ:/rrc/r: 0.000000052 0.000000017 0.999999931
QK:/cc/c: 0.130627944 0.869372056 0.000000000
QK:/cc/crr: 0.000000000 0.999999960 0.000000040
QK:/cc/r: 0.000000146 0.726649860 0.273349994
QK:/crc/c: 0.226387343 0.773612657 0.000000000
QK:/crc/crr: 0.000000000 0.000015399 0.999984601
QK:/crc/r: 0.000000217 0.446812044 0.553187739
QK:/crrc/c: 0.142945652 0.857054348 0.000000000
QK:/crrc/crr: 0.000000000 0.000004520 0.999995480
QK:/crrc/r: 0.000000347 0.280192813 0.719806840
QK:/rc/c: 0.326848049 0.673151951 0.000000000
QK:/rc/crr: 0.000000000 0.000009193 0.999990807
QK:/rc/r: 0.000000018 0.301293070 0.698706912
QK:/rrc/c: 0.379155814 0.620844186 0.000000000
QK:/rrc/crr: 0.000000000 0.065956390 0.934043610
QK:/rrc/r: 0.000000047 0.512711025 0.487288928
QQ:/cc/c: 0.999999983 0.000000017 0.000000000
QQ:/cc/crr: 0.000000000 0.999999993 0.000000007
QQ:/cc/r: 0.999999688 0.000000158 0.000000154
QQ:/crc/c: 0.999999965 0.000000035 0.000000000
QQ:/crc/crr: 0.000000000 0.999999990 0.000000010
QQ:/crc/r: 0.999999957 0.000000027 0.000000016
QQ:/crrc/c: 0.999999993 0.000000007 0.000000000
QQ:/crrc/crr: 0.000000000 0.999999997 0.000000003
QQ:/crrc/r: 0.999999955 0.000000040 0.000000005
QQ:/rc/c: 0.999999987 0.000000013 0.000000000
QQ:/rc/crr: 0.000000000 0.999999997 0.000000003
QQ:/rc/r: 0.999999976 0.000000012 0.000000012
QQ:/rrc/c: 0.999999927 0.000000073 0.000000000
QQ:/rrc/crr: 0.000000000 0.999999970 0.000000030
QQ:/rrc/r: 0.999999763 0.000000191 0.000000046
