J:/c: 0.267258851 0.732741149 0.000000000
J:/crr: 0.000000000 0.999999998 0.000000002
J:/r: 0.061225794 0.163302525 0.775471681
JJ:/cc/c: 0.999999994 0.000000006 0.000000000
JJ:/cc/crr: 0.000000000 0.999999998 0.000000002
JJ:/cc/r: 0.999999985 0.000000012 0.000000003
JJ:/crc/c: 0.999999985 0.000000015 0.000000000
JJ:/crc/crr: 0.000000000 0.999999996 0.000000004
JJ:/crc/r: 0.600434304 0.399565689 0.000000006
JJ:/crrc/c: 0.999999993 0.000000007 0.000000000
JJ:/crrc/crr: 0.000000000 0.999999998 0.000000002
JJ:/crrc/r: 0.999999922 0.000000075 0.000000003
JJ:/rc/c: 0.999999977 0.000000023 0.000000000
JJ:/rc/crr: 0.000000000 0.999999993 0.000000007
JJ:/rc/r: 0.999999974 0.000000015 0.000000011
JJ:/rrc/c: 0.999999946 0.000000054 0.000000000
JJ:/rrc/crr: 0.000000000 0.999999983 0.000000017
JJ:/rrc/r: 0.999999558 0.000000417 0.000000025
JK:/cc/c: 0.006471126 0.993528874 0.000000000
JK:/cc/crr: 0.000000000 0.000000487 0.999999513
JK:/cc/r: 0.000000772 0.000000005 0.999999222
JK:/crc/c: 0.520586167 0.479413833 0.000000000
JK:/crc/crr: 0.000000000 0.000000108 0.999999892
JK:/crc/r: 0.016423129 0.000000149 0.983576721
JK:/crrc/c: 0.354158641 0.645841359 0.000000000
JK:/crrc/crr: 0.000000000 0.000000358 0.999999642
JK:/crrc/r: 0.241755853 0.000000090 0.758244057
JK:/rc/c: 0.351431306 0.648568694 0.000000000
JK:/rc/crr: 0.000000000 0.000000026 0.999999974
JK:/rc/r: 0.408359414 0.000000013 0.591640573
JK:/rrc/c: 0.999998816 0.000001184 0.000000000
JK:/rrc/crr: 0.000000000 0.000000147 0.999999853
JK:/rrc/r: 0.339206092 0.000000186 0.660793722
JQ:/cc/c: 0.061800077 0.938199923 0.000000000
JQ:/cc/crr: 0.000000000 0.000000000 1.000000000
JQ:/cc/r: 0.041970495 0.000000000 0.958029505
JQ:/crc/c: 0.356166325 0.643833675 0.000000000
JQ:/crc/crr: 0.000000000 0.000004430 0.999995570
JQ:/crc/r: 0.149746076 0.000000038 0.850253886
JQ:/crrc/c: 0.031063019 0.968936981 0.000000000
JQ:/crrc/crr: 0.000000000 0.000000960 0.999999040
JQ:/crrc/r: 0.175919136 0.000000017 0.824080847
JQ:/rc/c: 0.999974704 0.000025296 0.000000000
JQ:/rc/crr: 0.000000000 0.000000000 1.000000000
JQ:/rc/r: 0.000000038 0.000000044 0.999999918
JQ:/rrc/c: 0.000008792 0.999991208 0.000000000
JQ:/rrc/crr: 0.000000000 0.023573956 0.976426044
JQ:/rrc/r: 0.472342355 0.000000175 0.527657470
K:/c: 0.999997644 0.000002356 0.000000000
K:/crr: 0.000000000 0.999999999 0.000000001
K:/r: 0.544730098 0.455269901 0.000000001
KJ:/cc/c: 0.010872380 0.989127620 0.000000000
KJ:/cc/crr: 0.000000000 0.973989004 0.026010996
KJ:/cc/r: 0.011536919 0.008052848 0.980410233
KJ:/crc/c: 0.119918858 0.880081142 0.000000000
KJ:/crc/crr: 0.000000000 0.999999991 0.000000009
KJ:/crc/r: 0.000000144 0.792677867 0.207321989
KJ:/crrc/c: 0.288779522 0.711220478 0.000000000
KJ:/crrc/crr: 0.000000000 0.713512552 0.286487448
KJ:/crrc/r: 0.045540471 0.816780107 0.137679423
KJ:/rc/c: 0.367528202 0.632471798 0.000000000
KJ:/rc/crr: 0.000000000 0.777426936 0.222573064
KJ:/rc/r: 0.023321652 0.782743798 0.193934550
KJ:/rrc/c: 0.442037588 0.557962412 0.000000000
KJ:/rrc/crr: 0.000000000 0.999977236 0.000022764
KJ:/rrc/r: 0.037133787 0.906791016 0.056075197
KK:/cc/c: 0.993514508 0.006485492 0.000000000
KK:/cc/crr: 0.000000000 0.997957341 0.002042659
KK:/cc/r: 0.997684042 0.001942784 0.000373174
KK:/crc/c: 0.999999810 0.000000190 0.000000000
KK:/crc/crr: 0.000000000 0.999999963 0.000000037
KK:/crc/r: 0.720364716 0.279635266 0.000000019
KK:/crrc/c: 0.999999993 0.000000007 0.000000000
KK:/crrc/crr: 0.000000000 0.999999998 0.000000002
KK:/crrc/r: 0.999993422 0.000006575 0.000000003
KK:/rc/c: 0.999999972 0.000000028 0.000000000
KK:/rc/crr: 0.000000000 0.999999991 0.000000009
KK:/rc/r: 0.999999968 0.000000019 0.000000014
KK:/rrc/c: 0.999999913 0.000000087 0.000000000
KK:/rrc/crr: 0.000000000 0.999999983 0.000000017
KK:/rrc/r: 0.956321917 0.043678064 0.000000019
KQ:/cc/c: 0.004045534 0.995954466 0.000000000
KQ:/cc/crr: 0.000000000 0.808571405 0.191428595
KQ:/cc/r: 0.020835984 0.975488913 0.003675103
KQ:/crc/c: 0.314367655 0.685632345 0.000000000
KQ:/crc/crr: 0.000000000 0.070365534 0.929634466
KQ:/crc/r: 0.000000020 0.501172283 0.498827697
KQ:/crrc/c: 0.583627186 0.416372814 0.000000000
KQ:/crrc/crr: 0.000000000 0.470452155 0.529547845
KQ:/crrc/r: 0.000005701 0.812272497 0.187721802
KQ:/rc/c: 0.000024931 0.999975069 0.000000000
KQ:/rc/crr: 0.000000000 0.011625650 0.988374350
KQ:/rc/r: 0.000000199 0.371193288 0.628806513
KQ:/rrc/c: 0.477188397 0.522811603 0.000000000
KQ:/rrc/crr: 0.000000000 0.533995313 0.466004687
KQ:/rrc/r: 0.082342638 0.604379841 0.313277521
Q:/c: 0.829495508 0.170504492 0.000000000
Q:/crr: 0.000000000 0.999999977 0.000000023
Q:/r: 0.336790483 0.663209377 0.000000141
QJ:/cc/c: 0.000000432 0.999999568 0.000000000
QJ:/cc/crr: 0.000000000 0.123771995 0.876228005
QJ:/cc/r: 0.000000163 0.000000189 0.999999648
QJ:/crc/c: 0.494012461 0.505987539 0.000000000
QJ:/crc/crr: 0.000000000 0.002063844 0.997936156
QJ:/crc/r: 0.000000080 0.000000012 0.999999907
QJ:/crrc/c: 0.000000084 0.999999916 0.000000000
QJ:/crrc/crr: 0.000000000 0.263318582 0.736681418
QJ:/crrc/r: 0.021878119 0.000000000 0.978121881
QJ:/rc/c: 0.000000485 0.999999515 0.000000000
QJ:/rc/crr: 0.000000000 0.003486110 0.996513890
QJ:/rc/r: 0.022143500 0.000000015 0.977856485
QJ:/rrc/c: 0.000000296 0.999999704 0.000000000
QJ:/rrc/crr: 0.000000000 0.120717513 0.879282487
QJ:/rrc/r: 0.000000074 0.000000023 0.999999902
QK:/cc/c: 0.135562443 0.864437557 0.000000000
QK:/cc/crr: 0.000000000 0.999999971 0.000000029
QK:/cc/r: 0.000000165 0.784956324 0.215043511
QK:/crc/c: 0.233965677 0.766034323 0.000000000
QK:/crc/crr: 0.000000000 0.000021145 0.999978855
QK:/crc/r: 0.000000267 0.525860898 0.474138835
QK:/crrc/c: 0.148266100 0.851733900 0.000000000
QK:/crrc/crr: 0.000000000 0.000006207 0.999993793
QK:/crrc/r: 0.000000450 0.348325084 0.651674465
QK:/rc/c: 0.336327282 0.663672718 0.000000000
QK:/rc/crr: 0.000000000 0.000012623 0.999987377
QK:/rc/r: 0.000000023 0.371905232 0.628094745
QK:/rrc/c: 0.389274798 0.610725202 0.000000000
QK:/rrc/crr: 0.000000000 0.088391613 0.911608387
QK:/rrc/r: 0.000000056 0.590963769 0.409036175
QQ:/cc/c: 0.999999984 0.000000016 0.000000000
QQ:/cc/crr: 0.000000000 0.999999995 0.000000005
QQ:/cc/r: 0.999999741 0.000000151 0.000000108
QQ:/crc/c: 0.999999966 0.000000034 0.000000000
QQ:/crc/crr: 0.000000000 0.999999993 0.000000007
QQ:/crc/r: 0.999999963 0.000000026 0.000000011
QQ:/crrc/c: 0.999999993 0.000000007 0.000000000
QQ:/crrc/crr: 0.000000000 0.999999998 0.000000002
QQ:/crrc/r: 0.999999958 0.000000038 0.000000003
QQ:/rc/c: 0.999999987 0.000000013 0.000000000
QQ:/rc/crr: 0.000000000 0.999999998 0.000000002
QQ:/rc/r: 0.999999980 0.000000012 0.000000008
QQ:/rrc/c: 0.999999930 0.000000070 0.000000000
QQ:/rrc/crr: 0.000000000 0.999999978 0.000000022
QQ:/rrc/r: 0.999999785 0.000000183 0.000000032
