J:/c: 0.326798105 0.673201895 0.000000000
J:/crr: 0.000000000 0.999999996 0.000000004
J:/r: 0.052214660 0.104640124 0.843145216
JJ:/cc/c: 0.999999996 0.000000004 0.000000000
JJ:/cc/crr: 0.000000000 0.999999996 0.000000004
JJ:/cc/r: 0.999999987 0.000000009 0.000000004
JJ:/crc/c: 0.999999989 0.000000011 0.000000000
JJ:/crc/crr: 0.000000000 0.999999993 0.000000007
JJ:/crc/r: 0.666666658 0.333333332 0.000000009
JJ:/crrc/c: 0.999999995 0.000000005 0.000000000
JJ:/crrc/crr: 0.000000000 0.999999996 0.000000004
JJ:/crrc/r: 0.999999940 0.000000056 0.000000004
JJ:/rc/c: 0.999999982 0.000000018 0.000000000
JJ:/rc/crr: 0.000000000 0.999999988 0.000000012
JJ:/rc/r: 0.999999975 0.000000011 0.000000014
JJ:/rrc/c: 0.999999960 0.000000040 0.000000000
JJ:/rrc/crr: 0.000000000 0.999999972 0.000000028
JJ:/rrc/r: 0.999999654 0.000000313 0.000000032
JK:/cc/c: 0.008594162 0.991405838 0.000000000
JK:/cc/crr: 0.000000000 0.000000287 0.999999713
JK:/cc/r: 0.000000606 0.000000003 0.999999391
JK:/crc/c: 0.591039278 0.408960722 0.000000000
JK:/crc/crr: 0.000000000 0.000000064 0.999999936
JK:/crc/r: 0.012927610 0.000000088 0.987072302
JK:/crrc/c: 0.421910174 0.578089826 0.000000000
JK:/crrc/crr: 0.000000000 0.000000211 0.999999789
JK:/crrc/r: 0.200055096 0.000000056 0.799944848
JK:/rc/c: 0.418999584 0.581000416 0.000000000
JK:/rc/crr: 0.000000000 0.000000015 0.999999985
JK:/rc/r: 0.351232815 0.000000008 0.648767177
JK:/rrc/c: 0.999999110 0.000000890 0.000000000
JK:/rrc/crr: 0.000000000 0.000000087 0.999999913
JK:/rrc/r: 0.287059791 0.000000118 0.712940091
JQ:/cc/c: 0.080602690 0.919397310 0.000000000
JQ:/cc/crr: 0.000000000 0.000000000 1.000000000
JQ:/cc/r: 0.033221097 0.000000000 0.966778903
JQ:/crc/c: 0.424049755 0.575950245 0.000000000
JQ:/crc/crr: 0.000000000 0.000002611 0.999997389
JQ:/crc/r: 0.121375668 0.000000023 0.878624309
JQ:/crrc/c: 0.040921810 0.959078190 0.000000000
JQ:/crrc/crr: 0.000000000 0.000000566 0.999999434
JQ:/crrc/r: 0.143426523 0.000000011 0.856573466
JQ:/rc/c: 0.999980993 0.000019007 0.000000000
JQ:/rc/crr: 0.000000000 0.000000000 1.000000000
JQ:/rc/r: 0.000000030 0.000000026 0.999999945
JQ:/rrc/c: 0.000011702 0.999988298 0.000000000
JQ:/rrc/crr: 0.000000000 0.014028982 0.985971018
JQ:/rrc/r: 0.412505705 0.000000115 0.587494180
K:/c: 0.999998230 0.000001770 0.000000000
K:/crr: 0.000000000 0.999999999 0.000000001
K:/r: 0.614264123 0.385735876 0.000000001
KJ:/cc/c: 0.014418416 0.985581584 0.000000000
KJ:/cc/crr: 0.000000000 0.956650191 0.043349809
KJ:/cc/r: 0.009101969 0.004773559 0.986124472
KJ:/crc/c: 0.153510781 0.846489219 0.000000000
KJ:/crc/crr: 0.000000000 0.999999985 0.000000015
KJ:/crc/r: 0.000000168 0.692620301 0.307379531
KJ:/crrc/c: 0.350817699 0.649182301 0.000000000
KJ:/crrc/crr: 0.000000000 0.594779690 0.405220310
KJ:/crrc/r: 0.054554923 0.735171901 0.210273177
KJ:/rc/c: 0.436110303 0.563889697 0.000000000
KJ:/rc/crr: 0.000000000 0.673044882 0.326955118
KJ:/rc/r: 0.027159525 0.684904158 0.287936317
KJ:/rrc/c: 0.513240763 0.486759237 0.000000000
KJ:/rrc/crr: 0.000000000 0.999961374 0.000038626
KJ:/rrc/r: 0.047007784 0.862491972 0.090500244
KK:/cc/c: 0.995119199 0.004880801 0.000000000
KK:/cc/crr: 0.000000000 0.996538939 0.003461061
KK:/cc/r: 0.998063774 0.001460283 0.000475943
KK:/crc/c: 0.999999857 0.000000143 0.000000000
KK:/crc/crr: 0.000000000 0.999999937 0.000000063
KK:/crc/r: 0.774193518 0.225806457 0.000000026
KK:/crrc/c: 0.999999995 0.000000005 0.000000000
KK:/crrc/crr: 0.000000000 0.999999996 0.000000004
KK:/crrc/r: 0.999995055 0.000004940 0.000000004
KK:/rc/c: 0.999999979 0.000000021 0.000000000
KK:/rc/crr: 0.000000000 0.999999985 0.000000015
KK:/rc/r: 0.999999969 0.000000014 0.000000017
KK:/rrc/c: 0.999999934 0.000000066 0.000000000
KK:/rrc/crr: 0.000000000 0.999999970 0.000000030
KK:/rrc/r: 0.966821761 0.033178214 0.000000025
KQ:/cc/c: 0.005377092 0.994622908 0.000000000
KQ:/cc/crr: 0.000000000 0.713411089 0.286588911
KQ:/cc/r: 0.027471309 0.966351184 0.006177507
KQ:/crc/c: 0.378973787 0.621026213 0.000000000
KQ:/crc/crr: 0.000000000 0.042703470 0.957296530
KQ:/crc/r: 0.000000020 0.371904300 0.628095680
KQ:/crrc/c: 0.651026298 0.348973702 0.000000000
KQ:/crrc/crr: 0.000000000 0.343649121 0.656350879
KQ:/crrc/r: 0.000006710 0.718312382 0.281680907
KQ:/rc/c: 0.000033180 0.999966820 0.000000000
KQ:/rc/crr: 0.000000000 0.006884375 0.993115625
KQ:/rc/r: 0.000000184 0.258104078 0.741895737
KQ:/rrc/c: 0.548487719 0.451512281 0.000000000
KQ:/rrc/crr: 0.000000000 0.403102687 0.596897313
KQ:/rrc/r: 0.087987164 0.485234677 0.426778159
Q:/c: 0.866218368 0.133781632 0.000000000
Q:/crr: 0.000000000 0.999999960 0.000000040
Q:/r: 0.403294179 0.596705606 0.000000215
QJ:/cc/c: 0.000000575 0.999999425 0.000000000
QJ:/cc/crr: 0.000000000 0.076850420 0.923149580
QJ:/cc/r: 0.000000128 0.000000112 0.999999761
QJ:/crc/c: 0.565108412 0.434891588 0.000000000
QJ:/crc/crr: 0.000000000 0.001217346 0.998782654
QJ:/crc/r: 0.000000063 0.000000007 0.999999930
QJ:/crrc/c: 0.000000112 0.999999888 0.000000000
QJ:/crrc/crr: 0.000000000 0.174000496 0.825999504
QJ:/crrc/r: 0.017241905 0.000000000 0.982758095
QJ:/rc/c: 0.000000646 0.999999354 0.000000000
QJ:/rc/crr: 0.000000000 0.002057464 0.997942536
QJ:/rc/r: 0.017452051 0.000000009 0.982547940
QJ:/rrc/c: 0.000000394 0.999999606 0.000000000
QJ:/rrc/crr: 0.000000000 0.074854961 0.925145039
QJ:/rrc/r: 0.000000058 0.000000014 0.999999928
QK:/cc/c: 0.172676687 0.827323313 0.000000000
QK:/cc/crr: 0.000000000 0.999999951 0.000000049
QK:/cc/r: 0.000000191 0.682664069 0.317335739
QK:/crc/c: 0.289013419 0.710986581 0.000000000
QK:/crc/crr: 0.000000000 0.000012462 0.999987538
QK:/crc/r: 0.000000267 0.395270950 0.604728783
QK:/crrc/c: 0.188101534 0.811898466 0.000000000
QK:/crrc/crr: 0.000000000 0.000003658 0.999996342
QK:/crrc/r: 0.000000412 0.239548829 0.760450759
QK:/rc/c: 0.402795100 0.597204900 0.000000000
QK:/rc/crr: 0.000000000 0.000007439 0.999992561
QK:/rc/r: 0.000000022 0.258688340 0.741311638
QK:/rrc/c: 0.458970101 0.541029899 0.000000000
QK:/rrc/crr: 0.000000000 0.054055197 0.945944803
QK:/rrc/r: 0.000000058 0.459887855 0.540112086
QQ:/cc/c: 0.999999988 0.000000012 0.000000000
QQ:/cc/crr: 0.000000000 0.999999991 0.000000009
QQ:/cc/r: 0.999999749 0.000000114 0.000000137
QQ:/crc/c: 0.999999975 0.000000025 0.000000000
QQ:/crc/crr: 0.000000000 0.999999988 0.000000012
QQ:/crc/r: 0.999999967 0.000000019 0.000000014
QQ:/crrc/c: 0.999999995 0.000000005 0.000000000
QQ:/crrc/crr: 0.000000000 0.999999996 0.000000004
QQ:/crrc/r: 0.999999967 0.000000029 0.000000004
QQ:/rc/c: 0.999999990 0.000000010 0.000000000
QQ:/rc/crr: 0.000000000 0.999999996 0.000000004
QQ:/rc/r: 0.999999980 0.000000009 0.000000011
QQ:/rrc/c: 0.999999947 0.000000053 0.000000000
QQ:/rrc/crr: 0.000000000 0.999999963 0.000000037
QQ:/rrc/r: 0.999999822 0.000000137 0.000000041
