J:/c: 0.376785319 0.623214681 0.000000000
J:/crr: 0.000000000 0.999999998 0.000000002
J:/r: 0.088783796 0.142862223 0.768353981
JJ:/cc/c: 0.999999996 0.000000004 0.000000000
JJ:/cc/crr: 0.000000000 0.999999998 0.000000002
JJ:/cc/r: 0.999999991 0.000000007 0.000000002
JJ:/crc/c: 0.999999991 0.000000009 0.000000000
JJ:/crc/crr: 0.000000000 0.999999995 0.000000005
JJ:/crc/r: 0.713538938 0.286461056 0.000000005
JJ:/crrc/c: 0.999999996 0.000000004 0.000000000
JJ:/crrc/crr: 0.000000000 0.999999998 0.000000002
JJ:/crrc/r: 0.999999953 0.000000045 0.000000002
JJ:/rc/c: 0.999999986 0.000000014 0.000000000
JJ:/rc/crr: 0.000000000 0.999999992 0.000000008
JJ:/rc/r: 0.999999983 0.000000009 0.000000008
JJ:/rrc/c: 0.999999968 0.000000032 0.000000000
JJ:/rrc/crr: 0.000000000 0.999999981 0.000000019
JJ:/rrc/r: 0.999999731 0.000000252 0.000000017
JK:/cc/c: 0.010680966 0.989319034 0.000000000
JK:/cc/crr: 0.000000000 0.000000430 0.999999570
JK:/cc/r: 0.000001130 0.000000005 0.999998865
JK:/crc/c: 0.642848863 0.357151137 0.000000000
JK:/crc/crr: 0.000000000 0.000000096 0.999999904
JK:/crc/r: 0.023854271 0.000000131 0.976145598
JK:/crrc/c: 0.476155702 0.523844298 0.000000000
JK:/crrc/crr: 0.000000000 0.000000316 0.999999684
JK:/crrc/r: 0.318164353 0.000000071 0.681835576
JK:/rc/c: 0.473177199 0.526822801 0.000000000
JK:/rc/crr: 0.000000000 0.000000023 0.999999977
JK:/rc/r: 0.502526199 0.000000010 0.497473792
JK:/rrc/c: 0.999999285 0.000000715 0.000000000
JK:/rrc/crr: 0.000000000 0.000000130 0.999999870
JK:/rrc/r: 0.428988901 0.000000142 0.571010956
JQ:/cc/c: 0.098438250 0.901561750 0.000000000
JQ:/cc/crr: 0.000000000 0.000000000 1.000000000
JQ:/cc/r: 0.060253177 0.000000000 0.939746823
JQ:/crc/c: 0.478342749 0.521657251 0.000000000
JQ:/crc/crr: 0.000000000 0.000003911 0.999996089
JQ:/crc/r: 0.204933945 0.000000031 0.795066024
JQ:/crrc/c: 0.050458779 0.949541221 0.000000000
JQ:/crrc/crr: 0.000000000 0.000000847 0.999999153
JQ:/crrc/r: 0.238052264 0.000000014 0.761947722
JQ:/rc/c: 0.999984739 0.000015261 0.000000000
JQ:/rc/crr: 0.000000000 0.000000000 1.000000000
JQ:/rc/r: 0.000000055 0.000000039 0.999999906
JQ:/rrc/c: 0.000014574 0.999985426 0.000000000
JQ:/rrc/crr: 0.000000000 0.020871887 0.979128113
JQ:/rrc/r: 0.567120627 0.000000126 0.432879246
K:/c: 0.999998579 0.000001421 0.000000000
K:/crr: 0.000000000 0.999999999 0.000000001
K:/r: 0.664800109 0.335199890 0.000000001
KJ:/cc/c: 0.017893919 0.982106081 0.000000000
KJ:/cc/crr: 0.000000000 0.970641577 0.029358423
KJ:/cc/r: 0.016810662 0.007078964 0.976110374
KJ:/crc/c: 0.184246239 0.815753761 0.000000000
KJ:/crc/crr: 0.000000000 0.999999990 0.000000010
KJ:/crc/r: 0.000000233 0.771471705 0.228528063
KJ:/crrc/c: 0.402283470 0.597716530 0.000000000
KJ:/crrc/crr: 0.000000000 0.687402258 0.312597742
KJ:/crrc/r: 0.072015802 0.779221021 0.148763177
KJ:/rc/c: 0.490632042 0.509367958 0.000000000
KJ:/rc/crr: 0.000000000 0.755142745 0.244857255
KJ:/rc/r: 0.037133256 0.751880070 0.210986674
KJ:/rrc/c: 0.567697389 0.432302611 0.000000000
KJ:/rrc/crr: 0.000000000 0.999974218 0.000025782
KJ:/rrc/r: 0.059652149 0.878798456 0.061549394
KK:/cc/c: 0.996077283 0.003922717 0.000000000
KK:/cc/crr: 0.000000000 0.997687141 0.002312859
KK:/cc/r: 0.998571690 0.001173103 0.000255207
KK:/crc/c: 0.999999885 0.000000115 0.000000000
KK:/crc/crr: 0.000000000 0.999999958 0.000000042
KK:/crc/r: 0.810249286 0.189750699 0.000000014
KK:/crrc/c: 0.999999996 0.000000004 0.000000000
KK:/crrc/crr: 0.000000000 0.999999998 0.000000002
KK:/crrc/r: 0.999996031 0.000003967 0.000000002
KK:/rc/c: 0.999999983 0.000000017 0.000000000
KK:/rc/crr: 0.000000000 0.999999990 0.000000010
KK:/rc/r: 0.999999979 0.000000011 0.000000009
KK:/rrc/c: 0.999999947 0.000000053 0.000000000
KK:/rrc/crr: 0.000000000 0.999999980 0.000000020
KK:/rrc/r: 0.973184861 0.026815125 0.000000013
KQ:/cc/c: 0.006688008 0.993311992 0.000000000
KQ:/cc/crr: 0.000000000 0.788557340 0.211442660
KQ:/cc/r: 0.034054152 0.961841713 0.004104135
KQ:/crc/c: 0.431822557 0.568177443 0.000000000
KQ:/crc/crr: 0.000000000 0.062644264 0.937355736
KQ:/crc/r: 0.000000032 0.470082349 0.529917619
KQ:/crrc/c: 0.699105238 0.300894762 0.000000000
KQ:/crrc/crr: 0.000000000 0.439588542 0.560411458
KQ:/crrc/r: 0.000009221 0.792543791 0.207446988
KQ:/rc/c: 0.000041324 0.999958676 0.000000000
KQ:/rc/crr: 0.000000000 0.010278691 0.989721309
KQ:/rc/r: 0.000000305 0.342628172 0.657371523
KQ:/rrc/c: 0.602058488 0.397941512 0.000000000
KQ:/rrc/crr: 0.000000000 0.502922097 0.497077903
KQ:/rrc/r: 0.124570342 0.551601033 0.323828625
Q:/c: 0.889673993 0.110326007 0.000000000
Q:/crr: 0.000000000 0.999999974 0.000000026
Q:/r: 0.457038545 0.542961325 0.000000130
QJ:/cc/c: 0.000000716 0.999999284 0.000000000
QJ:/cc/crr: 0.000000000 0.110889426 0.889110574
QJ:/cc/r: 0.000000238 0.000000167 0.999999595
QJ:/crc/c: 0.618080312 0.381919688 0.000000000
QJ:/crc/crr: 0.000000000 0.001822682 0.998177318
QJ:/crc/r: 0.000000117 0.000000011 0.999999872
QJ:/crrc/c: 0.000000139 0.999999861 0.000000000
QJ:/crrc/crr: 0.000000000 0.239887982 0.760112018
QJ:/crrc/r: 0.031697990 0.000000000 0.968302010
QJ:/rc/c: 0.000000804 0.999999196 0.000000000
QJ:/rc/crr: 0.000000000 0.003079268 0.996920732
QJ:/rc/r: 0.032078579 0.000000013 0.967921408
QJ:/rrc/c: 0.000000491 0.999999509 0.000000000
QJ:/rrc/crr: 0.000000000 0.108113638 0.891886362
QJ:/rrc/r: 0.000000109 0.000000021 0.999999871
QK:/cc/c: 0.206314212 0.793685788 0.000000000
QK:/cc/crr: 0.000000000 0.999999967 0.000000033
QK:/cc/r: 0.000000266 0.763196296 0.236803438
QK:/crc/c: 0.336106606 0.663893394 0.000000000
QK:/crc/crr: 0.000000000 0.000018670 0.999981330
QK:/crc/r: 0.000000416 0.494758410 0.505241174
QK:/crrc/c: 0.223930531 0.776069469 0.000000000
QK:/crrc/crr: 0.000000000 0.000005480 0.999994520
QK:/crrc/r: 0.000000687 0.320622435 0.679376878
QK:/rc/c: 0.456523811 0.543476189 0.000000000
QK:/rc/crr: 0.000000000 0.000011145 0.999988855
QK:/rc/r: 0.000000036 0.343315270 0.656684694
QK:/rrc/c: 0.513745977 0.486254023 0.000000000
QK:/rrc/crr: 0.000000000 0.078860120 0.921139880
QK:/rrc/r: 0.000000089 0.560563194 0.439436718
QQ:/cc/c: 0.999999990 0.000000010 0.000000000
QQ:/cc/crr: 0.000000000 0.999999994 0.000000006
QQ:/cc/r: 0.999999835 0.000000091 0.000000074
QQ:/crc/c: 0.999999980 0.000000020 0.000000000
QQ:/crc/crr: 0.000000000 0.999999992 0.000000008
QQ:/crc/r: 0.999999977 0.000000015 0.000000008
QQ:/crrc/c: 0.999999996 0.000000004 0.000000000
QQ:/crrc/crr: 0.000000000 0.999999998 0.000000002
QQ:/crrc/r: 0.999999974 0.000000023 0.000000002
QQ:/rc/c: 0.999999992 0.000000008 0.000000000
QQ:/rc/crr: 0.000000000 0.999999998 0.000000002
QQ:/rc/r: 0.999999987 0.000000007 0.000000006
QQ:/rrc/c: 0.999999958 0.000000042 0.000000000
QQ:/rrc/crr: 0.000000000 0.999999975 0.000000025
QQ:/rrc/r: 0.999999868 0.000000110 0.000000022
