J:/c: 0.313705635 0.686294365 0.000000000
J:/crr: 0.000000000 0.999999997 0.000000003
J:/r: 0.058320056 0.124121221 0.817558722
JJ:/cc/c: 0.999999995 0.000000005 0.000000000
JJ:/cc/crr: 0.000000000 0.999999997 0.000000003
JJ:/cc/r: 0.999999987 0.000000009 0.000000004
JJ:/crc/c: 0.999999988 0.000000012 0.000000000
JJ:/crc/crr: 0.000000000 0.999999994 0.000000006
JJ:/crc/r: 0.653169007 0.346830985 0.000000008
JJ:/crrc/c: 0.999999994 0.000000006 0.000000000
JJ:/crrc/crr: 0.000000000 0.999999997 0.000000003
JJ:/crrc/r: 0.999999937 0.000000059 0.000000004
JJ:/rc/c: 0.999999981 0.000000019 0.000000000
JJ:/rc/crr: 0.000000000 0.999999990 0.000000010
JJ:/rc/r: 0.999999976 0.000000012 0.000000012
JJ:/rrc/c: 0.999999957 0.000000043 0.000000000
JJ:/rrc/crr: 0.000000000 0.999999977 0.000000023
JJ:/rrc/r: 0.999999639 0.000000333 0.000000028
JK:/cc/c: 0.008096534 0.991903466 0.000000000
JK:/cc/crr: 0.000000000 0.000000351 0.999999649
JK:/cc/r: 0.000000698 0.000000004 0.999999298
JK:/crc/c: 0.576424969 0.423575031 0.000000000
JK:/crc/crr: 0.000000000 0.000000078 0.999999922
JK:/crc/r: 0.014861930 0.000000108 0.985137962
JK:/crrc/c: 0.407312716 0.592687284 0.000000000
JK:/crrc/crr: 0.000000000 0.000000258 0.999999742
JK:/crrc/r: 0.223644841 0.000000066 0.776355092
JK:/rc/c: 0.404432377 0.595567623 0.000000000
JK:/rc/crr: 0.000000000 0.000000019 0.999999981
JK:/rc/r: 0.384089656 0.000000010 0.615910335
JK:/rrc/c: 0.999999055 0.000000945 0.000000000
JK:/rrc/crr: 0.000000000 0.000000106 0.999999894
JK:/rrc/r: 0.316845267 0.000000139 0.683154594
JQ:/cc/c: 0.076256261 0.923743739 0.000000000
JQ:/cc/crr: 0.000000000 0.000000000 1.000000000
JQ:/cc/r: 0.038074747 0.000000000 0.961925253
JQ:/crc/c: 0.409430700 0.590569300 0.000000000
JQ:/crc/crr: 0.000000000 0.000003194 0.999996806
JQ:/crc/r: 0.137279974 0.000000027 0.862719999
JQ:/crrc/c: 0.038625243 0.961374757 0.000000000
JQ:/crrc/crr: 0.000000000 0.000000692 0.999999308
JQ:/crrc/r: 0.161688514 0.000000013 0.838311474
JQ:/rc/c: 0.999979815 0.000020185 0.000000000
JQ:/rc/crr: 0.000000000 0.000000000 1.000000000
JQ:/rc/r: 0.000000034 0.000000032 0.999999934
JQ:/rrc/c: 0.000011019 0.999988981 0.000000000
JQ:/rrc/crr: 0.000000000 0.017107992 0.982892008
JQ:/rrc/r: 0.447143893 0.000000132 0.552855975
K:/c: 0.999998120 0.000001880 0.000000000
K:/crr: 0.000000000 0.999999999 0.000000001
K:/r: 0.599917958 0.400082041 0.000000001
KJ:/cc/c: 0.013588169 0.986411831 0.000000000
KJ:/cc/crr: 0.000000000 0.964280435 0.035719565
KJ:/cc/r: 0.010458809 0.005825209 0.983715982
KJ:/crc/c: 0.145856554 0.854143446 0.000000000
KJ:/crc/crr: 0.000000000 0.999999988 0.000000012
KJ:/crc/r: 0.000000167 0.733791706 0.266208126
KJ:/crrc/c: 0.337245003 0.662754997 0.000000000
KJ:/crrc/crr: 0.000000000 0.642287918 0.357712082
KJ:/crrc/r: 0.053598162 0.767056158 0.179345680
KJ:/rc/c: 0.421379662 0.578620338 0.000000000
KJ:/rc/crr: 0.000000000 0.715762283 0.284237717
KJ:/rc/r: 0.027038020 0.724110482 0.248851498
KJ:/rrc/c: 0.498206656 0.501793344 0.000000000
KJ:/rrc/crr: 0.000000000 0.999968425 0.000031575
KJ:/rrc/r: 0.045133102 0.879433051 0.075433847
KK:/cc/c: 0.994818183 0.005181817 0.000000000
KK:/cc/crr: 0.000000000 0.997168918 0.002831082
KK:/cc/r: 0.998036055 0.001550770 0.000413175
KK:/crc/c: 0.999999849 0.000000151 0.000000000
KK:/crc/crr: 0.000000000 0.999999948 0.000000052
KK:/crc/r: 0.763505374 0.236494604 0.000000022
KK:/crrc/c: 0.999999994 0.000000006 0.000000000
KK:/crrc/crr: 0.000000000 0.999999997 0.000000003
KK:/crrc/r: 0.999994750 0.000005247 0.000000004
KK:/rc/c: 0.999999978 0.000000022 0.000000000
KK:/rc/crr: 0.000000000 0.999999988 0.000000012
KK:/rc/r: 0.999999970 0.000000015 0.000000015
KK:/rrc/c: 0.999999930 0.000000070 0.000000000
KK:/rrc/crr: 0.000000000 0.999999976 0.000000024
KK:/rrc/r: 0.964837219 0.035162759 0.000000022
KQ:/cc/c: 0.005064791 0.994935209 0.000000000
KQ:/cc/crr: 0.000000000 0.752791664 0.247208336
KQ:/cc/r: 0.025938499 0.968997780 0.005063722
KQ:/crc/c: 0.364924108 0.635075892 0.000000000
KQ:/crc/crr: 0.000000000 0.051745525 0.948254475
KQ:/crc/r: 0.000000021 0.420064673 0.579935306
KQ:/crrc/c: 0.637239938 0.362760062 0.000000000
KQ:/crrc/crr: 0.000000000 0.390424951 0.609575049
KQ:/crrc/r: 0.000006661 0.757247968 0.242745371
KQ:/rc/c: 0.000031244 0.999968756 0.000000000
KQ:/rc/crr: 0.000000000 0.008408696 0.991591304
KQ:/rc/r: 0.000000201 0.298532028 0.701467771
KQ:/rrc/c: 0.533552866 0.466447134 0.000000000
KQ:/rrc/crr: 0.000000000 0.452393229 0.547606771
KQ:/rrc/r: 0.090353699 0.529176757 0.380469545
Q:/c: 0.859093271 0.140906729 0.000000000
Q:/crr: 0.000000000 0.999999968 0.000000032
Q:/r: 0.388907517 0.611092303 0.000000180
QJ:/cc/c: 0.000000541 0.999999459 0.000000000
QJ:/cc/crr: 0.000000000 0.092424701 0.907575299
QJ:/cc/r: 0.000000147 0.000000137 0.999999716
QJ:/crc/c: 0.550272550 0.449727450 0.000000000
QJ:/crc/crr: 0.000000000 0.001488768 0.998511232
QJ:/crc/r: 0.000000072 0.000000009 0.999999919
QJ:/crrc/c: 0.000000105 0.999999895 0.000000000
QJ:/crrc/crr: 0.000000000 0.204893140 0.795106860
QJ:/crrc/r: 0.019808806 0.000000000 0.980191194
QJ:/rc/c: 0.000000608 0.999999392 0.000000000
QJ:/rc/crr: 0.000000000 0.002515730 0.997484270
QJ:/rc/r: 0.020049601 0.000000011 0.979950389
QJ:/rrc/c: 0.000000371 0.999999629 0.000000000
QJ:/rrc/crr: 0.000000000 0.090064302 0.909935698
QJ:/rrc/r: 0.000000067 0.000000017 0.999999916
QK:/cc/c: 0.164252256 0.835747744 0.000000000
QK:/cc/crr: 0.000000000 0.999999960 0.000000040
QK:/cc/r: 0.000000191 0.724638862 0.275360946
QK:/crc/c: 0.276812272 0.723187728 0.000000000
QK:/crc/crr: 0.000000000 0.000015244 0.999984756
QK:/crc/r: 0.000000283 0.444316679 0.555683039
QK:/crrc/c: 0.179087465 0.820912535 0.000000000
QK:/crrc/crr: 0.000000000 0.000004475 0.999995525
QK:/crrc/r: 0.000000451 0.278160077 0.721839472
QK:/rc/c: 0.388414636 0.611585364 0.000000000
QK:/rc/crr: 0.000000000 0.000009101 0.999990899
QK:/rc/r: 0.000000024 0.299170908 0.700829069
QK:/rrc/c: 0.444075396 0.555924604 0.000000000
QK:/rrc/crr: 0.000000000 0.065336822 0.934663178
QK:/rrc/r: 0.000000061 0.510187074 0.489812865
QQ:/cc/c: 0.999999987 0.000000013 0.000000000
QQ:/cc/crr: 0.000000000 0.999999993 0.000000007
QQ:/cc/r: 0.999999760 0.000000121 0.000000119
QQ:/crc/c: 0.999999973 0.000000027 0.000000000
QQ:/crc/crr: 0.000000000 0.999999990 0.000000010
QQ:/crc/r: 0.999999967 0.000000020 0.000000012
QQ:/crrc/c: 0.999999994 0.000000006 0.000000000
QQ:/crrc/crr: 0.000000000 0.999999997 0.000000003
QQ:/crrc/r: 0.999999966 0.000000031 0.000000004
QQ:/rc/c: 0.999999990 0.000000010 0.000000000
QQ:/rc/crr: 0.000000000 0.999999997 0.000000003
QQ:/rc/r: 0.999999981 0.000000009 0.000000009
QQ:/rrc/c: 0.999999944 0.000000056 0.000000000
QQ:/rrc/crr: 0.000000000 0.999999970 0.000000030
QQ:/rrc/r: 0.999999818 0.000000146 0.000000036
