J:/c: 0.311804711 0.688195289 0.000000000
J:/crr: 0.000000000 0.999999996 0.000000004
J:/r: 0.044879864 0.096365270 0.858754866
JJ:/cc/c: 0.999999995 0.000000005 0.000000000
JJ:/cc/crr: 0.000000000 0.999999996 0.000000004
JJ:/cc/r: 0.999999986 0.000000009 0.000000005
JJ:/crc/c: 0.999999988 0.000000012 0.000000000
JJ:/crc/crr: 0.000000000 0.999999992 0.000000008
JJ:/crc/r: 0.651162782 0.348837208 0.000000010
JJ:/crrc/c: 0.999999994 0.000000006 0.000000000
JJ:/crrc/crr: 0.000000000 0.999999996 0.000000004
JJ:/crrc/r: 0.999999935 0.000000060 0.000000005
JJ:/rc/c: 0.999999981 0.000000019 0.000000000
JJ:/rc/crr: 0.000000000 0.999999986 0.000000014
JJ:/rc/r: 0.999999971 0.000000012 0.000000017
JJ:/rrc/c: 0.999999957 0.000000043 0.000000000
JJ:/rrc/crr: 0.000000000 0.999999969 0.000000031
JJ:/rrc/r: 0.999999626 0.000000336 0.000000038
JK:/cc/c: 0.008025816 0.991974184 0.000000000
JK:/cc/crr: 0.000000000 0.000000260 0.999999740
JK:/cc/r: 0.000000511 0.000000003 0.999999486
JK:/crc/c: 0.574264172 0.425735828 0.000000000
JK:/crc/crr: 0.000000000 0.000000058 0.999999942
JK:/crc/r: 0.010931701 0.000000080 0.989068219
JK:/crrc/c: 0.405179451 0.594820549 0.000000000
JK:/crrc/crr: 0.000000000 0.000000191 0.999999809
JK:/crrc/r: 0.174269079 0.000000052 0.825730869
JK:/rc/c: 0.402303958 0.597696042 0.000000000
JK:/rc/crr: 0.000000000 0.000000014 0.999999986
JK:/rc/r: 0.313599838 0.000000008 0.686400154
JK:/rrc/c: 0.999999047 0.000000953 0.000000000
JK:/rrc/crr: 0.000000000 0.000000078 0.999999922
JK:/rrc/r: 0.253614769 0.000000112 0.746385119
JQ:/cc/c: 0.075635606 0.924364394 0.000000000
JQ:/cc/crr: 0.000000000 0.000000000 1.000000000
JQ:/cc/r: 0.028181506 0.000000000 0.971818494
JQ:/crc/c: 0.407293965 0.592706035 0.000000000
JQ:/crc/crr: 0.000000000 0.000002360 0.999997640
JQ:/crc/r: 0.104407371 0.000000021 0.895592608
JQ:/crrc/c: 0.038298171 0.961701829 0.000000000
JQ:/crrc/crr: 0.000000000 0.000000511 0.999999489
JQ:/crrc/r: 0.123809915 0.000000010 0.876190075
JQ:/rc/c: 0.999979636 0.000020364 0.000000000
JQ:/rc/crr: 0.000000000 0.000000000 1.000000000
JQ:/rc/r: 0.000000025 0.000000023 0.999999952
JQ:/rrc/c: 0.000010922 0.999989078 0.000000000
JQ:/rrc/crr: 0.000000000 0.012701816 0.987298184
JQ:/rrc/r: 0.372072762 0.000000111 0.627927127
K:/c: 0.999998103 0.000001897 0.000000000
K:/crr: 0.000000000 0.999999999 0.000000001
K:/r: 0.597793383 0.402206616 0.000000001
KJ:/cc/c: 0.013470136 0.986529864 0.000000000
KJ:/cc/crr: 0.000000000 0.952275523 0.047724477
KJ:/cc/r: 0.007695627 0.004324284 0.987980088
KJ:/crc/c: 0.144758192 0.855241808 0.000000000
KJ:/crc/crr: 0.000000000 0.999999984 0.000000016
KJ:/crc/r: 0.000000152 0.670770666 0.329229182
KJ:/crrc/c: 0.335271122 0.664728878 0.000000000
KJ:/crrc/crr: 0.000000000 0.570290054 0.429709946
KJ:/crrc/r: 0.049985877 0.721714601 0.228299522
KJ:/rc/c: 0.419224834 0.580775166 0.000000000
KJ:/rc/crr: 0.000000000 0.650505880 0.349494120
KJ:/rc/r: 0.024641606 0.665793975 0.309564420
KJ:/rrc/c: 0.495995727 0.504004273 0.000000000
KJ:/rrc/crr: 0.000000000 0.999957281 0.000042719
KJ:/rrc/r: 0.043592467 0.856958818 0.099448715
KK:/cc/c: 0.994772393 0.005227607 0.000000000
KK:/cc/crr: 0.000000000 0.996173563 0.003826437
KK:/cc/r: 0.997871842 0.001564289 0.000563870
KK:/crc/c: 0.999999847 0.000000153 0.000000000
KK:/crc/crr: 0.000000000 0.999999930 0.000000070
KK:/crc/r: 0.761904728 0.238095242 0.000000030
KK:/crrc/c: 0.999999994 0.000000006 0.000000000
KK:/crrc/crr: 0.000000000 0.999999996 0.000000004
KK:/crrc/r: 0.999994702 0.000005293 0.000000005
KK:/rc/c: 0.999999978 0.000000023 0.000000000
KK:/rc/crr: 0.000000000 0.999999984 0.000000016
KK:/rc/r: 0.999999965 0.000000015 0.000000020
KK:/rrc/c: 0.999999930 0.000000070 0.000000000
KK:/rrc/crr: 0.000000000 0.999999967 0.000000033
KK:/rrc/r: 0.964535930 0.035464041 0.000000030
KQ:/cc/c: 0.005020419 0.994979581 0.000000000
KQ:/cc/crr: 0.000000000 0.692382939 0.307617061
KQ:/cc/r: 0.025670096 0.967489699 0.006840206
KQ:/crc/c: 0.362876924 0.637123076 0.000000000
KQ:/crc/crr: 0.000000000 0.038770314 0.961229686
KQ:/crc/r: 0.000000018 0.348694759 0.651305223
KQ:/crrc/c: 0.635193036 0.364806964 0.000000000
KQ:/crrc/crr: 0.000000000 0.321300881 0.678699119
KQ:/crrc/r: 0.000006081 0.697492151 0.302501768
KQ:/rc/c: 0.000030968 0.999969032 0.000000000
KQ:/rc/crr: 0.000000000 0.006228831 0.993771169
KQ:/rc/r: 0.000000160 0.239290814 0.760709027
KQ:/rrc/c: 0.531351178 0.468648822 0.000000000
KQ:/rrc/crr: 0.000000000 0.379121360 0.620878640
KQ:/rrc/r: 0.079011373 0.466858581 0.454130046
Q:/c: 0.858019281 0.141980719 0.000000000
Q:/crr: 0.000000000 0.999999956 0.000000044
Q:/r: 0.386807712 0.613192044 0.000000244
QJ:/cc/c: 0.000000537 0.999999463 0.000000000
QJ:/cc/crr: 0.000000000 0.070002180 0.929997820
QJ:/cc/r: 0.000000108 0.000000101 0.999999791
QJ:/crc/c: 0.548082937 0.451917063 0.000000000
QJ:/crc/crr: 0.000000000 0.001100830 0.998899170
QJ:/crc/r: 0.000000053 0.000000007 0.999999940
QJ:/crrc/c: 0.000000105 0.999999895 0.000000000
QJ:/crrc/crr: 0.000000000 0.159995503 0.840004497
QJ:/crrc/r: 0.014589752 0.000000000 0.985410248
QJ:/rc/c: 0.000000603 0.999999397 0.000000000
QJ:/rc/crr: 0.000000000 0.001860687 0.998139313
QJ:/rc/r: 0.014768060 0.000000008 0.985231932
QJ:/rrc/c: 0.000000368 0.999999632 0.000000000
QJ:/rrc/crr: 0.000000000 0.068171408 0.931828592
QJ:/rrc/r: 0.000000049 0.000000012 0.999999938
QK:/cc/c: 0.163041809 0.836958191 0.000000000
QK:/cc/crr: 0.000000000 0.999999945 0.000000055
QK:/cc/r: 0.000000173 0.660453663 0.339546165
QK:/crc/c: 0.275045310 0.724954690 0.000000000
QK:/crc/crr: 0.000000000 0.000011268 0.999988732
QK:/crc/r: 0.000000234 0.371465606 0.628534159
QK:/crrc/c: 0.177790948 0.822209052 0.000000000
QK:/crrc/crr: 0.000000000 0.000003307 0.999996693
QK:/crrc/r: 0.000000356 0.221683933 0.778315711
QK:/rc/c: 0.386315835 0.613684165 0.000000000
QK:/rc/crr: 0.000000000 0.000006727 0.999993273
QK:/rc/r: 0.000000019 0.239846250 0.760153731
QK:/rrc/c: 0.441893144 0.558106856 0.000000000
QK:/rrc/crr: 0.000000000 0.049130162 0.950869838
QK:/rrc/r: 0.000000052 0.434990188 0.565009760
QQ:/cc/c: 0.999999987 0.000000013 0.000000000
QQ:/cc/crr: 0.000000000 0.999999990 0.000000010
QQ:/cc/r: 0.999999715 0.000000122 0.000000163
QQ:/crc/c: 0.999999973 0.000000027 0.000000000
QQ:/crc/crr: 0.000000000 0.999999986 0.000000014
QQ:/crc/r: 0.999999963 0.000000021 0.000000017
QQ:/crrc/c: 0.999999994 0.000000006 0.000000000
QQ:/crrc/crr: 0.000000000 0.999999996 0.000000004
QQ:/crrc/r: 0.999999964 0.000000031 0.000000005
QQ:/rc/c: 0.999999990 0.000000010 0.000000000
QQ:/rc/crr: 0.000000000 0.999999996 0.000000004
QQ:/rc/r: 0.999999978 0.000000009 0.000000013
QQ:/rrc/c: 0.999999944 0.000000056 0.000000000
QQ:/rrc/crr: 0.000000000 0.999999959 0.000000041
QQ:/rrc/r: 0.999999804 0.000000147 0.000000049
