J:/c: 0.301391231 0.698608769 0.000000000
J:/crr: 0.000000000 0.999999997 0.000000003
J:/r: 0.057149892 0.128872075 0.813978033
JJ:/cc/c: 0.999999995 0.000000005 0.000000000
JJ:/cc/crr: 0.000000000 0.999999997 0.000000003
JJ:/cc/r: 0.999999986 0.000000010 0.000000004
JJ:/crc/c: 0.999999987 0.000000013 0.000000000
JJ:/crc/crr: 0.000000000 0.999999994 0.000000006
JJ:/crc/r: 0.639954846 0.360045146 0.000000008
JJ:/crrc/c: 0.999999994 0.000000006 0.000000000
JJ:/crrc/crr: 0.000000000 0.999999997 0.000000003
JJ:/crrc/r: 0.999999933 0.000000063 0.000000004
JJ:/rc/c: 0.999999980 0.000000020 0.000000000
JJ:/rc/crr: 0.000000000 0.999999990 0.000000010
JJ:/rc/r: 0.999999975 0.000000013 0.000000012
JJ:/rrc/c: 0.999999955 0.000000045 0.000000000
JJ:/rrc/crr: 0.000000000 0.999999978 0.000000022
JJ:/rrc/r: 0.999999619 0.000000352 0.000000029
JK:/cc/c: 0.007645070 0.992354930 0.000000000
JK:/cc/crr: 0.000000000 0.000000366 0.999999634
JK:/cc/r: 0.000000687 0.000000004 0.999999309
JK:/crc/c: 0.562246495 0.437753505 0.000000000
JK:/crc/crr: 0.000000000 0.000000082 0.999999918
JK:/crc/r: 0.014631224 0.000000112 0.985368663
JK:/crrc/c: 0.393430278 0.606569722 0.000000000
JK:/crrc/crr: 0.000000000 0.000000269 0.999999731
JK:/crrc/r: 0.220899871 0.000000069 0.779100059
JK:/rc/c: 0.390583415 0.609416585 0.000000000
JK:/rc/crr: 0.000000000 0.000000020 0.999999980
JK:/rc/r: 0.380340173 0.000000010 0.619659817
JK:/rrc/c: 0.999998999 0.000001001 0.000000000
JK:/rrc/crr: 0.000000000 0.000000110 0.999999890
JK:/rrc/r: 0.313418181 0.000000145 0.686581674
JQ:/cc/c: 0.072281152 0.927718848 0.000000000
JQ:/cc/crr: 0.000000000 0.000000000 1.000000000
JQ:/cc/r: 0.037497417 0.000000000 0.962502583
JQ:/crc/c: 0.395524248 0.604475752 0.000000000
JQ:/crc/crr: 0.000000000 0.000003330 0.999996670
JQ:/crc/r: 0.135410141 0.000000029 0.864589830
JQ:/crrc/c: 0.036534192 0.963465808 0.000000000
JQ:/crrc/crr: 0.000000000 0.000000722 0.999999278
JQ:/crrc/r: 0.159547706 0.000000013 0.840452280
JQ:/rc/c: 0.999978613 0.000021387 0.000000000
JQ:/rc/crr: 0.000000000 0.000000000 1.000000000
JQ:/rc/r: 0.000000034 0.000000033 0.999999933
JQ:/rrc/c: 0.000010399 0.999989601 0.000000000
JQ:/rrc/crr: 0.000000000 0.017827887 0.982172113
JQ:/rrc/r: 0.443221825 0.000000139 0.556778037
K:/c: 0.999998008 0.000001992 0.000000000
K:/crr: 0.000000000 0.999999999 0.000000001
K:/r: 0.585961020 0.414038979 0.000000001
KJ:/cc/c: 0.012834452 0.987165548 0.000000000
KJ:/cc/crr: 0.000000000 0.965697570 0.034302430
KJ:/cc/r: 0.010293170 0.006074265 0.983632565
KJ:/crc/c: 0.138798455 0.861201545 0.000000000
KJ:/crc/crr: 0.000000000 0.999999988 0.000000012
KJ:/crc/r: 0.000000160 0.741905692 0.258094149
KJ:/crrc/c: 0.324443401 0.675556599 0.000000000
KJ:/crrc/crr: 0.000000000 0.651867728 0.348132272
KJ:/crrc/r: 0.051117077 0.775101521 0.173781401
KJ:/rc/c: 0.407347296 0.592652704 0.000000000
KJ:/rc/crr: 0.000000000 0.724219269 0.275780731
KJ:/rc/r: 0.025821985 0.732714651 0.241463364
KJ:/rrc/c: 0.483754835 0.516245165 0.000000000
KJ:/rrc/crr: 0.000000000 0.999969722 0.000030278
KJ:/rrc/r: 0.042838483 0.884416809 0.072744708
KK:/cc/c: 0.994511377 0.005488623 0.000000000
KK:/cc/crr: 0.000000000 0.997284912 0.002715088
KK:/cc/r: 0.997937321 0.001642933 0.000419746
KK:/crc/c: 0.999999840 0.000000160 0.000000000
KK:/crc/crr: 0.000000000 0.999999951 0.000000049
KK:/crc/r: 0.752904697 0.247095281 0.000000022
KK:/crrc/c: 0.999999994 0.000000006 0.000000000
KK:/crrc/crr: 0.000000000 0.999999997 0.000000003
KK:/crrc/r: 0.999994437 0.000005559 0.000000004
KK:/rc/c: 0.999999976 0.000000024 0.000000000
KK:/rc/crr: 0.000000000 0.999999988 0.000000012
KK:/rc/r: 0.999999969 0.000000016 0.000000015
KK:/rrc/c: 0.999999926 0.000000074 0.000000000
KK:/rrc/crr: 0.000000000 0.999999977 0.000000023
KK:/rrc/r: 0.962821634 0.037178344 0.000000022
KQ:/cc/c: 0.004781562 0.995218438 0.000000000
KQ:/cc/crr: 0.000000000 0.760515536 0.239484464
KQ:/cc/r: 0.024521862 0.970614349 0.004863789
KQ:/crc/c: 0.351629271 0.648370729 0.000000000
KQ:/crc/crr: 0.000000000 0.053843106 0.946156894
KQ:/crc/r: 0.000000021 0.430317228 0.569682751
KQ:/crrc/c: 0.623768460 0.376231540 0.000000000
KQ:/crrc/crr: 0.000000000 0.400453619 0.599546381
KQ:/crrc/r: 0.000006350 0.764876170 0.235117479
KQ:/rc/c: 0.000029488 0.999970512 0.000000000
KQ:/rc/crr: 0.000000000 0.008765794 0.991234206
KQ:/rc/r: 0.000000195 0.307390570 0.692609235
KQ:/rrc/c: 0.519136482 0.480863518 0.000000000
KQ:/rrc/crr: 0.000000000 0.462805148 0.537194852
KQ:/rrc/r: 0.087079986 0.540366582 0.372553432
Q:/c: 0.851946394 0.148053606 0.000000000
Q:/crr: 0.000000000 0.999999969 0.000000031
Q:/r: 0.375255213 0.624744611 0.000000176
QJ:/cc/c: 0.000000511 0.999999489 0.000000000
QJ:/cc/crr: 0.000000000 0.096004324 0.903995676
QJ:/cc/r: 0.000000145 0.000000142 0.999999713
QJ:/crc/c: 0.535923455 0.464076545 0.000000000
QJ:/crc/crr: 0.000000000 0.001552453 0.998447547
QJ:/crc/r: 0.000000071 0.000000009 0.999999919
QJ:/crrc/c: 0.000000100 0.999999900 0.000000000
QJ:/crrc/crr: 0.000000000 0.211812088 0.788187912
QJ:/crrc/r: 0.019502829 0.000000000 0.980497171
QJ:/rc/c: 0.000000574 0.999999426 0.000000000
QJ:/rc/crr: 0.000000000 0.002623229 0.997376771
QJ:/rc/r: 0.019739978 0.000000011 0.980260010
QJ:/rrc/c: 0.000000350 0.999999650 0.000000000
QJ:/rrc/crr: 0.000000000 0.093561930 0.906438070
QJ:/rrc/r: 0.000000066 0.000000018 0.999999916
QK:/cc/c: 0.156467044 0.843532956 0.000000000
QK:/cc/crr: 0.000000000 0.999999961 0.000000039
QK:/cc/r: 0.000000182 0.732930289 0.267069529
QK:/crc/c: 0.265386079 0.734613921 0.000000000
QK:/crc/crr: 0.000000000 0.000015897 0.999984103
QK:/crc/r: 0.000000273 0.454697063 0.545302664
QK:/crrc/c: 0.170742750 0.829257250 0.000000000
QK:/crrc/crr: 0.000000000 0.000004666 0.999995334
QK:/crrc/r: 0.000000439 0.286661149 0.713338413
QK:/rc/c: 0.374769021 0.625230979 0.000000000
QK:/rc/crr: 0.000000000 0.000009491 0.999990509
QK:/rc/r: 0.000000023 0.308040082 0.691959895
QK:/rrc/c: 0.429848706 0.570151294 0.000000000
QK:/rrc/crr: 0.000000000 0.067945870 0.932054130
QK:/rrc/r: 0.000000059 0.520664437 0.479335504
QQ:/cc/c: 0.999999986 0.000000014 0.000000000
QQ:/cc/crr: 0.000000000 0.999999993 0.000000007
QQ:/cc/r: 0.999999751 0.000000128 0.000000121
QQ:/crc/c: 0.999999971 0.000000029 0.000000000
QQ:/crc/crr: 0.000000000 0.999999990 0.000000010
QQ:/crc/r: 0.999999966 0.000000022 0.000000012
QQ:/crrc/c: 0.999999994 0.000000006 0.000000000
QQ:/crrc/crr: 0.000000000 0.999999997 0.000000003
QQ:/crrc/r: 0.999999964 0.000000032 0.000000004
QQ:/rc/c: 0.999999989 0.000000011 0.000000000
QQ:/rc/crr: 0.000000000 0.999999997 0.000000003
QQ:/rc/r: 0.999999981 0.000000010 0.000000010
QQ:/rrc/c: 0.999999941 0.000000059 0.000000000
QQ:/rrc/crr: 0.000000000 0.999999971 0.000000029
QQ:/rrc/r: 0.999999809 0.000000155 0.000000036
