J:/c: 0.313021773 0.686978227 0.000000000
J:/crr: 0.000000000 0.999999995 0.000000005
J:/r: 0.038586006 0.082383121 0.879030873
JJ:/cc/c: 0.999999995 0.000000005 0.000000000
JJ:/cc/crr: 0.000000000 0.999999995 0.000000005
JJ:/cc/r: 0.999999985 0.000000009 0.000000006
JJ:/crc/c: 0.999999988 0.000000012 0.000000000
JJ:/crc/crr: 0.000000000 0.999999990 0.000000010
JJ:/crc/r: 0.652448647 0.347551341 0.000000013
JJ:/crrc/c: 0.999999994 0.000000006 0.000000000
JJ:/crrc/crr: 0.000000000 0.999999995 0.000000005
JJ:/crrc/r: 0.999999934 0.000000060 0.000000006
JJ:/rc/c: 0.999999981 0.000000019 0.000000000
JJ:/rc/crr: 0.000000000 0.999999984 0.000000016
JJ:/rc/r: 0.999999968 0.000000012 0.000000020
JJ:/rrc/c: 0.999999957 0.000000043 0.000000000
JJ:/rrc/crr: 0.000000000 0.999999962 0.000000038
JJ:/rrc/r: 0.999999621 0.000000334 0.000000046
JK:/cc/c: 0.008071050 0.991928950 0.000000000
JK:/cc/crr: 0.000000000 0.000000217 0.999999783
JK:/cc/r: 0.000000429 0.000000002 0.999999568
JK:/crc/c: 0.575648773 0.424351227 0.000000000
JK:/crc/crr: 0.000000000 0.000000048 0.999999952
JK:/crc/r: 0.009197965 0.000000067 0.990801968
JK:/crrc/c: 0.406545675 0.593454325 0.000000000
JK:/crrc/crr: 0.000000000 0.000000160 0.999999840
JK:/crrc/r: 0.150574217 0.000000045 0.849425738
JK:/rc/c: 0.403667066 0.596332934 0.000000000
JK:/rc/crr: 0.000000000 0.000000012 0.999999988
JK:/rc/r: 0.277323081 0.000000007 0.722676912
JK:/rrc/c: 0.999999052 0.000000948 0.000000000
JK:/rrc/crr: 0.000000000 0.000000065 0.999999935
JK:/rrc/r: 0.222032421 0.000000098 0.777967482
JQ:/cc/c: 0.076032679 0.923967321 0.000000000
JQ:/cc/crr: 0.000000000 0.000000000 1.000000000
JQ:/cc/r: 0.023777770 0.000000000 0.976222230
JQ:/crc/c: 0.408662421 0.591337579 0.000000000
JQ:/crc/crr: 0.000000000 0.000001971 0.999998029
JQ:/crc/r: 0.089185447 0.000000018 0.910814535
JQ:/crrc/c: 0.038507395 0.961492605 0.000000000
JQ:/crrc/crr: 0.000000000 0.000000427 0.999999573
JQ:/crrc/r: 0.106094328 0.000000008 0.893905664
JQ:/rc/c: 0.999979751 0.000020249 0.000000000
JQ:/rc/crr: 0.000000000 0.000000000 1.000000000
JQ:/rc/r: 0.000000021 0.000000020 0.999999959
JQ:/rrc/c: 0.000010984 0.999989016 0.000000000
JQ:/rrc/crr: 0.000000000 0.010630623 0.989369377
JQ:/rrc/r: 0.332306634 0.000000098 0.667693268
K:/c: 0.999998114 0.000001886 0.000000000
K:/crr: 0.000000000 0.999999998 0.000000002
K:/r: 0.599154874 0.400845124 0.000000002
KJ:/cc/c: 0.013545634 0.986454366 0.000000000
KJ:/cc/crr: 0.000000000 0.943390752 0.056609248
KJ:/cc/r: 0.006476386 0.003618615 0.989904999
KJ:/crc/c: 0.145461041 0.854538959 0.000000000
KJ:/crc/crr: 0.000000000 0.999999980 0.000000020
KJ:/crc/r: 0.000000143 0.629849448 0.370150408
KJ:/crrc/c: 0.336534989 0.663465011 0.000000000
KJ:/crrc/crr: 0.000000000 0.525710519 0.474289481
KJ:/crrc/r: 0.048089672 0.690413684 0.261496644
KJ:/rc/c: 0.420604930 0.579395070 0.000000000
KJ:/rc/crr: 0.000000000 0.608535829 0.391464171
KJ:/rc/r: 0.023351802 0.627379989 0.349268209
KJ:/rrc/c: 0.497412099 0.502587901 0.000000000
KJ:/rrc/crr: 0.000000000 0.999948852 0.000051148
KJ:/rrc/r: 0.042985900 0.840260474 0.116753626
KK:/cc/c: 0.994801774 0.005198226 0.000000000
KK:/cc/crr: 0.000000000 0.995421914 0.004578086
KK:/cc/r: 0.997773440 0.001555297 0.000671263
KK:/crc/c: 0.999999848 0.000000152 0.000000000
KK:/crc/crr: 0.000000000 0.999999917 0.000000083
KK:/crc/r: 0.762930996 0.237068968 0.000000036
KK:/crrc/c: 0.999999994 0.000000006 0.000000000
KK:/crrc/crr: 0.000000000 0.999999995 0.000000005
KK:/crrc/r: 0.999994731 0.000005263 0.000000006
KK:/rc/c: 0.999999978 0.000000022 0.000000000
KK:/rc/crr: 0.000000000 0.999999980 0.000000020
KK:/rc/r: 0.999999961 0.000000015 0.000000024
KK:/rrc/c: 0.999999930 0.000000070 0.000000000
KK:/rrc/crr: 0.000000000 0.999999961 0.000000039
KK:/rrc/r: 0.964729219 0.035270746 0.000000035
KQ:/cc/c: 0.005048800 0.994951200 0.000000000
KQ:/cc/crr: 0.000000000 0.652757356 0.347242644
KQ:/cc/r: 0.025777394 0.966044791 0.008177815
KQ:/crc/c: 0.364187842 0.635812158 0.000000000
KQ:/crc/crr: 0.000000000 0.032588631 0.967411369
KQ:/crc/r: 0.000000016 0.308981907 0.691018077
KQ:/crrc/c: 0.636504908 0.363495092 0.000000000
KQ:/crrc/crr: 0.000000000 0.283350609 0.716649391
KQ:/crrc/r: 0.000005772 0.658200537 0.341793691
KQ:/rc/c: 0.000031144 0.999968856 0.000000000
KQ:/rc/crr: 0.000000000 0.005207574 0.994792426
KQ:/rc/r: 0.000000140 0.208057666 0.791942195
KQ:/rrc/c: 0.532761789 0.467238211 0.000000000
KQ:/rrc/crr: 0.000000000 0.337740176 0.662259824
KQ:/rrc/r: 0.072894905 0.428284453 0.498820643
Q:/c: 0.853717827 0.146282173 0.000000000
Q:/crr: 0.000000000 0.999999949 0.000000051
Q:/r: 0.378569839 0.621429870 0.000000291
QJ:/cc/c: 0.000000518 0.999999482 0.000000000
QJ:/cc/crr: 0.000000000 0.060163872 0.939836128
QJ:/cc/r: 0.000000088 0.000000086 0.999999826
QJ:/crc/c: 0.539431926 0.460568074 0.000000000
QJ:/crc/crr: 0.000000000 0.000936366 0.999063634
QJ:/crc/r: 0.000000044 0.000000006 0.999999951
QJ:/crrc/c: 0.000000101 0.999999899 0.000000000
QJ:/crrc/crr: 0.000000000 0.139405177 0.860594823
QJ:/crrc/r: 0.012014090 0.000000000 0.987985910
QJ:/rc/c: 0.000000582 0.999999418 0.000000000
QJ:/rc/crr: 0.000000000 0.001582881 0.998417119
QJ:/rc/r: 0.012161308 0.000000007 0.987838685
QJ:/rrc/c: 0.000000355 0.999999645 0.000000000
QJ:/rrc/crr: 0.000000000 0.058574196 0.941425804
QJ:/rrc/r: 0.000000040 0.000000011 0.999999949
QK:/cc/c: 0.158338939 0.841661061 0.000000000
QK:/cc/crr: 0.000000000 0.999999936 0.000000064
QK:/cc/r: 0.000000157 0.623243687 0.376756156
QK:/crc/c: 0.268146806 0.731853194 0.000000000
QK:/crc/crr: 0.000000000 0.000009583 0.999990417
QK:/crc/r: 0.000000204 0.334497711 0.665502085
QK:/crrc/c: 0.172750456 0.827249544 0.000000000
QK:/crrc/crr: 0.000000000 0.000002813 0.999997187
QK:/crrc/r: 0.000000303 0.194997662 0.805002035
QK:/rc/c: 0.378081995 0.621918005 0.000000000
QK:/rc/crr: 0.000000000 0.000005721 0.999994279
QK:/rc/r: 0.000000016 0.211567908 0.788432076
QK:/rrc/c: 0.433311140 0.566688860 0.000000000
QK:/rrc/crr: 0.000000000 0.042092498 0.957907502
QK:/rrc/r: 0.000000045 0.395680194 0.604319760
QQ:/cc/c: 0.999999986 0.000000014 0.000000000
QQ:/cc/crr: 0.000000000 0.999999989 0.000000011
QQ:/cc/r: 0.999999676 0.000000126 0.000000198
QQ:/crc/c: 0.999999972 0.000000028 0.000000000
QQ:/crc/crr: 0.000000000 0.999999984 0.000000016
QQ:/crc/r: 0.999999958 0.000000021 0.000000020
QQ:/crrc/c: 0.999999994 0.000000006 0.000000000
QQ:/crrc/crr: 0.000000000 0.999999995 0.000000005
QQ:/crrc/r: 0.999999962 0.000000032 0.000000006
QQ:/rc/c: 0.999999989 0.000000011 0.000000000
QQ:/rc/crr: 0.000000000 0.999999995 0.000000005
QQ:/rc/r: 0.999999975 0.000000010 0.000000016
QQ:/rrc/c: 0.999999942 0.000000058 0.000000000
QQ:/rrc/crr: 0.000000000 0.999999952 0.000000048
QQ:/rrc/r: 0.999999788 0.000000152 0.000000059
