J:/c: 0.332929283 0.667070717 0.000000000
J:/crr: 0.000000000 0.999999997 0.000000003
J:/r: 0.065182774 0.127055278 0.807761949
JJ:/cc/c: 0.999999996 0.000000004 0.000000000
JJ:/cc/crr: 0.000000000 0.999999997 0.000000003
JJ:/cc/r: 0.999999988 0.000000009 0.000000003
JJ:/crc/c: 0.999999989 0.000000011 0.000000000
JJ:/crc/crr: 0.000000000 0.999999994 0.000000006
JJ:/crc/r: 0.672801629 0.327198364 0.000000007
JJ:/crrc/c: 0.999999995 0.000000005 0.000000000
JJ:/crrc/crr: 0.000000000 0.999999997 0.000000003
JJ:/crrc/r: 0.999999942 0.000000054 0.000000003
JJ:/rc/c: 0.999999983 0.000000017 0.000000000
JJ:/rc/crr: 0.000000000 0.999999990 0.000000010
JJ:/rc/r: 0.999999978 0.000000011 0.000000011
JJ:/rrc/c: 0.999999961 0.000000039 0.000000000
JJ:/rrc/crr: 0.000000000 0.999999978 0.000000022
JJ:/rrc/r: 0.999999670 0.000000305 0.000000025
JK:/cc/c: 0.008833738 0.991166262 0.000000000
JK:/cc/crr: 0.000000000 0.000000364 0.999999636
JK:/cc/r: 0.000000789 0.000000004 0.999999207
JK:/crc/c: 0.597726267 0.402273733 0.000000000
JK:/crc/crr: 0.000000000 0.000000081 0.999999919
JK:/crc/r: 0.016779519 0.000000111 0.983220370
JK:/crrc/c: 0.428689472 0.571310528 0.000000000
JK:/crrc/crr: 0.000000000 0.000000268 0.999999732
JK:/crrc/r: 0.245780176 0.000000067 0.754219757
JK:/rc/c: 0.425766560 0.574233440 0.000000000
JK:/rc/crr: 0.000000000 0.000000019 0.999999981
JK:/rc/r: 0.413644125 0.000000010 0.586355866
JK:/rrc/c: 0.999999134 0.000000866 0.000000000
JK:/rrc/crr: 0.000000000 0.000000110 0.999999890
JK:/rrc/r: 0.344116404 0.000000138 0.655883458
JQ:/cc/c: 0.082682204 0.917317796 0.000000000
JQ:/cc/crr: 0.000000000 0.000000000 1.000000000
JQ:/cc/r: 0.042857116 0.000000000 0.957142884
JQ:/crc/c: 0.430837811 0.569162189 0.000000000
JQ:/crc/crr: 0.000000000 0.000003309 0.999996691
JQ:/crc/r: 0.152546918 0.000000028 0.847453054
JQ:/crrc/c: 0.042024369 0.957975631 0.000000000
JQ:/crrc/crr: 0.000000000 0.000000717 0.999999283
JQ:/crrc/r: 0.179106394 0.000000013 0.820893593
JQ:/rc/c: 0.999981513 0.000018487 0.000000000
JQ:/rc/crr: 0.000000000 0.000000000 1.000000000
JQ:/rc/r: 0.000000039 0.000000033 0.999999929
JQ:/rrc/c: 0.000012031 0.999987969 0.000000000
JQ:/rrc/crr: 0.000000000 0.017713871 0.982286129
JQ:/rrc/r: 0.477786428 0.000000129 0.522213443
K:/c: 0.999998278 0.000001722 0.000000000
K:/crr: 0.000000000 0.999999999 0.000000001
K:/r: 0.620814991 0.379185009 0.000000001
KJ:/cc/c: 0.014817925 0.985182075 0.000000000
KJ:/cc/crr: 0.000000000 0.965480532 0.034519468
KJ:/cc/r: 0.011812613 0.006025693 0.982161694
KJ:/crc/c: 0.157149779 0.842850221 0.000000000
KJ:/crc/crr: 0.000000000 0.999999988 0.000000012
KJ:/crc/r: 0.000000185 0.740652937 0.259346878
KJ:/crrc/c: 0.357160435 0.642839565 0.000000000
KJ:/crrc/crr: 0.000000000 0.650383910 0.349616090
KJ:/crrc/r: 0.058599056 0.768067973 0.173332971
KJ:/rc/c: 0.442942944 0.557057056 0.000000000
KJ:/rc/crr: 0.000000000 0.722912749 0.277087251
KJ:/rc/r: 0.029705279 0.728610367 0.241684355
KJ:/rrc/c: 0.520167101 0.479832899 0.000000000
KJ:/rrc/crr: 0.000000000 0.999969523 0.000030477
KJ:/rrc/r: 0.049204332 0.878097421 0.072698247
KK:/cc/c: 0.995252082 0.004747918 0.000000000
KK:/cc/crr: 0.000000000 0.997267167 0.002732833
KK:/cc/r: 0.998214140 0.001420551 0.000365309
KK:/crc/c: 0.999999861 0.000000139 0.000000000
KK:/crc/crr: 0.000000000 0.999999950 0.000000050
KK:/crc/r: 0.779005499 0.220994482 0.000000020
KK:/crrc/c: 0.999999995 0.000000005 0.000000000
KK:/crrc/crr: 0.000000000 0.999999997 0.000000003
KK:/crrc/r: 0.999995192 0.000004805 0.000000003
KK:/rc/c: 0.999999980 0.000000020 0.000000000
KK:/rc/crr: 0.000000000 0.999999988 0.000000012
KK:/rc/r: 0.999999973 0.000000014 0.000000013
KK:/rrc/c: 0.999999936 0.000000064 0.000000000
KK:/rrc/crr: 0.000000000 0.999999977 0.000000023
KK:/rrc/r: 0.967700062 0.032299919 0.000000019
KQ:/cc/c: 0.005527487 0.994472513 0.000000000
KQ:/cc/crr: 0.000000000 0.759323825 0.240676175
KQ:/cc/r: 0.028258937 0.966864315 0.004876748
KQ:/crc/c: 0.385523272 0.614476728 0.000000000
KQ:/crc/crr: 0.000000000 0.053511307 0.946488693
KQ:/crc/r: 0.000000024 0.428716674 0.571283302
KQ:/crrc/c: 0.657301153 0.342698847 0.000000000
KQ:/crrc/crr: 0.000000000 0.398886368 0.601113632
KQ:/crrc/r: 0.000007335 0.763698689 0.236293976
KQ:/rc/c: 0.000034114 0.999965886 0.000000000
KQ:/rc/crr: 0.000000000 0.008709219 0.991290781
KQ:/rc/r: 0.000000225 0.306001636 0.693998139
KQ:/rrc/c: 0.555347032 0.444652968 0.000000000
KQ:/rrc/crr: 0.000000000 0.461181581 0.538818419
KQ:/rrc/r: 0.099143627 0.531803749 0.369052625
Q:/c: 0.869400094 0.130599906 0.000000000
Q:/crr: 0.000000000 0.999999969 0.000000031
Q:/r: 0.409986513 0.590013319 0.000000168
QJ:/cc/c: 0.000000591 0.999999409 0.000000000
QJ:/cc/crr: 0.000000000 0.095438920 0.904561080
QJ:/cc/r: 0.000000166 0.000000142 0.999999692
QJ:/crc/c: 0.571912299 0.428087701 0.000000000
QJ:/crc/crr: 0.000000000 0.001542361 0.998457639
QJ:/crc/r: 0.000000082 0.000000009 0.999999909
QJ:/crrc/c: 0.000000115 0.999999885 0.000000000
QJ:/crrc/crr: 0.000000000 0.210723635 0.789276365
QJ:/crrc/r: 0.022350194 0.000000000 0.977649806
QJ:/rc/c: 0.000000664 0.999999336 0.000000000
QJ:/rc/crr: 0.000000000 0.002606194 0.997393806
QJ:/rc/r: 0.022621168 0.000000011 0.977378821
QJ:/rrc/c: 0.000000405 0.999999595 0.000000000
QJ:/rrc/crr: 0.000000000 0.093009431 0.906990569
QJ:/rrc/r: 0.000000076 0.000000017 0.999999907
QK:/cc/c: 0.176675190 0.823324810 0.000000000
QK:/cc/crr: 0.000000000 0.999999961 0.000000039
QK:/cc/r: 0.000000211 0.731649725 0.268350064
QK:/crc/c: 0.294746077 0.705253923 0.000000000
QK:/crc/crr: 0.000000000 0.000015794 0.999984206
QK:/crc/r: 0.000000315 0.453077931 0.546921755
QK:/crrc/c: 0.192374162 0.807625838 0.000000000
QK:/crrc/crr: 0.000000000 0.000004636 0.999995364
QK:/crrc/r: 0.000000505 0.285327284 0.714672211
QK:/rc/c: 0.409484817 0.590515183 0.000000000
QK:/rc/crr: 0.000000000 0.000009429 0.999990571
QK:/rc/r: 0.000000026 0.306649521 0.693350453
QK:/rrc/c: 0.465865001 0.534134999 0.000000000
QK:/rrc/crr: 0.000000000 0.067533368 0.932466632
QK:/rrc/r: 0.000000068 0.519034003 0.480965929
QQ:/cc/c: 0.999999988 0.000000012 0.000000000
QQ:/cc/crr: 0.000000000 0.999999993 0.000000007
QQ:/cc/r: 0.999999784 0.000000111 0.000000105
QQ:/crc/c: 0.999999975 0.000000025 0.000000000
QQ:/crc/crr: 0.000000000 0.999999990 0.000000010
QQ:/crc/r: 0.999999970 0.000000019 0.000000011
QQ:/crrc/c: 0.999999995 0.000000005 0.000000000
QQ:/crrc/crr: 0.000000000 0.999999997 0.000000003
QQ:/crrc/r: 0.999999969 0.000000028 0.000000003
QQ:/rc/c: 0.999999991 0.000000009 0.000000000
QQ:/rc/crr: 0.000000000 0.999999997 0.000000003
QQ:/rc/r: 0.999999983 0.000000009 0.000000008
QQ:/rrc/c: 0.999999949 0.000000051 0.000000000
QQ:/rrc/crr: 0.000000000 0.999999971 0.000000029
QQ:/rrc/r: 0.999999835 0.000000134 0.000000032
