J:/c: 0.245693859 0.754306141 0.000000000
J:/crr: 0.000000000 0.999999998 0.000000002
J:/r: 0.052019131 0.155366157 0.792614712
JJ:/cc/c: 0.999999993 0.000000007 0.000000000
JJ:/cc/crr: 0.000000000 0.999999998 0.000000002
JJ:/cc/r: 0.999999983 0.000000013 0.000000004
JJ:/crc/c: 0.999999983 0.000000017 0.000000000
JJ:/crc/crr: 0.000000000 0.999999995 0.000000005
JJ:/crc/r: 0.573008843 0.426991150 0.000000007
JJ:/crrc/c: 0.999999992 0.000000008 0.000000000
JJ:/crrc/crr: 0.000000000 0.999999998 0.000000002
JJ:/crrc/r: 0.999999912 0.000000083 0.000000004
JJ:/rc/c: 0.999999974 0.000000026 0.000000000
JJ:/rc/crr: 0.000000000 0.999999992 0.000000008
JJ:/rc/r: 0.999999970 0.000000017 0.000000013
JJ:/rrc/c: 0.999999940 0.000000060 0.000000000
JJ:/rrc/crr: 0.000000000 0.999999982 0.000000018
JJ:/rrc/r: 0.999999503 0.000000467 0.000000031
JK:/cc/c: 0.005782901 0.994217099 0.000000000
JK:/cc/crr: 0.000000000 0.000000454 0.999999546
JK:/cc/r: 0.000000642 0.000000005 0.999999353
JK:/crc/c: 0.492314119 0.507685881 0.000000000
JK:/crc/crr: 0.000000000 0.000000101 0.999999899
JK:/crc/r: 0.013689692 0.000000139 0.986310169
JK:/crrc/c: 0.328727475 0.671272525 0.000000000
JK:/crrc/crr: 0.000000000 0.000000334 0.999999666
JK:/crrc/r: 0.209506964 0.000000087 0.790492949
JK:/rc/c: 0.326097098 0.673902902 0.000000000
JK:/rc/crr: 0.000000000 0.000000024 0.999999976
JK:/rc/r: 0.364572070 0.000000013 0.635427917
JK:/rrc/c: 0.999998674 0.000001326 0.000000000
JK:/rrc/crr: 0.000000000 0.000000137 0.999999863
JK:/rrc/r: 0.299085397 0.000000184 0.700914419
JQ:/cc/c: 0.055556485 0.944443515 0.000000000
JQ:/cc/crr: 0.000000000 0.000000000 1.000000000
JQ:/cc/r: 0.035136895 0.000000000 0.964863105
JQ:/crc/c: 0.330664804 0.669335196 0.000000000
JQ:/crc/crr: 0.000000000 0.000004123 0.999995877
JQ:/crc/r: 0.127703658 0.000000036 0.872296306
JQ:/crrc/c: 0.027832634 0.972167366 0.000000000
JQ:/crrc/crr: 0.000000000 0.000000893 0.999999107
JQ:/crrc/r: 0.150706957 0.000000017 0.849293027
JQ:/rc/c: 0.999971674 0.000028326 0.000000000
JQ:/rc/crr: 0.000000000 0.000000000 1.000000000
JQ:/rc/r: 0.000000031 0.000000041 0.999999928
JQ:/rrc/c: 0.000007852 0.999992148 0.000000000
JQ:/rrc/crr: 0.000000000 0.021979034 0.978020966
JQ:/rrc/r: 0.426641671 0.000000177 0.573358152
K:/c: 0.999997362 0.000002638 0.000000000
K:/crr: 0.000000000 0.999999999 0.000000001
K:/r: 0.516559645 0.483440354 0.000000001
KJ:/cc/c: 0.009720647 0.990279353 0.000000000
KJ:/cc/crr: 0.000000000 0.972109845 0.027890155
KJ:/cc/r: 0.009614155 0.007514596 0.982871249
KJ:/crc/c: 0.108482522 0.891517478 0.000000000
KJ:/crc/crr: 0.000000000 0.999999991 0.000000009
KJ:/crc/r: 0.000000127 0.780649892 0.219349981
KJ:/crrc/c: 0.266108677 0.733891323 0.000000000
KJ:/crrc/crr: 0.000000000 0.698637826 0.301362174
KJ:/crrc/r: 0.040452080 0.812425146 0.147122774
KJ:/rc/c: 0.341644853 0.658355147 0.000000000
KJ:/rc/crr: 0.000000000 0.764776703 0.235223297
KJ:/rc/r: 0.020581601 0.773524946 0.205893453
KJ:/rrc/c: 0.414344527 0.585655473 0.000000000
KJ:/rrc/crr: 0.000000000 0.999975544 0.000024456
KJ:/rrc/r: 0.033155048 0.906614136 0.060230816
KK:/cc/c: 0.992743277 0.007256723 0.000000000
KK:/cc/crr: 0.000000000 0.997805869 0.002194131
KK:/cc/r: 0.997376378 0.002174831 0.000448791
KK:/crc/c: 0.999999787 0.000000213 0.000000000
KK:/crc/crr: 0.000000000 0.999999960 0.000000040
KK:/crc/r: 0.697017240 0.302982738 0.000000022
KK:/crrc/c: 0.999999992 0.000000008 0.000000000
KK:/crrc/crr: 0.000000000 0.999999998 0.000000002
KK:/crrc/r: 0.999992633 0.000007363 0.000000004
KK:/rc/c: 0.999999969 0.000000031 0.000000000
KK:/rc/crr: 0.000000000 0.999999991 0.000000009
KK:/rc/r: 0.999999963 0.000000021 0.000000016
KK:/rrc/c: 0.999999902 0.000000098 0.000000000
KK:/rrc/crr: 0.000000000 0.999999981 0.000000019
KK:/rrc/r: 0.951344478 0.048655498 0.000000023
KQ:/cc/c: 0.003614339 0.996385661 0.000000000
KQ:/cc/crr: 0.000000000 0.797229617 0.202770383
KQ:/cc/r: 0.018643582 0.977400453 0.003955964
KQ:/crc/c: 0.290508525 0.709491475 0.000000000
KQ:/crc/crr: 0.000000000 0.065818272 0.934181728
KQ:/crc/r: 0.000000018 0.483257147 0.516742835
KQ:/crrc/c: 0.555901358 0.444098642 0.000000000
KQ:/crrc/crr: 0.000000000 0.452638700 0.547361300
KQ:/crrc/r: 0.000005021 0.801096866 0.198898112
KQ:/rc/c: 0.000022264 0.999977736 0.000000000
KQ:/rc/crr: 0.000000000 0.010830138 0.989169862
KQ:/rc/r: 0.000000170 0.354621361 0.645378469
KQ:/rrc/c: 0.449065545 0.550934455 0.000000000
KQ:/rrc/crr: 0.000000000 0.516120852 0.483879148
KQ:/rrc/r: 0.072485166 0.595757052 0.331757782
Q:/c: 0.812893003 0.187106997 0.000000000
Q:/crr: 0.000000000 0.999999975 0.000000025
Q:/r: 0.312003974 0.687995869 0.000000157
QJ:/cc/c: 0.000000386 0.999999614 0.000000000
QJ:/cc/crr: 0.000000000 0.116204840 0.883795160
QJ:/cc/r: 0.000000135 0.000000176 0.999999688
QJ:/crc/c: 0.465781450 0.534218550 0.000000000
QJ:/crc/crr: 0.000000000 0.001921349 0.998078651
QJ:/crc/r: 0.000000067 0.000000012 0.999999922
QJ:/crrc/c: 0.000000075 0.999999925 0.000000000
QJ:/crrc/crr: 0.000000000 0.249650624 0.750349376
QJ:/crrc/r: 0.018253612 0.000000000 0.981746388
QJ:/rc/c: 0.000000433 0.999999567 0.000000000
QJ:/rc/crr: 0.000000000 0.003245736 0.996754264
QJ:/rc/r: 0.018475857 0.000000014 0.981524129
QJ:/rrc/c: 0.000000265 0.999999735 0.000000000
QJ:/rrc/crr: 0.000000000 0.113312953 0.886687047
QJ:/rrc/r: 0.000000062 0.000000022 0.999999917
QK:/cc/c: 0.122842460 0.877157540 0.000000000
QK:/cc/crr: 0.000000000 0.999999969 0.000000031
QK:/cc/r: 0.000000145 0.772608886 0.227390968
QK:/crc/c: 0.214301413 0.785698587 0.000000000
QK:/crc/crr: 0.000000000 0.000019682 0.999980318
QK:/crc/r: 0.000000230 0.507961945 0.492037825
QK:/crrc/c: 0.134539639 0.865460361 0.000000000
QK:/crrc/crr: 0.000000000 0.000005777 0.999994223
QK:/crrc/r: 0.000000384 0.332234696 0.667764921
QK:/rc/c: 0.311558852 0.688441148 0.000000000
QK:/rc/crr: 0.000000000 0.000011750 0.999988250
QK:/rc/r: 0.000000020 0.355319470 0.644680510
QK:/rrc/c: 0.362738296 0.637261704 0.000000000
QK:/rrc/crr: 0.000000000 0.082783178 0.917216822
QK:/rrc/r: 0.000000049 0.573529308 0.426470643
QQ:/cc/c: 0.999999982 0.000000018 0.000000000
QQ:/cc/crr: 0.000000000 0.999999995 0.000000005
QQ:/cc/r: 0.999999701 0.000000170 0.000000130
QQ:/crc/c: 0.999999962 0.000000038 0.000000000
QQ:/crc/crr: 0.000000000 0.999999992 0.000000008
QQ:/crc/r: 0.999999958 0.000000029 0.000000013
QQ:/crrc/c: 0.999999992 0.000000008 0.000000000
QQ:/crrc/crr: 0.000000000 0.999999998 0.000000002
QQ:/crrc/r: 0.999999953 0.000000043 0.000000004
QQ:/rc/c: 0.999999986 0.000000014 0.000000000
QQ:/rc/crr: 0.000000000 0.999999998 0.000000002
QQ:/rc/r: 0.999999977 0.000000013 0.000000010
QQ:/rrc/c: 0.999999922 0.000000078 0.000000000
QQ:/rrc/crr: 0.000000000 0.999999977 0.000000023
QQ:/rrc/r: 0.999999756 0.000000205 0.000000039
