J:/c: 0.259335468 0.740664532 0.000000000
J:/crr: 0.000000000 0.999999998 0.000000002
J:/r: 0.067588070 0.187788792 0.744623139
JJ:/cc/c: 0.999999994 0.000000006 0.000000000
JJ:/cc/crr: 0.000000000 0.999999998 0.000000002
JJ:/cc/r: 0.999999985 0.000000012 0.000000003
JJ:/crc/c: 0.999999984 0.000000016 0.000000000
JJ:/crc/crr: 0.000000000 0.999999996 0.000000004
JJ:/crc/r: 0.590594739 0.409405256 0.000000005
JJ:/crrc/c: 0.999999993 0.000000007 0.000000000
JJ:/crrc/crr: 0.000000000 0.999999998 0.000000002
JJ:/crrc/r: 0.999999919 0.000000078 0.000000003
JJ:/rc/c: 0.999999976 0.000000024 0.000000000
JJ:/rc/crr: 0.000000000 0.999999994 0.000000006
JJ:/rc/r: 0.999999975 0.000000016 0.000000010
JJ:/rrc/c: 0.999999944 0.000000056 0.000000000
JJ:/rrc/crr: 0.000000000 0.999999986 0.000000014
JJ:/rrc/r: 0.999999544 0.000000434 0.000000022
JK:/cc/c: 0.006213714 0.993786286 0.000000000
JK:/cc/crr: 0.000000000 0.000000584 0.999999416
JK:/cc/r: 0.000000888 0.000000007 0.999999106
JK:/crc/c: 0.510383691 0.489616309 0.000000000
JK:/crc/crr: 0.000000000 0.000000130 0.999999870
JK:/crc/r: 0.018834534 0.000000178 0.981165288
JK:/crrc/c: 0.344871514 0.655128486 0.000000000
JK:/crrc/crr: 0.000000000 0.000000429 0.999999571
JK:/crrc/r: 0.268230093 0.000000104 0.731769803
JK:/rc/c: 0.342177807 0.657822193 0.000000000
JK:/rc/crr: 0.000000000 0.000000031 0.999999969
JK:/rc/r: 0.442432542 0.000000015 0.557567443
JK:/rrc/c: 0.999998766 0.000001234 0.000000000
JK:/rrc/crr: 0.000000000 0.000000176 0.999999824
JK:/rrc/r: 0.371128623 0.000000212 0.628871165
JQ:/cc/c: 0.059473502 0.940526498 0.000000000
JQ:/cc/crr: 0.000000000 0.000000000 1.000000000
JQ:/cc/r: 0.047950146 0.000000000 0.952049854
JQ:/crc/c: 0.346854825 0.653145175 0.000000000
JQ:/crc/crr: 0.000000000 0.000005305 0.999994695
JQ:/crc/r: 0.168382017 0.000000044 0.831617939
JQ:/crrc/c: 0.029856771 0.970143229 0.000000000
JQ:/crrc/crr: 0.000000000 0.000001149 0.999998851
JQ:/crrc/r: 0.197057413 0.000000020 0.802942567
JQ:/rc/c: 0.999973649 0.000026351 0.000000000
JQ:/rc/crr: 0.000000000 0.000000000 1.000000000
JQ:/rc/r: 0.000000043 0.000000053 0.999999904
JQ:/rrc/c: 0.000008440 0.999991560 0.000000000
JQ:/rrc/crr: 0.000000000 0.028100915 0.971899085
JQ:/rrc/r: 0.507177621 0.000000195 0.492822184
K:/c: 0.999997546 0.000002454 0.000000000
K:/crr: 0.000000000 0.999999999 0.000000001
K:/r: 0.534582074 0.465417926 0.000000001
KJ:/cc/c: 0.010441731 0.989558269 0.000000000
KJ:/cc/crr: 0.000000000 0.978186841 0.021813159
KJ:/cc/r: 0.013219543 0.009612077 0.977168380
KJ:/crc/c: 0.115674061 0.884325939 0.000000000
KJ:/crc/crr: 0.000000000 0.999999993 0.000000007
KJ:/crc/r: 0.000000143 0.820751854 0.179248003
KJ:/crrc/c: 0.280462326 0.719537674 0.000000000
KJ:/crrc/crr: 0.000000000 0.748910860 0.251089140
KJ:/crrc/r: 0.044817334 0.837326445 0.117856221
KJ:/rc/c: 0.358084868 0.641915132 0.000000000
KJ:/rc/crr: 0.000000000 0.807063446 0.192936554
KJ:/rc/r: 0.023150493 0.809397222 0.167452285
KJ:/rrc/c: 0.431987399 0.568012601 0.000000000
KJ:/rrc/crr: 0.000000000 0.999980992 0.000019008
KJ:/rrc/r: 0.036034355 0.916633815 0.047331829
KK:/cc/c: 0.993245913 0.006754087 0.000000000
KK:/cc/crr: 0.000000000 0.998293776 0.001706224
KK:/cc/r: 0.997651687 0.002023726 0.000324587
KK:/crc/c: 0.999999802 0.000000198 0.000000000
KK:/crc/crr: 0.000000000 0.999999969 0.000000031
KK:/crc/r: 0.712062232 0.287937751 0.000000016
KK:/crrc/c: 0.999999993 0.000000007 0.000000000
KK:/crrc/crr: 0.000000000 0.999999998 0.000000002
KK:/crrc/r: 0.999993148 0.000006849 0.000000003
KK:/rc/c: 0.999999971 0.000000029 0.000000000
KK:/rc/crr: 0.000000000 0.999999993 0.000000007
KK:/rc/r: 0.999999969 0.000000019 0.000000012
KK:/rrc/c: 0.999999909 0.000000091 0.000000000
KK:/rrc/crr: 0.000000000 0.999999985 0.000000015
KK:/rrc/r: 0.954583416 0.045416567 0.000000017
KQ:/cc/c: 0.003884230 0.996115770 0.000000000
KQ:/cc/crr: 0.000000000 0.834941371 0.165058629
KQ:/cc/r: 0.020030826 0.976895985 0.003073189
KQ:/crc/c: 0.305630184 0.694369816 0.000000000
KQ:/crc/crr: 0.000000000 0.083113142 0.916886858
KQ:/crc/r: 0.000000021 0.546117495 0.453882484
KQ:/crrc/c: 0.573667609 0.426332391 0.000000000
KQ:/crrc/crr: 0.000000000 0.515489390 0.484510610
KQ:/crrc/r: 0.000005648 0.838234008 0.161760344
KQ:/rc/c: 0.000023933 0.999976067 0.000000000
KQ:/rc/crr: 0.000000000 0.013890791 0.986109209
KQ:/rc/r: 0.000000213 0.414159986 0.585839800
KQ:/rrc/c: 0.467007931 0.532992069 0.000000000
KQ:/rrc/crr: 0.000000000 0.578470556 0.421529444
KQ:/rrc/r: 0.083645715 0.639543427 0.276810858
Q:/c: 0.823639908 0.176360092 0.000000000
Q:/crr: 0.000000000 0.999999981 0.000000019
Q:/r: 0.327727697 0.672272184 0.000000119
QJ:/cc/c: 0.000000415 0.999999585 0.000000000
QJ:/cc/crr: 0.000000000 0.144688995 0.855311005
QJ:/cc/r: 0.000000187 0.000000227 0.999999586
QJ:/crc/c: 0.483805216 0.516194784 0.000000000
QJ:/crc/crr: 0.000000000 0.002470620 0.997529380
QJ:/crc/r: 0.000000092 0.000000015 0.999999893
QJ:/crrc/c: 0.000000081 0.999999919 0.000000000
QJ:/crrc/crr: 0.000000000 0.299750918 0.700249082
QJ:/crrc/r: 0.025070065 0.000000000 0.974929935
QJ:/rc/c: 0.000000466 0.999999534 0.000000000
QJ:/rc/crr: 0.000000000 0.004172038 0.995827962
QJ:/rc/r: 0.025373159 0.000000018 0.974626824
QJ:/rrc/c: 0.000000284 0.999999716 0.000000000
QJ:/rrc/crr: 0.000000000 0.141201502 0.858798498
QJ:/rrc/r: 0.000000085 0.000000028 0.999999887
QK:/cc/c: 0.130846234 0.869153766 0.000000000
QK:/cc/crr: 0.000000000 0.999999976 0.000000024
QK:/cc/r: 0.000000164 0.813830332 0.186169503
QK:/crc/c: 0.226723923 0.773276077 0.000000000
QK:/crc/crr: 0.000000000 0.000025323 0.999974677
QK:/crc/r: 0.000000278 0.570488022 0.429511700
QK:/crrc/c: 0.143181136 0.856818864 0.000000000
QK:/crrc/crr: 0.000000000 0.000007433 0.999992567
QK:/crrc/r: 0.000000485 0.390287686 0.609711829
QK:/rc/c: 0.327270802 0.672729198 0.000000000
QK:/rc/crr: 0.000000000 0.000015117 0.999984883
QK:/rc/r: 0.000000025 0.414899974 0.585100001
QK:/rrc/c: 0.379608071 0.620391929 0.000000000
QK:/rrc/crr: 0.000000000 0.104039401 0.895960599
QK:/rrc/r: 0.000000058 0.633731246 0.366268696
QQ:/cc/c: 0.999999983 0.000000017 0.000000000
QQ:/cc/crr: 0.000000000 0.999999996 0.000000004
QQ:/cc/r: 0.999999749 0.000000158 0.000000094
QQ:/crc/c: 0.999999965 0.000000035 0.000000000
QQ:/crc/crr: 0.000000000 0.999999994 0.000000006
QQ:/crc/r: 0.999999964 0.000000027 0.000000010
QQ:/crrc/c: 0.999999993 0.000000007 0.000000000
QQ:/crrc/crr: 0.000000000 0.999999998 0.000000002
QQ:/crrc/r: 0.999999957 0.000000040 0.000000003
QQ:/rc/c: 0.999999987 0.000000013 0.000000000
QQ:/rc/crr: 0.000000000 0.999999998 0.000000002
QQ:/rc/r: 0.999999980 0.000000012 0.000000007
QQ:/rrc/c: 0.999999927 0.000000073 0.000000000
QQ:/rrc/crr: 0.000000000 0.999999982 0.000000018
QQ:/rrc/r: 0.999999782 0.000000190 0.000000028
