J:/c: 0.237508304 0.762491696 0.000000000
J:/crr: 0.000000000 0.999999998 0.000000002
J:/r: 0.054411084 0.169935336 0.775653579
JJ:/cc/c: 0.999999993 0.000000007 0.000000000
JJ:/cc/crr: 0.000000000 0.999999998 0.000000002
JJ:/cc/r: 0.999999983 0.000000014 0.000000004
JJ:/crc/c: 0.999999982 0.000000018 0.000000000
JJ:/crc/crr: 0.000000000 0.999999996 0.000000004
JJ:/crc/r: 0.562043789 0.437956204 0.000000007
JJ:/crrc/c: 0.999999992 0.000000008 0.000000000
JJ:/crrc/crr: 0.000000000 0.999999998 0.000000002
JJ:/crrc/r: 0.999999909 0.000000087 0.000000004
JJ:/rc/c: 0.999999973 0.000000027 0.000000000
JJ:/rc/crr: 0.000000000 0.999999993 0.000000007
JJ:/rc/r: 0.999999970 0.000000018 0.000000012
JJ:/rrc/c: 0.999999937 0.000000063 0.000000000
JJ:/rrc/crr: 0.000000000 0.999999984 0.000000016
JJ:/rrc/r: 0.999999483 0.000000488 0.000000029
JK:/cc/c: 0.005531622 0.994468378 0.000000000
JK:/cc/crr: 0.000000000 0.000000507 0.999999493
JK:/cc/r: 0.000000686 0.000000006 0.999999308
JK:/crc/c: 0.481153193 0.518846807 0.000000000
JK:/crc/crr: 0.000000000 0.000000113 0.999999887
JK:/crc/r: 0.014618510 0.000000156 0.985381335
JK:/crrc/c: 0.318945269 0.681054731 0.000000000
JK:/crrc/crr: 0.000000000 0.000000373 0.999999627
JK:/crrc/r: 0.220748069 0.000000096 0.779251834
JK:/rc/c: 0.316356278 0.683643722 0.000000000
JK:/rc/crr: 0.000000000 0.000000027 0.999999973
JK:/rc/r: 0.380132270 0.000000014 0.619867716
JK:/rrc/c: 0.999998613 0.000001387 0.000000000
JK:/rrc/crr: 0.000000000 0.000000153 0.999999847
JK:/rrc/r: 0.313228351 0.000000201 0.686771448
JQ:/cc/c: 0.053258299 0.946741701 0.000000000
JQ:/cc/crr: 0.000000000 0.000000000 1.000000000
JQ:/cc/r: 0.037465589 0.000000000 0.962534411
JQ:/crc/c: 0.320852504 0.679147496 0.000000000
JQ:/crc/crr: 0.000000000 0.000004609 0.999995391
JQ:/crc/r: 0.135306887 0.000000040 0.864693073
JQ:/crrc/c: 0.026648932 0.973351068 0.000000000
JQ:/crrc/crr: 0.000000000 0.000000999 0.999999001
JQ:/crrc/r: 0.159429442 0.000000018 0.840570540
JQ:/rc/c: 0.999970379 0.000029621 0.000000000
JQ:/rc/crr: 0.000000000 0.000000000 1.000000000
JQ:/rc/r: 0.000000034 0.000000046 0.999999921
JQ:/rrc/c: 0.000007509 0.999992491 0.000000000
JQ:/rrc/crr: 0.000000000 0.024502379 0.975497621
JQ:/rrc/r: 0.443004100 0.000000192 0.556995708
K:/c: 0.999997241 0.000002759 0.000000000
K:/crr: 0.000000000 0.999999999 0.000000001
K:/r: 0.505396241 0.494603758 0.000000001
KJ:/cc/c: 0.009299866 0.990700134 0.000000000
KJ:/cc/crr: 0.000000000 0.974973124 0.025026876
KJ:/cc/r: 0.010260267 0.008386025 0.981353708
KJ:/crc/c: 0.104236601 0.895763399 0.000000000
KJ:/crc/crr: 0.000000000 0.999999992 0.000000008
KJ:/crc/r: 0.000000124 0.799106963 0.200892912
KJ:/crrc/c: 0.257475140 0.742524860 0.000000000
KJ:/crrc/crr: 0.000000000 0.721534152 0.278465848
KJ:/crrc/r: 0.039363972 0.826693240 0.133942788
KJ:/rc/c: 0.331668179 0.668331821 0.000000000
KJ:/rc/crr: 0.000000000 0.784200201 0.215799799
KJ:/rc/r: 0.020136997 0.791394198 0.188468805
KJ:/rrc/c: 0.403546182 0.596453818 0.000000000
KJ:/rrc/crr: 0.000000000 0.999978119 0.000021881
KJ:/rrc/r: 0.031955341 0.913732894 0.054311766
KK:/cc/c: 0.992414232 0.007585768 0.000000000
KK:/cc/crr: 0.000000000 0.998036453 0.001963547
KK:/cc/r: 0.997306110 0.002274039 0.000419851
KK:/crc/c: 0.999999778 0.000000222 0.000000000
KK:/crc/crr: 0.000000000 0.999999964 0.000000036
KK:/crc/r: 0.687499973 0.312500007 0.000000020
KK:/crrc/c: 0.999999992 0.000000008 0.000000000
KK:/crrc/crr: 0.000000000 0.999999998 0.000000002
KK:/crrc/r: 0.999992297 0.000007699 0.000000004
KK:/rc/c: 0.999999967 0.000000033 0.000000000
KK:/rc/crr: 0.000000000 0.999999992 0.000000008
KK:/rc/r: 0.999999963 0.000000022 0.000000015
KK:/rrc/c: 0.999999898 0.000000102 0.000000000
KK:/rrc/crr: 0.000000000 0.999999983 0.000000017
KK:/rrc/r: 0.949234263 0.050765715 0.000000022
KQ:/cc/c: 0.003456962 0.996543038 0.000000000
KQ:/cc/crr: 0.000000000 0.814622890 0.185377110
KQ:/cc/r: 0.017850953 0.978605275 0.003543772
KQ:/crc/c: 0.281386888 0.718613112 0.000000000
KQ:/crc/crr: 0.000000000 0.072999000 0.927001000
KQ:/crc/r: 0.000000018 0.511065226 0.488934757
KQ:/crrc/c: 0.544845947 0.455154053 0.000000000
KQ:/crrc/crr: 0.000000000 0.480322601 0.519677399
KQ:/crrc/r: 0.000004905 0.818233787 0.181761308
KQ:/rc/c: 0.000021291 0.999978709 0.000000000
KQ:/rc/crr: 0.000000000 0.012089335 0.987910665
KQ:/rc/r: 0.000000174 0.380477501 0.619522325
KQ:/rrc/c: 0.438039123 0.561960877 0.000000000
KQ:/rrc/crr: 0.000000000 0.543829803 0.456170197
KQ:/rrc/r: 0.072063690 0.619354830 0.308581480
Q:/c: 0.806002544 0.193997456 0.000000000
Q:/crr: 0.000000000 0.999999978 0.000000022
Q:/r: 0.302495170 0.697504687 0.000000142
QJ:/cc/c: 0.000000369 0.999999631 0.000000000
QJ:/cc/crr: 0.000000000 0.128128740 0.871871260
QJ:/cc/r: 0.000000145 0.000000197 0.999999658
QJ:/crc/c: 0.454683322 0.545316678 0.000000000
QJ:/crc/crr: 0.000000000 0.002146988 0.997853012
QJ:/crc/r: 0.000000071 0.000000013 0.999999916
QJ:/crrc/c: 0.000000072 0.999999928 0.000000000
QJ:/crrc/crr: 0.000000000 0.271067769 0.728932231
QJ:/crrc/r: 0.019485965 0.000000000 0.980514035
QJ:/rc/c: 0.000000414 0.999999586 0.000000000
QJ:/rc/crr: 0.000000000 0.003626343 0.996373657
QJ:/rc/r: 0.019722914 0.000000016 0.980277070
QJ:/rrc/c: 0.000000253 0.999999747 0.000000000
QJ:/rrc/crr: 0.000000000 0.124982078 0.875017922
QJ:/rrc/r: 0.000000066 0.000000024 0.999999910
QK:/cc/c: 0.118108962 0.881891038 0.000000000
QK:/cc/crr: 0.000000000 0.999999972 0.000000028
QK:/cc/r: 0.000000142 0.791561905 0.208437953
QK:/crc/c: 0.206874891 0.793125109 0.000000000
QK:/crc/crr: 0.000000000 0.000021998 0.999978002
QK:/crc/r: 0.000000232 0.535717814 0.464281953
QK:/crrc/c: 0.129421916 0.870578084 0.000000000
QK:/crrc/crr: 0.000000000 0.000006457 0.999993543
QK:/crrc/r: 0.000000395 0.357362395 0.642637210
QK:/rc/c: 0.302057653 0.697942347 0.000000000
QK:/rc/crr: 0.000000000 0.000013133 0.999986867
QK:/rc/r: 0.000000020 0.381196449 0.618803531
QK:/rrc/c: 0.352475436 0.647524564 0.000000000
QK:/rrc/crr: 0.000000000 0.091633216 0.908366784
QK:/rrc/r: 0.000000049 0.600495466 0.399504485
QQ:/cc/c: 0.999999981 0.000000019 0.000000000
QQ:/cc/crr: 0.000000000 0.999999995 0.000000005
QQ:/cc/r: 0.999999702 0.000000177 0.000000121
QQ:/crc/c: 0.999999960 0.000000040 0.000000000
QQ:/crc/crr: 0.000000000 0.999999993 0.000000007
QQ:/crc/r: 0.999999958 0.000000030 0.000000012
QQ:/crrc/c: 0.999999992 0.000000008 0.000000000
QQ:/crrc/crr: 0.000000000 0.999999998 0.000000002
QQ:/crrc/r: 0.999999951 0.000000045 0.000000004
QQ:/rc/c: 0.999999985 0.000000015 0.000000000
QQ:/rc/crr: 0.000000000 0.999999998 0.000000002
QQ:/rc/r: 0.999999977 0.000000014 0.000000010
QQ:/rrc/c: 0.999999918 0.000000082 0.000000000
QQ:/rrc/crr: 0.000000000 0.999999979 0.000000021
QQ:/rrc/r: 0.999999750 0.000000214 0.000000036
