J:/c: 0.290763080 0.709236920 0.000000000
J:/crr: 0.000000000 0.999999998 0.000000002
J:/r: 0.073467789 0.174336787 0.752195424
JJ:/cc/c: 0.999999995 0.000000005 0.000000000
JJ:/cc/crr: 0.000000000 0.999999998 0.000000002
JJ:/cc/r: 0.999999987 0.000000010 0.000000003
JJ:/crc/c: 0.999999987 0.000000013 0.000000000
JJ:/crc/crr: 0.000000000 0.999999996 0.000000004
JJ:/crc/r: 0.628122103 0.371877891 0.000000005
JJ:/crrc/c: 0.999999994 0.000000006 0.000000000
JJ:/crrc/crr: 0.000000000 0.999999998 0.000000002
JJ:/crrc/r: 0.999999931 0.000000066 0.000000003
JJ:/rc/c: 0.999999979 0.000000021 0.000000000
JJ:/rc/crr: 0.000000000 0.999999993 0.000000007
JJ:/rc/r: 0.999999978 0.000000013 0.000000009
JJ:/rrc/c: 0.999999952 0.000000048 0.000000000
JJ:/rrc/crr: 0.000000000 0.999999985 0.000000015
JJ:/rrc/r: 0.999999609 0.000000371 0.000000021
JK:/cc/c: 0.007267716 0.992732284 0.000000000
JK:/cc/crr: 0.000000000 0.000000537 0.999999463
JK:/cc/r: 0.000000955 0.000000006 0.999999039
JK:/crc/c: 0.549657071 0.450342929 0.000000000
JK:/crc/crr: 0.000000000 0.000000119 0.999999881
JK:/crc/r: 0.020237927 0.000000164 0.979761909
JK:/crrc/c: 0.381328088 0.618671912 0.000000000
JK:/crrc/crr: 0.000000000 0.000000394 0.999999606
JK:/crrc/r: 0.282859130 0.000000094 0.717140777
JK:/rc/c: 0.378514150 0.621485850 0.000000000
JK:/rc/crr: 0.000000000 0.000000029 0.999999971
JK:/rc/r: 0.460582507 0.000000013 0.539417480
JK:/rrc/c: 0.999998946 0.000001054 0.000000000
JK:/rrc/crr: 0.000000000 0.000000162 0.999999838
JK:/rrc/r: 0.388391061 0.000000190 0.611608749
JQ:/cc/c: 0.068935038 0.931064962 0.000000000
JQ:/cc/crr: 0.000000000 0.000000000 1.000000000
JQ:/cc/r: 0.051409320 0.000000000 0.948590680
JQ:/crc/c: 0.383398360 0.616601640 0.000000000
JQ:/crc/crr: 0.000000000 0.000004875 0.999995125
JQ:/crc/r: 0.178896725 0.000000040 0.821103235
JQ:/crrc/c: 0.034780872 0.965219128 0.000000000
JQ:/crrc/crr: 0.000000000 0.000001056 0.999998944
JQ:/crrc/r: 0.208912937 0.000000018 0.791087044
JQ:/rc/c: 0.999977494 0.000022506 0.000000000
JQ:/rc/crr: 0.000000000 0.000000000 1.000000000
JQ:/rc/r: 0.000000047 0.000000048 0.999999905
JQ:/rrc/c: 0.000009882 0.999990118 0.000000000
JQ:/rrc/crr: 0.000000000 0.025884220 0.974115780
JQ:/rrc/r: 0.525480444 0.000000173 0.474519384
K:/c: 0.999997904 0.000002096 0.000000000
K:/crr: 0.000000000 0.999999999 0.000000001
K:/r: 0.573536301 0.426463698 0.000000001
KJ:/cc/c: 0.012204104 0.987795896 0.000000000
KJ:/cc/crr: 0.000000000 0.976310308 0.023689692
KJ:/cc/r: 0.014221672 0.008831691 0.976946637
KJ:/crc/c: 0.132813888 0.867186112 0.000000000
KJ:/crc/crr: 0.000000000 0.999999992 0.000000008
KJ:/crc/r: 0.000000165 0.807990087 0.192009747
KJ:/crrc/c: 0.313366981 0.686633019 0.000000000
KJ:/crrc/crr: 0.000000000 0.732700080 0.267299920
KJ:/crrc/r: 0.051545123 0.822486566 0.125968311
KJ:/rc/c: 0.395095855 0.604904145 0.000000000
KJ:/rc/crr: 0.000000000 0.793572241 0.206427759
KJ:/rc/r: 0.026608288 0.794530983 0.178860729
KJ:/rrc/c: 0.471031801 0.528968199 0.000000000
KJ:/rrc/crr: 0.000000000 0.999979317 0.000020683
KJ:/rrc/r: 0.041760149 0.907263844 0.050976006
KK:/cc/c: 0.994225859 0.005774141 0.000000000
KK:/cc/crr: 0.000000000 0.998143711 0.001856289
KK:/cc/r: 0.997969307 0.001728950 0.000301743
KK:/crc/c: 0.999999831 0.000000169 0.000000000
KK:/crc/crr: 0.000000000 0.999999966 0.000000034
KK:/crc/r: 0.743294996 0.256704989 0.000000016
KK:/crrc/c: 0.999999994 0.000000006 0.000000000
KK:/crrc/crr: 0.000000000 0.999999998 0.000000002
KK:/crrc/r: 0.999994148 0.000005850 0.000000003
KK:/rc/c: 0.999999975 0.000000025 0.000000000
KK:/rc/crr: 0.000000000 0.999999992 0.000000008
KK:/rc/r: 0.999999972 0.000000017 0.000000011
KK:/rrc/c: 0.999999922 0.000000078 0.000000000
KK:/rrc/crr: 0.000000000 0.999999984 0.000000016
KK:/rrc/r: 0.960952351 0.039047633 0.000000016
KQ:/cc/c: 0.004544901 0.995455099 0.000000000
KQ:/cc/crr: 0.000000000 0.822971953 0.177028047
KQ:/cc/r: 0.023367128 0.973301193 0.003331678
KQ:/crc/c: 0.340091971 0.659908029 0.000000000
KQ:/crc/crr: 0.000000000 0.076900257 0.923099743
KQ:/crc/r: 0.000000024 0.525116081 0.474883895
KQ:/crrc/c: 0.611726507 0.388273493 0.000000000
KQ:/crrc/crr: 0.000000000 0.494382878 0.505617122
KQ:/crrc/r: 0.000006520 0.826453350 0.173540130
KQ:/rc/c: 0.000028022 0.999971978 0.000000000
KQ:/rc/crr: 0.000000000 0.012780299 0.987219701
KQ:/rc/r: 0.000000238 0.393829972 0.606169791
KQ:/rrc/c: 0.506395695 0.493604305 0.000000000
KQ:/rrc/crr: 0.000000000 0.557753871 0.442246129
KQ:/rrc/r: 0.094290520 0.615725043 0.289984437
Q:/c: 0.845397553 0.154602447 0.000000000
Q:/crr: 0.000000000 0.999999979 0.000000021
Q:/r: 0.363377196 0.636622682 0.000000123
QJ:/cc/c: 0.000000485 0.999999515 0.000000000
QJ:/cc/crr: 0.000000000 0.134548641 0.865451359
QJ:/cc/r: 0.000000201 0.000000209 0.999999590
QJ:/crc/c: 0.523218957 0.476781043 0.000000000
QJ:/crc/crr: 0.000000000 0.002271005 0.997728995
QJ:/crc/r: 0.000000099 0.000000014 0.999999887
QJ:/crrc/c: 0.000000095 0.999999905 0.000000000
QJ:/crrc/crr: 0.000000000 0.282330442 0.717669558
QJ:/crrc/r: 0.026925327 0.000000000 0.973074673
QJ:/rc/c: 0.000000545 0.999999455 0.000000000
QJ:/rc/crr: 0.000000000 0.003835484 0.996164516
QJ:/rc/r: 0.027250224 0.000000016 0.972749760
QJ:/rrc/c: 0.000000333 0.999999667 0.000000000
QJ:/rrc/crr: 0.000000000 0.131268053 0.868731947
QJ:/rrc/r: 0.000000092 0.000000026 0.999999882
QK:/cc/c: 0.149853221 0.850146779 0.000000000
QK:/cc/crr: 0.000000000 0.999999974 0.000000026
QK:/cc/r: 0.000000189 0.800695444 0.199304367
QK:/crc/c: 0.255563133 0.744436867 0.000000000
QK:/crc/crr: 0.000000000 0.000023272 0.999976728
QK:/crc/r: 0.000000313 0.549684411 0.450315275
QK:/crrc/c: 0.163642560 0.836357440 0.000000000
QK:/crrc/crr: 0.000000000 0.000006831 0.999993169
QK:/crrc/r: 0.000000538 0.370388621 0.629610841
QK:/rc/c: 0.362897433 0.637102567 0.000000000
QK:/rc/crr: 0.000000000 0.000013893 0.999986107
QK:/rc/r: 0.000000028 0.394558105 0.605441867
QK:/rrc/c: 0.417397139 0.582602861 0.000000000
QK:/rrc/crr: 0.000000000 0.096426745 0.903573255
QK:/rrc/r: 0.000000066 0.613917805 0.386082129
QQ:/cc/c: 0.999999985 0.000000015 0.000000000
QQ:/cc/crr: 0.000000000 0.999999995 0.000000005
QQ:/cc/r: 0.999999778 0.000000135 0.000000087
QQ:/crc/c: 0.999999970 0.000000030 0.000000000
QQ:/crc/crr: 0.000000000 0.999999993 0.000000007
QQ:/crc/r: 0.999999968 0.000000023 0.000000009
QQ:/crrc/c: 0.999999994 0.000000006 0.000000000
QQ:/crrc/crr: 0.000000000 0.999999998 0.000000002
QQ:/crrc/r: 0.999999963 0.000000034 0.000000003
QQ:/rc/c: 0.999999989 0.000000011 0.000000000
QQ:/rc/crr: 0.000000000 0.999999998 0.000000002
QQ:/rc/r: 0.999999983 0.000000010 0.000000007
QQ:/rrc/c: 0.999999938 0.000000062 0.000000000
QQ:/rrc/crr: 0.000000000 0.999999980 0.000000020
QQ:/rrc/r: 0.999999811 0.000000163 0.000000026
