J:/c: 0.316177368 0.683822632 0.000000000
J:/crr: 0.000000000 0.999999996 0.000000004
J:/r: 0.050993546 0.107292137 0.841714316
JJ:/cc/c: 0.999999995 0.000000005 0.000000000
JJ:/cc/crr: 0.000000000 0.999999996 0.000000004
JJ:/cc/r: 0.999999986 0.000000009 0.000000004
JJ:/crc/c: 0.999999988 0.000000012 0.000000000
JJ:/crc/crr: 0.000000000 0.999999993 0.000000007
JJ:/crc/r: 0.655759741 0.344240250 0.000000009
JJ:/crrc/c: 0.999999994 0.000000006 0.000000000
JJ:/crrc/crr: 0.000000000 0.999999996 0.000000004
JJ:/crrc/r: 0.999999937 0.000000059 0.000000004
JJ:/rc/c: 0.999999982 0.000000018 0.000000000
JJ:/rc/crr: 0.000000000 0.999999988 0.000000012
JJ:/rc/r: 0.999999974 0.000000012 0.000000014
JJ:/rrc/c: 0.999999958 0.000000042 0.000000000
JJ:/rrc/crr: 0.000000000 0.999999972 0.000000028
JJ:/rrc/r: 0.999999638 0.000000329 0.000000033
JK:/cc/c: 0.008189060 0.991810940 0.000000000
JK:/cc/crr: 0.000000000 0.000000295 0.999999705
JK:/cc/r: 0.000000593 0.000000003 0.999999404
JK:/crc/c: 0.579219661 0.420780339 0.000000000
JK:/crc/crr: 0.000000000 0.000000066 0.999999934
JK:/crc/r: 0.012650295 0.000000091 0.987349614
JK:/crrc/c: 0.410081289 0.589918711 0.000000000
JK:/crrc/crr: 0.000000000 0.000000217 0.999999783
JK:/crrc/r: 0.196563009 0.000000058 0.803436933
JK:/rc/c: 0.407194822 0.592805178 0.000000000
JK:/rc/crr: 0.000000000 0.000000016 0.999999984
JK:/rc/r: 0.346244035 0.000000009 0.653755957
JK:/rrc/c: 0.999999066 0.000000934 0.000000000
JK:/rrc/crr: 0.000000000 0.000000089 0.999999911
JK:/rrc/r: 0.282585479 0.000000122 0.717414398
JQ:/cc/c: 0.077067187 0.922932813 0.000000000
JQ:/cc/crr: 0.000000000 0.000000000 1.000000000
JQ:/cc/r: 0.032522803 0.000000000 0.967477197
JQ:/crc/c: 0.412203657 0.587796343 0.000000000
JQ:/crc/crr: 0.000000000 0.000002681 0.999997319
JQ:/crc/r: 0.119052582 0.000000024 0.880947394
JQ:/crrc/c: 0.039052910 0.960947090 0.000000000
JQ:/crrc/crr: 0.000000000 0.000000581 0.999999419
JQ:/crrc/r: 0.140749001 0.000000011 0.859250988
JQ:/rc/c: 0.999980045 0.000019955 0.000000000
JQ:/rc/crr: 0.000000000 0.000000000 1.000000000
JQ:/rc/r: 0.000000029 0.000000027 0.999999944
JQ:/rrc/c: 0.000011146 0.999988854 0.000000000
JQ:/rrc/crr: 0.000000000 0.014403515 0.985596485
JQ:/rrc/r: 0.407192861 0.000000119 0.592807020
K:/c: 0.999998142 0.000001858 0.000000000
K:/crr: 0.000000000 0.999999999 0.000000001
K:/r: 0.602664492 0.397335507 0.000000001
KJ:/cc/c: 0.013742583 0.986257417 0.000000000
KJ:/cc/crr: 0.000000000 0.957745140 0.042254860
KJ:/cc/r: 0.008904827 0.004903197 0.986191976
KJ:/crc/c: 0.147289611 0.852710389 0.000000000
KJ:/crc/crr: 0.000000000 0.999999986 0.000000014
KJ:/crc/r: 0.000000161 0.698280899 0.301718940
KJ:/crrc/c: 0.339810373 0.660189627 0.000000000
KJ:/crrc/crr: 0.000000000 0.601204648 0.398795352
KJ:/crrc/r: 0.052388495 0.741204026 0.206407479
KJ:/rc/c: 0.424175420 0.575824580 0.000000000
KJ:/rc/crr: 0.000000000 0.678898846 0.321101154
KJ:/rc/r: 0.026100631 0.691043723 0.282855647
KJ:/rrc/c: 0.501070730 0.498929270 0.000000000
KJ:/rrc/crr: 0.000000000 0.999962393 0.000037607
KJ:/rrc/r: 0.044981542 0.866495913 0.088522545
KK:/cc/c: 0.994876907 0.005123093 0.000000000
KK:/cc/crr: 0.000000000 0.996629909 0.003370091
KK:/cc/r: 0.997980508 0.001533020 0.000486472
KK:/crc/c: 0.999999850 0.000000150 0.000000000
KK:/crc/crr: 0.000000000 0.999999939 0.000000061
KK:/crc/r: 0.765567734 0.234432240 0.000000026
KK:/crrc/c: 0.999999994 0.000000006 0.000000000
KK:/crrc/crr: 0.000000000 0.999999996 0.000000004
KK:/crrc/r: 0.999994809 0.000005187 0.000000004
KK:/rc/c: 0.999999978 0.000000022 0.000000000
KK:/rc/crr: 0.000000000 0.999999986 0.000000014
KK:/rc/r: 0.999999968 0.000000015 0.000000018
KK:/rrc/c: 0.999999931 0.000000069 0.000000000
KK:/rrc/crr: 0.000000000 0.999999971 0.000000029
KK:/rrc/r: 0.965223824 0.034776150 0.000000025
KQ:/cc/c: 0.005122849 0.994877151 0.000000000
KQ:/cc/crr: 0.000000000 0.718844230 0.281155770
KQ:/cc/r: 0.026204187 0.967772378 0.006023434
KQ:/crc/c: 0.367583251 0.632416749 0.000000000
KQ:/crc/crr: 0.000000000 0.043809512 0.956190488
KQ:/crc/r: 0.000000019 0.378168534 0.621831446
KQ:/crrc/c: 0.639884057 0.360115943 0.000000000
KQ:/crrc/crr: 0.000000000 0.349702411 0.650297589
KQ:/crrc/r: 0.000006439 0.723688696 0.276304864
KQ:/rc/c: 0.000031604 0.999968396 0.000000000
KQ:/rc/crr: 0.000000000 0.007069535 0.992930465
KQ:/rc/r: 0.000000179 0.263254898 0.736744923
KQ:/rrc/c: 0.536402926 0.463597074 0.000000000
KQ:/rrc/crr: 0.000000000 0.409549767 0.590450233
KQ:/rrc/r: 0.085119474 0.492842705 0.422037821
Q:/c: 0.860474387 0.139525613 0.000000000
Q:/crr: 0.000000000 0.999999962 0.000000038
Q:/r: 0.391633638 0.608366149 0.000000213
QJ:/cc/c: 0.000000548 0.999999452 0.000000000
QJ:/cc/crr: 0.000000000 0.078768114 0.921231886
QJ:/cc/r: 0.000000125 0.000000115 0.999999760
QJ:/crc/c: 0.553106017 0.446893983 0.000000000
QJ:/crc/crr: 0.000000000 0.001250279 0.998749721
QJ:/crc/r: 0.000000062 0.000000007 0.999999931
QJ:/crrc/c: 0.000000107 0.999999893 0.000000000
QJ:/crrc/crr: 0.000000000 0.177875323 0.822124677
QJ:/crrc/r: 0.016873624 0.000000000 0.983126376
QJ:/rc/c: 0.000000615 0.999999385 0.000000000
QJ:/rc/crr: 0.000000000 0.002113077 0.997886923
QJ:/rc/r: 0.017079361 0.000000009 0.982920630
QJ:/rrc/c: 0.000000376 0.999999624 0.000000000
QJ:/rrc/crr: 0.000000000 0.076727000 0.923273000
QJ:/rrc/r: 0.000000057 0.000000014 0.999999929
QK:/cc/c: 0.165830962 0.834169038 0.000000000
QK:/cc/crr: 0.000000000 0.999999952 0.000000048
QK:/cc/r: 0.000000184 0.688425538 0.311574278
QK:/crc/c: 0.279111538 0.720888462 0.000000000
QK:/crc/crr: 0.000000000 0.000012799 0.999987201
QK:/crc/r: 0.000000258 0.401677066 0.598322675
QK:/crrc/c: 0.180777916 0.819222084 0.000000000
QK:/crrc/crr: 0.000000000 0.000003757 0.999996243
QK:/crrc/r: 0.000000401 0.244451365 0.755548235
QK:/rc/c: 0.391139527 0.608860473 0.000000000
QK:/rc/crr: 0.000000000 0.000007641 0.999992359
QK:/rc/r: 0.000000021 0.263846671 0.736153308
QK:/rrc/c: 0.446905432 0.553094568 0.000000000
QK:/rrc/crr: 0.000000000 0.055438228 0.944561772
QK:/rrc/r: 0.000000056 0.466533290 0.533466653
QQ:/cc/c: 0.999999987 0.000000013 0.000000000
QQ:/cc/crr: 0.000000000 0.999999992 0.000000008
QQ:/cc/r: 0.999999740 0.000000119 0.000000140
QQ:/crc/c: 0.999999973 0.000000027 0.000000000
QQ:/crc/crr: 0.000000000 0.999999988 0.000000012
QQ:/crc/r: 0.999999965 0.000000020 0.000000014
QQ:/crrc/c: 0.999999994 0.000000006 0.000000000
QQ:/crrc/crr: 0.000000000 0.999999996 0.000000004
QQ:/crrc/r: 0.999999965 0.000000030 0.000000004
QQ:/rc/c: 0.999999990 0.000000010 0.000000000
QQ:/rc/crr: 0.000000000 0.999999996 0.000000004
QQ:/rc/r: 0.999999980 0.000000009 0.000000011
QQ:/rrc/c: 0.999999945 0.000000055 0.000000000
QQ:/rrc/crr: 0.000000000 0.999999964 0.000000036
QQ:/rrc/r: 0.999999814 0.000000144 0.000000042
