J:/c: 0.276716667 0.723283333 0.000000000
J:/crr: 0.000000000 0.999999997 0.000000003
J:/r: 0.047474124 0.120717460 0.831808416
JJ:/cc/c: 0.999999994 0.000000006 0.000000000
JJ:/cc/crr: 0.000000000 0.999999997 0.000000003
JJ:/cc/r: 0.999999984 0.000000011 0.000000005
JJ:/crc/c: 0.999999986 0.000000014 0.000000000
JJ:/crc/crr: 0.000000000 0.999999994 0.000000006
JJ:/crc/r: 0.611837570 0.388162421 0.000000009
JJ:/crrc/c: 0.999999993 0.000000007 0.000000000
JJ:/crrc/crr: 0.000000000 0.999999997 0.000000003
JJ:/crrc/r: 0.999999924 0.000000071 0.000000005
JJ:/rc/c: 0.999999978 0.000000022 0.000000000
JJ:/rc/crr: 0.000000000 0.999999989 0.000000011
JJ:/rc/r: 0.999999970 0.000000014 0.000000015
JJ:/rrc/c: 0.999999949 0.000000051 0.000000000
JJ:/rrc/crr: 0.000000000 0.999999976 0.000000024
JJ:/rrc/r: 0.999999567 0.000000397 0.000000035
JK:/cc/c: 0.006785592 0.993214408 0.000000000
JK:/cc/crr: 0.000000000 0.000000336 0.999999664
JK:/cc/r: 0.000000558 0.000000004 0.999999438
JK:/crc/c: 0.532493929 0.467506071 0.000000000
JK:/crc/crr: 0.000000000 0.000000075 0.999999925
JK:/crc/r: 0.011926202 0.000000103 0.988073694
JK:/crrc/c: 0.365159155 0.634840845 0.000000000
JK:/crrc/crr: 0.000000000 0.000000247 0.999999753
JK:/crrc/r: 0.187308971 0.000000066 0.812690963
JK:/rc/c: 0.362394642 0.637605358 0.000000000
JK:/rc/crr: 0.000000000 0.000000018 0.999999982
JK:/rc/r: 0.332862635 0.000000010 0.667137355
JK:/rrc/c: 0.999998871 0.000001129 0.000000000
JK:/rrc/crr: 0.000000000 0.000000101 0.999999899
JK:/rrc/r: 0.270645805 0.000000142 0.729354053
JQ:/cc/c: 0.064628365 0.935371635 0.000000000
JQ:/cc/crr: 0.000000000 0.000000000 1.000000000
JQ:/cc/r: 0.030696588 0.000000000 0.969303412
JQ:/crc/c: 0.367193745 0.632806255 0.000000000
JQ:/crc/crr: 0.000000000 0.000003053 0.999996947
JQ:/crc/r: 0.112934738 0.000000027 0.887065235
JQ:/crrc/c: 0.032533400 0.967466600 0.000000000
JQ:/crrc/crr: 0.000000000 0.000000661 0.999999339
JQ:/crrc/r: 0.133685420 0.000000013 0.866314568
JQ:/rc/c: 0.999975884 0.000024116 0.000000000
JQ:/rc/crr: 0.000000000 0.000000000 1.000000000
JQ:/rc/r: 0.000000027 0.000000030 0.999999942
JQ:/rrc/c: 0.000009222 0.999990778 0.000000000
JQ:/rrc/crr: 0.000000000 0.016366145 0.983633855
JQ:/rrc/r: 0.392871478 0.000000138 0.607128383
K:/c: 0.999997754 0.000002246 0.000000000
K:/crr: 0.000000000 0.999999999 0.000000001
K:/r: 0.556549005 0.443450994 0.000000001
KJ:/cc/c: 0.011398271 0.988601729 0.000000000
KJ:/cc/crr: 0.000000000 0.962694605 0.037305395
KJ:/cc/r: 0.008387600 0.005581514 0.986030887
KJ:/crc/c: 0.125052431 0.874947569 0.000000000
KJ:/crc/crr: 0.000000000 0.999999987 0.000000013
KJ:/crc/r: 0.000000138 0.724892404 0.275107458
KJ:/crrc/c: 0.298688473 0.701311527 0.000000000
KJ:/crrc/crr: 0.000000000 0.631864275 0.368135725
KJ:/crrc/r: 0.044881524 0.767414294 0.187704182
KJ:/rc/c: 0.378700486 0.621299514 0.000000000
KJ:/rc/crr: 0.000000000 0.706501307 0.293498693
KJ:/rc/r: 0.022471436 0.719027983 0.258500581
KJ:/rrc/c: 0.453849543 0.546150457 0.000000000
KJ:/rrc/crr: 0.000000000 0.999966969 0.000033031
KJ:/rrc/r: 0.037922589 0.882857493 0.079219917
KK:/cc/c: 0.993815153 0.006184847 0.000000000
KK:/cc/crr: 0.000000000 0.997038743 0.002961257
KK:/cc/r: 0.997631728 0.001852066 0.000516206
KK:/crc/c: 0.999999819 0.000000181 0.000000000
KK:/crc/crr: 0.000000000 0.999999946 0.000000054
KK:/crc/r: 0.729885026 0.270114948 0.000000026
KK:/crrc/c: 0.999999993 0.000000007 0.000000000
KK:/crrc/crr: 0.000000000 0.999999997 0.000000003
KK:/crrc/r: 0.999993727 0.000006268 0.000000005
KK:/rc/c: 0.999999973 0.000000027 0.000000000
KK:/rc/crr: 0.000000000 0.999999987 0.000000013
KK:/rc/r: 0.999999963 0.000000018 0.000000019
KK:/rrc/c: 0.999999917 0.000000083 0.000000000
KK:/rrc/crr: 0.000000000 0.999999975 0.000000025
KK:/rrc/r: 0.958274262 0.041725711 0.000000027
KQ:/cc/c: 0.004242630 0.995757370 0.000000000
KQ:/cc/crr: 0.000000000 0.744306176 0.255693824
KQ:/cc/r: 0.021797078 0.972884429 0.005318493
KQ:/crc/c: 0.324753704 0.675246296 0.000000000
KQ:/crc/crr: 0.000000000 0.049577465 0.950422535
KQ:/crc/r: 0.000000017 0.409122712 0.590877271
KQ:/crrc/c: 0.595186726 0.404813274 0.000000000
KQ:/crrc/crr: 0.000000000 0.379749495 0.620250505
KQ:/crrc/r: 0.000005514 0.748865446 0.251129041
KQ:/rc/c: 0.000026150 0.999973850 0.000000000
KQ:/rc/crr: 0.000000000 0.008040987 0.991959013
KQ:/rc/r: 0.000000163 0.289177250 0.710822588
KQ:/rrc/c: 0.489116250 0.510883750 0.000000000
KQ:/rrc/crr: 0.000000000 0.441249885 0.558750115
KQ:/rrc/r: 0.075411809 0.527690423 0.396897768
Q:/c: 0.836145524 0.163854476 0.000000000
Q:/crr: 0.000000000 0.999999966 0.000000034
Q:/r: 0.347541806 0.652457994 0.000000201
QJ:/cc/c: 0.000000453 0.999999547 0.000000000
QJ:/cc/crr: 0.000000000 0.088711695 0.911288305
QJ:/cc/r: 0.000000118 0.000000131 0.999999752
QJ:/crc/c: 0.505953874 0.494046126 0.000000000
QJ:/crc/crr: 0.000000000 0.001423231 0.998576769
QJ:/crc/r: 0.000000058 0.000000009 0.999999934
QJ:/crrc/c: 0.000000088 0.999999912 0.000000000
QJ:/crrc/crr: 0.000000000 0.197645856 0.802354144
QJ:/crrc/r: 0.015911688 0.000000000 0.984088312
QJ:/rc/c: 0.000000509 0.999999491 0.000000000
QJ:/rc/crr: 0.000000000 0.002405093 0.997594907
QJ:/rc/r: 0.016105888 0.000000010 0.983894102
QJ:/rrc/c: 0.000000311 0.999999689 0.000000000
QJ:/rrc/crr: 0.000000000 0.086437090 0.913562910
QJ:/rrc/r: 0.000000054 0.000000016 0.999999930
QK:/cc/c: 0.141258211 0.858741789 0.000000000
QK:/cc/crr: 0.000000000 0.999999958 0.000000042
QK:/cc/r: 0.000000158 0.715552194 0.284447648
QK:/crc/c: 0.242635444 0.757364556 0.000000000
QK:/crc/crr: 0.000000000 0.000014572 0.999985428
QK:/crc/r: 0.000000231 0.433214918 0.566784851
QK:/crrc/c: 0.154400287 0.845599713 0.000000000
QK:/crrc/crr: 0.000000000 0.000004277 0.999995723
QK:/crrc/r: 0.000000365 0.269198701 0.730800934
QK:/rc/c: 0.347071578 0.652928422 0.000000000
QK:/rc/crr: 0.000000000 0.000008699 0.999991301
QK:/rc/r: 0.000000019 0.289804371 0.710195610
QK:/rrc/c: 0.400689343 0.599310657 0.000000000
QK:/rrc/crr: 0.000000000 0.062636922 0.937363078
QK:/rrc/r: 0.000000050 0.498917161 0.501082789
QQ:/cc/c: 0.999999984 0.000000016 0.000000000
QQ:/cc/crr: 0.000000000 0.999999993 0.000000007
QQ:/cc/r: 0.999999707 0.000000144 0.000000149
QQ:/crc/c: 0.999999968 0.000000032 0.000000000
QQ:/crc/crr: 0.000000000 0.999999989 0.000000011
QQ:/crc/r: 0.999999960 0.000000024 0.000000015
QQ:/crrc/c: 0.999999993 0.000000007 0.000000000
QQ:/crrc/crr: 0.000000000 0.999999997 0.000000003
QQ:/crrc/r: 0.999999959 0.000000037 0.000000005
QQ:/rc/c: 0.999999988 0.000000012 0.000000000
QQ:/rc/crr: 0.000000000 0.999999997 0.000000003
QQ:/rc/r: 0.999999977 0.000000011 0.000000012
QQ:/rrc/c: 0.999999933 0.000000067 0.000000000
QQ:/rrc/crr: 0.000000000 0.999999968 0.000000032
QQ:/rrc/r: 0.999999781 0.000000174 0.000000045
