J:/c: 0.322473606 0.677526394 0.000000000
J:/crr: 0.000000000 0.999999997 0.000000003
J:/r: 0.056749736 0.115994095 0.827256169
JJ:/cc/c: 0.999999996 0.000000004 0.000000000
JJ:/cc/crr: 0.000000000 0.999999997 0.000000003
JJ:/cc/r: 0.999999987 0.000000009 0.000000004
JJ:/crc/c: 0.999999988 0.000000012 0.000000000
JJ:/crc/crr: 0.000000000 0.999999993 0.000000007
JJ:/crc/r: 0.662269122 0.337730870 0.000000008
JJ:/crrc/c: 0.999999995 0.000000005 0.000000000
JJ:/crrc/crr: 0.000000000 0.999999997 0.000000003
JJ:/crrc/r: 0.999999939 0.000000057 0.000000004
JJ:/rc/c: 0.999999982 0.000000018 0.000000000
JJ:/rc/crr: 0.000000000 0.999999989 0.000000011
JJ:/rc/r: 0.999999976 0.000000012 0.000000013
JJ:/rrc/c: 0.999999959 0.000000041 0.000000000
JJ:/rrc/crr: 0.000000000 0.999999975 0.000000025
JJ:/rrc/r: 0.999999651 0.000000319 0.000000029
JK:/cc/c: 0.008427722 0.991572278 0.000000000
JK:/cc/crr: 0.000000000 0.000000325 0.999999675
JK:/cc/r: 0.000000671 0.000000004 0.999999325
JK:/crc/c: 0.586263210 0.413736790 0.000000000
JK:/crc/crr: 0.000000000 0.000000072 0.999999928
JK:/crc/r: 0.014300380 0.000000100 0.985699521
JK:/crrc/c: 0.417106882 0.582893118 0.000000000
JK:/crrc/crr: 0.000000000 0.000000239 0.999999761
JK:/crrc/r: 0.216931669 0.000000062 0.783068269
JK:/rc/c: 0.414205686 0.585794314 0.000000000
JK:/rc/crr: 0.000000000 0.000000017 0.999999983
JK:/rc/r: 0.374885983 0.000000009 0.625114008
JK:/rrc/c: 0.999999092 0.000000908 0.000000000
JK:/rrc/crr: 0.000000000 0.000000098 0.999999902
JK:/rrc/r: 0.308445979 0.000000130 0.691553891
JQ:/cc/c: 0.079153027 0.920846973 0.000000000
JQ:/cc/crr: 0.000000000 0.000000000 1.000000000
JQ:/cc/r: 0.036668758 0.000000000 0.963331242
JQ:/crc/c: 0.419239770 0.580760230 0.000000000
JQ:/crc/crr: 0.000000000 0.000002949 0.999997051
JQ:/crc/r: 0.132716056 0.000000026 0.867283918
JQ:/crrc/c: 0.040154649 0.959845351 0.000000000
JQ:/crrc/crr: 0.000000000 0.000000639 0.999999361
JQ:/crrc/r: 0.156460292 0.000000012 0.843539696
JQ:/rc/c: 0.999980615 0.000019385 0.000000000
JQ:/rc/crr: 0.000000000 0.000000000 1.000000000
JQ:/rc/r: 0.000000033 0.000000029 0.999999938
JQ:/rrc/c: 0.000011473 0.999988527 0.000000000
JQ:/rrc/crr: 0.000000000 0.015821078 0.984178922
JQ:/rrc/r: 0.437502563 0.000000124 0.562497314
K:/c: 0.999998195 0.000001805 0.000000000
K:/crr: 0.000000000 0.999999999 0.000000001
K:/r: 0.609580120 0.390419879 0.000000001
KJ:/cc/c: 0.014140788 0.985859212 0.000000000
KJ:/cc/crr: 0.000000000 0.961438362 0.038561638
KJ:/cc/r: 0.010066412 0.005384532 0.984549056
KJ:/crc/c: 0.150965156 0.849034844 0.000000000
KJ:/crc/crr: 0.000000000 0.999999987 0.000000013
KJ:/crc/r: 0.000000171 0.717974206 0.282025623
KJ:/crrc/c: 0.346338873 0.653661127 0.000000000
KJ:/crrc/crr: 0.000000000 0.623820721 0.376179279
KJ:/crrc/r: 0.054873450 0.754194675 0.190931875
KJ:/rc/c: 0.431265952 0.568734048 0.000000000
KJ:/rc/crr: 0.000000000 0.699312486 0.300687514
KJ:/rc/r: 0.027555191 0.708724273 0.263720536
KJ:/rrc/c: 0.508311967 0.491688033 0.000000000
KJ:/rrc/crr: 0.000000000 0.999965812 0.000034188
KJ:/rrc/r: 0.046617145 0.872362921 0.081019934
KK:/cc/c: 0.995022456 0.004977544 0.000000000
KK:/cc/crr: 0.000000000 0.996935342 0.003064658
KK:/cc/r: 0.998080938 0.001489398 0.000429663
KK:/crc/c: 0.999999855 0.000000145 0.000000000
KK:/crc/crr: 0.000000000 0.999999944 0.000000056
KK:/crc/r: 0.770726686 0.229273291 0.000000023
KK:/crrc/c: 0.999999995 0.000000005 0.000000000
KK:/crrc/crr: 0.000000000 0.999999997 0.000000003
KK:/crrc/r: 0.999994957 0.000005039 0.000000004
KK:/rc/c: 0.999999979 0.000000021 0.000000000
KK:/rc/crr: 0.000000000 0.999999987 0.000000013
KK:/rc/r: 0.999999970 0.000000014 0.000000016
KK:/rrc/c: 0.999999933 0.000000067 0.000000000
KK:/rrc/crr: 0.000000000 0.999999974 0.000000026
KK:/rrc/r: 0.966183193 0.033816784 0.000000023
KQ:/cc/c: 0.005272624 0.994727376 0.000000000
KQ:/cc/crr: 0.000000000 0.737699546 0.262300454
KQ:/cc/r: 0.026968369 0.967557000 0.005474631
KQ:/crc/c: 0.374342778 0.625657222 0.000000000
KQ:/crc/crr: 0.000000000 0.047980264 0.952019736
KQ:/crc/r: 0.000000021 0.400827357 0.599172622
KQ:/crrc/c: 0.646531823 0.353468177 0.000000000
KQ:/crrc/crr: 0.000000000 0.371675084 0.628324916
KQ:/crrc/r: 0.000006799 0.742334989 0.257658211
KQ:/rc/c: 0.000032532 0.999967468 0.000000000
KQ:/rc/crr: 0.000000000 0.007770995 0.992229005
KQ:/rc/r: 0.000000198 0.282152576 0.717847226
KQ:/rrc/c: 0.543598449 0.456401551 0.000000000
KQ:/rrc/crr: 0.000000000 0.432780239 0.567219761
KQ:/rrc/r: 0.090880739 0.511176178 0.397943083
Q:/c: 0.863916055 0.136083945 0.000000000
Q:/crr: 0.000000000 0.999999965 0.000000035
Q:/r: 0.398556717 0.601443092 0.000000192
QJ:/cc/c: 0.000000564 0.999999436 0.000000000
QJ:/cc/crr: 0.000000000 0.085967773 0.914032227
QJ:/cc/r: 0.000000141 0.000000126 0.999999732
QJ:/crc/c: 0.560254825 0.439745175 0.000000000
QJ:/crc/crr: 0.000000000 0.001375135 0.998624865
QJ:/crc/r: 0.000000070 0.000000008 0.999999922
QJ:/crrc/c: 0.000000110 0.999999890 0.000000000
QJ:/crrc/crr: 0.000000000 0.192243321 0.807756679
QJ:/crrc/r: 0.019063957 0.000000000 0.980936043
QJ:/rc/c: 0.000000633 0.999999367 0.000000000
QJ:/rc/crr: 0.000000000 0.002323894 0.997676106
QJ:/rc/r: 0.019295875 0.000000010 0.980704115
QJ:/rrc/c: 0.000000387 0.999999613 0.000000000
QJ:/rrc/crr: 0.000000000 0.083757057 0.916242943
QJ:/rrc/r: 0.000000065 0.000000016 0.999999920
QK:/cc/c: 0.169877021 0.830122979 0.000000000
QK:/cc/crr: 0.000000000 0.999999956 0.000000044
QK:/cc/r: 0.000000194 0.708493568 0.291506237
QK:/crc/c: 0.284977264 0.715022736 0.000000000
QK:/crc/crr: 0.000000000 0.000014079 0.999985921
QK:/crc/r: 0.000000281 0.424782230 0.575217488
QK:/crrc/c: 0.185107735 0.814892265 0.000000000
QK:/crrc/crr: 0.000000000 0.000004133 0.999995867
QK:/crrc/r: 0.000000443 0.262480125 0.737519432
QK:/rc/c: 0.398059579 0.601940421 0.000000000
QK:/rc/crr: 0.000000000 0.000008405 0.999991595
QK:/rc/r: 0.000000023 0.282770531 0.717229446
QK:/rrc/c: 0.454076299 0.545923701 0.000000000
QK:/rrc/crr: 0.000000000 0.060645841 0.939354159
QK:/rrc/r: 0.000000061 0.490311932 0.509688007
QQ:/cc/c: 0.999999988 0.000000012 0.000000000
QQ:/cc/crr: 0.000000000 0.999999992 0.000000008
QQ:/cc/r: 0.999999760 0.000000116 0.000000124
QQ:/crc/c: 0.999999974 0.000000026 0.000000000
QQ:/crc/crr: 0.000000000 0.999999989 0.000000011
QQ:/crc/r: 0.999999968 0.000000020 0.000000013
QQ:/crrc/c: 0.999999995 0.000000005 0.000000000
QQ:/crrc/crr: 0.000000000 0.999999997 0.000000003
QQ:/crrc/r: 0.999999967 0.000000029 0.000000004
QQ:/rc/c: 0.999999990 0.000000010 0.000000000
QQ:/rc/crr: 0.000000000 0.999999997 0.000000003
QQ:/rc/r: 0.999999981 0.000000009 0.000000010
QQ:/rrc/c: 0.999999946 0.000000054 0.000000000
QQ:/rrc/crr: 0.000000000 0.999999967 0.000000033
QQ:/rrc/r: 0.999999823 0.000000140 0.000000037
