J:/c: 0.232775258 0.767224742 0.000000000
J:/crr: 0.000000000 0.999999997 0.000000003
J:/r: 0.038076065 0.122089366 0.839834568
JJ:/cc/c: 0.999999993 0.000000007 0.000000000
JJ:/cc/crr: 0.000000000 0.999999997 0.000000003
JJ:/cc/r: 0.999999980 0.000000014 0.000000006
JJ:/crc/c: 0.999999982 0.000000018 0.000000000
JJ:/crc/crr: 0.000000000 0.999999994 0.000000006
JJ:/crc/r: 0.555555547 0.444444442 0.000000010
JJ:/crrc/c: 0.999999992 0.000000008 0.000000000
JJ:/crrc/crr: 0.000000000 0.999999997 0.000000003
JJ:/crrc/r: 0.999999904 0.000000090 0.000000006
JJ:/rc/c: 0.999999972 0.000000028 0.000000000
JJ:/rc/crr: 0.000000000 0.999999989 0.000000011
JJ:/rc/r: 0.999999963 0.000000018 0.000000019
JJ:/rrc/c: 0.999999936 0.000000064 0.000000000
JJ:/rrc/crr: 0.000000000 0.999999976 0.000000024
JJ:/rrc/r: 0.999999454 0.000000501 0.000000044
JK:/cc/c: 0.005388718 0.994611282 0.000000000
JK:/cc/crr: 0.000000000 0.000000337 0.999999663
JK:/cc/r: 0.000000443 0.000000004 0.999999553
JK:/crc/c: 0.474586850 0.525413150 0.000000000
JK:/crc/crr: 0.000000000 0.000000075 0.999999925
JK:/crc/r: 0.009497148 0.000000104 0.990502748
JK:/crrc/c: 0.313256082 0.686743918 0.000000000
JK:/crrc/crr: 0.000000000 0.000000247 0.999999753
JK:/crrc/r: 0.154753706 0.000000069 0.845246225
JK:/rc/c: 0.310692204 0.689307796 0.000000000
JK:/rc/crr: 0.000000000 0.000000018 0.999999982
JK:/rc/r: 0.283845109 0.000000011 0.716154881
JK:/rrc/c: 0.999998576 0.000001424 0.000000000
JK:/rrc/crr: 0.000000000 0.000000101 0.999999899
JK:/rrc/r: 0.227663758 0.000000150 0.772336092
JQ:/cc/c: 0.051946827 0.948053173 0.000000000
JQ:/cc/crr: 0.000000000 0.000000000 1.000000000
JQ:/cc/r: 0.024539446 0.000000000 0.975460554
JQ:/crc/c: 0.315145038 0.684854962 0.000000000
JQ:/crc/crr: 0.000000000 0.000003058 0.999996942
JQ:/crc/r: 0.091845213 0.000000028 0.908154760
JQ:/crrc/c: 0.025974731 0.974025269 0.000000000
JQ:/crrc/crr: 0.000000000 0.000000663 0.999999337
JQ:/crrc/r: 0.109197908 0.000000013 0.890802079
JQ:/rc/c: 0.999969589 0.000030411 0.000000000
JQ:/rc/crr: 0.000000000 0.000000000 1.000000000
JQ:/rc/r: 0.000000022 0.000000030 0.999999948
JQ:/rrc/c: 0.000007314 0.999992686 0.000000000
JQ:/rrc/crr: 0.000000000 0.016393498 0.983606502
JQ:/rrc/r: 0.339514240 0.000000151 0.660485609
K:/c: 0.999997168 0.000002832 0.000000000
K:/crr: 0.000000000 0.999999999 0.000000001
K:/r: 0.498817126 0.501182873 0.000000001
KJ:/cc/c: 0.009060499 0.990939501 0.000000000
KJ:/cc/crr: 0.000000000 0.962755528 0.037244472
KJ:/cc/r: 0.006674334 0.005600604 0.987725062
KJ:/crc/c: 0.101804788 0.898195212 0.000000000
KJ:/crc/crr: 0.000000000 0.999999987 0.000000013
KJ:/crc/r: 0.000000110 0.725230862 0.274769028
KJ:/crrc/c: 0.252475948 0.747524052 0.000000000
KJ:/crrc/crr: 0.000000000 0.632259099 0.367740901
KJ:/crrc/r: 0.035937486 0.774858918 0.189203596
KJ:/rc/c: 0.325860632 0.674139368 0.000000000
KJ:/rc/crr: 0.000000000 0.706853221 0.293146779
KJ:/rc/r: 0.017911591 0.722706195 0.259382214
KJ:/rrc/c: 0.397228096 0.602771904 0.000000000
KJ:/rrc/crr: 0.000000000 0.999967025 0.000032975
KJ:/rrc/r: 0.030315615 0.889962397 0.079721988
KK:/cc/c: 0.992213520 0.007786480 0.000000000
KK:/cc/crr: 0.000000000 0.997043751 0.002956249
KK:/cc/r: 0.997016571 0.002334002 0.000649427
KK:/crc/c: 0.999999772 0.000000228 0.000000000
KK:/crc/crr: 0.000000000 0.999999946 0.000000054
KK:/crc/r: 0.681818147 0.318181822 0.000000031
KK:/crrc/c: 0.999999992 0.000000008 0.000000000
KK:/crrc/crr: 0.000000000 0.999999997 0.000000003
KK:/crrc/r: 0.999992090 0.000007904 0.000000006
KK:/rc/c: 0.999999966 0.000000034 0.000000000
KK:/rc/crr: 0.000000000 0.999999987 0.000000013
KK:/rc/r: 0.999999954 0.000000022 0.000000024
KK:/rrc/c: 0.999999895 0.000000105 0.000000000
KK:/rrc/crr: 0.000000000 0.999999975 0.000000025
KK:/rrc/r: 0.947950961 0.052049006 0.000000033
KQ:/cc/c: 0.003367473 0.996632527 0.000000000
KQ:/cc/crr: 0.000000000 0.744629145 0.255370855
KQ:/cc/r: 0.017364141 0.977302278 0.005333582
KQ:/crc/c: 0.276096055 0.723903945 0.000000000
KQ:/crc/crr: 0.000000000 0.049657522 0.950342478
KQ:/crc/r: 0.000000014 0.409533188 0.590466798
KQ:/crrc/c: 0.538312214 0.461687786 0.000000000
KQ:/crrc/crr: 0.000000000 0.380149459 0.619850541
KQ:/crrc/r: 0.000004374 0.749185444 0.250810181
KQ:/rc/c: 0.000020738 0.999979262 0.000000000
KQ:/rc/crr: 0.000000000 0.008054540 0.991945460
KQ:/rc/r: 0.000000129 0.289526359 0.710473512
KQ:/rrc/c: 0.431571752 0.568428248 0.000000000
KQ:/rrc/crr: 0.000000000 0.441668500 0.558331500
KQ:/rrc/r: 0.060793325 0.536424240 0.402782435
Q:/c: 0.801854338 0.198145662 0.000000000
Q:/crr: 0.000000000 0.999999966 0.000000034
Q:/r: 0.296971441 0.703028343 0.000000216
QJ:/cc/c: 0.000000359 0.999999641 0.000000000
QJ:/cc/crr: 0.000000000 0.088849038 0.911150962
QJ:/cc/r: 0.000000093 0.000000131 0.999999776
QJ:/crc/c: 0.448166189 0.551833811 0.000000000
QJ:/crc/crr: 0.000000000 0.001425646 0.998574354
QJ:/crc/r: 0.000000046 0.000000009 0.999999945
QJ:/crrc/c: 0.000000070 0.999999930 0.000000000
QJ:/crrc/crr: 0.000000000 0.197915223 0.802084777
QJ:/crrc/r: 0.012681313 0.000000000 0.987318687
QJ:/rc/c: 0.000000404 0.999999596 0.000000000
QJ:/rc/crr: 0.000000000 0.002409169 0.997590831
QJ:/rc/r: 0.012836600 0.000000010 0.987163389
QJ:/rrc/c: 0.000000246 0.999999754 0.000000000
QJ:/rrc/crr: 0.000000000 0.086571246 0.913428754
QJ:/rrc/r: 0.000000043 0.000000016 0.999999941
QK:/cc/c: 0.115395202 0.884604798 0.000000000
QK:/cc/crr: 0.000000000 0.999999958 0.000000042
QK:/cc/r: 0.000000125 0.715897642 0.284102233
QK:/crc/c: 0.202590110 0.797409890 0.000000000
QK:/crc/crr: 0.000000000 0.000014597 0.999985403
QK:/crc/r: 0.000000183 0.433631846 0.566367971
QK:/crrc/c: 0.126485502 0.873514498 0.000000000
QK:/crrc/crr: 0.000000000 0.000004285 0.999995715
QK:/crrc/r: 0.000000290 0.269532848 0.730466862
QK:/rc/c: 0.296538539 0.703461461 0.000000000
QK:/rc/crr: 0.000000000 0.000008714 0.999991286
QK:/rc/r: 0.000000015 0.290153920 0.709846065
QK:/rrc/c: 0.346492440 0.653507560 0.000000000
QK:/rrc/crr: 0.000000000 0.062736676 0.937263324
QK:/rrc/r: 0.000000040 0.499341598 0.500658362
QQ:/cc/c: 0.999999980 0.000000020 0.000000000
QQ:/cc/crr: 0.000000000 0.999999993 0.000000007
QQ:/cc/r: 0.999999630 0.000000182 0.000000188
QQ:/crc/c: 0.999999959 0.000000041 0.000000000
QQ:/crc/crr: 0.000000000 0.999999989 0.000000011
QQ:/crc/r: 0.999999950 0.000000031 0.000000019
QQ:/crrc/c: 0.999999992 0.000000008 0.000000000
QQ:/crrc/crr: 0.000000000 0.999999997 0.000000003
QQ:/crrc/r: 0.999999948 0.000000046 0.000000006
QQ:/rc/c: 0.999999985 0.000000015 0.000000000
QQ:/rc/crr: 0.000000000 0.999999997 0.000000003
QQ:/rc/r: 0.999999971 0.000000014 0.000000015
QQ:/rrc/c: 0.999999916 0.000000084 0.000000000
QQ:/rrc/crr: 0.000000000 0.999999968 0.000000032
QQ:/rrc/r: 0.999999724 0.000000220 0.000000056
