J:/c: 0.307993540 0.692006460 0.000000000
J:/crr: 0.000000000 0.999999997 0.000000003
J:/r: 0.054442730 0.119000401 0.826556869
JJ:/cc/c: 0.999999995 0.000000005 0.000000000
JJ:/cc/crr: 0.000000000 0.999999997 0.000000003
JJ:/cc/r: 0.999999986 0.000000010 0.000000004
JJ:/crc/c: 0.999999988 0.000000012 0.000000000
JJ:/crc/crr: 0.000000000 0.999999994 0.000000006
JJ:/crc/r: 0.647103943 0.352896048 0.000000008
JJ:/crrc/c: 0.999999994 0.000000006 0.000000000
JJ:/crrc/crr: 0.000000000 0.999999997 0.000000003
JJ:/crrc/r: 0.999999935 0.000000061 0.000000004
JJ:/rc/c: 0.999999981 0.000000019 0.000000000
JJ:/rc/crr: 0.000000000 0.999999989 0.000000011
JJ:/rc/r: 0.999999974 0.000000012 0.000000013
JJ:/rrc/c: 0.999999956 0.000000044 0.000000000
JJ:/rrc/crr: 0.000000000 0.999999976 0.000000024
JJ:/rrc/r: 0.999999628 0.000000342 0.000000030
JK:/cc/c: 0.007885174 0.992114826 0.000000000
JK:/cc/crr: 0.000000000 0.000000333 0.999999667
JK:/cc/r: 0.000000644 0.000000004 0.999999352
JK:/crc/c: 0.569901575 0.430098425 0.000000000
JK:/crc/crr: 0.000000000 0.000000074 0.999999926
JK:/crc/r: 0.013738471 0.000000102 0.986261427
JK:/crrc/c: 0.400891812 0.599108188 0.000000000
JK:/crrc/crr: 0.000000000 0.000000245 0.999999755
JK:/crrc/r: 0.210104845 0.000000064 0.789895091
JK:/rc/c: 0.398026386 0.601973614 0.000000000
JK:/rc/crr: 0.000000000 0.000000018 0.999999982
JK:/rc/r: 0.365407908 0.000000009 0.634592082
JK:/rrc/c: 0.999999029 0.000000971 0.000000000
JK:/rrc/crr: 0.000000000 0.000000100 0.999999900
JK:/rrc/r: 0.299841957 0.000000135 0.700157908
JQ:/cc/c: 0.074399045 0.925600955 0.000000000
JQ:/cc/crr: 0.000000000 0.000000000 1.000000000
JQ:/cc/r: 0.035259362 0.000000000 0.964740638
JQ:/crc/c: 0.402999110 0.597000890 0.000000000
JQ:/crc/crr: 0.000000000 0.000003028 0.999996972
JQ:/crc/r: 0.128105923 0.000000026 0.871894051
JQ:/crrc/c: 0.037647176 0.962352824 0.000000000
JQ:/crrc/crr: 0.000000000 0.000000656 0.999999344
JQ:/crrc/r: 0.151169123 0.000000012 0.848830864
JQ:/rc/c: 0.999979269 0.000020731 0.000000000
JQ:/rc/crr: 0.000000000 0.000000000 1.000000000
JQ:/rc/r: 0.000000031 0.000000030 0.999999938
JQ:/rrc/c: 0.000010729 0.999989271 0.000000000
JQ:/rrc/crr: 0.000000000 0.016237976 0.983762024
JQ:/rrc/r: 0.427524088 0.000000130 0.572475783
K:/c: 0.999997900 0.000002100 0.000000000
K:/crr: 0.000000000 0.999999999 0.000000001
K:/r: 0.573038152 0.426961847 0.000000001
KJ:/cc/c: 0.012179580 0.987820420 0.000000000
KJ:/cc/crr: 0.000000000 0.963600736 0.036399264
KJ:/cc/r: 0.009192762 0.005720364 0.985086874
KJ:/crc/c: 0.132579528 0.867420472 0.000000000
KJ:/crc/crr: 0.000000000 0.999999988 0.000000012
KJ:/crc/r: 0.000000149 0.729954376 0.270045475
KJ:/crrc/c: 0.312928991 0.687071009 0.000000000
KJ:/crrc/crr: 0.000000000 0.637782657 0.362217343
KJ:/crrc/r: 0.048073655 0.768657274 0.183269071
KJ:/rc/c: 0.394609283 0.605390717 0.000000000
KJ:/rc/crr: 0.000000000 0.711767132 0.288232868
KJ:/rc/r: 0.024150467 0.722609755 0.253239778
KJ:/rrc/c: 0.470524454 0.529475546 0.000000000
KJ:/rrc/crr: 0.000000000 0.999967801 0.000032199
KJ:/rrc/r: 0.040528372 0.882297587 0.077174041
KK:/cc/c: 0.994214157 0.005785843 0.000000000
KK:/cc/crr: 0.000000000 0.997113172 0.002886828
KK:/cc/r: 0.997797205 0.001732175 0.000470620
KK:/crc/c: 0.999999831 0.000000169 0.000000000
KK:/crc/crr: 0.000000000 0.999999947 0.000000053
KK:/crc/r: 0.742906247 0.257093729 0.000000024
KK:/crrc/c: 0.999999994 0.000000006 0.000000000
KK:/crrc/crr: 0.000000000 0.999999997 0.000000003
KK:/crrc/r: 0.999994134 0.000005862 0.000000004
KK:/rc/c: 0.999999975 0.000000025 0.000000000
KK:/rc/crr: 0.000000000 0.999999988 0.000000012
KK:/rc/r: 0.999999966 0.000000017 0.000000017
KK:/rrc/c: 0.999999922 0.000000078 0.000000000
KK:/rrc/crr: 0.000000000 0.999999975 0.000000025
KK:/rrc/r: 0.960875862 0.039124114 0.000000025
KQ:/cc/c: 0.004535697 0.995464303 0.000000000
KQ:/cc/crr: 0.000000000 0.749134567 0.250865433
KQ:/cc/r: 0.023277521 0.971545186 0.005177293
KQ:/crc/c: 0.339635104 0.660364896 0.000000000
KQ:/crc/crr: 0.000000000 0.050794364 0.949205636
KQ:/crc/r: 0.000000019 0.415308432 0.584691549
KQ:/crrc/c: 0.611242730 0.388757270 0.000000000
KQ:/crrc/crr: 0.000000000 0.385781064 0.614218936
KQ:/crrc/r: 0.000005934 0.753635843 0.246358224
KQ:/rc/c: 0.000027965 0.999972035 0.000000000
KQ:/rc/crr: 0.000000000 0.008247203 0.991752797
KQ:/rc/r: 0.000000177 0.294453185 0.705546637
KQ:/rrc/c: 0.505886686 0.494113314 0.000000000
KQ:/rrc/crr: 0.000000000 0.447553430 0.552446570
KQ:/rrc/r: 0.081031398 0.530220474 0.388748128
Q:/c: 0.855834418 0.144165582 0.000000000
Q:/crr: 0.000000000 0.999999966 0.000000034
Q:/r: 0.382589459 0.617410350 0.000000192
QJ:/cc/c: 0.000000527 0.999999473 0.000000000
QJ:/cc/crr: 0.000000000 0.088067687 0.911932313
QJ:/cc/r: 0.000000136 0.000000130 0.999999735
QJ:/crc/c: 0.543665245 0.456334755 0.000000000
QJ:/crc/crr: 0.000000000 0.001411917 0.998588083
QJ:/crc/r: 0.000000067 0.000000008 0.999999925
QJ:/crrc/c: 0.000000103 0.999999897 0.000000000
QJ:/crrc/crr: 0.000000000 0.196381454 0.803618546
QJ:/crrc/r: 0.018318350 0.000000000 0.981681650
QJ:/rc/c: 0.000000592 0.999999408 0.000000000
QJ:/rc/crr: 0.000000000 0.002385992 0.997614008
QJ:/rc/r: 0.018541369 0.000000010 0.981458620
QJ:/rrc/c: 0.000000361 0.999999639 0.000000000
QJ:/rrc/crr: 0.000000000 0.085808040 0.914191960
QJ:/rrc/r: 0.000000062 0.000000016 0.999999922
QK:/cc/c: 0.160624563 0.839375437 0.000000000
QK:/cc/crr: 0.000000000 0.999999957 0.000000043
QK:/cc/r: 0.000000183 0.713922609 0.286077208
QK:/crc/c: 0.271506187 0.728493813 0.000000000
QK:/crc/crr: 0.000000000 0.000014456 0.999985544
QK:/crc/r: 0.000000267 0.431253487 0.568746246
QK:/crrc/c: 0.175200807 0.824799193 0.000000000
QK:/crrc/crr: 0.000000000 0.000004243 0.999995757
QK:/crrc/r: 0.000000422 0.267629222 0.732370356
QK:/rc/c: 0.382099583 0.617900417 0.000000000
QK:/rc/crr: 0.000000000 0.000008630 0.999991370
QK:/rc/r: 0.000000022 0.288162141 0.711837836
QK:/rrc/c: 0.437502753 0.562497247 0.000000000
QK:/rrc/crr: 0.000000000 0.062169292 0.937830708
QK:/rrc/r: 0.000000058 0.496919073 0.503080869
QQ:/cc/c: 0.999999987 0.000000013 0.000000000
QQ:/cc/crr: 0.000000000 0.999999993 0.000000007
QQ:/cc/r: 0.999999747 0.000000124 0.000000129
QQ:/crc/c: 0.999999972 0.000000028 0.000000000
QQ:/crc/crr: 0.000000000 0.999999989 0.000000011
QQ:/crc/r: 0.999999966 0.000000021 0.000000013
QQ:/crrc/c: 0.999999994 0.000000006 0.000000000
QQ:/crrc/crr: 0.000000000 0.999999997 0.000000003
QQ:/crrc/r: 0.999999964 0.000000031 0.000000004
QQ:/rc/c: 0.999999990 0.000000010 0.000000000
QQ:/rc/crr: 0.000000000 0.999999997 0.000000003
QQ:/rc/r: 0.999999980 0.000000010 0.000000010
QQ:/rrc/c: 0.999999943 0.000000057 0.000000000
QQ:/rrc/crr: 0.000000000 0.999999968 0.000000032
QQ:/rrc/r: 0.999999812 0.000000150 0.000000039
