J:/c: 0.405748659 0.594251341 0.000000000
J:/crr: 0.000000000 0.999999996 0.000000004
J:/r: 0.064729678 0.092226668 0.843043654
JJ:/cc/c: 0.999999997 0.000000003 0.000000000
JJ:/cc/crr: 0.000000000 0.999999996 0.000000004
JJ:/cc/r: 0.999999990 0.000000006 0.000000003
JJ:/crc/c: 0.999999992 0.000000008 0.000000000
JJ:/crc/crr: 0.000000000 0.999999992 0.000000008
JJ:/crc/r: 0.737745090 0.262254902 0.000000008
JJ:/crrc/c: 0.999999996 0.000000004 0.000000000
JJ:/crrc/crr: 0.000000000 0.999999996 0.000000004
JJ:/crrc/r: 0.999999957 0.000000040 0.000000003
JJ:/rc/c: 0.999999988 0.000000012 0.000000000
JJ:/rc/crr: 0.000000000 0.999999986 0.000000014
JJ:/rc/r: 0.999999981 0.000000008 0.000000011
JJ:/rrc/c: 0.999999971 0.000000029 0.000000000
JJ:/rrc/crr: 0.000000000 0.999999968 0.000000032
JJ:/rrc/r: 0.999999751 0.000000223 0.000000026
JK:/cc/c: 0.012045963 0.987954037 0.000000000
JK:/cc/crr: 0.000000000 0.000000253 0.999999747
JK:/cc/r: 0.000000751 0.000000003 0.999999246
JK:/crc/c: 0.670268040 0.329731960 0.000000000
JK:/crc/crr: 0.000000000 0.000000056 0.999999944
JK:/crc/r: 0.015978540 0.000000078 0.984021382
JK:/crrc/c: 0.506548980 0.493451020 0.000000000
JK:/crrc/crr: 0.000000000 0.000000186 0.999999814
JK:/crrc/r: 0.236679142 0.000000047 0.763320811
JK:/rc/c: 0.503563116 0.496436884 0.000000000
JK:/rc/crr: 0.000000000 0.000000014 0.999999986
JK:/rc/r: 0.401637296 0.000000007 0.598362698
JK:/rrc/c: 0.999999367 0.000000633 0.000000000
JK:/rrc/crr: 0.000000000 0.000000076 0.999999924
JK:/rrc/r: 0.332981677 0.000000098 0.667018226
JQ:/cc/c: 0.109773958 0.890226042 0.000000000
JQ:/cc/crr: 0.000000000 0.000000000 1.000000000
JQ:/cc/r: 0.040863045 0.000000000 0.959136955
JQ:/crc/c: 0.508740052 0.491259948 0.000000000
JQ:/crc/crr: 0.000000000 0.000002301 0.999997699
JQ:/crc/r: 0.146228886 0.000000020 0.853771094
JQ:/crrc/c: 0.056616352 0.943383648 0.000000000
JQ:/crrc/crr: 0.000000000 0.000000499 0.999999501
JQ:/crrc/r: 0.171911494 0.000000009 0.828088497
JQ:/rc/c: 0.999986487 0.000013513 0.000000000
JQ:/rc/crr: 0.000000000 0.000000000 1.000000000
JQ:/rc/r: 0.000000037 0.000000023 0.999999940
JQ:/rrc/c: 0.000016459 0.999983541 0.000000000
JQ:/rrc/crr: 0.000000000 0.012386810 0.987613190
JQ:/rrc/r: 0.465395531 0.000000092 0.534604377
K:/c: 0.999998742 0.000001258 0.000000000
K:/crr: 0.000000000 0.999999999 0.000000001
K:/r: 0.691343196 0.308656803 0.000000001
KJ:/cc/c: 0.020161925 0.979838075 0.000000000
KJ:/cc/crr: 0.000000000 0.951106344 0.048893656
KJ:/cc/r: 0.011266704 0.004200985 0.984532311
KJ:/crc/c: 0.203235715 0.796764285 0.000000000
KJ:/crc/crr: 0.000000000 0.999999983 0.000000017
KJ:/crc/r: 0.000000227 0.665130139 0.334869635
KJ:/crrc/c: 0.431848663 0.568151337 0.000000000
KJ:/crrc/crr: 0.000000000 0.564046937 0.435953063
KJ:/crrc/r: 0.073048335 0.699862223 0.227089442
KJ:/rc/c: 0.521030283 0.478969717 0.000000000
KJ:/rc/crr: 0.000000000 0.644702115 0.355297885
KJ:/rc/r: 0.036390320 0.652440309 0.311169371
KJ:/rrc/c: 0.597271630 0.402728370 0.000000000
KJ:/rrc/crr: 0.000000000 0.999956181 0.000043819
KJ:/rrc/r: 0.064113011 0.836332043 0.099554946
KK:/cc/c: 0.996525026 0.003474974 0.000000000
KK:/cc/crr: 0.000000000 0.996075389 0.003924611
KK:/cc/r: 0.998577184 0.001038742 0.000384074
KK:/crc/c: 0.999999899 0.000000101 0.000000000
KK:/crc/crr: 0.000000000 0.999999929 0.000000071
KK:/crc/r: 0.828250374 0.171749604 0.000000022
KK:/crrc/c: 0.999999996 0.000000004 0.000000000
KK:/crrc/crr: 0.000000000 0.999999996 0.000000004
KK:/crrc/r: 0.999996484 0.000003512 0.000000003
KK:/rc/c: 0.999999985 0.000000015 0.000000000
KK:/rc/crr: 0.000000000 0.999999983 0.000000017
KK:/rc/r: 0.999999976 0.000000010 0.000000014
KK:/rrc/c: 0.999999953 0.000000047 0.000000000
KK:/rrc/crr: 0.000000000 0.999999966 0.000000034
KK:/rrc/r: 0.976183085 0.023816895 0.000000020
KQ:/cc/c: 0.007546609 0.992453391 0.000000000
KQ:/cc/crr: 0.000000000 0.686939918 0.313060082
KQ:/cc/r: 0.038181417 0.954893537 0.006925046
KQ:/crc/c: 0.461881110 0.538118890 0.000000000
KQ:/crc/crr: 0.000000000 0.037833582 0.962166418
KQ:/crc/r: 0.000000026 0.342941478 0.657058496
KQ:/crrc/c: 0.724059382 0.275940618 0.000000000
KQ:/crrc/crr: 0.000000000 0.315780446 0.684219554
KQ:/crrc/r: 0.000009094 0.692097321 0.307893585
KQ:/rc/c: 0.000046669 0.999953331 0.000000000
KQ:/rc/crr: 0.000000000 0.006073368 0.993926632
KQ:/rc/r: 0.000000236 0.234692170 0.765307594
KQ:/rrc/c: 0.630810763 0.369189237 0.000000000
KQ:/rrc/crr: 0.000000000 0.373153684 0.626846316
KQ:/rrc/r: 0.113211401 0.443884474 0.442904125
Q:/c: 0.901060373 0.098939627 0.000000000
Q:/crr: 0.000000000 0.999999955 0.000000045
Q:/r: 0.487346762 0.512653029 0.000000209
QJ:/cc/c: 0.000000809 0.999999191 0.000000000
QJ:/cc/crr: 0.000000000 0.068364521 0.931635479
QJ:/cc/r: 0.000000158 0.000000098 0.999999743
QJ:/crc/c: 0.646354946 0.353645054 0.000000000
QJ:/crc/crr: 0.000000000 0.001073216 0.998926784
QJ:/crc/r: 0.000000078 0.000000006 0.999999916
QJ:/crrc/c: 0.000000158 0.999999842 0.000000000
QJ:/crrc/crr: 0.000000000 0.156607033 0.843392967
QJ:/crrc/r: 0.021289054 0.000000000 0.978710946
QJ:/rc/c: 0.000000908 0.999999092 0.000000000
QJ:/rc/crr: 0.000000000 0.001814048 0.998185952
QJ:/rc/r: 0.021547446 0.000000008 0.978452546
QJ:/rrc/c: 0.000000555 0.999999445 0.000000000
QJ:/rrc/crr: 0.000000000 0.066573513 0.933426487
QJ:/rrc/r: 0.000000072 0.000000012 0.999999916
QK:/cc/c: 0.226945380 0.773054620 0.000000000
QK:/cc/crr: 0.000000000 0.999999944 0.000000056
QK:/cc/r: 0.000000258 0.654727358 0.345272384
QK:/crc/c: 0.363768183 0.636231817 0.000000000
QK:/crc/crr: 0.000000000 0.000010985 0.999989015
QK:/crc/r: 0.000000347 0.365547447 0.634452205
QK:/crrc/c: 0.245777799 0.754222201 0.000000000
QK:/crrc/crr: 0.000000000 0.000003224 0.999996776
QK:/crrc/r: 0.000000526 0.217326967 0.782672507
QK:/rc/c: 0.486828541 0.513171459 0.000000000
QK:/rc/crr: 0.000000000 0.000006558 0.999993442
QK:/rc/r: 0.000000028 0.235240248 0.764759724
QK:/rrc/c: 0.544046720 0.455953280 0.000000000
QK:/rrc/crr: 0.000000000 0.047955612 0.952044388
QK:/rrc/r: 0.000000077 0.428750368 0.571249555
QQ:/cc/c: 0.999999991 0.000000009 0.000000000
QQ:/cc/crr: 0.000000000 0.999999990 0.000000010
QQ:/cc/r: 0.999999808 0.000000081 0.000000111
QQ:/crc/c: 0.999999982 0.000000018 0.000000000
QQ:/crc/crr: 0.000000000 0.999999986 0.000000014
QQ:/crc/r: 0.999999975 0.000000014 0.000000011
QQ:/crrc/c: 0.999999996 0.000000004 0.000000000
QQ:/crrc/crr: 0.000000000 0.999999996 0.000000004
QQ:/crrc/r: 0.999999976 0.000000021 0.000000003
QQ:/rc/c: 0.999999993 0.000000007 0.000000000
QQ:/rc/crr: 0.000000000 0.999999996 0.000000004
QQ:/rc/r: 0.999999985 0.000000006 0.000000009
QQ:/rrc/c: 0.999999963 0.000000037 0.000000000
QQ:/rrc/crr: 0.000000000 0.999999958 0.000000042
QQ:/rrc/r: 0.999999869 0.000000098 0.000000033
