J:/c: 0.334009219 0.665990781 0.000000000
J:/crr: 0.000000000 0.999999996 0.000000004
J:/r: 0.054551795 0.105817818 0.839630387
JJ:/cc/c: 0.999999996 0.000000004 0.000000000
JJ:/cc/crr: 0.000000000 0.999999996 0.000000004
JJ:/cc/r: 0.999999987 0.000000008 0.000000004
JJ:/crc/c: 0.999999989 0.000000011 0.000000000
JJ:/crc/crr: 0.000000000 0.999999993 0.000000007
JJ:/crc/r: 0.673870326 0.326129665 0.000000009
JJ:/crrc/c: 0.999999995 0.000000005 0.000000000
JJ:/crrc/crr: 0.000000000 0.999999996 0.000000004
JJ:/crrc/r: 0.999999942 0.000000054 0.000000004
JJ:/rc/c: 0.999999983 0.000000017 0.000000000
JJ:/rc/crr: 0.000000000 0.999999988 0.000000012
JJ:/rc/r: 0.999999976 0.000000011 0.000000013
JJ:/rrc/c: 0.999999961 0.000000039 0.000000000
JJ:/rrc/crr: 0.000000000 0.999999972 0.000000028
JJ:/rrc/r: 0.999999666 0.000000303 0.000000031
JK:/cc/c: 0.008876381 0.991123619 0.000000000
JK:/cc/crr: 0.000000000 0.000000292 0.999999708
JK:/cc/r: 0.000000636 0.000000003 0.999999361
JK:/crc/c: 0.598893988 0.401106012 0.000000000
JK:/crc/crr: 0.000000000 0.000000065 0.999999935
JK:/crc/r: 0.013554181 0.000000090 0.986445729
JK:/crrc/c: 0.429879856 0.570120144 0.000000000
JK:/crrc/crr: 0.000000000 0.000000214 0.999999786
JK:/crrc/r: 0.207841570 0.000000056 0.792158374
JK:/rc/c: 0.426954892 0.573045108 0.000000000
JK:/rc/crr: 0.000000000 0.000000016 0.999999984
JK:/rc/r: 0.362238884 0.000000008 0.637761107
JK:/rrc/c: 0.999999139 0.000000861 0.000000000
JK:/rrc/crr: 0.000000000 0.000000088 0.999999912
JK:/rrc/r: 0.296975459 0.000000119 0.703024423
JQ:/cc/c: 0.083051466 0.916948534 0.000000000
JQ:/cc/crr: 0.000000000 0.000000000 1.000000000
JQ:/cc/r: 0.034796573 0.000000000 0.965203427
JQ:/crc/c: 0.432029648 0.567970352 0.000000000
JQ:/crc/crr: 0.000000000 0.000002651 0.999997349
JQ:/crc/r: 0.126584396 0.000000023 0.873415581
JQ:/crrc/c: 0.042220409 0.957779591 0.000000000
JQ:/crrc/crr: 0.000000000 0.000000574 0.999999426
JQ:/crrc/r: 0.149420616 0.000000011 0.850579373
JQ:/rc/c: 0.999981603 0.000018397 0.000000000
JQ:/rc/crr: 0.000000000 0.000000000 1.000000000
JQ:/rc/r: 0.000000031 0.000000026 0.999999943
JQ:/rrc/c: 0.000012089 0.999987911 0.000000000
JQ:/rrc/crr: 0.000000000 0.014243168 0.985756832
JQ:/rrc/r: 0.424176448 0.000000114 0.575823438
K:/c: 0.999997977 0.000002023 0.000000000
K:/crr: 0.000000000 0.999999999 0.000000001
K:/r: 0.582182863 0.417817136 0.000000001
KJ:/cc/c: 0.012638893 0.987361107 0.000000000
KJ:/cc/crr: 0.000000000 0.964626727 0.035373273
KJ:/cc/r: 0.009823186 0.005887776 0.984289038
KJ:/crc/c: 0.136949843 0.863050157 0.000000000
KJ:/crc/crr: 0.000000000 0.999999988 0.000000012
KJ:/crc/r: 0.000000156 0.735760211 0.264239633
KJ:/crrc/c: 0.321043975 0.678956025 0.000000000
KJ:/crrc/crr: 0.000000000 0.644605336 0.355394664
KJ:/crrc/r: 0.050086060 0.771371823 0.178542117
KJ:/rc/c: 0.403598181 0.596401819 0.000000000
KJ:/rc/crr: 0.000000000 0.717812831 0.282187169
KJ:/rc/r: 0.025236348 0.727320940 0.247442712
KJ:/rrc/c: 0.479871895 0.520128105 0.000000000
KJ:/rrc/crr: 0.000000000 0.999968742 0.000031258
KJ:/rrc/r: 0.042106105 0.882921925 0.074971970
KK:/cc/c: 0.994425828 0.005574172 0.000000000
KK:/cc/crr: 0.000000000 0.997197291 0.002802709
KK:/cc/r: 0.997891291 0.001668607 0.000440102
KK:/crc/c: 0.999999837 0.000000163 0.000000000
KK:/crc/crr: 0.000000000 0.999999949 0.000000051
KK:/crc/r: 0.749999971 0.250000006 0.000000023
KK:/crrc/c: 0.999999994 0.000000006 0.000000000
KK:/crrc/crr: 0.000000000 0.999999997 0.000000003
KK:/crrc/r: 0.999994350 0.000005646 0.000000004
KK:/rc/c: 0.999999976 0.000000024 0.000000000
KK:/rc/crr: 0.000000000 0.999999988 0.000000012
KK:/rc/r: 0.999999968 0.000000016 0.000000016
KK:/rrc/c: 0.999999925 0.000000075 0.000000000
KK:/rrc/crr: 0.000000000 0.999999976 0.000000024
KK:/rrc/r: 0.962260892 0.037739085 0.000000023
KQ:/cc/c: 0.004708120 0.995291880 0.000000000
KQ:/cc/crr: 0.000000000 0.754666638 0.245333362
KQ:/cc/r: 0.024148776 0.970828921 0.005022303
KQ:/crc/c: 0.348091771 0.651908229 0.000000000
KQ:/crc/crr: 0.000000000 0.052243415 0.947756585
KQ:/crc/r: 0.000000020 0.422527372 0.577472608
KQ:/crrc/c: 0.620111633 0.379888367 0.000000000
KQ:/crrc/crr: 0.000000000 0.392831588 0.607168412
KQ:/crrc/r: 0.000006205 0.759100266 0.240893529
KQ:/rc/c: 0.000029033 0.999970967 0.000000000
KQ:/rc/crr: 0.000000000 0.008493338 0.991506662
KQ:/rc/r: 0.000000188 0.300651604 0.699348208
KQ:/rrc/c: 0.515252997 0.484747003 0.000000000
KQ:/rrc/crr: 0.000000000 0.454896792 0.545103208
KQ:/rrc/r: 0.084827410 0.534639038 0.380533552
Q:/c: 0.849973953 0.150026047 0.000000000
Q:/crr: 0.000000000 0.999999968 0.000000032
Q:/r: 0.371616256 0.628383561 0.000000183
QJ:/cc/c: 0.000000503 0.999999497 0.000000000
QJ:/cc/crr: 0.000000000 0.093275500 0.906724500
QJ:/cc/r: 0.000000138 0.000000138 0.999999724
QJ:/crc/c: 0.532053338 0.467946662 0.000000000
QJ:/crc/crr: 0.000000000 0.001503860 0.998496140
QJ:/crc/r: 0.000000068 0.000000009 0.999999923
QJ:/crrc/c: 0.000000098 0.999999902 0.000000000
QJ:/crrc/crr: 0.000000000 0.206543635 0.793456365
QJ:/crrc/r: 0.018616729 0.000000000 0.981383271
QJ:/rc/c: 0.000000565 0.999999435 0.000000000
QJ:/rc/crr: 0.000000000 0.002541205 0.997458795
QJ:/rc/r: 0.018843311 0.000000011 0.981156678
QJ:/rrc/c: 0.000000345 0.999999655 0.000000000
QJ:/rrc/crr: 0.000000000 0.090895549 0.909104451
QJ:/rrc/r: 0.000000063 0.000000017 0.999999920
QK:/cc/c: 0.154425307 0.845574693 0.000000000
QK:/cc/crr: 0.000000000 0.999999960 0.000000040
QK:/cc/r: 0.000000178 0.726649837 0.273349985
QK:/crc/c: 0.262365122 0.737634878 0.000000000
QK:/crc/crr: 0.000000000 0.000015399 0.999984601
QK:/crc/r: 0.000000264 0.446812023 0.553187713
QK:/crrc/c: 0.168551952 0.831448048 0.000000000
QK:/crrc/crr: 0.000000000 0.000004520 0.999995480
QK:/crrc/r: 0.000000422 0.280192792 0.719806786
QK:/rc/c: 0.371131980 0.628868020 0.000000000
QK:/rc/crr: 0.000000000 0.000009193 0.999990807
QK:/rc/r: 0.000000022 0.301293069 0.698706909
QK:/rrc/c: 0.426041370 0.573958630 0.000000000
QK:/rrc/crr: 0.000000000 0.065956390 0.934043610
QK:/rrc/r: 0.000000057 0.512711020 0.487288923
QQ:/cc/c: 0.999999986 0.000000014 0.000000000
QQ:/cc/crr: 0.000000000 0.999999993 0.000000007
QQ:/cc/r: 0.999999743 0.000000130 0.000000127
QQ:/crc/c: 0.999999971 0.000000029 0.000000000
QQ:/crc/crr: 0.000000000 0.999999990 0.000000010
QQ:/crc/r: 0.999999965 0.000000022 0.000000013
QQ:/crrc/c: 0.999999994 0.000000006 0.000000000
QQ:/crrc/crr: 0.000000000 0.999999997 0.000000003
QQ:/crrc/r: 0.999999963 0.000000033 0.000000004
QQ:/rc/c: 0.999999989 0.000000011 0.000000000
QQ:/rc/crr: 0.000000000 0.999999997 0.000000003
QQ:/rc/r: 0.999999980 0.000000010 0.000000010
QQ:/rrc/c: 0.999999940 0.000000060 0.000000000
QQ:/rrc/crr: 0.000000000 0.999999970 0.000000030
QQ:/rrc/r: 0.999999805 0.000000157 0.000000038
