J:/c: 0.364947716 0.635052284 0.000000000
J:/crr: 0.000000000 0.999999996 0.000000004
J:/r: 0.053295196 0.090220844 0.856483960
JJ:/cc/c: 0.999999996 0.000000004 0.000000000
JJ:/cc/crr: 0.000000000 0.999999996 0.000000004
JJ:/cc/r: 0.999999988 0.000000007 0.000000004
JJ:/crc/c: 0.999999990 0.000000010 0.000000000
JJ:/crc/crr: 0.000000000 0.999999991 0.000000009
JJ:/crc/r: 0.703056760 0.296943231 0.000000010
JJ:/crrc/c: 0.999999996 0.000000004 0.000000000
JJ:/crrc/crr: 0.000000000 0.999999996 0.000000004
JJ:/crrc/r: 0.999999948 0.000000047 0.000000004
JJ:/rc/c: 0.999999985 0.000000015 0.000000000
JJ:/rc/crr: 0.000000000 0.999999985 0.000000015
JJ:/rc/r: 0.999999976 0.000000010 0.000000014
JJ:/rrc/c: 0.999999966 0.000000034 0.000000000
JJ:/rrc/crr: 0.000000000 0.999999967 0.000000033
JJ:/rrc/r: 0.999999703 0.000000265 0.000000032
JK:/cc/c: 0.010157924 0.989842076 0.000000000
JK:/cc/crr: 0.000000000 0.000000244 0.999999756
JK:/cc/r: 0.000000609 0.000000003 0.999999389
JK:/crc/c: 0.631117255 0.368882745 0.000000000
JK:/crc/crr: 0.000000000 0.000000054 0.999999946
JK:/crc/r: 0.012988831 0.000000075 0.987011094
JK:/crrc/c: 0.463518109 0.536481891 0.000000000
JK:/crrc/crr: 0.000000000 0.000000179 0.999999821
JK:/crrc/r: 0.200822197 0.000000047 0.799177755
JK:/rc/c: 0.460549157 0.539450843 0.000000000
JK:/rc/crr: 0.000000000 0.000000013 0.999999987
JK:/rc/r: 0.352324283 0.000000007 0.647675710
JK:/rrc/c: 0.999999248 0.000000752 0.000000000
JK:/rrc/crr: 0.000000000 0.000000073 0.999999927
JK:/rrc/r: 0.288040383 0.000000100 0.711959517
JQ:/cc/c: 0.094026206 0.905973794 0.000000000
JQ:/cc/crr: 0.000000000 0.000000000 1.000000000
JQ:/cc/r: 0.033375171 0.000000000 0.966624829
JQ:/crc/c: 0.465698713 0.534301287 0.000000000
JQ:/crc/crr: 0.000000000 0.000002216 0.999997784
JQ:/crc/r: 0.121887044 0.000000019 0.878112936
JQ:/crrc/c: 0.048082506 0.951917494 0.000000000
JQ:/crrc/crr: 0.000000000 0.000000480 0.999999520
JQ:/crrc/r: 0.144015576 0.000000009 0.855984415
JQ:/rc/c: 0.999983945 0.000016055 0.000000000
JQ:/rc/crr: 0.000000000 0.000000000 1.000000000
JQ:/rc/r: 0.000000030 0.000000022 0.999999948
JQ:/rrc/c: 0.000013853 0.999986147 0.000000000
JQ:/rrc/crr: 0.000000000 0.011932744 0.988067256
JQ:/rrc/r: 0.413666181 0.000000097 0.586333722
K:/c: 0.999998505 0.000001495 0.000000000
K:/crr: 0.000000000 0.999999999 0.000000001
K:/r: 0.653400788 0.346599211 0.000000001
KJ:/cc/c: 0.017023740 0.982976260 0.000000000
KJ:/cc/crr: 0.000000000 0.949317977 0.050682023
KJ:/cc/r: 0.009151847 0.004054420 0.986793733
KJ:/crc/c: 0.176742205 0.823257795 0.000000000
KJ:/crc/crr: 0.000000000 0.999999983 0.000000017
KJ:/crc/r: 0.000000188 0.656657747 0.343342064
KJ:/crrc/c: 0.390146279 0.609853721 0.000000000
KJ:/crrc/crr: 0.000000000 0.554729143 0.445270857
KJ:/crrc/r: 0.061655211 0.701839443 0.236505346
KJ:/rc/c: 0.477960795 0.522039205 0.000000000
KJ:/rc/crr: 0.000000000 0.635995704 0.364004296
KJ:/rc/r: 0.030438565 0.648402733 0.321158702
KJ:/rrc/c: 0.555205248 0.444794752 0.000000000
KJ:/rrc/crr: 0.000000000 0.999954493 0.000045507
KJ:/rrc/r: 0.054304047 0.841648031 0.104047923
KK:/cc/c: 0.995873960 0.004126040 0.000000000
KK:/cc/crr: 0.000000000 0.995924792 0.004075208
KK:/cc/r: 0.998292408 0.001233814 0.000473778
KK:/crc/c: 0.999999880 0.000000120 0.000000000
KK:/crc/crr: 0.000000000 0.999999926 0.000000074
KK:/crc/r: 0.802325550 0.197674423 0.000000026
KK:/crrc/c: 0.999999996 0.000000004 0.000000000
KK:/crrc/crr: 0.000000000 0.999999996 0.000000004
KK:/crrc/r: 0.999995823 0.000004173 0.000000004
KK:/rc/c: 0.999999982 0.000000018 0.000000000
KK:/rc/crr: 0.000000000 0.999999983 0.000000017
KK:/rc/r: 0.999999971 0.000000012 0.000000017
KK:/rrc/c: 0.999999945 0.000000055 0.000000000
KK:/rrc/crr: 0.000000000 0.999999965 0.000000035
KK:/rrc/r: 0.971828521 0.028171454 0.000000025
KQ:/cc/c: 0.006359242 0.993640758 0.000000000
KQ:/cc/crr: 0.000000000 0.678752788 0.321247212
KQ:/cc/r: 0.032322382 0.960443951 0.007233667
KQ:/crc/c: 0.419419520 0.580580480 0.000000000
KQ:/crc/crr: 0.000000000 0.036481163 0.963518837
KQ:/crc/r: 0.000000021 0.334473912 0.665526067
KQ:/crrc/c: 0.688325604 0.311674396 0.000000000
KQ:/crrc/crr: 0.000000000 0.307669485 0.692330515
KQ:/crrc/r: 0.000007564 0.683984230 0.316008206
KQ:/rc/c: 0.000039280 0.999960720 0.000000000
KQ:/rc/crr: 0.000000000 0.005849364 0.994150636
KQ:/rc/r: 0.000000193 0.227970059 0.772029748
KQ:/rrc/c: 0.589841890 0.410158110 0.000000000
KQ:/rrc/crr: 0.000000000 0.364353803 0.635646197
KQ:/rrc/r: 0.095367140 0.444267252 0.460365608
Q:/c: 0.884594532 0.115405468 0.000000000
Q:/crr: 0.000000000 0.999999953 0.000000047
Q:/r: 0.444477779 0.555521985 0.000000236
QJ:/cc/c: 0.000000681 0.999999319 0.000000000
QJ:/cc/crr: 0.000000000 0.065995585 0.934004415
QJ:/cc/r: 0.000000128 0.000000095 0.999999777
QJ:/crc/c: 0.606033718 0.393966282 0.000000000
QJ:/crc/crr: 0.000000000 0.001033441 0.998966559
QJ:/crc/r: 0.000000063 0.000000006 0.999999931
QJ:/crrc/c: 0.000000133 0.999999867 0.000000000
QJ:/crrc/crr: 0.000000000 0.151678184 0.848321816
QJ:/crrc/r: 0.017323198 0.000000000 0.982676802
QJ:/rc/c: 0.000000764 0.999999236 0.000000000
QJ:/rc/crr: 0.000000000 0.001746864 0.998253136
QJ:/rc/r: 0.017534318 0.000000008 0.982465675
QJ:/rrc/c: 0.000000467 0.999999533 0.000000000
QJ:/rrc/crr: 0.000000000 0.064262357 0.935737643
QJ:/rrc/r: 0.000000059 0.000000012 0.999999930
QK:/cc/c: 0.198129685 0.801870315 0.000000000
QK:/cc/crr: 0.000000000 0.999999942 0.000000058
QK:/cc/r: 0.000000214 0.646131801 0.353867985
QK:/crc/c: 0.324880793 0.675119207 0.000000000
QK:/crc/crr: 0.000000000 0.000010577 0.999989423
QK:/crc/r: 0.000000285 0.356824858 0.643174857
QK:/crrc/c: 0.215236678 0.784763322 0.000000000
QK:/crrc/crr: 0.000000000 0.000003105 0.999996895
QK:/crrc/r: 0.000000430 0.210965139 0.789034431
QK:/rc/c: 0.443965670 0.556034330 0.000000000
QK:/rc/crr: 0.000000000 0.000006314 0.999993686
QK:/rc/r: 0.000000023 0.228507118 0.771492860
QK:/rrc/c: 0.501065000 0.498935000 0.000000000
QK:/rrc/crr: 0.000000000 0.046258762 0.953741238
QK:/rrc/r: 0.000000063 0.419516846 0.580483091
QQ:/cc/c: 0.999999990 0.000000010 0.000000000
QQ:/cc/crr: 0.000000000 0.999999990 0.000000010
QQ:/cc/r: 0.999999767 0.000000096 0.000000137
QQ:/crc/c: 0.999999979 0.000000021 0.000000000
QQ:/crc/crr: 0.000000000 0.999999985 0.000000015
QQ:/crc/r: 0.999999970 0.000000016 0.000000014
QQ:/crrc/c: 0.999999996 0.000000004 0.000000000
QQ:/crrc/crr: 0.000000000 0.999999996 0.000000004
QQ:/crrc/r: 0.999999971 0.000000024 0.000000004
QQ:/rc/c: 0.999999992 0.000000008 0.000000000
QQ:/rc/crr: 0.000000000 0.999999996 0.000000004
QQ:/rc/r: 0.999999982 0.000000007 0.000000011
QQ:/rrc/c: 0.999999956 0.000000044 0.000000000
QQ:/rrc/crr: 0.000000000 0.999999956 0.000000044
QQ:/rrc/r: 0.999999843 0.000000116 0.000000041
