J:/c: 0.320290455 0.679709545 0.000000000
J:/crr: 0.000000000 0.999999995 0.000000005
J:/r: 0.042421701 0.087580505 0.869997794
JJ:/cc/c: 0.999999995 0.000000005 0.000000000
JJ:/cc/crr: 0.000000000 0.999999995 0.000000005
JJ:/cc/r: 0.999999985 0.000000009 0.000000005
JJ:/crc/c: 0.999999988 0.000000012 0.000000000
JJ:/crc/crr: 0.000000000 0.999999991 0.000000009
JJ:/crc/r: 0.660026551 0.339973438 0.000000011
JJ:/crrc/c: 0.999999995 0.000000005 0.000000000
JJ:/crrc/crr: 0.000000000 0.999999995 0.000000005
JJ:/crrc/r: 0.999999937 0.000000058 0.000000005
JJ:/rc/c: 0.999999982 0.000000018 0.000000000
JJ:/rc/crr: 0.000000000 0.999999985 0.000000015
JJ:/rc/r: 0.999999970 0.000000012 0.000000018
JJ:/rrc/c: 0.999999959 0.000000041 0.000000000
JJ:/rrc/crr: 0.000000000 0.999999965 0.000000035
JJ:/rrc/r: 0.999999636 0.000000323 0.000000041
JK:/cc/c: 0.008344481 0.991655519 0.000000000
JK:/cc/crr: 0.000000000 0.000000233 0.999999767
JK:/cc/r: 0.000000477 0.000000003 0.999999520
JK:/crc/c: 0.583833097 0.416166903 0.000000000
JK:/crc/crr: 0.000000000 0.000000052 0.999999948
JK:/crc/r: 0.010206892 0.000000072 0.989793036
JK:/crrc/c: 0.414675179 0.585324821 0.000000000
JK:/crrc/crr: 0.000000000 0.000000171 0.999999829
JK:/crrc/r: 0.164515810 0.000000047 0.835484143
JK:/rc/c: 0.411778948 0.588221052 0.000000000
JK:/rc/crr: 0.000000000 0.000000012 0.999999988
JK:/rc/r: 0.298871105 0.000000007 0.701128888
JK:/rrc/c: 0.999999083 0.000000917 0.000000000
JK:/rrc/crr: 0.000000000 0.000000070 0.999999930
JK:/rrc/r: 0.240715332 0.000000102 0.759284566
JQ:/cc/c: 0.078426480 0.921573520 0.000000000
JQ:/cc/crr: 0.000000000 0.000000000 1.000000000
JQ:/cc/r: 0.026343438 0.000000000 0.973656562
JQ:/crc/c: 0.416804524 0.583195476 0.000000000
JQ:/crc/crr: 0.000000000 0.000002118 0.999997882
JQ:/crc/r: 0.098099519 0.000000019 0.901900462
JQ:/crrc/c: 0.039770609 0.960229391 0.000000000
JQ:/crrc/crr: 0.000000000 0.000000459 0.999999541
JQ:/crrc/r: 0.116482305 0.000000009 0.883517686
JQ:/rc/c: 0.999980420 0.000019580 0.000000000
JQ:/rc/crr: 0.000000000 0.000000000 1.000000000
JQ:/rc/r: 0.000000023 0.000000021 0.999999956
JQ:/rrc/c: 0.000011359 0.999988641 0.000000000
JQ:/rrc/crr: 0.000000000 0.011409637 0.988590363
JQ:/rrc/r: 0.356022196 0.000000102 0.643977702
K:/c: 0.999998176 0.000001824 0.000000000
K:/crr: 0.000000000 0.999999998 0.000000002
K:/r: 0.607195200 0.392804799 0.000000001
KJ:/cc/c: 0.014001916 0.985998084 0.000000000
KJ:/cc/crr: 0.000000000 0.947090682 0.052909318
KJ:/cc/r: 0.007187022 0.003883019 0.988929959
KJ:/crc/c: 0.149686593 0.850313407 0.000000000
KJ:/crc/crr: 0.000000000 0.999999982 0.000000018
KJ:/crc/r: 0.000000152 0.646360222 0.353639626
KJ:/crrc/c: 0.344076204 0.655923796 0.000000000
KJ:/crrc/crr: 0.000000000 0.543499763 0.456500237
KJ:/crrc/r: 0.050561938 0.701927470 0.247510592
KJ:/rc/c: 0.428812429 0.571187571 0.000000000
KJ:/rc/crr: 0.000000000 0.625431939 0.374568061
KJ:/rc/r: 0.024725817 0.642350200 0.332923983
KJ:/rrc/c: 0.505809948 0.494190052 0.000000000
KJ:/rrc/crr: 0.000000000 0.999952381 0.000047619
KJ:/rrc/r: 0.044749272 0.845833403 0.109417325
KK:/cc/c: 0.994972631 0.005027369 0.000000000
KK:/cc/crr: 0.000000000 0.995736503 0.004263497
KK:/cc/r: 0.997891538 0.001504097 0.000604366
KK:/crc/c: 0.999999853 0.000000147 0.000000000
KK:/crc/crr: 0.000000000 0.999999922 0.000000078
KK:/crc/r: 0.768953033 0.231046935 0.000000032
KK:/crrc/c: 0.999999995 0.000000005 0.000000000
KK:/crrc/crr: 0.000000000 0.999999995 0.000000005
KK:/crrc/r: 0.999994905 0.000005089 0.000000005
KK:/rc/c: 0.999999978 0.000000022 0.000000000
KK:/rc/crr: 0.000000000 0.999999982 0.000000018
KK:/rc/r: 0.999999964 0.000000014 0.000000022
KK:/rrc/c: 0.999999932 0.000000068 0.000000000
KK:/rrc/crr: 0.000000000 0.999999963 0.000000037
KK:/rrc/r: 0.965854592 0.034145376 0.000000032
KQ:/cc/c: 0.005220382 0.994779618 0.000000000
KQ:/cc/crr: 0.000000000 0.668783660 0.331216340
KQ:/cc/r: 0.026649601 0.965739345 0.007611053
KQ:/crc/c: 0.372001276 0.627998724 0.000000000
KQ:/crc/crr: 0.000000000 0.034919937 0.965080063
KQ:/crc/r: 0.000000017 0.324454304 0.675545679
KQ:/crrc/c: 0.644240891 0.355759109 0.000000000
KQ:/crrc/crr: 0.000000000 0.298093187 0.701906813
KQ:/crrc/r: 0.000006113 0.674100635 0.325893252
KQ:/rc/c: 0.000032208 0.999967792 0.000000000
KQ:/rc/crr: 0.000000000 0.005591431 0.994408569
KQ:/rc/r: 0.000000153 0.220085854 0.779913993
KQ:/rrc/c: 0.541113889 0.458886111 0.000000000
KQ:/rrc/crr: 0.000000000 0.353915096 0.646084904
KQ:/rrc/r: 0.077871947 0.442412224 0.479715829
Q:/c: 0.862734924 0.137265076 0.000000000
Q:/crr: 0.000000000 0.999999951 0.000000049
Q:/r: 0.396159629 0.603840103 0.000000268
QJ:/cc/c: 0.000000558 0.999999442 0.000000000
QJ:/cc/crr: 0.000000000 0.063254197 0.936745803
QJ:/cc/r: 0.000000100 0.000000091 0.999999809
QJ:/crc/c: 0.557787176 0.442212824 0.000000000
QJ:/crc/crr: 0.000000000 0.000987659 0.999012341
QJ:/crc/r: 0.000000050 0.000000006 0.999999945
QJ:/crrc/c: 0.000000109 0.999999891 0.000000000
QJ:/crrc/crr: 0.000000000 0.145933734 0.854066266
QJ:/crrc/r: 0.013625743 0.000000000 0.986374257
QJ:/rc/c: 0.000000627 0.999999373 0.000000000
QJ:/rc/crr: 0.000000000 0.001669531 0.998330469
QJ:/rc/r: 0.013792434 0.000000007 0.986207559
QJ:/rrc/c: 0.000000383 0.999999617 0.000000000
QJ:/rrc/crr: 0.000000000 0.061588219 0.938411781
QJ:/rrc/r: 0.000000046 0.000000011 0.999999943
QK:/cc/c: 0.168470070 0.831529930 0.000000000
QK:/cc/crr: 0.000000000 0.999999939 0.000000061
QK:/cc/r: 0.000000173 0.635693728 0.364306099
QK:/crc/c: 0.282941953 0.717058047 0.000000000
QK:/crc/crr: 0.000000000 0.000010108 0.999989892
QK:/crc/r: 0.000000227 0.346484299 0.653515474
QK:/crrc/c: 0.183602541 0.816397459 0.000000000
QK:/crrc/crr: 0.000000000 0.000002967 0.999997033
QK:/crrc/r: 0.000000340 0.203514019 0.796485641
QK:/rc/c: 0.395663544 0.604336456 0.000000000
QK:/rc/crr: 0.000000000 0.000006034 0.999993966
QK:/rc/r: 0.000000018 0.220609638 0.779390344
QK:/rrc/c: 0.451596048 0.548403952 0.000000000
QK:/rrc/crr: 0.000000000 0.044298337 0.955701663
QK:/rrc/r: 0.000000050 0.408513421 0.591486529
QQ:/cc/c: 0.999999987 0.000000013 0.000000000
QQ:/cc/crr: 0.000000000 0.999999989 0.000000011
QQ:/cc/r: 0.999999708 0.000000117 0.000000174
QQ:/crc/c: 0.999999974 0.000000026 0.000000000
QQ:/crc/crr: 0.000000000 0.999999985 0.000000015
QQ:/crc/r: 0.999999962 0.000000020 0.000000018
QQ:/crrc/c: 0.999999995 0.000000005 0.000000000
QQ:/crrc/crr: 0.000000000 0.999999995 0.000000005
QQ:/crrc/r: 0.999999965 0.000000030 0.000000005
QQ:/rc/c: 0.999999990 0.000000010 0.000000000
QQ:/rc/crr: 0.000000000 0.999999995 0.000000005
QQ:/rc/r: 0.999999977 0.000000009 0.000000014
QQ:/rrc/c: 0.999999946 0.000000054 0.000000000
QQ:/rrc/crr: 0.000000000 0.999999954 0.000000046
QQ:/rrc/r: 0.999999806 0.000000142 0.000000052
