J:/c: 0.389177946 0.610822054 0.000000000
J:/crr: 0.000000000 0.999999997 0.000000003
J:/r: 0.079474686 0.121348748 0.799176566
JJ:/cc/c: 0.999999997 0.000000003 0.000000000
JJ:/cc/crr: 0.000000000 0.999999997 0.000000003
JJ:/cc/r: 0.999999991 0.000000007 0.000000003
JJ:/crc/c: 0.999999991 0.000000009 0.000000000
JJ:/crc/crr: 0.000000000 0.999999994 0.000000006
JJ:/crc/r: 0.724137925 0.275862069 0.000000006
JJ:/crrc/c: 0.999999996 0.000000004 0.000000000
JJ:/crrc/crr: 0.000000000 0.999999997 0.000000003
JJ:/crrc/r: 0.999999955 0.000000043 0.000000003
JJ:/rc/c: 0.999999987 0.000000013 0.000000000
JJ:/rc/crr: 0.000000000 0.999999990 0.000000010
JJ:/rc/r: 0.999999983 0.000000009 0.000000009
JJ:/rrc/c: 0.999999969 0.000000031 0.000000000
JJ:/rrc/crr: 0.000000000 0.999999977 0.000000023
JJ:/rrc/r: 0.999999741 0.000000239 0.000000020
JK:/cc/c: 0.011249625 0.988750375 0.000000000
JK:/cc/crr: 0.000000000 0.000000351 0.999999649
JK:/cc/r: 0.000000973 0.000000004 0.999999023
JK:/crc/c: 0.654798008 0.345201992 0.000000000
JK:/crc/crr: 0.000000000 0.000000078 0.999999922
JK:/crc/r: 0.020598054 0.000000107 0.979401839
JK:/crrc/c: 0.489250877 0.510749123 0.000000000
JK:/crrc/crr: 0.000000000 0.000000258 0.999999742
JK:/crrc/r: 0.286525839 0.000000061 0.713474100
JK:/rc/c: 0.486266498 0.513733502 0.000000000
JK:/rc/crr: 0.000000000 0.000000019 0.999999981
JK:/rc/r: 0.465059026 0.000000008 0.534940966
JK:/rrc/c: 0.999999322 0.000000678 0.000000000
JK:/rrc/crr: 0.000000000 0.000000106 0.999999894
JK:/rrc/r: 0.392676730 0.000000123 0.607323147
JQ:/cc/c: 0.103191801 0.896808199 0.000000000
JQ:/cc/crr: 0.000000000 0.000000000 1.000000000
JQ:/cc/r: 0.052294522 0.000000000 0.947705478
JQ:/crc/c: 0.491441644 0.508558356 0.000000000
JQ:/crc/crr: 0.000000000 0.000003194 0.999996806
JQ:/crc/r: 0.181556948 0.000000026 0.818443025
JQ:/crrc/c: 0.053031702 0.946968298 0.000000000
JQ:/crrc/crr: 0.000000000 0.000000692 0.999999308
JQ:/crrc/r: 0.211904316 0.000000012 0.788095672
JQ:/rc/c: 0.999985519 0.000014481 0.000000000
JQ:/rc/crr: 0.000000000 0.000000000 1.000000000
JQ:/rc/r: 0.000000048 0.000000032 0.999999921
JQ:/rrc/c: 0.000015358 0.999984642 0.000000000
JQ:/rrc/crr: 0.000000000 0.017110527 0.982889473
JQ:/rrc/r: 0.529968041 0.000000112 0.470031847
K:/c: 0.999998651 0.000001349 0.000000000
K:/crr: 0.000000000 0.999999999 0.000000001
K:/r: 0.676384548 0.323615451 0.000000001
KJ:/cc/c: 0.018839286 0.981160714 0.000000000
KJ:/cc/crr: 0.000000000 0.964285628 0.035714372
KJ:/cc/r: 0.014520536 0.005802168 0.979677296
KJ:/crc/c: 0.192259790 0.807740210 0.000000000
KJ:/crc/crr: 0.000000000 0.999999988 0.000000012
KJ:/crc/r: 0.000000233 0.733821108 0.266178659
KJ:/crrc/c: 0.414956345 0.585043655 0.000000000
KJ:/crrc/crr: 0.000000000 0.642322556 0.357677444
KJ:/crrc/r: 0.073166155 0.751217813 0.175616032
KJ:/rc/c: 0.503742494 0.496257506 0.000000000
KJ:/rc/crr: 0.000000000 0.715792955 0.284207045
KJ:/rc/r: 0.037291693 0.716506986 0.246201321
KJ:/rrc/c: 0.580520182 0.419479818 0.000000000
KJ:/rrc/crr: 0.000000000 0.999968429 0.000031571
KJ:/rrc/r: 0.061811496 0.864082530 0.074105974
KK:/cc/c: 0.996276968 0.003723032 0.000000000
KK:/cc/crr: 0.000000000 0.997169343 0.002830657
KK:/cc/r: 0.998590273 0.001113184 0.000296543
KK:/crc/c: 0.999999891 0.000000109 0.000000000
KK:/crc/crr: 0.000000000 0.999999948 0.000000052
KK:/crc/r: 0.818181795 0.181818188 0.000000017
KK:/crrc/c: 0.999999996 0.000000004 0.000000000
KK:/crrc/crr: 0.000000000 0.999999997 0.000000003
KK:/crrc/r: 0.999996233 0.000003764 0.000000003
KK:/rc/c: 0.999999984 0.000000016 0.000000000
KK:/rc/crr: 0.000000000 0.999999988 0.000000012
KK:/rc/r: 0.999999979 0.000000011 0.000000011
KK:/rrc/c: 0.999999950 0.000000050 0.000000000
KK:/rrc/crr: 0.000000000 0.999999976 0.000000024
KK:/rrc/r: 0.974520065 0.025479920 0.000000016
KQ:/cc/c: 0.007045594 0.992954406 0.000000000
KQ:/cc/crr: 0.000000000 0.752819720 0.247180280
KQ:/cc/r: 0.035789233 0.959199006 0.005011760
KQ:/crc/c: 0.444733603 0.555266397 0.000000000
KQ:/crc/crr: 0.000000000 0.051752923 0.948247077
KQ:/crc/r: 0.000000030 0.420101398 0.579898572
KQ:/crrc/c: 0.710021236 0.289978764 0.000000000
KQ:/crrc/crr: 0.000000000 0.390460833 0.609539167
KQ:/crrc/r: 0.000009285 0.757273693 0.242717022
KQ:/rc/c: 0.000043549 0.999956451 0.000000000
KQ:/rc/crr: 0.000000000 0.008409953 0.991590047
KQ:/rc/r: 0.000000280 0.298563577 0.701436143
KQ:/rrc/c: 0.614554080 0.385445920 0.000000000
KQ:/rrc/crr: 0.000000000 0.452430578 0.547569422
KQ:/rrc/r: 0.121619957 0.511020176 0.367359867
Q:/c: 0.894717601 0.105282399 0.000000000
Q:/crr: 0.000000000 0.999999968 0.000000032
Q:/r: 0.470079746 0.529920099 0.000000156
QJ:/cc/c: 0.000000754 0.999999246 0.000000000
QJ:/cc/crr: 0.000000000 0.092437348 0.907562652
QJ:/cc/r: 0.000000205 0.000000137 0.999999658
QJ:/crc/c: 0.630381671 0.369618329 0.000000000
QJ:/crc/crr: 0.000000000 0.001488992 0.998511008
QJ:/crc/r: 0.000000101 0.000000009 0.999999890
QJ:/crrc/c: 0.000000147 0.999999853 0.000000000
QJ:/crrc/crr: 0.000000000 0.204917702 0.795082298
QJ:/crrc/r: 0.027401124 0.000000000 0.972598876
QJ:/rc/c: 0.000000847 0.999999153 0.000000000
QJ:/rc/crr: 0.000000000 0.002516108 0.997483892
QJ:/rc/r: 0.027731599 0.000000011 0.972268391
QJ:/rrc/c: 0.000000517 0.999999483 0.000000000
QJ:/rrc/crr: 0.000000000 0.090076658 0.909923342
QJ:/rrc/r: 0.000000094 0.000000017 0.999999890
QK:/cc/c: 0.215034571 0.784965429 0.000000000
QK:/cc/crr: 0.000000000 0.999999960 0.000000040
QK:/cc/r: 0.000000266 0.724668890 0.275330844
QK:/crc/c: 0.347908195 0.652091805 0.000000000
QK:/crc/crr: 0.000000000 0.000015247 0.999984753
QK:/crc/r: 0.000000394 0.444353853 0.555645753
QK:/crrc/c: 0.233176731 0.766823269 0.000000000
QK:/crrc/crr: 0.000000000 0.000004475 0.999995525
QK:/crrc/r: 0.000000628 0.278190301 0.721809071
QK:/rc/c: 0.469563040 0.530436960 0.000000000
QK:/rc/crr: 0.000000000 0.000009102 0.999990898
QK:/rc/r: 0.000000033 0.299202517 0.700797450
QK:/rrc/c: 0.526835249 0.473164751 0.000000000
QK:/rrc/crr: 0.000000000 0.065346030 0.934653970
QK:/rrc/r: 0.000000085 0.510224737 0.489775178
QQ:/cc/c: 0.999999991 0.000000009 0.000000000
QQ:/cc/crr: 0.000000000 0.999999993 0.000000007
QQ:/cc/r: 0.999999828 0.000000087 0.000000086
QQ:/crc/c: 0.999999981 0.000000019 0.000000000
QQ:/crc/crr: 0.000000000 0.999999990 0.000000010
QQ:/crc/r: 0.999999977 0.000000015 0.000000009
QQ:/crrc/c: 0.999999996 0.000000004 0.000000000
QQ:/crrc/crr: 0.000000000 0.999999997 0.000000003
QQ:/crrc/r: 0.999999975 0.000000022 0.000000003
QQ:/rc/c: 0.999999993 0.000000007 0.000000000
QQ:/rc/crr: 0.000000000 0.999999997 0.000000003
QQ:/rc/r: 0.999999987 0.000000007 0.000000007
QQ:/rrc/c: 0.999999960 0.000000040 0.000000000
QQ:/rrc/crr: 0.000000000 0.999999970 0.000000030
QQ:/rrc/r: 0.999999870 0.000000105 0.000000026
