J:/c: 0.249868851 0.750131149 0.000000000
J:/crr: 0.000000000 0.999999998 0.000000002
J:/r: 0.063501387 0.185459157 0.751039456
JJ:/cc/c: 0.999999994 0.000000006 0.000000000
JJ:/cc/crr: 0.000000000 0.999999998 0.000000002
JJ:/cc/r: 0.999999984 0.000000013 0.000000003
JJ:/crc/c: 0.999999983 0.000000017 0.000000000
JJ:/crc/crr: 0.000000000 0.999999996 0.000000004
JJ:/crc/r: 0.578480305 0.421519689 0.000000006
JJ:/crrc/c: 0.999999992 0.000000008 0.000000000
JJ:/crrc/crr: 0.000000000 0.999999998 0.000000002
JJ:/crrc/r: 0.999999915 0.000000082 0.000000003
JJ:/rc/c: 0.999999974 0.000000026 0.000000000
JJ:/rc/crr: 0.000000000 0.999999994 0.000000006
JJ:/rc/r: 0.999999973 0.000000017 0.000000010
JJ:/rrc/c: 0.999999941 0.000000059 0.000000000
JJ:/rrc/crr: 0.000000000 0.999999986 0.000000014
JJ:/rrc/r: 0.999999520 0.000000457 0.000000024
JK:/cc/c: 0.005913126 0.994086874 0.000000000
JK:/cc/crr: 0.000000000 0.000000572 0.999999428
JK:/cc/r: 0.000000827 0.000000006 0.999999166
JK:/crc/c: 0.497913562 0.502086438 0.000000000
JK:/crc/crr: 0.000000000 0.000000127 0.999999873
JK:/crc/r: 0.017567195 0.000000175 0.982432630
JK:/crrc/c: 0.333689248 0.666310752 0.000000000
JK:/crrc/crr: 0.000000000 0.000000420 0.999999580
JK:/crrc/r: 0.254534845 0.000000104 0.745465052
JK:/rc/c: 0.331038749 0.668961251 0.000000000
JK:/rc/crr: 0.000000000 0.000000031 0.999999969
JK:/rc/r: 0.425008722 0.000000015 0.574991264
JK:/rrc/c: 0.999998703 0.000001297 0.000000000
JK:/rrc/crr: 0.000000000 0.000000172 0.999999828
JK:/rrc/r: 0.354726374 0.000000213 0.645273413
JQ:/cc/c: 0.056743588 0.943256412 0.000000000
JQ:/cc/crr: 0.000000000 0.000000000 1.000000000
JQ:/cc/r: 0.044813154 0.000000000 0.955186846
JQ:/crc/c: 0.335641198 0.664358802 0.000000000
JQ:/crc/crr: 0.000000000 0.000005194 0.999994806
JQ:/crc/r: 0.158679323 0.000000044 0.841320634
JQ:/crrc/c: 0.028445190 0.971554810 0.000000000
JQ:/crrc/crr: 0.000000000 0.000001126 0.999998874
JQ:/crrc/r: 0.186072065 0.000000020 0.813927914
JQ:/rc/c: 0.999972301 0.000027699 0.000000000
JQ:/rc/crr: 0.000000000 0.000000000 1.000000000
JQ:/rc/r: 0.000000040 0.000000052 0.999999908
JQ:/rrc/c: 0.000008030 0.999991970 0.000000000
JQ:/rrc/crr: 0.000000000 0.027531336 0.972468664
JQ:/rrc/r: 0.489442262 0.000000198 0.510557540
K:/c: 0.999997420 0.000002580 0.000000000
K:/crr: 0.000000000 0.999999999 0.000000001
K:/r: 0.522151232 0.477848767 0.000000001
KJ:/cc/c: 0.009938659 0.990061341 0.000000000
KJ:/cc/crr: 0.000000000 0.977732853 0.022267147
KJ:/cc/r: 0.012327752 0.009422152 0.978250096
KJ:/crc/c: 0.110668006 0.889331994 0.000000000
KJ:/crc/crr: 0.000000000 0.999999993 0.000000007
KJ:/crc/r: 0.000000136 0.817632125 0.182367739
KJ:/crrc/c: 0.270506167 0.729493833 0.000000000
KJ:/crrc/crr: 0.000000000 0.744929346 0.255070654
KJ:/crrc/r: 0.042622432 0.837052040 0.120325528
KJ:/rc/c: 0.346700900 0.653299100 0.000000000
KJ:/rc/crr: 0.000000000 0.803762431 0.196237569
KJ:/rc/r: 0.021970367 0.807428777 0.170600856
KJ:/rrc/c: 0.419790439 0.580209561 0.000000000
KJ:/rrc/crr: 0.000000000 0.999980587 0.000019413
KJ:/rrc/r: 0.034306421 0.917318130 0.048375449
KK:/cc/c: 0.992902881 0.007097119 0.000000000
KK:/cc/crr: 0.000000000 0.998257520 0.001742480
KK:/cc/r: 0.997524619 0.002126972 0.000348409
KK:/crc/c: 0.999999792 0.000000208 0.000000000
KK:/crc/crr: 0.000000000 0.999999968 0.000000032
KK:/crc/r: 0.701726820 0.298273163 0.000000017
KK:/crrc/c: 0.999999992 0.000000008 0.000000000
KK:/crrc/crr: 0.000000000 0.999999998 0.000000002
KK:/crrc/r: 0.999992797 0.000007200 0.000000003
KK:/rc/c: 0.999999969 0.000000031 0.000000000
KK:/rc/crr: 0.000000000 0.999999993 0.000000007
KK:/rc/r: 0.999999967 0.000000020 0.000000013
KK:/rrc/c: 0.999999904 0.000000096 0.000000000
KK:/rrc/crr: 0.000000000 0.999999985 0.000000015
KK:/rrc/r: 0.952370924 0.047629058 0.000000018
KQ:/cc/c: 0.003695912 0.996304088 0.000000000
KQ:/cc/crr: 0.000000000 0.832018052 0.167981948
KQ:/cc/r: 0.019073417 0.977785119 0.003141464
KQ:/crc/c: 0.295147067 0.704852933 0.000000000
KQ:/crc/crr: 0.000000000 0.081522047 0.918477953
KQ:/crc/r: 0.000000020 0.540891621 0.459108359
KQ:/crrc/c: 0.561424249 0.438575751 0.000000000
KQ:/crrc/crr: 0.000000000 0.510227132 0.489772868
KQ:/crrc/r: 0.000005355 0.835357834 0.164636811
KQ:/rc/c: 0.000022768 0.999977232 0.000000000
KQ:/rc/crr: 0.000000000 0.013605206 0.986394794
KQ:/rc/r: 0.000000201 0.409058819 0.590940980
KQ:/rrc/c: 0.454613567 0.545386433 0.000000000
KQ:/rrc/crr: 0.000000000 0.573326153 0.426673847
KQ:/rrc/r: 0.079430577 0.638380345 0.282189079
Q:/c: 0.816276167 0.183723833 0.000000000
Q:/crr: 0.000000000 0.999999980 0.000000020
Q:/r: 0.316832476 0.683167401 0.000000124
QJ:/cc/c: 0.000000394 0.999999606 0.000000000
QJ:/cc/crr: 0.000000000 0.142101802 0.857898198
QJ:/cc/r: 0.000000174 0.000000222 0.999999604
QJ:/crc/c: 0.471359301 0.528640699 0.000000000
QJ:/crc/crr: 0.000000000 0.002419250 0.997580750
QJ:/crc/r: 0.000000086 0.000000014 0.999999900
QJ:/crrc/c: 0.000000077 0.999999923 0.000000000
QJ:/crrc/crr: 0.000000000 0.295348487 0.704651513
QJ:/crrc/r: 0.023393153 0.000000000 0.976606847
QJ:/rc/c: 0.000000443 0.999999557 0.000000000
QJ:/rc/crr: 0.000000000 0.004085436 0.995914564
QJ:/rc/r: 0.023676465 0.000000018 0.976323517
QJ:/rrc/c: 0.000000271 0.999999729 0.000000000
QJ:/rrc/crr: 0.000000000 0.138666558 0.861333442
QJ:/rrc/r: 0.000000080 0.000000027 0.999999893
QK:/cc/c: 0.125276588 0.874723412 0.000000000
QK:/cc/crr: 0.000000000 0.999999975 0.000000025
QK:/cc/r: 0.000000156 0.810617936 0.189381909
QK:/crc/c: 0.218097201 0.781902799 0.000000000
QK:/crc/crr: 0.000000000 0.000024795 0.999975205
QK:/crc/r: 0.000000262 0.565319415 0.434680323
QK:/crrc/c: 0.137169301 0.862830699 0.000000000
QK:/crrc/crr: 0.000000000 0.000007278 0.999992722
QK:/crrc/r: 0.000000455 0.385287183 0.614712362
QK:/rc/c: 0.316383623 0.683616377 0.000000000
QK:/rc/crr: 0.000000000 0.000014802 0.999985198
QK:/rc/r: 0.000000023 0.409796063 0.590203914
QK:/rrc/c: 0.367932049 0.632067951 0.000000000
QK:/rrc/crr: 0.000000000 0.102092305 0.897907695
QK:/rrc/r: 0.000000055 0.628828526 0.371171420
QQ:/cc/c: 0.999999982 0.000000018 0.000000000
QQ:/cc/crr: 0.000000000 0.999999996 0.000000004
QQ:/cc/r: 0.999999734 0.000000166 0.000000101
QQ:/crc/c: 0.999999963 0.000000037 0.000000000
QQ:/crc/crr: 0.000000000 0.999999994 0.000000006
QQ:/crc/r: 0.999999962 0.000000028 0.000000010
QQ:/crrc/c: 0.999999992 0.000000008 0.000000000
QQ:/crrc/crr: 0.000000000 0.999999998 0.000000002
QQ:/crrc/r: 0.999999955 0.000000042 0.000000003
QQ:/rc/c: 0.999999986 0.000000014 0.000000000
QQ:/rc/crr: 0.000000000 0.999999998 0.000000002
QQ:/rc/r: 0.999999979 0.000000013 0.000000008
QQ:/rrc/c: 0.999999923 0.000000077 0.000000000
QQ:/rrc/crr: 0.000000000 0.999999981 0.000000019
QQ:/rrc/r: 0.999999770 0.000000200 0.000000030
