J:/c: 0.314370807 0.685629193 0.000000000
J:/crr: 0.000000000 0.999999997 0.000000003
J:/r: 0.052964503 0.112375590 0.834659906
JJ:/cc/c: 0.999999995 0.000000005 0.000000000
JJ:/cc/crr: 0.000000000 0.999999997 0.000000003
JJ:/cc/r: 0.999999987 0.000000009 0.000000004
JJ:/crc/c: 0.999999988 0.000000012 0.000000000
JJ:/crc/crr: 0.000000000 0.999999993 0.000000007
JJ:/crc/r: 0.653868187 0.346131804 0.000000009
JJ:/crrc/c: 0.999999994 0.000000006 0.000000000
JJ:/crrc/crr: 0.000000000 0.999999997 0.000000003
JJ:/crrc/r: 0.999999936 0.000000059 0.000000004
JJ:/rc/c: 0.999999981 0.000000019 0.000000000
JJ:/rc/crr: 0.000000000 0.999999989 0.000000011
JJ:/rc/r: 0.999999974 0.000000012 0.000000014
JJ:/rrc/c: 0.999999957 0.000000043 0.000000000
JJ:/rrc/crr: 0.000000000 0.999999974 0.000000026
JJ:/rrc/r: 0.999999637 0.000000332 0.000000032
JK:/cc/c: 0.008121370 0.991878630 0.000000000
JK:/cc/crr: 0.000000000 0.000000312 0.999999688
JK:/cc/r: 0.000000621 0.000000004 0.999999376
JK:/crc/c: 0.577178709 0.422821291 0.000000000
JK:/crc/crr: 0.000000000 0.000000069 0.999999931
JK:/crc/r: 0.013242348 0.000000096 0.986757556
JK:/crrc/c: 0.408058356 0.591941644 0.000000000
JK:/crrc/crr: 0.000000000 0.000000229 0.999999771
JK:/crrc/r: 0.203984192 0.000000060 0.796015748
JK:/rc/c: 0.405176349 0.594823651 0.000000000
JK:/rc/crr: 0.000000000 0.000000017 0.999999983
JK:/rc/r: 0.356806699 0.000000009 0.643193292
JK:/rrc/c: 0.999999058 0.000000942 0.000000000
JK:/rrc/crr: 0.000000000 0.000000094 0.999999906
JK:/rrc/r: 0.292073758 0.000000128 0.707926115
JQ:/cc/c: 0.076474055 0.923525945 0.000000000
JQ:/cc/crr: 0.000000000 0.000000000 1.000000000
JQ:/cc/r: 0.034012880 0.000000000 0.965987120
JQ:/crc/c: 0.410177534 0.589822466 0.000000000
JQ:/crc/crr: 0.000000000 0.000002832 0.999997168
JQ:/crc/r: 0.123999025 0.000000025 0.876000950
JQ:/crrc/c: 0.038740067 0.961259933 0.000000000
JQ:/crrc/crr: 0.000000000 0.000000614 0.999999386
JQ:/crrc/r: 0.146447040 0.000000012 0.853552948
JQ:/rc/c: 0.999979877 0.000020123 0.000000000
JQ:/rc/crr: 0.000000000 0.000000000 1.000000000
JQ:/rc/r: 0.000000030 0.000000028 0.999999942
JQ:/rrc/c: 0.000011053 0.999988947 0.000000000
JQ:/rrc/crr: 0.000000000 0.015201139 0.984798861
JQ:/rrc/r: 0.418424822 0.000000123 0.581575055
K:/c: 0.999998126 0.000001874 0.000000000
K:/crr: 0.000000000 0.999999999 0.000000001
K:/r: 0.600658855 0.399341144 0.000000001
KJ:/cc/c: 0.013629619 0.986370381 0.000000000
KJ:/cc/crr: 0.000000000 0.959904513 0.040095487
KJ:/cc/r: 0.009320673 0.005175300 0.985504027
KJ:/crc/c: 0.146241663 0.853758337 0.000000000
KJ:/crc/crr: 0.000000000 0.999999986 0.000000014
KJ:/crc/r: 0.000000162 0.709680468 0.290319369
KJ:/crrc/c: 0.337935510 0.662064490 0.000000000
KJ:/crrc/crr: 0.000000000 0.614245779 0.385754221
KJ:/crrc/r: 0.052552339 0.749770405 0.197677256
KJ:/rc/c: 0.422132712 0.577867288 0.000000000
KJ:/rc/crr: 0.000000000 0.690706355 0.309293645
KJ:/rc/r: 0.026284649 0.701764027 0.271951324
KJ:/rrc/c: 0.498978604 0.501021396 0.000000000
KJ:/rrc/crr: 0.000000000 0.999964395 0.000035605
KJ:/rrc/r: 0.044834787 0.870926871 0.084238342
KK:/cc/c: 0.994834077 0.005165923 0.000000000
KK:/cc/crr: 0.000000000 0.996808754 0.003191246
KK:/cc/r: 0.997989635 0.001545917 0.000464448
KK:/crc/c: 0.999999849 0.000000151 0.000000000
KK:/crc/crr: 0.000000000 0.999999942 0.000000058
KK:/crc/r: 0.764062470 0.235937505 0.000000025
KK:/crrc/c: 0.999999994 0.000000006 0.000000000
KK:/crrc/crr: 0.000000000 0.999999997 0.000000003
KK:/crrc/r: 0.999994765 0.000005230 0.000000004
KK:/rc/c: 0.999999978 0.000000022 0.000000000
KK:/rc/crr: 0.000000000 0.999999986 0.000000014
KK:/rc/r: 0.999999968 0.000000015 0.000000017
KK:/rrc/c: 0.999999931 0.000000069 0.000000000
KK:/rrc/crr: 0.000000000 0.999999973 0.000000027
KK:/rrc/r: 0.964941825 0.035058151 0.000000024
KQ:/cc/c: 0.005080374 0.994919626 0.000000000
KQ:/cc/crr: 0.000000000 0.729767546 0.270232454
KQ:/cc/r: 0.025999828 0.968294339 0.005705834
KQ:/crc/c: 0.365640022 0.634359978 0.000000000
KQ:/crc/crr: 0.000000000 0.046159288 0.953840712
KQ:/crc/r: 0.000000020 0.391116508 0.608883472
KQ:/crrc/c: 0.637953431 0.362046569 0.000000000
KQ:/crrc/crr: 0.000000000 0.362243514 0.637756486
KQ:/crrc/r: 0.000006481 0.734493100 0.265500419
KQ:/rc/c: 0.000031340 0.999968660 0.000000000
KQ:/rc/crr: 0.000000000 0.007464101 0.992535899
KQ:/rc/r: 0.000000185 0.274002064 0.725997751
KQ:/rrc/c: 0.534321264 0.465678736 0.000000000
KQ:/rrc/crr: 0.000000000 0.422841572 0.577158428
KQ:/rrc/r: 0.086412991 0.504536791 0.409050218
Q:/c: 0.859466644 0.140533356 0.000000000
Q:/crr: 0.000000000 0.999999964 0.000000036
Q:/r: 0.389641605 0.610358192 0.000000202
QJ:/cc/c: 0.000000543 0.999999457 0.000000000
QJ:/cc/crr: 0.000000000 0.082830510 0.917169490
QJ:/cc/r: 0.000000131 0.000000121 0.999999748
QJ:/crc/c: 0.551036582 0.448963418 0.000000000
QJ:/crc/crr: 0.000000000 0.001320492 0.998679508
QJ:/crc/r: 0.000000064 0.000000008 0.999999928
QJ:/crrc/c: 0.000000106 0.999999894 0.000000000
QJ:/crrc/crr: 0.000000000 0.186016988 0.813983012
QJ:/crrc/r: 0.017659801 0.000000000 0.982340199
QJ:/rc/c: 0.000000610 0.999999390 0.000000000
QJ:/rc/crr: 0.000000000 0.002231634 0.997768366
QJ:/rc/r: 0.017874948 0.000000010 0.982125042
QJ:/rrc/c: 0.000000372 0.999999628 0.000000000
QJ:/rrc/crr: 0.000000000 0.080693348 0.919306652
QJ:/rrc/r: 0.000000060 0.000000015 0.999999925
QK:/cc/c: 0.164676571 0.835323429 0.000000000
QK:/cc/crr: 0.000000000 0.999999954 0.000000046
QK:/cc/r: 0.000000185 0.700037509 0.299962306
QK:/crc/c: 0.277430840 0.722569160 0.000000000
QK:/crc/crr: 0.000000000 0.000013519 0.999986481
QK:/crc/r: 0.000000265 0.414892897 0.585106838
QK:/crrc/c: 0.179541871 0.820458129 0.000000000
QK:/crrc/crr: 0.000000000 0.000003968 0.999996032
QK:/crrc/r: 0.000000414 0.254696266 0.745303320
QK:/rc/c: 0.389148396 0.610851604 0.000000000
QK:/rc/crr: 0.000000000 0.000008071 0.999991929
QK:/rc/r: 0.000000022 0.274608994 0.725390984
QK:/rrc/c: 0.444837825 0.555162175 0.000000000
QK:/rrc/crr: 0.000000000 0.058373647 0.941626353
QK:/rrc/r: 0.000000058 0.480170507 0.519829435
QQ:/cc/c: 0.999999987 0.000000013 0.000000000
QQ:/cc/crr: 0.000000000 0.999999992 0.000000008
QQ:/cc/r: 0.999999746 0.000000120 0.000000134
QQ:/crc/c: 0.999999973 0.000000027 0.000000000
QQ:/crc/crr: 0.000000000 0.999999989 0.000000011
QQ:/crc/r: 0.999999966 0.000000020 0.000000014
QQ:/crrc/c: 0.999999994 0.000000006 0.000000000
QQ:/crrc/crr: 0.000000000 0.999999997 0.000000003
QQ:/crrc/r: 0.999999965 0.000000031 0.000000004
QQ:/rc/c: 0.999999990 0.000000010 0.000000000
QQ:/rc/crr: 0.000000000 0.999999997 0.000000003
QQ:/rc/r: 0.999999980 0.000000009 0.000000011
QQ:/rrc/c: 0.999999944 0.000000056 0.000000000
QQ:/rrc/crr: 0.000000000 0.999999966 0.000000034
QQ:/rrc/r: 0.999999814 0.000000145 0.000000040
