J:/c: 0.184508795 0.815491205 0.000000000
J:/crr: 0.000000000 0.999999998 0.000000002
J:/r: 0.044967260 0.193347531 0.761685209
JJ:/cc/c: 0.999999991 0.000000009 0.000000000
JJ:/cc/crr: 0.000000000 0.999999998 0.000000002
JJ:/cc/r: 0.999999977 0.000000019 0.000000005
JJ:/crc/c: 0.999999976 0.000000024 0.000000000
JJ:/crc/crr: 0.000000000 0.999999996 0.000000004
JJ:/crc/r: 0.482446308 0.517553686 0.000000007
JJ:/crrc/c: 0.999999989 0.000000011 0.000000000
JJ:/crrc/crr: 0.000000000 0.999999998 0.000000002
JJ:/crrc/r: 0.999999875 0.000000120 0.000000005
JJ:/rc/c: 0.999999962 0.000000038 0.000000000
JJ:/rc/crr: 0.000000000 0.999999994 0.000000006
JJ:/rc/r: 0.999999961 0.000000024 0.000000015
JJ:/rrc/c: 0.999999914 0.000000086 0.000000000
JJ:/rrc/crr: 0.000000000 0.999999986 0.000000014
JJ:/rrc/r: 0.999999294 0.000000672 0.000000034
JK:/cc/c: 0.004024061 0.995975939 0.000000000
JK:/cc/crr: 0.000000000 0.000000588 0.999999412
JK:/cc/r: 0.000000577 0.000000007 0.999999416
JK:/crc/c: 0.402483587 0.597516413 0.000000000
JK:/crc/crr: 0.000000000 0.000000131 0.999999869
JK:/crc/r: 0.012331369 0.000000181 0.987668451
JK:/crrc/c: 0.253822628 0.746177372 0.000000000
JK:/crrc/crr: 0.000000000 0.000000432 0.999999568
JK:/crrc/r: 0.192511504 0.000000115 0.807488380
JK:/rc/c: 0.251566998 0.748433002 0.000000000
JK:/rc/crr: 0.000000000 0.000000031 0.999999969
JK:/rc/r: 0.340414544 0.000000017 0.659585439
JK:/rrc/c: 0.999998091 0.000001909 0.000000000
JK:/rrc/crr: 0.000000000 0.000000177 0.999999823
JK:/rrc/r: 0.277373005 0.000000246 0.722626749
JQ:/cc/c: 0.039257002 0.960742998 0.000000000
JQ:/cc/crr: 0.000000000 0.000000000 1.000000000
JQ:/cc/r: 0.031718968 0.000000000 0.968281032
JQ:/crc/c: 0.255486526 0.744513474 0.000000000
JQ:/crc/crr: 0.000000000 0.000005340 0.999994660
JQ:/crc/r: 0.116367311 0.000000047 0.883632642
JQ:/crrc/c: 0.019499005 0.980500995 0.000000000
JQ:/crrc/crr: 0.000000000 0.000001157 0.999998843
JQ:/crrc/r: 0.137650827 0.000000022 0.862349151
JQ:/rc/c: 0.999959221 0.000040779 0.000000000
JQ:/rc/crr: 0.000000000 0.000000000 1.000000000
JQ:/rc/r: 0.000000028 0.000000053 0.999999919
JQ:/rrc/c: 0.000005454 0.999994546 0.000000000
JQ:/rrc/crr: 0.000000000 0.028279430 0.971720570
JQ:/rrc/r: 0.400966539 0.000000239 0.599033222
K:/c: 0.999997250 0.000002750 0.000000000
K:/crr: 0.000000000 0.999999999 0.000000001
K:/r: 0.506195902 0.493804098 0.000000001
KJ:/cc/c: 0.009329386 0.990670614 0.000000000
KJ:/cc/crr: 0.000000000 0.976923496 0.023076504
KJ:/cc/r: 0.011166977 0.009097955 0.979735068
KJ:/crc/c: 0.104535681 0.895464319 0.000000000
KJ:/crc/crr: 0.000000000 0.999999992 0.000000008
KJ:/crc/r: 0.000000127 0.812121719 0.187878155
KJ:/crrc/c: 0.258087218 0.741912782 0.000000000
KJ:/crrc/crr: 0.000000000 0.737926274 0.262073726
KJ:/crrc/r: 0.039911517 0.835515236 0.124573247
KJ:/rc/c: 0.332377681 0.667622319 0.000000000
KJ:/rc/crr: 0.000000000 0.797936497 0.202063503
KJ:/rc/r: 0.020508533 0.803421419 0.176070048
KJ:/rrc/c: 0.404316425 0.595683575 0.000000000
KJ:/rrc/crr: 0.000000000 0.999979865 0.000020135
KJ:/rrc/r: 0.032193917 0.917614555 0.050191528
KK:/cc/c: 0.992438278 0.007561722 0.000000000
KK:/cc/crr: 0.000000000 0.998192806 0.001807194
KK:/cc/r: 0.997347988 0.002266871 0.000385141
KK:/crc/c: 0.999999778 0.000000222 0.000000000
KK:/crc/crr: 0.000000000 0.999999967 0.000000033
KK:/crc/r: 0.688186862 0.311813120 0.000000018
KK:/crrc/c: 0.999999992 0.000000008 0.000000000
KK:/crrc/crr: 0.000000000 0.999999998 0.000000002
KK:/crrc/r: 0.999992322 0.000007674 0.000000004
KK:/rc/c: 0.999999967 0.000000033 0.000000000
KK:/rc/crr: 0.000000000 0.999999992 0.000000008
KK:/rc/r: 0.999999964 0.000000022 0.000000014
KK:/rrc/c: 0.999999898 0.000000102 0.000000000
KK:/rrc/crr: 0.000000000 0.999999985 0.000000015
KK:/rrc/r: 0.949388202 0.050611778 0.000000020
KQ:/cc/c: 0.003468000 0.996532000 0.000000000
KQ:/cc/crr: 0.000000000 0.826850265 0.173149735
KQ:/cc/r: 0.017912190 0.978825996 0.003261814
KQ:/crc/c: 0.282034219 0.717965781 0.000000000
KQ:/crc/crr: 0.000000000 0.078828245 0.921171755
KQ:/crc/r: 0.000000019 0.531807463 0.468192518
KQ:/crrc/c: 0.545639167 0.454360833 0.000000000
KQ:/crrc/crr: 0.000000000 0.501095874 0.498904126
KQ:/crrc/r: 0.000004993 0.830272270 0.169722737
KQ:/rc/c: 0.000021359 0.999978641 0.000000000
KQ:/rc/crr: 0.000000000 0.013123572 0.986876428
KQ:/rc/r: 0.000000184 0.400258479 0.599741337
KQ:/rrc/c: 0.438826765 0.561173235 0.000000000
KQ:/rrc/crr: 0.000000000 0.564366883 0.435633117
KQ:/rrc/r: 0.074101581 0.634835447 0.291062971
Q:/c: 0.781383200 0.218616800 0.000000000
Q:/crr: 0.000000000 0.999999978 0.000000022
Q:/r: 0.271714608 0.728285249 0.000000144
QJ:/cc/c: 0.000000317 0.999999683 0.000000000
QJ:/cc/crr: 0.000000000 0.131763512 0.868236488
QJ:/cc/r: 0.000000128 0.000000204 0.999999668
QJ:/crc/c: 0.417690322 0.582309678 0.000000000
QJ:/crc/crr: 0.000000000 0.002216981 0.997783019
QJ:/crc/r: 0.000000063 0.000000013 0.999999923
QJ:/crrc/c: 0.000000062 0.999999938 0.000000000
QJ:/crrc/crr: 0.000000000 0.277467005 0.722532995
QJ:/crrc/r: 0.017348845 0.000000000 0.982651155
QJ:/rc/c: 0.000000356 0.999999644 0.000000000
QJ:/rc/crr: 0.000000000 0.003744384 0.996255616
QJ:/rc/r: 0.017560272 0.000000016 0.982439712
QJ:/rrc/c: 0.000000218 0.999999782 0.000000000
QJ:/rrc/crr: 0.000000000 0.128540745 0.871459255
QJ:/rrc/r: 0.000000059 0.000000025 0.999999916
QK:/cc/c: 0.103311716 0.896688284 0.000000000
QK:/cc/crr: 0.000000000 0.999999973 0.000000027
QK:/cc/r: 0.000000123 0.796816827 0.203183050
QK:/crc/c: 0.183267715 0.816732285 0.000000000
QK:/crc/crr: 0.000000000 0.000022717 0.999977283
QK:/crc/r: 0.000000203 0.543704663 0.456295134
QK:/crrc/c: 0.113389566 0.886610434 0.000000000
QK:/crrc/crr: 0.000000000 0.000006668 0.999993332
QK:/crrc/r: 0.000000347 0.364779373 0.635220281
QK:/rc/c: 0.271304292 0.728695708 0.000000000
QK:/rc/crr: 0.000000000 0.000013562 0.999986438
QK:/rc/r: 0.000000018 0.388808795 0.611191187
QK:/rrc/c: 0.318934574 0.681065426 0.000000000
QK:/rrc/crr: 0.000000000 0.094344709 0.905655291
QK:/rrc/r: 0.000000043 0.608182977 0.391816980
QQ:/cc/c: 0.999999978 0.000000022 0.000000000
QQ:/cc/crr: 0.000000000 0.999999995 0.000000005
QQ:/cc/r: 0.999999657 0.000000206 0.000000136
QQ:/crc/c: 0.999999954 0.000000046 0.000000000
QQ:/crc/crr: 0.000000000 0.999999993 0.000000007
QQ:/crc/r: 0.999999951 0.000000035 0.000000014
QQ:/crrc/c: 0.999999990 0.000000010 0.000000000
QQ:/crrc/crr: 0.000000000 0.999999998 0.000000002
QQ:/crrc/r: 0.999999943 0.000000052 0.000000004
QQ:/rc/c: 0.999999983 0.000000017 0.000000000
QQ:/rc/crr: 0.000000000 0.999999998 0.000000002
QQ:/rc/r: 0.999999973 0.000000016 0.000000011
QQ:/rrc/c: 0.999999905 0.000000095 0.000000000
QQ:/rrc/crr: 0.000000000 0.999999980 0.000000020
QQ:/rrc/r: 0.999999710 0.000000249 0.000000041
