J:/c: 0.307276345 0.692723655 0.000000000
J:/crr: 0.000000000 0.999999998 0.000000002
J:/r: 0.070247082 0.154063292 0.775689626
JJ:/cc/c: 0.999999995 0.000000005 0.000000000
JJ:/cc/crr: 0.000000000 0.999999998 0.000000002
JJ:/cc/r: 0.999999987 0.000000010 0.000000003
JJ:/crc/c: 0.999999988 0.000000012 0.000000000
JJ:/crc/crr: 0.000000000 0.999999995 0.000000005
JJ:/crc/r: 0.646334633 0.353665361 0.000000006
JJ:/crrc/c: 0.999999994 0.000000006 0.000000000
JJ:/crrc/crr: 0.000000000 0.999999998 0.000000002
JJ:/crrc/r: 0.999999936 0.000000061 0.000000003
JJ:/rc/c: 0.999999981 0.000000019 0.000000000
JJ:/rc/crr: 0.000000000 0.999999992 0.000000008
JJ:/rc/r: 0.999999978 0.000000012 0.000000010
JJ:/rrc/c: 0.999999956 0.000000044 0.000000000
JJ:/rrc/crr: 0.000000000 0.999999982 0.000000018
JJ:/rrc/r: 0.999999635 0.000000343 0.000000022
JK:/cc/c: 0.007858876 0.992141124 0.000000000
JK:/cc/crr: 0.000000000 0.000000460 0.999999540
JK:/cc/r: 0.000000886 0.000000005 0.999999109
JK:/crc/c: 0.569076038 0.430923962 0.000000000
JK:/crc/crr: 0.000000000 0.000000102 0.999999898
JK:/crc/r: 0.018792319 0.000000140 0.981207541
JK:/crrc/c: 0.400083361 0.599916639 0.000000000
JK:/crrc/crr: 0.000000000 0.000000338 0.999999662
JK:/crrc/r: 0.267781449 0.000000082 0.732218469
JK:/rc/c: 0.397219882 0.602780118 0.000000000
JK:/rc/crr: 0.000000000 0.000000025 0.999999975
JK:/rc/r: 0.441868461 0.000000011 0.558131528
JK:/rrc/c: 0.999999026 0.000000974 0.000000000
JK:/rrc/crr: 0.000000000 0.000000139 0.999999861
JK:/rrc/r: 0.370595042 0.000000167 0.629404791
JQ:/cc/c: 0.074167500 0.925832500 0.000000000
JQ:/cc/crr: 0.000000000 0.000000000 1.000000000
JQ:/cc/r: 0.047845852 0.000000000 0.952154148
JQ:/crc/c: 0.402189262 0.597810738 0.000000000
JQ:/crc/crr: 0.000000000 0.000004178 0.999995822
JQ:/crc/r: 0.168062022 0.000000035 0.831937944
JQ:/crrc/c: 0.037525373 0.962474627 0.000000000
JQ:/crrc/crr: 0.000000000 0.000000905 0.999999095
JQ:/crrc/r: 0.196695811 0.000000016 0.803304173
JQ:/rc/c: 0.999979200 0.000020800 0.000000000
JQ:/rc/crr: 0.000000000 0.000000000 1.000000000
JQ:/rc/r: 0.000000043 0.000000041 0.999999915
JQ:/rrc/c: 0.000010693 0.999989307 0.000000000
JQ:/rrc/crr: 0.000000000 0.022263787 0.977736213
JQ:/rrc/r: 0.506606014 0.000000154 0.493393832
K:/c: 0.999998063 0.000001937 0.000000000
K:/crr: 0.000000000 0.999999999 0.000000001
K:/r: 0.592688610 0.407311389 0.000000001
KJ:/cc/c: 0.013191457 0.986808543 0.000000000
KJ:/cc/crr: 0.000000000 0.972464532 0.027535468
KJ:/cc/r: 0.013216734 0.007585710 0.979197556
KJ:/crc/c: 0.142154732 0.857845268 0.000000000
KJ:/crc/crr: 0.000000000 0.999999991 0.000000009
KJ:/crc/r: 0.000000173 0.782895609 0.217104218
KJ:/crrc/c: 0.330565653 0.669434347 0.000000000
KJ:/crrc/crr: 0.000000000 0.701402070 0.298597930
KJ:/crrc/r: 0.054397262 0.802226647 0.143376091
KJ:/rc/c: 0.414075065 0.585924935 0.000000000
KJ:/rc/crr: 0.000000000 0.767136494 0.232863506
KJ:/rc/r: 0.027895982 0.769864651 0.202239367
KJ:/rrc/c: 0.490699694 0.509300306 0.000000000
KJ:/rrc/crr: 0.000000000 0.999975864 0.000024136
KJ:/rrc/r: 0.044651009 0.896564736 0.058784255
KK:/cc/c: 0.994661045 0.005338955 0.000000000
KK:/cc/crr: 0.000000000 0.997834500 0.002165500
KK:/cc/r: 0.998076417 0.001598114 0.000325469
KK:/crc/c: 0.999999844 0.000000156 0.000000000
KK:/crc/crr: 0.000000000 0.999999961 0.000000039
KK:/crc/r: 0.758039792 0.241960191 0.000000017
KK:/crrc/c: 0.999999994 0.000000006 0.000000000
KK:/crrc/crr: 0.000000000 0.999999998 0.000000002
KK:/crrc/r: 0.999994591 0.000005406 0.000000003
KK:/rc/c: 0.999999977 0.000000023 0.000000000
KK:/rc/crr: 0.000000000 0.999999991 0.000000009
KK:/rc/r: 0.999999973 0.000000015 0.000000012
KK:/rrc/c: 0.999999928 0.000000072 0.000000000
KK:/rrc/crr: 0.000000000 0.999999981 0.000000019
KK:/rrc/r: 0.963803998 0.036195985 0.000000017
KQ:/cc/c: 0.004915682 0.995084318 0.000000000
KQ:/cc/crr: 0.000000000 0.799349255 0.200650745
KQ:/cc/r: 0.025220536 0.970901195 0.003878269
KQ:/crc/c: 0.357992671 0.642007329 0.000000000
KQ:/crc/crr: 0.000000000 0.066632295 0.933367705
KQ:/crc/r: 0.000000024 0.486545040 0.513454936
KQ:/crrc/c: 0.630269354 0.369730646 0.000000000
KQ:/crrc/crr: 0.000000000 0.455902070 0.544097930
KQ:/crrc/r: 0.000006856 0.803184542 0.196808602
KQ:/rc/c: 0.000030319 0.999969681 0.000000000
KQ:/rc/crr: 0.000000000 0.010972070 0.989027930
KQ:/rc/r: 0.000000234 0.357639767 0.642359999
KQ:/rrc/c: 0.526071674 0.473928326 0.000000000
KQ:/rrc/crr: 0.000000000 0.519407595 0.480592405
KQ:/rrc/r: 0.096597970 0.582996035 0.320405995
Q:/c: 0.855418470 0.144581530 0.000000000
Q:/crr: 0.000000000 0.999999975 0.000000025
Q:/r: 0.381794416 0.618205445 0.000000139
QJ:/cc/c: 0.000000525 0.999999475 0.000000000
QJ:/cc/crr: 0.000000000 0.117563607 0.882436393
QJ:/cc/r: 0.000000187 0.000000179 0.999999635
QJ:/crc/c: 0.542829748 0.457170252 0.000000000
QJ:/crc/crr: 0.000000000 0.001946758 0.998053242
QJ:/crc/r: 0.000000092 0.000000012 0.999999896
QJ:/crrc/c: 0.000000102 0.999999898 0.000000000
QJ:/crrc/crr: 0.000000000 0.252124622 0.747875378
QJ:/crrc/r: 0.025014229 0.000000000 0.974985771
QJ:/rc/c: 0.000000590 0.999999410 0.000000000
QJ:/rc/crr: 0.000000000 0.003288603 0.996711397
QJ:/rc/r: 0.025316665 0.000000014 0.974683321
QJ:/rrc/c: 0.000000360 0.999999640 0.000000000
QJ:/rrc/crr: 0.000000000 0.114642292 0.885357708
QJ:/rrc/r: 0.000000085 0.000000022 0.999999893
QK:/cc/c: 0.160171103 0.839828897 0.000000000
QK:/cc/crr: 0.000000000 0.999999969 0.000000031
QK:/cc/r: 0.000000198 0.774913187 0.225086615
QK:/crc/c: 0.270840703 0.729159297 0.000000000
QK:/crc/crr: 0.000000000 0.000019943 0.999980057
QK:/crc/r: 0.000000315 0.511251583 0.488748102
QK:/crrc/c: 0.174714763 0.825285237 0.000000000
QK:/crrc/crr: 0.000000000 0.000005854 0.999994146
QK:/crrc/r: 0.000000527 0.335161484 0.664837988
QK:/rc/c: 0.381304909 0.618695091 0.000000000
QK:/rc/crr: 0.000000000 0.000011906 0.999988094
QK:/rc/r: 0.000000027 0.358340539 0.641659434
QK:/rrc/c: 0.436674284 0.563325716 0.000000000
QK:/rrc/crr: 0.000000000 0.083788200 0.916211800
QK:/rrc/r: 0.000000067 0.576745877 0.423254056
QQ:/cc/c: 0.999999987 0.000000013 0.000000000
QQ:/cc/crr: 0.000000000 0.999999995 0.000000005
QQ:/cc/r: 0.999999782 0.000000124 0.000000094
QQ:/crc/c: 0.999999972 0.000000028 0.000000000
QQ:/crc/crr: 0.000000000 0.999999992 0.000000008
QQ:/crc/r: 0.999999969 0.000000021 0.000000010
QQ:/crrc/c: 0.999999994 0.000000006 0.000000000
QQ:/crrc/crr: 0.000000000 0.999999998 0.000000002
QQ:/crrc/r: 0.999999965 0.000000032 0.000000003
QQ:/rc/c: 0.999999989 0.000000011 0.000000000
QQ:/rc/crr: 0.000000000 0.999999998 0.000000002
QQ:/rc/r: 0.999999983 0.000000010 0.000000007
QQ:/rrc/c: 0.999999943 0.000000057 0.000000000
QQ:/rrc/crr: 0.000000000 0.999999977 0.000000023
QQ:/rrc/r: 0.999999822 0.000000150 0.000000028
