J:/c: 0.248431944 0.751568056 0.000000000
J:/crr: 0.000000000 0.999999998 0.000000002
J:/r: 0.058787039 0.173014480 0.768198481
JJ:/cc/c: 0.999999994 0.000000006 0.000000000
JJ:/cc/crr: 0.000000000 0.999999998 0.000000002
JJ:/cc/r: 0.999999984 0.000000013 0.000000003
JJ:/crc/c: 0.999999983 0.000000017 0.000000000
JJ:/crc/crr: 0.000000000 0.999999996 0.000000004
JJ:/crc/r: 0.576606254 0.423393739 0.000000006
JJ:/crrc/c: 0.999999992 0.000000008 0.000000000
JJ:/crrc/crr: 0.000000000 0.999999998 0.000000002
JJ:/crrc/r: 0.999999914 0.000000082 0.000000003
JJ:/rc/c: 0.999999974 0.000000026 0.000000000
JJ:/rc/crr: 0.000000000 0.999999993 0.000000007
JJ:/rc/r: 0.999999972 0.000000017 0.000000011
JJ:/rrc/c: 0.999999941 0.000000059 0.000000000
JJ:/rrc/crr: 0.000000000 0.999999984 0.000000016
JJ:/rrc/r: 0.999999514 0.000000460 0.000000026
JK:/cc/c: 0.005868147 0.994131853 0.000000000
JK:/cc/crr: 0.000000000 0.000000521 0.999999479
JK:/cc/r: 0.000000749 0.000000006 0.999999246
JK:/crc/c: 0.495993398 0.504006602 0.000000000
JK:/crc/crr: 0.000000000 0.000000116 0.999999884
JK:/crc/r: 0.015926300 0.000000160 0.984073540
JK:/crrc/c: 0.331983647 0.668016353 0.000000000
JK:/crrc/crr: 0.000000000 0.000000383 0.999999617
JK:/crrc/r: 0.236078451 0.000000097 0.763921452
JK:/rc/c: 0.329339999 0.670660001 0.000000000
JK:/rc/crr: 0.000000000 0.000000028 0.999999972
JK:/rc/r: 0.400837805 0.000000014 0.599162181
JK:/rrc/c: 0.999998693 0.000001307 0.000000000
JK:/rrc/crr: 0.000000000 0.000000157 0.999999843
JK:/rrc/r: 0.332242935 0.000000201 0.667756864
JQ:/cc/c: 0.056333872 0.943666128 0.000000000
JQ:/cc/crr: 0.000000000 0.000000000 1.000000000
JQ:/cc/r: 0.040732818 0.000000000 0.959267182
JQ:/crc/c: 0.333930620 0.666069380 0.000000000
JQ:/crc/crr: 0.000000000 0.000004738 0.999995262
JQ:/crc/r: 0.145813911 0.000000040 0.854186049
JQ:/crrc/c: 0.028233686 0.971766314 0.000000000
JQ:/crrc/crr: 0.000000000 0.000001027 0.999998973
JQ:/crrc/r: 0.171438272 0.000000019 0.828561709
JQ:/rc/c: 0.999972087 0.000027913 0.000000000
JQ:/rc/crr: 0.000000000 0.000000000 1.000000000
JQ:/rc/r: 0.000000037 0.000000047 0.999999916
JQ:/rrc/c: 0.000007968 0.999992032 0.000000000
JQ:/rrc/crr: 0.000000000 0.025171177 0.974828823
JQ:/rrc/r: 0.464567620 0.000000190 0.535432191
K:/c: 0.999997400 0.000002600 0.000000000
K:/crr: 0.000000000 0.999999999 0.000000001
K:/r: 0.520234446 0.479765553 0.000000001
KJ:/cc/c: 0.009863363 0.990136637 0.000000000
KJ:/cc/crr: 0.000000000 0.975638183 0.024361817
KJ:/cc/r: 0.011179966 0.008610780 0.980209254
KJ:/crc/c: 0.109914300 0.890085700 0.000000000
KJ:/crc/crr: 0.000000000 0.999999992 0.000000008
KJ:/crc/r: 0.000000133 0.803503561 0.196496306
KJ:/crrc/c: 0.268993139 0.731006861 0.000000000
KJ:/crrc/crr: 0.000000000 0.727048578 0.272951422
KJ:/crrc/r: 0.041824709 0.827719069 0.130456221
KJ:/rc/c: 0.344963223 0.655036777 0.000000000
KJ:/rc/crr: 0.000000000 0.788836839 0.211163161
KJ:/rc/r: 0.021452983 0.794493593 0.184053424
KJ:/rrc/c: 0.417920778 0.582079222 0.000000000
KJ:/rrc/crr: 0.000000000 0.999978715 0.000021285
KJ:/rrc/r: 0.033894726 0.913297965 0.052807309
KK:/cc/c: 0.992848550 0.007151450 0.000000000
KK:/cc/crr: 0.000000000 0.998089832 0.001910168
KK:/cc/r: 0.997471814 0.002143259 0.000384927
KK:/crc/c: 0.999999791 0.000000209 0.000000000
KK:/crc/crr: 0.000000000 0.999999965 0.000000035
KK:/crc/r: 0.700116660 0.299883321 0.000000019
KK:/crrc/c: 0.999999992 0.000000008 0.000000000
KK:/crrc/crr: 0.000000000 0.999999998 0.000000002
KK:/crrc/r: 0.999992741 0.000007255 0.000000003
KK:/rc/c: 0.999999969 0.000000031 0.000000000
KK:/rc/crr: 0.000000000 0.999999992 0.000000008
KK:/rc/r: 0.999999965 0.000000021 0.000000014
KK:/rrc/c: 0.999999904 0.000000096 0.000000000
KK:/rrc/crr: 0.000000000 0.999999984 0.000000016
KK:/rrc/r: 0.952021297 0.047978683 0.000000020
KQ:/cc/c: 0.003667737 0.996332263 0.000000000
KQ:/cc/crr: 0.000000000 0.818756942 0.181243058
KQ:/cc/r: 0.018924506 0.977631674 0.003443820
KQ:/crc/c: 0.293551676 0.706448324 0.000000000
KQ:/crc/crr: 0.000000000 0.074889899 0.925110101
KQ:/crc/r: 0.000000019 0.517963089 0.482036892
KQ:/crrc/c: 0.559532107 0.440467893 0.000000000
KQ:/crrc/crr: 0.000000000 0.487219010 0.512780990
KQ:/crrc/r: 0.000005231 0.822304521 0.177690248
KQ:/rc/c: 0.000022594 0.999977406 0.000000000
KQ:/rc/crr: 0.000000000 0.012423631 0.987576369
KQ:/rc/r: 0.000000188 0.387007926 0.612991886
KQ:/rrc/c: 0.452709824 0.547290176 0.000000000
KQ:/rrc/crr: 0.000000000 0.550671829 0.449328171
KQ:/rrc/r: 0.076780406 0.621839053 0.301380540
Q:/c: 0.815121460 0.184878540 0.000000000
Q:/crr: 0.000000000 0.999999978 0.000000022
Q:/r: 0.315172276 0.684827588 0.000000136
QJ:/cc/c: 0.000000391 0.999999609 0.000000000
QJ:/cc/crr: 0.000000000 0.131245488 0.868754512
QJ:/cc/r: 0.000000158 0.000000203 0.999999640
QJ:/crc/c: 0.469445794 0.530554206 0.000000000
QJ:/crc/crr: 0.000000000 0.002206971 0.997793029
QJ:/crc/r: 0.000000078 0.000000013 0.999999909
QJ:/crrc/c: 0.000000076 0.999999924 0.000000000
QJ:/crrc/crr: 0.000000000 0.276558615 0.723441385
QJ:/crrc/r: 0.021219827 0.000000000 0.978780173
QJ:/rc/c: 0.000000440 0.999999560 0.000000000
QJ:/rc/crr: 0.000000000 0.003727503 0.996272497
QJ:/rc/r: 0.021477397 0.000000016 0.978522586
QJ:/rrc/c: 0.000000268 0.999999732 0.000000000
QJ:/rrc/crr: 0.000000000 0.128033523 0.871966477
QJ:/rrc/r: 0.000000072 0.000000025 0.999999903
QK:/cc/c: 0.124437310 0.875562690 0.000000000
QK:/cc/crr: 0.000000000 0.999999973 0.000000027
QK:/cc/r: 0.000000152 0.796081490 0.203918358
QK:/crc/c: 0.216790199 0.783209801 0.000000000
QK:/crc/crr: 0.000000000 0.000022614 0.999977386
QK:/crc/r: 0.000000249 0.542579161 0.457420590
QK:/crrc/c: 0.136262761 0.863737239 0.000000000
QK:/crrc/crr: 0.000000000 0.000006638 0.999993362
QK:/crrc/r: 0.000000426 0.363729004 0.636270570
QK:/rc/c: 0.314724696 0.685275304 0.000000000
QK:/rc/crr: 0.000000000 0.000013501 0.999986499
QK:/rc/r: 0.000000022 0.387731496 0.612268482
QK:/rrc/c: 0.366147601 0.633852399 0.000000000
QK:/rrc/crr: 0.000000000 0.093957875 0.906042125
QK:/rrc/r: 0.000000053 0.607101607 0.392898341
QQ:/cc/c: 0.999999982 0.000000018 0.000000000
QQ:/cc/crr: 0.000000000 0.999999995 0.000000005
QQ:/cc/r: 0.999999722 0.000000167 0.000000111
QQ:/crc/c: 0.999999963 0.000000037 0.000000000
QQ:/crc/crr: 0.000000000 0.999999993 0.000000007
QQ:/crc/r: 0.999999960 0.000000028 0.000000011
QQ:/crrc/c: 0.999999992 0.000000008 0.000000000
QQ:/crrc/crr: 0.000000000 0.999999998 0.000000002
QQ:/crrc/r: 0.999999954 0.000000042 0.000000003
QQ:/rc/c: 0.999999986 0.000000014 0.000000000
QQ:/rc/crr: 0.000000000 0.999999998 0.000000002
QQ:/rc/r: 0.999999978 0.000000013 0.000000009
QQ:/rrc/c: 0.999999923 0.000000077 0.000000000
QQ:/rrc/crr: 0.000000000 0.999999980 0.000000020
QQ:/rrc/r: 0.999999765 0.000000202 0.000000033
