J:/c: 0.357193223 0.642806777 0.000000000
J:/crr: 0.000000000 0.999999998 0.000000002
J:/r: 0.087490620 0.153171767 0.759337612
JJ:/cc/c: 0.999999996 0.000000004 0.000000000
JJ:/cc/crr: 0.000000000 0.999999998 0.000000002
JJ:/cc/r: 0.999999990 0.000000008 0.000000002
JJ:/crc/c: 0.999999990 0.000000010 0.000000000
JJ:/crc/crr: 0.000000000 0.999999995 0.000000005
JJ:/crc/r: 0.695991665 0.304008330 0.000000005
JJ:/crrc/c: 0.999999995 0.000000005 0.000000000
JJ:/crrc/crr: 0.000000000 0.999999998 0.000000002
JJ:/crrc/r: 0.999999949 0.000000049 0.000000002
JJ:/rc/c: 0.999999985 0.000000015 0.000000000
JJ:/rc/crr: 0.000000000 0.999999992 0.000000008
JJ:/rc/r: 0.999999983 0.000000010 0.000000008
JJ:/rrc/c: 0.999999965 0.000000035 0.000000000
JJ:/rrc/crr: 0.000000000 0.999999983 0.000000017
JJ:/rrc/r: 0.999999709 0.000000274 0.000000017
JK:/cc/c: 0.009825449 0.990174551 0.000000000
JK:/cc/crr: 0.000000000 0.000000467 0.999999533
JK:/cc/r: 0.000001127 0.000000005 0.999998868
JK:/crc/c: 0.623257723 0.376742277 0.000000000
JK:/crc/crr: 0.000000000 0.000000104 0.999999896
JK:/crc/r: 0.023787568 0.000000142 0.976212290
JK:/crrc/c: 0.455170353 0.544829647 0.000000000
JK:/crrc/crr: 0.000000000 0.000000343 0.999999657
JK:/crrc/r: 0.317542393 0.000000078 0.682457530
JK:/rc/c: 0.452209801 0.547790199 0.000000000
JK:/rc/crr: 0.000000000 0.000000025 0.999999975
JK:/rc/r: 0.501809084 0.000000010 0.498190906
JK:/rrc/c: 0.999999223 0.000000777 0.000000000
JK:/rrc/crr: 0.000000000 0.000000141 0.999999859
JK:/rrc/r: 0.428286376 0.000000154 0.571713469
JQ:/cc/c: 0.091201594 0.908798406 0.000000000
JQ:/cc/crr: 0.000000000 0.000000000 1.000000000
JQ:/cc/r: 0.060090959 0.000000000 0.939909041
JQ:/crc/c: 0.457345164 0.542654836 0.000000000
JQ:/crc/crr: 0.000000000 0.000004243 0.999995757
JQ:/crc/r: 0.204466956 0.000000034 0.795533011
JQ:/crrc/c: 0.046567133 0.953432867 0.000000000
JQ:/crrc/crr: 0.000000000 0.000000919 0.999999081
JQ:/crrc/r: 0.237532354 0.000000015 0.762467630
JQ:/rc/c: 0.999983396 0.000016604 0.000000000
JQ:/rc/crr: 0.000000000 0.000000000 1.000000000
JQ:/rc/r: 0.000000055 0.000000042 0.999999903
JQ:/rrc/c: 0.000013395 0.999986605 0.000000000
JQ:/rrc/crr: 0.000000000 0.022603757 0.977396243
JQ:/rrc/r: 0.566416281 0.000000137 0.433583581
K:/c: 0.999998454 0.000001546 0.000000000
K:/crr: 0.000000000 0.999999999 0.000000001
K:/r: 0.645749539 0.354250461 0.000000001
KJ:/cc/c: 0.016470281 0.983529719 0.000000000
KJ:/cc/crr: 0.000000000 0.972876618 0.027123382
KJ:/cc/r: 0.016753248 0.007675690 0.975571062
KJ:/crc/c: 0.171904236 0.828095764 0.000000000
KJ:/crc/crr: 0.000000000 0.999999991 0.000000009
KJ:/crc/r: 0.000000218 0.785518964 0.214480818
KJ:/crrc/c: 0.382178584 0.617821416 0.000000000
KJ:/crrc/crr: 0.000000000 0.704638685 0.295361315
KJ:/crrc/r: 0.067366954 0.793073248 0.139559798
KJ:/rc/c: 0.469580603 0.530419397 0.000000000
KJ:/rc/crr: 0.000000000 0.769894342 0.230105658
KJ:/rc/r: 0.034808720 0.766844191 0.198347089
KJ:/rrc/c: 0.546889526 0.453110474 0.000000000
KJ:/rrc/crr: 0.000000000 0.999976235 0.000023765
KJ:/rrc/r: 0.055360530 0.887354102 0.057285368
KK:/cc/c: 0.995733511 0.004266489 0.000000000
KK:/cc/crr: 0.000000000 0.997867741 0.002132259
KK:/cc/r: 0.998467869 0.001276217 0.000255914
KK:/crc/c: 0.999999875 0.000000125 0.000000000
KK:/crc/crr: 0.000000000 0.999999961 0.000000039
KK:/crc/r: 0.796940173 0.203059813 0.000000014
KK:/crrc/c: 0.999999995 0.000000005 0.000000000
KK:/crrc/crr: 0.000000000 0.999999998 0.000000002
KK:/crrc/r: 0.999995682 0.000004316 0.000000002
KK:/rc/c: 0.999999982 0.000000018 0.000000000
KK:/rc/crr: 0.000000000 0.999999991 0.000000009
KK:/rc/r: 0.999999978 0.000000012 0.000000009
KK:/rrc/c: 0.999999943 0.000000057 0.000000000
KK:/rrc/crr: 0.000000000 0.999999982 0.000000018
KK:/rrc/r: 0.970893511 0.029106475 0.000000013
KQ:/cc/c: 0.006150328 0.993849672 0.000000000
KQ:/cc/crr: 0.000000000 0.801824155 0.198175845
KQ:/cc/r: 0.031396008 0.964809341 0.003794651
KQ:/crc/c: 0.411257144 0.588742856 0.000000000
KQ:/crc/crr: 0.000000000 0.067602931 0.932397069
KQ:/crc/r: 0.000000030 0.490418569 0.509581401
KQ:/crrc/c: 0.681069008 0.318930992 0.000000000
KQ:/crrc/crr: 0.000000000 0.459750085 0.540249915
KQ:/crrc/r: 0.000008615 0.805622155 0.194369230
KQ:/rc/c: 0.000037981 0.999962019 0.000000000
KQ:/rc/crr: 0.000000000 0.011141580 0.988858420
KQ:/rc/r: 0.000000295 0.361208979 0.638790725
KQ:/rrc/c: 0.581685828 0.418314172 0.000000000
KQ:/rrc/crr: 0.000000000 0.523276123 0.476723877
KQ:/rrc/r: 0.118697482 0.571854385 0.309448133
Q:/c: 0.881118360 0.118881640 0.000000000
Q:/crr: 0.000000000 0.999999976 0.000000024
Q:/r: 0.436194175 0.563805700 0.000000125
QJ:/cc/c: 0.000000658 0.999999342 0.000000000
QJ:/cc/crr: 0.000000000 0.119181426 0.880818574
QJ:/cc/r: 0.000000237 0.000000182 0.999999581
QJ:/crc/c: 0.597980183 0.402019817 0.000000000
QJ:/crc/crr: 0.000000000 0.001977113 0.998022887
QJ:/crc/r: 0.000000117 0.000000012 0.999999871
QJ:/crrc/c: 0.000000128 0.999999872 0.000000000
QJ:/crrc/crr: 0.000000000 0.255058943 0.744941057
QJ:/crrc/r: 0.031610064 0.000000000 0.968389936
QJ:/rc/c: 0.000000739 0.999999261 0.000000000
QJ:/rc/crr: 0.000000000 0.003339810 0.996660190
QJ:/rc/r: 0.031989632 0.000000014 0.968010354
QJ:/rrc/c: 0.000000451 0.999999549 0.000000000
QJ:/rrc/crr: 0.000000000 0.116225205 0.883774795
QJ:/rrc/r: 0.000000108 0.000000022 0.999999869
QK:/cc/c: 0.192843411 0.807156589 0.000000000
QK:/cc/crr: 0.000000000 0.999999970 0.000000030
QK:/cc/r: 0.000000249 0.777605594 0.222394157
QK:/crc/c: 0.317551941 0.682448059 0.000000000
QK:/crc/crr: 0.000000000 0.000020254 0.999979746
QK:/crc/r: 0.000000398 0.515124431 0.484875171
QK:/crrc/c: 0.209613288 0.790386712 0.000000000
QK:/crrc/crr: 0.000000000 0.000005945 0.999994055
QK:/crrc/r: 0.000000667 0.338624596 0.661374736
QK:/rc/c: 0.435684075 0.564315925 0.000000000
QK:/rc/crr: 0.000000000 0.000012092 0.999987908
QK:/rc/r: 0.000000035 0.361912824 0.638087141
QK:/rrc/c: 0.492662012 0.507337988 0.000000000
QK:/rrc/crr: 0.000000000 0.084985991 0.915014009
QK:/rrc/r: 0.000000084 0.580525593 0.419474322
QQ:/cc/c: 0.999999989 0.000000011 0.000000000
QQ:/cc/crr: 0.000000000 0.999999995 0.000000005
QQ:/cc/r: 0.999999827 0.000000099 0.000000074
QQ:/crc/c: 0.999999978 0.000000022 0.000000000
QQ:/crc/crr: 0.000000000 0.999999992 0.000000008
QQ:/crc/r: 0.999999976 0.000000017 0.000000008
QQ:/crrc/c: 0.999999995 0.000000005 0.000000000
QQ:/crrc/crr: 0.000000000 0.999999998 0.000000002
QQ:/crrc/r: 0.999999972 0.000000025 0.000000002
QQ:/rc/c: 0.999999992 0.000000008 0.000000000
QQ:/rc/crr: 0.000000000 0.999999998 0.000000002
QQ:/rc/r: 0.999999987 0.000000008 0.000000006
QQ:/rrc/c: 0.999999954 0.000000046 0.000000000
QQ:/rrc/crr: 0.000000000 0.999999977 0.000000023
QQ:/rrc/r: 0.999999858 0.000000120 0.000000022
