J:/c: 0.201914342 0.798085658 0.000000000
J:/crr: 0.000000000 0.999999998 0.000000002
J:/r: 0.043094563 0.165708511 0.791196925
JJ:/cc/c: 0.999999992 0.000000008 0.000000000
JJ:/cc/crr: 0.000000000 0.999999998 0.000000002
JJ:/cc/r: 0.999999978 0.000000017 0.000000005
JJ:/crc/c: 0.999999978 0.000000022 0.000000000
JJ:/crc/crr: 0.000000000 0.999999996 0.000000004
JJ:/crc/r: 0.510367886 0.489632106 0.000000008
JJ:/crrc/c: 0.999999990 0.000000010 0.000000000
JJ:/crrc/crr: 0.000000000 0.999999998 0.000000002
JJ:/crrc/r: 0.999999888 0.000000107 0.000000005
JJ:/rc/c: 0.999999966 0.000000034 0.000000000
JJ:/rc/crr: 0.000000000 0.999999993 0.000000007
JJ:/rc/r: 0.999999962 0.000000022 0.000000016
JJ:/rrc/c: 0.999999923 0.000000077 0.000000000
JJ:/rrc/crr: 0.000000000 0.999999983 0.000000017
JJ:/rrc/r: 0.999999362 0.000000601 0.000000037
JK:/cc/c: 0.004497569 0.995502431 0.000000000
JK:/cc/crr: 0.000000000 0.000000485 0.999999515
JK:/cc/r: 0.000000533 0.000000005 0.999999462
JK:/crc/c: 0.429618874 0.570381126 0.000000000
JK:/crc/crr: 0.000000000 0.000000108 0.999999892
JK:/crc/r: 0.011387882 0.000000149 0.988611969
JK:/crrc/c: 0.275557416 0.724442584 0.000000000
JK:/crrc/crr: 0.000000000 0.000000356 0.999999644
JK:/crrc/r: 0.180298826 0.000000097 0.819701077
JK:/rc/c: 0.273179350 0.726820650 0.000000000
JK:/rc/crr: 0.000000000 0.000000026 0.999999974
JK:/rc/r: 0.322567221 0.000000015 0.677432765
JK:/rrc/c: 0.999998293 0.000001707 0.000000000
JK:/rrc/crr: 0.000000000 0.000000146 0.999999854
JK:/rrc/r: 0.261520380 0.000000207 0.738479413
JQ:/cc/c: 0.043694466 0.956305534 0.000000000
JQ:/cc/crr: 0.000000000 0.000000000 1.000000000
JQ:/cc/r: 0.029336173 0.000000000 0.970663827
JQ:/crc/c: 0.277310842 0.722689158 0.000000000
JQ:/crc/crr: 0.000000000 0.000004406 0.999995594
JQ:/crc/r: 0.108337035 0.000000039 0.891662926
JQ:/crrc/c: 0.021753668 0.978246332 0.000000000
JQ:/crrc/crr: 0.000000000 0.000000955 0.999999045
JQ:/crrc/r: 0.128365180 0.000000018 0.871634801
JQ:/rc/c: 0.999963531 0.000036469 0.000000000
JQ:/rc/crr: 0.000000000 0.000000000 1.000000000
JQ:/rc/r: 0.000000026 0.000000044 0.999999930
JQ:/rrc/c: 0.000006099 0.999993901 0.000000000
JQ:/rrc/crr: 0.000000000 0.023448841 0.976551159
JQ:/rrc/r: 0.381782144 0.000000203 0.618217652
K:/c: 0.999996604 0.000003396 0.000000000
K:/crr: 0.000000000 0.999999999 0.000000001
K:/r: 0.453535069 0.546464930 0.000000001
KJ:/cc/c: 0.007566756 0.992433244 0.000000000
KJ:/cc/crr: 0.000000000 0.973850584 0.026149416
KJ:/cc/r: 0.007987943 0.008038194 0.983973863
KJ:/crc/c: 0.086353348 0.913646652 0.000000000
KJ:/crc/crr: 0.000000000 0.999999991 0.000000009
KJ:/crc/r: 0.000000100 0.791780888 0.208219012
KJ:/crrc/c: 0.219751255 0.780248745 0.000000000
KJ:/crrc/crr: 0.000000000 0.712397290 0.287602710
KJ:/crrc/r: 0.032011366 0.827705224 0.140283410
KJ:/rc/c: 0.287279624 0.712720376 0.000000000
KJ:/rc/crr: 0.000000000 0.776482542 0.223517458
KJ:/rc/r: 0.016275945 0.787535950 0.196188105
KJ:/rrc/c: 0.354642491 0.645357509 0.000000000
KJ:/rrc/crr: 0.000000000 0.999977111 0.000022889
KJ:/rrc/r: 0.026045922 0.916941342 0.057012736
KK:/cc/c: 0.990676809 0.009323191 0.000000000
KK:/cc/crr: 0.000000000 0.997946202 0.002053798
KK:/cc/r: 0.996661653 0.002797971 0.000540376
KK:/crc/c: 0.999999726 0.000000274 0.000000000
KK:/crc/crr: 0.000000000 0.999999963 0.000000037
KK:/crc/r: 0.641176441 0.358823535 0.000000024
KK:/crrc/c: 0.999999990 0.000000010 0.000000000
KK:/crrc/crr: 0.000000000 0.999999998 0.000000002
KK:/crrc/r: 0.999990516 0.000009479 0.000000005
KK:/rc/c: 0.999999960 0.000000040 0.000000000
KK:/rc/crr: 0.000000000 0.999999991 0.000000009
KK:/rc/r: 0.999999953 0.000000027 0.000000020
KK:/rrc/c: 0.999999874 0.000000126 0.000000000
KK:/rrc/crr: 0.000000000 0.999999982 0.000000018
KK:/rrc/r: 0.938222656 0.061777316 0.000000028
KQ:/cc/c: 0.002809639 0.997190361 0.000000000
KQ:/cc/crr: 0.000000000 0.807726476 0.192273524
KQ:/cc/r: 0.014545293 0.981735858 0.003718849
KQ:/crc/c: 0.241298088 0.758701912 0.000000000
KQ:/crc/crr: 0.000000000 0.070009886 0.929990114
KQ:/crc/r: 0.000000014 0.499809887 0.500190099
KQ:/crrc/c: 0.492971414 0.507028586 0.000000000
KQ:/crrc/crr: 0.000000000 0.469094734 0.530905266
KQ:/crrc/r: 0.000003951 0.811441536 0.188554514
KQ:/rc/c: 0.000017293 0.999982707 0.000000000
KQ:/rc/crr: 0.000000000 0.011563198 0.988436802
KQ:/rc/r: 0.000000138 0.369922220 0.630077642
KQ:/rrc/c: 0.387672266 0.612327734 0.000000000
KQ:/rrc/crr: 0.000000000 0.532638962 0.467361038
KQ:/rrc/r: 0.058491808 0.618933649 0.322574543
Q:/c: 0.771404446 0.228595554 0.000000000
Q:/crr: 0.000000000 0.999999977 0.000000023
Q:/r: 0.260489201 0.739510641 0.000000158
QJ:/cc/c: 0.000000300 0.999999700 0.000000000
QJ:/cc/crr: 0.000000000 0.123182182 0.876817818
QJ:/cc/r: 0.000000112 0.000000188 0.999999699
QJ:/crc/c: 0.403777762 0.596222238 0.000000000
QJ:/crc/crr: 0.000000000 0.002052650 0.997947350
QJ:/crc/r: 0.000000055 0.000000012 0.999999932
QJ:/crrc/c: 0.000000058 0.999999942 0.000000000
QJ:/crrc/crr: 0.000000000 0.262262822 0.737737178
QJ:/crrc/r: 0.015196239 0.000000000 0.984803761
QJ:/rc/c: 0.000000337 0.999999663 0.000000000
QJ:/rc/crr: 0.000000000 0.003467230 0.996532770
QJ:/rc/r: 0.015381843 0.000000015 0.984618142
QJ:/rrc/c: 0.000000205 0.999999795 0.000000000
QJ:/rrc/crr: 0.000000000 0.120140261 0.879859739
QJ:/rrc/r: 0.000000051 0.000000023 0.999999926
QK:/cc/c: 0.098106374 0.901893626 0.000000000
QK:/cc/crr: 0.000000000 0.999999971 0.000000029
QK:/cc/r: 0.000000114 0.784035043 0.215964842
QK:/crc/c: 0.174819217 0.825180783 0.000000000
QK:/crc/crr: 0.000000000 0.000021030 0.999978970
QK:/crc/r: 0.000000185 0.524501997 0.475497819
QK:/crrc/c: 0.107737461 0.892262539 0.000000000
QK:/crrc/crr: 0.000000000 0.000006173 0.999993827
QK:/crrc/r: 0.000000311 0.347089126 0.652910562
QK:/rc/c: 0.260089787 0.739910213 0.000000000
QK:/rc/crr: 0.000000000 0.000012555 0.999987445
QK:/rc/r: 0.000000016 0.370633143 0.629366841
QK:/rrc/c: 0.306579576 0.693420424 0.000000000
QK:/rrc/crr: 0.000000000 0.087953476 0.912046524
QK:/rrc/r: 0.000000039 0.589645820 0.410354141
QQ:/cc/c: 0.999999976 0.000000024 0.000000000
QQ:/cc/crr: 0.000000000 0.999999995 0.000000005
QQ:/cc/r: 0.999999626 0.000000218 0.000000156
QQ:/crc/c: 0.999999951 0.000000049 0.000000000
QQ:/crc/crr: 0.000000000 0.999999993 0.000000007
QQ:/crc/r: 0.999999947 0.000000037 0.000000016
QQ:/crrc/c: 0.999999990 0.000000010 0.000000000
QQ:/crrc/crr: 0.000000000 0.999999998 0.000000002
QQ:/crrc/r: 0.999999940 0.000000055 0.000000005
QQ:/rc/c: 0.999999982 0.000000018 0.000000000
QQ:/rc/crr: 0.000000000 0.999999998 0.000000002
QQ:/rc/r: 0.999999971 0.000000017 0.000000012
QQ:/rrc/c: 0.999999899 0.000000101 0.000000000
QQ:/rrc/crr: 0.000000000 0.999999978 0.000000022
QQ:/rrc/r: 0.999999690 0.000000264 0.000000047
