J:/c: 0.227539420 0.772460580 0.000000000
J:/crr: 0.000000000 0.999999998 0.000000002
J:/r: 0.045537936 0.150394867 0.804067197
JJ:/cc/c: 0.999999993 0.000000007 0.000000000
JJ:/cc/crr: 0.000000000 0.999999998 0.000000002
JJ:/cc/r: 0.999999981 0.000000014 0.000000005
JJ:/crc/c: 0.999999981 0.000000019 0.000000000
JJ:/crc/crr: 0.000000000 0.999999995 0.000000005
JJ:/crc/r: 0.548247505 0.451752487 0.000000008
JJ:/crrc/c: 0.999999991 0.000000009 0.000000000
JJ:/crrc/crr: 0.000000000 0.999999998 0.000000002
JJ:/crrc/r: 0.999999903 0.000000092 0.000000005
JJ:/rc/c: 0.999999971 0.000000029 0.000000000
JJ:/rc/crr: 0.000000000 0.999999992 0.000000008
JJ:/rc/r: 0.999999966 0.000000019 0.000000015
JJ:/rrc/c: 0.999999934 0.000000066 0.000000000
JJ:/rrc/crr: 0.000000000 0.999999981 0.000000019
JJ:/rrc/r: 0.999999448 0.000000516 0.000000035
JK:/cc/c: 0.005232626 0.994767374 0.000000000
JK:/cc/crr: 0.000000000 0.000000433 0.999999567
JK:/cc/r: 0.000000554 0.000000005 0.999999441
JK:/crc/c: 0.467224215 0.532775785 0.000000000
JK:/crc/crr: 0.000000000 0.000000096 0.999999904
JK:/crc/r: 0.011835574 0.000000133 0.988164292
JK:/crrc/c: 0.306934190 0.693065810 0.000000000
JK:/crrc/crr: 0.000000000 0.000000318 0.999999682
JK:/crrc/r: 0.186136667 0.000000086 0.813863247
JK:/rc/c: 0.304399120 0.695600880 0.000000000
JK:/rc/crr: 0.000000000 0.000000023 0.999999977
JK:/rc/r: 0.331150561 0.000000013 0.668849426
JK:/rrc/c: 0.999998533 0.000001467 0.000000000
JK:/rrc/crr: 0.000000000 0.000000130 0.999999870
JK:/rrc/r: 0.269124639 0.000000183 0.730875178
JQ:/cc/c: 0.050510602 0.949489398 0.000000000
JQ:/cc/crr: 0.000000000 0.000000000 1.000000000
JQ:/cc/r: 0.030467723 0.000000000 0.969532277
JQ:/crc/c: 0.308802166 0.691197834 0.000000000
JQ:/crc/crr: 0.000000000 0.000003935 0.999996065
JQ:/crc/r: 0.112163675 0.000000035 0.887836290
JQ:/crrc/c: 0.025237467 0.974762533 0.000000000
JQ:/crrc/crr: 0.000000000 0.000000853 0.999999147
JQ:/crrc/r: 0.132793891 0.000000016 0.867206093
JQ:/rc/c: 0.999968677 0.000031323 0.000000000
JQ:/rc/crr: 0.000000000 0.000000000 1.000000000
JQ:/rc/r: 0.000000027 0.000000039 0.999999934
JQ:/rrc/c: 0.000007101 0.999992899 0.000000000
JQ:/rrc/crr: 0.000000000 0.020993857 0.979006143
JQ:/rrc/r: 0.391031648 0.000000179 0.608968173
K:/c: 0.999997083 0.000002917 0.000000000
K:/crr: 0.000000000 0.999999999 0.000000001
K:/r: 0.491430178 0.508569821 0.000000001
KJ:/cc/c: 0.008798990 0.991201010 0.000000000
KJ:/cc/crr: 0.000000000 0.970810694 0.029189306
KJ:/cc/r: 0.008310238 0.007182478 0.984507284
KJ:/crc/c: 0.099134234 0.900865766 0.000000000
KJ:/crc/crr: 0.000000000 0.999999990 0.000000010
KJ:/crc/r: 0.000000114 0.772519330 0.227480556
KJ:/crrc/c: 0.246939607 0.753060393 0.000000000
KJ:/crrc/crr: 0.000000000 0.688679644 0.311320356
KJ:/crrc/r: 0.036466280 0.809842000 0.153691720
KJ:/rc/c: 0.319402674 0.680597326 0.000000000
KJ:/rc/crr: 0.000000000 0.756241479 0.243758521
KJ:/rc/r: 0.018466769 0.767454131 0.214079100
KJ:/rrc/c: 0.390174368 0.609825632 0.000000000
KJ:/rrc/crr: 0.000000000 0.999974371 0.000025629
KJ:/rrc/r: 0.029992012 0.906869431 0.063138557
KK:/cc/c: 0.991981860 0.008018140 0.000000000
KK:/cc/crr: 0.000000000 0.997700833 0.002299167
KK:/cc/r: 0.997075937 0.002404147 0.000519916
KK:/crc/c: 0.999999765 0.000000235 0.000000000
KK:/crc/crr: 0.000000000 0.999999958 0.000000042
KK:/crc/r: 0.675373104 0.324626871 0.000000024
KK:/crrc/c: 0.999999991 0.000000009 0.000000000
KK:/crrc/crr: 0.000000000 0.999999998 0.000000002
KK:/crrc/r: 0.999991854 0.000008141 0.000000005
KK:/rc/c: 0.999999965 0.000000035 0.000000000
KK:/rc/crr: 0.000000000 0.999999990 0.000000010
KK:/rc/r: 0.999999958 0.000000023 0.000000019
KK:/rrc/c: 0.999999892 0.000000108 0.000000000
KK:/rrc/crr: 0.000000000 0.999999980 0.000000020
KK:/rrc/r: 0.946473466 0.053526507 0.000000027
KQ:/cc/c: 0.003269737 0.996730263 0.000000000
KQ:/cc/crr: 0.000000000 0.789547921 0.210452079
KQ:/cc/r: 0.016887122 0.978960483 0.004152395
KQ:/crc/c: 0.270229004 0.729770996 0.000000000
KQ:/crc/crr: 0.000000000 0.062994634 0.937005366
KQ:/crc/r: 0.000000015 0.471565111 0.528434874
KQ:/crrc/c: 0.530960016 0.469039984 0.000000000
KQ:/crrc/crr: 0.000000000 0.441055166 0.558944834
KQ:/crrc/r: 0.000004498 0.793524299 0.206471202
KQ:/rc/c: 0.000020134 0.999979866 0.000000000
KQ:/rc/crr: 0.000000000 0.010339411 0.989660589
KQ:/rc/r: 0.000000149 0.343969910 0.656029940
KQ:/rrc/c: 0.424337493 0.575662507 0.000000000
KQ:/rrc/crr: 0.000000000 0.504409837 0.495590163
KQ:/rrc/r: 0.064967815 0.590452074 0.344580111
Q:/c: 0.797117225 0.202882775 0.000000000
Q:/crr: 0.000000000 0.999999974 0.000000026
Q:/r: 0.290839025 0.709160805 0.000000169
QJ:/cc/c: 0.000000349 0.999999651 0.000000000
QJ:/cc/crr: 0.000000000 0.111477541 0.888522459
QJ:/cc/r: 0.000000117 0.000000168 0.999999715
QJ:/crc/c: 0.440869508 0.559130492 0.000000000
QJ:/crc/crr: 0.000000000 0.001833541 0.998166459
QJ:/crc/r: 0.000000058 0.000000011 0.999999932
QJ:/crrc/c: 0.000000068 0.999999932 0.000000000
QJ:/crrc/crr: 0.000000000 0.240974829 0.759025171
QJ:/crrc/r: 0.015791259 0.000000000 0.984208741
QJ:/rc/c: 0.000000392 0.999999608 0.000000000
QJ:/rc/crr: 0.000000000 0.003097591 0.996902409
QJ:/rc/r: 0.015984012 0.000000013 0.984015974
QJ:/rrc/c: 0.000000239 0.999999761 0.000000000
QJ:/rrc/crr: 0.000000000 0.108688831 0.891311169
QJ:/rrc/r: 0.000000053 0.000000021 0.999999926
QK:/cc/c: 0.112412761 0.887587239 0.000000000
QK:/cc/crr: 0.000000000 0.999999967 0.000000033
QK:/cc/r: 0.000000130 0.764270276 0.235729594
QK:/crc/c: 0.197858134 0.802141866 0.000000000
QK:/crc/crr: 0.000000000 0.000018781 0.999981219
QK:/crc/r: 0.000000203 0.496246214 0.503753582
QK:/crrc/c: 0.123256365 0.876743635 0.000000000
QK:/crrc/crr: 0.000000000 0.000005513 0.999994487
QK:/crrc/r: 0.000000336 0.321920260 0.678079404
QK:/rc/c: 0.290411355 0.709588645 0.000000000
QK:/rc/crr: 0.000000000 0.000011212 0.999988788
QK:/rc/r: 0.000000017 0.344658241 0.655341741
QK:/rrc/c: 0.339831715 0.660168285 0.000000000
QK:/rrc/crr: 0.000000000 0.079293513 0.920706487
QK:/rrc/r: 0.000000043 0.562028679 0.437971278
QQ:/cc/c: 0.999999980 0.000000020 0.000000000
QQ:/cc/crr: 0.000000000 0.999999994 0.000000006
QQ:/cc/r: 0.999999662 0.000000187 0.000000150
QQ:/crc/c: 0.999999958 0.000000042 0.000000000
QQ:/crc/crr: 0.000000000 0.999999992 0.000000008
QQ:/crc/r: 0.999999953 0.000000032 0.000000015
QQ:/crrc/c: 0.999999991 0.000000009 0.000000000
QQ:/crrc/crr: 0.000000000 0.999999998 0.000000002
QQ:/crrc/r: 0.999999948 0.000000048 0.000000005
QQ:/rc/c: 0.999999984 0.000000016 0.000000000
QQ:/rc/crr: 0.000000000 0.999999998 0.000000002
QQ:/rc/r: 0.999999974 0.000000014 0.000000012
QQ:/rrc/c: 0.999999913 0.000000087 0.000000000
QQ:/rrc/crr: 0.000000000 0.999999975 0.000000025
QQ:/rrc/r: 0.999999729 0.000000226 0.000000045
