J:/c: 0.431332755 0.568667245 0.000000000
J:/crr: 0.000000000 0.999999995 0.000000004
J:/r: 0.067442866 0.086501131 0.846056003
JJ:/cc/c: 0.999999997 0.000000003 0.000000000
JJ:/cc/crr: 0.000000000 0.999999995 0.000000004
JJ:/cc/r: 0.999999991 0.000000006 0.000000003
JJ:/crc/c: 0.999999993 0.000000007 0.000000000
JJ:/crc/crr: 0.000000000 0.999999991 0.000000009
JJ:/crc/r: 0.757575750 0.242424242 0.000000008
JJ:/crrc/c: 0.999999997 0.000000003 0.000000000
JJ:/crrc/crr: 0.000000000 0.999999995 0.000000004
JJ:/crrc/r: 0.999999961 0.000000036 0.000000003
JJ:/rc/c: 0.999999989 0.000000011 0.000000000
JJ:/rc/crr: 0.000000000 0.999999985 0.000000015
JJ:/rc/r: 0.999999982 0.000000007 0.000000011
JJ:/rrc/c: 0.999999974 0.000000026 0.000000000
JJ:/rrc/crr: 0.000000000 0.999999966 0.000000034
JJ:/rrc/r: 0.999999774 0.000000200 0.000000025
JK:/cc/c: 0.013363775 0.986636225 0.000000000
JK:/cc/crr: 0.000000000 0.000000237 0.999999763
JK:/cc/r: 0.000000780 0.000000003 0.999999218
JK:/crc/c: 0.693078332 0.306921668 0.000000000
JK:/crc/crr: 0.000000000 0.000000053 0.999999947
JK:/crc/r: 0.016578895 0.000000072 0.983421032
JK:/crrc/c: 0.532790437 0.467209563 0.000000000
JK:/crrc/crr: 0.000000000 0.000000174 0.999999826
JK:/crrc/r: 0.243519660 0.000000044 0.756480296
JK:/rc/c: 0.529815972 0.470184028 0.000000000
JK:/rc/crr: 0.000000000 0.000000013 0.999999987
JK:/rc/r: 0.410680374 0.000000006 0.589319620
JK:/rrc/c: 0.999999430 0.000000570 0.000000000
JK:/rrc/crr: 0.000000000 0.000000071 0.999999929
JK:/rrc/r: 0.341360815 0.000000090 0.658639095
JQ:/cc/c: 0.120479291 0.879520709 0.000000000
JQ:/cc/crr: 0.000000000 0.000000000 1.000000000
JQ:/cc/r: 0.042358128 0.000000000 0.957641872
JQ:/crc/c: 0.534971958 0.465028042 0.000000000
JQ:/crc/crr: 0.000000000 0.000002151 0.999997849
JQ:/crc/r: 0.150972250 0.000000018 0.849027732
JQ:/crrc/c: 0.062501633 0.937498367 0.000000000
JQ:/crrc/crr: 0.000000000 0.000000466 0.999999534
JQ:/crrc/r: 0.177314928 0.000000008 0.822685063
JQ:/rc/c: 0.999987836 0.000012164 0.000000000
JQ:/rc/crr: 0.000000000 0.000000000 1.000000000
JQ:/rc/r: 0.000000038 0.000000021 0.999999941
JQ:/rrc/c: 0.000018284 0.999981716 0.000000000
JQ:/rrc/crr: 0.000000000 0.011585847 0.988414153
JQ:/rrc/r: 0.474735211 0.000000084 0.525264705
K:/c: 0.999998867 0.000001133 0.000000000
K:/crr: 0.000000000 0.999999998 0.000000001
K:/r: 0.713319122 0.286680877 0.000000001
KJ:/cc/c: 0.022347528 0.977652472 0.000000000
KJ:/cc/crr: 0.000000000 0.947862232 0.052137768
KJ:/cc/r: 0.011695339 0.003925543 0.984379118
KJ:/crc/c: 0.220794989 0.779205011 0.000000000
KJ:/crc/crr: 0.000000000 0.999999982 0.000000018
KJ:/crc/r: 0.000000246 0.649895992 0.350103762
KJ:/crrc/c: 0.457810617 0.542189383 0.000000000
KJ:/crrc/crr: 0.000000000 0.547343803 0.452656197
KJ:/crrc/r: 0.079246376 0.683461946 0.237291678
KJ:/rc/c: 0.547190041 0.452809959 0.000000000
KJ:/rc/crr: 0.000000000 0.629056933 0.370943067
KJ:/rc/r: 0.039407906 0.636020282 0.324571812
KJ:/rrc/c: 0.622286010 0.377713990 0.000000000
KJ:/rrc/crr: 0.000000000 0.999953114 0.000046886
KJ:/rrc/r: 0.070233164 0.824721838 0.105044997
KK:/cc/c: 0.996870789 0.003129211 0.000000000
KK:/cc/crr: 0.000000000 0.995801820 0.004198180
KK:/cc/r: 0.998694844 0.000935172 0.000369983
KK:/crc/c: 0.999999909 0.000000091 0.000000000
KK:/crc/crr: 0.000000000 0.999999924 0.000000076
KK:/crc/r: 0.842696603 0.157303376 0.000000022
KK:/crrc/c: 0.999999997 0.000000003 0.000000000
KK:/crrc/crr: 0.000000000 0.999999995 0.000000004
KK:/crrc/r: 0.999996835 0.000003162 0.000000003
KK:/rc/c: 0.999999987 0.000000013 0.000000000
KK:/rc/crr: 0.000000000 0.999999982 0.000000018
KK:/rc/r: 0.999999978 0.000000009 0.000000013
KK:/rrc/c: 0.999999958 0.000000042 0.000000000
KK:/rrc/crr: 0.000000000 0.999999964 0.000000036
KK:/rrc/r: 0.978509235 0.021490746 0.000000020
KQ:/cc/c: 0.008376371 0.991623629 0.000000000
KQ:/cc/crr: 0.000000000 0.672208992 0.327791008
KQ:/cc/r: 0.042215800 0.950409199 0.007375001
KQ:/crc/c: 0.488097462 0.511902538 0.000000000
KQ:/crc/crr: 0.000000000 0.035446221 0.964553779
KQ:/crc/r: 0.000000028 0.327861771 0.672138201
KQ:/crrc/c: 0.744566596 0.255433404 0.000000000
KQ:/crrc/crr: 0.000000000 0.301347306 0.698652694
KQ:/crrc/r: 0.000009889 0.677494895 0.322495216
KQ:/rc/c: 0.000051843 0.999948157 0.000000000
KQ:/rc/crr: 0.000000000 0.005678301 0.994321699
KQ:/rc/r: 0.000000249 0.222758642 0.777241109
KQ:/rrc/c: 0.654945448 0.345054552 0.000000000
KQ:/rrc/crr: 0.000000000 0.357468248 0.642531752
KQ:/rrc/r: 0.120515143 0.425357512 0.454127346
Q:/c: 0.910047519 0.089952481 0.000000000
Q:/crr: 0.000000000 0.999999952 0.000000048
Q:/r: 0.513628889 0.486370898 0.000000212
QJ:/cc/c: 0.000000898 0.999999102 0.000000000
QJ:/cc/crr: 0.000000000 0.064179113 0.935820887
QJ:/cc/r: 0.000000164 0.000000092 0.999999744
QJ:/crc/c: 0.670005055 0.329994945 0.000000000
QJ:/crc/crr: 0.000000000 0.001003076 0.998996924
QJ:/crc/r: 0.000000081 0.000000006 0.999999913
QJ:/crrc/c: 0.000000175 0.999999825 0.000000000
QJ:/crrc/crr: 0.000000000 0.147876758 0.852123242
QJ:/crrc/r: 0.022084460 0.000000000 0.977915540
QJ:/rc/c: 0.000001009 0.999998991 0.000000000
QJ:/rc/crr: 0.000000000 0.001695573 0.998304427
QJ:/rc/r: 0.022352286 0.000000007 0.977647706
QJ:/rrc/c: 0.000000616 0.999999384 0.000000000
QJ:/rrc/crr: 0.000000000 0.062490399 0.937509601
QJ:/rrc/r: 0.000000075 0.000000011 0.999999914
QK:/cc/c: 0.245920872 0.754079128 0.000000000
QK:/cc/crr: 0.000000000 0.999999940 0.000000060
QK:/cc/r: 0.000000280 0.639276620 0.360723100
QK:/crc/c: 0.388435491 0.611564509 0.000000000
QK:/crc/crr: 0.000000000 0.000010266 0.999989734
QK:/crc/r: 0.000000369 0.350003212 0.649996419
QK:/crrc/c: 0.265786540 0.734213460 0.000000000
QK:/crrc/crr: 0.000000000 0.000003013 0.999996987
QK:/crrc/r: 0.000000554 0.206038697 0.793960748
QK:/rc/c: 0.513110701 0.486889299 0.000000000
QK:/rc/crr: 0.000000000 0.000006129 0.999993871
QK:/rc/r: 0.000000029 0.223286985 0.776712986
QK:/rrc/c: 0.569986881 0.430013119 0.000000000
QK:/rrc/crr: 0.000000000 0.044959379 0.955040621
QK:/rrc/r: 0.000000082 0.412264934 0.587734984
QQ:/cc/c: 0.999999992 0.000000008 0.000000000
QQ:/cc/crr: 0.000000000 0.999999989 0.000000010
QQ:/cc/r: 0.999999821 0.000000073 0.000000107
QQ:/crc/c: 0.999999984 0.000000016 0.000000000
QQ:/crc/crr: 0.000000000 0.999999985 0.000000015
QQ:/crc/r: 0.999999977 0.000000012 0.000000011
QQ:/crrc/c: 0.999999997 0.000000003 0.000000000
QQ:/crrc/crr: 0.000000000 0.999999995 0.000000004
QQ:/crrc/r: 0.999999978 0.000000018 0.000000003
QQ:/rc/c: 0.999999994 0.000000006 0.000000000
QQ:/rc/crr: 0.000000000 0.999999995 0.000000004
QQ:/rc/r: 0.999999986 0.000000006 0.000000008
QQ:/rrc/c: 0.999999966 0.000000034 0.000000000
QQ:/rrc/crr: 0.000000000 0.999999955 0.000000045
QQ:/rrc/r: 0.999999880 0.000000088 0.000000032
