J:/c: 0.288974277 0.711025723 0.000000000
J:/crr: 0.000000000 0.999914344 0.000085656
J:/r: 0.057810230 0.141641585 0.800548185
JJ:/cc/c: 0.999965188 0.000034812 0.000000000
JJ:/cc/crr: 0.000000000 0.999982593 0.000017407
JJ:/cc/r: 0.999913798 0.000062994 0.000023208
JJ:/crc/c: 0.999914344 0.000085656 0.000000000
JJ:/crc/crr: 0.000000000 0.999957168 0.000042832
JJ:/crc/r: 0.999723158 0.000219738 0.000057104
JJ:/crrc/c: 0.999957168 0.000042832 0.000000000
JJ:/crrc/crr: 0.000000000 0.999978583 0.000021417
JJ:/crrc/r: 0.999942891 0.000028555 0.000028555
JJ:/rc/c: 0.999883497 0.000116503 0.000000000
JJ:/rc/crr: 0.000000000 0.999941742 0.000058258
JJ:/rc/r: 0.999762876 0.000159455 0.000077669
JJ:/rrc/c: 0.999714555 0.000285445 0.000000000
JJ:/rrc/crr: 0.000000000 0.999857237 0.000142763
JJ:/rrc/r: 0.998591804 0.001217899 0.000190297
JK:/cc/c: 0.006931013 0.993068987 0.000000000
JK:/cc/crr: 0.000000000 0.002511346 0.997488654
JK:/cc/r: 0.000060341 0.000023208 0.999916450
JK:/crc/c: 0.530476283 0.469523717 0.000000000
JK:/crc/crr: 0.000000000 0.000080735 0.999919265
JK:/crc/r: 0.064035988 0.000057104 0.935906908
JK:/crrc/c: 0.483273072 0.516726928 0.000000000
JK:/crrc/crr: 0.000000000 0.000044314 0.999955686
JK:/crrc/r: 0.163948355 0.000032444 0.836019201
JK:/rc/c: 0.375257307 0.624742693 0.000000000
JK:/rc/crr: 0.000000000 0.000155231 0.999844769
JK:/rc/r: 0.338127468 0.000077669 0.661794864
JK:/rrc/c: 0.999714555 0.000285445 0.000000000
JK:/rrc/crr: 0.000000000 0.000142763 0.999857237
JK:/rrc/r: 0.332725963 0.000416010 0.666858027
JQ:/cc/c: 0.080336372 0.919663628 0.000000000
JQ:/cc/crr: 0.000000000 0.000216666 0.999783334
JQ:/cc/r: 0.025764510 0.000023208 0.974212282
JQ:/crc/c: 0.482295602 0.517704398 0.000000000
JQ:/crc/crr: 0.000000000 0.000088801 0.999911199
JQ:/crc/r: 0.005923381 0.000057104 0.994019515
JQ:/crrc/c: 0.058294716 0.941705284 0.000000000
JQ:/crrc/crr: 0.000000000 0.000367373 0.999632627
JQ:/crrc/r: 0.250999798 0.000028555 0.748971648
JQ:/rc/c: 0.948438815 0.051561185 0.000000000
JQ:/rc/crr: 0.000000000 0.000061418 0.999938582
JQ:/rc/r: 0.000078614 0.000077669 0.999843717
JQ:/rrc/c: 0.036491876 0.963508124 0.000000000
JQ:/rrc/crr: 0.000000000 0.003911078 0.996088922
JQ:/rrc/r: 0.345559148 0.000417032 0.654023820
K:/c: 0.999126796 0.000873204 0.000000000
K:/crr: 0.000000000 0.999975226 0.000024774
K:/r: 0.571831487 0.428135510 0.000033003
KJ:/cc/c: 0.147130906 0.852869094 0.000000000
KJ:/cc/crr: 0.000000000 0.903668336 0.096331664
KJ:/cc/r: 0.097914358 0.038968603 0.863117039
KJ:/crc/c: 0.208672666 0.791327334 0.000000000
KJ:/crc/crr: 0.000000000 0.999940639 0.000059361
KJ:/crc/r: 0.000326087 0.724727377 0.274946536
KJ:/crrc/c: 0.298198026 0.701801974 0.000000000
KJ:/crrc/crr: 0.000000000 0.999847234 0.000152766
KJ:/crrc/r: 0.128870928 0.710836319 0.160292753
KJ:/rc/c: 0.476729780 0.523270220 0.000000000
KJ:/rc/crr: 0.000000000 0.849510731 0.150489269
KJ:/rc/r: 0.017929054 0.814340678 0.167730269
KJ:/rrc/c: 0.079761880 0.920238120 0.000000000
KJ:/rrc/crr: 0.000000000 0.999819102 0.000180898
KJ:/rrc/r: 0.045813237 0.894592770 0.059593993
KK:/cc/c: 0.971653270 0.028346730 0.000000000
KK:/cc/crr: 0.000000000 0.985413145 0.014586855
KK:/cc/r: 0.929808097 0.051294083 0.018897820
KK:/crc/c: 0.999975226 0.000024774 0.000000000
KK:/crc/crr: 0.000000000 0.999987613 0.000012387
KK:/crc/r: 0.636348622 0.363634862 0.000016516
KK:/crrc/c: 0.999987613 0.000012387 0.000000000
KK:/crrc/crr: 0.000000000 0.999993806 0.000006194
KK:/crrc/r: 0.999983484 0.000008258 0.000008258
KK:/rc/c: 0.999961457 0.000038543 0.000000000
KK:/rc/crr: 0.000000000 0.999980728 0.000019272
KK:/rc/r: 0.999908768 0.000065537 0.000025695
KK:/rrc/c: 0.999971142 0.000028858 0.000000000
KK:/rrc/crr: 0.000000000 0.999985571 0.000014429
KK:/rrc/r: 0.999886253 0.000094509 0.000019238
KQ:/cc/c: 0.147130906 0.852869094 0.000000000
KQ:/cc/crr: 0.000000000 0.903668336 0.096331664
KQ:/cc/r: 0.098118358 0.863815260 0.038066383
KQ:/crc/c: 0.293748720 0.706251280 0.000000000
KQ:/crc/crr: 0.000000000 0.002869885 0.997130115
KQ:/crc/r: 0.000649192 0.450875278 0.548475530
KQ:/crrc/c: 0.573651717 0.426348283 0.000000000
KQ:/crrc/crr: 0.000000000 0.498628369 0.501371631
KQ:/crrc/r: 0.001364408 0.703623252 0.295012340
KQ:/rc/c: 0.017330234 0.982669766 0.000000000
KQ:/rc/crr: 0.000000000 0.018528338 0.981471662
KQ:/rc/r: 0.000129134 0.344321939 0.655548927
KQ:/rrc/c: 0.451077280 0.548922720 0.000000000
KQ:/rrc/crr: 0.000000000 0.543600458 0.456399542
KQ:/rrc/r: 0.076602094 0.582805351 0.340592556
Q:/c: 0.826537911 0.173462089 0.000000000
Q:/crr: 0.000000000 0.999970053 0.000029947
Q:/r: 0.320132519 0.675411313 0.004456169
QJ:/cc/c: 0.001832212 0.998167788 0.000000000
QJ:/cc/crr: 0.000000000 0.038941105 0.961058895
QJ:/cc/r: 0.000247341 0.000095131 0.999657528
QJ:/crc/c: 0.391904782 0.608095218 0.000000000
QJ:/crc/crr: 0.000000000 0.001609941 0.998390059
QJ:/crc/r: 0.000575809 0.000019965 0.999404226
QJ:/crrc/c: 0.000362872 0.999637128 0.000000000
QJ:/crrc/crr: 0.000000000 0.020632691 0.979367309
QJ:/crrc/r: 0.005173833 0.000009983 0.994816184
QJ:/rc/c: 0.001353924 0.998646076 0.000000000
QJ:/rc/crr: 0.000000000 0.009022666 0.990977334
QJ:/rc/r: 0.011186249 0.000016288 0.988797463
QJ:/rrc/c: 0.001364796 0.998635204 0.000000000
QJ:/rrc/crr: 0.000000000 0.362980433 0.637019567
QJ:/rrc/r: 0.000522521 0.000071152 0.999406327
QK:/cc/c: 0.029689340 0.970310660 0.000000000
QK:/cc/crr: 0.000000000 0.997596835 0.002403165
QK:/cc/r: 0.001051960 0.740152987 0.258795053
QK:/crc/c: 0.300442945 0.699557055 0.000000000
QK:/crc/crr: 0.000000000 0.058870255 0.941129745
QK:/crc/r: 0.001856277 0.444541975 0.553601748
QK:/crrc/c: 0.204606340 0.795393660 0.000000000
QK:/crrc/crr: 0.000000000 0.012241144 0.987758856
QK:/crrc/r: 0.000284220 0.294660002 0.705055778
QK:/rc/c: 0.330731669 0.669268331 0.000000000
QK:/rc/crr: 0.000000000 0.109842953 0.890157047
QK:/rc/r: 0.000054822 0.316235305 0.683709872
QK:/rrc/c: 0.418080387 0.581919613 0.000000000
QK:/rrc/crr: 0.000000000 0.005800926 0.994199074
QK:/rrc/r: 0.000502228 0.484103735 0.515394037
QQ:/cc/c: 0.999857303 0.000142697 0.000000000
QQ:/cc/crr: 0.000000000 0.999928641 0.000071359
QQ:/cc/r: 0.999646656 0.000258213 0.000095131
QQ:/crc/c: 0.999970053 0.000029947 0.000000000
QQ:/crc/crr: 0.000000000 0.999985026 0.000014974
QQ:/crc/r: 0.636345487 0.363634549 0.000019965
QQ:/crrc/c: 0.999985026 0.000014974 0.000000000
QQ:/crrc/crr: 0.000000000 0.999992513 0.000007487
QQ:/crrc/r: 0.999980035 0.000009983 0.000009983
QQ:/rc/c: 0.999975568 0.000024432 0.000000000
QQ:/rc/crr: 0.000000000 0.999987784 0.000012216
QQ:/rc/r: 0.999937112 0.000046600 0.000016288
QQ:/rrc/c: 0.999948454 0.000051546 0.000000000
QQ:/rrc/crr: 0.000000000 0.999974226 0.000025774
QQ:/rrc/r: 0.999745705 0.000219931 0.000034364
