J:/c: 0.281903650 0.718096350 0.000000000
J:/crr: 0.000000000 0.999912195 0.000087805
J:/r: 0.057469121 0.153388264 0.789142614
JJ:/cc/c: 0.999965530 0.000034470 0.000000000
JJ:/cc/crr: 0.000000000 0.999982765 0.000017235
JJ:/cc/r: 0.999914888 0.000062133 0.000022980
JJ:/crc/c: 0.999912195 0.000087805 0.000000000
JJ:/crc/crr: 0.000000000 0.999956094 0.000043906
JJ:/crc/r: 0.999856694 0.000084770 0.000058536
JJ:/crrc/c: 0.999956094 0.000043906 0.000000000
JJ:/crrc/crr: 0.000000000 0.999978046 0.000021954
JJ:/crrc/r: 0.999941458 0.000029271 0.000029271
JJ:/rc/c: 0.999892419 0.000107581 0.000000000
JJ:/rc/crr: 0.000000000 0.999946204 0.000053796
JJ:/rc/r: 0.999781964 0.000146315 0.000071721
JJ:/rrc/c: 0.999712861 0.000287139 0.000000000
JJ:/rrc/crr: 0.000000000 0.999856389 0.000143611
JJ:/rrc/r: 0.998588415 0.001220158 0.000191426
JK:/cc/c: 0.005058599 0.994941401 0.000000000
JK:/cc/crr: 0.000000000 0.003407028 0.996592972
JK:/cc/r: 0.000062374 0.000022980 0.999914647
JK:/crc/c: 0.566444468 0.433555532 0.000000000
JK:/crc/crr: 0.000000000 0.000077505 0.999922495
JK:/crc/r: 0.070320868 0.000058536 0.929620596
JK:/crrc/c: 0.594081099 0.405918901 0.000000000
JK:/crrc/crr: 0.000000000 0.000036953 0.999963047
JK:/crrc/r: 0.171954975 0.000029338 0.828015688
JK:/rc/c: 0.304630532 0.695369468 0.000000000
JK:/rc/crr: 0.000000000 0.000176576 0.999823424
JK:/rc/r: 0.265378079 0.000071728 0.734550194
JK:/rrc/c: 0.999712861 0.000287139 0.000000000
JK:/rrc/crr: 0.000000000 0.000143611 0.999856389
JK:/rrc/r: 0.407532383 0.000416904 0.592050713
JQ:/cc/c: 0.060233290 0.939766710 0.000000000
JQ:/cc/crr: 0.000000000 0.000286134 0.999713866
JQ:/cc/r: 0.036796296 0.000022980 0.963180724
JQ:/crc/c: 0.501537050 0.498462950 0.000000000
JQ:/crc/crr: 0.000000000 0.000087536 0.999912464
JQ:/crc/r: 0.084157310 0.000058536 0.915784154
JQ:/crrc/c: 0.081546293 0.918453707 0.000000000
JQ:/crrc/crr: 0.000000000 0.000269210 0.999730790
JQ:/crrc/r: 0.236091147 0.000029271 0.763879582
JQ:/rc/c: 0.767990457 0.232009543 0.000000000
JQ:/rc/crr: 0.000000000 0.000070041 0.999929959
JQ:/rc/r: 0.000076538 0.000071721 0.999851741
JQ:/rrc/c: 0.067341920 0.932658080 0.000000000
JQ:/rrc/crr: 0.000000000 0.002131952 0.997868048
JQ:/rrc/r: 0.485279274 0.000417997 0.514302729
K:/c: 0.991114192 0.008885808 0.000000000
K:/crr: 0.000000000 0.999975026 0.000024974
K:/r: 0.627303889 0.372663107 0.000033003
KJ:/cc/c: 0.014416407 0.985583593 0.000000000
KJ:/cc/crr: 0.000000000 0.903387203 0.096612797
KJ:/cc/r: 0.009756981 0.003827552 0.986415468
KJ:/crc/c: 0.185905568 0.814094432 0.000000000
KJ:/crc/crr: 0.000000000 0.999932830 0.000067170
KJ:/crc/r: 0.000450958 0.771534691 0.228014351
KJ:/crrc/c: 0.287071564 0.712928436 0.000000000
KJ:/crrc/crr: 0.000000000 0.713237418 0.286762582
KJ:/crrc/r: 0.200722318 0.641522328 0.157755353
KJ:/rc/c: 0.536551062 0.463448938 0.000000000
KJ:/rc/crr: 0.000000000 0.560440984 0.439559016
KJ:/rc/r: 0.038312421 0.772396885 0.189290694
KJ:/rrc/c: 0.093296809 0.906703191 0.000000000
KJ:/rrc/crr: 0.000000000 0.999859022 0.000140978
KJ:/rrc/r: 0.046885971 0.892114991 0.060999038
KK:/cc/c: 0.997214381 0.002785619 0.000000000
KK:/cc/crr: 0.000000000 0.998603300 0.001396700
KK:/cc/r: 0.993121742 0.005021179 0.001857079
KK:/crc/c: 0.999975026 0.000024974 0.000000000
KK:/crc/crr: 0.000000000 0.999987512 0.000012488
KK:/crc/r: 0.638486499 0.361496851 0.000016650
KK:/crrc/c: 0.999987512 0.000012488 0.000000000
KK:/crrc/crr: 0.000000000 0.999993756 0.000006244
KK:/crrc/r: 0.999983350 0.000008325 0.000008325
KK:/rc/c: 0.999955720 0.000044280 0.000000000
KK:/rc/crr: 0.000000000 0.999977859 0.000022141
KK:/rc/r: 0.999894415 0.000076065 0.000029520
KK:/rrc/c: 0.999973694 0.000026306 0.000000000
KK:/rrc/crr: 0.000000000 0.999986847 0.000013153
KK:/rrc/r: 0.999897362 0.000085101 0.000017537
KQ:/cc/c: 0.014416407 0.985583593 0.000000000
KQ:/cc/crr: 0.000000000 0.903387203 0.096612797
KQ:/cc/r: 0.009783095 0.986649280 0.003567625
KQ:/crc/c: 0.188941633 0.811058367 0.000000000
KQ:/crc/crr: 0.000000000 0.048583553 0.951416447
KQ:/crc/r: 0.000654274 0.438410421 0.560935305
KQ:/crrc/c: 0.558929407 0.441070593 0.000000000
KQ:/crrc/crr: 0.000000000 0.390390234 0.609609766
KQ:/crrc/r: 0.014041275 0.647102793 0.338855932
KQ:/rc/c: 0.000477369 0.999522631 0.000000000
KQ:/rc/crr: 0.000000000 0.953620409 0.046379591
KQ:/rc/r: 0.000151944 0.308660225 0.691187831
KQ:/rrc/c: 0.515300498 0.484699502 0.000000000
KQ:/rrc/crr: 0.000000000 0.456597380 0.543402620
KQ:/rrc/r: 0.081467434 0.530173397 0.388359169
Q:/c: 0.855886148 0.144113852 0.000000000
Q:/crr: 0.000000000 0.999971080 0.000028920
Q:/r: 0.419591899 0.580072904 0.000335197
QJ:/cc/c: 0.003065019 0.996934981 0.000000000
QJ:/cc/crr: 0.000000000 0.028018811 0.971981189
QJ:/cc/r: 0.000310797 0.000114504 0.999574698
QJ:/crc/c: 0.492387559 0.507612441 0.000000000
QJ:/crc/crr: 0.000000000 0.001105093 0.998894907
QJ:/crc/r: 0.000494654 0.000019280 0.999486066
QJ:/crrc/c: 0.000162142 0.999837858 0.000000000
QJ:/crrc/crr: 0.000000000 0.044592324 0.955407676
QJ:/crrc/r: 0.004384794 0.000009640 0.995605566
QJ:/rc/c: 0.002626494 0.997373506 0.000000000
QJ:/rc/crr: 0.000000000 0.005415497 0.994584503
QJ:/rc/r: 0.021840630 0.000018965 0.978140405
QJ:/rrc/c: 0.001125485 0.998874515 0.000000000
QJ:/rrc/crr: 0.000000000 0.364537468 0.635462532
QJ:/rrc/r: 0.000399573 0.000054078 0.999546349
QK:/cc/c: 0.040910255 0.959089745 0.000000000
QK:/cc/crr: 0.000000000 0.997900815 0.002099185
QK:/cc/r: 0.001362486 0.767204424 0.231433089
QK:/crc/c: 0.297597426 0.702402574 0.000000000
QK:/crc/crr: 0.000000000 0.038291921 0.961708079
QK:/crc/r: 0.001759644 0.434182671 0.564057685
QK:/crrc/c: 0.125223539 0.874776461 0.000000000
QK:/crrc/crr: 0.000000000 0.020496586 0.979503414
QK:/crrc/r: 0.000328479 0.311434561 0.688236960
QK:/rc/c: 0.325793630 0.674206370 0.000000000
QK:/rc/crr: 0.000000000 0.100119316 0.899880684
QK:/rc/r: 0.002089250 0.327851432 0.670059318
QK:/rrc/c: 0.422375233 0.577624767 0.000000000
QK:/rrc/crr: 0.000000000 0.044829061 0.955170939
QK:/rrc/r: 0.001191924 0.468942910 0.529865165
QQ:/cc/c: 0.999828244 0.000171756 0.000000000
QQ:/cc/crr: 0.000000000 0.999914107 0.000085893
QQ:/cc/r: 0.999575899 0.000309597 0.000114504
QQ:/crc/c: 0.999971080 0.000028920 0.000000000
QQ:/crc/crr: 0.000000000 0.999985539 0.000014461
QQ:/crc/r: 0.640068118 0.359912601 0.000019280
QQ:/crrc/c: 0.999985539 0.000014461 0.000000000
QQ:/crrc/crr: 0.000000000 0.999992770 0.000007230
QQ:/crrc/r: 0.999980719 0.000009640 0.000009640
QQ:/rc/c: 0.999971552 0.000028448 0.000000000
QQ:/rc/crr: 0.000000000 0.999985776 0.000014224
QQ:/rc/r: 0.999926149 0.000054886 0.000018965
QQ:/rrc/c: 0.999960672 0.000039328 0.000000000
QQ:/rrc/crr: 0.000000000 0.999980335 0.000019665
QQ:/rrc/r: 0.999806663 0.000167118 0.000026219
