J:/: 0.087407144 0.912592856 0.000000000
J:/cr: 0.015121794 0.040603986 0.944274220
J:/rr: 0.000000000 0.999716814 0.000283186
JJ:/cc/: 0.001482482 0.998517518 0.000000000
JJ:/cc/cr: 0.999981891 0.000009055 0.000009055
JJ:/cc/rr: 0.000000000 0.990852087 0.009147913
JJ:/crc/: 0.956571192 0.043428808 0.000000000
JJ:/crc/cr: 0.996581918 0.001709041 0.001709041
JJ:/crc/rr: 0.000000000 0.999883613 0.000116387
JJ:/crrc/: 0.993543765 0.006456235 0.000000000
JJ:/crrc/cr: 0.938262876 0.030868562 0.030868562
JJ:/crrc/rr: 0.000000000 0.999699115 0.000300885
JJ:/rc/: 0.691494355 0.308505645 0.000000000
JJ:/rc/cr: 0.999388048 0.000305976 0.000305976
JJ:/rc/rr: 0.000000000 0.999795236 0.000204764
JJ:/rrc/: 0.993417746 0.006582254 0.000000000
JJ:/rrc/cr: 0.985655058 0.007172471 0.007172471
JJ:/rrc/rr: 0.000000000 0.999928714 0.000071286
JK:/cc/: 0.081693223 0.918306777 0.000000000
JK:/cc/cr: 0.004218745 0.000009845 0.995771409
JK:/cc/rr: 0.000000000 0.000166007 0.999833993
JK:/crc/: 0.090727602 0.909272398 0.000000000
JK:/crc/cr: 0.066593558 0.000081627 0.933324815
JK:/crc/rr: 0.000000000 0.001227106 0.998772894
JK:/crrc/: 0.998003581 0.001996419 0.000000000
JK:/crrc/cr: 0.099826105 0.099826105 0.800347789
JK:/crrc/rr: 0.000000000 0.000299540 0.999700460
JK:/rc/: 0.944108338 0.055891662 0.000000000
JK:/rc/cr: 0.734544397 0.001688898 0.263766705
JK:/rc/rr: 0.000000000 0.000149975 0.999850025
JK:/rrc/: 0.500007358 0.499992642 0.000000000
JK:/rrc/cr: 0.688999754 0.000094423 0.310905822
JK:/rrc/rr: 0.000000000 0.000141631 0.999858369
JQ:/cc/: 0.178009209 0.821990791 0.000000000
JQ:/cc/cr: 0.000047886 0.000010999 0.999941115
JQ:/cc/rr: 0.000000000 0.000076185 0.999923815
JQ:/crc/: 0.915779882 0.084220118 0.000000000
JQ:/crc/cr: 0.026955521 0.000881281 0.972163198
JQ:/crc/rr: 0.000000000 0.000121571 0.999878429
JQ:/crrc/: 0.049627152 0.950372848 0.000000000
JQ:/crrc/cr: 0.085506163 0.000209702 0.914284135
JQ:/crrc/rr: 0.000000000 0.006023760 0.993976240
JQ:/rc/: 0.966655859 0.033344141 0.000000000
JQ:/rc/cr: 0.002830942 0.002830942 0.994338117
JQ:/rc/rr: 0.000000000 0.000146477 0.999853523
JQ:/rrc/: 0.138787260 0.861212740 0.000000000
JQ:/rrc/cr: 0.005670051 0.000054819 0.994275129
JQ:/rrc/rr: 0.000000000 0.000510252 0.999489748
K:/: 0.755310186 0.244689814 0.000000000
K:/cr: 0.691254994 0.308677567 0.000067439
K:/rr: 0.000000000 0.999967229 0.000032771
KJ:/cc/: 0.000291538 0.999708462 0.000000000
KJ:/cc/cr: 0.000244465 0.000041387 0.999714148
KJ:/cc/rr: 0.000000000 0.826508720 0.173491280
KJ:/crc/: 0.002186355 0.997813645 0.000000000
KJ:/crc/cr: 0.003292677 0.996670831 0.000036493
KJ:/crc/rr: 0.000000000 0.975018088 0.024981912
KJ:/crrc/: 0.084803457 0.915196543 0.000000000
KJ:/crrc/cr: 0.000036616 0.999648155 0.000315228
KJ:/crrc/rr: 0.000000000 0.720950635 0.279049365
KJ:/rc/: 0.054374007 0.945625993 0.000000000
KJ:/rc/cr: 0.017587541 0.892049864 0.090362596
KJ:/rc/rr: 0.000000000 0.363600701 0.636399299
KJ:/rrc/: 0.091333641 0.908666359 0.000000000
KJ:/rrc/cr: 0.004240059 0.994719631 0.001040309
KJ:/rrc/rr: 0.000000000 0.808139921 0.191860079
KK:/cc/: 0.950454826 0.049545174 0.000000000
KK:/cc/cr: 0.998638837 0.000680581 0.000680581
KK:/cc/rr: 0.000000000 0.999946784 0.000053216
KK:/crc/: 0.265966532 0.734033468 0.000000000
KK:/crc/cr: 0.999900787 0.000049607 0.000049607
KK:/crc/rr: 0.000000000 0.999794638 0.000205362
KK:/crrc/: 0.967317859 0.032682141 0.000000000
KK:/crrc/cr: 0.999004958 0.000497521 0.000497521
KK:/crrc/rr: 0.000000000 0.999974786 0.000025214
KK:/rc/: 0.914704763 0.085295237 0.000000000
KK:/rc/cr: 0.999711361 0.000160569 0.000128070
KK:/rc/rr: 0.000000000 0.999982086 0.000017914
KK:/rrc/: 0.562856253 0.437143747 0.000000000
KK:/rrc/cr: 0.999975010 0.000012495 0.000012495
KK:/rrc/rr: 0.000000000 0.999985444 0.000014556
KQ:/cc/: 0.000463497 0.999536503 0.000000000
KQ:/cc/cr: 0.000273541 0.441393326 0.558333133
KQ:/cc/rr: 0.000000000 0.890874717 0.109125283
KQ:/crc/: 0.811364078 0.188635922 0.000000000
KQ:/crc/cr: 0.001739792 0.480728823 0.517531385
KQ:/crc/rr: 0.000000000 0.000067318 0.999932682
KQ:/crrc/: 0.077595831 0.922404169 0.000000000
KQ:/crrc/cr: 0.037659739 0.708809764 0.253530497
KQ:/crrc/rr: 0.000000000 0.270198219 0.729801781
KQ:/rc/: 0.001308010 0.998691990 0.000000000
KQ:/rc/cr: 0.000235509 0.499803642 0.499960849
KQ:/rc/rr: 0.000000000 0.127316538 0.872683462
KQ:/rrc/: 0.668864842 0.331135158 0.000000000
KQ:/rrc/cr: 0.026002862 0.857214225 0.116782913
KQ:/rrc/rr: 0.000000000 0.391332530 0.608667470
Q:/: 0.733718714 0.266281286 0.000000000
Q:/cr: 0.190942662 0.806370976 0.002686362
Q:/rr: 0.000000000 0.999966264 0.000033736
QJ:/cc/: 0.000092956 0.999907044 0.000000000
QJ:/cc/cr: 0.000134914 0.000030988 0.999834098
QJ:/cc/rr: 0.000000000 0.500000000 0.500000000
QJ:/crc/: 0.040332718 0.959667282 0.000000000
QJ:/crc/cr: 0.003782719 0.000013347 0.996203934
QJ:/crc/rr: 0.000000000 0.000476359 0.999523641
QJ:/crrc/: 0.002223791 0.997776209 0.000000000
QJ:/crrc/cr: 0.000517862 0.000054212 0.999427925
QJ:/crrc/rr: 0.000000000 0.036486305 0.963513695
QJ:/rc/: 0.008470138 0.991529862 0.000000000
QJ:/rc/cr: 0.000177792 0.000011341 0.999810867
QJ:/rc/rr: 0.000000000 0.001991446 0.998008554
QJ:/rrc/: 0.000016868 0.999983132 0.000000000
QJ:/rrc/cr: 0.000023972 0.000005623 0.999970405
QJ:/rrc/rr: 0.000000000 0.500000000 0.500000000
QK:/cc/: 0.171607334 0.828392666 0.000000000
QK:/cc/cr: 0.373504377 0.626443254 0.000052369
QK:/cc/rr: 0.000000000 0.999729160 0.000270840
QK:/crc/: 0.003422304 0.996577696 0.000000000
QK:/crc/cr: 0.000012853 0.572785518 0.427201629
QK:/crc/rr: 0.000000000 0.369901871 0.630098129
QK:/crrc/: 0.777472957 0.222527043 0.000000000
QK:/crrc/cr: 0.000310691 0.547624622 0.452064688
QK:/crrc/rr: 0.000000000 0.007132803 0.992867197
QK:/rc/: 0.497236934 0.502763066 0.000000000
QK:/rc/cr: 0.050129675 0.520789363 0.429080962
QK:/rc/rr: 0.000000000 0.188857274 0.811142726
QK:/rrc/: 0.130382380 0.869617620 0.000000000
QK:/rrc/cr: 0.000006466 0.323691318 0.676302217
QK:/rrc/rr: 0.000000000 0.003734018 0.996265982
QQ:/cc/: 0.515241196 0.484758804 0.000000000
QQ:/cc/cr: 0.999872162 0.000063919 0.000063919
QQ:/cc/rr: 0.000000000 0.999909794 0.000090206
QQ:/crc/: 0.983228205 0.016771795 0.000000000
QQ:/crc/cr: 0.998472606 0.000763697 0.000763697
QQ:/crc/rr: 0.000000000 0.999980459 0.000019541
QQ:/crrc/: 0.460127533 0.539872467 0.000000000
QQ:/crrc/cr: 0.999799612 0.000100194 0.000100194
QQ:/crrc/rr: 0.000000000 0.999823662 0.000176338
QQ:/rc/: 0.575595666 0.424404334 0.000000000
QQ:/rc/cr: 0.999947007 0.000026496 0.000026496
QQ:/rc/rr: 0.000000000 0.999970695 0.000029305
QQ:/rrc/: 0.973618251 0.026381749 0.000000000
QQ:/rrc/cr: 0.999573736 0.000213132 0.000213132
QQ:/rrc/rr: 0.000000000 0.999991337 0.000008663
