J:/c: 0.272423260 0.727576740 0.000000000
J:/crr: 0.000000000 0.999909140 0.000090860
J:/r: 0.058166517 0.164644355 0.777189128
JJ:/cc/c: 0.999965980 0.000034020 0.000000000
JJ:/cc/crr: 0.000000000 0.999982989 0.000017011
JJ:/cc/r: 0.999915920 0.000061400 0.000022680
JJ:/crc/c: 0.999909140 0.000090860 0.000000000
JJ:/crc/crr: 0.000000000 0.999954566 0.000045434
JJ:/crc/r: 0.999562876 0.000376550 0.000060574
JJ:/crrc/c: 0.999954566 0.000045434 0.000000000
JJ:/crrc/crr: 0.000000000 0.999977282 0.000022718
JJ:/crrc/r: 0.999939421 0.000030290 0.000030290
JJ:/rc/c: 0.999899774 0.000100226 0.000000000
JJ:/rc/crr: 0.000000000 0.999949882 0.000050118
JJ:/rc/r: 0.999796599 0.000136584 0.000066817
JJ:/rrc/c: 0.999716303 0.000283697 0.000000000
JJ:/rrc/crr: 0.000000000 0.999858111 0.000141889
JJ:/rrc/r: 0.998603745 0.001207123 0.000189131
JK:/cc/c: 0.003852935 0.996147065 0.000000000
JK:/cc/crr: 0.000000000 0.004414873 0.995585127
JK:/cc/r: 0.000060712 0.000022680 0.999916608
JK:/crc/c: 0.615829825 0.384170175 0.000000000
JK:/crc/crr: 0.000000000 0.000073771 0.999926229
JK:/crc/r: 0.121316937 0.000060574 0.878622489
JK:/crrc/c: 0.611827557 0.388172443 0.000000000
JK:/crrc/crr: 0.000000000 0.000037130 0.999962870
JK:/crrc/r: 0.198318976 0.000030290 0.801650735
JK:/rc/c: 0.295682138 0.704317862 0.000000000
JK:/rc/crr: 0.000000000 0.000169483 0.999830517
JK:/rc/r: 0.266005718 0.000066817 0.733927465
JK:/rrc/c: 0.999716303 0.000283697 0.000000000
JK:/rrc/crr: 0.000000000 0.000141889 0.999858111
JK:/rrc/r: 0.316165237 0.000412420 0.683422343
JQ:/cc/c: 0.085333973 0.914666027 0.000000000
JQ:/cc/crr: 0.000000000 0.000199337 0.999800663
JQ:/cc/r: 0.036672598 0.000022680 0.963304722
JQ:/crc/c: 0.496900410 0.503099590 0.000000000
JQ:/crc/crr: 0.000000000 0.000091427 0.999908573
JQ:/crc/r: 0.124282701 0.000060574 0.875656725
JQ:/crrc/c: 0.058959593 0.941040407 0.000000000
JQ:/crrc/crr: 0.000000000 0.000385300 0.999614700
JQ:/crrc/r: 0.161194072 0.000030290 0.838775639
JQ:/rc/c: 0.755591818 0.244408182 0.000000000
JQ:/rc/crr: 0.000000000 0.000066323 0.999933677
JQ:/rc/r: 0.000070106 0.000066817 0.999863076
JQ:/rrc/c: 0.033903670 0.966096330 0.000000000
JQ:/rrc/crr: 0.000000000 0.004183865 0.995816135
JQ:/rrc/r: 0.480166127 0.000413479 0.519420393
K:/c: 0.999817356 0.000182644 0.000000000
K:/crr: 0.000000000 0.999975243 0.000024757
K:/r: 0.600785159 0.399181838 0.000033003
KJ:/cc/c: 0.702017021 0.297982979 0.000000000
KJ:/cc/crr: 0.000000000 0.903476191 0.096523809
KJ:/cc/r: 0.472503809 0.186242374 0.341253817
KJ:/crc/c: 0.142350138 0.857649862 0.000000000
KJ:/crc/crr: 0.000000000 0.999913042 0.000086958
KJ:/crc/r: 0.000317792 0.755354602 0.244327606
KJ:/crrc/c: 0.276618692 0.723381308 0.000000000
KJ:/crrc/crr: 0.000000000 0.999976221 0.000023779
KJ:/crrc/r: 0.061143958 0.857536298 0.081319744
KJ:/rc/c: 0.574290540 0.425709460 0.000000000
KJ:/rc/crr: 0.000000000 0.642467771 0.357532229
KJ:/rc/r: 0.008901865 0.738467971 0.252630164
KJ:/rrc/c: 0.093586823 0.906413177 0.000000000
KJ:/rrc/crr: 0.000000000 0.999853255 0.000146745
KJ:/rrc/r: 0.041552109 0.886162944 0.072284947
KK:/cc/c: 0.864477286 0.135522714 0.000000000
KK:/cc/crr: 0.000000000 0.921615804 0.078384196
KK:/cc/r: 0.665061727 0.244589797 0.090348476
KK:/crc/c: 0.999975243 0.000024757 0.000000000
KK:/crc/crr: 0.000000000 0.999987621 0.000012379
KK:/crc/r: 0.637794111 0.362189384 0.000016505
KK:/crrc/c: 0.999987621 0.000012379 0.000000000
KK:/crrc/crr: 0.000000000 0.999993811 0.000006189
KK:/crrc/r: 0.999983495 0.000008253 0.000008253
KK:/rc/c: 0.999958661 0.000041339 0.000000000
KK:/rc/crr: 0.000000000 0.999979330 0.000020670
KK:/rc/r: 0.999901656 0.000070785 0.000027559
KK:/rrc/c: 0.999972533 0.000027467 0.000000000
KK:/rrc/crr: 0.000000000 0.999986266 0.000013734
KK:/rrc/r: 0.999892480 0.000089208 0.000018311
KQ:/cc/c: 0.702017021 0.297982979 0.000000000
KQ:/cc/crr: 0.000000000 0.903476191 0.096523809
KQ:/cc/r: 0.484702346 0.338961799 0.176335855
KQ:/crc/c: 0.259095839 0.740904161 0.000000000
KQ:/crc/crr: 0.000000000 0.156744960 0.843255040
KQ:/crc/r: 0.000639900 0.432762132 0.566597967
KQ:/crrc/c: 0.598119110 0.401880890 0.000000000
KQ:/crrc/crr: 0.000000000 0.427284109 0.572715891
KQ:/crrc/r: 0.000016757 0.800254780 0.199728463
KQ:/rc/c: 0.021028939 0.978971061 0.000000000
KQ:/rc/crr: 0.000000000 0.020120349 0.979879651
KQ:/rc/r: 0.000140781 0.330096437 0.669762781
KQ:/rrc/c: 0.469402238 0.530597762 0.000000000
KQ:/rrc/crr: 0.000000000 0.463103541 0.536896459
KQ:/rrc/r: 0.046648465 0.595517523 0.357834012
Q:/c: 0.838106913 0.161893087 0.000000000
Q:/crr: 0.000000000 0.999970466 0.000029534
Q:/r: 0.370588398 0.628300013 0.001111588
QJ:/cc/c: 0.002743595 0.997256405 0.000000000
QJ:/cc/crr: 0.000000000 0.027863803 0.972136197
QJ:/cc/r: 0.000272850 0.000101929 0.999625221
QJ:/crc/c: 0.449512213 0.550487787 0.000000000
QJ:/crc/crr: 0.000000000 0.069390323 0.930609677
QJ:/crc/r: 0.000538346 0.000019689 0.999441965
QJ:/crrc/c: 0.000380183 0.999619817 0.000000000
QJ:/crrc/crr: 0.000000000 0.019421363 0.980578637
QJ:/crrc/r: 0.027797246 0.000009845 0.972192909
QJ:/rc/c: 0.002532094 0.997467906 0.000000000
QJ:/rc/crr: 0.000000000 0.005186214 0.994813786
QJ:/rc/r: 0.027024843 0.000017509 0.972957648
QJ:/rrc/c: 0.001238799 0.998761201 0.000000000
QJ:/rrc/crr: 0.000000000 0.364428796 0.635571204
QJ:/rrc/r: 0.000452066 0.000061304 0.999486629
QK:/cc/c: 0.022976820 0.977023180 0.000000000
QK:/cc/crr: 0.000000000 0.996672865 0.003327135
QK:/cc/r: 0.001262690 0.716814529 0.281922781
QK:/crc/c: 0.365379436 0.634620564 0.000000000
QK:/crc/crr: 0.000000000 0.039652417 0.960347583
QK:/crc/r: 0.001806587 0.416009878 0.582183535
QK:/crrc/c: 0.099725325 0.900274675 0.000000000
QK:/crrc/crr: 0.000000000 0.032281110 0.967718890
QK:/crrc/r: 0.000293657 0.300497312 0.699209031
QK:/rc/c: 0.357969922 0.642030078 0.000000000
QK:/rc/crr: 0.000000000 0.038629665 0.961370335
QK:/rc/r: 0.000620624 0.309701856 0.689677520
QK:/rrc/c: 0.417594138 0.582405862 0.000000000
QK:/rrc/crr: 0.000000000 0.055859390 0.944140610
QK:/rrc/r: 0.001865702 0.497120374 0.501013923
QQ:/cc/c: 0.999847106 0.000152894 0.000000000
QQ:/cc/crr: 0.000000000 0.999923541 0.000076459
QQ:/cc/r: 0.999622129 0.000275941 0.000101929
QQ:/crc/c: 0.999970466 0.000029534 0.000000000
QQ:/crc/crr: 0.000000000 0.999985233 0.000014767
QQ:/crc/r: 0.637791203 0.362189108 0.000019689
QQ:/crrc/c: 0.999985233 0.000014767 0.000000000
QQ:/crrc/crr: 0.000000000 0.999992616 0.000007384
QQ:/crrc/r: 0.999980310 0.000009845 0.000009845
QQ:/rc/c: 0.999973736 0.000026264 0.000000000
QQ:/rc/crr: 0.000000000 0.999986868 0.000013132
QQ:/rc/r: 0.999932055 0.000050436 0.000017509
QQ:/rrc/c: 0.999955472 0.000044528 0.000000000
QQ:/rrc/crr: 0.000000000 0.999977735 0.000022265
QQ:/rrc/r: 0.999780848 0.000189467 0.000029685
