J:/: 0.083048779 0.916951221 0.000000000
J:/cr: 0.018514206 0.037807212 0.943678582
J:/rr: 0.000000000 0.999701953 0.000298047
JJ:/cc/: 0.001436460 0.998563540 0.000000000
JJ:/cc/cr: 0.999981978 0.000009011 0.000009011
JJ:/cc/rr: 0.000000000 0.990603874 0.009396126
JJ:/crc/: 0.907751556 0.092248444 0.000000000
JJ:/crc/cr: 0.998280009 0.000859996 0.000859996
JJ:/crc/rr: 0.000000000 0.999868907 0.000131093
JJ:/crrc/: 0.994808515 0.005191485 0.000000000
JJ:/crrc/cr: 0.937588708 0.031205646 0.031205646
JJ:/crrc/rr: 0.000000000 0.999755726 0.000244274
JJ:/rc/: 0.616415894 0.383584106 0.000000000
JJ:/rc/cr: 0.999481996 0.000259002 0.000259002
JJ:/rc/rr: 0.000000000 0.999758242 0.000241758
JJ:/rrc/: 0.981596726 0.018403274 0.000000000
JJ:/rrc/cr: 0.994599941 0.002700029 0.002700029
JJ:/rrc/rr: 0.000000000 0.999924069 0.000075931
JK:/cc/: 0.078386966 0.921613034 0.000000000
JK:/cc/cr: 0.007712058 0.000009763 0.992278178
JK:/cc/rr: 0.000000000 0.000172186 0.999827814
JK:/crc/: 0.067517646 0.932482354 0.000000000
JK:/crc/cr: 0.084541321 0.000085077 0.915373602
JK:/crc/rr: 0.000000000 0.001762500 0.998237500
JK:/crrc/: 0.998412927 0.001587073 0.000000000
JK:/crrc/cr: 0.102076987 0.102076987 0.795846025
JK:/crrc/rr: 0.000000000 0.000243392 0.999756608
JK:/rc/: 0.966987264 0.033012736 0.000000000
JK:/rc/cr: 0.850475589 0.003009419 0.146514993
JK:/rc/rr: 0.000000000 0.000154111 0.999845889
JK:/rrc/: 0.524027454 0.475972546 0.000000000
JK:/rrc/cr: 0.710464569 0.000104395 0.289431036
JK:/rrc/rr: 0.000000000 0.000142233 0.999857767
JQ:/cc/: 0.153314806 0.846685194 0.000000000
JQ:/cc/cr: 0.000045459 0.000010627 0.999943913
JQ:/cc/rr: 0.000000000 0.000088036 0.999911964
JQ:/crc/: 0.906880579 0.093119421 0.000000000
JQ:/crc/cr: 0.027773445 0.000851952 0.971374604
JQ:/crc/rr: 0.000000000 0.000131219 0.999868781
JQ:/crrc/: 0.087418938 0.912581062 0.000000000
JQ:/crrc/cr: 0.062439212 0.000177522 0.937383266
JQ:/crrc/rr: 0.000000000 0.002779781 0.997220219
JQ:/rc/: 0.966786327 0.033213673 0.000000000
JQ:/rc/cr: 0.002991212 0.002991212 0.994017576
JQ:/rc/rr: 0.000000000 0.000154143 0.999845857
JQ:/rrc/: 0.102729205 0.897270795 0.000000000
JQ:/rrc/cr: 0.006388887 0.000055378 0.993555735
JQ:/rrc/rr: 0.000000000 0.000725539 0.999274461
K:/: 0.758448026 0.241551974 0.000000000
K:/cr: 0.710608238 0.289323447 0.000068315
K:/rr: 0.000000000 0.999967364 0.000032636
KJ:/cc/: 0.000294653 0.999705347 0.000000000
KJ:/cc/cr: 0.000247788 0.000042212 0.999710000
KJ:/cc/rr: 0.000000000 0.826112804 0.173887196
KJ:/crc/: 0.002849548 0.997150452 0.000000000
KJ:/crc/cr: 0.002358299 0.997602235 0.000039466
KJ:/crc/rr: 0.000000000 0.979284415 0.020715585
KJ:/crrc/: 0.053676443 0.946323557 0.000000000
KJ:/crrc/cr: 0.000038501 0.999675604 0.000285895
KJ:/crrc/rr: 0.000000000 0.753821134 0.246178866
KJ:/rc/: 0.050254362 0.949745638 0.000000000
KJ:/rc/cr: 0.014933952 0.906760979 0.078305069
KJ:/rc/rr: 0.000000000 0.375280426 0.624719574
KJ:/rrc/: 0.105885354 0.894114646 0.000000000
KJ:/rrc/cr: 0.004081406 0.994435668 0.001482927
KJ:/rrc/rr: 0.000000000 0.893112735 0.106887265
KK:/cc/: 0.981769998 0.018230002 0.000000000
KK:/cc/cr: 0.996252600 0.001873700 0.001873700
KK:/cc/rr: 0.000000000 0.999947812 0.000052188
KK:/crc/: 0.225675126 0.774324874 0.000000000
KK:/crc/cr: 0.999898354 0.000050823 0.000050823
KK:/crc/rr: 0.000000000 0.999738429 0.000261571
KK:/crrc/: 0.983289701 0.016710299 0.000000000
KK:/crrc/cr: 0.998082298 0.000958851 0.000958851
KK:/crrc/rr: 0.000000000 0.999975558 0.000024442
KK:/rc/: 0.865311624 0.134688376 0.000000000
KK:/rc/cr: 0.999809220 0.000110011 0.000080768
KK:/rc/rr: 0.000000000 0.999981142 0.000018858
KK:/rrc/: 0.513022461 0.486977539 0.000000000
KK:/rrc/cr: 0.999977660 0.000011170 0.000011170
KK:/rrc/rr: 0.000000000 0.999984096 0.000015904
KQ:/cc/: 0.000528546 0.999471454 0.000000000
KQ:/cc/cr: 0.000362331 0.432372522 0.567265148
KQ:/cc/rr: 0.000000000 0.903061813 0.096938187
KQ:/crc/: 0.824079450 0.175920550 0.000000000
KQ:/crc/cr: 0.001994362 0.635291698 0.362713940
KQ:/crc/rr: 0.000000000 0.000071632 0.999928368
KQ:/crrc/: 0.016425546 0.983574454 0.000000000
KQ:/crrc/cr: 0.051186203 0.657854650 0.290959146
KQ:/crrc/rr: 0.000000000 0.209777225 0.790222775
KQ:/rc/: 0.000169403 0.999830597 0.000000000
KQ:/rc/cr: 0.000240093 0.494064542 0.505695365
KQ:/rc/rr: 0.000000000 0.903674529 0.096325471
KQ:/rrc/: 0.686521543 0.313478457 0.000000000
KQ:/rrc/cr: 0.074967504 0.750673589 0.174358907
KQ:/rrc/rr: 0.000000000 0.391650742 0.608349258
Q:/: 0.748114130 0.251885870 0.000000000
Q:/cr: 0.186643770 0.808991870 0.004364360
Q:/rr: 0.000000000 0.999966914 0.000033086
QJ:/cc/: 0.000098269 0.999901731 0.000000000
QJ:/cc/cr: 0.000140130 0.000032759 0.999827111
QJ:/cc/rr: 0.000000000 0.500000000 0.500000000
QJ:/crc/: 0.033964264 0.966035736 0.000000000
QJ:/crc/cr: 0.006049503 0.000013971 0.993936526
QJ:/crc/rr: 0.000000000 0.000596070 0.999403930
QJ:/crrc/: 0.078371474 0.921628526 0.000000000
QJ:/crrc/cr: 0.000602933 0.000063475 0.999333592
QJ:/crrc/rr: 0.000000000 0.001119675 0.998880325
QJ:/rc/: 0.011281011 0.988718989 0.000000000
QJ:/rc/cr: 0.000241036 0.000011155 0.999747809
QJ:/rc/rr: 0.000000000 0.001466469 0.998533531
QJ:/rrc/: 0.000016544 0.999983456 0.000000000
QJ:/rrc/cr: 0.000021850 0.000005515 0.999972635
QJ:/rrc/rr: 0.000000000 0.500000000 0.500000000
QK:/cc/: 0.347369614 0.652630386 0.000000000
QK:/cc/cr: 0.369741042 0.630185595 0.000073363
QK:/cc/rr: 0.000000000 0.999858553 0.000141447
QK:/crc/: 0.001556982 0.998443018 0.000000000
QK:/crc/cr: 0.000013518 0.563808260 0.436178223
QK:/crc/rr: 0.000000000 0.013002769 0.986997231
QK:/crrc/: 0.855767179 0.144232821 0.000000000
QK:/crrc/cr: 0.000530058 0.719166397 0.280303545
QK:/crrc/rr: 0.000000000 0.005676711 0.994323289
QK:/rc/: 0.444699152 0.555300848 0.000000000
QK:/rc/cr: 0.024771058 0.545083852 0.430145089
QK:/rc/rr: 0.000000000 0.179351533 0.820648467
QK:/rrc/: 0.109324826 0.890675174 0.000000000
QK:/rrc/cr: 0.000006191 0.322089186 0.677904622
QK:/rrc/rr: 0.000000000 0.004333051 0.995666949
QQ:/cc/: 0.493937154 0.506062846 0.000000000
QQ:/cc/cr: 0.999870545 0.000064728 0.000064728
QQ:/cc/rr: 0.000000000 0.999900525 0.000099475
QQ:/crc/: 0.986177391 0.013822609 0.000000000
QQ:/crc/cr: 0.998047153 0.000976423 0.000976423
QQ:/crc/rr: 0.000000000 0.999979471 0.000020529
QQ:/crrc/: 0.285822772 0.714177228 0.000000000
QQ:/crrc/cr: 0.999836174 0.000081913 0.000081913
QQ:/crrc/rr: 0.000000000 0.999692989 0.000307011
QQ:/rc/: 0.549899561 0.450100439 0.000000000
QQ:/rc/cr: 0.999950994 0.000024503 0.000024503
QQ:/rc/rr: 0.000000000 0.999969916 0.000030084
QQ:/rrc/: 0.963325111 0.036674889 0.000000000
QQ:/rrc/cr: 0.999699271 0.000150364 0.000150364
QQ:/rrc/rr: 0.000000000 0.999991413 0.000008587
