J:/: 0.067259718 0.932740282 0.000000000
J:/cr: 0.020273313 0.035894539 0.943832148
J:/rr: 0.000000000 0.999631987 0.000368013
JJ:/cc/: 0.001495573 0.998504427 0.000000000
JJ:/cc/cr: 0.999982282 0.000008859 0.000008859
JJ:/cc/rr: 0.000000000 0.991128025 0.008871975
JJ:/crc/: 0.967821586 0.032178414 0.000000000
JJ:/crc/cr: 0.994894334 0.002552833 0.002552833
JJ:/crc/rr: 0.000000000 0.999872684 0.000127316
JJ:/crrc/: 0.995584641 0.004415359 0.000000000
JJ:/crrc/cr: 0.934119836 0.032940082 0.032940082
JJ:/crrc/rr: 0.000000000 0.999780869 0.000219131
JJ:/rc/: 0.628815877 0.371184123 0.000000000
JJ:/rc/cr: 0.999339028 0.000330486 0.000330486
JJ:/rc/rr: 0.000000000 0.999707376 0.000292624
JJ:/rrc/: 0.992620226 0.007379774 0.000000000
JJ:/rrc/cr: 0.983371267 0.008314366 0.008314366
JJ:/rrc/rr: 0.000000000 0.999907279 0.000092721
JK:/cc/: 0.096042500 0.903957500 0.000000000
JK:/cc/cr: 0.001944449 0.000009786 0.998045765
JK:/cc/rr: 0.000000000 0.000138154 0.999861846
JK:/crc/: 0.090312970 0.909687030 0.000000000
JK:/crc/cr: 0.110664803 0.000090302 0.889244895
JK:/crc/rr: 0.000000000 0.001364357 0.998635643
JK:/crrc/: 0.998738535 0.001261465 0.000000000
JK:/crrc/cr: 0.115296369 0.115296369 0.769407261
JK:/crrc/rr: 0.000000000 0.000218439 0.999781561
JK:/rc/: 0.991615195 0.008384805 0.000000000
JK:/rc/cr: 0.076371381 0.014630170 0.908998450
JK:/rc/rr: 0.000000000 0.000185563 0.999814437
JK:/rrc/: 0.462734099 0.537265901 0.000000000
JK:/rrc/cr: 0.396623709 0.000114204 0.603262086
JK:/rrc/rr: 0.000000000 0.000198899 0.999801101
JQ:/cc/: 0.121794930 0.878205070 0.000000000
JQ:/cc/cr: 0.000038612 0.000010073 0.999951316
JQ:/cc/rr: 0.000000000 0.000108943 0.999891057
JQ:/crc/: 0.979866946 0.020133054 0.000000000
JQ:/crc/cr: 0.004080161 0.004080161 0.991839677
JQ:/crc/rr: 0.000000000 0.000125751 0.999874249
JQ:/crrc/: 0.132919149 0.867080851 0.000000000
JQ:/crrc/cr: 0.180794240 0.000167738 0.819038022
JQ:/crrc/rr: 0.000000000 0.001641324 0.998358676
JQ:/rc/: 0.966945325 0.033054675 0.000000000
JQ:/rc/cr: 0.003711158 0.003711158 0.992577684
JQ:/rc/rr: 0.000000000 0.000190297 0.999809703
JQ:/rrc/: 0.186235546 0.813764454 0.000000000
JQ:/rrc/cr: 0.028850851 0.000075400 0.971073749
JQ:/rrc/rr: 0.000000000 0.000494198 0.999505802
K:/: 0.722434730 0.277565270 0.000000000
K:/cr: 0.699140282 0.300800267 0.000059451
K:/rr: 0.000000000 0.999965737 0.000034263
KJ:/cc/: 0.000252762 0.999747238 0.000000000
KJ:/cc/cr: 0.000216286 0.000038270 0.999745444
KJ:/cc/rr: 0.000000000 0.823594740 0.176405260
KJ:/crc/: 0.001862751 0.998137249 0.000000000
KJ:/crc/cr: 0.000273771 0.999693227 0.000033002
KJ:/crc/rr: 0.000000000 0.973474156 0.026525844
KJ:/crrc/: 0.063179446 0.936820554 0.000000000
KJ:/crrc/cr: 0.000031159 0.999693925 0.000274916
KJ:/crrc/rr: 0.000000000 0.447586287 0.552413713
KJ:/rc/: 0.034163303 0.965836697 0.000000000
KJ:/rc/cr: 0.026927974 0.868745321 0.104326705
KJ:/rc/rr: 0.000000000 0.295839370 0.704160630
KJ:/rrc/: 0.077549754 0.922450246 0.000000000
KJ:/rrc/cr: 0.003457334 0.995192486 0.001350180
KJ:/rrc/rr: 0.000000000 0.458353385 0.541646615
KK:/cc/: 0.982679053 0.017320947 0.000000000
KK:/cc/cr: 0.996567658 0.001716171 0.001716171
KK:/cc/rr: 0.000000000 0.999954626 0.000045374
KK:/crc/: 0.187424072 0.812575928 0.000000000
KK:/crc/cr: 0.999918923 0.000040539 0.000040539
KK:/crc/rr: 0.000000000 0.999736368 0.000263632
KK:/crrc/: 0.973755165 0.026244835 0.000000000
KK:/crrc/cr: 0.998919977 0.000540011 0.000540011
KK:/crrc/rr: 0.000000000 0.999978168 0.000021832
KK:/rc/: 0.764288346 0.235711654 0.000000000
KK:/rc/cr: 0.999873544 0.000078004 0.000048453
KK:/rc/rr: 0.000000000 0.999977585 0.000022415
KK:/rrc/: 0.378306708 0.621693292 0.000000000
KK:/rrc/cr: 0.999981629 0.000009186 0.000009186
KK:/rrc/rr: 0.000000000 0.999977357 0.000022643
KQ:/cc/: 0.000438433 0.999561567 0.000000000
KQ:/cc/cr: 0.000216326 0.442000670 0.557783004
KQ:/cc/rr: 0.000000000 0.898300064 0.101699936
KQ:/crc/: 0.855142376 0.144857624 0.000000000
KQ:/crc/cr: 0.001886408 0.426422295 0.571691297
KQ:/crc/rr: 0.000000000 0.000057781 0.999942219
KQ:/crrc/: 0.018034028 0.981965972 0.000000000
KQ:/crrc/cr: 0.005088906 0.724287789 0.270623305
KQ:/crrc/rr: 0.000000000 0.116733578 0.883266422
KQ:/rc/: 0.000144300 0.999855700 0.000000000
KQ:/rc/cr: 0.000264866 0.472597538 0.527137596
KQ:/rc/rr: 0.000000000 0.881279918 0.118720082
KQ:/rrc/: 0.648394719 0.351605281 0.000000000
KQ:/rrc/cr: 0.024841440 0.771572394 0.203586166
KQ:/rrc/rr: 0.000000000 0.369239275 0.630760725
Q:/: 0.705980766 0.294019234 0.000000000
Q:/cr: 0.166417867 0.752967425 0.080614708
Q:/rr: 0.000000000 0.999964939 0.000035061
QJ:/cc/: 0.000084187 0.999915813 0.000000000
QJ:/cc/cr: 0.000107581 0.000028065 0.999864355
QJ:/cc/rr: 0.000000000 0.500000000 0.500000000
QJ:/crc/: 0.029544385 0.970455615 0.000000000
QJ:/crc/cr: 0.001784663 0.000012801 0.998202536
QJ:/crc/rr: 0.000000000 0.000630726 0.999369274
QJ:/crrc/: 0.007829587 0.992170413 0.000000000
QJ:/crrc/cr: 0.000470132 0.000056652 0.999473216
QJ:/crrc/rr: 0.000000000 0.010768441 0.989231559
QJ:/rc/: 0.010148381 0.989851619 0.000000000
QJ:/rc/cr: 0.000213048 0.000011807 0.999775145
QJ:/rc/rr: 0.000000000 0.001727424 0.998272576
QJ:/rrc/: 0.000017531 0.999982469 0.000000000
QJ:/rrc/cr: 0.000013164 0.000005844 0.999980993
QJ:/rrc/rr: 0.000000000 0.500000000 0.500000000
QK:/cc/: 0.591465876 0.408534124 0.000000000
QK:/cc/cr: 0.003993389 0.990810455 0.005196157
QK:/cc/rr: 0.000000000 0.999928832 0.000071168
QK:/crc/: 0.013515505 0.986484495 0.000000000
QK:/crc/cr: 0.000012593 0.542651899 0.457335508
QK:/crc/rr: 0.000000000 0.001378743 0.998621257
QK:/crrc/: 0.888163036 0.111836964 0.000000000
QK:/crrc/cr: 0.000772052 0.370660490 0.628567458
QK:/crrc/rr: 0.000000000 0.003685112 0.996314888
QK:/rc/: 0.386157723 0.613842277 0.000000000
QK:/rc/cr: 0.000177123 0.519778868 0.480044009
QK:/rc/rr: 0.000000000 0.184505630 0.815494370
QK:/rrc/: 0.065561041 0.934438959 0.000000000
QK:/rrc/cr: 0.000006254 0.330382424 0.669611322
QK:/rrc/rr: 0.000000000 0.006623043 0.993376957
QQ:/cc/: 0.395947956 0.604052044 0.000000000
QQ:/cc/cr: 0.999907087 0.000046457 0.000046457
QQ:/cc/rr: 0.000000000 0.999893690 0.000106310
QQ:/crc/: 0.982204492 0.017795508 0.000000000
QQ:/crc/cr: 0.998603812 0.000698094 0.000698094
QQ:/crc/rr: 0.000000000 0.999981028 0.000018972
QQ:/crrc/: 0.331143161 0.668856839 0.000000000
QQ:/crrc/cr: 0.999831927 0.000084036 0.000084036
QQ:/crrc/rr: 0.000000000 0.999745390 0.000254610
QQ:/rc/: 0.477581686 0.522418314 0.000000000
QQ:/rc/cr: 0.999955258 0.000022371 0.000022371
QQ:/rc/rr: 0.000000000 0.999963293 0.000036707
QQ:/rrc/: 0.946035888 0.053964112 0.000000000
QQ:/rrc/cr: 0.999783422 0.000108289 0.000108289
QQ:/rrc/rr: 0.000000000 0.999990734 0.000009266
