J:/: 0.076658794 0.923341206 0.000000000
J:/cr: 0.016975843 0.039027939 0.943996219
J:/rr: 0.000000000 0.999677108 0.000322892
JJ:/cc/: 0.001423507 0.998576493 0.000000000
JJ:/cc/cr: 0.999982103 0.000008949 0.000008949
JJ:/cc/rr: 0.000000000 0.990583994 0.009416006
JJ:/crc/: 0.979607333 0.020392667 0.000000000
JJ:/crc/cr: 0.992514957 0.003742521 0.003742521
JJ:/crc/rr: 0.000000000 0.999883137 0.000116863
JJ:/crrc/: 0.994547264 0.005452736 0.000000000
JJ:/crrc/cr: 0.935642656 0.032178672 0.032178672
JJ:/crrc/rr: 0.000000000 0.999735364 0.000264636
JJ:/rc/: 0.638923870 0.361076130 0.000000000
JJ:/rc/cr: 0.999403835 0.000298083 0.000298083
JJ:/rc/rr: 0.000000000 0.999747316 0.000252684
JJ:/rrc/: 0.977015383 0.022984617 0.000000000
JJ:/rrc/cr: 0.995315768 0.002342116 0.002342116
JJ:/rrc/rr: 0.000000000 0.999917351 0.000082649
JK:/cc/: 0.081200534 0.918799466 0.000000000
JK:/cc/cr: 0.000359402 0.000009726 0.999630872
JK:/cc/rr: 0.000000000 0.000165070 0.999834930
JK:/crc/: 0.177850077 0.822149923 0.000000000
JK:/crc/cr: 0.122426733 0.000092830 0.877480438
JK:/crc/rr: 0.000000000 0.000643688 0.999356312
JK:/crrc/: 0.998391787 0.001608213 0.000000000
JK:/crrc/cr: 0.109103551 0.109103551 0.781792898
JK:/crrc/rr: 0.000000000 0.000263617 0.999736383
JK:/rc/: 0.986904072 0.013095928 0.000000000
JK:/rc/cr: 0.380565387 0.008218624 0.611215988
JK:/rc/rr: 0.000000000 0.000163588 0.999836412
JK:/rrc/: 0.477098441 0.522901559 0.000000000
JK:/rrc/cr: 0.569566613 0.000102950 0.430330437
JK:/rrc/rr: 0.000000000 0.000169250 0.999830750
JQ:/cc/: 0.181774206 0.818225794 0.000000000
JQ:/cc/cr: 0.000044129 0.000010921 0.999944950
JQ:/cc/rr: 0.000000000 0.000073738 0.999926262
JQ:/crc/: 0.959422512 0.040577488 0.000000000
JQ:/crc/cr: 0.001880846 0.001880846 0.996238309
JQ:/crc/rr: 0.000000000 0.000119322 0.999880678
JQ:/crrc/: 0.044472602 0.955527398 0.000000000
JQ:/crrc/cr: 0.204670105 0.000183628 0.795146267
JQ:/crrc/rr: 0.000000000 0.005918086 0.994081914
JQ:/rc/: 0.978548604 0.021451396 0.000000000
JQ:/rc/cr: 0.005017413 0.005017413 0.989965174
JQ:/rc/rr: 0.000000000 0.000164985 0.999835015
JQ:/rrc/: 0.116526743 0.883473257 0.000000000
JQ:/rrc/cr: 0.015639284 0.000060933 0.984299783
JQ:/rrc/rr: 0.000000000 0.000692965 0.999307035
K:/: 0.749366223 0.250633777 0.000000000
K:/cr: 0.648998995 0.350935166 0.000065840
K:/rr: 0.000000000 0.999966969 0.000033031
KJ:/cc/: 0.000281876 0.999718124 0.000000000
KJ:/cc/cr: 0.000239215 0.000041570 0.999719215
KJ:/cc/rr: 0.000000000 0.824817492 0.175182508
KJ:/crc/: 0.002002824 0.997997176 0.000000000
KJ:/crc/cr: 0.000269334 0.999699334 0.000031331
KJ:/crc/rr: 0.000000000 0.976581557 0.023418443
KJ:/crrc/: 0.087678878 0.912321122 0.000000000
KJ:/crrc/cr: 0.000035004 0.999647103 0.000317893
KJ:/crrc/rr: 0.000000000 0.469805130 0.530194870
KJ:/rc/: 0.058341839 0.941658161 0.000000000
KJ:/rc/cr: 0.015711653 0.889023945 0.095264403
KJ:/rc/rr: 0.000000000 0.499112567 0.500887433
KJ:/rrc/: 0.080182031 0.919817969 0.000000000
KJ:/rrc/cr: 0.003561426 0.995392233 0.001046341
KJ:/rrc/rr: 0.000000000 0.746828365 0.253171635
KK:/cc/: 0.974357903 0.025642097 0.000000000
KK:/cc/cr: 0.997432359 0.001283820 0.001283820
KK:/cc/rr: 0.000000000 0.999949321 0.000050679
KK:/crc/: 0.332481008 0.667518992 0.000000000
KK:/crc/cr: 0.999906314 0.000046843 0.000046843
KK:/crc/rr: 0.000000000 0.999858930 0.000141070
KK:/crrc/: 0.950032005 0.049967995 0.000000000
KK:/crrc/cr: 0.999323246 0.000338377 0.000338377
KK:/crrc/rr: 0.000000000 0.999973304 0.000026696
KK:/rc/: 0.828157113 0.171842887 0.000000000
KK:/rc/cr: 0.999838639 0.000097289 0.000064073
KK:/rc/rr: 0.000000000 0.999980057 0.000019943
KK:/rrc/: 0.466185261 0.533814739 0.000000000
KK:/rrc/cr: 0.999979373 0.000010313 0.000010313
KK:/rrc/rr: 0.000000000 0.999982286 0.000017714
KQ:/cc/: 0.005100850 0.994899150 0.000000000
KQ:/cc/cr: 0.000271044 0.432252466 0.567476490
KQ:/cc/rr: 0.000000000 0.990319306 0.009680694
KQ:/crc/: 0.879101878 0.120898122 0.000000000
KQ:/crc/cr: 0.002223317 0.497858186 0.499918497
KQ:/crc/rr: 0.000000000 0.000053353 0.999946647
KQ:/crrc/: 0.019241365 0.980758635 0.000000000
KQ:/crrc/cr: 0.001026241 0.701900656 0.297073104
KQ:/crrc/rr: 0.000000000 0.026114808 0.973885192
KQ:/rc/: 0.000148740 0.999851260 0.000000000
KQ:/rc/cr: 0.000252480 0.488163280 0.511584240
KQ:/rc/rr: 0.000000000 0.888963096 0.111036904
KQ:/rrc/: 0.663114540 0.336885460 0.000000000
KQ:/rrc/cr: 0.042680515 0.760862246 0.196457239
KQ:/rrc/rr: 0.000000000 0.394448736 0.605551264
Q:/: 0.715735871 0.284264129 0.000000000
Q:/cr: 0.157541736 0.830148980 0.012309283
Q:/rr: 0.000000000 0.999965417 0.000034583
QJ:/cc/: 0.000087076 0.999912924 0.000000000
QJ:/cc/cr: 0.000117293 0.000029028 0.999853679
QJ:/cc/rr: 0.000000000 0.500000000 0.500000000
QJ:/crc/: 0.028921365 0.971078635 0.000000000
QJ:/crc/cr: 0.001547979 0.000012002 0.998440020
QJ:/crc/rr: 0.000000000 0.000604464 0.999395536
QJ:/crrc/: 0.002564904 0.997435096 0.000000000
QJ:/crrc/cr: 0.000600938 0.000061571 0.999337491
QJ:/crrc/rr: 0.000000000 0.035915229 0.964084771
QJ:/rc/: 0.005224654 0.994775346 0.000000000
QJ:/rc/cr: 0.000361549 0.000011588 0.999626863
QJ:/rc/rr: 0.000000000 0.003309621 0.996690379
QJ:/rrc/: 0.000092453 0.999907547 0.000000000
QJ:/rrc/cr: 0.000017532 0.000005765 0.999976704
QJ:/rrc/rr: 0.000000000 0.093518756 0.906481244
QK:/cc/: 0.486086040 0.513913960 0.000000000
QK:/cc/cr: 0.127570944 0.872327614 0.000101442
QK:/cc/rr: 0.000000000 0.999910432 0.000089568
QK:/crc/: 0.007356054 0.992643946 0.000000000
QK:/crc/cr: 0.000011741 0.563201544 0.436786715
QK:/crc/rr: 0.000000000 0.002376536 0.997623464
QK:/crrc/: 0.740383817 0.259616183 0.000000000
QK:/crrc/cr: 0.000334350 0.607700942 0.391964708
QK:/crrc/rr: 0.000000000 0.004496995 0.995503005
QK:/rc/: 0.455537569 0.544462431 0.000000000
QK:/rc/cr: 0.006590245 0.521585867 0.471823888
QK:/rc/rr: 0.000000000 0.196653646 0.803346354
QK:/rrc/: 0.111954595 0.888045405 0.000000000
QK:/rrc/cr: 0.000006491 0.299874137 0.700119372
QK:/rrc/rr: 0.000000000 0.004356795 0.995643205
QQ:/cc/: 0.553044643 0.446955357 0.000000000
QQ:/cc/cr: 0.999870120 0.000064940 0.000064940
QQ:/cc/rr: 0.000000000 0.999921276 0.000078724
QQ:/crc/: 0.985720828 0.014279172 0.000000000
QQ:/crc/cr: 0.998367606 0.000816197 0.000816197
QQ:/crc/rr: 0.000000000 0.999982265 0.000017735
QQ:/crrc/: 0.180388628 0.819611372 0.000000000
QQ:/crrc/cr: 0.999850142 0.000074929 0.000074929
QQ:/crrc/rr: 0.000000000 0.999489330 0.000510670
QQ:/rc/: 0.532342683 0.467657317 0.000000000
QQ:/rc/cr: 0.999950700 0.000024650 0.000024650
QQ:/rc/rr: 0.000000000 0.999967518 0.000032482
QQ:/rrc/: 0.954567321 0.045432679 0.000000000
QQ:/rrc/cr: 0.999746259 0.000126871 0.000126871
QQ:/rrc/rr: 0.000000000 0.999990942 0.000009058
