J:/c: 0.276169700 0.723830300 0.000000000
J:/crr: 0.000000000 0.999910372 0.000089628
J:/r: 0.052556212 0.136955504 0.810488284
JJ:/cc/c: 0.999965803 0.000034197 0.000000000
JJ:/cc/crr: 0.000000000 0.999982901 0.000017099
JJ:/cc/r: 0.999914915 0.000062288 0.000022798
JJ:/crc/c: 0.999910372 0.000089628 0.000000000
JJ:/crc/crr: 0.000000000 0.999955182 0.000044818
JJ:/crc/r: 0.999520614 0.000419634 0.000059752
JJ:/crrc/c: 0.999955182 0.000044818 0.000000000
JJ:/crrc/crr: 0.000000000 0.999977590 0.000022410
JJ:/crrc/r: 0.999940243 0.000029879 0.000029879
JJ:/rc/c: 0.999879511 0.000120489 0.000000000
JJ:/rc/crr: 0.000000000 0.999939748 0.000060252
JJ:/rc/r: 0.999732436 0.000187238 0.000080326
JJ:/rrc/c: 0.999686019 0.000313981 0.000000000
JJ:/rrc/crr: 0.000000000 0.999842960 0.000157040
JJ:/rrc/r: 0.998442009 0.001348671 0.000209321
JK:/cc/c: 0.004074787 0.995925213 0.000000000
JK:/cc/crr: 0.000000000 0.004196111 0.995803889
JK:/cc/r: 0.000055094 0.000022798 0.999922108
JK:/crc/c: 0.569929030 0.430070970 0.000000000
JK:/crc/crr: 0.000000000 0.000078631 0.999921369
JK:/crc/r: 0.135657225 0.000059752 0.864283023
JK:/crrc/c: 0.638333088 0.361666912 0.000000000
JK:/crrc/crr: 0.000000000 0.000035105 0.999964895
JK:/crrc/r: 0.167255156 0.000070081 0.832674763
JK:/rc/c: 0.392577049 0.607422951 0.000000000
JK:/rc/crr: 0.000000000 0.000153459 0.999846541
JK:/rc/r: 0.389035539 0.000080326 0.610884135
JK:/rrc/c: 0.995755698 0.004244302 0.000000000
JK:/rrc/crr: 0.000000000 0.000157660 0.999842340
JK:/rrc/r: 0.200591800 0.000457232 0.798950968
JQ:/cc/c: 0.091189465 0.908810535 0.000000000
JQ:/cc/crr: 0.000000000 0.000187503 0.999812497
JQ:/cc/r: 0.031181298 0.000022798 0.968795904
JQ:/crc/c: 0.639460825 0.360539175 0.000000000
JQ:/crc/crr: 0.000000000 0.000070081 0.999929919
JQ:/crc/r: 0.000080187 0.000059752 0.999860061
JQ:/crrc/c: 0.060791437 0.939208563 0.000000000
JQ:/crrc/crr: 0.000000000 0.000368620 0.999631380
JQ:/crrc/r: 0.191418878 0.000051214 0.808529908
JQ:/rc/c: 0.985783624 0.014216376 0.000000000
JQ:/rc/crr: 0.000000000 0.000061113 0.999938887
JQ:/rc/r: 0.000080326 0.000080326 0.999839348
JQ:/rrc/c: 0.249336879 0.750663121 0.000000000
JQ:/rrc/crr: 0.000000000 0.000629632 0.999370368
JQ:/rrc/r: 0.497307769 0.000459418 0.502232813
K:/c: 0.999847497 0.000152503 0.000000000
K:/crr: 0.000000000 0.999975244 0.000024756
K:/r: 0.539490529 0.460476467 0.000033003
KJ:/cc/c: 0.509298859 0.490701141 0.000000000
KJ:/cc/crr: 0.000000000 0.840655608 0.159344392
KJ:/cc/r: 0.548401138 0.220803287 0.230795575
KJ:/crc/c: 0.198895119 0.801104881 0.000000000
KJ:/crc/crr: 0.000000000 0.999937766 0.000062234
KJ:/crc/r: 0.000206482 0.725473364 0.274320154
KJ:/crrc/c: 0.338897927 0.661102073 0.000000000
KJ:/crrc/crr: 0.000000000 0.939252510 0.060747490
KJ:/crrc/r: 0.073418468 0.791931185 0.134650347
KJ:/rc/c: 0.467655668 0.532344332 0.000000000
KJ:/rc/crr: 0.000000000 0.792332061 0.207667939
KJ:/rc/r: 0.020764335 0.800944283 0.178291382
KJ:/rrc/c: 0.075608843 0.924391157 0.000000000
KJ:/rrc/crr: 0.000000000 0.957772733 0.042227267
KJ:/rrc/r: 0.025875412 0.934623524 0.039501064
KK:/cc/c: 0.837692166 0.162307834 0.000000000
KK:/cc/crr: 0.000000000 0.903122029 0.096877971
KK:/cc/r: 0.596156669 0.295638108 0.108205223
KK:/crc/c: 0.999975244 0.000024756 0.000000000
KK:/crc/crr: 0.000000000 0.999987622 0.000012378
KK:/crc/r: 0.632767275 0.367216221 0.000016504
KK:/crrc/c: 0.999987622 0.000012378 0.000000000
KK:/crrc/crr: 0.000000000 0.999993811 0.000006189
KK:/crrc/r: 0.999983495 0.000008252 0.000008252
KK:/rc/c: 0.999964164 0.000035836 0.000000000
KK:/rc/crr: 0.000000000 0.999982081 0.000017919
KK:/rc/r: 0.999916086 0.000060024 0.000023891
KK:/rrc/c: 0.999969413 0.000030587 0.000000000
KK:/rrc/crr: 0.000000000 0.999984706 0.000015294
KK:/rrc/r: 0.999877289 0.000102319 0.000020392
KQ:/cc/c: 0.509298859 0.490701141 0.000000000
KQ:/cc/crr: 0.000000000 0.840655608 0.159344392
KQ:/cc/r: 0.548419673 0.222906882 0.228673445
KQ:/crc/c: 0.024823404 0.975176596 0.000000000
KQ:/crc/crr: 0.000000000 0.074819371 0.925180629
KQ:/crc/r: 0.000526975 0.450005999 0.549467026
KQ:/crrc/c: 0.593783555 0.406216445 0.000000000
KQ:/crrc/crr: 0.000000000 0.396030905 0.603969095
KQ:/crrc/r: 0.002901447 0.713956620 0.283141932
KQ:/rc/c: 0.049950796 0.950049204 0.000000000
KQ:/rc/crr: 0.000000000 0.000821955 0.999178045
KQ:/rc/r: 0.000130445 0.343382426 0.656487129
KQ:/rrc/c: 0.314431983 0.685568017 0.000000000
KQ:/rrc/crr: 0.000000000 0.581217348 0.418782652
KQ:/rrc/r: 0.010058741 0.658312455 0.331628804
Q:/c: 0.825529507 0.174470493 0.000000000
Q:/crr: 0.000000000 0.999970016 0.000029984
Q:/r: 0.304411654 0.692015745 0.003572601
QJ:/cc/c: 0.003711575 0.996288425 0.000000000
QJ:/cc/crr: 0.000000000 0.019112102 0.980887898
QJ:/cc/r: 0.000228572 0.000094581 0.999676847
QJ:/crc/c: 0.342872258 0.657127742 0.000000000
QJ:/crc/crr: 0.000000000 0.000043724 0.999956276
QJ:/crc/r: 0.000771250 0.000019989 0.999208761
QJ:/crrc/c: 0.000443584 0.999556416 0.000000000
QJ:/crrc/crr: 0.000000000 0.016899067 0.983100933
QJ:/crrc/r: 0.018781502 0.000009995 0.981208504
QJ:/rc/c: 0.000398443 0.999601557 0.000000000
QJ:/rc/crr: 0.000000000 0.029923704 0.970076296
QJ:/rc/r: 0.017019593 0.000018666 0.982961740
QJ:/rrc/c: 0.001290961 0.998709039 0.000000000
QJ:/rrc/crr: 0.000000000 0.020995348 0.979004652
QJ:/rrc/r: 0.000547727 0.000075498 0.999376775
QK:/cc/c: 0.126563729 0.873436271 0.000000000
QK:/cc/crr: 0.000000000 0.999439524 0.000560476
QK:/cc/r: 0.000642021 0.774870448 0.224487531
QK:/crc/c: 0.358525284 0.641474716 0.000000000
QK:/crc/crr: 0.000000000 0.065012441 0.934987559
QK:/crc/r: 0.000622398 0.417976044 0.581401558
QK:/crrc/c: 0.174680233 0.825319767 0.000000000
QK:/crrc/crr: 0.000000000 0.009214505 0.990785495
QK:/crrc/r: 0.001014929 0.292032403 0.706952668
QK:/rc/c: 0.384396205 0.615603795 0.000000000
QK:/rc/crr: 0.000000000 0.023866206 0.976133794
QK:/rc/r: 0.000065467 0.321465388 0.678469146
QK:/rrc/c: 0.421209934 0.578790066 0.000000000
QK:/rrc/crr: 0.000000000 0.004060064 0.995939936
QK:/rrc/r: 0.000519546 0.501826390 0.497654064
QQ:/cc/c: 0.999858128 0.000141872 0.000000000
QQ:/cc/crr: 0.000000000 0.999929054 0.000070946
QQ:/cc/r: 0.999647004 0.000258415 0.000094581
QQ:/crc/c: 0.999970016 0.000029984 0.000000000
QQ:/crc/crr: 0.000000000 0.999985008 0.000014992
QQ:/crc/r: 0.632764144 0.367215867 0.000019989
QQ:/crrc/c: 0.999985008 0.000014992 0.000000000
QQ:/crrc/crr: 0.000000000 0.999992504 0.000007496
QQ:/crrc/r: 0.999980010 0.000009995 0.000009995
QQ:/rc/c: 0.999976154 0.000023846 0.000000000
QQ:/rc/crr: 0.000000000 0.999988077 0.000011923
QQ:/rc/r: 0.999942391 0.000041711 0.000015897
QQ:/rrc/c: 0.999945792 0.000054208 0.000000000
QQ:/rrc/crr: 0.000000000 0.999972894 0.000027106
QQ:/rrc/r: 0.999731015 0.000232846 0.000036139
