J:/c: 0.266650289 0.733349711 0.000000000
J:/crr: 0.000000000 0.999907173 0.000092827
J:/r: 0.055458548 0.131466057 0.813075396
JJ:/cc/c: 0.999966247 0.000033753 0.000000000
JJ:/cc/crr: 0.000000000 0.999983123 0.000016877
JJ:/cc/r: 0.999916380 0.000061118 0.000022502
JJ:/crc/c: 0.999907173 0.000092827 0.000000000
JJ:/crc/crr: 0.000000000 0.999953582 0.000046418
JJ:/crc/r: 0.999682956 0.000255159 0.000061885
JJ:/crrc/c: 0.999953582 0.000046418 0.000000000
JJ:/crrc/crr: 0.000000000 0.999976790 0.000023210
JJ:/crrc/r: 0.999938109 0.000030945 0.000030945
JJ:/rc/c: 0.999874480 0.000125520 0.000000000
JJ:/rc/crr: 0.000000000 0.999937232 0.000062768
JJ:/rc/r: 0.999744323 0.000171997 0.000083680
JJ:/rrc/c: 0.999702451 0.000297549 0.000000000
JJ:/rrc/crr: 0.000000000 0.999851181 0.000148819
JJ:/rrc/r: 0.998531192 0.001270442 0.000198366
JK:/cc/c: 0.005889715 0.994110285 0.000000000
JK:/cc/crr: 0.000000000 0.002865387 0.997134613
JK:/cc/r: 0.000058063 0.000022502 0.999919436
JK:/crc/c: 0.616414348 0.383585652 0.000000000
JK:/crc/crr: 0.000000000 0.000075296 0.999924704
JK:/crc/r: 0.016574358 0.000061885 0.983363757
JK:/crrc/c: 0.435388636 0.564611364 0.000000000
JK:/crrc/crr: 0.000000000 0.000053306 0.999946694
JK:/crrc/r: 0.202320902 0.000035409 0.797643690
JK:/rc/c: 0.370785581 0.629214419 0.000000000
JK:/rc/crr: 0.000000000 0.000169263 0.999830737
JK:/rc/r: 0.344781671 0.000083680 0.655134649
JK:/rrc/c: 0.999702451 0.000297549 0.000000000
JK:/rrc/crr: 0.000000000 0.000148819 0.999851181
JK:/rrc/r: 0.198202263 0.000433925 0.801363812
JQ:/cc/c: 0.069623790 0.930376210 0.000000000
JQ:/cc/crr: 0.000000000 0.000242393 0.999757607
JQ:/cc/r: 0.042513947 0.000022502 0.957463551
JQ:/crc/c: 0.365703635 0.634296365 0.000000000
JQ:/crc/crr: 0.000000000 0.000126916 0.999873084
JQ:/crc/r: 0.020645639 0.000061885 0.979292476
JQ:/crrc/c: 0.106329051 0.893670949 0.000000000
JQ:/crrc/crr: 0.000000000 0.000218275 0.999781725
JQ:/crrc/r: 0.166208337 0.000030945 0.833760717
JQ:/rc/c: 0.977672203 0.022327797 0.000000000
JQ:/rc/crr: 0.000000000 0.000064193 0.999935807
JQ:/rc/r: 0.000083902 0.000083680 0.999832418
JQ:/rrc/c: 0.038498997 0.961501003 0.000000000
JQ:/rrc/crr: 0.000000000 0.003864377 0.996135623
JQ:/rrc/r: 0.302144331 0.000434981 0.697420688
K:/c: 0.999733225 0.000266775 0.000000000
K:/crr: 0.000000000 0.999975241 0.000024759
K:/r: 0.591308152 0.408658844 0.000033003
KJ:/cc/c: 0.481843786 0.518156214 0.000000000
KJ:/cc/crr: 0.000000000 0.903719601 0.096280399
KJ:/cc/r: 0.319738031 0.127562898 0.552699071
KJ:/crc/c: 0.142803076 0.857196924 0.000000000
KJ:/crc/crr: 0.000000000 0.999913310 0.000086690
KJ:/crc/r: 0.000321963 0.736256591 0.263421445
KJ:/crrc/c: 0.455681743 0.544318257 0.000000000
KJ:/crrc/crr: 0.000000000 0.999896038 0.000103962
KJ:/crrc/r: 0.060017606 0.785754936 0.154227458
KJ:/rc/c: 0.454363484 0.545636516 0.000000000
KJ:/rc/crr: 0.000000000 0.698105024 0.301894976
KJ:/rc/r: 0.022094080 0.754580955 0.223324965
KJ:/rrc/c: 0.081283723 0.918716277 0.000000000
KJ:/rrc/crr: 0.000000000 0.999828336 0.000171664
KJ:/rrc/r: 0.031373911 0.928007055 0.040619035
KK:/cc/c: 0.907215776 0.092784224 0.000000000
KK:/cc/crr: 0.000000000 0.948863200 0.051136800
KK:/cc/r: 0.770133993 0.168009858 0.061856149
KK:/crc/c: 0.999975241 0.000024759 0.000000000
KK:/crc/crr: 0.000000000 0.999987620 0.000012380
KK:/crc/r: 0.635974024 0.364009470 0.000016506
KK:/crrc/c: 0.999987620 0.000012380 0.000000000
KK:/crrc/crr: 0.000000000 0.999993810 0.000006190
KK:/crrc/r: 0.999983494 0.000008253 0.000008253
KK:/rc/c: 0.999959620 0.000040380 0.000000000
KK:/rc/crr: 0.000000000 0.999979809 0.000020191
KK:/rc/r: 0.999904550 0.000068530 0.000026920
KK:/rrc/c: 0.999972093 0.000027907 0.000000000
KK:/rrc/crr: 0.000000000 0.999986046 0.000013954
KK:/rrc/r: 0.999889800 0.000091595 0.000018605
KQ:/cc/c: 0.481843786 0.518156214 0.000000000
KQ:/cc/crr: 0.000000000 0.903719601 0.096280399
KQ:/cc/r: 0.320366195 0.554048401 0.125585404
KQ:/crc/c: 0.233287846 0.766712154 0.000000000
KQ:/crc/crr: 0.000000000 0.028764732 0.971235268
KQ:/crc/r: 0.000683061 0.442409129 0.556907809
KQ:/crrc/c: 0.516302259 0.483697741 0.000000000
KQ:/crrc/crr: 0.000000000 0.444937918 0.555062082
KQ:/crrc/r: 0.000009368 0.766304358 0.233686275
KQ:/rc/c: 0.021949614 0.978050386 0.000000000
KQ:/rc/crr: 0.000000000 0.012018124 0.987981876
KQ:/rc/r: 0.000134700 0.336538931 0.663326369
KQ:/rrc/c: 0.472232376 0.527767624 0.000000000
KQ:/rrc/crr: 0.000000000 0.486281303 0.513718697
KQ:/rrc/r: 0.102700298 0.531368332 0.365931371
Q:/c: 0.845161237 0.154838763 0.000000000
Q:/crr: 0.000000000 0.999970713 0.000029287
Q:/r: 0.345861892 0.650435361 0.003702747
QJ:/cc/c: 0.001915382 0.998084618 0.000000000
QJ:/cc/crr: 0.000000000 0.041730486 0.958269514
QJ:/cc/r: 0.000274997 0.000106573 0.999618430
QJ:/crc/c: 0.385135078 0.614864922 0.000000000
QJ:/crc/crr: 0.000000000 0.001541246 0.998458754
QJ:/crc/r: 0.000595552 0.000019525 0.999384923
QJ:/crrc/c: 0.000386323 0.999613677 0.000000000
QJ:/crrc/crr: 0.000000000 0.018953124 0.981046876
QJ:/crrc/r: 0.024305742 0.000009763 0.975684495
QJ:/rc/c: 0.001161956 0.998838044 0.000000000
QJ:/rc/crr: 0.000000000 0.010917003 0.989082997
QJ:/rc/r: 0.016380182 0.000016913 0.983602905
QJ:/rrc/c: 0.001248925 0.998751075 0.000000000
QJ:/rrc/crr: 0.000000000 0.362540926 0.637459074
QJ:/rrc/r: 0.000483466 0.000065903 0.999450631
QK:/cc/c: 0.014289747 0.985710253 0.000000000
QK:/cc/crr: 0.000000000 0.994406490 0.005593510
QK:/cc/r: 0.001132937 0.751185157 0.247681906
QK:/crc/c: 0.302081907 0.697918093 0.000000000
QK:/crc/crr: 0.000000000 0.101640363 0.898359637
QK:/crc/r: 0.015915112 0.475594521 0.508490367
QK:/crrc/c: 0.043078734 0.956921266 0.000000000
QK:/crrc/crr: 0.000000000 0.055751774 0.944248226
QK:/crrc/r: 0.000272282 0.280151254 0.719576464
QK:/rc/c: 0.347440203 0.652559797 0.000000000
QK:/rc/crr: 0.000000000 0.036901660 0.963098340
QK:/rc/r: 0.000056053 0.316453158 0.683490789
QK:/rrc/c: 0.468667764 0.531332236 0.000000000
QK:/rrc/crr: 0.000000000 0.026474424 0.973525576
QK:/rrc/r: 0.000535671 0.569615833 0.429848497
QQ:/cc/c: 0.999840140 0.000159860 0.000000000
QQ:/cc/crr: 0.000000000 0.999920057 0.000079943
QQ:/cc/r: 0.999603960 0.000289467 0.000106573
QQ:/crc/c: 0.999970713 0.000029287 0.000000000
QQ:/crc/crr: 0.000000000 0.999985356 0.000014644
QQ:/crc/r: 0.635971283 0.364009192 0.000019525
QQ:/crrc/c: 0.999985356 0.000014644 0.000000000
QQ:/crrc/crr: 0.000000000 0.999992678 0.000007322
QQ:/crrc/r: 0.999980475 0.000009763 0.000009763
QQ:/rc/c: 0.999974630 0.000025370 0.000000000
QQ:/rc/crr: 0.000000000 0.999987315 0.000012685
QQ:/rc/r: 0.999934743 0.000048344 0.000016913
QQ:/rrc/c: 0.999952288 0.000047712 0.000000000
QQ:/rrc/crr: 0.000000000 0.999976143 0.000023857
QQ:/rrc/r: 0.999764478 0.000203714 0.000031808
