J:/: 0.070589282 0.929410718 0.000000000
J:/cr: 0.017511843 0.035260604 0.947227552
J:/rr: 0.000000000 0.999649345 0.000350655
JJ:/cc/: 0.001517896 0.998482104 0.000000000
JJ:/cc/cr: 0.999982218 0.000008891 0.000008891
JJ:/cc/rr: 0.000000000 0.991227187 0.008772813
JJ:/crc/: 0.882852133 0.117147867 0.000000000
JJ:/crc/cr: 0.998567237 0.000716381 0.000716381
JJ:/crc/rr: 0.000000000 0.999857412 0.000142588
JJ:/crrc/: 0.994798847 0.005201153 0.000000000
JJ:/crrc/cr: 0.935021907 0.032489047 0.032489047
JJ:/crrc/rr: 0.000000000 0.999745204 0.000254796
JJ:/rc/: 0.684202435 0.315797565 0.000000000
JJ:/rc/cr: 0.999259748 0.000370126 0.000370126
JJ:/rc/rr: 0.000000000 0.999743749 0.000256251
JJ:/rrc/: 0.980649189 0.019350811 0.000000000
JJ:/rrc/cr: 0.993957568 0.003021216 0.003021216
JJ:/rrc/rr: 0.000000000 0.999910575 0.000089425
JK:/cc/: 0.080865287 0.919134713 0.000000000
JK:/cc/cr: 0.001208068 0.000009659 0.998782274
JK:/cc/rr: 0.000000000 0.000164672 0.999835328
JK:/crc/: 0.196479568 0.803520432 0.000000000
JK:/crc/cr: 0.137144788 0.000104444 0.862750769
JK:/crc/rr: 0.000000000 0.000640697 0.999359303
JK:/crrc/: 0.998485053 0.001514947 0.000000000
JK:/crrc/cr: 0.111542215 0.111542215 0.776915569
JK:/crrc/rr: 0.000000000 0.000253855 0.999746145
JK:/rc/: 0.991875192 0.008124808 0.000000000
JK:/rc/cr: 0.014386180 0.014386180 0.971227639
JK:/rc/rr: 0.000000000 0.000176764 0.999823236
JK:/rrc/: 0.447068865 0.552931135 0.000000000
JK:/rrc/cr: 0.477863620 0.000105733 0.522030647
JK:/rrc/rr: 0.000000000 0.000196154 0.999803846
JQ:/cc/: 0.168535126 0.831464874 0.000000000
JQ:/cc/cr: 0.000042269 0.000010677 0.999947054
JQ:/cc/rr: 0.000000000 0.000079012 0.999920988
JQ:/crc/: 0.968724400 0.031275600 0.000000000
JQ:/crc/cr: 0.053847724 0.002683324 0.943468952
JQ:/crc/rr: 0.000000000 0.000129948 0.999870052
JQ:/crrc/: 0.093446038 0.906553962 0.000000000
JQ:/crrc/cr: 0.149398610 0.000186399 0.850414991
JQ:/crrc/rr: 0.000000000 0.002712483 0.997287517
JQ:/rc/: 0.966883123 0.033116877 0.000000000
JQ:/rc/cr: 0.003529468 0.003529468 0.992941064
JQ:/rc/rr: 0.000000000 0.000181333 0.999818667
JQ:/rrc/: 0.160951675 0.839048325 0.000000000
JQ:/rrc/cr: 0.063137358 0.000069678 0.936792964
JQ:/rrc/rr: 0.000000000 0.000544850 0.999455150
K:/: 0.741587120 0.258412880 0.000000000
K:/cr: 0.699138867 0.300797275 0.000063858
K:/rr: 0.000000000 0.999966622 0.000033378
KJ:/cc/: 0.000272656 0.999727344 0.000000000
KJ:/cc/cr: 0.000232138 0.000040626 0.999727237
KJ:/cc/rr: 0.000000000 0.824345548 0.175654452
KJ:/crc/: 0.002137308 0.997862692 0.000000000
KJ:/crc/cr: 0.000770366 0.999194176 0.000035458
KJ:/crc/rr: 0.000000000 0.975167971 0.024832029
KJ:/crrc/: 0.042683755 0.957316245 0.000000000
KJ:/crrc/cr: 0.000031653 0.999694182 0.000274165
KJ:/crrc/rr: 0.000000000 0.548301696 0.451698304
KJ:/rc/: 0.049030630 0.950969370 0.000000000
KJ:/rc/cr: 0.011641891 0.913550470 0.074807639
KJ:/rc/rr: 0.000000000 0.414919474 0.585080526
KJ:/rrc/: 0.082392785 0.917607215 0.000000000
KJ:/rrc/cr: 0.003673703 0.994436995 0.001889302
KJ:/rrc/rr: 0.000000000 0.647775389 0.352224611
KK:/cc/: 0.984194568 0.015805432 0.000000000
KK:/cc/cr: 0.995959763 0.002020119 0.002020119
KK:/cc/rr: 0.000000000 0.999951338 0.000048662
KK:/crc/: 0.430552299 0.569447701 0.000000000
KK:/crc/cr: 0.999875731 0.000062135 0.000062135
KK:/crc/rr: 0.000000000 0.999876731 0.000123269
KK:/crrc/: 0.975100151 0.024899849 0.000000000
KK:/crrc/cr: 0.998777267 0.000611367 0.000611367
KK:/crrc/rr: 0.000000000 0.999976582 0.000023418
KK:/rc/: 0.786238274 0.213761726 0.000000000
KK:/rc/cr: 0.999866885 0.000081067 0.000052048
KK:/rc/rr: 0.000000000 0.999978774 0.000021226
KK:/rrc/: 0.409892048 0.590107952 0.000000000
KK:/rrc/cr: 0.999981145 0.000009427 0.000009427
KK:/rrc/rr: 0.000000000 0.999979642 0.000020358
KQ:/cc/: 0.000483861 0.999516139 0.000000000
KQ:/cc/cr: 0.000232562 0.396626934 0.603140504
KQ:/cc/rr: 0.000000000 0.901018590 0.098981410
KQ:/crc/: 0.724904447 0.275095553 0.000000000
KQ:/crc/cr: 0.001090707 0.550139364 0.448769929
KQ:/crc/rr: 0.000000000 0.000073215 0.999926785
KQ:/crrc/: 0.018613719 0.981386281 0.000000000
KQ:/crrc/cr: 0.017766098 0.734615749 0.247618153
KQ:/crrc/rr: 0.000000000 0.024425093 0.975574907
KQ:/rc/: 0.000439245 0.999560755 0.000000000
KQ:/rc/cr: 0.000257049 0.482790375 0.516952576
KQ:/rc/rr: 0.000000000 0.294358530 0.705641470
KQ:/rrc/: 0.640868750 0.359131250 0.000000000
KQ:/rrc/cr: 0.007491291 0.756890222 0.235618488
KQ:/rrc/rr: 0.000000000 0.403477010 0.596522990
Q:/: 0.718949198 0.281050802 0.000000000
Q:/cr: 0.176300735 0.754162570 0.069536695
Q:/rr: 0.000000000 0.999965571 0.000034429
QJ:/cc/: 0.000088071 0.999911929 0.000000000
QJ:/cc/cr: 0.000116232 0.000029360 0.999854408
QJ:/cc/rr: 0.000000000 0.500000000 0.500000000
QJ:/crc/: 0.029450005 0.970549995 0.000000000
QJ:/crc/cr: 0.001611524 0.000013369 0.998375107
QJ:/crc/rr: 0.000000000 0.000660895 0.999339105
QJ:/crrc/: 0.026963561 0.973036439 0.000000000
QJ:/crrc/cr: 0.000520151 0.000057044 0.999422805
QJ:/crrc/rr: 0.000000000 0.003087814 0.996912186
QJ:/rc/: 0.004758618 0.995241382 0.000000000
QJ:/rc/cr: 0.000460153 0.000011531 0.999528316
QJ:/rc/rr: 0.000000000 0.003617508 0.996382492
QJ:/rrc/: 0.000017215 0.999982785 0.000000000
QJ:/rrc/cr: 0.000015655 0.000005738 0.999978606
QJ:/rrc/rr: 0.000000000 0.500000000 0.500000000
QK:/cc/: 0.531071347 0.468928653 0.000000000
QK:/cc/cr: 0.004113552 0.988924254 0.006962195
QK:/cc/rr: 0.000000000 0.999917082 0.000082918
QK:/crc/: 0.018631502 0.981368498 0.000000000
QK:/crc/cr: 0.000013222 0.573762758 0.426224020
QK:/crc/rr: 0.000000000 0.001044647 0.998955353
QK:/crrc/: 0.838532035 0.161467965 0.000000000
QK:/crrc/cr: 0.000501036 0.651953299 0.347545665
QK:/crrc/rr: 0.000000000 0.003930049 0.996069951
QK:/rc/: 0.411843307 0.588156693 0.000000000
QK:/rc/cr: 0.001623181 0.528365304 0.470011515
QK:/rc/rr: 0.000000000 0.190070812 0.809929188
QK:/rrc/: 0.083742035 0.916257965 0.000000000
QK:/rrc/cr: 0.000006263 0.307537875 0.692455863
QK:/rrc/rr: 0.000000000 0.005729450 0.994270550
QQ:/cc/: 0.482848959 0.517151041 0.000000000
QQ:/cc/cr: 0.999886466 0.000056767 0.000056767
QQ:/cc/rr: 0.000000000 0.999908800 0.000091200
QQ:/crc/: 0.961923893 0.038076107 0.000000000
QQ:/crc/cr: 0.999318441 0.000340780 0.000340780
QQ:/crc/rr: 0.000000000 0.999979766 0.000020234
QQ:/crrc/: 0.296027464 0.703972536 0.000000000
QQ:/crrc/cr: 0.999842307 0.000078846 0.000078846
QQ:/crrc/rr: 0.000000000 0.999718747 0.000281253
QQ:/rc/: 0.482117148 0.517882852 0.000000000
QQ:/rc/cr: 0.999955680 0.000022160 0.000022160
QQ:/rc/rr: 0.000000000 0.999964294 0.000035706
QQ:/rrc/: 0.937741276 0.062258724 0.000000000
QQ:/rrc/cr: 0.999815662 0.000092169 0.000092169
QQ:/rrc/rr: 0.000000000 0.999990821 0.000009179
