J:/: 0.073508887 0.926491113 0.000000000
J:/cr: 0.019519808 0.036366514 0.944113678
J:/rr: 0.000000000 0.999663272 0.000336728
JJ:/cc/: 0.001522445 0.998477555 0.000000000
JJ:/cc/cr: 0.999982162 0.000008919 0.000008919
JJ:/cc/rr: 0.000000000 0.991225833 0.008774167
JJ:/crc/: 0.960493774 0.039506226 0.000000000
JJ:/crc/cr: 0.995867645 0.002066178 0.002066178
JJ:/crc/rr: 0.000000000 0.999872524 0.000127476
JJ:/crrc/: 0.995341021 0.004658979 0.000000000
JJ:/crrc/cr: 0.934717229 0.032641385 0.032641385
JJ:/crrc/rr: 0.000000000 0.999770819 0.000229181
JJ:/rc/: 0.631396092 0.368603908 0.000000000
JJ:/rc/cr: 0.999390986 0.000304507 0.000304507
JJ:/rc/rr: 0.000000000 0.999733347 0.000266653
JJ:/rrc/: 0.987545030 0.012454970 0.000000000
JJ:/rrc/cr: 0.990985096 0.004507452 0.004507452
JJ:/rrc/rr: 0.000000000 0.999914728 0.000085272
JK:/cc/: 0.076854775 0.923145225 0.000000000
JK:/cc/cr: 0.000037791 0.000009647 0.999952562
JK:/cc/rr: 0.000000000 0.000173811 0.999826189
JK:/crc/: 0.070805178 0.929194822 0.000000000
JK:/crc/cr: 0.025591932 0.000087847 0.974320221
JK:/crc/rr: 0.000000000 0.001729257 0.998270743
JK:/crrc/: 0.998651580 0.001348420 0.000000000
JK:/crrc/cr: 0.112780561 0.112780561 0.774438877
JK:/crrc/rr: 0.000000000 0.000228421 0.999771579
JK:/rc/: 0.992363316 0.007636684 0.000000000
JK:/rc/cr: 0.014697812 0.014697812 0.970604376
JK:/rc/rr: 0.000000000 0.000169659 0.999830341
JK:/rrc/: 0.459124761 0.540875239 0.000000000
JK:/rrc/cr: 0.479189694 0.000103795 0.520706511
JK:/rrc/rr: 0.000000000 0.000183415 0.999816585
JQ:/cc/: 0.186589852 0.813410148 0.000000000
JQ:/cc/cr: 0.000042889 0.000010948 0.999946163
JQ:/cc/rr: 0.000000000 0.000071591 0.999928409
JQ:/crc/: 0.980593225 0.019406775 0.000000000
JQ:/crc/cr: 0.004206102 0.004206102 0.991587796
JQ:/crc/rr: 0.000000000 0.000124864 0.999875136
JQ:/crrc/: 0.045304347 0.954695653 0.000000000
JQ:/crrc/cr: 0.129141240 0.000159292 0.870699468
JQ:/crrc/rr: 0.000000000 0.005035130 0.994964870
JQ:/rc/: 0.829283141 0.170716859 0.000000000
JQ:/rc/cr: 0.000657478 0.000657478 0.998685044
JQ:/rc/rr: 0.000000000 0.000203023 0.999796977
JQ:/rrc/: 0.174846786 0.825153214 0.000000000
JQ:/rrc/cr: 0.021101787 0.000068036 0.978830177
JQ:/rrc/rr: 0.000000000 0.000481623 0.999518377
K:/: 0.740216409 0.259783591 0.000000000
K:/cr: 0.689712709 0.310223770 0.000063521
K:/rr: 0.000000000 0.999966560 0.000033440
KJ:/cc/: 0.000270841 0.999729159 0.000000000
KJ:/cc/cr: 0.000230974 0.000040568 0.999728458
KJ:/cc/rr: 0.000000000 0.824101210 0.175898790
KJ:/crc/: 0.002034792 0.997965208 0.000000000
KJ:/crc/cr: 0.000446453 0.999519351 0.000034196
KJ:/crc/rr: 0.000000000 0.974842894 0.025157106
KJ:/crrc/: 0.073991526 0.926008474 0.000000000
KJ:/crrc/cr: 0.000037097 0.999671212 0.000291691
KJ:/crrc/rr: 0.000000000 0.421877685 0.578122315
KJ:/rc/: 0.018431035 0.981568965 0.000000000
KJ:/rc/cr: 0.027109126 0.872890674 0.100000199
KJ:/rc/rr: 0.000000000 0.563913661 0.436086339
KJ:/rrc/: 0.098420452 0.901579548 0.000000000
KJ:/rrc/cr: 0.003686901 0.994667332 0.001645767
KJ:/rrc/rr: 0.000000000 0.539329560 0.460670440
KK:/cc/: 0.996647608 0.003352392 0.000000000
KK:/cc/cr: 0.981052112 0.009473944 0.009473944
KK:/cc/rr: 0.000000000 0.999952199 0.000047801
KK:/crc/: 0.166246239 0.833753761 0.000000000
KK:/crc/cr: 0.999918138 0.000040931 0.000040931
KK:/crc/rr: 0.000000000 0.999692086 0.000307914
KK:/crrc/: 0.987384240 0.012615760 0.000000000
KK:/crrc/cr: 0.997566604 0.001216698 0.001216698
KK:/crrc/rr: 0.000000000 0.999976681 0.000023319
KK:/rc/: 0.786952967 0.213047033 0.000000000
KK:/rc/cr: 0.999865272 0.000082408 0.000052319
KK:/rc/rr: 0.000000000 0.999978754 0.000021246
KK:/rrc/: 0.448376796 0.551623204 0.000000000
KK:/rrc/cr: 0.999979793 0.000010104 0.000010104
KK:/rrc/rr: 0.000000000 0.999981355 0.000018645
KQ:/cc/: 0.000474237 0.999525763 0.000000000
KQ:/cc/cr: 0.000231021 0.401089667 0.598679312
KQ:/cc/rr: 0.000000000 0.899542760 0.100457240
KQ:/crc/: 0.859493101 0.140506899 0.000000000
KQ:/crc/cr: 0.002045061 0.464249014 0.533705925
KQ:/crc/rr: 0.000000000 0.000059558 0.999940442
KQ:/crrc/: 0.037682653 0.962317347 0.000000000
KQ:/crrc/cr: 0.003820155 0.750681823 0.245498022
KQ:/crrc/rr: 0.000000000 0.279306399 0.720693601
KQ:/rc/: 0.000144276 0.999855724 0.000000000
KQ:/rc/cr: 0.000257872 0.472801011 0.526941117
KQ:/rc/rr: 0.000000000 0.884112588 0.115887412
KQ:/rrc/: 0.648923749 0.351076251 0.000000000
KQ:/rrc/cr: 0.068057234 0.758547523 0.173395243
KQ:/rrc/rr: 0.000000000 0.380105688 0.619894312
Q:/: 0.713084905 0.286915095 0.000000000
Q:/cr: 0.155878041 0.777944179 0.066177780
Q:/rr: 0.000000000 0.999965288 0.000034712
QJ:/cc/: 0.000086271 0.999913729 0.000000000
QJ:/cc/cr: 0.000112663 0.000028760 0.999858577
QJ:/cc/rr: 0.000000000 0.500000000 0.500000000
QJ:/crc/: 0.028655282 0.971344718 0.000000000
QJ:/crc/cr: 0.002173257 0.000012685 0.997814057
QJ:/crc/rr: 0.000000000 0.000645002 0.999354998
QJ:/crrc/: 0.002589594 0.997410406 0.000000000
QJ:/crrc/cr: 0.000503832 0.000061654 0.999434514
QJ:/crrc/rr: 0.000000000 0.035620281 0.964379719
QJ:/rc/: 0.015394840 0.984605160 0.000000000
QJ:/rc/cr: 0.000309674 0.000011752 0.999678575
QJ:/rc/rr: 0.000000000 0.001127385 0.998872615
QJ:/rrc/: 0.000017357 0.999982643 0.000000000
QJ:/rrc/cr: 0.000014871 0.000005786 0.999979343
QJ:/rrc/rr: 0.000000000 0.500000000 0.500000000
QK:/cc/: 0.512682148 0.487317852 0.000000000
QK:/cc/cr: 0.003688619 0.970937039 0.025374342
QK:/cc/rr: 0.000000000 0.999915863 0.000084137
QK:/crc/: 0.007348314 0.992651686 0.000000000
QK:/crc/cr: 0.000012413 0.565832540 0.434155047
QK:/crc/rr: 0.000000000 0.002515231 0.997484769
QK:/crrc/: 0.860623083 0.139376917 0.000000000
QK:/crrc/cr: 0.000653821 0.713191328 0.286154850
QK:/crrc/rr: 0.000000000 0.004129164 0.995870836
QK:/rc/: 0.375533563 0.624466437 0.000000000
QK:/rc/cr: 0.000246137 0.525141666 0.474612197
QK:/rc/rr: 0.000000000 0.201472844 0.798527156
QK:/rrc/: 0.112298190 0.887701810 0.000000000
QK:/rrc/cr: 0.000006517 0.318609315 0.681384168
QK:/rrc/rr: 0.000000000 0.004006100 0.995993900
QQ:/cc/: 0.460570760 0.539429240 0.000000000
QQ:/cc/cr: 0.999893380 0.000053310 0.000053310
QQ:/cc/rr: 0.000000000 0.999906343 0.000093657
QQ:/crc/: 0.978059264 0.021940736 0.000000000
QQ:/crc/cr: 0.998876810 0.000561595 0.000561595
QQ:/crc/rr: 0.000000000 0.999981103 0.000018897
QQ:/crrc/: 0.283638313 0.716361687 0.000000000
QQ:/crrc/cr: 0.999828314 0.000085843 0.000085843
QQ:/crrc/rr: 0.000000000 0.999674790 0.000325210
QQ:/rc/: 0.427022830 0.572977170 0.000000000
QQ:/rc/cr: 0.999959612 0.000020194 0.000020194
QQ:/rc/rr: 0.000000000 0.999959356 0.000040644
QQ:/rrc/: 0.963103703 0.036896297 0.000000000
QQ:/rrc/cr: 0.999686391 0.000156804 0.000156804
QQ:/rrc/rr: 0.000000000 0.999990989 0.000009011
