J:/: 0.087860635 0.912139365 0.000000000
J:/cr: 0.018590147 0.063819347 0.917590506
J:/rr: 0.000000000 0.999718276 0.000281724
JJ:/cc/: 0.001280219 0.998719781 0.000000000
JJ:/cc/cr: 0.999981886 0.000009057 0.000009057
JJ:/cc/rr: 0.000000000 0.989401532 0.010598468
JJ:/crc/: 0.869450764 0.130549236 0.000000000
JJ:/crc/cr: 0.999276201 0.000361900 0.000361900
JJ:/crc/rr: 0.000000000 0.999918490 0.000081510
JJ:/crrc/: 0.948309619 0.051690381 0.000000000
JJ:/crrc/cr: 0.993724442 0.003137779 0.003137779
JJ:/crrc/rr: 0.000000000 0.999743449 0.000256551
JJ:/rc/: 0.822028168 0.177971832 0.000000000
JJ:/rc/cr: 0.998944686 0.000527657 0.000527657
JJ:/rc/rr: 0.000000000 0.999828641 0.000171359
JJ:/rrc/: 0.978348311 0.021651689 0.000000000
JJ:/rrc/cr: 0.995661560 0.002169220 0.002169220
JJ:/rrc/rr: 0.000000000 0.999927990 0.000072010
JK:/cc/: 0.094942624 0.905057376 0.000000000
JK:/cc/cr: 0.001200261 0.000009994 0.998789744
JK:/cc/rr: 0.000000000 0.000142911 0.999857089
JK:/crc/: 0.044182532 0.955817468 0.000000000
JK:/crc/cr: 0.058224919 0.000049430 0.941725651
JK:/crc/rr: 0.000000000 0.001603996 0.998396004
JK:/crrc/: 0.998281581 0.001718419 0.000000000
JK:/crrc/cr: 0.094385004 0.094385004 0.811229992
JK:/crrc/rr: 0.000000000 0.000243708 0.999756292
JK:/rc/: 0.949570825 0.050429175 0.000000000
JK:/rc/cr: 0.839733792 0.001862178 0.158404030
JK:/rc/rr: 0.000000000 0.000148343 0.999851657
JK:/rrc/: 0.446109585 0.553890415 0.000000000
JK:/rrc/cr: 0.559082763 0.000084795 0.440832442
JK:/rrc/rr: 0.000000000 0.000157923 0.999842077
JQ:/cc/: 0.156663370 0.843336630 0.000000000
JQ:/cc/cr: 0.000048679 0.000010726 0.999940595
JQ:/cc/rr: 0.000000000 0.000086608 0.999913392
JQ:/crc/: 0.566787646 0.433212354 0.000000000
JQ:/crc/cr: 0.002971733 0.000109059 0.996919208
JQ:/crc/rr: 0.000000000 0.000125036 0.999874964
JQ:/crrc/: 0.045333276 0.954666724 0.000000000
JQ:/crrc/cr: 0.048842163 0.000169895 0.950987942
JQ:/crrc/rr: 0.000000000 0.005366687 0.994633313
JQ:/rc/: 0.959455235 0.040544765 0.000000000
JQ:/rc/cr: 0.002316158 0.002316158 0.995367683
JQ:/rc/rr: 0.000000000 0.000146815 0.999853185
JQ:/rrc/: 0.171471804 0.828528196 0.000000000
JQ:/rrc/cr: 0.009147784 0.000056688 0.990795529
JQ:/rrc/rr: 0.000000000 0.000410860 0.999589140
K:/: 0.765682166 0.234317834 0.000000000
K:/cr: 0.719419289 0.280510286 0.000070424
K:/rr: 0.000000000 0.999967673 0.000032327
KJ:/cc/: 0.000306069 0.999693931 0.000000000
KJ:/cc/cr: 0.000254903 0.000042519 0.999702578
KJ:/cc/rr: 0.000000000 0.827430406 0.172569594
KJ:/crc/: 0.002019651 0.997980349 0.000000000
KJ:/crc/cr: 0.000387420 0.999570652 0.000041928
KJ:/crc/rr: 0.000000000 0.968923158 0.031076842
KJ:/crrc/: 0.116066721 0.883933279 0.000000000
KJ:/crrc/cr: 0.005031810 0.985370017 0.009598174
KJ:/crrc/rr: 0.000000000 0.742393407 0.257606593
KJ:/rc/: 0.060433910 0.939566090 0.000000000
KJ:/rc/cr: 0.019229875 0.920864589 0.059905536
KJ:/rc/rr: 0.000000000 0.702201331 0.297798669
KJ:/rrc/: 0.090085957 0.909914043 0.000000000
KJ:/rrc/cr: 0.005633647 0.992134957 0.002231396
KJ:/rrc/rr: 0.000000000 0.599516634 0.400483366
KK:/cc/: 0.943174091 0.056825909 0.000000000
KK:/cc/cr: 0.998760702 0.000619649 0.000619649
KK:/cc/rr: 0.000000000 0.999944000 0.000056000
KK:/crc/: 0.252911452 0.747088548 0.000000000
KK:/crc/cr: 0.999887984 0.000056008 0.000056008
KK:/crc/rr: 0.000000000 0.999751833 0.000248167
KK:/crrc/: 0.927033556 0.072966444 0.000000000
KK:/crrc/cr: 0.999552806 0.000223597 0.000223597
KK:/crrc/rr: 0.000000000 0.999973601 0.000026399
KK:/rc/: 0.895784938 0.104215062 0.000000000
KK:/rc/cr: 0.999774120 0.000122480 0.000103399
KK:/rc/rr: 0.000000000 0.999981956 0.000018044
KK:/rrc/: 0.516989015 0.483010985 0.000000000
KK:/rrc/cr: 0.999977690 0.000011155 0.000011155
KK:/rrc/rr: 0.000000000 0.999984367 0.000015633
KQ:/cc/: 0.001516750 0.998483250 0.000000000
KQ:/cc/cr: 0.000255212 0.438156546 0.561588241
KQ:/cc/rr: 0.000000000 0.965176751 0.034823249
KQ:/crc/: 0.736197266 0.263802734 0.000000000
KQ:/crc/cr: 0.001465631 0.803724079 0.194810290
KQ:/crc/rr: 0.000000000 0.000085255 0.999914745
KQ:/crrc/: 0.044074381 0.955925619 0.000000000
KQ:/crrc/cr: 0.076918365 0.621800545 0.301281090
KQ:/crrc/rr: 0.000000000 0.361260494 0.638739506
KQ:/rc/: 0.001408035 0.998591965 0.000000000
KQ:/rc/cr: 0.000227389 0.514149455 0.485623156
KQ:/rc/rr: 0.000000000 0.125525681 0.874474319
KQ:/rrc/: 0.643483748 0.356516252 0.000000000
KQ:/rrc/cr: 0.045443268 0.771059684 0.183497048
KQ:/rrc/rr: 0.000000000 0.382850138 0.617149862
Q:/: 0.753412756 0.246587244 0.000000000
Q:/cr: 0.184381938 0.813849428 0.001768634
Q:/rr: 0.000000000 0.999967146 0.000032854
QJ:/cc/: 0.000100380 0.999899620 0.000000000
QJ:/cc/cr: 0.000151872 0.000033463 0.999814664
QJ:/cc/rr: 0.000000000 0.500000000 0.500000000
QJ:/crc/: 0.048418575 0.951581425 0.000000000
QJ:/crc/cr: 0.006876621 0.000014402 0.993108978
QJ:/crc/rr: 0.000000000 0.000424562 0.999575438
QJ:/crrc/: 0.002470085 0.997529915 0.000000000
QJ:/crrc/cr: 0.001694316 0.000060640 0.998245043
QJ:/crrc/rr: 0.000000000 0.036733851 0.963266149
QJ:/rc/: 0.009353457 0.990646543 0.000000000
QJ:/rc/cr: 0.000014816 0.000011055 0.999974130
QJ:/rc/rr: 0.000000000 0.001756239 0.998243761
QJ:/rrc/: 0.000016427 0.999983573 0.000000000
QJ:/rrc/cr: 0.000029648 0.000005476 0.999964876
QJ:/rrc/rr: 0.000000000 0.500000000 0.500000000
QK:/cc/: 0.223239441 0.776760559 0.000000000
QK:/cc/cr: 0.380288349 0.619608781 0.000102870
QK:/cc/rr: 0.000000000 0.999775174 0.000224826
QK:/crc/: 0.006267625 0.993732375 0.000000000
QK:/crc/cr: 0.000013791 0.581741137 0.418245072
QK:/crc/rr: 0.000000000 0.003279818 0.996720182
QK:/crrc/: 0.712685078 0.287314922 0.000000000
QK:/crrc/cr: 0.000256122 0.612992027 0.386751851
QK:/crrc/rr: 0.000000000 0.004676480 0.995323520
QK:/rc/: 0.487500939 0.512499061 0.000000000
QK:/rc/cr: 0.044105605 0.525977002 0.429917393
QK:/rc/rr: 0.000000000 0.201321856 0.798678144
QK:/rrc/: 0.131111941 0.868888059 0.000000000
QK:/rrc/cr: 0.000006302 0.310629219 0.689364479
QK:/rrc/rr: 0.000000000 0.003734842 0.996265158
QQ:/cc/: 0.448521295 0.551478705 0.000000000
QQ:/cc/cr: 0.999878653 0.000060673 0.000060673
QQ:/cc/rr: 0.000000000 0.999888099 0.000111901
QQ:/crc/: 0.981716932 0.018283068 0.000000000
QQ:/crc/cr: 0.998500859 0.000749570 0.000749570
QQ:/crc/rr: 0.000000000 0.999979060 0.000020940
QQ:/crrc/: 0.319642390 0.680357610 0.000000000
QQ:/crrc/cr: 0.999822180 0.000088910 0.000088910
QQ:/crrc/rr: 0.000000000 0.999716134 0.000283866
QQ:/rc/: 0.583909413 0.416090587 0.000000000
QQ:/rc/cr: 0.999947361 0.000026319 0.000026319
QQ:/rc/rr: 0.000000000 0.999971867 0.000028133
QQ:/rrc/: 0.954720933 0.045279067 0.000000000
QQ:/rrc/cr: 0.999758130 0.000120935 0.000120935
QQ:/rrc/rr: 0.000000000 0.999991397 0.000008603
