J:/c: 0.275654660 0.724345340 0.000000000
J:/crr: 0.000000000 0.999890889 0.000109111
J:/r: 0.054153562 0.138312505 0.807533933
JJ:/cc/c: 0.999965828 0.000034172 0.000000000
JJ:/cc/crr: 0.000000000 0.999982913 0.000017087
JJ:/cc/r: 0.999915165 0.000062054 0.000022781
JJ:/crc/c: 0.999910205 0.000089795 0.000000000
JJ:/crc/crr: 0.000000000 0.999955098 0.000044902
JJ:/crc/r: 0.999846009 0.000094127 0.000059863
JJ:/crrc/c: 0.999955097 0.000044903 0.000000000
JJ:/crrc/crr: 0.000000000 0.999977548 0.000022452
JJ:/crrc/r: 0.999940130 0.000029935 0.000029935
JJ:/rc/c: 0.999880693 0.000119307 0.000000000
JJ:/rc/crr: 0.000000000 0.999940339 0.000059661
JJ:/rc/r: 0.999754286 0.000166176 0.000079538
JJ:/rrc/c: 0.999695280 0.000304720 0.000000000
JJ:/rrc/crr: 0.000000000 0.999847594 0.000152406
JJ:/rrc/r: 0.998491988 0.001304865 0.000203146
JK:/cc/c: 0.012001238 0.987998762 0.000000000
JK:/cc/crr: 0.000000000 0.001423695 0.998576305
JK:/cc/r: 0.000056954 0.000022781 0.999920265
JK:/crc/c: 0.609899748 0.390100252 0.000000000
JK:/crc/crr: 0.000000000 0.000073615 0.999926385
JK:/crc/r: 0.043792707 0.000059863 0.956147429
JK:/crrc/c: 0.428937173 0.571062827 0.000000000
JK:/crrc/crr: 0.000000000 0.000052342 0.999947658
JK:/crrc/r: 0.187340616 0.000031928 0.812627456
JK:/rc/c: 0.359579643 0.640420357 0.000000000
JK:/rc/crr: 0.000000000 0.000165898 0.999834102
JK:/rc/r: 0.338737092 0.000079538 0.661183370
JK:/rrc/c: 0.995847282 0.004152718 0.000000000
JK:/rrc/crr: 0.000000000 0.000152995 0.999847005
JK:/rrc/r: 0.328795446 0.000440086 0.670764467
JQ:/cc/c: 0.071729367 0.928270633 0.000000000
JQ:/cc/crr: 0.000000000 0.000238202 0.999761798
JQ:/cc/r: 0.036829849 0.000022781 0.963147370
JQ:/crc/c: 0.748721330 0.251278670 0.000000000
JQ:/crc/crr: 0.000000000 0.000059966 0.999940034
JQ:/crc/r: 0.000059863 0.000059863 0.999880273
JQ:/crrc/c: 0.071532659 0.928467341 0.000000000
JQ:/crrc/crr: 0.000000000 0.000313860 0.999686140
JQ:/crrc/r: 0.293550215 0.000124446 0.706325339
JQ:/rc/c: 0.989001205 0.010998795 0.000000000
JQ:/rc/crr: 0.000000000 0.000060317 0.999939683
JQ:/rc/r: 0.000083771 0.000079538 0.999836691
JQ:/rrc/c: 0.031985507 0.968014493 0.000000000
JQ:/rrc/crr: 0.000000000 0.004763401 0.995236599
JQ:/rrc/r: 0.378984329 0.000444141 0.620571530
K:/c: 0.999777128 0.000222872 0.000000000
K:/crr: 0.000000000 0.999975242 0.000024758
K:/r: 0.549947822 0.450019174 0.000033003
KJ:/cc/c: 0.349266594 0.650733406 0.000000000
KJ:/cc/crr: 0.000000000 0.841007698 0.158992302
KJ:/cc/r: 0.378866976 0.151101335 0.470031689
KJ:/crc/c: 0.171748630 0.828251370 0.000000000
KJ:/crc/crr: 0.000000000 0.999927924 0.000072076
KJ:/crc/r: 0.000465181 0.785737414 0.213797406
KJ:/crrc/c: 0.322046020 0.677953980 0.000000000
KJ:/crrc/crr: 0.000000000 0.893347927 0.106652073
KJ:/crrc/r: 0.084102973 0.740176566 0.175720461
KJ:/rc/c: 0.425432632 0.574567368 0.000000000
KJ:/rc/crr: 0.000000000 0.780301937 0.219698063
KJ:/rc/r: 0.021376580 0.766494691 0.212128729
KJ:/rrc/c: 0.131420632 0.868579368 0.000000000
KJ:/rrc/crr: 0.000000000 0.964687600 0.035312400
KJ:/rrc/r: 0.036337413 0.913310577 0.050352011
KK:/cc/c: 0.888938600 0.111061400 0.000000000
KK:/cc/crr: 0.000000000 0.937531456 0.062468544
KK:/cc/r: 0.724280406 0.201678661 0.074040933
KK:/crc/c: 0.999975242 0.000024758 0.000000000
KK:/crc/crr: 0.000000000 0.999987621 0.000012379
KK:/crc/r: 0.634419053 0.365564442 0.000016505
KK:/crrc/c: 0.999987621 0.000012379 0.000000000
KK:/crrc/crr: 0.000000000 0.999993810 0.000006190
KK:/crrc/r: 0.999983494 0.000008253 0.000008253
KK:/rc/c: 0.999963331 0.000036669 0.000000000
KK:/rc/crr: 0.000000000 0.999981665 0.000018335
KK:/rc/r: 0.999913141 0.000062413 0.000024446
KK:/rrc/c: 0.999969994 0.000030006 0.000000000
KK:/rrc/crr: 0.000000000 0.999984997 0.000015003
KK:/rrc/r: 0.999879872 0.000100124 0.000020004
KQ:/cc/c: 0.349266594 0.650733406 0.000000000
KQ:/cc/crr: 0.000000000 0.841007698 0.158992302
KQ:/cc/r: 0.378866976 0.469046763 0.152086261
KQ:/crc/c: 0.028819211 0.971180789 0.000000000
KQ:/crc/crr: 0.000000000 0.112679985 0.887320015
KQ:/crc/r: 0.000592471 0.458623660 0.540783868
KQ:/crrc/c: 0.581600373 0.418399627 0.000000000
KQ:/crrc/crr: 0.000000000 0.385858252 0.614141748
KQ:/crrc/r: 0.000008253 0.653596909 0.346394838
KQ:/rc/c: 0.006294347 0.993705653 0.000000000
KQ:/rc/crr: 0.000000000 0.026579224 0.973420776
KQ:/rc/r: 0.000329682 0.311304725 0.688365594
KQ:/rrc/c: 0.464308135 0.535691865 0.000000000
KQ:/rrc/crr: 0.000000000 0.547042720 0.452957280
KQ:/rrc/r: 0.069362845 0.575751844 0.354885311
Q:/c: 0.841847187 0.158152813 0.000000000
Q:/crr: 0.000000000 0.999970597 0.000029403
Q:/r: 0.315655600 0.683364670 0.000979730
QJ:/cc/c: 0.004535671 0.995464329 0.000000000
QJ:/cc/crr: 0.000000000 0.017253221 0.982746779
QJ:/cc/r: 0.000260850 0.000104340 0.999634810
QJ:/crc/c: 0.396942549 0.603057451 0.000000000
QJ:/crc/crr: 0.000000000 0.080374065 0.919625935
QJ:/crc/r: 0.000606719 0.000019602 0.999373679
QJ:/crrc/c: 0.000447048 0.999552952 0.000000000
QJ:/crrc/crr: 0.000000000 0.016443111 0.983556889
QJ:/crrc/r: 0.008184974 0.000009801 0.991805225
QJ:/rc/c: 0.000378924 0.999621076 0.000000000
QJ:/rc/crr: 0.000000000 0.031863421 0.968136579
QJ:/rc/r: 0.016855275 0.000016274 0.983128451
QJ:/rrc/c: 0.002749922 0.997250078 0.000000000
QJ:/rrc/crr: 0.000000000 0.009505249 0.990494751
QJ:/rrc/r: 0.000529019 0.000072356 0.999398624
QK:/cc/c: 0.068211447 0.931788553 0.000000000
QK:/cc/crr: 0.000000000 0.998852760 0.001147240
QK:/cc/r: 0.000550195 0.728941847 0.270507958
QK:/crc/c: 0.261353644 0.738646356 0.000000000
QK:/crc/crr: 0.000000000 0.168880367 0.831119633
QK:/crc/r: 0.001450657 0.456887277 0.541662066
QK:/crrc/c: 0.124413796 0.875586204 0.000000000
QK:/crrc/crr: 0.000000000 0.029924138 0.970075862
QK:/crrc/r: 0.000183171 0.285906839 0.713909990
QK:/rc/c: 0.376354401 0.623645599 0.000000000
QK:/rc/crr: 0.000000000 0.073529217 0.926470783
QK:/rc/r: 0.000048572 0.347548707 0.652402720
QK:/rrc/c: 0.436026056 0.563973944 0.000000000
QK:/rrc/crr: 0.000000000 0.003976725 0.996023275
QK:/rrc/r: 0.000503937 0.497468834 0.502027229
QQ:/cc/c: 0.999843490 0.000156510 0.000000000
QQ:/cc/crr: 0.000000000 0.999921733 0.000078267
QQ:/cc/r: 0.999611451 0.000284209 0.000104340
QQ:/crc/c: 0.999970597 0.000029403 0.000000000
QQ:/crc/crr: 0.000000000 0.999985298 0.000014702
QQ:/crc/r: 0.637863336 0.362117062 0.000019602
QQ:/crrc/c: 0.999985298 0.000014702 0.000000000
QQ:/crrc/crr: 0.000000000 0.999992649 0.000007351
QQ:/crrc/r: 0.999980398 0.000009801 0.000009801
QQ:/rc/c: 0.999975852 0.000024148 0.000000000
QQ:/rc/crr: 0.000000000 0.999987926 0.000012074
QQ:/rc/r: 0.999939533 0.000044369 0.000016098
QQ:/rrc/c: 0.999947723 0.000052277 0.000000000
QQ:/rrc/crr: 0.000000000 0.999973860 0.000026140
QQ:/rrc/r: 0.999741287 0.000223861 0.000034852
