J:/: 0.092509157 0.907490843 0.000000000
J:/cr: 0.018080996 0.036440452 0.945478552
J:/rr: 0.000000000 0.999732432 0.000267568
JJ:/cc/: 0.001476969 0.998523031 0.000000000
JJ:/cc/cr: 0.999981789 0.000009105 0.000009105
JJ:/cc/rr: 0.000000000 0.990766316 0.009233684
JJ:/crc/: 0.910423615 0.089576385 0.000000000
JJ:/crc/cr: 0.998143108 0.000928446 0.000928446
JJ:/crc/rr: 0.000000000 0.999862976 0.000137024
JJ:/crrc/: 0.994657179 0.005342821 0.000000000
JJ:/crrc/cr: 0.937256188 0.031371906 0.031371906
JJ:/crrc/rr: 0.000000000 0.999747228 0.000252772
JJ:/rc/: 0.615180341 0.384819659 0.000000000
JJ:/rc/cr: 0.999536462 0.000231769 0.000231769
JJ:/rc/rr: 0.000000000 0.999782529 0.000217471
JJ:/rrc/: 0.990700241 0.009299759 0.000000000
JJ:/rrc/cr: 0.990406939 0.004796530 0.004796530
JJ:/rrc/rr: 0.000000000 0.999932462 0.000067538
JK:/cc/: 0.080657259 0.919342741 0.000000000
JK:/cc/cr: 0.000548778 0.000009890 0.999441333
JK:/cc/rr: 0.000000000 0.000169084 0.999830916
JK:/crc/: 0.142742484 0.857257516 0.000000000
JK:/crc/cr: 0.145035228 0.000097015 0.854867757
JK:/crc/rr: 0.000000000 0.000873953 0.999126047
JK:/crrc/: 0.998376129 0.001623871 0.000000000
JK:/crrc/cr: 0.103219081 0.103219081 0.793561838
JK:/crrc/rr: 0.000000000 0.000251831 0.999748169
JK:/rc/: 0.945131879 0.054868121 0.000000000
JK:/rc/cr: 0.775406770 0.001625521 0.222967709
JK:/rc/rr: 0.000000000 0.000141551 0.999858449
JK:/rrc/: 0.482764908 0.517235092 0.000000000
JK:/rrc/cr: 0.677664528 0.000086240 0.322249231
JK:/rrc/rr: 0.000000000 0.000138597 0.999861403
JQ:/cc/: 0.169837304 0.830162696 0.000000000
JQ:/cc/cr: 0.000046425 0.000010952 0.999942623
JQ:/cc/rr: 0.000000000 0.000080300 0.999919700
JQ:/crc/: 0.934926098 0.065073902 0.000000000
JQ:/crc/cr: 0.045270796 0.001278037 0.953451168
JQ:/crc/rr: 0.000000000 0.000133433 0.999866567
JQ:/crrc/: 0.050687685 0.949312315 0.000000000
JQ:/crrc/cr: 0.128283015 0.000176564 0.871540420
JQ:/crrc/rr: 0.000000000 0.004960213 0.995039787
JQ:/rc/: 0.939255840 0.060744160 0.000000000
JQ:/rc/cr: 0.001468277 0.001468277 0.997063445
JQ:/rc/rr: 0.000000000 0.000142436 0.999857564
JQ:/rrc/: 0.089549630 0.910450370 0.000000000
JQ:/rrc/cr: 0.003162616 0.000048994 0.996788390
JQ:/rrc/rr: 0.000000000 0.000747182 0.999252818
K:/: 0.768973083 0.231026917 0.000000000
K:/cr: 0.699547424 0.300381148 0.000071427
K:/rr: 0.000000000 0.999967811 0.000032189
KJ:/cc/: 0.000307715 0.999692285 0.000000000
KJ:/cc/cr: 0.000259156 0.000044289 0.999696555
KJ:/cc/rr: 0.000000000 0.825908495 0.174091505
KJ:/crc/: 0.002758375 0.997241625 0.000000000
KJ:/crc/cr: 0.002511413 0.997448845 0.000039741
KJ:/crc/rr: 0.000000000 0.978448436 0.021551564
KJ:/crrc/: 0.074318388 0.925681612 0.000000000
KJ:/crrc/cr: 0.000041942 0.999632989 0.000325069
KJ:/crrc/rr: 0.000000000 0.710991971 0.289008029
KJ:/rc/: 0.078583553 0.921416447 0.000000000
KJ:/rc/cr: 0.023163733 0.857583467 0.119252801
KJ:/rc/rr: 0.000000000 0.566016077 0.433983923
KJ:/rrc/: 0.111391729 0.888608271 0.000000000
KJ:/rrc/cr: 0.003857504 0.994959383 0.001183113
KJ:/rrc/rr: 0.000000000 0.586822435 0.413177565
KK:/cc/: 0.992239140 0.007760860 0.000000000
KK:/cc/cr: 0.990796459 0.004601770 0.004601770
KK:/cc/rr: 0.000000000 0.999946010 0.000053990
KK:/crc/: 0.359695412 0.640304588 0.000000000
KK:/crc/cr: 0.999876210 0.000061895 0.000061895
KK:/crc/rr: 0.000000000 0.999834729 0.000165271
KK:/crrc/: 0.976392145 0.023607855 0.000000000
KK:/crrc/cr: 0.998558317 0.000720842 0.000720842
KK:/crrc/rr: 0.000000000 0.999973857 0.000026143
KK:/rc/: 0.894639995 0.105360005 0.000000000
KK:/rc/cr: 0.999755854 0.000142308 0.000101838
KK:/rc/rr: 0.000000000 0.999982010 0.000017990
KK:/rrc/: 0.555681455 0.444318545 0.000000000
KK:/rrc/cr: 0.999975851 0.000012075 0.000012075
KK:/rrc/rr: 0.000000000 0.999985518 0.000014482
KQ:/cc/: 0.007289281 0.992710719 0.000000000
KQ:/cc/cr: 0.000385982 0.425277147 0.574336871
KQ:/cc/rr: 0.000000000 0.992650778 0.007349222
KQ:/crc/: 0.822045187 0.177954813 0.000000000
KQ:/crc/cr: 0.001974286 0.535769249 0.462256465
KQ:/crc/rr: 0.000000000 0.000072316 0.999927684
KQ:/crrc/: 0.043320102 0.956679898 0.000000000
KQ:/crrc/cr: 0.027964080 0.691193094 0.280842827
KQ:/crrc/rr: 0.000000000 0.466967405 0.533032595
KQ:/rc/: 0.001639102 0.998360898 0.000000000
KQ:/rc/cr: 0.000239251 0.493453601 0.506307148
KQ:/rc/rr: 0.000000000 0.089127406 0.910872594
KQ:/rrc/: 0.676581014 0.323418986 0.000000000
KQ:/rrc/cr: 0.058392465 0.773513296 0.168094239
KQ:/rrc/rr: 0.000000000 0.387930867 0.612069133
Q:/: 0.747831114 0.252168886 0.000000000
Q:/cr: 0.189420449 0.803731135 0.006848416
Q:/rr: 0.000000000 0.999966901 0.000033099
QJ:/cc/: 0.000098158 0.999901842 0.000000000
QJ:/cc/cr: 0.000138709 0.000032723 0.999828568
QJ:/cc/rr: 0.000000000 0.500000000 0.500000000
QJ:/crc/: 0.052724040 0.947275960 0.000000000
QJ:/crc/cr: 0.008213894 0.000014325 0.991771781
QJ:/crc/rr: 0.000000000 0.000386061 0.999613939
QJ:/crrc/: 0.002379058 0.997620942 0.000000000
QJ:/crrc/cr: 0.000557954 0.000057715 0.999384330
QJ:/crrc/rr: 0.000000000 0.036303122 0.963696878
QJ:/rc/: 0.022749234 0.977250766 0.000000000
QJ:/rc/cr: 0.000242045 0.000011290 0.999746665
QJ:/rc/rr: 0.000000000 0.000727475 0.999272525
QJ:/rrc/: 0.000016550 0.999983450 0.000000000
QJ:/rrc/cr: 0.000021022 0.000005517 0.999973461
QJ:/rrc/rr: 0.000000000 0.500000000 0.500000000
QK:/cc/: 0.498246753 0.501753247 0.000000000
QK:/cc/cr: 0.367872552 0.632029905 0.000097542
QK:/cc/rr: 0.000000000 0.999901496 0.000098504
QK:/crc/: 0.009323192 0.990676808 0.000000000
QK:/crc/cr: 0.000013698 0.569723580 0.430262723
QK:/crc/rr: 0.000000000 0.002183235 0.997816765
QK:/crrc/: 0.736455897 0.263544103 0.000000000
QK:/crrc/cr: 0.000288892 0.790683404 0.209027704
QK:/crrc/rr: 0.000000000 0.006395702 0.993604298
QK:/rc/: 0.456129239 0.543870761 0.000000000
QK:/rc/cr: 0.049449810 0.523822569 0.426727621
QK:/rc/rr: 0.000000000 0.179270454 0.820729546
QK:/rrc/: 0.133936634 0.866063366 0.000000000
QK:/rrc/cr: 0.000006370 0.315115438 0.684878192
QK:/rrc/rr: 0.000000000 0.003527039 0.996472961
QQ:/cc/: 0.455269873 0.544730127 0.000000000
QQ:/cc/cr: 0.999879869 0.000060065 0.000060065
QQ:/cc/rr: 0.000000000 0.999892198 0.000107802
QQ:/crc/: 0.983995602 0.016004398 0.000000000
QQ:/crc/cr: 0.998304240 0.000847880 0.000847880
QQ:/crc/rr: 0.000000000 0.999979314 0.000020686
QQ:/crrc/: 0.281450716 0.718549284 0.000000000
QQ:/crrc/cr: 0.999839738 0.000080131 0.000080131
QQ:/crrc/rr: 0.000000000 0.999693135 0.000306865
QQ:/rc/: 0.583406325 0.416593675 0.000000000
QQ:/rc/cr: 0.999947032 0.000026484 0.000026484
QQ:/rc/rr: 0.000000000 0.999971633 0.000028367
QQ:/rrc/: 0.954419136 0.045580864 0.000000000
QQ:/rrc/cr: 0.999757939 0.000121031 0.000121031
QQ:/rrc/rr: 0.000000000 0.999991330 0.000008670
