J:/c: 0.281325400 0.718674600 0.000000000
J:/crr: 0.000000000 0.999912015 0.000087985
J:/r: 0.049952609 0.139349846 0.810697545
JJ:/cc/c: 0.999965558 0.000034442 0.000000000
JJ:/cc/crr: 0.000000000 0.999982778 0.000017222
JJ:/cc/r: 0.999914254 0.000062785 0.000022961
JJ:/crc/c: 0.999912015 0.000087985 0.000000000
JJ:/crc/crr: 0.000000000 0.999956004 0.000043996
JJ:/crc/r: 0.999533669 0.000407674 0.000058657
JJ:/crrc/c: 0.999956004 0.000043996 0.000000000
JJ:/crrc/crr: 0.000000000 0.999978001 0.000021999
JJ:/crrc/r: 0.999941338 0.000029331 0.000029331
JJ:/rc/c: 0.999881581 0.000118419 0.000000000
JJ:/rc/crr: 0.000000000 0.999940784 0.000059216
JJ:/rc/r: 0.999736713 0.000184341 0.000078946
JJ:/rrc/c: 0.999669654 0.000330346 0.000000000
JJ:/rrc/crr: 0.000000000 0.999834772 0.000165228
JJ:/rrc/r: 0.998359674 0.001420095 0.000220231
JK:/cc/c: 0.009610425 0.990389575 0.000000000
JK:/cc/crr: 0.000000000 0.001791900 0.998208100
JK:/cc/r: 0.000055000 0.000022961 0.999922039
JK:/crc/c: 0.504906664 0.495093336 0.000000000
JK:/crc/crr: 0.000000000 0.000087130 0.999912870
JK:/crc/r: 0.041023671 0.000058657 0.958917673
JK:/crrc/c: 0.345880421 0.654119579 0.000000000
JK:/crrc/crr: 0.000000000 0.000063601 0.999936399
JK:/crrc/r: 0.131379834 0.000095419 0.868524746
JK:/rc/c: 0.421590384 0.578409616 0.000000000
JK:/rc/crr: 0.000000000 0.000140443 0.999859557
JK:/rc/r: 0.316479090 0.000078946 0.683441964
JK:/rrc/c: 0.995537127 0.004462873 0.000000000
JK:/rrc/crr: 0.000000000 0.000165914 0.999834086
JK:/rrc/r: 0.167790418 0.000481408 0.831728174
JQ:/cc/c: 0.079036064 0.920963936 0.000000000
JQ:/cc/crr: 0.000000000 0.000217887 0.999782113
JQ:/cc/r: 0.029295300 0.000022961 0.970681739
JQ:/crc/c: 0.565140509 0.434859491 0.000000000
JQ:/crc/crr: 0.000000000 0.000077844 0.999922156
JQ:/crc/r: 0.000068596 0.000058657 0.999872747
JQ:/crrc/c: 0.066314969 0.933685031 0.000000000
JQ:/crrc/crr: 0.000000000 0.000331724 0.999668276
JQ:/crrc/r: 0.238564732 0.000064660 0.761370608
JQ:/rc/c: 0.988481948 0.011518052 0.000000000
JQ:/rc/crr: 0.000000000 0.000059899 0.999940101
JQ:/rc/r: 0.000078946 0.000078946 0.999842108
JQ:/rrc/c: 0.292807409 0.707192591 0.000000000
JQ:/rrc/crr: 0.000000000 0.000564101 0.999435899
JQ:/rrc/r: 0.482475041 0.000483689 0.517041270
K:/c: 0.999847436 0.000152564 0.000000000
K:/crr: 0.000000000 0.999975244 0.000024756
K:/r: 0.501348098 0.498618899 0.000033003
KJ:/cc/c: 0.508801109 0.491198891 0.000000000
KJ:/cc/crr: 0.000000000 0.840563060 0.159436940
KJ:/cc/r: 0.546855742 0.220709325 0.232434933
KJ:/crc/c: 0.080584490 0.919415510 0.000000000
KJ:/crc/crr: 0.000000000 0.999846396 0.000153604
KJ:/crc/r: 0.000201944 0.771561178 0.228236878
KJ:/crrc/c: 0.400515734 0.599484266 0.000000000
KJ:/crrc/crr: 0.000000000 0.959239453 0.040760547
KJ:/crrc/r: 0.045992514 0.827203353 0.126804133
KJ:/rc/c: 0.369962748 0.630037252 0.000000000
KJ:/rc/crr: 0.000000000 0.897195849 0.102804151
KJ:/rc/r: 0.049448892 0.702319329 0.248231779
KJ:/rrc/c: 0.118772025 0.881227975 0.000000000
KJ:/rrc/crr: 0.000000000 0.627053374 0.372946626
KJ:/rrc/r: 0.050847709 0.884762793 0.064389498
KK:/cc/c: 0.837756616 0.162243384 0.000000000
KK:/cc/crr: 0.000000000 0.903167948 0.096832052
KK:/cc/r: 0.596081576 0.295756168 0.108162256
KK:/crc/c: 0.999975244 0.000024756 0.000000000
KK:/crc/crr: 0.000000000 0.999987622 0.000012378
KK:/crc/r: 0.632338136 0.367645360 0.000016504
KK:/crrc/c: 0.999987622 0.000012378 0.000000000
KK:/crrc/crr: 0.000000000 0.999993811 0.000006189
KK:/crrc/r: 0.999983495 0.000008252 0.000008252
KK:/rc/c: 0.999966905 0.000033095 0.000000000
KK:/rc/crr: 0.000000000 0.999983452 0.000016548
KK:/rc/r: 0.999922650 0.000055287 0.000022063
KK:/rrc/c: 0.999967085 0.000032915 0.000000000
KK:/rrc/crr: 0.000000000 0.999983542 0.000016458
KK:/rrc/r: 0.999867667 0.000110390 0.000021943
KQ:/cc/c: 0.508801109 0.491198891 0.000000000
KQ:/cc/crr: 0.000000000 0.840563060 0.159436940
KQ:/cc/r: 0.546855742 0.222886032 0.230258226
KQ:/crc/c: 0.049312260 0.950687740 0.000000000
KQ:/crc/crr: 0.000000000 0.063596896 0.936403104
KQ:/crc/r: 0.000524761 0.477538574 0.521936666
KQ:/crrc/c: 0.567069018 0.432930982 0.000000000
KQ:/crrc/crr: 0.000000000 0.395970167 0.604029833
KQ:/crrc/r: 0.020845824 0.630892532 0.348261644
KQ:/rc/c: 0.082212666 0.917787334 0.000000000
KQ:/rc/crr: 0.000000000 0.000428569 0.999571431
KQ:/rc/r: 0.000119412 0.337208769 0.662671819
KQ:/rrc/c: 0.342224628 0.657775372 0.000000000
KQ:/rrc/crr: 0.000000000 0.491553509 0.508446491
KQ:/rrc/r: 0.015758307 0.641381626 0.342860067
Q:/c: 0.826004496 0.173995504 0.000000000
Q:/crr: 0.000000000 0.999970033 0.000029967
Q:/r: 0.283504851 0.714224814 0.002270334
QJ:/cc/c: 0.003540814 0.996459186 0.000000000
QJ:/cc/crr: 0.000000000 0.020088501 0.979911499
QJ:/cc/r: 0.000227174 0.000094840 0.999677987
QJ:/crc/c: 0.324668651 0.675331349 0.000000000
QJ:/crc/crr: 0.000000000 0.039167448 0.960832552
QJ:/crc/r: 0.000758498 0.000019978 0.999221525
QJ:/crrc/c: 0.000402083 0.999597917 0.000000000
QJ:/crrc/crr: 0.000000000 0.018632589 0.981367411
QJ:/crrc/r: 0.016352637 0.000009989 0.983637374
QJ:/rc/c: 0.000410224 0.999589776 0.000000000
QJ:/rc/crr: 0.000000000 0.028160542 0.971839458
QJ:/rc/r: 0.013699414 0.000018052 0.986282533
QJ:/rrc/c: 0.001378356 0.998621644 0.000000000
QJ:/rrc/crr: 0.000000000 0.021114234 0.978885766
QJ:/rrc/r: 0.000587893 0.000081124 0.999330983
QK:/cc/c: 0.113367525 0.886632475 0.000000000
QK:/cc/crr: 0.000000000 0.999372575 0.000627425
QK:/cc/r: 0.000642509 0.728823202 0.270534289
QK:/crc/c: 0.453689073 0.546310927 0.000000000
QK:/crc/crr: 0.000000000 0.081048735 0.918951265
QK:/crc/r: 0.011493218 0.409177244 0.579329537
QK:/crrc/c: 0.141930299 0.858069701 0.000000000
QK:/crrc/crr: 0.000000000 0.010654802 0.989345198
QK:/crrc/r: 0.000171159 0.299950820 0.699878020
QK:/rc/c: 0.359651981 0.640348019 0.000000000
QK:/rc/crr: 0.000000000 0.015647713 0.984352287
QK:/rc/r: 0.000057552 0.349769570 0.650172878
QK:/rrc/c: 0.410327975 0.589672025 0.000000000
QK:/rrc/crr: 0.000000000 0.004387329 0.995612671
QK:/rrc/r: 0.000556814 0.533468732 0.465974455
QQ:/cc/c: 0.999857741 0.000142259 0.000000000
QQ:/cc/crr: 0.000000000 0.999928860 0.000071140
QQ:/cc/r: 0.999645834 0.000259327 0.000094840
QQ:/crc/c: 0.999970033 0.000029967 0.000000000
QQ:/crc/crr: 0.000000000 0.999985016 0.000014984
QQ:/crc/r: 0.632335020 0.367645002 0.000019978
QQ:/crrc/c: 0.999985016 0.000014984 0.000000000
QQ:/crrc/crr: 0.000000000 0.999992508 0.000007492
QQ:/crrc/r: 0.999980022 0.000009989 0.000009989
QQ:/rc/c: 0.999976896 0.000023104 0.000000000
QQ:/rc/crr: 0.000000000 0.999988448 0.000011552
QQ:/rc/r: 0.999944276 0.000040321 0.000015403
QQ:/rrc/c: 0.999941794 0.000058206 0.000000000
QQ:/rrc/crr: 0.000000000 0.999970895 0.000029105
QQ:/rrc/r: 0.999710980 0.000250216 0.000038804
