J:/: 0.088035905 0.911964095 0.000000000
J:/cr: 0.016611858 0.048388974 0.934999168
J:/rr: 0.000000000 0.999718837 0.000281163
JJ:/cc/: 0.001352578 0.998647422 0.000000000
JJ:/cc/cr: 0.999981881 0.000009060 0.000009060
JJ:/cc/rr: 0.000000000 0.989966591 0.010033409
JJ:/crc/: 0.851346222 0.148653778 0.000000000
JJ:/crc/cr: 0.999161494 0.000419253 0.000419253
JJ:/crc/rr: 0.000000000 0.999890191 0.000109809
JJ:/crrc/: 0.891121654 0.108878346 0.000000000
JJ:/crrc/cr: 0.996665209 0.001667396 0.001667396
JJ:/crrc/rr: 0.000000000 0.999694413 0.000305587
JJ:/rc/: 0.774262725 0.225737275 0.000000000
JJ:/rc/cr: 0.999169644 0.000415178 0.000415178
JJ:/rc/rr: 0.000000000 0.999818432 0.000181568
JJ:/rrc/: 0.989138653 0.010861347 0.000000000
JJ:/rrc/cr: 0.991368704 0.004315648 0.004315648
JJ:/rrc/rr: 0.000000000 0.999928917 0.000071083
JK:/cc/: 0.076969710 0.923030290 0.000000000
JK:/cc/cr: 0.001879024 0.000009802 0.998111175
JK:/cc/rr: 0.000000000 0.000176316 0.999823684
JK:/crc/: 0.059258106 0.940741894 0.000000000
JK:/crc/cr: 0.079852271 0.000066249 0.920081480
JK:/crc/rr: 0.000000000 0.001577595 0.998422405
JK:/crrc/: 0.998098080 0.001901920 0.000000000
JK:/crrc/cr: 0.095452632 0.095452632 0.809094737
JK:/crrc/rr: 0.000000000 0.000272834 0.999727166
JK:/rc/: 0.948626766 0.051373234 0.000000000
JK:/rc/cr: 0.771176161 0.001824318 0.226999520
JK:/rc/rr: 0.000000000 0.000148195 0.999851805
JK:/rrc/: 0.482724562 0.517275438 0.000000000
JK:/rrc/cr: 0.607145874 0.000090617 0.392763510
JK:/rrc/rr: 0.000000000 0.000145654 0.999854346
JQ:/cc/: 0.196434904 0.803565096 0.000000000
JQ:/cc/cr: 0.000050690 0.000011259 0.999938052
JQ:/cc/rr: 0.000000000 0.000069086 0.999930914
JQ:/crc/: 0.701181417 0.298818583 0.000000000
JQ:/crc/cr: 0.022430064 0.000208566 0.977361370
JQ:/crc/rr: 0.000000000 0.000133325 0.999866675
JQ:/crrc/: 0.081010411 0.918989589 0.000000000
JQ:/crrc/cr: 0.011690881 0.000197547 0.988111572
JQ:/crrc/rr: 0.000000000 0.003361480 0.996638520
JQ:/rc/: 0.966542276 0.033457724 0.000000000
JQ:/rc/cr: 0.002801181 0.002801181 0.994397638
JQ:/rc/rr: 0.000000000 0.000145448 0.999854552
JQ:/rrc/: 0.117820654 0.882179346 0.000000000
JQ:/rrc/cr: 0.000926676 0.000053134 0.999020190
JQ:/rrc/rr: 0.000000000 0.000596760 0.999403240
K:/: 0.772346076 0.227653924 0.000000000
K:/cr: 0.717992555 0.281934960 0.000072486
K:/rr: 0.000000000 0.999967952 0.000032048
KJ:/cc/: 0.000314705 0.999685295 0.000000000
KJ:/cc/cr: 0.000262448 0.000043904 0.999693649
KJ:/cc/rr: 0.000000000 0.827253377 0.172746623
KJ:/crc/: 0.002202356 0.997797644 0.000000000
KJ:/crc/cr: 0.000464442 0.999492614 0.000042945
KJ:/crc/rr: 0.000000000 0.970815257 0.029184743
KJ:/crrc/: 0.092067383 0.907932617 0.000000000
KJ:/crrc/cr: 0.031343107 0.951605869 0.017051024
KJ:/crrc/rr: 0.000000000 0.553289562 0.446710438
KJ:/rc/: 0.067506728 0.932493272 0.000000000
KJ:/rc/cr: 0.015345596 0.927599051 0.057055353
KJ:/rc/rr: 0.000000000 0.578272337 0.421727663
KJ:/rrc/: 0.124191728 0.875808272 0.000000000
KJ:/rrc/cr: 0.003890719 0.995073311 0.001035970
KJ:/rrc/rr: 0.000000000 0.600564928 0.399435072
KK:/cc/: 0.967380451 0.032619549 0.000000000
KK:/cc/cr: 0.997777845 0.001111077 0.001111077
KK:/cc/rr: 0.000000000 0.999943803 0.000056197
KK:/crc/: 0.282863611 0.717136389 0.000000000
KK:/crc/cr: 0.999880497 0.000059752 0.000059752
KK:/crc/rr: 0.000000000 0.999772770 0.000227230
KK:/crrc/: 0.960069333 0.039930667 0.000000000
KK:/crrc/cr: 0.999157239 0.000421381 0.000421381
KK:/crrc/rr: 0.000000000 0.999973711 0.000026289
KK:/rc/: 0.877460281 0.122539719 0.000000000
KK:/rc/cr: 0.999808911 0.000103911 0.000087178
KK:/rc/rr: 0.000000000 0.999981738 0.000018262
KK:/rrc/: 0.527527527 0.472472473 0.000000000
KK:/rrc/cr: 0.999977389 0.000011306 0.000011306
KK:/rrc/rr: 0.000000000 0.999984811 0.000015189
KQ:/cc/: 0.001244885 0.998755115 0.000000000
KQ:/cc/cr: 0.000262860 0.447318562 0.552418578
KQ:/cc/rr: 0.000000000 0.956329885 0.043670115
KQ:/crc/: 0.795868425 0.204131575 0.000000000
KQ:/crc/cr: 0.001930487 0.620720687 0.377348825
KQ:/crc/rr: 0.000000000 0.000080761 0.999919239
KQ:/crrc/: 0.066842382 0.933157618 0.000000000
KQ:/crrc/cr: 0.072107227 0.635754776 0.292137997
KQ:/crrc/rr: 0.000000000 0.340788251 0.659211749
KQ:/rc/: 0.001082016 0.998917984 0.000000000
KQ:/rc/cr: 0.000224985 0.508569714 0.491205301
KQ:/rc/rr: 0.000000000 0.163908565 0.836091435
KQ:/rrc/: 0.667073304 0.332926696 0.000000000
KQ:/rrc/cr: 0.045293248 0.796434627 0.158272125
KQ:/rrc/rr: 0.000000000 0.407287245 0.592712755
Q:/: 0.744950711 0.255049289 0.000000000
Q:/cr: 0.197914173 0.800280383 0.001805444
Q:/rr: 0.000000000 0.999966773 0.000033227
QJ:/cc/: 0.000097050 0.999902950 0.000000000
QJ:/cc/cr: 0.000145658 0.000032353 0.999821989
QJ:/cc/rr: 0.000000000 0.500000000 0.500000000
QJ:/crc/: 0.041316014 0.958683986 0.000000000
QJ:/crc/cr: 0.015473239 0.000014055 0.984512706
QJ:/crc/rr: 0.000000000 0.000556452 0.999443548
QJ:/crrc/: 0.002227558 0.997772442 0.000000000
QJ:/crrc/cr: 0.001424316 0.000054606 0.998521077
QJ:/crrc/rr: 0.000000000 0.036689131 0.963310869
QJ:/rc/: 0.010424853 0.989575147 0.000000000
QJ:/rc/cr: 0.000174773 0.000011192 0.999814035
QJ:/rc/rr: 0.000000000 0.001593643 0.998406357
QJ:/rrc/: 0.000016614 0.999983386 0.000000000
QJ:/rrc/cr: 0.000027327 0.000005538 0.999967135
QJ:/rrc/rr: 0.000000000 0.500000000 0.500000000
QK:/cc/: 0.284457014 0.715542986 0.000000000
QK:/cc/cr: 0.378304139 0.621559747 0.000136114
QK:/cc/rr: 0.000000000 0.999829412 0.000170588
QK:/crc/: 0.003582999 0.996417001 0.000000000
QK:/crc/cr: 0.000013523 0.578999015 0.420987462
QK:/crc/rr: 0.000000000 0.005640978 0.994359022
QK:/crrc/: 0.747145978 0.252854022 0.000000000
QK:/crrc/cr: 0.000264577 0.657393658 0.342341764
QK:/crrc/rr: 0.000000000 0.005848012 0.994151988
QK:/rc/: 0.466498177 0.533501823 0.000000000
QK:/rc/cr: 0.037904819 0.504859765 0.457235416
QK:/rc/rr: 0.000000000 0.210005995 0.789994005
QK:/rrc/: 0.125265567 0.874734433 0.000000000
QK:/rrc/cr: 0.000006435 0.311959686 0.688033879
QK:/rrc/rr: 0.000000000 0.003934706 0.996065294
QQ:/cc/: 0.547429059 0.452570941 0.000000000
QQ:/cc/cr: 0.999857039 0.000071480 0.000071480
QQ:/cc/rr: 0.000000000 0.999911359 0.000088641
QQ:/crc/: 0.959143473 0.040856527 0.000000000
QQ:/crc/cr: 0.999340403 0.000329798 0.000329798
QQ:/crc/rr: 0.000000000 0.999978927 0.000021073
QQ:/crrc/: 0.407257831 0.592742169 0.000000000
QQ:/crrc/cr: 0.999816160 0.000091920 0.000091920
QQ:/crrc/rr: 0.000000000 0.999799323 0.000200677
QQ:/rc/: 0.577404869 0.422595131 0.000000000
QQ:/rc/cr: 0.999947583 0.000026209 0.000026209
QQ:/rc/rr: 0.000000000 0.999971227 0.000028773
QQ:/rrc/: 0.959486215 0.040513785 0.000000000
QQ:/rrc/cr: 0.999726611 0.000136695 0.000136695
QQ:/rrc/rr: 0.000000000 0.999991342 0.000008658
