J:/: 0.392564984 0.607435016 0.000000000
J:/cr: 0.472496199 0.227700391 0.299803411
J:/rr: 0.000000000 0.669296050 0.330703950
JJ:/cc/: 0.659270688 0.340729312 0.000000000
JJ:/cc/cr: 0.420713373 0.314074687 0.265211939
JJ:/cc/rr: 0.000000000 0.759075781 0.240924219
JJ:/crc/: 0.455661620 0.544338380 0.000000000
JJ:/crc/cr: 0.308302805 0.244905323 0.446791872
JJ:/crc/rr: 0.000000000 0.482786419 0.517213581
JJ:/crrc/: 0.517760530 0.482239470 0.000000000
JJ:/crrc/cr: 0.435902486 0.427795001 0.136302513
JJ:/crrc/rr: 0.000000000 0.656840813 0.343159187
JJ:/rc/: 0.554484702 0.445515298 0.000000000
JJ:/rc/cr: 0.389060438 0.342945195 0.267994367
JJ:/rc/rr: 0.000000000 0.740103021 0.259896979
JJ:/rrc/: 0.579897312 0.420102688 0.000000000
JJ:/rrc/cr: 0.410743274 0.308500758 0.280755968
JJ:/rrc/rr: 0.000000000 0.770311398 0.229688602
JK:/cc/: 0.337740742 0.662259258 0.000000000
JK:/cc/cr: 0.234991441 0.289658323 0.475350236
JK:/cc/rr: 0.000000000 0.492792032 0.507207968
JK:/crc/: 0.466531892 0.533468108 0.000000000
JK:/crc/cr: 0.270279709 0.263239572 0.466480719
JK:/crc/rr: 0.000000000 0.705618495 0.294381505
JK:/crrc/: 0.502554616 0.497445384 0.000000000
JK:/crrc/cr: 0.365592394 0.288588826 0.345818780
JK:/crrc/rr: 0.000000000 0.434673480 0.565326520
JK:/rc/: 0.440948556 0.559051444 0.000000000
JK:/rc/cr: 0.408798831 0.266639882 0.324561288
JK:/rc/rr: 0.000000000 0.331448666 0.668551334
JK:/rrc/: 0.417085740 0.582914260 0.000000000
JK:/rrc/cr: 0.535281453 0.131661259 0.333057288
JK:/rrc/rr: 0.000000000 0.295339634 0.704660366
JQ:/cc/: 0.301675256 0.698324744 0.000000000
JQ:/cc/cr: 0.347509140 0.263288068 0.389202792
JQ:/cc/rr: 0.000000000 0.378364794 0.621635206
JQ:/crc/: 0.493907208 0.506092792 0.000000000
JQ:/crc/cr: 0.379354660 0.434060299 0.186585041
JQ:/crc/rr: 0.000000000 0.416435775 0.583564225
JQ:/crrc/: 0.476056514 0.523943486 0.000000000
JQ:/crrc/cr: 0.379420778 0.256815555 0.363763666
JQ:/crrc/rr: 0.000000000 0.421060995 0.578939005
JQ:/rc/: 0.480741312 0.519258688 0.000000000
JQ:/rc/cr: 0.390052047 0.241855492 0.368092461
JQ:/rc/rr: 0.000000000 0.526605175 0.473394825
JQ:/rrc/: 0.492963369 0.507036631 0.000000000
JQ:/rrc/cr: 0.375971231 0.260818019 0.363210750
JQ:/rrc/rr: 0.000000000 0.444232340 0.555767660
K:/: 0.560528912 0.439471088 0.000000000
K:/cr: 0.599129977 0.326942650 0.073927372
K:/rr: 0.000000000 0.945862436 0.054137564
KJ:/cc/: 0.471838618 0.528161382 0.000000000
KJ:/cc/cr: 0.470738003 0.242869469 0.286392528
KJ:/cc/rr: 0.000000000 0.741805513 0.258194487
KJ:/crc/: 0.493045831 0.506954169 0.000000000
KJ:/crc/cr: 0.285731002 0.484877094 0.229391903
KJ:/crc/rr: 0.000000000 0.563650994 0.436349006
KJ:/crrc/: 0.532691888 0.467308112 0.000000000
KJ:/crrc/cr: 0.368885400 0.403330516 0.227784084
KJ:/crrc/rr: 0.000000000 0.694575775 0.305424225
KJ:/rc/: 0.548827599 0.451172401 0.000000000
KJ:/rc/cr: 0.421594627 0.285585819 0.292819554
KJ:/rc/rr: 0.000000000 0.711709005 0.288290995
KJ:/rrc/: 0.608416276 0.391583724 0.000000000
KJ:/rrc/cr: 0.352992955 0.406908592 0.240098453
KJ:/rrc/rr: 0.000000000 0.793302844 0.206697156
KK:/cc/: 0.698266417 0.301733583 0.000000000
KK:/cc/cr: 0.469732441 0.297739362 0.232528197
KK:/cc/rr: 0.000000000 0.808122515 0.191877485
KK:/crc/: 0.433811527 0.566188473 0.000000000
KK:/crc/cr: 0.322593722 0.442083556 0.235322721
KK:/crc/rr: 0.000000000 0.579580568 0.420419432
KK:/crrc/: 0.441804741 0.558195259 0.000000000
KK:/crrc/cr: 0.370557500 0.252784205 0.376658295
KK:/crrc/rr: 0.000000000 0.550293024 0.449706976
KK:/rc/: 0.705605362 0.294394638 0.000000000
KK:/rc/cr: 0.341692738 0.345041471 0.313265791
KK:/rc/rr: 0.000000000 0.751685145 0.248314855
KK:/rrc/: 0.561014369 0.438985631 0.000000000
KK:/rrc/cr: 0.456369347 0.322845735 0.220784918
KK:/rrc/rr: 0.000000000 0.773736659 0.226263341
KQ:/cc/: 0.504852918 0.495147082 0.000000000
KQ:/cc/cr: 0.393134579 0.359778149 0.247087272
KQ:/cc/rr: 0.000000000 0.750511708 0.249488292
KQ:/crc/: 0.564519150 0.435480850 0.000000000
KQ:/crc/cr: 0.382036154 0.266984882 0.350978965
KQ:/crc/rr: 0.000000000 0.661264746 0.338735254
KQ:/crrc/: 0.495988027 0.504011973 0.000000000
KQ:/crrc/cr: 0.336461376 0.497494984 0.166043640
KQ:/crrc/rr: 0.000000000 0.601877632 0.398122368
KQ:/rc/: 0.481910788 0.518089212 0.000000000
KQ:/rc/cr: 0.337192974 0.360605046 0.302201980
KQ:/rc/rr: 0.000000000 0.595985098 0.404014902
KQ:/rrc/: 0.496029479 0.503970521 0.000000000
KQ:/rrc/cr: 0.555727942 0.277502612 0.166769447
KQ:/rrc/rr: 0.000000000 0.734265102 0.265734898
Q:/: 0.423410498 0.576589502 0.000000000
Q:/cr: 0.535049853 0.336028220 0.128921927
Q:/rr: 0.000000000 0.851615409 0.148384591
QJ:/cc/: 0.330527280 0.669472720 0.000000000
QJ:/cc/cr: 0.305660585 0.198959471 0.495379943
QJ:/cc/rr: 0.000000000 0.376762917 0.623237083
QJ:/crc/: 0.505185250 0.494814750 0.000000000
QJ:/crc/cr: 0.477472950 0.258325944 0.264201106
QJ:/crc/rr: 0.000000000 0.479086014 0.520913986
QJ:/crrc/: 0.424112783 0.575887217 0.000000000
QJ:/crrc/cr: 0.313390544 0.388342998 0.298266458
QJ:/crrc/rr: 0.000000000 0.599385162 0.400614838
QJ:/rc/: 0.438112300 0.561887700 0.000000000
QJ:/rc/cr: 0.379494896 0.413956981 0.206548124
QJ:/rc/rr: 0.000000000 0.413843909 0.586156091
QJ:/rrc/: 0.467205290 0.532794710 0.000000000
QJ:/rrc/cr: 0.392128806 0.359254718 0.248616476
QJ:/rrc/rr: 0.000000000 0.499634358 0.500365642
QK:/cc/: 0.623408981 0.376591019 0.000000000
QK:/cc/cr: 0.379600860 0.233334529 0.387064611
QK:/cc/rr: 0.000000000 0.764284160 0.235715840
QK:/crc/: 0.636463781 0.363536219 0.000000000
QK:/crc/cr: 0.305007915 0.382240399 0.312751686
QK:/crc/rr: 0.000000000 0.676314551 0.323685449
QK:/crrc/: 0.556224569 0.443775431 0.000000000
QK:/crrc/cr: 0.455103343 0.360148170 0.184748487
QK:/crrc/rr: 0.000000000 0.657357248 0.342642752
QK:/rc/: 0.464645813 0.535354187 0.000000000
QK:/rc/cr: 0.481162012 0.220616600 0.298221388
QK:/rc/rr: 0.000000000 0.669234372 0.330765628
QK:/rrc/: 0.565646625 0.434353375 0.000000000
QK:/rrc/cr: 0.405334629 0.326676598 0.267988773
QK:/rrc/rr: 0.000000000 0.773512534 0.226487466
QQ:/cc/: 0.705987083 0.294012917 0.000000000
QQ:/cc/cr: 0.426879017 0.301274271 0.271846712
QQ:/cc/rr: 0.000000000 0.825175686 0.174824314
QQ:/crc/: 0.479239252 0.520760748 0.000000000
QQ:/crc/cr: 0.223198712 0.462955080 0.313846208
QQ:/crc/rr: 0.000000000 0.565720753 0.434279247
QQ:/crrc/: 0.530209742 0.469790258 0.000000000
QQ:/crrc/cr: 0.376377087 0.327242680 0.296380233
QQ:/crrc/rr: 0.000000000 0.644311876 0.355688124
QQ:/rc/: 0.574512332 0.425487668 0.000000000
QQ:/rc/cr: 0.494928829 0.287011536 0.218059635
QQ:/rc/rr: 0.000000000 0.739013768 0.260986232
QQ:/rrc/: 0.550452292 0.449547708 0.000000000
QQ:/rrc/cr: 0.463590582 0.322645690 0.213763728
QQ:/rrc/rr: 0.000000000 0.738006822 0.261993178
