J:/: 0.150730434 0.849269566 0.000000000
J:/cr: 0.186144455 0.091715807 0.722139738
J:/rr: 0.000000000 0.596513146 0.403486854
JJ:/cc/: 0.881391593 0.118608407 0.000000000
JJ:/cc/cr: 0.637949094 0.205535508 0.156515397
JJ:/cc/rr: 0.000000000 0.935366525 0.064633475
JJ:/crc/: 0.771142304 0.228857696 0.000000000
JJ:/crc/cr: 0.532346635 0.256831717 0.210821648
JJ:/crc/rr: 0.000000000 0.886589975 0.113410025
JJ:/crrc/: 0.756966254 0.243033746 0.000000000
JJ:/crrc/cr: 0.656330382 0.262941330 0.080728288
JJ:/crrc/rr: 0.000000000 0.940464504 0.059535496
JJ:/rc/: 0.805063273 0.194936727 0.000000000
JJ:/rc/cr: 0.506407019 0.315009888 0.178583093
JJ:/rc/rr: 0.000000000 0.908841316 0.091158684
JJ:/rrc/: 0.776803451 0.223196549 0.000000000
JJ:/rrc/cr: 0.589008380 0.267507691 0.143483928
JJ:/rrc/rr: 0.000000000 0.923018153 0.076981847
JK:/cc/: 0.207522140 0.792477860 0.000000000
JK:/cc/cr: 0.175866378 0.176308137 0.647825485
JK:/cc/rr: 0.000000000 0.312869062 0.687130938
JK:/crc/: 0.347005570 0.652994430 0.000000000
JK:/crc/cr: 0.303313972 0.207792453 0.488893575
JK:/crc/rr: 0.000000000 0.534222070 0.465777930
JK:/crrc/: 0.375593789 0.624406211 0.000000000
JK:/crrc/cr: 0.364247775 0.208775641 0.426976585
JK:/crrc/rr: 0.000000000 0.308474892 0.691525108
JK:/rc/: 0.388461063 0.611538937 0.000000000
JK:/rc/cr: 0.357712005 0.200043059 0.442244935
JK:/rc/rr: 0.000000000 0.266724298 0.733275702
JK:/rrc/: 0.373918274 0.626081726 0.000000000
JK:/rrc/cr: 0.513022131 0.116647999 0.370329871
JK:/rrc/rr: 0.000000000 0.249085419 0.750914581
JQ:/cc/: 0.204322665 0.795677335 0.000000000
JQ:/cc/cr: 0.231027254 0.161679799 0.607292947
JQ:/cc/rr: 0.000000000 0.352690975 0.647309025
JQ:/crc/: 0.426608582 0.573391418 0.000000000
JQ:/crc/cr: 0.333248908 0.308497452 0.358253639
JQ:/crc/rr: 0.000000000 0.317699828 0.682300172
JQ:/crrc/: 0.398328048 0.601671952 0.000000000
JQ:/crrc/cr: 0.344731521 0.180576167 0.474692312
JQ:/crrc/rr: 0.000000000 0.294388430 0.705611570
JQ:/rc/: 0.388470941 0.611529059 0.000000000
JQ:/rc/cr: 0.373620675 0.199717845 0.426661480
JQ:/rc/rr: 0.000000000 0.403377399 0.596622601
JQ:/rrc/: 0.420434366 0.579565634 0.000000000
JQ:/rrc/cr: 0.347737953 0.196979217 0.455282829
JQ:/rrc/rr: 0.000000000 0.339815824 0.660184176
K:/: 0.770813133 0.229186867 0.000000000
K:/cr: 0.699883240 0.281126674 0.018990085
K:/rr: 0.000000000 0.986481769 0.013518231
KJ:/cc/: 0.542390540 0.457609460 0.000000000
KJ:/cc/cr: 0.471851042 0.300127055 0.228021903
KJ:/cc/rr: 0.000000000 0.834800558 0.165199442
KJ:/crc/: 0.528437467 0.471562533 0.000000000
KJ:/crc/cr: 0.381340272 0.431261405 0.187398323
KJ:/crc/rr: 0.000000000 0.757231533 0.242768467
KJ:/crrc/: 0.582328201 0.417671799 0.000000000
KJ:/crrc/cr: 0.477940355 0.356635466 0.165424178
KJ:/crrc/rr: 0.000000000 0.827483493 0.172516507
KJ:/rc/: 0.623163558 0.376836442 0.000000000
KJ:/rc/cr: 0.521625989 0.294936243 0.183437767
KJ:/rc/rr: 0.000000000 0.850250444 0.149749556
KJ:/rrc/: 0.645218543 0.354781457 0.000000000
KJ:/rrc/cr: 0.480221609 0.363560756 0.156217635
KJ:/rrc/rr: 0.000000000 0.896930097 0.103069903
KK:/cc/: 0.819884247 0.180115753 0.000000000
KK:/cc/cr: 0.709678406 0.165006839 0.125314755
KK:/cc/rr: 0.000000000 0.933133607 0.066866393
KK:/crc/: 0.663202035 0.336797965 0.000000000
KK:/crc/cr: 0.525113535 0.325720491 0.149165974
KK:/crc/rr: 0.000000000 0.843554466 0.156445534
KK:/crrc/: 0.753782456 0.246217544 0.000000000
KK:/crrc/cr: 0.539115560 0.296504601 0.164379838
KK:/crrc/rr: 0.000000000 0.892813362 0.107186638
KK:/rc/: 0.838067347 0.161932653 0.000000000
KK:/rc/cr: 0.668087029 0.207704997 0.124207974
KK:/rc/rr: 0.000000000 0.955903553 0.044096447
KK:/rrc/: 0.827395924 0.172604076 0.000000000
KK:/rrc/cr: 0.661964953 0.239073161 0.098961886
KK:/rrc/rr: 0.000000000 0.947056126 0.052943874
KQ:/cc/: 0.577250761 0.422749239 0.000000000
KQ:/cc/cr: 0.449905127 0.359474909 0.190619963
KQ:/cc/rr: 0.000000000 0.850743666 0.149256334
KQ:/crc/: 0.542997785 0.457002215 0.000000000
KQ:/crc/cr: 0.474959779 0.246154639 0.278885582
KQ:/crc/rr: 0.000000000 0.787286095 0.212713905
KQ:/crrc/: 0.504542169 0.495457831 0.000000000
KQ:/crrc/cr: 0.439623584 0.435706313 0.124670103
KQ:/crrc/rr: 0.000000000 0.780036265 0.219963735
KQ:/rc/: 0.499609990 0.500390010 0.000000000
KQ:/rc/cr: 0.440323112 0.363096584 0.196580304
KQ:/rc/rr: 0.000000000 0.805044482 0.194955518
KQ:/rrc/: 0.530473562 0.469526438 0.000000000
KQ:/rrc/cr: 0.599176193 0.304444638 0.096379169
KQ:/rrc/rr: 0.000000000 0.863696851 0.136303149
Q:/: 0.300301076 0.699698924 0.000000000
Q:/cr: 0.412885811 0.303986676 0.283127513
Q:/rr: 0.000000000 0.868724717 0.131275283
QJ:/cc/: 0.220052560 0.779947440 0.000000000
QJ:/cc/cr: 0.213920521 0.127204932 0.658874547
QJ:/cc/rr: 0.000000000 0.306599923 0.693400077
QJ:/crc/: 0.388148165 0.611851835 0.000000000
QJ:/crc/cr: 0.348086285 0.174019363 0.477894352
QJ:/crc/rr: 0.000000000 0.365562226 0.634437774
QJ:/crrc/: 0.390116708 0.609883292 0.000000000
QJ:/crrc/cr: 0.329543716 0.253294367 0.417161916
QJ:/crrc/rr: 0.000000000 0.430752922 0.569247078
QJ:/rc/: 0.372922212 0.627077788 0.000000000
QJ:/rc/cr: 0.432350105 0.339707168 0.227942727
QJ:/rc/rr: 0.000000000 0.389281997 0.610718003
QJ:/rrc/: 0.392150363 0.607849637 0.000000000
QJ:/rrc/cr: 0.325454575 0.252439981 0.422105445
QJ:/rrc/rr: 0.000000000 0.353795715 0.646204285
QK:/cc/: 0.672224895 0.327775105 0.000000000
QK:/cc/cr: 0.505958943 0.223027800 0.271013257
QK:/cc/rr: 0.000000000 0.866568731 0.133431269
QK:/crc/: 0.551291555 0.448708445 0.000000000
QK:/crc/cr: 0.423259793 0.366868351 0.209871856
QK:/crc/rr: 0.000000000 0.814517611 0.185482389
QK:/crrc/: 0.506364916 0.493635084 0.000000000
QK:/crrc/cr: 0.510067386 0.346687736 0.143244879
QK:/crrc/rr: 0.000000000 0.811016750 0.188983250
QK:/rc/: 0.520126411 0.479873589 0.000000000
QK:/rc/cr: 0.538434618 0.234876888 0.226688494
QK:/rc/rr: 0.000000000 0.799626001 0.200373999
QK:/rrc/: 0.557154553 0.442845447 0.000000000
QK:/rrc/cr: 0.462172685 0.348272200 0.189555114
QK:/rrc/rr: 0.000000000 0.855920108 0.144079892
QQ:/cc/: 0.873220966 0.126779034 0.000000000
QQ:/cc/cr: 0.646093529 0.196280351 0.157626119
QQ:/cc/rr: 0.000000000 0.948664877 0.051335123
QQ:/crc/: 0.773863059 0.226136941 0.000000000
QQ:/crc/cr: 0.548117211 0.313241529 0.138641260
QQ:/crc/rr: 0.000000000 0.917499662 0.082500338
QQ:/crrc/: 0.825556400 0.174443600 0.000000000
QQ:/crrc/cr: 0.631959999 0.245864432 0.122175569
QQ:/crrc/rr: 0.000000000 0.927923904 0.072076096
QQ:/rc/: 0.801926569 0.198073431 0.000000000
QQ:/rc/cr: 0.654746053 0.215924951 0.129328996
QQ:/rc/rr: 0.000000000 0.923616046 0.076383954
QQ:/rrc/: 0.825062349 0.174937651 0.000000000
QQ:/rrc/cr: 0.651371353 0.239158002 0.109470646
QQ:/rrc/rr: 0.000000000 0.939635964 0.060364036
