J:/: 0.134243938 0.865756062 0.000000000
J:/cr: 0.167968009 0.082601583 0.749430408
J:/rr: 0.000000000 0.593778063 0.406221937
JJ:/cc/: 0.892359930 0.107640070 0.000000000
JJ:/cc/cr: 0.653419563 0.196774332 0.149806104
JJ:/cc/rr: 0.000000000 0.941102624 0.058897376
JJ:/crc/: 0.780140657 0.219859343 0.000000000
JJ:/crc/cr: 0.551665078 0.248784535 0.199550387
JJ:/crc/rr: 0.000000000 0.896819770 0.103180230
JJ:/crrc/: 0.782565581 0.217434419 0.000000000
JJ:/crrc/cr: 0.671237790 0.251535685 0.077226525
JJ:/crrc/rr: 0.000000000 0.945460498 0.054539502
JJ:/rc/: 0.814714669 0.185285331 0.000000000
JJ:/rc/cr: 0.512944081 0.312991849 0.174064070
JJ:/rc/rr: 0.000000000 0.914251053 0.085748947
JJ:/rrc/: 0.771525189 0.228474811 0.000000000
JJ:/rrc/cr: 0.604803299 0.257404335 0.137792366
JJ:/rrc/rr: 0.000000000 0.927917134 0.072082866
JK:/cc/: 0.196569049 0.803430951 0.000000000
JK:/cc/cr: 0.166493130 0.166905203 0.666601667
JK:/cc/rr: 0.000000000 0.298605540 0.701394460
JK:/crc/: 0.344333607 0.655666393 0.000000000
JK:/crc/cr: 0.297542281 0.202228948 0.500228771
JK:/crc/rr: 0.000000000 0.513472008 0.486527992
JK:/crrc/: 0.373528245 0.626471755 0.000000000
JK:/crrc/cr: 0.352156269 0.201257435 0.446586296
JK:/crrc/rr: 0.000000000 0.298959295 0.701040705
JK:/rc/: 0.378092977 0.621907023 0.000000000
JK:/rc/cr: 0.352259968 0.194264382 0.453475650
JK:/rc/rr: 0.000000000 0.259314522 0.740685478
JK:/rrc/: 0.376951803 0.623048197 0.000000000
JK:/rrc/cr: 0.504132238 0.114680135 0.381187628
JK:/rrc/rr: 0.000000000 0.244220391 0.755779609
JQ:/cc/: 0.195729974 0.804270026 0.000000000
JQ:/cc/cr: 0.218560975 0.152918199 0.628520826
JQ:/cc/rr: 0.000000000 0.343815894 0.656184106
JQ:/crc/: 0.415668906 0.584331094 0.000000000
JQ:/crc/cr: 0.326109214 0.298793223 0.375097563
JQ:/crc/rr: 0.000000000 0.309155457 0.690844543
JQ:/crrc/: 0.384296806 0.615703194 0.000000000
JQ:/crrc/cr: 0.340161605 0.174520568 0.485317827
JQ:/crrc/rr: 0.000000000 0.284524448 0.715475552
JQ:/rc/: 0.384766683 0.615233317 0.000000000
JQ:/rc/cr: 0.367218416 0.194950043 0.437831541
JQ:/rc/rr: 0.000000000 0.392763261 0.607236739
JQ:/rrc/: 0.413697380 0.586302620 0.000000000
JQ:/rrc/cr: 0.336738797 0.192503049 0.470758154
JQ:/rrc/rr: 0.000000000 0.330899610 0.669100390
K:/: 0.790126771 0.209873229 0.000000000
K:/cr: 0.695610373 0.286804229 0.017585398
K:/rr: 0.000000000 0.987809684 0.012190316
KJ:/cc/: 0.550172956 0.449827044 0.000000000
KJ:/cc/cr: 0.468143562 0.303167975 0.228688463
KJ:/cc/rr: 0.000000000 0.839781255 0.160218745
KJ:/crc/: 0.532616698 0.467383302 0.000000000
KJ:/crc/cr: 0.386252844 0.429315232 0.184431924
KJ:/crc/rr: 0.000000000 0.765258339 0.234741661
KJ:/crrc/: 0.579315007 0.420684993 0.000000000
KJ:/crrc/cr: 0.488401235 0.350739857 0.160858908
KJ:/crrc/rr: 0.000000000 0.833783967 0.166216033
KJ:/rc/: 0.630895336 0.369104664 0.000000000
KJ:/rc/cr: 0.526161448 0.298278287 0.175560265
KJ:/rc/rr: 0.000000000 0.857992773 0.142007227
KJ:/rrc/: 0.650738013 0.349261987 0.000000000
KJ:/rrc/cr: 0.487659444 0.361682992 0.150657563
KJ:/rrc/rr: 0.000000000 0.902067606 0.097932394
KK:/cc/: 0.818007131 0.181992869 0.000000000
KK:/cc/cr: 0.725679448 0.155912506 0.118408046
KK:/cc/rr: 0.000000000 0.938210682 0.061789318
KK:/crc/: 0.679121783 0.320878217 0.000000000
KK:/crc/cr: 0.538518527 0.316839174 0.144642300
KK:/crc/rr: 0.000000000 0.853067336 0.146932664
KK:/crrc/: 0.768411966 0.231588034 0.000000000
KK:/crrc/cr: 0.551722552 0.290672087 0.157605361
KK:/crrc/rr: 0.000000000 0.900493559 0.099506441
KK:/rc/: 0.848021340 0.151978660 0.000000000
KK:/rc/cr: 0.693044192 0.192087266 0.114868542
KK:/rc/rr: 0.000000000 0.960220126 0.039779874
KK:/rrc/: 0.831492349 0.168507651 0.000000000
KK:/rrc/cr: 0.681300293 0.225437380 0.093262327
KK:/rrc/rr: 0.000000000 0.951493013 0.048506987
KQ:/cc/: 0.582960292 0.417039708 0.000000000
KQ:/cc/cr: 0.449045599 0.364405694 0.186548707
KQ:/cc/rr: 0.000000000 0.855819539 0.144180461
KQ:/crc/: 0.536804187 0.463195813 0.000000000
KQ:/crc/cr: 0.481139521 0.245154880 0.273705599
KQ:/crc/rr: 0.000000000 0.792789512 0.207210488
KQ:/crrc/: 0.498796962 0.501203038 0.000000000
KQ:/crrc/cr: 0.448539502 0.430270419 0.121190079
KQ:/crrc/rr: 0.000000000 0.787497791 0.212502209
KQ:/rc/: 0.497645522 0.502354478 0.000000000
KQ:/rc/cr: 0.444741475 0.365230005 0.190028520
KQ:/rc/rr: 0.000000000 0.812839279 0.187160721
KQ:/rrc/: 0.533731795 0.466268205 0.000000000
KQ:/rrc/cr: 0.596856983 0.310874351 0.092268666
KQ:/rrc/rr: 0.000000000 0.870333413 0.129666587
Q:/: 0.295440638 0.704559362 0.000000000
Q:/cr: 0.390795046 0.291762622 0.317442332
Q:/rr: 0.000000000 0.871699309 0.128300691
QJ:/cc/: 0.210005421 0.789994579 0.000000000
QJ:/cc/cr: 0.203163683 0.120801589 0.676034729
QJ:/cc/rr: 0.000000000 0.300591373 0.699408627
QJ:/crc/: 0.372180104 0.627819896 0.000000000
QJ:/crc/cr: 0.334566578 0.166161935 0.499271487
QJ:/crc/rr: 0.000000000 0.354366887 0.645633113
QJ:/crrc/: 0.377083475 0.622916525 0.000000000
QJ:/crrc/cr: 0.316518952 0.242276404 0.441204644
QJ:/crrc/rr: 0.000000000 0.411630581 0.588369419
QJ:/rc/: 0.375398863 0.624601137 0.000000000
QJ:/rc/cr: 0.431061919 0.333417971 0.235520111
QJ:/rc/rr: 0.000000000 0.390759154 0.609240846
QJ:/rrc/: 0.391891780 0.608108220 0.000000000
QJ:/rrc/cr: 0.310975311 0.241911475 0.447113214
QJ:/rrc/rr: 0.000000000 0.338639475 0.661360525
QK:/cc/: 0.681764636 0.318235364 0.000000000
QK:/cc/cr: 0.514019649 0.222444447 0.263535904
QK:/cc/rr: 0.000000000 0.873250389 0.126749611
QK:/crc/: 0.538865141 0.461134859 0.000000000
QK:/crc/cr: 0.427978895 0.367742035 0.204279070
QK:/crc/rr: 0.000000000 0.819982716 0.180017284
QK:/crrc/: 0.502864643 0.497135357 0.000000000
QK:/crrc/cr: 0.507531946 0.351876404 0.140591650
QK:/crrc/rr: 0.000000000 0.816822381 0.183177619
QK:/rc/: 0.525952354 0.474047646 0.000000000
QK:/rc/cr: 0.542159049 0.236541514 0.221299437
QK:/rc/rr: 0.000000000 0.807319029 0.192680971
QK:/rrc/: 0.550756460 0.449243540 0.000000000
QK:/rrc/cr: 0.459728068 0.356514957 0.183756975
QK:/rrc/rr: 0.000000000 0.859364503 0.140635497
QQ:/cc/: 0.881212739 0.118787261 0.000000000
QQ:/cc/cr: 0.665482593 0.185557132 0.148960276
QQ:/cc/rr: 0.000000000 0.952912489 0.047087511
QQ:/crc/: 0.786118907 0.213881093 0.000000000
QQ:/crc/cr: 0.575853451 0.294035897 0.130110652
QQ:/crc/rr: 0.000000000 0.925394850 0.074605150
QQ:/crrc/: 0.840726638 0.159273362 0.000000000
QQ:/crrc/cr: 0.652671843 0.232180588 0.115147569
QQ:/crrc/rr: 0.000000000 0.935270231 0.064729769
QQ:/rc/: 0.815931991 0.184068009 0.000000000
QQ:/rc/cr: 0.667972706 0.208025289 0.124002005
QQ:/rc/rr: 0.000000000 0.929619669 0.070380331
QQ:/rrc/: 0.839036440 0.160963560 0.000000000
QQ:/rrc/cr: 0.666250559 0.228950920 0.104798522
QQ:/rrc/rr: 0.000000000 0.945363676 0.054636324
