J:/: 0.123628019 0.876371981 0.000000000
J:/cr: 0.150969765 0.074242361 0.774787874
J:/rr: 0.000000000 0.593276840 0.406723160
JJ:/cc/: 0.896424323 0.103575677 0.000000000
JJ:/cc/cr: 0.667073915 0.189037029 0.143889056
JJ:/cc/rr: 0.000000000 0.945450792 0.054549208
JJ:/crc/: 0.792001782 0.207998218 0.000000000
JJ:/crc/cr: 0.568525848 0.239970480 0.191503672
JJ:/crc/rr: 0.000000000 0.904319115 0.095680885
JJ:/crrc/: 0.782468454 0.217531546 0.000000000
JJ:/crrc/cr: 0.682456956 0.242951911 0.074591133
JJ:/crrc/rr: 0.000000000 0.949037098 0.050962902
JJ:/rc/: 0.822222962 0.177777038 0.000000000
JJ:/rc/cr: 0.519453125 0.310214689 0.170332187
JJ:/rc/rr: 0.000000000 0.919028170 0.080971830
JJ:/rrc/: 0.776128927 0.223871073 0.000000000
JJ:/rrc/cr: 0.616411099 0.250720489 0.132868411
JJ:/rrc/rr: 0.000000000 0.931612455 0.068387545
JK:/cc/: 0.187748485 0.812251515 0.000000000
JK:/cc/cr: 0.158605867 0.158998419 0.682395714
JK:/cc/rr: 0.000000000 0.286529726 0.713470274
JK:/crc/: 0.334460990 0.665539010 0.000000000
JK:/crc/cr: 0.291471757 0.196938107 0.511590136
JK:/crc/rr: 0.000000000 0.495304193 0.504695807
JK:/crrc/: 0.372046451 0.627953549 0.000000000
JK:/crrc/cr: 0.343576974 0.195665349 0.460757676
JK:/crrc/rr: 0.000000000 0.290472719 0.709527281
JK:/rc/: 0.369282114 0.630717886 0.000000000
JK:/rc/cr: 0.346046152 0.190338615 0.463615234
JK:/rc/rr: 0.000000000 0.253104332 0.746895668
JK:/rrc/: 0.378114087 0.621885913 0.000000000
JK:/rrc/cr: 0.494810009 0.113212849 0.391977142
JK:/rrc/rr: 0.000000000 0.240752400 0.759247600
JQ:/cc/: 0.188548587 0.811451413 0.000000000
JQ:/cc/cr: 0.208089609 0.145591812 0.646318579
JQ:/cc/rr: 0.000000000 0.336791732 0.663208268
JQ:/crc/: 0.408503870 0.591496130 0.000000000
JQ:/crc/cr: 0.318549718 0.291216621 0.390233661
JQ:/crc/rr: 0.000000000 0.301430160 0.698569840
JQ:/crrc/: 0.378149211 0.621850789 0.000000000
JQ:/crrc/cr: 0.333270161 0.169055738 0.497674101
JQ:/crrc/rr: 0.000000000 0.278169851 0.721830149
JQ:/rc/: 0.379021673 0.620978327 0.000000000
JQ:/rc/cr: 0.364110696 0.191437829 0.444451475
JQ:/rc/rr: 0.000000000 0.385315581 0.614684419
JQ:/rrc/: 0.408592935 0.591407065 0.000000000
JQ:/rrc/cr: 0.327944656 0.188367084 0.483688260
JQ:/rrc/rr: 0.000000000 0.322831524 0.677168476
K:/: 0.800235547 0.199764453 0.000000000
K:/cr: 0.704913438 0.278854699 0.016231863
K:/rr: 0.000000000 0.988812729 0.011187271
KJ:/cc/: 0.556611643 0.443388357 0.000000000
KJ:/cc/cr: 0.459079863 0.313329571 0.227590567
KJ:/cc/rr: 0.000000000 0.843577543 0.156422457
KJ:/crc/: 0.529657378 0.470342622 0.000000000
KJ:/crc/cr: 0.390892995 0.427166756 0.181940249
KJ:/crc/rr: 0.000000000 0.770828583 0.229171417
KJ:/crrc/: 0.587272824 0.412727176 0.000000000
KJ:/crrc/cr: 0.490420261 0.352234250 0.157345488
KJ:/crrc/rr: 0.000000000 0.839063834 0.160936166
KJ:/rc/: 0.639768624 0.360231376 0.000000000
KJ:/rc/cr: 0.529995764 0.299984259 0.170019977
KJ:/rc/rr: 0.000000000 0.864335926 0.135664074
KJ:/rrc/: 0.654677400 0.345322600 0.000000000
KJ:/rrc/cr: 0.490447504 0.363223635 0.146328861
KJ:/rrc/rr: 0.000000000 0.906162648 0.093837352
KK:/cc/: 0.804411629 0.195588371 0.000000000
KK:/cc/cr: 0.738988462 0.148348210 0.112663328
KK:/cc/rr: 0.000000000 0.941927197 0.058072803
KK:/crc/: 0.686514685 0.313485315 0.000000000
KK:/crc/cr: 0.546383992 0.312214636 0.141401373
KK:/crc/rr: 0.000000000 0.860119504 0.139880496
KK:/crrc/: 0.777645568 0.222354432 0.000000000
KK:/crrc/cr: 0.564242514 0.283412723 0.152344763
KK:/crrc/rr: 0.000000000 0.907450661 0.092549339
KK:/rc/: 0.859541577 0.140458423 0.000000000
KK:/rc/cr: 0.711419563 0.180588299 0.107992138
KK:/rc/rr: 0.000000000 0.963504355 0.036495645
KK:/rrc/: 0.846808954 0.153191046 0.000000000
KK:/rrc/cr: 0.693922578 0.216854938 0.089222483
KK:/rrc/rr: 0.000000000 0.954853416 0.045146584
KQ:/cc/: 0.583520824 0.416479176 0.000000000
KQ:/cc/cr: 0.451267178 0.365814708 0.182918114
KQ:/cc/rr: 0.000000000 0.860186100 0.139813900
KQ:/crc/: 0.534155501 0.465844499 0.000000000
KQ:/crc/cr: 0.484415677 0.246637784 0.268946539
KQ:/crc/rr: 0.000000000 0.798600211 0.201399789
KQ:/crrc/: 0.493615793 0.506384207 0.000000000
KQ:/crrc/cr: 0.454912172 0.426969551 0.118118277
KQ:/crrc/rr: 0.000000000 0.793730969 0.206269031
KQ:/rc/: 0.500608339 0.499391661 0.000000000
KQ:/rc/cr: 0.443714003 0.370901989 0.185384008
KQ:/rc/rr: 0.000000000 0.819911909 0.180088091
KQ:/rrc/: 0.538728320 0.461271680 0.000000000
KQ:/rrc/cr: 0.597087979 0.313774279 0.089137742
KQ:/rrc/rr: 0.000000000 0.875823808 0.124176192
Q:/: 0.277781349 0.722218651 0.000000000
Q:/cr: 0.374128278 0.284566428 0.341305293
Q:/rr: 0.000000000 0.871689527 0.128310473
QJ:/cc/: 0.202268647 0.797731353 0.000000000
QJ:/cc/cr: 0.193055698 0.114791358 0.692152945
QJ:/cc/rr: 0.000000000 0.293408458 0.706591542
QJ:/crc/: 0.360928190 0.639071810 0.000000000
QJ:/crc/cr: 0.320470942 0.158890919 0.520638139
QJ:/crc/rr: 0.000000000 0.344548335 0.655451665
QJ:/crrc/: 0.370287284 0.629712716 0.000000000
QJ:/crrc/cr: 0.309054683 0.232958607 0.457986709
QJ:/crrc/rr: 0.000000000 0.399907604 0.600092396
QJ:/rc/: 0.378591641 0.621408359 0.000000000
QJ:/rc/cr: 0.428192312 0.330132018 0.241675669
QJ:/rc/rr: 0.000000000 0.393018005 0.606981995
QJ:/rrc/: 0.383627442 0.616372558 0.000000000
QJ:/rrc/cr: 0.301366413 0.233788598 0.464844989
QJ:/rrc/rr: 0.000000000 0.325881640 0.674118360
QK:/cc/: 0.689053693 0.310946307 0.000000000
QK:/cc/cr: 0.521616780 0.221700695 0.256682524
QK:/cc/rr: 0.000000000 0.878764661 0.121235339
QK:/crc/: 0.532089733 0.467910267 0.000000000
QK:/crc/cr: 0.427093036 0.372412789 0.200494175
QK:/crc/rr: 0.000000000 0.824229290 0.175770710
QK:/crrc/: 0.499296625 0.500703375 0.000000000
QK:/crrc/cr: 0.505463919 0.355332326 0.139203754
QK:/crrc/rr: 0.000000000 0.819463187 0.180536813
QK:/rc/: 0.524648891 0.475351109 0.000000000
QK:/rc/cr: 0.543835704 0.240762040 0.215402256
QK:/rc/rr: 0.000000000 0.813584067 0.186415933
QK:/rrc/: 0.548482637 0.451517363 0.000000000
QK:/rrc/cr: 0.460752602 0.360469853 0.178777545
QK:/rrc/rr: 0.000000000 0.860580011 0.139419989
QQ:/cc/: 0.888207723 0.111792277 0.000000000
QQ:/cc/cr: 0.678554787 0.178305973 0.143139240
QQ:/cc/rr: 0.000000000 0.956268634 0.043731366
QQ:/crc/: 0.790808237 0.209191763 0.000000000
QQ:/crc/cr: 0.595617716 0.280337727 0.124044557
QQ:/crc/rr: 0.000000000 0.932218074 0.067781926
QQ:/crrc/: 0.845904433 0.154095567 0.000000000
QQ:/crrc/cr: 0.671392348 0.219696573 0.108911079
QQ:/crrc/rr: 0.000000000 0.940404744 0.059595256
QQ:/rc/: 0.821202461 0.178797539 0.000000000
QQ:/rc/cr: 0.679308628 0.200929560 0.119761813
QQ:/rc/rr: 0.000000000 0.933607653 0.066392347
QQ:/rrc/: 0.848948218 0.151051782 0.000000000
QQ:/rrc/cr: 0.680626406 0.219089140 0.100284454
QQ:/rrc/rr: 0.000000000 0.949345089 0.050654911
