J:/: 0.119423211 0.880576789 0.000000000
J:/cr: 0.144651659 0.071316935 0.784031406
J:/rr: 0.000000000 0.599802537 0.400197463
JJ:/cc/: 0.898626534 0.101373466 0.000000000
JJ:/cc/cr: 0.673986133 0.185112238 0.140901629
JJ:/cc/rr: 0.000000000 0.947101491 0.052898509
JJ:/crc/: 0.797217863 0.202782137 0.000000000
JJ:/crc/cr: 0.576888439 0.235319506 0.187792055
JJ:/crc/rr: 0.000000000 0.907515105 0.092484895
JJ:/crrc/: 0.779717301 0.220282699 0.000000000
JJ:/crrc/cr: 0.687648294 0.238980022 0.073371684
JJ:/crrc/rr: 0.000000000 0.950576629 0.049423371
JJ:/rc/: 0.824372235 0.175627765 0.000000000
JJ:/rc/cr: 0.522291300 0.308790313 0.168918387
JJ:/rc/rr: 0.000000000 0.921021331 0.078978669
JJ:/rrc/: 0.775450707 0.224549293 0.000000000
JJ:/rrc/cr: 0.622486402 0.246767669 0.130745929
JJ:/rrc/rr: 0.000000000 0.933445737 0.066554263
JK:/cc/: 0.184107808 0.815892192 0.000000000
JK:/cc/cr: 0.155149996 0.155533994 0.689316010
JK:/cc/rr: 0.000000000 0.281606920 0.718393080
JK:/crc/: 0.328328812 0.671671188 0.000000000
JK:/crc/cr: 0.290011804 0.194753354 0.515234843
JK:/crc/rr: 0.000000000 0.487433199 0.512566801
JK:/crrc/: 0.371365166 0.628634834 0.000000000
JK:/crrc/cr: 0.339849841 0.192422715 0.467727444
JK:/crrc/rr: 0.000000000 0.287242524 0.712757476
JK:/rc/: 0.368762518 0.631237482 0.000000000
JK:/rc/cr: 0.341223187 0.187648585 0.471128228
JK:/rc/rr: 0.000000000 0.250583622 0.749416378
JK:/rrc/: 0.378934745 0.621065255 0.000000000
JK:/rrc/cr: 0.488850319 0.111958462 0.399191219
JK:/rrc/rr: 0.000000000 0.239566848 0.760433152
JQ:/cc/: 0.185183219 0.814816781 0.000000000
JQ:/cc/cr: 0.203543832 0.142411317 0.654044851
JQ:/cc/rr: 0.000000000 0.333793342 0.666206658
JQ:/crc/: 0.406273398 0.593726602 0.000000000
JQ:/crc/cr: 0.315164306 0.287993334 0.396842360
JQ:/crc/rr: 0.000000000 0.300580755 0.699419245
JQ:/crrc/: 0.376592601 0.623407399 0.000000000
JQ:/crrc/cr: 0.330474240 0.166856832 0.502668929
JQ:/crrc/rr: 0.000000000 0.275542662 0.724457338
JQ:/rc/: 0.377903795 0.622096205 0.000000000
JQ:/rc/cr: 0.360153827 0.189329606 0.450516567
JQ:/rc/rr: 0.000000000 0.380734973 0.619265027
JQ:/rrc/: 0.409695328 0.590304672 0.000000000
JQ:/rrc/cr: 0.322758789 0.185372847 0.491868365
JQ:/rrc/rr: 0.000000000 0.319820959 0.680179041
K:/: 0.806865463 0.193134537 0.000000000
K:/cr: 0.708629168 0.275535124 0.015835708
K:/rr: 0.000000000 0.989215549 0.010784451
KJ:/cc/: 0.560099018 0.439900982 0.000000000
KJ:/cc/cr: 0.453176566 0.318855781 0.227967653
KJ:/cc/rr: 0.000000000 0.845501084 0.154498916
KJ:/crc/: 0.529962736 0.470037264 0.000000000
KJ:/crc/cr: 0.391411239 0.427589189 0.180999571
KJ:/crc/rr: 0.000000000 0.773485795 0.226514205
KJ:/crrc/: 0.589236736 0.410763264 0.000000000
KJ:/crrc/cr: 0.492375253 0.351895049 0.155729697
KJ:/crrc/rr: 0.000000000 0.841216454 0.158783546
KJ:/rc/: 0.646886876 0.353113124 0.000000000
KJ:/rc/cr: 0.530172514 0.302483629 0.167343857
KJ:/rc/rr: 0.000000000 0.867113281 0.132886719
KJ:/rrc/: 0.654521984 0.345478016 0.000000000
KJ:/rrc/cr: 0.495516566 0.360107977 0.144375457
KJ:/rrc/rr: 0.000000000 0.907834040 0.092165960
KK:/cc/: 0.802340050 0.197659950 0.000000000
KK:/cc/cr: 0.745771552 0.144492981 0.109735467
KK:/cc/rr: 0.000000000 0.943485824 0.056514176
KK:/crc/: 0.686271247 0.313728753 0.000000000
KK:/crc/cr: 0.550359133 0.309609387 0.140031480
KK:/crc/rr: 0.000000000 0.863284922 0.136715078
KK:/crrc/: 0.785147473 0.214852527 0.000000000
KK:/crrc/cr: 0.567888590 0.281889898 0.150221512
KK:/crrc/rr: 0.000000000 0.910309787 0.089690213
KK:/rc/: 0.865571593 0.134428407 0.000000000
KK:/rc/cr: 0.719035061 0.175822661 0.105142278
KK:/rc/rr: 0.000000000 0.964956899 0.035043101
KK:/rrc/: 0.851576402 0.148423598 0.000000000
KK:/rrc/cr: 0.699340524 0.213017353 0.087642124
KK:/rrc/rr: 0.000000000 0.956352623 0.043647377
KQ:/cc/: 0.584147915 0.415852085 0.000000000
KQ:/cc/cr: 0.453536860 0.364679965 0.181783174
KQ:/cc/rr: 0.000000000 0.861734266 0.138265734
KQ:/crc/: 0.534184931 0.465815069 0.000000000
KQ:/crc/cr: 0.487368403 0.245450918 0.267180678
KQ:/crc/rr: 0.000000000 0.800807200 0.199192800
KQ:/crrc/: 0.493858665 0.506141335 0.000000000
KQ:/crrc/cr: 0.456520047 0.426570832 0.116909121
KQ:/crrc/rr: 0.000000000 0.796924430 0.203075570
KQ:/rc/: 0.499983422 0.500016578 0.000000000
KQ:/rc/cr: 0.442985722 0.373885019 0.183129259
KQ:/rc/rr: 0.000000000 0.822973651 0.177026349
KQ:/rrc/: 0.544130817 0.455869183 0.000000000
KQ:/rrc/cr: 0.597983250 0.314078260 0.087938490
KQ:/rrc/rr: 0.000000000 0.878283544 0.121716456
Q:/: 0.270218940 0.729781060 0.000000000
Q:/cr: 0.366974646 0.282063414 0.350961940
Q:/rr: 0.000000000 0.869617547 0.130382453
QJ:/cc/: 0.199058579 0.800941421 0.000000000
QJ:/cc/cr: 0.188932367 0.112339616 0.698728017
QJ:/cc/rr: 0.000000000 0.291247095 0.708752905
QJ:/crc/: 0.355425868 0.644574132 0.000000000
QJ:/crc/cr: 0.314456274 0.155851022 0.529692704
QJ:/crc/rr: 0.000000000 0.339779630 0.660220370
QJ:/crrc/: 0.364103311 0.635896689 0.000000000
QJ:/crrc/cr: 0.306715900 0.229146783 0.464137317
QJ:/crrc/rr: 0.000000000 0.393772228 0.606227772
QJ:/rc/: 0.383043485 0.616956515 0.000000000
QJ:/rc/cr: 0.425840292 0.327586894 0.246572814
QJ:/rc/rr: 0.000000000 0.393079345 0.606920655
QJ:/rrc/: 0.379823382 0.620176618 0.000000000
QJ:/rrc/cr: 0.296880832 0.230071537 0.473047632
QJ:/rrc/rr: 0.000000000 0.320425482 0.679574518
QK:/cc/: 0.692087057 0.307912943 0.000000000
QK:/cc/cr: 0.525260533 0.221125918 0.253613549
QK:/cc/rr: 0.000000000 0.881054645 0.118945355
QK:/crc/: 0.527267955 0.472732045 0.000000000
QK:/crc/cr: 0.424573107 0.375793310 0.199633584
QK:/crc/rr: 0.000000000 0.825512545 0.174487455
QK:/crrc/: 0.498644797 0.501355203 0.000000000
QK:/crrc/cr: 0.504289194 0.356870476 0.138840329
QK:/crrc/rr: 0.000000000 0.820844159 0.179155841
QK:/rc/: 0.524904953 0.475095047 0.000000000
QK:/rc/cr: 0.545958560 0.240940925 0.213100515
QK:/rc/rr: 0.000000000 0.816122096 0.183877904
QK:/rrc/: 0.541172979 0.458827021 0.000000000
QK:/rrc/cr: 0.462306182 0.361415155 0.176278663
QK:/rrc/rr: 0.000000000 0.859916577 0.140083423
QQ:/cc/: 0.890554694 0.109445306 0.000000000
QQ:/cc/cr: 0.685517228 0.174443900 0.140038872
QQ:/cc/rr: 0.000000000 0.957652682 0.042347318
QQ:/crc/: 0.789247764 0.210752236 0.000000000
QQ:/crc/cr: 0.604710233 0.274034346 0.121255420
QQ:/crc/rr: 0.000000000 0.934750062 0.065249938
QQ:/crrc/: 0.847878969 0.152121031 0.000000000
QQ:/crrc/cr: 0.678524133 0.214928489 0.106547378
QQ:/crrc/rr: 0.000000000 0.942491668 0.057508332
QQ:/rc/: 0.826442629 0.173557371 0.000000000
QQ:/rc/cr: 0.683519883 0.198290993 0.118189125
QQ:/rc/rr: 0.000000000 0.934995227 0.065004773
QQ:/rrc/: 0.853122042 0.146877958 0.000000000
QQ:/rrc/cr: 0.685723935 0.215592253 0.098683812
QQ:/rrc/rr: 0.000000000 0.950998672 0.049001328
