J:/: 0.109561061 0.890438939 0.000000000
J:/cr: 0.137524655 0.068134273 0.794341071
J:/rr: 0.000000000 0.596065754 0.403934246
JJ:/cc/: 0.902485485 0.097514515 0.000000000
JJ:/cc/cr: 0.685342253 0.178665817 0.135991929
JJ:/cc/rr: 0.000000000 0.950266517 0.049733483
JJ:/crc/: 0.807229369 0.192770631 0.000000000
JJ:/crc/cr: 0.591547751 0.227199414 0.181252835
JJ:/crc/rr: 0.000000000 0.913490319 0.086509681
JJ:/crrc/: 0.790357885 0.209642115 0.000000000
JJ:/crrc/cr: 0.698537140 0.230648976 0.070813884
JJ:/crrc/rr: 0.000000000 0.953389489 0.046610511
JJ:/rc/: 0.828632514 0.171367486 0.000000000
JJ:/rc/cr: 0.528564764 0.305267904 0.166167333
JJ:/rc/rr: 0.000000000 0.924356034 0.075643966
JJ:/rrc/: 0.782993154 0.217006846 0.000000000
JJ:/rrc/cr: 0.632387891 0.240375808 0.127236301
JJ:/rrc/rr: 0.000000000 0.936343789 0.063656211
JK:/cc/: 0.177401288 0.822598712 0.000000000
JK:/cc/cr: 0.148971076 0.149339782 0.701689143
JK:/cc/rr: 0.000000000 0.272865820 0.727134180
JK:/crc/: 0.323029259 0.676970741 0.000000000
JK:/crc/cr: 0.285080694 0.191030428 0.523888877
JK:/crc/rr: 0.000000000 0.476118798 0.523881202
JK:/crrc/: 0.370895279 0.629104721 0.000000000
JK:/crrc/cr: 0.331832485 0.187602818 0.480564697
JK:/crrc/rr: 0.000000000 0.281828187 0.718171813
JK:/rc/: 0.364149063 0.635850937 0.000000000
JK:/rc/cr: 0.333757753 0.183996408 0.482245838
JK:/rc/rr: 0.000000000 0.246338454 0.753661546
JK:/rrc/: 0.380427490 0.619572510 0.000000000
JK:/rrc/cr: 0.482026153 0.110732120 0.407241727
JK:/rrc/rr: 0.000000000 0.236158285 0.763841715
JQ:/cc/: 0.179314823 0.820685177 0.000000000
JQ:/cc/cr: 0.195133722 0.136527106 0.668339172
JQ:/cc/rr: 0.000000000 0.327811276 0.672188724
JQ:/crc/: 0.399404121 0.600595879 0.000000000
JQ:/crc/cr: 0.308891909 0.281718181 0.409389910
JQ:/crc/rr: 0.000000000 0.295813935 0.704186065
JQ:/crrc/: 0.368025253 0.631974747 0.000000000
JQ:/crrc/cr: 0.325239335 0.163092767 0.511667898
JQ:/crrc/rr: 0.000000000 0.268500701 0.731499299
JQ:/rc/: 0.372542763 0.627457237 0.000000000
JQ:/rc/cr: 0.352579192 0.185774178 0.461646629
JQ:/rc/rr: 0.000000000 0.372437827 0.627562173
JQ:/rrc/: 0.405647580 0.594352420 0.000000000
JQ:/rrc/cr: 0.316151152 0.180769699 0.503079150
JQ:/rrc/rr: 0.000000000 0.313593707 0.686406293
K:/: 0.817378507 0.182621493 0.000000000
K:/cr: 0.712347790 0.272582935 0.015069274
K:/rr: 0.000000000 0.989924092 0.010075908
KJ:/cc/: 0.563239124 0.436760876 0.000000000
KJ:/cc/cr: 0.450521544 0.323812387 0.225666069
KJ:/cc/rr: 0.000000000 0.848310824 0.151689176
KJ:/crc/: 0.533618268 0.466381732 0.000000000
KJ:/crc/cr: 0.396097366 0.424853059 0.179049575
KJ:/crc/rr: 0.000000000 0.778451847 0.221548153
KJ:/crrc/: 0.590142851 0.409857149 0.000000000
KJ:/crrc/cr: 0.495520708 0.351748615 0.152730677
KJ:/crrc/rr: 0.000000000 0.845120303 0.154879697
KJ:/rc/: 0.655954857 0.344045143 0.000000000
KJ:/rc/cr: 0.535157991 0.301928287 0.162913722
KJ:/rc/rr: 0.000000000 0.871909273 0.128090727
KJ:/rrc/: 0.656079108 0.343920892 0.000000000
KJ:/rrc/cr: 0.503146264 0.355815474 0.141038262
KJ:/rrc/rr: 0.000000000 0.910884053 0.089115947
KK:/cc/: 0.803626412 0.196373588 0.000000000
KK:/cc/cr: 0.756264560 0.138529187 0.105206253
KK:/cc/rr: 0.000000000 0.946111078 0.053888922
KK:/crc/: 0.691795175 0.308204825 0.000000000
KK:/crc/cr: 0.560261153 0.302980684 0.136758163
KK:/crc/rr: 0.000000000 0.868512912 0.131487088
KK:/crrc/: 0.799620190 0.200379810 0.000000000
KK:/crrc/cr: 0.573182542 0.279715276 0.147102182
KK:/crrc/rr: 0.000000000 0.915747541 0.084252459
KK:/rc/: 0.876763115 0.123236885 0.000000000
KK:/rc/cr: 0.731999311 0.167709873 0.100290816
KK:/rc/rr: 0.000000000 0.967264479 0.032735521
KK:/rrc/: 0.862292733 0.137707267 0.000000000
KK:/rrc/cr: 0.708625842 0.206438701 0.084935457
KK:/rrc/rr: 0.000000000 0.958879628 0.041120372
KQ:/cc/: 0.588624908 0.411375092 0.000000000
KQ:/cc/cr: 0.452442220 0.368437561 0.179120219
KQ:/cc/rr: 0.000000000 0.865080615 0.134919385
KQ:/crc/: 0.536233153 0.463766847 0.000000000
KQ:/crc/cr: 0.491552826 0.244248096 0.264199078
KQ:/crc/rr: 0.000000000 0.804784060 0.195215940
KQ:/crrc/: 0.496079834 0.503920166 0.000000000
KQ:/crrc/cr: 0.463392595 0.421908474 0.114698931
KQ:/crrc/rr: 0.000000000 0.802463531 0.197536469
KQ:/rc/: 0.496181177 0.503818823 0.000000000
KQ:/rc/cr: 0.441629240 0.379060166 0.179310594
KQ:/rc/rr: 0.000000000 0.828279545 0.171720455
KQ:/rrc/: 0.544494954 0.455505046 0.000000000
KQ:/rrc/cr: 0.598707028 0.315917980 0.085374992
KQ:/rrc/rr: 0.000000000 0.882397006 0.117602994
Q:/: 0.271637226 0.728362774 0.000000000
Q:/cr: 0.347537553 0.277998552 0.374463896
Q:/rr: 0.000000000 0.871893340 0.128106660
QJ:/cc/: 0.193179986 0.806820014 0.000000000
QJ:/cc/cr: 0.180775035 0.107489248 0.711735717
QJ:/cc/rr: 0.000000000 0.286355766 0.713644234
QJ:/crc/: 0.347984857 0.652015143 0.000000000
QJ:/crc/cr: 0.302380733 0.149875163 0.547744105
QJ:/crc/rr: 0.000000000 0.332876667 0.667123333
QJ:/crrc/: 0.358537816 0.641462184 0.000000000
QJ:/crrc/cr: 0.297913822 0.220832322 0.481253855
QJ:/crrc/rr: 0.000000000 0.383204930 0.616795070
QJ:/rc/: 0.382038361 0.617961639 0.000000000
QJ:/rc/cr: 0.428826615 0.323476148 0.247697237
QJ:/rc/rr: 0.000000000 0.395331720 0.604668280
QJ:/rrc/: 0.372028372 0.627971628 0.000000000
QJ:/rrc/cr: 0.288411857 0.223010032 0.488578112
QJ:/rrc/rr: 0.000000000 0.311172961 0.688827039
QK:/cc/: 0.696767912 0.303232088 0.000000000
QK:/cc/cr: 0.531560230 0.220440418 0.247999353
QK:/cc/rr: 0.000000000 0.885073490 0.114926510
QK:/crc/: 0.528250425 0.471749575 0.000000000
QK:/crc/cr: 0.418601293 0.378614670 0.202784037
QK:/crc/rr: 0.000000000 0.827848283 0.172151717
QK:/crrc/: 0.498576897 0.501423103 0.000000000
QK:/crrc/cr: 0.503085419 0.356808153 0.140106428
QK:/crrc/rr: 0.000000000 0.825495186 0.174504814
QK:/rc/: 0.528072139 0.471927861 0.000000000
QK:/rc/cr: 0.548665888 0.241702555 0.209631557
QK:/rc/rr: 0.000000000 0.820357183 0.179642817
QK:/rrc/: 0.543149846 0.456850154 0.000000000
QK:/rrc/cr: 0.461888229 0.364504307 0.173607464
QK:/rrc/rr: 0.000000000 0.860762512 0.139237488
QQ:/cc/: 0.893866313 0.106133687 0.000000000
QQ:/cc/cr: 0.698035539 0.167499981 0.134464480
QQ:/cc/rr: 0.000000000 0.960037510 0.039962490
QQ:/crc/: 0.799551226 0.200448774 0.000000000
QQ:/crc/cr: 0.618707675 0.264330630 0.116961695
QQ:/crc/rr: 0.000000000 0.939195321 0.060804679
QQ:/crrc/: 0.850129334 0.149870666 0.000000000
QQ:/crrc/cr: 0.691785417 0.206065814 0.102148768
QQ:/crrc/rr: 0.000000000 0.946322160 0.053677840
QQ:/rc/: 0.831470585 0.168529415 0.000000000
QQ:/rc/cr: 0.691582907 0.193239095 0.115177998
QQ:/rc/rr: 0.000000000 0.938043473 0.061956527
QQ:/rrc/: 0.862097823 0.137902177 0.000000000
QQ:/rrc/cr: 0.695506247 0.208881623 0.095612131
QQ:/rrc/rr: 0.000000000 0.954129416 0.045870584
