J:/: 0.164031952 0.835968048 0.000000000
J:/cr: 0.103574670 0.087685500 0.808739830
J:/rr: 0.000000000 0.476334339 0.523665661
JJ:/cc/: 0.818451332 0.181548668 0.000000000
JJ:/cc/cr: 0.780492914 0.140511743 0.078995343
JJ:/cc/rr: 0.000000000 0.957597850 0.042402150
JJ:/crc/: 0.850131434 0.149868566 0.000000000
JJ:/crc/cr: 0.470269861 0.300321709 0.229408430
JJ:/crc/rr: 0.000000000 0.929689802 0.070310198
JJ:/crrc/: 0.785634727 0.214365273 0.000000000
JJ:/crrc/cr: 0.630049937 0.264946850 0.105003214
JJ:/crrc/rr: 0.000000000 0.935045675 0.064954325
JJ:/rc/: 0.738427949 0.261572051 0.000000000
JJ:/rc/cr: 0.722677808 0.184792153 0.092530039
JJ:/rc/rr: 0.000000000 0.940061188 0.059938812
JJ:/rrc/: 0.815058612 0.184941388 0.000000000
JJ:/rrc/cr: 0.625879106 0.250269477 0.123851417
JJ:/rrc/rr: 0.000000000 0.938187455 0.061812545
JK:/cc/: 0.185680350 0.814319650 0.000000000
JK:/cc/cr: 0.174292168 0.160195016 0.665512816
JK:/cc/rr: 0.000000000 0.242675421 0.757324579
JK:/crc/: 0.416930158 0.583069842 0.000000000
JK:/crc/cr: 0.383207675 0.156890140 0.459902185
JK:/crc/rr: 0.000000000 0.318582169 0.681417831
JK:/crrc/: 0.406251858 0.593748142 0.000000000
JK:/crrc/cr: 0.370505333 0.142087956 0.487406711
JK:/crrc/rr: 0.000000000 0.277256644 0.722743356
JK:/rc/: 0.294270253 0.705729747 0.000000000
JK:/rc/cr: 0.259719220 0.212254655 0.528026125
JK:/rc/rr: 0.000000000 0.253774084 0.746225916
JK:/rrc/: 0.355889643 0.644110357 0.000000000
JK:/rrc/cr: 0.379702675 0.181987513 0.438309812
JK:/rrc/rr: 0.000000000 0.345787606 0.654212394
JQ:/cc/: 0.190907482 0.809092518 0.000000000
JQ:/cc/cr: 0.201673994 0.138610057 0.659715949
JQ:/cc/rr: 0.000000000 0.265145493 0.734854507
JQ:/crc/: 0.310336413 0.689663587 0.000000000
JQ:/crc/cr: 0.271909399 0.233458801 0.494631800
JQ:/crc/rr: 0.000000000 0.339733196 0.660266804
JQ:/crrc/: 0.467616464 0.532383536 0.000000000
JQ:/crrc/cr: 0.372173263 0.184832921 0.442993816
JQ:/crrc/rr: 0.000000000 0.242301893 0.757698107
JQ:/rc/: 0.327748244 0.672251756 0.000000000
JQ:/rc/cr: 0.201280683 0.179638206 0.619081111
JQ:/rc/rr: 0.000000000 0.242664834 0.757335166
JQ:/rrc/: 0.418022766 0.581977234 0.000000000
JQ:/rrc/cr: 0.318913434 0.241975680 0.439110887
JQ:/rrc/rr: 0.000000000 0.324790702 0.675209298
K:/: 0.835665062 0.164334938 0.000000000
K:/cr: 0.629878675 0.350002234 0.020119092
K:/rr: 0.000000000 0.985077325 0.014922675
KJ:/cc/: 0.518660797 0.481339203 0.000000000
KJ:/cc/cr: 0.423281657 0.335241981 0.241476363
KJ:/cc/rr: 0.000000000 0.826138663 0.173861337
KJ:/crc/: 0.594557536 0.405442464 0.000000000
KJ:/crc/cr: 0.502543996 0.288413876 0.209042127
KJ:/crc/rr: 0.000000000 0.841180779 0.158819221
KJ:/crrc/: 0.568557078 0.431442922 0.000000000
KJ:/crrc/cr: 0.544826779 0.302841747 0.152331473
KJ:/crrc/rr: 0.000000000 0.856160188 0.143839812
KJ:/rc/: 0.643363663 0.356636337 0.000000000
KJ:/rc/cr: 0.433571247 0.398774926 0.167653826
KJ:/rc/rr: 0.000000000 0.907891700 0.092108300
KJ:/rrc/: 0.699157380 0.300842620 0.000000000
KJ:/rrc/cr: 0.539432916 0.324271960 0.136295124
KJ:/rrc/rr: 0.000000000 0.938526874 0.061473126
KK:/cc/: 0.832192162 0.167807838 0.000000000
KK:/cc/cr: 0.656393831 0.190088108 0.153518061
KK:/cc/rr: 0.000000000 0.946757425 0.053242575
KK:/crc/: 0.734515642 0.265484358 0.000000000
KK:/crc/cr: 0.507732966 0.304577081 0.187689953
KK:/crc/rr: 0.000000000 0.889394972 0.110605028
KK:/crrc/: 0.699850838 0.300149162 0.000000000
KK:/crrc/cr: 0.583966356 0.305663739 0.110369906
KK:/crrc/rr: 0.000000000 0.906179662 0.093820338
KK:/rc/: 0.943357275 0.056642725 0.000000000
KK:/rc/cr: 0.591771121 0.253051069 0.155177809
KK:/rc/rr: 0.000000000 0.972977581 0.027022419
KK:/rrc/: 0.888822763 0.111177237 0.000000000
KK:/rrc/cr: 0.639930137 0.265273891 0.094795972
KK:/rrc/rr: 0.000000000 0.966829104 0.033170896
KQ:/cc/: 0.554507984 0.445492016 0.000000000
KQ:/cc/cr: 0.427735141 0.323640956 0.248623903
KQ:/cc/rr: 0.000000000 0.811267529 0.188732471
KQ:/crc/: 0.588251904 0.411748096 0.000000000
KQ:/crc/cr: 0.482423511 0.257623059 0.259953430
KQ:/crc/rr: 0.000000000 0.827174840 0.172825160
KQ:/crrc/: 0.509657917 0.490342083 0.000000000
KQ:/crrc/cr: 0.520327330 0.322150806 0.157521865
KQ:/crrc/rr: 0.000000000 0.846658987 0.153341013
KQ:/rc/: 0.436725396 0.563274604 0.000000000
KQ:/rc/cr: 0.519256950 0.357042241 0.123700809
KQ:/rc/rr: 0.000000000 0.848114815 0.151885185
KQ:/rrc/: 0.558718570 0.441281430 0.000000000
KQ:/rrc/cr: 0.558837311 0.315654743 0.125507946
KQ:/rrc/rr: 0.000000000 0.895381320 0.104618680
Q:/: 0.251962913 0.748037087 0.000000000
Q:/cr: 0.190767447 0.318016726 0.491215827
Q:/rr: 0.000000000 0.811572209 0.188427791
QJ:/cc/: 0.251495908 0.748504092 0.000000000
QJ:/cc/cr: 0.156405988 0.190355483 0.653238530
QJ:/cc/rr: 0.000000000 0.264024236 0.735975764
QJ:/crc/: 0.256706138 0.743293862 0.000000000
QJ:/crc/cr: 0.296224094 0.114325918 0.589449988
QJ:/crc/rr: 0.000000000 0.329267101 0.670732899
QJ:/crrc/: 0.372265422 0.627734578 0.000000000
QJ:/crrc/cr: 0.371095799 0.207758773 0.421145428
QJ:/crrc/rr: 0.000000000 0.316205437 0.683794563
QJ:/rc/: 0.396079180 0.603920820 0.000000000
QJ:/rc/cr: 0.367261512 0.177789530 0.454948958
QJ:/rc/rr: 0.000000000 0.316729564 0.683270436
QJ:/rrc/: 0.440831198 0.559168802 0.000000000
QJ:/rrc/cr: 0.351298529 0.137496659 0.511204812
QJ:/rrc/rr: 0.000000000 0.295183195 0.704816805
QK:/cc/: 0.646065804 0.353934196 0.000000000
QK:/cc/cr: 0.496163677 0.308349353 0.195486970
QK:/cc/rr: 0.000000000 0.888059530 0.111940470
QK:/crc/: 0.476335734 0.523664266 0.000000000
QK:/crc/cr: 0.402444740 0.392264594 0.205290667
QK:/crc/rr: 0.000000000 0.813837913 0.186162087
QK:/crrc/: 0.449637092 0.550362908 0.000000000
QK:/crrc/cr: 0.458948505 0.364518243 0.176533252
QK:/crrc/rr: 0.000000000 0.808398132 0.191601868
QK:/rc/: 0.514857309 0.485142691 0.000000000
QK:/rc/cr: 0.522999541 0.298339524 0.178660935
QK:/rc/rr: 0.000000000 0.847763418 0.152236582
QK:/rrc/: 0.449990912 0.550009088 0.000000000
QK:/rrc/cr: 0.490337932 0.363714119 0.145947949
QK:/rrc/rr: 0.000000000 0.772127645 0.227872355
QQ:/cc/: 0.842345718 0.157654282 0.000000000
QQ:/cc/cr: 0.769299238 0.159035181 0.071665581
QQ:/cc/rr: 0.000000000 0.950890992 0.049109008
QQ:/crc/: 0.814922107 0.185077893 0.000000000
QQ:/crc/cr: 0.699698286 0.200185752 0.100115962
QQ:/crc/rr: 0.000000000 0.950176283 0.049823717
QQ:/crrc/: 0.702394292 0.297605708 0.000000000
QQ:/crrc/cr: 0.746380631 0.167219304 0.086400065
QQ:/crrc/rr: 0.000000000 0.928935451 0.071064549
QQ:/rc/: 0.840876276 0.159123724 0.000000000
QQ:/rc/cr: 0.574588584 0.256620011 0.168791405
QQ:/rc/rr: 0.000000000 0.938481581 0.061518419
QQ:/rrc/: 0.817015022 0.182984978 0.000000000
QQ:/rrc/cr: 0.741971074 0.177627990 0.080400935
QQ:/rrc/rr: 0.000000000 0.949589148 0.050410852
