J:/: 0.324810094 0.675189906 0.000000000
J:/cr: 0.387270337 0.203107428 0.409622235
J:/rr: 0.000000000 0.598487523 0.401512477
JJ:/cc/: 0.757962357 0.242037643 0.000000000
JJ:/cc/cr: 0.487377891 0.284198946 0.228423164
JJ:/cc/rr: 0.000000000 0.842083411 0.157916589
JJ:/crc/: 0.576168505 0.423831495 0.000000000
JJ:/crc/cr: 0.358243857 0.272764597 0.368991546
JJ:/crc/rr: 0.000000000 0.679444142 0.320555858
JJ:/crrc/: 0.595496692 0.404503308 0.000000000
JJ:/crrc/cr: 0.501377338 0.380250454 0.118372208
JJ:/crrc/rr: 0.000000000 0.828191434 0.171808566
JJ:/rc/: 0.654173034 0.345826966 0.000000000
JJ:/rc/cr: 0.431164692 0.336036272 0.232799036
JJ:/rc/rr: 0.000000000 0.816318723 0.183681277
JJ:/rrc/: 0.670105302 0.329894698 0.000000000
JJ:/rrc/cr: 0.472371079 0.309397486 0.218231435
JJ:/rrc/rr: 0.000000000 0.838745151 0.161254849
JK:/cc/: 0.304132517 0.695867483 0.000000000
JK:/cc/cr: 0.230466799 0.262676051 0.506857150
JK:/cc/rr: 0.000000000 0.435836377 0.564163623
JK:/crc/: 0.428615998 0.571384002 0.000000000
JK:/crc/cr: 0.306429030 0.246786822 0.446784148
JK:/crc/rr: 0.000000000 0.669782817 0.330217183
JK:/crrc/: 0.453897124 0.546102876 0.000000000
JK:/crrc/cr: 0.390259966 0.269096210 0.340643825
JK:/crrc/rr: 0.000000000 0.403823810 0.596176190
JK:/rc/: 0.415125171 0.584874829 0.000000000
JK:/rc/cr: 0.414379543 0.248606207 0.337014250
JK:/rc/rr: 0.000000000 0.311096290 0.688903710
JK:/rrc/: 0.399541679 0.600458321 0.000000000
JK:/rrc/cr: 0.542361743 0.128407050 0.329231206
JK:/rrc/rr: 0.000000000 0.287904085 0.712095915
JQ:/cc/: 0.271881365 0.728118635 0.000000000
JQ:/cc/cr: 0.328880003 0.238344106 0.432775891
JQ:/cc/rr: 0.000000000 0.361292052 0.638707948
JQ:/crc/: 0.472632130 0.527367870 0.000000000
JQ:/crc/cr: 0.386978340 0.397835670 0.215185990
JQ:/crc/rr: 0.000000000 0.404178484 0.595821516
JQ:/crrc/: 0.455216819 0.544783181 0.000000000
JQ:/crrc/cr: 0.393651121 0.237377084 0.368971796
JQ:/crrc/rr: 0.000000000 0.393412503 0.606587497
JQ:/rc/: 0.440088429 0.559911571 0.000000000
JQ:/rc/cr: 0.401425435 0.232439204 0.366135361
JQ:/rc/rr: 0.000000000 0.489485826 0.510514174
JQ:/rrc/: 0.464855817 0.535144183 0.000000000
JQ:/rrc/cr: 0.380267026 0.242592365 0.377140608
JQ:/rrc/rr: 0.000000000 0.421172113 0.578827887
K:/: 0.628309890 0.371690110 0.000000000
K:/cr: 0.599562132 0.353135601 0.047302267
K:/rr: 0.000000000 0.964799737 0.035200263
KJ:/cc/: 0.504569098 0.495430902 0.000000000
KJ:/cc/cr: 0.478892264 0.254359011 0.266748725
KJ:/cc/rr: 0.000000000 0.775849507 0.224150493
KJ:/crc/: 0.501849912 0.498150088 0.000000000
KJ:/crc/cr: 0.317478264 0.466720124 0.215801612
KJ:/crc/rr: 0.000000000 0.642384469 0.357615531
KJ:/crrc/: 0.556561198 0.443438802 0.000000000
KJ:/crrc/cr: 0.405066575 0.386574008 0.208359417
KJ:/crrc/rr: 0.000000000 0.742337964 0.257662036
KJ:/rc/: 0.562885522 0.437114478 0.000000000
KJ:/rc/cr: 0.456941142 0.285588076 0.257470782
KJ:/rc/rr: 0.000000000 0.761578822 0.238421178
KJ:/rrc/: 0.602308926 0.397691074 0.000000000
KJ:/rrc/cr: 0.401331516 0.385310027 0.213358458
KJ:/rrc/rr: 0.000000000 0.835708064 0.164291936
KK:/cc/: 0.757736840 0.242263160 0.000000000
KK:/cc/cr: 0.544511079 0.258207791 0.197281129
KK:/cc/rr: 0.000000000 0.861379150 0.138620850
KK:/crc/: 0.502259517 0.497740483 0.000000000
KK:/crc/cr: 0.407042322 0.388010384 0.204947295
KK:/crc/rr: 0.000000000 0.681485633 0.318514367
KK:/crrc/: 0.486421649 0.513578351 0.000000000
KK:/crrc/cr: 0.397709837 0.319047279 0.283242884
KK:/crrc/rr: 0.000000000 0.728727136 0.271272864
KK:/rc/: 0.775533187 0.224466813 0.000000000
KK:/rc/cr: 0.434724593 0.329665349 0.235610058
KK:/rc/rr: 0.000000000 0.868659257 0.131340743
KK:/rrc/: 0.676055205 0.323944795 0.000000000
KK:/rrc/cr: 0.515303186 0.318611291 0.166085523
KK:/rrc/rr: 0.000000000 0.861428839 0.138571161
KQ:/cc/: 0.532128779 0.467871221 0.000000000
KQ:/cc/cr: 0.411575531 0.355689469 0.232735000
KQ:/cc/rr: 0.000000000 0.786511766 0.213488234
KQ:/crc/: 0.578433392 0.421566608 0.000000000
KQ:/crc/cr: 0.408907763 0.262222342 0.328869896
KQ:/crc/rr: 0.000000000 0.711697995 0.288302005
KQ:/crrc/: 0.495203229 0.504796771 0.000000000
KQ:/crrc/cr: 0.375828322 0.472159735 0.152011942
KQ:/crrc/rr: 0.000000000 0.675584804 0.324415196
KQ:/rc/: 0.499621411 0.500378589 0.000000000
KQ:/rc/cr: 0.380024800 0.350692153 0.269283047
KQ:/rc/rr: 0.000000000 0.689014106 0.310985894
KQ:/rrc/: 0.497196387 0.502803613 0.000000000
KQ:/rrc/cr: 0.586919529 0.268846374 0.144234097
KQ:/rrc/rr: 0.000000000 0.783560740 0.216439260
Q:/: 0.399701834 0.600298166 0.000000000
Q:/cr: 0.508767665 0.359901770 0.131330565
Q:/rr: 0.000000000 0.845331050 0.154668950
QJ:/cc/: 0.301717074 0.698282926 0.000000000
QJ:/cc/cr: 0.292762242 0.182777049 0.524460709
QJ:/cc/rr: 0.000000000 0.361256694 0.638743306
QJ:/crc/: 0.454779890 0.545220110 0.000000000
QJ:/crc/cr: 0.474790859 0.239110067 0.286099075
QJ:/crc/rr: 0.000000000 0.453890152 0.546109848
QJ:/crrc/: 0.456680795 0.543319205 0.000000000
QJ:/crrc/cr: 0.343454988 0.351103541 0.305441472
QJ:/crrc/rr: 0.000000000 0.564033156 0.435966844
QJ:/rc/: 0.408249893 0.591750107 0.000000000
QJ:/rc/cr: 0.400428610 0.395994095 0.203577295
QJ:/rc/rr: 0.000000000 0.403257150 0.596742850
QJ:/rrc/: 0.441222440 0.558777560 0.000000000
QJ:/rrc/cr: 0.378397166 0.342522294 0.279080541
QJ:/rrc/rr: 0.000000000 0.472813756 0.527186244
QK:/cc/: 0.624771088 0.375228912 0.000000000
QK:/cc/cr: 0.418895534 0.226792974 0.354311492
QK:/cc/rr: 0.000000000 0.796232710 0.203767290
QK:/crc/: 0.605006362 0.394993638 0.000000000
QK:/crc/cr: 0.364898294 0.362028179 0.273073527
QK:/crc/rr: 0.000000000 0.740715756 0.259284244
QK:/crrc/: 0.533003262 0.466996738 0.000000000
QK:/crrc/cr: 0.475250586 0.352251404 0.172498009
QK:/crrc/rr: 0.000000000 0.711646504 0.288353496
QK:/rc/: 0.475837296 0.524162704 0.000000000
QK:/rc/cr: 0.503143907 0.219584909 0.277271184
QK:/rc/rr: 0.000000000 0.713898912 0.286101088
QK:/rrc/: 0.559842614 0.440157386 0.000000000
QK:/rrc/cr: 0.420564312 0.335686513 0.243749174
QK:/rrc/rr: 0.000000000 0.808466525 0.191533475
QQ:/cc/: 0.792675027 0.207324973 0.000000000
QQ:/cc/cr: 0.480342301 0.282965128 0.236692571
QQ:/cc/rr: 0.000000000 0.880139565 0.119860435
QQ:/crc/: 0.553436797 0.446563203 0.000000000
QQ:/crc/cr: 0.305543799 0.449907954 0.244548246
QQ:/crc/rr: 0.000000000 0.693873150 0.306126850
QQ:/crrc/: 0.636424046 0.363575954 0.000000000
QQ:/crrc/cr: 0.455394818 0.324660643 0.219944540
QQ:/crrc/rr: 0.000000000 0.786985426 0.213014574
QQ:/rc/: 0.718857300 0.281142700 0.000000000
QQ:/rc/cr: 0.528763180 0.287238391 0.183998429
QQ:/rc/rr: 0.000000000 0.828309633 0.171690367
QQ:/rrc/: 0.648592060 0.351407940 0.000000000
QQ:/rrc/cr: 0.510714621 0.318137057 0.171148322
QQ:/rrc/rr: 0.000000000 0.840557287 0.159442713
