J:/: 0.159696157 0.840303843 0.000000000
J:/cr: 0.100888843 0.085420369 0.813690788
J:/rr: 0.000000000 0.468636906 0.531363094
JJ:/cc/: 0.820675031 0.179324969 0.000000000
JJ:/cc/cr: 0.783501799 0.138585683 0.077912517
JJ:/cc/rr: 0.000000000 0.958665905 0.041334095
JJ:/crc/: 0.851383344 0.148616656 0.000000000
JJ:/crc/cr: 0.474298002 0.298983860 0.226718138
JJ:/crc/rr: 0.000000000 0.931355630 0.068644370
JJ:/crrc/: 0.787798070 0.212201930 0.000000000
JJ:/crrc/cr: 0.633769929 0.262282706 0.103947365
JJ:/crrc/rr: 0.000000000 0.936408921 0.063591079
JJ:/rc/: 0.742998414 0.257001586 0.000000000
JJ:/rc/cr: 0.725256364 0.183073946 0.091669690
JJ:/rc/rr: 0.000000000 0.941244273 0.058755727
JJ:/rrc/: 0.815304585 0.184695415 0.000000000
JJ:/rrc/cr: 0.629525294 0.247830347 0.122644359
JJ:/rrc/rr: 0.000000000 0.939072461 0.060927539
JK:/cc/: 0.183255044 0.816744956 0.000000000
JK:/cc/cr: 0.171096656 0.157257964 0.671645379
JK:/cc/rr: 0.000000000 0.239823915 0.760176085
JK:/crc/: 0.413378971 0.586621029 0.000000000
JK:/crc/cr: 0.380928211 0.155825491 0.463246298
JK:/crc/rr: 0.000000000 0.316950342 0.683049658
JK:/crrc/: 0.403364915 0.596635085 0.000000000
JK:/crrc/cr: 0.365894092 0.140691840 0.493414067
JK:/crrc/rr: 0.000000000 0.276010089 0.723989911
JK:/rc/: 0.292504343 0.707495657 0.000000000
JK:/rc/cr: 0.257206269 0.210200954 0.532592777
JK:/rc/rr: 0.000000000 0.251709380 0.748290620
JK:/rrc/: 0.355126208 0.644873792 0.000000000
JK:/rrc/cr: 0.376450975 0.180531234 0.443017792
JK:/rrc/rr: 0.000000000 0.342845936 0.657154064
JQ:/cc/: 0.189154116 0.810845884 0.000000000
JQ:/cc/cr: 0.197963583 0.136059900 0.665976517
JQ:/cc/rr: 0.000000000 0.261915229 0.738084771
JQ:/crc/: 0.310167316 0.689832684 0.000000000
JQ:/crc/cr: 0.269565620 0.231467898 0.498966482
JQ:/crc/rr: 0.000000000 0.338663842 0.661336158
JQ:/crrc/: 0.466541098 0.533458902 0.000000000
JQ:/crrc/cr: 0.367893425 0.183481396 0.448625179
JQ:/crrc/rr: 0.000000000 0.239987476 0.760012524
JQ:/rc/: 0.324877987 0.675122013 0.000000000
JQ:/rc/cr: 0.200196417 0.178600595 0.621202988
JQ:/rc/rr: 0.000000000 0.240620648 0.759379352
JQ:/rrc/: 0.416310904 0.583689096 0.000000000
JQ:/rrc/cr: 0.316893761 0.240304533 0.442801706
JQ:/rrc/rr: 0.000000000 0.322404827 0.677595173
K:/: 0.839411648 0.160588352 0.000000000
K:/cr: 0.630551552 0.349724167 0.019724281
K:/rr: 0.000000000 0.985386425 0.014613575
KJ:/cc/: 0.519710718 0.480289282 0.000000000
KJ:/cc/cr: 0.420674533 0.337936495 0.241388972
KJ:/cc/rr: 0.000000000 0.827442379 0.172557621
KJ:/crc/: 0.594581947 0.405418053 0.000000000
KJ:/crc/cr: 0.502766848 0.289408802 0.207824350
KJ:/crc/rr: 0.000000000 0.842374631 0.157625369
KJ:/crrc/: 0.567898834 0.432101166 0.000000000
KJ:/crrc/cr: 0.545801165 0.302752357 0.151446478
KJ:/crrc/rr: 0.000000000 0.857527017 0.142472983
KJ:/rc/: 0.646327822 0.353672178 0.000000000
KJ:/rc/cr: 0.436213085 0.397417349 0.166369566
KJ:/rc/rr: 0.000000000 0.909061115 0.090938885
KJ:/rrc/: 0.701964430 0.298035570 0.000000000
KJ:/rrc/cr: 0.540155106 0.324935500 0.134909394
KJ:/rrc/rr: 0.000000000 0.939287788 0.060712212
KK:/cc/: 0.836464640 0.163535360 0.000000000
KK:/cc/cr: 0.660943871 0.187570957 0.151485172
KK:/cc/rr: 0.000000000 0.947887750 0.052112250
KK:/crc/: 0.738800595 0.261199405 0.000000000
KK:/crc/cr: 0.510220451 0.303395084 0.186384465
KK:/crc/rr: 0.000000000 0.891132553 0.108867447
KK:/crrc/: 0.702869141 0.297130859 0.000000000
KK:/crrc/cr: 0.587780667 0.302869528 0.109349805
KK:/crrc/rr: 0.000000000 0.908386429 0.091613571
KK:/rc/: 0.942979251 0.057020749 0.000000000
KK:/rc/cr: 0.596518838 0.250108076 0.153373086
KK:/rc/rr: 0.000000000 0.973613709 0.026386291
KK:/rrc/: 0.891068824 0.108931176 0.000000000
KK:/rrc/cr: 0.643878750 0.262381177 0.093740073
KK:/rrc/rr: 0.000000000 0.967454857 0.032545143
KQ:/cc/: 0.555340621 0.444659379 0.000000000
KQ:/cc/cr: 0.427826893 0.323712463 0.248460644
KQ:/cc/rr: 0.000000000 0.812743851 0.187256149
KQ:/crc/: 0.588613770 0.411386230 0.000000000
KQ:/crc/cr: 0.484325223 0.257773387 0.257901390
KQ:/crc/rr: 0.000000000 0.829000844 0.170999156
KQ:/crrc/: 0.508522982 0.491477018 0.000000000
KQ:/crrc/cr: 0.520207115 0.323547087 0.156245797
KQ:/crrc/rr: 0.000000000 0.847958792 0.152041208
KQ:/rc/: 0.435216407 0.564783593 0.000000000
KQ:/rc/cr: 0.518534942 0.358393044 0.123072014
KQ:/rc/rr: 0.000000000 0.849889310 0.150110690
KQ:/rrc/: 0.560927007 0.439072993 0.000000000
KQ:/rrc/cr: 0.559026494 0.316687729 0.124285777
KQ:/rrc/rr: 0.000000000 0.896867745 0.103132255
Q:/: 0.246944449 0.753055551 0.000000000
Q:/cr: 0.183949256 0.311712000 0.504338744
Q:/rr: 0.000000000 0.808522381 0.191477619
QJ:/cc/: 0.248429986 0.751570014 0.000000000
QJ:/cc/cr: 0.153660137 0.187013618 0.659326245
QJ:/cc/rr: 0.000000000 0.259827044 0.740172956
QJ:/crc/: 0.253754568 0.746245432 0.000000000
QJ:/crc/cr: 0.292678956 0.112957691 0.594363354
QJ:/crc/rr: 0.000000000 0.326655841 0.673344159
QJ:/crrc/: 0.370608709 0.629391291 0.000000000
QJ:/crrc/cr: 0.366458934 0.205130494 0.428410572
QJ:/crrc/rr: 0.000000000 0.313848751 0.686151249
QJ:/rc/: 0.394045375 0.605954625 0.000000000
QJ:/rc/cr: 0.364153268 0.176900052 0.458946680
QJ:/rc/rr: 0.000000000 0.315790292 0.684209708
QJ:/rrc/: 0.437972496 0.562027504 0.000000000
QJ:/rrc/cr: 0.348054027 0.136355579 0.515590394
QJ:/rrc/rr: 0.000000000 0.290973631 0.709026369
QK:/cc/: 0.648662553 0.351337447 0.000000000
QK:/cc/cr: 0.498244717 0.308060870 0.193694412
QK:/cc/rr: 0.000000000 0.889788251 0.110211749
QK:/crc/: 0.474547028 0.525452972 0.000000000
QK:/crc/cr: 0.400132144 0.393245573 0.206622283
QK:/crc/rr: 0.000000000 0.815516246 0.184483754
QK:/crrc/: 0.449821196 0.550178804 0.000000000
QK:/crrc/cr: 0.457390521 0.365827515 0.176781965
QK:/crrc/rr: 0.000000000 0.809474874 0.190525126
QK:/rc/: 0.514846195 0.485153805 0.000000000
QK:/rc/cr: 0.523501212 0.299025155 0.177473633
QK:/rc/rr: 0.000000000 0.848976601 0.151023399
QK:/rrc/: 0.451375682 0.548624318 0.000000000
QK:/rrc/cr: 0.484173770 0.365750821 0.150075409
QK:/rrc/rr: 0.000000000 0.770787156 0.229212844
QQ:/cc/: 0.846076356 0.153923644 0.000000000
QQ:/cc/cr: 0.772434098 0.156874143 0.070691759
QQ:/cc/rr: 0.000000000 0.951973934 0.048026066
QQ:/crc/: 0.813277812 0.186722188 0.000000000
QQ:/crc/cr: 0.705436269 0.196360724 0.098203007
QQ:/crc/rr: 0.000000000 0.951314853 0.048685147
QQ:/crrc/: 0.702341705 0.297658295 0.000000000
QQ:/crrc/cr: 0.750214338 0.164691619 0.085094043
QQ:/crrc/rr: 0.000000000 0.930637422 0.069362578
QQ:/rc/: 0.843030664 0.156969336 0.000000000
QQ:/rc/cr: 0.577588659 0.254919907 0.167491434
QQ:/rc/rr: 0.000000000 0.939613270 0.060386730
QQ:/rrc/: 0.821609586 0.178390414 0.000000000
QQ:/rrc/cr: 0.744948758 0.175578143 0.079473099
QQ:/rrc/rr: 0.000000000 0.950822604 0.049177396
