J:/: 0.153807740 0.846192260 0.000000000
J:/cr: 0.095588943 0.080933060 0.823477996
J:/rr: 0.000000000 0.467783054 0.532216946
JJ:/cc/: 0.812651504 0.187348496 0.000000000
JJ:/cc/cr: 0.790288588 0.134241298 0.075470115
JJ:/cc/rr: 0.000000000 0.960487230 0.039512770
JJ:/crc/: 0.856431078 0.143568922 0.000000000
JJ:/crc/cr: 0.480904407 0.296748847 0.222346745
JJ:/crc/rr: 0.000000000 0.934215740 0.065784260
JJ:/crrc/: 0.793724624 0.206275376 0.000000000
JJ:/crrc/cr: 0.641359479 0.256847303 0.101793217
JJ:/crrc/rr: 0.000000000 0.938670027 0.061329973
JJ:/rc/: 0.735274870 0.264725130 0.000000000
JJ:/rc/cr: 0.730428489 0.179627529 0.089943983
JJ:/rc/rr: 0.000000000 0.942786886 0.057213114
JJ:/rrc/: 0.797789888 0.202210112 0.000000000
JJ:/rrc/cr: 0.637090130 0.242769823 0.120140047
JJ:/rrc/rr: 0.000000000 0.941091196 0.058908804
JK:/cc/: 0.178194460 0.821805540 0.000000000
JK:/cc/cr: 0.165551381 0.152161204 0.682287416
JK:/cc/rr: 0.000000000 0.233929276 0.766070724
JK:/crc/: 0.407905998 0.592094002 0.000000000
JK:/crc/cr: 0.372913419 0.154447983 0.472638599
JK:/crc/rr: 0.000000000 0.311389457 0.688610543
JK:/crrc/: 0.401456069 0.598543931 0.000000000
JK:/crrc/cr: 0.356079832 0.139429970 0.504490198
JK:/crrc/rr: 0.000000000 0.271398806 0.728601194
JK:/rc/: 0.289736858 0.710263142 0.000000000
JK:/rc/cr: 0.253084162 0.206672466 0.540243372
JK:/rc/rr: 0.000000000 0.248185602 0.751814398
JK:/rrc/: 0.353428441 0.646571559 0.000000000
JK:/rrc/cr: 0.371287016 0.178230884 0.450482100
JK:/rrc/rr: 0.000000000 0.337642618 0.662357382
JQ:/cc/: 0.185539243 0.814460757 0.000000000
JQ:/cc/cr: 0.191092072 0.131337127 0.677570801
JQ:/cc/rr: 0.000000000 0.256151147 0.743848853
JQ:/crc/: 0.303953646 0.696046354 0.000000000
JQ:/crc/cr: 0.267152230 0.227753465 0.505094305
JQ:/crc/rr: 0.000000000 0.334420384 0.665579616
JQ:/crrc/: 0.461995115 0.538004885 0.000000000
JQ:/crrc/cr: 0.362269625 0.180600729 0.457129646
JQ:/crrc/rr: 0.000000000 0.236550085 0.763449915
JQ:/rc/: 0.320324129 0.679675871 0.000000000
JQ:/rc/cr: 0.197110722 0.175804962 0.627084316
JQ:/rc/rr: 0.000000000 0.237145465 0.762854535
JQ:/rrc/: 0.410848810 0.589151190 0.000000000
JQ:/rrc/cr: 0.313065729 0.236601614 0.450332657
JQ:/rrc/rr: 0.000000000 0.316736620 0.683263380
K:/: 0.843210435 0.156789565 0.000000000
K:/cr: 0.633774239 0.347083818 0.019141943
K:/rr: 0.000000000 0.985949096 0.014050904
KJ:/cc/: 0.519949506 0.480050494 0.000000000
KJ:/cc/cr: 0.418331981 0.342466442 0.239201577
KJ:/cc/rr: 0.000000000 0.829623532 0.170376468
KJ:/crc/: 0.594387679 0.405612321 0.000000000
KJ:/crc/cr: 0.503579070 0.290655500 0.205765430
KJ:/crc/rr: 0.000000000 0.844721698 0.155278302
KJ:/crrc/: 0.566673988 0.433326012 0.000000000
KJ:/crrc/cr: 0.550472313 0.300160237 0.149367450
KJ:/crrc/rr: 0.000000000 0.859779814 0.140220186
KJ:/rc/: 0.649929223 0.350070777 0.000000000
KJ:/rc/cr: 0.440063920 0.395772147 0.164163932
KJ:/rc/rr: 0.000000000 0.911051264 0.088948736
KJ:/rrc/: 0.704017625 0.295982375 0.000000000
KJ:/rrc/cr: 0.542650433 0.324883979 0.132465588
KJ:/rrc/rr: 0.000000000 0.940628936 0.059371064
KK:/cc/: 0.831749111 0.168250889 0.000000000
KK:/cc/cr: 0.668870486 0.183185835 0.147943680
KK:/cc/rr: 0.000000000 0.949761522 0.050238478
KK:/crc/: 0.746823947 0.253176053 0.000000000
KK:/crc/cr: 0.513787050 0.301728895 0.184484055
KK:/crc/rr: 0.000000000 0.894672097 0.105327903
KK:/crrc/: 0.707775459 0.292224541 0.000000000
KK:/crrc/cr: 0.594037209 0.298272665 0.107690126
KK:/crrc/rr: 0.000000000 0.911296965 0.088703035
KK:/rc/: 0.945227536 0.054772464 0.000000000
KK:/rc/cr: 0.605906246 0.244290045 0.149803709
KK:/rc/rr: 0.000000000 0.974681525 0.025318475
KK:/rrc/: 0.893218119 0.106781881 0.000000000
KK:/rrc/cr: 0.650831493 0.257258571 0.091909936
KK:/rrc/rr: 0.000000000 0.968507258 0.031492742
KQ:/cc/: 0.555114446 0.444885554 0.000000000
KQ:/cc/cr: 0.426887717 0.324529720 0.248582563
KQ:/cc/rr: 0.000000000 0.814824529 0.185175471
KQ:/crc/: 0.589958085 0.410041915 0.000000000
KQ:/crc/cr: 0.487765881 0.257272707 0.254961412
KQ:/crc/rr: 0.000000000 0.831587304 0.168412696
KQ:/crrc/: 0.512921154 0.487078846 0.000000000
KQ:/crrc/cr: 0.518308874 0.327613882 0.154077245
KQ:/crrc/rr: 0.000000000 0.851302227 0.148697773
KQ:/rc/: 0.434267176 0.565732824 0.000000000
KQ:/rc/cr: 0.514836366 0.363016632 0.122147001
KQ:/rc/rr: 0.000000000 0.853203755 0.146796245
KQ:/rrc/: 0.557996880 0.442003120 0.000000000
KQ:/rrc/cr: 0.563057499 0.315267583 0.121674917
KQ:/rrc/rr: 0.000000000 0.899600157 0.100399843
Q:/: 0.240861564 0.759138436 0.000000000
Q:/cr: 0.173140203 0.301254184 0.525605613
Q:/rr: 0.000000000 0.806731607 0.193268393
QJ:/cc/: 0.242273075 0.757726925 0.000000000
QJ:/cc/cr: 0.149138936 0.181511044 0.669350020
QJ:/cc/rr: 0.000000000 0.252977078 0.747022922
QJ:/crc/: 0.249007025 0.750992975 0.000000000
QJ:/crc/cr: 0.285453867 0.110169808 0.604376325
QJ:/crc/rr: 0.000000000 0.319932544 0.680067456
QJ:/crrc/: 0.364081185 0.635918815 0.000000000
QJ:/crrc/cr: 0.360089412 0.201182584 0.438728004
QJ:/crrc/rr: 0.000000000 0.307864318 0.692135682
QJ:/rc/: 0.391484786 0.608515214 0.000000000
QJ:/rc/cr: 0.359468293 0.174858329 0.465673378
QJ:/rc/rr: 0.000000000 0.315476929 0.684523071
QJ:/rrc/: 0.430766477 0.569233523 0.000000000
QJ:/rrc/cr: 0.341629266 0.134362543 0.524008191
QJ:/rrc/rr: 0.000000000 0.283667253 0.716332747
QK:/cc/: 0.652714370 0.347285630 0.000000000
QK:/cc/cr: 0.501655847 0.307761506 0.190582646
QK:/cc/rr: 0.000000000 0.892786431 0.107213569
QK:/crc/: 0.475288004 0.524711996 0.000000000
QK:/crc/cr: 0.399214337 0.392689603 0.208096059
QK:/crc/rr: 0.000000000 0.817597103 0.182402897
QK:/crrc/: 0.448840474 0.551159526 0.000000000
QK:/crrc/cr: 0.449841011 0.370728164 0.179430825
QK:/crrc/rr: 0.000000000 0.812323199 0.187676801
QK:/rc/: 0.513065810 0.486934190 0.000000000
QK:/rc/cr: 0.522961295 0.302218458 0.174820248
QK:/rc/rr: 0.000000000 0.850401755 0.149598245
QK:/rrc/: 0.447405702 0.552594298 0.000000000
QK:/rrc/cr: 0.480630397 0.366255985 0.153113618
QK:/rrc/rr: 0.000000000 0.769193739 0.230806261
QQ:/cc/: 0.848565206 0.151434794 0.000000000
QQ:/cc/cr: 0.778232826 0.152876749 0.068890425
QQ:/cc/rr: 0.000000000 0.953850638 0.046149362
QQ:/crc/: 0.814272402 0.185727598 0.000000000
QQ:/crc/cr: 0.716558006 0.188946803 0.094495191
QQ:/crc/rr: 0.000000000 0.953412186 0.046587814
QQ:/crrc/: 0.704281963 0.295718037 0.000000000
QQ:/crrc/cr: 0.756068799 0.160831587 0.083099614
QQ:/crrc/rr: 0.000000000 0.933654171 0.066345829
QQ:/rc/: 0.848414185 0.151585815 0.000000000
QQ:/rc/cr: 0.583556673 0.251339836 0.165103490
QQ:/rc/rr: 0.000000000 0.941584209 0.058415791
QQ:/rrc/: 0.821506891 0.178493109 0.000000000
QQ:/rrc/cr: 0.751042384 0.171383270 0.077574346
QQ:/rrc/rr: 0.000000000 0.952969535 0.047030465
