J:/: 0.150927787 0.849072213 0.000000000
J:/cr: 0.092583685 0.078388574 0.829027741
J:/rr: 0.000000000 0.462565980 0.537434020
JJ:/cc/: 0.810046478 0.189953522 0.000000000
JJ:/cc/cr: 0.793630398 0.132102125 0.074267477
JJ:/cc/rr: 0.000000000 0.961319191 0.038680809
JJ:/crc/: 0.855719854 0.144280146 0.000000000
JJ:/crc/cr: 0.482774163 0.296185285 0.221040552
JJ:/crc/rr: 0.000000000 0.935415227 0.064584773
JJ:/crrc/: 0.796175321 0.203824679 0.000000000
JJ:/crrc/cr: 0.644086543 0.254894470 0.101018987
JJ:/crrc/rr: 0.000000000 0.939758690 0.060241310
JJ:/rc/: 0.737582059 0.262417941 0.000000000
JJ:/rc/cr: 0.732171130 0.178466329 0.089362541
JJ:/rc/rr: 0.000000000 0.943523008 0.056476992
JJ:/rrc/: 0.799616911 0.200383089 0.000000000
JJ:/rrc/cr: 0.641056779 0.240116319 0.118826901
JJ:/rrc/rr: 0.000000000 0.941992309 0.058007691
JK:/cc/: 0.175585439 0.824414561 0.000000000
JK:/cc/cr: 0.162929688 0.149751560 0.687318752
JK:/cc/rr: 0.000000000 0.231206644 0.768793356
JK:/crc/: 0.406402749 0.593597251 0.000000000
JK:/crc/cr: 0.370275704 0.153320090 0.476404207
JK:/crc/rr: 0.000000000 0.309419146 0.690580854
JK:/crrc/: 0.399570908 0.600429092 0.000000000
JK:/crrc/cr: 0.352614133 0.138070421 0.509315446
JK:/crrc/rr: 0.000000000 0.269299081 0.730700919
JK:/rc/: 0.288493524 0.711506476 0.000000000
JK:/rc/cr: 0.251381382 0.204971719 0.543646900
JK:/rc/rr: 0.000000000 0.246571533 0.753428467
JK:/rrc/: 0.354746600 0.645253400 0.000000000
JK:/rrc/cr: 0.368643006 0.176961666 0.454395327
JK:/rrc/rr: 0.000000000 0.335697882 0.664302118
JQ:/cc/: 0.183760749 0.816239251 0.000000000
JQ:/cc/cr: 0.188491293 0.129549618 0.681959089
JQ:/cc/rr: 0.000000000 0.252841916 0.747158084
JQ:/crc/: 0.301570316 0.698429684 0.000000000
JQ:/crc/cr: 0.264831520 0.225598980 0.509569500
JQ:/crc/rr: 0.000000000 0.332621628 0.667378372
JQ:/crrc/: 0.459574666 0.540425334 0.000000000
JQ:/crrc/cr: 0.359080189 0.179010713 0.461909098
JQ:/crrc/rr: 0.000000000 0.234785726 0.765214274
JQ:/rc/: 0.318600092 0.681399908 0.000000000
JQ:/rc/cr: 0.195699612 0.174451234 0.629849155
JQ:/rc/rr: 0.000000000 0.235823519 0.764176481
JQ:/rrc/: 0.408136866 0.591863134 0.000000000
JQ:/rrc/cr: 0.310893168 0.234944406 0.454162426
JQ:/rrc/rr: 0.000000000 0.313919767 0.686080233
K:/: 0.843185156 0.156814844 0.000000000
K:/cr: 0.639353448 0.341824106 0.018822446
K:/rr: 0.000000000 0.986195006 0.013804994
KJ:/cc/: 0.519409936 0.480590064 0.000000000
KJ:/cc/cr: 0.416394671 0.345697976 0.237907353
KJ:/cc/rr: 0.000000000 0.830583731 0.169416269
KJ:/crc/: 0.594608218 0.405391782 0.000000000
KJ:/crc/cr: 0.504559878 0.290604488 0.204835634
KJ:/crc/rr: 0.000000000 0.845731007 0.154268993
KJ:/crrc/: 0.567381072 0.432618928 0.000000000
KJ:/crrc/cr: 0.551474106 0.299989133 0.148536761
KJ:/crrc/rr: 0.000000000 0.860885715 0.139114285
KJ:/rc/: 0.649945358 0.350054642 0.000000000
KJ:/rc/cr: 0.441353159 0.395498762 0.163148080
KJ:/rc/rr: 0.000000000 0.911919307 0.088080693
KJ:/rrc/: 0.705754964 0.294245036 0.000000000
KJ:/rrc/cr: 0.544629694 0.323886419 0.131483887
KJ:/rrc/rr: 0.000000000 0.941231845 0.058768155
KK:/cc/: 0.835178473 0.164821527 0.000000000
KK:/cc/cr: 0.672372330 0.181248562 0.146379108
KK:/cc/rr: 0.000000000 0.950656438 0.049343562
KK:/crc/: 0.749932837 0.250067163 0.000000000
KK:/crc/cr: 0.517286153 0.300063557 0.182650290
KK:/crc/rr: 0.000000000 0.896457765 0.103542235
KK:/crrc/: 0.709430597 0.290569403 0.000000000
KK:/crrc/cr: 0.597238015 0.295991831 0.106770154
KK:/crrc/rr: 0.000000000 0.913326113 0.086673887
KK:/rc/: 0.946361620 0.053638380 0.000000000
KK:/rc/cr: 0.610694337 0.241322013 0.147983650
KK:/rc/rr: 0.000000000 0.975149953 0.024850047
KK:/rrc/: 0.894762529 0.105237471 0.000000000
KK:/rrc/cr: 0.653033752 0.255636002 0.091330246
KK:/rrc/rr: 0.000000000 0.968978847 0.031021153
KQ:/cc/: 0.555365037 0.444634963 0.000000000
KQ:/cc/cr: 0.425568461 0.326412503 0.248019036
KQ:/cc/rr: 0.000000000 0.815967803 0.184032197
KQ:/crc/: 0.588897468 0.411102532 0.000000000
KQ:/crc/cr: 0.489923206 0.256341447 0.253735347
KQ:/crc/rr: 0.000000000 0.832666325 0.167333675
KQ:/crrc/: 0.515081578 0.484918422 0.000000000
KQ:/crrc/cr: 0.519428411 0.327653164 0.152918425
KQ:/crrc/rr: 0.000000000 0.852574267 0.147425733
KQ:/rc/: 0.437428455 0.562571545 0.000000000
KQ:/rc/cr: 0.512961990 0.365072861 0.121965149
KQ:/rc/rr: 0.000000000 0.855031821 0.144968179
KQ:/rrc/: 0.556892846 0.443107154 0.000000000
KQ:/rrc/cr: 0.563833045 0.315605860 0.120561096
KQ:/rrc/rr: 0.000000000 0.900780830 0.099219170
Q:/: 0.234354076 0.765645924 0.000000000
Q:/cr: 0.168223575 0.300977955 0.530798470
Q:/rr: 0.000000000 0.795625680 0.204374320
QJ:/cc/: 0.239623197 0.760376803 0.000000000
QJ:/cc/cr: 0.147178395 0.179124949 0.673696656
QJ:/cc/rr: 0.000000000 0.249698992 0.750301008
QJ:/crc/: 0.246510841 0.753489159 0.000000000
QJ:/crc/cr: 0.282133898 0.108888479 0.608977623
QJ:/crc/rr: 0.000000000 0.317377897 0.682622103
QJ:/crrc/: 0.361712964 0.638287036 0.000000000
QJ:/crrc/cr: 0.357600141 0.199598325 0.442801534
QJ:/crrc/rr: 0.000000000 0.305005083 0.694994917
QJ:/rc/: 0.390135841 0.609864159 0.000000000
QJ:/rc/cr: 0.356994098 0.174252583 0.468753319
QJ:/rc/rr: 0.000000000 0.313659625 0.686340375
QJ:/rrc/: 0.427776507 0.572223493 0.000000000
QJ:/rrc/cr: 0.338291472 0.133049791 0.528658737
QJ:/rrc/rr: 0.000000000 0.280897584 0.719102416
QK:/cc/: 0.653967235 0.346032765 0.000000000
QK:/cc/cr: 0.503910125 0.306978975 0.189110900
QK:/cc/rr: 0.000000000 0.894121891 0.105878109
QK:/crc/: 0.477889578 0.522110422 0.000000000
QK:/crc/cr: 0.395340603 0.396968773 0.207690624
QK:/crc/rr: 0.000000000 0.819419557 0.180580443
QK:/crrc/: 0.449772929 0.550227071 0.000000000
QK:/crrc/cr: 0.441497551 0.376953949 0.181548500
QK:/crrc/rr: 0.000000000 0.814064595 0.185935405
QK:/rc/: 0.514095278 0.485904722 0.000000000
QK:/rc/cr: 0.520958658 0.305291012 0.173750331
QK:/rc/rr: 0.000000000 0.851244241 0.148755759
QK:/rrc/: 0.445401567 0.554598433 0.000000000
QK:/rrc/cr: 0.479136650 0.365924858 0.154938492
QK:/rrc/rr: 0.000000000 0.768341086 0.231658914
QQ:/cc/: 0.848506550 0.151493450 0.000000000
QQ:/cc/cr: 0.781247061 0.150798866 0.067954074
QQ:/cc/rr: 0.000000000 0.954754550 0.045245450
QQ:/crc/: 0.816046040 0.183953960 0.000000000
QQ:/crc/cr: 0.721407416 0.185714111 0.092878473
QQ:/crc/rr: 0.000000000 0.954437800 0.045562200
QQ:/crrc/: 0.711878947 0.288121053 0.000000000
QQ:/crrc/cr: 0.759542137 0.158541505 0.081916358
QQ:/crrc/rr: 0.000000000 0.935120227 0.064879773
QQ:/rc/: 0.848868808 0.151131192 0.000000000
QQ:/rc/cr: 0.587016025 0.249251983 0.163731993
QQ:/rc/rr: 0.000000000 0.942443984 0.057556016
QQ:/rrc/: 0.822306586 0.177693414 0.000000000
QQ:/rrc/cr: 0.753686378 0.169563135 0.076750487
QQ:/rrc/rr: 0.000000000 0.953821702 0.046178298
