J:/: 0.143359553 0.856640447 0.000000000
J:/cr: 0.087299987 0.073914983 0.838785029
J:/rr: 0.000000000 0.464448805 0.535551195
JJ:/cc/: 0.810852559 0.189147441 0.000000000
JJ:/cc/cr: 0.801428104 0.127110627 0.071461269
JJ:/cc/rr: 0.000000000 0.963279248 0.036720752
JJ:/crc/: 0.860597595 0.139402405 0.000000000
JJ:/crc/cr: 0.491979361 0.292601250 0.215419389
JJ:/crc/rr: 0.000000000 0.938849853 0.061150147
JJ:/crrc/: 0.803614367 0.196385633 0.000000000
JJ:/crrc/cr: 0.654839995 0.247193172 0.097966832
JJ:/crrc/rr: 0.000000000 0.942768483 0.057231517
JJ:/rc/: 0.738931090 0.261068910 0.000000000
JJ:/rc/cr: 0.737534993 0.174892148 0.087572859
JJ:/rc/rr: 0.000000000 0.945660433 0.054339567
JJ:/rrc/: 0.809120712 0.190879288 0.000000000
JJ:/rrc/cr: 0.650219055 0.233987183 0.115793762
JJ:/rrc/rr: 0.000000000 0.944321862 0.055678138
JK:/cc/: 0.169646501 0.830353499 0.000000000
JK:/cc/cr: 0.155774243 0.143174863 0.701050894
JK:/cc/rr: 0.000000000 0.223940792 0.776059208
JK:/crc/: 0.403673638 0.596326362 0.000000000
JK:/crc/cr: 0.360620743 0.149319260 0.490059997
JK:/crc/rr: 0.000000000 0.303292665 0.696707335
JK:/crrc/: 0.396257533 0.603742467 0.000000000
JK:/crrc/cr: 0.344442482 0.134497988 0.521059529
JK:/crrc/rr: 0.000000000 0.263591961 0.736408039
JK:/rc/: 0.286683013 0.713316987 0.000000000
JK:/rc/cr: 0.244983511 0.199745946 0.555270544
JK:/rc/rr: 0.000000000 0.242929374 0.757070626
JK:/rrc/: 0.353665718 0.646334282 0.000000000
JK:/rrc/cr: 0.361545326 0.173565613 0.464889062
JK:/rrc/rr: 0.000000000 0.329909728 0.670090272
JQ:/cc/: 0.179207497 0.820792503 0.000000000
JQ:/cc/cr: 0.180293551 0.123915329 0.695791120
JQ:/cc/rr: 0.000000000 0.245820093 0.754179907
JQ:/crc/: 0.297289251 0.702710749 0.000000000
JQ:/crc/cr: 0.261066323 0.220413337 0.518520340
JQ:/crc/rr: 0.000000000 0.327644285 0.672355715
JQ:/crrc/: 0.453276256 0.546723744 0.000000000
JQ:/crrc/cr: 0.353508678 0.175856481 0.470634841
JQ:/crrc/rr: 0.000000000 0.231565765 0.768434235
JQ:/rc/: 0.313450144 0.686549856 0.000000000
JQ:/rc/cr: 0.191865489 0.171030457 0.637104054
JQ:/rc/rr: 0.000000000 0.231733731 0.768266269
JQ:/rrc/: 0.402819171 0.597180829 0.000000000
JQ:/rrc/cr: 0.305011206 0.230333681 0.464655112
JQ:/rrc/rr: 0.000000000 0.308008507 0.691991493
K:/: 0.843505901 0.156494099 0.000000000
K:/cr: 0.647475244 0.334573725 0.017951030
K:/rr: 0.000000000 0.986861890 0.013138110
KJ:/cc/: 0.521757921 0.478242079 0.000000000
KJ:/cc/cr: 0.412224357 0.352797549 0.234978094
KJ:/cc/rr: 0.000000000 0.833764304 0.166235696
KJ:/crc/: 0.597665686 0.402334314 0.000000000
KJ:/crc/cr: 0.505448256 0.292173407 0.202378337
KJ:/crc/rr: 0.000000000 0.848390844 0.151609156
KJ:/crrc/: 0.568414399 0.431585601 0.000000000
KJ:/crrc/cr: 0.550417875 0.303777239 0.145804885
KJ:/crrc/rr: 0.000000000 0.864130876 0.135869124
KJ:/rc/: 0.653307484 0.346692516 0.000000000
KJ:/rc/cr: 0.447920211 0.391871827 0.160207962
KJ:/rc/rr: 0.000000000 0.914269286 0.085730714
KJ:/rrc/: 0.708503951 0.291496049 0.000000000
KJ:/rrc/cr: 0.548705337 0.322942543 0.128352120
KJ:/rrc/rr: 0.000000000 0.942956241 0.057043759
KK:/cc/: 0.841405013 0.158594987 0.000000000
KK:/cc/cr: 0.685136998 0.174186955 0.140676047
KK:/cc/rr: 0.000000000 0.952922560 0.047077440
KK:/crc/: 0.756770619 0.243229381 0.000000000
KK:/crc/cr: 0.526985465 0.295084616 0.177929919
KK:/crc/rr: 0.000000000 0.900972738 0.099027262
KK:/crrc/: 0.722761167 0.277238833 0.000000000
KK:/crrc/cr: 0.604554862 0.290656309 0.104788829
KK:/crrc/rr: 0.000000000 0.918309650 0.081690350
KK:/rc/: 0.948256215 0.051743785 0.000000000
KK:/rc/cr: 0.621945611 0.234347596 0.143706793
KK:/rc/rr: 0.000000000 0.976426427 0.023573573
KK:/rrc/: 0.896036824 0.103963176 0.000000000
KK:/rrc/cr: 0.661295636 0.249548854 0.089155510
KK:/rrc/rr: 0.000000000 0.970205414 0.029794586
KQ:/cc/: 0.554329075 0.445670925 0.000000000
KQ:/cc/cr: 0.421363375 0.329574478 0.249062148
KQ:/cc/rr: 0.000000000 0.818475372 0.181524628
KQ:/crc/: 0.594135623 0.405864377 0.000000000
KQ:/crc/cr: 0.488506050 0.262282659 0.249211291
KQ:/crc/rr: 0.000000000 0.836300476 0.163699524
KQ:/crrc/: 0.519902851 0.480097149 0.000000000
KQ:/crrc/cr: 0.523163042 0.326965851 0.149871108
KQ:/crrc/rr: 0.000000000 0.857352842 0.142647158
KQ:/rc/: 0.436636826 0.563363174 0.000000000
KQ:/rc/cr: 0.504133237 0.375089609 0.120777153
KQ:/rc/rr: 0.000000000 0.858918669 0.141081331
KQ:/rrc/: 0.559819773 0.440180227 0.000000000
KQ:/rrc/cr: 0.562873620 0.319784433 0.117341946
KQ:/rrc/rr: 0.000000000 0.904248596 0.095751404
Q:/: 0.230529195 0.769470805 0.000000000
Q:/cr: 0.157696843 0.288974767 0.553328391
Q:/rr: 0.000000000 0.789162662 0.210837338
QJ:/cc/: 0.232605936 0.767394064 0.000000000
QJ:/cc/cr: 0.141729494 0.172493308 0.685777198
QJ:/cc/rr: 0.000000000 0.243150982 0.756849018
QJ:/crc/: 0.239971978 0.760028022 0.000000000
QJ:/crc/cr: 0.273036888 0.105377524 0.621585588
QJ:/crc/rr: 0.000000000 0.310010840 0.689989160
QJ:/crrc/: 0.356670103 0.643329897 0.000000000
QJ:/crrc/cr: 0.347044008 0.194216238 0.458739754
QJ:/crrc/rr: 0.000000000 0.298420185 0.701579815
QJ:/rc/: 0.386350908 0.613649092 0.000000000
QJ:/rc/cr: 0.352011814 0.171032808 0.476955378
QJ:/rc/rr: 0.000000000 0.308449856 0.691550144
QJ:/rrc/: 0.422609373 0.577390627 0.000000000
QJ:/rrc/cr: 0.328440494 0.129197065 0.542362442
QJ:/rrc/rr: 0.000000000 0.273291627 0.726708373
QK:/cc/: 0.658935821 0.341064179 0.000000000
QK:/cc/cr: 0.510477029 0.303977636 0.185545335
QK:/cc/rr: 0.000000000 0.897716832 0.102283168
QK:/crc/: 0.478535860 0.521464140 0.000000000
QK:/crc/cr: 0.386221505 0.400708433 0.213070062
QK:/crc/rr: 0.000000000 0.822937011 0.177062989
QK:/crrc/: 0.447103139 0.552896861 0.000000000
QK:/crrc/cr: 0.437807178 0.379051210 0.183141613
QK:/crrc/rr: 0.000000000 0.817544063 0.182455937
QK:/rc/: 0.515566694 0.484433306 0.000000000
QK:/rc/cr: 0.519790980 0.309332057 0.170876962
QK:/rc/rr: 0.000000000 0.853663279 0.146336721
QK:/rrc/: 0.440834596 0.559165404 0.000000000
QK:/rrc/cr: 0.466672879 0.373217299 0.160109822
QK:/rrc/rr: 0.000000000 0.767115743 0.232884257
QQ:/cc/: 0.848535673 0.151464327 0.000000000
QQ:/cc/cr: 0.788538682 0.145772336 0.065688982
QQ:/cc/rr: 0.000000000 0.956894348 0.043105652
QQ:/crc/: 0.826267736 0.173732264 0.000000000
QQ:/crc/cr: 0.733619143 0.177573586 0.088807271
QQ:/crc/rr: 0.000000000 0.956900669 0.043099331
QQ:/crrc/: 0.727468440 0.272531560 0.000000000
QQ:/crrc/cr: 0.767069838 0.153578253 0.079351909
QQ:/crrc/rr: 0.000000000 0.938770290 0.061229710
QQ:/rc/: 0.853135027 0.146864973 0.000000000
QQ:/rc/cr: 0.595646222 0.244078613 0.160275165
QQ:/rc/rr: 0.000000000 0.944656950 0.055343050
QQ:/rrc/: 0.832397942 0.167602058 0.000000000
QQ:/rrc/cr: 0.761299302 0.164322373 0.074378326
QQ:/rrc/rr: 0.000000000 0.956292490 0.043707510
