J:/: 0.269933896 0.730066104 0.000000000
J:/cr: 0.364197033 0.178866556 0.456936411
J:/rr: 0.000000000 0.582929719 0.417070281
JJ:/cc/: 0.795109323 0.204890677 0.000000000
JJ:/cc/cr: 0.526930457 0.265239383 0.207830160
JJ:/cc/rr: 0.000000000 0.876139563 0.123860437
JJ:/crc/: 0.646622478 0.353377522 0.000000000
JJ:/crc/cr: 0.406543422 0.281788271 0.311668307
JJ:/crc/rr: 0.000000000 0.774012225 0.225987775
JJ:/crrc/: 0.665748766 0.334251234 0.000000000
JJ:/crrc/cr: 0.542109466 0.350104724 0.107785810
JJ:/crrc/rr: 0.000000000 0.877140175 0.122859825
JJ:/rc/: 0.707175732 0.292824268 0.000000000
JJ:/rc/cr: 0.448537131 0.330992191 0.220470677
JJ:/rc/rr: 0.000000000 0.848785615 0.151214385
JJ:/rrc/: 0.713255147 0.286744853 0.000000000
JJ:/rrc/cr: 0.502580256 0.302764007 0.194655737
JJ:/rrc/rr: 0.000000000 0.868281485 0.131718515
JK:/cc/: 0.285017551 0.714982449 0.000000000
JK:/cc/cr: 0.224278497 0.241217158 0.534504346
JK:/cc/rr: 0.000000000 0.404775186 0.595224814
JK:/crc/: 0.407003318 0.592996682 0.000000000
JK:/crc/cr: 0.307444253 0.240178508 0.452377239
JK:/crc/rr: 0.000000000 0.641740277 0.358259723
JK:/crrc/: 0.423457440 0.576542560 0.000000000
JK:/crrc/cr: 0.402018292 0.258034550 0.339947158
JK:/crrc/rr: 0.000000000 0.384360884 0.615639116
JK:/rc/: 0.409634772 0.590365228 0.000000000
JK:/rc/cr: 0.403253598 0.237110767 0.359635635
JK:/rc/rr: 0.000000000 0.308403639 0.691596361
JK:/rrc/: 0.388898583 0.611101417 0.000000000
JK:/rrc/cr: 0.534899119 0.124904094 0.340196786
JK:/rrc/rr: 0.000000000 0.279241803 0.720758197
JQ:/cc/: 0.255059024 0.744940976 0.000000000
JQ:/cc/cr: 0.309424611 0.220700849 0.469874539
JQ:/cc/rr: 0.000000000 0.360014148 0.639985852
JQ:/crc/: 0.458844991 0.541155009 0.000000000
JQ:/crc/cr: 0.383588773 0.376930968 0.239480260
JQ:/crc/rr: 0.000000000 0.388733490 0.611266510
JQ:/crrc/: 0.448912560 0.551087440 0.000000000
JQ:/crrc/cr: 0.392040720 0.224042362 0.383916918
JQ:/crrc/rr: 0.000000000 0.366171354 0.633828646
JQ:/rc/: 0.431524173 0.568475827 0.000000000
JQ:/rc/cr: 0.397325106 0.224924387 0.377750507
JQ:/rc/rr: 0.000000000 0.468402400 0.531597600
JQ:/rrc/: 0.454250349 0.545749651 0.000000000
JQ:/rrc/cr: 0.378401484 0.232894643 0.388703872
JQ:/rrc/rr: 0.000000000 0.404900870 0.595099130
K:/: 0.655785504 0.344214496 0.000000000
K:/cr: 0.631345252 0.332707757 0.035946991
K:/rr: 0.000000000 0.972780642 0.027219358
KJ:/cc/: 0.518764598 0.481235402 0.000000000
KJ:/cc/cr: 0.479082494 0.264727096 0.256190410
KJ:/cc/rr: 0.000000000 0.793757726 0.206242274
KJ:/crc/: 0.506944477 0.493055523 0.000000000
KJ:/crc/cr: 0.341849698 0.451174984 0.206975319
KJ:/crc/rr: 0.000000000 0.678837887 0.321162113
KJ:/crrc/: 0.552407029 0.447592971 0.000000000
KJ:/crrc/cr: 0.430606948 0.372037904 0.197355148
KJ:/crrc/rr: 0.000000000 0.769547572 0.230452428
KJ:/rc/: 0.571608140 0.428391860 0.000000000
KJ:/rc/cr: 0.470916605 0.290802293 0.238281102
KJ:/rc/rr: 0.000000000 0.785911300 0.214088700
KJ:/rrc/: 0.611504394 0.388495606 0.000000000
KJ:/rrc/cr: 0.425225326 0.378361042 0.196413632
KJ:/rrc/rr: 0.000000000 0.855547617 0.144452383
KK:/cc/: 0.766154095 0.233845905 0.000000000
KK:/cc/cr: 0.587959164 0.234187044 0.177853792
KK:/cc/rr: 0.000000000 0.884532395 0.115467605
KK:/crc/: 0.542007546 0.457992454 0.000000000
KK:/crc/cr: 0.438555056 0.373764913 0.187680030
KK:/crc/rr: 0.000000000 0.750263694 0.249736306
KK:/crrc/: 0.530482148 0.469517852 0.000000000
KK:/crrc/cr: 0.448092065 0.317428898 0.234479038
KK:/crrc/rr: 0.000000000 0.786927442 0.213072558
KK:/rc/: 0.812853077 0.187146923 0.000000000
KK:/rc/cr: 0.487624506 0.311642365 0.200733129
KK:/rc/rr: 0.000000000 0.902565782 0.097434218
KK:/rrc/: 0.733638977 0.266361023 0.000000000
KK:/rrc/cr: 0.550929032 0.306068538 0.143002430
KK:/rrc/rr: 0.000000000 0.891999606 0.108000394
KQ:/cc/: 0.545102868 0.454897132 0.000000000
KQ:/cc/cr: 0.422361462 0.355970928 0.221667611
KQ:/cc/rr: 0.000000000 0.805535833 0.194464167
KQ:/crc/: 0.570496676 0.429503324 0.000000000
KQ:/crc/cr: 0.435412047 0.251473371 0.313114581
KQ:/crc/rr: 0.000000000 0.739440627 0.260559373
KQ:/crrc/: 0.499673859 0.500326141 0.000000000
KQ:/crrc/cr: 0.390548751 0.463895767 0.145555481
KQ:/crrc/rr: 0.000000000 0.708172501 0.291827499
KQ:/rc/: 0.513819200 0.486180800 0.000000000
KQ:/rc/cr: 0.395753845 0.353843624 0.250402531
KQ:/rc/rr: 0.000000000 0.731552571 0.268447429
KQ:/rrc/: 0.504963138 0.495036862 0.000000000
KQ:/rrc/cr: 0.599236172 0.270280023 0.130483806
KQ:/rrc/rr: 0.000000000 0.806958032 0.193041968
Q:/: 0.362529387 0.637470613 0.000000000
Q:/cr: 0.482393254 0.351201287 0.166405459
Q:/rr: 0.000000000 0.836326539 0.163673461
QJ:/cc/: 0.284378767 0.715621233 0.000000000
QJ:/cc/cr: 0.279105978 0.170423652 0.550470370
QJ:/cc/rr: 0.000000000 0.348709084 0.651290916
QJ:/crc/: 0.449808539 0.550191461 0.000000000
QJ:/crc/cr: 0.449851017 0.225294049 0.324854935
QJ:/crc/rr: 0.000000000 0.440186975 0.559813025
QJ:/crrc/: 0.442836671 0.557163329 0.000000000
QJ:/crrc/cr: 0.343548664 0.330091947 0.326359389
QJ:/crrc/rr: 0.000000000 0.527542078 0.472457922
QJ:/rc/: 0.387800735 0.612199265 0.000000000
QJ:/rc/cr: 0.409321762 0.381280311 0.209397926
QJ:/rc/rr: 0.000000000 0.395135217 0.604864783
QJ:/rrc/: 0.433866148 0.566133852 0.000000000
QJ:/rrc/cr: 0.369706705 0.321852229 0.308441067
QJ:/rrc/rr: 0.000000000 0.441350351 0.558649649
QK:/cc/: 0.632364642 0.367635358 0.000000000
QK:/cc/cr: 0.443732624 0.223183391 0.333083985
QK:/cc/rr: 0.000000000 0.815729336 0.184270664
QK:/crc/: 0.575938152 0.424061848 0.000000000
QK:/crc/cr: 0.386502470 0.358731782 0.254765749
QK:/crc/rr: 0.000000000 0.766455957 0.233544043
QK:/crrc/: 0.520027130 0.479972870 0.000000000
QK:/crrc/cr: 0.491011979 0.345811997 0.163176024
QK:/crrc/rr: 0.000000000 0.745354577 0.254645423
QK:/rc/: 0.486574533 0.513425467 0.000000000
QK:/rc/cr: 0.517213048 0.218870349 0.263916604
QK:/rc/rr: 0.000000000 0.736883269 0.263116731
QK:/rrc/: 0.562311297 0.437688703 0.000000000
QK:/rrc/cr: 0.443781228 0.328303152 0.227915620
QK:/rrc/rr: 0.000000000 0.823240639 0.176759361
QQ:/cc/: 0.815679730 0.184320270 0.000000000
QQ:/cc/cr: 0.522941750 0.262994915 0.214063334
QQ:/cc/rr: 0.000000000 0.903845538 0.096154462
QQ:/crc/: 0.601029179 0.398970821 0.000000000
QQ:/crc/cr: 0.368294466 0.421502358 0.210203177
QQ:/crc/rr: 0.000000000 0.797678053 0.202321947
QQ:/crrc/: 0.708107439 0.291892561 0.000000000
QQ:/crrc/cr: 0.493276244 0.318201759 0.188521997
QQ:/crrc/rr: 0.000000000 0.839606227 0.160393773
QQ:/rc/: 0.762424693 0.237575307 0.000000000
QQ:/rc/cr: 0.558647000 0.272836192 0.168516809
QQ:/rc/rr: 0.000000000 0.865331113 0.134668887
QQ:/rrc/: 0.692132242 0.307867758 0.000000000
QQ:/rrc/cr: 0.539858101 0.307878472 0.152263426
QQ:/rrc/rr: 0.000000000 0.876994824 0.123005176
