J:/: 0.136311387 0.863688613 0.000000000
J:/cr: 0.080556381 0.068205320 0.851238300
J:/rr: 0.000000000 0.464627679 0.535372321
JJ:/cc/: 0.809499177 0.190500823 0.000000000
JJ:/cc/cr: 0.810806042 0.121107584 0.068086374
JJ:/cc/rr: 0.000000000 0.965468813 0.034531187
JJ:/crc/: 0.866461375 0.133538625 0.000000000
JJ:/crc/cr: 0.502919434 0.287316316 0.209764250
JJ:/crc/rr: 0.000000000 0.942203323 0.057796677
JJ:/crrc/: 0.802808243 0.197191757 0.000000000
JJ:/crrc/cr: 0.664630509 0.240181502 0.095187989
JJ:/crrc/rr: 0.000000000 0.945791733 0.054208267
JJ:/rc/: 0.746492371 0.253507629 0.000000000
JJ:/rc/cr: 0.744458557 0.170278668 0.085262775
JJ:/rc/rr: 0.000000000 0.948084388 0.051915612
JJ:/rrc/: 0.818594100 0.181405900 0.000000000
JJ:/rrc/cr: 0.663064757 0.225394006 0.111541237
JJ:/rrc/rr: 0.000000000 0.947065544 0.052934456
JK:/cc/: 0.162850150 0.837149850 0.000000000
JK:/cc/cr: 0.147959425 0.135992126 0.716048450
JK:/cc/rr: 0.000000000 0.216019090 0.783980910
JK:/crc/: 0.396152729 0.603847271 0.000000000
JK:/crc/cr: 0.350423381 0.145546432 0.504030187
JK:/crc/rr: 0.000000000 0.296912907 0.703087093
JK:/crrc/: 0.391467241 0.608532759 0.000000000
JK:/crrc/cr: 0.336082702 0.130401842 0.533515457
JK:/crrc/rr: 0.000000000 0.262412055 0.737587945
JK:/rc/: 0.285656323 0.714343677 0.000000000
JK:/rc/cr: 0.239110032 0.194749524 0.566140444
JK:/rc/rr: 0.000000000 0.238440032 0.761559968
JK:/rrc/: 0.359534151 0.640465849 0.000000000
JK:/rrc/cr: 0.351742282 0.169176707 0.479081011
JK:/rrc/rr: 0.000000000 0.323834132 0.676165868
JQ:/cc/: 0.174243644 0.825756356 0.000000000
JQ:/cc/cr: 0.171569283 0.117919161 0.710511556
JQ:/cc/rr: 0.000000000 0.238000795 0.761999205
JQ:/crc/: 0.294236918 0.705763082 0.000000000
JQ:/crc/cr: 0.254347722 0.214327311 0.531324966
JQ:/crc/rr: 0.000000000 0.322866742 0.677133258
JQ:/crrc/: 0.441694168 0.558305832 0.000000000
JQ:/crrc/cr: 0.347276069 0.171629772 0.481094159
JQ:/crrc/rr: 0.000000000 0.226055268 0.773944732
JQ:/rc/: 0.307524984 0.692475016 0.000000000
JQ:/rc/cr: 0.186982769 0.166677960 0.646339270
JQ:/rc/rr: 0.000000000 0.227076853 0.772923147
JQ:/rrc/: 0.395644588 0.604355412 0.000000000
JQ:/rrc/cr: 0.298506255 0.224913773 0.476579972
JQ:/rrc/rr: 0.000000000 0.300968778 0.699031222
K:/: 0.846562913 0.153437087 0.000000000
K:/cr: 0.663940156 0.319273888 0.016785957
K:/rr: 0.000000000 0.987597992 0.012402008
KJ:/cc/: 0.523871087 0.476128913 0.000000000
KJ:/cc/cr: 0.412713464 0.356279864 0.231006672
KJ:/cc/rr: 0.000000000 0.837611458 0.162388542
KJ:/crc/: 0.594132450 0.405867550 0.000000000
KJ:/crc/cr: 0.510921753 0.290023554 0.199054693
KJ:/crc/rr: 0.000000000 0.851513199 0.148486801
KJ:/crrc/: 0.571138561 0.428861439 0.000000000
KJ:/crrc/cr: 0.554060863 0.303121229 0.142817909
KJ:/crrc/rr: 0.000000000 0.867931886 0.132068114
KJ:/rc/: 0.660445685 0.339554315 0.000000000
KJ:/rc/cr: 0.452438685 0.390403810 0.157157504
KJ:/rc/rr: 0.000000000 0.917239459 0.082760541
KJ:/rrc/: 0.712537808 0.287462192 0.000000000
KJ:/rrc/cr: 0.555400578 0.319549889 0.125049533
KJ:/rrc/rr: 0.000000000 0.944835711 0.055164289
KK:/cc/: 0.842744377 0.157255623 0.000000000
KK:/cc/cr: 0.695922641 0.168220175 0.135857184
KK:/cc/rr: 0.000000000 0.955458144 0.044541856
KK:/crc/: 0.766808290 0.233191710 0.000000000
KK:/crc/cr: 0.534021797 0.292142327 0.173835875
KK:/crc/rr: 0.000000000 0.906758786 0.093241214
KK:/crrc/: 0.734576735 0.265423265 0.000000000
KK:/crrc/cr: 0.616243468 0.282078077 0.101678454
KK:/crrc/rr: 0.000000000 0.923671652 0.076328348
KK:/rc/: 0.949494189 0.050505811 0.000000000
KK:/rc/cr: 0.637305846 0.224826124 0.137868030
KK:/rc/rr: 0.000000000 0.977797305 0.022202695
KK:/rrc/: 0.900329765 0.099670235 0.000000000
KK:/rrc/cr: 0.670376608 0.242858222 0.086765170
KK:/rrc/rr: 0.000000000 0.971487644 0.028512356
KQ:/cc/: 0.554409609 0.445590391 0.000000000
KQ:/cc/cr: 0.416857614 0.330690277 0.252452110
KQ:/cc/rr: 0.000000000 0.821068393 0.178931607
KQ:/crc/: 0.588416818 0.411583182 0.000000000
KQ:/crc/cr: 0.488796697 0.269420229 0.241783074
KQ:/crc/rr: 0.000000000 0.840590948 0.159409052
KQ:/crrc/: 0.527980007 0.472019993 0.000000000
KQ:/crrc/cr: 0.522822953 0.331383874 0.145793173
KQ:/crrc/rr: 0.000000000 0.864002330 0.135997670
KQ:/rc/: 0.436284146 0.563715854 0.000000000
KQ:/rc/cr: 0.494505738 0.382062391 0.123431872
KQ:/rc/rr: 0.000000000 0.863420213 0.136579787
KQ:/rrc/: 0.560875971 0.439124029 0.000000000
KQ:/rrc/cr: 0.563626906 0.322423356 0.113949739
KQ:/rrc/rr: 0.000000000 0.908228555 0.091771445
Q:/: 0.216459961 0.783540039 0.000000000
Q:/cr: 0.148357798 0.295206362 0.556435840
Q:/rr: 0.000000000 0.760507548 0.239492452
QJ:/cc/: 0.225151057 0.774848943 0.000000000
QJ:/cc/cr: 0.135840385 0.165325910 0.698833705
QJ:/cc/rr: 0.000000000 0.234661340 0.765338660
QJ:/crc/: 0.232177386 0.767822614 0.000000000
QJ:/crc/cr: 0.262375554 0.101260981 0.636363465
QJ:/crc/rr: 0.000000000 0.299943220 0.700056780
QJ:/crrc/: 0.350613611 0.649386389 0.000000000
QJ:/crrc/cr: 0.336137713 0.187962024 0.475900263
QJ:/crrc/rr: 0.000000000 0.290423503 0.709576497
QJ:/rc/: 0.380866862 0.619133138 0.000000000
QJ:/rc/cr: 0.345652061 0.167760031 0.486587907
QJ:/rc/rr: 0.000000000 0.303387001 0.696612999
QJ:/rrc/: 0.416342307 0.583657693 0.000000000
QJ:/rrc/cr: 0.318403422 0.125248830 0.556347749
QJ:/rrc/rr: 0.000000000 0.265231684 0.734768316
QK:/cc/: 0.662522675 0.337477325 0.000000000
QK:/cc/cr: 0.518180390 0.300320467 0.181499142
QK:/cc/rr: 0.000000000 0.901462182 0.098537818
QK:/crc/: 0.486287940 0.513712060 0.000000000
QK:/crc/cr: 0.377897686 0.410136969 0.211965344
QK:/crc/rr: 0.000000000 0.830938826 0.169061174
QK:/crrc/: 0.446228939 0.553771061 0.000000000
QK:/crrc/cr: 0.433416011 0.386245385 0.180338604
QK:/crrc/rr: 0.000000000 0.823046364 0.176953636
QK:/rc/: 0.516587797 0.483412203 0.000000000
QK:/rc/cr: 0.518063976 0.314717774 0.167218251
QK:/rc/rr: 0.000000000 0.856077241 0.143922759
QK:/rrc/: 0.438340771 0.561659229 0.000000000
QK:/rrc/cr: 0.452320975 0.375193743 0.172485282
QK:/rrc/rr: 0.000000000 0.758670930 0.241329070
QQ:/cc/: 0.848775142 0.151224858 0.000000000
QQ:/cc/cr: 0.797055580 0.139901153 0.063043267
QQ:/cc/rr: 0.000000000 0.959140312 0.040859688
QQ:/crc/: 0.832742268 0.167257732 0.000000000
QQ:/crc/cr: 0.748218884 0.167841173 0.083939942
QQ:/crc/rr: 0.000000000 0.959764351 0.040235649
QQ:/crrc/: 0.733196733 0.266803267 0.000000000
QQ:/crrc/cr: 0.775642548 0.147925993 0.076431459
QQ:/crrc/rr: 0.000000000 0.942551882 0.057448118
QQ:/rc/: 0.857521773 0.142478227 0.000000000
QQ:/rc/cr: 0.603239256 0.239516253 0.157244491
QQ:/rc/rr: 0.000000000 0.947144862 0.052855138
QQ:/rrc/: 0.840143262 0.159856738 0.000000000
QQ:/rrc/cr: 0.769674749 0.158556686 0.071768565
QQ:/rrc/rr: 0.000000000 0.958835713 0.041164287
