J:/: 0.135591371 0.864408629 0.000000000
J:/cr: 0.078959473 0.066853253 0.854187273
J:/rr: 0.000000000 0.467577968 0.532422032
JJ:/cc/: 0.809493102 0.190506898 0.000000000
JJ:/cc/cr: 0.812753405 0.119861030 0.067385565
JJ:/cc/rr: 0.000000000 0.965916581 0.034083419
JJ:/crc/: 0.867685359 0.132314641 0.000000000
JJ:/crc/cr: 0.505509799 0.286003827 0.208486373
JJ:/crc/rr: 0.000000000 0.942974660 0.057025340
JJ:/crrc/: 0.804220123 0.195779877 0.000000000
JJ:/crrc/cr: 0.666155967 0.239089015 0.094755018
JJ:/crrc/rr: 0.000000000 0.946453485 0.053546515
JJ:/rc/: 0.747992404 0.252007596 0.000000000
JJ:/rc/cr: 0.745886149 0.169327400 0.084786451
JJ:/rc/rr: 0.000000000 0.948595466 0.051404534
JJ:/rrc/: 0.820427627 0.179572373 0.000000000
JJ:/rrc/cr: 0.665575510 0.223714429 0.110710061
JJ:/rrc/rr: 0.000000000 0.947669694 0.052330306
JK:/cc/: 0.161138870 0.838861130 0.000000000
JK:/cc/cr: 0.146132376 0.134312853 0.719554771
JK:/cc/rr: 0.000000000 0.213978422 0.786021578
JK:/crc/: 0.394190436 0.605809564 0.000000000
JK:/crc/cr: 0.347620518 0.145625492 0.506753990
JK:/crc/rr: 0.000000000 0.296761532 0.703238468
JK:/crrc/: 0.390829865 0.609170135 0.000000000
JK:/crrc/cr: 0.333028368 0.129937720 0.537033912
JK:/crrc/rr: 0.000000000 0.262759459 0.737240541
JK:/rc/: 0.285419581 0.714580419 0.000000000
JK:/rc/cr: 0.237863572 0.193704373 0.568432056
JK:/rc/rr: 0.000000000 0.237807075 0.762192925
JK:/rrc/: 0.360374088 0.639625912 0.000000000
JK:/rrc/cr: 0.350168634 0.168403653 0.481427713
JK:/rrc/rr: 0.000000000 0.322734713 0.677265287
JQ:/cc/: 0.173125468 0.826874532 0.000000000
JQ:/cc/cr: 0.169386484 0.116418928 0.714194587
JQ:/cc/rr: 0.000000000 0.235768233 0.764231767
JQ:/crc/: 0.292468237 0.707531763 0.000000000
JQ:/crc/cr: 0.254578042 0.212854583 0.532567375
JQ:/crc/rr: 0.000000000 0.322318504 0.677681496
JQ:/crrc/: 0.440700153 0.559299847 0.000000000
JQ:/crrc/cr: 0.344974969 0.170707656 0.484317375
JQ:/crrc/rr: 0.000000000 0.224992039 0.775007961
JQ:/rc/: 0.306501581 0.693498419 0.000000000
JQ:/rc/cr: 0.185811575 0.165633948 0.648554476
JQ:/rc/rr: 0.000000000 0.226234283 0.773765717
JQ:/rrc/: 0.394627199 0.605372801 0.000000000
JQ:/rrc/cr: 0.296720229 0.223527019 0.479752752
JQ:/rrc/rr: 0.000000000 0.299590679 0.700409321
K:/: 0.849062928 0.150937072 0.000000000
K:/cr: 0.667148036 0.316257526 0.016594437
K:/rr: 0.000000000 0.987759035 0.012240965
KJ:/cc/: 0.524347356 0.475652644 0.000000000
KJ:/cc/cr: 0.411809851 0.357825243 0.230364906
KJ:/cc/rr: 0.000000000 0.838476624 0.161523376
KJ:/crc/: 0.593534792 0.406465208 0.000000000
KJ:/crc/cr: 0.512850666 0.289119797 0.198029537
KJ:/crc/rr: 0.000000000 0.852158368 0.147841632
KJ:/crrc/: 0.571214094 0.428785906 0.000000000
KJ:/crrc/cr: 0.555750608 0.302243187 0.142006205
KJ:/crrc/rr: 0.000000000 0.868754729 0.131245271
KJ:/rc/: 0.661327137 0.338672863 0.000000000
KJ:/rc/cr: 0.453985738 0.389530084 0.156484178
KJ:/rc/rr: 0.000000000 0.917810515 0.082189485
KJ:/rrc/: 0.712632752 0.287367248 0.000000000
KJ:/rrc/cr: 0.557484158 0.318235976 0.124279866
KJ:/rrc/rr: 0.000000000 0.945251018 0.054748982
KK:/cc/: 0.844619768 0.155380232 0.000000000
KK:/cc/cr: 0.697485033 0.167355836 0.135159131
KK:/cc/rr: 0.000000000 0.956008144 0.043991856
KK:/crc/: 0.770540851 0.229459149 0.000000000
KK:/crc/cr: 0.535295715 0.291755476 0.172948809
KK:/crc/rr: 0.000000000 0.907885954 0.092114046
KK:/crrc/: 0.735718945 0.264281055 0.000000000
KK:/crrc/cr: 0.618585695 0.280356437 0.101057868
KK:/crrc/rr: 0.000000000 0.924720472 0.075279528
KK:/rc/: 0.950088952 0.049911048 0.000000000
KK:/rc/cr: 0.639383807 0.223538042 0.137078151
KK:/rc/rr: 0.000000000 0.978109525 0.021890475
KK:/rrc/: 0.901059778 0.098940222 0.000000000
KK:/rrc/cr: 0.672193753 0.241519395 0.086286852
KK:/rrc/rr: 0.000000000 0.971793816 0.028206184
KQ:/cc/: 0.552799360 0.447200640 0.000000000
KQ:/cc/cr: 0.415367981 0.331213034 0.253418985
KQ:/cc/rr: 0.000000000 0.821333905 0.178666095
KQ:/crc/: 0.589354590 0.410645410 0.000000000
KQ:/crc/cr: 0.490134752 0.269720255 0.240144993
KQ:/crc/rr: 0.000000000 0.841536746 0.158463254
KQ:/crrc/: 0.529879609 0.470120391 0.000000000
KQ:/crrc/cr: 0.522319387 0.333098798 0.144581815
KQ:/crrc/rr: 0.000000000 0.865276333 0.134723667
KQ:/rc/: 0.435897373 0.564102627 0.000000000
KQ:/rc/cr: 0.493136307 0.383251701 0.123611991
KQ:/rc/rr: 0.000000000 0.864362211 0.135637789
KQ:/rrc/: 0.560166394 0.439833606 0.000000000
KQ:/rrc/cr: 0.564297318 0.322463453 0.113239230
KQ:/rrc/rr: 0.000000000 0.909073333 0.090926667
Q:/: 0.214185444 0.785814556 0.000000000
Q:/cr: 0.149173017 0.294616313 0.556210670
Q:/rr: 0.000000000 0.760392116 0.239607884
QJ:/cc/: 0.223698596 0.776301404 0.000000000
QJ:/cc/cr: 0.134557749 0.163764864 0.701677386
QJ:/cc/rr: 0.000000000 0.232389793 0.767610207
QJ:/crc/: 0.230225135 0.769774865 0.000000000
QJ:/crc/cr: 0.259655671 0.100211272 0.640133057
QJ:/crc/rr: 0.000000000 0.297349452 0.702650548
QJ:/crrc/: 0.348353123 0.651646877 0.000000000
QJ:/crrc/cr: 0.334555521 0.186722844 0.478721634
QJ:/crrc/rr: 0.000000000 0.288023927 0.711976073
QJ:/rc/: 0.379625506 0.620374494 0.000000000
QJ:/rc/cr: 0.343411219 0.166672453 0.489916327
QJ:/rc/rr: 0.000000000 0.302186386 0.697813614
QJ:/rrc/: 0.414329982 0.585670018 0.000000000
QJ:/rrc/cr: 0.316434441 0.124474301 0.559091258
QJ:/rrc/rr: 0.000000000 0.262871903 0.737128097
QK:/cc/: 0.663361313 0.336638687 0.000000000
QK:/cc/cr: 0.519595983 0.299765716 0.180638301
QK:/cc/rr: 0.000000000 0.902340803 0.097659197
QK:/crc/: 0.489046821 0.510953179 0.000000000
QK:/crc/cr: 0.374175318 0.413209808 0.212614874
QK:/crc/rr: 0.000000000 0.833210959 0.166789041
QK:/crrc/: 0.445187679 0.554812321 0.000000000
QK:/crrc/cr: 0.433105462 0.386429226 0.180465312
QK:/crrc/rr: 0.000000000 0.823713359 0.176286641
QK:/rc/: 0.518437916 0.481562084 0.000000000
QK:/rc/cr: 0.517360858 0.316024146 0.166614995
QK:/rc/rr: 0.000000000 0.856651287 0.143348713
QK:/rrc/: 0.437681214 0.562318786 0.000000000
QK:/rrc/cr: 0.447488165 0.378340745 0.174171090
QK:/rrc/rr: 0.000000000 0.757665783 0.242334217
QQ:/cc/: 0.850650120 0.149349880 0.000000000
QQ:/cc/cr: 0.798801616 0.138697510 0.062500873
QQ:/cc/rr: 0.000000000 0.959630173 0.040369827
QQ:/crc/: 0.831903896 0.168096104 0.000000000
QQ:/crc/cr: 0.751054678 0.165950789 0.082994533
QQ:/crc/rr: 0.000000000 0.960423178 0.039576822
QQ:/crrc/: 0.734348849 0.265651151 0.000000000
QQ:/crrc/cr: 0.777783799 0.146514198 0.075702003
QQ:/crrc/rr: 0.000000000 0.943412795 0.056587205
QQ:/rc/: 0.858546042 0.141453958 0.000000000
QQ:/rc/cr: 0.605151551 0.238361840 0.156486608
QQ:/rc/rr: 0.000000000 0.947695105 0.052304895
QQ:/rrc/: 0.842830297 0.157169703 0.000000000
QQ:/rrc/cr: 0.771572978 0.157249939 0.071177083
QQ:/rrc/rr: 0.000000000 0.959427805 0.040572195
