J:/: 0.129413541 0.870586459 0.000000000
J:/cr: 0.074900819 0.063417705 0.861681476
J:/rr: 0.000000000 0.461234934 0.538765066
JJ:/cc/: 0.801219266 0.198780734 0.000000000
JJ:/cc/cr: 0.820775868 0.114725660 0.064498473
JJ:/cc/rr: 0.000000000 0.967617271 0.032382729
JJ:/crc/: 0.869823121 0.130176879 0.000000000
JJ:/crc/cr: 0.514080996 0.281755391 0.204163613
JJ:/crc/rr: 0.000000000 0.945566361 0.054433639
JJ:/crrc/: 0.811510029 0.188489971 0.000000000
JJ:/crrc/cr: 0.674533015 0.233089627 0.092377359
JJ:/crrc/rr: 0.000000000 0.949224869 0.050775131
JJ:/rc/: 0.751943435 0.248056565 0.000000000
JJ:/rc/cr: 0.751328376 0.165701001 0.082970623
JJ:/rc/rr: 0.000000000 0.950425454 0.049574546
JJ:/rrc/: 0.819786817 0.180213183 0.000000000
JJ:/rrc/cr: 0.675183267 0.217287286 0.107529447
JJ:/rrc/rr: 0.000000000 0.949861652 0.050138348
JK:/cc/: 0.155358264 0.844641736 0.000000000
JK:/cc/cr: 0.139936790 0.128618380 0.731444829
JK:/cc/rr: 0.000000000 0.207278772 0.792721228
JK:/crc/: 0.393262144 0.606737856 0.000000000
JK:/crc/cr: 0.337298878 0.141964169 0.520736954
JK:/crc/rr: 0.000000000 0.293113561 0.706886439
JK:/crrc/: 0.386063332 0.613936668 0.000000000
JK:/crrc/cr: 0.325494972 0.127938519 0.546566509
JK:/crrc/rr: 0.000000000 0.259642813 0.740357187
JK:/rc/: 0.285109292 0.714890708 0.000000000
JK:/rc/cr: 0.233206892 0.189353010 0.577440098
JK:/rc/rr: 0.000000000 0.235153041 0.764846959
JK:/rrc/: 0.364768342 0.635231658 0.000000000
JK:/rrc/cr: 0.341836703 0.164510546 0.493652751
JK:/rrc/rr: 0.000000000 0.317086843 0.682913157
JQ:/cc/: 0.168809115 0.831190885 0.000000000
JQ:/cc/cr: 0.161856143 0.111243343 0.726900515
JQ:/cc/rr: 0.000000000 0.228404473 0.771595527
JQ:/crc/: 0.291002023 0.708997977 0.000000000
JQ:/crc/cr: 0.248937197 0.207941641 0.543121163
JQ:/crc/rr: 0.000000000 0.318596715 0.681403285
JQ:/crrc/: 0.437699137 0.562300863 0.000000000
JQ:/crrc/cr: 0.338859095 0.167422709 0.493718196
JQ:/crrc/rr: 0.000000000 0.220788026 0.779211974
JQ:/rc/: 0.300436853 0.699563147 0.000000000
JQ:/rc/cr: 0.182652024 0.162610767 0.654737209
JQ:/rc/rr: 0.000000000 0.222162283 0.777837717
JQ:/rrc/: 0.389540928 0.610459072 0.000000000
JQ:/rrc/cr: 0.289233041 0.217859976 0.492906983
JQ:/rrc/rr: 0.000000000 0.293114237 0.706885763
K:/: 0.838741825 0.161258175 0.000000000
K:/cr: 0.681126745 0.303210474 0.015662781
K:/rr: 0.000000000 0.988330517 0.011669483
KJ:/cc/: 0.524574736 0.475425264 0.000000000
KJ:/cc/cr: 0.415583316 0.358324170 0.226092514
KJ:/cc/rr: 0.000000000 0.841481585 0.158518415
KJ:/crc/: 0.588998586 0.411001414 0.000000000
KJ:/crc/cr: 0.517740098 0.287286015 0.194973887
KJ:/crc/rr: 0.000000000 0.854599507 0.145400493
KJ:/crrc/: 0.566213265 0.433786735 0.000000000
KJ:/crrc/cr: 0.554662686 0.306502756 0.138834558
KJ:/crrc/rr: 0.000000000 0.871937959 0.128062041
KJ:/rc/: 0.666234335 0.333765665 0.000000000
KJ:/rc/cr: 0.458043166 0.388010031 0.153946802
KJ:/rc/rr: 0.000000000 0.920114531 0.079885469
KJ:/rrc/: 0.715458733 0.284541267 0.000000000
KJ:/rrc/cr: 0.559411704 0.319073156 0.121515139
KJ:/rrc/rr: 0.000000000 0.946801180 0.053198820
KK:/cc/: 0.842632137 0.157367863 0.000000000
KK:/cc/cr: 0.708982139 0.160995464 0.130022397
KK:/cc/rr: 0.000000000 0.958043667 0.041956333
KK:/crc/: 0.779389784 0.220610216 0.000000000
KK:/crc/cr: 0.542735963 0.288137651 0.169126387
KK:/crc/rr: 0.000000000 0.912120712 0.087879288
KK:/crrc/: 0.751187567 0.248812433 0.000000000
KK:/crrc/cr: 0.628922683 0.272758292 0.098319025
KK:/crrc/rr: 0.000000000 0.929637645 0.070362355
KK:/rc/: 0.951709731 0.048290269 0.000000000
KK:/rc/cr: 0.648593275 0.217829295 0.133577430
KK:/rc/rr: 0.000000000 0.979143919 0.020856081
KK:/rrc/: 0.904235860 0.095764140 0.000000000
KK:/rrc/cr: 0.679299764 0.236283865 0.084416371
KK:/rrc/rr: 0.000000000 0.972817643 0.027182357
KQ:/cc/: 0.548715724 0.451284276 0.000000000
KQ:/cc/cr: 0.408729121 0.334539157 0.256731722
KQ:/cc/rr: 0.000000000 0.822229554 0.177770446
KQ:/crc/: 0.589883966 0.410116034 0.000000000
KQ:/crc/cr: 0.495925151 0.269557003 0.234517846
KQ:/crc/rr: 0.000000000 0.845801054 0.154198946
KQ:/crrc/: 0.534603492 0.465396508 0.000000000
KQ:/crrc/cr: 0.528763878 0.330496113 0.140740009
KQ:/crrc/rr: 0.000000000 0.870470320 0.129529680
KQ:/rc/: 0.438504348 0.561495652 0.000000000
KQ:/rc/cr: 0.483946082 0.390546286 0.125507632
KQ:/rc/rr: 0.000000000 0.868470312 0.131529688
KQ:/rrc/: 0.562686847 0.437313153 0.000000000
KQ:/rrc/cr: 0.567003606 0.322507716 0.110488679
KQ:/rrc/rr: 0.000000000 0.912133586 0.087866414
Q:/: 0.200482405 0.799517595 0.000000000
Q:/cr: 0.152809651 0.316045299 0.531145050
Q:/rr: 0.000000000 0.753323218 0.246676782
QJ:/cc/: 0.217799308 0.782200692 0.000000000
QJ:/cc/cr: 0.129854607 0.158040858 0.712104535
QJ:/cc/rr: 0.000000000 0.226213460 0.773786540
QJ:/crc/: 0.223073686 0.776926314 0.000000000
QJ:/crc/cr: 0.249291367 0.096211282 0.654497351
QJ:/crc/rr: 0.000000000 0.289161002 0.710838998
QJ:/crrc/: 0.341860846 0.658139154 0.000000000
QJ:/crrc/cr: 0.325889348 0.181753054 0.492357598
QJ:/crrc/rr: 0.000000000 0.280579684 0.719420316
QJ:/rc/: 0.376544244 0.623455756 0.000000000
QJ:/rc/cr: 0.336961998 0.163736652 0.499301350
QJ:/rc/rr: 0.000000000 0.297481938 0.702518062
QJ:/rrc/: 0.408493299 0.591506701 0.000000000
QJ:/rrc/cr: 0.308580103 0.121384678 0.570035220
QJ:/rrc/rr: 0.000000000 0.256536443 0.743463557
QK:/cc/: 0.665042540 0.334957460 0.000000000
QK:/cc/cr: 0.526936827 0.295578708 0.177484465
QK:/cc/rr: 0.000000000 0.905339935 0.094660065
QK:/crc/: 0.492715406 0.507284594 0.000000000
QK:/crc/cr: 0.371673959 0.418373026 0.209953015
QK:/crc/rr: 0.000000000 0.841180412 0.158819588
QK:/crrc/: 0.452372071 0.547627929 0.000000000
QK:/crrc/cr: 0.424659007 0.392770107 0.182570886
QK:/crrc/rr: 0.000000000 0.830668794 0.169331206
QK:/rc/: 0.516831157 0.483168843 0.000000000
QK:/rc/cr: 0.518265348 0.317633582 0.164101071
QK:/rc/rr: 0.000000000 0.858241621 0.141758379
QK:/rrc/: 0.437483010 0.562516990 0.000000000
QK:/rrc/cr: 0.434208720 0.378173662 0.187617618
QK:/rrc/rr: 0.000000000 0.752614937 0.247385063
QQ:/cc/: 0.856009095 0.143990905 0.000000000
QQ:/cc/cr: 0.804820302 0.134548487 0.060631211
QQ:/cc/rr: 0.000000000 0.961359956 0.038640044
QQ:/crc/: 0.838548110 0.161451890 0.000000000
QQ:/crc/cr: 0.762832246 0.158099681 0.079068073
QQ:/crc/rr: 0.000000000 0.962966005 0.037033995
QQ:/crrc/: 0.745309170 0.254690830 0.000000000
QQ:/crrc/cr: 0.785249857 0.141591589 0.073158554
QQ:/crrc/rr: 0.000000000 0.946526860 0.053473140
QQ:/rc/: 0.862803773 0.137196227 0.000000000
QQ:/rc/cr: 0.612510907 0.233920376 0.153568717
QQ:/rc/rr: 0.000000000 0.949566993 0.050433007
QQ:/rrc/: 0.849572688 0.150427312 0.000000000
QQ:/rrc/cr: 0.777814219 0.152953447 0.069232333
QQ:/rrc/rr: 0.000000000 0.961364392 0.038635608
