J:/: 0.127468692 0.872531308 0.000000000
J:/cr: 0.072946699 0.061763173 0.865290128
J:/rr: 0.000000000 0.460583301 0.539416699
JJ:/cc/: 0.785444405 0.214555595 0.000000000
JJ:/cc/cr: 0.824577281 0.112292284 0.063130435
JJ:/cc/rr: 0.000000000 0.968332927 0.031667073
JJ:/crc/: 0.871609373 0.128390627 0.000000000
JJ:/crc/cr: 0.520340300 0.278591270 0.201068430
JJ:/crc/rr: 0.000000000 0.946739578 0.053260422
JJ:/crrc/: 0.814948560 0.185051440 0.000000000
JJ:/crrc/cr: 0.678455660 0.230280347 0.091263994
JJ:/crrc/rr: 0.000000000 0.950368218 0.049631782
JJ:/rc/: 0.749471373 0.250528627 0.000000000
JJ:/rc/cr: 0.753929885 0.163967499 0.082102616
JJ:/rc/rr: 0.000000000 0.951281667 0.048718333
JJ:/rrc/: 0.820771852 0.179228148 0.000000000
JJ:/rrc/cr: 0.679022565 0.214718975 0.106258461
JJ:/rrc/rr: 0.000000000 0.950699648 0.049300352
JK:/cc/: 0.152829751 0.847170249 0.000000000
JK:/cc/cr: 0.137186657 0.126090684 0.736722658
JK:/cc/rr: 0.000000000 0.204103836 0.795896164
JK:/crc/: 0.391237567 0.608762433 0.000000000
JK:/crc/cr: 0.332795641 0.140060525 0.527143834
JK:/crc/rr: 0.000000000 0.291045127 0.708954873
JK:/crrc/: 0.382283181 0.617716819 0.000000000
JK:/crrc/cr: 0.323279034 0.126693119 0.550027847
JK:/crrc/rr: 0.000000000 0.263237078 0.736762922
JK:/rc/: 0.284002346 0.715997654 0.000000000
JK:/rc/cr: 0.231109572 0.187650086 0.581240342
JK:/rc/rr: 0.000000000 0.233643158 0.766356842
JK:/rrc/: 0.364370880 0.635629120 0.000000000
JK:/rrc/cr: 0.339077776 0.163151868 0.497770356
JK:/rrc/rr: 0.000000000 0.314296776 0.685703224
JQ:/cc/: 0.166814957 0.833185043 0.000000000
JQ:/cc/cr: 0.158486452 0.108927362 0.732586185
JQ:/cc/rr: 0.000000000 0.224966770 0.775033230
JQ:/crc/: 0.290663233 0.709336767 0.000000000
JQ:/crc/cr: 0.246626052 0.205972349 0.547401599
JQ:/crc/rr: 0.000000000 0.316580752 0.683419248
JQ:/crrc/: 0.433691518 0.566308482 0.000000000
JQ:/crrc/cr: 0.335691216 0.166621061 0.497687723
JQ:/crrc/rr: 0.000000000 0.218932517 0.781067483
JQ:/rc/: 0.298059896 0.701940104 0.000000000
JQ:/rc/cr: 0.181081990 0.161213003 0.657705007
JQ:/rc/rr: 0.000000000 0.220552813 0.779447187
JQ:/rrc/: 0.386456985 0.613543015 0.000000000
JQ:/rrc/cr: 0.286342454 0.215544967 0.498112579
JQ:/rrc/rr: 0.000000000 0.290176918 0.709823082
K:/: 0.825595574 0.174404426 0.000000000
K:/cr: 0.687196648 0.297539465 0.015263887
K:/rr: 0.000000000 0.988577829 0.011422171
KJ:/cc/: 0.523538592 0.476461408 0.000000000
KJ:/cc/cr: 0.416251504 0.359600748 0.224147748
KJ:/cc/rr: 0.000000000 0.842565804 0.157434196
KJ:/crc/: 0.590057861 0.409942139 0.000000000
KJ:/crc/cr: 0.516295087 0.290120475 0.193584437
KJ:/crc/rr: 0.000000000 0.855870351 0.144129649
KJ:/crrc/: 0.565736634 0.434263366 0.000000000
KJ:/crrc/cr: 0.555741366 0.307021798 0.137236836
KJ:/crrc/rr: 0.000000000 0.873473914 0.126526086
KJ:/rc/: 0.667456652 0.332543348 0.000000000
KJ:/rc/cr: 0.460145543 0.387144657 0.152709799
KJ:/rc/rr: 0.000000000 0.921121194 0.078878806
KJ:/rrc/: 0.716542101 0.283457899 0.000000000
KJ:/rrc/cr: 0.561616699 0.318070728 0.120312573
KJ:/rrc/rr: 0.000000000 0.947490127 0.052509873
KK:/cc/: 0.831887004 0.168112996 0.000000000
KK:/cc/cr: 0.715006042 0.157662950 0.127331008
KK:/cc/rr: 0.000000000 0.959075392 0.040924608
KK:/crc/: 0.783928991 0.216071009 0.000000000
KK:/crc/cr: 0.548045469 0.285276888 0.166677643
KK:/crc/rr: 0.000000000 0.914838080 0.085161920
KK:/crrc/: 0.758643095 0.241356905 0.000000000
KK:/crrc/cr: 0.633602101 0.269318712 0.097079187
KK:/crrc/rr: 0.000000000 0.931931987 0.068068013
KK:/rc/: 0.951909215 0.048090785 0.000000000
KK:/rc/cr: 0.654484953 0.214177174 0.131337873
KK:/rc/rr: 0.000000000 0.979597462 0.020402538
KK:/rrc/: 0.905292573 0.094707427 0.000000000
KK:/rrc/cr: 0.682879592 0.233646338 0.083474070
KK:/rrc/rr: 0.000000000 0.973222408 0.026777592
KQ:/cc/: 0.546309268 0.453690732 0.000000000
KQ:/cc/cr: 0.406250877 0.336484135 0.257264987
KQ:/cc/rr: 0.000000000 0.822785870 0.177214130
KQ:/crc/: 0.590385937 0.409614063 0.000000000
KQ:/crc/cr: 0.496820121 0.271296287 0.231883591
KQ:/crc/rr: 0.000000000 0.848035350 0.151964650
KQ:/crrc/: 0.537950898 0.462049102 0.000000000
KQ:/crrc/cr: 0.533248770 0.327926522 0.138824709
KQ:/crrc/rr: 0.000000000 0.873019487 0.126980513
KQ:/rc/: 0.439875443 0.560124557 0.000000000
KQ:/rc/cr: 0.480681747 0.393979909 0.125338344
KQ:/rc/rr: 0.000000000 0.870167201 0.129832799
KQ:/rrc/: 0.561154990 0.438845010 0.000000000
KQ:/rrc/cr: 0.568993090 0.321831643 0.109175267
KQ:/rrc/rr: 0.000000000 0.913413580 0.086586420
Q:/: 0.195421716 0.804578284 0.000000000
Q:/cr: 0.156098447 0.323967606 0.519933947
Q:/rr: 0.000000000 0.752405024 0.247594976
QJ:/cc/: 0.215523780 0.784476220 0.000000000
QJ:/cc/cr: 0.127873625 0.155629884 0.716496490
QJ:/cc/rr: 0.000000000 0.223935079 0.776064921
QJ:/crc/: 0.219765525 0.780234475 0.000000000
QJ:/crc/cr: 0.244140581 0.094223392 0.661636027
QJ:/crc/rr: 0.000000000 0.285909399 0.714090601
QJ:/crrc/: 0.338089390 0.661910610 0.000000000
QJ:/crrc/cr: 0.320705930 0.179036186 0.500257884
QJ:/crrc/rr: 0.000000000 0.277212855 0.722787145
QJ:/rc/: 0.374588394 0.625411606 0.000000000
QJ:/rc/cr: 0.334000632 0.162243269 0.503756099
QJ:/rc/rr: 0.000000000 0.295572602 0.704427398
QJ:/rrc/: 0.405728880 0.594271120 0.000000000
QJ:/rrc/cr: 0.305443852 0.120150986 0.574405162
QJ:/rrc/rr: 0.000000000 0.253310432 0.746689568
QK:/cc/: 0.666495067 0.333504933 0.000000000
QK:/cc/cr: 0.529886713 0.294124197 0.175989090
QK:/cc/rr: 0.000000000 0.906683096 0.093316904
QK:/crc/: 0.500933769 0.499066231 0.000000000
QK:/crc/cr: 0.367717937 0.425017022 0.207265041
QK:/crc/rr: 0.000000000 0.844916417 0.155083583
QK:/crrc/: 0.455915265 0.544084735 0.000000000
QK:/crrc/cr: 0.423116511 0.394244503 0.182638987
QK:/crrc/rr: 0.000000000 0.834300728 0.165699272
QK:/rc/: 0.517991843 0.482008157 0.000000000
QK:/rc/cr: 0.519990586 0.317261620 0.162747794
QK:/rc/rr: 0.000000000 0.859061154 0.140938846
QK:/rrc/: 0.436858986 0.563141014 0.000000000
QK:/rrc/cr: 0.429029636 0.378313218 0.192657147
QK:/rrc/rr: 0.000000000 0.748982363 0.251017637
QQ:/cc/: 0.855776681 0.144223319 0.000000000
QQ:/cc/cr: 0.807616496 0.132620912 0.059762593
QQ:/cc/rr: 0.000000000 0.962094349 0.037905651
QQ:/crc/: 0.841757573 0.158242427 0.000000000
QQ:/crc/cr: 0.768466224 0.154343984 0.077189792
QQ:/crc/rr: 0.000000000 0.964087700 0.035912300
QQ:/crrc/: 0.752110699 0.247889301 0.000000000
QQ:/crrc/cr: 0.789068320 0.139073955 0.071857725
QQ:/crrc/rr: 0.000000000 0.948123468 0.051876532
QQ:/rc/: 0.865232156 0.134767844 0.000000000
QQ:/rc/cr: 0.614780813 0.232554409 0.152664777
QQ:/rc/rr: 0.000000000 0.950417157 0.049582843
QQ:/rrc/: 0.851626899 0.148373101 0.000000000
QQ:/rrc/cr: 0.780730839 0.150945636 0.068323525
QQ:/rrc/rr: 0.000000000 0.962206663 0.037793337
