J:/: 0.128712026 0.871287974 0.000000000
J:/cr: 0.071285936 0.060357023 0.868357041
J:/rr: 0.000000000 0.471240302 0.528759698
JJ:/cc/: 0.784717488 0.215282512 0.000000000
JJ:/cc/cr: 0.828392457 0.109850098 0.061757445
JJ:/cc/rr: 0.000000000 0.968998222 0.031001778
JJ:/crc/: 0.874089457 0.125910543 0.000000000
JJ:/crc/cr: 0.523794020 0.276768438 0.199437542
JJ:/crc/rr: 0.000000000 0.947876181 0.052123819
JJ:/crrc/: 0.818680643 0.181319357 0.000000000
JJ:/crrc/cr: 0.681622616 0.228012268 0.090365116
JJ:/crrc/rr: 0.000000000 0.951371645 0.048628355
JJ:/rc/: 0.752811941 0.247188059 0.000000000
JJ:/rc/cr: 0.755971269 0.162607234 0.081421497
JJ:/rc/rr: 0.000000000 0.952083976 0.047916024
JJ:/rrc/: 0.821999546 0.178000454 0.000000000
JJ:/rrc/cr: 0.683339844 0.211830916 0.104829240
JJ:/rrc/rr: 0.000000000 0.951693301 0.048306699
JK:/cc/: 0.150681419 0.849318581 0.000000000
JK:/cc/cr: 0.134543920 0.123661698 0.741794381
JK:/cc/rr: 0.000000000 0.201246515 0.798753485
JK:/crc/: 0.389170659 0.610829341 0.000000000
JK:/crc/cr: 0.329367008 0.138744730 0.531888262
JK:/crc/rr: 0.000000000 0.289576769 0.710423231
JK:/crrc/: 0.378216585 0.621783415 0.000000000
JK:/crrc/cr: 0.321810813 0.125644843 0.552544344
JK:/crrc/rr: 0.000000000 0.260733779 0.739266221
JK:/rc/: 0.286968266 0.713031734 0.000000000
JK:/rc/cr: 0.228594434 0.185607912 0.585797654
JK:/rc/rr: 0.000000000 0.232740929 0.767259071
JK:/rrc/: 0.365759930 0.634240070 0.000000000
JK:/rrc/cr: 0.335798203 0.161490072 0.502711725
JK:/rrc/rr: 0.000000000 0.312449881 0.687550119
JQ:/cc/: 0.164653326 0.835346674 0.000000000
JQ:/cc/cr: 0.155355043 0.106775152 0.737869804
JQ:/cc/rr: 0.000000000 0.221191254 0.778808746
JQ:/crc/: 0.288301327 0.711698673 0.000000000
JQ:/crc/cr: 0.244707593 0.204210607 0.551081800
JQ:/crc/rr: 0.000000000 0.314558280 0.685441720
JQ:/crrc/: 0.429571195 0.570428805 0.000000000
JQ:/crrc/cr: 0.333549395 0.165426318 0.501024287
JQ:/crrc/rr: 0.000000000 0.217761037 0.782238963
JQ:/rc/: 0.295842670 0.704157330 0.000000000
JQ:/rc/cr: 0.179426472 0.159739134 0.660834394
JQ:/rc/rr: 0.000000000 0.219026079 0.780973921
JQ:/rrc/: 0.384645337 0.615354663 0.000000000
JQ:/rrc/cr: 0.283620493 0.213479577 0.502899930
JQ:/rrc/rr: 0.000000000 0.288074628 0.711925372
K:/: 0.819791991 0.180208009 0.000000000
K:/cr: 0.694786304 0.290399543 0.014814153
K:/rr: 0.000000000 0.988808732 0.011191268
KJ:/cc/: 0.523460456 0.476539544 0.000000000
KJ:/cc/cr: 0.414284837 0.363940292 0.221774871
KJ:/cc/rr: 0.000000000 0.844303031 0.155696969
KJ:/crc/: 0.589870267 0.410129733 0.000000000
KJ:/crc/cr: 0.516948907 0.290768830 0.192282263
KJ:/crc/rr: 0.000000000 0.857008355 0.142991645
KJ:/crrc/: 0.566447114 0.433552886 0.000000000
KJ:/crrc/cr: 0.557280587 0.306823173 0.135896239
KJ:/crrc/rr: 0.000000000 0.875083579 0.124916421
KJ:/rc/: 0.669737965 0.330262035 0.000000000
KJ:/rc/cr: 0.463086966 0.385285266 0.151627768
KJ:/rc/rr: 0.000000000 0.922041254 0.077958746
KJ:/rrc/: 0.718355247 0.281644753 0.000000000
KJ:/rrc/cr: 0.563335373 0.317436932 0.119227694
KJ:/rrc/rr: 0.000000000 0.948120715 0.051879285
KK:/cc/: 0.835329051 0.164670949 0.000000000
KK:/cc/cr: 0.720719630 0.154502107 0.124778263
KK:/cc/rr: 0.000000000 0.960056330 0.039943670
KK:/crc/: 0.782647302 0.217352698 0.000000000
KK:/crc/cr: 0.556105125 0.280454470 0.163440405
KK:/crc/rr: 0.000000000 0.916593943 0.083406057
KK:/crrc/: 0.764216896 0.235783104 0.000000000
KK:/crrc/cr: 0.639736395 0.264809734 0.095453871
KK:/crrc/rr: 0.000000000 0.934032869 0.065967131
KK:/rc/: 0.951225046 0.048774954 0.000000000
KK:/rc/cr: 0.659530285 0.211049683 0.129420031
KK:/rc/rr: 0.000000000 0.979981009 0.020018991
KK:/rrc/: 0.905584434 0.094415566 0.000000000
KK:/rrc/cr: 0.686057176 0.231305174 0.082637650
KK:/rrc/rr: 0.000000000 0.973594314 0.026405686
KQ:/cc/: 0.542824036 0.457175964 0.000000000
KQ:/cc/cr: 0.402823541 0.339067187 0.258109272
KQ:/cc/rr: 0.000000000 0.823258915 0.176741085
KQ:/crc/: 0.592026836 0.407973164 0.000000000
KQ:/crc/cr: 0.499215104 0.271186966 0.229597931
KQ:/crc/rr: 0.000000000 0.849619852 0.150380148
KQ:/crrc/: 0.542629130 0.457370870 0.000000000
KQ:/crrc/cr: 0.532533618 0.330769355 0.136697027
KQ:/crrc/rr: 0.000000000 0.875646975 0.124353025
KQ:/rc/: 0.438823761 0.561176239 0.000000000
KQ:/rc/cr: 0.476247692 0.398006777 0.125745531
KQ:/rc/rr: 0.000000000 0.871766532 0.128233468
KQ:/rrc/: 0.561438504 0.438561496 0.000000000
KQ:/rrc/cr: 0.569675567 0.322384972 0.107939460
KQ:/rrc/rr: 0.000000000 0.914723728 0.085276272
Q:/: 0.192901195 0.807098805 0.000000000
Q:/cr: 0.159462737 0.327667552 0.512869712
Q:/rr: 0.000000000 0.743912570 0.256087430
QJ:/cc/: 0.213072211 0.786927789 0.000000000
QJ:/cc/cr: 0.125988429 0.153335487 0.720676084
QJ:/cc/rr: 0.000000000 0.221318640 0.778681360
QJ:/crc/: 0.216468931 0.783531069 0.000000000
QJ:/crc/cr: 0.239624838 0.092480590 0.667894571
QJ:/crc/rr: 0.000000000 0.281396497 0.718603503
QJ:/crrc/: 0.335040092 0.664959908 0.000000000
QJ:/crrc/cr: 0.316032153 0.176422629 0.507545218
QJ:/crrc/rr: 0.000000000 0.274691386 0.725308614
QJ:/rc/: 0.374936956 0.625063044 0.000000000
QJ:/rc/cr: 0.330880463 0.161249167 0.507870370
QJ:/rc/rr: 0.000000000 0.293681918 0.706318082
QJ:/rrc/: 0.401055705 0.598944295 0.000000000
QJ:/rrc/cr: 0.301860943 0.118741594 0.579397462
QJ:/rrc/rr: 0.000000000 0.250245302 0.749754698
QK:/cc/: 0.668136454 0.331863546 0.000000000
QK:/cc/cr: 0.530493330 0.294906192 0.174600478
QK:/cc/rr: 0.000000000 0.907959018 0.092040982
QK:/crc/: 0.504563015 0.495436985 0.000000000
QK:/crc/cr: 0.361783189 0.434127498 0.204089313
QK:/crc/rr: 0.000000000 0.848471877 0.151528123
QK:/crrc/: 0.457843511 0.542156489 0.000000000
QK:/crrc/cr: 0.423389216 0.396399363 0.180211421
QK:/crrc/rr: 0.000000000 0.837259313 0.162740687
QK:/rc/: 0.517568797 0.482431203 0.000000000
QK:/rc/cr: 0.519797697 0.318697522 0.161504782
QK:/rc/rr: 0.000000000 0.859721603 0.140278397
QK:/rrc/: 0.436254779 0.563745221 0.000000000
QK:/rrc/cr: 0.425488210 0.377116416 0.197395374
QK:/rrc/rr: 0.000000000 0.746818104 0.253181896
QQ:/cc/: 0.855607244 0.144392756 0.000000000
QQ:/cc/cr: 0.810828913 0.130406409 0.058764678
QQ:/cc/rr: 0.000000000 0.962747651 0.037252349
QQ:/crc/: 0.830234850 0.169765150 0.000000000
QQ:/crc/cr: 0.774785284 0.150131602 0.075083115
QQ:/crc/rr: 0.000000000 0.965053866 0.034946134
QQ:/crrc/: 0.759742350 0.240257650 0.000000000
QQ:/crrc/cr: 0.792392674 0.136882103 0.070725223
QQ:/crrc/rr: 0.000000000 0.949659332 0.050340668
QQ:/rc/: 0.867029640 0.132970360 0.000000000
QQ:/rc/cr: 0.617303753 0.231031326 0.151664920
QQ:/rc/rr: 0.000000000 0.951208659 0.048791341
QQ:/rrc/: 0.852233871 0.147766129 0.000000000
QQ:/rrc/cr: 0.783194757 0.149249467 0.067555776
QQ:/rrc/rr: 0.000000000 0.962937831 0.037062169
