J:/: 0.126680096 0.873319904 0.000000000
J:/cr: 0.069325434 0.058697088 0.871977478
J:/rr: 0.000000000 0.472087662 0.527912338
JJ:/cc/: 0.784021564 0.215978436 0.000000000
JJ:/cc/cr: 0.831375311 0.107940702 0.060683987
JJ:/cc/rr: 0.000000000 0.969575336 0.030424664
JJ:/crc/: 0.874211457 0.125788543 0.000000000
JJ:/crc/cr: 0.529093309 0.273696403 0.197210289
JJ:/crc/rr: 0.000000000 0.948875032 0.051124968
JJ:/crrc/: 0.821866957 0.178133043 0.000000000
JJ:/crrc/cr: 0.684667650 0.225831507 0.089500843
JJ:/crrc/rr: 0.000000000 0.952128387 0.047871613
JJ:/rc/: 0.755721306 0.244278694 0.000000000
JJ:/rc/cr: 0.757668190 0.161476500 0.080855310
JJ:/rc/rr: 0.000000000 0.952747805 0.047252195
JJ:/rrc/: 0.825268791 0.174731209 0.000000000
JJ:/rrc/cr: 0.686889448 0.209456396 0.103654156
JJ:/rrc/rr: 0.000000000 0.952556541 0.047443459
JK:/cc/: 0.148432861 0.851567139 0.000000000
JK:/cc/cr: 0.132162212 0.121472628 0.746365161
JK:/cc/rr: 0.000000000 0.198475860 0.801524140
JK:/crc/: 0.385874738 0.614125262 0.000000000
JK:/crc/cr: 0.325856586 0.137353046 0.536790368
JK:/crc/rr: 0.000000000 0.288812177 0.711187823
JK:/crrc/: 0.378218347 0.621781653 0.000000000
JK:/crrc/cr: 0.318373974 0.124310178 0.557315848
JK:/crrc/rr: 0.000000000 0.260529999 0.739470001
JK:/rc/: 0.290674230 0.709325770 0.000000000
JK:/rc/cr: 0.226262791 0.183700757 0.590036452
JK:/rc/rr: 0.000000000 0.231715701 0.768284299
JK:/rrc/: 0.366688971 0.633311029 0.000000000
JK:/rrc/cr: 0.332014975 0.160108694 0.507876331
JK:/rrc/rr: 0.000000000 0.309754105 0.690245895
JQ:/cc/: 0.162712518 0.837287482 0.000000000
JQ:/cc/cr: 0.152510487 0.104820096 0.742669417
JQ:/cc/rr: 0.000000000 0.217805496 0.782194504
JQ:/crc/: 0.285523627 0.714476373 0.000000000
JQ:/crc/cr: 0.242385600 0.202241408 0.555372992
JQ:/crc/rr: 0.000000000 0.312046195 0.687953805
JQ:/crrc/: 0.425492111 0.574507889 0.000000000
JQ:/crrc/cr: 0.331266257 0.164161093 0.504572650
JQ:/crrc/rr: 0.000000000 0.216066626 0.783933374
JQ:/rc/: 0.293761059 0.706238941 0.000000000
JQ:/rc/cr: 0.177887177 0.158368737 0.663744086
JQ:/rc/rr: 0.000000000 0.217576639 0.782423361
JQ:/rrc/: 0.381273464 0.618726536 0.000000000
JQ:/rrc/cr: 0.281117698 0.211590668 0.507291634
JQ:/rrc/rr: 0.000000000 0.285909153 0.714090847
K:/: 0.814270672 0.185729328 0.000000000
K:/cr: 0.702820860 0.282778030 0.014401109
K:/rr: 0.000000000 0.989015759 0.010984241
KJ:/cc/: 0.523339704 0.476660296 0.000000000
KJ:/cc/cr: 0.417215269 0.361960178 0.220824553
KJ:/cc/rr: 0.000000000 0.845124545 0.154875455
KJ:/crc/: 0.589343871 0.410656129 0.000000000
KJ:/crc/cr: 0.517860654 0.291032991 0.191106355
KJ:/crc/rr: 0.000000000 0.858093543 0.141906457
KJ:/crrc/: 0.566042732 0.433957268 0.000000000
KJ:/crrc/cr: 0.558984551 0.306372235 0.134643214
KJ:/crrc/rr: 0.000000000 0.876556131 0.123443869
KJ:/rc/: 0.671630002 0.328369998 0.000000000
KJ:/rc/cr: 0.464721603 0.384685283 0.150593115
KJ:/rc/rr: 0.000000000 0.922887795 0.077112205
KJ:/rrc/: 0.719843552 0.280156448 0.000000000
KJ:/rrc/cr: 0.564335655 0.317436288 0.118228057
KJ:/rrc/rr: 0.000000000 0.948713859 0.051286141
KK:/cc/: 0.831770595 0.168229405 0.000000000
KK:/cc/cr: 0.726351402 0.151386526 0.122262072
KK:/cc/rr: 0.000000000 0.960951340 0.039048660
KK:/crc/: 0.789765883 0.210234117 0.000000000
KK:/crc/cr: 0.561556282 0.277010408 0.161433309
KK:/crc/rr: 0.000000000 0.918900747 0.081099253
KK:/crrc/: 0.767976570 0.232023430 0.000000000
KK:/crrc/cr: 0.645052876 0.261014764 0.093932360
KK:/crrc/rr: 0.000000000 0.936435269 0.063564731
KK:/rc/: 0.951915421 0.048084579 0.000000000
KK:/rc/cr: 0.664092252 0.208221821 0.127685928
KK:/rc/rr: 0.000000000 0.980413560 0.019586440
KK:/rrc/: 0.906525691 0.093474309 0.000000000
KK:/rrc/cr: 0.688786162 0.229294526 0.081919312
KK:/rrc/rr: 0.000000000 0.973964781 0.026035219
KQ:/cc/: 0.538751844 0.461248156 0.000000000
KQ:/cc/cr: 0.401240682 0.339927797 0.258831521
KQ:/cc/rr: 0.000000000 0.823304308 0.176695692
KQ:/crc/: 0.591109569 0.408890431 0.000000000
KQ:/crc/cr: 0.502941317 0.269896964 0.227161719
KQ:/crc/rr: 0.000000000 0.851444420 0.148555580
KQ:/crrc/: 0.544281052 0.455718948 0.000000000
KQ:/crrc/cr: 0.533946916 0.331066638 0.134986446
KQ:/crrc/rr: 0.000000000 0.878057571 0.121942429
KQ:/rc/: 0.435376349 0.564623651 0.000000000
KQ:/rc/cr: 0.470501606 0.404388067 0.125110327
KQ:/rc/rr: 0.000000000 0.873274984 0.126725016
KQ:/rrc/: 0.562036158 0.437963842 0.000000000
KQ:/rrc/cr: 0.570891907 0.322234415 0.106873677
KQ:/rrc/rr: 0.000000000 0.915902565 0.084097435
Q:/: 0.187715974 0.812284026 0.000000000
Q:/cr: 0.159370370 0.332825589 0.507804041
Q:/rr: 0.000000000 0.736808363 0.263191637
QJ:/cc/: 0.210997634 0.789002366 0.000000000
QJ:/cc/cr: 0.124109817 0.151049104 0.724841079
QJ:/cc/rr: 0.000000000 0.219334400 0.780665600
QJ:/crc/: 0.213146560 0.786853440 0.000000000
QJ:/crc/cr: 0.235133414 0.090747174 0.674119412
QJ:/crc/rr: 0.000000000 0.277147242 0.722852758
QJ:/crrc/: 0.331745830 0.668254170 0.000000000
QJ:/crrc/cr: 0.311465786 0.173873488 0.514660726
QJ:/crrc/rr: 0.000000000 0.271326001 0.728673999
QJ:/rc/: 0.373997550 0.626002450 0.000000000
QJ:/rc/cr: 0.328459280 0.160021232 0.511519488
QJ:/rc/rr: 0.000000000 0.291803572 0.708196428
QJ:/rrc/: 0.398690512 0.601309488 0.000000000
QJ:/rrc/cr: 0.298287322 0.117335856 0.584376822
QJ:/rrc/rr: 0.000000000 0.247588298 0.752411702
QK:/cc/: 0.669007621 0.330992379 0.000000000
QK:/cc/cr: 0.532808606 0.293839928 0.173351466
QK:/cc/rr: 0.000000000 0.909124379 0.090875621
QK:/crc/: 0.510551495 0.489448505 0.000000000
QK:/crc/cr: 0.356183783 0.440552657 0.203263560
QK:/crc/rr: 0.000000000 0.851519974 0.148480026
QK:/crrc/: 0.455166432 0.544833568 0.000000000
QK:/crrc/cr: 0.423234320 0.397869663 0.178896017
QK:/crrc/rr: 0.000000000 0.838997606 0.161002394
QK:/rc/: 0.517487997 0.482512003 0.000000000
QK:/rc/cr: 0.521211305 0.318307317 0.160481378
QK:/rc/rr: 0.000000000 0.860404586 0.139595414
QK:/rrc/: 0.434352930 0.565647070 0.000000000
QK:/rrc/cr: 0.417759546 0.377981795 0.204258659
QK:/rrc/rr: 0.000000000 0.742978624 0.257021376
QQ:/cc/: 0.857527852 0.142472148 0.000000000
QQ:/cc/cr: 0.813352916 0.128666470 0.057980614
QQ:/cc/rr: 0.000000000 0.963379381 0.036620619
QQ:/crc/: 0.830274054 0.169725946 0.000000000
QQ:/crc/cr: 0.780816150 0.146111333 0.073072517
QQ:/crc/rr: 0.000000000 0.966021365 0.033978635
QQ:/crrc/: 0.763457839 0.236542161 0.000000000
QQ:/crrc/cr: 0.795480175 0.134846416 0.069673410
QQ:/crrc/rr: 0.000000000 0.951106358 0.048893642
QQ:/rc/: 0.869245012 0.130754988 0.000000000
QQ:/rc/cr: 0.619286248 0.229834507 0.150879246
QQ:/rc/rr: 0.000000000 0.951983783 0.048016217
QQ:/rrc/: 0.855128381 0.144871619 0.000000000
QQ:/rrc/cr: 0.785600866 0.147593093 0.066806041
QQ:/rrc/rr: 0.000000000 0.963679186 0.036320814
