J:/: 0.125451759 0.874548241 0.000000000
J:/cr: 0.068598909 0.058081947 0.873319143
J:/rr: 0.000000000 0.467834477 0.532165523
JJ:/cc/: 0.784653821 0.215346179 0.000000000
JJ:/cc/cr: 0.833016744 0.106889981 0.060093274
JJ:/cc/rr: 0.000000000 0.969868639 0.030131361
JJ:/crc/: 0.870947521 0.129052479 0.000000000
JJ:/crc/cr: 0.531191785 0.272514678 0.196293537
JJ:/crc/rr: 0.000000000 0.949356151 0.050643849
JJ:/crrc/: 0.823746551 0.176253449 0.000000000
JJ:/crrc/cr: 0.686165140 0.224759050 0.089075810
JJ:/crrc/rr: 0.000000000 0.952642802 0.047357198
JJ:/rc/: 0.754845216 0.245154784 0.000000000
JJ:/rc/cr: 0.758989174 0.160596269 0.080414557
JJ:/rc/rr: 0.000000000 0.953128973 0.046871027
JJ:/rrc/: 0.826642140 0.173357860 0.000000000
JJ:/rrc/cr: 0.689299764 0.207844007 0.102856230
JJ:/rrc/rr: 0.000000000 0.952878133 0.047121867
JK:/cc/: 0.147335775 0.852664225 0.000000000
JK:/cc/cr: 0.131051460 0.120451716 0.748496825
JK:/cc/rr: 0.000000000 0.197335570 0.802664430
JK:/crc/: 0.385447355 0.614552645 0.000000000
JK:/crc/cr: 0.324439877 0.136781109 0.538779014
JK:/crc/rr: 0.000000000 0.288231287 0.711768713
JK:/crrc/: 0.378449253 0.621550747 0.000000000
JK:/crrc/cr: 0.316680978 0.124280386 0.559038636
JK:/crrc/rr: 0.000000000 0.259892028 0.740107972
JK:/rc/: 0.291954345 0.708045655 0.000000000
JK:/rc/cr: 0.225405430 0.183004673 0.591589897
JK:/rc/rr: 0.000000000 0.231093772 0.768906228
JK:/rrc/: 0.367225396 0.632774604 0.000000000
JK:/rrc/cr: 0.330443653 0.159373100 0.510183246
JK:/rrc/rr: 0.000000000 0.308643489 0.691356511
JQ:/cc/: 0.161865543 0.838134457 0.000000000
JQ:/cc/cr: 0.151096015 0.103847933 0.745056052
JQ:/cc/rr: 0.000000000 0.216264158 0.783735842
JQ:/crc/: 0.284693698 0.715306302 0.000000000
JQ:/crc/cr: 0.241201401 0.201253338 0.557545260
JQ:/crc/rr: 0.000000000 0.310988984 0.689011016
JQ:/crrc/: 0.423620448 0.576379552 0.000000000
JQ:/crrc/cr: 0.330327888 0.163680026 0.505992086
JQ:/crrc/rr: 0.000000000 0.215181352 0.784818648
JQ:/rc/: 0.292965598 0.707034402 0.000000000
JQ:/rc/cr: 0.177164572 0.157725419 0.665110009
JQ:/rc/rr: 0.000000000 0.217121742 0.782878258
JQ:/rrc/: 0.379375359 0.620624641 0.000000000
JQ:/rrc/cr: 0.280170094 0.210800693 0.509029213
JQ:/rrc/rr: 0.000000000 0.284592422 0.715407578
K:/: 0.814797648 0.185202352 0.000000000
K:/cr: 0.703036757 0.282717056 0.014246187
K:/rr: 0.000000000 0.989117779 0.010882221
KJ:/cc/: 0.522384182 0.477615818 0.000000000
KJ:/cc/cr: 0.416842465 0.363235232 0.219922303
KJ:/cc/rr: 0.000000000 0.845717583 0.154282417
KJ:/crc/: 0.590199871 0.409800129 0.000000000
KJ:/crc/cr: 0.516822119 0.292873508 0.190304373
KJ:/crc/rr: 0.000000000 0.858728263 0.141271737
KJ:/crrc/: 0.565263186 0.434736814 0.000000000
KJ:/crrc/cr: 0.560151934 0.305858800 0.133989266
KJ:/crrc/rr: 0.000000000 0.877286550 0.122713450
KJ:/rc/: 0.673118137 0.326881863 0.000000000
KJ:/rc/cr: 0.465331486 0.384510423 0.150158090
KJ:/rc/rr: 0.000000000 0.923303088 0.076696912
KJ:/rrc/: 0.720828016 0.279171984 0.000000000
KJ:/rrc/cr: 0.563590070 0.318699488 0.117710441
KJ:/rrc/rr: 0.000000000 0.948977917 0.051022083
KK:/cc/: 0.830643678 0.169356322 0.000000000
KK:/cc/cr: 0.728875906 0.149989933 0.121134162
KK:/cc/rr: 0.000000000 0.961405496 0.038594504
KK:/crc/: 0.790804443 0.209195557 0.000000000
KK:/crc/cr: 0.563694294 0.275659604 0.160646102
KK:/crc/rr: 0.000000000 0.919906772 0.080093228
KK:/crrc/: 0.772744311 0.227255689 0.000000000
KK:/crrc/cr: 0.647758984 0.259024794 0.093216222
KK:/crrc/rr: 0.000000000 0.937505347 0.062494653
KK:/rc/: 0.952185367 0.047814633 0.000000000
KK:/rc/cr: 0.666331378 0.206833836 0.126834786
KK:/rc/rr: 0.000000000 0.980602305 0.019397695
KK:/rrc/: 0.907202703 0.092797297 0.000000000
KK:/rrc/cr: 0.690062260 0.228354329 0.081583411
KK:/rrc/rr: 0.000000000 0.974142208 0.025857792
KQ:/cc/: 0.537336790 0.462663210 0.000000000
KQ:/cc/cr: 0.399104514 0.340021533 0.260873953
KQ:/cc/rr: 0.000000000 0.823158706 0.176841294
KQ:/crc/: 0.592961740 0.407038260 0.000000000
KQ:/crc/cr: 0.503272224 0.270679025 0.226048750
KQ:/crc/rr: 0.000000000 0.852314933 0.147685067
KQ:/crrc/: 0.545686165 0.454313835 0.000000000
KQ:/crrc/cr: 0.533309023 0.332559834 0.134131143
KQ:/crrc/rr: 0.000000000 0.879318144 0.120681856
KQ:/rc/: 0.433903167 0.566096833 0.000000000
KQ:/rc/cr: 0.468097585 0.407239919 0.124662496
KQ:/rc/rr: 0.000000000 0.873890316 0.126109684
KQ:/rrc/: 0.561263136 0.438736864 0.000000000
KQ:/rrc/cr: 0.570579223 0.323095839 0.106324938
KQ:/rrc/rr: 0.000000000 0.916477636 0.083522364
Q:/: 0.185724024 0.814275976 0.000000000
Q:/cr: 0.159422053 0.334915826 0.505662121
Q:/rr: 0.000000000 0.730869932 0.269130068
QJ:/cc/: 0.209818451 0.790181549 0.000000000
QJ:/cc/cr: 0.123246891 0.149998870 0.726754239
QJ:/cc/rr: 0.000000000 0.218232316 0.781767684
QJ:/crc/: 0.211492129 0.788507871 0.000000000
QJ:/crc/cr: 0.233140054 0.089977858 0.676882088
QJ:/crc/rr: 0.000000000 0.274867869 0.725132131
QJ:/crrc/: 0.330194241 0.669805759 0.000000000
QJ:/crrc/cr: 0.309221639 0.172620709 0.518157652
QJ:/crrc/rr: 0.000000000 0.270330532 0.729669468
QJ:/rc/: 0.374893958 0.625106042 0.000000000
QJ:/rc/cr: 0.327046327 0.159332859 0.513620813
QJ:/rc/rr: 0.000000000 0.291129689 0.708870311
QJ:/rrc/: 0.397185642 0.602814358 0.000000000
QJ:/rrc/cr: 0.296840164 0.116766594 0.586393241
QJ:/rrc/rr: 0.000000000 0.246492026 0.753507974
QK:/cc/: 0.669738222 0.330261778 0.000000000
QK:/cc/cr: 0.533873012 0.293428933 0.172698055
QK:/cc/rr: 0.000000000 0.909711773 0.090288227
QK:/crc/: 0.511480692 0.488519308 0.000000000
QK:/crc/cr: 0.354621153 0.442862112 0.202516735
QK:/crc/rr: 0.000000000 0.853021925 0.146978075
QK:/crrc/: 0.455040206 0.544959794 0.000000000
QK:/crrc/cr: 0.425590698 0.396284591 0.178124711
QK:/crrc/rr: 0.000000000 0.840125596 0.159874404
QK:/rc/: 0.516073197 0.483926803 0.000000000
QK:/rc/cr: 0.522293362 0.317821844 0.159884793
QK:/rc/rr: 0.000000000 0.860726493 0.139273507
QK:/rrc/: 0.432934097 0.567065903 0.000000000
QK:/rrc/cr: 0.414825976 0.379078357 0.206095667
QK:/rrc/rr: 0.000000000 0.739621092 0.260378908
QQ:/cc/: 0.858227556 0.141772444 0.000000000
QQ:/cc/cr: 0.814516997 0.127864003 0.057619000
QQ:/cc/rr: 0.000000000 0.963680276 0.036319724
QQ:/crc/: 0.832083519 0.167916481 0.000000000
QQ:/crc/cr: 0.782911646 0.144714444 0.072373911
QQ:/crc/rr: 0.000000000 0.966487186 0.033512814
QQ:/crrc/: 0.767382826 0.232617174 0.000000000
QQ:/crrc/cr: 0.797253021 0.133677522 0.069069457
QQ:/crrc/rr: 0.000000000 0.951755858 0.048244142
QQ:/rc/: 0.870179989 0.129820011 0.000000000
QQ:/rc/cr: 0.620781346 0.228931925 0.150286729
QQ:/rc/rr: 0.000000000 0.952353769 0.047646231
QQ:/rrc/: 0.856309199 0.143690801 0.000000000
QQ:/rrc/cr: 0.786680790 0.146849670 0.066469540
QQ:/rrc/rr: 0.000000000 0.963984990 0.036015010
