J:/: 0.124205379 0.875794621 0.000000000
J:/cr: 0.068015999 0.057588404 0.874395597
J:/rr: 0.000000000 0.468368032 0.531631968
JJ:/cc/: 0.784801385 0.215198615 0.000000000
JJ:/cc/cr: 0.834502958 0.105938620 0.059558421
JJ:/cc/rr: 0.000000000 0.970143372 0.029856628
JJ:/crc/: 0.872380595 0.127619405 0.000000000
JJ:/crc/cr: 0.533384736 0.271261504 0.195353761
JJ:/crc/rr: 0.000000000 0.949845382 0.050154618
JJ:/crrc/: 0.825547359 0.174452641 0.000000000
JJ:/crrc/cr: 0.687563957 0.223757259 0.088678784
JJ:/crrc/rr: 0.000000000 0.953094414 0.046905586
JJ:/rc/: 0.756394046 0.243605954 0.000000000
JJ:/rc/cr: 0.759959769 0.159949518 0.080090712
JJ:/rc/rr: 0.000000000 0.953425329 0.046574671
JJ:/rrc/: 0.828048810 0.171951190 0.000000000
JJ:/rrc/cr: 0.691267137 0.206527926 0.102204938
JJ:/rrc/rr: 0.000000000 0.953236246 0.046763754
JK:/cc/: 0.146252284 0.853747716 0.000000000
JK:/cc/cr: 0.129941376 0.119431418 0.750627206
JK:/cc/rr: 0.000000000 0.195973724 0.804026276
JK:/crc/: 0.384460065 0.615539935 0.000000000
JK:/crc/cr: 0.323186609 0.136237476 0.540575914
JK:/crc/rr: 0.000000000 0.287282061 0.712717939
JK:/crrc/: 0.378323922 0.621676078 0.000000000
JK:/crrc/cr: 0.315305693 0.124194358 0.560499949
JK:/crrc/rr: 0.000000000 0.258966225 0.741033775
JK:/rc/: 0.291932706 0.708067294 0.000000000
JK:/rc/cr: 0.224428027 0.182205441 0.593366532
JK:/rc/rr: 0.000000000 0.230631255 0.769368745
JK:/rrc/: 0.365828457 0.634171543 0.000000000
JK:/rrc/cr: 0.328916183 0.158636400 0.512447417
JK:/rrc/rr: 0.000000000 0.307658285 0.692341715
JQ:/cc/: 0.160950029 0.839049971 0.000000000
JQ:/cc/cr: 0.149739593 0.102915667 0.747344740
JQ:/cc/rr: 0.000000000 0.214678274 0.785321726
JQ:/crc/: 0.284036488 0.715963512 0.000000000
JQ:/crc/cr: 0.239855926 0.200130702 0.560013372
JQ:/crc/rr: 0.000000000 0.310212124 0.689787876
JQ:/crrc/: 0.422451466 0.577548534 0.000000000
JQ:/crrc/cr: 0.329374468 0.163101476 0.507524055
JQ:/crrc/rr: 0.000000000 0.214354047 0.785645953
JQ:/rc/: 0.291952463 0.708047537 0.000000000
JQ:/rc/cr: 0.176598184 0.157221177 0.666180638
JQ:/rc/rr: 0.000000000 0.216626903 0.783373097
JQ:/rrc/: 0.377747945 0.622252055 0.000000000
JQ:/rrc/cr: 0.279132372 0.209999882 0.510867745
JQ:/rrc/rr: 0.000000000 0.283272132 0.716727868
K:/: 0.812891834 0.187108166 0.000000000
K:/cr: 0.706777298 0.279166510 0.014056192
K:/rr: 0.000000000 0.989214135 0.010785865
KJ:/cc/: 0.521036850 0.478963150 0.000000000
KJ:/cc/cr: 0.416344493 0.364702199 0.218953308
KJ:/cc/rr: 0.000000000 0.846299373 0.153700627
KJ:/crc/: 0.590962462 0.409037538 0.000000000
KJ:/crc/cr: 0.516106795 0.294276140 0.189617065
KJ:/crc/rr: 0.000000000 0.859341572 0.140658428
KJ:/crrc/: 0.564196529 0.435803471 0.000000000
KJ:/crrc/cr: 0.560682196 0.306025219 0.133292585
KJ:/crrc/rr: 0.000000000 0.878230352 0.121769648
KJ:/rc/: 0.673574442 0.326425558 0.000000000
KJ:/rc/cr: 0.465818474 0.384520564 0.149660962
KJ:/rc/rr: 0.000000000 0.923674651 0.076325349
KJ:/rrc/: 0.720685188 0.279314812 0.000000000
KJ:/rrc/cr: 0.564154997 0.318623704 0.117221299
KJ:/rrc/rr: 0.000000000 0.949244390 0.050755610
KK:/cc/: 0.828480502 0.171519498 0.000000000
KK:/cc/cr: 0.731806282 0.148368804 0.119824914
KK:/cc/rr: 0.000000000 0.961888318 0.038111682
KK:/crc/: 0.792639982 0.207360018 0.000000000
KK:/crc/cr: 0.565009745 0.274828497 0.160161758
KK:/crc/rr: 0.000000000 0.920523191 0.079476809
KK:/crrc/: 0.776764208 0.223235792 0.000000000
KK:/crrc/cr: 0.650337661 0.257128532 0.092533807
KK:/crrc/rr: 0.000000000 0.938467113 0.061532887
KK:/rc/: 0.949585413 0.050414587 0.000000000
KK:/rc/cr: 0.668608712 0.205422167 0.125969122
KK:/rc/rr: 0.000000000 0.980785144 0.019214856
KK:/rrc/: 0.907583251 0.092416749 0.000000000
KK:/rrc/cr: 0.691027915 0.227642858 0.081329226
KK:/rrc/rr: 0.000000000 0.974298930 0.025701070
KQ:/cc/: 0.535554860 0.464445140 0.000000000
KQ:/cc/cr: 0.398208256 0.339557924 0.262233820
KQ:/cc/rr: 0.000000000 0.823374889 0.176625111
KQ:/crc/: 0.594495108 0.405504892 0.000000000
KQ:/crc/cr: 0.502128834 0.273072040 0.224799126
KQ:/crc/rr: 0.000000000 0.853063835 0.146936165
KQ:/crrc/: 0.546481396 0.453518604 0.000000000
KQ:/crrc/cr: 0.533617299 0.332890668 0.133492033
KQ:/crrc/rr: 0.000000000 0.880127959 0.119872041
KQ:/rc/: 0.432627573 0.567372427 0.000000000
KQ:/rc/cr: 0.467953539 0.407726949 0.124319512
KQ:/rc/rr: 0.000000000 0.874587077 0.125412923
KQ:/rrc/: 0.561370411 0.438629589 0.000000000
KQ:/rrc/cr: 0.571709425 0.322461327 0.105829247
KQ:/rrc/rr: 0.000000000 0.917021611 0.082978389
Q:/: 0.184691166 0.815308834 0.000000000
Q:/cr: 0.161613317 0.335716391 0.502670292
Q:/rr: 0.000000000 0.730359469 0.269640531
QJ:/cc/: 0.208874866 0.791125134 0.000000000
QJ:/cc/cr: 0.122400656 0.148968951 0.728630393
QJ:/cc/rr: 0.000000000 0.217599104 0.782400896
QJ:/crc/: 0.209928471 0.790071529 0.000000000
QJ:/crc/cr: 0.231143171 0.089207183 0.679649645
QJ:/crc/rr: 0.000000000 0.273023933 0.726976067
QJ:/crrc/: 0.329256165 0.670743835 0.000000000
QJ:/crrc/cr: 0.306842482 0.171292562 0.521864956
QJ:/crrc/rr: 0.000000000 0.269259390 0.730740610
QJ:/rc/: 0.373960660 0.626039340 0.000000000
QJ:/rc/cr: 0.326074840 0.158865706 0.515059454
QJ:/rc/rr: 0.000000000 0.289835003 0.710164997
QJ:/rrc/: 0.395891090 0.604108910 0.000000000
QJ:/rrc/cr: 0.295061826 0.116067058 0.588871116
QJ:/rrc/rr: 0.000000000 0.245275733 0.754724267
QK:/cc/: 0.669348332 0.330651668 0.000000000
QK:/cc/cr: 0.534823241 0.293135030 0.172041729
QK:/cc/rr: 0.000000000 0.910225067 0.089774933
QK:/crc/: 0.513026652 0.486973348 0.000000000
QK:/crc/cr: 0.352780094 0.445106495 0.202113411
QK:/crc/rr: 0.000000000 0.854468241 0.145531759
QK:/crrc/: 0.457340255 0.542659745 0.000000000
QK:/crrc/cr: 0.428261169 0.394687170 0.177051661
QK:/crrc/rr: 0.000000000 0.842106820 0.157893180
QK:/rc/: 0.517049390 0.482950610 0.000000000
QK:/rc/cr: 0.520696325 0.320166777 0.159136897
QK:/rc/rr: 0.000000000 0.861163051 0.138836949
QK:/rrc/: 0.432212883 0.567787117 0.000000000
QK:/rrc/cr: 0.411588563 0.380742777 0.207668660
QK:/rrc/rr: 0.000000000 0.737468333 0.262531667
QQ:/cc/: 0.854553612 0.145446388 0.000000000
QQ:/cc/cr: 0.815737251 0.127022812 0.057239937
QQ:/cc/rr: 0.000000000 0.963968600 0.036031400
QQ:/crc/: 0.832595783 0.167404217 0.000000000
QQ:/crc/cr: 0.785702646 0.142853920 0.071443434
QQ:/crc/rr: 0.000000000 0.966948767 0.033051233
QQ:/crrc/: 0.769573222 0.230426778 0.000000000
QQ:/crrc/cr: 0.798593943 0.132793409 0.068612648
QQ:/crrc/rr: 0.000000000 0.952398572 0.047601428
QQ:/rc/: 0.871075490 0.128924510 0.000000000
QQ:/rc/cr: 0.622360615 0.227978531 0.149660854
QQ:/rc/rr: 0.000000000 0.952715331 0.047284669
QQ:/rrc/: 0.857088975 0.142911025 0.000000000
QQ:/rrc/cr: 0.788090943 0.145878916 0.066030141
QQ:/rrc/rr: 0.000000000 0.964306425 0.035693575
