J:/: 0.128619306 0.871380694 0.000000000
J:/cr: 0.066796007 0.056555449 0.876648544
J:/rr: 0.000000000 0.474698281 0.525301719
JJ:/cc/: 0.786230033 0.213769967 0.000000000
JJ:/cc/cr: 0.837233780 0.104190556 0.058575664
JJ:/cc/rr: 0.000000000 0.970675185 0.029324815
JJ:/crc/: 0.871877717 0.128122283 0.000000000
JJ:/crc/cr: 0.538248716 0.268556958 0.193194326
JJ:/crc/rr: 0.000000000 0.950640392 0.049359608
JJ:/crrc/: 0.828639579 0.171360421 0.000000000
JJ:/crrc/cr: 0.690077296 0.221957281 0.087965422
JJ:/crrc/rr: 0.000000000 0.953916018 0.046083982
JJ:/rc/: 0.756479105 0.243520895 0.000000000
JJ:/rc/cr: 0.762409743 0.158316992 0.079273266
JJ:/rc/rr: 0.000000000 0.954098763 0.045901237
JJ:/rrc/: 0.825361979 0.174638021 0.000000000
JJ:/rrc/cr: 0.694550604 0.204331439 0.101117957
JJ:/rrc/rr: 0.000000000 0.954076678 0.045923322
JK:/cc/: 0.144213932 0.855786068 0.000000000
JK:/cc/cr: 0.127906155 0.117560811 0.754533034
JK:/cc/rr: 0.000000000 0.193412642 0.806587358
JK:/crc/: 0.382227018 0.617772982 0.000000000
JK:/crc/cr: 0.320043153 0.134917392 0.545039455
JK:/crc/rr: 0.000000000 0.285947486 0.714052514
JK:/crrc/: 0.376378205 0.623621795 0.000000000
JK:/crrc/cr: 0.311972032 0.122872465 0.565155503
JK:/crrc/rr: 0.000000000 0.257826024 0.742173976
JK:/rc/: 0.293634627 0.706365373 0.000000000
JK:/rc/cr: 0.222658624 0.180768923 0.596572453
JK:/rc/rr: 0.000000000 0.229560820 0.770439180
JK:/rrc/: 0.365371188 0.634628812 0.000000000
JK:/rrc/cr: 0.326072232 0.157270475 0.516657293
JK:/rrc/rr: 0.000000000 0.305838857 0.694161143
JQ:/cc/: 0.159495123 0.840504877 0.000000000
JQ:/cc/cr: 0.147113596 0.101110825 0.751775578
JQ:/cc/rr: 0.000000000 0.212200668 0.787799332
JQ:/crc/: 0.282237211 0.717762789 0.000000000
JQ:/crc/cr: 0.238164422 0.198696953 0.563138625
JQ:/crc/rr: 0.000000000 0.308986238 0.691013762
JQ:/crrc/: 0.422549379 0.577450621 0.000000000
JQ:/crrc/cr: 0.327165348 0.161974306 0.510860346
JQ:/crrc/rr: 0.000000000 0.213377913 0.786622087
JQ:/rc/: 0.289975153 0.710024847 0.000000000
JQ:/rc/cr: 0.175280191 0.156047799 0.668672010
JQ:/rc/rr: 0.000000000 0.215229666 0.784770334
JQ:/rrc/: 0.376338664 0.623661336 0.000000000
JQ:/rrc/cr: 0.276508668 0.208036112 0.515455220
JQ:/rrc/rr: 0.000000000 0.281911651 0.718088349
K:/: 0.810323324 0.189676676 0.000000000
K:/cr: 0.715914418 0.270483622 0.013601959
K:/rr: 0.000000000 0.989396018 0.010603982
KJ:/cc/: 0.520584558 0.479415442 0.000000000
KJ:/cc/cr: 0.415976676 0.367128567 0.216894757
KJ:/cc/rr: 0.000000000 0.847703632 0.152296368
KJ:/crc/: 0.590555829 0.409444171 0.000000000
KJ:/crc/cr: 0.517706205 0.293913042 0.188380753
KJ:/crc/rr: 0.000000000 0.860263307 0.139736693
KJ:/crrc/: 0.564888052 0.435111948 0.000000000
KJ:/crrc/cr: 0.562844075 0.305197743 0.131958182
KJ:/crrc/rr: 0.000000000 0.879579730 0.120420270
KJ:/rc/: 0.675024841 0.324975159 0.000000000
KJ:/rc/cr: 0.467654092 0.383634457 0.148711450
KJ:/rc/rr: 0.000000000 0.924408211 0.075591789
KJ:/rrc/: 0.721930069 0.278069931 0.000000000
KJ:/rrc/cr: 0.564736615 0.318936664 0.116326722
KJ:/rrc/rr: 0.000000000 0.949758285 0.050241715
KK:/cc/: 0.831220435 0.168779565 0.000000000
KK:/cc/cr: 0.736255045 0.145907681 0.117837273
KK:/cc/rr: 0.000000000 0.962721218 0.037278782
KK:/crc/: 0.796872362 0.203127638 0.000000000
KK:/crc/cr: 0.569769035 0.271935259 0.158295705
KK:/crc/rr: 0.000000000 0.922075932 0.077924068
KK:/crrc/: 0.781132207 0.218867793 0.000000000
KK:/crrc/cr: 0.654832912 0.253822893 0.091344194
KK:/crrc/rr: 0.000000000 0.940328576 0.059671424
KK:/rc/: 0.950141966 0.049858034 0.000000000
KK:/rc/cr: 0.672692681 0.202890604 0.124416715
KK:/rc/rr: 0.000000000 0.981124344 0.018875656
KK:/rrc/: 0.908011057 0.091988943 0.000000000
KK:/rrc/cr: 0.693576775 0.225764923 0.080658303
KK:/rrc/rr: 0.000000000 0.974593300 0.025406700
KQ:/cc/: 0.529945524 0.470054476 0.000000000
KQ:/cc/cr: 0.396382432 0.339562588 0.264054980
KQ:/cc/rr: 0.000000000 0.822427461 0.177572539
KQ:/crc/: 0.595533526 0.404466474 0.000000000
KQ:/crc/cr: 0.502364075 0.274492378 0.223143547
KQ:/crc/rr: 0.000000000 0.854301364 0.145698636
KQ:/crrc/: 0.549479181 0.450520819 0.000000000
KQ:/crrc/cr: 0.533219614 0.334906919 0.131873467
KQ:/crrc/rr: 0.000000000 0.882059841 0.117940159
KQ:/rc/: 0.431531203 0.568468797 0.000000000
KQ:/rc/cr: 0.461701283 0.413765742 0.124532976
KQ:/rc/rr: 0.000000000 0.875922656 0.124077344
KQ:/rrc/: 0.562349985 0.437650015 0.000000000
KQ:/rrc/cr: 0.571226150 0.323993669 0.104780181
KQ:/rrc/rr: 0.000000000 0.918083332 0.081916668
Q:/: 0.188225670 0.811774330 0.000000000
Q:/cr: 0.162621375 0.340131667 0.497246958
Q:/rr: 0.000000000 0.734105453 0.265894547
QJ:/cc/: 0.207071381 0.792928619 0.000000000
QJ:/cc/cr: 0.120878902 0.147116886 0.732004212
QJ:/cc/rr: 0.000000000 0.215527169 0.784472831
QJ:/crc/: 0.206984917 0.793015083 0.000000000
QJ:/crc/cr: 0.227367091 0.087749846 0.684883063
QJ:/crc/rr: 0.000000000 0.269654944 0.730345056
QJ:/crrc/: 0.327153546 0.672846454 0.000000000
QJ:/crrc/cr: 0.302541407 0.168890974 0.528567620
QJ:/crrc/rr: 0.000000000 0.266626059 0.733373941
QJ:/rc/: 0.373675050 0.626324950 0.000000000
QJ:/rc/cr: 0.323314411 0.157520808 0.519164781
QJ:/rc/rr: 0.000000000 0.287784329 0.712215671
QJ:/rrc/: 0.393477769 0.606522231 0.000000000
QJ:/rrc/cr: 0.292337862 0.114995545 0.592666592
QJ:/rrc/rr: 0.000000000 0.243295185 0.756704815
QK:/cc/: 0.670774618 0.329225382 0.000000000
QK:/cc/cr: 0.537247995 0.291930577 0.170821428
QK:/cc/rr: 0.000000000 0.911264421 0.088735579
QK:/crc/: 0.510772678 0.489227322 0.000000000
QK:/crc/cr: 0.353111514 0.446190664 0.200697822
QK:/crc/rr: 0.000000000 0.857131297 0.142868703
QK:/crrc/: 0.460597924 0.539402076 0.000000000
QK:/crrc/cr: 0.424752392 0.399119923 0.176127685
QK:/crrc/rr: 0.000000000 0.844511396 0.155488604
QK:/rc/: 0.517821071 0.482178929 0.000000000
QK:/rc/cr: 0.521285935 0.320762749 0.157951316
QK:/rc/rr: 0.000000000 0.861990239 0.138009761
QK:/rrc/: 0.429823994 0.570176006 0.000000000
QK:/rrc/cr: 0.408604822 0.381218991 0.210176187
QK:/rrc/rr: 0.000000000 0.733787618 0.266212382
QQ:/cc/: 0.840226716 0.159773284 0.000000000
QQ:/cc/cr: 0.818649334 0.125015347 0.056335318
QQ:/cc/rr: 0.000000000 0.964523549 0.035476451
QQ:/crc/: 0.836995883 0.163004117 0.000000000
QQ:/crc/cr: 0.789841476 0.140094912 0.070063612
QQ:/crc/rr: 0.000000000 0.967736065 0.032263935
QQ:/crrc/: 0.774862862 0.225137138 0.000000000
QQ:/crrc/cr: 0.801662249 0.130770378 0.067567373
QQ:/crrc/rr: 0.000000000 0.953603698 0.046396302
QQ:/rc/: 0.873167704 0.126832296 0.000000000
QQ:/rc/cr: 0.624689466 0.226572618 0.148737916
QQ:/rc/rr: 0.000000000 0.953403279 0.046596721
QQ:/rrc/: 0.859443188 0.140556812 0.000000000
QQ:/rrc/cr: 0.790407599 0.144284122 0.065308279
QQ:/rrc/rr: 0.000000000 0.964946293 0.035053707
