J:/: 0.128498744 0.871501256 0.000000000
J:/cr: 0.063357241 0.053643884 0.882998875
J:/rr: 0.000000000 0.480422121 0.519577879
JJ:/cc/: 0.780893487 0.219106513 0.000000000
JJ:/cc/cr: 0.843354962 0.100272241 0.056372797
JJ:/cc/rr: 0.000000000 0.971796820 0.028203180
JJ:/crc/: 0.871878266 0.128121734 0.000000000
JJ:/crc/cr: 0.545659080 0.264292790 0.190048130
JJ:/crc/rr: 0.000000000 0.952386638 0.047613362
JJ:/crrc/: 0.831881255 0.168118745 0.000000000
JJ:/crrc/cr: 0.696978974 0.217014508 0.086006518
JJ:/crrc/rr: 0.000000000 0.955528106 0.044471894
JJ:/rc/: 0.760643708 0.239356292 0.000000000
JJ:/rc/cr: 0.767726492 0.154774204 0.077499304
JJ:/rc/rr: 0.000000000 0.955605452 0.044394548
JJ:/rrc/: 0.827384707 0.172615293 0.000000000
JJ:/rrc/cr: 0.703283577 0.198489486 0.098226937
JJ:/rrc/rr: 0.000000000 0.955969681 0.044030319
JK:/cc/: 0.139685034 0.860314966 0.000000000
JK:/cc/cr: 0.123016653 0.113066783 0.763916564
JK:/cc/rr: 0.000000000 0.188242931 0.811757069
JK:/crc/: 0.375837645 0.624162355 0.000000000
JK:/crc/cr: 0.314672319 0.132131324 0.553196357
JK:/crc/rr: 0.000000000 0.281627563 0.718372437
JK:/crrc/: 0.374786723 0.625213277 0.000000000
JK:/crrc/cr: 0.304286428 0.120185481 0.575528091
JK:/crrc/rr: 0.000000000 0.255591753 0.744408247
JK:/rc/: 0.300045274 0.699954726 0.000000000
JK:/rc/cr: 0.217524422 0.176600640 0.605874938
JK:/rc/rr: 0.000000000 0.227078707 0.772921293
JK:/rrc/: 0.365063512 0.634936488 0.000000000
JK:/rrc/cr: 0.319272386 0.154004102 0.526723511
JK:/rrc/rr: 0.000000000 0.299807606 0.700192394
JQ:/cc/: 0.155784215 0.844215785 0.000000000
JQ:/cc/cr: 0.141330274 0.097135962 0.761533764
JQ:/cc/rr: 0.000000000 0.205227822 0.794772178
JQ:/crc/: 0.283088553 0.716911447 0.000000000
JQ:/crc/cr: 0.233487837 0.194763705 0.571748457
JQ:/crc/rr: 0.000000000 0.305949537 0.694050463
JQ:/crrc/: 0.420594813 0.579405187 0.000000000
JQ:/crrc/cr: 0.320922117 0.158875912 0.520201971
JQ:/crrc/rr: 0.000000000 0.209270396 0.790729604
JQ:/rc/: 0.286243619 0.713756381 0.000000000
JQ:/rc/cr: 0.171903880 0.153041950 0.675054170
JQ:/rc/rr: 0.000000000 0.211859543 0.788140457
JQ:/rrc/: 0.369977609 0.630022391 0.000000000
JQ:/rrc/cr: 0.271338417 0.203994485 0.524667097
JQ:/rrc/rr: 0.000000000 0.276524201 0.723475799
K:/: 0.807611317 0.192388683 0.000000000
K:/cr: 0.730588305 0.256604050 0.012807645
K:/rr: 0.000000000 0.989803011 0.010196989
KJ:/cc/: 0.521122864 0.478877136 0.000000000
KJ:/cc/cr: 0.413493280 0.372869807 0.213636913
KJ:/cc/rr: 0.000000000 0.850940253 0.149059747
KJ:/crc/: 0.590408246 0.409591754 0.000000000
KJ:/crc/cr: 0.516618855 0.298007853 0.185373292
KJ:/crc/rr: 0.000000000 0.862612297 0.137387703
KJ:/crrc/: 0.564604527 0.435395473 0.000000000
KJ:/crrc/cr: 0.565792430 0.305457647 0.128749923
KJ:/crrc/rr: 0.000000000 0.883025126 0.116974874
KJ:/rc/: 0.678876216 0.321123784 0.000000000
KJ:/rc/cr: 0.471297726 0.382066902 0.146635372
KJ:/rc/rr: 0.000000000 0.926172009 0.073827991
KJ:/rrc/: 0.725031213 0.274968787 0.000000000
KJ:/rrc/cr: 0.566692262 0.318953476 0.114354262
KJ:/rrc/rr: 0.000000000 0.950926023 0.049073977
KK:/cc/: 0.833854751 0.166145249 0.000000000
KK:/cc/cr: 0.748577393 0.139090773 0.112331834
KK:/cc/rr: 0.000000000 0.964679570 0.035320430
KK:/crc/: 0.789336321 0.210663679 0.000000000
KK:/crc/cr: 0.577368480 0.268062545 0.154568975
KK:/crc/rr: 0.000000000 0.924862281 0.075137719
KK:/crrc/: 0.791129988 0.208870012 0.000000000
KK:/crrc/cr: 0.663886690 0.247165086 0.088948224
KK:/crrc/rr: 0.000000000 0.943895076 0.056104924
KK:/rc/: 0.949572293 0.050427707 0.000000000
KK:/rc/cr: 0.683028455 0.196483685 0.120487860
KK:/rc/rr: 0.000000000 0.981850470 0.018149530
KK:/rrc/: 0.910581421 0.089418579 0.000000000
KK:/rrc/cr: 0.697766639 0.222677936 0.079555425
KK:/rrc/rr: 0.000000000 0.975276821 0.024723179
KQ:/cc/: 0.521520153 0.478479847 0.000000000
KQ:/cc/cr: 0.389812594 0.340413381 0.269774025
KQ:/cc/rr: 0.000000000 0.823390480 0.176609520
KQ:/crc/: 0.596675535 0.403324465 0.000000000
KQ:/crc/cr: 0.506295682 0.274820518 0.218883801
KQ:/crc/rr: 0.000000000 0.857340878 0.142659122
KQ:/crrc/: 0.554586840 0.445413160 0.000000000
KQ:/crrc/cr: 0.535129461 0.336718230 0.128152309
KQ:/crrc/rr: 0.000000000 0.886526014 0.113473986
KQ:/rc/: 0.425046663 0.574953337 0.000000000
KQ:/rc/cr: 0.454744334 0.420960623 0.124295043
KQ:/rc/rr: 0.000000000 0.878528191 0.121471809
KQ:/rrc/: 0.566239487 0.433760513 0.000000000
KQ:/rrc/cr: 0.572094325 0.325414268 0.102491407
KQ:/rrc/rr: 0.000000000 0.920554992 0.079445008
Q:/: 0.178284790 0.821715210 0.000000000
Q:/cr: 0.153036908 0.354576579 0.492386513
Q:/rr: 0.000000000 0.716330716 0.283669284
QJ:/cc/: 0.202136587 0.797863413 0.000000000
QJ:/cc/cr: 0.117420923 0.142908318 0.739670759
QJ:/cc/rr: 0.000000000 0.209955936 0.790044064
QJ:/crc/: 0.200566869 0.799433131 0.000000000
QJ:/crc/cr: 0.217875183 0.084086548 0.698038268
QJ:/crc/rr: 0.000000000 0.262020661 0.737979339
QJ:/crrc/: 0.321735829 0.678264171 0.000000000
QJ:/crrc/cr: 0.292408174 0.163234753 0.544357073
QJ:/crrc/rr: 0.000000000 0.258802172 0.741197828
QJ:/rc/: 0.371077919 0.628922081 0.000000000
QJ:/rc/cr: 0.317109875 0.154557617 0.528332508
QJ:/rc/rr: 0.000000000 0.282937707 0.717062293
QJ:/rrc/: 0.385288041 0.614711959 0.000000000
QJ:/rrc/cr: 0.285770005 0.112411979 0.601818017
QJ:/rrc/rr: 0.000000000 0.237802582 0.762197418
QK:/cc/: 0.673507491 0.326492509 0.000000000
QK:/cc/cr: 0.541228532 0.290759948 0.168011520
QK:/cc/rr: 0.000000000 0.913724866 0.086275134
QK:/crc/: 0.514012161 0.485987839 0.000000000
QK:/crc/cr: 0.354469253 0.448166419 0.197364328
QK:/crc/rr: 0.000000000 0.863143135 0.136856865
QK:/crrc/: 0.461175256 0.538824744 0.000000000
QK:/crrc/cr: 0.418825545 0.407788344 0.173386112
QK:/crrc/rr: 0.000000000 0.847102529 0.152897471
QK:/rc/: 0.517319719 0.482680281 0.000000000
QK:/rc/cr: 0.520817489 0.323784622 0.155397888
QK:/rc/rr: 0.000000000 0.863363814 0.136636186
QK:/rrc/: 0.430625020 0.569374980 0.000000000
QK:/rrc/cr: 0.395476195 0.380840088 0.223683717
QK:/rrc/rr: 0.000000000 0.728655205 0.271344795
QQ:/cc/: 0.842277846 0.157722154 0.000000000
QQ:/cc/cr: 0.824156755 0.121218769 0.054624477
QQ:/cc/rr: 0.000000000 0.965757787 0.034242213
QQ:/crc/: 0.800924952 0.199075048 0.000000000
QQ:/crc/cr: 0.801793433 0.132127553 0.066079014
QQ:/crc/rr: 0.000000000 0.969522034 0.030477966
QQ:/crrc/: 0.788391787 0.211608213 0.000000000
QQ:/crrc/cr: 0.807976665 0.126607082 0.065416252
QQ:/crrc/rr: 0.000000000 0.956390543 0.043609457
QQ:/rc/: 0.876509981 0.123490019 0.000000000
QQ:/rc/cr: 0.631352662 0.222550088 0.146097250
QQ:/rc/rr: 0.000000000 0.954860192 0.045139808
QQ:/rrc/: 0.864798789 0.135201211 0.000000000
QQ:/rrc/cr: 0.795190029 0.140991881 0.063818090
QQ:/rrc/rr: 0.000000000 0.966293181 0.033706819
