J:/: 0.128506237 0.871493763 0.000000000
J:/cr: 0.062568054 0.052975688 0.884456259
J:/rr: 0.000000000 0.482971072 0.517028928
JJ:/cc/: 0.782754836 0.217245164 0.000000000
JJ:/cc/cr: 0.844607089 0.099470724 0.055922187
JJ:/cc/rr: 0.000000000 0.972006209 0.027993791
JJ:/crc/: 0.872630075 0.127369925 0.000000000
JJ:/crc/cr: 0.547679614 0.263117433 0.189202952
JJ:/crc/rr: 0.000000000 0.952722240 0.047277760
JJ:/crrc/: 0.832294438 0.167705562 0.000000000
JJ:/crrc/cr: 0.698219396 0.216126156 0.085654448
JJ:/crrc/rr: 0.000000000 0.955803756 0.044196244
JJ:/rc/: 0.755840712 0.244159288 0.000000000
JJ:/rc/cr: 0.768724914 0.154108911 0.077166175
JJ:/rc/rr: 0.000000000 0.955879045 0.044120955
JJ:/rrc/: 0.825835540 0.174164460 0.000000000
JJ:/rrc/cr: 0.704548430 0.197643358 0.097808212
JJ:/rrc/rr: 0.000000000 0.956314824 0.043685176
JK:/cc/: 0.138826503 0.861173497 0.000000000
JK:/cc/cr: 0.122120604 0.112243208 0.765636189
JK:/cc/rr: 0.000000000 0.187353107 0.812646893
JK:/crc/: 0.375008002 0.624991998 0.000000000
JK:/crc/cr: 0.312460092 0.132664635 0.554875273
JK:/crc/rr: 0.000000000 0.280934580 0.719065420
JK:/crrc/: 0.373626619 0.626373381 0.000000000
JK:/crrc/cr: 0.303130326 0.119721218 0.577148456
JK:/crrc/rr: 0.000000000 0.254588731 0.745411269
JK:/rc/: 0.303385467 0.696614533 0.000000000
JK:/rc/cr: 0.216618683 0.175865301 0.607516017
JK:/rc/rr: 0.000000000 0.226476825 0.773523175
JK:/rrc/: 0.366313309 0.633686691 0.000000000
JK:/rrc/cr: 0.317854609 0.153304058 0.528841333
JK:/rrc/rr: 0.000000000 0.298960442 0.701039558
JQ:/cc/: 0.155092664 0.844907336 0.000000000
JQ:/cc/cr: 0.140245095 0.096390121 0.763364785
JQ:/cc/rr: 0.000000000 0.204120910 0.795879090
JQ:/crc/: 0.282767540 0.717232460 0.000000000
JQ:/crc/cr: 0.232618267 0.194038354 0.573343379
JQ:/crc/rr: 0.000000000 0.305172452 0.694827548
JQ:/crrc/: 0.418130800 0.581869200 0.000000000
JQ:/crrc/cr: 0.319931811 0.158428830 0.521639360
JQ:/crrc/rr: 0.000000000 0.208323330 0.791676670
JQ:/rc/: 0.285276196 0.714723804 0.000000000
JQ:/rc/cr: 0.171151848 0.152372433 0.676475720
JQ:/rc/rr: 0.000000000 0.211317912 0.788682088
JQ:/rrc/: 0.369246001 0.630753999 0.000000000
JQ:/rrc/cr: 0.270189417 0.203122749 0.526687835
JQ:/rrc/rr: 0.000000000 0.276013180 0.723986820
K:/: 0.801377884 0.198622116 0.000000000
K:/cr: 0.732897071 0.254405434 0.012697495
K:/rr: 0.000000000 0.989877013 0.010122987
KJ:/cc/: 0.520826280 0.479173720 0.000000000
KJ:/cc/cr: 0.412723654 0.374493818 0.212782528
KJ:/cc/rr: 0.000000000 0.851579086 0.148420914
KJ:/crc/: 0.591048980 0.408951020 0.000000000
KJ:/crc/cr: 0.516689429 0.298562282 0.184748289
KJ:/crc/rr: 0.000000000 0.863047695 0.136952305
KJ:/crrc/: 0.564350257 0.435649743 0.000000000
KJ:/crrc/cr: 0.566785566 0.305038317 0.128176117
KJ:/crrc/rr: 0.000000000 0.883663152 0.116336848
KJ:/rc/: 0.679583526 0.320416474 0.000000000
KJ:/rc/cr: 0.471967028 0.381761512 0.146271461
KJ:/rc/rr: 0.000000000 0.926505958 0.073494042
KJ:/rrc/: 0.725711422 0.274288578 0.000000000
KJ:/rrc/cr: 0.566471200 0.319554900 0.113973900
KJ:/rrc/rr: 0.000000000 0.951148990 0.048851010
KK:/cc/: 0.830425129 0.169574871 0.000000000
KK:/cc/cr: 0.750581654 0.137981985 0.111436360
KK:/cc/rr: 0.000000000 0.965042270 0.034957730
KK:/crc/: 0.788004823 0.211995177 0.000000000
KK:/crc/cr: 0.579162855 0.267176558 0.153660587
KK:/crc/rr: 0.000000000 0.925392921 0.074607079
KK:/crrc/: 0.793195084 0.206804916 0.000000000
KK:/crrc/cr: 0.665515472 0.245967340 0.088517187
KK:/crrc/rr: 0.000000000 0.944542808 0.055457192
KK:/rc/: 0.949911905 0.050088095 0.000000000
KK:/rc/cr: 0.685179144 0.195150520 0.119670336
KK:/rc/rr: 0.000000000 0.981997327 0.018002673
KK:/rrc/: 0.910688424 0.089311576 0.000000000
KK:/rrc/cr: 0.698976191 0.221786769 0.079237040
KK:/rrc/rr: 0.000000000 0.975393581 0.024606419
KQ:/cc/: 0.521834024 0.478165976 0.000000000
KQ:/cc/cr: 0.387784666 0.340663298 0.271552036
KQ:/cc/rr: 0.000000000 0.823708838 0.176291162
KQ:/crc/: 0.595452668 0.404547332 0.000000000
KQ:/crc/cr: 0.505281179 0.276974486 0.217744335
KQ:/crc/rr: 0.000000000 0.857902116 0.142097884
KQ:/crrc/: 0.555581069 0.444418931 0.000000000
KQ:/crrc/cr: 0.535433507 0.337106377 0.127460116
KQ:/crrc/rr: 0.000000000 0.887429099 0.112570901
KQ:/rc/: 0.425786494 0.574213506 0.000000000
KQ:/rc/cr: 0.452125005 0.422876478 0.124998517
KQ:/rc/rr: 0.000000000 0.879129154 0.120870846
KQ:/rrc/: 0.567102706 0.432897294 0.000000000
KQ:/rrc/cr: 0.571751453 0.326189601 0.102058945
KQ:/rrc/rr: 0.000000000 0.921000543 0.078999457
Q:/: 0.176226194 0.823773806 0.000000000
Q:/cr: 0.151604558 0.352746596 0.495648846
Q:/rr: 0.000000000 0.712578164 0.287421836
QJ:/cc/: 0.201317260 0.798682740 0.000000000
QJ:/cc/cr: 0.116710042 0.142043132 0.741246826
QJ:/cc/rr: 0.000000000 0.209197759 0.790802241
QJ:/crc/: 0.199264459 0.800735541 0.000000000
QJ:/crc/cr: 0.216097414 0.083400438 0.700502148
QJ:/crc/rr: 0.000000000 0.260566169 0.739433831
QJ:/crrc/: 0.320850881 0.679149119 0.000000000
QJ:/crrc/cr: 0.290503847 0.162171676 0.547324477
QJ:/crrc/rr: 0.000000000 0.257497389 0.742502611
QJ:/rc/: 0.370430899 0.629569101 0.000000000
QJ:/rc/cr: 0.316090247 0.154060657 0.529849096
QJ:/rc/rr: 0.000000000 0.281876228 0.718123772
QJ:/rrc/: 0.383896950 0.616103050 0.000000000
QJ:/rrc/cr: 0.284436276 0.111887336 0.603676388
QJ:/rrc/rr: 0.000000000 0.236872721 0.763127279
QK:/cc/: 0.673934760 0.326065240 0.000000000
QK:/cc/cr: 0.542469905 0.290069834 0.167460261
QK:/cc/rr: 0.000000000 0.914163278 0.085836722
QK:/crc/: 0.513662803 0.486337197 0.000000000
QK:/crc/cr: 0.353536954 0.448554840 0.197908205
QK:/crc/rr: 0.000000000 0.864238339 0.135761661
QK:/crrc/: 0.461394820 0.538605180 0.000000000
QK:/crrc/cr: 0.416352189 0.410900085 0.172747727
QK:/crrc/rr: 0.000000000 0.847936034 0.152063966
QK:/rc/: 0.517520856 0.482479144 0.000000000
QK:/rc/cr: 0.520305467 0.324712441 0.154982092
QK:/rc/rr: 0.000000000 0.863633449 0.136366551
QK:/rrc/: 0.431265692 0.568734308 0.000000000
QK:/rrc/cr: 0.392309114 0.380675212 0.227015674
QK:/rrc/rr: 0.000000000 0.727694401 0.272305599
QQ:/cc/: 0.843220179 0.156779821 0.000000000
QQ:/cc/cr: 0.825231965 0.120477565 0.054290470
QQ:/cc/rr: 0.000000000 0.965974580 0.034025420
QQ:/crc/: 0.801798968 0.198201032 0.000000000
QQ:/crc/cr: 0.804287014 0.130465294 0.065247693
QQ:/crc/rr: 0.000000000 0.969811396 0.030188604
QQ:/crrc/: 0.790499369 0.209500631 0.000000000
QQ:/crrc/cr: 0.809106799 0.125861949 0.065031252
QQ:/crrc/rr: 0.000000000 0.956894363 0.043105637
QQ:/rc/: 0.877265444 0.122734556 0.000000000
QQ:/rc/cr: 0.632328971 0.221960696 0.145710332
QQ:/rc/rr: 0.000000000 0.955101621 0.044898379
QQ:/rrc/: 0.865835305 0.134164695 0.000000000
QQ:/rrc/cr: 0.796142363 0.140336291 0.063521346
QQ:/rrc/rr: 0.000000000 0.966545988 0.033454012
