J:/: 0.128036722 0.871963278 0.000000000
J:/cr: 0.061916359 0.052423905 0.885659736
J:/rr: 0.000000000 0.481736254 0.518263746
JJ:/cc/: 0.782132609 0.217867391 0.000000000
JJ:/cc/cr: 0.845666689 0.098792449 0.055540862
JJ:/cc/rr: 0.000000000 0.972211593 0.027788407
JJ:/crc/: 0.873105451 0.126894549 0.000000000
JJ:/crc/cr: 0.549710140 0.261957433 0.188332427
JJ:/crc/rr: 0.000000000 0.953090344 0.046909656
JJ:/crrc/: 0.833133586 0.166866414 0.000000000
JJ:/crrc/cr: 0.699002825 0.215565087 0.085432088
JJ:/crrc/rr: 0.000000000 0.956129948 0.043870052
JJ:/rc/: 0.752039139 0.247960861 0.000000000
JJ:/rc/cr: 0.769813994 0.153383209 0.076802797
JJ:/rc/rr: 0.000000000 0.956122271 0.043877729
JJ:/rrc/: 0.826198717 0.173801283 0.000000000
JJ:/rrc/cr: 0.705981630 0.196684614 0.097333756
JJ:/rrc/rr: 0.000000000 0.956613470 0.043386530
JK:/cc/: 0.137974581 0.862025419 0.000000000
JK:/cc/cr: 0.121263324 0.111455267 0.767281410
JK:/cc/rr: 0.000000000 0.186436076 0.813563924
JK:/crc/: 0.374665694 0.625334306 0.000000000
JK:/crc/cr: 0.310729799 0.132234248 0.557035953
JK:/crc/rr: 0.000000000 0.279992402 0.720007598
JK:/crrc/: 0.372840393 0.627159607 0.000000000
JK:/crrc/cr: 0.302050019 0.119324407 0.578625574
JK:/crrc/rr: 0.000000000 0.253622773 0.746377227
JK:/rc/: 0.304010564 0.695989436 0.000000000
JK:/rc/cr: 0.215880855 0.175266284 0.608852861
JK:/rc/rr: 0.000000000 0.225715245 0.774284755
JK:/rrc/: 0.366604110 0.633395890 0.000000000
JK:/rrc/cr: 0.317018839 0.152708964 0.530272197
JK:/rrc/rr: 0.000000000 0.297904163 0.702095837
JQ:/cc/: 0.154330164 0.845669836 0.000000000
JQ:/cc/cr: 0.139208141 0.095677425 0.765114434
JQ:/cc/rr: 0.000000000 0.202853534 0.797146466
JQ:/crc/: 0.283019919 0.716980081 0.000000000
JQ:/crc/cr: 0.231585091 0.193176530 0.575238379
JQ:/crc/rr: 0.000000000 0.304564577 0.695435423
JQ:/crrc/: 0.416556240 0.583443760 0.000000000
JQ:/crrc/cr: 0.318988535 0.157959496 0.523051969
JQ:/crrc/rr: 0.000000000 0.207626784 0.792373216
JQ:/rc/: 0.284675647 0.715324353 0.000000000
JQ:/rc/cr: 0.170449119 0.151746810 0.677804072
JQ:/rc/rr: 0.000000000 0.211050235 0.788949765
JQ:/rrc/: 0.368522824 0.631477176 0.000000000
JQ:/rrc/cr: 0.269191554 0.202372576 0.528435869
JQ:/rrc/rr: 0.000000000 0.275005609 0.724994391
K:/: 0.802667233 0.197332767 0.000000000
K:/cr: 0.736071659 0.251381762 0.012546579
K:/rr: 0.000000000 0.989949831 0.010050169
KJ:/cc/: 0.520858253 0.479141747 0.000000000
KJ:/cc/cr: 0.412710683 0.375049353 0.212239964
KJ:/cc/rr: 0.000000000 0.852033056 0.147966944
KJ:/crc/: 0.590881551 0.409118449 0.000000000
KJ:/crc/cr: 0.516236334 0.299480649 0.184283017
KJ:/crc/rr: 0.000000000 0.863438405 0.136561595
KJ:/crrc/: 0.565754801 0.434245199 0.000000000
KJ:/crrc/cr: 0.566528423 0.305908975 0.127562602
KJ:/crrc/rr: 0.000000000 0.884165326 0.115834674
KJ:/rc/: 0.679683975 0.320316025 0.000000000
KJ:/rc/cr: 0.472325295 0.381771156 0.145903549
KJ:/rc/rr: 0.000000000 0.926840045 0.073159955
KJ:/rrc/: 0.726524938 0.273475062 0.000000000
KJ:/rrc/cr: 0.566758234 0.319609405 0.113632362
KJ:/rrc/rr: 0.000000000 0.951361431 0.048638569
KK:/cc/: 0.830756641 0.169243359 0.000000000
KK:/cc/cr: 0.752941400 0.136676538 0.110382061
KK:/cc/rr: 0.000000000 0.965411683 0.034588317
KK:/crc/: 0.788487034 0.211512966 0.000000000
KK:/crc/cr: 0.580284011 0.266624170 0.153091819
KK:/crc/rr: 0.000000000 0.925768094 0.074231906
KK:/crrc/: 0.795891287 0.204108713 0.000000000
KK:/crrc/cr: 0.667231594 0.244705369 0.088063037
KK:/crrc/rr: 0.000000000 0.945188447 0.054811553
KK:/rc/: 0.946808791 0.053191209 0.000000000
KK:/rc/cr: 0.687371708 0.193791398 0.118836894
KK:/rc/rr: 0.000000000 0.982129600 0.017870400
KK:/rrc/: 0.909737333 0.090262667 0.000000000
KK:/rrc/cr: 0.700167702 0.220908893 0.078923404
KK:/rrc/rr: 0.000000000 0.975502592 0.024497408
KQ:/cc/: 0.519681036 0.480318964 0.000000000
KQ:/cc/cr: 0.386268866 0.340554158 0.273176976
KQ:/cc/rr: 0.000000000 0.823327211 0.176672789
KQ:/crc/: 0.595610278 0.404389722 0.000000000
KQ:/crc/cr: 0.506105580 0.276613554 0.217280866
KQ:/crc/rr: 0.000000000 0.858581709 0.141418291
KQ:/crrc/: 0.556899197 0.443100803 0.000000000
KQ:/crrc/cr: 0.535845677 0.337264916 0.126889407
KQ:/crrc/rr: 0.000000000 0.888239217 0.111760783
KQ:/rc/: 0.425385154 0.574614846 0.000000000
KQ:/rc/cr: 0.451992409 0.423427925 0.124579666
KQ:/rc/rr: 0.000000000 0.879580098 0.120419902
KQ:/rrc/: 0.567683947 0.432316053 0.000000000
KQ:/rrc/cr: 0.572534899 0.325803889 0.101661212
KQ:/rrc/rr: 0.000000000 0.921468327 0.078531673
Q:/: 0.174946572 0.825053428 0.000000000
Q:/cr: 0.150021186 0.349758280 0.500220535
Q:/rr: 0.000000000 0.713585051 0.286414949
QJ:/cc/: 0.200458278 0.799541722 0.000000000
QJ:/cc/cr: 0.116041271 0.141229198 0.742729531
QJ:/cc/rr: 0.000000000 0.208196677 0.791803323
QJ:/crc/: 0.198042752 0.801957248 0.000000000
QJ:/crc/cr: 0.214459675 0.082768370 0.702771955
QJ:/crc/rr: 0.000000000 0.259116389 0.740883611
QJ:/crrc/: 0.319946003 0.680053997 0.000000000
QJ:/crrc/cr: 0.288703966 0.161166906 0.550129128
QJ:/crrc/rr: 0.000000000 0.256332167 0.743667833
QJ:/rc/: 0.370160908 0.629839092 0.000000000
QJ:/rc/cr: 0.315259250 0.153655633 0.531085117
QJ:/rc/rr: 0.000000000 0.281235092 0.718764908
QJ:/rrc/: 0.382954289 0.617045711 0.000000000
QJ:/rrc/cr: 0.283183774 0.111394645 0.605421580
QJ:/rrc/rr: 0.000000000 0.235956998 0.764043002
QK:/cc/: 0.674164545 0.325835455 0.000000000
QK:/cc/cr: 0.543690468 0.289364107 0.166945425
QK:/cc/rr: 0.000000000 0.914600990 0.085399010
QK:/crc/: 0.513517640 0.486482360 0.000000000
QK:/crc/cr: 0.351523221 0.450079925 0.198396854
QK:/crc/rr: 0.000000000 0.865047118 0.134952882
QK:/crrc/: 0.461667087 0.538332913 0.000000000
QK:/crrc/cr: 0.413326647 0.413998370 0.172674983
QK:/crrc/rr: 0.000000000 0.848445150 0.151554850
QK:/rc/: 0.517258300 0.482741700 0.000000000
QK:/rc/cr: 0.520672297 0.324782871 0.154544832
QK:/rc/rr: 0.000000000 0.863867821 0.136132179
QK:/rrc/: 0.431497514 0.568502486 0.000000000
QK:/rrc/cr: 0.389676033 0.380287083 0.230036884
QK:/rrc/rr: 0.000000000 0.727786615 0.272213385
QQ:/cc/: 0.843858385 0.156141615 0.000000000
QQ:/cc/cr: 0.826282810 0.119753158 0.053964033
QQ:/cc/rr: 0.000000000 0.966181492 0.033818508
QQ:/crc/: 0.801754671 0.198245329 0.000000000
QQ:/crc/cr: 0.806521494 0.128975755 0.064502751
QQ:/crc/rr: 0.000000000 0.970093736 0.029906264
QQ:/crrc/: 0.791946039 0.208053961 0.000000000
QQ:/crrc/cr: 0.810254827 0.125105018 0.064640155
QQ:/crrc/rr: 0.000000000 0.957375825 0.042624175
QQ:/rc/: 0.877952675 0.122047325 0.000000000
QQ:/rc/cr: 0.633569807 0.221211611 0.145218581
QQ:/rc/rr: 0.000000000 0.955355577 0.044644423
QQ:/rrc/: 0.866440678 0.133559322 0.000000000
QQ:/rrc/cr: 0.797065654 0.139700694 0.063233652
QQ:/rrc/rr: 0.000000000 0.966786959 0.033213041
