J:/: 0.121895046 0.878104954 0.000000000
J:/cr: 0.058495415 0.049527429 0.891977156
J:/rr: 0.000000000 0.471064460 0.528935540
JJ:/cc/: 0.780564902 0.219435098 0.000000000
JJ:/cc/cr: 0.852837841 0.094202023 0.052960136
JJ:/cc/rr: 0.000000000 0.973465814 0.026534186
JJ:/crc/: 0.874633596 0.125366404 0.000000000
JJ:/crc/cr: 0.561007027 0.255677473 0.183315500
JJ:/crc/rr: 0.000000000 0.955173926 0.044826074
JJ:/crrc/: 0.832652931 0.167347069 0.000000000
JJ:/crrc/cr: 0.706540871 0.210166566 0.083292562
JJ:/crrc/rr: 0.000000000 0.958182453 0.041817547
JJ:/rc/: 0.755223358 0.244776642 0.000000000
JJ:/rc/cr: 0.775919609 0.149314765 0.074765626
JJ:/rc/rr: 0.000000000 0.957824813 0.042175187
JJ:/rrc/: 0.826424159 0.173575841 0.000000000
JJ:/rrc/cr: 0.716608451 0.189575765 0.093815784
JJ:/rrc/rr: 0.000000000 0.958638551 0.041361449
JK:/cc/: 0.132762505 0.867237495 0.000000000
JK:/cc/cr: 0.115992607 0.106610858 0.777396535
JK:/cc/rr: 0.000000000 0.180642495 0.819357505
JK:/crc/: 0.372492965 0.627507035 0.000000000
JK:/crc/cr: 0.301146255 0.130410403 0.568443342
JK:/crc/rr: 0.000000000 0.273727232 0.726272768
JK:/crrc/: 0.367595852 0.632404148 0.000000000
JK:/crrc/cr: 0.294819396 0.116141795 0.589038809
JK:/crrc/rr: 0.000000000 0.248492851 0.751507149
JK:/rc/: 0.317175738 0.682824262 0.000000000
JK:/rc/cr: 0.210197662 0.170652294 0.619150044
JK:/rc/rr: 0.000000000 0.221909858 0.778090142
JK:/rrc/: 0.364855589 0.635144411 0.000000000
JK:/rrc/cr: 0.309549985 0.148813822 0.541636193
JK:/rrc/rr: 0.000000000 0.290352109 0.709647891
JQ:/cc/: 0.149938618 0.850061382 0.000000000
JQ:/cc/cr: 0.132466555 0.091043949 0.776489496
JQ:/cc/rr: 0.000000000 0.194446825 0.805553175
JQ:/crc/: 0.289450093 0.710549907 0.000000000
JQ:/crc/cr: 0.226672710 0.189040918 0.584286372
JQ:/crc/rr: 0.000000000 0.301029727 0.698970273
JQ:/crrc/: 0.409954685 0.590045315 0.000000000
JQ:/crrc/cr: 0.311988540 0.154630559 0.533380901
JQ:/crrc/rr: 0.000000000 0.203555337 0.796444663
JQ:/rc/: 0.278300148 0.721699852 0.000000000
JQ:/rc/cr: 0.167059230 0.148728873 0.684211897
JQ:/rc/rr: 0.000000000 0.206951422 0.793048578
JQ:/rrc/: 0.360621955 0.639378045 0.000000000
JQ:/rrc/cr: 0.261715664 0.196752359 0.541531977
JQ:/rrc/rr: 0.000000000 0.268096654 0.731903346
K:/: 0.804662724 0.195337276 0.000000000
K:/cr: 0.749565448 0.238640268 0.011794284
K:/rr: 0.000000000 0.990411844 0.009588156
KJ:/cc/: 0.517066808 0.482933192 0.000000000
KJ:/cc/cr: 0.409212626 0.383537400 0.207249974
KJ:/cc/rr: 0.000000000 0.855280855 0.144719145
KJ:/crc/: 0.587821231 0.412178769 0.000000000
KJ:/crc/cr: 0.517459864 0.301765618 0.180774517
KJ:/crc/rr: 0.000000000 0.866164877 0.133835123
KJ:/crrc/: 0.568647622 0.431352378 0.000000000
KJ:/crrc/cr: 0.569100137 0.306755702 0.124144161
KJ:/crrc/rr: 0.000000000 0.887840544 0.112159456
KJ:/rc/: 0.684183258 0.315816742 0.000000000
KJ:/rc/cr: 0.474399846 0.382145723 0.143454431
KJ:/rc/rr: 0.000000000 0.928853688 0.071146312
KJ:/rrc/: 0.729902736 0.270097264 0.000000000
KJ:/rrc/cr: 0.571337877 0.317289090 0.111373033
KJ:/rrc/rr: 0.000000000 0.952731934 0.047268066
KK:/cc/: 0.835907275 0.164092725 0.000000000
KK:/cc/cr: 0.766490159 0.129181161 0.104328680
KK:/cc/rr: 0.000000000 0.967668946 0.032331054
KK:/crc/: 0.789537620 0.210462380 0.000000000
KK:/crc/cr: 0.589445843 0.261496537 0.149057620
KK:/crc/rr: 0.000000000 0.929447020 0.070552980
KK:/crrc/: 0.800962570 0.199037430 0.000000000
KK:/crrc/cr: 0.678192159 0.236674882 0.085132959
KK:/crrc/rr: 0.000000000 0.949200842 0.050799158
KK:/rc/: 0.908904513 0.091095487 0.000000000
KK:/rc/cr: 0.707355980 0.181403588 0.111240432
KK:/rc/rr: 0.000000000 0.982985824 0.017014176
KK:/rrc/: 0.911747492 0.088252508 0.000000000
KK:/rrc/cr: 0.705962549 0.216639396 0.077398055
KK:/rrc/rr: 0.000000000 0.976234321 0.023765679
KQ:/cc/: 0.509070468 0.490929532 0.000000000
KQ:/cc/cr: 0.375406977 0.343910712 0.280682311
KQ:/cc/rr: 0.000000000 0.823801521 0.176198479
KQ:/crc/: 0.599030262 0.400969738 0.000000000
KQ:/crc/cr: 0.509298038 0.278118923 0.212583038
KQ:/crc/rr: 0.000000000 0.861931051 0.138068949
KQ:/crrc/: 0.561717761 0.438282239 0.000000000
KQ:/crrc/cr: 0.538261588 0.339137081 0.122601332
KQ:/crrc/rr: 0.000000000 0.893255797 0.106744203
KQ:/rc/: 0.425074722 0.574925278 0.000000000
KQ:/rc/cr: 0.440982317 0.432974334 0.126043350
KQ:/rc/rr: 0.000000000 0.883377602 0.116622398
KQ:/rrc/: 0.570254398 0.429745602 0.000000000
KQ:/rrc/cr: 0.577312220 0.323670626 0.099017155
KQ:/rrc/rr: 0.000000000 0.924319196 0.075680804
Q:/: 0.167684083 0.832315917 0.000000000
Q:/cr: 0.140242038 0.336156727 0.523601235
Q:/rr: 0.000000000 0.704495954 0.295504046
QJ:/cc/: 0.194775808 0.805224192 0.000000000
QJ:/cc/cr: 0.111727624 0.135979231 0.752293145
QJ:/cc/rr: 0.000000000 0.202562835 0.797437165
QJ:/crc/: 0.189961093 0.810038907 0.000000000
QJ:/crc/cr: 0.204128205 0.078781052 0.717090743
QJ:/crc/rr: 0.000000000 0.249987820 0.750012180
QJ:/crrc/: 0.311565040 0.688434960 0.000000000
QJ:/crrc/cr: 0.278546439 0.155496540 0.565957022
QJ:/crrc/rr: 0.000000000 0.248412899 0.751587101
QJ:/rc/: 0.370690101 0.629309899 0.000000000
QJ:/rc/cr: 0.308620909 0.150425405 0.540953686
QJ:/rc/rr: 0.000000000 0.277156186 0.722843814
QJ:/rrc/: 0.374887910 0.625112090 0.000000000
QJ:/rrc/cr: 0.275574679 0.108401492 0.616023829
QJ:/rrc/rr: 0.000000000 0.230249791 0.769750209
QK:/cc/: 0.678078277 0.321921723 0.000000000
QK:/cc/cr: 0.550247461 0.286278083 0.163474456
QK:/cc/rr: 0.000000000 0.917481081 0.082518919
QK:/crc/: 0.515599790 0.484400210 0.000000000
QK:/crc/cr: 0.340587488 0.457243356 0.202169156
QK:/crc/rr: 0.000000000 0.870437443 0.129562557
QK:/crrc/: 0.455738214 0.544261786 0.000000000
QK:/crrc/cr: 0.407001750 0.422868813 0.170129438
QK:/crrc/rr: 0.000000000 0.851886648 0.148113352
QK:/rc/: 0.523315635 0.476684365 0.000000000
QK:/rc/cr: 0.516629933 0.331933919 0.151436149
QK:/rc/rr: 0.000000000 0.866157409 0.133842591
QK:/rrc/: 0.432435858 0.567564142 0.000000000
QK:/rrc/cr: 0.371013087 0.378503895 0.250483017
QK:/rrc/rr: 0.000000000 0.717841019 0.282158981
QQ:/cc/: 0.839074631 0.160925369 0.000000000
QQ:/cc/cr: 0.832945852 0.115159943 0.051894205
QQ:/cc/rr: 0.000000000 0.967570524 0.032429476
QQ:/crc/: 0.775430141 0.224569859 0.000000000
QQ:/crc/cr: 0.822511218 0.118316758 0.059172024
QQ:/crc/rr: 0.000000000 0.971795718 0.028204282
QQ:/crrc/: 0.806289633 0.193710367 0.000000000
QQ:/crrc/cr: 0.816435639 0.121029813 0.062534548
QQ:/crrc/rr: 0.000000000 0.959989149 0.040010851
QQ:/rc/: 0.881180742 0.118819258 0.000000000
QQ:/rc/cr: 0.640625914 0.216952598 0.142421488
QQ:/rc/rr: 0.000000000 0.957023170 0.042976830
QQ:/rrc/: 0.872759675 0.127240325 0.000000000
QQ:/rrc/cr: 0.803095168 0.135549956 0.061354876
QQ:/rrc/rr: 0.000000000 0.968362429 0.031637571
