J:/: 0.209818419 0.790181581 0.000000000
J:/cr: 0.260246573 0.127537301 0.612216126
J:/rr: 0.000000000 0.613448309 0.386551691
JJ:/cc/: 0.854996775 0.145003225 0.000000000
JJ:/cc/cr: 0.592873073 0.231074451 0.176052476
JJ:/cc/rr: 0.000000000 0.916121955 0.083878045
JJ:/crc/: 0.716074452 0.283925548 0.000000000
JJ:/crc/cr: 0.488802705 0.269078919 0.242118376
JJ:/crc/rr: 0.000000000 0.847674702 0.152325298
JJ:/crrc/: 0.737380703 0.262619297 0.000000000
JJ:/crrc/cr: 0.608291490 0.299692710 0.092015800
JJ:/crrc/rr: 0.000000000 0.923524601 0.076475399
JJ:/rc/: 0.773021965 0.226978035 0.000000000
JJ:/rc/cr: 0.485650593 0.319688790 0.194660618
JJ:/rc/rr: 0.000000000 0.888495005 0.111504995
JJ:/rrc/: 0.769554561 0.230445439 0.000000000
JJ:/rrc/cr: 0.548216242 0.288637949 0.163145809
JJ:/rrc/rr: 0.000000000 0.905426527 0.094573473
JK:/cc/: 0.237788680 0.762211320 0.000000000
JK:/cc/cr: 0.203822006 0.204887481 0.591290512
JK:/cc/rr: 0.000000000 0.348389752 0.651610248
JK:/crc/: 0.374111485 0.625888515 0.000000000
JK:/crc/cr: 0.316153348 0.221481479 0.462365173
JK:/crc/rr: 0.000000000 0.586281475 0.413718525
JK:/crrc/: 0.393064880 0.606935120 0.000000000
JK:/crrc/cr: 0.384651254 0.231129186 0.384219560
JK:/crrc/rr: 0.000000000 0.337818015 0.662181985
JK:/rc/: 0.403383011 0.596616989 0.000000000
JK:/rc/cr: 0.380025537 0.217414660 0.402559803
JK:/rc/rr: 0.000000000 0.285544683 0.714455317
JK:/rrc/: 0.378948237 0.621051763 0.000000000
JK:/rrc/cr: 0.531510966 0.119146401 0.349342633
JK:/rrc/rr: 0.000000000 0.262454393 0.737545607
JQ:/cc/: 0.226503765 0.773496235 0.000000000
JQ:/cc/cr: 0.266048898 0.186479710 0.547471391
JQ:/cc/rr: 0.000000000 0.355782193 0.644217807
JQ:/crc/: 0.439263635 0.560736365 0.000000000
JQ:/crc/cr: 0.358926991 0.337669602 0.303403406
JQ:/crc/rr: 0.000000000 0.344834298 0.655165702
JQ:/crrc/: 0.418514555 0.581485445 0.000000000
JQ:/crrc/cr: 0.366580323 0.198295250 0.435124427
JQ:/crrc/rr: 0.000000000 0.320595936 0.679404064
JQ:/rc/: 0.410135729 0.589864271 0.000000000
JQ:/rc/cr: 0.386326439 0.212704967 0.400968594
JQ:/rc/rr: 0.000000000 0.432182605 0.567817395
JQ:/rrc/: 0.441702311 0.558297689 0.000000000
JQ:/rrc/cr: 0.369168108 0.212463403 0.418368489
JQ:/rrc/rr: 0.000000000 0.370475924 0.629524076
K:/: 0.707545675 0.292454325 0.000000000
K:/cr: 0.664258764 0.311515229 0.024226007
K:/rr: 0.000000000 0.981889600 0.018110400
KJ:/cc/: 0.534041493 0.465958507 0.000000000
KJ:/cc/cr: 0.478404945 0.284219491 0.237375565
KJ:/cc/rr: 0.000000000 0.818386476 0.181613524
KJ:/crc/: 0.522374434 0.477625566 0.000000000
KJ:/crc/cr: 0.364556305 0.439997788 0.195445907
KJ:/crc/rr: 0.000000000 0.731936497 0.268063503
KJ:/crrc/: 0.573855510 0.426144490 0.000000000
KJ:/crrc/cr: 0.459743119 0.362045597 0.178211283
KJ:/crrc/rr: 0.000000000 0.807615425 0.192384575
KJ:/rc/: 0.588250802 0.411749198 0.000000000
KJ:/rc/cr: 0.502887574 0.290402847 0.206709579
KJ:/rc/rr: 0.000000000 0.826025555 0.173974445
KJ:/rrc/: 0.632168712 0.367831288 0.000000000
KJ:/rrc/cr: 0.457337401 0.370221038 0.172441562
KJ:/rrc/rr: 0.000000000 0.881446325 0.118553675
KK:/cc/: 0.798238174 0.201761826 0.000000000
KK:/cc/cr: 0.662939396 0.191571368 0.145489237
KK:/cc/rr: 0.000000000 0.916057723 0.083942277
KK:/crc/: 0.597989658 0.402010342 0.000000000
KK:/crc/cr: 0.496188519 0.341165599 0.162645883
KK:/crc/rr: 0.000000000 0.813209734 0.186790266
KK:/crrc/: 0.682119115 0.317880885 0.000000000
KK:/crrc/cr: 0.503001082 0.309516867 0.187482051
KK:/crrc/rr: 0.000000000 0.858499914 0.141500086
KK:/rc/: 0.813799061 0.186200939 0.000000000
KK:/rc/cr: 0.587904180 0.257696115 0.154399705
KK:/rc/rr: 0.000000000 0.938900728 0.061099272
KK:/rrc/: 0.797520433 0.202479567 0.000000000
KK:/rrc/cr: 0.614816883 0.270709173 0.114473944
KK:/rrc/rr: 0.000000000 0.929784871 0.070215129
KQ:/cc/: 0.562270142 0.437729858 0.000000000
KQ:/cc/cr: 0.444753033 0.352518252 0.202728716
KQ:/cc/rr: 0.000000000 0.835012782 0.164987218
KQ:/crc/: 0.550601710 0.449398290 0.000000000
KQ:/crc/cr: 0.463699057 0.242736350 0.293564594
KQ:/crc/rr: 0.000000000 0.768989101 0.231010899
KQ:/crrc/: 0.519540482 0.480459518 0.000000000
KQ:/crrc/cr: 0.415176939 0.450818145 0.134004916
KQ:/crrc/rr: 0.000000000 0.755766940 0.244233060
KQ:/rc/: 0.516166844 0.483833156 0.000000000
KQ:/rc/cr: 0.431009580 0.350385290 0.218605131
KQ:/rc/rr: 0.000000000 0.778963149 0.221036851
KQ:/rrc/: 0.518235055 0.481764945 0.000000000
KQ:/rrc/cr: 0.599465128 0.290090226 0.110444646
KQ:/rrc/rr: 0.000000000 0.841220635 0.158779365
Q:/: 0.346644792 0.653355208 0.000000000
Q:/cr: 0.458014244 0.334667680 0.207318077
Q:/rr: 0.000000000 0.861040985 0.138959015
QJ:/cc/: 0.247503311 0.752496689 0.000000000
QJ:/cc/cr: 0.244850182 0.146288968 0.608860850
QJ:/cc/rr: 0.000000000 0.326507115 0.673492885
QJ:/crc/: 0.426680166 0.573319834 0.000000000
QJ:/crc/cr: 0.394274488 0.197489652 0.408235860
QJ:/crc/rr: 0.000000000 0.404735805 0.595264195
QJ:/crrc/: 0.421594399 0.578405601 0.000000000
QJ:/crrc/cr: 0.344935999 0.284820549 0.370243452
QJ:/crrc/rr: 0.000000000 0.473286457 0.526713543
QJ:/rc/: 0.372927020 0.627072980 0.000000000
QJ:/rc/cr: 0.425384391 0.359750942 0.214864668
QJ:/rc/rr: 0.000000000 0.390562964 0.609437036
QJ:/rrc/: 0.416575061 0.583424939 0.000000000
QJ:/rrc/cr: 0.345849499 0.282590018 0.371560483
QJ:/rrc/rr: 0.000000000 0.391770160 0.608229840
QK:/cc/: 0.650692428 0.349307572 0.000000000
QK:/cc/cr: 0.480572263 0.223596972 0.295830766
QK:/cc/rr: 0.000000000 0.846541134 0.153458866
QK:/crc/: 0.548267869 0.451732131 0.000000000
QK:/crc/cr: 0.418662216 0.357588221 0.223749563
QK:/crc/rr: 0.000000000 0.795841881 0.204158119
QK:/crrc/: 0.516802555 0.483197445 0.000000000
QK:/crrc/cr: 0.519026556 0.332183597 0.148789846
QK:/crrc/rr: 0.000000000 0.787926435 0.212073565
QK:/rc/: 0.502547601 0.497452399 0.000000000
QK:/rc/cr: 0.531927348 0.226211735 0.241860916
QK:/rc/rr: 0.000000000 0.775296043 0.224703957
QK:/rrc/: 0.568620762 0.431379238 0.000000000
QK:/rrc/cr: 0.464310419 0.330410404 0.205279177
QK:/rrc/rr: 0.000000000 0.844713051 0.155286949
QQ:/cc/: 0.860502657 0.139497343 0.000000000
QQ:/cc/cr: 0.593878440 0.225211782 0.180909778
QQ:/cc/rr: 0.000000000 0.934016721 0.065983279
QQ:/crc/: 0.709995658 0.290004342 0.000000000
QQ:/crc/cr: 0.463836407 0.370793388 0.165370206
QQ:/crc/rr: 0.000000000 0.883157520 0.116842480
QQ:/crrc/: 0.792205017 0.207794983 0.000000000
QQ:/crrc/cr: 0.573913682 0.281424041 0.144662277
QQ:/crrc/rr: 0.000000000 0.901606572 0.098393428
QQ:/rc/: 0.804406648 0.195593352 0.000000000
QQ:/rc/cr: 0.611222598 0.242329283 0.146448120
QQ:/rc/rr: 0.000000000 0.905571692 0.094428308
QQ:/rrc/: 0.789225674 0.210774326 0.000000000
QQ:/rrc/cr: 0.601797920 0.272708117 0.125493963
QQ:/rrc/rr: 0.000000000 0.919905255 0.080094745
