J:/: 0.116053007 0.883946993 0.000000000
J:/cr: 0.056233955 0.048272593 0.895493452
J:/rr: 0.000000000 0.474112985 0.525887015
JJ:/cc/: 0.767048430 0.232951570 0.000000000
JJ:/cc/cr: 0.858565300 0.090535739 0.050898961
JJ:/cc/rr: 0.000000000 0.974388987 0.025611013
JJ:/crc/: 0.874136916 0.125863084 0.000000000
JJ:/crc/cr: 0.569110472 0.251052267 0.179837261
JJ:/crc/rr: 0.000000000 0.956771052 0.043228948
JJ:/crrc/: 0.837022760 0.162977240 0.000000000
JJ:/crrc/cr: 0.712649971 0.205791413 0.081558615
JJ:/crrc/rr: 0.000000000 0.959624435 0.040375565
JJ:/rc/: 0.754335146 0.245664854 0.000000000
JJ:/rc/cr: 0.779804080 0.146726368 0.073469551
JJ:/rc/rr: 0.000000000 0.958974850 0.041025150
JJ:/rrc/: 0.828942478 0.171057522 0.000000000
JJ:/rrc/cr: 0.723032850 0.185278141 0.091689009
JJ:/rrc/rr: 0.000000000 0.960174266 0.039825734
JK:/cc/: 0.129041107 0.870958893 0.000000000
JK:/cc/cr: 0.112051620 0.102988627 0.784959753
JK:/cc/rr: 0.000000000 0.176078198 0.823921802
JK:/crc/: 0.369775312 0.630224688 0.000000000
JK:/crc/cr: 0.296138158 0.128025852 0.575835991
JK:/crc/rr: 0.000000000 0.270442793 0.729557207
JK:/crrc/: 0.364877843 0.635122157 0.000000000
JK:/crrc/cr: 0.288309280 0.113601394 0.598089326
JK:/crrc/rr: 0.000000000 0.244955918 0.755044082
JK:/rc/: 0.329879472 0.670120528 0.000000000
JK:/rc/cr: 0.205489676 0.166830041 0.627680283
JK:/rc/rr: 0.000000000 0.218992357 0.781007643
JK:/rrc/: 0.367521885 0.632478115 0.000000000
JK:/rrc/cr: 0.303110510 0.145531487 0.551358003
JK:/rrc/rr: 0.000000000 0.285457710 0.714542290
JQ:/cc/: 0.146773981 0.853226019 0.000000000
JQ:/cc/cr: 0.127561874 0.087672973 0.784765152
JQ:/cc/rr: 0.000000000 0.189010300 0.810989700
JQ:/crc/: 0.293480598 0.706519402 0.000000000
JQ:/crc/cr: 0.223054554 0.186023442 0.590922004
JQ:/crc/rr: 0.000000000 0.298711018 0.701288982
JQ:/crrc/: 0.403809979 0.596190021 0.000000000
JQ:/crrc/cr: 0.306487898 0.151904282 0.541607820
JQ:/crrc/rr: 0.000000000 0.200119648 0.799880352
JQ:/rc/: 0.273807882 0.726192118 0.000000000
JQ:/rc/cr: 0.164040874 0.146041701 0.689917425
JQ:/rc/rr: 0.000000000 0.204085933 0.795914067
JQ:/rrc/: 0.354736311 0.645263689 0.000000000
JQ:/rrc/cr: 0.255988863 0.192447070 0.551564067
JQ:/rrc/rr: 0.000000000 0.263477215 0.736522785
K:/: 0.805979690 0.194020310 0.000000000
K:/cr: 0.757272522 0.231445543 0.011281936
K:/rr: 0.000000000 0.990751468 0.009248532
KJ:/cc/: 0.510305310 0.489694690 0.000000000
KJ:/cc/cr: 0.405952737 0.390901274 0.203145990
KJ:/cc/rr: 0.000000000 0.857207920 0.142792080
KJ:/crc/: 0.585069617 0.414930383 0.000000000
KJ:/crc/cr: 0.520206718 0.301795718 0.177997565
KJ:/crc/rr: 0.000000000 0.868316579 0.131683421
KJ:/crrc/: 0.571962609 0.428037391 0.000000000
KJ:/crrc/cr: 0.567904789 0.310515992 0.121579219
KJ:/crrc/rr: 0.000000000 0.890565684 0.109434316
KJ:/rc/: 0.687542018 0.312457982 0.000000000
KJ:/rc/cr: 0.477217976 0.381065145 0.141716879
KJ:/rc/rr: 0.000000000 0.930358556 0.069641444
KJ:/rrc/: 0.732241036 0.267758964 0.000000000
KJ:/rrc/cr: 0.573940681 0.316431004 0.109628315
KJ:/rrc/rr: 0.000000000 0.953746006 0.046253994
KK:/cc/: 0.836238254 0.163761746 0.000000000
KK:/cc/cr: 0.776795836 0.123479906 0.099724259
KK:/cc/rr: 0.000000000 0.969277795 0.030722205
KK:/crc/: 0.788957177 0.211042823 0.000000000
KK:/crc/cr: 0.597640016 0.256335437 0.146024547
KK:/crc/rr: 0.000000000 0.931583647 0.068416353
KK:/crrc/: 0.807573914 0.192426086 0.000000000
KK:/crrc/cr: 0.686808337 0.230345065 0.082846598
KK:/crrc/rr: 0.000000000 0.951742583 0.048257417
KK:/rc/: 0.883205115 0.116794885 0.000000000
KK:/rc/cr: 0.727915584 0.168659142 0.103425274
KK:/rc/rr: 0.000000000 0.983609914 0.016390086
KK:/rrc/: 0.913400132 0.086599868 0.000000000
KK:/rrc/cr: 0.710555075 0.213255738 0.076189187
KK:/rrc/rr: 0.000000000 0.976796577 0.023203423
KQ:/cc/: 0.498966776 0.501033224 0.000000000
KQ:/cc/cr: 0.366288437 0.343367454 0.290344109
KQ:/cc/rr: 0.000000000 0.821802122 0.178197878
KQ:/crc/: 0.602381134 0.397618866 0.000000000
KQ:/crc/cr: 0.512544808 0.278445938 0.209009254
KQ:/crc/rr: 0.000000000 0.864387129 0.135612871
KQ:/crrc/: 0.563444918 0.436555082 0.000000000
KQ:/crrc/cr: 0.539683689 0.340522080 0.119794231
KQ:/crrc/rr: 0.000000000 0.897201156 0.102798844
KQ:/rc/: 0.422575358 0.577424642 0.000000000
KQ:/rc/cr: 0.431892637 0.441218761 0.126888603
KQ:/rc/rr: 0.000000000 0.886242230 0.113757770
KQ:/rrc/: 0.571293217 0.428706783 0.000000000
KQ:/rrc/cr: 0.578208405 0.324847687 0.096943907
KQ:/rrc/rr: 0.000000000 0.926398376 0.073601624
Q:/: 0.162159139 0.837840861 0.000000000
Q:/cr: 0.138672020 0.320628846 0.540699134
Q:/rr: 0.000000000 0.707078089 0.292921911
QJ:/cc/: 0.191010780 0.808989220 0.000000000
QJ:/cc/cr: 0.108516964 0.132071664 0.759411372
QJ:/cc/rr: 0.000000000 0.198286472 0.801713528
QJ:/crc/: 0.184066855 0.815933145 0.000000000
QJ:/crc/cr: 0.197074390 0.076058709 0.726866901
QJ:/crc/rr: 0.000000000 0.243930580 0.756069420
QJ:/crrc/: 0.305035302 0.694964698 0.000000000
QJ:/crrc/cr: 0.270775676 0.151158568 0.578065756
QJ:/crrc/rr: 0.000000000 0.243061346 0.756938654
QJ:/rc/: 0.368725891 0.631274109 0.000000000
QJ:/rc/cr: 0.303856818 0.148103332 0.548039849
QJ:/rc/rr: 0.000000000 0.273847247 0.726152753
QJ:/rrc/: 0.369861552 0.630138448 0.000000000
QJ:/rrc/cr: 0.269752206 0.106111134 0.624136660
QJ:/rrc/rr: 0.000000000 0.226051896 0.773948104
QK:/cc/: 0.678832754 0.321167246 0.000000000
QK:/cc/cr: 0.556018002 0.283221366 0.160760632
QK:/cc/rr: 0.000000000 0.919602795 0.080397205
QK:/crc/: 0.512663394 0.487336606 0.000000000
QK:/crc/cr: 0.331966555 0.464680020 0.203353425
QK:/crc/rr: 0.000000000 0.874002405 0.125997595
QK:/crrc/: 0.457271992 0.542728008 0.000000000
QK:/crrc/cr: 0.402634174 0.426608557 0.170757269
QK:/crrc/rr: 0.000000000 0.855164237 0.144835763
QK:/rc/: 0.525924843 0.474075157 0.000000000
QK:/rc/cr: 0.512228143 0.339270561 0.148501296
QK:/rc/rr: 0.000000000 0.867754127 0.132245873
QK:/rrc/: 0.428029967 0.571970033 0.000000000
QK:/rrc/cr: 0.361498140 0.376170105 0.262331755
QK:/rrc/rr: 0.000000000 0.709607795 0.290392205
QQ:/cc/: 0.833315908 0.166684092 0.000000000
QQ:/cc/cr: 0.838145780 0.111575336 0.050278883
QQ:/cc/rr: 0.000000000 0.968596130 0.031403870
QQ:/crc/: 0.769342945 0.230657055 0.000000000
QQ:/crc/cr: 0.832772599 0.111476364 0.055751038
QQ:/crc/rr: 0.000000000 0.972946130 0.027053870
QQ:/crrc/: 0.812098162 0.187901838 0.000000000
QQ:/crrc/cr: 0.822029803 0.117341403 0.060628794
QQ:/crrc/rr: 0.000000000 0.961999126 0.038000874
QQ:/rc/: 0.884531489 0.115468511 0.000000000
QQ:/rc/cr: 0.645673395 0.213905455 0.140421150
QQ:/rc/rr: 0.000000000 0.958243953 0.041756047
QQ:/rrc/: 0.877259342 0.122740658 0.000000000
QQ:/rrc/cr: 0.807231449 0.132702526 0.060066025
QQ:/rrc/rr: 0.000000000 0.969542624 0.030457376
