J:/: 0.115380333 0.884619667 0.000000000
J:/cr: 0.055929452 0.048011200 0.896059348
J:/rr: 0.000000000 0.474197098 0.525802902
JJ:/cc/: 0.763141647 0.236858353 0.000000000
JJ:/cc/cr: 0.859522403 0.089923074 0.050554523
JJ:/cc/rr: 0.000000000 0.974527463 0.025472537
JJ:/crc/: 0.874727816 0.125272184 0.000000000
JJ:/crc/cr: 0.571034930 0.249938851 0.179026219
JJ:/crc/rr: 0.000000000 0.957009194 0.042990806
JJ:/crrc/: 0.837513310 0.162486690 0.000000000
JJ:/crrc/cr: 0.713643138 0.205080137 0.081276725
JJ:/crrc/rr: 0.000000000 0.959862966 0.040137034
JJ:/rc/: 0.751854402 0.248145598 0.000000000
JJ:/rc/cr: 0.780731234 0.146108564 0.073160201
JJ:/rc/rr: 0.000000000 0.959150130 0.040849870
JJ:/rrc/: 0.829878707 0.170121293 0.000000000
JJ:/rrc/cr: 0.723958621 0.184658843 0.091382536
JJ:/rrc/rr: 0.000000000 0.960426968 0.039573032
JK:/cc/: 0.128427554 0.871572446 0.000000000
JK:/cc/cr: 0.111432444 0.102419531 0.786148025
JK:/cc/rr: 0.000000000 0.175325220 0.824674780
JK:/crc/: 0.369047336 0.630952664 0.000000000
JK:/crc/cr: 0.295451514 0.127729003 0.576819483
JK:/crc/rr: 0.000000000 0.269803005 0.730196995
JK:/crrc/: 0.364007673 0.635992327 0.000000000
JK:/crrc/cr: 0.288139784 0.113371944 0.598488272
JK:/crrc/rr: 0.000000000 0.244144862 0.755855138
JK:/rc/: 0.330706205 0.669293795 0.000000000
JK:/rc/cr: 0.204860049 0.166318869 0.628821082
JK:/rc/rr: 0.000000000 0.218429405 0.781570595
JK:/rrc/: 0.367303586 0.632696414 0.000000000
JK:/rrc/cr: 0.302285755 0.145135500 0.552578745
JK:/rrc/rr: 0.000000000 0.284395941 0.715604059
JQ:/cc/: 0.146217231 0.853782769 0.000000000
JQ:/cc/cr: 0.126768453 0.087127656 0.786103891
JQ:/cc/rr: 0.000000000 0.188114567 0.811885433
JQ:/crc/: 0.297101069 0.702898931 0.000000000
JQ:/crc/cr: 0.222391155 0.185470300 0.592138545
JQ:/crc/rr: 0.000000000 0.298250912 0.701749088
JQ:/crrc/: 0.403581048 0.596418952 0.000000000
JQ:/crrc/cr: 0.305454741 0.151392219 0.543153040
JQ:/crrc/rr: 0.000000000 0.199678093 0.800321907
JQ:/rc/: 0.273360801 0.726639199 0.000000000
JQ:/rc/cr: 0.163533188 0.145589720 0.690877092
JQ:/rc/rr: 0.000000000 0.203674693 0.796325307
JQ:/rrc/: 0.353613239 0.646386761 0.000000000
JQ:/rrc/cr: 0.255112652 0.191788352 0.553098996
JQ:/rrc/rr: 0.000000000 0.262812422 0.737187578
K:/: 0.805006915 0.194993085 0.000000000
K:/cr: 0.758849705 0.229957459 0.011192836
K:/rr: 0.000000000 0.990805339 0.009194661
KJ:/cc/: 0.510877488 0.489122512 0.000000000
KJ:/cc/cr: 0.405908152 0.391472595 0.202619252
KJ:/cc/rr: 0.000000000 0.857751778 0.142248222
KJ:/crc/: 0.585259981 0.414740019 0.000000000
KJ:/crc/cr: 0.520110707 0.302245367 0.177643926
KJ:/crc/rr: 0.000000000 0.868714364 0.131285636
KJ:/crrc/: 0.570471514 0.429528486 0.000000000
KJ:/crrc/cr: 0.569184668 0.309660926 0.121154407
KJ:/crrc/rr: 0.000000000 0.891030569 0.108969431
KJ:/rc/: 0.688274448 0.311725552 0.000000000
KJ:/rc/cr: 0.477147132 0.381375108 0.141477760
KJ:/rc/rr: 0.000000000 0.930607901 0.069392099
KJ:/rrc/: 0.732767834 0.267232166 0.000000000
KJ:/rrc/cr: 0.574039524 0.316634861 0.109325615
KJ:/rrc/rr: 0.000000000 0.953906768 0.046093232
KK:/cc/: 0.838084977 0.161915023 0.000000000
KK:/cc/cr: 0.778448084 0.122565857 0.098986059
KK:/cc/rr: 0.000000000 0.969556763 0.030443237
KK:/crc/: 0.787301987 0.212698013 0.000000000
KK:/crc/cr: 0.599349809 0.255246162 0.145404028
KK:/crc/rr: 0.000000000 0.932000863 0.067999137
KK:/crrc/: 0.810861782 0.189138218 0.000000000
KK:/crrc/cr: 0.687882890 0.229554757 0.082562353
KK:/crrc/rr: 0.000000000 0.952215830 0.047784170
KK:/rc/: 0.866008880 0.133991120 0.000000000
KK:/rc/cr: 0.732915266 0.165559949 0.101524785
KK:/rc/rr: 0.000000000 0.983710255 0.016289745
KK:/rrc/: 0.913357325 0.086642675 0.000000000
KK:/rrc/cr: 0.711111666 0.212845656 0.076042678
KK:/rrc/rr: 0.000000000 0.976881449 0.023118551
KQ:/cc/: 0.496965270 0.503034730 0.000000000
KQ:/cc/cr: 0.364053876 0.344208561 0.291737564
KQ:/cc/rr: 0.000000000 0.821367652 0.178632348
KQ:/crc/: 0.602153779 0.397846221 0.000000000
KQ:/crc/cr: 0.512519946 0.278986093 0.208493962
KQ:/crc/rr: 0.000000000 0.864785317 0.135214683
KQ:/crrc/: 0.564690896 0.435309104 0.000000000
KQ:/crrc/cr: 0.539962839 0.340696209 0.119340952
KQ:/crrc/rr: 0.000000000 0.897729880 0.102270120
KQ:/rc/: 0.423767861 0.576232139 0.000000000
KQ:/rc/cr: 0.430168274 0.443490994 0.126340732
KQ:/rc/rr: 0.000000000 0.886799522 0.113200478
KQ:/rrc/: 0.571400270 0.428599730 0.000000000
KQ:/rrc/cr: 0.578060375 0.325325825 0.096613800
KQ:/rrc/rr: 0.000000000 0.926730556 0.073269444
Q:/: 0.161102206 0.838897794 0.000000000
Q:/cr: 0.137638443 0.320893880 0.541467677
Q:/rr: 0.000000000 0.707755194 0.292244806
QJ:/cc/: 0.190386594 0.809613406 0.000000000
QJ:/cc/cr: 0.108065180 0.131521816 0.760413003
QJ:/cc/rr: 0.000000000 0.197400317 0.802599683
QJ:/crc/: 0.183100029 0.816899971 0.000000000
QJ:/crc/cr: 0.195993544 0.075641568 0.728364888
QJ:/crc/rr: 0.000000000 0.242880598 0.757119402
QJ:/crrc/: 0.304132972 0.695867028 0.000000000
QJ:/crrc/cr: 0.269407102 0.150394571 0.580198327
QJ:/crrc/rr: 0.000000000 0.241992916 0.758007084
QJ:/rc/: 0.368383427 0.631616573 0.000000000
QJ:/rc/cr: 0.303169677 0.147768412 0.549061912
QJ:/rc/rr: 0.000000000 0.273296273 0.726703727
QJ:/rrc/: 0.368878370 0.631121630 0.000000000
QJ:/rrc/cr: 0.268731469 0.105709611 0.625558920
QJ:/rrc/rr: 0.000000000 0.225360906 0.774639094
QK:/cc/: 0.679209075 0.320790925 0.000000000
QK:/cc/cr: 0.556901926 0.282742239 0.160355835
QK:/cc/rr: 0.000000000 0.919948137 0.080051863
QK:/crc/: 0.514979046 0.485020954 0.000000000
QK:/crc/cr: 0.329622653 0.466068417 0.204308929
QK:/crc/rr: 0.000000000 0.874733238 0.125266762
QK:/crrc/: 0.458518499 0.541481501 0.000000000
QK:/crrc/cr: 0.403987041 0.425134285 0.170878674
QK:/crrc/rr: 0.000000000 0.856245385 0.143754615
QK:/rc/: 0.525653280 0.474346720 0.000000000
QK:/rc/cr: 0.511702663 0.340185533 0.148111803
QK:/rc/rr: 0.000000000 0.867910701 0.132089299
QK:/rrc/: 0.427378306 0.572621694 0.000000000
QK:/rrc/cr: 0.359700147 0.376061965 0.264237888
QK:/rrc/rr: 0.000000000 0.708362468 0.291637532
QQ:/cc/: 0.833278310 0.166721690 0.000000000
QQ:/cc/cr: 0.838895152 0.111058751 0.050046096
QQ:/cc/rr: 0.000000000 0.968745261 0.031254739
QQ:/crc/: 0.764001916 0.235998084 0.000000000
QQ:/crc/cr: 0.834517525 0.110313169 0.055169306
QQ:/crc/rr: 0.000000000 0.973109665 0.026890335
QQ:/crrc/: 0.806261116 0.193738884 0.000000000
QQ:/crrc/cr: 0.823038735 0.116676182 0.060285084
QQ:/crrc/rr: 0.000000000 0.962302811 0.037697189
QQ:/rc/: 0.884906114 0.115093886 0.000000000
QQ:/rc/cr: 0.646690653 0.213291341 0.140018006
QQ:/rc/rr: 0.000000000 0.958432638 0.041567362
QQ:/rrc/: 0.877736132 0.122263868 0.000000000
QQ:/rrc/cr: 0.807752854 0.132343590 0.059903557
QQ:/rrc/rr: 0.000000000 0.969729522 0.030270478
