J:/: 0.114323585 0.885676415 0.000000000
J:/cr: 0.055613854 0.047740283 0.896645863
J:/rr: 0.000000000 0.473278636 0.526721364
JJ:/cc/: 0.764151678 0.235848322 0.000000000
JJ:/cc/cr: 0.860357240 0.089388675 0.050254085
JJ:/cc/rr: 0.000000000 0.974662823 0.025337177
JJ:/crc/: 0.875714381 0.124285619 0.000000000
JJ:/crc/cr: 0.572016167 0.249367128 0.178616705
JJ:/crc/rr: 0.000000000 0.957319578 0.042680422
JJ:/crrc/: 0.836899154 0.163100846 0.000000000
JJ:/crrc/cr: 0.714588419 0.204403156 0.081008425
JJ:/crrc/rr: 0.000000000 0.960112969 0.039887031
JJ:/rc/: 0.750686197 0.249313803 0.000000000
JJ:/rc/cr: 0.781530047 0.145576280 0.072893673
JJ:/rc/rr: 0.000000000 0.959346763 0.040653237
JJ:/rrc/: 0.830703488 0.169296512 0.000000000
JJ:/rrc/cr: 0.725404632 0.183691529 0.090903839
JJ:/rrc/rr: 0.000000000 0.960646178 0.039353822
JK:/cc/: 0.127795850 0.872204150 0.000000000
JK:/cc/cr: 0.110836154 0.101871470 0.787292376
JK:/cc/rr: 0.000000000 0.174673065 0.825326935
JK:/crc/: 0.368650562 0.631349438 0.000000000
JK:/crc/cr: 0.294243067 0.127297529 0.578459404
JK:/crc/rr: 0.000000000 0.271631320 0.728368680
JK:/crrc/: 0.363367169 0.636632831 0.000000000
JK:/crrc/cr: 0.287523490 0.113118098 0.599358412
JK:/crrc/rr: 0.000000000 0.243504897 0.756495103
JK:/rc/: 0.334176994 0.665823006 0.000000000
JK:/rc/cr: 0.204117956 0.165716388 0.630165656
JK:/rc/rr: 0.000000000 0.217887639 0.782112361
JK:/rrc/: 0.368269147 0.631730853 0.000000000
JK:/rrc/cr: 0.300974742 0.144506048 0.554519210
JK:/rrc/rr: 0.000000000 0.283454873 0.716545127
JQ:/cc/: 0.145659922 0.854340078 0.000000000
JQ:/cc/cr: 0.126052925 0.086635876 0.787311199
JQ:/cc/rr: 0.000000000 0.187354594 0.812645406
JQ:/crc/: 0.297584124 0.702415876 0.000000000
JQ:/crc/cr: 0.221728840 0.184917940 0.593353220
JQ:/crc/rr: 0.000000000 0.297879744 0.702120256
JQ:/crrc/: 0.403050379 0.596949621 0.000000000
JQ:/crrc/cr: 0.304615129 0.150976083 0.544408788
JQ:/crrc/rr: 0.000000000 0.199213457 0.800786543
JQ:/rc/: 0.272856688 0.727143312 0.000000000
JQ:/rc/cr: 0.162913578 0.145038097 0.692048325
JQ:/rc/rr: 0.000000000 0.203284000 0.796716000
JQ:/rrc/: 0.352418152 0.647581848 0.000000000
JQ:/rrc/cr: 0.254321531 0.191193604 0.554484865
JQ:/rrc/rr: 0.000000000 0.262044170 0.737955830
K:/: 0.804853577 0.195146423 0.000000000
K:/cr: 0.760203625 0.228674142 0.011122233
K:/rr: 0.000000000 0.990857244 0.009142756
KJ:/cc/: 0.510114210 0.489885790 0.000000000
KJ:/cc/cr: 0.405602217 0.392405981 0.201991802
KJ:/cc/rr: 0.000000000 0.858102337 0.141897663
KJ:/crc/: 0.585708660 0.414291340 0.000000000
KJ:/crc/cr: 0.521225627 0.301565392 0.177208981
KJ:/crc/rr: 0.000000000 0.868932682 0.131067318
KJ:/crrc/: 0.569878941 0.430121059 0.000000000
KJ:/crrc/cr: 0.570383469 0.308889276 0.120727254
KJ:/crrc/rr: 0.000000000 0.891368501 0.108631499
KJ:/rc/: 0.688467531 0.311532469 0.000000000
KJ:/rc/cr: 0.477369798 0.381467553 0.141162649
KJ:/rc/rr: 0.000000000 0.930844440 0.069155560
KJ:/rrc/: 0.732962873 0.267037127 0.000000000
KJ:/rrc/cr: 0.573969689 0.316968157 0.109062154
KJ:/rrc/rr: 0.000000000 0.954067192 0.045932808
KK:/cc/: 0.836128120 0.163871880 0.000000000
KK:/cc/cr: 0.780174977 0.121610514 0.098214510
KK:/cc/rr: 0.000000000 0.969765592 0.030234408
KK:/crc/: 0.783255323 0.216744677 0.000000000
KK:/crc/cr: 0.600315801 0.254630748 0.145053451
KK:/crc/rr: 0.000000000 0.932426147 0.067573853
KK:/crrc/: 0.811963061 0.188036939 0.000000000
KK:/crrc/cr: 0.689522840 0.228348613 0.082128547
KK:/crrc/rr: 0.000000000 0.952553733 0.047446267
KK:/rc/: 0.855015913 0.144984087 0.000000000
KK:/rc/cr: 0.737048613 0.162997778 0.099953609
KK:/rc/rr: 0.000000000 0.983802505 0.016197495
KK:/rrc/: 0.913658947 0.086341053 0.000000000
KK:/rrc/cr: 0.711722946 0.212395280 0.075881774
KK:/rrc/rr: 0.000000000 0.976977002 0.023022998
KQ:/cc/: 0.494973294 0.505026706 0.000000000
KQ:/cc/cr: 0.362959532 0.344330671 0.292709797
KQ:/cc/rr: 0.000000000 0.821358980 0.178641020
KQ:/crc/: 0.602106459 0.397893541 0.000000000
KQ:/crc/cr: 0.513253419 0.278777306 0.207969274
KQ:/crc/rr: 0.000000000 0.865076355 0.134923645
KQ:/crrc/: 0.564127381 0.435872619 0.000000000
KQ:/crrc/cr: 0.541461620 0.339646983 0.118891397
KQ:/crrc/rr: 0.000000000 0.898307503 0.101692497
KQ:/rc/: 0.423687738 0.576312262 0.000000000
KQ:/rc/cr: 0.428071033 0.445446529 0.126482438
KQ:/rc/rr: 0.000000000 0.887224263 0.112775737
KQ:/rrc/: 0.571997279 0.428002721 0.000000000
KQ:/rrc/cr: 0.578183721 0.325481949 0.096334331
KQ:/rrc/rr: 0.000000000 0.927043176 0.072956824
Q:/: 0.160375228 0.839624772 0.000000000
Q:/cr: 0.136531353 0.319106995 0.544361652
Q:/rr: 0.000000000 0.708964569 0.291035431
QJ:/cc/: 0.189816205 0.810183795 0.000000000
QJ:/cc/cr: 0.107608910 0.130966508 0.761424582
QJ:/cc/rr: 0.000000000 0.196822012 0.803177988
QJ:/crc/: 0.182249386 0.817750614 0.000000000
QJ:/crc/cr: 0.194852252 0.075201099 0.729946649
QJ:/crc/rr: 0.000000000 0.241764227 0.758235773
QJ:/crrc/: 0.302575963 0.697424037 0.000000000
QJ:/crrc/cr: 0.268390774 0.149827213 0.581782012
QJ:/crrc/rr: 0.000000000 0.240951023 0.759048977
QJ:/rc/: 0.367662448 0.632337552 0.000000000
QJ:/rc/cr: 0.302817628 0.147545328 0.549637045
QJ:/rc/rr: 0.000000000 0.272652321 0.727347679
QJ:/rrc/: 0.368013492 0.631986508 0.000000000
QJ:/rrc/cr: 0.267826328 0.105353560 0.626820112
QJ:/rrc/rr: 0.000000000 0.224782148 0.775217852
QK:/cc/: 0.679853554 0.320146446 0.000000000
QK:/cc/cr: 0.557529575 0.282468809 0.160001617
QK:/cc/rr: 0.000000000 0.920268055 0.079731945
QK:/crc/: 0.516075323 0.483924677 0.000000000
QK:/crc/cr: 0.327427467 0.467825476 0.204747057
QK:/crc/rr: 0.000000000 0.875314860 0.124685140
QK:/crrc/: 0.460008243 0.539991757 0.000000000
QK:/crrc/cr: 0.404643509 0.424185524 0.171170966
QK:/crrc/rr: 0.000000000 0.856931827 0.143068173
QK:/rc/: 0.525656151 0.474343849 0.000000000
QK:/rc/cr: 0.510598555 0.341678683 0.147722762
QK:/rc/rr: 0.000000000 0.868186716 0.131813284
QK:/rrc/: 0.426315888 0.573684112 0.000000000
QK:/rrc/cr: 0.358542161 0.376241255 0.265216584
QK:/rrc/rr: 0.000000000 0.708171897 0.291828103
QQ:/cc/: 0.833586511 0.166413489 0.000000000
QQ:/cc/cr: 0.839776827 0.110450963 0.049772210
QQ:/cc/rr: 0.000000000 0.968900771 0.031099229
QQ:/crc/: 0.766619617 0.233380383 0.000000000
QQ:/crc/cr: 0.836003159 0.109322823 0.054674019
QQ:/crc/rr: 0.000000000 0.973282446 0.026717554
QQ:/crrc/: 0.807390906 0.192609094 0.000000000
QQ:/crrc/cr: 0.823910818 0.116101190 0.059987992
QQ:/crrc/rr: 0.000000000 0.962593967 0.037406033
QQ:/rc/: 0.885307819 0.114692181 0.000000000
QQ:/rc/cr: 0.647292159 0.212928214 0.139779627
QQ:/rc/rr: 0.000000000 0.958637005 0.041362995
QQ:/rrc/: 0.878534118 0.121465882 0.000000000
QQ:/rrc/cr: 0.808082117 0.132116924 0.059800960
QQ:/rrc/rr: 0.000000000 0.969900273 0.030099727
