J:/: 0.112931541 0.887068459 0.000000000
J:/cr: 0.055115035 0.047312085 0.897572879
J:/rr: 0.000000000 0.471138227 0.528861773
JJ:/cc/: 0.759445806 0.240554194 0.000000000
JJ:/cc/cr: 0.862133960 0.088251354 0.049614686
JJ:/cc/rr: 0.000000000 0.974916774 0.025083226
JJ:/crc/: 0.877200135 0.122799865 0.000000000
JJ:/crc/cr: 0.574374604 0.247992972 0.177632424
JJ:/crc/rr: 0.000000000 0.957809523 0.042190477
JJ:/crrc/: 0.838645440 0.161354560 0.000000000
JJ:/crrc/cr: 0.716469705 0.203055835 0.080474460
JJ:/crrc/rr: 0.000000000 0.960556486 0.039443514
JJ:/rc/: 0.748485605 0.251514395 0.000000000
JJ:/rc/cr: 0.783098108 0.144531411 0.072370481
JJ:/rc/rr: 0.000000000 0.959721841 0.040278159
JJ:/rrc/: 0.833044262 0.166955738 0.000000000
JJ:/rrc/cr: 0.727616762 0.182211717 0.090171521
JJ:/rrc/rr: 0.000000000 0.961049112 0.038950888
JK:/cc/: 0.126614307 0.873385693 0.000000000
JK:/cc/cr: 0.109710304 0.100836682 0.789453015
JK:/cc/rr: 0.000000000 0.173350675 0.826649325
JK:/crc/: 0.366764307 0.633235693 0.000000000
JK:/crc/cr: 0.292688640 0.126625042 0.580686318
JK:/crc/rr: 0.000000000 0.270759784 0.729240216
JK:/crrc/: 0.361806309 0.638193691 0.000000000
JK:/crrc/cr: 0.286206815 0.113084064 0.600709121
JK:/crrc/rr: 0.000000000 0.242749945 0.757250055
JK:/rc/: 0.336589334 0.663410666 0.000000000
JK:/rc/cr: 0.202856632 0.164692362 0.632451006
JK:/rc/rr: 0.000000000 0.216850476 0.783149524
JK:/rrc/: 0.368806386 0.631193614 0.000000000
JK:/rrc/cr: 0.298665372 0.143397257 0.557937371
JK:/rrc/rr: 0.000000000 0.282190861 0.717809139
JQ:/cc/: 0.144698611 0.855301389 0.000000000
JQ:/cc/cr: 0.124559394 0.085609375 0.789831231
JQ:/cc/rr: 0.000000000 0.185518374 0.814481626
JQ:/crc/: 0.299281570 0.700718430 0.000000000
JQ:/crc/cr: 0.220412792 0.183820380 0.595766829
JQ:/crc/rr: 0.000000000 0.297196608 0.702803392
JQ:/crrc/: 0.402488903 0.597511097 0.000000000
JQ:/crrc/cr: 0.303297623 0.150320902 0.546381475
JQ:/crrc/rr: 0.000000000 0.198095449 0.801904551
JQ:/rc/: 0.271885978 0.728114022 0.000000000
JQ:/rc/cr: 0.162004192 0.144228492 0.693767316
JQ:/rc/rr: 0.000000000 0.202300301 0.797699699
JQ:/rrc/: 0.350080384 0.649919616 0.000000000
JQ:/rrc/cr: 0.252803901 0.190052682 0.557143417
JQ:/rrc/rr: 0.000000000 0.260735586 0.739264414
K:/: 0.804422600 0.195577400 0.000000000
K:/cr: 0.763788285 0.225256500 0.010955215
K:/rr: 0.000000000 0.990959153 0.009040847
KJ:/cc/: 0.510310820 0.489689180 0.000000000
KJ:/cc/cr: 0.403225169 0.396087222 0.200687609
KJ:/cc/rr: 0.000000000 0.858896207 0.141103793
KJ:/crc/: 0.584909863 0.415090137 0.000000000
KJ:/crc/cr: 0.522295218 0.301225823 0.176478959
KJ:/crc/rr: 0.000000000 0.869437095 0.130562905
KJ:/crrc/: 0.569978309 0.430021691 0.000000000
KJ:/crrc/cr: 0.571227410 0.308848687 0.119923904
KJ:/crrc/rr: 0.000000000 0.892218201 0.107781799
KJ:/rc/: 0.689587909 0.310412091 0.000000000
KJ:/rc/cr: 0.478325767 0.381069446 0.140604787
KJ:/rc/rr: 0.000000000 0.931310290 0.068689710
KJ:/rrc/: 0.733953546 0.266046454 0.000000000
KJ:/rrc/cr: 0.574166488 0.317333928 0.108499584
KJ:/rrc/rr: 0.000000000 0.954395449 0.045604551
KK:/cc/: 0.837102553 0.162897447 0.000000000
KK:/cc/cr: 0.783485364 0.119779158 0.096735478
KK:/cc/rr: 0.000000000 0.970221862 0.029778138
KK:/crc/: 0.785496248 0.214503752 0.000000000
KK:/crc/cr: 0.601116756 0.254154998 0.144728247
KK:/crc/rr: 0.000000000 0.933011398 0.066988602
KK:/crrc/: 0.816105815 0.183894185 0.000000000
KK:/crrc/cr: 0.691338449 0.227013275 0.081648276
KK:/crrc/rr: 0.000000000 0.953343657 0.046656343
KK:/rc/: 0.829420442 0.170579558 0.000000000
KK:/rc/cr: 0.745739951 0.157610209 0.096649840
KK:/rc/rr: 0.000000000 0.983969610 0.016030390
KK:/rrc/: 0.914210041 0.085789959 0.000000000
KK:/rrc/cr: 0.712868437 0.211551311 0.075580252
KK:/rrc/rr: 0.000000000 0.977141941 0.022858059
KQ:/cc/: 0.493897081 0.506102919 0.000000000
KQ:/cc/cr: 0.358498348 0.346443892 0.295057760
KQ:/cc/rr: 0.000000000 0.821910475 0.178089525
KQ:/crc/: 0.601756815 0.398243185 0.000000000
KQ:/crc/cr: 0.514628730 0.278517826 0.206853444
KQ:/crc/rr: 0.000000000 0.865786279 0.134213721
KQ:/crrc/: 0.565653963 0.434346037 0.000000000
KQ:/crrc/cr: 0.541716930 0.340317690 0.117965379
KQ:/crrc/rr: 0.000000000 0.899348149 0.100651851
KQ:/rc/: 0.426664677 0.573335323 0.000000000
KQ:/rc/cr: 0.424132487 0.449156803 0.126710710
KQ:/rc/rr: 0.000000000 0.888274598 0.111725402
KQ:/rrc/: 0.571405211 0.428594789 0.000000000
KQ:/rrc/cr: 0.579852281 0.324381450 0.095766270
KQ:/rrc/rr: 0.000000000 0.927644615 0.072355385
Q:/: 0.158687786 0.841312214 0.000000000
Q:/cr: 0.133933780 0.313320303 0.552745917
Q:/rr: 0.000000000 0.705674251 0.294325749
QJ:/cc/: 0.188516166 0.811483834 0.000000000
QJ:/cc/cr: 0.106732089 0.129899364 0.763368546
QJ:/cc/rr: 0.000000000 0.195118716 0.804881284
QJ:/crc/: 0.180494818 0.819505182 0.000000000
QJ:/crc/cr: 0.192743234 0.074387147 0.732869620
QJ:/crc/rr: 0.000000000 0.239876521 0.760123479
QJ:/crrc/: 0.300502467 0.699497533 0.000000000
QJ:/crrc/cr: 0.266152395 0.148577654 0.585269951
QJ:/crrc/rr: 0.000000000 0.238890501 0.761109499
QJ:/rc/: 0.367679563 0.632320437 0.000000000
QJ:/rc/cr: 0.301365880 0.146837976 0.551796144
QJ:/rc/rr: 0.000000000 0.271387010 0.728612990
QJ:/rrc/: 0.365860334 0.634139666 0.000000000
QJ:/rrc/cr: 0.266145092 0.104692221 0.629162688
QJ:/rrc/rr: 0.000000000 0.223501246 0.776498754
QK:/cc/: 0.680876612 0.319123388 0.000000000
QK:/cc/cr: 0.558203918 0.282568562 0.159227520
QK:/cc/rr: 0.000000000 0.920922468 0.079077532
QK:/crc/: 0.515335934 0.484664066 0.000000000
QK:/crc/cr: 0.324785633 0.467809959 0.207404408
QK:/crc/rr: 0.000000000 0.876364971 0.123635029
QK:/crrc/: 0.457270064 0.542729936 0.000000000
QK:/crrc/cr: 0.401887701 0.426541719 0.171570580
QK:/crrc/rr: 0.000000000 0.857419434 0.142580566
QK:/rc/: 0.527437510 0.472562490 0.000000000
QK:/rc/cr: 0.511014438 0.341995971 0.146989591
QK:/rc/rr: 0.000000000 0.868765207 0.131234793
QK:/rrc/: 0.426331934 0.573668066 0.000000000
QK:/rrc/cr: 0.353997961 0.375687226 0.270314813
QK:/rrc/rr: 0.000000000 0.703696980 0.296303020
QQ:/cc/: 0.829487140 0.170512860 0.000000000
QQ:/cc/cr: 0.841545775 0.109231526 0.049222699
QQ:/cc/rr: 0.000000000 0.969208247 0.030791753
QQ:/crc/: 0.767163956 0.232836044 0.000000000
QQ:/crc/cr: 0.838709264 0.107518891 0.053771845
QQ:/crc/rr: 0.000000000 0.973601390 0.026398610
QQ:/crrc/: 0.808350698 0.191649302 0.000000000
QQ:/crrc/cr: 0.825423641 0.115103737 0.059472622
QQ:/crrc/rr: 0.000000000 0.963136084 0.036863916
QQ:/rc/: 0.886454900 0.113545100 0.000000000
QQ:/rc/cr: 0.648598188 0.212139770 0.139262042
QQ:/rc/rr: 0.000000000 0.959006509 0.040993491
QQ:/rrc/: 0.880107814 0.119892186 0.000000000
QQ:/rrc/cr: 0.809302312 0.131276937 0.059420751
QQ:/rrc/rr: 0.000000000 0.970245612 0.029754388
