J:/: 0.190450337 0.809549663 0.000000000
J:/cr: 0.234333764 0.115689965 0.649976271
J:/rr: 0.000000000 0.610603165 0.389396835
JJ:/cc/: 0.863939635 0.136060365 0.000000000
JJ:/cc/cr: 0.605890802 0.223694173 0.170415024
JJ:/cc/rr: 0.000000000 0.922679027 0.077320973
JJ:/crc/: 0.745692883 0.254307117 0.000000000
JJ:/crc/cr: 0.500539320 0.266256445 0.233204236
JJ:/crc/rr: 0.000000000 0.862572809 0.137427191
JJ:/crrc/: 0.753059912 0.246940088 0.000000000
JJ:/crrc/cr: 0.624438127 0.287339061 0.088222812
JJ:/crrc/rr: 0.000000000 0.929302461 0.070697539
JJ:/rc/: 0.778151013 0.221848987 0.000000000
JJ:/rc/cr: 0.493595935 0.317586430 0.188817635
JJ:/rc/rr: 0.000000000 0.895548525 0.104451475
JJ:/rrc/: 0.758032375 0.241967625 0.000000000
JJ:/rrc/cr: 0.559751868 0.283628523 0.156619609
JJ:/rrc/rr: 0.000000000 0.911884531 0.088115469
JK:/cc/: 0.228130345 0.771869655 0.000000000
JK:/cc/cr: 0.195984592 0.196476887 0.607538521
JK:/cc/rr: 0.000000000 0.337579121 0.662420879
JK:/crc/: 0.365021223 0.634978777 0.000000000
JK:/crc/cr: 0.316127808 0.217959795 0.465912397
JK:/crc/rr: 0.000000000 0.568462978 0.431537022
JK:/crrc/: 0.386244812 0.613755188 0.000000000
JK:/crrc/cr: 0.380639906 0.224322467 0.395037627
JK:/crrc/rr: 0.000000000 0.327830791 0.672169209
JK:/rc/: 0.396233452 0.603766548 0.000000000
JK:/rc/cr: 0.374956180 0.211708326 0.413335495
JK:/rc/rr: 0.000000000 0.279387716 0.720612284
JK:/rrc/: 0.373947096 0.626052904 0.000000000
JK:/rrc/cr: 0.527295359 0.119707847 0.352996794
JK:/rrc/rr: 0.000000000 0.258351317 0.741648683
JQ:/cc/: 0.220326724 0.779673276 0.000000000
JQ:/cc/cr: 0.255672809 0.179000217 0.565326974
JQ:/cc/rr: 0.000000000 0.353210742 0.646789258
JQ:/crc/: 0.439364971 0.560635029 0.000000000
JQ:/crc/cr: 0.350078711 0.327525514 0.322395775
JQ:/crc/rr: 0.000000000 0.335622134 0.664377866
JQ:/crrc/: 0.409761009 0.590238991 0.000000000
JQ:/crrc/cr: 0.362043609 0.193142414 0.444813977
JQ:/crrc/rr: 0.000000000 0.313276228 0.686723772
JQ:/rc/: 0.406656180 0.593343820 0.000000000
JQ:/rc/cr: 0.384428741 0.209460620 0.406110639
JQ:/rc/rr: 0.000000000 0.425690139 0.574309861
JQ:/rrc/: 0.433041065 0.566958935 0.000000000
JQ:/rrc/cr: 0.366119196 0.207226322 0.426654483
JQ:/rrc/rr: 0.000000000 0.361317213 0.638682787
K:/: 0.733869277 0.266130723 0.000000000
K:/cr: 0.672123840 0.305321090 0.022555070
K:/rr: 0.000000000 0.983419073 0.016580927
KJ:/cc/: 0.537491496 0.462508504 0.000000000
KJ:/cc/cr: 0.477265308 0.288284137 0.234450555
KJ:/cc/rr: 0.000000000 0.823943359 0.176056641
KJ:/crc/: 0.522625639 0.477374361 0.000000000
KJ:/crc/cr: 0.369608086 0.437184906 0.193207008
KJ:/crc/rr: 0.000000000 0.740277561 0.259722439
KJ:/crrc/: 0.573040597 0.426959403 0.000000000
KJ:/crrc/cr: 0.464916572 0.360714388 0.174369039
KJ:/crrc/rr: 0.000000000 0.814199599 0.185800401
KJ:/rc/: 0.598544245 0.401455755 0.000000000
KJ:/rc/cr: 0.507983528 0.292797124 0.199219347
KJ:/rc/rr: 0.000000000 0.833475579 0.166524421
KJ:/rrc/: 0.637276289 0.362723711 0.000000000
KJ:/rrc/cr: 0.464252753 0.368479916 0.167267331
KJ:/rrc/rr: 0.000000000 0.886271569 0.113728431
KK:/cc/: 0.808642029 0.191357971 0.000000000
KK:/cc/cr: 0.678265181 0.182860822 0.138873996
KK:/cc/rr: 0.000000000 0.922045885 0.077954115
KK:/crc/: 0.611474747 0.388525253 0.000000000
KK:/crc/cr: 0.505726458 0.336250043 0.158023499
KK:/crc/rr: 0.000000000 0.823917601 0.176082399
KK:/crrc/: 0.702375180 0.297624820 0.000000000
KK:/crrc/cr: 0.511594049 0.306767794 0.181638157
KK:/crrc/rr: 0.000000000 0.869254394 0.130745606
KK:/rc/: 0.823628436 0.176371564 0.000000000
KK:/rc/cr: 0.609603228 0.244303077 0.146093694
KK:/rc/rr: 0.000000000 0.944720387 0.055279613
KK:/rrc/: 0.816791698 0.183208302 0.000000000
KK:/rrc/cr: 0.625683820 0.264355526 0.109960654
KK:/rrc/rr: 0.000000000 0.935533199 0.064466801
KQ:/cc/: 0.565008205 0.434991795 0.000000000
KQ:/cc/cr: 0.446608003 0.354336380 0.199055617
KQ:/cc/rr: 0.000000000 0.840063295 0.159936705
KQ:/crc/: 0.545798878 0.454201122 0.000000000
KQ:/crc/cr: 0.470593746 0.240098584 0.289307670
KQ:/crc/rr: 0.000000000 0.775138990 0.224861010
KQ:/crrc/: 0.514047359 0.485952641 0.000000000
KQ:/crrc/cr: 0.421665794 0.446853546 0.131480660
KQ:/crrc/rr: 0.000000000 0.763708660 0.236291340
KQ:/rc/: 0.510037883 0.489962117 0.000000000
KQ:/rc/cr: 0.430909859 0.357245475 0.211844666
KQ:/rc/rr: 0.000000000 0.787427676 0.212572324
KQ:/rrc/: 0.519843098 0.480156902 0.000000000
KQ:/rrc/cr: 0.599377647 0.294578920 0.106043433
KQ:/rrc/rr: 0.000000000 0.848545838 0.151454162
Q:/: 0.338592871 0.661407129 0.000000000
Q:/cr: 0.435425790 0.336625043 0.227949167
Q:/rr: 0.000000000 0.866636632 0.133363368
QJ:/cc/: 0.238798542 0.761201458 0.000000000
QJ:/cc/cr: 0.236047334 0.140619225 0.623333441
QJ:/cc/rr: 0.000000000 0.322070775 0.677929225
QJ:/crc/: 0.411785734 0.588214266 0.000000000
QJ:/crc/cr: 0.384531884 0.191744024 0.423724093
QJ:/crc/rr: 0.000000000 0.393253235 0.606746765
QJ:/crrc/: 0.417041414 0.582958586 0.000000000
QJ:/crrc/cr: 0.338921514 0.275455413 0.385623073
QJ:/crrc/rr: 0.000000000 0.460803176 0.539196824
QJ:/rc/: 0.372050980 0.627949020 0.000000000
QJ:/rc/cr: 0.425932757 0.354190603 0.219876640
QJ:/rc/rr: 0.000000000 0.390789244 0.609210756
QJ:/rrc/: 0.403925346 0.596074654 0.000000000
QJ:/rrc/cr: 0.342799221 0.273003528 0.384197250
QJ:/rrc/rr: 0.000000000 0.379738364 0.620261636
QK:/cc/: 0.655190542 0.344809458 0.000000000
QK:/cc/cr: 0.488222429 0.223982352 0.287795219
QK:/cc/rr: 0.000000000 0.852558668 0.147441332
QK:/crc/: 0.552044338 0.447955662 0.000000000
QK:/crc/cr: 0.425479665 0.356149135 0.218371200
QK:/crc/rr: 0.000000000 0.801892028 0.198107972
QK:/crrc/: 0.508778902 0.491221098 0.000000000
QK:/crrc/cr: 0.510128888 0.342613459 0.147257653
QK:/crrc/rr: 0.000000000 0.796376318 0.203623682
QK:/rc/: 0.507674256 0.492325744 0.000000000
QK:/rc/cr: 0.534072388 0.228833729 0.237093883
QK:/rc/rr: 0.000000000 0.783508143 0.216491857
QK:/rrc/: 0.561387665 0.438612335 0.000000000
QK:/rrc/cr: 0.465158638 0.334342211 0.200499151
QK:/rrc/rr: 0.000000000 0.849086297 0.150913703
QQ:/cc/: 0.861233144 0.138766856 0.000000000
QQ:/cc/cr: 0.609431532 0.216586927 0.173981541
QQ:/cc/rr: 0.000000000 0.938873193 0.061126807
QQ:/crc/: 0.726230691 0.273769309 0.000000000
QQ:/crc/cr: 0.488793403 0.353938957 0.157267640
QQ:/crc/rr: 0.000000000 0.894685482 0.105314518
QQ:/crrc/: 0.811100751 0.188899249 0.000000000
QQ:/crrc/cr: 0.588580649 0.273578625 0.137840726
QQ:/crrc/rr: 0.000000000 0.910922416 0.089077584
QQ:/rc/: 0.788956751 0.211043249 0.000000000
QQ:/rc/cr: 0.625837921 0.233244943 0.140917136
QQ:/rc/rr: 0.000000000 0.911348486 0.088651514
QQ:/rrc/: 0.799969376 0.200030624 0.000000000
QQ:/rrc/cr: 0.617068771 0.262406351 0.120524877
QQ:/rrc/rr: 0.000000000 0.927257905 0.072742095
