J:/: 0.110872235 0.889127765 0.000000000
J:/cr: 0.054221787 0.046698050 0.899080163
J:/rr: 0.000000000 0.469349620 0.530650380
JJ:/cc/: 0.763008855 0.236991145 0.000000000
JJ:/cc/cr: 0.864253720 0.086894445 0.048851835
JJ:/cc/rr: 0.000000000 0.975292500 0.024707500
JJ:/crc/: 0.877969186 0.122030814 0.000000000
JJ:/crc/cr: 0.579152004 0.245216433 0.175631563
JJ:/crc/rr: 0.000000000 0.958481925 0.041518075
JJ:/crrc/: 0.841393166 0.158606834 0.000000000
JJ:/crrc/cr: 0.718867801 0.201338391 0.079793807
JJ:/crrc/rr: 0.000000000 0.961109361 0.038890639
JJ:/rc/: 0.746348214 0.253651786 0.000000000
JJ:/rc/cr: 0.785142934 0.143168852 0.071688214
JJ:/rc/rr: 0.000000000 0.960191428 0.039808572
JJ:/rrc/: 0.833788542 0.166211458 0.000000000
JJ:/rrc/cr: 0.730014863 0.180607499 0.089377638
JJ:/rrc/rr: 0.000000000 0.961701873 0.038298127
JK:/cc/: 0.125013565 0.874986435 0.000000000
JK:/cc/cr: 0.108050862 0.099311460 0.792637678
JK:/cc/rr: 0.000000000 0.171444615 0.828555385
JK:/crc/: 0.367030024 0.632969976 0.000000000
JK:/crc/cr: 0.289572566 0.125276944 0.585150490
JK:/crc/rr: 0.000000000 0.268628471 0.731371529
JK:/crrc/: 0.359696572 0.640303428 0.000000000
JK:/crrc/cr: 0.284219319 0.112162989 0.603617691
JK:/crrc/rr: 0.000000000 0.241062947 0.758937053
JK:/rc/: 0.344008153 0.655991847 0.000000000
JK:/rc/cr: 0.201122005 0.163284078 0.635593917
JK:/rc/rr: 0.000000000 0.215873522 0.784126478
JK:/rrc/: 0.367750291 0.632249709 0.000000000
JK:/rrc/cr: 0.295872318 0.141875534 0.562252148
JK:/rrc/rr: 0.000000000 0.280203530 0.719796470
JQ:/cc/: 0.143330522 0.856669478 0.000000000
JQ:/cc/cr: 0.122517943 0.084206291 0.793275766
JQ:/cc/rr: 0.000000000 0.183173903 0.816826097
JQ:/crc/: 0.303133870 0.696866130 0.000000000
JQ:/crc/cr: 0.219002555 0.182644267 0.598353178
JQ:/crc/rr: 0.000000000 0.295671637 0.704328363
JQ:/crrc/: 0.400317499 0.599682501 0.000000000
JQ:/crrc/cr: 0.301296605 0.149230911 0.549472484
JQ:/crrc/rr: 0.000000000 0.196739417 0.803260583
JQ:/rc/: 0.270227205 0.729772795 0.000000000
JQ:/rc/cr: 0.160703960 0.143070926 0.696225114
JQ:/rc/rr: 0.000000000 0.200754615 0.799245385
JQ:/rrc/: 0.347933966 0.652066034 0.000000000
JQ:/rrc/cr: 0.250457495 0.188288702 0.561253803
JQ:/rrc/rr: 0.000000000 0.258820216 0.741179784
K:/: 0.805169661 0.194830339 0.000000000
K:/cr: 0.770543388 0.218818176 0.010638436
K:/rr: 0.000000000 0.991102530 0.008897470
KJ:/cc/: 0.509200914 0.490799086 0.000000000
KJ:/cc/cr: 0.403034707 0.397336467 0.199628826
KJ:/cc/rr: 0.000000000 0.859854957 0.140145043
KJ:/crc/: 0.584689499 0.415310501 0.000000000
KJ:/crc/cr: 0.521879167 0.302814270 0.175306563
KJ:/crc/rr: 0.000000000 0.870189673 0.129810327
KJ:/crrc/: 0.571398736 0.428601264 0.000000000
KJ:/crrc/cr: 0.571790510 0.309335442 0.118874048
KJ:/crrc/rr: 0.000000000 0.893259307 0.106740693
KJ:/rc/: 0.690074401 0.309925599 0.000000000
KJ:/rc/cr: 0.477599676 0.382643562 0.139756761
KJ:/rc/rr: 0.000000000 0.931924468 0.068075532
KJ:/rrc/: 0.734612923 0.265387077 0.000000000
KJ:/rrc/cr: 0.575106508 0.317167767 0.107725726
KJ:/rrc/rr: 0.000000000 0.954845628 0.045154372
KK:/cc/: 0.835419794 0.164580206 0.000000000
KK:/cc/cr: 0.788234774 0.117151713 0.094613514
KK:/cc/rr: 0.000000000 0.970888081 0.029111919
KK:/crc/: 0.790341948 0.209658052 0.000000000
KK:/crc/cr: 0.602677195 0.253525921 0.143796883
KK:/crc/rr: 0.000000000 0.934007263 0.065992737
KK:/crrc/: 0.817125610 0.182874390 0.000000000
KK:/crrc/cr: 0.694630106 0.224602977 0.080766917
KK:/crrc/rr: 0.000000000 0.954542939 0.045457061
KK:/rc/: 0.792765924 0.207234076 0.000000000
KK:/rc/cr: 0.760190813 0.148652437 0.091156749
KK:/rc/rr: 0.000000000 0.984223066 0.015776934
KK:/rrc/: 0.914924223 0.085075777 0.000000000
KK:/rrc/cr: 0.714548330 0.210313608 0.075138061
KK:/rrc/rr: 0.000000000 0.977387643 0.022612357
KQ:/cc/: 0.488400059 0.511599941 0.000000000
KQ:/cc/cr: 0.354244822 0.346591338 0.299163840
KQ:/cc/rr: 0.000000000 0.820702019 0.179297981
KQ:/crc/: 0.604402020 0.395597980 0.000000000
KQ:/crc/cr: 0.515646407 0.279064182 0.205289411
KQ:/crc/rr: 0.000000000 0.866808720 0.133191280
KQ:/crrc/: 0.567691376 0.432308624 0.000000000
KQ:/crrc/cr: 0.544466722 0.338978033 0.116555245
KQ:/crrc/rr: 0.000000000 0.900932841 0.099067159
KQ:/rc/: 0.424751529 0.575248471 0.000000000
KQ:/rc/cr: 0.418298259 0.456005908 0.125695832
KQ:/rc/rr: 0.000000000 0.889622112 0.110377888
KQ:/rrc/: 0.571377832 0.428622168 0.000000000
KQ:/rrc/cr: 0.581591548 0.323468324 0.094940128
KQ:/rrc/rr: 0.000000000 0.928522693 0.071477307
Q:/: 0.155415319 0.844584681 0.000000000
Q:/cr: 0.131582277 0.319777122 0.548640602
Q:/rr: 0.000000000 0.700149780 0.299850220
QJ:/cc/: 0.186685151 0.813314849 0.000000000
QJ:/cc/cr: 0.105438759 0.128325304 0.766235937
QJ:/cc/rr: 0.000000000 0.192559582 0.807440418
QJ:/crc/: 0.178053676 0.821946324 0.000000000
QJ:/crc/cr: 0.189911894 0.073294422 0.736793683
QJ:/crc/rr: 0.000000000 0.237256155 0.762743845
QJ:/crrc/: 0.297529610 0.702470390 0.000000000
QJ:/crrc/cr: 0.263016480 0.146827052 0.590156468
QJ:/crrc/rr: 0.000000000 0.236495378 0.763504622
QJ:/rc/: 0.367569291 0.632430709 0.000000000
QJ:/rc/cr: 0.298491216 0.145437320 0.556071464
QJ:/rc/rr: 0.000000000 0.270165285 0.729834715
QJ:/rrc/: 0.362270367 0.637729633 0.000000000
QJ:/rrc/cr: 0.263716596 0.103736935 0.632546469
QJ:/rrc/rr: 0.000000000 0.221584677 0.778415323
QK:/cc/: 0.681420449 0.318579551 0.000000000
QK:/cc/cr: 0.560007948 0.281876206 0.158115846
QK:/cc/rr: 0.000000000 0.921829131 0.078170869
QK:/crc/: 0.515966006 0.484033994 0.000000000
QK:/crc/cr: 0.322417325 0.467924954 0.209657721
QK:/crc/rr: 0.000000000 0.878104929 0.121895071
QK:/crrc/: 0.457751734 0.542248266 0.000000000
QK:/crrc/cr: 0.397560323 0.430542386 0.171897291
QK:/crrc/rr: 0.000000000 0.859056411 0.140943589
QK:/rc/: 0.529439740 0.470560260 0.000000000
QK:/rc/cr: 0.509228372 0.345090517 0.145681111
QK:/rc/rr: 0.000000000 0.869595483 0.130404517
QK:/rrc/: 0.425860985 0.574139015 0.000000000
QK:/rrc/cr: 0.349200562 0.372430024 0.278369414
QK:/rrc/rr: 0.000000000 0.698739159 0.301260841
QQ:/cc/: 0.825890001 0.174109999 0.000000000
QQ:/cc/cr: 0.843949985 0.107574167 0.048475848
QQ:/cc/rr: 0.000000000 0.969595399 0.030404601
QQ:/crc/: 0.763099662 0.236900338 0.000000000
QQ:/crc/cr: 0.842885516 0.104734937 0.052379547
QQ:/crc/rr: 0.000000000 0.974099715 0.025900285
QQ:/crrc/: 0.812298235 0.187701765 0.000000000
QQ:/crrc/cr: 0.827670298 0.113622445 0.058707257
QQ:/crrc/rr: 0.000000000 0.963946883 0.036053117
QQ:/rc/: 0.887891440 0.112108560 0.000000000
QQ:/rc/cr: 0.651233136 0.210549063 0.138217801
QQ:/rc/rr: 0.000000000 0.959564540 0.040435460
QQ:/rrc/: 0.881751322 0.118248678 0.000000000
QQ:/rrc/cr: 0.810842250 0.130216839 0.058940911
QQ:/rrc/rr: 0.000000000 0.970681673 0.029318327
