J:/: 0.110103918 0.889896082 0.000000000
J:/cr: 0.053914853 0.046433706 0.899651441
J:/rr: 0.000000000 0.470449308 0.529550692
JJ:/cc/: 0.758920275 0.241079725 0.000000000
JJ:/cc/cr: 0.864991377 0.086422253 0.048586370
JJ:/cc/rr: 0.000000000 0.975405447 0.024594553
JJ:/crc/: 0.878415767 0.121584233 0.000000000
JJ:/crc/cr: 0.580273212 0.244563136 0.175163652
JJ:/crc/rr: 0.000000000 0.958693031 0.041306969
JJ:/crrc/: 0.842358619 0.157641381 0.000000000
JJ:/crrc/cr: 0.719958303 0.200557407 0.079484290
JJ:/crrc/rr: 0.000000000 0.961286961 0.038713039
JJ:/rc/: 0.747055170 0.252944830 0.000000000
JJ:/rc/cr: 0.785602964 0.142862313 0.071534723
JJ:/rc/rr: 0.000000000 0.960354753 0.039645247
JJ:/rrc/: 0.834671441 0.165328559 0.000000000
JJ:/rrc/cr: 0.731117891 0.179869625 0.089012485
JJ:/rrc/rr: 0.000000000 0.961889067 0.038110933
JK:/cc/: 0.124458315 0.875541685 0.000000000
JK:/cc/cr: 0.107502468 0.098807421 0.793690111
JK:/cc/rr: 0.000000000 0.170801893 0.829198107
JK:/crc/: 0.366571656 0.633428344 0.000000000
JK:/crc/cr: 0.288585712 0.124850004 0.586564284
JK:/crc/rr: 0.000000000 0.267706431 0.732293569
JK:/crrc/: 0.358549970 0.641450030 0.000000000
JK:/crrc/cr: 0.283942371 0.111970766 0.604086862
JK:/crrc/rr: 0.000000000 0.242199686 0.757800314
JK:/rc/: 0.345713338 0.654286662 0.000000000
JK:/rc/cr: 0.200571134 0.162836845 0.636592021
JK:/rc/rr: 0.000000000 0.215436970 0.784563030
JK:/rrc/: 0.367834575 0.632165425 0.000000000
JK:/rrc/cr: 0.295165319 0.141536516 0.563298164
JK:/rrc/rr: 0.000000000 0.279507051 0.720492949
JQ:/cc/: 0.142886732 0.857113268 0.000000000
JQ:/cc/cr: 0.121859735 0.083753907 0.794386358
JQ:/cc/rr: 0.000000000 0.182472958 0.817527042
JQ:/crc/: 0.304908478 0.695091522 0.000000000
JQ:/crc/cr: 0.218535978 0.182255150 0.599208871
JQ:/crc/rr: 0.000000000 0.295353788 0.704646212
JQ:/crrc/: 0.399068670 0.600931330 0.000000000
JQ:/crrc/cr: 0.300547119 0.148859693 0.550593188
JQ:/crrc/rr: 0.000000000 0.196526196 0.803473804
JQ:/rc/: 0.269235791 0.730764209 0.000000000
JQ:/rc/cr: 0.160230653 0.142649552 0.697119794
JQ:/rc/rr: 0.000000000 0.200422550 0.799577450
JQ:/rrc/: 0.346745223 0.653254777 0.000000000
JQ:/rrc/cr: 0.249840030 0.187824506 0.562335464
JQ:/rrc/rr: 0.000000000 0.258147543 0.741852457
K:/: 0.799198099 0.200801901 0.000000000
K:/cr: 0.772197150 0.217242337 0.010560513
K:/rr: 0.000000000 0.991147538 0.008852462
KJ:/cc/: 0.508466009 0.491533991 0.000000000
KJ:/cc/cr: 0.401959484 0.398877944 0.199162572
KJ:/cc/rr: 0.000000000 0.860087583 0.139912417
KJ:/crc/: 0.584608171 0.415391829 0.000000000
KJ:/crc/cr: 0.522493329 0.302443384 0.175063287
KJ:/crc/rr: 0.000000000 0.870468976 0.129531024
KJ:/crrc/: 0.572038985 0.427961015 0.000000000
KJ:/crrc/cr: 0.570938284 0.310648759 0.118412957
KJ:/crrc/rr: 0.000000000 0.893654489 0.106345511
KJ:/rc/: 0.690721440 0.309278560 0.000000000
KJ:/rc/cr: 0.477159722 0.383315597 0.139524682
KJ:/rc/rr: 0.000000000 0.932109656 0.067890344
KJ:/rrc/: 0.735174038 0.264825962 0.000000000
KJ:/rrc/cr: 0.574994710 0.317529444 0.107475846
KJ:/rrc/rr: 0.000000000 0.954988212 0.045011788
KK:/cc/: 0.835439579 0.164560421 0.000000000
KK:/cc/cr: 0.789566816 0.116414807 0.094018377
KK:/cc/rr: 0.000000000 0.971092172 0.028907828
KK:/crc/: 0.790491220 0.209508780 0.000000000
KK:/crc/cr: 0.603143340 0.253392380 0.143464280
KK:/crc/rr: 0.000000000 0.934238582 0.065761418
KK:/crrc/: 0.818829470 0.181170530 0.000000000
KK:/crrc/cr: 0.695780533 0.223756825 0.080462642
KK:/crrc/rr: 0.000000000 0.954972148 0.045027852
KK:/rc/: 0.785696739 0.214303261 0.000000000
KK:/rc/cr: 0.764076983 0.146243486 0.089679531
KK:/rc/rr: 0.000000000 0.984301210 0.015698790
KK:/rrc/: 0.915124869 0.084875131 0.000000000
KK:/rrc/cr: 0.715239996 0.209804006 0.074955998
KK:/rrc/rr: 0.000000000 0.977456692 0.022543308
KQ:/cc/: 0.486910989 0.513089011 0.000000000
KQ:/cc/cr: 0.353249104 0.346060394 0.300690502
KQ:/cc/rr: 0.000000000 0.820252129 0.179747871
KQ:/crc/: 0.605353703 0.394646297 0.000000000
KQ:/crc/cr: 0.515092105 0.280168834 0.204739061
KQ:/crc/rr: 0.000000000 0.867256042 0.132743958
KQ:/crrc/: 0.569492941 0.430507059 0.000000000
KQ:/crrc/cr: 0.544798807 0.339033211 0.116167982
KQ:/crrc/rr: 0.000000000 0.901450187 0.098549813
KQ:/rc/: 0.424913024 0.575086976 0.000000000
KQ:/rc/cr: 0.416481275 0.458111888 0.125406838
KQ:/rc/rr: 0.000000000 0.890062186 0.109937814
KQ:/rrc/: 0.571329254 0.428670746 0.000000000
KQ:/rrc/cr: 0.581651751 0.323690709 0.094657540
KQ:/rrc/rr: 0.000000000 0.928801012 0.071198988
Q:/: 0.154898125 0.845101875 0.000000000
Q:/cr: 0.130571188 0.318763219 0.550665594
Q:/rr: 0.000000000 0.699420571 0.300579429
QJ:/cc/: 0.186149249 0.813850751 0.000000000
QJ:/cc/cr: 0.105012206 0.127806164 0.767181630
QJ:/cc/rr: 0.000000000 0.191917917 0.808082083
QJ:/crc/: 0.177313876 0.822686124 0.000000000
QJ:/crc/cr: 0.188878549 0.072895614 0.738225837
QJ:/crc/rr: 0.000000000 0.236288938 0.763711062
QJ:/crrc/: 0.296723824 0.703276176 0.000000000
QJ:/crrc/cr: 0.261846404 0.146173866 0.591979730
QJ:/crrc/rr: 0.000000000 0.235767911 0.764232089
QJ:/rc/: 0.367445152 0.632554848 0.000000000
QJ:/rc/cr: 0.297817108 0.145108867 0.557074025
QJ:/rc/rr: 0.000000000 0.269802552 0.730197448
QJ:/rrc/: 0.361365835 0.638634165 0.000000000
QJ:/rrc/cr: 0.262961695 0.103439983 0.633598322
QJ:/rrc/rr: 0.000000000 0.221134848 0.778865152
QK:/cc/: 0.681725363 0.318274637 0.000000000
QK:/cc/cr: 0.560797379 0.281408210 0.157794411
QK:/cc/rr: 0.000000000 0.922108381 0.077891619
QK:/crc/: 0.515445729 0.484554271 0.000000000
QK:/crc/cr: 0.320861101 0.468138270 0.211000629
QK:/crc/rr: 0.000000000 0.878506068 0.121493932
QK:/crrc/: 0.459085571 0.540914429 0.000000000
QK:/crrc/cr: 0.394036319 0.433781069 0.172182612
QK:/crrc/rr: 0.000000000 0.859763193 0.140236807
QK:/rc/: 0.529471933 0.470528067 0.000000000
QK:/rc/cr: 0.509206194 0.345544207 0.145249599
QK:/rc/rr: 0.000000000 0.869833089 0.130166911
QK:/rrc/: 0.425418324 0.574581676 0.000000000
QK:/rrc/cr: 0.347803922 0.371658591 0.280537486
QK:/rrc/rr: 0.000000000 0.696383552 0.303616448
QQ:/cc/: 0.822771171 0.177228829 0.000000000
QQ:/cc/cr: 0.844834175 0.106964645 0.048201180
QQ:/cc/rr: 0.000000000 0.969732888 0.030267112
QQ:/crc/: 0.762678618 0.237321382 0.000000000
QQ:/crc/cr: 0.844235620 0.103834937 0.051929443
QQ:/crc/rr: 0.000000000 0.974246724 0.025753276
QQ:/crrc/: 0.813002874 0.186997126 0.000000000
QQ:/crrc/cr: 0.828277622 0.113222017 0.058500361
QQ:/crrc/rr: 0.000000000 0.964183017 0.035816983
QQ:/rc/: 0.888441977 0.111558023 0.000000000
QQ:/rc/cr: 0.652335640 0.209883486 0.137780874
QQ:/rc/rr: 0.000000000 0.959733556 0.040266444
QQ:/rrc/: 0.882195871 0.117804129 0.000000000
QQ:/rrc/cr: 0.811541435 0.129735517 0.058723048
QQ:/rrc/rr: 0.000000000 0.970825285 0.029174715
