J:/: 0.108716790 0.891283210 0.000000000
J:/cr: 0.053431724 0.046017615 0.900550661
J:/rr: 0.000000000 0.474437389 0.525562611
JJ:/cc/: 0.759627976 0.240372024 0.000000000
JJ:/cc/cr: 0.866381028 0.085532704 0.048086268
JJ:/cc/rr: 0.000000000 0.975632744 0.024367256
JJ:/crc/: 0.879333880 0.120666120 0.000000000
JJ:/crc/cr: 0.583020389 0.242962433 0.174017179
JJ:/crc/rr: 0.000000000 0.959137664 0.040862336
JJ:/crrc/: 0.844421976 0.155578024 0.000000000
JJ:/crrc/cr: 0.721426229 0.199506123 0.079067648
JJ:/crrc/rr: 0.000000000 0.961681295 0.038318705
JJ:/rc/: 0.744196214 0.255803786 0.000000000
JJ:/rc/cr: 0.786990053 0.141938034 0.071071913
JJ:/rc/rr: 0.000000000 0.960648016 0.039351984
JJ:/rrc/: 0.834136645 0.165863355 0.000000000
JJ:/rrc/cr: 0.733194981 0.178480148 0.088324871
JJ:/rrc/rr: 0.000000000 0.962291979 0.037708021
JK:/cc/: 0.123376482 0.876623518 0.000000000
JK:/cc/cr: 0.106469598 0.097858092 0.795672310
JK:/cc/rr: 0.000000000 0.169633599 0.830366401
JK:/crc/: 0.366027148 0.633972852 0.000000000
JK:/crc/cr: 0.287019395 0.124169181 0.588811424
JK:/crc/rr: 0.000000000 0.266884638 0.733115362
JK:/crrc/: 0.357499754 0.642500246 0.000000000
JK:/crrc/cr: 0.282891273 0.111548430 0.605560298
JK:/crrc/rr: 0.000000000 0.242655483 0.757344517
JK:/rc/: 0.349341404 0.650658596 0.000000000
JK:/rc/cr: 0.199501245 0.161968239 0.638530516
JK:/rc/rr: 0.000000000 0.214571065 0.785428935
JK:/rrc/: 0.367429210 0.632570790 0.000000000
JK:/rrc/cr: 0.294429044 0.140864094 0.564706862
JK:/rrc/rr: 0.000000000 0.278342358 0.721657642
JQ:/cc/: 0.141975101 0.858024899 0.000000000
JQ:/cc/cr: 0.120579933 0.082874302 0.796545765
JQ:/cc/rr: 0.000000000 0.181016652 0.818983348
JQ:/crc/: 0.305979396 0.694020604 0.000000000
JQ:/crc/cr: 0.217852442 0.181685093 0.600462465
JQ:/crc/rr: 0.000000000 0.294562319 0.705437681
JQ:/crrc/: 0.397702696 0.602297304 0.000000000
JQ:/crrc/cr: 0.298790131 0.147989465 0.553220405
JQ:/crrc/rr: 0.000000000 0.195899693 0.804100307
JQ:/rc/: 0.268036815 0.731963185 0.000000000
JQ:/rc/cr: 0.159404340 0.141913905 0.698681755
JQ:/rc/rr: 0.000000000 0.199563142 0.800436858
JQ:/rrc/: 0.345277918 0.654722082 0.000000000
JQ:/rrc/cr: 0.248335377 0.186693339 0.564971284
JQ:/rrc/rr: 0.000000000 0.256787144 0.743212856
K:/: 0.798905264 0.201094736 0.000000000
K:/cr: 0.774839901 0.214733308 0.010426791
K:/rr: 0.000000000 0.991234652 0.008765348
KJ:/cc/: 0.509303262 0.490696738 0.000000000
KJ:/cc/cr: 0.400697647 0.401249614 0.198052739
KJ:/cc/rr: 0.000000000 0.860874658 0.139125342
KJ:/crc/: 0.585479381 0.414520619 0.000000000
KJ:/crc/cr: 0.522595899 0.302903397 0.174500704
KJ:/crc/rr: 0.000000000 0.870954926 0.129045074
KJ:/crrc/: 0.571135390 0.428864610 0.000000000
KJ:/crrc/cr: 0.570131710 0.312177752 0.117690538
KJ:/crrc/rr: 0.000000000 0.894384763 0.105615237
KJ:/rc/: 0.691466040 0.308533960 0.000000000
KJ:/rc/cr: 0.477985294 0.382944856 0.139069850
KJ:/rc/rr: 0.000000000 0.932511293 0.067488707
KJ:/rrc/: 0.735984481 0.264015519 0.000000000
KJ:/rrc/cr: 0.575992466 0.317013887 0.106993647
KJ:/rrc/rr: 0.000000000 0.955266244 0.044733756
KK:/cc/: 0.837450209 0.162549791 0.000000000
KK:/cc/cr: 0.792310047 0.114897210 0.092792743
KK:/cc/rr: 0.000000000 0.971528574 0.028471426
KK:/crc/: 0.792768846 0.207231154 0.000000000
KK:/crc/cr: 0.604082086 0.253110527 0.142807387
KK:/crc/rr: 0.000000000 0.934946074 0.065053926
KK:/crrc/: 0.822314618 0.177685382 0.000000000
KK:/crrc/cr: 0.698075614 0.222114238 0.079810149
KK:/crrc/rr: 0.000000000 0.955779702 0.044220298
KK:/rc/: 0.778289445 0.221710555 0.000000000
KK:/rc/cr: 0.771763741 0.141478634 0.086757625
KK:/rc/rr: 0.000000000 0.984455536 0.015544464
KK:/rrc/: 0.915543311 0.084456689 0.000000000
KK:/rrc/cr: 0.716098765 0.209171287 0.074729948
KK:/rrc/rr: 0.000000000 0.977582884 0.022417116
KQ:/cc/: 0.483114289 0.516885711 0.000000000
KQ:/cc/cr: 0.349860123 0.346991084 0.303148794
KQ:/cc/rr: 0.000000000 0.819883389 0.180116611
KQ:/crc/: 0.605549822 0.394450178 0.000000000
KQ:/crc/cr: 0.515619441 0.280700536 0.203680023
KQ:/crc/rr: 0.000000000 0.867815309 0.132184691
KQ:/crrc/: 0.571144150 0.428855850 0.000000000
KQ:/crrc/cr: 0.545848365 0.338910636 0.115240999
KQ:/crrc/rr: 0.000000000 0.902438650 0.097561350
KQ:/rc/: 0.425466318 0.574533682 0.000000000
KQ:/rc/cr: 0.412495028 0.462708006 0.124796967
KQ:/rc/rr: 0.000000000 0.890913109 0.109086891
KQ:/rrc/: 0.571329499 0.428670501 0.000000000
KQ:/rrc/cr: 0.582465274 0.323432490 0.094102235
KQ:/rrc/rr: 0.000000000 0.929341291 0.070658709
Q:/: 0.153354058 0.846645942 0.000000000
Q:/cr: 0.129057269 0.317579526 0.553363205
Q:/rr: 0.000000000 0.697201257 0.302798743
QJ:/cc/: 0.185185512 0.814814488 0.000000000
QJ:/cc/cr: 0.104199057 0.126816512 0.768984431
QJ:/cc/rr: 0.000000000 0.190543861 0.809456139
QJ:/crc/: 0.175843547 0.824156453 0.000000000
QJ:/crc/cr: 0.187025107 0.072180298 0.740794594
QJ:/crc/rr: 0.000000000 0.234643337 0.765356663
QJ:/crrc/: 0.295024959 0.704975041 0.000000000
QJ:/crrc/cr: 0.259908508 0.145092049 0.594999443
QJ:/crrc/rr: 0.000000000 0.234258125 0.765741875
QJ:/rc/: 0.366942209 0.633057791 0.000000000
QJ:/rc/cr: 0.295967922 0.144207867 0.559824212
QJ:/rc/rr: 0.000000000 0.268773033 0.731226967
QJ:/rrc/: 0.359169814 0.640830186 0.000000000
QJ:/rrc/cr: 0.261470887 0.102853551 0.635675563
QJ:/rrc/rr: 0.000000000 0.220077710 0.779922290
QK:/cc/: 0.682446756 0.317553244 0.000000000
QK:/cc/cr: 0.561849529 0.281041267 0.157109204
QK:/cc/rr: 0.000000000 0.922659297 0.077340703
QK:/crc/: 0.516669653 0.483330347 0.000000000
QK:/crc/cr: 0.318483727 0.470536894 0.210979378
QK:/crc/rr: 0.000000000 0.879603614 0.120396386
QK:/crrc/: 0.457927941 0.542072059 0.000000000
QK:/crrc/cr: 0.393790339 0.434701604 0.171508056
QK:/crrc/rr: 0.000000000 0.860395955 0.139604045
QK:/rc/: 0.530894474 0.469105526 0.000000000
QK:/rc/cr: 0.507370198 0.348291615 0.144338187
QK:/rc/rr: 0.000000000 0.870533056 0.129466944
QK:/rrc/: 0.425144616 0.574855384 0.000000000
QK:/rrc/cr: 0.344613753 0.369918291 0.285467956
QK:/rrc/rr: 0.000000000 0.691369708 0.308630292
QQ:/cc/: 0.824043962 0.175956038 0.000000000
QQ:/cc/cr: 0.846273539 0.105972409 0.047754052
QQ:/cc/rr: 0.000000000 0.970003883 0.029996117
QQ:/crc/: 0.759319304 0.240680696 0.000000000
QQ:/crc/cr: 0.846768003 0.102146811 0.051085186
QQ:/crc/rr: 0.000000000 0.974532068 0.025467932
QQ:/crrc/: 0.815659439 0.184340561 0.000000000
QQ:/crrc/cr: 0.829946043 0.112121974 0.057931983
QQ:/crrc/rr: 0.000000000 0.964692912 0.035307088
QQ:/rc/: 0.889379167 0.110620833 0.000000000
QQ:/rc/cr: 0.654013855 0.208870355 0.137115790
QQ:/rc/rr: 0.000000000 0.960062983 0.039937017
QQ:/rrc/: 0.883071632 0.116928368 0.000000000
QQ:/rrc/cr: 0.812393970 0.129148629 0.058457401
QQ:/rrc/rr: 0.000000000 0.971110391 0.028889609
