J:/: 0.106665080 0.893334920 0.000000000
J:/cr: 0.052515659 0.045228662 0.902255679
J:/rr: 0.000000000 0.473056580 0.526943420
JJ:/cc/: 0.759018580 0.240981420 0.000000000
JJ:/cc/cr: 0.868419822 0.084227623 0.047352554
JJ:/cc/rr: 0.000000000 0.975975350 0.024024650
JJ:/crc/: 0.880868980 0.119131020 0.000000000
JJ:/crc/cr: 0.586167166 0.241154745 0.172678088
JJ:/crc/rr: 0.000000000 0.959743905 0.040256095
JJ:/crrc/: 0.845017611 0.154982389 0.000000000
JJ:/crrc/cr: 0.723398849 0.198093391 0.078507759
JJ:/crrc/rr: 0.000000000 0.962206558 0.037793442
JJ:/rc/: 0.744302180 0.255697820 0.000000000
JJ:/rc/cr: 0.788757458 0.140760333 0.070482209
JJ:/rc/rr: 0.000000000 0.961080389 0.038919611
JJ:/rrc/: 0.834512431 0.165487569 0.000000000
JJ:/rrc/cr: 0.736115646 0.176526359 0.087357995
JJ:/rrc/rr: 0.000000000 0.962799042 0.037200958
JK:/cc/: 0.121802740 0.878197260 0.000000000
JK:/cc/cr: 0.104975477 0.096484819 0.798539704
JK:/cc/rr: 0.000000000 0.167931565 0.832068435
JK:/crc/: 0.363911059 0.636088941 0.000000000
JK:/crc/cr: 0.284701631 0.123134850 0.592163519
JK:/crc/rr: 0.000000000 0.264941263 0.735058737
JK:/crrc/: 0.355657419 0.644342581 0.000000000
JK:/crrc/cr: 0.281006952 0.110805413 0.608187635
JK:/crrc/rr: 0.000000000 0.242631773 0.757368227
JK:/rc/: 0.357874748 0.642125252 0.000000000
JK:/rc/cr: 0.197943453 0.160703521 0.641353026
JK:/rc/rr: 0.000000000 0.213587328 0.786412672
JK:/rrc/: 0.368115698 0.631884302 0.000000000
JK:/rrc/cr: 0.291833115 0.139615452 0.568551434
JK:/rrc/rr: 0.000000000 0.276031806 0.723968194
JQ:/cc/: 0.140731445 0.859268555 0.000000000
JQ:/cc/cr: 0.118744430 0.081612765 0.799642806
JQ:/cc/rr: 0.000000000 0.179295617 0.820704383
JQ:/crc/: 0.311422688 0.688577312 0.000000000
JQ:/crc/cr: 0.216430047 0.180498841 0.603071112
JQ:/crc/rr: 0.000000000 0.293716606 0.706283394
JQ:/crrc/: 0.396815378 0.603184622 0.000000000
JQ:/crrc/cr: 0.296436304 0.146827436 0.556736260
JQ:/crrc/rr: 0.000000000 0.195094495 0.804905505
JQ:/rc/: 0.266082726 0.733917274 0.000000000
JQ:/rc/cr: 0.158360358 0.140984473 0.700655170
JQ:/rc/rr: 0.000000000 0.198435856 0.801564144
JQ:/rrc/: 0.343058678 0.656941322 0.000000000
JQ:/rrc/cr: 0.245733990 0.184737670 0.569528340
JQ:/rrc/rr: 0.000000000 0.255117577 0.744882423
K:/: 0.799851711 0.200148289 0.000000000
K:/cr: 0.779555858 0.210263007 0.010181136
K:/rr: 0.000000000 0.991361544 0.008638456
KJ:/cc/: 0.508856108 0.491143892 0.000000000
KJ:/cc/cr: 0.399706902 0.403551248 0.196741851
KJ:/cc/rr: 0.000000000 0.862123642 0.137876358
KJ:/crc/: 0.584823847 0.415176153 0.000000000
KJ:/crc/cr: 0.520410139 0.306220197 0.173369665
KJ:/crc/rr: 0.000000000 0.871594688 0.128405312
KJ:/crrc/: 0.573284535 0.426715465 0.000000000
KJ:/crrc/cr: 0.568121477 0.315284068 0.116594455
KJ:/crrc/rr: 0.000000000 0.895401918 0.104598082
KJ:/rc/: 0.692361172 0.307638828 0.000000000
KJ:/rc/cr: 0.478239060 0.383325499 0.138435441
KJ:/rc/rr: 0.000000000 0.933063577 0.066936423
KJ:/rrc/: 0.736795224 0.263204776 0.000000000
KJ:/rrc/cr: 0.577541832 0.316153312 0.106304856
KJ:/rrc/rr: 0.000000000 0.955663400 0.044336600
KK:/cc/: 0.841026139 0.158973861 0.000000000
KK:/cc/cr: 0.795618504 0.113066922 0.091314574
KK:/cc/rr: 0.000000000 0.972115016 0.027884984
KK:/crc/: 0.789971588 0.210028412 0.000000000
KK:/crc/cr: 0.606777740 0.251719301 0.141502959
KK:/crc/rr: 0.000000000 0.935765657 0.064234343
KK:/crrc/: 0.822260124 0.177739876 0.000000000
KK:/crrc/cr: 0.701097759 0.219890961 0.079011280
KK:/crrc/rr: 0.000000000 0.956824142 0.043175858
KK:/rc/: 0.741138073 0.258861927 0.000000000
KK:/rc/cr: 0.784345000 0.133679789 0.081975211
KK:/rc/rr: 0.000000000 0.984678583 0.015321417
KK:/rrc/: 0.916085487 0.083914513 0.000000000
KK:/rrc/cr: 0.718292866 0.207554728 0.074152405
KK:/rrc/rr: 0.000000000 0.977781628 0.022218372
KQ:/cc/: 0.478188809 0.521811191 0.000000000
KQ:/cc/cr: 0.345629280 0.346999692 0.307371029
KQ:/cc/rr: 0.000000000 0.817991797 0.182008203
KQ:/crc/: 0.607899142 0.392100858 0.000000000
KQ:/crc/cr: 0.517363584 0.280420829 0.202215588
KQ:/crc/rr: 0.000000000 0.868817105 0.131182895
KQ:/crrc/: 0.574387118 0.425612882 0.000000000
KQ:/crrc/cr: 0.546118721 0.339928543 0.113952736
KQ:/crrc/rr: 0.000000000 0.903841905 0.096158095
KQ:/rc/: 0.426721905 0.573278095 0.000000000
KQ:/rc/cr: 0.407240751 0.469462272 0.123296976
KQ:/rc/rr: 0.000000000 0.892324543 0.107675457
KQ:/rrc/: 0.571780937 0.428219063 0.000000000
KQ:/rrc/cr: 0.582186083 0.324589564 0.093224353
KQ:/rrc/rr: 0.000000000 0.930140731 0.069859269
Q:/: 0.152288366 0.847711634 0.000000000
Q:/cr: 0.127124018 0.318227848 0.554648134
Q:/rr: 0.000000000 0.700166483 0.299833517
QJ:/cc/: 0.183495369 0.816504631 0.000000000
QJ:/cc/cr: 0.102985723 0.125339811 0.771674466
QJ:/cc/rr: 0.000000000 0.188840849 0.811159151
QJ:/crc/: 0.173640259 0.826359741 0.000000000
QJ:/crc/cr: 0.184426827 0.071177520 0.744395653
QJ:/crc/rr: 0.000000000 0.232231358 0.767768642
QJ:/crrc/: 0.293063621 0.706936379 0.000000000
QJ:/crrc/cr: 0.256642139 0.143268622 0.600089238
QJ:/crrc/rr: 0.000000000 0.232579014 0.767420986
QJ:/rc/: 0.365521739 0.634478261 0.000000000
QJ:/rc/cr: 0.293622573 0.143065115 0.563312312
QJ:/rc/rr: 0.000000000 0.267023440 0.732976560
QJ:/rrc/: 0.356651705 0.643348295 0.000000000
QJ:/rrc/cr: 0.259252614 0.101980959 0.638766427
QJ:/rrc/rr: 0.000000000 0.218442991 0.781557009
QK:/cc/: 0.682887966 0.317112034 0.000000000
QK:/cc/cr: 0.563861079 0.280019134 0.156119787
QK:/cc/rr: 0.000000000 0.923450310 0.076549690
QK:/crc/: 0.515022426 0.484977574 0.000000000
QK:/crc/cr: 0.313082876 0.475373970 0.211543154
QK:/crc/rr: 0.000000000 0.881154508 0.118845492
QK:/crrc/: 0.456892763 0.543107237 0.000000000
QK:/crrc/cr: 0.391220722 0.436851866 0.171927412
QK:/crrc/rr: 0.000000000 0.862095339 0.137904661
QK:/rc/: 0.533668737 0.466331263 0.000000000
QK:/rc/cr: 0.507644267 0.349076282 0.143279451
QK:/rc/rr: 0.000000000 0.871450049 0.128549951
QK:/rrc/: 0.422584389 0.577415611 0.000000000
QK:/rrc/cr: 0.339940144 0.366975206 0.293084651
QK:/rrc/rr: 0.000000000 0.685772571 0.314227429
QQ:/cc/: 0.815453872 0.184546128 0.000000000
QQ:/cc/cr: 0.848685677 0.104309585 0.047004738
QQ:/cc/rr: 0.000000000 0.970343031 0.029656969
QQ:/crc/: 0.754726161 0.245273839 0.000000000
QQ:/crc/cr: 0.850456231 0.099688182 0.049855587
QQ:/crc/rr: 0.000000000 0.974947231 0.025052769
QQ:/crrc/: 0.819371579 0.180628421 0.000000000
QQ:/crrc/cr: 0.831910269 0.110826897 0.057262833
QQ:/crrc/rr: 0.000000000 0.965391635 0.034608365
QQ:/rc/: 0.890478133 0.109521867 0.000000000
QQ:/rc/cr: 0.655374629 0.208056319 0.136569053
QQ:/rc/rr: 0.000000000 0.960570498 0.039429502
QQ:/rrc/: 0.884019671 0.115980329 0.000000000
QQ:/rrc/cr: 0.813999615 0.128043298 0.057957087
QQ:/rrc/rr: 0.000000000 0.971555153 0.028444847
