J:/: 0.103106606 0.896893394 0.000000000
J:/cr: 0.050681405 0.045013235 0.904305360
J:/rr: 0.000000000 0.475005866 0.524994134
JJ:/cc/: 0.745681453 0.254318547 0.000000000
JJ:/cc/cr: 0.873038218 0.081271278 0.045690504
JJ:/cc/rr: 0.000000000 0.976695976 0.023304024
JJ:/crc/: 0.884677051 0.115322949 0.000000000
JJ:/crc/cr: 0.593278466 0.237010745 0.169710790
JJ:/crc/rr: 0.000000000 0.961053847 0.038946153
JJ:/crrc/: 0.847898097 0.152101903 0.000000000
JJ:/crrc/cr: 0.727570189 0.195106004 0.077323807
JJ:/crrc/rr: 0.000000000 0.963321708 0.036678292
JJ:/rc/: 0.746558493 0.253441507 0.000000000
JJ:/rc/cr: 0.792999211 0.137933864 0.069066925
JJ:/rc/rr: 0.000000000 0.962014338 0.037985662
JJ:/rrc/: 0.833734946 0.166265054 0.000000000
JJ:/rrc/cr: 0.742836989 0.172030093 0.085132918
JJ:/rrc/rr: 0.000000000 0.963935639 0.036064361
JK:/cc/: 0.118547920 0.881452080 0.000000000
JK:/cc/cr: 0.101827175 0.093591159 0.804581666
JK:/cc/rr: 0.000000000 0.164459783 0.835540217
JK:/crc/: 0.361947747 0.638052253 0.000000000
JK:/crc/cr: 0.279281412 0.120785224 0.599933364
JK:/crc/rr: 0.000000000 0.261048752 0.738951248
JK:/crrc/: 0.353735470 0.646264530 0.000000000
JK:/crrc/cr: 0.276911055 0.109015505 0.614073440
JK:/crrc/rr: 0.000000000 0.242727127 0.757272873
JK:/rc/: 0.373346660 0.626653340 0.000000000
JK:/rc/cr: 0.194926666 0.158254294 0.646819039
JK:/rc/rr: 0.000000000 0.211894274 0.788105726
JK:/rrc/: 0.367793611 0.632206389 0.000000000
JK:/rrc/cr: 0.285046470 0.136368663 0.578584867
JK:/rrc/rr: 0.000000000 0.270905370 0.729094630
JQ:/cc/: 0.137665371 0.862334629 0.000000000
JQ:/cc/cr: 0.114679494 0.078818944 0.806501561
JQ:/cc/rr: 0.000000000 0.174146014 0.825853986
JQ:/crc/: 0.314336193 0.685663807 0.000000000
JQ:/crc/cr: 0.214449278 0.178559251 0.606991471
JQ:/crc/rr: 0.000000000 0.291070102 0.708929898
JQ:/crrc/: 0.391371627 0.608628373 0.000000000
JQ:/crrc/cr: 0.291880745 0.144571029 0.563548226
JQ:/crrc/rr: 0.000000000 0.192901027 0.807098973
JQ:/rc/: 0.263360231 0.736639769 0.000000000
JQ:/rc/cr: 0.155934935 0.138825176 0.705239889
JQ:/rc/rr: 0.000000000 0.196142259 0.803857741
JQ:/rrc/: 0.337999548 0.662000452 0.000000000
JQ:/rrc/cr: 0.241261933 0.181375672 0.577362395
JQ:/rrc/rr: 0.000000000 0.251779390 0.748220610
K:/: 0.794027829 0.205972171 0.000000000
K:/cr: 0.787948020 0.202325793 0.009726186
K:/rr: 0.000000000 0.991634579 0.008365421
KJ:/cc/: 0.506525152 0.493474848 0.000000000
KJ:/cc/cr: 0.397323588 0.408953517 0.193722895
KJ:/cc/rr: 0.000000000 0.864461540 0.135538460
KJ:/crc/: 0.584072088 0.415927912 0.000000000
KJ:/crc/cr: 0.520856293 0.307695499 0.171448207
KJ:/crc/rr: 0.000000000 0.873214006 0.126785994
KJ:/crrc/: 0.574362656 0.425637344 0.000000000
KJ:/crrc/cr: 0.569403176 0.316236985 0.114359839
KJ:/crrc/rr: 0.000000000 0.897764935 0.102235065
KJ:/rc/: 0.693863865 0.306136135 0.000000000
KJ:/rc/cr: 0.478953974 0.384101448 0.136944578
KJ:/rc/rr: 0.000000000 0.934248809 0.065751191
KJ:/rrc/: 0.738802778 0.261197222 0.000000000
KJ:/rrc/cr: 0.580960633 0.314203834 0.104835533
KJ:/rrc/rr: 0.000000000 0.956535499 0.043464501
KK:/cc/: 0.843552097 0.156447903 0.000000000
KK:/cc/cr: 0.804041180 0.108407371 0.087551450
KK:/cc/rr: 0.000000000 0.973418365 0.026581635
KK:/crc/: 0.782623659 0.217376341 0.000000000
KK:/crc/cr: 0.613720684 0.247545518 0.138733798
KK:/crc/rr: 0.000000000 0.937526657 0.062473343
KK:/crrc/: 0.829540528 0.170459472 0.000000000
KK:/crrc/cr: 0.708938406 0.214122897 0.076938698
KK:/crrc/rr: 0.000000000 0.959006250 0.040993750
KK:/rc/: 0.691979754 0.308020246 0.000000000
KK:/rc/cr: 0.810476798 0.117481262 0.072041940
KK:/rc/rr: 0.000000000 0.985102193 0.014897807
KK:/rrc/: 0.917369391 0.082630609 0.000000000
KK:/rrc/cr: 0.722014669 0.204812598 0.073172733
KK:/rrc/rr: 0.000000000 0.978192767 0.021807233
KQ:/cc/: 0.468767074 0.531232926 0.000000000
KQ:/cc/cr: 0.334000329 0.344759835 0.321239836
KQ:/cc/rr: 0.000000000 0.813217320 0.186782680
KQ:/crc/: 0.610697938 0.389302062 0.000000000
KQ:/crc/cr: 0.518465436 0.282538805 0.198995760
KQ:/crc/rr: 0.000000000 0.870949503 0.129050497
KQ:/crrc/: 0.581982857 0.418017143 0.000000000
KQ:/crrc/cr: 0.551408853 0.337310110 0.111281037
KQ:/crrc/rr: 0.000000000 0.906968293 0.093031707
KQ:/rc/: 0.432826877 0.567173123 0.000000000
KQ:/rc/cr: 0.396686103 0.482847826 0.120466071
KQ:/rc/rr: 0.000000000 0.895372316 0.104627684
KQ:/rrc/: 0.573167454 0.426832546 0.000000000
KQ:/rrc/cr: 0.584158491 0.324287165 0.091554343
KQ:/rrc/rr: 0.000000000 0.931839584 0.068160416
Q:/: 0.148005283 0.851994717 0.000000000
Q:/cr: 0.129754237 0.318398467 0.551847296
Q:/rr: 0.000000000 0.697395381 0.302604619
QJ:/cc/: 0.180415180 0.819584820 0.000000000
QJ:/cc/cr: 0.100461736 0.122267968 0.777270296
QJ:/cc/rr: 0.000000000 0.184982981 0.815017019
QJ:/crc/: 0.169062549 0.830937451 0.000000000
QJ:/crc/cr: 0.178767745 0.068993460 0.752238795
QJ:/crc/rr: 0.000000000 0.227226487 0.772773513
QJ:/crrc/: 0.287190032 0.712809968 0.000000000
QJ:/crrc/cr: 0.250260462 0.139706097 0.610033441
QJ:/crrc/rr: 0.000000000 0.227663386 0.772336614
QJ:/rc/: 0.364520158 0.635479842 0.000000000
QJ:/rc/cr: 0.288556572 0.140843063 0.570600365
QJ:/rc/rr: 0.000000000 0.263295300 0.736704700
QJ:/rrc/: 0.350648017 0.649351983 0.000000000
QJ:/rrc/cr: 0.254175845 0.099983935 0.645840220
QJ:/rrc/rr: 0.000000000 0.214985717 0.785014283
QK:/cc/: 0.685180631 0.314819369 0.000000000
QK:/cc/cr: 0.567101723 0.278857930 0.154040347
QK:/cc/rr: 0.000000000 0.925154521 0.074845479
QK:/crc/: 0.513886114 0.486113886 0.000000000
QK:/crc/cr: 0.307315433 0.481748978 0.210935589
QK:/crc/rr: 0.000000000 0.884473952 0.115526048
QK:/crrc/: 0.454743865 0.545256135 0.000000000
QK:/crrc/cr: 0.387382856 0.443244487 0.169372657
QK:/crrc/rr: 0.000000000 0.866270996 0.133729004
QK:/rc/: 0.538902352 0.461097648 0.000000000
QK:/rc/cr: 0.509027436 0.349852292 0.141120273
QK:/rc/rr: 0.000000000 0.873537196 0.126462804
QK:/rrc/: 0.413843967 0.586156033 0.000000000
QK:/rrc/cr: 0.332755750 0.363627571 0.303616679
QK:/rrc/rr: 0.000000000 0.672588952 0.327411048
QQ:/cc/: 0.805137447 0.194862553 0.000000000
QQ:/cc/cr: 0.853463846 0.101015721 0.045520433
QQ:/cc/rr: 0.000000000 0.971090919 0.028909081
QQ:/crc/: 0.730082546 0.269917454 0.000000000
QQ:/crc/cr: 0.858307785 0.094454215 0.047238000
QQ:/crc/rr: 0.000000000 0.975791106 0.024208894
QQ:/crrc/: 0.815711266 0.184288734 0.000000000
QQ:/crrc/cr: 0.836389679 0.107873480 0.055736841
QQ:/crrc/rr: 0.000000000 0.966868502 0.033131498
QQ:/rc/: 0.893145310 0.106854690 0.000000000
QQ:/rc/cr: 0.659493997 0.205571884 0.134934118
QQ:/rc/rr: 0.000000000 0.961652917 0.038347083
QQ:/rrc/: 0.887614772 0.112385228 0.000000000
QQ:/rrc/cr: 0.816757212 0.126144959 0.057097829
QQ:/rrc/rr: 0.000000000 0.972474553 0.027525447
