J:/: 0.102003003 0.897996997 0.000000000
J:/cr: 0.049862123 0.051245075 0.898892803
J:/rr: 0.000000000 0.478704406 0.521295594
JJ:/cc/: 0.741139049 0.258860951 0.000000000
JJ:/cc/cr: 0.874353625 0.080429254 0.045217121
JJ:/cc/rr: 0.000000000 0.976878394 0.023121606
JJ:/crc/: 0.885619473 0.114380527 0.000000000
JJ:/crc/cr: 0.595877126 0.235496415 0.168626459
JJ:/crc/rr: 0.000000000 0.961453962 0.038546038
JJ:/crrc/: 0.847912365 0.152087635 0.000000000
JJ:/crrc/cr: 0.729443352 0.193764501 0.076792147
JJ:/crrc/rr: 0.000000000 0.963592347 0.036407653
JJ:/rc/: 0.747689065 0.252310935 0.000000000
JJ:/rc/cr: 0.793899812 0.137333753 0.068766435
JJ:/rc/rr: 0.000000000 0.962272526 0.037727474
JJ:/rrc/: 0.834670018 0.165329982 0.000000000
JJ:/rrc/cr: 0.744356249 0.171013779 0.084629972
JJ:/rrc/rr: 0.000000000 0.964270453 0.035729547
JK:/cc/: 0.117639066 0.882360934 0.000000000
JK:/cc/cr: 0.101010368 0.092840417 0.806149215
JK:/cc/rr: 0.000000000 0.163449528 0.836550472
JK:/crc/: 0.360607579 0.639392421 0.000000000
JK:/crc/cr: 0.277638766 0.120074803 0.602286431
JK:/crc/rr: 0.000000000 0.259901563 0.740098437
JK:/crrc/: 0.352592501 0.647407499 0.000000000
JK:/crrc/cr: 0.275617489 0.108688276 0.615694235
JK:/crrc/rr: 0.000000000 0.241624395 0.758375605
JK:/rc/: 0.376264737 0.623735263 0.000000000
JK:/rc/cr: 0.194058833 0.157549730 0.648391437
JK:/rc/rr: 0.000000000 0.211029064 0.788970936
JK:/rrc/: 0.367978366 0.632021634 0.000000000
JK:/rrc/cr: 0.283513636 0.135635342 0.580851021
JK:/rrc/rr: 0.000000000 0.269839118 0.730160882
JQ:/cc/: 0.136881948 0.863118052 0.000000000
JQ:/cc/cr: 0.113585303 0.078066909 0.808347787
JQ:/cc/rr: 0.000000000 0.172754229 0.827245771
JQ:/crc/: 0.316576038 0.683423962 0.000000000
JQ:/crc/cr: 0.213711885 0.177945268 0.608342847
JQ:/crc/rr: 0.000000000 0.290114600 0.709885400
JQ:/crrc/: 0.390431489 0.609568511 0.000000000
JQ:/crrc/cr: 0.290576706 0.143985283 0.565438011
JQ:/crrc/rr: 0.000000000 0.192398929 0.807601071
JQ:/rc/: 0.262695449 0.737304551 0.000000000
JQ:/rc/cr: 0.155156981 0.138132582 0.706710437
JQ:/rc/rr: 0.000000000 0.195605190 0.804394810
JQ:/rrc/: 0.337163355 0.662836645 0.000000000
JQ:/rrc/cr: 0.239924292 0.180370061 0.579705648
JQ:/rrc/rr: 0.000000000 0.250876115 0.749123885
K:/: 0.791997780 0.208002220 0.000000000
K:/cr: 0.789744151 0.200640711 0.009615139
K:/rr: 0.000000000 0.991707009 0.008292991
KJ:/cc/: 0.505583111 0.494416889 0.000000000
KJ:/cc/cr: 0.394523890 0.413127189 0.192348920
KJ:/cc/rr: 0.000000000 0.865119351 0.134880649
KJ:/crc/: 0.583744798 0.416255202 0.000000000
KJ:/crc/cr: 0.519917814 0.309271201 0.170810985
KJ:/crc/rr: 0.000000000 0.873689010 0.126310990
KJ:/crrc/: 0.574086564 0.425913436 0.000000000
KJ:/crrc/cr: 0.570175609 0.316090932 0.113733459
KJ:/crrc/rr: 0.000000000 0.898277910 0.101722090
KJ:/rc/: 0.693681454 0.306318546 0.000000000
KJ:/rc/cr: 0.479139735 0.384325033 0.136535232
KJ:/rc/rr: 0.000000000 0.934539383 0.065460617
KJ:/rrc/: 0.739341886 0.260658114 0.000000000
KJ:/rrc/cr: 0.581245042 0.314325630 0.104429328
KJ:/rrc/rr: 0.000000000 0.956764985 0.043235015
KK:/cc/: 0.843705130 0.156294870 0.000000000
KK:/cc/cr: 0.806228646 0.107197232 0.086574123
KK:/cc/rr: 0.000000000 0.973754226 0.026245774
KK:/crc/: 0.783144807 0.216855193 0.000000000
KK:/crc/cr: 0.615336290 0.246510163 0.138153546
KK:/crc/rr: 0.000000000 0.938038174 0.061961826
KK:/crrc/: 0.831805508 0.168194492 0.000000000
KK:/crrc/cr: 0.710913878 0.212669617 0.076416505
KK:/crrc/rr: 0.000000000 0.959586670 0.040413330
KK:/rc/: 0.654025449 0.345974551 0.000000000
KK:/rc/cr: 0.817229970 0.113295119 0.069474911
KK:/rc/rr: 0.000000000 0.985209699 0.014790301
KK:/rrc/: 0.916769200 0.083230800 0.000000000
KK:/rrc/cr: 0.722927360 0.204140150 0.072932490
KK:/rrc/rr: 0.000000000 0.978284587 0.021715413
KQ:/cc/: 0.465215289 0.534784711 0.000000000
KQ:/cc/cr: 0.331217514 0.344035740 0.324746746
KQ:/cc/rr: 0.000000000 0.811579489 0.188420511
KQ:/crc/: 0.612015174 0.387984826 0.000000000
KQ:/crc/cr: 0.517997566 0.283976121 0.198026313
KQ:/crc/rr: 0.000000000 0.871524429 0.128475571
KQ:/crrc/: 0.581554071 0.418445929 0.000000000
KQ:/crrc/cr: 0.551394359 0.338137905 0.110467737
KQ:/crrc/rr: 0.000000000 0.907801209 0.092198791
KQ:/rc/: 0.434767840 0.565232160 0.000000000
KQ:/rc/cr: 0.392540551 0.487547097 0.119912352
KQ:/rc/rr: 0.000000000 0.896183390 0.103816610
KQ:/rrc/: 0.573731463 0.426268537 0.000000000
KQ:/rrc/cr: 0.584495524 0.324397032 0.091107445
KQ:/rrc/rr: 0.000000000 0.932293970 0.067706030
Q:/: 0.146902235 0.853097765 0.000000000
Q:/cr: 0.128405675 0.315615678 0.555978647
Q:/rr: 0.000000000 0.693322567 0.306677433
QJ:/cc/: 0.179689753 0.820310247 0.000000000
QJ:/cc/cr: 0.099802533 0.121465678 0.778731788
QJ:/cc/rr: 0.000000000 0.184109487 0.815890513
QJ:/crc/: 0.167815602 0.832184398 0.000000000
QJ:/crc/cr: 0.177105299 0.068351857 0.754542845
QJ:/crc/rr: 0.000000000 0.225877942 0.774122058
QJ:/crrc/: 0.285714145 0.714285855 0.000000000
QJ:/crrc/cr: 0.248620792 0.138790763 0.612588445
QJ:/crrc/rr: 0.000000000 0.226216711 0.773783289
QJ:/rc/: 0.364396083 0.635603917 0.000000000
QJ:/rc/cr: 0.287284554 0.140222198 0.572493248
QJ:/rc/rr: 0.000000000 0.262463362 0.737536638
QJ:/rrc/: 0.348894902 0.651105098 0.000000000
QJ:/rrc/cr: 0.252771462 0.099431500 0.647797039
QJ:/rrc/rr: 0.000000000 0.214073181 0.785926819
QK:/cc/: 0.685396141 0.314603859 0.000000000
QK:/cc/cr: 0.567918749 0.278603443 0.153477808
QK:/cc/rr: 0.000000000 0.925600974 0.074399026
QK:/crc/: 0.512065260 0.487934740 0.000000000
QK:/crc/cr: 0.305756989 0.484198037 0.210044974
QK:/crc/rr: 0.000000000 0.885417543 0.114582457
QK:/crrc/: 0.453029874 0.546970126 0.000000000
QK:/crrc/cr: 0.385099415 0.446984353 0.167916233
QK:/crrc/rr: 0.000000000 0.867224930 0.132775070
QK:/rc/: 0.540627709 0.459372291 0.000000000
QK:/rc/cr: 0.509169285 0.350292592 0.140538123
QK:/rc/rr: 0.000000000 0.874193600 0.125806400
QK:/rrc/: 0.413508841 0.586491159 0.000000000
QK:/rrc/cr: 0.329668035 0.362024798 0.308307167
QK:/rrc/rr: 0.000000000 0.671406474 0.328593526
QQ:/cc/: 0.801048799 0.198951201 0.000000000
QQ:/cc/cr: 0.854840420 0.100066769 0.045092810
QQ:/cc/rr: 0.000000000 0.971298481 0.028701519
QQ:/crc/: 0.724539924 0.275460076 0.000000000
QQ:/crc/cr: 0.860256267 0.093155327 0.046588406
QQ:/crc/rr: 0.000000000 0.975996115 0.024003885
QQ:/crrc/: 0.816930877 0.183069123 0.000000000
QQ:/crrc/cr: 0.837637076 0.107051032 0.055311892
QQ:/crrc/rr: 0.000000000 0.967273329 0.032726671
QQ:/rc/: 0.893701999 0.106298001 0.000000000
QQ:/rc/cr: 0.660402365 0.205023480 0.134574155
QQ:/rc/rr: 0.000000000 0.961964087 0.038035913
QQ:/rrc/: 0.888512084 0.111487916 0.000000000
QQ:/rrc/cr: 0.817682618 0.125507906 0.056809476
QQ:/rrc/rr: 0.000000000 0.972704867 0.027295133
