J:/: 0.161073460 0.838926540 0.000000000
J:/cr: 0.198258191 0.097428834 0.704312974
J:/rr: 0.000000000 0.584974908 0.415025092
JJ:/cc/: 0.875473823 0.124526177 0.000000000
JJ:/cc/cr: 0.629710780 0.210212382 0.160076839
JJ:/cc/rr: 0.000000000 0.931729381 0.068270619
JJ:/crc/: 0.769708762 0.230291238 0.000000000
JJ:/crc/cr: 0.522651531 0.260686601 0.216661868
JJ:/crc/rr: 0.000000000 0.880033048 0.119966952
JJ:/crrc/: 0.750268662 0.249731338 0.000000000
JJ:/crrc/cr: 0.646742274 0.270277183 0.082980543
JJ:/crrc/rr: 0.000000000 0.937626618 0.062373382
JJ:/rc/: 0.797352148 0.202647852 0.000000000
JJ:/rc/cr: 0.503292090 0.315308574 0.181399336
JJ:/rc/rr: 0.000000000 0.905284407 0.094715593
JJ:/rrc/: 0.775325871 0.224674129 0.000000000
JJ:/rrc/cr: 0.579653273 0.273301415 0.147045312
JJ:/rrc/rr: 0.000000000 0.919708583 0.080291417
JK:/cc/: 0.213547773 0.786452227 0.000000000
JK:/cc/cr: 0.181509039 0.181964972 0.636525990
JK:/cc/rr: 0.000000000 0.320065436 0.679934564
JK:/crc/: 0.352967095 0.647032905 0.000000000
JK:/crc/cr: 0.307237300 0.210808700 0.481954000
JK:/crc/rr: 0.000000000 0.545545703 0.454454297
JK:/crrc/: 0.383650221 0.616349779 0.000000000
JK:/crrc/cr: 0.366080618 0.213503735 0.420415647
JK:/crrc/rr: 0.000000000 0.314760611 0.685239389
JK:/rc/: 0.386642325 0.613357675 0.000000000
JK:/rc/cr: 0.365025235 0.204004135 0.430970631
JK:/rc/rr: 0.000000000 0.270435178 0.729564822
JK:/rrc/: 0.372834667 0.627165333 0.000000000
JK:/rrc/cr: 0.515636765 0.117755507 0.366607728
JK:/rrc/rr: 0.000000000 0.251593376 0.748406624
JQ:/cc/: 0.209470014 0.790529986 0.000000000
JQ:/cc/cr: 0.238253974 0.166791219 0.594954807
JQ:/cc/rr: 0.000000000 0.354205136 0.645794864
JQ:/crc/: 0.428884728 0.571115272 0.000000000
JQ:/crc/cr: 0.338881953 0.314142289 0.346975758
JQ:/crc/rr: 0.000000000 0.321490995 0.678509005
JQ:/crrc/: 0.402054037 0.597945963 0.000000000
JQ:/crrc/cr: 0.350070385 0.184431675 0.465497941
JQ:/crrc/rr: 0.000000000 0.300313022 0.699686978
JQ:/rc/: 0.395159714 0.604840286 0.000000000
JQ:/rc/cr: 0.377313499 0.203167927 0.419518573
JQ:/rc/rr: 0.000000000 0.410436343 0.589563657
JQ:/rrc/: 0.425372644 0.574627356 0.000000000
JQ:/rrc/cr: 0.352422867 0.199478768 0.448098365
JQ:/rrc/rr: 0.000000000 0.346782412 0.653217588
K:/: 0.761952497 0.238047503 0.000000000
K:/cr: 0.690420001 0.289678998 0.019901001
K:/rr: 0.000000000 0.985656996 0.014343004
KJ:/cc/: 0.541516952 0.458483048 0.000000000
KJ:/cc/cr: 0.473110665 0.297404080 0.229485255
KJ:/cc/rr: 0.000000000 0.831470434 0.168529566
KJ:/crc/: 0.529368967 0.470631033 0.000000000
KJ:/crc/cr: 0.377827647 0.433061144 0.189111209
KJ:/crc/rr: 0.000000000 0.752188756 0.247811244
KJ:/crrc/: 0.581735779 0.418264221 0.000000000
KJ:/crrc/cr: 0.476559191 0.355259897 0.168180912
KJ:/crrc/rr: 0.000000000 0.824053842 0.175946158
KJ:/rc/: 0.617192241 0.382807759 0.000000000
KJ:/rc/cr: 0.515906547 0.296054911 0.188038542
KJ:/rc/rr: 0.000000000 0.845455492 0.154544508
KJ:/rrc/: 0.643925634 0.356074366 0.000000000
KJ:/rrc/cr: 0.473909253 0.366513953 0.159576793
KJ:/rrc/rr: 0.000000000 0.893945100 0.106054900
KK:/cc/: 0.818558803 0.181441197 0.000000000
KK:/cc/cr: 0.700534957 0.170203599 0.129261444
KK:/cc/rr: 0.000000000 0.929801816 0.070198184
KK:/crc/: 0.646659567 0.353340433 0.000000000
KK:/crc/cr: 0.520425877 0.328283663 0.151290460
KK:/crc/rr: 0.000000000 0.838758707 0.161241293
KK:/crrc/: 0.745033529 0.254966471 0.000000000
KK:/crrc/cr: 0.532979231 0.298955444 0.168065325
KK:/crrc/rr: 0.000000000 0.887124068 0.112875932
KK:/rc/: 0.838743134 0.161256866 0.000000000
KK:/rc/cr: 0.651802990 0.217895247 0.130301763
KK:/rc/rr: 0.000000000 0.953046734 0.046953266
KK:/rrc/: 0.825583588 0.174416412 0.000000000
KK:/rrc/cr: 0.652787288 0.245516899 0.101695814
KK:/rrc/rr: 0.000000000 0.944091719 0.055908281
KQ:/cc/: 0.572829467 0.427170533 0.000000000
KQ:/cc/cr: 0.445751799 0.360824880 0.193423321
KQ:/cc/rr: 0.000000000 0.847393267 0.152606733
KQ:/crc/: 0.543177774 0.456822226 0.000000000
KQ:/crc/cr: 0.473734098 0.244165703 0.282100199
KQ:/crc/rr: 0.000000000 0.783876178 0.216123822
KQ:/crrc/: 0.510720775 0.489279225 0.000000000
KQ:/crrc/cr: 0.435103567 0.438357628 0.126538805
KQ:/crrc/rr: 0.000000000 0.775304142 0.224695858
KQ:/rc/: 0.503555457 0.496444543 0.000000000
KQ:/rc/cr: 0.438007784 0.360843868 0.201148348
KQ:/rc/rr: 0.000000000 0.799786403 0.200213597
KQ:/rrc/: 0.525038146 0.474961854 0.000000000
KQ:/rrc/cr: 0.595638010 0.305561855 0.098800136
KQ:/rrc/rr: 0.000000000 0.859460340 0.140539660
Q:/: 0.310424787 0.689575213 0.000000000
Q:/cr: 0.425462862 0.303166530 0.271370608
Q:/rr: 0.000000000 0.867769877 0.132230123
QJ:/cc/: 0.225482315 0.774517685 0.000000000
QJ:/cc/cr: 0.221383526 0.131642706 0.646973768
QJ:/cc/rr: 0.000000000 0.310978470 0.689021530
QJ:/crc/: 0.397150220 0.602849780 0.000000000
QJ:/crc/cr: 0.356688914 0.178890488 0.464420598
QJ:/crc/rr: 0.000000000 0.371254886 0.628745114
QJ:/crrc/: 0.396159450 0.603840550 0.000000000
QJ:/crrc/cr: 0.335569787 0.260329847 0.404100367
QJ:/crrc/rr: 0.000000000 0.439167759 0.560832241
QJ:/rc/: 0.374784824 0.625215176 0.000000000
QJ:/rc/cr: 0.434521307 0.343688219 0.221790475
QJ:/rc/rr: 0.000000000 0.388969285 0.611030715
QJ:/rrc/: 0.394939929 0.605060071 0.000000000
QJ:/rrc/cr: 0.330648182 0.258018607 0.411333211
QJ:/rrc/rr: 0.000000000 0.361117004 0.638882996
QK:/cc/: 0.666808563 0.333191437 0.000000000
QK:/cc/cr: 0.500666056 0.223275963 0.276057981
QK:/cc/rr: 0.000000000 0.862540334 0.137459666
QK:/crc/: 0.553351168 0.446648832 0.000000000
QK:/crc/cr: 0.422330401 0.365117642 0.212551957
QK:/crc/rr: 0.000000000 0.811520569 0.188479431
QK:/crrc/: 0.505691333 0.494308667 0.000000000
QK:/crrc/cr: 0.510401828 0.345103095 0.144495077
QK:/crrc/rr: 0.000000000 0.806973039 0.193026961
QK:/rc/: 0.516688632 0.483311368 0.000000000
QK:/rc/cr: 0.538389293 0.231607408 0.230003299
QK:/rc/rr: 0.000000000 0.794665668 0.205334332
QK:/rrc/: 0.562151412 0.437848588 0.000000000
QK:/rrc/cr: 0.462563608 0.344381084 0.193055308
QK:/rrc/rr: 0.000000000 0.854293074 0.145706926
QQ:/cc/: 0.873873856 0.126126144 0.000000000
QQ:/cc/cr: 0.634662971 0.202619862 0.162717167
QQ:/cc/rr: 0.000000000 0.946103795 0.053896205
QQ:/crc/: 0.756094311 0.243905689 0.000000000
QQ:/crc/cr: 0.528855368 0.326592796 0.144551836
QQ:/crc/rr: 0.000000000 0.911532547 0.088467453
QQ:/crrc/: 0.818592106 0.181407894 0.000000000
QQ:/crrc/cr: 0.618970121 0.254477208 0.126552671
QQ:/crrc/rr: 0.000000000 0.923176776 0.076823224
QQ:/rc/: 0.794369922 0.205630078 0.000000000
QQ:/rc/cr: 0.646600576 0.220731672 0.132667752
QQ:/rc/rr: 0.000000000 0.920143644 0.079856356
QQ:/rrc/: 0.821552428 0.178447572 0.000000000
QQ:/rrc/cr: 0.640839811 0.246382601 0.112777587
QQ:/rrc/rr: 0.000000000 0.936312491 0.063687509
