J:/: 0.100710011 0.899289989 0.000000000
J:/cr: 0.049140253 0.050702410 0.900157338
J:/rr: 0.000000000 0.482941423 0.517058577
JJ:/cc/: 0.736697591 0.263302409 0.000000000
JJ:/cc/cr: 0.876109379 0.079305354 0.044585267
JJ:/cc/rr: 0.000000000 0.977135287 0.022864713
JJ:/crc/: 0.886827520 0.113172480 0.000000000
JJ:/crc/cr: 0.599438850 0.233420875 0.167140275
JJ:/crc/rr: 0.000000000 0.962029342 0.037970658
JJ:/crrc/: 0.848898541 0.151101459 0.000000000
JJ:/crrc/cr: 0.731587492 0.192228933 0.076183575
JJ:/crrc/rr: 0.000000000 0.964011264 0.035988736
JJ:/rc/: 0.749923543 0.250076457 0.000000000
JJ:/rc/cr: 0.795363960 0.136358126 0.068277914
JJ:/rc/rr: 0.000000000 0.962583385 0.037416615
JJ:/rrc/: 0.833942776 0.166057224 0.000000000
JJ:/rrc/cr: 0.746745892 0.169415218 0.083838889
JJ:/rrc/rr: 0.000000000 0.964725747 0.035274253
JK:/cc/: 0.116342366 0.883657634 0.000000000
JK:/cc/cr: 0.099789049 0.091717881 0.808493070
JK:/cc/rr: 0.000000000 0.161970001 0.838029999
JK:/crc/: 0.358114178 0.641885822 0.000000000
JK:/crc/cr: 0.274778984 0.118837988 0.606383028
JK:/crc/rr: 0.000000000 0.257995957 0.742004043
JK:/crrc/: 0.351837105 0.648162895 0.000000000
JK:/crrc/cr: 0.273608412 0.107896008 0.618495580
JK:/crrc/rr: 0.000000000 0.240788862 0.759211138
JK:/rc/: 0.384856966 0.615143034 0.000000000
JK:/rc/cr: 0.192739967 0.156478988 0.650781045
JK:/rc/rr: 0.000000000 0.209817287 0.790182713
JK:/rrc/: 0.368502284 0.631497716 0.000000000
JK:/rrc/cr: 0.281383522 0.134616277 0.584000201
JK:/rrc/rr: 0.000000000 0.268240626 0.731759374
JQ:/cc/: 0.135706835 0.864293165 0.000000000
JQ:/cc/cr: 0.112030381 0.076998215 0.810971404
JQ:/cc/rr: 0.000000000 0.170886810 0.829113190
JQ:/crc/: 0.321534983 0.678465017 0.000000000
JQ:/crc/cr: 0.212180437 0.176670121 0.611149442
JQ:/crc/rr: 0.000000000 0.289496160 0.710503840
JQ:/crrc/: 0.389161421 0.610838579 0.000000000
JQ:/crrc/cr: 0.288333925 0.142873949 0.568792126
JQ:/crrc/rr: 0.000000000 0.191575491 0.808424509
JQ:/rc/: 0.261421413 0.738578587 0.000000000
JQ:/rc/cr: 0.154234994 0.137311759 0.708453248
JQ:/rc/rr: 0.000000000 0.194665127 0.805334873
JQ:/rrc/: 0.335561022 0.664438978 0.000000000
JQ:/rrc/cr: 0.238031242 0.178946906 0.583021853
JQ:/rrc/rr: 0.000000000 0.249430831 0.750569169
K:/: 0.793540163 0.206459837 0.000000000
K:/cr: 0.794549382 0.196055384 0.009395234
K:/rr: 0.000000000 0.991813291 0.008186709
KJ:/cc/: 0.504619195 0.495380805 0.000000000
KJ:/cc/cr: 0.392576804 0.416354309 0.191068888
KJ:/cc/rr: 0.000000000 0.865920297 0.134079703
KJ:/crc/: 0.582559649 0.417440351 0.000000000
KJ:/crc/cr: 0.519760002 0.310202624 0.170037374
KJ:/crc/rr: 0.000000000 0.874273819 0.125726181
KJ:/crrc/: 0.573139794 0.426860206 0.000000000
KJ:/crrc/cr: 0.571612451 0.315558554 0.112828995
KJ:/crrc/rr: 0.000000000 0.899161853 0.100838147
KJ:/rc/: 0.694254119 0.305745881 0.000000000
KJ:/rc/cr: 0.478314277 0.385749407 0.135936316
KJ:/rc/rr: 0.000000000 0.934991224 0.065008776
KJ:/rrc/: 0.740340123 0.259659877 0.000000000
KJ:/rrc/cr: 0.583001178 0.313146483 0.103852339
KJ:/rrc/rr: 0.000000000 0.957096002 0.042903998
KK:/cc/: 0.841645973 0.158354027 0.000000000
KK:/cc/cr: 0.809483407 0.105396649 0.085119944
KK:/cc/rr: 0.000000000 0.974249790 0.025750210
KK:/crc/: 0.784423222 0.215576778 0.000000000
KK:/crc/cr: 0.618517213 0.244500550 0.136982238
KK:/crc/rr: 0.000000000 0.938759207 0.061240793
KK:/crrc/: 0.835645349 0.164354651 0.000000000
KK:/crrc/cr: 0.713380646 0.210854910 0.075764444
KK:/crrc/rr: 0.000000000 0.960384814 0.039615186
KK:/rc/: 0.635480497 0.364519503 0.000000000
KK:/rc/cr: 0.827124276 0.107161857 0.065713867
KK:/rc/rr: 0.000000000 0.985368506 0.014631494
KK:/rrc/: 0.916078515 0.083921485 0.000000000
KK:/rrc/cr: 0.725022603 0.202596428 0.072380969
KK:/rrc/rr: 0.000000000 0.978442221 0.021557779
KQ:/cc/: 0.460668704 0.539331296 0.000000000
KQ:/cc/cr: 0.326667374 0.342150157 0.331182469
KQ:/cc/rr: 0.000000000 0.809592202 0.190407798
KQ:/crc/: 0.613407733 0.386592267 0.000000000
KQ:/crc/cr: 0.517577826 0.285247779 0.197174395
KQ:/crc/rr: 0.000000000 0.872248846 0.127751154
KQ:/crrc/: 0.583514342 0.416485658 0.000000000
KQ:/crrc/cr: 0.550087995 0.340584602 0.109327403
KQ:/crrc/rr: 0.000000000 0.909078574 0.090921426
KQ:/rc/: 0.434701763 0.565298237 0.000000000
KQ:/rc/cr: 0.389487784 0.491650968 0.118861248
KQ:/rc/rr: 0.000000000 0.897424851 0.102575149
KQ:/rrc/: 0.573651995 0.426348005 0.000000000
KQ:/rrc/cr: 0.585922865 0.323649638 0.090427498
KQ:/rrc/rr: 0.000000000 0.932957133 0.067042867
Q:/: 0.145398111 0.854601889 0.000000000
Q:/cr: 0.127877014 0.313937583 0.558185403
Q:/rr: 0.000000000 0.690199435 0.309800565
QJ:/cc/: 0.178572863 0.821427137 0.000000000
QJ:/cc/cr: 0.098840180 0.120294437 0.780865383
QJ:/cc/rr: 0.000000000 0.182536678 0.817463322
QJ:/crc/: 0.166012022 0.833987978 0.000000000
QJ:/crc/cr: 0.174867695 0.067488278 0.757644027
QJ:/crc/rr: 0.000000000 0.223977058 0.776022942
QJ:/crrc/: 0.283743294 0.716256706 0.000000000
QJ:/crrc/cr: 0.245987230 0.137320596 0.616692173
QJ:/crrc/rr: 0.000000000 0.224350875 0.775649125
QJ:/rc/: 0.363882481 0.636117519 0.000000000
QJ:/rc/cr: 0.285630142 0.139414687 0.574955171
QJ:/rc/rr: 0.000000000 0.261134670 0.738865330
QJ:/rrc/: 0.346515608 0.653484392 0.000000000
QJ:/rrc/cr: 0.250773543 0.098645588 0.650580869
QJ:/rrc/rr: 0.000000000 0.212731223 0.787268777
QK:/cc/: 0.685450199 0.314549801 0.000000000
QK:/cc/cr: 0.569890477 0.277445241 0.152664282
QK:/cc/rr: 0.000000000 0.926244870 0.073755130
QK:/crc/: 0.512858039 0.487141961 0.000000000
QK:/crc/cr: 0.301357611 0.488493217 0.210149172
QK:/crc/rr: 0.000000000 0.886693046 0.113306954
QK:/crrc/: 0.453565790 0.546434210 0.000000000
QK:/crrc/cr: 0.381231269 0.450413725 0.168355006
QK:/crrc/rr: 0.000000000 0.868885824 0.131114176
QK:/rc/: 0.543965536 0.456034464 0.000000000
QK:/rc/cr: 0.509824915 0.350383026 0.139792058
QK:/rc/rr: 0.000000000 0.875112828 0.124887172
QK:/rrc/: 0.412679106 0.587320894 0.000000000
QK:/rrc/cr: 0.325917981 0.360413606 0.313668413
QK:/rrc/rr: 0.000000000 0.667771516 0.332228484
QQ:/cc/: 0.786665007 0.213334993 0.000000000
QQ:/cc/cr: 0.857041204 0.098549644 0.044409152
QQ:/cc/rr: 0.000000000 0.971574016 0.028425984
QQ:/crc/: 0.722738517 0.277261483 0.000000000
QQ:/crc/cr: 0.863041525 0.091298631 0.045659844
QQ:/crc/rr: 0.000000000 0.976303913 0.023696087
QQ:/crrc/: 0.819748554 0.180251446 0.000000000
QQ:/crrc/cr: 0.839184258 0.106030925 0.054784816
QQ:/crrc/rr: 0.000000000 0.967849136 0.032150864
QQ:/rc/: 0.894859650 0.105140350 0.000000000
QQ:/rc/cr: 0.661595327 0.204303259 0.134101413
QQ:/rc/rr: 0.000000000 0.962356332 0.037643668
QQ:/rrc/: 0.889785763 0.110214237 0.000000000
QQ:/rrc/cr: 0.819157483 0.124492604 0.056349913
QQ:/rrc/rr: 0.000000000 0.973040165 0.026959835
