J:/: 0.100343116 0.899656884 0.000000000
J:/cr: 0.048877932 0.050431750 0.900690318
J:/rr: 0.000000000 0.484928309 0.515071691
JJ:/cc/: 0.737309476 0.262690524 0.000000000
JJ:/cc/cr: 0.876683888 0.078937597 0.044378515
JJ:/cc/rr: 0.000000000 0.977224887 0.022775113
JJ:/crc/: 0.887219540 0.112780460 0.000000000
JJ:/crc/cr: 0.600529273 0.232785448 0.166685279
JJ:/crc/rr: 0.000000000 0.962204790 0.037795210
JJ:/crrc/: 0.849135834 0.150864166 0.000000000
JJ:/crrc/cr: 0.732282574 0.191731136 0.075986290
JJ:/crrc/rr: 0.000000000 0.964135093 0.035864907
JJ:/rc/: 0.751479654 0.248520346 0.000000000
JJ:/rc/cr: 0.795929971 0.135980968 0.068089061
JJ:/rc/rr: 0.000000000 0.962711311 0.037288689
JJ:/rrc/: 0.834883560 0.165116440 0.000000000
JJ:/rrc/cr: 0.747718926 0.168764304 0.083516770
JJ:/rrc/rr: 0.000000000 0.964888076 0.035111924
JK:/cc/: 0.115938847 0.884061153 0.000000000
JK:/cc/cr: 0.099393425 0.091354256 0.809252319
JK:/cc/rr: 0.000000000 0.161537852 0.838462148
JK:/crc/: 0.357367712 0.642632288 0.000000000
JK:/crc/cr: 0.274062903 0.118528293 0.607408804
JK:/crc/rr: 0.000000000 0.257228179 0.742771821
JK:/crrc/: 0.351488791 0.648511209 0.000000000
JK:/crrc/cr: 0.272586461 0.107493007 0.619920533
JK:/crrc/rr: 0.000000000 0.240423169 0.759576831
JK:/rc/: 0.387248530 0.612751470 0.000000000
JK:/rc/cr: 0.192407925 0.156209414 0.651382661
JK:/rc/rr: 0.000000000 0.209343559 0.790656441
JK:/rrc/: 0.369764846 0.630235154 0.000000000
JK:/rrc/cr: 0.280529464 0.134207689 0.585262847
JK:/rrc/rr: 0.000000000 0.267677675 0.732322325
JQ:/cc/: 0.135299359 0.864700641 0.000000000
JQ:/cc/cr: 0.111507500 0.076638840 0.811853661
JQ:/cc/rr: 0.000000000 0.170292176 0.829707824
JQ:/crc/: 0.322133531 0.677866469 0.000000000
JQ:/crc/cr: 0.211778631 0.176335561 0.611885808
JQ:/crc/rr: 0.000000000 0.289335791 0.710664209
JQ:/crrc/: 0.388823831 0.611176169 0.000000000
JQ:/crrc/cr: 0.287603999 0.142512260 0.569883741
JQ:/crrc/rr: 0.000000000 0.191151388 0.808848612
JQ:/rc/: 0.260904898 0.739095102 0.000000000
JQ:/rc/cr: 0.153938307 0.137047625 0.709014068
JQ:/rc/rr: 0.000000000 0.194243199 0.805756801
JQ:/rrc/: 0.334723125 0.665276875 0.000000000
JQ:/rrc/cr: 0.237518002 0.178561063 0.583920934
JQ:/rrc/rr: 0.000000000 0.248931996 0.751068004
K:/: 0.794069927 0.205930073 0.000000000
K:/cr: 0.795572001 0.195083051 0.009344948
K:/rr: 0.000000000 0.991847660 0.008152340
KJ:/cc/: 0.503736704 0.496263296 0.000000000
KJ:/cc/cr: 0.393020409 0.416352810 0.190626781
KJ:/cc/rr: 0.000000000 0.866260643 0.133739357
KJ:/crc/: 0.582321349 0.417678651 0.000000000
KJ:/crc/cr: 0.520421046 0.309863548 0.169715405
KJ:/crc/rr: 0.000000000 0.874435103 0.125564897
KJ:/crrc/: 0.573490972 0.426509028 0.000000000
KJ:/crrc/cr: 0.571036478 0.316394912 0.112568610
KJ:/crrc/rr: 0.000000000 0.899483176 0.100516824
KJ:/rc/: 0.694402197 0.305597803 0.000000000
KJ:/rc/cr: 0.477969358 0.386310657 0.135719985
KJ:/rc/rr: 0.000000000 0.935142210 0.064857790
KJ:/rrc/: 0.740623775 0.259376225 0.000000000
KJ:/rrc/cr: 0.583189461 0.313134231 0.103676308
KJ:/rrc/rr: 0.000000000 0.957210901 0.042789099
KK:/cc/: 0.839569919 0.160430081 0.000000000
KK:/cc/cr: 0.810462022 0.104855264 0.084682714
KK:/cc/rr: 0.000000000 0.974404235 0.025595765
KK:/crc/: 0.782845109 0.217154891 0.000000000
KK:/crc/cr: 0.618952888 0.244223978 0.136823134
KK:/crc/rr: 0.000000000 0.939013142 0.060986858
KK:/crrc/: 0.836707475 0.163292525 0.000000000
KK:/crrc/cr: 0.714349546 0.210142128 0.075508327
KK:/crrc/rr: 0.000000000 0.960622171 0.039377829
KK:/rc/: 0.628399890 0.371600110 0.000000000
KK:/rc/cr: 0.830137685 0.105293911 0.064568404
KK:/rc/rr: 0.000000000 0.985415979 0.014584021
KK:/rrc/: 0.916204850 0.083795150 0.000000000
KK:/rrc/cr: 0.725612237 0.202162001 0.072225763
KK:/rrc/rr: 0.000000000 0.978491447 0.021508553
KQ:/cc/: 0.459169468 0.540830532 0.000000000
KQ:/cc/cr: 0.325240905 0.342070881 0.332688215
KQ:/cc/rr: 0.000000000 0.808714279 0.191285721
KQ:/crc/: 0.613916706 0.386083294 0.000000000
KQ:/crc/cr: 0.517553761 0.285677341 0.196768899
KQ:/crc/rr: 0.000000000 0.872501690 0.127498310
KQ:/crrc/: 0.584799335 0.415200665 0.000000000
KQ:/crrc/cr: 0.550821847 0.340143068 0.109035086
KQ:/crrc/rr: 0.000000000 0.909470161 0.090529839
KQ:/rc/: 0.434411972 0.565588028 0.000000000
KQ:/rc/cr: 0.388703294 0.492750793 0.118545913
KQ:/rc/rr: 0.000000000 0.897790559 0.102209441
KQ:/rrc/: 0.573557550 0.426442450 0.000000000
KQ:/rrc/cr: 0.586606079 0.323175773 0.090218148
KQ:/rrc/rr: 0.000000000 0.933176172 0.066823828
Q:/: 0.144992391 0.855007609 0.000000000
Q:/cr: 0.128521104 0.312704072 0.558774824
Q:/rr: 0.000000000 0.690067735 0.309932265
QJ:/cc/: 0.178218636 0.821781364 0.000000000
QJ:/cc/cr: 0.098515010 0.119898686 0.781586304
QJ:/cc/rr: 0.000000000 0.182146147 0.817853853
QJ:/crc/: 0.165423378 0.834576622 0.000000000
QJ:/crc/cr: 0.174109679 0.067195730 0.758694591
QJ:/crc/rr: 0.000000000 0.223365719 0.776634281
QJ:/crrc/: 0.282919773 0.717080227 0.000000000
QJ:/crrc/cr: 0.245197322 0.136879636 0.617923041
QJ:/crrc/rr: 0.000000000 0.223641568 0.776358432
QJ:/rc/: 0.363730921 0.636269079 0.000000000
QJ:/rc/cr: 0.285040725 0.139126996 0.575832279
QJ:/rc/rr: 0.000000000 0.260661064 0.739338936
QJ:/rrc/: 0.345835595 0.654164405 0.000000000
QJ:/rrc/cr: 0.250142808 0.098397479 0.651459713
QJ:/rrc/rr: 0.000000000 0.212310308 0.787689692
QK:/cc/: 0.685715085 0.314284915 0.000000000
QK:/cc/cr: 0.570400291 0.277180264 0.152419444
QK:/cc/rr: 0.000000000 0.926455416 0.073544584
QK:/crc/: 0.512053200 0.487946800 0.000000000
QK:/crc/cr: 0.300658089 0.488398464 0.210943447
QK:/crc/rr: 0.000000000 0.887126208 0.112873792
QK:/crrc/: 0.453503690 0.546496310 0.000000000
QK:/crrc/cr: 0.381948420 0.450372725 0.167678855
QK:/crrc/rr: 0.000000000 0.869403066 0.130596934
QK:/rc/: 0.544917306 0.455082694 0.000000000
QK:/rc/cr: 0.509433439 0.351056307 0.139510254
QK:/rc/rr: 0.000000000 0.875378982 0.124621018
QK:/rrc/: 0.412234529 0.587765471 0.000000000
QK:/rrc/cr: 0.325422133 0.359939764 0.314638103
QK:/rrc/rr: 0.000000000 0.667199782 0.332800218
QQ:/cc/: 0.786126230 0.213873770 0.000000000
QQ:/cc/cr: 0.857737603 0.098069576 0.044192821
QQ:/cc/rr: 0.000000000 0.971661261 0.028338739
QQ:/crc/: 0.724813312 0.275186688 0.000000000
QQ:/crc/cr: 0.863811623 0.090785271 0.045403105
QQ:/crc/rr: 0.000000000 0.976410894 0.023589106
QQ:/crrc/: 0.820821224 0.179178776 0.000000000
QQ:/crrc/cr: 0.839975762 0.105509062 0.054515176
QQ:/crrc/rr: 0.000000000 0.968031447 0.031968553
QQ:/rc/: 0.895446697 0.104553303 0.000000000
QQ:/rc/cr: 0.662387703 0.203838749 0.133773548
QQ:/rc/rr: 0.000000000 0.962523802 0.037476198
QQ:/rrc/: 0.890399148 0.109600852 0.000000000
QQ:/rrc/cr: 0.819419265 0.124312392 0.056268343
QQ:/rrc/rr: 0.000000000 0.973157717 0.026842283
