J:/: 0.097992769 0.902007231 0.000000000
J:/cr: 0.047716671 0.051110355 0.901172974
J:/rr: 0.000000000 0.493663712 0.506336288
JJ:/cc/: 0.718627966 0.281372034 0.000000000
JJ:/cc/cr: 0.879774228 0.076959396 0.043266376
JJ:/cc/rr: 0.000000000 0.977634862 0.022365138
JJ:/crc/: 0.889550492 0.110449508 0.000000000
JJ:/crc/cr: 0.605675871 0.229786347 0.164537783
JJ:/crc/rr: 0.000000000 0.963134491 0.036865509
JJ:/crrc/: 0.849550228 0.150449772 0.000000000
JJ:/crrc/cr: 0.735917248 0.189128092 0.074954659
JJ:/crrc/rr: 0.000000000 0.964803885 0.035196115
JJ:/rc/: 0.756397906 0.243602094 0.000000000
JJ:/rc/cr: 0.797710872 0.134794274 0.067494854
JJ:/rc/rr: 0.000000000 0.963307097 0.036692903
JJ:/rrc/: 0.829834141 0.170165859 0.000000000
JJ:/rrc/cr: 0.752091534 0.165839233 0.082069233
JJ:/rrc/rr: 0.000000000 0.965631248 0.034368752
JK:/cc/: 0.113958115 0.886041885 0.000000000
JK:/cc/cr: 0.097528941 0.089640576 0.812830483
JK:/cc/rr: 0.000000000 0.159305446 0.840694554
JK:/crc/: 0.355677225 0.644322775 0.000000000
JK:/crc/cr: 0.269779842 0.116675931 0.613544228
JK:/crc/rr: 0.000000000 0.254585760 0.745414240
JK:/crrc/: 0.350283779 0.649716221 0.000000000
JK:/crrc/cr: 0.269195155 0.106156069 0.624648776
JK:/crrc/rr: 0.000000000 0.239109864 0.760890136
JK:/rc/: 0.392214505 0.607785495 0.000000000
JK:/rc/cr: 0.190943706 0.155020665 0.654035630
JK:/rc/rr: 0.000000000 0.207800205 0.792199795
JK:/rrc/: 0.367791564 0.632208436 0.000000000
JK:/rrc/cr: 0.277162471 0.132762138 0.590075391
JK:/rrc/rr: 0.000000000 0.265032267 0.734967733
JQ:/cc/: 0.133533366 0.866466634 0.000000000
JQ:/cc/cr: 0.109073932 0.074966255 0.815959813
JQ:/cc/rr: 0.000000000 0.167358518 0.832641482
JQ:/crc/: 0.328759321 0.671240679 0.000000000
JQ:/crc/cr: 0.209556021 0.174484925 0.615959054
JQ:/crc/rr: 0.000000000 0.287963377 0.712036623
JQ:/crrc/: 0.385577179 0.614422821 0.000000000
JQ:/crrc/cr: 0.284626518 0.141036872 0.574336610
JQ:/crrc/rr: 0.000000000 0.189440564 0.810559436
JQ:/rc/: 0.259148137 0.740851863 0.000000000
JQ:/rc/cr: 0.152433338 0.135707787 0.711858874
JQ:/rc/rr: 0.000000000 0.193077229 0.806922771
JQ:/rrc/: 0.330436542 0.669563458 0.000000000
JQ:/rrc/cr: 0.234626340 0.176387171 0.588986489
JQ:/rrc/rr: 0.000000000 0.246510289 0.753489711
K:/: 0.782135292 0.217864708 0.000000000
K:/cr: 0.800498951 0.190399934 0.009101115
K:/rr: 0.000000000 0.992009380 0.007990620
KJ:/cc/: 0.501444959 0.498555041 0.000000000
KJ:/cc/cr: 0.391589576 0.419738568 0.188671857
KJ:/cc/rr: 0.000000000 0.867331266 0.132668734
KJ:/crc/: 0.581861457 0.418138543 0.000000000
KJ:/crc/cr: 0.520239582 0.311359230 0.168401188
KJ:/crc/rr: 0.000000000 0.875388929 0.124611071
KJ:/crrc/: 0.574457994 0.425542006 0.000000000
KJ:/crrc/cr: 0.571534164 0.317170845 0.111294991
KJ:/crrc/rr: 0.000000000 0.900817647 0.099182353
KJ:/rc/: 0.694483845 0.305516155 0.000000000
KJ:/rc/cr: 0.477632889 0.387581346 0.134785765
KJ:/rc/rr: 0.000000000 0.935881754 0.064118246
KJ:/rrc/: 0.742013784 0.257986216 0.000000000
KJ:/rrc/cr: 0.584408281 0.312820162 0.102771557
KJ:/rrc/rr: 0.000000000 0.957738739 0.042261261
KK:/cc/: 0.836946805 0.163053195 0.000000000
KK:/cc/cr: 0.815530634 0.102051231 0.082418134
KK:/cc/rr: 0.000000000 0.975122396 0.024877604
KK:/crc/: 0.785698451 0.214301549 0.000000000
KK:/crc/cr: 0.621996307 0.242450763 0.135552931
KK:/crc/rr: 0.000000000 0.940193849 0.059806151
KK:/crrc/: 0.841104613 0.158895387 0.000000000
KK:/crrc/cr: 0.718813312 0.206858305 0.074328383
KK:/crrc/rr: 0.000000000 0.961955292 0.038044708
KK:/rc/: 0.608235880 0.391764120 0.000000000
KK:/rc/cr: 0.843244317 0.097169398 0.059586285
KK:/rc/rr: 0.000000000 0.985664264 0.014335736
KK:/rrc/: 0.916871091 0.083128909 0.000000000
KK:/rrc/cr: 0.727782328 0.200563132 0.071654540
KK:/rrc/rr: 0.000000000 0.978729759 0.021270241
KQ:/cc/: 0.451120860 0.548879140 0.000000000
KQ:/cc/cr: 0.318894926 0.340529314 0.340575759
KQ:/cc/rr: 0.000000000 0.803122123 0.196877877
KQ:/crc/: 0.614995815 0.385004185 0.000000000
KQ:/crc/cr: 0.519265086 0.285642141 0.195092773
KQ:/crc/rr: 0.000000000 0.873618819 0.126381181
KQ:/crrc/: 0.589896491 0.410103509 0.000000000
KQ:/crrc/cr: 0.551906088 0.340626308 0.107467604
KQ:/crrc/rr: 0.000000000 0.911367280 0.088632720
KQ:/rc/: 0.433577953 0.566422047 0.000000000
KQ:/rc/cr: 0.382477781 0.500969615 0.116552604
KQ:/rc/rr: 0.000000000 0.899789138 0.100210862
KQ:/rrc/: 0.575195365 0.424804635 0.000000000
KQ:/rrc/cr: 0.587628528 0.323185564 0.089185908
KQ:/rrc/rr: 0.000000000 0.934188969 0.065811031
Q:/: 0.143781243 0.856218757 0.000000000
Q:/cr: 0.128613667 0.308371276 0.563015057
Q:/rr: 0.000000000 0.686515253 0.313484747
QJ:/cc/: 0.176402655 0.823597345 0.000000000
QJ:/cc/cr: 0.097046422 0.118111326 0.784842252
QJ:/cc/rr: 0.000000000 0.179880453 0.820119547
QJ:/crc/: 0.162538136 0.837461864 0.000000000
QJ:/crc/cr: 0.170731490 0.065891955 0.763376555
QJ:/crc/rr: 0.000000000 0.220318697 0.779681303
QJ:/crrc/: 0.279232925 0.720767075 0.000000000
QJ:/crrc/cr: 0.241117510 0.134602110 0.624280380
QJ:/crrc/rr: 0.000000000 0.220699651 0.779300349
QJ:/rc/: 0.362317548 0.637682452 0.000000000
QJ:/rc/cr: 0.281949176 0.137618026 0.580432798
QJ:/rc/rr: 0.000000000 0.257930870 0.742069130
QJ:/rrc/: 0.341544527 0.658455473 0.000000000
QJ:/rrc/cr: 0.247280256 0.097271451 0.655448293
QJ:/rrc/rr: 0.000000000 0.210153878 0.789846122
QK:/cc/: 0.686410461 0.313589539 0.000000000
QK:/cc/cr: 0.573369417 0.275502944 0.151127638
QK:/cc/rr: 0.000000000 0.927451292 0.072548708
QK:/crc/: 0.510290487 0.489709513 0.000000000
QK:/crc/cr: 0.295872344 0.492602349 0.211525308
QK:/crc/rr: 0.000000000 0.888865133 0.111134867
QK:/crrc/: 0.454080880 0.545919120 0.000000000
QK:/crrc/cr: 0.379109486 0.453323164 0.167567349
QK:/crrc/rr: 0.000000000 0.869939426 0.130060574
QK:/rc/: 0.548246179 0.451753821 0.000000000
QK:/rc/cr: 0.511600627 0.350251395 0.138147978
QK:/rc/rr: 0.000000000 0.876663942 0.123336058
QK:/rrc/: 0.411389783 0.588610217 0.000000000
QK:/rrc/cr: 0.319395197 0.354844202 0.325760602
QK:/rrc/rr: 0.000000000 0.658208025 0.341791975
QQ:/cc/: 0.776140432 0.223859568 0.000000000
QQ:/cc/cr: 0.860855074 0.095920526 0.043224400
QQ:/cc/rr: 0.000000000 0.972070607 0.027929393
QQ:/crc/: 0.728337670 0.271662330 0.000000000
QQ:/crc/cr: 0.867946233 0.088029077 0.044024690
QQ:/crc/rr: 0.000000000 0.976895915 0.023104085
QQ:/crrc/: 0.824174797 0.175825203 0.000000000
QQ:/crrc/cr: 0.842630130 0.103758952 0.053610917
QQ:/crrc/rr: 0.000000000 0.968889402 0.031110598
QQ:/rc/: 0.896934379 0.103065621 0.000000000
QQ:/rc/cr: 0.664988073 0.202299273 0.132712654
QQ:/rc/rr: 0.000000000 0.963194013 0.036805987
QQ:/rrc/: 0.892866999 0.107133001 0.000000000
QQ:/rrc/cr: 0.821464014 0.122904780 0.055631206
QQ:/rrc/rr: 0.000000000 0.973678388 0.026321612
