J:/: 0.097606349 0.902393651 0.000000000
J:/cr: 0.047314177 0.055393821 0.897292002
J:/rr: 0.000000000 0.495244570 0.504755430
JJ:/cc/: 0.714865869 0.285134131 0.000000000
JJ:/cc/cr: 0.880401773 0.076557689 0.043040537
JJ:/cc/rr: 0.000000000 0.977717216 0.022282784
JJ:/crc/: 0.890263059 0.109736941 0.000000000
JJ:/crc/cr: 0.606612431 0.229241809 0.164145760
JJ:/crc/rr: 0.000000000 0.963334956 0.036665044
JJ:/crrc/: 0.849941990 0.150058010 0.000000000
JJ:/crrc/cr: 0.736645035 0.188606873 0.074748092
JJ:/crrc/rr: 0.000000000 0.964933917 0.035066083
JJ:/rc/: 0.757339785 0.242660215 0.000000000
JJ:/rc/cr: 0.798085509 0.134544637 0.067369855
JJ:/rc/rr: 0.000000000 0.963430215 0.036569785
JJ:/rrc/: 0.830209204 0.169790796 0.000000000
JJ:/rrc/cr: 0.753088703 0.165172173 0.081739124
JJ:/rrc/rr: 0.000000000 0.965743554 0.034256446
JK:/cc/: 0.113607889 0.886392111 0.000000000
JK:/cc/cr: 0.097179626 0.089319514 0.813500859
JK:/cc/rr: 0.000000000 0.158916623 0.841083377
JK:/crc/: 0.355842917 0.644157083 0.000000000
JK:/crc/cr: 0.269083970 0.116374976 0.614541054
JK:/crc/rr: 0.000000000 0.254063964 0.745936036
JK:/crrc/: 0.349362145 0.650637855 0.000000000
JK:/crrc/cr: 0.268681755 0.105954455 0.625363790
JK:/crrc/rr: 0.000000000 0.238402583 0.761597417
JK:/rc/: 0.392674831 0.607325169 0.000000000
JK:/rc/cr: 0.190695836 0.154819428 0.654484736
JK:/rc/rr: 0.000000000 0.207538310 0.792461690
JK:/rrc/: 0.367952542 0.632047458 0.000000000
JK:/rrc/cr: 0.276578547 0.132482435 0.590939018
JK:/rrc/rr: 0.000000000 0.264454979 0.735545021
JQ:/cc/: 0.133190619 0.866809381 0.000000000
JQ:/cc/cr: 0.108603906 0.074643207 0.816752888
JQ:/cc/rr: 0.000000000 0.166839753 0.833160247
JQ:/crc/: 0.330516286 0.669483714 0.000000000
JQ:/crc/cr: 0.209178439 0.174170535 0.616651026
JQ:/crc/rr: 0.000000000 0.287554057 0.712445943
JQ:/crrc/: 0.385343351 0.614656649 0.000000000
JQ:/crrc/cr: 0.283903117 0.140678415 0.575418468
JQ:/crrc/rr: 0.000000000 0.189081327 0.810918673
JQ:/rc/: 0.258912714 0.741087286 0.000000000
JQ:/rc/cr: 0.152122306 0.135430883 0.712446812
JQ:/rc/rr: 0.000000000 0.192913827 0.807086173
JQ:/rrc/: 0.329614421 0.670385579 0.000000000
JQ:/rrc/cr: 0.234163996 0.176039591 0.589796412
JQ:/rrc/rr: 0.000000000 0.245996980 0.754003020
K:/: 0.779955269 0.220044731 0.000000000
K:/cr: 0.801717063 0.189237401 0.009045536
K:/rr: 0.000000000 0.992041364 0.007958636
KJ:/cc/: 0.500502764 0.499497236 0.000000000
KJ:/cc/cr: 0.390231083 0.421710200 0.188058717
KJ:/cc/rr: 0.000000000 0.867447932 0.132552068
KJ:/crc/: 0.581324441 0.418675559 0.000000000
KJ:/crc/cr: 0.520885298 0.310957021 0.168157682
KJ:/crc/rr: 0.000000000 0.875640231 0.124359769
KJ:/crrc/: 0.574230272 0.425769728 0.000000000
KJ:/crrc/cr: 0.572586390 0.316398202 0.111015408
KJ:/crrc/rr: 0.000000000 0.901102637 0.098897363
KJ:/rc/: 0.694341208 0.305658792 0.000000000
KJ:/rc/cr: 0.477172087 0.388259627 0.134568286
KJ:/rc/rr: 0.000000000 0.936011291 0.063988709
KJ:/rrc/: 0.742436348 0.257563652 0.000000000
KJ:/rrc/cr: 0.584923362 0.312467807 0.102608831
KJ:/rrc/rr: 0.000000000 0.957836629 0.042163371
KK:/cc/: 0.836394454 0.163605546 0.000000000
KK:/cc/cr: 0.816606332 0.101456140 0.081937529
KK:/cc/rr: 0.000000000 0.975266483 0.024733517
KK:/crc/: 0.786731313 0.213268687 0.000000000
KK:/crc/cr: 0.622408762 0.242249470 0.135341768
KK:/crc/rr: 0.000000000 0.940398324 0.059601676
KK:/crrc/: 0.842656268 0.157343732 0.000000000
KK:/crrc/cr: 0.719428826 0.206405495 0.074165679
KK:/crrc/rr: 0.000000000 0.962207978 0.037792022
KK:/rc/: 0.609704778 0.390295222 0.000000000
KK:/rc/cr: 0.845327599 0.095878018 0.058794384
KK:/rc/rr: 0.000000000 0.985708698 0.014291302
KK:/rrc/: 0.917008205 0.082991795 0.000000000
KK:/rrc/cr: 0.728257142 0.200213301 0.071529557
KK:/rrc/rr: 0.000000000 0.978785558 0.021214442
KQ:/cc/: 0.448980508 0.551019492 0.000000000
KQ:/cc/cr: 0.318085157 0.340103199 0.341811644
KQ:/cc/rr: 0.000000000 0.802848752 0.197151248
KQ:/crc/: 0.615862691 0.384137309 0.000000000
KQ:/crc/cr: 0.518345022 0.286988289 0.194666689
KQ:/crc/rr: 0.000000000 0.873911330 0.126088670
KQ:/crrc/: 0.589821493 0.410178507 0.000000000
KQ:/crrc/cr: 0.552307007 0.340582420 0.107110573
KQ:/crrc/rr: 0.000000000 0.911758578 0.088241422
KQ:/rc/: 0.434545622 0.565454378 0.000000000
KQ:/rc/cr: 0.381164799 0.502718247 0.116116954
KQ:/rc/rr: 0.000000000 0.900183206 0.099816794
KQ:/rrc/: 0.575444120 0.424555880 0.000000000
KQ:/rrc/cr: 0.587507023 0.323518697 0.088974281
KQ:/rrc/rr: 0.000000000 0.934377825 0.065622175
Q:/: 0.143184976 0.856815024 0.000000000
Q:/cr: 0.128073740 0.307305882 0.564620378
Q:/rr: 0.000000000 0.685500222 0.314499778
QJ:/cc/: 0.176076827 0.823923173 0.000000000
QJ:/cc/cr: 0.096777535 0.117784074 0.785438391
QJ:/cc/rr: 0.000000000 0.179252069 0.820747931
QJ:/crc/: 0.162019524 0.837980476 0.000000000
QJ:/crc/cr: 0.170095414 0.065646468 0.764258118
QJ:/crc/rr: 0.000000000 0.219728093 0.780271907
QJ:/crrc/: 0.278640927 0.721359073 0.000000000
QJ:/crrc/cr: 0.240313049 0.134153026 0.625533926
QJ:/crrc/rr: 0.000000000 0.220275552 0.779724448
QJ:/rc/: 0.362086085 0.637913915 0.000000000
QJ:/rc/cr: 0.281403216 0.137351545 0.581245239
QJ:/rc/rr: 0.000000000 0.257424025 0.742575975
QJ:/rrc/: 0.340844704 0.659155296 0.000000000
QJ:/rrc/cr: 0.246727592 0.097054052 0.656218357
QJ:/rrc/rr: 0.000000000 0.209792480 0.790207520
QK:/cc/: 0.686691209 0.313308791 0.000000000
QK:/cc/cr: 0.573954204 0.275151830 0.150893965
QK:/cc/rr: 0.000000000 0.927651002 0.072348998
QK:/crc/: 0.509362095 0.490637905 0.000000000
QK:/crc/cr: 0.295351199 0.493389049 0.211259752
QK:/crc/rr: 0.000000000 0.889295321 0.110704679
QK:/crrc/: 0.455799431 0.544200569 0.000000000
QK:/crrc/cr: 0.378087049 0.454873779 0.167039172
QK:/crrc/rr: 0.000000000 0.870485561 0.129514439
QK:/rc/: 0.549343150 0.450656850 0.000000000
QK:/rc/cr: 0.510863828 0.351266606 0.137869566
QK:/rc/rr: 0.000000000 0.877077649 0.122922351
QK:/rrc/: 0.410524850 0.589475150 0.000000000
QK:/rrc/cr: 0.318485185 0.354006795 0.327508020
QK:/rrc/rr: 0.000000000 0.655964454 0.344035546
QQ:/cc/: 0.774545555 0.225454445 0.000000000
QQ:/cc/cr: 0.861422487 0.095529376 0.043048137
QQ:/cc/rr: 0.000000000 0.972143625 0.027856375
QQ:/crc/: 0.729790535 0.270209465 0.000000000
QQ:/crc/cr: 0.868662738 0.087551443 0.043785818
QQ:/crc/rr: 0.000000000 0.976987822 0.023012178
QQ:/crrc/: 0.824489010 0.175510990 0.000000000
QQ:/crrc/cr: 0.843215589 0.103372941 0.053411470
QQ:/crrc/rr: 0.000000000 0.969038466 0.030961534
QQ:/rc/: 0.897277026 0.102722974 0.000000000
QQ:/rc/cr: 0.665730983 0.201850662 0.132418355
QQ:/rc/rr: 0.000000000 0.963328867 0.036671133
QQ:/rrc/: 0.893312291 0.106687709 0.000000000
QQ:/rrc/cr: 0.821600716 0.122810674 0.055588610
QQ:/rrc/rr: 0.000000000 0.973775559 0.026224441
