J:/: 0.097219430 0.902780570 0.000000000
J:/cr: 0.047064664 0.055949605 0.896985731
J:/rr: 0.000000000 0.495195770 0.504804230
JJ:/cc/: 0.714530565 0.285469435 0.000000000
JJ:/cc/cr: 0.880911407 0.076231461 0.042857132
JJ:/cc/rr: 0.000000000 0.977788722 0.022211278
JJ:/crc/: 0.890635202 0.109364798 0.000000000
JJ:/crc/cr: 0.607666477 0.228627577 0.163705946
JJ:/crc/rr: 0.000000000 0.963486795 0.036513205
JJ:/crrc/: 0.847530341 0.152469659 0.000000000
JJ:/crrc/cr: 0.737471818 0.188014757 0.074513426
JJ:/crrc/rr: 0.000000000 0.965057261 0.034942739
JJ:/rc/: 0.758091195 0.241908805 0.000000000
JJ:/rc/cr: 0.798609667 0.134195366 0.067194966
JJ:/rc/rr: 0.000000000 0.963535112 0.036464888
JJ:/rrc/: 0.829695753 0.170304247 0.000000000
JJ:/rrc/cr: 0.754290979 0.164367907 0.081341115
JJ:/rrc/rr: 0.000000000 0.965906851 0.034093149
JK:/cc/: 0.113238294 0.886761706 0.000000000
JK:/cc/cr: 0.096838118 0.089005628 0.814156255
JK:/cc/rr: 0.000000000 0.158556270 0.841443730
JK:/crc/: 0.355221426 0.644778574 0.000000000
JK:/crc/cr: 0.268261267 0.116019168 0.615719565
JK:/crc/rr: 0.000000000 0.253510039 0.746489961
JK:/crrc/: 0.348674650 0.651325350 0.000000000
JK:/crrc/cr: 0.268097280 0.105721198 0.626181522
JK:/crrc/rr: 0.000000000 0.237940284 0.762059716
JK:/rc/: 0.393801898 0.606198102 0.000000000
JK:/rc/cr: 0.190512868 0.154670882 0.654816250
JK:/rc/rr: 0.000000000 0.207137216 0.792862784
JK:/rrc/: 0.367336637 0.632663363 0.000000000
JK:/rrc/cr: 0.275811335 0.132114937 0.592073728
JK:/rrc/rr: 0.000000000 0.263692721 0.736307279
JQ:/cc/: 0.132852221 0.867147779 0.000000000
JQ:/cc/cr: 0.108155251 0.074334847 0.817509902
JQ:/cc/rr: 0.000000000 0.166314188 0.833685812
JQ:/crc/: 0.333062603 0.666937397 0.000000000
JQ:/crc/cr: 0.208761727 0.173823563 0.617414710
JQ:/crc/rr: 0.000000000 0.287186181 0.712813819
JQ:/crrc/: 0.385182788 0.614817212 0.000000000
JQ:/crrc/cr: 0.283258945 0.140359218 0.576381837
JQ:/crrc/rr: 0.000000000 0.188737950 0.811262050
JQ:/rc/: 0.258647881 0.741352119 0.000000000
JQ:/rc/cr: 0.151788004 0.135133262 0.713078734
JQ:/rc/rr: 0.000000000 0.192711148 0.807288852
JQ:/rrc/: 0.328594675 0.671405325 0.000000000
JQ:/rrc/cr: 0.233554044 0.175581042 0.590864914
JQ:/rrc/rr: 0.000000000 0.245431789 0.754568211
K:/: 0.777267706 0.222732294 0.000000000
K:/cr: 0.802812468 0.188191967 0.008995565
K:/rr: 0.000000000 0.992071874 0.007928126
KJ:/cc/: 0.500128445 0.499871555 0.000000000
KJ:/cc/cr: 0.390007144 0.422159744 0.187833112
KJ:/cc/rr: 0.000000000 0.867633439 0.132366561
KJ:/crc/: 0.580790377 0.419209623 0.000000000
KJ:/crc/cr: 0.521493962 0.310594889 0.167911149
KJ:/crc/rr: 0.000000000 0.875840482 0.124159518
KJ:/crrc/: 0.574182839 0.425817161 0.000000000
KJ:/crrc/cr: 0.572474442 0.316778860 0.110746697
KJ:/crrc/rr: 0.000000000 0.901424266 0.098575734
KJ:/rc/: 0.694758133 0.305241867 0.000000000
KJ:/rc/cr: 0.477081765 0.388485400 0.134432835
KJ:/rc/rr: 0.000000000 0.936145971 0.063854029
KJ:/rrc/: 0.742776842 0.257223158 0.000000000
KJ:/rrc/cr: 0.585336757 0.312210796 0.102452446
KJ:/rrc/rr: 0.000000000 0.957934666 0.042065334
KK:/cc/: 0.836186382 0.163813618 0.000000000
KK:/cc/cr: 0.817678226 0.100863151 0.081458622
KK:/cc/rr: 0.000000000 0.975409787 0.024590213
KK:/crc/: 0.786002025 0.213997975 0.000000000
KK:/crc/cr: 0.622953360 0.241908696 0.135137944
KK:/crc/rr: 0.000000000 0.940579510 0.059420490
KK:/crrc/: 0.843977616 0.156022384 0.000000000
KK:/crrc/cr: 0.720441951 0.205660178 0.073897871
KK:/crrc/rr: 0.000000000 0.962452509 0.037547491
KK:/rc/: 0.612728832 0.387271168 0.000000000
KK:/rc/cr: 0.847338586 0.094631451 0.058029963
KK:/rc/rr: 0.000000000 0.985757887 0.014242113
KK:/rrc/: 0.917121481 0.082878519 0.000000000
KK:/rrc/cr: 0.728632556 0.199936705 0.071430739
KK:/rrc/rr: 0.000000000 0.978833601 0.021166399
KQ:/cc/: 0.447440566 0.552559434 0.000000000
KQ:/cc/cr: 0.316949511 0.339035885 0.344014604
KQ:/cc/rr: 0.000000000 0.799906442 0.200093558
KQ:/crc/: 0.615297213 0.384702787 0.000000000
KQ:/crc/cr: 0.518046956 0.287730142 0.194222901
KQ:/crc/rr: 0.000000000 0.874162097 0.125837903
KQ:/crrc/: 0.589294338 0.410705662 0.000000000
KQ:/crrc/cr: 0.552468294 0.340768635 0.106763072
KQ:/crrc/rr: 0.000000000 0.912061333 0.087938667
KQ:/rc/: 0.434024248 0.565975752 0.000000000
KQ:/rc/cr: 0.379400901 0.505019494 0.115579605
KQ:/rc/rr: 0.000000000 0.900535866 0.099464134
KQ:/rrc/: 0.575322803 0.424677197 0.000000000
KQ:/rrc/cr: 0.587996326 0.323221257 0.088782417
KQ:/rrc/rr: 0.000000000 0.934568001 0.065431999
Q:/: 0.142964262 0.857035738 0.000000000
Q:/cr: 0.127479451 0.307545753 0.564974795
Q:/rr: 0.000000000 0.686012690 0.313987310
QJ:/cc/: 0.175738097 0.824261903 0.000000000
QJ:/cc/cr: 0.096508688 0.117456870 0.786034442
QJ:/cc/rr: 0.000000000 0.178784301 0.821215699
QJ:/crc/: 0.161458918 0.838541082 0.000000000
QJ:/crc/cr: 0.169441240 0.065393997 0.765164763
QJ:/crc/rr: 0.000000000 0.219146910 0.780853090
QJ:/crrc/: 0.277922437 0.722077563 0.000000000
QJ:/crrc/cr: 0.239487626 0.133692239 0.626820135
QJ:/crrc/rr: 0.000000000 0.219733494 0.780266506
QJ:/rc/: 0.361974106 0.638025894 0.000000000
QJ:/rc/cr: 0.280817241 0.137065534 0.582117226
QJ:/rc/rr: 0.000000000 0.256880899 0.743119101
QJ:/rrc/: 0.339956874 0.660043126 0.000000000
QJ:/rrc/cr: 0.246140817 0.096823235 0.657035948
QJ:/rrc/rr: 0.000000000 0.209422426 0.790577574
QK:/cc/: 0.687068447 0.312931553 0.000000000
QK:/cc/cr: 0.574417632 0.274921533 0.150660836
QK:/cc/rr: 0.000000000 0.927843516 0.072156484
QK:/crc/: 0.507680982 0.492319018 0.000000000
QK:/crc/cr: 0.296156076 0.493205203 0.210638720
QK:/crc/rr: 0.000000000 0.889572177 0.110427823
QK:/crrc/: 0.455309510 0.544690490 0.000000000
QK:/crrc/cr: 0.378558251 0.454731106 0.166710643
QK:/crrc/rr: 0.000000000 0.870884694 0.129115306
QK:/rc/: 0.550332257 0.449667743 0.000000000
QK:/rc/cr: 0.510532122 0.351845187 0.137622691
QK:/rc/rr: 0.000000000 0.877386457 0.122613543
QK:/rrc/: 0.409714377 0.590285623 0.000000000
QK:/rrc/cr: 0.317182090 0.353930293 0.328887617
QK:/rrc/rr: 0.000000000 0.653992540 0.346007460
QQ:/cc/: 0.773144910 0.226855090 0.000000000
QQ:/cc/cr: 0.862037541 0.095105384 0.042857075
QQ:/cc/rr: 0.000000000 0.972226147 0.027773853
QQ:/crc/: 0.728989734 0.271010266 0.000000000
QQ:/crc/cr: 0.869535037 0.086969956 0.043495008
QQ:/crc/rr: 0.000000000 0.977084402 0.022915598
QQ:/crrc/: 0.825588449 0.174411551 0.000000000
QQ:/crrc/cr: 0.843522554 0.103170550 0.053306897
QQ:/crrc/rr: 0.000000000 0.969194397 0.030805603
QQ:/rc/: 0.897648351 0.102351649 0.000000000
QQ:/rc/cr: 0.666050986 0.201657426 0.132291588
QQ:/rc/rr: 0.000000000 0.963456870 0.036543130
QQ:/rrc/: 0.893853489 0.106146511 0.000000000
QQ:/rrc/cr: 0.822020278 0.122521846 0.055457876
QQ:/rrc/rr: 0.000000000 0.973874695 0.026125305
